# This file contains a 2D laser scan observation. 
# Its format is: 
# [aperture] [max_range] [number_of_scans] 
# [vector_of_scans] 
# [vector_of_valid_scans] 
# The aperture of the sensor is in radians, the maximum range 
# and measurements are in meters. '1' means a valid scan, '0' otherwise.
4.1847
5.6
682
0.473 0.473 0.473 0.473 0.473 0.47 0.473 0.476 0.476 0.477 0.479 0.481 0.481 0.479 0.481 0.482 0.481 0.483 0.487 0.488 0.494 0.494 0.495 0.498 0.503 0.505 0.503 0.505 0.505 0.509 0.512 0.513 0.516 0.516 0.517 0.521 0.528 0.531 0.531 0.535 0.535 0.536 0.539 0.537 0.54 0.548 0.552 0.557 0.564 0.564 0.565 0.565 0.572 0.573 0.574 0.579 0.586 0.593 0.595 0.6 0.602 0.602 0.605 0.611 0.613 0.62 0.625 0.628 0.629 0.637 0.64 0.65 0.651 0.655 0.663 0.666 0.668 0.672 0.68 0.682 0.698 0.701 0.704 0.71 0.719 0.725 0.734 0.736 0.739 0.743 0.762 0.763 0.765 0.777 0.781 0.796 0.798 0.844 0.867 0.87 0.87 0.867 0.867 0.866 0.852 0.849 0.847 0.844 0.844 0.843 0.84 0.831 0.831 0.83 0.83 0.824 0.821 0.817 0.817 0.817 0.817 0.813 0.813 0.802 0.801 0.8 0.799 0.798 0.799 0.797 0.794 0.789 0.786 0.785 0.784 0.782 0.782 0.779 0.776 0.776 0.776 0.776 0.775 0.778 0.775 0.772 0.772 0.772 0.767 0.761 0.761 0.759 0.759 0.759 0.759 0.757 0.759 0.757 0.753 0.753 0.753 0.751 0.751 0.755 0.751 0.751 0.745 0.745 0.743 0.745 0.746 0.748 0.748 0.748 0.748 0.747 0.746 0.746 0.746 0.745 0.745 0.744 0.745 0.747 0.748 0.748 0.748 0.749 0.749 0.747 0.747 0.747 0.747 0.749 0.749 0.741 0.748 0.743 0.74 0.74 0.741 0.741 0.741 0.745 0.745 0.745 0.745 0.749 0.749 0.749 0.749 0.749 0.749 0.75 0.75 0.747 0.747 0.753 0.755 0.755 0.755 0.755 0.756 0.757 0.757 0.761 0.762 0.761 0.762 0.765 0.767 0.767 0.769 0.769 0.769 0.774 0.774 0.775 0.777 0.779 0.779 0.779 0.779 0.779 0.779 0.788 0.793 0.795 0.795 0.797 0.798 0.798 0.799 0.817 0.829 0.83 0.835 0.835 0.839 0.839 0.839 0.845 0.845 0.848 0.848 0.848 0.85 0.863 0.863 0.867 0.87 0.872 0.877 0.879 0.884 0.884 0.889 0.894 0.895 0.898 0.9 0.905 0.907 0.912 0.919 0.924 0.932 0.935 0.939 0.942 0.943 0.945 0.949 0.955 0.955 0.968 0.97 0.972 0.976 0.988 0.996 0.996 1.001 1.003 1.011 1.013 1.023 1.025 1.035 1.04 1.046 1.047 1.057 1.067 1.068 1.07 1.089 2.474 2.481 2.494 2.494 2.503 2.533 2.54 2.547 2.557 2.582 2.607 2.624 2.642 2.649 2.674 2.689 2.717 2.731 2.755 2.757 2.763 2.772 2.772 2.802 2.82 2.833 2.856 2.873 2.873 2.873 1.884 1.884 1.865 1.863 1.853 1.853 1.837 1.837 1.829 1.822 1.808 1.804 1.804 1.8 1.781 1.743 1.704 1.674 1.674 1.674 1.679 1.726 0.007 1.791 1.791 1.813 1.813 1.839 1.865 1.888 1.91 1.934 0 0 0 0 0 0 0.007 0 1.561 1.556 1.554 1.554 1.539 1.529 1.478 1.474 1.474 1.474 1.473 1.474 1.476 1.474 1.476 1.485 1.487 1.496 1.497 1.501 1.511 1.521 1.545 1.576 1.618 1.824 1.824 1.824 1.816 1.816 1.815 1.814 1.814 1.811 1.811 1.811 1.806 1.808 1.808 1.802 1.799 1.796 1.795 1.796 1.796 1.795 1.795 1.796 1.795 1.796 1.796 1.795 1.793 1.788 1.787 1.785 1.785 1.785 1.784 1.785 1.787 1.787 1.785 1.786 1.786 1.785 1.786 1.786 1.791 1.784 1.791 1.79 1.79 1.789 1.79 1.79 1.795 1.795 1.799 1.799 1.799 1.799 1.801 1.801 1.806 1.806 1.806 1.808 1.813 1.816 1.821 1.821 1.82 1.82 1.821 1.824 1.827 1.835 1.836 1.836 1.836 1.84 1.842 1.844 1.852 1.853 1.854 1.863 1.864 1.864 1.865 1.873 1.875 1.877 1.884 1.891 1.892 1.896 1.901 1.902 1.903 1.907 1.921 1.925 1.927 1.929 1.943 1.946 1.954 1.959 1.959 1.961 1.961 1.961 1.948 1.92 1.902 1.869 1.862 1.832 1.814 1.79 1.771 1.759 1.735 1.721 1.698 1.681 1.666 1.646 1.631 1.612 1.605 1.588 1.57 1.559 1.537 1.523 1.52 1.494 1.481 1.465 1.46 1.441 1.435 1.421 1.416 1.405 1.39 1.374 1.371 1.364 1.353 1.337 1.321 1.316 1.308 1.303 1.289 1.278 1.271 1.262 1.247 1.242 1.242 1.224 1.222 1.214 1.212 1.203 1.188 1.188 1.185 1.169 1.167 1.157 1.152 1.147 1.146 1.141 1.139 1.124 1.12 1.114 1.109 1.107 1.094 1.094 1.087 1.084 1.076 1.067 1.066 1.064 1.054 1.047 1.047 1.046 1.043 1.038 1.031 1.03 1.025 1.017 1.016 1.015 1.007 1.005 1.001 1.001 0.994 0.993 0.989 0.977 0.976 0.973 0.971 0.969 0.969 0.963 0.963 0.962 0.957 0.956 0.947 0.948 0.947 0.939 0.936 0.939 0.934 0.939 0.937 0.938 0.937 0.937 0.937 0.937 0.937 0.991 1.029 1.048 1.061 1.089 1.113 1.138 1.158 1.18 1.198 1.211 1.211 1.216 1.216 1.216 1.209 1.127 0.905 0.905 0.9 0.897 0.893 0.893 0.879 0.878 0.877 0.87 0.87 0.87 0.869 0.869 0.869 0.87 0.87 0.87 0.87 
1 1 1 1 1 1 1 1 1 1 1 1 1 1 1 1 1 1 1 1 1 1 1 1 1 1 1 1 1 1 1 1 1 1 1 1 1 1 1 1 1 1 1 1 1 1 1 1 1 1 1 1 1 1 1 1 1 1 1 1 1 1 1 1 1 1 1 1 1 1 1 1 1 1 1 1 1 1 1 1 1 1 1 1 1 1 1 1 1 1 1 1 1 1 1 1 1 1 1 1 1 1 1 1 1 1 1 1 1 1 1 1 1 1 1 1 1 1 1 1 1 1 1 1 1 1 1 1 1 1 1 1 1 1 1 1 1 1 1 1 1 1 1 1 1 1 1 1 1 1 1 1 1 1 1 1 1 1 1 1 1 1 1 1 1 1 1 1 1 1 1 1 1 1 1 1 1 1 1 1 1 1 1 1 1 1 1 1 1 1 1 1 1 1 1 1 1 1 1 1 1 1 1 1 1 1 1 1 1 1 1 1 1 1 1 1 1 1 1 1 1 1 1 1 1 1 1 1 1 1 1 1 1 1 1 1 1 1 1 1 1 1 1 1 1 1 1 1 1 1 1 1 1 1 1 1 1 1 1 1 1 1 1 1 1 1 1 1 1 1 1 1 1 1 1 1 1 1 1 1 1 1 1 1 1 1 1 1 1 1 1 1 1 1 1 1 1 1 1 1 1 1 1 1 1 1 1 1 1 1 1 1 1 1 1 1 1 1 1 1 1 1 1 1 1 1 1 1 1 1 1 1 1 1 1 1 1 1 1 1 1 1 1 1 1 1 1 1 1 1 1 1 1 1 1 1 1 1 1 1 1 1 1 1 1 1 1 1 1 0 1 1 1 1 1 1 1 1 1 0 0 0 0 0 0 0 0 1 1 1 1 1 1 1 1 1 1 1 1 1 1 1 1 1 1 1 1 1 1 1 1 1 1 1 1 1 1 1 1 1 1 1 1 1 1 1 1 1 1 1 1 1 1 1 1 1 1 1 1 1 1 1 1 1 1 1 1 1 1 1 1 1 1 1 1 1 1 1 1 1 1 1 1 1 1 1 1 1 1 1 1 1 1 1 1 1 1 1 1 1 1 1 1 1 1 1 1 1 1 1 1 1 1 1 1 1 1 1 1 1 1 1 1 1 1 1 1 1 1 1 1 1 1 1 1 1 1 1 1 1 1 1 1 1 1 1 1 1 1 1 1 1 1 1 1 1 1 1 1 1 1 1 1 1 1 1 1 1 1 1 1 1 1 1 1 1 1 1 1 1 1 1 1 1 1 1 1 1 1 1 1 1 1 1 1 1 1 1 1 1 1 1 1 1 1 1 1 1 1 1 1 1 1 1 1 1 1 1 1 1 1 1 1 1 1 1 1 1 1 1 1 1 1 1 1 1 1 1 1 1 1 1 1 1 1 1 1 1 1 1 1 1 1 1 1 1 1 1 1 1 1 1 1 1 1 1 1 1 1 1 1 1 1 1 1 1 1 1 1 1 1 1 1 1 1 1 1 1 1 1 1 1 1 1 1 1 1 1 1 1 1 1 
