# This file contains a 2D laser scan observation. 
# Its format is: 
# [aperture] [max_range] [number_of_scans] 
# [vector_of_scans] 
# [vector_of_valid_scans] 
# The aperture of the sensor is in radians, the maximum range 
# and measurements are in meters. '1' means a valid scan, '0' otherwise.
4.1847
5.6
682
1.25 1.254 1.256 1.258 1.259 1.263 1.263 1.263 1.265 1.268 1.268 1.271 1.274 1.279 1.279 1.282 1.285 1.288 1.289 1.289 1.294 1.296 1.3 1.3 1.305 1.31 1.315 1.318 1.32 1.323 1.328 1.328 1.336 1.338 1.342 1.346 1.348 1.349 1.357 1.363 1.364 1.378 1.381 1.382 1.387 1.387 1.387 1.379 1.355 1.344 1.331 1.312 1.299 1.284 1.272 1.258 1.244 1.235 1.219 1.21 1.203 1.193 1.185 1.174 1.153 1.149 1.14 1.12 1.118 1.116 1.095 1.084 1.081 1.078 1.067 1.051 1.047 1.046 1.038 1.027 1.015 1.007 1 0.989 0.989 0.985 0.983 0.971 0.964 0.958 0.95 0.949 0.948 0.941 0.932 0.926 0.921 0.911 0.902 0.899 0.898 0.89 0.889 0.885 0.881 0.877 0.87 0.864 0.858 0.854 0.847 0.84 0.84 0.838 0.837 0.827 0.826 0.822 0.818 0.817 0.815 0.812 0.808 0.799 0.798 0.792 0.79 0.781 0.778 0.778 0.778 0.774 0.774 0.774 0.769 0.763 0.762 0.763 0.761 0.755 0.754 0.751 0.749 0.745 0.744 0.744 0.744 0.74 0.739 0.735 0.731 0.731 0.729 0.727 0.721 0.721 0.719 0.719 0.715 0.713 0.713 0.713 0.709 0.709 0.709 0.709 0.707 0.705 0.705 0.705 0.705 0.705 0.706 0.706 0.695 0.696 0.695 0.692 0.69 0.69 0.688 0.688 0.681 0.681 0.681 0.681 0.68 0.679 0.677 0.677 0.677 0.677 0.681 0.681 0.68 0.677 0.678 0.678 0.677 0.677 0.672 0.672 0.672 0.674 0.674 0.677 0.674 0.673 0.671 0.673 0.673 0.671 0.673 0.674 0.675 0.675 0.675 0.675 0.672 0.672 0.672 0.67 0.67 0.67 0.67 0.675 0.675 0.674 0.675 0.675 0.675 0.675 0.676 0.676 0.676 0.674 0.676 0.674 0.674 0.676 0.676 0.676 0.682 0.684 0.682 0.684 0.685 0.685 0.685 0.686 0.686 0.687 0.688 0.692 0.689 0.692 0.692 0.696 0.696 0.696 0.696 0.697 0.699 0.7 0.705 0.706 0.713 0.719 1.025 1.027 1.027 1.025 1 0.998 0.972 0.941 0.934 0.917 0.896 0.882 0.871 0.848 0.843 0.822 0.808 0.79 0.785 0.769 0.764 0.759 0.759 0.759 0.761 0.765 0.766 0.765 0.762 0.766 0.766 0.766 0.772 0.773 0.773 0.773 0.775 0.776 0.777 0.785 0.786 0.788 0.794 0.798 0.798 0.8 0.801 0.811 0.816 0.816 0.818 0.822 0.831 0.836 0.84 0.843 0.846 0.85 0.852 0.857 0.859 0.866 0.871 0.873 0.879 0.892 0.894 0.895 0.897 0.905 0.907 0.921 0.922 0.93 0.932 0.933 0.945 0.947 0.949 0.957 0.971 0.978 0.986 0.988 0.996 1.006 1.007 1.007 1.024 1.024 1.031 1.049 1.05 1.063 1.07 1.074 1.082 1.104 1.105 1.115 1.123 1.13 1.14 1.153 1.166 1.166 1.166 1.161 1.153 1.153 1.153 1.157 1.166 1.177 1.195 1.199 1.205 1.219 1.235 1.238 1.244 1.258 1.269 1.29 1.306 1.316 1.326 1.347 1.361 1.383 1.395 1.408 1.419 1.453 1.473 1.497 1.529 1.544 1.583 1.613 1.651 1.702 1.702 1.702 1.697 1.689 1.674 1.67 1.67 1.668 1.668 1.668 1.669 1.7 1.703 1.735 0 0 0 0 3.32 3.319 3.311 3.298 3.292 3.28 3.277 3.273 3.269 3.265 3.264 3.262 3.262 3.255 3.255 3.162 3.162 3.162 3.226 3.226 3.226 3.22 3.217 3.21 3.21 3.21 3.208 3.202 3.2 3.196 3.172 3.172 3.172 3.19 0 0 0 0 0 0 0 0 0 0 0 0 0 0 0 0 0 0 0 0 0 0 0 0 0 0 0 0 0 0 1.621 1.611 1.584 1.583 1.583 1.584 1.585 1.587 1.588 1.598 1.598 1.598 1.553 1.5 1.46 1.424 1.375 1.325 1.294 1.265 1.238 1.202 1.176 1.142 1.122 1.104 1.07 1.046 1.017 1.017 1.015 1.015 1.021 1.021 1.021 1.03 1.03 1.03 1.03 1.037 1.037 1.041 1.041 1.041 1.047 1.051 1.054 1.06 1.061 1.061 1.071 1.071 1.072 1.073 1.088 1.09 1.09 1.092 1.095 1.095 1.108 1.112 1.115 1.12 1.122 1.125 1.132 1.137 1.137 1.142 1.142 1.15 1.159 1.161 1.163 1.17 1.172 1.176 1.183 1.184 1.192 1.203 1.211 1.215 1.223 1.227 1.228 1.242 1.248 1.248 1.261 1.262 1.268 1.277 1.29 1.291 1.299 1.299 1.348 1.383 1.383 1.383 1.37 1.359 1.348 1.344 1.332 1.328 1.32 1.31 1.302 1.297 1.29 1.288 1.27 1.26 1.247 1.247 1.239 1.234 1.233 1.216 1.214 1.21 1.204 1.194 1.182 1.18 1.171 1.168 1.166 1.159 1.153 1.144 1.144 1.142 1.131 1.129 1.124 1.119 1.113 1.111 1.106 1.102 1.102 1.087 1.082 1.08 1.072 1.069 1.067 1.067 1.064 1.057 1.057 1.051 1.048 1.043 1.039 1.037 1.033 1.028 1.026 1.025 1.02 1.016 1.014 1.009 1.006 1.006 1.003 1.003 1.002 0.996 0.994 0.985 0.985 0.985 0.985 0.984 0.984 0.984 0.974 0.974 0.979 0.974 0.968 0.961 0.959 0.959 
1 1 1 1 1 1 1 1 1 1 1 1 1 1 1 1 1 1 1 1 1 1 1 1 1 1 1 1 1 1 1 1 1 1 1 1 1 1 1 1 1 1 1 1 1 1 1 1 1 1 1 1 1 1 1 1 1 1 1 1 1 1 1 1 1 1 1 1 1 1 1 1 1 1 1 1 1 1 1 1 1 1 1 1 1 1 1 1 1 1 1 1 1 1 1 1 1 1 1 1 1 1 1 1 1 1 1 1 1 1 1 1 1 1 1 1 1 1 1 1 1 1 1 1 1 1 1 1 1 1 1 1 1 1 1 1 1 1 1 1 1 1 1 1 1 1 1 1 1 1 1 1 1 1 1 1 1 1 1 1 1 1 1 1 1 1 1 1 1 1 1 1 1 1 1 1 1 1 1 1 1 1 1 1 1 1 1 1 1 1 1 1 1 1 1 1 1 1 1 1 1 1 1 1 1 1 1 1 1 1 1 1 1 1 1 1 1 1 1 1 1 1 1 1 1 1 1 1 1 1 1 1 1 1 1 1 1 1 1 1 1 1 1 1 1 1 1 1 1 1 1 1 1 1 1 1 1 1 1 1 1 1 1 1 1 1 1 1 1 1 1 1 1 1 1 1 1 1 1 1 1 1 1 1 1 1 1 1 1 1 1 1 1 1 1 1 1 1 1 1 1 1 1 1 1 1 1 1 1 1 1 1 1 1 1 1 1 1 1 1 1 1 1 1 1 1 1 1 1 1 1 1 1 1 1 1 1 1 1 1 1 1 1 1 1 1 1 1 1 1 1 1 1 1 1 1 1 1 1 1 1 1 1 1 1 1 1 1 1 1 1 1 1 1 1 1 1 1 1 1 1 1 1 1 1 1 1 1 1 1 1 1 1 1 1 1 1 1 1 1 1 1 1 1 1 1 1 1 1 1 1 1 1 1 1 1 1 1 1 1 1 1 1 1 0 0 0 0 1 1 1 1 1 1 1 1 1 1 1 1 1 1 1 1 1 1 1 1 1 1 1 1 1 1 1 1 1 1 1 1 1 1 0 0 0 0 0 0 0 0 0 0 0 0 0 0 0 0 0 0 0 0 0 0 0 0 0 0 0 0 0 0 1 1 1 1 1 1 1 1 1 1 1 1 1 1 1 1 1 1 1 1 1 1 1 1 1 1 1 1 1 1 1 1 1 1 1 1 1 1 1 1 1 1 1 1 1 1 1 1 1 1 1 1 1 1 1 1 1 1 1 1 1 1 1 1 1 1 1 1 1 1 1 1 1 1 1 1 1 1 1 1 1 1 1 1 1 1 1 1 1 1 1 1 1 1 1 1 1 1 1 1 1 1 1 1 1 1 1 1 1 1 1 1 1 1 1 1 1 1 1 1 1 1 1 1 1 1 1 1 1 1 1 1 1 1 1 1 1 1 1 1 1 1 1 1 1 1 1 1 1 1 1 1 1 1 1 1 1 1 1 1 1 1 1 1 1 1 1 1 1 1 1 1 1 1 1 1 1 1 1 1 1 1 1 1 1 1 1 1 1 1 
