# This file contains a 2D laser scan observation. 
# Its format is: 
# [aperture] [max_range] [number_of_scans] 
# [vector_of_scans] 
# [vector_of_valid_scans] 
# The aperture of the sensor is in radians, the maximum range 
# and measurements are in meters. '1' means a valid scan, '0' otherwise.
4.1847
5.6
682
0.912 0.91 0.905 0.903 0.899 0.892 0.888 0.886 0.881 0.874 0.872 0.867 0.865 0.863 0.856 0.853 0.85 0.847 0.842 0.84 0.837 0.834 0.824 0.823 0.819 0.819 0.815 0.814 0.81 0.809 0.799 0.799 0.799 0.797 0.795 0.795 0.791 0.787 0.785 0.785 0.783 0.78 0.78 0.773 0.769 0.769 0.765 0.763 0.763 0.762 0.761 0.761 0.759 0.753 0.752 0.753 0.753 0.748 0.747 0.745 0.743 0.742 0.741 0.741 0.736 0.735 0.734 0.731 0.733 0.733 0.728 0.731 0.731 0.729 0.729 0.729 0.725 0.723 0.723 0.722 0.722 0.722 0.725 0.722 0.719 0.719 0.719 0.718 0.719 0.734 0.734 0.734 0.735 0.788 0.878 1.003 1.017 1.017 1.017 1.017 1.022 1.022 1.017 1.02 1.02 1.017 1.017 1.019 1.019 1.021 1.021 1.023 1.024 1.023 1.018 1.018 0.758 0.747 0.722 0.721 0.721 0.718 0.721 0.718 0.717 0.715 0.713 0.713 0.711 0.713 0.711 0.711 0.711 0.708 0.708 0.708 0.71 0.71 0.71 0.714 0.714 0.714 0.714 0.714 0.717 0.719 0.722 0.722 0.722 0.723 0.723 0.726 0.726 0.726 0.729 0.73 0.73 0.733 0.736 0.737 0.738 0.738 0.741 0.743 0.743 0.745 0.747 0.752 0.752 0.753 0.753 0.753 0.755 0.761 0.761 0.761 0.765 0.767 0.768 0.77 0.775 0.777 0.777 0.778 0.78 0.781 0.784 0.794 0.794 0.795 0.797 0.797 0.798 0.798 0.807 0.812 0.812 0.814 0.816 0.821 0.821 0.827 0.829 0.831 0.835 0.836 0.849 0.852 0.853 0.859 0.861 0.862 0.869 0.873 0.874 0.877 0.881 0.885 0.886 0.895 0.899 0.905 0.905 0.905 0.92 0.924 0.927 0.929 0.938 0.938 0.956 0.957 0.957 0.957 0.956 0.936 0.934 0.934 0.934 0.937 0.937 0.95 0.95 0.952 0.953 0.959 0.969 0.981 0.982 0.99 1 1.002 1.011 1.013 1.027 1.035 1.039 1.047 1.053 1.061 1.061 1.065 1.075 1.089 1.093 1.104 1.11 1.131 1.133 1.136 1.162 1.17 1.175 1.191 1.191 1.215 1.234 1.236 1.265 1.27 1.29 1.306 1.326 1.34 1.366 1.389 1.409 1.434 1.435 1.435 1.434 1.409 1.406 1.406 1.4 1.395 1.388 1.388 1.388 1.39 1.404 1.414 1.431 1.434 1.459 3.064 3.064 3.064 3.064 3.058 3.058 0.007 0 0.007 0 3.027 3.027 3.015 3.012 3.011 3.005 2.998 2.991 2.988 2.972 2.97 2.967 2.964 2.958 2.958 2.956 2.942 2.867 2.867 2.867 2.897 2.92 2.92 2.92 2.914 2.913 2.907 2.902 2.899 2.899 2.895 2.895 2.886 2.88 2.871 2.87 2.87 2.87 2.883 0 0 0 0 0 0 0 0 0 0 0 0 0 0 0 0 0 0 0 0 0 0 0 0 0 0 0 0 0 0 0 0 0 1.312 1.268 1.268 1.267 1.267 1.267 1.27 1.27 1.27 1.276 1.28 1.282 1.282 1.28 1.231 1.192 1.162 1.129 1.106 1.076 1.049 1.019 1.001 0.976 0.95 0.94 0.914 0.901 0.888 0.871 0.847 0.828 0.823 0.801 0.8 0.777 0.762 0.747 0.747 0.721 0.717 0.713 0.709 0.709 0.713 0.714 0.716 0.721 0.719 0.721 0.728 0.728 0.73 0.731 0.738 0.74 0.74 0.747 0.749 0.75 0.75 0.753 0.754 0.755 0.755 0.759 0.769 0.775 0.776 0.776 0.779 0.78 0.781 0.787 0.792 0.795 0.797 0.801 0.802 0.807 0.81 0.817 0.818 0.824 0.826 0.828 0.834 0.843 0.846 0.847 0.851 0.858 0.863 0.865 0.872 0.874 0.885 0.887 0.894 0.896 0.898 0.905 0.908 0.915 0.919 0.93 0.935 0.943 0.945 0.947 0.953 0.968 0.971 0.983 0.992 0.998 0.998 1.01 1.024 1.027 1.029 1.051 1.051 1.061 1.07 1.131 1.134 1.134 1.131 1.127 1.121 1.117 1.115 1.103 1.097 1.092 1.089 1.088 1.081 1.074 1.063 1.062 1.061 1.054 1.048 1.046 1.037 1.036 1.033 1.028 1.027 1.027 1.02 1.013 1.012 1.008 1.001 1.001 1 0.998 0.995 0.987 0.984 0.98 0.98 0.98 0.972 0.973 0.968 0.964 0.964 0.96 0.958 0.957 0.955 0.955 0.953 0.951 0.944 0.938 0.938 0.933 0.931 0.931 0.931 0.93 0.93 0.93 0.924 0.924 0.924 0.922 0.922 0.922 0.922 0.921 0.915 0.914 0.914 0.914 0.907 0.907 0.903 0.903 0.903 0.898 0.898 0.898 0.898 0.898 0.898 0.898 0.898 0.897 0.892 0.894 0.897 0.894 0.894 0.894 0.893 0.891 0.889 0.889 0.889 0.889 0.889 0.889 0.889 0.889 0.889 0.889 0.889 0.889 0.889 0.889 0.889 0.889 0.887 0.889 0.887 0.887 0.887 0.887 0.887 0.89 0.891 0.891 0.892 0.893 0.916 0.92 0.921 0.922 0.922 0.923 0.924 0.924 0.923 0.922 0.922 0.921 0.922 0.922 0.925 0.923 0.923 0.923 0.923 0.923 0.924 0.926 0.928 0.932 0.932 0.935 0.935 0.938 0.94 0.946 0.948 0.948 0.948 0.957 0.957 0.957 0.959 0.959 0.966 0.966 0.967 0.968 0.97 0.972 0.972 
1 1 1 1 1 1 1 1 1 1 1 1 1 1 1 1 1 1 1 1 1 1 1 1 1 1 1 1 1 1 1 1 1 1 1 1 1 1 1 1 1 1 1 1 1 1 1 1 1 1 1 1 1 1 1 1 1 1 1 1 1 1 1 1 1 1 1 1 1 1 1 1 1 1 1 1 1 1 1 1 1 1 1 1 1 1 1 1 1 1 1 1 1 1 1 1 1 1 1 1 1 1 1 1 1 1 1 1 1 1 1 1 1 1 1 1 1 1 1 1 1 1 1 1 1 1 1 1 1 1 1 1 1 1 1 1 1 1 1 1 1 1 1 1 1 1 1 1 1 1 1 1 1 1 1 1 1 1 1 1 1 1 1 1 1 1 1 1 1 1 1 1 1 1 1 1 1 1 1 1 1 1 1 1 1 1 1 1 1 1 1 1 1 1 1 1 1 1 1 1 1 1 1 1 1 1 1 1 1 1 1 1 1 1 1 1 1 1 1 1 1 1 1 1 1 1 1 1 1 1 1 1 1 1 1 1 1 1 1 1 1 1 1 1 1 1 1 1 1 1 1 1 1 1 1 1 1 1 1 1 1 1 1 1 1 1 1 1 1 1 1 1 1 1 1 1 1 1 1 1 1 1 1 1 1 1 1 1 1 1 1 1 1 1 1 1 1 1 1 1 1 1 1 1 1 1 1 1 1 1 1 0 0 0 0 1 1 1 1 1 1 1 1 1 1 1 1 1 1 1 1 1 1 1 1 1 1 1 1 1 1 1 1 1 1 1 1 1 1 1 1 1 1 1 0 0 0 0 0 0 0 0 0 0 0 0 0 0 0 0 0 0 0 0 0 0 0 0 0 0 0 0 0 0 0 0 0 1 1 1 1 1 1 1 1 1 1 1 1 1 1 1 1 1 1 1 1 1 1 1 1 1 1 1 1 1 1 1 1 1 1 1 1 1 1 1 1 1 1 1 1 1 1 1 1 1 1 1 1 1 1 1 1 1 1 1 1 1 1 1 1 1 1 1 1 1 1 1 1 1 1 1 1 1 1 1 1 1 1 1 1 1 1 1 1 1 1 1 1 1 1 1 1 1 1 1 1 1 1 1 1 1 1 1 1 1 1 1 1 1 1 1 1 1 1 1 1 1 1 1 1 1 1 1 1 1 1 1 1 1 1 1 1 1 1 1 1 1 1 1 1 1 1 1 1 1 1 1 1 1 1 1 1 1 1 1 1 1 1 1 1 1 1 1 1 1 1 1 1 1 1 1 1 1 1 1 1 1 1 1 1 1 1 1 1 1 1 1 1 1 1 1 1 1 1 1 1 1 1 1 1 1 1 1 1 1 1 1 1 1 1 1 1 1 1 1 1 1 1 1 1 1 1 1 1 1 1 1 1 1 1 1 1 1 1 1 1 1 1 1 1 1 1 1 1 1 1 1 1 1 1 1 1 1 1 1 1 1 1 1 1 1 1 1 1 1 1 1 1 1 1 1 1 1 1 1 1 1 1 1 1 1 1 1 1 1 1 1 1 1 1 1 
