# This file contains a 2D laser scan observation. 
# Its format is: 
# [aperture] [max_range] [number_of_scans] 
# [vector_of_scans] 
# [vector_of_valid_scans] 
# The aperture of the sensor is in radians, the maximum range 
# and measurements are in meters. '1' means a valid scan, '0' otherwise.
4.1847
5.6
682
0.69 0.689 0.686 0.686 0.683 0.67 0.668 0.666 0.664 0.657 0.656 0.647 0.646 0.64 0.633 0.633 0.628 0.625 0.623 0.619 0.613 0.612 0.606 0.606 0.599 0.596 0.596 0.594 0.594 0.592 0.584 0.584 0.582 0.579 0.576 0.576 0.567 0.566 0.565 0.565 0.565 0.564 0.559 0.559 0.558 0.551 0.55 0.55 0.549 0.545 0.545 0.545 0.543 0.542 0.538 0.538 0.537 0.535 0.531 0.53 0.53 0.528 0.528 0.528 0.527 0.527 0.527 0.527 0.527 0.523 0.519 0.519 0.517 0.517 0.518 0.518 0.513 0.513 0.513 0.513 0.511 0.511 0.508 0.511 0.511 0.508 0.508 0.515 0.508 0.508 0.508 0.508 0.506 0.508 0.506 0.506 0.506 0.503 0.502 0.502 0.502 0.502 0.501 0.501 0.502 0.501 0.502 0.505 0.505 0.509 0.526 0.528 0.528 0.528 0.517 0.511 0.508 0.505 0.499 0.499 0.499 0.499 0.497 0.497 0.497 0.498 0.498 0.502 0.502 0.502 0.502 0.501 0.501 0.501 0.501 0.5 0.503 0.503 0.68 0.71 0.71 0.71 0.634 0.491 0.456 0.454 0.415 0.404 0.401 0.396 0.389 0.388 0.388 0.388 0.388 0.39 0.391 0.391 0.392 0.392 0.392 0.394 0.399 0.392 0.391 0.391 0.388 0.388 0.388 0.388 0.389 0.392 0.392 0.392 0.394 0.395 0.395 0.395 0.395 0.395 0.396 0.398 0.399 0.399 0.399 0.399 0.399 0.399 0.402 0.423 1.223 1.234 1.238 1.238 1.244 1.249 1.249 1.25 1.258 1.264 1.268 1.268 1.268 1.282 1.283 1.285 1.292 1.298 1.302 1.315 1.315 1.319 1.321 1.328 1.332 1.336 1.338 1.349 1.353 1.353 1.366 1.374 1.375 1.379 1.393 1.394 1.398 1.404 1.411 1.419 1.426 1.435 1.436 1.451 1.451 1.456 1.469 1.477 1.484 1.493 1.502 1.513 1.513 1.521 1.533 1.545 1.546 1.563 1.576 1.577 1.595 1.596 1.61 1.615 1.653 1.659 1.662 1.659 1.659 1.662 1.669 1.675 1.689 1.713 1.731 1.746 1.758 1.763 1.781 1.794 1.802 1.82 1.842 1.853 1.853 1.853 1.75 1.737 1.731 1.731 1.731 1.76 1.993 2.017 2.017 2.017 1.98 1.804 1.676 1.67 1.666 1.657 1.655 1.645 1.634 1.631 1.615 1.613 1.606 1.6 1.591 1.59 1.585 1.571 1.57 1.568 1.561 1.558 1.556 1.549 1.545 1.54 1.539 1.535 1.523 1.52 1.518 1.516 1.515 1.513 1.508 1.502 1.499 1.493 1.493 1.488 1.487 1.479 1.477 1.475 1.475 1.467 1.463 1.459 1.458 1.456 1.456 1.458 1.458 1.507 1.569 1.608 1.654 1.676 1.716 1.718 1.72 1.718 1.716 1.715 1.712 1.71 1.707 1.701 1.7 1.702 1.701 1.697 1.696 1.693 1.689 1.688 1.689 1.689 1.686 1.686 1.667 1.665 1.663 1.665 1.665 1.67 1.67 1.682 1.688 0 0 0 0 0 0 0 0 0 0 0 0 0 0 0 0 0 0 0 0 0 0 0 0 0 0.007 0 0.007 0 0 0.007 0 0 0 0 0 0 0 0 0 0 0 0 0 0.007 0 4.498 0.006 2.855 2.855 2.888 2.935 2.935 2.941 2.97 3.005 3.026 3.047 3.079 3.148 0 0.007 0 3.148 1.849 1.813 1.792 1.792 1.792 1.792 1.791 1.793 1.793 1.795 1.825 1.825 1.826 1.826 1.833 1.836 1.846 1.849 1.853 1.867 1.875 1.875 1.875 1.869 1.839 1.821 1.814 1.807 1.807 1.807 1.812 1.815 1.833 1.852 1.854 1.854 1.854 1.838 1.838 1.838 1.847 1.859 1.86 1.881 1.884 1.892 1.902 1.91 1.919 1.935 1.937 1.949 1.956 1.975 1.983 1.998 2.001 2.014 2.014 2.028 2.043 2.05 2.055 2.075 2.089 2.1 2.116 2.134 2.139 2.147 2.168 2.179 2.191 2.191 2.191 1.196 1.18 1.17 1.162 1.156 1.141 1.141 1.138 1.132 1.135 1.132 1.128 1.122 1.115 1.115 1.101 1.099 1.094 1.086 1.079 1.075 1.071 1.07 1.064 1.063 1.056 1.052 1.046 1.042 1.035 1.034 1.031 1.022 1.022 1.016 1.011 1.009 1.002 1.001 0.995 0.993 0.991 0.987 0.983 0.983 0.982 0.98 0.98 0.972 0.968 0.965 0.959 0.933 0.432 0.341 0.333 0.331 0.331 0.329 0.324 0.328 0.328 0.328 0.327 0.327 0.322 0.321 0.321 0.322 0.317 0.32 0.32 0.317 0.317 0.317 0.315 0.315 0.311 0.311 0.311 0.311 0.313 0.313 0.313 0.313 0.314 0.318 0.318 0.318 0.318 0.316 0.316 0.316 0.316 0.316 0.318 0.318 0.319 0.318 0.318 0.318 0.318 0.318 0.32 0.321 0.322 0.336 0.351 0.405 0.446 0.604 0.662 0.719 0.734 0.75 0.764 0.789 0.801 0.801 0.801 0.79 0.79 0.759 0.729 0.729 0.633 0.459 0.415 0.415 0.415 0.415 0.417 0.417 0.416 0.414 0.414 0.414 0.413 0.412 0.413 0.413 0.413 0.415 0.418 0.418 0.418 0.418 0.418 0.418 0.418 0.421 0.418 0.421 0.421 0.421 0.419 0.421 0.423 0.423 0.423 0.423 0.423 0.423 0.423 0.43 0.432 0.431 0.432 
1 1 1 1 1 1 1 1 1 1 1 1 1 1 1 1 1 1 1 1 1 1 1 1 1 1 1 1 1 1 1 1 1 1 1 1 1 1 1 1 1 1 1 1 1 1 1 1 1 1 1 1 1 1 1 1 1 1 1 1 1 1 1 1 1 1 1 1 1 1 1 1 1 1 1 1 1 1 1 1 1 1 1 1 1 1 1 1 1 1 1 1 1 1 1 1 1 1 1 1 1 1 1 1 1 1 1 1 1 1 1 1 1 1 1 1 1 1 1 1 1 1 1 1 1 1 1 1 1 1 1 1 1 1 1 1 1 1 1 1 1 1 1 1 1 1 1 1 1 1 1 1 1 1 1 1 1 1 1 1 1 1 1 1 1 1 1 1 1 1 1 1 1 1 1 1 1 1 1 1 1 1 1 1 1 1 1 1 1 1 1 1 1 1 1 1 1 1 1 1 1 1 1 1 1 1 1 1 1 1 1 1 1 1 1 1 1 1 1 1 1 1 1 1 1 1 1 1 1 1 1 1 1 1 1 1 1 1 1 1 1 1 1 1 1 1 1 1 1 1 1 1 1 1 1 1 1 1 1 1 1 1 1 1 1 1 1 1 1 1 1 1 1 1 1 1 1 1 1 1 1 1 1 1 1 1 1 1 1 1 1 1 1 1 1 1 1 1 1 1 1 1 1 1 1 1 1 1 1 1 1 1 1 1 1 1 1 1 1 1 1 1 1 1 1 1 1 1 1 1 1 1 1 1 1 1 1 1 1 1 1 1 1 1 1 1 1 1 1 1 1 1 1 1 1 1 1 1 1 1 1 1 1 1 1 1 1 1 1 1 1 1 1 1 1 0 0 0 0 0 0 0 0 0 0 0 0 0 0 0 0 0 0 0 0 0 0 0 0 0 0 0 0 0 0 0 0 0 0 0 0 0 0 0 0 0 0 0 0 0 0 1 0 1 1 1 1 1 1 1 1 1 1 1 1 0 0 0 1 1 1 1 1 1 1 1 1 1 1 1 1 1 1 1 1 1 1 1 1 1 1 1 1 1 1 1 1 1 1 1 1 1 1 1 1 1 1 1 1 1 1 1 1 1 1 1 1 1 1 1 1 1 1 1 1 1 1 1 1 1 1 1 1 1 1 1 1 1 1 1 1 1 1 1 1 1 1 1 1 1 1 1 1 1 1 1 1 1 1 1 1 1 1 1 1 1 1 1 1 1 1 1 1 1 1 1 1 1 1 1 1 1 1 1 1 1 1 1 1 1 1 1 1 1 1 1 1 1 1 1 1 1 1 1 1 1 1 1 1 1 1 1 1 1 1 1 1 1 1 1 1 1 1 1 1 1 1 1 1 1 1 1 1 1 1 1 1 1 1 1 1 1 1 1 1 1 1 1 1 1 1 1 1 1 1 1 1 1 1 1 1 1 1 1 1 1 1 1 1 1 1 1 1 1 1 1 1 1 1 1 1 1 1 1 1 1 1 1 1 1 1 1 1 1 1 1 1 1 1 1 1 1 1 1 1 1 1 1 1 1 1 1 
