# This file contains a 2D laser scan observation. 
# Its format is: 
# [aperture] [max_range] [number_of_scans] 
# [vector_of_scans] 
# [vector_of_valid_scans] 
# The aperture of the sensor is in radians, the maximum range 
# and measurements are in meters. '1' means a valid scan, '0' otherwise.
4.1847
5.6
682
1.469 1.47 1.476 1.477 1.498 1.546 1.818 1.818 1.857 1.894 1.927 1.963 1.995 2.028 2.063 2.107 2.151 2.197 2.245 2.289 2.347 2.397 2.455 2.513 2.574 2.636 2.826 4.493 4.51 4.51 4.493 4.493 4.491 4.485 4.47 4.466 4.462 4.457 4.448 4.445 4.442 4.423 4.413 4.413 4.41 4.404 4.403 4.403 4.403 4.414 4.472 4.472 4.472 3.369 3.369 3.369 3.367 3.367 3.366 3.366 3.365 3.363 3.363 3.363 3.364 3.365 3.365 3.365 3.365 3.371 3.371 3.373 3.379 3.379 3.381 3.381 3.383 3.426 3.426 3.426 1.49 1.488 1.488 1.488 1.439 1.384 1.379 1.379 1.379 1.381 1.381 1.381 1.377 1.377 1.377 1.387 1.395 1.398 1.401 1.403 1.404 1.403 1.403 1.404 1.404 1.399 1.404 1.408 1.408 1.41 1.412 1.415 1.418 1.424 1.443 1.5 0.006 0.006 0.006 0.006 0.006 0.006 0.006 0.006 0.006 0.006 0.006 0.006 0.006 0.006 0.006 0.006 0.006 0.006 0.006 0.006 0.006 0.006 0.006 0.006 0.006 0.006 0.006 0.006 0.006 0.006 0.006 0.006 0.006 0.006 0.006 0.006 0.006 0.006 0.006 0.006 0.006 0.006 2.264 2.245 2.222 2.195 2.18 2.16 2.141 2.137 2.114 2.098 2.074 2.058 2.048 2.033 2.016 1.891 1.847 1.824 1.811 1.807 1.807 1.807 1.815 1.819 1.824 1.836 1.836 1.836 1.819 1.811 1.803 1.796 1.773 1.766 1.762 1.751 1.739 1.731 1.717 1.713 1.697 1.687 1.67 1.663 1.662 1.658 1.639 1.63 1.626 1.615 1.601 1.596 1.595 1.585 1.577 1.559 1.558 1.556 1.541 1.534 1.53 1.521 1.518 1.51 1.509 1.498 1.493 1.486 1.479 1.454 1.453 1.449 1.441 1.441 1.441 1.441 1.441 1.444 1.446 1.453 1.472 1.499 1.522 3.038 3.038 3.038 3.038 3.038 3.05 3.166 3.529 3.529 3.529 3.523 3.518 3.497 3.496 3.482 3.471 3.456 3.44 3.44 3.43 3.425 3.409 3.398 3.398 3.39 3.386 3.375 3.369 3.356 3.354 3.347 3.346 3.337 3.33 3.327 3.32 3.311 3.31 3.302 3.297 3.288 3.287 3.286 3.275 3.274 3.273 3.263 3.26 3.258 3.254 3.245 3.245 3.242 3.245 0.007 0 2.725 1.743 1.743 1.685 1.621 1.621 1.474 1.416 1.352 1.341 1.239 1.235 1.231 1.228 1.227 1.222 1.222 1.22 1.22 1.224 1.224 1.228 1.228 1.231 1.231 1.232 1.234 1.234 1.237 1.237 1.237 1.231 1.231 1.231 1.233 1.236 1.236 1.238 1.238 1.238 1.238 1.247 1.247 1.243 1.248 1.244 1.244 1.244 1.251 1.251 1.252 1.255 1.255 1.257 1.258 1.26 1.26 1.264 1.268 1.272 1.273 1.276 1.276 1.278 1.279 1.286 1.287 1.289 1.29 1.294 1.296 1.296 1.307 1.313 1.315 1.315 1.315 1.315 1.317 1.327 1.328 1.329 1.332 1.335 1.342 1.343 1.347 1.352 1.354 1.363 1.365 1.367 1.367 1.367 1.367 1.343 1.321 1.313 1.292 1.257 1.247 1.246 1.234 1.222 1.214 1.21 1.21 1.21 1.21 1.236 1.237 1.24 1.287 4.608 4.623 4.623 4.623 4.572 4.529 4.488 4.463 4.463 4.445 4.416 3.878 3.865 3.833 3.83 3.818 3.808 3.8 3.799 3.799 3.8 3.803 3.814 3.826 3.839 3.849 3.889 3.962 3.987 0 0 0 0 0 0 0 0 0 0 0 0 0 0 0 0 0 0 0 0 0 0 0 0 0 0 0 0 0 0 0 0 0 0 0 0.007 0 3.185 3.185 3.162 3.154 3.131 3.131 3.112 3.11 3.11 3.089 3.077 2.995 0.674 0.66 0.655 0.649 0.645 0.645 0.644 0.644 0.643 0.641 0.632 0.632 0.632 0.625 0.619 0.619 0.621 0.621 0.621 0.625 0.625 0.621 0.62 0.62 0.619 0.615 0.613 0.611 0.61 0.61 0.606 0.605 0.6 0.6 0.6 0.6 0.6 0.602 0.602 0.597 0.599 0.596 0.595 0.592 0.592 0.592 0.593 0.594 0.594 0.593 0.593 0.593 0.59 0.59 0.588 0.587 0.586 0.58 0.584 0.584 0.581 0.581 0.584 0.581 0.581 0.58 0.58 0.578 0.576 0.576 0.575 0.578 0.581 0.581 0.576 0.581 0.576 0.575 0.575 0.579 0.578 0.579 0.579 0.578 0.576 0.576 0.572 0.572 0.575 0.577 0.578 0.578 0.578 0.58 0.58 0.58 0.574 0.58 0.579 0.576 0.579 0.579 0.577 0.577 0.579 0.579 0.581 0.583 0.584 0.584 0.584 0.585 0.585 0.587 0.585 0.584 0.584 0.583 0.583 0.584 0.584 0.585 0.586 0.586 0.589 0.592 0.592 0.592 0.592 0.595 0.594 0.595 0.596 0.598 0.596 0.596 0.596 0.596 0.596 0.602 0.605 0.604 0.606 0.607 0.606 0.606 0.607 0.61 0.61 0.612 0.613 0.618 0.619 0.619 0.623 0.624 0.624 0.626 0.627 0.627 0.63 0.631 0.631 0.635 0.638 0.638 0.638 0.641 0.641 0.646 0.652 0.654 0.654 0.657 0.657 0.657 0.648 0.657 0.664 0.672 0.672 0.673 0.676 0.682 0.682 0.685 0.685 0.697 0.698 0.7 0.703 0.706 0.711 0.714 
1 1 1 1 1 1 1 1 1 1 1 1 1 1 1 1 1 1 1 1 1 1 1 1 1 1 1 1 1 1 1 1 1 1 1 1 1 1 1 1 1 1 1 1 1 1 1 1 1 1 1 1 1 1 1 1 1 1 1 1 1 1 1 1 1 1 1 1 1 1 1 1 1 1 1 1 1 1 1 1 1 1 1 1 1 1 1 1 1 1 1 1 1 1 1 1 1 1 1 1 1 1 1 1 1 1 1 1 1 1 1 1 1 1 1 1 0 0 0 0 0 0 0 0 0 0 0 0 0 0 0 0 0 0 0 0 0 0 0 0 0 0 0 0 0 0 0 0 0 0 0 0 0 0 0 0 0 0 1 1 1 1 1 1 1 1 1 1 1 1 1 1 1 1 1 1 1 1 1 1 1 1 1 1 1 1 1 1 1 1 1 1 1 1 1 1 1 1 1 1 1 1 1 1 1 1 1 1 1 1 1 1 1 1 1 1 1 1 1 1 1 1 1 1 1 1 1 1 1 1 1 1 1 1 1 1 1 1 1 1 1 1 1 1 1 1 1 1 1 1 1 1 1 1 1 1 1 1 1 1 1 1 1 1 1 1 1 1 1 1 1 1 1 1 1 1 1 1 1 1 1 1 1 1 1 1 1 1 1 1 1 1 1 1 1 0 0 1 1 1 1 1 1 1 1 1 1 1 1 1 1 1 1 1 1 1 1 1 1 1 1 1 1 1 1 1 1 1 1 1 1 1 1 1 1 1 1 1 1 1 1 1 1 1 1 1 1 1 1 1 1 1 1 1 1 1 1 1 1 1 1 1 1 1 1 1 1 1 1 1 1 1 1 1 1 1 1 1 1 1 1 1 1 1 1 1 1 1 1 1 1 1 1 1 1 1 1 1 1 1 1 1 1 1 1 1 1 1 1 1 1 1 1 1 1 1 1 1 1 1 1 1 1 1 1 1 1 1 1 1 1 1 1 1 1 1 1 1 1 0 0 0 0 0 0 0 0 0 0 0 0 0 0 0 0 0 0 0 0 0 0 0 0 0 0 0 0 0 0 0 0 0 0 0 0 0 1 1 1 1 1 1 1 1 1 1 1 1 1 1 1 1 1 1 1 1 1 1 1 1 1 1 1 1 1 1 1 1 1 1 1 1 1 1 1 1 1 1 1 1 1 1 1 1 1 1 1 1 1 1 1 1 1 1 1 1 1 1 1 1 1 1 1 1 1 1 1 1 1 1 1 1 1 1 1 1 1 1 1 1 1 1 1 1 1 1 1 1 1 1 1 1 1 1 1 1 1 1 1 1 1 1 1 1 1 1 1 1 1 1 1 1 1 1 1 1 1 1 1 1 1 1 1 1 1 1 1 1 1 1 1 1 1 1 1 1 1 1 1 1 1 1 1 1 1 1 1 1 1 1 1 1 1 1 1 1 1 1 1 1 1 1 1 1 1 1 1 1 1 1 1 1 1 1 1 1 1 1 1 1 1 1 1 1 1 1 1 1 1 1 1 1 1 1 1 1 1 1 1 1 1 1 
