# This file contains a 2D laser scan observation. 
# Its format is: 
# [aperture] [max_range] [number_of_scans] 
# [vector_of_scans] 
# [vector_of_valid_scans] 
# The aperture of the sensor is in radians, the maximum range 
# and measurements are in meters. '1' means a valid scan, '0' otherwise.
4.1847
5.6
682
0.47 0.47 0.47 0.467 0.46 0.459 0.459 0.46 0.46 0.464 0.464 0.464 0.47 0.475 0.476 0.479 0.479 0.48 0.482 0.483 0.485 0.499 0.5 0.51 0.516 0.528 0.583 0.584 0.6 0.6 0.605 0.607 0.607 0.63 0.64 0.655 0.657 0.661 0.672 0.675 0.68 0.691 0.75 0.752 0.752 0.755 0.759 0.762 0.763 0.763 0.763 0.763 0.764 0.767 0.77 0.771 0.771 0.771 0.771 0.771 0.771 0.771 0.774 0.778 0.781 0.783 0.783 0.784 0.786 0.787 0.789 0.789 0.794 0.795 0.795 0.8 0.802 0.802 0.802 0.804 0.807 0.812 0.814 0.816 0.817 0.818 0.821 0.827 0.83 0.831 0.832 0.835 0.837 0.848 0.849 0.849 0.85 0.85 0.85 0.857 0.857 0.858 0.862 0.869 0.872 0.875 0.876 0.882 0.885 0.889 0.894 0.9 0.9 0.9 0.899 0.897 0.888 0.88 0.874 0.868 0.862 0.847 0.844 0.837 0.827 0.812 0.807 0.8 0.799 0.794 0.793 0.784 0.778 0.767 0.764 0.756 0.755 0.752 0.744 0.739 0.732 0.729 0.725 0.719 0.718 0.705 0.704 0.704 0.704 0.704 0.711 0.867 0.878 0.882 0.882 0.88 0.878 0.87 0.864 0.851 0.846 0.839 0.835 0.829 0.823 0.82 0.813 0.81 0.81 0.81 0.81 0.81 0.801 0.774 0.771 0.771 0.771 0.775 0.781 0.782 0.806 0.808 0.816 0.819 0.823 0.837 0.839 0.842 0.852 0.866 0.871 0.883 0.893 0.91 0.915 0.937 0.941 0.955 0.966 0.984 0.991 1.007 1.009 1.42 1.42 1.429 1.42 1.415 1.415 1.429 1.445 1.464 1.469 1.504 1.512 1.532 1.574 1.648 1.87 1.87 1.87 1.865 1.853 1.238 1.218 1.218 1.218 1.228 1.841 1.842 1.844 1.842 1.842 1.831 1.758 1.702 1.702 1.702 1.82 1.821 1.821 1.821 1.821 1.816 1.814 1.813 1.809 1.805 1.801 1.801 1.8 1.801 1.8 1.798 1.798 1.798 1.793 1.798 1.793 1.79 1.79 1.791 1.79 1.791 1.793 1.791 1.788 1.788 1.788 1.788 1.788 1.79 1.79 1.79 1.786 1.783 1.783 1.783 1.783 1.784 1.785 1.792 1.792 1.792 1.794 1.794 1.794 1.794 1.794 1.794 1.794 1.794 1.794 1.797 1.801 1.801 1.805 1.805 1.805 1.805 1.812 1.814 1.817 1.819 1.82 1.82 1.823 1.825 1.825 1.825 1.827 1.83 1.832 1.838 1.841 1.849 1.852 1.854 1.855 1.861 1.874 1.874 1.874 1.875 1.876 1.879 1.879 1.893 1.898 1.899 1.9 1.91 1.911 0 0 0 0 1.943 1.943 1.943 1.959 1.96 1.967 1.971 1.971 1.976 1.977 1.979 1.993 2.004 2.018 2.02 2.025 2.033 2.035 2.038 2.054 2.061 2.067 2.07 2.074 2.094 2.094 2.098 2.121 2.121 2.13 2.139 2.148 0 0 0 0 0 0 0 0 0 2.273 2.273 2.273 2.279 2.285 2.31 2.32 2.338 2.35 2.35 2.35 2.291 2.291 2.291 2.412 2.428 2.454 2.462 2.471 2.497 2.506 2.518 2.526 2.548 2.566 2.58 2.58 2.58 2.549 2.537 2.528 2.516 2.501 2.473 2.473 2.452 2.452 2.445 2.432 2.432 2.374 2.248 2.248 2.248 2.141 2.135 2.121 2.106 2.106 2.09 2.086 1.258 1.258 1.258 1.306 1.307 1.308 1.317 1.323 1.333 1.333 1.333 1.201 1.187 1.187 1.187 1.191 1.191 1.192 1.194 1.257 1.262 1.262 1.262 1.264 1.284 1.306 1.86 1.961 1.987 2.009 2.009 2.009 1.042 1.017 1.017 1.025 1.025 2.01 2.01 2.01 2.01 2.007 1.997 1.315 1.315 1.315 1.328 1.335 1.339 1.352 1.365 1.475 1.476 1.483 1.483 1.518 1.647 1.675 1.722 1.776 1.783 1.783 1.776 1.66 1.497 1.442 1.424 1.409 1.397 1.381 1.371 1.347 1.328 1.271 1.167 1.06 0.978 0.955 0.939 0.939 0.939 0.939 0.938 0.934 0.934 0.934 0.934 0.932 0.932 0.931 0.931 0.931 0.933 0.938 0.948 0.951 0.956 0.956 0.956 0.956 0.948 0.947 0.936 0.935 0.934 0.934 0.935 0.93 0.93 0.93 0.933 0.93 0.93 0.933 0.926 0.926 0.932 0.936 0.933 0.934 0.934 0.934 0.934 0.934 0.937 0.943 0.943 0.942 0.942 0.942 0.942 0.947 0.947 0.947 0.947 0.953 0.953 0.953 0.958 0.962 0.962 0.963 0.968 0.97 0.97 0.971 0.972 0.975 0.976 0.98 0.98 0.983 0.986 0.99 0.992 0.993 0.995 1 1.002 1.005 1.008 1.01 1.011 1.013 1.025 1.026 1.026 1.028 1.031 1.031 1.033 1.038 1.042 1.043 1.05 1.055 1.057 1.058 1.067 1.068 1.076 1.079 1.082 1.085 1.085 1.098 1.1 1.111 1.115 1.115 1.118 1.124 1.13 1.135 1.143 1.146 1.147 1.15 1.151 1.154 1.163 1.199 1.207 1.219 1.219 1.225 1.239 1.247 1.251 1.257 1.259 1.268 1.278 1.282 1.284 1.284 1.282 1.25 0.999 0.993 0.993 0.989 0.977 0.975 0.968 0.956 0.953 0.948 0.948 0.948 0.95 0.951 0.951 0.95 0.947 0.945 0.942 0.939 0.933 0.927 0.925 0.911 0.909 0.901 0.901 0.9 0.894 0.888 0.883 0.881 0.88 0.876 0.867 
1 1 1 1 1 1 1 1 1 1 1 1 1 1 1 1 1 1 1 1 1 1 1 1 1 1 1 1 1 1 1 1 1 1 1 1 1 1 1 1 1 1 1 1 1 1 1 1 1 1 1 1 1 1 1 1 1 1 1 1 1 1 1 1 1 1 1 1 1 1 1 1 1 1 1 1 1 1 1 1 1 1 1 1 1 1 1 1 1 1 1 1 1 1 1 1 1 1 1 1 1 1 1 1 1 1 1 1 1 1 1 1 1 1 1 1 1 1 1 1 1 1 1 1 1 1 1 1 1 1 1 1 1 1 1 1 1 1 1 1 1 1 1 1 1 1 1 1 1 1 1 1 1 1 1 1 1 1 1 1 1 1 1 1 1 1 1 1 1 1 1 1 1 1 1 1 1 1 1 1 1 1 1 1 1 1 1 1 1 1 1 1 1 1 1 1 1 1 1 1 1 1 1 1 1 1 1 1 1 1 1 1 1 1 1 1 1 1 1 1 1 1 1 1 1 1 1 1 1 1 1 1 1 1 1 1 1 1 1 1 1 1 1 1 1 1 1 1 1 1 1 1 1 1 1 1 1 1 1 1 1 1 1 1 1 1 1 1 1 1 1 1 1 1 1 1 1 1 1 1 1 1 1 1 1 1 1 1 1 1 1 1 1 1 1 1 1 1 1 1 1 1 1 1 1 1 1 1 1 1 1 1 1 1 1 1 1 1 1 1 1 1 1 1 1 1 1 1 1 1 1 1 1 0 0 0 0 1 1 1 1 1 1 1 1 1 1 1 1 1 1 1 1 1 1 1 1 1 1 1 1 1 1 1 1 1 1 1 1 0 0 0 0 0 0 0 0 0 1 1 1 1 1 1 1 1 1 1 1 1 1 1 1 1 1 1 1 1 1 1 1 1 1 1 1 1 1 1 1 1 1 1 1 1 1 1 1 1 1 1 1 1 1 1 1 1 1 1 1 1 1 1 1 1 1 1 1 1 1 1 1 1 1 1 1 1 1 1 1 1 1 1 1 1 1 1 1 1 1 1 1 1 1 1 1 1 1 1 1 1 1 1 1 1 1 1 1 1 1 1 1 1 1 1 1 1 1 1 1 1 1 1 1 1 1 1 1 1 1 1 1 1 1 1 1 1 1 1 1 1 1 1 1 1 1 1 1 1 1 1 1 1 1 1 1 1 1 1 1 1 1 1 1 1 1 1 1 1 1 1 1 1 1 1 1 1 1 1 1 1 1 1 1 1 1 1 1 1 1 1 1 1 1 1 1 1 1 1 1 1 1 1 1 1 1 1 1 1 1 1 1 1 1 1 1 1 1 1 1 1 1 1 1 1 1 1 1 1 1 1 1 1 1 1 1 1 1 1 1 1 1 1 1 1 1 1 1 1 1 1 1 1 1 1 1 1 1 1 1 1 1 1 1 1 1 1 1 1 1 1 1 1 1 1 1 1 1 1 1 1 1 1 1 1 1 1 1 1 1 1 1 1 1 1 1 1 1 1 1 1 1 1 1 1 1 1 1 1 1 1 1 1 
