# This file contains a 2D laser scan observation. 
# Its format is: 
# [aperture] [max_range] [number_of_scans] 
# [vector_of_scans] 
# [vector_of_valid_scans] 
# The aperture of the sensor is in radians, the maximum range 
# and measurements are in meters. '1' means a valid scan, '0' otherwise.
4.1847
5.6
682
0.007 0 0 0 0 0 0 0 0 0 0.007 5.259 5.231 5.228 5.228 5.231 5.235 0 0 0 0 3.142 3.142 3.142 3.142 0 0 0 0 0.007 0 0 0 0 0 0 0.007 0 0 0 0 0 0.899 0.896 0.89 0.89 0.89 0.897 0.901 0.901 0.906 0.904 0.904 0.904 0.904 0.9 0.899 0.894 0.889 0.88 0.841 0.818 0.787 0.764 0.743 0.722 0.702 0.681 0.651 0.645 0.619 0.609 0.586 0.584 0.554 0.55 0.533 0.524 0.508 0.503 0.494 0.476 0.467 0.457 0.447 0.437 0.436 0.426 0.421 0.411 0.41 0.396 0.394 0.387 0.381 0.372 0.366 0.359 0.359 0.334 0.324 0.318 0.312 0.312 0.309 0.306 0.304 0.299 0.297 0.29 0.288 0.287 0.285 0.281 0.281 0.281 0.281 0.281 0.28 0.273 0.272 0.271 0.27 0.27 0.27 0.27 0.27 0.271 0.271 0.27 0.269 0.269 0.269 0.269 0.269 0.267 0.272 0.274 0.274 0.27 0.274 0.28 0.277 0.282 0.283 0.282 0.282 0.283 0.285 0.285 0.288 0.29 0.292 0.294 0.294 0.295 0.306 0.32 0.32 0.322 0.32 0.322 0.324 0.324 0.326 0.334 1.977 1.977 1.984 1.984 1.998 2.008 2.028 2.038 2.048 2.074 2.082 2.114 2.127 2.148 2.148 2.159 2.173 2.197 2.197 2.208 2.208 2.196 1.983 1.932 1.925 1.912 1.909 1.905 1.895 1.892 1.885 1.885 1.879 1.87 1.869 1.861 1.856 1.855 1.851 1.847 1.843 1.843 1.84 1.835 1.835 1.835 1.859 1.931 1.995 2.108 2.325 2.327 2.327 2.325 2.322 2.318 2.307 2.303 2.298 2.286 2.286 2.277 2.277 2.268 2.266 2.256 2.249 2.247 2.242 2.241 2.234 2.22 2.22 2.217 2.216 2.21 2.207 2.205 2.198 2.19 2.189 2.183 2.182 2.179 2.176 2.175 2.164 2.164 2.159 2.156 2.152 2.151 2.15 2.147 2.145 2.144 2.142 2.142 2.14 2.137 2.136 2.135 2.133 2.133 2.133 2.13 2.123 2.121 2.121 2.121 2.122 2.122 2.122 2.116 2.116 2.116 2.116 2.115 2.115 2.115 2.115 2.115 2.115 2.115 2.115 1.632 1.596 1.592 1.58 1.579 1.576 1.572 1.57 1.57 1.566 1.566 1.566 1.567 1.566 1.567 1.566 1.567 1.568 1.568 1.568 1.571 1.571 1.571 1.573 1.579 1.594 1.629 1.672 1.684 1.687 1.688 1.691 1.692 1.693 1.693 1.692 0.84 0.838 0.832 0.825 0.808 0.794 0.793 0.778 0.772 0.763 0.754 0.75 0.747 0.748 0.747 0.747 0.746 0.735 0.725 0.715 0.711 0.71 0.704 0.698 0.694 0.691 0.681 0.681 0.679 0.672 0.658 0.656 0.655 0.647 0.646 0.633 0.629 0.629 0.625 0.624 0.62 0.616 0.607 0.606 0.603 0.603 0.597 0.594 0.586 0.581 0.576 0.574 0.573 0.567 0.565 0.559 0.557 0.555 0.554 0.55 0.55 0.548 0.538 0.536 0.523 0.52 0.513 0.511 0.509 0.501 0.5 0.497 0.495 0.491 0.485 0.485 0.479 0.476 0.474 0.473 0.473 0.473 0.472 0.469 0.466 0.464 0.461 0.454 0.454 0.457 0.454 0.456 0.457 0.456 0.453 0.453 0.45 0.445 0.442 0.441 0.436 0.436 0.435 0.434 0.431 0.429 0.429 0.429 0.429 0.429 0.428 0.423 0.423 0.423 0.419 0.421 0.418 0.418 0.418 0.421 0.423 0.44 0.445 0.448 0.549 0.549 0.549 0.457 0.453 0.446 0.445 0.446 0.445 0.444 0.439 0.434 0.434 0.43 0.428 0.418 0.418 0.417 0.416 0.415 0.411 0.413 0.411 0.411 0.409 0.409 0.409 0.409 0.405 0.399 0.402 0.401 0.399 0.401 0.401 0.399 0.399 0.399 0.399 0.402 0.404 0.409 0.409 0.412 0.412 0.412 0.425 0.426 0.435 0.437 0.461 0.48 0.523 0.539 0.552 0.567 0.574 0.6 0.606 0.626 0.648 0.676 0.696 0.719 0.741 0.766 0.795 0.82 0.854 0.885 0.931 0.976 1.018 1.049 1.063 1.063 1.064 1.064 1.063 1.063 1.063 1.061 1.059 1.058 1.058 1.058 1.058 1.055 1.052 1.049 1.048 1.048 1.048 1.048 1.048 1.049 1.049 1.05 1.055 1.064 1.064 1.071 2.543 2.543 2.544 2.544 2.543 2.543 2.544 2.544 2.548 2.552 2.561 2.581 2.608 2.656 3.127 3.129 3.13 3.132 3.133 3.137 3.142 3.149 3.149 3.151 3.151 3.16 3.166 3.169 3.169 3.172 3.177 3.179 3.18 3.189 3.19 0 0 0 0 0 0 0 0 0 0 0 0 0 0 0 0 0 0 0 0 0 0 0 0 0 0 0 0 0 0 0 0 0 0 0 0 0 0 0 0 0 0 0 0 0 0 0 0 2.928 2.928 2.89 2.861 1.383 1.381 1.378 1.372 1.354 1.329 1.301 1.301 1.301 1.304 1.307 1.309 1.311 1.321 1.327 1.328 1.335 1.348 1.364 1.376 1.378 1.384 1.39 1.396 1.408 1.423 1.425 1.434 1.444 1.447 1.454 1.462 1.473 1.492 1.492 1.5 1.513 1.524 1.53 1.536 1.555 1.564 
0 0 0 0 0 0 0 0 0 0 0 1 1 1 1 1 1 0 0 0 0 1 1 1 1 0 0 0 0 0 0 0 0 0 0 0 0 0 0 0 0 0 1 1 1 1 1 1 1 1 1 1 1 1 1 1 1 1 1 1 1 1 1 1 1 1 1 1 1 1 1 1 1 1 1 1 1 1 1 1 1 1 1 1 1 1 1 1 1 1 1 1 1 1 1 1 1 1 1 1 1 1 1 1 1 1 1 1 1 1 1 1 1 1 1 1 1 1 1 1 1 1 1 1 1 1 1 1 1 1 1 1 1 1 1 1 1 1 1 1 1 1 1 1 1 1 1 1 1 1 1 1 1 1 1 1 1 1 1 1 1 1 1 1 1 1 1 1 1 1 1 1 1 1 1 1 1 1 1 1 1 1 1 1 1 1 1 1 1 1 1 1 1 1 1 1 1 1 1 1 1 1 1 1 1 1 1 1 1 1 1 1 1 1 1 1 1 1 1 1 1 1 1 1 1 1 1 1 1 1 1 1 1 1 1 1 1 1 1 1 1 1 1 1 1 1 1 1 1 1 1 1 1 1 1 1 1 1 1 1 1 1 1 1 1 1 1 1 1 1 1 1 1 1 1 1 1 1 1 1 1 1 1 1 1 1 1 1 1 1 1 1 1 1 1 1 1 1 1 1 1 1 1 1 1 1 1 1 1 1 1 1 1 1 1 1 1 1 1 1 1 1 1 1 1 1 1 1 1 1 1 1 1 1 1 1 1 1 1 1 1 1 1 1 1 1 1 1 1 1 1 1 1 1 1 1 1 1 1 1 1 1 1 1 1 1 1 1 1 1 1 1 1 1 1 1 1 1 1 1 1 1 1 1 1 1 1 1 1 1 1 1 1 1 1 1 1 1 1 1 1 1 1 1 1 1 1 1 1 1 1 1 1 1 1 1 1 1 1 1 1 1 1 1 1 1 1 1 1 1 1 1 1 1 1 1 1 1 1 1 1 1 1 1 1 1 1 1 1 1 1 1 1 1 1 1 1 1 1 1 1 1 1 1 1 1 1 1 1 1 1 1 1 1 1 1 1 1 1 1 1 1 1 1 1 1 1 1 1 1 1 1 1 1 1 1 1 1 1 1 1 1 1 1 1 1 1 1 1 1 1 1 1 1 1 1 1 1 1 1 1 1 1 1 1 1 1 1 1 1 1 1 1 1 1 1 1 1 1 1 1 1 1 1 1 1 1 1 1 1 1 1 1 1 1 1 1 1 1 1 1 1 1 1 1 1 1 1 1 1 1 1 1 1 1 1 1 1 1 1 1 1 1 1 1 1 1 1 0 0 0 0 0 0 0 0 0 0 0 0 0 0 0 0 0 0 0 0 0 0 0 0 0 0 0 0 0 0 0 0 0 0 0 0 0 0 0 0 0 0 0 0 0 0 0 0 1 1 1 1 1 1 1 1 1 1 1 1 1 1 1 1 1 1 1 1 1 1 1 1 1 1 1 1 1 1 1 1 1 1 1 1 1 1 1 1 1 1 1 1 1 1 
