# This file contains a 2D laser scan observation. 
# Its format is: 
# [aperture] [max_range] [number_of_scans] 
# [vector_of_scans] 
# [vector_of_valid_scans] 
# The aperture of the sensor is in radians, the maximum range 
# and measurements are in meters. '1' means a valid scan, '0' otherwise.
4.1847
5.6
682
1.39 1.457 1.505 1.505 1.505 1.49 1.488 1.479 1.476 1.476 1.476 0 0 0 0 0 0 0 0 0 0 0 0 0 0 0 0 0 0 0 0 0 1.273 1.268 1.268 1.268 0 0 0 0 0 0 0 0 0 0 0 0 0 0 0 0 0 0 0 0 0 0 0 0 0 0 0 0 0 0 0 0 0 0 0 0 0 0 0 0 0 0 0 0 0 0 1.155 1.14 1.14 1.14 1.14 1.14 1.13 1.126 1.125 1.108 1.105 1.099 1.095 1.095 1.094 1.094 1.094 1.094 1.092 1.092 1.094 1.094 1.088 1.088 1.088 1.088 1.088 1.083 1.079 1.079 1.077 1.077 1.067 1.067 1.066 1.067 1.066 1.068 1.072 1.073 1.072 1.073 1.073 1.071 1.07 1.07 1.069 1.069 1.069 1.069 1.068 1.068 1.068 1.068 1.068 1.068 1.068 1.068 0 0 0 0.826 0.826 0.826 1.098 1.098 1.098 1.098 1.095 1.095 1.098 1.103 1.103 1.107 1.107 1.105 1.107 1.109 1.109 1.114 1.114 1.115 1.118 1.118 1.118 1.129 1.122 1.129 1.13 1.13 1.133 1.133 1.135 1.135 1.136 1.143 1.15 1.153 1.154 1.155 1.159 1.159 1.159 1.12 1.043 1.043 1.041 1.041 1.046 1.15 1.187 1.19 1.191 1.197 1.201 1.203 1.206 1.21 1.221 1.226 1.226 1.228 1.237 1.24 1.244 1.251 1.259 1.265 1.267 1.271 1.282 1.283 1.287 1.295 1.296 1.299 1.307 1.31 1.313 1.31 1.307 0.667 0.662 0.662 0.661 0.661 0.662 0.663 0.663 0.692 1.371 1.401 1.401 1.414 1.416 1.416 1.433 1.44 1.447 1.459 1.463 1.469 1.478 1.488 1.498 1.508 1.525 1.538 1.539 1.545 1.554 1.571 1.576 1.584 1.596 1.613 1.616 1.625 1.633 1.642 1.658 1.672 1.688 1.688 1.688 1.164 1.143 1.129 1.115 1.103 1.101 1.095 1.087 1.084 1.077 1.075 1.075 1.071 1.071 1.07 1.07 1.07 1.068 1.068 1.068 1.066 1.066 1.066 1.066 1.069 1.072 1.076 1.086 1.09 1.097 1.1 1.114 1.124 1.137 1.154 0 0 0 0 0 0 0 0 0 0 0 0 0 0 0 0 0 0 0 0 0 0 0 0 0 0 0 0 0 0 0 0 0 0 0 0 0 0 0 0 0 0 0 0 0 2.374 2.374 2.374 2.366 2.365 2.363 2.365 2.366 2.361 0 0.007 0 2.347 2.349 2.347 2.342 2.346 2.341 2.34 2.336 2.334 2.333 2.334 2.334 2.334 2.333 2.333 2.333 2.33 2.33 2.327 2.329 2.329 2.329 2.33 2.33 2.33 2.332 2.332 2.332 2.332 2.336 2.336 2.336 2.338 2.338 2.338 2.34 2.343 2.347 2.347 2.347 2.347 2.347 2.352 2.353 2.356 2.359 2.36 2.363 2.367 2.368 2.373 2.374 2.378 2.38 2.381 2.388 2.389 2.395 2.398 2.398 2.398 2.367 2.278 2.262 2.248 2.226 2.216 2.181 2.167 2.151 2.147 2.12 2.116 2.092 2.084 2.065 2.048 2.048 2.028 2.004 1.996 1.995 1.975 1.955 1.946 1.929 1.92 1.91 1.896 1.883 1.873 1.862 1.853 1.84 1.832 1.823 1.812 1.795 1.789 1.789 1.789 1.801 1.816 1.819 1.82 1.823 1.825 1.835 3.521 3.521 3.521 3.487 3.453 3.409 3.391 3.352 3.324 3.281 3.254 3.232 3.208 3.162 3.162 3.162 3.188 3.203 3.214 3.229 3.251 3.267 3.282 3.298 3.317 3.334 3.36 3.387 3.401 3.421 3.428 3.457 3.473 3.493 3.521 3.536 3.567 3.588 3.601 3.623 3.623 3.623 1.208 1.191 1.191 1.177 1.169 1.166 1.155 1.153 1.15 1.15 1.143 1.141 1.132 1.126 1.125 1.114 1.11 1.104 1.103 1.101 1.092 1.077 1.077 1.072 1.065 1.061 1.057 1.052 1.014 1.008 1.006 0.992 0.992 0.979 0.974 0.974 0.973 0.97 0.97 0.96 0.959 0.952 0.949 0.946 0.945 0.945 0.945 0.934 0.932 0.928 0.929 0.928 0.917 0.917 0.913 0.912 0.909 0.897 0.892 0.892 0.892 0.892 0.883 0.88 0.878 0.878 0.878 0.878 0.877 0.872 0.867 0.863 0.858 0.858 0.858 0.858 0.853 0.852 0.849 0.849 0.85 0.85 0.849 0.85 0.85 0.861 0.871 0.911 0.971 0 0 0 0 0.007 1.244 0.829 0.827 0.826 0.825 0.819 0.818 0.817 0.816 0.816 0.816 0.809 0.808 0.808 0.808 0.808 0.808 0.808 0.808 0.802 0.802 0.802 0.804 0.804 0.807 0.816 0.819 0.821 0.822 0.822 0.822 0.815 0.813 0.807 0.806 0.806 0.806 0.807 0.809 0.809 0.804 0.814 0.805 0.805 0.814 0.814 0.813 0.815 0.815 0.815 0.818 0.821 0.821 0.821 0.827 0.829 0.832 0.832 0.833 0.834 0.835 0.837 0.839 0.839 0.839 0.843 0.839 0.839 0.843 0.843 0.843 0.844 0.844 0.846 0.851 0.853 0.853 0.856 0.856 
1 1 1 1 1 1 1 1 1 1 1 0 0 0 0 0 0 0 0 0 0 0 0 0 0 0 0 0 0 0 0 0 1 1 1 1 0 0 0 0 0 0 0 0 0 0 0 0 0 0 0 0 0 0 0 0 0 0 0 0 0 0 0 0 0 0 0 0 0 0 0 0 0 0 0 0 0 0 0 0 0 0 1 1 1 1 1 1 1 1 1 1 1 1 1 1 1 1 1 1 1 1 1 1 1 1 1 1 1 1 1 1 1 1 1 1 1 1 1 1 1 1 1 1 1 1 1 1 1 1 1 1 1 1 1 1 1 1 1 1 0 0 0 1 1 1 1 1 1 1 1 1 1 1 1 1 1 1 1 1 1 1 1 1 1 1 1 1 1 1 1 1 1 1 1 1 1 1 1 1 1 1 1 1 1 1 1 1 1 1 1 1 1 1 1 1 1 1 1 1 1 1 1 1 1 1 1 1 1 1 1 1 1 1 1 1 1 1 1 1 1 1 1 1 1 1 1 1 1 1 1 1 1 1 1 1 1 1 1 1 1 1 1 1 1 1 1 1 1 1 1 1 1 1 1 1 1 1 1 1 1 1 1 1 1 1 1 1 1 1 1 1 1 1 1 1 1 1 1 1 1 1 1 1 1 1 1 1 1 1 1 1 1 1 1 1 1 1 1 1 1 1 0 0 0 0 0 0 0 0 0 0 0 0 0 0 0 0 0 0 0 0 0 0 0 0 0 0 0 0 0 0 0 0 0 0 0 0 0 0 0 0 0 0 0 0 0 1 1 1 1 1 1 1 1 1 0 0 0 1 1 1 1 1 1 1 1 1 1 1 1 1 1 1 1 1 1 1 1 1 1 1 1 1 1 1 1 1 1 1 1 1 1 1 1 1 1 1 1 1 1 1 1 1 1 1 1 1 1 1 1 1 1 1 1 1 1 1 1 1 1 1 1 1 1 1 1 1 1 1 1 1 1 1 1 1 1 1 1 1 1 1 1 1 1 1 1 1 1 1 1 1 1 1 1 1 1 1 1 1 1 1 1 1 1 1 1 1 1 1 1 1 1 1 1 1 1 1 1 1 1 1 1 1 1 1 1 1 1 1 1 1 1 1 1 1 1 1 1 1 1 1 1 1 1 1 1 1 1 1 1 1 1 1 1 1 1 1 1 1 1 1 1 1 1 1 1 1 1 1 1 1 1 1 1 1 1 1 1 1 1 1 1 1 1 1 1 1 1 1 1 1 1 1 1 1 1 1 1 1 1 1 1 1 1 1 1 1 1 1 1 1 1 1 1 1 1 1 1 1 1 1 1 1 1 1 1 1 1 1 1 1 1 1 1 1 1 1 0 0 0 0 0 1 1 1 1 1 1 1 1 1 1 1 1 1 1 1 1 1 1 1 1 1 1 1 1 1 1 1 1 1 1 1 1 1 1 1 1 1 1 1 1 1 1 1 1 1 1 1 1 1 1 1 1 1 1 1 1 1 1 1 1 1 1 1 1 1 1 1 1 1 1 1 1 1 1 1 1 1 1 1 
