# This file contains a 2D laser scan observation. 
# Its format is: 
# [aperture] [max_range] [number_of_scans] 
# [vector_of_scans] 
# [vector_of_valid_scans] 
# The aperture of the sensor is in radians, the maximum range 
# and measurements are in meters. '1' means a valid scan, '0' otherwise.
4.1847
5.6
682
1.768 1.757 1.739 1.723 1.713 1.702 1.692 1.677 1.663 1.655 1.64 1.634 1.619 1.608 1.599 1.587 1.572 1.569 1.558 1.555 1.539 1.536 1.518 1.515 1.499 1.488 1.482 1.479 1.463 1.458 1.456 1.45 1.434 1.434 1.421 1.413 1.4 1.395 1.395 1.388 1.381 1.38 1.363 1.363 1.362 1.332 0.383 0.38 0.38 0.38 0.38 0.381 0.381 0.382 0.381 0.376 0.376 0.379 0.379 0.395 0.419 0.429 0.429 0.429 0.381 0.373 0.366 0.363 0.361 0.358 0.358 0.358 0.358 0.358 0.352 0.345 0.344 0.344 0.343 0.338 0.338 0.337 0.337 0.339 0.339 0.339 0.339 0.34 0.341 0.338 0.341 0.342 0.348 0.356 0.356 0.356 0.356 0.356 0.369 0.37 0.375 0.385 0.395 0.402 0.411 0.461 0.475 0.482 0.5 0.528 0.534 0.556 0.575 0.588 0.612 0.626 0.648 0.672 0.704 0.725 0.757 0.784 0.823 0.841 0.875 0.913 0.953 0.964 0.975 0.982 0.994 1.51 1.626 1.755 1.755 1.755 1.851 2.612 2.612 2.612 2.614 4.81 4.81 4.814 4.823 0.006 0.006 0.006 0.006 0.006 0.006 0 0 0 0 0.006 0.006 0.006 0 0 0 0 0 0 0 0 0 0 0 0 0 0 0 0 0.007 4.295 4.219 4.143 4.035 3.899 3.767 3.675 3.572 3.47 3.393 3.307 3.218 3.139 3.059 2.989 2.915 2.915 2.843 2.746 2.723 2.723 2.723 2.745 2.752 2.752 2.752 2.737 2.737 2.737 2.747 2.763 2.767 2.767 2.767 2.075 2.054 2.025 1.993 1.972 1.934 1.925 1.887 1.862 1.839 1.818 1.795 1.78 1.748 1.734 1.716 1.7 1.675 1.664 1.643 1.624 1.601 1.589 1.576 1.559 1.559 1.559 1.559 1.568 1.572 1.578 1.587 1.596 1.599 1.606 1.608 1.615 1.623 1.63 1.648 1.651 1.668 1.671 1.682 1.686 1.698 1.71 1.723 1.728 1.732 1.747 1.752 1.767 1.778 1.779 1.792 1.801 1.812 1.824 1.833 1.843 1.859 1.868 1.88 1.893 1.902 1.916 1.924 1.938 1.945 1.963 1.969 1.987 1.993 2.018 2.023 2.044 2.057 2.072 2.082 2.103 2.123 2.134 2.144 2.171 2.178 2.203 2.22 2.22 2.22 2.216 2.215 2.203 2.201 2.201 2.201 2.213 2.24 2.358 2.461 2.479 2.502 2.525 2.548 2.582 2.608 2.63 2.663 2.697 2.716 2.752 2.783 2.815 2.848 2.884 2.924 2.958 2.997 3.046 3.097 3.135 3.178 3.227 3.297 3.334 3.533 3.582 3.627 5.452 5.478 0 0 0 0 0 0 0 0 0 0 0 0 0 0 0 0 0 1.899 1.895 1.89 1.88 1.88 1.879 1.879 1.878 1.88 1.878 1.876 1.872 1.87 1.863 1.86 1.852 1.852 1.849 1.848 1.849 1.854 1.858 1.936 1.936 1.949 1.95 1.971 1.995 2.037 2.087 2.116 2.158 2.185 2.217 2.245 2.293 2.349 2.386 2.459 2.494 2.543 0 0 0 0 0 0 0 0 0 0 0 0 0 0.007 0 0 0.007 0 0.007 0 0 0 0 0 0 4.336 4.336 4.336 0 0 0 0 0 0 0 0 0 0 0 0 5.108 2.354 1.907 1.9 1.9 1.9 1.898 1.901 1.901 1.898 1.895 1.863 1.833 1.795 1.763 1.728 1.701 1.674 1.64 1.608 1.586 1.555 1.533 1.507 1.487 1.465 1.447 1.415 1.394 1.35 1.334 1.327 1.312 1.307 1.305 1.303 1.302 1.303 1.303 1.309 1.318 1.323 1.328 1.335 1.335 1.348 2.374 2.374 2.374 2.354 2.342 2.337 2.337 2.342 2.353 2.356 2.367 2.369 2.67 2.712 2.727 2.747 2.757 2.766 2.785 2.796 2.805 2.814 2.831 2.846 2.854 2.879 2.887 2.899 2.916 2.939 2.95 2.973 2.986 3.039 3.05 3.05 3.05 3.07 3.1 3.1 3.1 2.843 2.843 2.819 2.818 0.773 0.746 0.739 0.737 0.736 0.729 0.729 0.725 0.716 0.713 0.713 0.713 0.713 0.71 0.705 0.703 0.7 0.699 0.695 0.695 0.691 0.682 0.681 0.679 0.678 0.677 0.67 0.669 0.661 0.661 0.658 0.656 0.656 0.652 0.648 0.644 0.638 0.638 0.638 0.638 0.638 0.638 0.632 0.625 0.625 0.625 0.623 0.623 0.616 0.616 0.616 0.612 0.611 0.611 0.608 0.608 0.604 0.604 0.603 0.602 0.603 0.601 0.597 0.596 0.593 0.593 0.593 0.59 0.59 0.587 0.587 0.585 0.584 0.584 0.584 0.582 0.58 0.576 0.576 0.576 0.576 0.576 0.576 0.569 0.565 0.565 0.565 0.567 0.57 0.57 0.567 0.566 0.565 0.565 0.564 0.563 0.563 0.563 0.56 0.563 0.56 0.559 0.559 0.559 0.558 0.559 0.558 0.557 0.557 0.557 0.557 0.557 0.558 0.558 0.556 0.556 0.558 0.556 0.557 0.557 0.557 0.557 0.557 0.554 0.558 0.558 0.554 0.558 0.558 0.553 0.553 0.56 0.56 0.562 0.562 0.562 0.56 0.56 0.56 0.56 0.56 0.556 0.556 0.557 0.56 0.56 0.563 0.563 0.56 0.563 0.563 0.565 0.565 0.566 
1 1 1 1 1 1 1 1 1 1 1 1 1 1 1 1 1 1 1 1 1 1 1 1 1 1 1 1 1 1 1 1 1 1 1 1 1 1 1 1 1 1 1 1 1 1 1 1 1 1 1 1 1 1 1 1 1 1 1 1 1 1 1 1 1 1 1 1 1 1 1 1 1 1 1 1 1 1 1 1 1 1 1 1 1 1 1 1 1 1 1 1 1 1 1 1 1 1 1 1 1 1 1 1 1 1 1 1 1 1 1 1 1 1 1 1 1 1 1 1 1 1 1 1 1 1 1 1 1 1 1 1 1 1 1 1 1 1 1 1 1 1 1 1 1 0 0 0 0 0 0 0 0 0 0 0 0 0 0 0 0 0 0 0 0 0 0 0 0 0 0 0 0 0 0 1 1 1 1 1 1 1 1 1 1 1 1 1 1 1 1 1 1 1 1 1 1 1 1 1 1 1 1 1 1 1 1 1 1 1 1 1 1 1 1 1 1 1 1 1 1 1 1 1 1 1 1 1 1 1 1 1 1 1 1 1 1 1 1 1 1 1 1 1 1 1 1 1 1 1 1 1 1 1 1 1 1 1 1 1 1 1 1 1 1 1 1 1 1 1 1 1 1 1 1 1 1 1 1 1 1 1 1 1 1 1 1 1 1 1 1 1 1 1 1 1 1 1 1 1 1 1 1 1 1 1 1 1 1 1 1 1 1 1 1 1 1 1 1 1 1 1 1 1 1 1 1 1 1 1 1 1 1 1 1 1 1 1 1 0 0 0 0 0 0 0 0 0 0 0 0 0 0 0 0 0 1 1 1 1 1 1 1 1 1 1 1 1 1 1 1 1 1 1 1 1 1 1 1 1 1 1 1 1 1 1 1 1 1 1 1 1 1 1 1 1 1 0 0 0 0 0 0 0 0 0 0 0 0 0 0 0 0 0 0 0 0 0 0 0 0 0 1 1 1 0 0 0 0 0 0 0 0 0 0 0 0 1 1 1 1 1 1 1 1 1 1 1 1 1 1 1 1 1 1 1 1 1 1 1 1 1 1 1 1 1 1 1 1 1 1 1 1 1 1 1 1 1 1 1 1 1 1 1 1 1 1 1 1 1 1 1 1 1 1 1 1 1 1 1 1 1 1 1 1 1 1 1 1 1 1 1 1 1 1 1 1 1 1 1 1 1 1 1 1 1 1 1 1 1 1 1 1 1 1 1 1 1 1 1 1 1 1 1 1 1 1 1 1 1 1 1 1 1 1 1 1 1 1 1 1 1 1 1 1 1 1 1 1 1 1 1 1 1 1 1 1 1 1 1 1 1 1 1 1 1 1 1 1 1 1 1 1 1 1 1 1 1 1 1 1 1 1 1 1 1 1 1 1 1 1 1 1 1 1 1 1 1 1 1 1 1 1 1 1 1 1 1 1 1 1 1 1 1 1 1 1 1 1 1 1 1 1 1 1 1 1 1 1 1 1 1 1 1 1 1 1 1 1 1 1 1 1 1 1 1 1 1 1 1 1 1 1 1 1 1 1 1 1 1 1 1 
