# This file contains a 2D laser scan observation. 
# Its format is: 
# [aperture] [max_range] [number_of_scans] 
# [vector_of_scans] 
# [vector_of_valid_scans] 
# The aperture of the sensor is in radians, the maximum range 
# and measurements are in meters. '1' means a valid scan, '0' otherwise.
4.1847
5.6
682
0.672 0.672 0.668 0.668 0.668 0.668 0.668 0.66 0.658 0.66 0.66 0.674 0.676 0.678 0.676 0.676 0.676 0.675 0.675 0.675 0.675 0.675 0.675 0.675 0.677 0.677 0.679 0.679 0.677 0.68 0.678 0.675 0.673 0.675 0.673 0.673 0.675 0.675 0.675 0.678 0.678 0.678 0.678 0.68 0.681 0.681 0.682 0.683 0.684 0.684 0.684 0.686 0.688 0.687 0.687 0.688 0.688 0.688 0.688 0.688 0.689 0.689 0.691 0.692 0.692 0.695 0.7 0.7 0.7 0.7 0.702 0.704 0.706 0.707 0.708 0.71 0.71 0.711 0.712 0.715 0.717 0.717 0.717 0.717 0.718 0.718 0.719 0.719 0.719 0.723 0.731 0.733 0.737 0.743 0.743 0.743 0.743 0.744 0.744 0.747 0.749 0.751 0.751 0.753 0.757 0.762 0.765 0.765 0.766 0.773 0.775 0.776 0.783 0.781 0.785 0.785 0.79 0.792 0.794 0.798 0.802 0.805 0.805 0.807 0.811 0.813 0.813 0.821 0.829 0.83 0.837 0.845 0.845 0.845 0.855 0.858 0.858 0.861 0.865 0.865 0.884 0.892 0.894 0.898 0.9 0.905 0.905 0.912 0.93 0.93 0.937 0.944 0.945 0.949 0.965 0.965 0.972 0.981 0.983 0.99 0.994 1.007 1.013 1.015 1.025 1.038 1.039 1.053 1.055 1.068 1.07 1.077 1.086 1.091 1.109 1.11 1.127 1.132 1.141 1.149 1.161 1.165 1.178 1.199 1.203 1.218 1.231 1.232 1.245 1.269 1.283 1.291 1.305 1.315 1.333 1.339 1.352 1.376 1.383 1.394 1.414 1.435 1.451 1.452 1.472 1.496 1.506 1.512 1.545 1.584 1.683 1.697 1.716 1.745 1.769 1.803 1.822 1.857 1.887 1.905 1.939 1.963 1.995 2.029 2.069 2.104 2.136 2.18 2.228 2.247 2.248 2.254 2.263 2.306 2.393 2.43 2.43 2.48 2.54 2.61 2.675 2.732 2.802 2.888 2.972 3.05 3.131 3.223 3.318 3.425 3.551 3.673 3.793 3.922 4.052 4.258 4.359 4.362 4.377 0 0 0 0 0.006 0.006 0.006 0.006 0.006 0.006 0.006 0.006 0.006 0.006 0.006 0.006 0.006 0.006 0.006 0.006 0.006 0.006 0.006 0.006 0.006 0.006 0 0 0 0.007 4.312 4.312 4.312 4.043 3.266 3.002 2.789 2.613 2.393 2.167 2.155 2.155 2.153 2.154 2.155 2.155 2.154 2.154 1.456 1.429 1.386 1.339 1.29 1.247 1.213 1.173 1.141 1.118 1.09 1.056 1.031 1 0.974 0.95 0.935 0.91 0.888 0.866 0.866 0.866 0.866 0.872 0.873 0.876 0.878 0.884 0.884 0.884 0.884 0.884 0.886 0.891 0.898 0.898 0.898 0.9 0.9 0.904 0.904 0.905 0.909 0.911 0.916 0.919 0.927 0.927 0.928 0.934 0.935 0.938 0.941 0.942 0.949 0.952 0.954 0.956 0.96 0.969 0.975 0.978 0.979 0.981 0.984 0.989 0.993 1 1.003 1.005 1.007 1.01 1.024 1.028 1.033 1.036 1.046 1.048 1.053 1.055 1.06 1.061 1.074 1.083 1.083 1.086 1.087 1.1 1.104 1.108 1.114 1.126 1.127 1.14 1.141 1.146 1.151 1.166 1.167 1.178 1.186 1.19 1.201 1.205 1.205 1.211 1.233 1.242 1.245 1.25 1.26 1.269 1.28 1.286 1.301 1.314 1.32 1.324 1.335 1.348 1.363 1.374 1.38 1.393 1.398 1.421 1.423 1.44 1.451 1.455 1.481 1.487 1.503 1.503 1.503 1.497 1.494 1.486 1.482 1.479 1.478 1.478 1.479 1.48 1.488 1.492 1.526 1.622 1.754 1.771 1.799 1.818 1.845 1.872 1.888 1.906 1.935 1.962 1.989 2.018 2.044 2.07 2.093 2.128 2.15 2.186 2.217 2.255 2.282 2.316 2.352 2.389 2.436 2.461 2.518 2.551 2.596 2.875 0.007 5.446 5.446 5.446 5.424 5.413 5.41 5.4 5.395 5.385 5.372 5.367 5.354 5.351 5.34 5.331 5.322 5.319 5.314 5.313 5.306 5.287 5.281 5.264 5.263 5.256 5.254 5.253 5.25 3.293 3.289 3.289 3.289 3.282 3.28 3.278 3.278 3.278 3.275 3.275 3.275 3.275 3.274 3.274 1.38 1.379 1.371 1.276 1.269 1.268 1.255 1.255 1.255 1.255 1.259 1.263 1.263 1.273 1.273 1.274 1.274 1.274 1.265 1.265 1.265 1.269 1.27 1.27 1.27 1.27 1.27 1.268 1.264 1.264 1.269 1.268 1.269 1.269 1.272 1.283 1.284 1.389 1.4 0 0 0 0 0 0 0.006 0.006 0.006 0.006 0.006 0.006 0.006 0.006 0.006 0.006 0.006 0.006 0 3.672 3.672 3.672 0 0.006 0.006 0.006 0 0 0 3.639 3.639 3.639 0 0.006 0.006 0.006 0.006 0.006 0.006 0.006 0.006 0.006 0.006 0.006 0.006 0.006 0.006 0.006 0.006 0.006 0.006 0 0 2.078 2.052 2.027 2.01 1.992 1.973 1.962 1.932 1.924 1.901 1.881 1.868 1.852 1.828 1.746 1.646 1.621 1.602 1.602 1.597 1.597 1.597 1.601 1.603 1.616 1.62 1.622 1.622 1.622 1.614 1.592 1.586 1.578 1.568 1.55 1.545 1.523 1.517 1.509 1.507 1.491 1.485 1.468 1.465 1.453 1.444 1.439 1.429 1.417 1.412 1.4 1.398 1.384 1.377 1.37 1.366 1.358 1.347 1.345 1.333 1.327 
1 1 1 1 1 1 1 1 1 1 1 1 1 1 1 1 1 1 1 1 1 1 1 1 1 1 1 1 1 1 1 1 1 1 1 1 1 1 1 1 1 1 1 1 1 1 1 1 1 1 1 1 1 1 1 1 1 1 1 1 1 1 1 1 1 1 1 1 1 1 1 1 1 1 1 1 1 1 1 1 1 1 1 1 1 1 1 1 1 1 1 1 1 1 1 1 1 1 1 1 1 1 1 1 1 1 1 1 1 1 1 1 1 1 1 1 1 1 1 1 1 1 1 1 1 1 1 1 1 1 1 1 1 1 1 1 1 1 1 1 1 1 1 1 1 1 1 1 1 1 1 1 1 1 1 1 1 1 1 1 1 1 1 1 1 1 1 1 1 1 1 1 1 1 1 1 1 1 1 1 1 1 1 1 1 1 1 1 1 1 1 1 1 1 1 1 1 1 1 1 1 1 1 1 1 1 1 1 1 1 1 1 1 1 1 1 1 1 1 1 1 1 1 1 1 1 1 1 1 1 1 1 1 1 1 1 1 1 1 1 1 1 1 1 1 1 1 1 1 1 1 1 1 1 1 1 1 1 1 0 0 0 0 0 0 0 0 0 0 0 0 0 0 0 0 0 0 0 0 0 0 0 0 0 0 0 0 0 0 1 1 1 1 1 1 1 1 1 1 1 1 1 1 1 1 1 1 1 1 1 1 1 1 1 1 1 1 1 1 1 1 1 1 1 1 1 1 1 1 1 1 1 1 1 1 1 1 1 1 1 1 1 1 1 1 1 1 1 1 1 1 1 1 1 1 1 1 1 1 1 1 1 1 1 1 1 1 1 1 1 1 1 1 1 1 1 1 1 1 1 1 1 1 1 1 1 1 1 1 1 1 1 1 1 1 1 1 1 1 1 1 1 1 1 1 1 1 1 1 1 1 1 1 1 1 1 1 1 1 1 1 1 1 1 1 1 1 1 1 1 1 1 1 1 1 1 1 1 1 1 1 1 1 1 1 1 1 1 1 1 1 1 1 1 1 1 1 1 1 1 1 1 1 1 1 1 1 1 1 1 1 1 1 1 1 1 1 1 1 1 1 1 1 1 1 0 1 1 1 1 1 1 1 1 1 1 1 1 1 1 1 1 1 1 1 1 1 1 1 1 1 1 1 1 1 1 1 1 1 1 1 1 1 1 1 1 1 1 1 1 1 1 1 1 1 1 1 1 1 1 1 1 1 1 1 1 1 1 1 1 1 1 1 1 1 1 1 1 1 1 1 1 1 1 1 1 1 1 0 0 0 0 0 0 0 0 0 0 0 0 0 0 0 0 0 0 0 1 1 1 0 0 0 0 0 0 0 1 1 1 0 0 0 0 0 0 0 0 0 0 0 0 0 0 0 0 0 0 0 0 0 1 1 1 1 1 1 1 1 1 1 1 1 1 1 1 1 1 1 1 1 1 1 1 1 1 1 1 1 1 1 1 1 1 1 1 1 1 1 1 1 1 1 1 1 1 1 1 1 1 1 1 1 1 1 1 1 1 1 1 1 1 
