# This file contains a 2D laser scan observation. 
# Its format is: 
# [aperture] [max_range] [number_of_scans] 
# [vector_of_scans] 
# [vector_of_valid_scans] 
# The aperture of the sensor is in radians, the maximum range 
# and measurements are in meters. '1' means a valid scan, '0' otherwise.
4.1847
5.6
682
2.318 2.329 2.387 2.387 2.387 2.37 2.345 2.323 2.303 2.287 2.27 2.255 2.234 2.216 2.199 2.183 2.158 2.145 2.139 2.113 2.107 2.084 2.072 2.056 2.044 2.036 2.017 2.007 1.988 1.98 1.97 1.389 1.33 1.322 1.322 1.322 1.326 1.335 1.341 1.847 1.847 1.847 1.842 1.828 1.823 1.808 1.799 1.79 1.783 1.774 1.768 1.755 1.744 1.739 1.654 1.568 1.568 1.568 1.573 1.576 1.602 1.658 1.658 1.658 1.653 1.646 1.642 1.629 1.621 1.503 1.495 1.49 1.472 1.467 1.467 1.45 1.449 1.447 1.444 1.436 1.434 1.429 1.41 1.408 1.406 1.404 1.404 1.403 1.399 1.395 1.392 1.384 1.382 1.378 1.378 1.374 1.364 1.364 1.364 1.363 1.36 1.353 1.343 1.341 1.34 1.34 1.337 1.336 1.336 1.333 1.325 1.325 1.325 1.326 1.328 1.365 1.403 1.415 1.415 1.415 1.414 1.413 1.412 1.404 1.4 1.399 1.397 1.395 1.394 1.393 1.393 1.39 1.39 1.39 1.389 1.385 1.384 1.384 1.384 1.384 1.381 1.374 1.361 0.897 0.863 0.856 0.851 0.85 0.845 0.844 0.845 0.845 0.846 0.848 0.848 0.848 0.846 0.849 0.854 0.858 0.858 0.864 0.866 0.866 0.864 0.857 0.85 0.85 0.849 0.849 0.85 0.853 0.853 0.853 0.853 0.853 0.853 0.855 0.855 0.855 0.859 0.859 0.858 0.858 0.859 0.859 0.858 0.862 0.862 0.862 0.862 0.865 0.868 0.868 0.868 0.868 0.868 0.869 0.872 0.872 0.873 0.873 0.878 0.878 0.879 0.88 0.88 0.88 0.88 0.88 0.88 0.881 0.891 0.891 0.904 0.904 0.904 0.899 0.899 0.896 0.896 0.896 0.896 0.896 0.896 0.91 0.917 0.921 0.926 0.927 0.927 0.933 0.935 0.94 0.941 0.942 0.946 0.949 0.95 0.95 0.954 0.96 0.965 0.965 0.973 0.978 0.981 0.981 0.981 0.984 0.996 0.997 0.997 1.003 1.011 1.013 1.013 1.015 1.016 1.029 1.034 1.038 1.04 1.046 1.055 1.055 1.059 1.055 1.055 1.06 1.068 1.079 1.706 1.79 1.793 1.8 1.822 1.823 1.823 1.822 1.751 1.751 1.751 1.763 1.763 1.763 1.333 1.314 1.307 1.297 1.233 1.227 1.227 1.227 1.236 1.247 1.261 1.262 1.27 1.783 1.798 1.82 1.811 1.811 1.809 1.809 1.802 1.802 1.802 1.787 1.767 0 1.743 1.733 1.733 1.717 1.711 1.711 0 1.706 1.705 0 0 0 0 0 0 0 0 0 0 0 0 1.825 1.817 1.804 1.798 1.788 1.783 1.763 1.757 1.757 1.757 1.788 1.81 2.868 2.948 2.989 2.989 2.989 2.986 2.965 2.964 2.963 2.946 2.944 2.942 2.929 2.928 2.913 2.906 2.904 2.895 2.884 2.884 2.882 2.869 2.867 2.865 2.862 2.851 2.849 2.846 2.845 2.837 2.834 2.825 2.82 2.813 2.812 2.807 2.798 2.797 2.797 2.792 2.786 2.782 2.782 2.768 2.768 2.768 2.796 0 0 0 3.933 3.924 3.924 3.924 3.924 4.268 4.39 4.392 4.392 4.392 4.392 4.387 4.387 4.387 4.382 4.38 4.39 4.383 4.378 4.378 4.377 2.081 2.081 2.018 1.949 1.847 1.845 1.844 1.844 1.845 1.844 1.846 1.848 1.85 1.85 1.85 1.85 1.856 1.858 1.859 1.863 1.865 1.866 1.868 1.87 1.87 1.872 1.873 1.873 1.874 1.884 1.885 1.887 1.888 1.89 1.89 1.892 1.895 1.899 1.901 1.906 1.907 1.91 1.912 1.921 1.923 1.926 1.928 1.931 1.931 1.938 1.938 1.94 1.947 1.947 1.951 1.951 1.972 1.998 2.001 2.001 2.001 2.004 2.011 2.021 2.023 2.027 2.027 2.029 2.029 2.038 2.051 2.057 2.063 2.07 2.071 2.081 2.083 2.089 2.093 2.102 2.102 2.109 2.111 2.111 2.112 2.127 2.159 2.172 2.176 2.186 2.193 2.195 2.234 2.237 2.252 2.252 2.258 2.258 2.266 2.276 2.293 2.302 2.309 2.314 2.333 2.35 2.352 2.367 2.368 2.382 2.407 2.425 2.434 2.445 2.445 2.445 1.714 1.714 1.714 1.718 1.728 1.74 2.524 2.536 2.542 2.542 2.548 0 0 0 3.921 3.892 3.873 3.841 3.827 3.818 3.818 1.985 1.985 1.985 1.997 2.019 2.51 2.51 2.51 2.501 2.5 2.495 2.478 2.478 2.478 2.478 2.478 2.447 2.375 2.336 2.321 2.296 2.296 2.282 2.269 2.255 2.248 2.239 2.23 2.216 2.214 2.203 2.199 2.189 2.175 2.172 2.166 2.155 2.15 2.14 2.139 2.127 2.117 2.117 2.112 2.103 2.095 2.091 2.081 2.08 2.075 2.074 2.073 2.07 2.065 2.058 2.027 2.013 2.01 2.006 1.96 1.251 1.228 1.224 1.224 1.224 1.283 0.007 1.972 1.959 1.972 1.959 1.958 1.575 1.571 1.571 1.571 1.633 1.937 1.937 1.937 1.935 1.929 1.926 1.921 1.919 1.916 1.914 1.911 1.909 1.911 1.911 1.908 1.903 1.903 1.902 1.901 1.901 1.901 1.901 1.901 1.9 1.9 1.896 1.892 1.892 1.892 1.892 1.892 1.896 1.902 1.982 1.982 1.984 1.984 1.984 1.981 1.981 1.978 1.978 1.976 1.976 1.976 1.976 1.976 1.979 1.979 1.978 1.979 1.981 
1 1 1 1 1 1 1 1 1 1 1 1 1 1 1 1 1 1 1 1 1 1 1 1 1 1 1 1 1 1 1 1 1 1 1 1 1 1 1 1 1 1 1 1 1 1 1 1 1 1 1 1 1 1 1 1 1 1 1 1 1 1 1 1 1 1 1 1 1 1 1 1 1 1 1 1 1 1 1 1 1 1 1 1 1 1 1 1 1 1 1 1 1 1 1 1 1 1 1 1 1 1 1 1 1 1 1 1 1 1 1 1 1 1 1 1 1 1 1 1 1 1 1 1 1 1 1 1 1 1 1 1 1 1 1 1 1 1 1 1 1 1 1 1 1 1 1 1 1 1 1 1 1 1 1 1 1 1 1 1 1 1 1 1 1 1 1 1 1 1 1 1 1 1 1 1 1 1 1 1 1 1 1 1 1 1 1 1 1 1 1 1 1 1 1 1 1 1 1 1 1 1 1 1 1 1 1 1 1 1 1 1 1 1 1 1 1 1 1 1 1 1 1 1 1 1 1 1 1 1 1 1 1 1 1 1 1 1 1 1 1 1 1 1 1 1 1 1 1 1 1 1 1 1 1 1 1 1 1 1 1 1 1 1 1 1 1 1 1 1 1 1 1 1 1 1 1 1 1 1 1 1 1 1 1 1 1 1 1 1 1 1 1 1 1 1 1 1 1 1 1 1 1 1 1 1 1 1 1 1 1 0 1 1 1 1 1 1 0 1 1 0 0 0 0 0 0 0 0 0 0 0 0 1 1 1 1 1 1 1 1 1 1 1 1 1 1 1 1 1 1 1 1 1 1 1 1 1 1 1 1 1 1 1 1 1 1 1 1 1 1 1 1 1 1 1 1 1 1 1 1 1 1 1 1 1 1 1 1 1 1 1 0 0 0 1 1 1 1 1 1 1 1 1 1 1 1 1 1 1 1 1 1 1 1 1 1 1 1 1 1 1 1 1 1 1 1 1 1 1 1 1 1 1 1 1 1 1 1 1 1 1 1 1 1 1 1 1 1 1 1 1 1 1 1 1 1 1 1 1 1 1 1 1 1 1 1 1 1 1 1 1 1 1 1 1 1 1 1 1 1 1 1 1 1 1 1 1 1 1 1 1 1 1 1 1 1 1 1 1 1 1 1 1 1 1 1 1 1 1 1 1 1 1 1 1 1 1 1 1 1 1 1 1 1 1 1 1 1 1 1 1 1 1 1 1 1 1 1 1 1 1 1 0 0 0 1 1 1 1 1 1 1 1 1 1 1 1 1 1 1 1 1 1 1 1 1 1 1 1 1 1 1 1 1 1 1 1 1 1 1 1 1 1 1 1 1 1 1 1 1 1 1 1 1 1 1 1 1 1 1 1 1 1 1 1 1 1 1 1 1 1 1 1 1 1 1 1 1 0 1 1 1 1 1 1 1 1 1 1 1 1 1 1 1 1 1 1 1 1 1 1 1 1 1 1 1 1 1 1 1 1 1 1 1 1 1 1 1 1 1 1 1 1 1 1 1 1 1 1 1 1 1 1 1 1 1 1 1 1 1 1 
