# This file contains a 2D laser scan observation. 
# Its format is: 
# [aperture] [max_range] [number_of_scans] 
# [vector_of_scans] 
# [vector_of_valid_scans] 
# The aperture of the sensor is in radians, the maximum range 
# and measurements are in meters. '1' means a valid scan, '0' otherwise.
4.1847
5.6
682
0.455 0.456 0.456 0.456 0.455 0.453 0.453 0.449 0.445 0.442 0.439 0.439 0.438 0.439 0.441 0.45 0.45 0.451 0.451 0.453 0.464 0.466 0.47 0.48 0.482 0.486 0.492 0.496 0.513 0.524 0.53 0.538 0.557 0.558 0.558 0.564 0.57 0.579 0.59 0.598 0.598 0.598 0.587 0.491 0.489 0.488 0.488 0.488 0.489 0.49 0.49 0.49 0.485 0.485 0.485 0.483 0.485 0.482 0.482 0.481 0.48 0.479 0.479 0.478 0.474 0.474 0.472 0.468 0.468 0.47 0.47 0.47 0.47 0.47 0.467 0.467 0.469 0.47 0.47 0.47 0.47 0.47 0.468 0.468 0.468 0.464 0.464 0.466 0.464 0.464 0.464 0.464 0.464 0.467 0.469 0.471 0.471 0.471 0.471 0.471 0.471 0.471 0.471 0.471 0.469 0.469 0.472 0.472 0.472 0.472 0.474 0.472 0.472 0.472 0.472 0.472 0.466 0.466 0.466 0.466 0.466 0.465 0.464 0.461 0.461 0.461 0.461 0.461 0.461 0.461 0.464 0.46 0.46 0.46 0.46 0.46 0.466 0.466 0.466 0.466 0.466 0.464 0.464 0.464 0.464 0.464 0.466 0.466 0.467 0.469 0.469 0.472 0.475 0.475 0.475 0.475 0.475 0.476 0.476 0.476 0.478 0.481 0.481 0.481 0.481 0.479 0.479 0.487 0.487 0.488 0.492 0.493 0.493 0.493 0.493 0.493 0.493 0.494 0.499 0.499 0.5 0.5 0.501 0.508 0.508 0.508 0.509 0.512 0.513 0.516 0.518 0.519 0.521 0.522 0.522 0.522 0.529 0.529 0.529 0.529 0.529 0.534 0.534 0.538 0.54 0.541 0.543 0.547 0.555 1.335 1.343 1.353 1.353 1.358 1.363 1.373 1.376 1.378 1.386 1.394 1.404 1.415 1.415 1.428 1.428 1.441 1.447 1.45 1.466 1.469 1.478 1.482 1.499 1.508 1.51 1.516 1.54 1.573 1.576 1.592 1.594 1.614 1.621 1.632 1.639 1.648 1.66 1.674 1.69 1.703 1.707 1.727 1.739 1.748 1.758 1.784 1.795 1.801 1.827 1.83 1.844 1.881 1.884 3.525 3.555 3.595 3.595 3.596 3.609 3.624 3.639 3.674 3.72 3.741 3.784 3.805 3.805 3.805 2.671 2.669 2.658 2.644 2.641 2.625 2.614 2.613 2.601 2.588 2.549 2.494 2.494 2.494 2.521 2.541 2.582 2.618 2.666 2.694 2.72 0 0 0 0 0 0.007 0 0 0 0.007 0 0 0 0 0 0 0 0 0 0 0.007 2.632 2.632 2.626 2.624 2.615 2.615 2.612 2.601 2.6 2.598 2.598 2.584 2.58 2.578 2.572 2.568 2.565 2.562 2.56 2.558 2.558 2.556 2.553 2.549 2.545 2.542 2.539 2.536 2.534 2.534 2.535 2.535 2.533 2.533 2.527 2.523 2.527 2.523 2.522 2.522 2.522 2.518 2.519 2.516 2.516 2.516 2.509 2.509 2.513 2.513 2.513 2.513 2.512 2.512 2.512 2.512 2.517 2.518 2.518 2.518 2.518 2.518 2.518 2.521 2.527 2.527 2.528 2.528 2.529 2.531 2.532 2.535 2.539 2.54 2.542 2.544 2.547 2.551 2.551 2.544 2.523 2.479 2.431 2.431 2.368 2.318 2.183 2.142 2.098 2.049 2.006 1.981 1.918 1.875 1.871 1.81 1.753 1.728 1.685 1.646 1.599 1.595 1.579 1.527 1.429 1.429 1.429 1.371 1.344 1.325 1.317 1.314 1.309 1.282 1.268 1.253 1.235 1.214 1.207 1.203 1.197 1.197 1.198 1.198 1.202 1.206 1.206 1.206 1.086 1.05 1.028 1.013 1.007 0.997 0.982 0.97 0.961 0.954 0.947 0.934 0.926 0.919 0.91 0.902 0.888 0.883 0.875 0.874 0.863 0.848 0.836 0.833 0.832 0.828 0.82 0.812 0.8 0.788 0.787 0.785 0.776 0.772 0.767 0.763 0.756 0.747 0.738 0.73 0.729 0.729 0.723 0.713 0.713 0.713 0.703 0.701 0.698 0.696 0.687 0.683 0.68 0.673 0.673 0.664 0.662 0.659 0.651 0.651 0.646 0.645 0.643 0.638 0.636 0.634 0.633 0.627 0.626 0.62 0.618 0.611 0.611 0.608 0.575 0.552 0.55 0.543 0.542 0.538 0.534 0.534 0.532 0.529 0.528 0.521 0.521 0.515 0.515 0.512 0.512 0.511 0.508 0.508 0.498 0.498 0.498 0.498 0.498 0.495 0.492 0.49 0.489 0.486 0.486 0.486 0.486 0.48 0.478 0.478 0.478 0.478 0.476 0.472 0.467 0.467 0.467 0.462 0.461 0.462 0.462 0.46 0.462 0.462 0.459 0.459 0.459 0.455 0.455 0.455 0.454 0.453 0.453 0.453 0.451 0.449 0.449 0.448 0.448 0.446 0.446 0.446 0.444 0.444 0.444 0.442 0.442 0.44 0.44 0.439 0.439 0.439 0.438 0.436 0.436 0.436 0.439 0.44 0.44 0.439 0.437 0.437 0.437 0.436 0.433 0.435 0.435 0.435 0.437 0.441 0.444 0.447 0.457 0.457 0.457 0.457 0.453 0.446 0.438 0.438 0.437 0.437 0.437 0.437 0.437 0.437 0.438 0.437 0.438 0.438 0.439 0.438 0.438 0.438 0.438 0.438 0.438 0.439 0.442 0.442 0.442 0.442 0.444 0.444 0.444 0.447 0.447 0.447 0.446 0.446 0.445 0.446 0.448 0.449 0.452 0.453 0.453 0.453 0.453 0.453 0.455 0.456 0.46 0.461 0.461 0.464 0.464 0.465 0.465 0.467 0.468 0.473 0.469 0.473 
1 1 1 1 1 1 1 1 1 1 1 1 1 1 1 1 1 1 1 1 1 1 1 1 1 1 1 1 1 1 1 1 1 1 1 1 1 1 1 1 1 1 1 1 1 1 1 1 1 1 1 1 1 1 1 1 1 1 1 1 1 1 1 1 1 1 1 1 1 1 1 1 1 1 1 1 1 1 1 1 1 1 1 1 1 1 1 1 1 1 1 1 1 1 1 1 1 1 1 1 1 1 1 1 1 1 1 1 1 1 1 1 1 1 1 1 1 1 1 1 1 1 1 1 1 1 1 1 1 1 1 1 1 1 1 1 1 1 1 1 1 1 1 1 1 1 1 1 1 1 1 1 1 1 1 1 1 1 1 1 1 1 1 1 1 1 1 1 1 1 1 1 1 1 1 1 1 1 1 1 1 1 1 1 1 1 1 1 1 1 1 1 1 1 1 1 1 1 1 1 1 1 1 1 1 1 1 1 1 1 1 1 1 1 1 1 1 1 1 1 1 1 1 1 1 1 1 1 1 1 1 1 1 1 1 1 1 1 1 1 1 1 1 1 1 1 1 1 1 1 1 1 1 1 1 1 1 1 1 1 1 1 1 1 1 1 1 1 1 1 1 1 1 1 1 1 1 1 1 1 1 1 1 1 1 1 1 1 1 1 1 1 1 1 1 1 1 1 1 0 0 0 0 0 0 0 0 0 0 0 0 0 0 0 0 0 0 0 0 0 1 1 1 1 1 1 1 1 1 1 1 1 1 1 1 1 1 1 1 1 1 1 1 1 1 1 1 1 1 1 1 1 1 1 1 1 1 1 1 1 1 1 1 1 1 1 1 1 1 1 1 1 1 1 1 1 1 1 1 1 1 1 1 1 1 1 1 1 1 1 1 1 1 1 1 1 1 1 1 1 1 1 1 1 1 1 1 1 1 1 1 1 1 1 1 1 1 1 1 1 1 1 1 1 1 1 1 1 1 1 1 1 1 1 1 1 1 1 1 1 1 1 1 1 1 1 1 1 1 1 1 1 1 1 1 1 1 1 1 1 1 1 1 1 1 1 1 1 1 1 1 1 1 1 1 1 1 1 1 1 1 1 1 1 1 1 1 1 1 1 1 1 1 1 1 1 1 1 1 1 1 1 1 1 1 1 1 1 1 1 1 1 1 1 1 1 1 1 1 1 1 1 1 1 1 1 1 1 1 1 1 1 1 1 1 1 1 1 1 1 1 1 1 1 1 1 1 1 1 1 1 1 1 1 1 1 1 1 1 1 1 1 1 1 1 1 1 1 1 1 1 1 1 1 1 1 1 1 1 1 1 1 1 1 1 1 1 1 1 1 1 1 1 1 1 1 1 1 1 1 1 1 1 1 1 1 1 1 1 1 1 1 1 1 1 1 1 1 1 1 1 1 1 1 1 1 1 1 1 1 1 1 1 1 1 1 1 1 1 1 1 1 1 1 1 1 1 1 1 1 1 1 1 1 1 1 1 1 1 1 1 1 1 1 1 1 1 1 1 1 1 1 1 1 1 1 1 1 1 1 1 1 
