# This file contains a 2D laser scan observation. 
# Its format is: 
# [aperture] [max_range] [number_of_scans] 
# [vector_of_scans] 
# [vector_of_valid_scans] 
# The aperture of the sensor is in radians, the maximum range 
# and measurements are in meters. '1' means a valid scan, '0' otherwise.
4.1847
5.6
682
0.744 0.742 0.742 0.741 0.739 0.737 0.737 0.737 0.737 0.737 0.749 0.758 0.78 0.789 0.789 0.789 0.767 0.735 0.713 0.699 0.695 0.684 0.681 0.678 0.669 0.667 0.662 0.658 0.656 0.654 0.651 0.651 0.651 0.651 0.651 0.65 0.648 0.648 0.644 0.642 0.642 0.641 0.641 0.641 0.642 0.642 0.645 0.647 0.647 0.645 0.646 0.646 0.646 0.647 0.647 0.648 0.648 0.651 0.654 0.663 0.663 0.663 0.666 0.67 0.67 0.672 0.674 0.68 0.683 0.683 0.695 0.715 0.757 1.528 1.533 1.533 1.533 1.533 1.534 1.533 1.533 1.533 1.533 1.533 1.533 1.536 1.54 1.542 1.54 1.54 1.539 1.539 1.539 1.541 1.542 1.549 1.549 1.546 1.546 1.549 1.549 1.551 1.553 1.555 1.557 1.559 1.565 1.568 1.568 1.57 1.571 1.572 1.574 1.576 1.577 1.584 1.585 1.585 1.586 1.592 1.597 1.597 1.598 1.601 1.602 1.603 1.609 1.615 1.618 1.625 1.627 1.627 1.631 1.638 1.639 1.642 1.644 1.65 1.65 1.656 1.659 1.659 1.657 1.657 1.627 1.618 1.584 1.568 1.543 1.522 1.504 1.483 1.464 1.451 1.427 1.414 1.405 1.385 1.359 1.354 1.341 1.326 1.31 1.3 1.286 1.266 1.253 1.249 1.23 1.228 1.22 1.217 1.192 1.186 1.172 1.168 1.152 1.143 1.136 1.121 1.115 1.115 1.115 1.115 1.125 1.132 1.14 1.153 1.153 1.155 1.161 1.161 1.167 1.195 1.219 1.231 1.239 1.244 1.253 1.264 1.268 1.28 1.285 1.293 1.297 1.304 1.316 1.329 1.337 1.35 1.358 1.376 1.383 1.392 1.404 1.414 1.421 1.443 1.449 1.463 1.489 1.49 1.503 1.518 1.524 1.54 1.551 1.569 1.588 1.607 1.614 1.634 1.646 1.665 1.701 1.725 1.774 1.793 1.813 1.829 1.843 1.863 1.886 1.904 1.925 1.949 1.972 1.998 2.027 2.034 2.063 2.09 2.092 2.133 2.161 2.179 2.211 2.271 2.294 2.325 2.354 2.4 2.445 2.459 2.512 2.542 2.586 2.648 2.677 2.728 2.799 2.839 2.88 2.907 2.978 3.024 3.099 3.146 3.196 3.196 3.196 3.204 3.196 3.196 3.191 3.189 2.929 2.894 2.889 2.863 2.847 2.845 2.841 2.822 2.806 2.805 2.804 2.795 2.794 2.794 2.79 2.794 2.794 2.809 2.896 2.998 3.104 3.104 3.11 3.104 3.104 3.103 3.103 2.996 2.996 2.996 2.966 2.959 1.795 1.794 1.794 1.794 1.794 1.801 1.809 3.082 3.085 3.085 3.085 3.085 3.085 3.089 3.089 3.085 3.091 3.093 3.091 0 0.007 1.991 1.991 3.089 3.089 0.007 3.108 3.103 3.108 3.108 3.112 3.112 3.114 3.112 3.112 3.118 3.124 3.131 3.131 3.136 3.14 3.142 3.143 3.145 3.145 3.145 0 0 0 0 0.007 0 5.012 0 5.012 2.111 2.163 2.163 2.163 2.174 2.179 2.185 2.185 2.185 1.943 1.943 1.943 1.943 1.946 1.984 2.232 2.242 2.249 2.258 2.259 2.274 2.277 2.288 2.298 2.298 2.418 2.429 2.451 2.488 2.504 2.504 2.504 2.504 2.504 2.524 2.559 2.559 2.559 2.546 2.509 2.499 2.485 2.485 2.485 2.496 2.501 2.509 2.522 2.533 2.54 2.541 2.561 2.577 2.583 2.596 2.608 2.613 2.623 2.641 2.645 2.661 2.667 2.681 2.687 2.719 2.719 2.72 2.747 2.763 2.763 2.763 2.429 2.415 2.389 2.387 2.359 2.345 2.337 2.328 2.306 2.293 2.284 2.267 2.253 2.238 2.222 2.216 2.205 2.183 2.178 2.176 2.145 2.145 2.145 2.181 2.189 2.21 2.232 2.245 2.259 2.274 2.286 2.324 2.355 2.364 2.364 2.38 2.398 2.422 2.451 2.454 2.49 2.514 2.539 2.561 2.59 2.614 2.636 2.652 2.682 2.716 2.736 2.751 0 0 0 0 0 0 0 0 0 0 0 0 0 0 0 0 0 0 0 0 0 0 0 0.709 0.709 0.704 0.704 0.702 0.702 0.702 0.699 0.696 0.698 0.699 0.698 0.697 0.697 0.694 0.694 0.694 0.691 0.688 0.684 0.68 0.682 0.68 0.676 0.68 0.679 0.676 0.675 0.67 0.67 0.668 0.668 0.668 0.664 0.664 0.664 0.663 0.663 0.66 0.66 0.66 0.66 0.66 0.657 0.657 0.654 0.654 0.654 0.654 0.652 0.652 0.655 0.652 0.651 0.651 0.651 0.651 0.652 0.662 0.664 0.667 0.705 0.733 0.733 0.733 0.704 0.685 0.679 0.673 0.672 0.672 0.666 0.666 0.669 0.669 0.666 0.649 0.648 0.648 0.648 0.648 0.648 0.65 0.65 0.652 0.652 0.656 0.657 0.664 0.709 1.024 1.024 1.024 0.994 0.96 0.931 0.886 0.869 0.845 0.817 0.789 0.768 0.757 0.732 0.732 0.732 0.732 0.734 0.736 0.737 0.737 0.74 0.745 0.746 0.745 0.746 0.748 0.746 0.746 0.749 0.753 0.753 0.754 0.753 0.755 0.76 0.76 0.76 0.76 0.756 0.754 0.754 0.754 0.756 0.766 0.767 0.776 0.779 0.779 0.779 0.775 0.775 0.775 0.779 0.787 2.056 2.056 2.056 2.046 2.046 2.046 2.065 2.126 2.136 2.137 2.163 2.169 2.182 2.19 2.208 2.21 2.222 2.225 
1 1 1 1 1 1 1 1 1 1 1 1 1 1 1 1 1 1 1 1 1 1 1 1 1 1 1 1 1 1 1 1 1 1 1 1 1 1 1 1 1 1 1 1 1 1 1 1 1 1 1 1 1 1 1 1 1 1 1 1 1 1 1 1 1 1 1 1 1 1 1 1 1 1 1 1 1 1 1 1 1 1 1 1 1 1 1 1 1 1 1 1 1 1 1 1 1 1 1 1 1 1 1 1 1 1 1 1 1 1 1 1 1 1 1 1 1 1 1 1 1 1 1 1 1 1 1 1 1 1 1 1 1 1 1 1 1 1 1 1 1 1 1 1 1 1 1 1 1 1 1 1 1 1 1 1 1 1 1 1 1 1 1 1 1 1 1 1 1 1 1 1 1 1 1 1 1 1 1 1 1 1 1 1 1 1 1 1 1 1 1 1 1 1 1 1 1 1 1 1 1 1 1 1 1 1 1 1 1 1 1 1 1 1 1 1 1 1 1 1 1 1 1 1 1 1 1 1 1 1 1 1 1 1 1 1 1 1 1 1 1 1 1 1 1 1 1 1 1 1 1 1 1 1 1 1 1 1 1 1 1 1 1 1 1 1 1 1 1 1 1 1 1 1 1 1 1 1 1 1 1 1 1 1 1 1 1 1 1 1 1 1 1 1 1 1 1 1 1 1 1 1 1 1 1 1 1 1 1 1 1 1 1 1 1 1 1 1 1 1 1 1 1 1 1 1 1 1 1 1 1 1 1 1 1 1 1 0 0 1 1 1 1 0 1 1 1 1 1 1 1 1 1 1 1 1 1 1 1 1 1 1 1 1 0 0 0 0 0 0 1 0 1 1 1 1 1 1 1 1 1 1 1 1 1 1 1 1 1 1 1 1 1 1 1 1 1 1 1 1 1 1 1 1 1 1 1 1 1 1 1 1 1 1 1 1 1 1 1 1 1 1 1 1 1 1 1 1 1 1 1 1 1 1 1 1 1 1 1 1 1 1 1 1 1 1 1 1 1 1 1 1 1 1 1 1 1 1 1 1 1 1 1 1 1 1 1 1 1 1 1 1 1 1 1 1 1 1 1 1 1 1 1 1 1 1 1 1 1 1 1 1 1 1 1 1 0 0 0 0 0 0 0 0 0 0 0 0 0 0 0 0 0 0 0 0 0 0 0 1 1 1 1 1 1 1 1 1 1 1 1 1 1 1 1 1 1 1 1 1 1 1 1 1 1 1 1 1 1 1 1 1 1 1 1 1 1 1 1 1 1 1 1 1 1 1 1 1 1 1 1 1 1 1 1 1 1 1 1 1 1 1 1 1 1 1 1 1 1 1 1 1 1 1 1 1 1 1 1 1 1 1 1 1 1 1 1 1 1 1 1 1 1 1 1 1 1 1 1 1 1 1 1 1 1 1 1 1 1 1 1 1 1 1 1 1 1 1 1 1 1 1 1 1 1 1 1 1 1 1 1 1 1 1 1 1 1 1 1 1 1 1 1 1 1 1 1 1 1 1 1 1 1 1 1 1 1 1 1 1 1 1 
