# This file contains a 2D laser scan observation. 
# Its format is: 
# [aperture] [max_range] [number_of_scans] 
# [vector_of_scans] 
# [vector_of_valid_scans] 
# The aperture of the sensor is in radians, the maximum range 
# and measurements are in meters. '1' means a valid scan, '0' otherwise.
4.1847
5.6
682
0.886 0.906 0.954 0.007 1.649 1.649 1.649 1.644 1.644 1.643 1.643 1.64 1.64 1.636 1.636 1.635 1.635 1.633 1.633 1.631 1.631 1.63 1.628 1.624 1.621 1.62 1.62 1.62 1.616 1.616 1.615 1.616 1.613 1.614 1.613 1.61 1.607 1.61 1.61 1.611 1.611 1.614 1.614 1.618 1.615 1.618 1.618 1.618 1.615 1.615 1.615 1.614 1.614 1.615 1.614 1.613 1.614 1.613 1.612 1.613 1.612 1.61 1.612 1.613 1.613 1.616 1.616 1.616 1.616 1.614 1.614 1.615 1.612 1.615 1.619 1.62 1.621 1.621 1.621 1.622 1.63 1.63 1.634 1.64 1.642 1.644 1.644 1.644 1.644 1.646 1.646 1.646 1.626 1.609 1.57 1.526 1.492 1.461 1.422 1.39 1.366 1.34 1.319 1.289 1.273 1.245 1.232 1.209 1.183 1.166 1.151 1.135 1.105 1.103 1.076 1.058 1.048 1.042 1.042 1.042 1.045 1.049 1.051 1.052 1.053 1.054 1.056 1.056 1.06 1.067 1.072 1.076 1.096 1.123 1.124 1.126 1.133 1.142 1.143 1.148 1.154 1.16 1.16 1.172 1.172 1.172 1.176 1.183 1.188 1.196 1.202 1.208 1.21 1.219 1.226 1.23 1.233 1.234 1.237 1.245 1.256 1.279 1.282 1.283 1.285 1.288 1.297 1.305 1.315 1.326 1.336 1.34 1.349 1.358 1.374 1.375 1.388 1.396 1.405 1.408 1.418 1.434 1.441 1.451 1.472 1.477 1.48 1.493 1.532 1.553 1.561 1.603 1.606 1.619 1.64 1.644 1.661 1.672 1.681 1.703 1.718 1.732 1.733 1.753 1.776 1.791 1.798 1.818 1.836 1.848 1.872 1.89 1.907 1.935 1.945 1.968 1.989 2.011 2.028 2.047 2.076 2.085 2.124 2.142 2.155 2.178 2.211 2.23 2.261 2.287 2.315 2.315 2.377 2.399 2.446 2.496 2.515 2.571 2.616 2.645 2.703 2.744 2.791 2.826 2.861 2.92 2.943 2.976 2.976 2.976 2.971 2.961 2.961 2.958 2.636 2.615 2.613 2.611 2.593 2.586 2.581 2.581 2.574 2.569 2.562 2.558 2.552 2.547 2.544 2.542 2.542 2.544 2.547 2.562 2.636 2.746 2.854 2.854 2.854 2.854 2.852 2.851 2.851 2.851 2.847 1.532 1.529 1.528 1.527 1.527 1.527 1.529 1.531 2.318 2.33 2.815 2.815 2.815 2.816 2.816 2.816 2.816 2.816 2.816 2.816 2.815 2.821 2.821 2.821 2.811 1.705 1.344 1.344 1.344 2.818 2.818 2.818 2.827 2.827 2.827 2.83 2.832 2.832 2.832 2.832 2.834 2.841 2.844 2.844 2.844 2.854 2.854 2.856 2.856 2.865 2.867 2.868 2.871 2.873 2.873 2.868 2.248 2.248 2.243 2.243 2.243 1.854 1.854 1.861 1.861 1.854 1.387 1.387 1.387 2.268 2.277 2.281 2.282 2.286 2.286 2.286 1.659 1.658 1.658 1.659 1.663 1.67 1.672 2.315 2.367 2.367 2.367 2.286 2.235 2.2 2.118 2.038 2.038 2.038 2.13 2.147 2.171 2.203 2.231 2.231 2.231 2.229 2.229 2.229 2.234 2.276 2.283 2.283 2.283 2.264 2.243 2.225 2.225 2.225 2.227 2.232 2.234 2.248 2.258 2.261 2.261 2.293 2.294 2.295 2.314 2.317 2.335 2.343 2.356 2.359 2.372 2.377 2.392 2.402 2.418 2.426 2.441 2.449 2.467 2.487 2.499 2.505 2.512 2.512 2.505 2.167 2.165 2.159 2.154 2.146 2.128 2.111 2.108 2.096 2.083 2.073 2.06 2.049 2.048 2.031 2.03 2.013 2.005 1.99 1.988 1.968 1.961 1.955 1.945 1.913 1.913 1.913 1.917 1.932 1.975 1.983 2.009 2.024 2.039 2.068 2.084 2.085 2.116 2.129 2.136 2.164 2.182 2.224 2.256 2.276 2.292 2.332 2.35 2.377 2.391 2.421 2.45 2.477 2.509 2.521 2.593 0 0 0 0 0 0 0 0 0 0 0 0 0 0 0 0 0 0 0 0 0 0 0 0 4.344 4.343 4.338 4.343 4.344 0 0 0 0.007 4.243 3.477 3.473 3.472 3.472 3.469 3.465 3.464 3.46 3.46 3.463 3.463 3.463 3.463 3.463 3.466 3.471 3.448 4.223 4.223 4.221 4.209 4.209 4.203 4.203 4.203 4.203 0 0 0 0 0 0 0 0 3.302 3.299 0.603 0.596 0.593 0.582 0.582 0.582 0.589 0.591 0.591 0.589 0.587 0.587 0.586 0.586 0.587 0.587 0.588 0.591 0.592 0.592 0.592 0.592 0.586 0.586 0.586 0.594 0.611 0.617 0.617 0.617 0.617 0.615 0.615 0.618 0.615 0.615 0.615 0.615 0.615 0.622 0.622 0.622 0.618 0.618 0.618 0.621 0.621 0.621 0.618 0.618 0.618 0.619 0.619 0.624 0.624 0.627 0.627 0.627 0.631 0.636 0.636 0.639 0.639 0.64 0.64 0.644 0.64 0.644 0.649 0.649 0.649 0.65 0.65 0.65 0.65 0.652 0.656 0.659 0.662 0.664 0.665 0.666 0.668 0.668 0.67 0.67 0.666 0.664 0.66 0.659 0.66 0.66 0.657 0.663 0.665 0.664 0.664 0.667 0.677 0.798 0.798 0.798 0.79 0.778 0.778 0.774 0.774 0.777 0.782 0.778 0.786 0.79 0.791 0.795 0.795 0.806 0.807 0.81 0.811 0.812 0.815 0.82 0.82 0.823 0.823 0.827 
1 1 1 0 1 1 1 1 1 1 1 1 1 1 1 1 1 1 1 1 1 1 1 1 1 1 1 1 1 1 1 1 1 1 1 1 1 1 1 1 1 1 1 1 1 1 1 1 1 1 1 1 1 1 1 1 1 1 1 1 1 1 1 1 1 1 1 1 1 1 1 1 1 1 1 1 1 1 1 1 1 1 1 1 1 1 1 1 1 1 1 1 1 1 1 1 1 1 1 1 1 1 1 1 1 1 1 1 1 1 1 1 1 1 1 1 1 1 1 1 1 1 1 1 1 1 1 1 1 1 1 1 1 1 1 1 1 1 1 1 1 1 1 1 1 1 1 1 1 1 1 1 1 1 1 1 1 1 1 1 1 1 1 1 1 1 1 1 1 1 1 1 1 1 1 1 1 1 1 1 1 1 1 1 1 1 1 1 1 1 1 1 1 1 1 1 1 1 1 1 1 1 1 1 1 1 1 1 1 1 1 1 1 1 1 1 1 1 1 1 1 1 1 1 1 1 1 1 1 1 1 1 1 1 1 1 1 1 1 1 1 1 1 1 1 1 1 1 1 1 1 1 1 1 1 1 1 1 1 1 1 1 1 1 1 1 1 1 1 1 1 1 1 1 1 1 1 1 1 1 1 1 1 1 1 1 1 1 1 1 1 1 1 1 1 1 1 1 1 1 1 1 1 1 1 1 1 1 1 1 1 1 1 1 1 1 1 1 1 1 1 1 1 1 1 1 1 1 1 1 1 1 1 1 1 1 1 1 1 1 1 1 1 1 1 1 1 1 1 1 1 1 1 1 1 1 1 1 1 1 1 1 1 1 1 1 1 1 1 1 1 1 1 1 1 1 1 1 1 1 1 1 1 1 1 1 1 1 1 1 1 1 1 1 1 1 1 1 1 1 1 1 1 1 1 1 1 1 1 1 1 1 1 1 1 1 1 1 1 1 1 1 1 1 1 1 1 1 1 1 1 1 1 1 1 1 1 1 1 1 1 1 1 1 1 1 1 1 1 1 1 1 1 1 1 1 1 1 1 1 1 1 1 1 1 1 1 1 1 1 1 1 1 1 1 1 1 1 1 1 1 1 1 1 1 1 0 0 0 0 0 0 0 0 0 0 0 0 0 0 0 0 0 0 0 0 0 0 0 0 1 1 1 1 1 0 0 0 0 1 1 1 1 1 1 1 1 1 1 1 1 1 1 1 1 1 1 1 1 1 1 1 1 1 1 1 0 0 0 0 0 0 0 0 1 1 1 1 1 1 1 1 1 1 1 1 1 1 1 1 1 1 1 1 1 1 1 1 1 1 1 1 1 1 1 1 1 1 1 1 1 1 1 1 1 1 1 1 1 1 1 1 1 1 1 1 1 1 1 1 1 1 1 1 1 1 1 1 1 1 1 1 1 1 1 1 1 1 1 1 1 1 1 1 1 1 1 1 1 1 1 1 1 1 1 1 1 1 1 1 1 1 1 1 1 1 1 1 1 1 1 1 1 1 1 1 1 1 1 1 1 1 1 1 1 1 1 1 1 1 1 1 
