# This file contains a 2D laser scan observation. 
# Its format is: 
# [aperture] [max_range] [number_of_scans] 
# [vector_of_scans] 
# [vector_of_valid_scans] 
# The aperture of the sensor is in radians, the maximum range 
# and measurements are in meters. '1' means a valid scan, '0' otherwise.
4.1847
5.6
682
1.687 1.684 1.684 1.679 1.675 1.673 1.67 1.672 1.67 1.667 1.663 1.667 1.663 1.662 1.657 1.657 1.657 1.656 1.656 1.656 1.656 1.656 1.656 1.656 1.648 1.648 1.645 1.645 1.645 1.642 1.642 1.645 1.642 1.643 1.644 1.644 1.643 1.644 1.649 1.649 1.649 1.65 1.651 1.649 1.648 1.651 1.648 1.647 1.647 1.65 1.65 1.653 1.653 1.653 1.648 1.641 1.633 1.633 1.633 1.633 1.635 1.639 1.639 1.64 1.64 1.64 1.647 1.65 1.651 1.651 1.651 1.649 1.649 1.649 1.661 1.661 1.661 1.658 1.643 1.593 1.544 1.495 1.444 1.401 1.371 1.334 1.299 1.264 1.238 1.202 1.179 1.153 1.136 1.101 1.084 1.066 1.044 1.034 1.032 1.032 1.034 1.034 1.035 1.04 1.044 1.051 1.053 1.055 1.056 1.055 1.056 1.056 1.064 1.066 1.111 1.111 1.111 1.111 1.111 1.114 1.126 1.126 1.128 1.131 1.14 1.14 1.143 1.144 1.149 1.156 1.157 1.161 1.161 1.171 1.174 1.181 1.182 1.186 1.19 1.196 1.207 1.21 1.211 1.226 1.229 1.229 1.238 1.238 1.247 1.252 1.258 1.264 1.274 1.275 1.285 1.286 1.3 1.308 1.315 1.321 1.321 1.335 1.335 1.345 1.36 1.363 1.373 1.39 1.394 1.399 1.418 1.425 1.441 1.441 1.445 1.479 1.49 1.498 1.533 1.55 1.561 1.565 1.578 1.586 1.602 1.621 1.63 1.633 1.648 1.658 1.686 1.688 1.708 1.711 1.742 1.745 1.766 1.778 1.79 1.797 1.814 1.834 1.842 1.86 1.871 1.892 1.914 1.932 1.952 1.965 1.988 2.012 2.021 2.051 2.077 2.089 2.108 2.129 2.153 2.183 2.201 2.23 2.25 2.268 2.297 2.329 2.352 2.382 2.432 2.474 2.485 2.56 2.566 2.607 2.646 2.688 2.734 2.773 2.813 2.846 2.879 2.899 2.899 2.899 2.879 2.878 2.875 2.565 2.529 2.526 2.523 2.506 2.501 2.501 2.497 2.49 2.484 2.482 2.478 2.473 2.464 2.463 2.463 2.458 2.458 2.458 2.463 2.465 2.546 2.619 2.718 2.762 2.767 2.767 2.763 2.762 2.746 1.441 1.437 1.436 1.431 1.431 1.431 1.431 1.438 1.44 2.224 2.23 2.233 2.233 2.279 2.722 2.723 2.727 2.729 2.727 2.727 2.727 2.725 2.723 2.725 2.723 2.723 1.61 1.236 1.236 1.236 2.719 2.727 2.728 2.727 2.727 2.727 2.727 2.727 2.733 2.734 2.735 2.735 2.735 2.735 2.737 2.735 2.74 2.75 2.752 2.754 2.754 2.756 2.757 2.762 2.763 2.763 2.768 2.769 2.768 2.762 2.138 2.138 2.138 2.136 2.136 2.136 1.757 1.754 1.757 1.757 1.754 1.27 1.27 1.27 2.168 2.17 2.175 2.175 2.175 2.175 2.152 1.548 1.548 1.548 1.548 1.554 1.561 1.562 1.569 1.724 1.868 1.882 1.884 1.889 1.896 1.904 1.908 1.91 1.911 1.913 1.921 2.052 2.06 2.088 2.113 2.125 2.131 2.131 2.131 2.131 2.131 2.146 2.175 2.187 2.187 2.187 2.167 2.15 2.128 2.128 2.128 2.128 2.132 2.135 2.138 2.152 2.156 2.166 2.184 2.195 2.196 2.207 2.22 2.223 2.244 2.244 2.262 2.265 2.277 2.291 2.294 2.31 2.326 2.327 2.348 2.358 2.364 2.378 2.393 2.419 2.425 2.434 2.448 2.448 2.448 2.08 2.071 2.067 2.055 2.045 2.038 2.031 2.014 2.006 1.993 1.982 1.974 1.97 1.951 1.938 1.931 1.927 1.926 1.904 1.899 1.892 1.889 1.872 1.865 1.859 1.842 1.831 1.831 1.842 1.844 1.898 1.907 1.928 1.943 1.944 1.977 2.003 2.018 2.035 2.053 2.084 2.102 2.125 2.144 2.185 2.192 2.231 2.253 2.281 2.304 2.333 2.361 2.396 2.417 2.447 2.477 2.517 2.567 0 0 0 0 0 0 0 0 0 0 0 0 0 0 0 0 0 0 0 0 0 4.289 4.289 4.276 4.276 4.276 4.293 4.268 4.221 0 4.214 4.196 3.431 3.428 3.424 3.425 3.425 3.424 3.423 3.423 3.418 3.417 3.417 3.415 3.416 3.415 3.416 3.416 3.416 4.177 4.177 4.171 4.171 4.171 4.163 4.163 4.16 4.163 4.163 0 0 0 0 0 0 0.007 0 0 0 0 0 0.007 0 0 0 0 0 0 0 0 0 0 1.091 1.078 1.073 1.073 1.069 1.067 0.629 0.622 0.616 0.605 0.595 0.577 0.577 0.562 0.568 0.561 0.568 0.568 0.569 0.571 0.571 0.569 0.569 0.569 0.569 0.571 0.571 0.572 0.576 0.576 0.576 0.577 0.577 0.577 0.576 0.58 0.585 0.606 0.614 0.616 0.616 0.616 0.618 0.616 0.616 0.616 0.622 0.616 0.622 0.622 0.622 0.624 0.625 0.627 0.638 0.638 0.636 0.637 0.636 0.636 0.637 0.637 0.637 0.642 0.643 0.643 0.646 0.648 0.654 0.654 0.655 0.659 0.659 0.665 0.665 0.665 0.665 0.666 0.666 0.68 0.681 0.682 0.687 0.687 0.682 0.681 0.681 0.681 0.698 0.698 0.699 0.698 0.698 0.698 0.686 0.686 0.686 0.688 0.689 0.691 0.697 0.697 0.7 0.702 0.786 0.817 0.817 0.817 0.819 0.819 
1 1 1 1 1 1 1 1 1 1 1 1 1 1 1 1 1 1 1 1 1 1 1 1 1 1 1 1 1 1 1 1 1 1 1 1 1 1 1 1 1 1 1 1 1 1 1 1 1 1 1 1 1 1 1 1 1 1 1 1 1 1 1 1 1 1 1 1 1 1 1 1 1 1 1 1 1 1 1 1 1 1 1 1 1 1 1 1 1 1 1 1 1 1 1 1 1 1 1 1 1 1 1 1 1 1 1 1 1 1 1 1 1 1 1 1 1 1 1 1 1 1 1 1 1 1 1 1 1 1 1 1 1 1 1 1 1 1 1 1 1 1 1 1 1 1 1 1 1 1 1 1 1 1 1 1 1 1 1 1 1 1 1 1 1 1 1 1 1 1 1 1 1 1 1 1 1 1 1 1 1 1 1 1 1 1 1 1 1 1 1 1 1 1 1 1 1 1 1 1 1 1 1 1 1 1 1 1 1 1 1 1 1 1 1 1 1 1 1 1 1 1 1 1 1 1 1 1 1 1 1 1 1 1 1 1 1 1 1 1 1 1 1 1 1 1 1 1 1 1 1 1 1 1 1 1 1 1 1 1 1 1 1 1 1 1 1 1 1 1 1 1 1 1 1 1 1 1 1 1 1 1 1 1 1 1 1 1 1 1 1 1 1 1 1 1 1 1 1 1 1 1 1 1 1 1 1 1 1 1 1 1 1 1 1 1 1 1 1 1 1 1 1 1 1 1 1 1 1 1 1 1 1 1 1 1 1 1 1 1 1 1 1 1 1 1 1 1 1 1 1 1 1 1 1 1 1 1 1 1 1 1 1 1 1 1 1 1 1 1 1 1 1 1 1 1 1 1 1 1 1 1 1 1 1 1 1 1 1 1 1 1 1 1 1 1 1 1 1 1 1 1 1 1 1 1 1 1 1 1 1 1 1 1 1 1 1 1 1 1 1 1 1 1 1 1 1 1 1 1 1 1 1 1 1 1 1 1 1 1 1 1 1 1 1 1 1 1 1 1 1 1 1 1 1 1 1 1 1 1 1 1 1 1 1 1 1 1 1 1 1 1 1 1 1 1 1 1 1 1 1 1 1 1 1 1 1 1 1 1 0 0 0 0 0 0 0 0 0 0 0 0 0 0 0 0 0 0 0 0 0 1 1 1 1 1 1 1 1 0 1 1 1 1 1 1 1 1 1 1 1 1 1 1 1 1 1 1 1 1 1 1 1 1 1 1 1 1 1 0 0 0 0 0 0 0 0 0 0 0 0 0 0 0 0 0 0 0 0 0 0 0 1 1 1 1 1 1 1 1 1 1 1 1 1 1 1 1 1 1 1 1 1 1 1 1 1 1 1 1 1 1 1 1 1 1 1 1 1 1 1 1 1 1 1 1 1 1 1 1 1 1 1 1 1 1 1 1 1 1 1 1 1 1 1 1 1 1 1 1 1 1 1 1 1 1 1 1 1 1 1 1 1 1 1 1 1 1 1 1 1 1 1 1 1 1 1 1 1 1 1 1 1 1 1 1 1 1 1 1 1 1 
