# This file contains a 2D laser scan observation. 
# Its format is: 
# [aperture] [max_range] [number_of_scans] 
# [vector_of_scans] 
# [vector_of_valid_scans] 
# The aperture of the sensor is in radians, the maximum range 
# and measurements are in meters. '1' means a valid scan, '0' otherwise.
4.1847
5.6
682
1.792 1.786 1.784 1.769 1.753 1.746 1.744 1.73 1.726 1.723 1.719 1.713 1.704 1.701 1.695 1.684 1.682 1.68 1.677 1.677 1.66 1.658 1.656 1.655 1.655 1.652 1.647 1.643 1.64 1.638 1.63 1.629 1.629 1.616 1.629 4.236 4.236 0.91 0.91 0.9 0.895 0.889 0.893 0.893 0.888 0.888 0.888 0.887 0.884 0.884 0.881 0.884 0.884 0.888 0.928 0.957 0.96 0.96 0.96 0.905 0.905 0.899 0.896 0.896 0.892 0.892 0.892 0.892 0.892 0.892 0.889 0.887 0.887 0.885 0.885 0.885 0.885 0.885 0.885 0.886 0.887 0.887 0.89 0.89 0.89 0.89 0.888 0.886 0.886 0.891 0.891 0.891 0.891 0.891 0.889 0.889 0.889 0.889 0.887 0.887 0.892 0.885 0.883 0.89 0.89 0.889 0.889 0.89 0.89 0.89 0.89 0.89 0.89 0.892 0.894 0.898 0.9 0.902 0.902 0.902 0.902 0.906 0.906 0.911 0.906 0.91 0.911 0.91 0.91 0.914 0.914 0.916 0.918 0.918 0.919 0.921 0.925 0.926 0.927 0.927 0.927 0.927 0.927 0.937 0.945 0.945 0.948 0.948 0.948 0.956 0.962 0.962 0.962 0.962 0.962 0.964 0.968 0.97 0.98 1.001 1.001 1.001 1.001 1.001 1.015 1.021 1.024 1.025 1.032 1.032 1.033 1.036 1.05 1.05 1.05 1.054 1.059 1.063 1.069 1.071 1.081 1.083 1.084 1.088 1.089 1.107 1.107 1.111 1.115 1.117 1.121 1.126 1.138 1.14 1.153 1.157 1.157 1.16 1.167 1.174 1.176 1.186 1.186 1.192 1.2 1.205 1.22 1.229 1.23 1.247 1.248 1.253 1.258 1.267 1.284 1.29 1.296 1.296 1.31 1.32 1.329 1.339 1.345 1.347 1.36 1.369 1.384 1.39 1.41 1.422 1.427 1.436 1.452 1.463 1.477 1.49 1.491 1.509 1.523 1.526 1.548 1.561 1.57 1.576 1.599 1.617 1.623 1.64 1.656 1.672 1.687 1.704 1.728 1.74 1.756 1.774 1.792 1.813 1.827 1.856 1.866 1.887 1.913 1.913 1.951 1.971 1.988 2.007 2.048 2.075 2.086 2.114 2.14 2.177 2.213 2.25 2.263 2.265 2.265 2.263 2.262 2.255 2.201 1.922 1.904 1.897 1.894 1.874 1.864 1.863 1.86 1.86 1.857 1.854 1.846 1.842 1.834 1.831 1.826 1.819 1.818 1.818 1.818 1.818 1.804 1.797 1.797 1.797 1.811 1.835 1.853 1.882 1.928 2.12 2.123 2.123 2.122 2.12 2.122 2.119 2.118 2.116 2.114 2.108 0.778 0.772 0.771 0.771 0.771 0.769 0.769 0.772 0.77 0.769 0.77 0.772 0.772 0.772 0.773 0.777 0.777 1.554 2.082 2.085 2.086 2.086 2.087 2.087 2.087 2.089 2.09 2.09 2.09 2.095 2.095 2.096 2.096 2.095 2.095 2.096 2.097 2.097 2.097 2.102 2.095 2.094 0.957 0.957 0.957 0.995 2.087 2.087 2.087 1.596 1.573 1.573 1.573 1.573 1.569 0.619 0.611 0.611 0.61 0.61 0.611 0.615 0.618 1.353 2.156 2.166 2.167 2.167 2.169 2.173 2.173 2.178 2.184 2.191 2.192 2.195 2.196 2.206 2.206 2.21 2.217 2.217 2.205 1.62 1.62 1.62 1.692 1.692 1.723 1.723 1.758 1.862 1.862 1.862 1.856 1.856 1.855 1.855 1.852 1.838 1.076 1.071 1.071 1.076 1.115 1.186 1.972 1.99 1.995 1.995 2.005 2.005 2.005 1.945 1.945 1.944 1.933 1.706 1.706 1.706 1.751 1.765 1.767 1.767 1.765 1.76 1.76 1.64 1.618 0.748 0.743 0.741 0.741 0.742 0.742 0.754 0.895 1.034 1.035 1.411 1.5 1.659 1.659 1.662 1.664 1.666 1.664 1.666 1.666 1.666 1.703 1.739 1.739 1.739 1.736 1.721 1.719 1.708 1.694 1.69 1.69 1.69 1.704 1.72 1.732 1.738 1.751 1.766 1.787 1.796 1.817 1.823 1.836 1.85 1.865 1.878 1.894 1.91 1.935 1.953 1.971 1.983 2.011 2.015 2.038 2.063 2.082 2.083 2.117 2.148 2.171 2.201 2.227 2.244 2.263 2.27 2.27 2.27 2.265 1.741 1.741 1.741 1.757 1.766 1.766 1.76 1.757 1.756 1.755 1.752 1.739 1.731 1.731 1.728 1.726 1.723 1.721 1.716 1.712 1.707 1.705 1.7 1.691 1.691 1.686 1.685 1.683 1.678 1.677 1.672 1.668 1.668 1.662 1.65 1.626 1.626 1.626 1.644 1.652 1.664 1.665 1.829 1.991 2.061 2.14 2.14 2.243 2.312 2.365 2.456 2.486 0 0 0 0 0 0 4.255 4.255 4.255 4.255 4.221 4.221 4.187 4.154 4.152 4.146 4.138 3.77 3.77 3.77 4.239 4.254 4.254 4.248 4.252 4.252 4.252 4.254 4.254 4.254 4.254 4.254 4.254 4.253 4.253 4.264 4.264 4.238 4.238 4.221 4.221 4.213 4.199 4.221 4.224 0 0 0 0 0 0.007 0 0 0 0 0 0 0 0 0 0 0 0 0 0 0 0 0 0 0 0 0 0 0 0 0 0 0 0 0 0 0.007 2.122 2.058 2.008 1.988 1.969 1.93 1.885 1.844 1.816 1.777 1.767 1.748 1.717 1.691 1.671 1.646 1.641 1.616 1.609 1.585 1.566 1.545 1.525 1.509 1.505 
1 1 1 1 1 1 1 1 1 1 1 1 1 1 1 1 1 1 1 1 1 1 1 1 1 1 1 1 1 1 1 1 1 1 1 1 1 1 1 1 1 1 1 1 1 1 1 1 1 1 1 1 1 1 1 1 1 1 1 1 1 1 1 1 1 1 1 1 1 1 1 1 1 1 1 1 1 1 1 1 1 1 1 1 1 1 1 1 1 1 1 1 1 1 1 1 1 1 1 1 1 1 1 1 1 1 1 1 1 1 1 1 1 1 1 1 1 1 1 1 1 1 1 1 1 1 1 1 1 1 1 1 1 1 1 1 1 1 1 1 1 1 1 1 1 1 1 1 1 1 1 1 1 1 1 1 1 1 1 1 1 1 1 1 1 1 1 1 1 1 1 1 1 1 1 1 1 1 1 1 1 1 1 1 1 1 1 1 1 1 1 1 1 1 1 1 1 1 1 1 1 1 1 1 1 1 1 1 1 1 1 1 1 1 1 1 1 1 1 1 1 1 1 1 1 1 1 1 1 1 1 1 1 1 1 1 1 1 1 1 1 1 1 1 1 1 1 1 1 1 1 1 1 1 1 1 1 1 1 1 1 1 1 1 1 1 1 1 1 1 1 1 1 1 1 1 1 1 1 1 1 1 1 1 1 1 1 1 1 1 1 1 1 1 1 1 1 1 1 1 1 1 1 1 1 1 1 1 1 1 1 1 1 1 1 1 1 1 1 1 1 1 1 1 1 1 1 1 1 1 1 1 1 1 1 1 1 1 1 1 1 1 1 1 1 1 1 1 1 1 1 1 1 1 1 1 1 1 1 1 1 1 1 1 1 1 1 1 1 1 1 1 1 1 1 1 1 1 1 1 1 1 1 1 1 1 1 1 1 1 1 1 1 1 1 1 1 1 1 1 1 1 1 1 1 1 1 1 1 1 1 1 1 1 1 1 1 1 1 1 1 1 1 1 1 1 1 1 1 1 1 1 1 1 1 1 1 1 1 1 1 1 1 1 1 1 1 1 1 1 1 1 1 1 1 1 1 1 1 1 1 1 1 1 1 1 1 1 1 1 1 1 1 1 1 1 1 1 1 1 1 1 1 1 1 1 1 1 1 1 1 1 1 1 1 1 1 1 1 1 1 1 1 1 1 1 1 1 1 1 1 1 1 1 1 1 1 1 1 1 1 1 1 1 1 1 1 1 1 1 1 1 1 1 1 1 1 1 1 1 1 1 1 1 1 1 1 1 1 1 1 1 1 1 1 1 1 1 1 1 1 1 1 1 1 1 1 1 1 1 1 1 1 1 1 0 0 0 0 0 0 1 1 1 1 1 1 1 1 1 1 1 1 1 1 1 1 1 1 1 1 1 1 1 1 1 1 1 1 1 1 1 1 1 1 1 1 1 1 1 0 0 0 0 0 0 0 0 0 0 0 0 0 0 0 0 0 0 0 0 0 0 0 0 0 0 0 0 0 0 0 0 0 0 0 0 0 1 1 1 1 1 1 1 1 1 1 1 1 1 1 1 1 1 1 1 1 1 1 1 1 1 
