# This file contains a 2D laser scan observation. 
# Its format is: 
# [aperture] [max_range] [number_of_scans] 
# [vector_of_scans] 
# [vector_of_valid_scans] 
# The aperture of the sensor is in radians, the maximum range 
# and measurements are in meters. '1' means a valid scan, '0' otherwise.
4.1847
5.6
682
1.531 1.542 1.545 1.554 1.556 1.577 1.583 1.584 1.589 1.605 1.611 1.616 1.624 1.638 1.649 1.652 1.656 1.672 1.677 1.684 1.694 1.705 1.724 1.729 1.73 1.747 1.752 1.768 1.778 1.793 1.8 1.81 1.816 1.834 1.846 1.857 1.863 1.882 1.891 1.917 1.931 1.937 1.942 1.962 1.974 1.992 2.015 2.016 2.024 2.05 2.07 2.076 2.099 2.118 2.136 2.158 2.165 2.186 2.211 2.226 2.226 2.226 0.769 0.761 0.758 0.755 0.753 0.752 0.752 0.742 0.74 0.739 0.737 0.737 0.737 0.734 0.734 0.753 0 0 0 0 0 0 0 0 0 0 0 0 0.514 0.512 0.511 0.511 0.507 0.5 0.499 0.499 0.499 0.508 0.514 2.071 2.071 2.074 2.071 2.071 2.071 2.056 1.495 1.495 1.495 1.498 1.498 1.498 1.498 1.493 1.487 0.853 0.844 0.844 0.853 0.855 0.935 2 2 2 1.999 1.991 1.99 1.985 1.979 1.979 1.978 1.976 1.979 1.971 1.971 1.967 1.505 0.9 0.853 0.852 0.846 0.841 0.839 0.833 0.833 0.833 0.834 0.833 0.834 0.833 0.834 0.833 0.83 0.83 0.834 0.834 0.834 0.837 0.834 0.837 0.837 0.837 0.837 0.837 0.837 0.835 0.835 0.835 0.835 0.832 0.832 0.832 0.832 0.833 0.833 0.834 0.834 0.833 0.833 0.833 0.831 0.831 0.833 0.835 0.84 0.84 0.842 0.838 0.838 0.838 0.838 0.834 0.838 0.841 0.917 0.917 0.919 0.919 0.919 0.919 0.919 0.489 0.472 0.47 0.47 0.472 0.476 0.479 0.479 0.482 0.484 1.588 1.595 1.601 1.601 1.604 1.606 1.617 1.668 1.697 1.697 1.697 0.733 0.727 0.727 0.727 0.727 0.727 0.729 0.729 0.734 0.734 0.741 0.748 0.749 0.75 0.752 0.763 0.874 1.305 1.313 1.324 1.325 1.326 1.326 1.326 1.301 1.138 1.108 1.108 1.108 1.114 1.15 1.226 1.253 1.297 1.309 1.312 1.325 1.333 1.336 1.341 1.341 1.341 1.334 1.321 1.321 1.321 1.368 1.386 1.387 1.39 1.39 1.39 1.381 1.376 1.358 1.339 1.339 1.337 1.337 1.341 1.348 1.37 1.377 1.387 1.393 1.403 1.41 1.426 1.426 1.445 1.456 1.465 1.472 1.483 1.491 1.494 1.514 1.515 1.528 1.53 1.558 1.578 1.591 1.608 1.615 1.628 1.644 1.652 1.666 1.682 1.706 1.725 1.731 1.738 1.745 1.794 1.801 1.816 1.842 1.872 1.894 1.905 1.915 1.931 1.944 1.944 1.944 1.368 1.368 1.368 1.395 1.397 1.406 1.406 1.406 1.403 1.401 1.399 1.399 1.387 1.381 1.38 1.37 1.37 1.367 1.364 1.363 1.356 1.352 1.35 1.35 1.348 1.344 1.341 1.334 1.332 1.331 1.331 1.331 1.325 1.324 1.321 1.316 1.313 1.311 1.31 1.307 1.306 1.303 1.3 1.298 1.279 1.266 1.266 1.266 1.281 1.301 1.305 1.309 1.467 1.505 1.595 1.671 1.736 1.847 1.939 2.017 0 0 0 0 3.417 3.417 3.417 3.863 3.863 3.889 3.884 3.872 3.872 3.872 3.854 3.849 3.844 3.849 3.842 3.842 3.313 3.225 3.138 3.135 3.135 3.135 3.137 3.137 3.139 3.139 3.149 3.149 3.151 3.151 3.151 3.156 3.169 3.173 3.185 3.936 3.946 3.946 3.94 3.936 3.904 3.9 3.891 3.9 3.904 0 0 0 0 0 0 0 0 0.007 0 0.007 0 0 0 0 0 0 0 0 0 0 0 0.007 0 0 0.007 0 0.007 0 0 0 2.423 2.419 2.372 2.345 2.304 2.25 2.215 2.187 2.156 2.096 2.086 2.062 2.017 1.998 1.964 1.928 1.897 1.889 1.859 1.836 1.814 1.813 1.781 1.762 1.744 1.744 1.74 1.709 1.672 1.643 1.636 1.613 1.598 1.585 1.57 1.554 1.531 1.515 1.511 1.481 1.479 1.466 1.454 1.442 1.436 1.417 1.406 1.398 1.384 1.37 1.361 1.352 1.345 1.333 1.332 1.321 1.315 1.306 1.29 1.284 1.274 1.267 1.251 1.249 1.241 1.229 1.217 1.208 1.205 1.203 1.203 1.203 1.212 1.224 1.226 1.244 1.252 1.259 1.266 1.277 1.287 1.295 1.301 1.303 1.303 1.303 1.295 1.28 1.218 1.21 1.161 1.09 1.078 1.067 1.066 1.066 1.066 1.064 1.044 1.037 1.035 1.03 1.029 1.027 1.027 1.027 1.026 1.025 1.019 1.008 1.003 1.003 1 0.999 0.995 0.975 0.971 0.971 0.962 0.957 0.957 0.949 0.947 0.943 0.943 0.941 0.922 0.916 0.916 0.916 0.916 0.916 0.917 0.91 0.91 0.91 0.908 0.908 0.908 0.909 0.909 0.927 0.951 0.979 1.017 1.065 1.082 1.1 1.122 1.138 1.169 1.212 1.217 1.217 1.22 1.232 1.236 1.236 2.552 2.571 2.571 2.57 2.559 2.559 2.544 2.308 2.292 2.287 2.279 2.274 2.274 2.279 2.28 2.333 2.402 2.402 2.402 2.399 2.393 2.387 2.393 2.393 2.456 2.517 2.555 0 0 0 0 0 0 0 0 0 3.626 3.626 3.626 3.673 3.677 3.691 3.694 3.694 3.691 3.694 3.698 3.985 3.985 3.985 3.985 3.985 3.985 
1 1 1 1 1 1 1 1 1 1 1 1 1 1 1 1 1 1 1 1 1 1 1 1 1 1 1 1 1 1 1 1 1 1 1 1 1 1 1 1 1 1 1 1 1 1 1 1 1 1 1 1 1 1 1 1 1 1 1 1 1 1 1 1 1 1 1 1 1 1 1 1 1 1 1 1 1 1 0 0 0 0 0 0 0 0 0 0 0 0 1 1 1 1 1 1 1 1 1 1 1 1 1 1 1 1 1 1 1 1 1 1 1 1 1 1 1 1 1 1 1 1 1 1 1 1 1 1 1 1 1 1 1 1 1 1 1 1 1 1 1 1 1 1 1 1 1 1 1 1 1 1 1 1 1 1 1 1 1 1 1 1 1 1 1 1 1 1 1 1 1 1 1 1 1 1 1 1 1 1 1 1 1 1 1 1 1 1 1 1 1 1 1 1 1 1 1 1 1 1 1 1 1 1 1 1 1 1 1 1 1 1 1 1 1 1 1 1 1 1 1 1 1 1 1 1 1 1 1 1 1 1 1 1 1 1 1 1 1 1 1 1 1 1 1 1 1 1 1 1 1 1 1 1 1 1 1 1 1 1 1 1 1 1 1 1 1 1 1 1 1 1 1 1 1 1 1 1 1 1 1 1 1 1 1 1 1 1 1 1 1 1 1 1 1 1 1 1 1 1 1 1 1 1 1 1 1 1 1 1 1 1 1 1 1 1 1 1 1 1 1 1 1 1 1 1 1 1 1 1 1 1 1 1 1 1 1 1 1 1 1 1 1 1 1 1 1 1 1 1 1 1 1 1 1 1 1 1 1 1 1 1 1 1 1 1 1 1 1 1 1 1 1 1 1 1 1 1 1 1 1 1 1 1 1 1 1 1 1 1 1 0 0 0 0 1 1 1 1 1 1 1 1 1 1 1 1 1 1 1 1 1 1 1 1 1 1 1 1 1 1 1 1 1 1 1 1 1 1 1 1 1 1 1 1 1 1 1 1 1 0 0 0 0 0 0 0 0 0 0 0 0 0 0 0 0 0 0 0 0 0 0 0 0 0 0 0 0 0 0 0 1 1 1 1 1 1 1 1 1 1 1 1 1 1 1 1 1 1 1 1 1 1 1 1 1 1 1 1 1 1 1 1 1 1 1 1 1 1 1 1 1 1 1 1 1 1 1 1 1 1 1 1 1 1 1 1 1 1 1 1 1 1 1 1 1 1 1 1 1 1 1 1 1 1 1 1 1 1 1 1 1 1 1 1 1 1 1 1 1 1 1 1 1 1 1 1 1 1 1 1 1 1 1 1 1 1 1 1 1 1 1 1 1 1 1 1 1 1 1 1 1 1 1 1 1 1 1 1 1 1 1 1 1 1 1 1 1 1 1 1 1 1 1 1 1 1 1 1 1 1 1 1 1 1 1 1 1 1 1 1 1 1 1 1 1 1 1 1 1 1 1 1 1 1 1 1 1 1 1 1 1 1 1 1 1 0 0 0 0 0 0 0 0 0 1 1 1 1 1 1 1 1 1 1 1 1 1 1 1 1 1 
