# This file contains a 2D laser scan observation. 
# Its format is: 
# [aperture] [max_range] [number_of_scans] 
# [vector_of_scans] 
# [vector_of_valid_scans] 
# The aperture of the sensor is in radians, the maximum range 
# and measurements are in meters. '1' means a valid scan, '0' otherwise.
4.1847
5.6
682
0.614 0.612 0.611 0.609 0.606 0.594 0.585 0.585 0.585 0.585 0.583 0.585 0.585 0.575 0.58 0.58 0.58 0.58 0.58 0.58 0.58 0.58 0.576 0.575 0.573 0.572 0.569 0.569 0.569 0.566 0.562 0.553 0.55 0.546 0.543 0.529 0.528 0.525 0.517 0.517 0.517 1.168 1.208 1.208 1.208 1.207 1.2 1.199 1.173 0.883 0.883 0.883 0.873 0.873 0.873 0.867 0.866 0.864 0.864 0.866 0.881 0.889 0.921 0.921 0.921 0.911 0.907 0.905 0.905 0.907 0.938 1.13 1.143 1.145 1.146 1.155 1.156 1.157 1.163 1.164 1.165 1.165 1.165 1.172 1.166 1.166 1.168 1.166 1.162 1.157 1.153 1.153 1.152 1.152 1.153 1.154 1.153 1.153 1.148 1.143 1.142 1.138 1.137 1.137 1.137 1.139 1.142 1.145 1.149 1.151 1.151 1.151 1.153 1.154 1.157 1.157 1.16 1.16 1.158 1.158 1.158 1.156 1.158 1.159 1.159 1.159 1.165 1.173 1.18 1.192 1.197 1.228 1.228 1.231 1.232 1.238 1.248 1.249 1.249 1.249 1.249 1.253 1.256 1.256 1.256 1.256 1.255 1.255 1.255 1.253 1.253 1.253 1.253 1.253 1.253 1.263 1.263 1.306 1.372 1.372 1.372 1.372 1.372 1.383 1.383 1.383 1.383 1.383 1.376 1.376 1.376 1.376 1.376 1.376 1.376 1.376 1.37 1.37 1.37 1.37 1.37 1.376 1.376 1.375 1.375 1.375 1.35 1.324 1.316 1.316 1.316 1.316 1.322 1.33 1.333 1.353 2.092 2.112 2.117 2.127 2.14 2.147 2.15 2.16 2.161 2.178 2.178 2.178 2.155 2.147 2.147 2.147 0 0 0 0 0 0 0 2.087 2.087 2.098 2.098 2.092 2.098 2.105 0 0.006 0.006 0 0 2.092 2.092 0.007 2.257 2.256 2.257 2.256 2.256 1.324 1.26 1.254 1.167 1.156 1.146 1.156 1.145 1.145 0.007 0 1.157 1.157 1.157 1.157 0 0 0 0 0 0 0 0 0 0 0 0 0 0 0 0 0 0 0 0 0 0 1.924 1.913 1.907 1.884 1.854 1.828 1.825 1.813 1.806 1.805 1.805 1.804 1.799 1.138 1.138 1.138 1.787 1.787 1.787 1.767 1.762 1.761 1.725 1.691 1.688 1.688 1.684 1.679 1.684 1.686 1.686 1.689 1.692 1.695 1.697 1.697 1.697 1.695 1.693 1.693 1.693 0 0 0 0 0 0 1.625 1.625 1.625 1.625 1.625 1.63 1.598 1.537 1.054 0.726 0.721 0.715 0.715 0.726 0.728 0.997 1.069 1.069 1.07 1.07 1.07 1.067 1.07 1.073 1.068 1.073 1.073 1.074 1.076 1.076 1.076 1.078 1.078 1.08 1.082 1.082 1.085 1.085 1.081 1.081 1.089 1.081 1.088 1.095 1.088 1.088 1.088 1.087 1.087 1.097 1.092 1.1 1.102 1.102 1.104 1.104 1.106 1.11 1.11 1.111 1.117 1.111 1.12 1.12 1.12 1.12 1.122 1.127 1.612 1.614 1.618 1.618 1.623 1.623 1.627 1.627 1.627 1.627 1.626 1.626 1.58 1.562 0.782 0.772 0.77 0.769 0.769 0.77 0.782 1.498 1.542 1.542 1.544 1.544 1.544 1.545 0 0 0 0 0 0 1.533 1.531 1.522 1.507 1.502 1.502 1.502 1.51 1.545 1.731 1.741 1.741 1.741 0.86 0.829 0.818 0.818 0.818 0.825 0.825 0.829 0.832 0.825 0.817 0.015 0.015 0.821 0.015 0.007 0.015 0.821 0.812 0.806 0.803 0.803 0.804 0.806 0.806 0.809 0.81 0.816 0.81 0.819 0.819 0.809 0.807 0.809 0.809 0.809 0.813 0.816 0.825 0.825 0.832 0.832 0.835 0.846 0.867 0.958 0.958 0.958 0.958 0.945 0.944 0.936 0.927 0.924 0.918 0.915 0.906 0.896 0.894 0.893 0.886 0.88 0.867 0.864 0.863 0.851 0.849 0.843 0.831 0.829 0.829 0.828 0.828 0.818 0.811 0.807 0.807 0.803 0.795 0.794 0.794 0.786 0.782 0.78 0.779 0.771 0.764 0.764 0.764 0.761 0.757 0.756 0.756 0.755 0.744 0.743 0.742 0.742 0.733 0.733 0.73 0.727 0.72 0.72 0.72 0.719 0.716 0.712 0.712 0.705 0.712 0.705 0.714 0.711 0.711 0.705 0.704 0.698 0.694 0.688 0.686 0.681 0.68 0.68 0.675 0.675 0.673 0.673 0.673 0.672 0.667 0.666 0.666 0.666 0.661 0.665 0.661 0.661 0.661 0.656 0.656 0.656 0.656 0.654 0.652 0.654 0.654 0.648 0.643 0.643 0.643 0.643 0.643 0.643 0.644 0.645 0.643 0.643 0.639 0.639 0.636 0.636 0.635 0.639 0.638 0.638 0.637 0.637 0.637 0.637 0.637 0.639 0.639 0.64 0.64 0.64 0.64 0.646 0.647 0.65 0.652 0.659 0.667 0.677 0.681 0.682 0.685 0.685 0.685 0.677 0.667 0.657 0.655 0.65 0.644 0.643 0.643 0.642 0.64 0.636 0.635 0.635 0.635 0.635 0.634 0.631 0.631 0.635 0.638 0.642 0.643 0.643 0.643 0.645 0.645 0.64 0.638 0.638 0.638 0.639 0.643 0.645 0.646 0.647 0.649 0.649 0.65 0.651 0.65 0.651 0.655 0.655 0.655 0.655 0.655 0.667 0.667 0.667 0.667 0.671 0.666 0.666 0.665 0.665 
1 1 1 1 1 1 1 1 1 1 1 1 1 1 1 1 1 1 1 1 1 1 1 1 1 1 1 1 1 1 1 1 1 1 1 1 1 1 1 1 1 1 1 1 1 1 1 1 1 1 1 1 1 1 1 1 1 1 1 1 1 1 1 1 1 1 1 1 1 1 1 1 1 1 1 1 1 1 1 1 1 1 1 1 1 1 1 1 1 1 1 1 1 1 1 1 1 1 1 1 1 1 1 1 1 1 1 1 1 1 1 1 1 1 1 1 1 1 1 1 1 1 1 1 1 1 1 1 1 1 1 1 1 1 1 1 1 1 1 1 1 1 1 1 1 1 1 1 1 1 1 1 1 1 1 1 1 1 1 1 1 1 1 1 1 1 1 1 1 1 1 1 1 1 1 1 1 1 1 1 1 1 1 1 1 1 1 1 1 1 1 1 1 1 1 1 1 1 1 1 1 1 1 1 1 1 1 1 1 1 1 1 0 0 0 0 0 0 0 1 1 1 1 1 1 1 0 0 0 0 0 1 1 0 1 1 1 1 1 1 1 1 1 1 1 1 1 1 0 0 1 1 1 1 0 0 0 0 0 0 0 0 0 0 0 0 0 0 0 0 0 0 0 0 0 0 1 1 1 1 1 1 1 1 1 1 1 1 1 1 1 1 1 1 1 1 1 1 1 1 1 1 1 1 1 1 1 1 1 1 1 1 1 1 1 1 1 0 0 0 0 0 0 1 1 1 1 1 1 1 1 1 1 1 1 1 1 1 1 1 1 1 1 1 1 1 1 1 1 1 1 1 1 1 1 1 1 1 1 1 1 1 1 1 1 1 1 1 1 1 1 1 1 1 1 1 1 1 1 1 1 1 1 1 1 1 1 1 1 1 1 1 1 1 1 1 1 1 1 1 1 1 1 1 1 1 1 1 1 1 1 1 1 1 1 1 1 1 1 0 0 0 0 0 0 1 1 1 1 1 1 1 1 1 1 1 1 1 1 1 1 1 1 1 1 1 1 1 1 0 0 1 0 0 0 1 1 1 1 1 1 1 1 1 1 1 1 1 1 1 1 1 1 1 1 1 1 1 1 1 1 1 1 1 1 1 1 1 1 1 1 1 1 1 1 1 1 1 1 1 1 1 1 1 1 1 1 1 1 1 1 1 1 1 1 1 1 1 1 1 1 1 1 1 1 1 1 1 1 1 1 1 1 1 1 1 1 1 1 1 1 1 1 1 1 1 1 1 1 1 1 1 1 1 1 1 1 1 1 1 1 1 1 1 1 1 1 1 1 1 1 1 1 1 1 1 1 1 1 1 1 1 1 1 1 1 1 1 1 1 1 1 1 1 1 1 1 1 1 1 1 1 1 1 1 1 1 1 1 1 1 1 1 1 1 1 1 1 1 1 1 1 1 1 1 1 1 1 1 1 1 1 1 1 1 1 1 1 1 1 1 1 1 1 1 1 1 1 1 1 1 1 1 1 1 1 1 1 1 1 1 1 1 1 1 1 1 1 1 1 1 1 1 1 1 1 1 1 1 1 1 1 
