# This file contains a 2D laser scan observation. 
# Its format is: 
# [aperture] [max_range] [number_of_scans] 
# [vector_of_scans] 
# [vector_of_valid_scans] 
# The aperture of the sensor is in radians, the maximum range 
# and measurements are in meters. '1' means a valid scan, '0' otherwise.
4.1847
5.6
682
1.184 1.184 1.184 1.183 1.18 1.18 1.179 1.176 1.173 1.173 1.172 1.171 1.17 1.167 1.167 1.167 1.164 1.159 1.158 1.158 1.154 1.155 1.155 1.155 1.153 1.151 1.15 1.15 1.15 1.148 1.148 1.146 1.146 1.146 1.137 1.137 1.134 1.141 1.136 1.139 1.136 1.136 1.136 1.139 1.434 1.434 1.434 1.367 1.346 1.292 1.28 1.28 1.28 1.29 1.304 1.767 1.785 4.504 1.785 1.785 1.27 1.27 1.264 1.264 1.264 1.264 1.263 1.263 1.263 1.258 1.258 1.258 1.254 1.252 1.207 1.207 1.206 1.207 1.217 1.222 1.222 1.222 1.222 1.208 1.208 1.208 1.245 1.245 1.245 1.209 1.154 1.154 1.154 1.157 1.158 1.161 1.166 1.178 1.181 1.184 1.193 1.193 1.198 1.199 1.2 1.206 1.206 1.206 1.201 1.201 1.201 1.201 1.206 1.206 1.202 1.202 1.202 1.202 1.202 1.203 1.207 1.21 1.22 1.224 1.234 1.236 1.242 1.254 1.26 1.268 1.27 1.272 1.285 1.287 1.287 1.287 1.289 1.3 1.302 1.303 1.309 1.309 1.309 0.998 0.998 0.998 0.998 0.998 0.992 0.983 0.971 0.963 0.962 0.952 0.952 0.958 0.962 0.964 0.968 0.971 0.976 1.046 1.075 1.08 1.082 1.092 1.092 1.098 1.107 1.108 1.113 1.119 1.121 1.133 1.138 1.14 1.145 1.162 1.167 1.17 1.171 1.179 1.188 1.188 1.188 0.637 0.637 0.637 0.642 0.655 0.665 0.671 0.673 0.682 0.685 0.689 0.689 0.689 0.689 0.686 0.686 0.686 0.679 0.679 0.676 0.676 0.676 0.686 0.736 0.754 0.764 0.765 0.775 0.792 0.799 0.799 0.802 0.813 0.819 0.828 0.846 0.846 0.852 0.856 0.859 0.871 0.875 0.889 0.895 0.906 0.912 0.924 0.934 0.944 0.962 0.966 0.978 1.001 1.009 1.011 1.029 1.039 1.06 1.062 1.084 1.089 1.11 1.128 1.15 1.171 1.182 1.203 1.225 1.229 1.244 1.27 1.291 1.301 1.364 1.399 1.414 1.414 1.415 1.427 1.436 1.438 0 0 0 0.007 0 0 0 0 0.007 0 0 0 0 0 0 0 0 0 0.007 0 0 0 3.226 3.219 3.219 3.219 0 0 0 0 3.177 3.172 3.117 3.109 3.103 3.103 3.109 3.092 3.092 0.007 2.713 2.699 2.703 2.7 2.703 2.703 2.706 2.707 2.709 2.713 2.714 2.714 2.716 2.713 2.713 2.713 2.716 2.716 2.716 2.716 2.716 2.716 0.007 3.182 3.182 3.182 3.182 3.179 3.176 3.138 3.138 3.134 3.124 3.124 3.124 3.124 0 0 0 0 0 0 0 2.324 2.324 2.32 2.316 2.316 2.326 0 0 0 0 0 0 2.479 2.407 2.367 2.31 2.264 2.218 2.167 2.117 2.117 2.087 2.05 1.958 1.921 1.898 1.855 1.801 1.781 1.757 1.725 1.705 1.682 1.646 1.629 1.626 1.596 1.573 1.552 1.537 1.504 1.494 1.463 1.441 1.435 1.415 1.393 1.38 1.37 1.357 1.347 1.325 1.316 1.294 1.278 1.27 1.249 1.241 1.228 1.216 1.208 1.193 1.179 1.17 1.157 1.144 1.134 1.13 1.105 1.103 1.098 1.085 1.073 1.062 1.056 1.047 1.034 1.03 1.017 1.007 1.006 1.001 0.986 0.985 0.98 0.97 0.958 0.952 0.946 0.936 0.934 0.93 0.925 0.905 0.905 0.895 0.89 0.886 0.874 0.869 0.868 0.863 0.851 0.851 0.851 0.844 0.841 0.829 0.827 0.825 0.825 0.817 0.812 0.81 0.805 0.801 0.796 0.794 0.789 0.788 0.782 0.776 0.776 0.772 0.772 0.769 0.769 0.761 0.761 0.749 0.747 0.746 0.743 0.739 0.736 0.734 0.729 0.728 0.728 0.723 0.723 0.722 0.722 0.717 0.716 0.716 0.713 0.711 0.701 0.698 0.694 0.694 0.694 0.692 0.692 0.686 0.684 0.684 0.684 0.684 0.682 0.682 0.682 0.68 0.679 0.678 0.673 0.673 0.672 0.673 0.673 0.674 0.662 0.665 0.662 0.656 0.656 0.656 0.656 0.651 0.656 0.651 0.651 0.651 0.65 0.649 0.649 0.644 0.642 0.642 0.642 0.642 0.643 0.643 0.642 0.642 0.644 0.644 0.644 0.644 0.64 0.636 0.636 0.636 0.654 0.656 0.724 0.786 0.79 0.79 0.79 0.79 0.79 0.79 0.79 0.783 0.783 0.781 0.783 0.787 0.787 0.786 0.786 0.786 0.785 0.786 0.776 0.776 0.764 0.758 0.758 0.758 0.758 0.752 0.752 0.749 0.749 0.749 0.749 0.749 0.753 0.762 0.763 0.789 0.789 0.789 0.679 0.67 0.665 0.665 0.669 0.67 0.682 0.682 0.682 0.672 0.665 0.664 0.663 0.662 0.662 0.662 0.662 0.656 0.656 0.66 0.66 0.66 0.661 0.661 0.661 0.661 0.668 0.662 0.662 0.669 0.665 0.665 0.677 0.683 0.688 0.688 0.688 0.69 0.688 0.696 0.698 0.696 0.695 0.699 0.697 0.697 0.702 0.705 0.705 0.707 0.707 0.707 0.707 0.707 0.713 0.705 0.705 0.705 0.708 0.708 0.708 0.71 0.712 0.717 0.719 0.72 0.721 0.727 0.734 0.729 0.734 0.738 0.74 0.746 0.747 0.75 0.754 0.762 0.764 2.634 2.641 2.659 2.659 2.661 2.679 2.692 2.702 
1 1 1 1 1 1 1 1 1 1 1 1 1 1 1 1 1 1 1 1 1 1 1 1 1 1 1 1 1 1 1 1 1 1 1 1 1 1 1 1 1 1 1 1 1 1 1 1 1 1 1 1 1 1 1 1 1 1 1 1 1 1 1 1 1 1 1 1 1 1 1 1 1 1 1 1 1 1 1 1 1 1 1 1 1 1 1 1 1 1 1 1 1 1 1 1 1 1 1 1 1 1 1 1 1 1 1 1 1 1 1 1 1 1 1 1 1 1 1 1 1 1 1 1 1 1 1 1 1 1 1 1 1 1 1 1 1 1 1 1 1 1 1 1 1 1 1 1 1 1 1 1 1 1 1 1 1 1 1 1 1 1 1 1 1 1 1 1 1 1 1 1 1 1 1 1 1 1 1 1 1 1 1 1 1 1 1 1 1 1 1 1 1 1 1 1 1 1 1 1 1 1 1 1 1 1 1 1 1 1 1 1 1 1 1 1 1 1 1 1 1 1 1 1 1 1 1 1 1 1 1 1 1 1 1 1 1 1 1 1 1 1 1 1 1 1 1 1 1 1 1 1 1 1 1 1 1 1 1 1 1 1 1 1 1 1 0 0 0 0 0 0 0 0 0 0 0 0 0 0 0 0 0 0 0 0 0 0 1 1 1 1 0 0 0 0 1 1 1 1 1 1 1 1 1 0 1 1 1 1 1 1 1 1 1 1 1 1 1 1 1 1 1 1 1 1 1 1 0 1 1 1 1 1 1 1 1 1 1 1 1 1 0 0 0 0 0 0 0 1 1 1 1 1 1 0 0 0 0 0 0 1 1 1 1 1 1 1 1 1 1 1 1 1 1 1 1 1 1 1 1 1 1 1 1 1 1 1 1 1 1 1 1 1 1 1 1 1 1 1 1 1 1 1 1 1 1 1 1 1 1 1 1 1 1 1 1 1 1 1 1 1 1 1 1 1 1 1 1 1 1 1 1 1 1 1 1 1 1 1 1 1 1 1 1 1 1 1 1 1 1 1 1 1 1 1 1 1 1 1 1 1 1 1 1 1 1 1 1 1 1 1 1 1 1 1 1 1 1 1 1 1 1 1 1 1 1 1 1 1 1 1 1 1 1 1 1 1 1 1 1 1 1 1 1 1 1 1 1 1 1 1 1 1 1 1 1 1 1 1 1 1 1 1 1 1 1 1 1 1 1 1 1 1 1 1 1 1 1 1 1 1 1 1 1 1 1 1 1 1 1 1 1 1 1 1 1 1 1 1 1 1 1 1 1 1 1 1 1 1 1 1 1 1 1 1 1 1 1 1 1 1 1 1 1 1 1 1 1 1 1 1 1 1 1 1 1 1 1 1 1 1 1 1 1 1 1 1 1 1 1 1 1 1 1 1 1 1 1 1 1 1 1 1 1 1 1 1 1 1 1 1 1 1 1 1 1 1 1 1 1 1 1 1 1 1 1 1 1 1 1 1 1 1 1 1 1 1 1 1 1 1 1 1 1 1 1 1 1 1 1 1 1 1 1 1 1 1 1 1 1 1 
