# This file contains a 2D laser scan observation. 
# Its format is: 
# [aperture] [max_range] [number_of_scans] 
# [vector_of_scans] 
# [vector_of_valid_scans] 
# The aperture of the sensor is in radians, the maximum range 
# and measurements are in meters. '1' means a valid scan, '0' otherwise.
4.1847
5.6
682
1.271 1.277 1.277 1.271 1.271 1.255 1.252 1.251 1.247 1.237 1.236 1.233 1.228 1.227 1.224 1.222 1.222 1.22 1.22 1.219 1.208 1.203 1.201 1.201 1.199 1.196 1.194 1.191 1.182 1.182 1.182 1.182 1.18 1.18 1.179 1.176 1.168 1.167 1.163 1.163 1.163 1.156 1.156 1.156 1.166 1.194 1.515 1.518 1.518 1.518 1.513 1.5 1.456 1.284 1.284 1.284 1.285 1.288 1.294 1.32 1.646 1.742 1.742 1.742 1.269 1.264 1.254 1.252 1.252 1.246 1.245 1.245 1.246 1.245 1.245 1.224 1.185 1.181 1.181 1.181 1.184 1.185 1.191 1.191 1.184 1.191 1.191 1.155 1.155 1.155 1.105 1.102 1.102 1.102 1.103 1.104 1.105 1.114 1.115 1.117 1.118 1.125 1.126 1.127 1.129 1.131 1.137 1.136 1.137 1.137 1.136 1.13 1.13 1.129 1.129 1.131 1.131 1.125 1.132 1.124 1.124 1.124 1.123 1.123 1.125 1.129 1.129 1.136 1.14 1.141 1.141 1.149 1.158 1.159 1.164 1.165 1.174 1.175 1.179 1.179 1.175 0.864 0.864 0.864 0.865 0.905 0.905 0.905 0.874 0.864 0.85 0.843 0.833 0.833 0.839 0.839 0.839 0.839 0.84 0.846 0.848 0.855 0.891 0.928 0.936 0.936 0.944 0.936 0.934 0.482 0.482 0.482 0.49 0.496 0.496 0.501 0.504 0.512 0.514 0.517 0.517 0.525 0.528 0.528 0.529 0.531 0.533 0.537 0.541 0.541 0.537 0.535 0.526 0.522 0.515 0.515 0.512 0.515 0.516 0.516 0.512 0.509 0.509 0.509 0.574 0.579 0.579 0.582 0.587 0.589 0.595 0.596 0.604 0.613 0.613 0.613 0.614 0.62 0.623 0.63 0.631 0.633 0.642 0.645 0.648 0.65 0.657 0.658 0.661 0.664 0.669 0.678 0.678 0.68 0.683 0.688 0.694 0.695 0.697 0.702 0.71 0.716 0.719 0.727 0.735 0.736 0.745 0.757 0.772 0.779 0.782 0.79 0.792 0.803 0.811 0.812 0.816 0.836 0.837 0.841 0.857 0.859 0.873 0.874 0.879 0.886 0.902 0.905 0.93 0.935 0.95 0.962 0.976 0.988 1.003 1.018 1.024 1.04 1.055 1.06 1.073 1.097 1.128 1.174 1.174 1.182 1.19 1.195 1.196 1.205 1.213 1.221 0 0 0 0 0 0 0 0 0 0 0 0 0.007 0 0 0 0 0 0 0 0 0 0 0.007 0 0 0 3 2.997 2.995 2.995 2.997 0 0 0 2.958 2.956 2.927 2.894 2.888 2.886 2.888 2.894 2.888 2.885 2.492 2.485 2.485 2.492 2.492 2.496 2.496 2.496 2.496 2.496 2.496 2.503 2.505 2.506 2.506 2.507 2.507 2.51 2.51 2.511 2.511 2.513 2.511 2.511 0.007 0.006 0.007 2.976 2.967 2.967 2.966 2.965 2.964 2.932 2.932 2.923 2.923 2.923 2.923 2.923 0 0 0 0 0 0 0 0 2.129 2.107 2.105 2.104 2.099 2.099 2.105 0 0 0 0 0 0 0 2.264 2.209 2.174 2.13 2.069 2.027 2.015 1.958 1.926 1.89 1.89 1.851 1.817 1.765 1.733 1.707 1.685 1.661 1.638 1.607 1.599 1.581 1.563 1.52 1.516 1.504 1.474 1.459 1.446 1.436 1.426 1.404 1.391 1.371 1.349 1.343 1.321 1.32 1.308 1.289 1.282 1.258 1.253 1.242 1.228 1.221 1.212 1.199 1.191 1.182 1.164 1.153 1.139 1.132 1.123 1.109 1.098 1.09 1.079 1.074 1.059 1.051 1.047 1.037 1.03 1.017 1.016 1.009 0.991 0.987 0.987 0.979 0.974 0.967 0.966 0.955 0.954 0.944 0.931 0.923 0.921 0.921 0.898 0.897 0.896 0.888 0.884 0.88 0.877 0.873 0.87 0.866 0.864 0.859 0.854 0.847 0.846 0.845 0.836 0.832 0.827 0.822 0.821 0.812 0.811 0.811 0.811 0.811 0.811 0.805 0.79 0.783 0.776 0.774 0.773 0.772 0.772 0.768 0.758 0.755 0.753 0.752 0.751 0.75 0.749 0.747 0.742 0.737 0.738 0.737 0.737 0.73 0.735 0.73 0.724 0.724 0.719 0.717 0.717 0.717 0.719 0.707 0.707 0.707 0.705 0.704 0.701 0.697 0.693 0.693 0.693 0.696 0.693 0.69 0.686 0.686 0.686 0.686 0.687 0.687 0.687 0.687 0.687 0.684 0.684 0.679 0.677 0.679 0.674 0.679 0.678 0.678 0.668 0.667 0.667 0.664 0.664 0.665 0.671 0.668 0.668 0.668 0.662 0.658 0.658 0.662 0.664 0.664 0.664 0.663 0.662 0.656 0.662 0.656 0.662 0.665 0.669 0.67 0.671 0.682 0.687 0.69 0.699 0.7 0.7 0.707 0.707 0.705 0.702 0.702 0.7 0.691 0.687 0.682 0.679 0.664 0.664 0.662 0.664 0.664 0.664 0.659 0.658 0.658 0.656 0.654 0.656 0.654 0.654 0.661 0.663 0.663 0.664 0.665 0.665 0.666 0.666 0.665 0.666 0.667 0.672 0.749 0.816 0.816 0.816 0.816 0.816 0.822 0.829 0.832 0.832 0.832 0.834 0.84 0.834 0.834 0.817 0.814 0.813 0.798 0.803 0.798 0.798 0.803 0.81 0.811 0.815 0.855 0.982 0.982 0.982 0.897 0.826 0.786 0.771 0.753 0.751 0.751 0.746 0.751 0.753 0.753 0.753 
1 1 1 1 1 1 1 1 1 1 1 1 1 1 1 1 1 1 1 1 1 1 1 1 1 1 1 1 1 1 1 1 1 1 1 1 1 1 1 1 1 1 1 1 1 1 1 1 1 1 1 1 1 1 1 1 1 1 1 1 1 1 1 1 1 1 1 1 1 1 1 1 1 1 1 1 1 1 1 1 1 1 1 1 1 1 1 1 1 1 1 1 1 1 1 1 1 1 1 1 1 1 1 1 1 1 1 1 1 1 1 1 1 1 1 1 1 1 1 1 1 1 1 1 1 1 1 1 1 1 1 1 1 1 1 1 1 1 1 1 1 1 1 1 1 1 1 1 1 1 1 1 1 1 1 1 1 1 1 1 1 1 1 1 1 1 1 1 1 1 1 1 1 1 1 1 1 1 1 1 1 1 1 1 1 1 1 1 1 1 1 1 1 1 1 1 1 1 1 1 1 1 1 1 1 1 1 1 1 1 1 1 1 1 1 1 1 1 1 1 1 1 1 1 1 1 1 1 1 1 1 1 1 1 1 1 1 1 1 1 1 1 1 1 1 1 1 1 1 1 1 1 1 1 1 1 1 1 1 1 1 1 1 1 1 1 1 1 1 1 1 1 1 1 1 1 1 1 1 1 1 1 1 1 1 1 1 1 1 1 1 1 0 0 0 0 0 0 0 0 0 0 0 0 0 0 0 0 0 0 0 0 0 0 0 0 0 0 0 1 1 1 1 1 0 0 0 1 1 1 1 1 1 1 1 1 1 1 1 1 1 1 1 1 1 1 1 1 1 1 1 1 1 1 1 1 1 1 1 1 1 0 0 0 1 1 1 1 1 1 1 1 1 1 1 1 1 0 0 0 0 0 0 0 0 1 1 1 1 1 1 1 0 0 0 0 0 0 0 1 1 1 1 1 1 1 1 1 1 1 1 1 1 1 1 1 1 1 1 1 1 1 1 1 1 1 1 1 1 1 1 1 1 1 1 1 1 1 1 1 1 1 1 1 1 1 1 1 1 1 1 1 1 1 1 1 1 1 1 1 1 1 1 1 1 1 1 1 1 1 1 1 1 1 1 1 1 1 1 1 1 1 1 1 1 1 1 1 1 1 1 1 1 1 1 1 1 1 1 1 1 1 1 1 1 1 1 1 1 1 1 1 1 1 1 1 1 1 1 1 1 1 1 1 1 1 1 1 1 1 1 1 1 1 1 1 1 1 1 1 1 1 1 1 1 1 1 1 1 1 1 1 1 1 1 1 1 1 1 1 1 1 1 1 1 1 1 1 1 1 1 1 1 1 1 1 1 1 1 1 1 1 1 1 1 1 1 1 1 1 1 1 1 1 1 1 1 1 1 1 1 1 1 1 1 1 1 1 1 1 1 1 1 1 1 1 1 1 1 1 1 1 1 1 1 1 1 1 1 1 1 1 1 1 1 1 1 1 1 1 1 1 1 1 1 1 1 1 1 1 1 1 1 1 1 1 1 1 1 1 1 1 1 1 1 1 1 1 1 1 1 1 1 1 1 1 1 1 1 1 1 1 
