# This file contains a 2D laser scan observation. 
# Its format is: 
# [aperture] [max_range] [number_of_scans] 
# [vector_of_scans] 
# [vector_of_valid_scans] 
# The aperture of the sensor is in radians, the maximum range 
# and measurements are in meters. '1' means a valid scan, '0' otherwise.
4.1847
5.6
682
1.314 1.308 1.305 1.304 1.288 1.283 1.276 1.276 1.268 1.264 1.254 1.251 1.25 1.249 1.248 1.248 1.244 1.233 1.233 1.233 1.23 1.223 1.222 1.218 1.211 1.208 1.203 1.201 1.192 1.189 1.189 1.189 1.189 1.186 1.184 1.184 1.181 1.179 1.17 1.169 1.166 1.166 1.17 1.543 1.543 1.543 1.541 1.534 1.529 1.524 1.513 1.315 1.292 1.287 1.287 1.292 1.3 1.305 1.352 1.687 1.687 1.687 1.277 1.255 1.255 1.254 1.251 1.25 1.248 1.246 1.242 1.239 1.228 1.192 1.175 1.175 1.175 1.179 1.182 1.182 1.182 1.179 1.134 1.122 1.12 1.1 1.089 1.081 1.081 1.081 1.081 1.083 1.091 1.093 1.094 1.097 1.099 1.101 1.105 1.106 1.115 1.115 1.115 1.116 1.113 1.111 1.109 1.109 1.108 1.103 1.099 1.097 1.097 1.097 1.096 1.096 1.102 1.096 1.096 1.095 1.096 1.094 1.094 1.099 1.1 1.1 1.103 1.107 1.12 1.12 1.122 1.123 1.123 1.122 1.103 0.851 0.828 0.823 0.823 0.828 0.866 0.866 0.866 0.851 0.814 0.798 0.791 0.789 0.788 0.787 0.787 0.787 0.779 0.439 0.437 0.434 0.437 0.439 0.439 0.443 0.449 0.45 0.454 0.459 0.462 0.463 0.466 0.472 0.472 0.472 0.475 0.475 0.476 0.479 0.48 0.48 0.48 0.479 0.479 0.478 0.469 0.467 0.455 0.451 0.451 0.451 0.451 0.451 0.449 0.448 0.448 0.448 0.448 0.451 0.503 0.503 0.514 0.516 0.525 0.525 0.526 0.532 0.532 0.532 0.538 0.538 0.539 0.539 0.543 0.544 0.549 0.552 0.559 0.562 0.562 0.563 0.563 0.566 0.571 0.576 0.58 0.579 0.579 0.584 0.584 0.592 0.592 0.596 0.596 0.602 0.604 0.613 0.617 0.618 0.619 0.624 0.632 0.634 0.64 0.643 0.646 0.654 0.657 0.659 0.665 0.665 0.669 0.673 0.685 0.694 0.697 0.708 0.708 0.714 0.721 0.726 0.733 0.738 0.75 0.75 0.753 0.758 0.761 0.78 0.783 0.783 0.783 0.796 0.807 0.811 0.828 0.83 0.844 0.857 0.864 0.867 0.886 0.892 0.913 0.918 0.921 0.948 0.95 0.951 0.957 0.974 0.987 0.998 1.006 1.023 1.066 1.092 1.097 1.099 1.115 1.119 1.123 1.127 1.135 1.139 0 0 0 0 0 0 0 0 0 0 0 0 0 0.007 0 0 0 0 0 0 0 0 0 0 0 0 2.915 2.921 2.921 2.915 2.913 2.909 2.909 2.913 0 0 0 2.881 2.861 2.844 2.814 2.812 2.806 2.812 2.814 2.812 2.793 0.006 2.871 2.86 2.861 2.865 2.865 2.865 2.865 2.865 2.867 2.864 2.864 2.865 2.865 2.865 2.867 2.869 2.869 2.869 2.864 2.864 2.864 2.864 2.865 2.873 2.865 2.57 2.874 2.874 2.874 2.885 2.885 2.885 2.881 2.87 2.87 2.843 2.843 2.843 2.822 2.822 2.822 0 0 0 0 0 0 0 0 0 2.048 2.014 2.014 2.014 2.029 2.037 2.037 0 0 0 0 0 0 2.191 2.148 2.098 2.078 2.035 2.019 1.969 1.947 1.906 1.88 1.851 1.812 1.812 1.78 1.754 1.697 1.659 1.659 1.623 1.616 1.586 1.561 1.55 1.516 1.51 1.498 1.468 1.447 1.433 1.419 1.409 1.391 1.388 1.36 1.357 1.335 1.326 1.309 1.305 1.286 1.282 1.267 1.248 1.241 1.237 1.217 1.212 1.196 1.184 1.175 1.166 1.157 1.145 1.131 1.127 1.116 1.105 1.097 1.086 1.076 1.064 1.059 1.055 1.045 1.032 1.03 1.028 1.015 1.006 0.997 0.995 0.993 0.982 0.974 0.972 0.972 0.954 0.949 0.945 0.938 0.93 0.926 0.93 0.925 0.907 0.903 0.888 0.878 0.866 0.866 0.864 0.864 0.864 0.866 0.866 0.866 0.86 0.855 0.851 0.847 0.844 0.835 0.834 0.82 0.82 0.82 0.819 0.809 0.807 0.805 0.804 0.804 0.798 0.796 0.794 0.792 0.789 0.784 0.782 0.782 0.788 0.788 0.788 0.788 0.761 0.757 0.752 0.752 0.75 0.743 0.743 0.743 0.742 0.735 0.735 0.734 0.734 0.734 0.727 0.725 0.722 0.722 0.718 0.715 0.712 0.712 0.712 0.711 0.712 0.709 0.706 0.701 0.706 0.701 0.699 0.701 0.702 0.696 0.696 0.697 0.697 0.696 0.696 0.696 0.691 0.691 0.691 0.691 0.691 0.689 0.687 0.685 0.687 0.685 0.685 0.685 0.685 0.685 0.68 0.677 0.677 0.677 0.677 0.677 0.68 0.68 0.684 0.684 0.679 0.679 0.679 0.679 0.682 0.683 0.688 0.689 0.69 0.696 0.701 0.711 0.717 0.722 0.725 0.728 0.725 0.725 0.725 0.722 0.715 0.708 0.697 0.697 0.689 0.686 0.685 0.68 0.677 0.677 0.678 0.678 0.681 0.681 0.681 0.682 0.682 0.682 0.678 0.678 0.678 0.679 0.682 0.682 0.687 0.687 0.687 0.683 0.683 0.683 0.683 0.683 0.688 0.693 0.693 0.693 0.691 0.693 0.698 0.7 0.7 0.701 0.7 0.7 0.701 0.701 0.713 0.744 0.845 0.861 0.862 0.864 0.866 0.868 0.868 0.874 0.876 0.876 0.876 0.876 0.84 0.834 0.827 
1 1 1 1 1 1 1 1 1 1 1 1 1 1 1 1 1 1 1 1 1 1 1 1 1 1 1 1 1 1 1 1 1 1 1 1 1 1 1 1 1 1 1 1 1 1 1 1 1 1 1 1 1 1 1 1 1 1 1 1 1 1 1 1 1 1 1 1 1 1 1 1 1 1 1 1 1 1 1 1 1 1 1 1 1 1 1 1 1 1 1 1 1 1 1 1 1 1 1 1 1 1 1 1 1 1 1 1 1 1 1 1 1 1 1 1 1 1 1 1 1 1 1 1 1 1 1 1 1 1 1 1 1 1 1 1 1 1 1 1 1 1 1 1 1 1 1 1 1 1 1 1 1 1 1 1 1 1 1 1 1 1 1 1 1 1 1 1 1 1 1 1 1 1 1 1 1 1 1 1 1 1 1 1 1 1 1 1 1 1 1 1 1 1 1 1 1 1 1 1 1 1 1 1 1 1 1 1 1 1 1 1 1 1 1 1 1 1 1 1 1 1 1 1 1 1 1 1 1 1 1 1 1 1 1 1 1 1 1 1 1 1 1 1 1 1 1 1 1 1 1 1 1 1 1 1 1 1 1 1 1 1 1 1 1 1 1 1 1 1 1 1 1 1 1 1 1 1 1 1 1 1 1 1 1 1 1 1 1 1 1 1 1 1 1 1 1 1 1 1 0 0 0 0 0 0 0 0 0 0 0 0 0 0 0 0 0 0 0 0 0 0 0 0 0 0 1 1 1 1 1 1 1 1 0 0 0 1 1 1 1 1 1 1 1 1 1 0 1 1 1 1 1 1 1 1 1 1 1 1 1 1 1 1 1 1 1 1 1 1 1 1 1 1 1 1 1 1 1 1 1 1 1 1 1 1 1 1 1 0 0 0 0 0 0 0 0 0 1 1 1 1 1 1 1 0 0 0 0 0 0 1 1 1 1 1 1 1 1 1 1 1 1 1 1 1 1 1 1 1 1 1 1 1 1 1 1 1 1 1 1 1 1 1 1 1 1 1 1 1 1 1 1 1 1 1 1 1 1 1 1 1 1 1 1 1 1 1 1 1 1 1 1 1 1 1 1 1 1 1 1 1 1 1 1 1 1 1 1 1 1 1 1 1 1 1 1 1 1 1 1 1 1 1 1 1 1 1 1 1 1 1 1 1 1 1 1 1 1 1 1 1 1 1 1 1 1 1 1 1 1 1 1 1 1 1 1 1 1 1 1 1 1 1 1 1 1 1 1 1 1 1 1 1 1 1 1 1 1 1 1 1 1 1 1 1 1 1 1 1 1 1 1 1 1 1 1 1 1 1 1 1 1 1 1 1 1 1 1 1 1 1 1 1 1 1 1 1 1 1 1 1 1 1 1 1 1 1 1 1 1 1 1 1 1 1 1 1 1 1 1 1 1 1 1 1 1 1 1 1 1 1 1 1 1 1 1 1 1 1 1 1 1 1 1 1 1 1 1 1 1 1 1 1 1 1 1 1 1 1 1 1 1 1 1 1 1 1 1 1 1 1 1 1 1 1 1 1 1 1 1 1 
