# This file contains a 2D laser scan observation. 
# Its format is: 
# [aperture] [max_range] [number_of_scans] 
# [vector_of_scans] 
# [vector_of_valid_scans] 
# The aperture of the sensor is in radians, the maximum range 
# and measurements are in meters. '1' means a valid scan, '0' otherwise.
4.1847
5.6
682
0.614 0.611 0.606 0.602 0.597 0.593 0.584 0.581 0.581 0.572 0.572 0.573 0.573 0.58 0.58 0.58 0.581 0.582 0.582 0.582 0.588 0.582 0.579 0.579 0.579 0.579 0.579 0.572 0.572 0.563 0.562 0.553 0.552 0.545 0.546 0.54 0.537 0.528 0.515 0.515 0.515 1.16 1.219 1.219 1.219 1.208 1.201 1.197 1.176 0.888 0.881 0.881 0.878 0.872 0.868 0.863 0.863 0.861 0.861 0.866 0.871 0.882 0.914 0.914 0.914 0.913 0.913 0.913 0.914 0.924 0.939 1.144 1.148 1.148 1.153 1.153 1.157 1.157 1.161 1.162 1.168 1.168 1.168 1.166 1.166 1.165 1.165 1.163 1.158 1.155 1.153 1.15 1.15 1.153 1.15 1.15 1.15 1.148 1.146 1.145 1.145 1.14 1.14 1.14 1.14 1.142 1.142 1.142 1.142 1.145 1.149 1.149 1.151 1.156 1.156 1.159 1.157 1.159 1.157 1.159 1.157 1.159 1.157 1.159 1.159 1.159 1.161 1.166 1.177 1.192 1.203 1.222 1.234 1.238 1.242 1.242 1.249 1.25 1.253 1.25 1.253 1.256 1.258 1.259 1.259 1.259 1.258 1.253 1.253 1.253 1.253 1.254 1.254 1.254 1.254 1.266 1.28 1.299 1.376 1.376 1.376 1.376 1.376 1.387 1.387 1.387 1.387 1.387 1.376 1.376 1.376 1.376 1.376 1.363 1.363 1.363 1.359 1.359 1.359 1.359 1.359 1.375 1.375 1.378 1.378 1.378 1.344 1.328 1.317 1.317 1.317 1.318 1.324 1.327 1.342 1.36 2.079 2.115 2.12 2.125 2.139 2.14 2.15 2.16 2.163 2.181 2.181 2.181 2.154 2.138 2.138 2.138 0 0 0 0 0 0 0 2.088 2.088 2.098 2.098 2.088 2.098 2.109 0 0.006 0.006 0 0 2.087 2.087 0.007 2.253 2.253 2.265 2.253 2.253 1.317 1.283 1.252 1.163 1.157 1.154 1.154 1.154 1.157 0.007 0 1.167 1.167 1.167 1.167 0 0 0 0 0 0 0 0 0 0 0 0 0 0 0 0 0 0 0 0 0 0 1.924 1.922 1.908 1.879 1.868 1.836 1.821 1.813 1.81 1.807 1.8 1.799 1.798 1.799 1.8 1.792 1.792 1.792 1.791 1.771 1.765 1.757 1.733 1.692 1.691 1.691 1.678 1.678 1.68 1.69 1.69 1.692 1.694 1.697 1.697 1.698 1.698 1.697 1.693 1.693 1.693 0 0 0 0 0 0 1.625 1.621 1.621 1.621 1.61 1.621 1.595 1.543 1.06 0.722 0.716 0.716 0.716 0.722 0.723 0.992 1.068 1.074 1.077 1.077 1.077 1.077 1.077 1.076 1.076 1.076 1.075 1.075 1.077 1.076 1.076 1.076 1.076 1.072 1.072 1.076 1.076 1.076 1.081 1.088 1.089 1.089 1.083 1.089 1.09 1.086 1.09 1.093 1.095 1.095 1.095 1.095 1.096 1.101 1.104 1.104 1.104 1.111 1.113 1.113 1.113 1.113 1.113 1.113 1.113 1.114 1.117 1.127 1.612 1.618 1.626 1.626 1.629 1.629 1.633 1.633 1.633 1.625 1.625 1.625 1.582 1.565 0.785 0.773 0.773 0.773 0.773 0.774 0.775 1.507 1.54 1.546 1.546 1.541 1.541 1.551 0 0 0 0 0 0 1.526 1.526 1.523 1.503 1.496 1.496 1.496 1.505 1.542 1.724 1.733 1.749 1.749 1.749 0.83 0.829 0.819 0.819 0.813 0.813 0.819 0.827 0.817 0.817 0.015 0.015 0.821 0.015 0.007 0.015 0.821 0.808 0.805 0.805 0.804 0.805 0.805 0.81 0.805 0.81 0.81 0.81 0.811 0.811 0.811 0.811 0.806 0.803 0.803 0.803 0.804 0.821 0.821 0.826 0.826 0.826 0.847 0.858 0.974 0.974 0.974 0.957 0.952 0.939 0.936 0.936 0.923 0.922 0.917 0.91 0.905 0.898 0.889 0.879 0.872 0.866 0.866 0.861 0.857 0.852 0.851 0.831 0.831 0.828 0.828 0.826 0.818 0.816 0.813 0.801 0.799 0.797 0.792 0.792 0.784 0.783 0.78 0.779 0.779 0.77 0.767 0.758 0.756 0.754 0.752 0.747 0.746 0.746 0.74 0.737 0.737 0.733 0.732 0.726 0.72 0.72 0.72 0.715 0.712 0.712 0.712 0.707 0.707 0.706 0.706 0.706 0.707 0.707 0.707 0.697 0.692 0.692 0.685 0.685 0.685 0.685 0.682 0.68 0.68 0.676 0.673 0.672 0.671 0.669 0.665 0.665 0.663 0.663 0.663 0.662 0.662 0.662 0.66 0.66 0.655 0.655 0.655 0.655 0.655 0.655 0.65 0.648 0.648 0.643 0.642 0.64 0.642 0.64 0.64 0.638 0.638 0.637 0.638 0.637 0.64 0.637 0.64 0.634 0.634 0.633 0.633 0.633 0.633 0.634 0.634 0.634 0.636 0.639 0.636 0.644 0.644 0.645 0.648 0.659 0.661 0.667 0.669 0.672 0.681 0.682 0.682 0.681 0.675 0.662 0.656 0.656 0.65 0.644 0.643 0.64 0.639 0.639 0.639 0.639 0.634 0.636 0.634 0.633 0.634 0.636 0.636 0.639 0.639 0.639 0.639 0.645 0.645 0.648 0.645 0.645 0.645 0.645 0.645 0.645 0.645 0.645 0.646 0.646 0.646 0.652 0.656 0.656 0.655 0.656 0.655 0.652 0.651 0.651 0.651 0.654 0.663 0.664 0.671 0.673 0.673 0.673 0.678 
1 1 1 1 1 1 1 1 1 1 1 1 1 1 1 1 1 1 1 1 1 1 1 1 1 1 1 1 1 1 1 1 1 1 1 1 1 1 1 1 1 1 1 1 1 1 1 1 1 1 1 1 1 1 1 1 1 1 1 1 1 1 1 1 1 1 1 1 1 1 1 1 1 1 1 1 1 1 1 1 1 1 1 1 1 1 1 1 1 1 1 1 1 1 1 1 1 1 1 1 1 1 1 1 1 1 1 1 1 1 1 1 1 1 1 1 1 1 1 1 1 1 1 1 1 1 1 1 1 1 1 1 1 1 1 1 1 1 1 1 1 1 1 1 1 1 1 1 1 1 1 1 1 1 1 1 1 1 1 1 1 1 1 1 1 1 1 1 1 1 1 1 1 1 1 1 1 1 1 1 1 1 1 1 1 1 1 1 1 1 1 1 1 1 1 1 1 1 1 1 1 1 1 1 1 1 1 1 1 1 1 1 0 0 0 0 0 0 0 1 1 1 1 1 1 1 0 0 0 0 0 1 1 0 1 1 1 1 1 1 1 1 1 1 1 1 1 1 0 0 1 1 1 1 0 0 0 0 0 0 0 0 0 0 0 0 0 0 0 0 0 0 0 0 0 0 1 1 1 1 1 1 1 1 1 1 1 1 1 1 1 1 1 1 1 1 1 1 1 1 1 1 1 1 1 1 1 1 1 1 1 1 1 1 1 1 1 0 0 0 0 0 0 1 1 1 1 1 1 1 1 1 1 1 1 1 1 1 1 1 1 1 1 1 1 1 1 1 1 1 1 1 1 1 1 1 1 1 1 1 1 1 1 1 1 1 1 1 1 1 1 1 1 1 1 1 1 1 1 1 1 1 1 1 1 1 1 1 1 1 1 1 1 1 1 1 1 1 1 1 1 1 1 1 1 1 1 1 1 1 1 1 1 1 1 1 1 1 1 0 0 0 0 0 0 1 1 1 1 1 1 1 1 1 1 1 1 1 1 1 1 1 1 1 1 1 1 1 1 0 0 1 0 0 0 1 1 1 1 1 1 1 1 1 1 1 1 1 1 1 1 1 1 1 1 1 1 1 1 1 1 1 1 1 1 1 1 1 1 1 1 1 1 1 1 1 1 1 1 1 1 1 1 1 1 1 1 1 1 1 1 1 1 1 1 1 1 1 1 1 1 1 1 1 1 1 1 1 1 1 1 1 1 1 1 1 1 1 1 1 1 1 1 1 1 1 1 1 1 1 1 1 1 1 1 1 1 1 1 1 1 1 1 1 1 1 1 1 1 1 1 1 1 1 1 1 1 1 1 1 1 1 1 1 1 1 1 1 1 1 1 1 1 1 1 1 1 1 1 1 1 1 1 1 1 1 1 1 1 1 1 1 1 1 1 1 1 1 1 1 1 1 1 1 1 1 1 1 1 1 1 1 1 1 1 1 1 1 1 1 1 1 1 1 1 1 1 1 1 1 1 1 1 1 1 1 1 1 1 1 1 1 1 1 1 1 1 1 1 1 1 1 1 1 1 1 1 1 1 1 1 1 
