# This file contains a 2D laser scan observation. 
# Its format is: 
# [aperture] [max_range] [number_of_scans] 
# [vector_of_scans] 
# [vector_of_valid_scans] 
# The aperture of the sensor is in radians, the maximum range 
# and measurements are in meters. '1' means a valid scan, '0' otherwise.
4.1847
5.6
682
0.617 0.613 0.612 0.609 0.6 0.595 0.591 0.584 0.583 0.58 0.577 0.58 0.583 0.59 0.59 0.59 0.585 0.584 0.583 0.583 0.583 0.583 0.583 0.58 0.58 0.571 0.57 0.566 0.565 0.562 0.559 0.556 0.554 0.549 0.542 0.536 0.531 0.519 0.519 0.519 0.519 1.156 1.217 1.217 1.217 1.202 1.201 1.195 1.176 0.897 0.882 0.881 0.877 0.876 0.867 0.855 0.853 0.853 0.854 0.855 0.885 0.889 0.908 0.913 0.913 0.913 0.913 0.913 0.913 0.918 0.939 1.139 1.149 1.156 1.156 1.157 1.157 1.161 1.165 1.168 1.168 1.168 1.168 1.176 1.176 1.17 1.17 1.169 1.162 1.158 1.151 1.151 1.15 1.15 1.142 1.148 1.148 1.148 1.146 1.146 1.146 1.143 1.143 1.143 1.138 1.138 1.142 1.142 1.142 1.142 1.148 1.151 1.152 1.156 1.156 1.156 1.156 1.154 1.154 1.156 1.158 1.16 1.16 1.162 1.162 1.162 1.162 1.168 1.178 1.192 1.205 1.224 1.231 1.239 1.239 1.242 1.243 1.246 1.246 1.249 1.254 1.255 1.256 1.256 1.256 1.256 1.253 1.252 1.253 1.252 1.251 1.251 1.252 1.252 1.259 1.26 1.281 1.294 1.381 1.381 1.381 1.381 1.381 1.376 1.376 1.376 1.376 1.376 1.377 1.377 1.377 1.377 1.377 1.374 1.374 1.374 1.363 1.363 1.363 1.363 1.363 1.378 1.378 1.367 1.367 1.367 1.353 1.324 1.316 1.316 1.316 1.324 1.324 1.325 1.325 1.359 2.095 2.101 2.112 2.128 2.138 2.141 2.15 2.157 2.167 2.177 2.177 2.177 2.148 2.137 2.137 2.137 0 0 0 0 0 0 0 2.089 2.089 2.094 2.097 2.094 2.097 2.105 2.097 0 0.007 2.095 2.095 0 0 0 0 2.261 2.261 2.253 2.253 1.312 1.279 1.263 1.165 1.157 1.157 1.157 1.155 1.157 0.007 0 1.145 1.154 1.154 1.154 0 0 0 0 0 0 0 0 0 0 0 0 0 0 0 0 0 0 0 0 0 0 1.916 1.914 1.907 1.881 1.851 1.847 1.824 1.811 1.808 1.807 1.8 1.797 1.796 1.132 1.132 1.132 1.783 1.783 1.783 1.771 1.77 1.755 1.727 1.701 1.686 1.686 1.682 1.682 1.683 1.689 1.689 1.691 1.697 1.697 1.699 1.699 1.698 1.695 1.693 1.693 1.698 0 0 0 0 0 0 1.618 1.618 1.618 1.618 1.618 1.625 1.597 1.547 1.065 0.729 0.716 0.716 0.716 0.726 0.728 0.994 1.066 1.07 1.072 1.073 1.076 1.073 1.076 1.076 1.076 1.071 1.071 1.07 1.071 1.071 1.077 1.077 1.08 1.083 1.083 1.083 1.086 1.086 1.086 1.087 1.09 1.086 1.09 1.09 1.084 1.084 1.086 1.086 1.088 1.094 1.096 1.099 1.096 1.099 1.102 1.104 1.104 1.11 1.111 1.113 1.116 1.118 1.118 1.118 1.118 1.118 1.123 1.133 1.615 1.618 1.619 1.619 1.622 1.626 1.629 1.632 1.632 1.629 1.617 1.617 1.591 1.569 0.782 0.77 0.767 0.767 0.767 0.773 0.775 1.496 1.545 1.545 1.545 1.542 1.542 1.542 0 0 0 0 0 0 1.532 1.53 1.513 1.507 1.496 1.496 1.496 1.503 1.527 1.737 1.741 1.741 1.741 0.846 0.838 0.826 0.816 0.826 0.812 0.812 0.812 0.831 0.015 0.015 0.015 0.007 0.015 0.015 0.007 0.015 0.812 0.809 0.802 0.802 0.802 0.802 0.803 0.806 0.806 0.812 0.812 0.808 0.808 0.808 0.808 0.807 0.807 0.803 0.798 0.798 0.803 0.829 0.829 0.829 0.829 0.829 0.857 0.863 0.963 0.963 0.963 0.956 0.948 0.94 0.937 0.932 0.92 0.919 0.916 0.91 0.897 0.888 0.886 0.885 0.879 0.872 0.869 0.865 0.857 0.856 0.854 0.839 0.839 0.834 0.833 0.826 0.817 0.817 0.813 0.812 0.807 0.803 0.796 0.791 0.788 0.782 0.78 0.779 0.779 0.766 0.76 0.76 0.754 0.754 0.752 0.751 0.751 0.749 0.747 0.746 0.741 0.738 0.73 0.725 0.724 0.723 0.722 0.713 0.713 0.713 0.712 0.709 0.709 0.704 0.704 0.704 0.704 0.704 0.704 0.701 0.695 0.691 0.689 0.688 0.687 0.684 0.68 0.679 0.677 0.677 0.677 0.671 0.675 0.675 0.669 0.667 0.663 0.663 0.663 0.663 0.661 0.661 0.661 0.663 0.662 0.662 0.662 0.651 0.651 0.651 0.652 0.654 0.654 0.654 0.652 0.646 0.643 0.641 0.641 0.64 0.64 0.64 0.642 0.642 0.642 0.642 0.639 0.639 0.638 0.638 0.638 0.638 0.636 0.638 0.637 0.635 0.637 0.64 0.64 0.64 0.643 0.643 0.651 0.652 0.667 0.673 0.682 0.682 0.682 0.683 0.685 0.683 0.683 0.67 0.657 0.651 0.649 0.643 0.642 0.64 0.64 0.636 0.636 0.633 0.633 0.633 0.633 0.632 0.63 0.627 0.627 0.627 0.627 0.633 0.645 0.645 0.647 0.647 0.642 0.642 0.64 0.64 0.64 0.642 0.641 0.642 0.655 0.655 0.655 0.655 0.655 0.654 0.651 0.654 0.657 0.657 0.657 0.661 0.661 0.661 0.663 0.663 0.666 0.666 0.67 0.673 0.675 
1 1 1 1 1 1 1 1 1 1 1 1 1 1 1 1 1 1 1 1 1 1 1 1 1 1 1 1 1 1 1 1 1 1 1 1 1 1 1 1 1 1 1 1 1 1 1 1 1 1 1 1 1 1 1 1 1 1 1 1 1 1 1 1 1 1 1 1 1 1 1 1 1 1 1 1 1 1 1 1 1 1 1 1 1 1 1 1 1 1 1 1 1 1 1 1 1 1 1 1 1 1 1 1 1 1 1 1 1 1 1 1 1 1 1 1 1 1 1 1 1 1 1 1 1 1 1 1 1 1 1 1 1 1 1 1 1 1 1 1 1 1 1 1 1 1 1 1 1 1 1 1 1 1 1 1 1 1 1 1 1 1 1 1 1 1 1 1 1 1 1 1 1 1 1 1 1 1 1 1 1 1 1 1 1 1 1 1 1 1 1 1 1 1 1 1 1 1 1 1 1 1 1 1 1 1 1 1 1 1 1 1 0 0 0 0 0 0 0 1 1 1 1 1 1 1 1 0 0 1 1 0 0 0 0 1 1 1 1 1 1 1 1 1 1 1 1 1 0 0 1 1 1 1 0 0 0 0 0 0 0 0 0 0 0 0 0 0 0 0 0 0 0 0 0 0 1 1 1 1 1 1 1 1 1 1 1 1 1 1 1 1 1 1 1 1 1 1 1 1 1 1 1 1 1 1 1 1 1 1 1 1 1 1 1 1 1 0 0 0 0 0 0 1 1 1 1 1 1 1 1 1 1 1 1 1 1 1 1 1 1 1 1 1 1 1 1 1 1 1 1 1 1 1 1 1 1 1 1 1 1 1 1 1 1 1 1 1 1 1 1 1 1 1 1 1 1 1 1 1 1 1 1 1 1 1 1 1 1 1 1 1 1 1 1 1 1 1 1 1 1 1 1 1 1 1 1 1 1 1 1 1 1 1 1 1 1 1 1 0 0 0 0 0 0 1 1 1 1 1 1 1 1 1 1 1 1 1 1 1 1 1 1 1 1 1 1 0 0 0 0 0 0 0 0 1 1 1 1 1 1 1 1 1 1 1 1 1 1 1 1 1 1 1 1 1 1 1 1 1 1 1 1 1 1 1 1 1 1 1 1 1 1 1 1 1 1 1 1 1 1 1 1 1 1 1 1 1 1 1 1 1 1 1 1 1 1 1 1 1 1 1 1 1 1 1 1 1 1 1 1 1 1 1 1 1 1 1 1 1 1 1 1 1 1 1 1 1 1 1 1 1 1 1 1 1 1 1 1 1 1 1 1 1 1 1 1 1 1 1 1 1 1 1 1 1 1 1 1 1 1 1 1 1 1 1 1 1 1 1 1 1 1 1 1 1 1 1 1 1 1 1 1 1 1 1 1 1 1 1 1 1 1 1 1 1 1 1 1 1 1 1 1 1 1 1 1 1 1 1 1 1 1 1 1 1 1 1 1 1 1 1 1 1 1 1 1 1 1 1 1 1 1 1 1 1 1 1 1 1 1 1 1 1 1 1 1 1 1 1 1 1 1 1 1 1 1 1 1 1 1 1 
