# This file contains a 2D laser scan observation. 
# Its format is: 
# [aperture] [max_range] [number_of_scans] 
# [vector_of_scans] 
# [vector_of_valid_scans] 
# The aperture of the sensor is in radians, the maximum range 
# and measurements are in meters. '1' means a valid scan, '0' otherwise.
4.1847
5.6
682
0.616 0.613 0.606 0.603 0.596 0.593 0.586 0.586 0.582 0.581 0.579 0.578 0.578 0.578 0.58 0.58 0.583 0.583 0.583 0.583 0.583 0.579 0.579 0.579 0.577 0.572 0.57 0.57 0.568 0.556 0.554 0.553 0.551 0.543 0.537 0.535 0.533 0.53 0.509 0.509 0.509 1.218 1.219 1.219 1.218 1.209 1.207 1.204 1.181 0.894 0.877 0.87 0.861 0.861 0.86 0.861 0.862 0.862 0.862 0.866 0.87 0.897 0.916 0.916 0.916 0.912 0.91 0.91 0.912 0.915 0.932 1.141 1.141 1.157 1.159 1.161 1.161 1.161 1.161 1.163 1.164 1.166 1.168 1.168 1.168 1.168 1.164 1.161 1.161 1.159 1.161 1.159 1.152 1.152 1.152 1.148 1.148 1.148 1.144 1.144 1.142 1.141 1.138 1.138 1.137 1.136 1.137 1.141 1.145 1.145 1.151 1.152 1.151 1.15 1.151 1.152 1.155 1.16 1.163 1.16 1.158 1.158 1.158 1.151 1.151 1.152 1.16 1.16 1.168 1.185 1.205 1.224 1.229 1.237 1.239 1.241 1.241 1.251 1.251 1.251 1.252 1.252 1.252 1.254 1.255 1.255 1.253 1.253 1.251 1.247 1.247 1.251 1.252 1.255 1.26 1.262 1.276 1.297 1.392 1.392 1.392 1.392 1.392 1.389 1.389 1.389 1.35 1.35 1.35 1.349 1.349 1.376 1.376 1.381 1.381 1.381 1.357 1.357 1.357 1.357 1.357 1.378 1.378 1.377 1.377 1.377 1.353 1.317 1.317 1.317 1.318 1.32 1.33 1.34 1.343 1.343 2.088 2.109 2.117 2.118 2.131 2.134 2.151 2.163 2.163 2.18 2.18 2.18 2.158 2.146 2.146 2.146 0 0 0 0 0 0 0 2.084 2.084 2.091 2.091 2.091 2.105 0.008 0.008 0.008 0.006 0.006 0.007 0 0 0.007 2.251 2.251 2.259 2.251 2.251 1.302 1.275 1.243 1.165 1.162 1.158 1.158 1.158 1.158 0.007 0 1.146 1.159 1.159 1.159 1.167 0 0 0 0 0 0 0 0 0 0 0 0 0 0 0 0 0 0 0 0 0 1.921 1.919 1.909 1.886 1.842 1.839 1.822 1.812 1.808 1.804 1.801 1.801 1.79 1.152 1.152 1.152 1.791 1.791 1.791 1.779 1.766 1.752 1.721 1.7 1.688 1.688 1.685 1.685 1.685 1.685 1.685 1.692 1.693 1.695 1.701 1.701 1.701 1.698 1.697 1.697 1.697 0 0 0 0 0 0 1.62 1.62 1.62 1.62 1.62 1.623 1.597 1.544 1.066 0.741 0.72 0.72 0.719 0.72 0.72 1.067 1.077 1.077 1.074 1.074 1.072 1.072 1.067 1.072 1.072 1.074 1.074 1.077 1.078 1.078 1.076 1.08 1.08 1.079 1.079 1.08 1.08 1.084 1.086 1.09 1.09 1.09 1.09 1.09 1.089 1.089 1.089 1.092 1.092 1.099 1.099 1.099 1.099 1.102 1.102 1.106 1.106 1.108 1.11 1.112 1.114 1.116 1.116 1.116 1.117 1.117 1.122 1.123 1.212 1.605 1.61 1.63 1.634 1.634 1.634 1.634 1.634 1.632 1.629 1.629 1.574 1.561 0.782 0.768 0.768 0.768 0.769 0.77 0.774 1.487 1.539 1.544 1.544 1.542 1.542 1.547 0 0 0 0 0 0 1.533 1.521 1.519 1.494 1.492 1.492 1.494 1.503 1.523 1.734 1.736 1.741 1.741 1.741 0.837 0.835 0.83 0.83 0.816 0.806 0.816 0.83 0.816 0.817 0.015 0.015 0.817 0.817 0.015 0.807 0.803 0.807 0.807 0.807 0.807 0.807 0.806 0.808 0.812 0.81 0.81 0.816 0.015 0.81 0.015 0.007 0.831 0.82 0.82 0.82 0.82 0.81 0.81 0.827 0.827 0.827 0.835 0.865 0.956 0.957 0.957 0.956 0.952 0.939 0.938 0.929 0.926 0.918 0.913 0.907 0.902 0.892 0.887 0.873 0.872 0.87 0.867 0.862 0.859 0.859 0.853 0.843 0.838 0.832 0.832 0.829 0.819 0.817 0.809 0.808 0.801 0.8 0.798 0.796 0.792 0.789 0.786 0.773 0.773 0.772 0.772 0.772 0.764 0.762 0.753 0.748 0.748 0.747 0.746 0.742 0.735 0.727 0.727 0.727 0.723 0.723 0.722 0.722 0.716 0.715 0.709 0.709 0.706 0.704 0.704 0.709 0.709 0.709 0.709 0.697 0.688 0.688 0.688 0.688 0.685 0.685 0.681 0.674 0.674 0.671 0.671 0.671 0.679 0.67 0.666 0.666 0.663 0.661 0.66 0.66 0.66 0.664 0.664 0.664 0.652 0.65 0.649 0.65 0.65 0.649 0.649 0.649 0.647 0.647 0.646 0.642 0.642 0.64 0.64 0.637 0.632 0.632 0.636 0.636 0.636 0.636 0.636 0.636 0.632 0.635 0.635 0.632 0.631 0.63 0.63 0.63 0.632 0.637 0.641 0.643 0.645 0.646 0.654 0.657 0.659 0.669 0.674 0.675 0.68 0.681 0.681 0.681 0.676 0.673 0.666 0.658 0.652 0.649 0.643 0.642 0.638 0.637 0.637 0.636 0.635 0.636 0.637 0.636 0.637 0.637 0.638 0.64 0.64 0.64 0.642 0.642 0.643 0.643 0.643 0.645 0.644 0.648 0.648 0.644 0.644 0.649 0.646 0.649 0.649 0.649 0.646 0.65 0.652 0.652 0.656 0.661 0.661 0.66 0.661 0.66 0.66 0.66 0.666 0.666 0.667 0.669 0.669 
1 1 1 1 1 1 1 1 1 1 1 1 1 1 1 1 1 1 1 1 1 1 1 1 1 1 1 1 1 1 1 1 1 1 1 1 1 1 1 1 1 1 1 1 1 1 1 1 1 1 1 1 1 1 1 1 1 1 1 1 1 1 1 1 1 1 1 1 1 1 1 1 1 1 1 1 1 1 1 1 1 1 1 1 1 1 1 1 1 1 1 1 1 1 1 1 1 1 1 1 1 1 1 1 1 1 1 1 1 1 1 1 1 1 1 1 1 1 1 1 1 1 1 1 1 1 1 1 1 1 1 1 1 1 1 1 1 1 1 1 1 1 1 1 1 1 1 1 1 1 1 1 1 1 1 1 1 1 1 1 1 1 1 1 1 1 1 1 1 1 1 1 1 1 1 1 1 1 1 1 1 1 1 1 1 1 1 1 1 1 1 1 1 1 1 1 1 1 1 1 1 1 1 1 1 1 1 1 1 1 1 1 0 0 0 0 0 0 0 1 1 1 1 1 1 0 0 0 0 0 0 0 0 0 1 1 1 1 1 1 1 1 1 1 1 1 1 1 0 0 1 1 1 1 1 0 0 0 0 0 0 0 0 0 0 0 0 0 0 0 0 0 0 0 0 0 1 1 1 1 1 1 1 1 1 1 1 1 1 1 1 1 1 1 1 1 1 1 1 1 1 1 1 1 1 1 1 1 1 1 1 1 1 1 1 1 1 0 0 0 0 0 0 1 1 1 1 1 1 1 1 1 1 1 1 1 1 1 1 1 1 1 1 1 1 1 1 1 1 1 1 1 1 1 1 1 1 1 1 1 1 1 1 1 1 1 1 1 1 1 1 1 1 1 1 1 1 1 1 1 1 1 1 1 1 1 1 1 1 1 1 1 1 1 1 1 1 1 1 1 1 1 1 1 1 1 1 1 1 1 1 1 1 1 1 1 1 1 1 0 0 0 0 0 0 1 1 1 1 1 1 1 1 1 1 1 1 1 1 1 1 1 1 1 1 1 1 1 1 0 0 1 1 0 1 1 1 1 1 1 1 1 1 1 1 1 1 0 1 0 0 1 1 1 1 1 1 1 1 1 1 1 1 1 1 1 1 1 1 1 1 1 1 1 1 1 1 1 1 1 1 1 1 1 1 1 1 1 1 1 1 1 1 1 1 1 1 1 1 1 1 1 1 1 1 1 1 1 1 1 1 1 1 1 1 1 1 1 1 1 1 1 1 1 1 1 1 1 1 1 1 1 1 1 1 1 1 1 1 1 1 1 1 1 1 1 1 1 1 1 1 1 1 1 1 1 1 1 1 1 1 1 1 1 1 1 1 1 1 1 1 1 1 1 1 1 1 1 1 1 1 1 1 1 1 1 1 1 1 1 1 1 1 1 1 1 1 1 1 1 1 1 1 1 1 1 1 1 1 1 1 1 1 1 1 1 1 1 1 1 1 1 1 1 1 1 1 1 1 1 1 1 1 1 1 1 1 1 1 1 1 1 1 1 1 1 1 1 1 1 1 1 1 1 1 1 1 1 1 1 1 1 
