# This file contains a 2D laser scan observation. 
# Its format is: 
# [aperture] [max_range] [number_of_scans] 
# [vector_of_scans] 
# [vector_of_valid_scans] 
# The aperture of the sensor is in radians, the maximum range 
# and measurements are in meters. '1' means a valid scan, '0' otherwise.
4.1847
5.6
682
3.858 3.858 3.869 3.874 3.889 3.889 3.89 3.89 3.89 3.89 1.369 1.364 1.337 1.337 1.313 1.239 1.197 1.167 1.124 1.094 1.066 1.035 1.004 0.982 0.958 0.934 0.899 0.883 0.848 0.829 0.809 0.772 0.761 0.721 0.687 0.648 0.642 0.642 0.642 0.637 0.624 0.542 0.542 0.542 0.557 0.584 0.598 0.6 0.603 0.605 0.606 0.615 0.615 0.615 0.615 0.611 0.611 0.615 0.624 0.625 0.626 0.626 0.642 1.351 1.357 1.357 1.357 1.35 1.333 1.326 1.316 1.3 1.287 1.267 1.267 1.255 1.237 1.219 1.206 1.198 1.181 1.17 1.17 1.17 1.195 1.556 1.599 1.599 1.599 1.576 1.552 1.551 1.517 1.496 1.473 1.464 1.458 1.458 1.43 1.428 1.424 1.415 1.405 1.403 1.403 1.389 1.359 0.802 0.802 0.801 0.79 0.786 0.778 0.774 0.774 0.774 0.778 0.781 0.787 0.791 0.796 0.801 0.801 0.801 0.798 0.796 0.792 0.792 0.792 0.79 0.79 0.802 0.971 1.09 1.096 1.096 1.09 1.088 1.085 1.083 1.08 1.078 1.062 1.06 1.056 1.052 1.05 1.039 1.024 1.007 1.001 0.998 0.998 0.993 0.986 0.984 0.983 0.983 0.983 0.983 0.983 0.98 0.98 0.978 0.977 0.97 0.965 0.96 0.96 0.96 0.954 0.953 0.948 0.945 0.944 0.94 0.939 0.934 0.93 0.918 0.917 0.912 0.908 0.904 0.904 0.904 0.902 0.902 0.902 0.902 0.902 0.897 0.895 0.895 0.895 0.891 0.891 0.894 0.894 0.894 0.897 0.894 0.887 0.887 0.887 0.887 0.885 0.885 0.886 0.886 0.883 0.882 0.878 0.873 0.878 0.878 0.879 0.879 0.882 0.883 0.883 0.905 0.91 0.911 0.92 0.922 0.926 0.93 0.934 0.937 0.938 0.941 0.948 0.948 0.948 0.942 0.941 0.939 0.939 0.937 0.936 0.931 0.929 0.929 0.925 0.925 0.921 0.919 0.915 0.915 0.914 0.914 0.91 0.914 0.914 0.917 0.918 0.921 0.926 0.943 0.956 0.964 1.797 1.803 1.816 0 0 0 0 0 0.007 1.822 1.584 1.531 1.531 1.531 1.587 0.007 1.596 1.587 1.542 1.542 1.542 1.558 1.564 1.582 1.564 1.564 1.582 1.568 1.568 1.575 1.575 1.568 1.021 1.021 1.021 1.588 1.588 1.588 1.019 1.005 0.962 0.928 0.925 0.915 0.915 0.915 0.92 0.927 0.929 0.929 0.929 0.929 0.93 0.933 1.655 1.667 1.675 1.675 1.681 1.683 1.683 1.695 1.698 1.704 1.707 1.708 1.713 1.723 1.727 1.732 1.733 1.745 1.746 1.758 1.761 1.761 1.761 1.761 1.728 1.711 1.711 1.728 0 0 0 0 0 0 0 1.633 1.633 1.633 1.637 1.637 1.655 1.655 1.657 1.696 1.696 1.696 1.701 1.701 1.694 4.639 4.639 4.639 0 0 0 0.869 0.857 0.856 0.851 0.799 0.765 0.764 0.762 0.762 0.762 0.762 0.76 0.762 0.761 0.761 0.76 0.76 0.76 0.76 0.76 0.76 0.758 0.758 0.756 0.755 0.557 0.555 0.555 0.555 0.563 0.732 0.743 0.75 0.75 0.755 0.755 0.761 0.755 0.761 0.764 0 0 0 0 0 0 0 0 0 0 0 0 0 0 0 0 0 0 0 0 0 0 0 0 1.409 1.401 1.399 1.399 1.396 1.396 1.396 1.392 1.391 1.392 1.396 1.398 1.399 1.399 1.398 1.388 1.385 1.375 1.371 1.355 1.344 1.344 1.33 1.322 0.722 0.712 0.708 0.708 0.708 1.218 1.281 1.296 1.296 1.303 1.305 1.308 1.312 1.318 1.318 1.322 1.322 1.322 1.321 1.318 1.311 1.305 1.293 1.28 1.28 1.28 0 0 0.008 0 0 0 0 0 1.262 1.262 1.262 1.262 1.262 1.256 1.203 1.2 1.2 1.2 1.202 1.207 1.207 1.208 1.209 1.208 1.208 1.208 1.21 1.208 1.209 1.208 1.209 1.209 1.212 1.212 1.212 0.781 0.747 0.745 0.745 0.745 0.751 0.754 0.754 0.757 0.757 0.769 0.769 0.769 0.765 0.765 0.765 0.773 0.774 0.775 0.775 0.777 0.784 0.788 0.788 0.789 0.79 0.792 0.792 0.793 0.796 0.799 0.804 0.812 0.812 0.814 0.814 0.814 0.817 0.817 0.819 0.819 0.823 0.823 0.819 0.438 0.424 0.421 0.42 0.42 0.417 0.419 0.42 0.421 0.424 0.429 0.43 0.431 0.536 0.863 0.886 0.887 0.896 0.904 0.906 0.91 0.911 0.913 0.915 0.918 0.925 0.929 0.93 1.412 1.414 1.414 1.412 1.404 1.4 1.398 1.396 1.392 1.389 1.389 1.389 1.396 1.396 1.396 0 0 1.4 1.416 1.416 1.4 1.391 1.389 1.378 1.378 1.378 1.389 1.402 1.534 1.534 1.534 1.533 1.509 1.481 1.475 1.463 1.449 1.437 1.428 1.398 1.395 1.383 1.368 1.332 1.305 0.767 0.678 0.663 0.661 0.661 0.661 0.663 0.663 0.671 0 0 0 0 0 0 1.252 1.213 0.826 0.826 0.815 0.815 0.812 0.812 0.799 0.808 0.808 0.808 0.818 0.818 0.819 0.818 0.814 0.814 0.814 0.813 0.813 0.813 0.81 0.81 0.817 0.817 0.817 0.83 0.83 0.015 
1 1 1 1 1 1 1 1 1 1 1 1 1 1 1 1 1 1 1 1 1 1 1 1 1 1 1 1 1 1 1 1 1 1 1 1 1 1 1 1 1 1 1 1 1 1 1 1 1 1 1 1 1 1 1 1 1 1 1 1 1 1 1 1 1 1 1 1 1 1 1 1 1 1 1 1 1 1 1 1 1 1 1 1 1 1 1 1 1 1 1 1 1 1 1 1 1 1 1 1 1 1 1 1 1 1 1 1 1 1 1 1 1 1 1 1 1 1 1 1 1 1 1 1 1 1 1 1 1 1 1 1 1 1 1 1 1 1 1 1 1 1 1 1 1 1 1 1 1 1 1 1 1 1 1 1 1 1 1 1 1 1 1 1 1 1 1 1 1 1 1 1 1 1 1 1 1 1 1 1 1 1 1 1 1 1 1 1 1 1 1 1 1 1 1 1 1 1 1 1 1 1 1 1 1 1 1 1 1 1 1 1 1 1 1 1 1 1 1 1 1 1 1 1 1 1 1 1 1 1 1 1 1 1 1 1 1 1 1 1 1 1 1 1 1 1 1 1 1 1 1 1 1 1 1 1 1 1 1 1 1 1 1 1 1 0 0 0 0 0 0 1 1 1 1 1 1 0 1 1 1 1 1 1 1 1 1 1 1 1 1 1 1 1 1 1 1 1 1 1 1 1 1 1 1 1 1 1 1 1 1 1 1 1 1 1 1 1 1 1 1 1 1 1 1 1 1 1 1 1 1 1 1 1 1 1 1 1 1 1 1 1 1 1 0 0 0 0 0 0 0 1 1 1 1 1 1 1 1 1 1 1 1 1 1 1 1 1 0 0 0 1 1 1 1 1 1 1 1 1 1 1 1 1 1 1 1 1 1 1 1 1 1 1 1 1 1 1 1 1 1 1 1 1 1 1 1 1 1 1 1 0 0 0 0 0 0 0 0 0 0 0 0 0 0 0 0 0 0 0 0 0 0 0 0 1 1 1 1 1 1 1 1 1 1 1 1 1 1 1 1 1 1 1 1 1 1 1 1 1 1 1 1 1 1 1 1 1 1 1 1 1 1 1 1 1 1 1 1 1 1 1 1 1 1 0 0 0 0 0 0 0 0 1 1 1 1 1 1 1 1 1 1 1 1 1 1 1 1 1 1 1 1 1 1 1 1 1 1 1 1 1 1 1 1 1 1 1 1 1 1 1 1 1 1 1 1 1 1 1 1 1 1 1 1 1 1 1 1 1 1 1 1 1 1 1 1 1 1 1 1 1 1 1 1 1 1 1 1 1 1 1 1 1 1 1 1 1 1 1 1 1 1 1 1 1 1 1 1 1 1 1 1 1 1 1 1 1 1 1 1 1 1 1 1 1 1 0 0 1 1 1 1 1 1 1 1 1 1 1 1 1 1 1 1 1 1 1 1 1 1 1 1 1 1 1 1 1 1 1 1 1 1 1 1 1 0 0 0 0 0 0 1 1 1 1 1 1 1 1 1 1 1 1 1 1 1 1 1 1 1 1 1 1 1 1 1 1 1 1 1 0 
