# This file contains a 2D laser scan observation. 
# Its format is: 
# [aperture] [max_range] [number_of_scans] 
# [vector_of_scans] 
# [vector_of_valid_scans] 
# The aperture of the sensor is in radians, the maximum range 
# and measurements are in meters. '1' means a valid scan, '0' otherwise.
4.1847
5.6
682
2.149 2.181 2.196 2.196 2.228 2.233 2.234 2.249 2.265 2.283 2.289 2.323 2.331 2.363 2.38 2.417 2.45 2.49 3.928 3.928 3.935 3.935 3.936 3.936 3.936 3.913 3.85 3.83 3.829 3.829 3.829 3.83 3.844 0 0 0 4.671 4.66 4.649 4.66 4.649 4.623 4.62 4.602 4.594 4.594 4.602 4.581 4.566 4.554 4.531 4.511 4.511 4.51 4.508 4.503 4.497 4.495 4.492 4.46 4.459 4.459 4.459 4.441 3.797 3.796 3.796 3.797 3.806 3.811 3.811 3.806 3.799 3.796 3.796 3.796 3.792 3.787 3.788 3.784 3.782 3.781 3.781 3.779 3.78 3.78 3.78 3.78 3.78 3.775 1.245 1.24 1.237 1.236 1.236 1.235 1.224 1.195 0.997 0.481 0.447 0.447 0.447 0.447 0.449 0.453 0.462 0.464 0.472 0.487 0.5 0.51 0.511 0.51 0.51 0.511 0.524 0.528 0.528 0.528 0.516 0.514 0.514 0.514 0.509 0.508 0.508 0.509 0.508 0.512 0.512 0.512 0.517 2.496 0 0 0 0 0 0 0.007 1.288 1.288 1.29 1.29 1.295 1.296 1.301 1.301 1.296 1.294 1.276 1.247 1.225 1.208 1.19 1.172 1.158 1.13 1.115 1.1 1.096 1.083 1.066 1.052 1.037 1.027 1.014 1 0.988 0.981 0.967 0.958 0.944 0.94 0.931 0.931 0.91 0.897 0.893 0.885 0.876 0.867 0.864 0.858 0.85 0.839 0.834 0.826 0.825 0.823 0.811 0.765 0.674 0.666 0.662 0.662 0.647 0.644 0.643 0.639 0.633 0.633 0.633 0.633 0.637 0.642 0.647 0.651 0.661 0.661 0.665 0.665 0.665 0.665 0.663 0.659 0.658 0.658 0.658 0.658 0.658 0.654 0.654 0.654 0.664 0.951 0.953 0.954 0.954 0.954 0.951 0.948 0.94 0.937 0.931 0.93 0.923 0.923 0.91 0.905 0.896 0.893 0.884 0.87 0.864 0.863 0.857 0.856 0.855 0.852 0.851 0.846 0.846 0.844 0.844 0.844 0.844 0.843 0.843 0.838 0.835 0.835 0.833 0.817 0.817 0.817 0.817 0.817 0.812 0.81 0.806 0.806 0.803 0.803 0.803 0.799 0.788 0.787 0.778 0.777 0.777 0.776 0.775 0.764 0.764 0.764 0.763 0.763 0.763 0.762 0.762 0.762 0.755 0.755 0.755 0.755 0.755 0.755 0.752 0.752 0.751 0.751 0.749 0.748 0.748 0.747 0.747 0.748 0.748 0.75 0.751 0.751 0.751 0.75 0.75 0.75 0.75 0.751 0.751 0.746 0.746 0.746 0.746 0.745 0.745 0.743 0.745 0.745 0.75 0.751 0.757 0.765 0.779 0.784 0.784 0.787 0.805 0.807 0.81 0.81 0.81 0.811 0.812 0.816 0.816 0.816 0.816 0.816 0.815 0.81 0.81 0.81 0.807 0.808 0.809 0.809 0.808 0.808 0.809 0.807 0.803 0.803 0.803 0.803 0.8 0.8 0.801 0.799 0.797 0.797 0.801 0.802 0.804 0.813 0.913 0.913 1.697 1.579 1.458 1.476 1.579 1.476 1.458 1.476 1.628 1.628 1.64 1.723 1.64 1.64 0.921 0.879 0.879 0.879 1.689 1.689 1.689 0.925 0.893 0.873 0.873 0.873 0.924 0.924 0.924 0.894 0.881 0.881 0.881 0.935 0.935 0.935 0.92 0.889 0.869 0.869 0.869 0.874 0.907 0.907 0.907 0.883 0.863 0.858 0.842 0.828 0.828 0.828 0.833 0.834 0.843 0.845 0.845 0.845 0.845 0.848 0.854 0.918 1.621 1.64 1.652 1.653 1.664 1.668 1.684 1.684 1.691 1.697 1.697 1.697 1.696 1.677 1.673 1.658 1.641 1.641 1.626 1.623 1.623 0 0 0 0 0 0.007 0 0 0.007 1.614 1.614 1.614 1.614 1.614 1.588 1.586 1.588 1.588 1.61 1.668 1.668 1.61 1.703 1.703 1.592 0 0.007 0 0.008 0.008 0 4.706 1.849 1.848 1.848 1.849 0 0 0 0.007 0 0.007 0 0 0 0 0 0.694 0.69 0.689 0.69 0.694 0.705 0 0 0 0.007 0 0 0 0.744 0.739 0.726 0.732 0.729 0.726 0.726 0.726 0.724 0.724 0.724 0.726 0.731 0.737 0.737 0.731 0.737 0.727 0.724 0.55 0.548 0.544 0.541 0.535 0.535 0.535 0 0 0 0 0 0 0 0 0 0 0 0 0 0 0 1.442 1.436 1.433 1.433 1.428 1.423 1.422 1.42 1.408 1.405 1.398 1.376 1.362 1.357 1.341 1.336 1.333 1.332 1.333 1.332 1.333 1.339 1.344 1.344 1.353 1.362 1.362 1.362 0.828 0.771 0.763 0.763 0.763 0.763 1.356 1.356 1.356 1.35 1.327 1.324 1.324 1.324 0 0 0 0 0 1.342 1.349 1.37 1.365 1.349 1.349 1.295 1.281 1.281 1.281 1.281 1.287 1.287 1.289 1.295 1.297 1.297 1.297 1.299 1.3 1.3 1.307 1.313 1.334 1.404 1.406 1.406 1.406 1.406 1.406 1.415 1.416 1.416 1.405 0.869 0.845 0.845 0.845 0.847 0.856 0.861 0.863 0.864 0.869 0.872 0.876 0.879 0.885 0.886 0.887 0.892 0.893 0.905 0.907 0.915 0.918 0.918 0.93 0.931 0.937 0.94 0.943 0.956 0.963 0.98 1.006 1.029 1.088 1.217 1.371 1.448 1.486 1.516 1.523 
1 1 1 1 1 1 1 1 1 1 1 1 1 1 1 1 1 1 1 1 1 1 1 1 1 1 1 1 1 1 1 1 1 0 0 0 1 1 1 1 1 1 1 1 1 1 1 1 1 1 1 1 1 1 1 1 1 1 1 1 1 1 1 1 1 1 1 1 1 1 1 1 1 1 1 1 1 1 1 1 1 1 1 1 1 1 1 1 1 1 1 1 1 1 1 1 1 1 1 1 1 1 1 1 1 1 1 1 1 1 1 1 1 1 1 1 1 1 1 1 1 1 1 1 1 1 1 1 1 1 1 1 1 1 0 0 0 0 0 0 0 1 1 1 1 1 1 1 1 1 1 1 1 1 1 1 1 1 1 1 1 1 1 1 1 1 1 1 1 1 1 1 1 1 1 1 1 1 1 1 1 1 1 1 1 1 1 1 1 1 1 1 1 1 1 1 1 1 1 1 1 1 1 1 1 1 1 1 1 1 1 1 1 1 1 1 1 1 1 1 1 1 1 1 1 1 1 1 1 1 1 1 1 1 1 1 1 1 1 1 1 1 1 1 1 1 1 1 1 1 1 1 1 1 1 1 1 1 1 1 1 1 1 1 1 1 1 1 1 1 1 1 1 1 1 1 1 1 1 1 1 1 1 1 1 1 1 1 1 1 1 1 1 1 1 1 1 1 1 1 1 1 1 1 1 1 1 1 1 1 1 1 1 1 1 1 1 1 1 1 1 1 1 1 1 1 1 1 1 1 1 1 1 1 1 1 1 1 1 1 1 1 1 1 1 1 1 1 1 1 1 1 1 1 1 1 1 1 1 1 1 1 1 1 1 1 1 1 1 1 1 1 1 1 1 1 1 1 1 1 1 1 1 1 1 1 1 1 1 1 1 1 1 1 1 1 1 1 1 1 1 1 1 1 1 1 1 1 1 1 1 1 1 1 1 1 1 1 1 1 1 1 1 1 1 1 1 1 1 1 1 1 1 1 1 1 1 1 1 1 1 1 1 1 1 1 1 1 1 1 1 1 1 1 1 1 1 1 1 1 0 0 0 0 0 0 0 0 0 1 1 1 1 1 1 1 1 1 1 1 1 1 1 1 1 0 0 0 0 0 0 1 1 1 1 1 0 0 0 0 0 0 0 0 0 0 0 1 1 1 1 1 1 0 0 0 0 0 0 0 1 1 1 1 1 1 1 1 1 1 1 1 1 1 1 1 1 1 1 1 1 1 1 1 1 1 0 0 0 0 0 0 0 0 0 0 0 0 0 0 0 1 1 1 1 1 1 1 1 1 1 1 1 1 1 1 1 1 1 1 1 1 1 1 1 1 1 1 1 1 1 1 1 1 1 1 1 1 1 1 1 1 1 0 0 0 0 0 1 1 1 1 1 1 1 1 1 1 1 1 1 1 1 1 1 1 1 1 1 1 1 1 1 1 1 1 1 1 1 1 1 1 1 1 1 1 1 1 1 1 1 1 1 1 1 1 1 1 1 1 1 1 1 1 1 1 1 1 1 1 1 1 1 1 1 1 1 1 1 1 1 1 
