# This file contains a 2D laser scan observation. 
# Its format is: 
# [aperture] [max_range] [number_of_scans] 
# [vector_of_scans] 
# [vector_of_valid_scans] 
# The aperture of the sensor is in radians, the maximum range 
# and measurements are in meters. '1' means a valid scan, '0' otherwise.
4.1847
5.6
682
1.814 1.838 1.853 1.871 1.883 1.901 1.904 1.934 1.949 1.967 1.974 2.011 2.136 2.154 2.175 2.196 2.213 2.219 2.22 2.229 2.241 2.253 2.276 2.281 2.311 2.327 2.364 2.386 2.406 2.461 2.493 3.911 3.911 3.924 3.925 3.927 3.983 3.983 3.983 3.832 3.808 3.804 3.804 3.808 3.822 3.835 3.989 0.007 4.657 4.63 4.63 4.626 4.63 4.63 4.626 4.626 4.597 4.597 4.591 4.563 4.561 4.561 4.54 4.518 4.517 4.516 4.494 4.488 4.483 4.48 4.471 4.456 4.448 4.444 4.444 4.436 4.426 3.78 3.779 3.779 3.779 3.792 3.792 3.792 3.785 3.783 3.779 3.778 3.773 3.773 3.773 3.772 3.772 3.772 3.769 3.768 3.768 3.765 3.763 3.763 3.763 3.759 1.232 1.227 1.224 1.224 1.223 1.223 1.223 1.207 1.183 0.429 0.428 0.428 0.429 0.438 0.438 0.44 0.442 0.442 0.448 0.465 0.487 0.493 0.493 0.493 0.492 0.493 0.497 0.505 0.507 0.507 0.507 0.507 0.505 0.491 0.49 0.49 0.491 0.495 0.496 0.496 0.497 0.497 0.497 2.446 2.456 0 0 0 0 0 0 0.007 1.275 1.27 1.27 1.27 1.272 1.273 1.278 1.278 1.278 1.273 1.272 1.244 1.218 1.199 1.179 1.166 1.155 1.127 1.124 1.097 1.077 1.063 1.058 1.047 1.035 1.014 0.999 0.994 0.976 0.973 0.966 0.948 0.94 0.929 0.92 0.911 0.903 0.88 0.88 0.876 0.868 0.866 0.865 0.85 0.847 0.84 0.832 0.817 0.816 0.815 0.796 0.794 0.794 0.719 0.654 0.654 0.64 0.63 0.624 0.624 0.621 0.614 0.614 0.614 0.615 0.626 0.626 0.632 0.632 0.632 0.632 0.648 0.649 0.651 0.651 0.649 0.649 0.646 0.643 0.643 0.643 0.644 0.643 0.643 0.635 0.643 0.643 0.695 0.924 0.927 0.927 0.925 0.925 0.925 0.925 0.924 0.912 0.911 0.91 0.906 0.894 0.888 0.883 0.881 0.874 0.861 0.855 0.849 0.839 0.832 0.832 0.831 0.832 0.84 0.84 0.84 0.84 0.837 0.836 0.834 0.834 0.834 0.825 0.823 0.814 0.812 0.807 0.805 0.804 0.804 0.804 0.799 0.799 0.798 0.798 0.798 0.793 0.793 0.793 0.783 0.78 0.774 0.769 0.767 0.765 0.762 0.758 0.757 0.757 0.755 0.755 0.748 0.748 0.748 0.743 0.743 0.743 0.743 0.743 0.743 0.743 0.74 0.74 0.741 0.741 0.74 0.741 0.742 0.742 0.744 0.744 0.743 0.742 0.742 0.742 0.742 0.744 0.745 0.745 0.744 0.741 0.741 0.737 0.733 0.733 0.735 0.735 0.739 0.739 0.735 0.739 0.739 0.742 0.746 0.748 0.749 0.769 0.784 0.784 0.786 0.79 0.79 0.795 0.798 0.8 0.8 0.805 0.808 0.81 0.808 0.808 0.808 0.808 0.808 0.808 0.81 0.805 0.81 0.805 0.807 0.805 0.802 0.802 0.801 0.8 0.795 0.795 0.792 0.795 0.795 0.795 0.797 0.797 0.795 0.795 0.795 0.795 0.813 0.884 0.884 1.643 1.643 1.371 0 0.007 4.303 1.371 0.884 0.884 0.884 1.607 1.651 1.651 1.607 0.899 0.873 0.873 0.873 1.732 0.007 1.732 0.913 0.873 0.864 0.864 0.864 0.934 0.934 0.934 0.903 0.881 0.868 0.868 0.868 0.916 0.916 0.916 0.89 0.87 0.855 0.855 0.855 0.903 0.903 0.903 0.894 0.863 0.859 0.845 0.826 0.826 0.826 0.832 0.834 0.837 0.839 0.842 0.843 0.849 0.851 0.852 1.636 1.658 1.666 1.666 1.67 1.681 1.685 1.694 1.705 1.708 1.708 1.708 1.677 1.667 1.659 1.651 1.651 1.645 1.621 1.603 1.603 1.603 0 0 0 0.007 0 0 0 0.007 1.626 1.626 0.01 1.672 1.681 1.681 1.681 1.681 1.681 1.692 1.698 1.702 1.702 4.578 0.007 0 4.578 1.403 1.403 1.403 1.705 1.856 1.859 1.856 1.856 1.856 1.86 0 0 0 0.007 0 0.007 0 0 0 0 0 0 0 0 0 0 0 0 0 0 0 0 0 0.007 0.747 0.74 0.747 0.74 0.747 0.731 0.728 0.728 0.736 0.736 0.743 0.756 0.757 0.757 0.757 0.757 0 0 0 0 0.561 0.555 0.553 0.553 0.553 0.553 0.553 0 0 0 0 0 0 0 0 0 0 0 0 1.454 1.454 1.453 1.453 1.449 1.447 1.442 1.437 1.432 1.424 1.408 1.4 1.398 1.367 1.365 1.358 1.354 1.354 1.354 0 0 0 1.37 1.37 1.37 1.376 1.377 1.379 1.377 1.377 0.782 0.78 0.78 0.78 0.78 1.362 1.362 1.362 1.35 1.342 1.342 1.342 0 0 0 0 0 1.368 1.376 1.392 1.385 1.376 1.376 1.32 1.305 1.305 1.305 1.305 1.307 1.309 1.31 1.311 1.312 1.316 1.318 1.326 1.327 1.327 1.327 1.34 1.387 1.427 1.429 1.434 1.434 1.434 1.434 1.433 1.432 1.423 0.956 0.872 0.86 0.86 0.86 0.863 0.875 0.88 0.892 0.894 0.898 0.899 0.907 0.907 0.917 0.919 0.931 0.933 0.964 0.979 1.021 1.126 1.278 1.392 1.453 1.478 1.485 
1 1 1 1 1 1 1 1 1 1 1 1 1 1 1 1 1 1 1 1 1 1 1 1 1 1 1 1 1 1 1 1 1 1 1 1 1 1 1 1 1 1 1 1 1 1 1 0 1 1 1 1 1 1 1 1 1 1 1 1 1 1 1 1 1 1 1 1 1 1 1 1 1 1 1 1 1 1 1 1 1 1 1 1 1 1 1 1 1 1 1 1 1 1 1 1 1 1 1 1 1 1 1 1 1 1 1 1 1 1 1 1 1 1 1 1 1 1 1 1 1 1 1 1 1 1 1 1 1 1 1 1 1 1 1 1 1 1 1 1 1 1 1 1 1 1 1 0 0 0 0 0 0 0 1 1 1 1 1 1 1 1 1 1 1 1 1 1 1 1 1 1 1 1 1 1 1 1 1 1 1 1 1 1 1 1 1 1 1 1 1 1 1 1 1 1 1 1 1 1 1 1 1 1 1 1 1 1 1 1 1 1 1 1 1 1 1 1 1 1 1 1 1 1 1 1 1 1 1 1 1 1 1 1 1 1 1 1 1 1 1 1 1 1 1 1 1 1 1 1 1 1 1 1 1 1 1 1 1 1 1 1 1 1 1 1 1 1 1 1 1 1 1 1 1 1 1 1 1 1 1 1 1 1 1 1 1 1 1 1 1 1 1 1 1 1 1 1 1 1 1 1 1 1 1 1 1 1 1 1 1 1 1 1 1 1 1 1 1 1 1 1 1 1 1 1 1 1 1 1 1 1 1 1 1 1 1 1 1 1 1 1 1 1 1 1 1 1 1 1 1 1 1 1 1 1 1 1 1 1 1 1 1 1 1 1 1 1 1 1 1 1 1 1 1 1 1 1 1 1 1 1 1 1 1 1 1 1 1 1 1 1 1 1 1 1 1 0 0 1 1 1 1 1 1 1 1 1 1 1 1 1 1 0 1 1 1 1 1 1 1 1 1 1 1 1 1 1 1 1 1 1 1 1 1 1 1 1 1 1 1 1 1 1 1 1 1 1 1 1 1 1 1 1 1 1 1 1 1 1 1 1 1 1 1 1 1 1 1 1 1 1 1 1 1 1 1 0 0 0 0 0 0 0 0 1 1 0 1 1 1 1 1 1 1 1 1 1 1 0 0 1 1 1 1 1 1 1 1 1 1 1 0 0 0 0 0 0 0 0 0 0 0 0 0 0 0 0 0 0 0 0 0 0 0 0 1 1 1 1 1 1 1 1 1 1 1 1 1 1 1 1 0 0 0 0 1 1 1 1 1 1 1 0 0 0 0 0 0 0 0 0 0 0 0 1 1 1 1 1 1 1 1 1 1 1 1 1 1 1 1 1 1 1 0 0 0 1 1 1 1 1 1 1 1 1 1 1 1 1 1 1 1 1 1 1 1 0 0 0 0 0 1 1 1 1 1 1 1 1 1 1 1 1 1 1 1 1 1 1 1 1 1 1 1 1 1 1 1 1 1 1 1 1 1 1 1 1 1 1 1 1 1 1 1 1 1 1 1 1 1 1 1 1 1 1 1 1 1 1 1 1 
