# This file contains a 2D laser scan observation. 
# Its format is: 
# [aperture] [max_range] [number_of_scans] 
# [vector_of_scans] 
# [vector_of_valid_scans] 
# The aperture of the sensor is in radians, the maximum range 
# and measurements are in meters. '1' means a valid scan, '0' otherwise.
4.1847
5.6
682
1.651 1.673 1.676 1.696 1.705 1.718 1.725 1.753 1.754 1.777 1.787 1.793 1.82 1.827 1.855 1.861 1.874 1.897 1.91 1.925 1.943 1.963 1.965 2.007 2.139 2.161 2.182 2.192 2.202 2.203 2.204 2.222 2.234 2.249 2.266 2.28 2.293 2.325 2.341 2.353 2.394 2.446 2.483 3.899 3.899 3.899 3.899 3.899 3.934 3.934 3.934 3.837 3.802 3.796 3.796 3.796 3.802 3.828 3.92 0.007 4.638 4.628 4.629 4.628 4.616 4.605 4.595 4.578 4.567 4.566 4.561 4.56 4.552 4.552 4.552 0 0 0 0 0 0.007 4.463 4.463 0 4.436 4.436 4.436 4.411 4.375 3.774 3.76 3.758 3.758 3.758 3.781 3.781 3.781 3.771 3.769 3.761 3.761 3.761 3.754 3.752 3.752 3.751 3.747 3.747 3.747 3.747 3.747 3.747 3.747 3.747 3.747 1.216 1.214 1.212 1.207 1.207 1.207 1.206 1.193 0.437 0.413 0.413 0.413 0.415 0.417 0.421 0.424 0.43 0.435 0.442 0.461 0.47 0.476 0.476 0.476 0.477 0.479 0.488 0.493 0.493 0.493 0.493 0.486 0.482 0.48 0.48 0.477 0.477 0.48 0.48 0.48 0.48 0.48 0.48 0.484 2.464 0 0 0 0 0 0 1.259 1.247 1.247 1.247 1.249 1.252 1.254 1.263 1.268 1.268 1.264 1.264 1.238 1.22 1.185 1.178 1.156 1.141 1.119 1.11 1.085 1.074 1.065 1.052 1.037 1.022 1.008 0.997 0.989 0.979 0.961 0.957 0.937 0.927 0.923 0.917 0.909 0.89 0.886 0.879 0.872 0.87 0.862 0.851 0.851 0.843 0.831 0.823 0.812 0.807 0.807 0.805 0.797 0.784 0.782 0.778 0.688 0.638 0.637 0.633 0.625 0.624 0.623 0.617 0.609 0.597 0.597 0.597 0.603 0.61 0.614 0.622 0.623 0.629 0.635 0.639 0.639 0.639 0.638 0.632 0.626 0.626 0.626 0.627 0.632 0.634 0.632 0.632 0.634 0.634 0.635 0.636 0.917 0.918 0.918 0.917 0.914 0.911 0.898 0.898 0.898 0.89 0.886 0.885 0.884 0.878 0.877 0.863 0.852 0.843 0.833 0.829 0.825 0.825 0.825 0.822 0.822 0.828 0.822 0.822 0.822 0.825 0.822 0.819 0.819 0.816 0.816 0.815 0.815 0.813 0.803 0.801 0.796 0.795 0.787 0.787 0.786 0.786 0.784 0.78 0.775 0.775 0.772 0.77 0.765 0.757 0.757 0.757 0.755 0.754 0.752 0.751 0.747 0.746 0.746 0.747 0.75 0.75 0.75 0.75 0.75 0.74 0.74 0.74 0.733 0.74 0.733 0.733 0.73 0.736 0.73 0.734 0.733 0.734 0.733 0.734 0.734 0.735 0.734 0.734 0.733 0.733 0.733 0.733 0.735 0.739 0.739 0.735 0.735 0.732 0.732 0.73 0.732 0.731 0.733 0.736 0.736 0.736 0.739 0.75 0.757 0.769 0.779 0.781 0.782 0.786 0.799 0.802 0.802 0.804 0.802 0.805 0.808 0.806 0.806 0.806 0.81 0.809 0.811 0.809 0.809 0.809 0.807 0.806 0.802 0.8 0.793 0.793 0.787 0.787 0.79 0.798 0.798 0.801 0.801 0.801 0.801 0.801 0.801 0.801 0.807 0.807 0.894 0.894 4.512 1.468 1.468 1.55 1.602 1.55 1.55 0.891 0.891 0.891 1.723 1.723 1.723 1.708 0.92 0.899 0.862 0.862 0.862 0.922 0.922 0.922 0.896 0.867 0.854 0.854 0.854 0.906 0.906 0.906 0.88 0.876 0.871 0.871 0.871 0.893 0.893 0.893 0.875 0.863 0.863 0.863 0.908 0.908 0.908 0.887 0.865 0.862 0.841 0.84 0.838 0.838 0.841 0.844 0.847 0.847 0.849 0.852 0.856 0.861 0.861 1.654 1.678 1.684 1.684 1.69 1.691 1.704 1.715 1.715 1.715 1.708 1.687 1.672 1.663 1.653 1.653 1.644 1.629 1.602 1.602 1.602 0 0 0 0.007 0 0 0 1.609 1.609 1.609 1.616 1.675 1.676 1.675 1.676 1.681 1.676 1.716 1.716 1.716 0.007 0 0 0 0 0.007 0 0.006 0.006 0 1.879 1.871 1.856 1.856 1.856 0 0 0 0.007 0 0.007 0 0 0 0 0 0 0 0 0 0 0 0 0 0 0 0 0 0 0 0.743 0.743 0.743 0.744 0.747 0.747 0.75 0.755 0.76 0.76 0.772 0.772 0.77 0.772 0.773 0 0 0 0 0.585 0.576 0.57 0.566 0.563 0.563 0.566 0 0 0 0 0 0 0 0 0 0 0 1.471 1.462 1.462 1.465 1.466 1.465 1.465 1.454 1.442 1.434 1.43 1.417 1.409 1.393 1.392 1.392 1.392 1.366 0 0.007 0 1.387 1.387 1.387 1.387 1.392 1.4 1.4 1.4 0.855 0.804 0.803 0.798 0.798 0.804 1.374 1.374 1.374 1.364 1.364 1.364 0 0 0.015 0 0 0 0 1.401 1.401 1.391 1.391 1.383 1.315 1.312 1.312 1.313 1.313 1.316 1.318 1.318 1.334 1.336 1.34 1.34 1.34 1.34 1.34 1.34 1.402 1.448 1.448 1.448 1.448 1.448 1.448 1.446 1.446 1.444 0.955 0.888 0.883 0.879 0.883 0.888 1.441 1.46 1.464 1.464 1.468 1.478 1.482 1.485 
1 1 1 1 1 1 1 1 1 1 1 1 1 1 1 1 1 1 1 1 1 1 1 1 1 1 1 1 1 1 1 1 1 1 1 1 1 1 1 1 1 1 1 1 1 1 1 1 1 1 1 1 1 1 1 1 1 1 1 0 1 1 1 1 1 1 1 1 1 1 1 1 1 1 1 0 0 0 0 0 0 1 1 0 1 1 1 1 1 1 1 1 1 1 1 1 1 1 1 1 1 1 1 1 1 1 1 1 1 1 1 1 1 1 1 1 1 1 1 1 1 1 1 1 1 1 1 1 1 1 1 1 1 1 1 1 1 1 1 1 1 1 1 1 1 1 1 1 1 1 1 1 1 1 1 1 1 1 1 1 0 0 0 0 0 0 1 1 1 1 1 1 1 1 1 1 1 1 1 1 1 1 1 1 1 1 1 1 1 1 1 1 1 1 1 1 1 1 1 1 1 1 1 1 1 1 1 1 1 1 1 1 1 1 1 1 1 1 1 1 1 1 1 1 1 1 1 1 1 1 1 1 1 1 1 1 1 1 1 1 1 1 1 1 1 1 1 1 1 1 1 1 1 1 1 1 1 1 1 1 1 1 1 1 1 1 1 1 1 1 1 1 1 1 1 1 1 1 1 1 1 1 1 1 1 1 1 1 1 1 1 1 1 1 1 1 1 1 1 1 1 1 1 1 1 1 1 1 1 1 1 1 1 1 1 1 1 1 1 1 1 1 1 1 1 1 1 1 1 1 1 1 1 1 1 1 1 1 1 1 1 1 1 1 1 1 1 1 1 1 1 1 1 1 1 1 1 1 1 1 1 1 1 1 1 1 1 1 1 1 1 1 1 1 1 1 1 1 1 1 1 1 1 1 1 1 1 1 1 1 1 1 1 1 1 1 1 1 1 1 1 1 1 1 1 1 1 1 1 1 1 1 1 1 1 1 1 1 1 1 1 1 1 1 1 1 1 1 1 1 1 1 1 1 1 1 1 1 1 1 1 1 1 1 1 1 1 1 1 1 1 1 1 1 1 1 1 1 1 1 1 1 1 1 1 1 1 1 1 1 1 1 1 1 1 1 1 1 1 1 1 1 1 1 1 1 1 1 1 1 1 1 0 0 0 0 0 0 0 1 1 1 1 1 1 1 1 1 1 1 1 1 0 0 0 0 0 0 0 0 0 0 1 1 1 1 1 0 0 0 0 0 0 0 0 0 0 0 0 0 0 0 0 0 0 0 0 0 0 0 0 0 1 1 1 1 1 1 1 1 1 1 1 1 1 1 1 0 0 0 0 1 1 1 1 1 1 1 0 0 0 0 0 0 0 0 0 0 0 1 1 1 1 1 1 1 1 1 1 1 1 1 1 1 1 1 1 0 0 0 1 1 1 1 1 1 1 1 1 1 1 1 1 1 1 1 1 1 1 1 0 0 0 0 0 0 0 1 1 1 1 1 1 1 1 1 1 1 1 1 1 1 1 1 1 1 1 1 1 1 1 1 1 1 1 1 1 1 1 1 1 1 1 1 1 1 1 1 1 1 1 1 
