# This file contains a 2D laser scan observation. 
# Its format is: 
# [aperture] [max_range] [number_of_scans] 
# [vector_of_scans] 
# [vector_of_valid_scans] 
# The aperture of the sensor is in radians, the maximum range 
# and measurements are in meters. '1' means a valid scan, '0' otherwise.
4.1847
5.6
682
1.031 1.037 1.031 1.031 1.031 1.03 1.03 1.03 1.03 1.031 1.037 1.039 1.039 1.039 1.039 1.039 1.041 1.044 1.051 1.051 1.053 1.054 1.054 1.058 1.06 1.059 1.059 1.061 1.063 1.063 1.066 1.076 1.079 1.079 1.086 1.086 1.085 1.085 1.085 1.085 1.089 1.091 1.092 1.094 1.095 1.11 1.11 1.11 1.117 1.118 1.122 1.122 1.122 1.127 1.139 1.139 1.141 1.143 1.152 1.153 1.155 1.157 1.164 1.173 1.175 1.177 1.18 1.183 1.188 1.195 1.2 1.204 1.204 1.213 1.213 1.216 1.22 1.235 1.239 1.245 1.248 1.251 1.258 1.265 1.273 1.281 1.285 1.287 1.291 1.297 1.3 1.311 1.312 1.319 1.335 1.344 1.346 1.346 1.352 1.365 1.37 1.394 1.399 1.399 1.402 1.409 1.416 1.421 1.425 1.446 1.45 1.457 1.465 1.479 1.491 1.499 1.511 1.522 1.531 1.537 1.541 1.561 1.561 1.573 1.595 1.603 1.607 1.63 1.635 1.649 1.665 1.682 1.691 1.701 1.716 1.728 1.732 1.768 1.769 1.788 1.813 1.813 1.84 2.022 2.065 2.065 2.065 2.043 2.043 2.043 2.044 2.055 2.065 2.082 2.096 2.112 2.169 2.18 2.192 2.211 2.212 2.22 2.247 2.278 3.762 3.762 3.762 3.734 3.734 3.734 3.749 3.779 3.825 3.841 3.885 3.94 3.997 4.066 4.146 4.21 4.271 4.365 4.458 4.459 4.459 4.458 4.449 4.438 4.435 4.431 4.408 4.397 4.386 4.384 4.379 4.369 4.359 4.356 4.344 4.326 4.319 4.316 4.304 4.299 4.297 4.297 4.282 4.28 4.266 4.265 4.264 4.243 4.233 4.111 3.607 3.605 3.605 3.605 3.613 3.613 3.613 3.612 3.611 3.599 3.599 3.597 3.597 3.597 3.597 3.596 3.591 3.591 3.589 3.59 3.589 3.589 3.59 3.59 3.593 3.593 3.59 3.591 3.591 3.582 3.582 1.055 1.055 1.049 1.055 1.055 1.053 1.049 1.032 1.027 1.012 1.012 0.94 0.885 0.779 0.736 0.71 0.658 0.633 0.588 0.567 0.544 0.532 0.508 0.491 0.471 0.426 0.373 0.366 0.352 0.342 0.34 0.312 0.246 0.246 0.246 0.246 0.25 0.251 0.255 0.26 0.268 0.274 0.281 0.313 0.317 0.317 0.313 0.313 0.313 0.313 0.315 0.322 0.322 0.322 0.32 0.32 0.32 0.322 0.325 0.328 0.328 0.328 0.328 0.328 0.327 0.331 0.333 0.333 0.334 0.337 0.337 0.337 0.337 0.337 0.346 0.357 0.987 0.987 0.987 0.985 0.98 0.971 0.961 0.951 0.95 0.934 0.926 0.924 0.903 0.886 0.884 0.875 0.87 0.865 0.863 0.854 0.846 0.841 0.829 0.828 0.827 0.815 0.801 0.798 0.792 0.789 0.787 0.783 0.782 0.771 0.762 0.756 0.754 0.751 0.743 0.739 0.736 0.728 0.724 0.723 0.718 0.715 0.71 0.709 0.706 0.7 0.697 0.696 0.684 0.684 0.68 0.678 0.673 0.672 0.667 0.665 0.662 0.656 0.646 0.551 0.55 0.549 0.548 0.548 0.547 0.538 0.537 0.533 0.528 0.527 0.519 0.518 0.516 0.516 0.516 0.516 0.528 0.529 0.537 0.54 0.543 0.566 0.571 0.571 0.567 0.567 0.562 0.562 0.561 0.562 0.562 0.558 0.558 0.558 0.558 0.558 0.557 0.557 0.558 0.558 0.711 0.808 0.812 0.812 0.808 0.802 0.797 0.786 0.786 0.784 0.783 0.783 0.785 0.779 0.785 0.785 0.785 0.783 0.785 0.785 0.787 0.787 0.788 0.788 0.787 0.784 0.781 0.776 0.775 0.776 0.769 0.769 0.768 0.765 0.764 0.764 0.767 0.767 0.767 0.767 0.761 0.761 0.761 0.761 0.76 0.76 0.752 0.746 0.746 0.744 0.743 0.744 0.743 0.743 0.743 0.744 0.743 0.742 0.742 0.742 0.74 0.737 0.74 0.746 0.737 0.737 0.742 0.742 0.742 0.744 0.744 0.744 0.744 0.744 0.744 0.744 0.747 0.748 0.758 0.76 0.76 0.76 0.76 0.76 0.757 0.76 0.762 0.762 0.757 0.761 0.761 0.761 0.761 0.761 0.761 0.766 0.767 0.778 0.799 0.815 0.823 0.832 0.838 0.838 0.838 0.839 0.843 0.848 0.85 0.854 0.858 0.854 0.858 0.859 0.859 0.859 0.863 0.863 0.864 0.864 0.862 0.859 0.862 0.859 0.858 0.857 0.857 0.857 0.86 0.86 0.86 0.866 0.868 0.875 0.887 0.887 0.904 0.909 0.909 0.942 0.942 0.942 0.933 0.927 0.927 0.927 0.963 0.963 0.963 0.944 0.915 0.915 0.915 0.949 0.949 0.949 0.936 0.936 0.936 0.962 0.962 0.962 0.952 0.943 0.943 0.943 0.981 0.981 0.981 0.955 0.955 0.955 0.986 0.986 0.986 0.98 0.965 0.961 0.954 0.954 0.95 0.95 0.95 0.955 0.957 0.967 0.977 0.981 1.76 1.795 1.795 1.795 1.788 1.781 1.76 1.748 1.748 1.743 1.725 1.725 0 0 0 0 0 0.007 0 1.805 1.827 1.805 1.805 1.827 1.827 1.839 1.882 1.891 1.882 1.882 1.891 1.911 0 0 0 0 0 4.531 2.005 1.995 1.995 1.995 1.995 0 0 0 0 0 1.927 1.923 1.913 1.902 1.894 1.883 1.881 1.879 1.876 1.876 1.858 1.847 1.063 1.063 1.063 0 0 0 0 0 0 
1 1 1 1 1 1 1 1 1 1 1 1 1 1 1 1 1 1 1 1 1 1 1 1 1 1 1 1 1 1 1 1 1 1 1 1 1 1 1 1 1 1 1 1 1 1 1 1 1 1 1 1 1 1 1 1 1 1 1 1 1 1 1 1 1 1 1 1 1 1 1 1 1 1 1 1 1 1 1 1 1 1 1 1 1 1 1 1 1 1 1 1 1 1 1 1 1 1 1 1 1 1 1 1 1 1 1 1 1 1 1 1 1 1 1 1 1 1 1 1 1 1 1 1 1 1 1 1 1 1 1 1 1 1 1 1 1 1 1 1 1 1 1 1 1 1 1 1 1 1 1 1 1 1 1 1 1 1 1 1 1 1 1 1 1 1 1 1 1 1 1 1 1 1 1 1 1 1 1 1 1 1 1 1 1 1 1 1 1 1 1 1 1 1 1 1 1 1 1 1 1 1 1 1 1 1 1 1 1 1 1 1 1 1 1 1 1 1 1 1 1 1 1 1 1 1 1 1 1 1 1 1 1 1 1 1 1 1 1 1 1 1 1 1 1 1 1 1 1 1 1 1 1 1 1 1 1 1 1 1 1 1 1 1 1 1 1 1 1 1 1 1 1 1 1 1 1 1 1 1 1 1 1 1 1 1 1 1 1 1 1 1 1 1 1 1 1 1 1 1 1 1 1 1 1 1 1 1 1 1 1 1 1 1 1 1 1 1 1 1 1 1 1 1 1 1 1 1 1 1 1 1 1 1 1 1 1 1 1 1 1 1 1 1 1 1 1 1 1 1 1 1 1 1 1 1 1 1 1 1 1 1 1 1 1 1 1 1 1 1 1 1 1 1 1 1 1 1 1 1 1 1 1 1 1 1 1 1 1 1 1 1 1 1 1 1 1 1 1 1 1 1 1 1 1 1 1 1 1 1 1 1 1 1 1 1 1 1 1 1 1 1 1 1 1 1 1 1 1 1 1 1 1 1 1 1 1 1 1 1 1 1 1 1 1 1 1 1 1 1 1 1 1 1 1 1 1 1 1 1 1 1 1 1 1 1 1 1 1 1 1 1 1 1 1 1 1 1 1 1 1 1 1 1 1 1 1 1 1 1 1 1 1 1 1 1 1 1 1 1 1 1 1 1 1 1 1 1 1 1 1 1 1 1 1 1 1 1 1 1 1 1 1 1 1 1 1 1 1 1 1 1 1 1 1 1 1 1 1 1 1 1 1 1 1 1 1 1 1 1 1 1 1 1 1 1 1 1 1 1 1 1 1 1 1 1 1 1 1 1 1 1 1 1 1 1 1 1 1 1 1 1 1 1 1 1 1 1 1 1 1 1 1 1 1 1 1 1 1 1 1 1 1 1 1 1 1 1 1 1 1 1 1 1 1 1 1 1 1 1 1 1 1 1 1 0 0 0 0 0 0 0 1 1 1 1 1 1 1 1 1 1 1 1 1 0 0 0 0 0 1 1 1 1 1 1 0 0 0 0 0 1 1 1 1 1 1 1 1 1 1 1 1 1 1 1 0 0 0 0 0 0 
