# This file contains a 2D laser scan observation. 
# Its format is: 
# [aperture] [max_range] [number_of_scans] 
# [vector_of_scans] 
# [vector_of_valid_scans] 
# The aperture of the sensor is in radians, the maximum range 
# and measurements are in meters. '1' means a valid scan, '0' otherwise.
4.1847
5.6
682
0.983 0.966 0.965 0.951 0.948 0.941 0.941 0.927 0.925 0.918 0.914 0.913 0.905 0.905 0.902 0.892 0.883 0.879 0.873 0.866 0.864 0.861 0.853 0.847 0.842 0.84 0.838 0.834 0.827 0.825 0.819 0.818 0.815 0.809 0.808 0.804 0.802 0.801 0.795 0.784 0.784 0.78 0.779 0.778 0.769 0.765 0.765 0.761 0.758 0.758 0.756 0.749 0.742 0.742 0.741 0.738 0.738 0.736 0.736 0.732 0.732 0.725 0.724 0.724 0.72 0.715 0.715 0.72 0.714 0.713 0.713 0.71 0.708 0.702 0.701 0.696 0.696 0.697 0.696 0.694 0.694 0.692 0.691 0.69 0.686 0.69 0.679 0.679 0.679 0.679 0.679 0.673 0.679 0.673 0.672 0.668 0.668 0.668 0.669 0.672 0.672 0.669 0.672 0.666 0.666 0.663 0.667 0.661 0.661 0.661 0.661 0.658 0.657 0.658 0.657 0.658 0.657 0.655 0.655 0.656 0.656 0.656 0.656 0.655 0.655 0.654 0.652 0.654 0.654 0.654 0.66 0.66 0.664 0.665 0.672 0.676 0.689 0.695 0.698 0.698 0.698 0.698 0.699 0.698 0.692 0.679 0.676 0.669 0.665 0.658 0.654 0.652 0.652 0.652 0.652 0.652 0.652 0.649 0.649 0.654 0.65 0.651 0.651 0.651 0.651 0.654 0.656 0.66 0.66 0.66 0.66 0.659 0.656 0.659 0.661 0.659 0.663 0.666 0.666 0.685 0.685 0.685 0.667 0.662 0.66 0.66 0.659 0.66 0.662 0.665 0.668 0.675 0.675 0.673 0.677 0.677 0.677 0.681 0.681 0.683 0.683 0.68 0.68 0.683 0.687 0.688 0.688 0.688 0.693 0.698 0.699 0.699 0.699 0.7 0.704 0.716 0.716 0.716 0.714 0.714 0.714 0.717 0.717 0.726 0.729 0.73 0.732 0.742 0.742 0.745 0.745 0.748 0.75 0.751 0.751 0.752 0.762 0.769 0.769 0.775 0.775 0.783 0.784 0.787 0.788 0.795 0.796 0.799 0.801 0.811 0.816 0.818 0.822 0.823 0.823 0.831 0.836 0.842 0.843 0.845 0.853 0.854 0.861 0.868 0.869 0.878 0.884 0.885 0.887 0.898 0.902 0.904 0.906 0.922 0.924 0.927 0.936 0.951 0.956 0.964 0.967 0.972 1.172 1.208 1.21 1.21 1.208 1.203 1.185 1.18 1.177 1.158 1.158 1.142 1.142 1.142 1.15 1.155 1.161 1.171 1.178 1.185 1.198 1.205 1.216 1.228 1.262 1.299 1.33 1.384 1.392 1.392 1.392 1.392 1.385 1.366 1.366 1.385 1.385 1.407 1.425 2.906 2.906 2.906 2.896 2.888 2.888 2.888 2.891 2.918 2.952 2.991 3.032 3.068 3.1 3.136 3.186 3.234 3.29 3.329 3.383 3.444 3.501 3.572 3.596 3.606 3.615 3.606 3.601 3.601 3.6 3.591 3.59 3.572 3.571 3.569 3.567 3.561 3.557 3.544 3.536 3.534 3.532 3.518 3.516 3.509 3.503 3.501 3.497 3.496 3.494 3.494 3.491 3.483 3.476 3.473 3.472 3.472 3.464 3.458 3.447 3.445 3.445 3.44 3.434 2.823 2.796 2.795 2.788 2.788 2.795 2.817 2.819 2.819 2.819 2.817 2.816 2.814 2.808 2.808 2.808 2.815 2.815 2.816 2.822 2.822 2.822 2.822 2.822 2.823 2.827 2.834 2.835 2.834 2.842 2.842 2.842 2.842 2.843 2.846 2.848 2.85 2.858 2.859 2.862 2.866 2.886 2.903 2.911 2.903 2.903 2.911 2.914 2.914 2.914 2.92 2.92 2.92 2.935 2.936 2.947 2.951 2.952 2.957 2.96 2.961 2.968 2.982 2.982 2.983 2.983 2.991 2.999 3 3.01 3.01 3.01 3.02 3.057 3.049 3.053 3.053 3.049 2.231 2.231 2.231 2.157 2.146 5.033 3.132 3.132 3.142 3.15 3.15 3.159 3.17 3.178 3.179 3.191 3.224 3.225 3.225 3.225 3.225 0.006 0.007 3.326 3.326 3.326 3.326 3.33 3.352 3.38 3.38 3.38 1.552 1.545 1.528 1.51 1.51 1.51 1.515 1.525 1.531 1.539 2.142 2.142 0 2.142 2.14 1.768 1.768 1.768 3.074 3.238 0 0 0 0 0 0 0.007 0 0 0 0 0.007 3.021 3.005 3.021 3.005 3.005 0.613 0.606 0.602 0.606 0.606 0.602 0.6 0.6 0.597 0.597 0.597 0.597 0.592 0.589 0.587 0.585 0.582 0.559 0.519 0.519 0.519 0.519 0.522 0.525 0.525 0.525 0.525 0.525 0.525 0.525 0.525 0.528 0.538 0.54 0.541 0.542 0.542 0.54 0.538 0.537 0.532 0.537 0.532 0.531 0.53 0.529 0.525 0.524 0.52 0.518 0.518 0.515 0.515 0.515 0.514 0.514 0.512 0.508 0.508 0.508 0.508 0.509 0.509 0.507 0.506 0.503 0.503 0.503 0.503 0.503 0.501 0.501 0.499 0.496 0.496 0.496 0.496 0.496 0.492 0.492 0.494 0.492 0.492 0.492 0.492 0.491 0.49 0.486 0.486 0.486 0.486 0.486 0.486 0.486 0.485 0.485 0.484 0.482 0.482 0.475 0.475 0.475 0.476 0.477 0.48 0.477 0.477 0.481 0.474 0.474 0.474 0.481 0.474 0.481 0.474 0.48 0.48 0.48 0.48 0.48 0.478 0.478 0.48 0.48 0.48 0.48 0.485 0.485 0.48 0.487 0.487 0.484 0.48 0.484 0.484 0.487 0.487 0.487 0.481 0.48 0.479 0.479 0.479 0.48 0.48 0.481 0.484 0.485 0.491 0.492 
1 1 1 1 1 1 1 1 1 1 1 1 1 1 1 1 1 1 1 1 1 1 1 1 1 1 1 1 1 1 1 1 1 1 1 1 1 1 1 1 1 1 1 1 1 1 1 1 1 1 1 1 1 1 1 1 1 1 1 1 1 1 1 1 1 1 1 1 1 1 1 1 1 1 1 1 1 1 1 1 1 1 1 1 1 1 1 1 1 1 1 1 1 1 1 1 1 1 1 1 1 1 1 1 1 1 1 1 1 1 1 1 1 1 1 1 1 1 1 1 1 1 1 1 1 1 1 1 1 1 1 1 1 1 1 1 1 1 1 1 1 1 1 1 1 1 1 1 1 1 1 1 1 1 1 1 1 1 1 1 1 1 1 1 1 1 1 1 1 1 1 1 1 1 1 1 1 1 1 1 1 1 1 1 1 1 1 1 1 1 1 1 1 1 1 1 1 1 1 1 1 1 1 1 1 1 1 1 1 1 1 1 1 1 1 1 1 1 1 1 1 1 1 1 1 1 1 1 1 1 1 1 1 1 1 1 1 1 1 1 1 1 1 1 1 1 1 1 1 1 1 1 1 1 1 1 1 1 1 1 1 1 1 1 1 1 1 1 1 1 1 1 1 1 1 1 1 1 1 1 1 1 1 1 1 1 1 1 1 1 1 1 1 1 1 1 1 1 1 1 1 1 1 1 1 1 1 1 1 1 1 1 1 1 1 1 1 1 1 1 1 1 1 1 1 1 1 1 1 1 1 1 1 1 1 1 1 1 1 1 1 1 1 1 1 1 1 1 1 1 1 1 1 1 1 1 1 1 1 1 1 1 1 1 1 1 1 1 1 1 1 1 1 1 1 1 1 1 1 1 1 1 1 1 1 1 1 1 1 1 1 1 1 1 1 1 1 1 1 1 1 1 1 1 1 1 1 1 1 1 1 1 1 1 1 1 1 1 1 1 1 1 1 1 1 1 1 1 1 1 1 1 1 1 1 1 1 1 1 1 1 1 1 1 1 1 1 1 1 1 1 1 1 1 1 1 1 1 1 1 1 1 1 1 1 1 1 1 1 1 1 1 1 1 1 1 1 1 1 1 1 1 1 1 0 0 1 1 1 1 1 1 1 1 1 1 1 1 1 1 1 1 1 1 1 1 1 0 1 1 1 1 1 1 1 0 0 0 0 0 0 0 0 0 0 0 0 1 1 1 1 1 1 1 1 1 1 1 1 1 1 1 1 1 1 1 1 1 1 1 1 1 1 1 1 1 1 1 1 1 1 1 1 1 1 1 1 1 1 1 1 1 1 1 1 1 1 1 1 1 1 1 1 1 1 1 1 1 1 1 1 1 1 1 1 1 1 1 1 1 1 1 1 1 1 1 1 1 1 1 1 1 1 1 1 1 1 1 1 1 1 1 1 1 1 1 1 1 1 1 1 1 1 1 1 1 1 1 1 1 1 1 1 1 1 1 1 1 1 1 1 1 1 1 1 1 1 1 1 1 1 1 1 1 1 1 1 1 1 1 1 1 1 1 1 1 1 1 1 1 1 1 
