# This file contains a 2D laser scan observation. 
# Its format is: 
# [aperture] [max_range] [number_of_scans] 
# [vector_of_scans] 
# [vector_of_valid_scans] 
# The aperture of the sensor is in radians, the maximum range 
# and measurements are in meters. '1' means a valid scan, '0' otherwise.
4.1847
5.6
682
0.615 0.605 0.604 0.604 0.597 0.595 0.591 0.584 0.583 0.58 0.578 0.58 0.581 0.581 0.581 0.581 0.582 0.581 0.579 0.582 0.582 0.582 0.582 0.582 0.58 0.575 0.568 0.568 0.568 0.566 0.56 0.56 0.548 0.546 0.541 0.534 0.531 0.522 0.514 0.514 0.514 1.182 1.206 1.208 1.208 1.206 1.205 1.204 1.185 0.892 0.879 0.874 0.87 0.869 0.86 0.86 0.858 0.86 0.862 0.876 0.885 0.889 0.92 0.92 0.92 0.913 0.91 0.909 0.909 0.91 0.936 1.148 1.15 1.153 1.157 1.157 1.157 1.158 1.162 1.167 1.167 1.167 1.17 1.17 1.17 1.168 1.168 1.166 1.161 1.161 1.156 1.155 1.153 1.153 1.145 1.152 1.146 1.146 1.152 1.152 1.152 1.152 1.139 1.139 1.137 1.137 1.14 1.143 1.143 1.143 1.144 1.145 1.145 1.153 1.155 1.156 1.157 1.157 1.156 1.157 1.157 1.154 1.161 1.161 1.162 1.163 1.163 1.165 1.169 1.186 1.199 1.215 1.224 1.233 1.236 1.24 1.247 1.248 1.252 1.253 1.255 1.255 1.255 1.256 1.256 1.256 1.256 1.255 1.251 1.251 1.254 1.255 1.254 1.255 1.257 1.257 1.277 1.304 1.388 1.388 1.388 1.388 1.388 1.39 1.39 1.39 1.357 1.357 1.357 1.339 1.339 1.386 1.386 1.375 1.375 1.375 1.362 1.362 1.362 1.362 1.362 1.378 1.378 1.378 1.378 1.378 1.352 1.324 1.324 1.324 1.324 1.324 1.325 1.329 1.336 1.347 2.086 2.11 2.113 2.131 2.135 2.141 2.142 2.161 2.165 2.172 2.172 2.172 2.154 2.143 2.111 2.111 2.111 0 0 0 0 0 0.007 0 2.093 2.105 2.105 2.105 2.109 0.015 0.015 0.015 0.006 0 0 0 0 0 0 2.263 2.252 2.233 2.233 1.329 1.276 1.266 1.174 1.154 1.152 1.152 1.15 1.15 0.007 0 1.145 1.155 1.145 1.145 1.155 0 0 0 0 0 0 0 0 0 0 0 0 0 0 0 0 0 0 0 0 0 1.923 1.921 1.899 1.877 1.852 1.842 1.831 1.821 1.81 1.809 1.805 1.796 1.796 1.203 1.203 1.203 1.781 1.781 1.781 1.778 1.77 1.755 1.721 1.697 1.685 1.685 1.678 1.675 1.675 1.69 1.69 1.694 1.694 1.7 1.7 1.7 1.7 1.7 1.699 1.699 1.7 0 0 0 0 0 0 1.623 1.619 1.619 1.619 1.619 1.619 1.602 1.542 1.057 0.744 0.725 0.723 0.723 0.723 0.723 1.075 1.077 1.077 1.077 1.077 1.081 1.075 1.078 1.076 1.076 1.071 1.071 1.071 1.071 1.073 1.074 1.078 1.078 1.08 1.08 1.08 1.084 1.084 1.084 1.087 1.087 1.083 1.083 1.087 1.087 1.087 1.087 1.084 1.084 1.084 1.096 1.099 1.101 1.101 1.103 1.107 1.11 1.114 1.114 1.114 1.116 1.121 1.121 1.121 1.121 1.121 1.128 1.13 1.169 1.608 1.614 1.621 1.621 1.626 1.633 1.635 1.635 1.635 1.635 1.587 1.573 1.49 0.791 0.77 0.767 0.767 0.77 0.771 0.776 1.429 1.547 1.547 1.552 1.552 1.552 1.552 0 0 0 0 0 0 1.532 1.53 1.518 1.5 1.496 1.496 1.496 1.497 1.523 1.735 1.744 1.744 1.752 0.007 0.864 0.836 0.819 0.819 0.819 0.82 0.82 0.82 0.82 0.81 0.81 0.007 0.015 0.007 0.015 0.82 0.808 0.804 0.801 0.804 0.801 0.801 0.805 0.81 0.807 0.81 0.811 0.811 0.811 0.811 0.811 0.808 0.811 0.807 0.81 0.81 0.811 0.818 0.818 0.82 0.82 0.82 0.847 0.865 0.961 0.961 0.961 0.96 0.949 0.938 0.937 0.928 0.924 0.921 0.92 0.907 0.902 0.897 0.894 0.882 0.877 0.873 0.868 0.86 0.856 0.853 0.85 0.835 0.834 0.832 0.827 0.823 0.821 0.817 0.812 0.81 0.801 0.796 0.795 0.79 0.781 0.781 0.776 0.775 0.772 0.768 0.765 0.765 0.763 0.761 0.755 0.755 0.753 0.746 0.746 0.743 0.743 0.742 0.73 0.727 0.727 0.727 0.723 0.719 0.718 0.714 0.709 0.714 0.714 0.713 0.701 0.713 0.713 0.713 0.701 0.695 0.695 0.695 0.695 0.695 0.688 0.686 0.684 0.683 0.679 0.671 0.671 0.671 0.671 0.671 0.671 0.669 0.669 0.662 0.662 0.659 0.659 0.659 0.659 0.662 0.662 0.657 0.656 0.645 0.645 0.648 0.648 0.648 0.648 0.648 0.646 0.648 0.646 0.646 0.646 0.646 0.643 0.639 0.639 0.638 0.638 0.634 0.633 0.633 0.635 0.635 0.635 0.635 0.635 0.635 0.637 0.634 0.637 0.638 0.643 0.647 0.649 0.655 0.655 0.658 0.66 0.666 0.672 0.678 0.686 0.686 0.686 0.686 0.683 0.67 0.658 0.651 0.649 0.647 0.646 0.643 0.64 0.64 0.636 0.637 0.634 0.633 0.632 0.634 0.634 0.632 0.632 0.632 0.632 0.632 0.637 0.646 0.646 0.649 0.646 0.64 0.638 0.64 0.64 0.64 0.64 0.645 0.65 0.65 0.651 0.652 0.66 0.652 0.655 0.655 0.658 0.655 0.656 0.657 0.657 0.657 0.657 0.664 0.666 0.669 0.67 0.672 0.674 
1 1 1 1 1 1 1 1 1 1 1 1 1 1 1 1 1 1 1 1 1 1 1 1 1 1 1 1 1 1 1 1 1 1 1 1 1 1 1 1 1 1 1 1 1 1 1 1 1 1 1 1 1 1 1 1 1 1 1 1 1 1 1 1 1 1 1 1 1 1 1 1 1 1 1 1 1 1 1 1 1 1 1 1 1 1 1 1 1 1 1 1 1 1 1 1 1 1 1 1 1 1 1 1 1 1 1 1 1 1 1 1 1 1 1 1 1 1 1 1 1 1 1 1 1 1 1 1 1 1 1 1 1 1 1 1 1 1 1 1 1 1 1 1 1 1 1 1 1 1 1 1 1 1 1 1 1 1 1 1 1 1 1 1 1 1 1 1 1 1 1 1 1 1 1 1 1 1 1 1 1 1 1 1 1 1 1 1 1 1 1 1 1 1 1 1 1 1 1 1 1 1 1 1 1 1 1 1 1 1 1 1 1 0 0 0 0 0 0 0 1 1 1 1 1 0 0 0 0 0 0 0 0 0 0 1 1 1 1 1 1 1 1 1 1 1 1 1 0 0 1 1 1 1 1 0 0 0 0 0 0 0 0 0 0 0 0 0 0 0 0 0 0 0 0 0 1 1 1 1 1 1 1 1 1 1 1 1 1 1 1 1 1 1 1 1 1 1 1 1 1 1 1 1 1 1 1 1 1 1 1 1 1 1 1 1 1 0 0 0 0 0 0 1 1 1 1 1 1 1 1 1 1 1 1 1 1 1 1 1 1 1 1 1 1 1 1 1 1 1 1 1 1 1 1 1 1 1 1 1 1 1 1 1 1 1 1 1 1 1 1 1 1 1 1 1 1 1 1 1 1 1 1 1 1 1 1 1 1 1 1 1 1 1 1 1 1 1 1 1 1 1 1 1 1 1 1 1 1 1 1 1 1 1 1 1 1 1 1 0 0 0 0 0 0 1 1 1 1 1 1 1 1 1 1 1 1 1 0 1 1 1 1 1 1 1 1 1 1 1 0 0 0 0 1 1 1 1 1 1 1 1 1 1 1 1 1 1 1 1 1 1 1 1 1 1 1 1 1 1 1 1 1 1 1 1 1 1 1 1 1 1 1 1 1 1 1 1 1 1 1 1 1 1 1 1 1 1 1 1 1 1 1 1 1 1 1 1 1 1 1 1 1 1 1 1 1 1 1 1 1 1 1 1 1 1 1 1 1 1 1 1 1 1 1 1 1 1 1 1 1 1 1 1 1 1 1 1 1 1 1 1 1 1 1 1 1 1 1 1 1 1 1 1 1 1 1 1 1 1 1 1 1 1 1 1 1 1 1 1 1 1 1 1 1 1 1 1 1 1 1 1 1 1 1 1 1 1 1 1 1 1 1 1 1 1 1 1 1 1 1 1 1 1 1 1 1 1 1 1 1 1 1 1 1 1 1 1 1 1 1 1 1 1 1 1 1 1 1 1 1 1 1 1 1 1 1 1 1 1 1 1 1 1 1 1 1 1 1 1 1 1 1 1 1 1 1 1 1 1 1 1 
