# This file contains a 2D laser scan observation. 
# Its format is: 
# [aperture] [max_range] [number_of_scans] 
# [vector_of_scans] 
# [vector_of_valid_scans] 
# The aperture of the sensor is in radians, the maximum range 
# and measurements are in meters. '1' means a valid scan, '0' otherwise.
4.1847
5.6
682
0.691 0.685 0.681 0.681 0.681 0.681 0.676 0.678 0.673 0.673 0.672 0.673 0.673 0.673 0.672 0.662 0.66 0.66 0.658 0.658 0.658 0.655 0.654 0.654 0.649 0.647 0.647 0.647 0.65 0.65 0.65 0.648 0.645 0.643 0.643 0.643 0.641 0.64 0.64 0.637 0.637 0.632 0.632 0.631 0.632 0.632 0.629 0.629 0.629 0.629 0.635 0.635 0.635 0.635 0.632 0.631 0.628 0.628 0.631 0.628 0.628 0.635 0.636 0.638 0.639 0.648 0.648 0.663 0.667 0.669 0.671 0.673 0.673 0.673 0.673 0.673 0.707 0.771 0.775 0.777 0.781 0.782 0.782 0.782 0.771 0.771 0.771 0.771 0.771 0.772 0.773 0.773 0.773 0.773 0.773 0.744 0.737 0.729 0.729 0.729 0.719 0.719 0.719 0.73 0.73 0.73 0.73 0.738 0.74 0.781 0.874 0.874 0.874 0.797 0.707 0.683 0.682 0.682 0.683 0.68 0.68 0.674 0.674 0.674 0.675 0.676 0.681 0.681 0.677 0.681 0.682 0.682 0.682 0.682 0.681 0.681 0.681 0.682 0.683 0.688 0.688 0.689 0.69 0.693 0.697 0.7 0.708 0.711 0.715 0.717 0.72 0.72 0.721 0.724 0.734 0.736 0.737 0.739 0.74 0.74 0.746 0.746 0.746 0.744 0.746 0.751 0.744 0.746 0.752 0.753 0.753 0.76 0.761 0.761 0.762 0.763 0.767 0.773 0.779 0.78 0.78 0.791 0.791 0.799 0.804 0.807 0.815 2.821 2.829 2.838 2.829 2.829 2.838 2.791 2.782 2.758 2.72 2.715 2.7 2.671 2.665 2.656 2.653 2.632 2.626 2.61 2.58 2.579 2.563 2.542 2.533 2.517 2.499 2.492 2.473 2.47 2.452 2.437 2.41 2.408 2.388 2.383 2.368 2.357 2.341 2.33 2.314 2.304 2.297 2.29 2.283 2.275 2.255 2.249 2.237 2.23 2.23 2.23 2.234 2.256 2.275 2.293 2.32 2.344 2.369 2.395 2.413 2.441 2.469 2.481 2.521 2.547 2.58 2.602 2.634 2.659 2.689 2.733 2.764 2.792 2.833 2.877 2.907 2.907 2.907 2.903 2.902 2.894 2.894 2.891 2.883 2.876 2.874 2.869 2.864 2.858 2.856 2.847 2.846 2.842 2.833 2.832 2.823 2.823 2.812 2.806 2.804 2.795 2.792 2.789 2.781 2.777 2.772 2.771 2.765 2.762 2.761 2.76 2.756 2.752 2.749 2.747 2.747 2.735 2.732 2.72 2.72 2.717 2.716 2.716 2.716 2.716 2.708 2.708 2.062 2.062 2.062 2.063 2.063 2.063 2.063 2.063 2.085 2.096 2.096 2.085 2.085 2.085 2.085 2.09 2.093 2.093 2.093 2.086 2.082 2.08 2.08 2.077 2.076 2.076 2.085 2.081 2.085 2.085 2.085 2.085 2.092 2.095 2.095 2.095 2.095 2.097 2.102 2.105 2.106 2.107 2.108 2.113 2.114 2.115 2.118 2.119 2.123 2.124 2.124 2.134 2.134 2.137 2.139 2.177 2.193 2.202 2.206 2.206 2.207 2.208 2.213 2.219 2.221 2.224 2.225 2.23 2.233 2.233 2.246 2.249 2.25 2.252 2.26 2.262 2.265 2.278 2.285 2.29 2.299 2.302 2.308 2.317 2.319 2.322 2.328 2.338 2.341 2.352 2.358 2.362 2.362 2.379 2.385 2.39 2.399 2.403 2.407 2.424 2.426 2.428 2.44 2.449 2.456 2.467 2.477 2.488 2.493 2.493 2.488 1.237 1.232 1.232 1.232 1.373 1.483 1.488 1.489 1.489 1.577 2.509 2.63 2.649 2.671 2.674 2.699 2.701 2.707 2.732 2.739 2.772 2.773 2.786 2.788 2.804 2.827 2.836 2.836 2.836 0.955 0.955 0.954 0.954 0.959 0.989 1.473 1.494 2.495 2.495 2.495 2.464 2.442 2.427 2.425 2.403 2.403 2.403 0 0 0 0 0.007 0 0 0 1.454 1.453 1.453 1.42 1.359 1.305 1.298 1.28 1.274 1.265 1.26 1.248 1.242 1.226 1.218 1.212 1.107 1.014 1.011 1.009 1.006 1.004 0.996 0.995 0.994 0.99 0.99 0.995 1 1.013 1.033 1.056 1.196 0 0 0 0 0 0 0 0 0 0 0 0 1.673 1.673 1.673 2.312 2.312 2.312 2.312 2.307 2.291 1.781 1.773 1.765 1.736 1.736 1.736 1.738 2.245 2.245 2.245 2.245 2.242 2.239 2.239 2.234 2.223 2.223 1.825 1.784 1.163 1.163 1.163 1.17 1.731 1.735 1.735 1.731 1.504 1.37 1.224 1.224 1.224 1.224 1.224 1.235 1.239 1.246 1.252 1.26 1.266 1.269 1.273 1.273 1.273 1.269 1.273 1.273 1.273 1.273 1.273 1.262 1.23 1.23 1.23 1.236 1.237 1.239 1.24 1.24 1.24 1.238 1.232 1.21 1.162 1.153 1.152 1.151 1.151 1.152 1.152 1.153 1.159 1.166 1.174 1.18 1.181 1.183 1.188 1.183 1.188 1.189 1.191 1.191 1.191 1.191 1.191 1.191 1.195 1.195 1.195 1.195 1.195 1.195 1.195 1.195 1.195 1.195 1.201 1.199 1.201 1.202 1.208 1.214 1.214 1.217 1.231 1.233 1.236 1.245 1.246 1.251 1.259 1.259 1.261 1.259 1.261 1.256 1.251 0.985 0.945 0.945 0.945 0.95 0.959 0.959 0.959 0.955 0.95 0.932 0.924 0.922 0.922 0.924 0.924 0.932 0.933 0.933 0.94 0.944 1.03 1.031 1.032 1.032 1.041 1.045 1.052 1.055 1.057 
1 1 1 1 1 1 1 1 1 1 1 1 1 1 1 1 1 1 1 1 1 1 1 1 1 1 1 1 1 1 1 1 1 1 1 1 1 1 1 1 1 1 1 1 1 1 1 1 1 1 1 1 1 1 1 1 1 1 1 1 1 1 1 1 1 1 1 1 1 1 1 1 1 1 1 1 1 1 1 1 1 1 1 1 1 1 1 1 1 1 1 1 1 1 1 1 1 1 1 1 1 1 1 1 1 1 1 1 1 1 1 1 1 1 1 1 1 1 1 1 1 1 1 1 1 1 1 1 1 1 1 1 1 1 1 1 1 1 1 1 1 1 1 1 1 1 1 1 1 1 1 1 1 1 1 1 1 1 1 1 1 1 1 1 1 1 1 1 1 1 1 1 1 1 1 1 1 1 1 1 1 1 1 1 1 1 1 1 1 1 1 1 1 1 1 1 1 1 1 1 1 1 1 1 1 1 1 1 1 1 1 1 1 1 1 1 1 1 1 1 1 1 1 1 1 1 1 1 1 1 1 1 1 1 1 1 1 1 1 1 1 1 1 1 1 1 1 1 1 1 1 1 1 1 1 1 1 1 1 1 1 1 1 1 1 1 1 1 1 1 1 1 1 1 1 1 1 1 1 1 1 1 1 1 1 1 1 1 1 1 1 1 1 1 1 1 1 1 1 1 1 1 1 1 1 1 1 1 1 1 1 1 1 1 1 1 1 1 1 1 1 1 1 1 1 1 1 1 1 1 1 1 1 1 1 1 1 1 1 1 1 1 1 1 1 1 1 1 1 1 1 1 1 1 1 1 1 1 1 1 1 1 1 1 1 1 1 1 1 1 1 1 1 1 1 1 1 1 1 1 1 1 1 1 1 1 1 1 1 1 1 1 1 1 1 1 1 1 1 1 1 1 1 1 1 1 1 1 1 1 1 1 1 1 1 1 1 1 1 1 1 1 1 1 1 1 1 1 1 1 1 1 1 1 1 1 1 1 1 1 1 1 1 1 1 1 1 1 1 1 1 1 1 1 1 1 1 1 1 1 1 1 1 1 1 1 1 1 1 1 1 1 0 0 0 0 0 0 0 0 1 1 1 1 1 1 1 1 1 1 1 1 1 1 1 1 1 1 1 1 1 1 1 1 1 1 1 1 1 1 1 1 1 0 0 0 0 0 0 0 0 0 0 0 0 1 1 1 1 1 1 1 1 1 1 1 1 1 1 1 1 1 1 1 1 1 1 1 1 1 1 1 1 1 1 1 1 1 1 1 1 1 1 1 1 1 1 1 1 1 1 1 1 1 1 1 1 1 1 1 1 1 1 1 1 1 1 1 1 1 1 1 1 1 1 1 1 1 1 1 1 1 1 1 1 1 1 1 1 1 1 1 1 1 1 1 1 1 1 1 1 1 1 1 1 1 1 1 1 1 1 1 1 1 1 1 1 1 1 1 1 1 1 1 1 1 1 1 1 1 1 1 1 1 1 1 1 1 1 1 1 1 1 1 1 1 1 1 1 1 1 1 1 1 1 1 1 1 1 1 1 1 
