# This file contains a 2D laser scan observation. 
# Its format is: 
# [aperture] [max_range] [number_of_scans] 
# [vector_of_scans] 
# [vector_of_valid_scans] 
# The aperture of the sensor is in radians, the maximum range 
# and measurements are in meters. '1' means a valid scan, '0' otherwise.
4.1847
5.6
682
0.896 0.883 0.854 0.821 0.814 0.813 0.813 0.807 0.799 0.798 0.795 0.793 0.789 0.787 0.784 0.778 0.775 0.769 0.769 0.769 0.763 0.761 0.761 0.761 0.761 0.76 0.763 0.763 0.763 0.763 0.768 0.768 0.768 0.762 0.752 0.748 0.748 0.747 0.747 0.744 0.736 0.727 0.726 0.726 0.725 0.725 0.72 0.72 0.713 0.713 0.71 0.714 0.713 0.713 0.712 0.712 0.712 0.702 0.702 0.702 0.701 0.701 0.701 0.704 0.704 0.704 0.701 0.701 0.701 0.708 0.71 0.716 0.716 0.716 0.718 0.719 1.057 1.057 1.057 1.04 1.04 1.04 2.229 2.229 2.229 2.226 2.225 2.222 2.225 2.226 2.231 2.307 2.342 0.015 0.015 0.015 3.024 3.024 3.024 3.033 3.524 3.564 3.564 3.569 3.569 3.569 3.569 3.837 3.856 3.863 3.863 3.864 3.869 3.875 3.875 3.875 3.876 3.89 3.892 3.892 3.897 3.897 3.897 3.897 3.908 0 0 0 3.407 3.371 3.359 3.359 3.359 3.346 2.375 2.328 2.328 2.322 2.328 2.328 2.33 2.346 2.347 2.361 2.363 2.363 2.374 2.381 2.386 2.388 2.396 2.402 2.404 2.415 2.424 2.427 2.435 2.451 2.452 2.452 2.456 2.476 2.479 2.483 2.492 2.496 2.511 2.513 2.529 2.53 2.547 2.548 2.548 2.548 2.552 2.557 2.533 2.518 2.428 2.428 2.403 2.383 2.351 2.35 2.317 2.297 2.286 2.262 2.232 2.225 2.204 2.18 2.173 2.155 2.136 2.12 2.102 2.07 2.047 2.028 2.021 2.009 1.99 1.964 1.964 1.936 1.918 1.912 1.891 1.887 1.883 1.859 1.85 1.838 1.827 1.82 1.808 1.808 1.808 1.809 1.832 1.843 1.849 1.863 1.872 1.892 1.892 1.908 1.915 1.937 1.945 1.96 1.965 1.979 1.999 2.03 2.033 2.054 2.064 2.072 2.101 2.115 2.128 2.152 2.166 2.186 2.204 2.228 2.25 2.264 2.283 2.306 2.327 2.358 2.384 2.402 2.432 2.432 2.432 2.429 2.426 2.423 2.421 2.421 2.404 2.401 2.399 2.381 2.38 2.368 2.361 2.36 2.36 2.35 2.34 2.337 2.336 2.322 2.32 2.312 2.304 2.296 2.294 2.292 2.289 2.28 2.267 2.26 2.259 2.255 2.254 2.247 2.245 2.236 2.236 2.227 2.222 2.217 2.217 2.217 2.21 2.208 2.201 2.198 2.188 2.182 2.18 2.175 2.174 2.168 2.16 2.16 2.16 2.16 2.16 1.489 1.489 1.487 1.487 1.481 1.481 1.477 1.477 1.477 1.477 1.477 1.583 1.583 1.583 1.523 1.5 1.499 1.499 1.5 1.5 1.5 1.5 1.5 1.497 1.497 1.499 1.499 1.497 1.498 1.495 1.495 1.497 1.497 1.495 1.495 1.493 1.493 1.493 1.493 1.498 1.498 1.498 1.498 1.498 1.498 1.499 1.504 1.504 1.504 1.505 1.505 1.503 1.507 1.509 1.509 1.509 1.509 1.511 1.511 1.519 1.524 1.525 1.526 1.526 1.526 1.526 1.526 1.526 1.532 1.539 1.54 1.542 1.545 1.55 1.55 1.554 1.565 1.571 1.575 1.587 1.603 1.603 1.603 1.606 1.606 1.613 1.618 1.619 1.621 1.627 1.632 1.635 1.637 1.644 1.649 1.65 1.654 1.656 1.659 1.671 1.672 1.675 1.684 1.689 1.692 1.698 1.707 1.708 1.711 1.717 1.731 1.732 1.735 1.745 1.748 1.75 1.761 1.762 1.774 1.788 1.79 1.796 1.797 1.807 1.812 1.825 1.833 1.839 1.849 1.853 1.868 1.874 1.876 1.884 1.893 1.896 1.907 1.917 1.93 1.934 1.944 1.951 1.963 1.974 1.989 1.992 2.005 2.008 2.028 2.031 2.044 2.052 2.068 2.069 2.085 2.097 2.114 2.131 2.137 2.143 2.16 2.166 2.198 2.206 2.223 2.224 2.232 2.252 2.269 2.274 2.296 2.296 2.296 1.034 1.031 1.025 1.025 1.025 1.023 1.001 1.001 1 0.991 0.985 0.8 0.758 0.756 0.75 0.75 0.75 0.757 0.767 2.128 2.128 2.128 2.121 2.107 2.105 2.099 2.099 2.099 0 0 0 0 0 0 0 0 0 0 0 0 0 0 2.354 2.343 1.087 1.077 1.075 1.073 1.07 1.07 1.07 1.07 1.07 1.065 1.064 1.057 1.05 1.05 1.05 1.049 1.048 1.044 1.044 1.035 1.035 1.034 1.031 1.021 1.019 1.019 1.019 1.019 1.02 1.02 1.008 1.008 1.008 1.007 1.005 1.005 1 1 1 0.992 0.992 0.625 0.619 0.619 0.619 0.619 0.623 0.625 0.983 0.983 0.983 0.981 0.981 0.981 0.981 0.984 0.984 0.981 0.98 0.977 0.975 0.975 0.975 2.108 2.114 2.114 2.114 2.114 2.109 1.06 1.059 1.059 1.06 1.629 1.629 1.629 1.615 1.613 1.613 1.613 1.595 0.817 0.817 0.817 0.817 0.817 0.817 0.817 0.816 0.815 0.816 0.817 0.817 0.823 0.825 0.829 0.875 1.666 1.682 1.685 1.685 1.686 1.685 1.685 1.687 1.693 1.703 1.765 1.771 1.776 1.776 1.776 1.476 1.476 1.476 1.739 1.739 1.739 1.371 1.364 1.357 1.351 1.233 1.132 1.129 1.129 1.132 1.188 1.234 1.326 1.326 1.326 1.303 1.294 1.294 1.294 1.299 1.324 1.325 1.326 1.328 1.333 1.336 1.337 1.337 1.337 1.331 1.316 1.316 1.316 
1 1 1 1 1 1 1 1 1 1 1 1 1 1 1 1 1 1 1 1 1 1 1 1 1 1 1 1 1 1 1 1 1 1 1 1 1 1 1 1 1 1 1 1 1 1 1 1 1 1 1 1 1 1 1 1 1 1 1 1 1 1 1 1 1 1 1 1 1 1 1 1 1 1 1 1 1 1 1 1 1 1 1 1 1 1 1 1 1 1 1 1 1 0 0 0 1 1 1 1 1 1 1 1 1 1 1 1 1 1 1 1 1 1 1 1 1 1 1 1 1 1 1 1 1 0 0 0 1 1 1 1 1 1 1 1 1 1 1 1 1 1 1 1 1 1 1 1 1 1 1 1 1 1 1 1 1 1 1 1 1 1 1 1 1 1 1 1 1 1 1 1 1 1 1 1 1 1 1 1 1 1 1 1 1 1 1 1 1 1 1 1 1 1 1 1 1 1 1 1 1 1 1 1 1 1 1 1 1 1 1 1 1 1 1 1 1 1 1 1 1 1 1 1 1 1 1 1 1 1 1 1 1 1 1 1 1 1 1 1 1 1 1 1 1 1 1 1 1 1 1 1 1 1 1 1 1 1 1 1 1 1 1 1 1 1 1 1 1 1 1 1 1 1 1 1 1 1 1 1 1 1 1 1 1 1 1 1 1 1 1 1 1 1 1 1 1 1 1 1 1 1 1 1 1 1 1 1 1 1 1 1 1 1 1 1 1 1 1 1 1 1 1 1 1 1 1 1 1 1 1 1 1 1 1 1 1 1 1 1 1 1 1 1 1 1 1 1 1 1 1 1 1 1 1 1 1 1 1 1 1 1 1 1 1 1 1 1 1 1 1 1 1 1 1 1 1 1 1 1 1 1 1 1 1 1 1 1 1 1 1 1 1 1 1 1 1 1 1 1 1 1 1 1 1 1 1 1 1 1 1 1 1 1 1 1 1 1 1 1 1 1 1 1 1 1 1 1 1 1 1 1 1 1 1 1 1 1 1 1 1 1 1 1 1 1 1 1 1 1 1 1 1 1 1 1 1 1 1 1 1 1 1 1 1 1 1 1 1 1 1 1 1 1 1 1 1 1 1 1 1 1 1 1 1 1 1 1 1 1 1 1 1 1 1 1 1 1 1 1 1 1 1 1 1 1 1 1 1 1 1 1 1 1 1 1 0 0 0 0 0 0 0 0 0 0 0 0 0 0 1 1 1 1 1 1 1 1 1 1 1 1 1 1 1 1 1 1 1 1 1 1 1 1 1 1 1 1 1 1 1 1 1 1 1 1 1 1 1 1 1 1 1 1 1 1 1 1 1 1 1 1 1 1 1 1 1 1 1 1 1 1 1 1 1 1 1 1 1 1 1 1 1 1 1 1 1 1 1 1 1 1 1 1 1 1 1 1 1 1 1 1 1 1 1 1 1 1 1 1 1 1 1 1 1 1 1 1 1 1 1 1 1 1 1 1 1 1 1 1 1 1 1 1 1 1 1 1 1 1 1 1 1 1 1 1 1 1 1 1 1 1 1 1 1 1 1 1 1 1 1 1 
