# This file contains a 2D laser scan observation. 
# Its format is: 
# [aperture] [max_range] [number_of_scans] 
# [vector_of_scans] 
# [vector_of_valid_scans] 
# The aperture of the sensor is in radians, the maximum range 
# and measurements are in meters. '1' means a valid scan, '0' otherwise.
4.1847
5.6
682
1.205 1.19 1.181 1.146 1.133 1.122 1.115 1.091 1.082 1.063 1.053 1.045 1.045 1.052 1.053 1.057 1.063 1.064 1.07 1.075 1.075 1.078 1.078 1.078 1.051 0.995 0.995 0.915 0.888 0.871 0.866 0.847 0.847 0.831 0.813 0.802 0.794 0.792 0.792 0.786 0.784 0.782 0.77 0.766 0.764 0.757 0.746 0.737 0.737 0.72 0.688 0.686 0.684 0.682 0.671 0.666 0.661 0.66 0.657 0.656 0.654 0.65 0.645 0.634 0.63 0.627 0.627 0.624 0.624 0.624 0.633 0.633 0.633 0.633 0.633 0.639 0.64 0.64 0.644 0.645 0.658 0.662 0.662 0.664 0.668 0.704 0.723 0.727 0.732 0.735 0.739 0.751 0.754 0.762 0.762 0.767 0.771 0.771 0.786 0.789 0.791 0.803 0.804 0.805 0.821 0.825 0.826 0.842 0.843 0.855 0.858 0.867 0.874 0.874 0.874 0.873 0.873 0.873 0.875 0.876 0.889 0.997 1.059 1.065 1.079 1.102 1.104 1.113 1.115 1.127 1.145 1.184 2.253 2.264 2.264 2.264 2.26 2.254 2.241 2.241 2.239 2.238 2.238 2.226 2.221 2.217 2.212 2.205 2.203 2.16 1.922 1.919 1.908 1.904 1.892 1.889 1.889 1.889 1.898 1.933 1.971 2.025 2.025 2.025 2.015 2.001 2 1.998 1.992 1.992 1.992 2.01 2.112 2.113 2.117 2.142 2.142 2.214 2.376 2.442 2.552 2.552 2.583 0 0.007 0 2.831 2.831 2.831 2.831 3.119 0.007 0 3.297 3.297 3.297 3.293 3.284 3.284 3.297 3.297 3.307 3.565 3.569 3.569 3.569 3.569 3.572 3.583 3.584 3.584 3.587 3.588 3.588 3.59 3.591 3.591 3.591 3.577 3.577 3.577 3.577 3.577 1.984 1.984 1.984 1.984 1.984 1.991 1.991 1.991 1.993 1.997 2.002 2.006 2.009 2.013 2.014 2.017 2.021 2.024 2.025 2.025 2.036 2.042 2.046 2.046 2.05 2.054 2.055 2.065 2.065 2.069 2.072 2.08 2.088 2.089 2.089 2.089 2.099 2.105 2.109 2.113 2.114 2.126 2.129 2.139 2.141 2.146 2.146 2.146 2.14 2.14 2.106 2.057 2.027 1.988 1.98 1.945 1.938 1.936 1.918 1.889 1.866 1.847 1.827 1.807 1.787 1.781 1.765 1.742 1.725 1.712 1.687 1.684 1.656 1.611 1.604 1.589 1.577 1.563 1.555 1.526 1.515 1.496 1.481 1.469 1.456 1.446 1.437 1.433 1.43 1.398 1.398 1.385 1.38 1.378 1.36 1.343 1.343 1.343 1.344 1.354 1.359 1.359 1.373 1.385 1.39 1.399 1.41 1.412 1.419 1.435 1.435 1.453 1.455 1.464 1.476 1.489 1.494 1.502 1.526 1.527 1.535 1.553 1.558 1.575 1.583 1.585 1.598 1.612 1.623 1.643 1.652 1.672 1.682 1.696 1.718 1.729 1.743 1.764 1.77 1.8 1.804 1.828 1.844 1.867 1.884 1.903 1.928 1.959 1.984 1.984 1.984 1.978 1.972 1.972 1.972 1.972 1.972 1.966 1.959 1.958 1.949 1.939 1.937 1.929 1.927 1.92 1.917 1.917 1.907 1.904 1.897 1.891 1.891 1.888 1.881 1.87 1.869 1.865 1.862 1.855 1.849 1.847 1.846 1.84 1.835 1.833 1.829 1.821 1.818 1.818 1.814 1.813 1.809 1.807 1.798 1.798 1.798 1.796 1.795 1.792 1.792 1.785 1.784 1.78 1.778 1.778 1.777 1.769 1.766 1.766 1.766 1.765 1.763 1.759 1.749 1.749 1.747 1.749 1.75 1.75 1.75 1.75 1.742 1.742 1.743 1.743 1.743 1.743 1.731 1.73 1.727 1.727 1.727 1.722 1.088 1.084 1.083 1.083 1.083 1.082 1.077 1.083 1.083 1.084 1.087 1.087 1.084 1.087 1.088 1.088 1.149 1.149 1.149 1.124 1.118 1.114 1.113 1.113 1.113 1.12 1.12 1.122 1.122 1.123 1.126 1.129 1.127 1.127 1.129 1.129 1.131 1.134 1.136 1.136 1.141 1.141 1.145 1.145 1.145 1.149 1.15 1.15 1.151 1.154 1.155 1.164 1.164 1.168 1.168 1.169 1.169 1.169 1.171 1.179 1.184 1.187 1.188 1.194 1.194 1.195 1.199 1.199 1.205 1.206 1.209 1.225 1.225 1.226 1.226 1.229 1.238 1.244 1.244 1.25 1.25 1.253 1.254 1.259 1.261 1.269 1.276 1.282 1.29 1.296 1.299 1.304 1.31 1.313 1.341 1.345 1.353 1.353 1.378 1.383 1.39 1.394 1.399 1.408 1.41 1.419 1.428 1.442 1.442 1.449 1.456 1.461 1.478 1.483 1.488 1.503 1.511 1.515 1.527 1.527 1.541 1.55 1.558 1.564 1.571 1.576 1.6 1.606 1.62 1.62 1.634 1.638 1.661 1.664 1.682 1.684 1.7 1.717 1.719 1.733 1.746 1.752 1.764 1.786 1.796 1.803 1.824 1.84 1.844 1.855 1.876 1.883 1.905 1.916 1.937 1.954 1.971 1.973 1.998 2.016 2.039 2.047 2.07 2.082 2.12 2.123 2.128 2.159 2.188 2.199 2.219 2.241 2.27 2.305 2.319 2.351 2.383 2.419 2.437 2.475 2.523 2.529 2.584 2.622 2.635 2.635 2.635 2.624 2.624 2.624 0 0 0 0 0 0 2.229 2.224 2.217 2.207 2.199 2.199 2.199 0 0 0 0 0 0 0 0 0 1.11 1.103 1.101 1.099 1.096 1.096 1.096 1.096 1.096 1.098 1.102 1.102 2.43 
1 1 1 1 1 1 1 1 1 1 1 1 1 1 1 1 1 1 1 1 1 1 1 1 1 1 1 1 1 1 1 1 1 1 1 1 1 1 1 1 1 1 1 1 1 1 1 1 1 1 1 1 1 1 1 1 1 1 1 1 1 1 1 1 1 1 1 1 1 1 1 1 1 1 1 1 1 1 1 1 1 1 1 1 1 1 1 1 1 1 1 1 1 1 1 1 1 1 1 1 1 1 1 1 1 1 1 1 1 1 1 1 1 1 1 1 1 1 1 1 1 1 1 1 1 1 1 1 1 1 1 1 1 1 1 1 1 1 1 1 1 1 1 1 1 1 1 1 1 1 1 1 1 1 1 1 1 1 1 1 1 1 1 1 1 1 1 1 1 1 1 1 1 1 1 1 1 1 1 1 1 1 1 0 0 0 1 1 1 1 1 0 0 1 1 1 1 1 1 1 1 1 1 1 1 1 1 1 1 1 1 1 1 1 1 1 1 1 1 1 1 1 1 1 1 1 1 1 1 1 1 1 1 1 1 1 1 1 1 1 1 1 1 1 1 1 1 1 1 1 1 1 1 1 1 1 1 1 1 1 1 1 1 1 1 1 1 1 1 1 1 1 1 1 1 1 1 1 1 1 1 1 1 1 1 1 1 1 1 1 1 1 1 1 1 1 1 1 1 1 1 1 1 1 1 1 1 1 1 1 1 1 1 1 1 1 1 1 1 1 1 1 1 1 1 1 1 1 1 1 1 1 1 1 1 1 1 1 1 1 1 1 1 1 1 1 1 1 1 1 1 1 1 1 1 1 1 1 1 1 1 1 1 1 1 1 1 1 1 1 1 1 1 1 1 1 1 1 1 1 1 1 1 1 1 1 1 1 1 1 1 1 1 1 1 1 1 1 1 1 1 1 1 1 1 1 1 1 1 1 1 1 1 1 1 1 1 1 1 1 1 1 1 1 1 1 1 1 1 1 1 1 1 1 1 1 1 1 1 1 1 1 1 1 1 1 1 1 1 1 1 1 1 1 1 1 1 1 1 1 1 1 1 1 1 1 1 1 1 1 1 1 1 1 1 1 1 1 1 1 1 1 1 1 1 1 1 1 1 1 1 1 1 1 1 1 1 1 1 1 1 1 1 1 1 1 1 1 1 1 1 1 1 1 1 1 1 1 1 1 1 1 1 1 1 1 1 1 1 1 1 1 1 1 1 1 1 1 1 1 1 1 1 1 1 1 1 1 1 1 1 1 1 1 1 1 1 1 1 1 1 1 1 1 1 1 1 1 1 1 1 1 1 1 1 1 1 1 1 1 1 1 1 1 1 1 1 1 1 1 1 1 1 1 1 1 1 1 1 1 1 1 1 1 1 1 1 1 1 1 1 1 1 1 1 1 1 1 1 1 1 1 1 1 1 1 1 1 1 1 1 1 1 1 1 1 1 1 1 1 1 1 1 1 1 1 1 0 0 0 0 0 0 1 1 1 1 1 1 1 0 0 0 0 0 0 0 0 0 1 1 1 1 1 1 1 1 1 1 1 1 1 
