# This file contains a 2D laser scan observation. 
# Its format is: 
# [aperture] [max_range] [number_of_scans] 
# [vector_of_scans] 
# [vector_of_valid_scans] 
# The aperture of the sensor is in radians, the maximum range 
# and measurements are in meters. '1' means a valid scan, '0' otherwise.
4.1847
5.6
682
4.196 4.191 4.191 4.186 4.186 4.173 4.167 4.143 4.143 4.143 4.162 4.162 4.162 4.152 4.151 4.151 4.151 0 0 0 0 0 0 0 0 0 0 0 0 0 0.007 0 0 0 0 0 0 0 0 0 0 0 0 0 0 1.076 1.073 1.062 1.062 1.062 1.058 1.038 0.798 0.78 0.775 0.728 0.68 0.672 0.637 0.636 0.612 0.583 0.565 0.565 0.561 0.561 0.561 0.561 0.566 0.566 0.561 0.561 0.559 0.558 0.559 0.559 0.569 0.569 0.57 0.572 0.575 0.576 0.576 0.578 0.58 0.58 0.58 0.583 0.605 0.613 0.613 0.615 0.612 0.616 0.618 0.62 0.62 0.621 0.621 0.62 0.624 0.626 0.627 0.627 0.63 0.632 0.632 0.632 0.632 0.64 0.64 0.643 0.643 0.647 0.651 0.651 0.656 0.656 0.656 0.657 0.657 0.662 0.666 0.667 0.668 0.674 0.674 0.673 0.676 0.676 0.678 0.682 0.682 0.686 0.693 0.697 0.697 0.705 0.715 0.715 0.715 0.71 0.709 0.701 0.699 0.699 0.699 0.699 0.705 0.705 0.705 0.754 0.82 0.822 0.823 0.825 0.834 0.834 0.837 0.845 0.848 0.852 0.857 0.865 0.867 0.879 0.883 0.885 0.885 0.89 0.892 0.897 0.898 0.91 0.913 0.927 0.928 0.936 0.937 2.893 2.911 2.926 2.926 2.926 2.926 2.172 2.159 2.158 2.141 2.134 2.127 2.119 2.118 2.112 2.1 2.088 2.083 2.069 2.066 2.063 2.043 2.043 2.037 2.033 2.017 2.016 2.013 2.002 1.995 1.987 1.983 1.975 1.973 1.969 1.954 1.948 1.676 1.649 1.645 1.636 1.625 1.623 1.62 1.62 1.62 1.62 1.625 1.659 1.679 1.736 1.748 1.748 1.748 1.742 1.733 1.727 1.718 1.718 1.716 1.716 1.717 1.717 1.843 1.843 1.843 1.832 1.832 1.832 1.842 1.871 1.944 1.981 2.037 2.037 2.084 2.165 2.195 2.232 2.277 2.286 2.39 2.532 2.614 2.532 2.532 2.614 2.691 2.691 2.691 2.753 2.79 3.008 3.008 3.008 2.996 2.983 2.982 2.979 2.979 2.982 2.994 3.052 3.259 3.261 3.262 3.262 3.262 3.262 3.262 3.261 3.262 3.266 3.266 3.271 3.272 3.278 3.278 3.279 3.278 3.28 3.276 3.118 1.671 1.655 1.655 1.653 1.655 1.655 1.658 1.66 1.663 1.671 1.677 1.685 1.685 1.686 1.689 1.685 1.689 1.693 1.693 1.701 1.708 1.712 1.721 1.721 1.721 1.723 1.724 1.727 1.728 1.731 1.731 1.731 1.74 1.741 1.741 1.751 1.755 1.756 1.764 1.764 1.77 1.77 1.778 1.778 1.779 1.784 1.787 1.787 1.796 1.806 1.814 1.814 1.819 1.822 1.829 1.834 1.834 1.834 1.791 1.77 1.745 1.733 1.718 1.699 1.68 1.659 1.641 1.614 1.613 1.613 1.597 1.57 1.565 1.544 1.533 1.513 1.493 1.486 1.475 1.46 1.437 1.434 1.411 1.397 1.386 1.376 1.355 1.349 1.34 1.321 1.3 1.294 1.271 1.266 1.258 1.246 1.234 1.234 1.217 1.207 1.2 1.183 1.179 1.164 1.162 1.145 1.14 1.133 1.133 1.127 1.123 1.12 1.116 1.111 1.103 1.091 1.083 1.08 1.073 1.069 1.067 1.055 1.054 1.053 1.053 1.053 1.058 1.06 1.067 1.078 1.079 1.096 1.102 1.103 1.116 1.122 1.123 1.137 1.144 1.164 1.167 1.174 1.195 1.21 1.219 1.23 1.237 1.248 1.26 1.266 1.28 1.287 1.306 1.312 1.336 1.352 1.365 1.379 1.403 1.413 1.436 1.446 1.468 1.479 1.5 1.525 1.535 1.556 1.583 1.608 1.621 1.653 1.677 1.711 1.748 1.753 1.753 1.753 1.753 1.745 1.745 1.745 1.757 1.757 1.757 1.753 1.748 1.74 1.739 1.735 1.732 1.726 1.724 1.724 1.714 1.714 1.713 1.715 1.711 1.711 1.707 1.705 1.701 1.699 1.697 1.694 1.687 1.683 1.68 1.68 1.68 1.68 1.68 1.675 1.672 1.672 1.672 1.672 1.671 1.668 1.668 1.661 1.66 1.66 1.658 1.658 1.658 1.656 1.657 1.655 1.654 1.654 1.654 1.652 1.652 1.652 1.656 1.656 1.66 1.662 1.66 1.66 1.66 1.661 1.659 1.661 1.66 1.66 1.657 1.657 1.646 1.642 1.646 1.646 1.645 1.645 1.651 1.651 1.651 1.653 1.658 1.662 1.662 1.662 1.655 1.655 1.655 1.658 1.661 1.661 1.658 1.645 1.586 1.535 1.491 1.44 1.397 1.358 1.309 1.277 1.248 1.208 1.175 1.159 1.115 1.093 1.07 1.035 1.035 1.035 1.036 1.037 1.037 1.038 1.04 1.048 1.048 1.051 1.053 1.053 1.053 1.053 1.053 1.064 1.076 1.103 1.103 1.108 1.108 1.108 1.108 1.12 1.12 1.123 1.126 1.128 1.13 1.132 1.136 1.14 1.144 1.158 1.159 1.159 1.159 1.16 1.165 1.174 1.176 1.182 1.194 1.195 1.199 1.201 1.204 1.216 1.216 1.218 1.223 1.228 1.239 1.239 1.247 1.247 1.257 1.265 1.266 1.267 1.278 1.289 1.298 1.301 1.309 1.316 1.316 1.32 1.338 1.35 1.354 1.365 1.37 1.379 1.383 1.392 1.404 1.414 1.419 1.432 1.467 1.468 1.478 1.515 1.531 1.548 1.548 1.553 1.576 1.579 1.602 1.608 
1 1 1 1 1 1 1 1 1 1 1 1 1 1 1 1 1 0 0 0 0 0 0 0 0 0 0 0 0 0 0 0 0 0 0 0 0 0 0 0 0 0 0 0 0 1 1 1 1 1 1 1 1 1 1 1 1 1 1 1 1 1 1 1 1 1 1 1 1 1 1 1 1 1 1 1 1 1 1 1 1 1 1 1 1 1 1 1 1 1 1 1 1 1 1 1 1 1 1 1 1 1 1 1 1 1 1 1 1 1 1 1 1 1 1 1 1 1 1 1 1 1 1 1 1 1 1 1 1 1 1 1 1 1 1 1 1 1 1 1 1 1 1 1 1 1 1 1 1 1 1 1 1 1 1 1 1 1 1 1 1 1 1 1 1 1 1 1 1 1 1 1 1 1 1 1 1 1 1 1 1 1 1 1 1 1 1 1 1 1 1 1 1 1 1 1 1 1 1 1 1 1 1 1 1 1 1 1 1 1 1 1 1 1 1 1 1 1 1 1 1 1 1 1 1 1 1 1 1 1 1 1 1 1 1 1 1 1 1 1 1 1 1 1 1 1 1 1 1 1 1 1 1 1 1 1 1 1 1 1 1 1 1 1 1 1 1 1 1 1 1 1 1 1 1 1 1 1 1 1 1 1 1 1 1 1 1 1 1 1 1 1 1 1 1 1 1 1 1 1 1 1 1 1 1 1 1 1 1 1 1 1 1 1 1 1 1 1 1 1 1 1 1 1 1 1 1 1 1 1 1 1 1 1 1 1 1 1 1 1 1 1 1 1 1 1 1 1 1 1 1 1 1 1 1 1 1 1 1 1 1 1 1 1 1 1 1 1 1 1 1 1 1 1 1 1 1 1 1 1 1 1 1 1 1 1 1 1 1 1 1 1 1 1 1 1 1 1 1 1 1 1 1 1 1 1 1 1 1 1 1 1 1 1 1 1 1 1 1 1 1 1 1 1 1 1 1 1 1 1 1 1 1 1 1 1 1 1 1 1 1 1 1 1 1 1 1 1 1 1 1 1 1 1 1 1 1 1 1 1 1 1 1 1 1 1 1 1 1 1 1 1 1 1 1 1 1 1 1 1 1 1 1 1 1 1 1 1 1 1 1 1 1 1 1 1 1 1 1 1 1 1 1 1 1 1 1 1 1 1 1 1 1 1 1 1 1 1 1 1 1 1 1 1 1 1 1 1 1 1 1 1 1 1 1 1 1 1 1 1 1 1 1 1 1 1 1 1 1 1 1 1 1 1 1 1 1 1 1 1 1 1 1 1 1 1 1 1 1 1 1 1 1 1 1 1 1 1 1 1 1 1 1 1 1 1 1 1 1 1 1 1 1 1 1 1 1 1 1 1 1 1 1 1 1 1 1 1 1 1 1 1 1 1 1 1 1 1 1 1 1 1 1 1 1 1 1 1 1 1 1 1 1 1 1 1 1 1 1 1 1 1 1 1 1 1 1 1 1 1 1 1 1 1 1 1 1 1 1 1 1 1 1 1 1 1 1 1 1 1 1 1 1 1 1 1 1 1 1 1 1 1 
