# This file contains a 2D laser scan observation. 
# Its format is: 
# [aperture] [max_range] [number_of_scans] 
# [vector_of_scans] 
# [vector_of_valid_scans] 
# The aperture of the sensor is in radians, the maximum range 
# and measurements are in meters. '1' means a valid scan, '0' otherwise.
4.1847
5.6
682
0.454 0.455 0.455 0.455 0.484 0.494 0.5 0.502 0.507 0.508 0.509 0.512 0.514 0.526 0.526 0.527 0.529 0.533 0.534 0.538 0.541 0.549 0.554 0.554 0.554 0.559 0.566 0.566 0.57 0.58 0.58 0.58 0.576 0.485 0.439 0.435 0.433 0.433 0.431 0.429 0.428 0.427 0.427 0.423 0.419 0.417 0.417 0.415 0.415 0.415 0.411 0.41 0.409 0.408 0.406 0.406 0.405 0.399 0.399 0.399 0.399 0.394 0.394 0.394 0.394 0.394 0.394 0.393 0.393 0.391 0.385 0.382 0.376 0.366 0.365 0.365 0.365 0.366 0.366 0.366 0.366 0.365 0.365 0.365 0.365 0.364 0.359 0.359 0.356 0.35 0.35 0.349 0.35 0.35 0.352 0.348 0.352 0.352 0.356 0.356 0.356 0.355 0.355 0.353 0.353 0.353 0.352 0.352 0.353 0.351 0.353 0.355 0.355 0.359 0.373 0.42 0.453 0.453 0.453 0.453 0.448 0.448 0.447 0.447 0.448 0.454 0.454 0.454 0.448 0.448 0.448 0.474 0.486 0.51 0.52 0.546 0.547 0.559 0.579 0.666 0.71 0.757 0.79 0.91 0.992 1.004 1.021 1.022 1.027 1.029 3.925 3.93 3.93 3.925 3.939 0 0 0 0 0 0 2.545 2.426 2.426 2.419 2.419 2.325 2.25 2.18 2.125 2.057 2.011 2.011 1.951 1.885 1.732 1.662 1.662 1.661 1.652 1.65 1.569 1.562 1.562 1.562 1.577 1.577 1.577 1.576 1.575 1.573 1.571 1.569 1.562 1.529 1.518 1.517 1.517 1.517 1.533 1.583 1.596 1.597 1.597 1.599 1.605 1.617 1.622 1.641 1.645 1.646 1.661 1.663 1.665 1.665 1.668 1.676 1.682 1.689 1.702 1.713 1.721 1.724 1.737 1.743 1.745 1.757 1.761 1.771 1.785 1.785 1.793 1.806 1.809 1.827 1.835 1.838 1.846 1.849 1.856 1.867 1.882 1.892 1.896 1.9 1.916 1.926 1.938 1.94 1.956 1.965 1.968 1.999 2.007 2.013 2.013 2.013 1.365 1.357 1.345 1.331 1.328 1.313 1.313 1.298 1.28 1.273 1.27 1.269 1.255 1.253 1.233 1.23 1.229 1.226 1.217 1.203 1.201 1.195 1.176 1.176 1.174 1.169 1.166 1.16 1.155 1.138 1.13 1.13 1.129 1.125 1.115 1.112 1.112 1.108 1.108 1.103 1.093 0.789 0.787 0.786 0.78 0.77 0.77 0.764 0.763 0.76 0.754 0.752 0.749 0.748 0.746 0.746 0.742 0.742 0.74 0.742 0.744 0.749 0.751 0.765 0.776 0.786 0.79 0.831 0.84 0.853 0.871 0.871 0.871 0.871 0.862 0.862 0.85 0.841 0.835 0.835 0.834 0.834 0.832 0.829 0.821 0.821 0.821 0.826 0.826 0.826 0.829 0.828 0.828 0.832 0.833 0.853 0.888 0.935 0.935 0.941 0.935 0.933 0.931 0.933 0.933 0.943 0.967 0.99 1.009 1.029 1.036 1.043 1.139 1.17 1.191 1.226 1.27 1.286 1.399 1.415 1.416 1.416 1.416 1.458 1.609 1.837 1.837 1.858 1.858 1.949 1.956 1.962 1.962 2.186 2.186 2.186 2.179 2.172 2.158 2.153 2.153 2.158 2.158 2.162 2.169 2.187 2.2 2.325 2.444 2.449 2.451 2.451 2.458 2.458 2.46 2.463 2.467 2.469 2.471 2.475 2.477 2.48 2.482 2.488 2.488 2.488 2.488 2.492 2.502 2.502 2.502 2.402 2.386 2.379 2.341 2.257 2.21 2.142 2.084 2.027 1.983 1.969 1.956 1.95 1.934 1.924 1.92 1.913 1.911 1.909 1.908 1.905 1.905 1.908 1.911 1.914 1.919 1.924 1.933 1.94 1.943 1.961 1.97 1.97 1.97 0.978 0.951 0.929 0.919 0.903 0.9 0.898 0.896 0.896 0.891 0.891 0.896 0.89 0.89 0.897 0.902 0.906 0.91 0.91 0.911 0.925 0.927 0.934 0.951 0.957 0.96 0.966 0.968 0.968 0.973 0.973 0.984 0.992 0.992 0.998 1.001 1.004 1.005 1.011 1.024 1.025 1.032 1.04 1.04 1.046 1.054 1.064 1.066 1.068 1.068 1.087 1.092 1.099 1.107 1.111 1.111 1.131 1.132 1.137 1.141 1.155 1.155 1.167 1.172 1.184 1.191 1.194 1.203 1.214 1.223 1.228 1.241 1.249 1.263 1.264 1.279 1.294 1.294 1.294 1.283 1.278 1.277 1.257 1.246 1.246 1.236 1.23 1.227 1.222 1.219 1.215 1.211 1.208 1.201 1.2 1.192 1.189 1.179 1.178 1.176 1.167 1.166 1.164 1.162 1.153 1.153 1.153 1.153 1.145 1.142 1.142 1.141 1.141 1.134 1.129 1.124 1.124 1.12 1.119 1.118 1.118 1.112 1.109 1.102 1.097 1.095 1.095 1.089 1.086 1.086 1.088 1.083 1.083 1.077 1.069 1.069 1.068 1.067 1.063 1.061 1.061 1.061 1.058 1.057 1.057 1.057 1.048 1.048 1.047 1.048 1.043 1.044 1.043 1.041 1.04 1.04 1.025 1.02 1.02 1.02 1.02 1.02 1.021 1.021 1.015 1.015 1.015 1.012 1.012 1.018 1.018 1.022 1.022 1.021 1.021 1.026 1.025 1.025 1.025 1.016 1.015 1.014 1.015 1.009 1.015 1.009 1.008 1.008 1.008 1.008 1.008 1.019 1.019 1.019 1.019 1.019 1.02 1.02 1.022 1.022 1.02 1.018 1.02 1.02 1.02 1.021 1.021 1.024 1.024 1.032 1.883 1.893 1.895 1.895 1.904 1.904 1.906 0.007 0 1.82 
1 1 1 1 1 1 1 1 1 1 1 1 1 1 1 1 1 1 1 1 1 1 1 1 1 1 1 1 1 1 1 1 1 1 1 1 1 1 1 1 1 1 1 1 1 1 1 1 1 1 1 1 1 1 1 1 1 1 1 1 1 1 1 1 1 1 1 1 1 1 1 1 1 1 1 1 1 1 1 1 1 1 1 1 1 1 1 1 1 1 1 1 1 1 1 1 1 1 1 1 1 1 1 1 1 1 1 1 1 1 1 1 1 1 1 1 1 1 1 1 1 1 1 1 1 1 1 1 1 1 1 1 1 1 1 1 1 1 1 1 1 1 1 1 1 1 1 1 1 1 1 1 1 1 1 0 0 0 0 0 0 1 1 1 1 1 1 1 1 1 1 1 1 1 1 1 1 1 1 1 1 1 1 1 1 1 1 1 1 1 1 1 1 1 1 1 1 1 1 1 1 1 1 1 1 1 1 1 1 1 1 1 1 1 1 1 1 1 1 1 1 1 1 1 1 1 1 1 1 1 1 1 1 1 1 1 1 1 1 1 1 1 1 1 1 1 1 1 1 1 1 1 1 1 1 1 1 1 1 1 1 1 1 1 1 1 1 1 1 1 1 1 1 1 1 1 1 1 1 1 1 1 1 1 1 1 1 1 1 1 1 1 1 1 1 1 1 1 1 1 1 1 1 1 1 1 1 1 1 1 1 1 1 1 1 1 1 1 1 1 1 1 1 1 1 1 1 1 1 1 1 1 1 1 1 1 1 1 1 1 1 1 1 1 1 1 1 1 1 1 1 1 1 1 1 1 1 1 1 1 1 1 1 1 1 1 1 1 1 1 1 1 1 1 1 1 1 1 1 1 1 1 1 1 1 1 1 1 1 1 1 1 1 1 1 1 1 1 1 1 1 1 1 1 1 1 1 1 1 1 1 1 1 1 1 1 1 1 1 1 1 1 1 1 1 1 1 1 1 1 1 1 1 1 1 1 1 1 1 1 1 1 1 1 1 1 1 1 1 1 1 1 1 1 1 1 1 1 1 1 1 1 1 1 1 1 1 1 1 1 1 1 1 1 1 1 1 1 1 1 1 1 1 1 1 1 1 1 1 1 1 1 1 1 1 1 1 1 1 1 1 1 1 1 1 1 1 1 1 1 1 1 1 1 1 1 1 1 1 1 1 1 1 1 1 1 1 1 1 1 1 1 1 1 1 1 1 1 1 1 1 1 1 1 1 1 1 1 1 1 1 1 1 1 1 1 1 1 1 1 1 1 1 1 1 1 1 1 1 1 1 1 1 1 1 1 1 1 1 1 1 1 1 1 1 1 1 1 1 1 1 1 1 1 1 1 1 1 1 1 1 1 1 1 1 1 1 1 1 1 1 1 1 1 1 1 1 1 1 1 1 1 1 1 1 1 1 1 1 1 1 1 1 1 1 1 1 1 1 1 1 1 1 1 1 1 1 1 1 1 1 1 1 1 1 1 1 1 1 1 1 1 1 1 1 1 1 1 1 1 1 1 1 1 1 1 1 1 1 0 0 1 
