# This file contains a 2D laser scan observation. 
# Its format is: 
# [aperture] [max_range] [number_of_scans] 
# [vector_of_scans] 
# [vector_of_valid_scans] 
# The aperture of the sensor is in radians, the maximum range 
# and measurements are in meters. '1' means a valid scan, '0' otherwise.
4.1847
5.6
682
0.377 0.379 0.381 0.379 0.378 0.378 0.377 0.376 0.376 0.377 0.377 0.376 0.375 0.374 0.374 0.375 0.382 0.384 0.385 0.387 0.388 0.391 0.393 0.391 0.393 0.393 0.393 0.394 0.395 0.395 0.396 0.396 0.403 0.431 0.431 0.431 0.384 0.373 0.36 0.359 0.358 0.358 0.358 0.358 0.357 0.358 0.358 0.358 0.362 0.362 0.364 0.367 0.364 0.362 0.367 0.367 0.366 0.366 0.366 0.366 0.366 0.367 0.368 0.368 0.368 0.368 0.37 0.37 0.368 0.37 0.371 0.371 0.373 0.373 0.377 0.378 0.378 0.38 0.381 0.381 0.381 0.382 0.382 0.389 0.389 0.389 0.389 0.387 0.386 0.385 0.385 0.386 0.398 0.412 0.413 0.415 0.415 0.418 0.418 0.418 0.423 0.423 0.423 0.424 0.425 0.425 0.428 0.428 0.428 0.438 0.438 0.435 0.435 0.442 0.439 0.443 0.451 0.448 0.448 0.45 0.452 0.452 0.452 0.455 0.459 0.461 0.461 0.463 0.469 0.472 0.473 0.475 0.476 0.479 0.481 0.482 0.484 0.494 0.496 0.496 0.496 0.497 0.499 0.508 0.508 0.514 0.517 0.526 0.529 0.528 0.534 0.536 0.543 0.543 0.549 0.551 0.553 0.557 0.56 0.563 0.572 0.573 0.574 0.579 0.59 0.595 0.597 0.597 0.602 0.604 0.621 0.626 0.626 0.631 0.633 0.644 0.644 0.646 0.661 0.667 0.67 0.686 0.686 0.693 0.694 0.7 0.719 0.729 0.729 0.725 0.729 0.731 0.731 0.744 0.755 0.767 0.769 0.784 0.794 0.807 0.81 0.821 2.063 2.114 2.166 2.166 2.222 2.271 2.319 2.392 2.451 2.519 2.588 2.654 2.751 2.886 2.967 3.109 3.111 3.396 3.558 3.607 3.611 3.611 3.607 3.603 3.602 3.599 3.599 3.599 3.599 3.598 3.598 3.597 3.597 3.595 3.595 3.595 3.589 3.588 3.587 3.587 3.586 3.585 3.585 3.568 2.762 2.762 2.521 2.292 2.174 2.064 2.064 2.064 2.064 2.064 1.262 1.261 1.257 1.245 1.217 1.141 1.141 1.141 1.15 1.158 1.158 1.159 1.159 1.156 1.153 1.153 1.152 1.144 1.14 1.135 1.128 1.09 1.087 1.086 1.085 1.083 1.083 1.085 1.087 1.111 1.139 1.142 1.154 1.156 1.157 1.158 1.159 1.159 1.164 1.164 1.169 1.178 1.18 1.187 1.187 1.192 1.193 1.196 1.203 1.207 1.208 1.208 1.212 1.212 1.217 1.217 1.22 1.22 1.227 1.234 1.241 1.25 1.256 1.257 1.258 1.271 1.278 1.284 1.285 1.288 1.288 1.288 1.292 1.292 1.295 1.299 1.305 1.308 1.331 1.334 1.354 1.355 1.361 1.367 1.37 1.372 1.379 1.38 1.383 1.391 1.394 1.397 1.409 1.424 1.426 1.431 1.438 1.45 1.451 1.461 1.466 1.471 1.474 1.495 1.509 1.52 1.535 1.537 1.55 1.55 1.55 0.887 0.882 0.87 0.866 0.862 0.859 0.857 0.847 0.844 0.834 0.833 0.828 0.825 0.82 0.814 0.809 0.802 0.8 0.798 0.794 0.789 0.784 0.784 0.783 0.774 0.769 0.765 0.756 0.756 0.756 0.751 0.751 0.746 0.745 0.737 0.734 0.733 0.73 0.724 0.724 0.724 0.721 0.716 0.715 0.71 0.707 0.707 0.704 0.701 0.696 0.694 0.694 0.694 0.685 0.685 0.686 0.685 0.682 0.678 0.671 0.669 0.669 0.663 0.663 0.663 0.663 0.663 0.663 0.662 0.661 0.654 0.654 0.652 0.651 0.648 0.643 0.648 0.646 0.643 0.646 0.646 0.646 0.638 0.638 0.637 0.637 0.635 0.633 0.631 0.631 0.621 0.417 0.374 0.373 0.37 0.368 0.367 0.364 0.364 0.361 0.358 0.358 0.358 0.356 0.357 0.356 0.354 0.348 0.346 0.344 0.342 0.342 0.342 0.342 0.342 0.342 0.342 0.347 0.347 0.342 0.342 0.341 0.341 0.342 0.35 0.35 0.354 0.354 0.35 0.342 0.342 0.342 0.346 0.346 0.346 0.343 0.343 0.343 0.352 0.353 0.353 0.353 0.377 0.495 0.5 0.501 0.501 0.501 0.501 0.5 0.494 0.493 0.493 0.487 0.487 0.487 0.484 0.484 0.48 0.482 0.484 0.491 0.491 0.491 0.491 0.488 0.488 0.488 0.488 0.489 0.489 0.491 0.491 0.494 0.495 0.496 0.505 0.506 0.509 0.521 0.624 2.224 2.224 2.226 2.226 2.229 2.239 2.24 2.243 2.249 2.249 2.256 2.262 2.262 2.268 2.281 2.284 2.286 2.297 2.3 2.3 2.3 2.258 2.175 2.151 2.138 2.132 2.104 2.078 2.051 2.031 2.011 1.974 1.953 1.946 1.911 1.887 1.874 1.865 1.844 1.829 1.825 1.805 1.802 1.789 1.788 1.778 1.778 1.777 1.783 1.783 1.786 1.787 1.789 1.789 1.801 1.81 1.818 1.819 1.83 1.846 1.849 1.871 2.109 2.196 2.196 2.196 2.174 2.165 2.147 2.127 2.114 2.096 2.085 2.068 2.056 2.045 2.024 2.014 2 1.991 1.976 1.961 1.951 1.951 1.951 1.952 1.96 1.971 1.989 2.009 2.027 2.882 2.882 2.882 2.86 2.842 2.842 2.841 2.841 2.841 2.834 2.834 2.829 0.95 0.944 0.943 0.943 0.928 0.922 0.921 0.912 0.911 0.91 0.904 0.903 0.897 0.897 0.888 0.893 0.897 0.893 0.893 0.898 0.906 0.918 0.931 0.932 0.936 0.969 0.987 0.992 1.014 1.024 1.034 
1 1 1 1 1 1 1 1 1 1 1 1 1 1 1 1 1 1 1 1 1 1 1 1 1 1 1 1 1 1 1 1 1 1 1 1 1 1 1 1 1 1 1 1 1 1 1 1 1 1 1 1 1 1 1 1 1 1 1 1 1 1 1 1 1 1 1 1 1 1 1 1 1 1 1 1 1 1 1 1 1 1 1 1 1 1 1 1 1 1 1 1 1 1 1 1 1 1 1 1 1 1 1 1 1 1 1 1 1 1 1 1 1 1 1 1 1 1 1 1 1 1 1 1 1 1 1 1 1 1 1 1 1 1 1 1 1 1 1 1 1 1 1 1 1 1 1 1 1 1 1 1 1 1 1 1 1 1 1 1 1 1 1 1 1 1 1 1 1 1 1 1 1 1 1 1 1 1 1 1 1 1 1 1 1 1 1 1 1 1 1 1 1 1 1 1 1 1 1 1 1 1 1 1 1 1 1 1 1 1 1 1 1 1 1 1 1 1 1 1 1 1 1 1 1 1 1 1 1 1 1 1 1 1 1 1 1 1 1 1 1 1 1 1 1 1 1 1 1 1 1 1 1 1 1 1 1 1 1 1 1 1 1 1 1 1 1 1 1 1 1 1 1 1 1 1 1 1 1 1 1 1 1 1 1 1 1 1 1 1 1 1 1 1 1 1 1 1 1 1 1 1 1 1 1 1 1 1 1 1 1 1 1 1 1 1 1 1 1 1 1 1 1 1 1 1 1 1 1 1 1 1 1 1 1 1 1 1 1 1 1 1 1 1 1 1 1 1 1 1 1 1 1 1 1 1 1 1 1 1 1 1 1 1 1 1 1 1 1 1 1 1 1 1 1 1 1 1 1 1 1 1 1 1 1 1 1 1 1 1 1 1 1 1 1 1 1 1 1 1 1 1 1 1 1 1 1 1 1 1 1 1 1 1 1 1 1 1 1 1 1 1 1 1 1 1 1 1 1 1 1 1 1 1 1 1 1 1 1 1 1 1 1 1 1 1 1 1 1 1 1 1 1 1 1 1 1 1 1 1 1 1 1 1 1 1 1 1 1 1 1 1 1 1 1 1 1 1 1 1 1 1 1 1 1 1 1 1 1 1 1 1 1 1 1 1 1 1 1 1 1 1 1 1 1 1 1 1 1 1 1 1 1 1 1 1 1 1 1 1 1 1 1 1 1 1 1 1 1 1 1 1 1 1 1 1 1 1 1 1 1 1 1 1 1 1 1 1 1 1 1 1 1 1 1 1 1 1 1 1 1 1 1 1 1 1 1 1 1 1 1 1 1 1 1 1 1 1 1 1 1 1 1 1 1 1 1 1 1 1 1 1 1 1 1 1 1 1 1 1 1 1 1 1 1 1 1 1 1 1 1 1 1 1 1 1 1 1 1 1 1 1 1 1 1 1 1 1 1 1 1 1 1 1 1 1 1 1 1 1 1 1 1 1 1 1 1 1 1 1 1 1 1 1 1 1 1 1 1 1 1 1 1 1 1 1 1 1 1 1 1 1 1 1 1 1 1 1 1 1 1 1 
