# This file contains a 2D laser scan observation. 
# Its format is: 
# [aperture] [max_range] [number_of_scans] 
# [vector_of_scans] 
# [vector_of_valid_scans] 
# The aperture of the sensor is in radians, the maximum range 
# and measurements are in meters. '1' means a valid scan, '0' otherwise.
4.1847
5.6
682
0.406 0.396 0.399 0.399 0.397 0.396 0.369 0.36 0.352 0.351 0.351 0.35 0.348 0.347 0.347 0.345 0.345 0.341 0.341 0.341 0.341 0.341 0.34 0.339 0.339 0.342 0.336 0.336 0.34 0.335 0.334 0.335 0.333 0.333 0.333 0.335 0.332 0.33 0.33 0.332 0.33 0.328 0.327 0.326 0.326 0.326 0.324 0.326 0.326 0.325 0.325 0.326 0.326 0.325 0.326 0.326 0.326 0.324 0.326 0.322 0.319 0.321 0.321 0.321 0.316 0.321 0.321 0.324 0.325 0.346 0.349 0.352 0.352 0.355 0.367 0.367 0.367 0.36 0.36 0.36 0.372 0.372 0.372 0.365 0.364 0.361 0.353 0.347 0.346 0.346 0.342 0.341 0.341 0.339 0.339 0.339 0.339 0.333 0.329 0.329 0.329 0.329 0.33 0.331 0.333 0.333 0.335 0.335 0.336 0.338 0.338 0.339 0.339 0.339 0.339 0.339 0.335 0.335 0.341 0.342 0.341 0.342 0.342 0.342 0.342 0.345 0.345 0.346 0.346 0.348 0.352 0.352 0.352 0.353 0.356 0.357 0.357 0.357 0.357 0.357 0.357 0.357 0.358 0.36 0.361 0.361 0.36 0.36 0.365 0.365 0.365 0.366 0.366 0.366 0.362 0.366 0.366 0.366 0.368 0.373 0.374 0.376 0.376 0.38 0.381 0.38 0.381 0.381 0.382 0.382 0.382 0.386 0.389 0.391 0.391 0.393 0.399 0.4 0.4 0.402 0.402 0.402 0.411 0.411 0.411 0.414 0.415 0.418 0.42 0.42 0.423 0.424 0.429 0.429 0.434 0.437 0.439 0.44 0.44 0.447 0.448 0.45 0.45 0.451 0.463 0.464 0.464 0.467 0.469 0.469 0.469 0.48 0.482 0.489 0.489 0.492 0.492 0.492 0.495 0.497 0.51 0.511 0.514 0.52 0.522 0.525 0.53 0.539 0.549 0.549 0.549 0.549 0.552 0.545 0.543 0.545 0.553 0.554 0.562 0.568 0.579 0.584 0.584 0.59 0.592 0.595 0.605 0.615 0.617 0.621 0.624 0.645 1.561 1.597 1.623 1.623 1.655 1.692 1.724 1.761 1.801 1.838 1.869 1.921 1.961 2.011 2.048 2.091 2.151 2.188 2.245 2.307 2.363 2.439 2.503 2.576 2.672 2.754 2.754 2.869 2.965 3.229 3.351 3.409 3.411 3.411 3.409 3.409 3.409 3.407 3.406 3.404 3.404 3.397 3.394 3.394 3.394 3.389 3.389 3.384 3.384 3.385 3.384 3.384 3.383 3.381 3.381 3.381 3.379 3.379 2.403 2.204 2.093 2.079 1.994 1.855 1.855 1.844 1.855 1.855 1.711 1.054 1.047 1.046 1.046 1.044 1.034 0.941 0.941 0.941 0.941 0.945 0.946 0.949 0.951 0.949 0.95 0.951 0.95 0.948 0.95 0.945 0.945 0.944 0.944 0.937 0.927 0.886 0.886 0.886 0.884 0.886 0.888 0.888 0.888 0.888 0.888 0.904 0.933 0.953 0.962 0.962 0.962 0.963 0.968 0.965 0.968 0.968 0.968 0.968 0.971 0.98 0.992 0.994 1.008 1.009 1.011 1.013 1.022 1.022 1.022 1.025 1.025 1.031 1.03 1.031 1.034 1.036 1.04 1.043 1.044 1.045 1.067 1.069 1.08 1.08 1.081 1.082 1.083 1.102 1.102 1.102 1.104 1.104 1.105 1.11 1.116 1.123 1.129 1.136 1.139 1.144 1.155 1.171 1.183 1.185 1.188 1.195 1.195 1.195 1.2 1.212 1.216 1.217 1.23 1.233 1.24 1.247 1.259 1.268 1.268 1.276 1.281 1.293 1.301 1.309 1.314 1.326 1.329 1.344 1.37 1.377 1.377 1.394 1.404 1.416 1.421 1.435 1.442 1.443 1.443 1.458 1.47 1.482 1.493 1.503 1.516 1.516 1.516 0.756 0.751 0.746 0.742 0.741 0.74 0.739 0.739 0.735 0.729 0.722 0.721 0.721 0.718 0.711 0.711 0.705 0.705 0.705 0.705 0.698 0.692 0.691 0.69 0.687 0.684 0.684 0.682 0.679 0.677 0.677 0.677 0.677 0.677 0.677 0.67 0.668 0.668 0.662 0.663 0.66 0.657 0.658 0.651 0.651 0.651 0.651 0.648 0.647 0.64 0.639 0.64 0.639 0.637 0.637 0.634 0.633 0.631 0.629 0.629 0.629 0.627 0.629 0.626 0.626 0.627 0.627 0.626 0.625 0.624 0.623 0.62 0.623 0.619 0.619 0.618 0.618 0.618 0.618 0.618 0.618 0.613 0.613 0.603 0.611 0.611 0.616 0.614 0.616 0.616 0.614 0.612 0.612 0.612 0.614 0.618 0.621 0.626 0.629 0.631 0.637 0.637 0.642 0.643 0.643 0.643 0.643 0.643 0.643 0.642 0.64 0.639 0.639 0.637 0.627 0.627 0.625 0.625 0.619 0.613 0.613 0.612 0.613 0.613 0.613 0.613 0.613 0.613 0.614 0.614 0.606 0.614 0.618 0.633 0.633 0.633 0.632 0.611 0.601 0.577 0.556 0.524 0.52 0.495 0.428 0.419 0.414 0.406 0.387 0.386 0.383 0.379 0.369 0.369 0.368 0.362 0.362 0.367 0.367 0.367 0.368 0.368 0.368 0.372 0.374 0.377 0.377 0.377 0.38 0.38 0.376 0.372 0.371 0.371 0.371 0.371 0.371 0.375 0.377 0.377 0.378 0.379 0.38 0.381 0.381 0.385 0.383 0.384 0.387 0.387 0.391 0.393 0.399 0.403 0.405 0.424 0.544 0.559 0.559 0.558 0.559 0.563 0.573 0.578 1.93 1.93 1.93 1.921 1.919 1.913 1.911 1.908 1.908 1.911 1.911 1.917 1.922 1.925 1.938 1.952 1.955 1.961 1.972 
1 1 1 1 1 1 1 1 1 1 1 1 1 1 1 1 1 1 1 1 1 1 1 1 1 1 1 1 1 1 1 1 1 1 1 1 1 1 1 1 1 1 1 1 1 1 1 1 1 1 1 1 1 1 1 1 1 1 1 1 1 1 1 1 1 1 1 1 1 1 1 1 1 1 1 1 1 1 1 1 1 1 1 1 1 1 1 1 1 1 1 1 1 1 1 1 1 1 1 1 1 1 1 1 1 1 1 1 1 1 1 1 1 1 1 1 1 1 1 1 1 1 1 1 1 1 1 1 1 1 1 1 1 1 1 1 1 1 1 1 1 1 1 1 1 1 1 1 1 1 1 1 1 1 1 1 1 1 1 1 1 1 1 1 1 1 1 1 1 1 1 1 1 1 1 1 1 1 1 1 1 1 1 1 1 1 1 1 1 1 1 1 1 1 1 1 1 1 1 1 1 1 1 1 1 1 1 1 1 1 1 1 1 1 1 1 1 1 1 1 1 1 1 1 1 1 1 1 1 1 1 1 1 1 1 1 1 1 1 1 1 1 1 1 1 1 1 1 1 1 1 1 1 1 1 1 1 1 1 1 1 1 1 1 1 1 1 1 1 1 1 1 1 1 1 1 1 1 1 1 1 1 1 1 1 1 1 1 1 1 1 1 1 1 1 1 1 1 1 1 1 1 1 1 1 1 1 1 1 1 1 1 1 1 1 1 1 1 1 1 1 1 1 1 1 1 1 1 1 1 1 1 1 1 1 1 1 1 1 1 1 1 1 1 1 1 1 1 1 1 1 1 1 1 1 1 1 1 1 1 1 1 1 1 1 1 1 1 1 1 1 1 1 1 1 1 1 1 1 1 1 1 1 1 1 1 1 1 1 1 1 1 1 1 1 1 1 1 1 1 1 1 1 1 1 1 1 1 1 1 1 1 1 1 1 1 1 1 1 1 1 1 1 1 1 1 1 1 1 1 1 1 1 1 1 1 1 1 1 1 1 1 1 1 1 1 1 1 1 1 1 1 1 1 1 1 1 1 1 1 1 1 1 1 1 1 1 1 1 1 1 1 1 1 1 1 1 1 1 1 1 1 1 1 1 1 1 1 1 1 1 1 1 1 1 1 1 1 1 1 1 1 1 1 1 1 1 1 1 1 1 1 1 1 1 1 1 1 1 1 1 1 1 1 1 1 1 1 1 1 1 1 1 1 1 1 1 1 1 1 1 1 1 1 1 1 1 1 1 1 1 1 1 1 1 1 1 1 1 1 1 1 1 1 1 1 1 1 1 1 1 1 1 1 1 1 1 1 1 1 1 1 1 1 1 1 1 1 1 1 1 1 1 1 1 1 1 1 1 1 1 1 1 1 1 1 1 1 1 1 1 1 1 1 1 1 1 1 1 1 1 1 1 1 1 1 1 1 1 1 1 1 1 1 1 1 1 1 1 1 1 1 1 1 1 1 1 1 1 1 1 1 1 1 1 1 1 1 1 1 1 1 1 1 1 1 1 1 1 1 1 1 1 1 1 1 1 1 1 1 1 1 
