# This file contains a 2D laser scan observation. 
# Its format is: 
# [aperture] [max_range] [number_of_scans] 
# [vector_of_scans] 
# [vector_of_valid_scans] 
# The aperture of the sensor is in radians, the maximum range 
# and measurements are in meters. '1' means a valid scan, '0' otherwise.
4.1847
5.6
682
0.361 0.361 0.355 0.354 0.354 0.354 0.354 0.347 0.347 0.346 0.343 0.343 0.34 0.338 0.337 0.337 0.337 0.337 0.334 0.334 0.334 0.334 0.333 0.333 0.333 0.333 0.335 0.335 0.33 0.328 0.327 0.327 0.327 0.326 0.326 0.322 0.32 0.322 0.321 0.316 0.312 0.317 0.312 0.312 0.314 0.314 0.312 0.314 0.314 0.321 0.324 0.329 0.329 0.327 0.326 0.326 0.324 0.321 0.319 0.319 0.319 0.319 0.319 0.324 0.324 0.324 0.324 0.324 0.321 0.317 0.317 0.317 0.321 0.321 0.327 0.328 0.328 0.329 0.33 0.335 0.337 0.338 0.34 0.349 0.351 0.352 0.357 0.359 0.359 0.358 0.359 0.36 0.358 0.352 0.349 0.345 0.339 0.336 0.331 0.331 0.325 0.331 0.331 0.324 0.321 0.319 0.313 0.319 0.315 0.315 0.315 0.315 0.315 0.319 0.319 0.319 0.32 0.32 0.32 0.32 0.316 0.316 0.316 0.316 0.323 0.325 0.325 0.325 0.326 0.326 0.327 0.329 0.33 0.329 0.33 0.331 0.33 0.334 0.334 0.335 0.335 0.336 0.336 0.337 0.337 0.335 0.335 0.335 0.33 0.334 0.335 0.334 0.334 0.334 0.334 0.334 0.334 0.334 0.334 0.335 0.338 0.343 0.343 0.343 0.348 0.348 0.346 0.348 0.349 0.354 0.349 0.354 0.36 0.364 0.365 0.367 0.371 0.371 0.371 0.371 0.368 0.368 0.374 0.374 0.374 0.375 0.375 0.376 0.382 0.384 0.384 0.391 0.391 0.391 0.391 0.396 0.397 0.399 0.399 0.402 0.406 0.406 0.406 0.409 0.411 0.414 0.414 0.424 0.425 0.425 0.428 0.429 0.434 0.437 0.439 0.439 0.439 0.44 0.442 0.442 0.448 0.451 0.456 0.459 0.459 0.461 0.464 0.476 0.476 0.479 0.485 0.487 0.488 0.491 0.491 0.495 0.498 0.495 0.489 0.495 0.495 0.495 0.502 0.503 0.512 0.514 0.515 0.524 0.53 0.534 0.539 0.547 0.548 0.557 0.559 0.561 0.563 0.582 0.602 1.412 1.439 1.473 1.486 1.524 1.543 1.577 1.608 1.635 1.676 1.699 1.746 1.774 1.82 1.869 1.916 1.949 1.995 2.04 2.089 2.135 2.19 2.234 2.274 2.363 2.419 2.486 2.56 2.654 2.729 2.828 2.882 2.98 3.187 3.347 3.347 3.347 3.346 3.344 3.34 3.344 3.344 3.344 3.34 3.342 3.336 3.334 3.333 3.334 3.333 3.333 3.331 3.323 3.323 3.323 3.32 3.32 3.323 3.323 3.326 3.326 3.328 0.007 2.319 2.02 1.954 1.935 1.834 1.787 1.787 1.783 1.783 1.787 1.626 1.503 0.992 0.988 0.988 0.983 0.982 0.977 0.893 0.883 0.883 0.882 0.883 0.887 0.892 0.892 0.898 0.893 0.897 0.897 0.897 0.897 0.897 0.891 0.895 0.888 0.888 0.888 0.878 0.853 0.845 0.838 0.838 0.835 0.834 0.834 0.832 0.832 0.832 0.839 0.84 0.886 0.891 0.904 0.906 0.907 0.907 0.909 0.909 0.911 0.909 0.909 0.913 0.918 0.925 0.926 0.929 0.939 0.945 0.945 0.95 0.958 0.962 0.962 0.962 0.962 0.964 0.964 0.966 0.975 0.984 0.986 0.986 0.988 0.989 0.998 1.004 1.016 1.018 1.02 1.021 1.03 1.036 1.039 1.047 1.049 1.05 1.05 1.059 1.059 1.059 1.072 1.074 1.082 1.087 1.09 1.096 1.115 1.125 1.132 1.14 1.14 1.146 1.149 1.151 1.158 1.161 1.172 1.179 1.182 1.196 1.203 1.209 1.224 1.225 1.226 1.236 1.24 1.248 1.254 1.269 1.274 1.275 1.277 1.308 1.321 1.332 1.345 1.354 1.358 1.371 1.376 1.398 1.399 1.406 1.414 1.422 1.433 1.444 1.466 1.475 1.488 1.492 1.508 1.521 1.545 1.547 1.552 1.552 1.552 0.726 0.726 0.724 0.724 0.715 0.713 0.708 0.7 0.699 0.7 0.699 0.693 0.693 0.684 0.684 0.681 0.681 0.681 0.676 0.675 0.675 0.675 0.675 0.669 0.665 0.662 0.662 0.662 0.662 0.662 0.662 0.659 0.659 0.65 0.65 0.647 0.647 0.647 0.646 0.634 0.633 0.632 0.632 0.632 0.631 0.631 0.631 0.629 0.628 0.629 0.629 0.627 0.627 0.628 0.628 0.627 0.626 0.627 0.621 0.621 0.621 0.618 0.618 0.617 0.617 0.615 0.615 0.615 0.613 0.612 0.613 0.613 0.613 0.613 0.614 0.617 0.617 0.618 0.618 0.618 0.618 0.618 0.619 0.62 0.625 0.626 0.627 0.631 0.631 0.638 0.642 0.642 0.642 0.642 0.646 0.645 0.645 0.645 0.644 0.641 0.641 0.637 0.635 0.629 0.628 0.624 0.62 0.624 0.62 0.62 0.62 0.615 0.613 0.613 0.613 0.612 0.612 0.612 0.613 0.613 0.613 0.613 0.611 0.611 0.619 0.622 0.622 0.622 0.619 0.618 0.618 0.618 0.62 0.622 0.628 0.63 0.631 0.657 0.657 0.657 0.644 0.606 0.602 0.598 0.588 0.577 0.566 0.552 0.542 0.527 0.509 0.508 0.486 0.458 0.458 0.445 0.433 0.429 0.428 0.416 0.411 0.405 0.403 0.398 0.396 0.394 0.393 0.393 0.394 0.4 0.402 0.407 0.402 0.408 0.409 0.409 0.403 0.409 0.408 0.403 0.403 0.402 0.402 0.4 0.4 0.4 0.402 0.408 0.408 0.41 0.41 0.415 0.409 0.416 0.416 0.417 0.422 0.423 0.429 0.432 
1 1 1 1 1 1 1 1 1 1 1 1 1 1 1 1 1 1 1 1 1 1 1 1 1 1 1 1 1 1 1 1 1 1 1 1 1 1 1 1 1 1 1 1 1 1 1 1 1 1 1 1 1 1 1 1 1 1 1 1 1 1 1 1 1 1 1 1 1 1 1 1 1 1 1 1 1 1 1 1 1 1 1 1 1 1 1 1 1 1 1 1 1 1 1 1 1 1 1 1 1 1 1 1 1 1 1 1 1 1 1 1 1 1 1 1 1 1 1 1 1 1 1 1 1 1 1 1 1 1 1 1 1 1 1 1 1 1 1 1 1 1 1 1 1 1 1 1 1 1 1 1 1 1 1 1 1 1 1 1 1 1 1 1 1 1 1 1 1 1 1 1 1 1 1 1 1 1 1 1 1 1 1 1 1 1 1 1 1 1 1 1 1 1 1 1 1 1 1 1 1 1 1 1 1 1 1 1 1 1 1 1 1 1 1 1 1 1 1 1 1 1 1 1 1 1 1 1 1 1 1 1 1 1 1 1 1 1 1 1 1 1 1 1 1 1 1 1 1 1 1 1 1 1 1 1 1 1 1 1 1 1 1 1 1 1 1 1 1 1 1 1 1 1 1 1 1 1 1 1 1 1 1 1 1 1 1 1 1 1 1 1 1 1 1 1 1 1 1 1 1 1 1 1 1 1 1 1 1 1 1 1 1 1 1 1 1 1 1 1 1 0 1 1 1 1 1 1 1 1 1 1 1 1 1 1 1 1 1 1 1 1 1 1 1 1 1 1 1 1 1 1 1 1 1 1 1 1 1 1 1 1 1 1 1 1 1 1 1 1 1 1 1 1 1 1 1 1 1 1 1 1 1 1 1 1 1 1 1 1 1 1 1 1 1 1 1 1 1 1 1 1 1 1 1 1 1 1 1 1 1 1 1 1 1 1 1 1 1 1 1 1 1 1 1 1 1 1 1 1 1 1 1 1 1 1 1 1 1 1 1 1 1 1 1 1 1 1 1 1 1 1 1 1 1 1 1 1 1 1 1 1 1 1 1 1 1 1 1 1 1 1 1 1 1 1 1 1 1 1 1 1 1 1 1 1 1 1 1 1 1 1 1 1 1 1 1 1 1 1 1 1 1 1 1 1 1 1 1 1 1 1 1 1 1 1 1 1 1 1 1 1 1 1 1 1 1 1 1 1 1 1 1 1 1 1 1 1 1 1 1 1 1 1 1 1 1 1 1 1 1 1 1 1 1 1 1 1 1 1 1 1 1 1 1 1 1 1 1 1 1 1 1 1 1 1 1 1 1 1 1 1 1 1 1 1 1 1 1 1 1 1 1 1 1 1 1 1 1 1 1 1 1 1 1 1 1 1 1 1 1 1 1 1 1 1 1 1 1 1 1 1 1 1 1 1 1 1 1 1 1 1 1 1 1 1 1 1 1 1 1 1 1 1 1 1 1 1 1 1 1 1 1 1 1 1 1 1 1 1 1 1 1 1 1 1 1 1 1 1 1 1 1 1 1 1 1 1 1 1 1 1 
