# This file contains a 2D laser scan observation. 
# Its format is: 
# [aperture] [max_range] [number_of_scans] 
# [vector_of_scans] 
# [vector_of_valid_scans] 
# The aperture of the sensor is in radians, the maximum range 
# and measurements are in meters. '1' means a valid scan, '0' otherwise.
4.1847
5.6
682
0.335 0.334 0.334 0.333 0.333 0.33 0.33 0.33 0.33 0.319 0.319 0.325 0.325 0.32 0.321 0.32 0.319 0.32 0.314 0.314 0.314 0.314 0.308 0.308 0.308 0.306 0.307 0.306 0.305 0.302 0.299 0.299 0.298 0.297 0.298 0.298 0.298 0.297 0.296 0.295 0.294 0.294 0.294 0.294 0.294 0.293 0.286 0.286 0.284 0.284 0.285 0.285 0.285 0.289 0.285 0.289 0.289 0.281 0.281 0.281 0.278 0.278 0.281 0.281 0.281 0.281 0.277 0.277 0.278 0.278 0.279 0.279 0.281 0.281 0.277 0.277 0.277 0.275 0.277 0.279 0.279 0.279 0.279 0.279 0.279 0.277 0.276 0.276 0.276 0.276 0.278 0.289 0.29 0.29 0.296 0.297 0.306 0.311 0.322 0.324 0.325 0.324 0.322 0.317 0.312 0.301 0.301 0.297 0.295 0.287 0.285 0.283 0.282 0.28 0.279 0.279 0.279 0.279 0.279 0.279 0.279 0.277 0.277 0.279 0.279 0.274 0.274 0.272 0.269 0.268 0.26 0.26 0.258 0.258 0.262 0.262 0.262 0.272 0.272 0.259 0.272 0.268 0.261 0.268 0.271 0.271 0.272 0.275 0.275 0.275 0.275 0.275 0.272 0.275 0.277 0.277 0.275 0.275 0.275 0.275 0.275 0.28 0.28 0.282 0.282 0.282 0.282 0.282 0.282 0.282 0.282 0.285 0.285 0.286 0.289 0.297 0.297 0.296 0.292 0.292 0.292 0.294 0.294 0.294 0.3 0.3 0.3 0.304 0.304 0.302 0.304 0.304 0.304 0.308 0.311 0.311 0.313 0.328 0.38 0.709 0.717 0.721 0.727 0.735 0.741 0.747 0.747 0.747 0.764 0.768 0.773 0.775 0.778 0.791 0.794 0.796 0.797 0.814 0.82 0.823 0.828 0.837 0.842 0.848 0.852 0.854 0.865 0.872 0.88 0.885 0.89 0.91 0.912 0.923 0.937 0.939 0.952 0.959 0.965 0.976 0.983 1.001 1.005 1.012 1.04 1.051 1.058 1.069 1.082 1.089 1.107 1.126 1.129 1.155 1.169 1.181 1.198 1.207 1.235 1.235 1.249 1.274 1.279 1.308 1.314 1.341 1.365 1.389 1.421 1.44 1.47 1.492 1.523 1.546 1.579 1.612 1.643 1.676 1.708 1.735 1.775 1.814 1.842 1.878 1.92 1.958 1.999 2.045 2.086 2.153 2.187 2.246 2.304 2.383 2.451 2.52 2.651 2.778 2.893 2.893 2.988 3.01 3.01 3.019 3.017 3.01 3.013 3.013 3.007 3.006 3.003 3.003 3.003 2.999 2.996 2.995 2.995 2.987 2.987 2.987 2.985 2.985 2.987 2.988 2.988 2.988 2.988 2.99 2.979 2.973 2.973 2.284 1.926 1.697 1.657 1.595 1.577 1.436 1.436 1.436 1.432 1.432 1.428 1.287 1.199 1.13 1.056 0.739 0.669 0.665 0.665 0.665 0.665 0.665 0.665 0.661 0.657 0.654 0.603 0.577 0.569 0.569 0.569 0.569 0.565 0.565 0.565 0.574 0.576 0.577 0.578 0.583 0.583 0.583 0.587 0.583 0.583 0.583 0.583 0.583 0.583 0.569 0.573 0.573 0.574 0.573 0.573 0.573 0.569 0.569 0.56 0.557 0.537 0.533 0.531 0.531 0.529 0.531 0.526 0.533 0.527 0.527 0.527 0.527 0.527 0.531 0.531 0.534 0.535 0.535 0.543 0.581 0.604 0.605 0.608 0.608 0.612 0.612 0.612 0.612 0.614 0.62 0.62 0.624 0.624 0.626 0.629 0.629 0.629 0.635 0.636 0.656 0.657 0.659 0.659 0.661 0.67 0.67 0.672 0.675 0.68 0.686 0.693 0.694 0.695 0.696 0.698 0.704 0.704 0.704 0.709 0.716 0.719 0.726 0.731 0.734 0.745 0.745 0.75 0.768 0.769 0.772 0.78 0.781 0.782 0.79 0.792 0.794 0.801 0.801 0.803 0.816 0.819 0.826 0.829 0.833 0.843 0.877 0.886 0.892 0.892 0.894 0.906 0.909 0.911 0.922 0.922 0.926 0.938 0.955 0.969 0.969 0.979 0.989 0.999 1.008 1.011 1.03 1.045 1.051 1.056 1.079 1.103 1.127 1.128 1.152 1.165 1.177 1.184 1.187 1.206 1.208 1.235 1.24 1.258 1.277 1.296 1.303 1.304 1.331 1.366 1.376 1.389 1.4 1.428 1.447 1.462 1.5 1.516 1.543 1.592 1.622 1.628 1.653 1.669 1.69 1.694 1.709 2.206 2.206 2.206 2.205 2.2 2.198 2.191 2.187 2.183 2.183 2.187 0 0 0 2.169 2.163 2.162 2.158 2.154 2.154 2.152 2.142 2.142 2.141 2.142 2.142 2.149 0.007 0.015 1.814 0.608 0.605 0.603 0.603 0.603 0.603 0.611 0.618 0.612 0.618 0.619 0.621 0.621 0.623 0.625 0.625 0.637 0.64 0.641 0.642 0.642 0.641 0.63 0.628 0.628 0.62 0.617 0.613 0.618 0.613 0.611 0.611 0.611 0.606 0.606 0.606 0.6 0.599 0.6 0.6 0.6 0.6 0.601 0.603 0.6 0.603 0.603 0.603 0.605 0.61 0.61 0.61 0.611 0.61 0.61 0.612 0.61 0.61 0.61 0.612 0.612 0.613 0.615 0.615 0.615 0.618 0.618 0.618 0.623 0.623 0.626 0.626 0.626 0.627 0.627 0.627 0.627 0.634 0.634 0.638 0.64 0.639 0.641 0.646 0.646 0.648 0.648 0.648 0.648 0.652 0.657 0.662 0.666 0.666 0.666 0.67 0.67 0.67 0.672 0.672 0.672 0.674 0.678 0.687 0.687 0.689 0.689 0.689 0.689 0.692 0.701 0.71 0.71 0.71 
1 1 1 1 1 1 1 1 1 1 1 1 1 1 1 1 1 1 1 1 1 1 1 1 1 1 1 1 1 1 1 1 1 1 1 1 1 1 1 1 1 1 1 1 1 1 1 1 1 1 1 1 1 1 1 1 1 1 1 1 1 1 1 1 1 1 1 1 1 1 1 1 1 1 1 1 1 1 1 1 1 1 1 1 1 1 1 1 1 1 1 1 1 1 1 1 1 1 1 1 1 1 1 1 1 1 1 1 1 1 1 1 1 1 1 1 1 1 1 1 1 1 1 1 1 1 1 1 1 1 1 1 1 1 1 1 1 1 1 1 1 1 1 1 1 1 1 1 1 1 1 1 1 1 1 1 1 1 1 1 1 1 1 1 1 1 1 1 1 1 1 1 1 1 1 1 1 1 1 1 1 1 1 1 1 1 1 1 1 1 1 1 1 1 1 1 1 1 1 1 1 1 1 1 1 1 1 1 1 1 1 1 1 1 1 1 1 1 1 1 1 1 1 1 1 1 1 1 1 1 1 1 1 1 1 1 1 1 1 1 1 1 1 1 1 1 1 1 1 1 1 1 1 1 1 1 1 1 1 1 1 1 1 1 1 1 1 1 1 1 1 1 1 1 1 1 1 1 1 1 1 1 1 1 1 1 1 1 1 1 1 1 1 1 1 1 1 1 1 1 1 1 1 1 1 1 1 1 1 1 1 1 1 1 1 1 1 1 1 1 1 1 1 1 1 1 1 1 1 1 1 1 1 1 1 1 1 1 1 1 1 1 1 1 1 1 1 1 1 1 1 1 1 1 1 1 1 1 1 1 1 1 1 1 1 1 1 1 1 1 1 1 1 1 1 1 1 1 1 1 1 1 1 1 1 1 1 1 1 1 1 1 1 1 1 1 1 1 1 1 1 1 1 1 1 1 1 1 1 1 1 1 1 1 1 1 1 1 1 1 1 1 1 1 1 1 1 1 1 1 1 1 1 1 1 1 1 1 1 1 1 1 1 1 1 1 1 1 1 1 1 1 1 1 1 1 1 1 1 1 1 1 1 1 1 1 1 1 1 1 1 1 1 1 1 1 1 1 1 1 1 1 1 1 1 1 1 1 1 1 1 1 1 1 1 1 1 1 1 1 1 1 1 1 1 1 1 1 1 1 1 1 1 1 1 1 1 1 1 1 1 1 1 1 1 1 1 1 1 1 1 1 1 1 1 1 1 1 1 1 1 1 1 1 1 1 1 1 1 0 0 0 1 1 1 1 1 1 1 1 1 1 1 1 1 0 0 1 1 1 1 1 1 1 1 1 1 1 1 1 1 1 1 1 1 1 1 1 1 1 1 1 1 1 1 1 1 1 1 1 1 1 1 1 1 1 1 1 1 1 1 1 1 1 1 1 1 1 1 1 1 1 1 1 1 1 1 1 1 1 1 1 1 1 1 1 1 1 1 1 1 1 1 1 1 1 1 1 1 1 1 1 1 1 1 1 1 1 1 1 1 1 1 1 1 1 1 1 1 1 1 1 1 1 1 1 1 1 1 1 1 1 
