# This file contains a 2D laser scan observation. 
# Its format is: 
# [aperture] [max_range] [number_of_scans] 
# [vector_of_scans] 
# [vector_of_valid_scans] 
# The aperture of the sensor is in radians, the maximum range 
# and measurements are in meters. '1' means a valid scan, '0' otherwise.
4.1847
5.6
682
0.314 0.314 0.311 0.31 0.308 0.308 0.305 0.307 0.307 0.305 0.304 0.302 0.302 0.299 0.298 0.295 0.295 0.294 0.292 0.289 0.289 0.289 0.289 0.289 0.289 0.278 0.276 0.272 0.272 0.272 0.272 0.269 0.269 0.264 0.265 0.264 0.261 0.261 0.262 0.262 0.264 0.264 0.262 0.261 0.26 0.259 0.26 0.26 0.263 0.263 0.263 0.26 0.25 0.246 0.246 0.249 0.25 0.249 0.249 0.249 0.249 0.249 0.249 0.251 0.251 0.251 0.25 0.248 0.247 0.247 0.247 0.247 0.247 0.245 0.248 0.245 0.245 0.245 0.246 0.244 0.246 0.244 0.247 0.244 0.244 0.243 0.243 0.243 0.243 0.243 0.246 0.245 0.245 0.249 0.255 0.256 0.259 0.258 0.259 0.268 0.268 0.267 0.268 0.269 0.269 0.271 0.274 0.274 0.279 0.498 0.551 0.553 0.555 0.557 0.557 0.557 0.557 0.556 0.556 0.556 0.56 0.56 0.561 0.561 0.565 0.565 0.566 0.566 0.566 0.57 0.566 0.57 0.57 0.569 0.569 0.576 0.577 0.579 0.581 0.584 0.584 0.585 0.587 0.587 0.587 0.591 0.592 0.592 0.592 0.601 0.6 0.601 0.606 0.601 0.604 0.604 0.604 0.604 0.608 0.613 0.615 0.619 0.621 0.628 0.629 0.628 0.629 0.632 0.635 0.636 0.644 0.644 0.645 0.645 0.648 0.648 0.651 0.651 0.658 0.667 0.667 0.668 0.668 0.672 0.68 0.682 0.685 0.688 0.688 0.695 0.696 0.7 0.704 0.705 0.711 0.712 0.717 0.72 0.723 0.73 0.73 0.741 0.745 0.747 0.75 0.754 0.761 0.763 0.765 0.778 0.781 0.786 0.798 0.798 0.801 0.804 0.811 0.819 0.823 0.825 0.834 0.841 0.851 0.855 0.86 0.875 0.879 0.879 0.88 0.902 0.907 0.914 0.919 0.937 0.943 0.946 0.952 0.967 0.97 0.982 0.987 1.007 1.011 1.021 1.025 1.043 1.055 1.07 1.073 1.098 1.102 1.113 1.134 1.148 1.161 1.174 1.184 1.203 1.216 1.236 1.256 1.266 1.286 1.298 1.305 1.342 1.361 1.388 1.41 1.434 1.456 1.481 1.503 1.541 1.555 1.585 1.617 1.644 1.685 1.707 1.741 1.765 1.8 1.846 1.886 1.918 1.965 2.008 2.046 2.098 2.153 2.203 2.252 2.329 2.355 2.385 2.55 2.623 2.701 2.805 2.846 2.849 2.849 2.849 2.849 2.847 2.84 2.84 2.837 2.836 2.837 2.837 2.83 2.83 2.83 2.829 2.829 2.826 2.826 2.826 2.819 2.819 2.819 2.819 2.819 2.819 2.817 2.817 2.81 2.807 2.807 2.807 2.121 1.739 1.506 1.499 1.427 1.408 1.331 1.256 1.256 1.256 1.261 1.261 1.261 1.143 1.061 1.006 0.955 0.955 0.905 0.844 0.503 0.5 0.497 0.499 0.499 0.499 0.499 0.5 0.5 0.501 0.5 0.498 0.498 0.498 0.487 0.473 0.401 0.401 0.4 0.4 0.399 0.399 0.399 0.398 0.395 0.395 0.391 0.391 0.399 0.403 0.407 0.41 0.414 0.41 0.414 0.414 0.414 0.416 0.416 0.415 0.415 0.416 0.416 0.417 0.417 0.417 0.416 0.413 0.412 0.41 0.41 0.411 0.412 0.418 0.42 0.42 0.419 0.418 0.415 0.413 0.411 0.406 0.398 0.396 0.396 0.391 0.383 0.374 0.369 0.369 0.366 0.365 0.365 0.364 0.366 0.368 0.369 0.372 0.372 0.372 0.372 0.372 0.368 0.368 0.368 0.368 0.368 0.369 0.375 0.375 0.375 0.383 0.399 0.457 0.458 0.46 0.464 0.47 0.47 0.471 0.474 0.476 0.476 0.481 0.487 0.49 0.49 0.494 0.496 0.498 0.498 0.512 0.515 0.52 0.527 0.529 0.53 0.546 0.549 0.549 0.552 0.552 0.559 0.562 0.569 0.571 0.574 0.574 0.577 0.588 0.589 0.593 0.593 0.6 0.62 0.63 0.631 0.641 0.649 0.656 0.664 0.669 0.676 0.68 0.684 0.687 0.69 0.693 0.706 0.714 0.714 0.718 0.73 0.744 0.768 0.78 0.789 0.797 0.802 0.808 0.825 0.831 0.838 0.843 0.856 0.874 0.887 0.891 0.906 0.914 0.933 0.94 0.959 0.968 0.975 1.014 1.038 1.061 1.086 1.091 1.106 1.115 1.133 1.146 1.164 1.187 1.226 1.229 1.234 1.284 1.297 1.321 1.345 1.363 1.391 1.422 1.465 1.517 1.559 1.573 1.615 1.636 1.642 1.661 2.127 2.134 2.134 2.134 2.134 2.134 2.134 0 0 0 2.133 2.128 2.124 2.12 2.12 2.119 2.118 2.117 2.117 2.117 2.117 2.117 2.116 2.116 2.114 2.1 1.844 1.825 1.825 1.827 1.831 1.831 1.831 1.831 1.84 0 0 0 0 1.842 1.842 1.841 1.84 1.841 0 0 0 0 0 0 0 1.075 0.916 0.856 0.795 0.761 0.697 0.667 0.667 0.646 0.606 0.601 0.598 0.598 0.598 0.597 0.597 0.597 0.602 0.597 0.602 0.606 0.602 0.609 0.61 0.61 0.613 0.613 0.613 0.613 0.613 0.613 0.613 0.613 0.615 0.623 0.623 0.623 0.623 0.624 0.623 0.624 0.624 0.627 0.628 0.628 0.632 0.632 0.632 0.632 0.632 0.642 0.642 0.642 0.644 0.644 0.648 0.654 0.654 0.657 0.657 0.657 0.658 0.663 0.665 0.665 0.668 0.674 0.676 0.68 0.686 0.686 0.692 0.694 0.696 0.696 
1 1 1 1 1 1 1 1 1 1 1 1 1 1 1 1 1 1 1 1 1 1 1 1 1 1 1 1 1 1 1 1 1 1 1 1 1 1 1 1 1 1 1 1 1 1 1 1 1 1 1 1 1 1 1 1 1 1 1 1 1 1 1 1 1 1 1 1 1 1 1 1 1 1 1 1 1 1 1 1 1 1 1 1 1 1 1 1 1 1 1 1 1 1 1 1 1 1 1 1 1 1 1 1 1 1 1 1 1 1 1 1 1 1 1 1 1 1 1 1 1 1 1 1 1 1 1 1 1 1 1 1 1 1 1 1 1 1 1 1 1 1 1 1 1 1 1 1 1 1 1 1 1 1 1 1 1 1 1 1 1 1 1 1 1 1 1 1 1 1 1 1 1 1 1 1 1 1 1 1 1 1 1 1 1 1 1 1 1 1 1 1 1 1 1 1 1 1 1 1 1 1 1 1 1 1 1 1 1 1 1 1 1 1 1 1 1 1 1 1 1 1 1 1 1 1 1 1 1 1 1 1 1 1 1 1 1 1 1 1 1 1 1 1 1 1 1 1 1 1 1 1 1 1 1 1 1 1 1 1 1 1 1 1 1 1 1 1 1 1 1 1 1 1 1 1 1 1 1 1 1 1 1 1 1 1 1 1 1 1 1 1 1 1 1 1 1 1 1 1 1 1 1 1 1 1 1 1 1 1 1 1 1 1 1 1 1 1 1 1 1 1 1 1 1 1 1 1 1 1 1 1 1 1 1 1 1 1 1 1 1 1 1 1 1 1 1 1 1 1 1 1 1 1 1 1 1 1 1 1 1 1 1 1 1 1 1 1 1 1 1 1 1 1 1 1 1 1 1 1 1 1 1 1 1 1 1 1 1 1 1 1 1 1 1 1 1 1 1 1 1 1 1 1 1 1 1 1 1 1 1 1 1 1 1 1 1 1 1 1 1 1 1 1 1 1 1 1 1 1 1 1 1 1 1 1 1 1 1 1 1 1 1 1 1 1 1 1 1 1 1 1 1 1 1 1 1 1 1 1 1 1 1 1 1 1 1 1 1 1 1 1 1 1 1 1 1 1 1 1 1 1 1 1 1 1 1 1 1 1 1 1 1 1 1 1 1 1 1 1 1 1 1 1 1 1 1 1 1 1 1 1 1 1 1 1 1 1 1 1 1 1 1 1 1 1 1 1 1 1 1 1 1 1 1 1 1 1 1 1 1 1 1 1 1 1 1 1 1 1 1 1 1 1 1 1 1 1 1 1 1 1 1 0 0 0 1 1 1 1 1 1 1 1 1 1 1 1 1 1 1 1 1 1 1 1 1 1 1 1 1 0 0 0 0 1 1 1 1 1 0 0 0 0 0 0 0 1 1 1 1 1 1 1 1 1 1 1 1 1 1 1 1 1 1 1 1 1 1 1 1 1 1 1 1 1 1 1 1 1 1 1 1 1 1 1 1 1 1 1 1 1 1 1 1 1 1 1 1 1 1 1 1 1 1 1 1 1 1 1 1 1 1 1 1 1 1 1 1 1 1 1 
