# This file contains a 2D laser scan observation. 
# Its format is: 
# [aperture] [max_range] [number_of_scans] 
# [vector_of_scans] 
# [vector_of_valid_scans] 
# The aperture of the sensor is in radians, the maximum range 
# and measurements are in meters. '1' means a valid scan, '0' otherwise.
4.1847
5.6
682
0.617 0.61 0.609 0.598 0.596 0.592 0.586 0.585 0.582 0.581 0.579 0.581 0.581 0.579 0.579 0.582 0.58 0.58 0.58 0.582 0.585 0.585 0.58 0.58 0.579 0.574 0.573 0.572 0.567 0.562 0.56 0.559 0.549 0.546 0.54 0.535 0.534 0.529 0.519 0.519 0.519 1.18 1.214 1.214 1.214 1.212 1.198 1.195 1.187 0.887 0.874 0.872 0.871 0.869 0.871 0.865 0.864 0.863 0.864 0.864 0.872 0.897 0.919 0.919 0.919 0.912 0.906 0.906 0.906 0.916 0.921 1.142 1.156 1.156 1.162 1.162 1.159 1.159 1.161 1.161 1.169 1.169 1.168 1.169 1.169 1.168 1.168 1.167 1.166 1.164 1.156 1.153 1.153 1.152 1.152 1.152 1.152 1.152 1.148 1.143 1.143 1.143 1.141 1.141 1.141 1.141 1.141 1.145 1.141 1.145 1.149 1.153 1.153 1.153 1.153 1.154 1.154 1.157 1.157 1.158 1.158 1.158 1.158 1.164 1.164 1.166 1.168 1.171 1.175 1.192 1.201 1.223 1.224 1.238 1.24 1.243 1.252 1.254 1.254 1.254 1.254 1.251 1.251 1.251 1.251 1.251 1.251 1.251 1.25 1.249 1.249 1.25 1.25 1.252 1.256 1.263 1.278 1.302 1.392 1.392 1.392 1.392 1.392 1.391 1.391 1.391 1.358 1.358 1.358 1.338 1.338 1.379 1.379 1.373 1.373 1.373 1.366 1.366 1.366 1.366 1.366 1.379 1.379 1.376 1.376 1.376 1.359 1.324 1.314 1.314 1.314 1.323 1.327 1.335 1.343 1.354 2.086 2.1 2.116 2.124 2.125 2.141 2.144 2.166 2.167 2.179 2.179 2.179 2.157 2.136 2.116 2.116 2.116 0 0 0 0 0 0 2.088 2.081 2.088 2.107 2.107 2.108 0.015 0.015 0.015 0.006 0 0 2.089 2.089 0.007 2.252 2.252 2.263 2.252 2.252 1.331 1.273 1.259 1.158 1.157 1.157 1.157 1.157 1.167 0.007 0 1.144 1.15 1.144 1.144 1.15 0 0 0 0 0 0 0 0 0 0 0 0 0 0 0 0 0 0 0 0 0 1.92 1.916 1.907 1.882 1.854 1.839 1.819 1.817 1.806 1.805 1.805 1.805 1.787 1.208 1.208 1.208 1.784 1.784 1.784 1.777 1.771 1.756 1.73 1.688 1.683 1.683 1.677 1.677 1.675 1.686 1.686 1.687 1.693 1.698 1.7 1.7 1.699 1.698 1.698 1.698 1.698 0 0 0 0 0 0 1.627 1.625 1.623 1.623 1.623 1.623 1.589 1.538 1.066 0.748 0.727 0.72 0.72 0.72 0.725 1.063 1.077 1.077 1.075 1.073 1.075 1.073 1.073 1.075 1.075 1.072 1.075 1.071 1.071 1.077 1.077 1.076 1.078 1.078 1.078 1.079 1.08 1.082 1.082 1.084 1.086 1.086 1.088 1.088 1.09 1.089 1.09 1.091 1.092 1.092 1.1 1.101 1.101 1.101 1.105 1.108 1.108 1.109 1.111 1.116 1.119 1.119 1.119 1.119 1.119 1.119 1.122 1.122 1.162 1.617 1.621 1.622 1.623 1.624 1.631 1.64 1.64 1.632 1.632 1.578 1.57 1.5 0.785 0.767 0.764 0.764 0.764 0.768 0.772 1.427 1.543 1.544 1.544 1.545 1.545 1.545 0 0 0 0 0 0 1.529 1.523 1.517 1.502 1.498 1.498 1.498 1.501 1.525 1.731 1.735 1.735 1.735 0.883 0.833 0.829 0.826 0.828 0.815 0.815 0.811 0.813 0.813 0.818 0.818 0.007 0.015 0.007 0.015 0.015 0.015 0.808 0.808 0.808 0.803 0.808 0.803 0.808 0.808 0.808 0.811 0.811 0.812 0.812 0.812 0.803 0.799 0.799 0.798 0.798 0.808 0.829 0.829 0.829 0.829 0.829 0.846 0.86 0.974 0.974 0.974 0.951 0.947 0.947 0.942 0.933 0.933 0.917 0.916 0.906 0.898 0.895 0.895 0.88 0.871 0.869 0.868 0.862 0.855 0.855 0.844 0.843 0.843 0.839 0.83 0.828 0.82 0.819 0.813 0.805 0.805 0.804 0.802 0.793 0.791 0.783 0.783 0.776 0.774 0.769 0.769 0.766 0.766 0.76 0.755 0.754 0.741 0.736 0.736 0.736 0.736 0.736 0.732 0.725 0.724 0.723 0.719 0.718 0.715 0.713 0.712 0.712 0.706 0.706 0.706 0.707 0.715 0.715 0.715 0.696 0.692 0.689 0.689 0.689 0.687 0.685 0.682 0.68 0.679 0.679 0.679 0.668 0.667 0.665 0.664 0.663 0.663 0.663 0.664 0.664 0.664 0.664 0.662 0.655 0.655 0.649 0.646 0.646 0.646 0.651 0.651 0.651 0.647 0.646 0.644 0.644 0.641 0.644 0.641 0.641 0.64 0.64 0.64 0.639 0.639 0.639 0.642 0.638 0.638 0.638 0.638 0.637 0.635 0.635 0.635 0.635 0.635 0.639 0.641 0.644 0.644 0.645 0.654 0.654 0.655 0.664 0.676 0.678 0.685 0.685 0.686 0.685 0.681 0.674 0.666 0.65 0.647 0.647 0.645 0.642 0.642 0.639 0.637 0.637 0.637 0.637 0.636 0.637 0.636 0.636 0.636 0.636 0.634 0.634 0.634 0.633 0.654 0.654 0.646 0.644 0.646 0.646 0.644 0.648 0.648 0.65 0.65 0.65 0.65 0.65 0.65 0.65 0.651 0.656 0.657 0.657 0.665 0.665 0.658 0.658 0.667 0.667 0.667 0.671 0.672 0.672 0.671 
1 1 1 1 1 1 1 1 1 1 1 1 1 1 1 1 1 1 1 1 1 1 1 1 1 1 1 1 1 1 1 1 1 1 1 1 1 1 1 1 1 1 1 1 1 1 1 1 1 1 1 1 1 1 1 1 1 1 1 1 1 1 1 1 1 1 1 1 1 1 1 1 1 1 1 1 1 1 1 1 1 1 1 1 1 1 1 1 1 1 1 1 1 1 1 1 1 1 1 1 1 1 1 1 1 1 1 1 1 1 1 1 1 1 1 1 1 1 1 1 1 1 1 1 1 1 1 1 1 1 1 1 1 1 1 1 1 1 1 1 1 1 1 1 1 1 1 1 1 1 1 1 1 1 1 1 1 1 1 1 1 1 1 1 1 1 1 1 1 1 1 1 1 1 1 1 1 1 1 1 1 1 1 1 1 1 1 1 1 1 1 1 1 1 1 1 1 1 1 1 1 1 1 1 1 1 1 1 1 1 1 1 1 0 0 0 0 0 0 1 1 1 1 1 1 0 0 0 0 0 0 1 1 0 1 1 1 1 1 1 1 1 1 1 1 1 1 1 0 0 1 1 1 1 1 0 0 0 0 0 0 0 0 0 0 0 0 0 0 0 0 0 0 0 0 0 1 1 1 1 1 1 1 1 1 1 1 1 1 1 1 1 1 1 1 1 1 1 1 1 1 1 1 1 1 1 1 1 1 1 1 1 1 1 1 1 1 0 0 0 0 0 0 1 1 1 1 1 1 1 1 1 1 1 1 1 1 1 1 1 1 1 1 1 1 1 1 1 1 1 1 1 1 1 1 1 1 1 1 1 1 1 1 1 1 1 1 1 1 1 1 1 1 1 1 1 1 1 1 1 1 1 1 1 1 1 1 1 1 1 1 1 1 1 1 1 1 1 1 1 1 1 1 1 1 1 1 1 1 1 1 1 1 1 1 1 1 1 1 0 0 0 0 0 0 1 1 1 1 1 1 1 1 1 1 1 1 1 1 1 1 1 1 1 1 1 1 1 1 1 0 0 0 0 0 0 1 1 1 1 1 1 1 1 1 1 1 1 1 1 1 1 1 1 1 1 1 1 1 1 1 1 1 1 1 1 1 1 1 1 1 1 1 1 1 1 1 1 1 1 1 1 1 1 1 1 1 1 1 1 1 1 1 1 1 1 1 1 1 1 1 1 1 1 1 1 1 1 1 1 1 1 1 1 1 1 1 1 1 1 1 1 1 1 1 1 1 1 1 1 1 1 1 1 1 1 1 1 1 1 1 1 1 1 1 1 1 1 1 1 1 1 1 1 1 1 1 1 1 1 1 1 1 1 1 1 1 1 1 1 1 1 1 1 1 1 1 1 1 1 1 1 1 1 1 1 1 1 1 1 1 1 1 1 1 1 1 1 1 1 1 1 1 1 1 1 1 1 1 1 1 1 1 1 1 1 1 1 1 1 1 1 1 1 1 1 1 1 1 1 1 1 1 1 1 1 1 1 1 1 1 1 1 1 1 1 1 1 1 1 1 1 1 1 1 1 1 1 1 1 1 1 
