# This file contains a 2D laser scan observation. 
# Its format is: 
# [aperture] [max_range] [number_of_scans] 
# [vector_of_scans] 
# [vector_of_valid_scans] 
# The aperture of the sensor is in radians, the maximum range 
# and measurements are in meters. '1' means a valid scan, '0' otherwise.
4.1847
5.6
682
0.365 0.361 0.36 0.359 0.358 0.358 0.357 0.356 0.354 0.351 0.351 0.35 0.347 0.345 0.345 0.345 0.345 0.345 0.339 0.339 0.339 0.339 0.343 0.343 0.341 0.341 0.338 0.338 0.338 0.339 0.339 0.34 0.339 0.339 0.339 0.339 0.339 0.339 0.34 0.34 0.336 0.334 0.334 0.332 0.332 0.334 0.334 0.329 0.329 0.329 0.329 0.331 0.331 0.341 0.332 0.332 0.332 0.333 0.333 0.333 0.333 0.333 0.328 0.328 0.328 0.326 0.328 0.329 0.329 0.329 0.33 0.332 0.332 0.333 0.333 0.334 0.337 0.337 0.331 0.337 0.331 0.331 0.331 0.331 0.331 0.331 0.333 0.339 0.341 0.341 0.341 0.341 0.344 0.344 0.346 0.346 0.341 0.341 0.342 0.342 0.343 0.343 0.343 0.343 0.343 0.343 0.343 0.344 0.346 0.346 0.349 0.349 0.348 0.348 0.346 0.346 0.346 0.347 0.347 0.348 0.353 0.348 0.352 0.353 0.353 0.357 0.357 0.357 0.357 0.355 0.355 0.36 0.369 0.369 0.369 0.369 0.362 0.362 0.369 0.371 0.371 0.371 0.371 0.38 0.38 0.38 0.38 0.38 0.38 0.38 0.383 0.386 0.386 0.386 0.389 0.391 0.389 0.389 0.391 0.391 0.391 0.395 0.399 0.401 0.401 0.401 0.401 0.401 0.407 0.409 0.413 0.416 0.417 0.419 0.419 0.42 0.421 0.426 0.427 0.428 0.428 0.432 0.435 0.436 0.445 0.445 0.446 0.447 0.449 0.453 0.457 0.465 0.465 0.466 0.466 0.474 0.475 0.477 0.478 0.478 0.484 0.49 0.497 0.497 0.499 0.499 0.503 0.503 0.503 0.52 0.521 0.521 0.526 0.533 0.536 0.539 0.547 0.548 0.549 0.552 0.556 0.56 0.574 0.578 0.582 0.584 0.585 0.587 0.603 0.603 0.615 0.617 0.622 0.623 0.637 0.639 0.647 0.65 0.661 0.664 0.673 0.676 0.686 0.688 0.696 0.717 0.726 0.737 0.743 0.747 0.754 0.768 0.775 0.796 0.804 0.814 0.834 0.837 0.856 0.861 0.876 0.893 0.903 0.919 0.934 0.946 0.955 0.994 1.012 1.03 1.044 1.069 1.098 1.114 1.151 1.172 1.178 1.21 1.21 1.307 1.393 1.443 1.471 1.471 1.522 1.586 1.638 1.683 1.699 1.699 1.699 1.698 1.69 1.69 1.69 1.69 1.69 1.69 1.697 1.697 1.698 1.688 1.688 1.688 1.693 1.691 1.691 1.691 1.689 1.683 1.683 1.689 1.689 1.689 1.69 1.69 1.69 1.688 1.69 1.688 1.692 1.683 1.692 1.688 1.689 1.688 1.689 1.689 1.689 1.689 1.691 1.696 1.691 1.696 1.697 1.698 1.7 1.7 1.701 1.7 1.702 1.702 1.708 1.702 1.702 1.708 1.71 1.711 1.711 1.714 1.714 1.714 1.714 1.71 1.043 0.977 0.961 0.959 0.941 0.941 0.925 0.925 0.887 0.854 0.831 0.818 0.786 0.767 0.762 0.761 0.757 0.757 0.728 0.712 0.685 0.672 0.667 0.667 0.66 0.648 0.634 0.632 0.631 0.614 0.613 0.606 0.606 0.597 0.597 0.595 0.595 0.573 0.568 0.568 0.565 0.553 0.55 0.531 0.521 0.521 0.518 0.521 0.525 0.525 0.525 0.525 0.509 0.5 0.5 0.499 0.493 0.489 0.454 0.45 0.446 0.446 0.446 0.446 0.452 0.459 0.46 0.462 0.462 0.462 0.462 0.463 0.462 0.458 0.451 0.443 0.439 0.439 0.428 0.428 0.425 0.418 0.418 0.418 0.416 0.416 0.414 0.414 0.418 0.418 0.414 0.412 0.397 0.395 0.395 0.395 0.397 0.401 0.405 0.406 0.405 0.405 0.405 0.405 0.405 0.405 0.405 0.405 0.403 0.389 0.388 0.388 0.388 0.388 0.389 0.39 0.405 0.405 0.405 0.402 0.402 0.402 0.405 0.409 0.412 0.412 0.412 0.412 0.414 0.419 0.42 0.419 0.419 0.42 0.423 0.423 0.423 0.415 0.409 0.401 0.398 0.396 0.389 0.389 0.389 0.389 0.386 0.384 0.384 0.386 0.386 0.384 0.383 0.371 0.308 0.295 0.294 0.293 0.293 0.293 0.285 0.293 0.293 0.293 0.297 0.302 0.309 0.35 0.35 0.357 0.358 0.359 0.359 0.359 0.359 0.348 0.337 0.337 0.337 0.337 0.337 0.344 0.336 0.336 0.33 0.33 0.33 0.327 0.327 0.327 0.327 0.321 0.325 0.325 0.325 0.321 0.321 0.32 0.315 0.32 0.315 0.319 0.315 0.314 0.314 0.319 0.317 0.317 0.319 0.319 0.317 0.315 0.315 0.31 0.31 0.31 0.309 0.309 0.31 0.309 0.31 0.31 0.307 0.307 0.307 0.307 0.31 0.311 0.311 0.313 0.313 0.315 0.313 0.315 0.312 0.315 0.31 0.317 0.313 0.313 0.313 0.313 0.313 0.313 0.313 0.313 0.32 0.31 0.316 0.32 0.32 0.32 0.324 0.328 0.329 0.328 0.327 0.327 0.327 0.327 0.327 0.327 0.327 0.325 0.327 0.332 0.332 0.332 0.332 0.33 0.33 0.33 0.326 0.326 0.329 0.329 0.335 0.336 0.338 0.339 0.339 0.341 0.341 0.341 0.341 0.341 0.343 0.337 0.343 0.346 0.346 0.343 0.343 0.343 0.343 0.35 0.355 0.355 0.355 0.355 0.354 0.354 0.354 0.361 0.361 0.368 0.369 0.37 0.371 0.371 0.371 0.374 0.374 0.375 0.375 0.378 0.378 0.378 0.381 0.383 0.382 0.383 0.386 0.389 0.389 0.389 0.389 0.392 
1 1 1 1 1 1 1 1 1 1 1 1 1 1 1 1 1 1 1 1 1 1 1 1 1 1 1 1 1 1 1 1 1 1 1 1 1 1 1 1 1 1 1 1 1 1 1 1 1 1 1 1 1 1 1 1 1 1 1 1 1 1 1 1 1 1 1 1 1 1 1 1 1 1 1 1 1 1 1 1 1 1 1 1 1 1 1 1 1 1 1 1 1 1 1 1 1 1 1 1 1 1 1 1 1 1 1 1 1 1 1 1 1 1 1 1 1 1 1 1 1 1 1 1 1 1 1 1 1 1 1 1 1 1 1 1 1 1 1 1 1 1 1 1 1 1 1 1 1 1 1 1 1 1 1 1 1 1 1 1 1 1 1 1 1 1 1 1 1 1 1 1 1 1 1 1 1 1 1 1 1 1 1 1 1 1 1 1 1 1 1 1 1 1 1 1 1 1 1 1 1 1 1 1 1 1 1 1 1 1 1 1 1 1 1 1 1 1 1 1 1 1 1 1 1 1 1 1 1 1 1 1 1 1 1 1 1 1 1 1 1 1 1 1 1 1 1 1 1 1 1 1 1 1 1 1 1 1 1 1 1 1 1 1 1 1 1 1 1 1 1 1 1 1 1 1 1 1 1 1 1 1 1 1 1 1 1 1 1 1 1 1 1 1 1 1 1 1 1 1 1 1 1 1 1 1 1 1 1 1 1 1 1 1 1 1 1 1 1 1 1 1 1 1 1 1 1 1 1 1 1 1 1 1 1 1 1 1 1 1 1 1 1 1 1 1 1 1 1 1 1 1 1 1 1 1 1 1 1 1 1 1 1 1 1 1 1 1 1 1 1 1 1 1 1 1 1 1 1 1 1 1 1 1 1 1 1 1 1 1 1 1 1 1 1 1 1 1 1 1 1 1 1 1 1 1 1 1 1 1 1 1 1 1 1 1 1 1 1 1 1 1 1 1 1 1 1 1 1 1 1 1 1 1 1 1 1 1 1 1 1 1 1 1 1 1 1 1 1 1 1 1 1 1 1 1 1 1 1 1 1 1 1 1 1 1 1 1 1 1 1 1 1 1 1 1 1 1 1 1 1 1 1 1 1 1 1 1 1 1 1 1 1 1 1 1 1 1 1 1 1 1 1 1 1 1 1 1 1 1 1 1 1 1 1 1 1 1 1 1 1 1 1 1 1 1 1 1 1 1 1 1 1 1 1 1 1 1 1 1 1 1 1 1 1 1 1 1 1 1 1 1 1 1 1 1 1 1 1 1 1 1 1 1 1 1 1 1 1 1 1 1 1 1 1 1 1 1 1 1 1 1 1 1 1 1 1 1 1 1 1 1 1 1 1 1 1 1 1 1 1 1 1 1 1 1 1 1 1 1 1 1 1 1 1 1 1 1 1 1 1 1 1 1 1 1 1 1 1 1 1 1 1 1 1 1 1 1 1 1 1 1 1 1 1 1 1 1 1 1 1 1 1 1 1 1 1 1 1 1 1 1 1 1 1 1 1 1 1 1 1 1 1 1 1 1 1 1 1 1 1 1 
