# This file contains a 2D laser scan observation. 
# Its format is: 
# [aperture] [max_range] [number_of_scans] 
# [vector_of_scans] 
# [vector_of_valid_scans] 
# The aperture of the sensor is in radians, the maximum range 
# and measurements are in meters. '1' means a valid scan, '0' otherwise.
4.1847
5.6
682
0.635 0.638 0.641 0.645 0.645 0.648 0.649 0.65 0.655 0.656 0.657 0.663 0.667 0.667 0.671 0.667 0.674 0.677 0.677 0.677 0.68 0.681 0.682 0.684 0.684 0.684 0.691 0.692 0.704 0.704 0.705 0.708 0.711 0.714 0.721 0.724 0.729 0.729 0.73 0.731 0.735 0.74 0.74 0.744 0.754 0.755 0.762 0.771 0.772 0.774 0.775 0.783 0.792 0.802 0.803 0.804 0.806 0.821 0.822 0.826 0.83 0.837 0.838 0.838 0.858 0.86 0.869 0.875 0.885 0.89 0.895 0.898 0.909 0.915 0.919 0.925 0.943 0.946 0.954 0.961 0.964 0.979 0.998 1.016 1.017 1.022 1.028 1.045 1.047 1.061 1.077 1.083 1.1 1.108 1.129 1.151 1.16 1.17 1.17 1.183 1.194 1.196 1.24 1.266 1.275 1.291 1.311 1.328 1.348 1.369 1.396 1.422 1.433 1.46 1.48 1.509 1.541 1.561 1.576 1.615 1.644 1.664 1.686 1.697 1.697 1.697 1.682 1.682 1.678 1.676 1.677 1.677 1.67 1.669 1.666 1.666 1.666 1.66 1.659 1.656 1.656 1.655 1.655 1.655 1.653 1.644 1.643 1.641 1.64 1.637 1.635 1.635 1.634 1.632 1.632 1.631 1.631 1.628 1.623 1.623 1.623 1.62 1.62 1.619 1.618 1.618 1.618 1.618 1.618 1.618 1.61 1.61 1.61 1.61 1.614 1.614 1.6 0.655 0.593 0.572 0.572 0.57 0.57 0.572 0.578 0.58 0.634 0.634 0.634 0.634 0.634 0 0 0 0.309 0.281 0.262 0.253 0.242 0.235 0.235 0.232 0.232 0.232 0.234 0.227 0.227 0.231 0.223 0.22 0.219 0.22 0.215 0.215 0.221 0.221 0.221 0.221 0.219 0.219 0.218 0.216 0.213 0.213 0.213 0.21 0.213 0.213 0.21 0.202 0.171 0.171 0.171 0.171 0.17 0.17 0.17 0.174 0.174 0.176 0.176 0.176 0.176 0.18 0.18 0.183 0.183 0.183 0.183 0.18 0.18 0.18 0.178 0.182 0.182 0.182 0.18 0.18 0.18 0.18 0.18 0.185 0.185 0.185 0.184 0.184 0.184 0.187 0.188 0.188 0.188 0.193 0.193 0.193 0.191 0.195 0.193 0.193 0.193 0.195 0.193 0.188 0.194 0.194 0.194 0.194 0.194 0.19 0.187 0.187 0.187 0.184 0.184 0.169 0.122 0.096 0.085 0.084 0.082 0.082 0.082 0.082 0.082 0.079 0.078 0.078 0.079 0.076 0.079 0.079 0.076 0.074 0.074 0.073 0.071 0.069 0.069 0.069 0.071 0.072 0.073 0.076 0.077 0.077 0.078 0.077 0.076 0.072 0.069 0.069 0.069 0.069 0.069 0.069 0.069 0.071 0.072 0.071 0.071 0.071 0.069 0.067 0.069 0.068 0.068 0.069 0.07 0.07 0.07 0.072 0.072 0.072 0.071 0.071 0.07 0.071 0.07 0.07 0.07 0.072 0.072 0.072 0.072 0.075 0.075 0.07 0.075 0.075 0.075 0.078 0.083 0.087 0.102 0.112 0.112 0.113 0.112 0.109 0.109 0.11 0.109 0.109 0.107 0.105 0.104 0.1 0.101 0.101 0.101 0.1 0.098 0.098 0.097 0.097 0.097 0.097 0.097 0.093 0.093 0.093 0.093 0.093 0.093 0.093 0.09 0.09 0.088 0.088 0.087 0.087 0.087 0.086 0.083 0.088 0.086 0.086 0.086 0.086 0.086 0.085 0.085 0.085 0.085 0.083 0.083 0.082 0.082 0.082 0.085 0.085 0.085 0.085 0.087 0.084 0.083 0.083 0.083 0.083 0.082 0.083 0.079 0.079 0.079 0.077 0.077 0.077 0.077 0.079 0.079 0.083 0.083 0.083 0.083 0.083 0.082 0.082 0.084 0.082 0.082 0.081 0.079 0.078 0.078 0.078 0.078 0.078 0.078 0.078 0.077 0.077 0.071 0.071 0.071 0.076 0.076 0.08 0.083 0.083 0.083 0.083 0.081 0.081 0.081 0.078 0.077 0.077 0.077 0.08 0.08 0.082 0.08 0.085 0.083 0.083 0.083 0.083 0.083 0.083 0.083 0.083 0.08 0.083 0.083 0.083 0.083 0.083 0.083 0.083 0.083 0.083 0.083 0.08 0.077 0.077 0.076 0.076 0.077 0.078 0.079 0.079 0.083 0.088 0.088 0.088 0.087 0.087 0.087 0.086 0.089 0.089 0.091 0.095 0.095 0.095 0.095 0.095 0.095 0.095 0.095 0.095 0.095 0.097 0.098 0.097 0.097 0.095 0.095 0.095 0.096 0.096 0.096 0.096 0.096 0.096 0.096 0.096 0.096 0.096 0.099 0.102 0.102 0.103 0.106 0.106 0.105 0.105 0.106 0.106 0.106 0.112 0.112 0.107 0.107 0.107 0.107 0.116 0.116 0.118 0.116 0.118 0.118 0.12 0.12 0.122 0.122 0.123 0.122 0.123 0.124 0.125 0.126 0.128 0.128 0.128 0.126 0.132 0.13 0.131 0.131 0.135 0.138 0.139 0.14 0.14 0.14 0.14 0.14 0.143 0.143 0.147 0.146 0.148 0.148 0.148 0.148 0.151 0.154 0.155 0.158 0.161 0.164 0.165 0.165 0.17 0.173 0.173 0.173 0.174 0.174 0.179 0.179 0.181 0.184 0.184 0.189 0.189 0.193 0.199 0.207 0.209 0.214 0.217 0.223 0.229 0.241 0.241 0.242 0.246 0.252 0.262 0.263 0.271 0.287 0.291 0.302 0.31 0.314 0.327 0.343 0.354 0.371 0.392 0.398 0.416 0.422 0.431 0.47 0.515 0.534 0.545 0.556 0.559 0.565 0.614 0.687 0.694 0.699 0.694 0.687 0.694 0.699 3.35 
1 1 1 1 1 1 1 1 1 1 1 1 1 1 1 1 1 1 1 1 1 1 1 1 1 1 1 1 1 1 1 1 1 1 1 1 1 1 1 1 1 1 1 1 1 1 1 1 1 1 1 1 1 1 1 1 1 1 1 1 1 1 1 1 1 1 1 1 1 1 1 1 1 1 1 1 1 1 1 1 1 1 1 1 1 1 1 1 1 1 1 1 1 1 1 1 1 1 1 1 1 1 1 1 1 1 1 1 1 1 1 1 1 1 1 1 1 1 1 1 1 1 1 1 1 1 1 1 1 1 1 1 1 1 1 1 1 1 1 1 1 1 1 1 1 1 1 1 1 1 1 1 1 1 1 1 1 1 1 1 1 1 1 1 1 1 1 1 1 1 1 1 1 1 1 1 1 1 1 1 1 1 1 1 1 1 1 1 1 1 1 0 0 0 1 1 1 1 1 1 1 1 1 1 1 1 1 1 1 1 1 1 1 1 1 1 1 1 1 1 1 1 1 1 1 1 1 1 1 1 1 1 1 1 1 1 1 1 1 1 1 1 1 1 1 1 1 1 1 1 1 1 1 1 1 1 1 1 1 1 1 1 1 1 1 1 1 1 1 1 1 1 1 1 1 1 1 1 1 1 1 1 1 1 1 1 1 1 1 1 1 1 1 1 1 1 1 1 1 1 1 1 1 1 1 1 1 1 1 1 1 1 1 1 1 1 1 1 1 1 1 1 1 1 1 1 1 1 1 1 1 1 1 1 1 1 1 1 1 1 1 1 1 1 1 1 1 1 1 1 1 1 1 1 1 1 1 1 1 1 1 1 1 1 1 1 1 1 1 1 1 1 1 1 1 1 1 1 1 1 1 1 1 1 1 1 1 1 1 1 1 1 1 1 1 1 1 1 1 1 1 1 1 1 1 1 1 1 1 1 1 1 1 1 1 1 1 1 1 1 1 1 1 1 1 1 1 1 1 1 1 1 1 1 1 1 1 1 1 1 1 1 1 1 1 1 1 1 1 1 1 1 1 1 1 1 1 1 1 1 1 1 1 1 1 1 1 1 1 1 1 1 1 1 1 1 1 1 1 1 1 1 1 1 1 1 1 1 1 1 1 1 1 1 1 1 1 1 1 1 1 1 1 1 1 1 1 1 1 1 1 1 1 1 1 1 1 1 1 1 1 1 1 1 1 1 1 1 1 1 1 1 1 1 1 1 1 1 1 1 1 1 1 1 1 1 1 1 1 1 1 1 1 1 1 1 1 1 1 1 1 1 1 1 1 1 1 1 1 1 1 1 1 1 1 1 1 1 1 1 1 1 1 1 1 1 1 1 1 1 1 1 1 1 1 1 1 1 1 1 1 1 1 1 1 1 1 1 1 1 1 1 1 1 1 1 1 1 1 1 1 1 1 1 1 1 1 1 1 1 1 1 1 1 1 1 1 1 1 1 1 1 1 1 1 1 1 1 1 1 1 1 1 1 1 1 1 1 1 1 1 1 1 1 1 1 1 1 1 1 1 1 1 1 1 1 1 1 1 1 1 1 
