# This file contains a 2D laser scan observation. 
# Its format is: 
# [aperture] [max_range] [number_of_scans] 
# [vector_of_scans] 
# [vector_of_valid_scans] 
# The aperture of the sensor is in radians, the maximum range 
# and measurements are in meters. '1' means a valid scan, '0' otherwise.
4.1847
5.6
682
1.839 1.837 1.835 1.822 1.819 1.818 1.817 1.818 1.814 1.811 1.809 1.807 1.804 1.803 1.799 1.794 1.794 1.794 1.788 1.786 1.786 1.782 1.782 1.782 1.779 1.777 1.777 1.775 1.773 1.772 1.772 1.768 1.768 1.766 1.766 1.763 1.76 1.761 1.761 1.76 1.76 1.754 1.754 1.754 1.754 1.754 1.756 1.756 1.752 0.409 0.384 0.384 0.381 0.375 0.371 0.369 0.366 0.356 0.353 0.353 0.347 0.343 0.343 0.342 0.334 0.33 0.326 0.309 0.305 0.302 0.302 0.302 0.302 0.302 0.302 0.301 0.297 0.297 0.25 0.168 0.141 0.139 0.138 0.137 0.137 0.136 0.135 0.135 0.137 0.137 0.137 0.147 0.147 0.147 0.139 0.136 0.133 0.132 0.132 0.126 0.119 0.118 0.116 0.113 0.108 0.108 0.107 0.106 0.103 0.102 0.101 0.094 0.092 0.092 0.087 0.086 0.084 0.083 0.083 0.084 0.083 0.084 0.084 0.082 0.077 0.078 0.077 0.077 0.076 0.076 0.074 0.073 0.07 0.07 0.067 0.067 0.067 0.066 0.064 0.063 0.063 0.062 0.062 0.062 0.062 0.062 0.062 0.057 0.057 0.051 0.051 0.051 0.054 0.051 0.054 0.054 0.054 0.051 0.051 0.051 0.051 0.051 0.051 0.051 0.049 0.049 0.045 0.045 0.052 0.052 0.048 0.052 0.048 0.047 0.048 0.048 0.047 0.048 0.049 0.049 0.044 0.045 0.045 0.044 0.045 0.045 0.047 0.047 0.047 0.047 0.05 0.05 0.051 0.051 0.049 0.046 0.043 0.043 0.043 0.042 0.043 0.045 0.046 0.046 0.046 0.044 0.044 0.042 0.041 0.042 0.047 0.048 0.048 0.049 0.049 0.042 0.042 0.043 0.043 0.046 0.046 0.043 0.042 0.042 0.042 0.043 0.043 0.043 0.043 0.04 0.04 0.04 0.042 0.039 0.039 0.039 0.04 0.039 0.039 0.04 0.037 0.036 0.036 0.034 0.034 0.029 0.034 0.034 0.034 0.029 0.031 0.028 0.028 0.031 0.031 0.033 0.033 0.034 0.034 0.032 0.032 0.032 0.029 0.029 0.029 0.029 0.029 0.029 0.029 0.029 0.029 0.029 0.028 0.031 0.028 0.028 0.028 0.028 0.027 0.028 0.028 0.028 0.028 0.03 0.03 0.03 0.03 0.032 0.032 0.032 0.028 0.032 0.028 0.028 0.028 0.028 0.028 0.031 0.031 0.034 0.034 0.03 0.03 0.03 0.03 0.028 0.028 0.03 0.03 0.028 0.031 0.032 0.031 0.034 0.034 0.036 0.031 0.031 0.03 0.03 0.03 0.03 0.03 0.03 0.029 0.029 0.03 0.029 0.03 0.031 0.031 0.031 0.031 0.031 0.034 0.034 0.034 0.041 0.035 0.035 0.035 0.035 0.033 0.033 0.032 0.035 0.035 0.035 0.035 0.035 0.033 0.031 0.029 0.029 0.031 0.031 0.037 0.039 0.039 0.039 0.039 0.037 0.037 0.039 0.039 0.039 0.039 0.038 0.038 0.038 0.038 0.04 0.04 0.044 0.044 0.044 0.038 0.038 0.038 0.038 0.038 0.039 0.04 0.041 0.047 0.047 0.047 0.047 0.047 0.047 0.047 0.05 0.05 0.043 0.043 0.043 0.043 0.048 0.048 0.048 0.046 0.046 0.042 0.046 0.042 0.047 0.042 0.047 0.042 0.049 0.049 0.049 0.048 0.048 0.045 0.045 0.044 0.044 0.048 0.048 0.048 0.048 0.048 0.047 0.046 0.043 0.043 0.046 0.049 0.049 0.051 0.049 0.049 0.049 0.049 0.049 0.05 0.052 0.054 0.055 0.055 0.056 0.056 0.056 0.056 0.057 0.057 0.057 0.055 0.055 0.053 0.053 0.053 0.058 0.061 0.061 0.062 0.062 0.062 0.063 0.063 0.063 0.062 0.063 0.064 0.062 0.062 0.064 0.065 0.062 0.064 0.066 0.066 0.066 0.067 0.069 0.069 0.07 0.071 0.072 0.072 0.074 0.072 0.076 0.076 0.076 0.075 0.076 0.075 0.076 0.079 0.081 0.081 0.081 0.076 0.076 0.076 0.079 0.079 0.079 0.079 0.079 0.085 0.085 0.079 0.079 0.079 0.078 0.075 0.074 0.073 0.073 0.073 0.073 0.074 0.074 0.074 0.077 0.078 0.079 0.079 0.078 0.079 0.079 0.078 0.079 0.08 0.082 0.08 0.081 0.081 0.083 0.083 0.083 0.083 0.083 0.083 0.083 0.083 0.083 0.083 0.085 0.085 0.088 0.087 0.091 0.089 0.089 0.088 0.089 0.088 0.085 0.083 0.082 0.076 0.076 0.076 0.076 0.089 0.208 0.518 0.537 3.202 3.202 3.209 3.214 3.214 3.215 3.215 3.215 3.215 3.215 3.222 3.212 3.212 3.217 3.215 3.212 3.215 3.215 3.215 3.215 3.22 3.22 3.232 3.232 3.24 3.242 3.243 3.256 3.259 3.27 4.047 4.074 4.076 4.093 4.099 4.099 4.111 4.131 4.136 4.149 4.136 4.131 4.136 1.68 1.669 1.333 1.191 1.189 1.09 1.082 1.074 1.072 1.072 1.072 1.804 1.804 1.804 1.79 1.755 1.72 1.691 1.667 1.64 1.619 1.583 1.563 1.542 1.526 1.494 1.472 1.448 1.433 1.417 1.391 1.373 1.355 1.334 1.32 1.303 1.287 1.271 1.255 1.237 1.228 1.215 1.193 1.188 1.183 1.162 1.154 1.134 1.13 1.117 1.102 1.09 1.08 1.074 1.063 1.055 1.044 1.036 1.03 1.018 1.012 1.008 0.987 0.982 0.98 0.966 0.956 0.946 0.945 0.938 0.929 0.925 0.915 0.908 0.9 0.889 0.886 
1 1 1 1 1 1 1 1 1 1 1 1 1 1 1 1 1 1 1 1 1 1 1 1 1 1 1 1 1 1 1 1 1 1 1 1 1 1 1 1 1 1 1 1 1 1 1 1 1 1 1 1 1 1 1 1 1 1 1 1 1 1 1 1 1 1 1 1 1 1 1 1 1 1 1 1 1 1 1 1 1 1 1 1 1 1 1 1 1 1 1 1 1 1 1 1 1 1 1 1 1 1 1 1 1 1 1 1 1 1 1 1 1 1 1 1 1 1 1 1 1 1 1 1 1 1 1 1 1 1 1 1 1 1 1 1 1 1 1 1 1 1 1 1 1 1 1 1 1 1 1 1 1 1 1 1 1 1 1 1 1 1 1 1 1 1 1 1 1 1 1 1 1 1 1 1 1 1 1 1 1 1 1 1 1 1 1 1 1 1 1 1 1 1 1 1 1 1 1 1 1 1 1 1 1 1 1 1 1 1 1 1 1 1 1 1 1 1 1 1 1 1 1 1 1 1 1 1 1 1 1 1 1 1 1 1 1 1 1 1 1 1 1 1 1 1 1 1 1 1 1 1 1 1 1 1 1 1 1 1 1 1 1 1 1 1 1 1 1 1 1 1 1 1 1 1 1 1 1 1 1 1 1 1 1 1 1 1 1 1 1 1 1 1 1 1 1 1 1 1 1 1 1 1 1 1 1 1 1 1 1 1 1 1 1 1 1 1 1 1 1 1 1 1 1 1 1 1 1 1 1 1 1 1 1 1 1 1 1 1 1 1 1 1 1 1 1 1 1 1 1 1 1 1 1 1 1 1 1 1 1 1 1 1 1 1 1 1 1 1 1 1 1 1 1 1 1 1 1 1 1 1 1 1 1 1 1 1 1 1 1 1 1 1 1 1 1 1 1 1 1 1 1 1 1 1 1 1 1 1 1 1 1 1 1 1 1 1 1 1 1 1 1 1 1 1 1 1 1 1 1 1 1 1 1 1 1 1 1 1 1 1 1 1 1 1 1 1 1 1 1 1 1 1 1 1 1 1 1 1 1 1 1 1 1 1 1 1 1 1 1 1 1 1 1 1 1 1 1 1 1 1 1 1 1 1 1 1 1 1 1 1 1 1 1 1 1 1 1 1 1 1 1 1 1 1 1 1 1 1 1 1 1 1 1 1 1 1 1 1 1 1 1 1 1 1 1 1 1 1 1 1 1 1 1 1 1 1 1 1 1 1 1 1 1 1 1 1 1 1 1 1 1 1 1 1 1 1 1 1 1 1 1 1 1 1 1 1 1 1 1 1 1 1 1 1 1 1 1 1 1 1 1 1 1 1 1 1 1 1 1 1 1 1 1 1 1 1 1 1 1 1 1 1 1 1 1 1 1 1 1 1 1 1 1 1 1 1 1 1 1 1 1 1 1 1 1 1 1 1 1 1 1 1 1 1 1 1 1 1 1 1 1 1 1 1 1 1 1 1 1 1 1 1 1 1 1 1 1 1 1 1 1 1 1 1 1 1 1 1 1 1 1 1 1 1 1 1 1 1 1 1 
