# This file contains a 2D laser scan observation. 
# Its format is: 
# [aperture] [max_range] [number_of_scans] 
# [vector_of_scans] 
# [vector_of_valid_scans] 
# The aperture of the sensor is in radians, the maximum range 
# and measurements are in meters. '1' means a valid scan, '0' otherwise.
4.1847
5.6
682
0.239 0.232 0.239 0.229 0.229 0.229 0.228 0.223 0.223 0.22 0.216 0.216 0.216 0.216 0.216 0.216 0.208 0.208 0.205 0.205 0.206 0.204 0.201 0.201 0.198 0.198 0.197 0.199 0.197 0.197 0.193 0.192 0.19 0.19 0.186 0.186 0.186 0.186 0.186 0.188 0.186 0.187 0.188 0.19 0.187 0.187 0.182 0.182 0.177 0.177 0.168 0.167 0.164 0.163 0.16 0.16 0.16 0.16 0.156 0.156 0.153 0.152 0.152 0.152 0.153 0.153 0.155 0.155 0.155 0.152 0.15 0.15 0.149 0.149 0.154 0.157 0.157 0.157 0.157 0.158 0.159 0.161 0.161 0.159 0.159 0.156 0.156 0.155 0.155 0.156 0.157 0.157 0.157 0.159 0.16 0.16 0.16 0.16 0.16 0.16 0.157 0.154 0.156 0.154 0.15 0.15 0.15 0.15 0.149 0.153 0.153 0.153 0.153 0.153 0.15 0.151 0.151 0.15 0.151 0.153 0.153 0.151 0.151 0.15 0.15 0.15 0.15 0.151 0.151 0.151 0.152 0.151 0.151 0.151 0.151 0.151 0.151 0.148 0.151 0.152 0.148 0.152 0.152 0.152 0.15 0.15 0.15 0.15 0.15 0.152 0.157 0.157 0.152 0.152 0.152 0.152 0.155 0.157 0.157 0.155 0.153 0.151 0.148 0.148 0.148 0.148 0.151 0.153 0.154 0.154 0.154 0.154 0.158 0.157 0.157 0.157 0.152 0.152 0.152 0.154 0.16 0.16 0.16 0.16 0.156 0.155 0.156 0.156 0.159 0.159 0.159 0.157 0.156 0.156 0.157 0.156 0.16 0.16 0.154 0.154 0.158 0.154 0.158 0.16 0.158 0.16 0.163 0.163 0.163 0.165 0.163 0.166 0.166 0.165 0.165 0.166 0.165 0.164 0.166 0.166 0.169 0.169 0.169 0.169 0.166 0.166 0.166 0.166 0.163 0.167 0.167 0.167 0.167 0.167 0.168 0.171 0.172 0.172 0.173 0.176 0.176 0.176 0.177 0.178 0.178 0.179 0.179 0.181 0.181 0.179 0.179 0.181 0.181 0.183 0.189 0.189 0.189 0.192 0.192 0.192 0.198 0.198 0.195 0.196 0.196 0.196 0.201 0.201 0.202 0.201 0.201 0.202 0.202 0.203 0.204 0.204 0.21 0.212 0.215 0.216 0.218 0.218 0.221 0.222 0.222 0.227 0.228 0.228 0.233 0.233 0.236 0.236 0.241 0.242 0.242 0.243 0.247 0.251 0.255 0.255 0.257 0.257 0.258 0.264 0.269 0.271 0.272 0.274 0.274 0.274 0.282 0.283 0.287 0.289 0.289 0.289 0.293 0.293 0.293 0.295 0.295 0.297 0.297 0.294 0.294 0.297 0.304 0.308 0.313 0.339 0.344 0.356 0.358 0.364 0.371 0.38 0.382 0.397 0.399 0.402 0.412 0.416 0.42 0.43 0.443 0.455 0.459 0.459 0.459 0.436 0.428 0.424 0.424 0.428 0.428 0.43 0.436 0.541 0.544 0.551 1.653 1.653 1.653 1.653 1.653 1.656 1.668 1.675 1.696 2.496 2.517 2.535 2.693 2.8 2.893 3.01 3.085 3.085 3.085 3.073 3.069 3.067 3.066 3.063 3.063 3.061 3.06 3.06 3.06 3.054 3.054 3.058 3.063 3.063 3.063 3.067 3.063 3.063 3.062 3.062 3.059 3.057 3.059 3.061 3.059 3.061 3.063 3.061 3.055 3.051 3.046 3.046 3.048 3.048 3.048 3.048 3.052 3.052 3.055 3.055 3.058 3.071 3.071 3.073 3.079 3.079 3.085 3.903 3.903 3.918 3.918 3.938 3.941 3.951 3.951 3.951 1.469 1.026 0.985 0.904 0.899 0.898 0.896 0.896 0.896 1.638 1.644 1.655 1.655 1.665 1.665 1.665 1.629 1.598 1.562 1.53 1.5 1.477 1.445 1.415 1.406 1.372 1.354 1.327 1.305 1.288 1.261 1.245 1.225 1.21 1.193 1.178 1.163 1.138 1.136 1.118 1.086 1.077 1.073 1.054 1.04 1.023 1.012 1.008 0.99 0.983 0.96 0.958 0.95 0.941 0.927 0.916 0.915 0.904 0.899 0.89 0.88 0.878 0.86 0.856 0.847 0.844 0.831 0.821 0.817 0.809 0.807 0.801 0.79 0.788 0.776 0.773 0.756 0.751 0.751 0.75 0.747 0.738 0.735 0.729 0.728 0.722 0.712 0.709 0.706 0.701 0.694 0.693 0.691 0.685 0.684 0.681 0.68 0.669 0.668 0.662 0.658 0.658 0.657 0.649 0.646 0.645 0.634 0.631 0.63 0.63 0.629 0.624 0.621 0.621 0.618 0.613 0.612 0.611 0.611 0.598 0.598 0.596 0.594 0.589 0.586 0.586 0.586 0.585 0.585 0.577 0.576 0.575 0.572 0.571 0.571 0.57 0.565 0.562 0.562 0.56 0.559 0.559 0.556 0.555 0.553 0.552 0.552 0.552 0.549 0.545 0.545 0.545 0.537 0.532 0.536 0.536 0.536 0.532 0.527 0.527 0.531 0.527 0.524 0.52 0.52 0.52 0.52 0.524 0.524 0.522 0.518 0.522 0.518 0.518 0.514 0.514 0.514 0.514 0.509 0.507 0.505 0.505 0.507 0.51 0.51 0.51 0.51 0.505 0.501 0.5 0.5 0.5 0.501 0.501 0.502 0.503 0.501 0.505 0.505 0.5 0.494 0.493 0.492 0.492 0.492 0.492 0.492 0.49 0.49 0.487 0.487 0.487 0.489 0.487 0.489 0.489 0.489 0.488 0.488 0.487 0.487 0.487 0.492 0.493 0.493 0.494 0.494 0.495 0.494 0.493 0.491 0.492 0.492 0.493 0.492 0.492 0.495 0.494 0.49 0.492 0.492 0.492 0.491 0.492 0.491 0.492 
1 1 1 1 1 1 1 1 1 1 1 1 1 1 1 1 1 1 1 1 1 1 1 1 1 1 1 1 1 1 1 1 1 1 1 1 1 1 1 1 1 1 1 1 1 1 1 1 1 1 1 1 1 1 1 1 1 1 1 1 1 1 1 1 1 1 1 1 1 1 1 1 1 1 1 1 1 1 1 1 1 1 1 1 1 1 1 1 1 1 1 1 1 1 1 1 1 1 1 1 1 1 1 1 1 1 1 1 1 1 1 1 1 1 1 1 1 1 1 1 1 1 1 1 1 1 1 1 1 1 1 1 1 1 1 1 1 1 1 1 1 1 1 1 1 1 1 1 1 1 1 1 1 1 1 1 1 1 1 1 1 1 1 1 1 1 1 1 1 1 1 1 1 1 1 1 1 1 1 1 1 1 1 1 1 1 1 1 1 1 1 1 1 1 1 1 1 1 1 1 1 1 1 1 1 1 1 1 1 1 1 1 1 1 1 1 1 1 1 1 1 1 1 1 1 1 1 1 1 1 1 1 1 1 1 1 1 1 1 1 1 1 1 1 1 1 1 1 1 1 1 1 1 1 1 1 1 1 1 1 1 1 1 1 1 1 1 1 1 1 1 1 1 1 1 1 1 1 1 1 1 1 1 1 1 1 1 1 1 1 1 1 1 1 1 1 1 1 1 1 1 1 1 1 1 1 1 1 1 1 1 1 1 1 1 1 1 1 1 1 1 1 1 1 1 1 1 1 1 1 1 1 1 1 1 1 1 1 1 1 1 1 1 1 1 1 1 1 1 1 1 1 1 1 1 1 1 1 1 1 1 1 1 1 1 1 1 1 1 1 1 1 1 1 1 1 1 1 1 1 1 1 1 1 1 1 1 1 1 1 1 1 1 1 1 1 1 1 1 1 1 1 1 1 1 1 1 1 1 1 1 1 1 1 1 1 1 1 1 1 1 1 1 1 1 1 1 1 1 1 1 1 1 1 1 1 1 1 1 1 1 1 1 1 1 1 1 1 1 1 1 1 1 1 1 1 1 1 1 1 1 1 1 1 1 1 1 1 1 1 1 1 1 1 1 1 1 1 1 1 1 1 1 1 1 1 1 1 1 1 1 1 1 1 1 1 1 1 1 1 1 1 1 1 1 1 1 1 1 1 1 1 1 1 1 1 1 1 1 1 1 1 1 1 1 1 1 1 1 1 1 1 1 1 1 1 1 1 1 1 1 1 1 1 1 1 1 1 1 1 1 1 1 1 1 1 1 1 1 1 1 1 1 1 1 1 1 1 1 1 1 1 1 1 1 1 1 1 1 1 1 1 1 1 1 1 1 1 1 1 1 1 1 1 1 1 1 1 1 1 1 1 1 1 1 1 1 1 1 1 1 1 1 1 1 1 1 1 1 1 1 1 1 1 1 1 1 1 1 1 1 1 1 1 1 1 1 1 1 1 1 1 1 1 1 1 1 1 1 1 1 1 1 1 1 1 1 1 1 1 1 1 1 1 1 1 1 1 1 1 1 1 1 1 1 1 1 1 1 1 1 1 
