# This file contains a 2D laser scan observation. 
# Its format is: 
# [aperture] [max_range] [number_of_scans] 
# [vector_of_scans] 
# [vector_of_valid_scans] 
# The aperture of the sensor is in radians, the maximum range 
# and measurements are in meters. '1' means a valid scan, '0' otherwise.
4.1847
5.6
682
0.234 0.234 0.233 0.233 0.232 0.229 0.223 0.223 0.221 0.219 0.217 0.217 0.216 0.216 0.216 0.216 0.215 0.213 0.211 0.211 0.211 0.211 0.212 0.212 0.207 0.207 0.203 0.197 0.195 0.195 0.192 0.195 0.195 0.195 0.195 0.195 0.195 0.194 0.194 0.193 0.188 0.188 0.187 0.187 0.186 0.176 0.175 0.173 0.173 0.169 0.165 0.165 0.164 0.165 0.164 0.164 0.161 0.159 0.157 0.157 0.154 0.154 0.154 0.154 0.154 0.154 0.154 0.158 0.159 0.159 0.159 0.161 0.159 0.165 0.166 0.165 0.163 0.163 0.162 0.162 0.162 0.164 0.165 0.166 0.165 0.165 0.159 0.158 0.158 0.159 0.162 0.165 0.165 0.165 0.162 0.159 0.159 0.156 0.156 0.156 0.156 0.158 0.158 0.16 0.158 0.157 0.157 0.158 0.158 0.158 0.158 0.158 0.158 0.158 0.159 0.159 0.16 0.16 0.161 0.161 0.16 0.159 0.159 0.157 0.156 0.156 0.155 0.153 0.155 0.155 0.151 0.159 0.159 0.157 0.157 0.157 0.157 0.157 0.157 0.156 0.156 0.156 0.156 0.156 0.159 0.159 0.157 0.161 0.157 0.157 0.165 0.165 0.163 0.163 0.162 0.16 0.162 0.162 0.162 0.162 0.163 0.162 0.162 0.162 0.162 0.159 0.159 0.159 0.159 0.16 0.16 0.164 0.163 0.164 0.163 0.164 0.163 0.163 0.163 0.161 0.161 0.163 0.163 0.163 0.163 0.166 0.166 0.165 0.165 0.165 0.165 0.165 0.164 0.164 0.164 0.164 0.165 0.168 0.168 0.169 0.169 0.168 0.167 0.167 0.167 0.166 0.167 0.169 0.168 0.167 0.168 0.169 0.168 0.173 0.177 0.177 0.179 0.179 0.178 0.178 0.178 0.177 0.178 0.177 0.177 0.177 0.179 0.179 0.181 0.182 0.186 0.186 0.186 0.186 0.186 0.185 0.183 0.185 0.185 0.185 0.19 0.193 0.193 0.195 0.193 0.195 0.193 0.195 0.198 0.198 0.198 0.202 0.202 0.201 0.202 0.203 0.201 0.203 0.207 0.203 0.207 0.207 0.211 0.212 0.212 0.213 0.217 0.219 0.221 0.221 0.223 0.224 0.224 0.224 0.226 0.233 0.233 0.24 0.242 0.242 0.242 0.242 0.243 0.245 0.247 0.246 0.251 0.251 0.251 0.251 0.258 0.259 0.262 0.27 0.273 0.272 0.275 0.276 0.279 0.283 0.285 0.287 0.287 0.293 0.294 0.293 0.294 0.296 0.299 0.299 0.299 0.303 0.301 0.303 0.303 0.307 0.307 0.312 0.337 0.345 0.349 0.353 0.356 0.367 0.368 0.369 0.38 0.389 0.393 0.396 0.396 0.41 0.422 0.432 0.439 0.447 0.464 0.464 0.464 0.458 0.425 0.425 0.418 0.425 0.425 0.426 0.43 0.499 0.542 0.549 0.55 1.643 1.653 1.653 1.648 1.648 1.648 1.648 1.648 1.673 1.681 2.5 2.508 2.556 2.556 2.698 2.799 2.893 2.97 3.084 3.084 3.084 3.069 3.066 3.066 3.061 3.061 3.061 3.061 3.059 3.057 3.057 3.057 3.062 3.062 3.067 3.062 3.06 3.06 3.06 3.058 3.055 3.055 3.051 3.051 3.051 3.056 3.056 3.056 3.056 3.047 3.047 3.047 3.047 3.045 3.045 3.045 3.045 3.046 3.048 3.048 3.048 3.048 3.053 3.063 3.064 3.066 3.071 3.079 3.081 3.907 3.907 3.913 3.913 3.931 3.937 3.937 3.937 1.472 1.033 0.985 0.896 0.896 0.896 0.891 0.891 0.897 1.521 1.632 1.645 1.648 1.66 1.66 1.66 1.641 1.613 1.576 1.544 1.509 1.484 1.461 1.431 1.407 1.383 1.355 1.327 1.312 1.29 1.274 1.237 1.234 1.218 1.193 1.172 1.145 1.138 1.125 1.093 1.091 1.078 1.066 1.053 1.03 1.024 1.016 1 0.986 0.976 0.961 0.957 0.954 0.95 0.928 0.921 0.904 0.903 0.895 0.874 0.869 0.865 0.86 0.852 0.831 0.831 0.828 0.813 0.81 0.805 0.796 0.796 0.782 0.778 0.772 0.765 0.762 0.751 0.749 0.744 0.732 0.731 0.731 0.726 0.713 0.712 0.704 0.704 0.697 0.696 0.693 0.687 0.681 0.675 0.671 0.671 0.666 0.66 0.657 0.657 0.654 0.651 0.644 0.643 0.64 0.64 0.633 0.629 0.621 0.62 0.62 0.62 0.617 0.613 0.608 0.6 0.6 0.6 0.6 0.595 0.593 0.59 0.584 0.583 0.582 0.582 0.575 0.575 0.575 0.575 0.573 0.57 0.566 0.566 0.563 0.562 0.556 0.556 0.556 0.552 0.552 0.552 0.551 0.55 0.548 0.548 0.545 0.543 0.535 0.533 0.533 0.533 0.532 0.53 0.532 0.53 0.53 0.527 0.528 0.524 0.516 0.516 0.519 0.516 0.515 0.514 0.511 0.506 0.505 0.504 0.504 0.504 0.506 0.507 0.507 0.506 0.505 0.505 0.503 0.503 0.503 0.501 0.499 0.501 0.498 0.499 0.498 0.498 0.493 0.493 0.492 0.492 0.489 0.489 0.491 0.491 0.491 0.494 0.494 0.487 0.487 0.487 0.487 0.488 0.488 0.491 0.491 0.488 0.485 0.485 0.485 0.482 0.482 0.482 0.482 0.48 0.48 0.48 0.479 0.48 0.484 0.48 0.484 0.484 0.484 0.486 0.487 0.487 0.487 0.485 0.482 0.482 0.485 0.485 0.486 0.486 0.486 0.485 0.486 0.485 0.486 0.485 0.484 0.484 0.484 0.482 0.482 0.49 0.482 0.488 0.491 0.488 0.488 0.492 
1 1 1 1 1 1 1 1 1 1 1 1 1 1 1 1 1 1 1 1 1 1 1 1 1 1 1 1 1 1 1 1 1 1 1 1 1 1 1 1 1 1 1 1 1 1 1 1 1 1 1 1 1 1 1 1 1 1 1 1 1 1 1 1 1 1 1 1 1 1 1 1 1 1 1 1 1 1 1 1 1 1 1 1 1 1 1 1 1 1 1 1 1 1 1 1 1 1 1 1 1 1 1 1 1 1 1 1 1 1 1 1 1 1 1 1 1 1 1 1 1 1 1 1 1 1 1 1 1 1 1 1 1 1 1 1 1 1 1 1 1 1 1 1 1 1 1 1 1 1 1 1 1 1 1 1 1 1 1 1 1 1 1 1 1 1 1 1 1 1 1 1 1 1 1 1 1 1 1 1 1 1 1 1 1 1 1 1 1 1 1 1 1 1 1 1 1 1 1 1 1 1 1 1 1 1 1 1 1 1 1 1 1 1 1 1 1 1 1 1 1 1 1 1 1 1 1 1 1 1 1 1 1 1 1 1 1 1 1 1 1 1 1 1 1 1 1 1 1 1 1 1 1 1 1 1 1 1 1 1 1 1 1 1 1 1 1 1 1 1 1 1 1 1 1 1 1 1 1 1 1 1 1 1 1 1 1 1 1 1 1 1 1 1 1 1 1 1 1 1 1 1 1 1 1 1 1 1 1 1 1 1 1 1 1 1 1 1 1 1 1 1 1 1 1 1 1 1 1 1 1 1 1 1 1 1 1 1 1 1 1 1 1 1 1 1 1 1 1 1 1 1 1 1 1 1 1 1 1 1 1 1 1 1 1 1 1 1 1 1 1 1 1 1 1 1 1 1 1 1 1 1 1 1 1 1 1 1 1 1 1 1 1 1 1 1 1 1 1 1 1 1 1 1 1 1 1 1 1 1 1 1 1 1 1 1 1 1 1 1 1 1 1 1 1 1 1 1 1 1 1 1 1 1 1 1 1 1 1 1 1 1 1 1 1 1 1 1 1 1 1 1 1 1 1 1 1 1 1 1 1 1 1 1 1 1 1 1 1 1 1 1 1 1 1 1 1 1 1 1 1 1 1 1 1 1 1 1 1 1 1 1 1 1 1 1 1 1 1 1 1 1 1 1 1 1 1 1 1 1 1 1 1 1 1 1 1 1 1 1 1 1 1 1 1 1 1 1 1 1 1 1 1 1 1 1 1 1 1 1 1 1 1 1 1 1 1 1 1 1 1 1 1 1 1 1 1 1 1 1 1 1 1 1 1 1 1 1 1 1 1 1 1 1 1 1 1 1 1 1 1 1 1 1 1 1 1 1 1 1 1 1 1 1 1 1 1 1 1 1 1 1 1 1 1 1 1 1 1 1 1 1 1 1 1 1 1 1 1 1 1 1 1 1 1 1 1 1 1 1 1 1 1 1 1 1 1 1 1 1 1 1 1 1 1 1 1 1 1 1 1 1 1 1 1 1 1 1 1 1 1 1 1 1 1 1 1 1 1 1 1 1 1 1 1 1 1 1 1 1 1 1 
