# This file contains a 2D laser scan observation. 
# Its format is: 
# [aperture] [max_range] [number_of_scans] 
# [vector_of_scans] 
# [vector_of_valid_scans] 
# The aperture of the sensor is in radians, the maximum range 
# and measurements are in meters. '1' means a valid scan, '0' otherwise.
4.1847
5.6
682
0.276 0.277 0.276 0.272 0.274 0.274 0.274 0.274 0.274 0.287 0.287 0.275 0.275 0.275 0.271 0.271 0.269 0.269 0.269 0.264 0.264 0.264 0.271 0.275 0.279 0.329 0.361 0.362 0.378 0.377 0.377 0.377 0.377 0.377 0.375 0.377 0.378 0.381 0.387 0.387 0.388 0.389 0.395 0.396 0.399 0.405 0.406 0.407 0.411 0.415 0.423 0.429 0.43 0.44 0.442 0.445 0.448 0.451 0.454 0.457 0.464 0.466 0.466 0.467 0.471 0.476 0.477 0.482 0.487 0.499 0.499 0.499 0.508 0.509 0.515 0.524 0.525 0.536 0.539 0.552 0.563 0.57 0.576 0.577 0.58 0.588 0.59 0.595 0.601 0.605 0.623 0.624 0.633 0.637 0.638 0.646 0.654 0.692 0.706 0.711 0.714 0.719 0.73 0.741 0.744 0.751 0.766 0.782 0.788 0.806 0.812 0.826 0.841 0.85 0.87 0.881 0.896 0.929 0.953 0.966 0.991 1.009 1.021 1.031 1.054 1.067 1.099 1.112 1.134 1.158 1.173 1.212 1.235 1.262 1.279 1.317 1.352 1.378 1.413 1.453 1.476 1.522 1.59 1.97 2.058 2.059 2.062 2.062 2.062 2.062 2.063 0 0 0 2.053 2.051 2.044 2.042 2.044 2.044 2.044 2.047 2.047 2.044 2.04 2.035 2.035 2.035 2.035 2.035 2.032 1.771 1.766 1.746 1.758 1.753 1.753 1.758 1.758 1.758 0 1.786 0 0.007 1.786 1.779 1.77 1.769 1.765 1.765 1.765 0 0 0 0 1.302 1.244 1.187 1.121 1.07 1.029 0.977 0.928 0.928 0.91 0.882 0.836 0.8 0.776 0.76 0.736 0.719 0.691 0.683 0.661 0.641 0.64 0.612 0.603 0.585 0.575 0.566 0.545 0.544 0.544 0.545 0.545 0.546 0.549 0.55 0.55 0.552 0.552 0.553 0.559 0.56 0.563 0.563 0.566 0.568 0.568 0.568 0.568 0.572 0.575 0.578 0.578 0.58 0.58 0.584 0.584 0.585 0.587 0.587 0.591 0.591 0.593 0.598 0.6 0.6 0.605 0.605 0.606 0.612 0.615 0.612 0.613 0.613 0.62 0.621 0.628 0.628 0.628 0.63 0.638 0.638 0.644 0.646 0.65 0.651 0.651 0.651 0.659 0.661 0.664 0.665 0.673 0.678 0.678 0.685 0.685 0.688 0.688 0.691 0.696 0.696 0.702 0.706 0.713 0.713 0.725 0.729 0.732 0.732 0.738 0.75 0.754 0.755 0.763 0.765 0.768 0.771 0.78 0.78 0.792 0.794 0.796 0.803 0.808 0.817 0.822 0.832 0.836 0.843 0.844 0.861 0.868 0.87 0.88 0.908 0.908 0.908 0.905 0.89 0.889 0.885 0.883 0.883 0.882 0.874 0.872 0.869 0.869 0.866 0.863 0.86 0.86 0.855 0.848 0.845 0.844 0.842 0.839 0.835 0.829 0.827 0.822 0.821 0.814 0.805 0.797 0.797 0.797 0.797 0.796 0.796 0.796 0.79 0.789 0.789 0.789 0.79 0.791 0.791 0.791 0.791 0.797 0.811 0.814 0.833 0.856 1.635 1.645 1.648 1.649 1.65 1.65 1.652 1.662 1.67 1.711 1.813 1.877 1.94 2.009 2.084 2.139 2.214 2.246 2.246 2.246 2.236 2.235 2.234 2.231 2.234 2.234 2.231 2.235 2.235 2.235 2.229 2.227 2.227 2.225 2.225 2.225 2.225 2.225 2.225 2.225 2.225 2.226 2.224 2.226 2.222 2.222 2.222 2.223 2.223 2.225 2.226 2.225 2.225 2.229 2.229 2.231 2.232 2.232 2.231 2.234 2.235 2.231 2.228 2.235 2.235 2.231 2.236 2.237 2.237 2.238 2.242 2.242 2.242 2.245 2.241 2.241 2.241 2.25 2.258 2.266 2.266 2.269 2.271 2.272 2.272 2.278 2.284 3.139 3.148 3.152 3.152 3.155 3.164 3.168 3.172 3.184 3.192 3.192 3.195 3.208 3.219 3.222 3.227 3.231 3.246 3.251 3.263 3.264 3.275 3.285 3.291 3.296 3.307 3.31 3.315 3.325 3.335 3.338 3.353 3.357 3.37 3.378 3.378 3.378 3.34 3.303 3.25 3.213 3.185 3.185 3.157 3.127 0.925 0.925 0.882 0.839 0.832 0.81 0.805 0.782 0.776 0.766 0.74 0.74 0.738 0.737 0.737 0.73 0.727 0.712 0.706 0.695 0.678 0.676 0.67 0.659 0.654 0.642 0.64 0.634 0.629 0.623 0.622 0.609 0.603 0.596 0.586 0.579 0.577 0.569 0.563 0.562 0.56 0.556 0.551 0.549 0.541 0.534 0.531 0.53 0.52 0.515 0.514 0.512 0.508 0.503 0.502 0.497 0.492 0.489 0.484 0.482 0.48 0.474 0.474 0.472 0.464 0.463 0.46 0.46 0.45 0.45 0.45 0.45 0.45 0.449 0.44 0.439 0.433 0.431 0.431 0.427 0.426 0.426 0.423 0.423 0.418 0.418 0.412 0.412 0.41 0.407 0.407 0.407 0.396 0.396 0.396 0.394 0.394 0.397 0.397 0.396 0.396 0.381 0.373 0.37 0.37 0.371 0.368 0.368 0.366 0.361 0.361 0.361 0.361 0.361 0.358 0.354 0.354 0.354 0.354 0.354 0.351 0.345 0.345 0.344 0.344 0.344 0.344 0.343 0.343 0.343 0.339 0.339 0.339 0.339 0.335 0.335 0.332 0.332 0.33 0.33 0.331 0.331 0.327 0.331 0.327 0.327 0.334 0.334 0.328 0.333 0.328 0.325 0.325 0.326 0.325 0.324 0.324 0.324 0.324 0.324 0.325 0.336 0.336 0.367 0.565 0.606 0.613 0.615 0.615 
1 1 1 1 1 1 1 1 1 1 1 1 1 1 1 1 1 1 1 1 1 1 1 1 1 1 1 1 1 1 1 1 1 1 1 1 1 1 1 1 1 1 1 1 1 1 1 1 1 1 1 1 1 1 1 1 1 1 1 1 1 1 1 1 1 1 1 1 1 1 1 1 1 1 1 1 1 1 1 1 1 1 1 1 1 1 1 1 1 1 1 1 1 1 1 1 1 1 1 1 1 1 1 1 1 1 1 1 1 1 1 1 1 1 1 1 1 1 1 1 1 1 1 1 1 1 1 1 1 1 1 1 1 1 1 1 1 1 1 1 1 1 1 1 1 1 1 1 1 1 1 0 0 0 1 1 1 1 1 1 1 1 1 1 1 1 1 1 1 1 1 1 1 1 1 1 1 1 1 1 0 1 0 0 1 1 1 1 1 1 1 0 0 0 0 1 1 1 1 1 1 1 1 1 1 1 1 1 1 1 1 1 1 1 1 1 1 1 1 1 1 1 1 1 1 1 1 1 1 1 1 1 1 1 1 1 1 1 1 1 1 1 1 1 1 1 1 1 1 1 1 1 1 1 1 1 1 1 1 1 1 1 1 1 1 1 1 1 1 1 1 1 1 1 1 1 1 1 1 1 1 1 1 1 1 1 1 1 1 1 1 1 1 1 1 1 1 1 1 1 1 1 1 1 1 1 1 1 1 1 1 1 1 1 1 1 1 1 1 1 1 1 1 1 1 1 1 1 1 1 1 1 1 1 1 1 1 1 1 1 1 1 1 1 1 1 1 1 1 1 1 1 1 1 1 1 1 1 1 1 1 1 1 1 1 1 1 1 1 1 1 1 1 1 1 1 1 1 1 1 1 1 1 1 1 1 1 1 1 1 1 1 1 1 1 1 1 1 1 1 1 1 1 1 1 1 1 1 1 1 1 1 1 1 1 1 1 1 1 1 1 1 1 1 1 1 1 1 1 1 1 1 1 1 1 1 1 1 1 1 1 1 1 1 1 1 1 1 1 1 1 1 1 1 1 1 1 1 1 1 1 1 1 1 1 1 1 1 1 1 1 1 1 1 1 1 1 1 1 1 1 1 1 1 1 1 1 1 1 1 1 1 1 1 1 1 1 1 1 1 1 1 1 1 1 1 1 1 1 1 1 1 1 1 1 1 1 1 1 1 1 1 1 1 1 1 1 1 1 1 1 1 1 1 1 1 1 1 1 1 1 1 1 1 1 1 1 1 1 1 1 1 1 1 1 1 1 1 1 1 1 1 1 1 1 1 1 1 1 1 1 1 1 1 1 1 1 1 1 1 1 1 1 1 1 1 1 1 1 1 1 1 1 1 1 1 1 1 1 1 1 1 1 1 1 1 1 1 1 1 1 1 1 1 1 1 1 1 1 1 1 1 1 1 1 1 1 1 1 1 1 1 1 1 1 1 1 1 1 1 1 1 1 1 1 1 1 1 1 1 1 1 1 1 1 1 1 1 1 1 1 1 1 1 1 1 1 1 1 1 1 1 1 1 1 1 1 1 1 1 1 1 
