# This file contains a 2D laser scan observation. 
# Its format is: 
# [aperture] [max_range] [number_of_scans] 
# [vector_of_scans] 
# [vector_of_valid_scans] 
# The aperture of the sensor is in radians, the maximum range 
# and measurements are in meters. '1' means a valid scan, '0' otherwise.
4.1847
5.6
682
0.387 0.394 0.402 0.402 0.409 0.409 0.409 0.401 0.4 0.399 0.399 0.396 0.396 0.399 0.4 0.403 0.41 0.423 0.423 0.43 0.43 0.423 0.433 0.438 0.438 0.433 0.437 0.437 0.437 0.44 0.44 0.441 0.441 0.442 0.445 0.448 0.448 0.452 0.453 0.452 0.448 0.441 0.434 0.389 0.387 0.383 0.378 0.378 0.38 0.379 0.379 0.379 0.368 0.368 0.362 0.357 0.35 0.356 0.35 0.349 0.349 0.348 0.348 0.35 0.352 0.352 0.353 0.353 0.353 0.348 0.353 0.35 0.35 0.354 0.354 0.35 0.358 0.358 0.358 0.359 0.359 0.359 0.357 0.357 0.357 0.367 0.371 0.375 0.377 0.378 0.378 0.386 0.393 0.401 0.408 0.412 0.412 0.415 0.426 0.459 0.6 0.6 0.6 0.599 0.458 0.431 0.428 0.424 0.423 0.42 0.415 0.415 0.415 0.409 0.409 0.415 0.418 0.418 0.421 0.423 0.426 0.432 0.432 0.434 0.434 0.449 0.449 0.45 0.45 0.458 0.458 0.461 0.475 0.478 0.482 0.487 0.5 0.503 0.504 0.508 0.508 0.508 0.548 0.549 0.561 0.569 0.58 0.583 0.588 0.598 0.608 0.61 0.619 0.63 0.64 0.641 0.654 0.662 0.676 0.681 0.7 0.705 0.709 0.729 0.742 0.755 0.767 0.783 0.789 0.811 0.818 0.839 0.842 0.845 0.845 0.849 0.878 0.905 0.928 0.954 0.998 1.125 1.129 1.138 1.156 1.156 1.156 1.02 1.02 1.02 1.028 1.634 1.634 1.634 1.451 1.451 1.451 1.634 1.634 1.634 1.608 1.592 1.583 1.574 1.574 1.571 1.568 1.568 1.57 1.571 1.573 1.577 1.582 1.588 1.596 1.597 1.623 1.871 1.875 1.876 1.876 1.876 1.876 1.88 1.88 1.885 1.885 1.888 1.888 1.889 1.897 1.898 1.898 1.898 1.904 1.908 1.913 1.913 1.913 1.917 1.917 1.919 1.921 1.922 1.927 1.933 1.933 1.933 1.805 1.773 1.747 1.731 1.709 1.673 1.649 1.609 1.582 1.55 1.529 1.499 1.484 1.47 1.431 1.417 1.401 1.391 1.37 1.369 1.355 1.345 1.342 1.338 1.336 1.336 1.335 1.336 1.339 1.339 1.337 1.339 1.338 1.337 1.338 1.339 1.341 1.346 1.35 1.353 1.354 1.36 1.363 1.38 1.389 1.393 1.405 1.427 1.451 1.792 1.792 1.792 1.77 1.756 1.755 1.723 1.704 1.694 1.672 1.668 1.648 1.634 1.621 1.611 1.586 1.58 1.566 1.545 1.535 1.53 1.517 1.508 1.492 1.48 1.477 1.477 1.477 1.483 1.488 1.5 1.51 1.514 1.527 1.544 2.545 2.545 2.545 2.527 2.516 2.516 2.507 2.505 0.502 0.501 0.494 0.496 0.496 0.494 0.482 0.482 0.471 0.464 0.464 0.461 0.461 0.461 0.459 0.457 0.459 0.455 0.455 0.455 0.451 0.448 0.448 0.446 0.442 0.442 0.442 0.442 0.442 0.442 0.439 0.439 0.443 0.439 0.443 0.445 0.445 0.445 0.449 0.451 0.451 0.456 0.461 0.468 0.48 0.481 0.488 0.49 0.515 0.535 0.541 0.55 0.556 0.563 0.566 0.585 0.591 0.609 0.613 0.616 0.628 0.637 0.64 0.658 0.669 0.685 0.701 0.701 0.729 0.74 0.75 0.762 0.763 0.789 0.806 0.815 0.832 0.855 0.866 0.897 0.902 0.922 0.956 0.984 0.997 0.997 0.997 0.997 0.997 0.996 0.989 0.988 0.969 0.969 0.967 0.967 0.964 0.96 0.96 0.958 0.958 0.958 0.958 0.969 0.969 0.969 0.969 0.964 0.964 0.964 0.964 0.96 0.964 0.964 0.963 0.967 0.967 0.964 0.964 0.967 0.965 0.969 0.969 0.965 0.965 0.966 0.966 0.979 0.979 0.979 0.979 0.979 0.978 0.98 0.976 0.975 0.975 0.982 0.983 0.983 0.985 0.985 0.985 0.983 0.983 0.983 0.983 0.983 0.988 0.988 0.989 0.989 0.989 0.989 0.988 0.988 0.988 0.998 0.998 0.999 0.999 1 1 1.005 1.005 1.009 1.01 1.011 1.01 1.011 1.015 1.015 1.02 1.021 1.02 1.021 1.031 1.031 1.031 1.034 1.036 1.04 1.036 1.036 1.036 1.031 1.031 1.037 1.048 1.048 1.048 1.048 1.049 1.056 1.06 1.064 1.068 1.069 1.07 1.072 1.079 1.079 1.082 1.091 1.092 1.095 1.097 1.104 1.104 1.113 1.113 1.117 1.125 1.128 1.14 1.142 1.153 1.157 1.162 1.163 1.164 1.17 1.183 1.192 1.193 1.194 1.195 1.202 2.295 2.313 2.32 2.32 2.336 2.343 2.353 2.355 2.361 2.382 2.383 2.394 2.417 2.428 2.437 2.448 2.459 2.475 2.475 2.475 2.473 2.448 2.442 2.428 2.41 2.391 2.374 2.368 2.354 2.342 2.334 2.315 2.304 2.289 2.278 2.264 2.251 2.238 2.234 2.217 2.202 2.197 2.18 2.177 2.165 2.148 2.144 2.134 2.124 2.118 2.106 2.1 2.094 2.094 2.094 2.118 2.137 2.149 2.194 2.244 2.263 2.293 2.311 2.327 2.365 2.374 2.409 2.424 2.452 2.48 2.506 2.528 2.56 2.597 2.63 2.638 2.707 2.831 2.858 2.927 0.007 0 0.007 0 0 0.007 0 0 0 0 0 0 0 0 0 0 0 0 0 0 0 4.244 4.235 4.229 4.229 4.229 4.227 4.227 4.227 0 0 0 0 0 
1 1 1 1 1 1 1 1 1 1 1 1 1 1 1 1 1 1 1 1 1 1 1 1 1 1 1 1 1 1 1 1 1 1 1 1 1 1 1 1 1 1 1 1 1 1 1 1 1 1 1 1 1 1 1 1 1 1 1 1 1 1 1 1 1 1 1 1 1 1 1 1 1 1 1 1 1 1 1 1 1 1 1 1 1 1 1 1 1 1 1 1 1 1 1 1 1 1 1 1 1 1 1 1 1 1 1 1 1 1 1 1 1 1 1 1 1 1 1 1 1 1 1 1 1 1 1 1 1 1 1 1 1 1 1 1 1 1 1 1 1 1 1 1 1 1 1 1 1 1 1 1 1 1 1 1 1 1 1 1 1 1 1 1 1 1 1 1 1 1 1 1 1 1 1 1 1 1 1 1 1 1 1 1 1 1 1 1 1 1 1 1 1 1 1 1 1 1 1 1 1 1 1 1 1 1 1 1 1 1 1 1 1 1 1 1 1 1 1 1 1 1 1 1 1 1 1 1 1 1 1 1 1 1 1 1 1 1 1 1 1 1 1 1 1 1 1 1 1 1 1 1 1 1 1 1 1 1 1 1 1 1 1 1 1 1 1 1 1 1 1 1 1 1 1 1 1 1 1 1 1 1 1 1 1 1 1 1 1 1 1 1 1 1 1 1 1 1 1 1 1 1 1 1 1 1 1 1 1 1 1 1 1 1 1 1 1 1 1 1 1 1 1 1 1 1 1 1 1 1 1 1 1 1 1 1 1 1 1 1 1 1 1 1 1 1 1 1 1 1 1 1 1 1 1 1 1 1 1 1 1 1 1 1 1 1 1 1 1 1 1 1 1 1 1 1 1 1 1 1 1 1 1 1 1 1 1 1 1 1 1 1 1 1 1 1 1 1 1 1 1 1 1 1 1 1 1 1 1 1 1 1 1 1 1 1 1 1 1 1 1 1 1 1 1 1 1 1 1 1 1 1 1 1 1 1 1 1 1 1 1 1 1 1 1 1 1 1 1 1 1 1 1 1 1 1 1 1 1 1 1 1 1 1 1 1 1 1 1 1 1 1 1 1 1 1 1 1 1 1 1 1 1 1 1 1 1 1 1 1 1 1 1 1 1 1 1 1 1 1 1 1 1 1 1 1 1 1 1 1 1 1 1 1 1 1 1 1 1 1 1 1 1 1 1 1 1 1 1 1 1 1 1 1 1 1 1 1 1 1 1 1 1 1 1 1 1 1 1 1 1 1 1 1 1 1 1 1 1 1 1 1 1 1 1 1 1 1 1 1 1 1 1 1 1 1 1 1 1 1 1 1 1 1 1 1 1 1 1 1 1 1 1 1 1 1 1 1 1 1 1 1 1 1 1 1 1 1 1 1 1 1 1 1 1 1 1 1 1 1 1 1 1 1 1 1 1 1 1 1 1 1 1 1 1 1 1 1 1 1 1 1 1 1 1 1 1 1 0 0 0 0 0 0 0 0 0 0 0 0 0 0 0 0 0 0 0 0 0 1 1 1 1 1 1 1 1 0 0 0 0 0 
