# This file contains a 2D laser scan observation. 
# Its format is: 
# [aperture] [max_range] [number_of_scans] 
# [vector_of_scans] 
# [vector_of_valid_scans] 
# The aperture of the sensor is in radians, the maximum range 
# and measurements are in meters. '1' means a valid scan, '0' otherwise.
4.1847
5.6
682
0.81 0.857 0.861 0.861 0.859 0.863 0.863 0.867 0.877 0.877 0.877 0.866 0.862 0.853 0.853 0.854 0.849 0.844 0.836 0.836 0.836 0.839 0.842 0.846 0.864 1.085 1.224 1.224 1.224 1.165 1.119 1.115 1.115 1.119 1.115 1.075 0.861 0.842 0.839 0.838 0.825 0.82 0.818 0.817 0.809 0.809 0.813 0.813 0.813 0.813 0.81 0.81 0.809 0.802 0.802 0.802 0.802 0.802 0.805 0.81 0.81 0.815 0.816 0.816 0.826 0.83 0.832 0.834 0.84 0.845 0.855 0.871 0.875 0.952 1.007 1.007 1.007 1.004 1.004 1.004 1.016 1.016 1.016 1.01 1.01 1.008 1.008 1 0.997 0.997 0.995 0.994 0.992 0.986 0.98 0.98 0.978 0.977 0.977 0.977 0.977 0.966 0.965 0.965 0.965 0.965 0.965 0.962 0.957 0.955 0.952 0.952 0.949 0.947 0.942 0.942 0.94 0.94 0.94 0.939 0.933 0.932 0.932 0.93 0.93 0.93 0.93 0.93 0.926 0.374 0.358 0.342 0.334 0.334 0.334 0.333 0.328 0.327 0.327 0.326 0.319 0.316 0.315 0.315 0.314 0.309 0.309 0.309 0.309 0.302 0.302 0.305 0.302 0.302 0.3 0.299 0.298 0.296 0.292 0.289 0.288 0.288 0.289 0.288 0.292 0.292 0.288 0.288 0.288 0.288 0.289 0.293 0.295 0.295 0.295 0.29 0.29 0.288 0.288 0.288 0.291 0.289 0.29 0.289 0.289 0.289 0.289 0.289 0.289 0.292 0.292 0.289 0.289 0.289 0.289 0.289 0.289 0.29 0.291 0.293 0.29 0.293 0.295 0.293 0.295 0.295 0.295 0.298 0.304 0.302 0.304 0.304 0.305 0.304 0.304 0.304 0.304 0.304 0.305 0.309 0.312 0.313 0.313 0.313 0.314 0.315 0.315 0.316 0.32 0.32 0.323 0.324 0.325 0.332 0.334 0.345 0.345 0.355 0.355 0.356 0.359 0.387 0.533 0.732 0.732 0.732 0.728 0.727 0.721 0.706 0.704 0.693 0.692 0.689 0.678 0.673 0.669 0.666 0.655 0.654 0.648 0.647 0.637 0.622 0.615 0.615 0.614 0.613 0.612 0.595 0.595 0.593 0.589 0.584 0.581 0.576 0.574 0.569 0.567 0.565 0.559 0.554 0.553 0.55 0.545 0.544 0.532 0.529 0.527 0.527 0.527 0.525 0.525 0.519 0.516 0.507 0.506 0.506 0.505 0.506 0.506 0.499 0.496 0.49 0.49 0.487 0.487 0.481 0.481 0.479 0.479 0.475 0.475 0.472 0.471 0.471 0.471 0.46 0.46 0.46 0.459 0.459 0.46 0.455 0.455 0.452 0.452 0.446 0.442 0.442 0.442 0.445 0.44 0.441 0.441 0.437 0.436 0.433 0.433 0.43 0.426 0.426 0.43 0.432 0.432 0.432 0.432 0.424 0.424 0.432 0.436 0.438 0.448 0.451 0.462 0.466 0.466 0.478 0.494 0.506 1.264 1.27 1.27 1.266 1.265 1.265 1.262 1.257 1.256 1.256 1.253 1.25 1.247 1.247 1.247 1.243 1.24 1.243 1.238 1.238 1.238 1.233 1.232 1.232 1.229 1.227 1.226 1.226 1.226 1.226 1.226 1.226 1.226 1.223 1.222 1.22 1.218 1.218 1.217 1.217 1.218 1.217 1.218 1.219 1.219 1.218 1.219 1.218 1.218 1.215 1.214 1.207 1.171 1.168 1.168 1.171 1.177 1.21 1.213 1.217 1.221 1.221 1.222 1.222 1.222 1.222 1.222 1.222 1.222 1.222 1.223 1.223 1.224 1.224 1.224 1.226 1.226 1.226 1.229 1.23 1.233 1.233 1.233 1.234 1.237 1.241 1.241 1.242 1.242 1.242 1.242 1.249 1.251 1.251 1.251 1.255 1.257 1.263 1.264 1.269 1.276 1.276 1.276 1.276 1.279 1.279 1.279 1.281 1.282 1.288 1.296 1.3 1.3 1.3 1.303 1.309 1.311 1.32 1.323 1.326 1.327 1.334 1.335 1.338 1.345 1.345 1.345 1.338 1.322 1.306 1.288 1.269 1.259 1.234 1.228 1.213 1.198 1.181 1.168 1.154 1.137 1.125 1.115 1.102 1.086 1.085 1.07 1.048 1.046 1.037 1.032 1.016 1.013 0.999 0.981 0.98 0.968 0.967 0.958 0.945 0.935 0.935 0.931 0.921 0.912 0.909 0.897 0.893 0.889 0.881 0.868 0.867 0.862 0.853 0.852 0.852 0.829 0.829 0.828 0.818 0.817 0.817 0.813 0.813 0.807 0.8 0.798 0.787 0.783 0.782 0.773 0.773 0.77 0.757 0.754 0.752 0.746 0.745 0.743 0.741 0.737 0.731 0.729 0.726 0.726 0.724 0.723 0.715 0.712 0.709 0.708 0.707 0.707 0.705 0.694 0.694 0.692 0.683 0.681 0.681 0.677 0.676 0.674 0.673 0.668 0.668 0.668 0.668 0.658 0.658 0.658 0.657 0.65 0.65 0.648 0.644 0.64 0.64 0.64 0.639 0.639 0.638 0.638 0.636 0.632 0.632 0.629 0.628 0.625 0.623 0.622 0.62 0.618 0.617 0.616 0.616 0.616 0.616 0.616 0.614 0.611 0.608 0.605 0.608 0.604 0.604 0.613 0.613 0.605 0.605 0.603 0.597 0.597 0.597 0.6 0.597 0.595 0.595 0.595 0.595 0.595 0.592 0.598 0.596 0.592 0.592 0.588 0.587 0.587 0.588 0.588 0.588 0.588 0.588 0.588 0.588 0.591 0.594 0.594 0.598 0.601 0.601 0.609 0.609 0.611 0.622 0.622 0.611 0.611 0.604 0.601 0.6 0.6 0.6 0.598 0.596 0.588 0.584 0.588 0.596 0.59 0.596 
1 1 1 1 1 1 1 1 1 1 1 1 1 1 1 1 1 1 1 1 1 1 1 1 1 1 1 1 1 1 1 1 1 1 1 1 1 1 1 1 1 1 1 1 1 1 1 1 1 1 1 1 1 1 1 1 1 1 1 1 1 1 1 1 1 1 1 1 1 1 1 1 1 1 1 1 1 1 1 1 1 1 1 1 1 1 1 1 1 1 1 1 1 1 1 1 1 1 1 1 1 1 1 1 1 1 1 1 1 1 1 1 1 1 1 1 1 1 1 1 1 1 1 1 1 1 1 1 1 1 1 1 1 1 1 1 1 1 1 1 1 1 1 1 1 1 1 1 1 1 1 1 1 1 1 1 1 1 1 1 1 1 1 1 1 1 1 1 1 1 1 1 1 1 1 1 1 1 1 1 1 1 1 1 1 1 1 1 1 1 1 1 1 1 1 1 1 1 1 1 1 1 1 1 1 1 1 1 1 1 1 1 1 1 1 1 1 1 1 1 1 1 1 1 1 1 1 1 1 1 1 1 1 1 1 1 1 1 1 1 1 1 1 1 1 1 1 1 1 1 1 1 1 1 1 1 1 1 1 1 1 1 1 1 1 1 1 1 1 1 1 1 1 1 1 1 1 1 1 1 1 1 1 1 1 1 1 1 1 1 1 1 1 1 1 1 1 1 1 1 1 1 1 1 1 1 1 1 1 1 1 1 1 1 1 1 1 1 1 1 1 1 1 1 1 1 1 1 1 1 1 1 1 1 1 1 1 1 1 1 1 1 1 1 1 1 1 1 1 1 1 1 1 1 1 1 1 1 1 1 1 1 1 1 1 1 1 1 1 1 1 1 1 1 1 1 1 1 1 1 1 1 1 1 1 1 1 1 1 1 1 1 1 1 1 1 1 1 1 1 1 1 1 1 1 1 1 1 1 1 1 1 1 1 1 1 1 1 1 1 1 1 1 1 1 1 1 1 1 1 1 1 1 1 1 1 1 1 1 1 1 1 1 1 1 1 1 1 1 1 1 1 1 1 1 1 1 1 1 1 1 1 1 1 1 1 1 1 1 1 1 1 1 1 1 1 1 1 1 1 1 1 1 1 1 1 1 1 1 1 1 1 1 1 1 1 1 1 1 1 1 1 1 1 1 1 1 1 1 1 1 1 1 1 1 1 1 1 1 1 1 1 1 1 1 1 1 1 1 1 1 1 1 1 1 1 1 1 1 1 1 1 1 1 1 1 1 1 1 1 1 1 1 1 1 1 1 1 1 1 1 1 1 1 1 1 1 1 1 1 1 1 1 1 1 1 1 1 1 1 1 1 1 1 1 1 1 1 1 1 1 1 1 1 1 1 1 1 1 1 1 1 1 1 1 1 1 1 1 1 1 1 1 1 1 1 1 1 1 1 1 1 1 1 1 1 1 1 1 1 1 1 1 1 1 1 1 1 1 1 1 1 1 1 1 1 1 1 1 1 1 1 1 1 1 1 1 1 1 1 1 1 1 1 1 1 1 1 1 1 1 1 1 1 1 1 1 1 1 1 1 1 
