# This file contains a 2D laser scan observation. 
# Its format is: 
# [aperture] [max_range] [number_of_scans] 
# [vector_of_scans] 
# [vector_of_valid_scans] 
# The aperture of the sensor is in radians, the maximum range 
# and measurements are in meters. '1' means a valid scan, '0' otherwise.
4.1847
5.6
682
1.049 1.056 1.064 1.078 1.098 1.098 1.115 1.115 1.118 1.117 1.116 1.117 1.117 1.116 1.116 1.115 1.11 1.109 1.108 1.108 1.108 1.105 1.108 1.108 1.105 1.105 1.108 1.116 1.116 1.116 1.111 1.08 1.068 0.928 0.875 0.776 0.776 0.75 0.664 0.376 0.374 0.374 0.374 0.374 0.374 0.371 0.371 0.371 0.371 0.371 0.368 0.369 0.369 0.369 0.37 0.371 0.371 0.374 0.381 0.381 0.377 0.377 0.377 0.376 0.377 0.376 0.376 0.376 0.381 0.376 0.382 0.385 0.385 0.389 0.389 0.389 0.389 0.389 0.389 0.388 0.392 0.391 0.395 0.391 0.395 0.395 0.395 0.4 0.401 1.059 1.059 1.059 0.427 0.427 0.427 0.427 0.429 0.429 0.429 0.427 0.427 0.427 0.432 1.262 1.263 1.272 1.272 1.284 1.29 1.29 1.29 1.291 1.291 1.303 1.303 1.304 1.317 1.319 1.329 1.335 1.337 1.347 1.35 1.357 1.368 1.368 1.368 1.356 1.283 1.283 1.281 1.281 1.283 1.316 1.362 1.362 1.362 1.362 1.336 1.335 1.325 1.314 1.26 1.237 1.233 1.231 1.221 1.215 1.202 1.196 1.194 1.194 1.194 1.198 1.198 1.198 1.187 1.184 1.176 1.167 1.162 1.152 1.145 1.139 1.133 1.132 1.122 1.111 1.105 1.105 1.102 1.098 1.094 1.09 1.086 1.072 1.072 1.069 1.053 1.049 1.047 1.047 1.044 1.042 1.038 1.033 1.029 1.027 1.023 1.02 1.012 1 0.998 0.997 0.997 0.992 0.991 0.988 0.983 0.98 0.978 0.976 0.976 0.962 0.952 0.929 0.929 0.929 0.933 0.938 0.938 0.942 0.942 0.933 0.933 0.933 0.933 0.933 0.93 0.93 0.922 0.913 0.906 0.895 0.889 0.884 0.883 0.883 0.889 0.897 0.897 0.9 0.9 0.898 0.898 0.898 0.895 0.857 0.821 0.817 0.817 0.816 0.817 0.817 0.818 0.815 0.815 0.815 0.814 0.814 0.817 0.844 0.872 0.872 0.872 0.872 0.872 0.872 0.867 0.869 0.867 0.869 0.868 0.868 0.868 0.868 0.867 0.867 0.868 0.867 0.865 0.868 0.869 0.87 0.87 0.871 0.871 0.87 0.866 0.866 0.866 0.865 0.872 0.875 0.872 0.872 0.872 0.872 0.871 0.869 0.869 0.867 0.866 0.866 0.863 0.86 0.86 0.863 0.865 0.866 0.867 0.869 0.868 0.868 0.869 0.875 0.875 0.875 0.875 0.875 0.876 0.88 0.876 0.88 0.88 0.88 0.881 0.883 0.887 0.887 0.89 0.89 0.894 0.9 0.9 0.896 0.902 0.898 0.898 0.898 0.898 0.898 0.907 0.914 0.913 0.914 0.915 0.915 0.918 0.921 0.925 0.925 0.925 0.926 0.926 0.926 0.931 0.933 0.942 0.942 0.942 0.942 0.921 0.914 0.9 0.887 0.88 0.862 0.859 0.854 0.851 0.828 0.809 0.809 0.806 0.805 0.78 0.77 0.767 0.764 0.747 0.744 0.743 0.736 0.727 0.725 0.713 0.71 0.7 0.684 0.674 0.672 0.671 0.67 0.669 0.661 0.65 0.645 0.637 0.637 0.633 0.629 0.622 0.621 0.614 0.614 0.606 0.603 0.603 0.598 0.591 0.585 0.585 0.583 0.576 0.572 0.568 0.563 0.559 0.559 0.557 0.557 0.548 0.546 0.544 0.537 0.536 0.535 0.528 0.528 0.528 0.518 0.518 0.514 0.51 0.51 0.51 0.506 0.504 0.502 0.5 0.496 0.495 0.495 0.489 0.489 0.489 0.49 0.49 0.49 0.485 0.476 0.468 0.467 0.466 0.466 0.465 0.463 0.463 0.46 0.46 0.46 0.456 0.455 0.455 0.453 0.45 0.448 0.445 0.445 0.443 0.441 0.441 0.438 0.441 0.441 0.436 0.436 0.436 0.434 0.431 0.429 0.429 0.429 0.428 0.428 0.423 0.421 0.421 0.421 0.421 0.421 0.419 0.419 0.417 0.416 0.416 0.409 0.407 0.407 0.407 0.406 0.406 0.406 0.406 0.406 0.406 0.413 0.413 0.413 0.402 0.402 0.402 0.402 0.403 0.403 0.403 0.402 0.4 0.396 0.396 0.396 0.389 0.389 0.389 0.389 0.395 0.395 0.395 0.395 0.399 0.401 0.401 0.402 0.401 0.402 0.402 0.402 0.399 0.399 0.399 0.399 0.406 0.406 0.412 0.412 0.406 0.407 0.407 0.407 0.408 0.408 0.412 0.412 0.412 0.413 0.413 0.413 0.409 0.4 0.397 0.398 0.397 0.398 0.397 0.398 0.4 0.4 0.397 0.399 0.397 0.393 0.397 0.397 0.396 0.396 0.396 0.396 0.396 0.399 0.399 0.401 0.401 0.401 0.405 0.405 0.405 0.406 0.406 0.406 0.403 0.403 0.403 0.403 0.406 0.41 0.41 0.407 0.41 0.41 0.41 0.412 0.413 0.416 0.416 0.415 0.413 0.415 0.415 0.417 0.418 0.42 0.42 0.424 0.425 0.427 0.426 0.426 0.426 0.426 0.426 0.426 0.429 0.434 0.434 0.434 0.439 0.439 0.438 0.439 0.438 0.438 0.448 0.449 0.449 0.449 0.449 0.449 0.449 0.453 0.455 0.457 0.459 0.459 0.459 0.459 0.459 0.461 0.462 0.465 0.47 0.47 0.475 0.477 0.477 0.477 0.481 0.485 0.491 0.492 0.497 0.497 0.501 0.501 0.501 0.51 0.513 0.513 0.515 0.515 0.519 0.526 0.527 0.53 0.532 0.536 0.542 0.544 0.551 0.554 0.554 0.561 0.561 0.561 0.566 0.573 0.577 0.582 0.584 0.589 0.59 0.596 
1 1 1 1 1 1 1 1 1 1 1 1 1 1 1 1 1 1 1 1 1 1 1 1 1 1 1 1 1 1 1 1 1 1 1 1 1 1 1 1 1 1 1 1 1 1 1 1 1 1 1 1 1 1 1 1 1 1 1 1 1 1 1 1 1 1 1 1 1 1 1 1 1 1 1 1 1 1 1 1 1 1 1 1 1 1 1 1 1 1 1 1 1 1 1 1 1 1 1 1 1 1 1 1 1 1 1 1 1 1 1 1 1 1 1 1 1 1 1 1 1 1 1 1 1 1 1 1 1 1 1 1 1 1 1 1 1 1 1 1 1 1 1 1 1 1 1 1 1 1 1 1 1 1 1 1 1 1 1 1 1 1 1 1 1 1 1 1 1 1 1 1 1 1 1 1 1 1 1 1 1 1 1 1 1 1 1 1 1 1 1 1 1 1 1 1 1 1 1 1 1 1 1 1 1 1 1 1 1 1 1 1 1 1 1 1 1 1 1 1 1 1 1 1 1 1 1 1 1 1 1 1 1 1 1 1 1 1 1 1 1 1 1 1 1 1 1 1 1 1 1 1 1 1 1 1 1 1 1 1 1 1 1 1 1 1 1 1 1 1 1 1 1 1 1 1 1 1 1 1 1 1 1 1 1 1 1 1 1 1 1 1 1 1 1 1 1 1 1 1 1 1 1 1 1 1 1 1 1 1 1 1 1 1 1 1 1 1 1 1 1 1 1 1 1 1 1 1 1 1 1 1 1 1 1 1 1 1 1 1 1 1 1 1 1 1 1 1 1 1 1 1 1 1 1 1 1 1 1 1 1 1 1 1 1 1 1 1 1 1 1 1 1 1 1 1 1 1 1 1 1 1 1 1 1 1 1 1 1 1 1 1 1 1 1 1 1 1 1 1 1 1 1 1 1 1 1 1 1 1 1 1 1 1 1 1 1 1 1 1 1 1 1 1 1 1 1 1 1 1 1 1 1 1 1 1 1 1 1 1 1 1 1 1 1 1 1 1 1 1 1 1 1 1 1 1 1 1 1 1 1 1 1 1 1 1 1 1 1 1 1 1 1 1 1 1 1 1 1 1 1 1 1 1 1 1 1 1 1 1 1 1 1 1 1 1 1 1 1 1 1 1 1 1 1 1 1 1 1 1 1 1 1 1 1 1 1 1 1 1 1 1 1 1 1 1 1 1 1 1 1 1 1 1 1 1 1 1 1 1 1 1 1 1 1 1 1 1 1 1 1 1 1 1 1 1 1 1 1 1 1 1 1 1 1 1 1 1 1 1 1 1 1 1 1 1 1 1 1 1 1 1 1 1 1 1 1 1 1 1 1 1 1 1 1 1 1 1 1 1 1 1 1 1 1 1 1 1 1 1 1 1 1 1 1 1 1 1 1 1 1 1 1 1 1 1 1 1 1 1 1 1 1 1 1 1 1 1 1 1 1 1 1 1 1 1 1 1 1 1 1 1 1 1 1 1 1 1 1 1 1 1 1 1 1 1 1 1 1 1 1 1 1 1 1 1 1 1 1 1 1 1 
