# This file contains a 2D laser scan observation. 
# Its format is: 
# [aperture] [max_range] [number_of_scans] 
# [vector_of_scans] 
# [vector_of_valid_scans] 
# The aperture of the sensor is in radians, the maximum range 
# and measurements are in meters. '1' means a valid scan, '0' otherwise.
4.1847
5.6
682
0.613 0.61 0.61 0.601 0.598 0.596 0.592 0.584 0.584 0.581 0.581 0.578 0.578 0.578 0.578 0.583 0.583 0.583 0.583 0.583 0.58 0.58 0.58 0.58 0.579 0.576 0.574 0.573 0.572 0.567 0.555 0.555 0.553 0.549 0.546 0.525 0.525 0.524 0.524 0.524 0.526 1.186 1.216 1.217 1.217 1.216 1.204 1.204 1.175 0.903 0.872 0.872 0.871 0.866 0.865 0.865 0.863 0.859 0.859 0.863 0.872 0.9 0.914 0.914 0.914 0.905 0.905 0.905 0.907 0.918 0.925 1.148 1.158 1.16 1.162 1.162 1.162 1.158 1.158 1.158 1.168 1.17 1.171 1.172 1.173 1.173 1.173 1.172 1.158 1.158 1.158 1.15 1.15 1.15 1.15 1.15 1.15 1.15 1.146 1.144 1.144 1.144 1.14 1.14 1.141 1.141 1.15 1.15 1.149 1.149 1.146 1.146 1.146 1.154 1.154 1.155 1.156 1.157 1.157 1.157 1.159 1.157 1.159 1.16 1.162 1.163 1.167 1.17 1.172 1.188 1.2 1.206 1.229 1.231 1.236 1.244 1.248 1.254 1.254 1.254 1.257 1.257 1.253 1.253 1.253 1.251 1.25 1.25 1.251 1.25 1.251 1.251 1.251 1.251 1.252 1.257 1.272 1.294 1.389 1.389 1.389 1.389 1.389 1.396 1.396 1.396 1.353 1.353 1.353 1.342 1.342 1.391 1.391 1.37 1.37 1.37 1.37 1.37 1.371 1.371 1.371 1.38 1.38 1.38 1.38 1.38 1.356 1.322 1.318 1.318 1.318 1.32 1.323 1.331 1.331 1.349 2.09 2.094 2.118 2.12 2.133 2.139 2.147 2.162 2.164 2.179 2.179 2.179 2.158 2.141 2.115 2.115 2.115 0 0 0 0 0 0 2.088 2.088 2.093 2.108 2.108 2.115 0.015 0.015 0.015 0.007 2.094 2.094 0 0 0 0 2.258 2.253 2.25 2.25 1.33 1.293 1.262 1.165 1.161 1.159 1.161 1.161 1.161 0.007 0 1.154 1.167 1.167 1.167 0 0 0 0 0 0 0 0 0 0 0 0 0 0 0 0 0 0 0 0 0 0 1.922 1.921 1.907 1.879 1.861 1.844 1.831 1.821 1.814 1.804 1.798 1.797 1.795 1.2 1.2 1.2 1.788 1.788 1.788 1.777 1.759 1.754 1.726 1.697 1.679 1.679 1.67 1.67 1.68 1.68 1.68 1.684 1.69 1.695 1.699 1.699 1.699 1.695 1.694 1.694 1.694 0 0 0 0 0 0 1.617 1.617 1.617 1.617 1.617 1.624 1.594 1.546 1.054 0.753 0.722 0.72 0.717 0.72 0.72 1.066 1.072 1.074 1.074 1.075 1.075 1.076 1.077 1.077 1.079 1.079 1.079 1.081 1.079 1.075 1.075 1.075 1.075 1.075 1.082 1.082 1.082 1.084 1.082 1.084 1.089 1.089 1.089 1.089 1.091 1.092 1.093 1.092 1.094 1.094 1.094 1.094 1.106 1.106 1.108 1.108 1.108 1.11 1.11 1.114 1.114 1.114 1.114 1.114 1.114 1.114 1.114 1.123 1.175 1.606 1.622 1.627 1.631 1.631 1.632 1.634 1.634 1.629 1.628 1.582 1.564 1.49 0.791 0.772 0.769 0.765 0.765 0.769 0.784 1.421 1.547 1.547 1.547 1.545 1.545 1.545 0 0 0 0 0 0 1.532 1.532 1.527 1.506 1.496 1.494 1.494 1.496 1.519 1.732 1.734 1.734 1.742 0.007 0.873 0.822 0.822 0.817 0.811 0.817 0.817 0.811 0.811 0.812 0.812 0.007 0.015 0.007 0.015 0.015 0.015 0.807 0.804 0.804 0.8 0.802 0.802 0.803 0.803 0.804 0.809 0.81 0.811 0.81 0.809 0.807 0.807 0.807 0.81 0.81 0.81 0.829 0.829 0.829 0.826 0.826 0.826 0.869 0.965 0.965 0.965 0.957 0.951 0.947 0.938 0.931 0.928 0.919 0.914 0.909 0.898 0.888 0.882 0.873 0.873 0.843 0.812 0.325 0.322 0.322 0.322 0.322 0.323 0.323 0.322 0.322 0.317 0.317 0.314 0.312 0.311 0.309 0.309 0.309 0.309 0.307 0.294 0.29 0.286 0.281 0.281 0.281 0.281 0.274 0.274 0.274 0.274 0.274 0.276 0.276 0.276 0.276 0.265 0.263 0.26 0.259 0.259 0.259 0.259 0.259 0.259 0.26 0.26 0.261 0.261 0.261 0.261 0.261 0.261 0.267 0.267 0.264 0.264 0.264 0.264 0.264 0.265 0.267 0.269 0.269 0.269 0.272 0.272 0.269 0.269 0.27 0.27 0.27 0.274 0.274 0.274 0.277 0.279 0.279 0.279 0.281 0.281 0.282 0.281 0.279 0.279 0.282 0.287 0.289 0.289 0.289 0.289 0.29 0.293 0.294 0.294 0.295 0.334 0.623 0.636 0.642 0.642 0.642 0.64 0.64 0.639 0.639 0.637 0.635 0.635 0.635 0.637 0.638 0.638 0.638 0.644 0.646 0.654 0.659 0.668 0.669 0.678 0.679 0.682 0.682 0.682 0.682 0.678 0.673 0.67 0.655 0.647 0.645 0.642 0.641 0.64 0.639 0.638 0.638 0.638 0.638 0.638 0.638 0.632 0.63 0.63 0.63 0.63 0.637 0.641 0.641 0.643 0.652 0.643 0.643 0.643 0.647 0.647 0.647 0.647 0.648 0.651 0.651 0.651 0.654 0.654 0.658 0.657 0.654 0.657 0.657 0.657 0.658 0.662 0.66 0.662 0.666 0.677 0.677 0.678 0.678 0.67 
1 1 1 1 1 1 1 1 1 1 1 1 1 1 1 1 1 1 1 1 1 1 1 1 1 1 1 1 1 1 1 1 1 1 1 1 1 1 1 1 1 1 1 1 1 1 1 1 1 1 1 1 1 1 1 1 1 1 1 1 1 1 1 1 1 1 1 1 1 1 1 1 1 1 1 1 1 1 1 1 1 1 1 1 1 1 1 1 1 1 1 1 1 1 1 1 1 1 1 1 1 1 1 1 1 1 1 1 1 1 1 1 1 1 1 1 1 1 1 1 1 1 1 1 1 1 1 1 1 1 1 1 1 1 1 1 1 1 1 1 1 1 1 1 1 1 1 1 1 1 1 1 1 1 1 1 1 1 1 1 1 1 1 1 1 1 1 1 1 1 1 1 1 1 1 1 1 1 1 1 1 1 1 1 1 1 1 1 1 1 1 1 1 1 1 1 1 1 1 1 1 1 1 1 1 1 1 1 1 1 1 1 1 0 0 0 0 0 0 1 1 1 1 1 1 0 0 0 0 1 1 0 0 0 0 1 1 1 1 1 1 1 1 1 1 1 1 1 0 0 1 1 1 1 0 0 0 0 0 0 0 0 0 0 0 0 0 0 0 0 0 0 0 0 0 0 1 1 1 1 1 1 1 1 1 1 1 1 1 1 1 1 1 1 1 1 1 1 1 1 1 1 1 1 1 1 1 1 1 1 1 1 1 1 1 1 1 0 0 0 0 0 0 1 1 1 1 1 1 1 1 1 1 1 1 1 1 1 1 1 1 1 1 1 1 1 1 1 1 1 1 1 1 1 1 1 1 1 1 1 1 1 1 1 1 1 1 1 1 1 1 1 1 1 1 1 1 1 1 1 1 1 1 1 1 1 1 1 1 1 1 1 1 1 1 1 1 1 1 1 1 1 1 1 1 1 1 1 1 1 1 1 1 1 1 1 1 1 1 0 0 0 0 0 0 1 1 1 1 1 1 1 1 1 1 1 1 1 0 1 1 1 1 1 1 1 1 1 1 1 0 0 0 0 0 0 1 1 1 1 1 1 1 1 1 1 1 1 1 1 1 1 1 1 1 1 1 1 1 1 1 1 1 1 1 1 1 1 1 1 1 1 1 1 1 1 1 1 1 1 1 1 1 1 1 1 1 1 1 1 1 1 1 1 1 1 1 1 1 1 1 1 1 1 1 1 1 1 1 1 1 1 1 1 1 1 1 1 1 1 1 1 1 1 1 1 1 1 1 1 1 1 1 1 1 1 1 1 1 1 1 1 1 1 1 1 1 1 1 1 1 1 1 1 1 1 1 1 1 1 1 1 1 1 1 1 1 1 1 1 1 1 1 1 1 1 1 1 1 1 1 1 1 1 1 1 1 1 1 1 1 1 1 1 1 1 1 1 1 1 1 1 1 1 1 1 1 1 1 1 1 1 1 1 1 1 1 1 1 1 1 1 1 1 1 1 1 1 1 1 1 1 1 1 1 1 1 1 1 1 1 1 1 1 1 1 1 1 1 1 1 1 1 1 1 1 1 1 1 1 1 1 
