# This file contains a 2D laser scan observation. 
# Its format is: 
# [aperture] [max_range] [number_of_scans] 
# [vector_of_scans] 
# [vector_of_valid_scans] 
# The aperture of the sensor is in radians, the maximum range 
# and measurements are in meters. '1' means a valid scan, '0' otherwise.
4.1847
5.6
682
1.222 1.227 1.242 1.248 1.265 1.4 1.4 1.4 0.664 0.619 0.616 0.608 0.6 0.595 0.595 0.592 0.585 0.583 0.583 0.569 0.569 0.569 0.569 0.569 0.567 0.565 0.555 0.555 0.555 0.555 0.55 0.55 0.546 0.546 0.544 0.541 0.539 0.538 0.538 0.538 0.536 0.536 0.538 0.54 0.541 0.541 0.54 0.54 0.537 0.537 0.538 0.545 0.545 0.545 0.545 0.545 0.546 0.546 0.55 0.551 0.551 0.556 0.556 0.556 0.557 0.566 0.566 0.566 0.569 0.581 0.584 0.593 0.6 0.609 0.613 0.617 0.631 0.644 0.67 0.678 0.686 0.701 0.717 0.748 0.796 0.8 0.805 0.854 0.884 0.894 0.909 0.918 0.935 0.946 0.959 0.966 1.014 1.045 1.077 1.077 1.085 1.085 1.084 1.077 1.077 1.073 1.069 1.064 1.063 1.062 1.063 1.063 1.062 1.062 1.063 1.057 1.054 0.329 0.329 0.327 0.328 0.328 0.33 0.341 0.341 0.342 0.341 0.334 0.329 0.325 0.325 0.325 0.325 0.328 0.328 0.324 0.328 0.329 0.324 0.327 0.327 0.327 0.321 0.324 0.321 0.324 0.322 0.324 0.325 0.326 0.326 0.326 0.326 0.326 0.325 0.322 0.325 0.327 0.325 0.327 0.332 0.327 0.324 0.332 0.331 0.327 0.328 0.331 0.331 0.328 0.329 0.333 0.333 0.335 0.34 0.343 0.35 1.124 1.124 1.124 1.124 1.124 1.108 0.368 0.364 0.364 0.361 0.361 0.356 0.361 0.361 0.366 1.13 1.166 1.18 1.177 1.18 1.18 1.184 1.193 1.195 1.199 1.199 1.204 1.205 1.21 1.215 1.224 1.226 1.229 1.237 1.239 1.246 1.254 1.254 1.263 1.264 1.266 1.269 1.282 1.283 1.291 1.291 1.304 1.305 1.305 1.305 1.233 1.226 1.224 1.224 1.225 1.226 1.258 1.29 1.298 1.298 1.298 1.286 1.266 1.258 1.251 1.239 1.209 1.169 1.154 1.144 1.143 1.14 1.135 1.129 1.129 1.135 1.13 1.141 1.141 1.13 1.129 1.125 1.11 1.104 1.104 1.092 1.086 1.082 1.078 1.073 1.066 1.061 1.056 1.056 1.049 1.049 1.044 1.033 1.033 1.022 1.013 1.011 1.006 1.003 0.994 0.994 0.993 0.991 0.983 0.977 0.977 0.974 0.973 0.964 0.962 0.952 0.949 0.948 0.947 0.941 0.941 0.936 0.93 0.93 0.927 0.926 0.924 0.917 0.917 0.917 0.908 0.908 0.908 0.906 0.904 0.903 0.894 0.894 0.893 0.891 0.891 0.89 0.884 0.878 0.877 0.877 0.874 0.872 0.87 0.867 0.863 0.862 0.86 0.86 0.856 0.86 0.86 0.856 0.855 0.855 0.849 0.847 0.843 0.843 0.843 0.844 0.844 0.844 0.839 0.835 0.832 0.827 0.779 0.777 0.777 0.777 0.774 0.772 0.772 0.774 0.79 0.828 0.831 0.831 0.83 0.831 0.83 0.83 0.83 0.825 0.825 0.826 0.822 0.825 0.826 0.826 0.825 0.827 0.829 0.829 0.829 0.829 0.828 0.823 0.826 0.826 0.826 0.826 0.826 0.821 0.821 0.818 0.821 0.821 0.823 0.818 0.82 0.82 0.823 0.823 0.823 0.823 0.823 0.823 0.823 0.826 0.827 0.827 0.827 0.827 0.827 0.833 0.834 0.834 0.833 0.833 0.833 0.832 0.832 0.835 0.836 0.841 0.841 0.841 0.841 0.843 0.843 0.85 0.844 0.851 0.851 0.853 0.853 0.857 0.858 0.859 0.864 0.866 0.868 0.868 0.868 0.868 0.868 0.869 0.87 0.871 0.876 0.878 0.878 0.88 0.881 0.882 0.884 0.893 0.893 0.894 0.899 0.903 0.907 0.908 0.909 0.915 0.919 0.921 0.923 0.923 0.923 0.909 0.895 0.888 0.878 0.86 0.852 0.852 0.843 0.842 0.833 0.825 0.811 0.801 0.792 0.786 0.78 0.769 0.765 0.762 0.756 0.751 0.749 0.746 0.727 0.726 0.721 0.716 0.712 0.711 0.689 0.689 0.686 0.681 0.674 0.673 0.672 0.668 0.665 0.662 0.65 0.649 0.636 0.634 0.623 0.621 0.621 0.62 0.616 0.611 0.61 0.601 0.598 0.598 0.593 0.593 0.591 0.587 0.586 0.575 0.575 0.572 0.568 0.562 0.559 0.555 0.555 0.555 0.555 0.555 0.556 0.552 0.551 0.545 0.537 0.537 0.537 0.537 0.532 0.522 0.522 0.522 0.522 0.522 0.521 0.516 0.514 0.514 0.511 0.511 0.507 0.504 0.502 0.499 0.499 0.498 0.493 0.496 0.496 0.489 0.489 0.489 0.488 0.489 0.482 0.482 0.481 0.48 0.478 0.473 0.473 0.473 0.47 0.467 0.466 0.468 0.466 0.466 0.466 0.467 0.467 0.467 0.466 0.469 0.466 0.462 0.46 0.46 0.46 0.458 0.455 0.453 0.453 0.452 0.453 0.454 0.454 0.454 0.454 0.452 0.45 0.45 0.449 0.45 0.45 0.45 0.45 0.45 0.448 0.448 0.442 0.442 0.447 0.442 0.442 0.442 0.442 0.442 0.442 0.442 0.443 0.441 0.44 0.44 0.442 0.44 0.442 0.445 0.449 0.456 0.456 0.457 0.457 0.457 0.469 0.469 0.471 0.482 0.482 0.482 0.482 0.467 0.459 0.459 0.459 0.459 0.455 0.453 0.452 0.442 0.443 0.442 0.442 0.443 0.443 0.443 0.446 0.443 0.44 0.442 0.442 0.442 0.443 0.443 0.446 0.447 0.448 0.448 0.449 0.448 0.445 0.445 0.452 0.45 0.45 0.45 0.446 0.446 0.446 
1 1 1 1 1 1 1 1 1 1 1 1 1 1 1 1 1 1 1 1 1 1 1 1 1 1 1 1 1 1 1 1 1 1 1 1 1 1 1 1 1 1 1 1 1 1 1 1 1 1 1 1 1 1 1 1 1 1 1 1 1 1 1 1 1 1 1 1 1 1 1 1 1 1 1 1 1 1 1 1 1 1 1 1 1 1 1 1 1 1 1 1 1 1 1 1 1 1 1 1 1 1 1 1 1 1 1 1 1 1 1 1 1 1 1 1 1 1 1 1 1 1 1 1 1 1 1 1 1 1 1 1 1 1 1 1 1 1 1 1 1 1 1 1 1 1 1 1 1 1 1 1 1 1 1 1 1 1 1 1 1 1 1 1 1 1 1 1 1 1 1 1 1 1 1 1 1 1 1 1 1 1 1 1 1 1 1 1 1 1 1 1 1 1 1 1 1 1 1 1 1 1 1 1 1 1 1 1 1 1 1 1 1 1 1 1 1 1 1 1 1 1 1 1 1 1 1 1 1 1 1 1 1 1 1 1 1 1 1 1 1 1 1 1 1 1 1 1 1 1 1 1 1 1 1 1 1 1 1 1 1 1 1 1 1 1 1 1 1 1 1 1 1 1 1 1 1 1 1 1 1 1 1 1 1 1 1 1 1 1 1 1 1 1 1 1 1 1 1 1 1 1 1 1 1 1 1 1 1 1 1 1 1 1 1 1 1 1 1 1 1 1 1 1 1 1 1 1 1 1 1 1 1 1 1 1 1 1 1 1 1 1 1 1 1 1 1 1 1 1 1 1 1 1 1 1 1 1 1 1 1 1 1 1 1 1 1 1 1 1 1 1 1 1 1 1 1 1 1 1 1 1 1 1 1 1 1 1 1 1 1 1 1 1 1 1 1 1 1 1 1 1 1 1 1 1 1 1 1 1 1 1 1 1 1 1 1 1 1 1 1 1 1 1 1 1 1 1 1 1 1 1 1 1 1 1 1 1 1 1 1 1 1 1 1 1 1 1 1 1 1 1 1 1 1 1 1 1 1 1 1 1 1 1 1 1 1 1 1 1 1 1 1 1 1 1 1 1 1 1 1 1 1 1 1 1 1 1 1 1 1 1 1 1 1 1 1 1 1 1 1 1 1 1 1 1 1 1 1 1 1 1 1 1 1 1 1 1 1 1 1 1 1 1 1 1 1 1 1 1 1 1 1 1 1 1 1 1 1 1 1 1 1 1 1 1 1 1 1 1 1 1 1 1 1 1 1 1 1 1 1 1 1 1 1 1 1 1 1 1 1 1 1 1 1 1 1 1 1 1 1 1 1 1 1 1 1 1 1 1 1 1 1 1 1 1 1 1 1 1 1 1 1 1 1 1 1 1 1 1 1 1 1 1 1 1 1 1 1 1 1 1 1 1 1 1 1 1 1 1 1 1 1 1 1 1 1 1 1 1 1 1 1 1 1 1 1 1 1 1 1 1 1 1 1 1 1 1 1 1 1 1 1 1 1 1 1 1 1 1 1 1 1 1 1 1 1 1 1 1 1 1 
