# This file contains a 2D laser scan observation. 
# Its format is: 
# [aperture] [max_range] [number_of_scans] 
# [vector_of_scans] 
# [vector_of_valid_scans] 
# The aperture of the sensor is in radians, the maximum range 
# and measurements are in meters. '1' means a valid scan, '0' otherwise.
4.1847
5.6
682
1.083 1.083 1.085 1.087 1.121 1.143 1.148 1.155 1.157 1.171 1.173 1.174 1.183 1.188 1.188 1.188 1.136 1.136 1.136 1.138 1.138 1.251 1.345 1.345 1.345 1.399 1.421 1.482 1.529 1.529 1.529 1.14 1.131 1.108 1.099 1.09 1.09 1.081 1.08 1.08 1.08 1.08 1.08 1.081 1.081 1.079 1.079 1.079 1.079 1.079 1.086 1.09 1.094 1.098 1.108 1.11 1.117 1.127 1.145 1.145 1.246 1.246 1.246 1.224 1.217 1.217 1.217 1.264 1.272 1.272 1.272 1.264 1.263 1.254 1.252 1.252 1.243 1.242 0.556 0.531 0.53 0.529 0.528 0.527 0.519 0.513 0.508 0.505 0.504 0.5 0.5 0.5 0.5 0.491 0.492 0.492 0.491 0.491 0.485 0.485 0.485 0.485 0.485 0.477 0.476 0.476 0.475 0.477 0.477 0.477 0.476 0.476 0.476 0.476 0.471 0.471 0.471 0.467 0.466 0.466 0.466 0.466 0.474 0.474 0.47 0.47 0.47 0.47 0.474 0.474 0.474 0.474 0.471 0.471 0.473 0.473 0.476 0.477 0.477 0.484 0.484 0.484 0.484 0.488 0.491 0.493 0.496 0.496 0.497 0.498 0.5 0.506 0.51 0.526 0.53 0.541 0.578 0.623 0.88 0.986 1.014 1.027 1.039 1.082 1.093 1.093 1.082 1.081 1.081 1.08 1.078 1.078 1.078 1.074 1.057 1.057 1.057 1.068 1.079 1.079 1.079 1.08 1.081 1.082 1.085 1.085 1.085 1.084 1.053 1.038 0.989 0.94 0.904 0.879 0.837 0.803 0.763 0.738 0.726 0.686 0.663 0.648 0.627 0.608 0.595 0.592 0.559 0.547 0.529 0.521 0.504 0.485 0.481 0.472 0.464 0.453 0.45 0.432 0.43 0.424 0.414 0.408 0.401 0.389 0.386 0.378 0.377 0.367 0.365 0.36 0.36 0.361 0.361 0.361 0.364 0.361 0.364 0.364 0.364 0.364 0.364 0.361 0.367 0.368 0.368 0.368 0.37 0.37 0.37 0.372 0.374 0.378 0.379 0.379 0.381 0.381 0.381 0.381 0.382 0.388 0.389 0.391 0.393 0.394 0.395 0.397 0.399 0.399 0.403 0.406 0.411 0.411 0.412 0.412 0.414 1.386 1.407 1.415 1.415 1.415 1.415 1.37 1.351 1.351 1.351 1.351 1.37 1.403 1.403 1.403 1.398 1.384 1.372 1.371 1.361 1.349 1.348 1.333 1.316 1.267 1.264 1.262 1.262 1.264 1.272 1.272 1.272 1.262 1.256 1.252 1.244 1.24 1.228 1.224 1.222 1.221 1.214 1.207 1.197 1.197 1.191 1.187 1.185 1.171 1.167 1.161 1.157 1.155 1.154 1.146 1.139 1.137 1.136 1.13 1.127 1.126 1.122 1.117 1.116 1.109 1.109 1.107 1.1 1.099 1.085 1.084 1.084 1.084 1.081 1.075 1.068 1.066 1.066 1.066 1.063 1.063 1.061 1.05 1.049 1.045 1.044 1.044 1.044 1.039 1.039 1.031 1.031 1.031 1.026 1.026 1.025 1.025 1.024 1.024 1.019 1.019 1.018 1.019 1.01 1.004 1.001 1.001 1.001 1.001 1.001 1.001 1.001 1.001 1.001 0.997 0.997 0.995 0.962 0.947 0.946 0.945 0.946 0.947 0.96 0.979 0.98 0.982 0.988 0.988 0.988 0.988 0.985 0.985 0.985 0.985 0.978 0.986 0.978 0.978 0.976 0.976 0.976 0.976 0.978 0.981 0.978 0.976 0.976 0.976 0.976 0.98 0.98 0.98 0.975 0.975 0.975 0.975 0.975 0.979 0.98 0.98 0.981 0.981 0.984 0.984 0.984 0.981 0.981 0.981 0.985 0.985 0.988 0.992 0.992 0.992 0.992 0.996 0.998 0.999 0.999 0.999 1.003 1.004 1.005 1.008 1.008 1.012 1.014 1.012 1.012 1.016 1.016 1.017 1.021 1.022 1.025 1.025 1.026 1.029 1.03 1.033 1.035 1.037 1.04 1.044 1.046 1.047 1.053 1.055 1.062 1.063 1.067 1.067 1.067 1.046 1.04 1.032 1.019 1.009 0.986 0.972 0.962 0.943 0.937 0.92 0.914 0.894 0.893 0.882 0.864 0.861 0.853 0.838 0.833 0.826 0.812 0.804 0.804 0.801 0.779 0.777 0.765 0.762 0.76 0.754 0.739 0.736 0.728 0.726 0.716 0.713 0.704 0.698 0.696 0.689 0.685 0.682 0.674 0.669 0.669 0.668 0.66 0.656 0.652 0.642 0.64 0.64 0.625 0.622 0.621 0.62 0.62 0.608 0.608 0.604 0.602 0.593 0.59 0.59 0.59 0.588 0.582 0.577 0.577 0.571 0.567 0.561 0.559 0.556 0.556 0.551 0.549 0.548 0.546 0.546 0.542 0.54 0.54 0.536 0.528 0.527 0.528 0.527 0.527 0.527 0.52 0.516 0.511 0.506 0.506 0.505 0.506 0.507 0.507 0.499 0.497 0.496 0.495 0.496 0.496 0.496 0.496 0.496 0.484 0.482 0.482 0.482 0.48 0.481 0.481 0.48 0.478 0.477 0.476 0.475 0.472 0.472 0.468 0.464 0.462 0.459 0.459 0.457 0.459 0.457 0.461 0.458 0.458 0.454 0.455 0.454 0.451 0.451 0.448 0.448 0.448 0.448 0.447 0.448 0.448 0.448 0.447 0.436 0.436 0.436 0.437 0.441 0.441 0.441 0.44 0.441 0.44 0.44 0.44 0.441 0.442 0.442 0.442 0.442 0.439 0.436 0.436 0.436 0.436 0.436 0.438 0.441 0.445 0.446 0.445 0.441 0.446 0.443 0.443 0.445 0.445 0.445 0.448 0.449 0.45 0.46 0.459 0.459 0.45 0.445 0.445 0.442 
1 1 1 1 1 1 1 1 1 1 1 1 1 1 1 1 1 1 1 1 1 1 1 1 1 1 1 1 1 1 1 1 1 1 1 1 1 1 1 1 1 1 1 1 1 1 1 1 1 1 1 1 1 1 1 1 1 1 1 1 1 1 1 1 1 1 1 1 1 1 1 1 1 1 1 1 1 1 1 1 1 1 1 1 1 1 1 1 1 1 1 1 1 1 1 1 1 1 1 1 1 1 1 1 1 1 1 1 1 1 1 1 1 1 1 1 1 1 1 1 1 1 1 1 1 1 1 1 1 1 1 1 1 1 1 1 1 1 1 1 1 1 1 1 1 1 1 1 1 1 1 1 1 1 1 1 1 1 1 1 1 1 1 1 1 1 1 1 1 1 1 1 1 1 1 1 1 1 1 1 1 1 1 1 1 1 1 1 1 1 1 1 1 1 1 1 1 1 1 1 1 1 1 1 1 1 1 1 1 1 1 1 1 1 1 1 1 1 1 1 1 1 1 1 1 1 1 1 1 1 1 1 1 1 1 1 1 1 1 1 1 1 1 1 1 1 1 1 1 1 1 1 1 1 1 1 1 1 1 1 1 1 1 1 1 1 1 1 1 1 1 1 1 1 1 1 1 1 1 1 1 1 1 1 1 1 1 1 1 1 1 1 1 1 1 1 1 1 1 1 1 1 1 1 1 1 1 1 1 1 1 1 1 1 1 1 1 1 1 1 1 1 1 1 1 1 1 1 1 1 1 1 1 1 1 1 1 1 1 1 1 1 1 1 1 1 1 1 1 1 1 1 1 1 1 1 1 1 1 1 1 1 1 1 1 1 1 1 1 1 1 1 1 1 1 1 1 1 1 1 1 1 1 1 1 1 1 1 1 1 1 1 1 1 1 1 1 1 1 1 1 1 1 1 1 1 1 1 1 1 1 1 1 1 1 1 1 1 1 1 1 1 1 1 1 1 1 1 1 1 1 1 1 1 1 1 1 1 1 1 1 1 1 1 1 1 1 1 1 1 1 1 1 1 1 1 1 1 1 1 1 1 1 1 1 1 1 1 1 1 1 1 1 1 1 1 1 1 1 1 1 1 1 1 1 1 1 1 1 1 1 1 1 1 1 1 1 1 1 1 1 1 1 1 1 1 1 1 1 1 1 1 1 1 1 1 1 1 1 1 1 1 1 1 1 1 1 1 1 1 1 1 1 1 1 1 1 1 1 1 1 1 1 1 1 1 1 1 1 1 1 1 1 1 1 1 1 1 1 1 1 1 1 1 1 1 1 1 1 1 1 1 1 1 1 1 1 1 1 1 1 1 1 1 1 1 1 1 1 1 1 1 1 1 1 1 1 1 1 1 1 1 1 1 1 1 1 1 1 1 1 1 1 1 1 1 1 1 1 1 1 1 1 1 1 1 1 1 1 1 1 1 1 1 1 1 1 1 1 1 1 1 1 1 1 1 1 1 1 1 1 1 1 1 1 1 1 1 1 1 1 1 1 1 1 1 1 1 1 1 1 1 1 1 1 1 1 1 1 1 1 1 
