# This file contains a 2D laser scan observation. 
# Its format is: 
# [aperture] [max_range] [number_of_scans] 
# [vector_of_scans] 
# [vector_of_valid_scans] 
# The aperture of the sensor is in radians, the maximum range 
# and measurements are in meters. '1' means a valid scan, '0' otherwise.
4.1847
5.6
682
0.613 0.606 0.605 0.6 0.598 0.597 0.585 0.585 0.584 0.576 0.576 0.579 0.579 0.579 0.581 0.581 0.583 0.584 0.584 0.584 0.584 0.581 0.581 0.581 0.575 0.572 0.572 0.572 0.566 0.566 0.558 0.553 0.551 0.547 0.545 0.543 0.529 0.521 0.507 0.507 0.507 1.18 1.215 1.215 1.215 1.214 1.212 1.207 1.186 0.903 0.877 0.877 0.877 0.877 0.868 0.867 0.867 0.867 0.867 0.869 0.881 0.889 0.912 0.912 0.912 0.912 0.912 0.912 0.916 0.918 0.933 1.142 1.145 1.155 1.156 1.159 1.159 1.161 1.162 1.166 1.172 1.172 1.173 1.173 1.165 1.164 1.165 1.164 1.162 1.162 1.159 1.155 1.151 1.153 1.15 1.15 1.15 1.15 1.143 1.144 1.148 1.144 1.142 1.144 1.138 1.138 1.138 1.144 1.139 1.144 1.144 1.145 1.154 1.159 1.159 1.159 1.159 1.159 1.159 1.163 1.163 1.163 1.163 1.164 1.164 1.164 1.164 1.165 1.171 1.196 1.204 1.221 1.227 1.231 1.236 1.243 1.248 1.249 1.25 1.25 1.254 1.251 1.254 1.254 1.254 1.252 1.252 1.252 1.252 1.252 1.252 1.254 1.254 1.255 1.255 1.267 1.275 1.303 1.387 1.387 1.387 1.387 1.387 1.396 1.396 1.396 1.353 1.353 1.353 1.341 1.341 1.377 1.377 1.383 1.383 1.383 1.353 1.353 1.353 1.353 1.353 1.377 1.377 1.386 1.386 1.386 1.352 1.318 1.317 1.317 1.317 1.323 1.327 1.341 1.342 1.354 2.083 2.099 2.116 2.121 2.131 2.135 2.15 2.16 2.167 2.18 2.18 2.18 2.158 2.152 2.124 2.124 2.124 0 0 0 0 0 0 2.095 2.086 2.095 2.099 2.099 2.106 0.015 0.015 0.015 0.006 0 0 0 0 0 0 2.258 2.253 2.253 2.253 1.329 1.28 1.277 1.164 1.154 1.153 1.153 1.148 1.153 0.007 0 1.158 1.159 1.159 1.159 0 0 0 0 0 0 0 0 0 0 0 0 0 0 0 0 0 0 0 0 0 0 1.926 1.922 1.901 1.882 1.854 1.843 1.824 1.818 1.812 1.81 1.808 1.805 1.784 1.201 1.201 1.201 1.786 1.786 1.786 1.771 1.762 1.759 1.728 1.696 1.686 1.686 1.683 1.682 1.682 1.684 1.682 1.684 1.685 1.691 1.693 1.703 1.703 1.692 1.692 1.692 1.692 0 0.008 0.008 0.008 0.008 0 1.623 1.623 1.623 1.623 1.623 1.629 1.595 1.541 1.06 0.754 0.718 0.718 0.718 0.718 0.723 1.064 1.074 1.074 1.074 1.075 1.076 1.075 1.075 1.075 1.073 1.073 1.073 1.067 1.067 1.069 1.069 1.07 1.074 1.074 1.082 1.079 1.082 1.082 1.081 1.081 1.081 1.081 1.087 1.087 1.091 1.09 1.089 1.089 1.09 1.09 1.092 1.092 1.094 1.094 1.102 1.104 1.105 1.105 1.105 1.107 1.116 1.116 1.12 1.12 1.12 1.12 1.12 1.131 1.184 1.616 1.622 1.624 1.624 1.624 1.629 1.633 1.631 1.631 1.629 1.592 1.556 1.498 0.78 0.774 0.774 0.771 0.771 0.778 0.782 1.416 1.544 1.545 1.545 1.544 1.544 1.545 0 0 0 0 0 0 1.528 1.524 1.521 1.504 1.498 1.498 1.498 1.498 1.52 1.73 1.736 1.736 1.753 0.007 0.852 0.826 0.819 0.819 0.826 0.826 0.829 0.829 0.833 0.007 0.015 0.007 0.015 0.007 0.015 0.015 0.015 0.807 0.807 0.807 0.807 0.807 0.81 0.809 0.809 0.81 0.81 0.81 0.81 0.81 0.807 0.806 0.806 0.806 0.804 0.804 0.815 0.815 0.838 0.838 0.838 0.838 0.841 0.873 0.966 0.966 0.966 0.96 0.949 0.946 0.943 0.93 0.923 0.922 0.918 0.905 0.903 0.9 0.892 0.883 0.883 0.872 0.862 0.86 0.858 0.849 0.847 0.839 0.831 0.829 0.82 0.819 0.804 0.784 0.732 0.628 0.294 0.293 0.291 0.291 0.292 0.292 0.292 0.292 0.288 0.288 0.288 0.292 0.292 0.293 0.292 0.292 0.289 0.286 0.281 0.272 0.272 0.271 0.27 0.263 0.254 0.254 0.254 0.254 0.26 0.26 0.26 0.26 0.26 0.259 0.25 0.25 0.25 0.254 0.254 0.254 0.253 0.249 0.249 0.248 0.248 0.248 0.248 0.248 0.25 0.25 0.25 0.25 0.25 0.25 0.25 0.248 0.248 0.248 0.246 0.244 0.246 0.244 0.244 0.245 0.245 0.245 0.251 0.252 0.252 0.253 0.254 0.254 0.262 0.262 0.263 0.263 0.263 0.258 0.258 0.258 0.258 0.258 0.261 0.263 0.263 0.265 0.265 0.267 0.267 0.277 0.277 0.277 0.278 0.28 0.284 0.284 0.284 0.291 0.294 0.297 0.316 0.488 0.642 0.654 0.66 0.661 0.67 0.68 0.683 0.686 0.686 0.683 0.681 0.663 0.66 0.659 0.65 0.65 0.644 0.641 0.64 0.641 0.637 0.637 0.636 0.634 0.632 0.634 0.634 0.632 0.632 0.633 0.632 0.632 0.633 0.639 0.648 0.648 0.648 0.64 0.642 0.64 0.64 0.64 0.642 0.642 0.644 0.646 0.646 0.646 0.651 0.655 0.655 0.655 0.654 0.655 0.657 0.657 0.657 0.657 0.556 0.517 0.515 0.512 0.512 0.512 0.508 
1 1 1 1 1 1 1 1 1 1 1 1 1 1 1 1 1 1 1 1 1 1 1 1 1 1 1 1 1 1 1 1 1 1 1 1 1 1 1 1 1 1 1 1 1 1 1 1 1 1 1 1 1 1 1 1 1 1 1 1 1 1 1 1 1 1 1 1 1 1 1 1 1 1 1 1 1 1 1 1 1 1 1 1 1 1 1 1 1 1 1 1 1 1 1 1 1 1 1 1 1 1 1 1 1 1 1 1 1 1 1 1 1 1 1 1 1 1 1 1 1 1 1 1 1 1 1 1 1 1 1 1 1 1 1 1 1 1 1 1 1 1 1 1 1 1 1 1 1 1 1 1 1 1 1 1 1 1 1 1 1 1 1 1 1 1 1 1 1 1 1 1 1 1 1 1 1 1 1 1 1 1 1 1 1 1 1 1 1 1 1 1 1 1 1 1 1 1 1 1 1 1 1 1 1 1 1 1 1 1 1 1 1 0 0 0 0 0 0 1 1 1 1 1 1 0 0 0 0 0 0 0 0 0 0 1 1 1 1 1 1 1 1 1 1 1 1 1 0 0 1 1 1 1 0 0 0 0 0 0 0 0 0 0 0 0 0 0 0 0 0 0 0 0 0 0 1 1 1 1 1 1 1 1 1 1 1 1 1 1 1 1 1 1 1 1 1 1 1 1 1 1 1 1 1 1 1 1 1 1 1 1 1 1 1 1 1 0 0 0 0 0 0 1 1 1 1 1 1 1 1 1 1 1 1 1 1 1 1 1 1 1 1 1 1 1 1 1 1 1 1 1 1 1 1 1 1 1 1 1 1 1 1 1 1 1 1 1 1 1 1 1 1 1 1 1 1 1 1 1 1 1 1 1 1 1 1 1 1 1 1 1 1 1 1 1 1 1 1 1 1 1 1 1 1 1 1 1 1 1 1 1 1 1 1 1 1 1 1 0 0 0 0 0 0 1 1 1 1 1 1 1 1 1 1 1 1 1 0 1 1 1 1 1 1 1 1 1 0 0 0 0 0 0 0 0 1 1 1 1 1 1 1 1 1 1 1 1 1 1 1 1 1 1 1 1 1 1 1 1 1 1 1 1 1 1 1 1 1 1 1 1 1 1 1 1 1 1 1 1 1 1 1 1 1 1 1 1 1 1 1 1 1 1 1 1 1 1 1 1 1 1 1 1 1 1 1 1 1 1 1 1 1 1 1 1 1 1 1 1 1 1 1 1 1 1 1 1 1 1 1 1 1 1 1 1 1 1 1 1 1 1 1 1 1 1 1 1 1 1 1 1 1 1 1 1 1 1 1 1 1 1 1 1 1 1 1 1 1 1 1 1 1 1 1 1 1 1 1 1 1 1 1 1 1 1 1 1 1 1 1 1 1 1 1 1 1 1 1 1 1 1 1 1 1 1 1 1 1 1 1 1 1 1 1 1 1 1 1 1 1 1 1 1 1 1 1 1 1 1 1 1 1 1 1 1 1 1 1 1 1 1 1 1 1 1 1 1 1 1 1 1 1 1 1 1 1 1 1 1 1 1 
