# This file contains a 2D laser scan observation. 
# Its format is: 
# [aperture] [max_range] [number_of_scans] 
# [vector_of_scans] 
# [vector_of_valid_scans] 
# The aperture of the sensor is in radians, the maximum range 
# and measurements are in meters. '1' means a valid scan, '0' otherwise.
4.1847
5.6
682
0.613 0.609 0.602 0.6 0.598 0.591 0.588 0.583 0.573 0.573 0.573 0.58 0.581 0.581 0.581 0.581 0.581 0.582 0.582 0.582 0.582 0.58 0.579 0.579 0.576 0.573 0.572 0.57 0.566 0.563 0.557 0.555 0.55 0.549 0.536 0.529 0.528 0.516 0.516 0.516 0.518 1.177 1.216 1.216 1.216 1.212 1.21 1.204 1.192 0.899 0.878 0.872 0.872 0.872 0.862 0.862 0.862 0.862 0.862 0.865 0.877 0.879 0.914 0.914 0.914 0.914 0.913 0.913 0.914 0.915 0.934 1.141 1.156 1.156 1.159 1.159 1.159 1.159 1.159 1.162 1.162 1.167 1.168 1.171 1.171 1.171 1.168 1.164 1.161 1.158 1.155 1.154 1.153 1.152 1.151 1.152 1.151 1.15 1.149 1.149 1.145 1.142 1.14 1.142 1.14 1.137 1.14 1.143 1.143 1.148 1.149 1.15 1.152 1.153 1.153 1.158 1.159 1.159 1.159 1.159 1.159 1.157 1.159 1.157 1.157 1.16 1.162 1.163 1.184 1.187 1.202 1.222 1.222 1.23 1.234 1.243 1.247 1.251 1.253 1.253 1.256 1.256 1.256 1.252 1.255 1.251 1.251 1.251 1.252 1.252 1.252 1.255 1.258 1.258 1.259 1.266 1.272 1.302 1.386 1.386 1.386 1.386 1.386 1.394 1.394 1.394 1.346 1.346 1.346 1.34 1.34 1.376 1.376 1.373 1.373 1.373 1.366 1.366 1.366 1.366 1.366 1.38 1.38 1.371 1.371 1.371 1.352 1.321 1.321 1.321 1.321 1.323 1.326 1.329 1.334 1.354 2.082 2.095 2.12 2.128 2.139 2.145 2.149 2.159 2.166 2.172 2.172 2.172 2.156 2.14 2.14 2.14 0 0 0 0 0 0 0 2.088 2.088 2.092 2.102 2.092 2.102 2.11 0 0.006 0.006 0 0 0 0 0 0 2.261 2.253 2.247 2.247 1.337 1.277 1.264 1.165 1.162 1.153 1.162 1.149 1.149 0.007 0 1.155 1.155 1.155 1.155 0 0 0 0 0 0 0 0 0 0 0 0 0 0 0 0 0 0 0 0 0 0 1.918 1.918 1.904 1.876 1.86 1.843 1.822 1.813 1.81 1.806 1.804 1.797 1.791 1.188 1.188 1.188 1.78 1.78 1.78 1.78 1.763 1.756 1.721 1.695 1.688 1.688 1.676 1.676 1.672 1.68 1.68 1.691 1.693 1.693 1.699 1.699 1.699 1.699 1.695 1.695 1.695 0 0 0 0 0 0 1.616 1.616 1.616 1.616 1.614 1.623 1.593 1.538 1.059 0.749 0.723 0.723 0.723 0.723 0.726 1.06 1.076 1.076 1.076 1.073 1.076 1.073 1.076 1.073 1.076 1.076 1.076 1.074 1.077 1.081 1.074 1.074 1.081 1.073 1.073 1.077 1.085 1.079 1.085 1.085 1.086 1.08 1.082 1.082 1.086 1.086 1.091 1.095 1.095 1.095 1.095 1.1 1.102 1.106 1.106 1.107 1.108 1.108 1.108 1.11 1.111 1.116 1.118 1.12 1.122 1.122 1.122 1.123 1.171 1.612 1.612 1.622 1.629 1.629 1.635 1.635 1.634 1.63 1.63 1.584 1.569 1.493 0.795 0.768 0.768 0.764 0.768 0.768 0.774 1.428 1.545 1.545 1.548 1.548 1.549 1.549 0 0 0 0 0 0 1.532 1.525 1.525 1.501 1.498 1.498 1.498 1.501 1.517 1.73 1.739 1.739 1.739 0.838 0.833 0.83 0.816 0.825 0.816 0.816 0.814 0.818 0.818 0.823 0.823 0.007 0.015 0.007 0.015 0.015 0.015 0.804 0.804 0.804 0.804 0.804 0.805 0.807 0.804 0.804 0.81 0.81 0.806 0.806 0.812 0.806 0.791 0.791 0.805 0.805 0.81 0.822 0.822 0.829 0.829 0.829 0.843 0.877 0.959 0.959 0.959 0.952 0.944 0.943 0.934 0.934 0.927 0.918 0.917 0.904 0.902 0.895 0.887 0.885 0.876 0.873 0.865 0.861 0.858 0.849 0.847 0.847 0.834 0.83 0.829 0.825 0.823 0.82 0.813 0.806 0.806 0.804 0.79 0.788 0.778 0.777 0.773 0.768 0.761 0.727 0.725 0.608 0.307 0.283 0.283 0.283 0.284 0.284 0.284 0.278 0.271 0.268 0.265 0.265 0.268 0.272 0.272 0.272 0.268 0.264 0.264 0.264 0.258 0.256 0.252 0.252 0.251 0.248 0.247 0.247 0.247 0.247 0.247 0.247 0.247 0.242 0.242 0.242 0.242 0.243 0.243 0.243 0.25 0.25 0.25 0.25 0.249 0.249 0.251 0.247 0.244 0.251 0.248 0.248 0.249 0.249 0.249 0.251 0.254 0.254 0.255 0.255 0.255 0.255 0.255 0.253 0.253 0.255 0.255 0.254 0.254 0.254 0.254 0.254 0.256 0.256 0.257 0.259 0.262 0.262 0.264 0.264 0.264 0.264 0.264 0.265 0.271 0.271 0.265 0.271 0.272 0.272 0.274 0.279 0.279 0.282 0.283 0.294 0.296 0.296 0.303 0.308 0.342 0.608 0.649 0.649 0.649 0.649 0.645 0.643 0.637 0.637 0.634 0.637 0.637 0.634 0.628 0.628 0.628 0.628 0.631 0.634 0.641 0.643 0.649 0.649 0.649 0.643 0.637 0.636 0.637 0.643 0.647 0.649 0.65 0.65 0.65 0.65 0.65 0.65 0.654 0.654 0.654 0.654 0.654 0.652 0.626 0.557 0.547 0.547 0.547 0.547 0.546 0.547 0.546 0.543 0.545 
1 1 1 1 1 1 1 1 1 1 1 1 1 1 1 1 1 1 1 1 1 1 1 1 1 1 1 1 1 1 1 1 1 1 1 1 1 1 1 1 1 1 1 1 1 1 1 1 1 1 1 1 1 1 1 1 1 1 1 1 1 1 1 1 1 1 1 1 1 1 1 1 1 1 1 1 1 1 1 1 1 1 1 1 1 1 1 1 1 1 1 1 1 1 1 1 1 1 1 1 1 1 1 1 1 1 1 1 1 1 1 1 1 1 1 1 1 1 1 1 1 1 1 1 1 1 1 1 1 1 1 1 1 1 1 1 1 1 1 1 1 1 1 1 1 1 1 1 1 1 1 1 1 1 1 1 1 1 1 1 1 1 1 1 1 1 1 1 1 1 1 1 1 1 1 1 1 1 1 1 1 1 1 1 1 1 1 1 1 1 1 1 1 1 1 1 1 1 1 1 1 1 1 1 1 1 1 1 1 1 1 1 0 0 0 0 0 0 0 1 1 1 1 1 1 1 0 0 0 0 0 0 0 0 0 1 1 1 1 1 1 1 1 1 1 1 1 1 0 0 1 1 1 1 0 0 0 0 0 0 0 0 0 0 0 0 0 0 0 0 0 0 0 0 0 0 1 1 1 1 1 1 1 1 1 1 1 1 1 1 1 1 1 1 1 1 1 1 1 1 1 1 1 1 1 1 1 1 1 1 1 1 1 1 1 1 1 0 0 0 0 0 0 1 1 1 1 1 1 1 1 1 1 1 1 1 1 1 1 1 1 1 1 1 1 1 1 1 1 1 1 1 1 1 1 1 1 1 1 1 1 1 1 1 1 1 1 1 1 1 1 1 1 1 1 1 1 1 1 1 1 1 1 1 1 1 1 1 1 1 1 1 1 1 1 1 1 1 1 1 1 1 1 1 1 1 1 1 1 1 1 1 1 1 1 1 1 1 1 0 0 0 0 0 0 1 1 1 1 1 1 1 1 1 1 1 1 1 1 1 1 1 1 1 1 1 1 1 1 1 0 0 0 0 0 0 1 1 1 1 1 1 1 1 1 1 1 1 1 1 1 1 1 1 1 1 1 1 1 1 1 1 1 1 1 1 1 1 1 1 1 1 1 1 1 1 1 1 1 1 1 1 1 1 1 1 1 1 1 1 1 1 1 1 1 1 1 1 1 1 1 1 1 1 1 1 1 1 1 1 1 1 1 1 1 1 1 1 1 1 1 1 1 1 1 1 1 1 1 1 1 1 1 1 1 1 1 1 1 1 1 1 1 1 1 1 1 1 1 1 1 1 1 1 1 1 1 1 1 1 1 1 1 1 1 1 1 1 1 1 1 1 1 1 1 1 1 1 1 1 1 1 1 1 1 1 1 1 1 1 1 1 1 1 1 1 1 1 1 1 1 1 1 1 1 1 1 1 1 1 1 1 1 1 1 1 1 1 1 1 1 1 1 1 1 1 1 1 1 1 1 1 1 1 1 1 1 1 1 1 1 1 1 1 1 1 1 1 1 1 1 1 1 1 1 1 1 1 1 1 1 1 
