# This file contains a 2D laser scan observation. 
# Its format is: 
# [aperture] [max_range] [number_of_scans] 
# [vector_of_scans] 
# [vector_of_valid_scans] 
# The aperture of the sensor is in radians, the maximum range 
# and measurements are in meters. '1' means a valid scan, '0' otherwise.
4.1847
5.6
682
0.784 0.786 0.786 0.786 0.788 0.788 0.79 0.787 0.794 0.795 0.804 0.808 0.829 0.834 0.834 0.834 0.822 0.822 0.817 0.817 0.817 0.822 0.825 0.83 0.833 0.847 0.855 0.856 0.856 0.856 0.859 0.873 0.88 0.899 0.928 0.93 0.93 0.93 0.93 0.93 0.932 0.97 0.987 1.006 1.015 1.032 1.032 1.032 1.009 0.998 0.995 0.993 0.993 0.993 0.993 0.986 0.986 0.986 0.986 1.078 1.137 1.144 1.179 1.228 1.228 1.228 1.122 1.037 1.017 1.013 0.999 0.992 0.992 0.989 0.988 0.988 0.989 0.984 0.984 0.985 0.989 0.985 0.987 0.987 0.987 0.987 0.987 0.995 0.995 0.996 1 1.009 1.019 1.023 1.037 1.05 1.062 1.077 1.159 1.227 1.227 1.23 1.23 1.23 1.222 1.222 1.222 1.22 1.22 1.219 1.21 1.204 1.197 1.195 1.195 1.193 1.193 1.196 1.196 1.193 1.193 1.188 1.184 1.183 1.183 1.183 1.182 1.182 1.176 1.17 1.174 1.167 1.173 1.171 1.171 1.171 1.171 1.162 1.162 1.162 1.162 1.162 1.163 1.163 1.162 1.162 1.157 1.157 1.157 1.161 1.161 1.161 0.596 0.585 0.582 0.569 0.569 0.569 0.562 0.549 0.549 0.549 0.543 0.542 0.538 0.538 0.538 0.538 0.538 0.536 0.536 0.536 0.533 0.533 0.533 0.533 0.534 0.534 0.534 0.529 0.528 0.528 0.527 0.527 0.526 0.526 0.525 0.525 0.525 0.525 0.525 0.525 0.525 0.53 0.525 0.531 0.53 0.531 0.53 0.53 0.53 0.535 0.535 0.535 0.536 0.535 0.535 0.535 0.535 0.535 0.537 0.542 0.545 0.546 0.553 0.555 0.557 0.557 0.558 0.571 0.572 0.574 0.579 0.58 0.585 0.587 0.628 1.047 1.047 1.047 1.028 1.018 0.991 0.99 0.974 0.958 0.945 0.944 0.916 0.912 0.897 0.891 0.875 0.868 0.857 0.849 0.84 0.838 0.828 0.814 0.804 0.793 0.791 0.782 0.78 0.779 0.766 0.757 0.753 0.744 0.737 0.735 0.732 0.72 0.712 0.708 0.707 0.695 0.692 0.681 0.68 0.675 0.674 0.673 0.671 0.655 0.648 0.648 0.643 0.637 0.635 0.63 0.628 0.626 0.624 0.612 0.605 0.605 0.602 0.602 0.596 0.596 0.596 0.593 0.598 0.598 0.598 0.598 0.602 0.608 0.608 0.613 0.613 0.616 0.618 0.621 0.632 0.639 0.64 0.651 0.652 0.659 0.66 0.678 1.554 1.555 1.555 1.554 1.545 1.545 1.538 1.532 1.517 1.503 1.498 1.496 1.493 1.482 1.475 1.474 1.466 1.463 1.457 1.455 1.446 1.442 1.44 1.435 1.428 1.424 1.424 1.42 1.419 1.412 1.409 1.406 1.406 1.396 1.387 1.384 1.371 1.369 1.365 1.364 1.36 1.357 1.356 1.356 1.353 1.352 1.344 1.344 1.344 1.34 1.334 1.333 1.329 1.328 1.325 1.317 1.316 1.316 1.31 1.31 1.309 1.308 1.301 1.301 1.299 1.299 1.296 1.295 1.29 1.289 1.287 1.286 1.285 1.285 1.285 1.282 1.277 1.277 1.277 1.274 1.274 1.268 1.268 1.268 1.272 1.272 1.272 1.262 1.262 1.262 1.268 1.268 1.268 1.266 1.265 1.265 1.265 1.265 1.264 1.264 1.264 1.265 1.265 1.268 1.268 1.262 1.262 1.266 1.265 1.265 1.265 1.265 1.265 1.272 1.272 1.272 1.272 1.268 1.268 1.267 1.268 1.273 1.273 1.275 1.278 1.278 1.278 1.284 1.286 1.286 1.286 1.286 1.286 1.286 1.286 1.286 1.291 1.292 1.293 1.301 1.302 1.302 1.302 1.302 1.307 1.307 1.311 1.317 1.311 1.307 1.278 1.251 1.227 1.204 1.175 1.162 1.141 1.112 1.088 1.077 1.066 1.033 1.022 1.009 0.987 0.967 0.943 0.939 0.924 0.902 0.891 0.877 0.87 0.855 0.847 0.831 0.822 0.809 0.799 0.792 0.776 0.771 0.751 0.746 0.742 0.73 0.727 0.717 0.711 0.704 0.695 0.691 0.678 0.669 0.665 0.665 0.66 0.644 0.641 0.635 0.63 0.626 0.621 0.613 0.606 0.598 0.597 0.591 0.586 0.582 0.577 0.577 0.574 0.57 0.56 0.556 0.556 0.556 0.543 0.539 0.529 0.528 0.528 0.526 0.524 0.52 0.514 0.509 0.507 0.504 0.503 0.502 0.502 0.502 0.492 0.488 0.48 0.476 0.476 0.472 0.469 0.462 0.462 0.462 0.462 0.46 0.46 0.46 0.459 0.457 0.455 0.449 0.448 0.442 0.442 0.441 0.44 0.436 0.435 0.432 0.431 0.431 0.431 0.431 0.425 0.421 0.421 0.42 0.42 0.42 0.416 0.408 0.408 0.406 0.406 0.406 0.406 0.406 0.406 0.402 0.399 0.396 0.396 0.396 0.396 0.396 0.395 0.393 0.393 0.391 0.39 0.389 0.389 0.387 0.387 0.384 0.384 0.382 0.382 0.382 0.379 0.378 0.384 0.378 0.373 0.378 0.373 0.373 0.373 0.373 0.373 0.373 0.373 0.372 0.372 0.372 0.371 0.371 0.369 0.369 0.362 0.362 0.366 0.367 0.366 0.367 0.366 0.365 0.364 0.361 0.361 0.36 0.36 0.36 0.36 0.359 0.359 0.359 0.359 0.359 0.359 0.358 0.359 0.359 0.359 0.359 0.36 0.36 0.361 0.361 0.36 0.36 0.361 0.368 0.374 0.382 0.382 0.382 0.38 0.379 0.378 0.372 0.375 0.375 0.375 0.377 0.377 0.377 
1 1 1 1 1 1 1 1 1 1 1 1 1 1 1 1 1 1 1 1 1 1 1 1 1 1 1 1 1 1 1 1 1 1 1 1 1 1 1 1 1 1 1 1 1 1 1 1 1 1 1 1 1 1 1 1 1 1 1 1 1 1 1 1 1 1 1 1 1 1 1 1 1 1 1 1 1 1 1 1 1 1 1 1 1 1 1 1 1 1 1 1 1 1 1 1 1 1 1 1 1 1 1 1 1 1 1 1 1 1 1 1 1 1 1 1 1 1 1 1 1 1 1 1 1 1 1 1 1 1 1 1 1 1 1 1 1 1 1 1 1 1 1 1 1 1 1 1 1 1 1 1 1 1 1 1 1 1 1 1 1 1 1 1 1 1 1 1 1 1 1 1 1 1 1 1 1 1 1 1 1 1 1 1 1 1 1 1 1 1 1 1 1 1 1 1 1 1 1 1 1 1 1 1 1 1 1 1 1 1 1 1 1 1 1 1 1 1 1 1 1 1 1 1 1 1 1 1 1 1 1 1 1 1 1 1 1 1 1 1 1 1 1 1 1 1 1 1 1 1 1 1 1 1 1 1 1 1 1 1 1 1 1 1 1 1 1 1 1 1 1 1 1 1 1 1 1 1 1 1 1 1 1 1 1 1 1 1 1 1 1 1 1 1 1 1 1 1 1 1 1 1 1 1 1 1 1 1 1 1 1 1 1 1 1 1 1 1 1 1 1 1 1 1 1 1 1 1 1 1 1 1 1 1 1 1 1 1 1 1 1 1 1 1 1 1 1 1 1 1 1 1 1 1 1 1 1 1 1 1 1 1 1 1 1 1 1 1 1 1 1 1 1 1 1 1 1 1 1 1 1 1 1 1 1 1 1 1 1 1 1 1 1 1 1 1 1 1 1 1 1 1 1 1 1 1 1 1 1 1 1 1 1 1 1 1 1 1 1 1 1 1 1 1 1 1 1 1 1 1 1 1 1 1 1 1 1 1 1 1 1 1 1 1 1 1 1 1 1 1 1 1 1 1 1 1 1 1 1 1 1 1 1 1 1 1 1 1 1 1 1 1 1 1 1 1 1 1 1 1 1 1 1 1 1 1 1 1 1 1 1 1 1 1 1 1 1 1 1 1 1 1 1 1 1 1 1 1 1 1 1 1 1 1 1 1 1 1 1 1 1 1 1 1 1 1 1 1 1 1 1 1 1 1 1 1 1 1 1 1 1 1 1 1 1 1 1 1 1 1 1 1 1 1 1 1 1 1 1 1 1 1 1 1 1 1 1 1 1 1 1 1 1 1 1 1 1 1 1 1 1 1 1 1 1 1 1 1 1 1 1 1 1 1 1 1 1 1 1 1 1 1 1 1 1 1 1 1 1 1 1 1 1 1 1 1 1 1 1 1 1 1 1 1 1 1 1 1 1 1 1 1 1 1 1 1 1 1 1 1 1 1 1 1 1 1 1 1 1 1 1 1 1 1 1 1 1 1 1 1 1 1 1 1 1 1 1 1 1 1 1 1 1 1 1 1 1 1 1 1 1 1 
