# This file contains a 2D laser scan observation. 
# Its format is: 
# [aperture] [max_range] [number_of_scans] 
# [vector_of_scans] 
# [vector_of_valid_scans] 
# The aperture of the sensor is in radians, the maximum range 
# and measurements are in meters. '1' means a valid scan, '0' otherwise.
4.1847
5.6
682
0.554 0.552 0.546 0.546 0.552 0.552 0.552 0.554 0.554 0.554 0.557 0.561 0.561 0.559 0.561 0.559 0.559 0.558 0.558 0.558 0.558 0.562 0.563 0.563 0.563 0.562 0.563 0.567 0.568 0.568 0.57 0.57 0.57 0.572 0.572 0.572 0.575 0.576 0.583 0.67 0.7 0.713 0.715 0.719 0.724 0.727 0.728 0.738 0.739 0.739 0.747 0.747 0.747 0.713 0.573 0.57 0.551 0.551 0.551 0.555 0.571 0.573 0.573 0.573 0.573 0.573 0.594 0.623 0.638 0.641 0.641 0.647 0.656 0.656 0.664 0.664 0.667 0.664 0.662 0.662 0.662 0.654 0.648 0.648 0.648 0.651 0.658 0.658 0.658 0.666 0.666 0.66 0.66 0.661 0.661 0.681 0.681 0.695 0.701 0.716 0.729 0.737 0.737 0.739 0.74 0.75 0.753 0.753 0.76 0.77 0.827 0.95 0.955 0.955 0.96 0.965 0.975 1.011 1.095 1.095 1.095 0.979 0.813 0.803 0.803 0.803 0.809 0.925 1.315 1.383 1.384 1.384 1.384 1.38 1.301 1.019 1.009 1.007 0.996 0.996 0.996 1.009 1.284 1.284 1.284 1.273 1.271 1.27 1.27 1.258 1.252 0.964 0.945 0.943 0.937 0.924 0.919 0.914 0.915 0.912 0.903 0.904 0.902 0.895 0.895 0.893 0.893 0.9 0.9 0.9 0.902 0.902 0.902 0.91 0.913 0.917 0.919 0.922 0.929 0.932 0.955 0.971 0.99 1.009 1.083 1.161 1.161 1.166 1.161 1.161 1.16 1.157 1.153 1.153 1.153 1.153 1.153 1.153 1.153 1.153 1.152 1.144 1.142 1.142 1.142 1.142 1.143 1.143 1.143 1.146 1.146 1.141 1.146 1.145 1.144 1.145 1.145 1.145 1.145 1.146 1.15 1.151 1.151 1.151 1.151 1.149 1.141 1.139 1.139 1.139 1.14 1.145 1.145 1.141 1.145 1.141 1.141 1.146 1.146 1.14 1.03 1.03 1.03 1.081 1.081 1.081 1.068 0.952 0.934 0.849 0.782 0.744 0.692 0.682 0.669 0.655 0.636 0.616 0.614 0.606 0.602 0.599 0.596 0.581 0.576 0.573 0.573 0.569 0.565 0.561 0.561 0.561 0.559 0.557 0.556 0.555 0.555 0.553 0.555 0.553 0.548 0.546 0.546 0.546 0.546 0.553 0.553 0.553 0.553 0.552 0.55 0.552 0.55 0.552 0.552 0.555 0.557 0.557 0.559 0.559 0.557 0.559 0.559 0.56 0.562 0.565 0.565 0.565 0.565 0.565 0.565 0.572 0.574 0.574 0.575 0.577 0.579 0.581 0.585 0.587 0.59 0.597 0.597 0.598 0.598 0.613 0.614 0.615 0.623 0.636 0.688 0.95 0.95 0.95 0.946 0.938 0.934 0.926 0.914 0.914 0.911 0.905 0.903 0.894 0.875 0.87 0.868 0.864 0.857 0.852 0.848 0.843 0.837 0.835 0.823 0.817 0.811 0.809 0.805 0.8 0.799 0.798 0.793 0.792 0.791 0.782 0.772 0.77 0.769 0.757 0.755 0.754 0.752 0.751 0.743 0.741 0.74 0.738 0.731 0.729 0.722 0.722 0.719 0.718 0.718 0.718 0.715 0.718 0.719 0.722 0.721 0.727 0.729 0.745 0.746 0.751 0.766 0.783 0.79 0.791 1.614 1.619 1.619 1.614 1.608 1.607 1.606 1.604 1.603 1.6 1.588 1.583 1.577 1.573 1.57 1.566 1.558 1.555 1.551 1.551 1.546 1.544 1.537 1.531 1.53 1.529 1.525 1.52 1.519 1.515 1.512 1.509 1.502 1.501 1.5 1.498 1.494 1.486 1.486 1.484 1.479 1.484 1.476 1.476 1.474 1.474 1.472 1.467 1.467 1.466 1.465 1.465 1.461 1.461 1.454 1.454 1.454 1.454 1.456 1.462 1.456 1.456 1.452 1.452 1.446 1.444 1.444 1.447 1.447 1.447 1.447 1.447 1.443 1.439 1.439 1.439 1.44 1.44 1.441 1.441 1.441 1.442 1.446 1.446 1.446 1.447 1.446 1.447 1.442 1.446 1.442 1.444 1.444 1.444 1.442 1.442 1.44 1.44 1.442 1.451 1.451 1.451 1.451 1.458 1.458 1.458 1.459 1.46 1.465 1.465 1.465 1.465 1.465 1.465 1.468 1.468 1.47 1.472 1.474 1.48 1.482 1.482 1.482 1.482 1.481 1.45 1.411 1.375 1.349 1.32 1.297 1.256 1.247 1.215 1.196 1.17 1.139 1.125 1.102 1.09 1.063 1.045 1.031 1.011 1.005 0.983 0.958 0.954 0.935 0.914 0.905 0.882 0.877 0.868 0.856 0.845 0.835 0.827 0.808 0.802 0.792 0.787 0.775 0.767 0.75 0.745 0.743 0.731 0.726 0.725 0.713 0.702 0.699 0.691 0.676 0.674 0.673 0.662 0.661 0.654 0.65 0.64 0.635 0.624 0.621 0.617 0.616 0.608 0.601 0.591 0.591 0.588 0.588 0.587 0.575 0.571 0.565 0.562 0.562 0.552 0.549 0.548 0.541 0.541 0.54 0.535 0.534 0.529 0.529 0.529 0.524 0.524 0.518 0.513 0.505 0.504 0.501 0.499 0.496 0.492 0.491 0.49 0.49 0.485 0.479 0.475 0.475 0.475 0.466 0.466 0.465 0.463 0.462 0.462 0.454 0.449 0.448 0.448 0.446 0.446 0.446 0.446 0.44 0.443 0.44 0.44 0.439 0.438 0.437 0.432 0.427 0.427 0.423 0.423 0.423 0.423 0.422 0.419 0.418 0.416 0.416 0.415 0.416 0.415 0.414 0.407 0.406 0.406 0.407 0.407 0.411 0.411 0.406 0.406 0.406 0.405 0.405 0.401 0.399 0.398 0.396 0.391 
1 1 1 1 1 1 1 1 1 1 1 1 1 1 1 1 1 1 1 1 1 1 1 1 1 1 1 1 1 1 1 1 1 1 1 1 1 1 1 1 1 1 1 1 1 1 1 1 1 1 1 1 1 1 1 1 1 1 1 1 1 1 1 1 1 1 1 1 1 1 1 1 1 1 1 1 1 1 1 1 1 1 1 1 1 1 1 1 1 1 1 1 1 1 1 1 1 1 1 1 1 1 1 1 1 1 1 1 1 1 1 1 1 1 1 1 1 1 1 1 1 1 1 1 1 1 1 1 1 1 1 1 1 1 1 1 1 1 1 1 1 1 1 1 1 1 1 1 1 1 1 1 1 1 1 1 1 1 1 1 1 1 1 1 1 1 1 1 1 1 1 1 1 1 1 1 1 1 1 1 1 1 1 1 1 1 1 1 1 1 1 1 1 1 1 1 1 1 1 1 1 1 1 1 1 1 1 1 1 1 1 1 1 1 1 1 1 1 1 1 1 1 1 1 1 1 1 1 1 1 1 1 1 1 1 1 1 1 1 1 1 1 1 1 1 1 1 1 1 1 1 1 1 1 1 1 1 1 1 1 1 1 1 1 1 1 1 1 1 1 1 1 1 1 1 1 1 1 1 1 1 1 1 1 1 1 1 1 1 1 1 1 1 1 1 1 1 1 1 1 1 1 1 1 1 1 1 1 1 1 1 1 1 1 1 1 1 1 1 1 1 1 1 1 1 1 1 1 1 1 1 1 1 1 1 1 1 1 1 1 1 1 1 1 1 1 1 1 1 1 1 1 1 1 1 1 1 1 1 1 1 1 1 1 1 1 1 1 1 1 1 1 1 1 1 1 1 1 1 1 1 1 1 1 1 1 1 1 1 1 1 1 1 1 1 1 1 1 1 1 1 1 1 1 1 1 1 1 1 1 1 1 1 1 1 1 1 1 1 1 1 1 1 1 1 1 1 1 1 1 1 1 1 1 1 1 1 1 1 1 1 1 1 1 1 1 1 1 1 1 1 1 1 1 1 1 1 1 1 1 1 1 1 1 1 1 1 1 1 1 1 1 1 1 1 1 1 1 1 1 1 1 1 1 1 1 1 1 1 1 1 1 1 1 1 1 1 1 1 1 1 1 1 1 1 1 1 1 1 1 1 1 1 1 1 1 1 1 1 1 1 1 1 1 1 1 1 1 1 1 1 1 1 1 1 1 1 1 1 1 1 1 1 1 1 1 1 1 1 1 1 1 1 1 1 1 1 1 1 1 1 1 1 1 1 1 1 1 1 1 1 1 1 1 1 1 1 1 1 1 1 1 1 1 1 1 1 1 1 1 1 1 1 1 1 1 1 1 1 1 1 1 1 1 1 1 1 1 1 1 1 1 1 1 1 1 1 1 1 1 1 1 1 1 1 1 1 1 1 1 1 1 1 1 1 1 1 1 1 1 1 1 1 1 1 1 1 1 1 1 1 1 1 1 1 1 1 1 1 1 1 1 1 1 1 1 1 1 1 1 1 1 1 1 1 1 1 1 1 1 1 1 
