# This file contains a 2D laser scan observation. 
# Its format is: 
# [aperture] [max_range] [number_of_scans] 
# [vector_of_scans] 
# [vector_of_valid_scans] 
# The aperture of the sensor is in radians, the maximum range 
# and measurements are in meters. '1' means a valid scan, '0' otherwise.
4.1847
5.6
682
0.507 0.507 0.507 0.507 0.5 0.5 0.497 0.497 0.497 0.497 0.497 0.499 0.513 0.513 0.517 0.517 0.517 0.517 0.517 0.515 0.515 0.514 0.515 0.515 0.514 0.514 0.51 0.508 0.481 0.398 0.392 0.386 0.382 0.38 0.377 0.377 0.377 0.377 0.377 0.379 0.381 0.393 0.396 0.396 0.393 0.39 0.383 0.383 0.379 0.379 0.376 0.376 0.376 0.375 0.375 0.376 0.375 0.375 0.375 0.376 0.377 0.377 0.376 0.377 0.379 0.378 0.379 0.379 0.382 0.382 0.382 0.387 0.387 0.387 0.391 0.395 0.395 0.402 0.402 0.402 0.401 0.402 0.406 0.412 0.412 0.412 0.391 0.37 0.36 0.36 0.358 0.355 0.358 0.36 0.36 0.36 0.36 0.358 0.358 0.358 0.358 0.36 0.361 0.366 0.367 0.367 0.366 0.366 0.364 0.364 0.366 0.366 0.366 0.366 0.373 0.371 0.371 0.371 0.371 0.371 0.372 0.375 0.379 0.382 0.382 0.382 0.381 0.382 0.382 0.385 0.385 0.385 0.384 0.384 0.384 0.391 0.391 0.392 0.392 0.391 0.391 0.391 0.391 0.396 0.4 0.417 0.417 0.424 0.425 0.425 0.425 0.426 0.422 0.422 0.426 0.429 0.433 0.437 0.443 0.443 0.445 0.446 0.449 0.449 0.449 0.451 0.454 0.457 0.459 0.462 0.463 0.463 0.463 0.472 0.475 0.475 0.474 0.479 0.479 0.489 0.489 0.491 0.492 0.492 0.499 0.502 0.504 0.508 0.509 0.51 0.525 0.526 0.526 0.526 0.539 0.539 0.544 0.546 0.55 0.551 0.553 0.557 0.558 0.565 0.566 0.573 0.579 0.589 0.593 0.594 0.602 0.603 0.604 0.617 0.622 0.636 0.637 0.643 0.649 0.654 0.658 0.662 0.662 0.662 0.662 0.662 0.666 0.674 0.683 0.688 0.694 0.697 0.708 0.719 0.724 0.734 0.753 0.757 0.944 0.944 0.944 0.942 0.942 0.942 0.942 0.942 0.914 0.831 0.81 0.81 0.81 0.828 0.895 0.972 0.995 1.022 1.032 1.05 1.076 1.106 1.657 1.657 1.657 1.607 1.173 1.173 1.173 1.658 1.658 1.658 1.653 1.653 1.645 1.645 1.371 1.36 1.352 1.347 1.346 1.336 1.331 1.331 1.331 1.331 1.332 1.334 1.334 1.339 1.341 1.35 1.352 1.359 1.376 1.407 1.622 1.637 1.638 1.638 1.637 1.638 1.633 1.633 1.638 1.638 1.638 1.638 1.638 1.639 1.645 1.645 1.647 1.647 1.647 1.647 1.649 1.652 1.657 1.659 1.661 1.662 1.662 1.662 1.662 1.663 1.665 1.666 1.666 1.666 1.572 1.549 1.524 1.516 1.515 1.515 1.514 1.467 1.467 1.465 1.443 1.315 1.31 1.256 1.209 1.176 1.152 1.142 1.125 1.112 1.099 1.092 1.089 1.077 1.072 1.072 1.067 1.065 1.063 1.059 1.059 1.059 1.059 1.059 1.058 1.058 1.058 1.058 1.058 1.056 1.056 1.056 1.06 1.061 1.067 1.067 1.072 1.073 1.084 1.086 1.089 1.091 1.093 1.1 1.106 1.116 1.12 1.134 1.158 1.18 1.499 1.499 1.499 1.494 1.479 1.467 1.458 1.44 1.426 1.415 1.4 1.381 1.377 1.367 1.354 1.341 1.326 1.314 1.312 1.301 1.296 1.279 1.277 1.265 1.256 1.246 1.236 1.23 1.219 1.216 1.216 1.217 1.217 1.235 1.239 1.25 1.254 1.274 1.279 1.284 2.26 2.26 2.26 2.244 2.237 2.222 2.214 2.201 2.193 2.179 2.175 2.155 2.147 2.145 2.143 2.12 2.12 2.103 2.093 2.084 2.08 2.069 2.06 2.044 2.042 2.039 2.026 2.017 2.009 2.006 1.995 1.99 1.988 1.978 1.976 1.957 1.957 1.952 1.94 1.937 1.925 1.921 1.914 1.908 1.903 1.901 1.893 1.893 1.889 1.885 0.283 0.28 0.279 0.278 0.277 0.277 0.277 0.277 0.277 0.275 0.275 0.27 0.27 0.275 0.276 0.276 0.276 0.275 0.273 0.264 0.258 0.258 0.257 0.257 0.257 0.257 0.255 0.25 0.25 0.25 0.25 0.25 0.251 0.25 0.25 0.249 0.249 0.249 0.252 0.252 0.252 0.251 0.251 0.249 0.251 0.256 0.256 0.253 0.253 0.252 0.251 0.251 0.247 0.251 0.251 0.251 0.251 0.251 0.251 0.249 0.249 0.252 0.253 0.254 0.254 0.253 0.252 0.25 0.25 0.252 0.255 0.269 0.271 0.281 0.839 0.844 0.844 0.844 0.851 0.851 0.852 0.852 0.852 0.848 0.846 0.846 0.852 0.85 0.854 0.855 0.855 0.861 0.861 0.861 0.861 0.861 0.862 0.862 0.868 0.868 0.868 0.868 0.868 0.869 0.869 0.872 0.873 0.873 0.877 0.877 0.88 0.88 0.88 0.88 0.889 0.89 0.894 0.9 0.9 0.905 0.905 0.905 0.903 0.905 0.905 0.917 0.919 0.923 0.923 0.926 0.927 0.927 0.929 0.93 0.932 0.937 0.944 0.944 0.945 0.952 0.952 0.954 0.954 0.954 0.96 0.96 0.97 0.975 0.976 0.977 0.978 0.979 0.989 0.989 0.993 0.998 0.998 1 1.006 1.011 1.02 1.024 1.026 1.028 1.039 1.041 1.041 1.041 1.045 1.045 1.045 1.049 1.05 1.055 1.065 1.067 1.078 1.079 1.079 1.09 1.099 1.107 1.108 1.12 1.127 1.132 1.133 1.14 1.145 1.156 1.162 1.163 1.164 1.191 1.202 1.209 1.216 1.217 1.221 1.24 1.24 1.254 1.26 1.267 
1 1 1 1 1 1 1 1 1 1 1 1 1 1 1 1 1 1 1 1 1 1 1 1 1 1 1 1 1 1 1 1 1 1 1 1 1 1 1 1 1 1 1 1 1 1 1 1 1 1 1 1 1 1 1 1 1 1 1 1 1 1 1 1 1 1 1 1 1 1 1 1 1 1 1 1 1 1 1 1 1 1 1 1 1 1 1 1 1 1 1 1 1 1 1 1 1 1 1 1 1 1 1 1 1 1 1 1 1 1 1 1 1 1 1 1 1 1 1 1 1 1 1 1 1 1 1 1 1 1 1 1 1 1 1 1 1 1 1 1 1 1 1 1 1 1 1 1 1 1 1 1 1 1 1 1 1 1 1 1 1 1 1 1 1 1 1 1 1 1 1 1 1 1 1 1 1 1 1 1 1 1 1 1 1 1 1 1 1 1 1 1 1 1 1 1 1 1 1 1 1 1 1 1 1 1 1 1 1 1 1 1 1 1 1 1 1 1 1 1 1 1 1 1 1 1 1 1 1 1 1 1 1 1 1 1 1 1 1 1 1 1 1 1 1 1 1 1 1 1 1 1 1 1 1 1 1 1 1 1 1 1 1 1 1 1 1 1 1 1 1 1 1 1 1 1 1 1 1 1 1 1 1 1 1 1 1 1 1 1 1 1 1 1 1 1 1 1 1 1 1 1 1 1 1 1 1 1 1 1 1 1 1 1 1 1 1 1 1 1 1 1 1 1 1 1 1 1 1 1 1 1 1 1 1 1 1 1 1 1 1 1 1 1 1 1 1 1 1 1 1 1 1 1 1 1 1 1 1 1 1 1 1 1 1 1 1 1 1 1 1 1 1 1 1 1 1 1 1 1 1 1 1 1 1 1 1 1 1 1 1 1 1 1 1 1 1 1 1 1 1 1 1 1 1 1 1 1 1 1 1 1 1 1 1 1 1 1 1 1 1 1 1 1 1 1 1 1 1 1 1 1 1 1 1 1 1 1 1 1 1 1 1 1 1 1 1 1 1 1 1 1 1 1 1 1 1 1 1 1 1 1 1 1 1 1 1 1 1 1 1 1 1 1 1 1 1 1 1 1 1 1 1 1 1 1 1 1 1 1 1 1 1 1 1 1 1 1 1 1 1 1 1 1 1 1 1 1 1 1 1 1 1 1 1 1 1 1 1 1 1 1 1 1 1 1 1 1 1 1 1 1 1 1 1 1 1 1 1 1 1 1 1 1 1 1 1 1 1 1 1 1 1 1 1 1 1 1 1 1 1 1 1 1 1 1 1 1 1 1 1 1 1 1 1 1 1 1 1 1 1 1 1 1 1 1 1 1 1 1 1 1 1 1 1 1 1 1 1 1 1 1 1 1 1 1 1 1 1 1 1 1 1 1 1 1 1 1 1 1 1 1 1 1 1 1 1 1 1 1 1 1 1 1 1 1 1 1 1 1 1 1 1 1 1 1 1 1 1 1 1 1 1 1 1 1 1 1 1 1 1 1 1 1 1 1 1 1 1 1 1 1 1 1 1 1 1 1 1 1 1 1 
