# This file contains a 2D laser scan observation. 
# Its format is: 
# [aperture] [max_range] [number_of_scans] 
# [vector_of_scans] 
# [vector_of_valid_scans] 
# The aperture of the sensor is in radians, the maximum range 
# and measurements are in meters. '1' means a valid scan, '0' otherwise.
4.1847
5.6
682
0.968 0.968 0.967 0.964 0.955 0.953 0.951 0.948 0.945 0.942 0.936 0.936 0.936 0.936 0.932 0.926 0.91 0.909 0.91 0.913 0.91 0.909 0.905 0.903 0.897 0.891 0.891 0.891 0.892 0.892 0.892 0.892 0.892 0.894 0.897 0.938 0.971 0.984 0.984 0.984 0.984 0.982 0.982 0.982 0.991 1.016 1.024 1.04 1.059 1.075 1.105 1.119 1.139 1.166 1.193 1.206 1.229 1.269 1.28 1.308 1.346 1.363 1.439 1.48 1.513 1.555 4.254 4.257 4.257 4.254 4.254 4.246 4.246 4.243 4.237 4.237 4.249 4.237 4.235 4.245 4.245 4.237 4.237 4.237 4.21 4.205 4.197 4.186 4.186 4.186 4.204 4.209 4.215 4.219 4.228 4.229 4.252 4.254 4.26 4.268 4.271 4.274 4.277 4.278 4.278 4.278 4.167 4.167 4.167 4.167 4.167 4.188 0 3.345 3.236 3.13 3.13 3.125 3.119 3.106 3.103 3.103 3.106 3.106 3.094 2.337 2.291 2.241 2.198 2.149 2.116 2.076 2.04 2.003 1.978 1.932 1.899 1.86 1.835 1.802 1.757 1.732 1.716 1.682 1.654 1.628 1.606 1.576 1.558 1.535 1.509 1.489 1.475 1.451 1.398 1.028 1.006 0.99 0.976 0.966 0.966 0.962 0.966 0.966 0.966 0.966 0.966 0.966 0.969 0.969 0.975 0.986 0.987 0.987 0.987 0.988 0.997 1.006 1.034 1.038 1.041 1.05 1.052 1.052 1.055 1.062 1.066 1.069 1.074 1.083 1.093 1.094 1.099 1.106 1.11 1.116 1.118 1.122 1.13 1.14 1.146 1.148 1.16 1.169 1.171 1.182 1.184 1.191 1.208 1.213 1.223 1.224 1.231 1.234 1.251 1.252 1.253 1.253 1.251 1.015 0.995 0.988 0.98 0.972 0.967 0.964 0.967 0.967 0.966 0.966 0.967 0.966 0.966 0.968 0.972 0.975 0.981 0.988 1.073 1.259 1.329 1.407 1.386 1.386 1.393 1.407 1.619 1.638 1.653 1.677 1.695 1.709 1.709 1.709 1.337 1.302 1.29 1.29 1.302 1.309 1.309 1.309 1.308 1.308 1.308 1.315 1.845 1.86 1.86 1.845 1.845 1.391 1.383 1.383 1.391 1.391 1.383 0.006 0.007 1.283 1.125 1.125 1.125 1.143 1.146 1.146 1.154 1.166 1.177 2.449 2.449 2.449 1.458 1.431 1.431 1.421 1.364 1.353 1.364 1.364 2.406 2.435 2.435 2.406 2.435 2.382 1.303 1.292 1.28 1.27 1.27 1.27 2.344 2.363 2.369 2.363 2.363 2.361 2.338 2.332 2.323 2.311 2.288 2.279 2.264 2.255 2.234 2.232 2.212 2.208 2.188 2.174 2.169 2.147 2.146 2.129 2.121 2.079 2.071 2.071 2.071 2.46 2.46 2.46 2.46 2.46 2.488 2.512 2.512 2.512 2.511 2.501 2.48 2.462 2.451 2.451 2.451 2.499 2.552 2.553 2.553 2.552 2.552 2.553 2.554 2.556 2.556 2.556 2.495 2.495 2.495 2.514 2.55 2.558 2.558 2.558 2.538 2.514 2.514 2.514 2.547 2.57 2.583 2.583 2.593 2.611 2.614 2.614 2.626 2.638 2.638 2.638 2.602 2.602 2.602 2.608 2.62 2.644 2.675 2.676 2.676 2.676 2.676 2.666 2.394 2.394 2.394 2.641 2.672 2.672 2.641 1.399 1.383 1.383 1.383 1.389 1.4 2.316 2.335 2.349 2.729 2.729 2.729 2.547 2.547 2.547 2.848 2.849 2.856 2.868 2.93 2.93 2.93 2.917 2.917 2.917 2.973 2.987 0.006 0.006 0.006 0.006 0.007 3.087 3.084 3.084 3.079 2.839 2.839 2.814 2.796 1.663 1.656 1.655 1.655 1.655 3.181 3.181 3.186 3.186 3.199 3.199 3.199 3.082 3.082 3.082 0 0 0 0 0 0 0 0 0 0 0 0 0 0 0 0 0 0 0 0 0 0 0 0 0 0 0 0 0 0 0 0 0 0 0 0 0 0 0 0 0 0 0 0 0.71 0.687 0.686 0.68 0.68 0.68 0.685 0.685 0.685 0.685 0.691 0.704 0 0 0 0 0 0 0 0 0 0 0 0 0 0 0 0 0 0 0 0 1.112 1.102 1.097 1.095 1.095 1.095 1.1 1.11 1.131 1.611 0 0 0 0 0 0 0 0 0 0 0 0 0 0.007 0 0 0 0 0 0 0 0 0 0 0 0 0 0 0 0 0 0 0 0 0 0 0 0 0 0 0 0 0 1.625 1.625 1.622 1.622 1.625 1.622 1.616 1.616 1.625 0 0 0 0 0 0 0 0 0 0 0 0 0 0 0 0 0 0 0 0 0 0 0 0 0 0 0 0 0 0 0 0 0 0 0 0 0 0 0 0 0 0 0 0 0 0 0 0 0 0 0 0 0 0 0 0 0.506 0.498 0.498 0.498 0.498 0.498 0.5 0.5 0 0 0 0 0 0 0 0 0 0 0 0 0 0 
1 1 1 1 1 1 1 1 1 1 1 1 1 1 1 1 1 1 1 1 1 1 1 1 1 1 1 1 1 1 1 1 1 1 1 1 1 1 1 1 1 1 1 1 1 1 1 1 1 1 1 1 1 1 1 1 1 1 1 1 1 1 1 1 1 1 1 1 1 1 1 1 1 1 1 1 1 1 1 1 1 1 1 1 1 1 1 1 1 1 1 1 1 1 1 1 1 1 1 1 1 1 1 1 1 1 1 1 1 1 1 1 0 1 1 1 1 1 1 1 1 1 1 1 1 1 1 1 1 1 1 1 1 1 1 1 1 1 1 1 1 1 1 1 1 1 1 1 1 1 1 1 1 1 1 1 1 1 1 1 1 1 1 1 1 1 1 1 1 1 1 1 1 1 1 1 1 1 1 1 1 1 1 1 1 1 1 1 1 1 1 1 1 1 1 1 1 1 1 1 1 1 1 1 1 1 1 1 1 1 1 1 1 1 1 1 1 1 1 1 1 1 1 1 1 1 1 1 1 1 1 1 1 1 1 1 1 1 1 1 1 1 1 1 1 1 1 1 1 1 1 1 1 1 1 1 1 1 1 1 1 1 1 1 1 1 1 1 1 1 1 1 1 1 1 1 1 0 0 1 1 1 1 1 1 1 1 1 1 1 1 1 1 1 1 1 1 1 1 1 1 1 1 1 1 1 1 1 1 1 1 1 1 1 1 1 1 1 1 1 1 1 1 1 1 1 1 1 1 1 1 1 1 1 1 1 1 1 1 1 1 1 1 1 1 1 1 1 1 1 1 1 1 1 1 1 1 1 1 1 1 1 1 1 1 1 1 1 1 1 1 1 1 1 1 1 1 1 1 1 1 1 1 1 1 1 1 1 1 1 1 1 1 1 1 1 1 1 1 1 1 1 1 1 1 1 1 1 1 1 1 1 1 1 1 1 1 1 1 1 1 1 1 1 1 1 1 1 1 1 1 1 1 1 1 1 1 1 0 0 0 0 0 1 1 1 1 1 1 1 1 1 1 1 1 1 1 1 1 1 1 1 1 1 1 1 0 0 0 0 0 0 0 0 0 0 0 0 0 0 0 0 0 0 0 0 0 0 0 0 0 0 0 0 0 0 0 0 0 0 0 0 0 0 0 0 0 0 0 0 1 1 1 1 1 1 1 1 1 1 1 1 0 0 0 0 0 0 0 0 0 0 0 0 0 0 0 0 0 0 0 0 1 1 1 1 1 1 1 1 1 1 0 0 0 0 0 0 0 0 0 0 0 0 0 0 0 0 0 0 0 0 0 0 0 0 0 0 0 0 0 0 0 0 0 0 0 0 0 0 0 0 0 0 0 1 1 1 1 1 1 1 1 1 0 0 0 0 0 0 0 0 0 0 0 0 0 0 0 0 0 0 0 0 0 0 0 0 0 0 0 0 0 0 0 0 0 0 0 0 0 0 0 0 0 0 0 0 0 0 0 0 0 0 0 0 0 0 0 0 1 1 1 1 1 1 1 1 0 0 0 0 0 0 0 0 0 0 0 0 0 0 
