# This file contains a 2D laser scan observation. 
# Its format is: 
# [aperture] [max_range] [number_of_scans] 
# [vector_of_scans] 
# [vector_of_valid_scans] 
# The aperture of the sensor is in radians, the maximum range 
# and measurements are in meters. '1' means a valid scan, '0' otherwise.
4.1847
5.6
682
1.071 0.73 0.712 0.711 0.71 0.706 0.706 0.706 0.706 0.705 0.705 0.705 0.701 0.705 0.701 0.701 0.697 0.696 0.646 0.62 0.62 0.617 0.618 0.62 0.62 0.618 0.62 0.62 0.62 0.62 0.622 0.948 0.948 0.948 0.756 0.745 0.704 0.693 0.693 0.692 0.692 0.621 0.512 0.512 0.512 0.515 0.516 0.519 0.521 0.532 0.538 0.539 0.539 0.539 0.542 0.545 0.554 0.56 0.562 0.572 0.576 0.585 0.591 0.591 0.591 0.581 0.581 0.58 0.58 0.593 0.597 0.66 0.662 0.667 0.67 0.674 0.674 0.675 0.678 0.678 0.678 0.682 0.682 0.685 0.693 0.963 0.007 0.963 0.837 0.837 0.837 0.83 0.827 0.827 0.821 0.821 0.821 0.821 0.886 0.973 0.996 1.018 1.046 1.056 1.078 1.098 1.123 1.145 1.173 1.186 1.218 1.246 1.295 1.311 1.312 1.312 1.313 1.324 1.326 1.326 1.328 1.331 1.34 1.344 1.352 1.352 1.361 1.368 1.369 1.374 1.385 1.387 1.397 1.403 1.407 1.411 1.414 1.428 1.429 1.433 1.448 1.452 1.453 1.47 1.484 1.485 1.492 1.492 1.507 1.512 1.522 1.529 1.536 1.536 1.536 1.544 1.575 1.575 1.583 1.599 1.6 1.6 1.614 1.616 1.648 1.667 1.675 1.667 1.667 1.666 1.663 1.659 1.654 1.613 1.559 1.546 1.543 1.543 1.546 1.547 1.547 1.547 1.503 1.471 1.466 1.443 1.443 1.436 1.436 1.425 1.425 1.425 1.425 1.425 1.371 1.371 1.371 1.371 1.364 1.357 1.357 1.357 1.357 1.358 1.365 1.368 1.431 1.466 1.466 1.47 1.478 1.466 1.444 1.425 1.304 1.278 1.248 1.238 1.216 1.199 1.172 1.161 1.14 1.127 1.106 1.096 1.081 1.067 1.056 1.043 1.019 1.013 1.011 0.993 0.961 0.879 0.875 0.875 0.875 0.878 0.878 0.88 0.888 0.895 1.372 1.372 1.372 1.315 1.293 1.291 1.288 1.286 1.286 1.286 1.286 1.329 1.329 1.329 1.313 1.301 1.295 1.294 1.282 1.279 1.277 1.268 1.263 1.263 1.263 1.263 1.309 1.312 1.312 1.312 1.311 1.311 1.306 1.302 1.297 1.287 1.282 1.272 1.266 1.249 1.245 1.24 1.232 1.23 1.225 1.225 1.225 1.268 1.303 1.315 1.321 1.321 1.321 1.319 1.316 1.313 1.308 1.304 1.3 1.3 1.3 1.301 1.308 1.313 1.316 1.317 1.317 1.317 1.281 1.232 1.232 1.232 1.236 1.239 1.242 1.251 1.276 1.287 1.299 1.301 1.308 1.308 1.308 1.308 1.304 1.292 1.251 1.248 1.248 1.247 1.247 1.251 1.263 1.308 1.31 1.312 1.329 1.335 1.336 1.341 1.344 1.352 1.352 1.357 1.361 1.365 1.365 1.367 1.37 1.377 1.386 1.387 1.434 1.434 1.434 1.385 1.352 1.351 1.351 1.351 1.359 1.36 1.368 1.369 1.369 1.402 1.437 1.44 1.447 1.447 1.454 1.455 1.454 1.448 1.448 1.448 1.448 1.443 1.443 1.255 1.237 1.237 1.228 1.12 1.047 1.047 1.041 1.041 1.039 1.039 1.039 1.492 1.595 1.595 1.595 1.559 1.291 1.274 1.274 1.274 1.274 1.274 1.073 1.07 1.06 1.07 1.073 1.145 1.146 1.148 1.148 1.149 1.159 1.165 1.206 1.375 1.376 1.376 1.384 4.535 0.007 4.535 1.821 1.818 1.818 1.821 1.873 1.917 1.92 1.967 1.988 1.996 1.997 2.02 2.03 2.036 2.045 2.045 2.045 2.047 2.054 2.123 2.123 2.127 0.007 4.676 1.762 1.782 1.782 1.782 2.182 2.184 2.189 2.189 2.189 2.208 2.273 2.273 2.273 2.282 2.285 2.282 2.282 2.138 2.138 2.138 2.166 2.487 2.563 2.563 2.563 2.551 2.547 2.547 2.54 2.529 2.518 2.515 2.515 2.504 2.486 1.606 1.6 1.6 1.6 1.602 2.442 2.442 2.442 2.442 2.442 0 0 0 0 0 0 0 0 0 0 0 0 0.319 0.319 0.317 0.313 0.313 0.308 0.308 0.311 0.311 0.311 0.311 0.311 0.311 0.312 0.312 0.311 0.311 0.311 0.309 0.309 0.309 0.309 0.311 0.312 0.315 0.746 0.755 0.755 0.755 0.755 0.755 0.755 0.755 0.768 1.24 0.007 0 0.007 0 0.007 0 1.291 1.291 1.291 1.289 1.289 1.309 0 0 0 1.316 1.297 1.297 1.297 1.297 1.298 1.312 1.298 1.298 1.312 0 0 0 0 1.303 1.303 1.34 0 1.34 1.34 0 1.317 1.317 0.007 1.313 1.311 1.313 1.313 1.333 0.007 0 0.007 0 0.007 0 0 0 0 0 0 0 0 0 0 0 0 0 0 0 0 0 0 0 0 0 0 0 0 0 0 0 0 0 0 0 0 0 0 0 0 0 0 0 0 0 0 0 0 0 0 0 0 0 0 0 0 0 0 0 0 0 0 0 0 0 0 0 0 0 0 0 0 0 0 0 0 0 0 0 0 0.007 0 0 0 0 0 0 0 0 0 0 0 0 0 0 
1 1 1 1 1 1 1 1 1 1 1 1 1 1 1 1 1 1 1 1 1 1 1 1 1 1 1 1 1 1 1 1 1 1 1 1 1 1 1 1 1 1 1 1 1 1 1 1 1 1 1 1 1 1 1 1 1 1 1 1 1 1 1 1 1 1 1 1 1 1 1 1 1 1 1 1 1 1 1 1 1 1 1 1 1 1 0 1 1 1 1 1 1 1 1 1 1 1 1 1 1 1 1 1 1 1 1 1 1 1 1 1 1 1 1 1 1 1 1 1 1 1 1 1 1 1 1 1 1 1 1 1 1 1 1 1 1 1 1 1 1 1 1 1 1 1 1 1 1 1 1 1 1 1 1 1 1 1 1 1 1 1 1 1 1 1 1 1 1 1 1 1 1 1 1 1 1 1 1 1 1 1 1 1 1 1 1 1 1 1 1 1 1 1 1 1 1 1 1 1 1 1 1 1 1 1 1 1 1 1 1 1 1 1 1 1 1 1 1 1 1 1 1 1 1 1 1 1 1 1 1 1 1 1 1 1 1 1 1 1 1 1 1 1 1 1 1 1 1 1 1 1 1 1 1 1 1 1 1 1 1 1 1 1 1 1 1 1 1 1 1 1 1 1 1 1 1 1 1 1 1 1 1 1 1 1 1 1 1 1 1 1 1 1 1 1 1 1 1 1 1 1 1 1 1 1 1 1 1 1 1 1 1 1 1 1 1 1 1 1 1 1 1 1 1 1 1 1 1 1 1 1 1 1 1 1 1 1 1 1 1 1 1 1 1 1 1 1 1 1 1 1 1 1 1 1 1 1 1 1 1 1 1 1 1 1 1 1 1 1 1 1 1 1 1 1 1 1 1 1 1 1 1 1 1 1 1 1 1 1 1 1 1 1 1 1 1 1 1 1 1 1 1 1 1 1 1 1 1 1 1 1 1 1 1 1 1 1 1 1 1 1 1 1 0 1 1 1 1 1 1 1 1 1 1 1 1 1 1 1 1 1 1 1 1 1 1 1 0 1 1 1 1 1 1 1 1 1 1 1 1 1 1 1 1 1 1 1 1 1 1 1 1 1 1 1 1 1 1 1 1 1 1 1 1 1 1 1 1 1 1 1 1 1 1 0 0 0 0 0 0 0 0 0 0 0 0 1 1 1 1 1 1 1 1 1 1 1 1 1 1 1 1 1 1 1 1 1 1 1 1 1 1 1 1 1 1 1 1 1 1 1 0 0 0 0 0 0 1 1 1 1 1 1 0 0 0 1 1 1 1 1 1 1 1 1 1 0 0 0 0 1 1 1 0 1 1 0 1 1 0 1 1 1 1 1 0 0 0 0 0 0 0 0 0 0 0 0 0 0 0 0 0 0 0 0 0 0 0 0 0 0 0 0 0 0 0 0 0 0 0 0 0 0 0 0 0 0 0 0 0 0 0 0 0 0 0 0 0 0 0 0 0 0 0 0 0 0 0 0 0 0 0 0 0 0 0 0 0 0 0 0 0 0 0 0 0 0 0 0 0 0 0 0 0 0 0 0 0 0 0 0 
