# This file contains a 2D laser scan observation. 
# Its format is: 
# [aperture] [max_range] [number_of_scans] 
# [vector_of_scans] 
# [vector_of_valid_scans] 
# The aperture of the sensor is in radians, the maximum range 
# and measurements are in meters. '1' means a valid scan, '0' otherwise.
4.1847
5.6
682
1.457 1.464 1.464 1.465 1.471 1.471 1.468 1.468 1.474 1.474 1.478 1.482 1.484 1.487 1.488 1.488 1.485 1.488 1.488 1.488 1.499 1.499 1.499 1.507 1.508 1.514 1.514 1.514 1.514 1.512 1.512 1.512 1.512 1.529 1.533 1.538 1.542 1.542 1.55 1.554 1.555 1.558 1.56 1.566 1.568 1.574 1.578 1.584 1.586 1.588 1.592 1.593 1.602 1.606 1.606 1.602 1.523 1.456 1.447 1.446 1.436 1.422 1.422 1.338 1.3 0.683 0.681 0.677 0.677 0.676 0.673 0.672 0.676 0.673 0.673 0.675 0.675 0.675 0.678 0.87 0.967 1.03 1.077 1.131 1.23 1.252 1.253 1.263 1.265 1.253 1.253 1.18 1.179 1.171 1.169 1.163 1.162 1.15 1.134 1.131 1.112 1.095 1.093 1.093 1.093 1.094 1.097 1.131 1.148 1.148 1.148 1.145 1.096 1.078 1.068 1.061 1.061 1.064 1.064 1.064 1.064 0.988 0.938 0.933 0.932 0.932 0.932 0.944 0.979 1.001 1.001 1.001 0.99 0.984 0.975 0.963 0.954 0.937 0.902 0.899 0.893 0.886 0.885 0.882 0.882 0.885 0.902 0.949 0.949 0.949 0.945 0.928 0.927 0.925 0.922 0.918 0.906 0.906 0.904 0.892 0.885 0.875 0.821 0.811 0.801 0.801 0.801 0.798 0.798 0.798 0.796 0.796 0.796 0.815 0.83 0.848 0.849 0.861 0.866 0.872 0.872 0.877 0.877 0.877 0.875 0.871 0.866 0.865 0.858 0.854 0.853 0.847 0.846 0.842 0.839 0.838 0.837 0.837 0.837 0.837 0.835 0.834 0.835 0.835 0.834 0.788 0.748 0.743 0.735 0.735 0.738 0.743 0.743 0.745 0.75 0.753 0.756 0.757 0.762 0.764 0.775 0.776 0.777 0.786 0.793 0.793 0.794 0.794 0.794 0.791 0.794 0.791 0.791 0.79 0.789 0.754 0.738 0.733 0.729 0.729 0.727 0.726 0.727 0.729 0.73 0.738 0.738 0.751 0.763 0.767 0.767 0.772 0.779 0.782 0.788 0.79 0.789 0.796 0.796 0.798 0.798 0.798 0.797 0.794 0.794 0.794 0.802 0.806 0.806 0.805 0.805 0.805 0.805 0.809 0.812 0.815 0.815 0.815 0.815 0.815 0.819 0.836 0.843 0.849 0.864 0.864 0.864 0.797 0.79 0.788 0.781 0.778 0.778 0.778 0.795 0.796 0.796 0.796 0.795 0.795 0.795 0.803 0.808 0.808 0.808 0.826 0.845 0.863 0.874 0.874 0.875 0.875 0.874 0.872 0.871 0.871 0.872 0.874 0.874 0.874 0.871 0.863 0.863 0.863 0.864 0.868 0.869 0.869 0.869 0.673 0.67 0.666 0.666 0.666 0.666 0.669 0.669 0.664 0.664 0.51 0.508 0.507 0.505 0.498 0.497 0.497 0.497 0.497 0.497 0.497 0.492 0.49 0.488 0.484 0.476 0.476 0.476 0.737 0.737 0.737 0.735 0.726 0.701 0.693 0.666 0.666 0.666 0.697 0.766 0.769 0.772 0.772 0.772 0.772 0.772 0.775 0.767 0.767 0.547 0.517 0.517 0.517 0.525 0.527 0.532 0.532 0.532 0.535 0.535 0.539 0.616 0.616 0.617 0.618 0.618 0.622 0.627 1.441 1.441 1.441 1.441 1.441 1.493 1.493 1.496 1.507 1.513 1.513 1.645 1.645 1.645 1.634 1.634 1.634 1.64 1.652 1.691 1.727 1.727 1.737 1.727 1.706 1.213 1.213 1.213 1.247 1.247 1.247 1.247 1.247 1.412 1.412 1.751 1.773 1.804 1.804 1.804 1.804 1.66 1.66 1.66 2.097 2.104 2.104 2.097 2.096 2.091 2.09 2.086 2.081 2.08 2.072 2.069 2.064 2.061 2.059 2.053 2.05 2.05 2.047 2.044 2.044 2.04 2.037 2.036 2.036 2.036 2.036 2.026 2.026 2.02 2.02 2.015 2.013 2.003 1.179 1.177 1.177 1.179 1.181 1.186 2.006 2.006 2.015 2.009 2.006 2.005 2.009 2.009 2.006 2.011 2.012 2.012 0 0 0 0 0 0 1.044 1.033 1.028 1.033 1.035 1.035 1.036 1.037 1.037 1.037 1.037 1.037 1.037 1.036 1.019 1.019 1.019 0 0 0 0 0 0 0 0 0 1.036 1.035 1.035 1.035 1.035 1.035 0 0.007 0 0 0 0 0 0 0 0 0 0 0 0 0 0 0 0 0 0.007 0 0 0.007 0 0 0 0.007 0 0 0 0.007 0 0 0.007 0 0 0 0.007 0 0 0 0 0 0 0 0 0 0 0 0 0 0 0.007 0 0.007 0 0.007 0 0 0 0 0 0 0 0 0 0 0 0 0 0 0 0 0 0.644 0.641 0.635 0.641 0.635 0.635 0.631 0.63 0.63 0.63 0.634 0.637 0.64 0.641 0 0 0 0 0 0 0 0 0 0 0 0 0 0 0 0 0 0 0 0 0 0 0 0 0 0 0 0 0 0 0 0 0 0 0 0 0 0 0 0 0 0 0 0 0 0 0 0.998 0.998 0.998 0.999 1.013 1.018 1.024 1.061 1.072 1.073 1.08 1.108 1.11 1.119 0 0 
1 1 1 1 1 1 1 1 1 1 1 1 1 1 1 1 1 1 1 1 1 1 1 1 1 1 1 1 1 1 1 1 1 1 1 1 1 1 1 1 1 1 1 1 1 1 1 1 1 1 1 1 1 1 1 1 1 1 1 1 1 1 1 1 1 1 1 1 1 1 1 1 1 1 1 1 1 1 1 1 1 1 1 1 1 1 1 1 1 1 1 1 1 1 1 1 1 1 1 1 1 1 1 1 1 1 1 1 1 1 1 1 1 1 1 1 1 1 1 1 1 1 1 1 1 1 1 1 1 1 1 1 1 1 1 1 1 1 1 1 1 1 1 1 1 1 1 1 1 1 1 1 1 1 1 1 1 1 1 1 1 1 1 1 1 1 1 1 1 1 1 1 1 1 1 1 1 1 1 1 1 1 1 1 1 1 1 1 1 1 1 1 1 1 1 1 1 1 1 1 1 1 1 1 1 1 1 1 1 1 1 1 1 1 1 1 1 1 1 1 1 1 1 1 1 1 1 1 1 1 1 1 1 1 1 1 1 1 1 1 1 1 1 1 1 1 1 1 1 1 1 1 1 1 1 1 1 1 1 1 1 1 1 1 1 1 1 1 1 1 1 1 1 1 1 1 1 1 1 1 1 1 1 1 1 1 1 1 1 1 1 1 1 1 1 1 1 1 1 1 1 1 1 1 1 1 1 1 1 1 1 1 1 1 1 1 1 1 1 1 1 1 1 1 1 1 1 1 1 1 1 1 1 1 1 1 1 1 1 1 1 1 1 1 1 1 1 1 1 1 1 1 1 1 1 1 1 1 1 1 1 1 1 1 1 1 1 1 1 1 1 1 1 1 1 1 1 1 1 1 1 1 1 1 1 1 1 1 1 1 1 1 1 1 1 1 1 1 1 1 1 1 1 1 1 1 1 1 1 1 1 1 1 1 1 1 1 1 1 1 1 1 1 1 1 1 1 1 1 1 1 1 1 1 1 1 1 1 1 1 1 1 1 1 1 1 1 1 1 1 1 1 1 1 1 1 1 1 1 1 1 1 1 1 1 1 1 1 1 1 1 1 1 1 1 1 1 1 1 1 1 1 1 1 1 1 1 1 1 1 1 1 1 0 0 0 0 0 0 1 1 1 1 1 1 1 1 1 1 1 1 1 1 1 1 1 0 0 0 0 0 0 0 0 0 1 1 1 1 1 1 0 0 0 0 0 0 0 0 0 0 0 0 0 0 0 0 0 0 0 0 0 0 0 0 0 0 0 0 0 0 0 0 0 0 0 0 0 0 0 0 0 0 0 0 0 0 0 0 0 0 0 0 0 0 0 0 0 0 0 0 0 0 0 0 0 0 0 0 0 0 0 0 0 0 1 1 1 1 1 1 1 1 1 1 1 1 1 1 0 0 0 0 0 0 0 0 0 0 0 0 0 0 0 0 0 0 0 0 0 0 0 0 0 0 0 0 0 0 0 0 0 0 0 0 0 0 0 0 0 0 0 0 0 0 0 1 1 1 1 1 1 1 1 1 1 1 1 1 1 0 0 
