# This file contains a 2D laser scan observation. 
# Its format is: 
# [aperture] [max_range] [number_of_scans] 
# [vector_of_scans] 
# [vector_of_valid_scans] 
# The aperture of the sensor is in radians, the maximum range 
# and measurements are in meters. '1' means a valid scan, '0' otherwise.
4.1847
5.6
682
0.524 0.524 0.524 0.527 0.527 0.526 0.526 0.526 0.526 0.526 0.525 0.528 0.528 0.533 0.567 0.669 0.705 0.711 0.715 0.72 0.721 0.733 0.734 0.734 0.734 0.734 0.736 0.736 0.861 0.861 0.861 0.855 0.838 0.833 0.833 0.833 0.833 0.822 0.804 0.632 0.626 0.622 0.616 0.613 0.613 0.605 0.605 0.605 0.804 0.911 0.911 0.911 0.911 0.911 0.911 0.917 0.92 0.941 0.951 0.957 0.965 0.965 0.965 0.962 0.957 0.957 0.953 0.931 0.911 0.904 0.89 0.887 0.882 0.882 0.882 0.882 0.885 0.886 0.892 0.919 0.989 0.989 0.989 0.993 0.993 0.988 0.979 0.978 0.966 0.952 0.946 0.943 0.934 0.933 0.929 0.929 0.929 0.932 0.934 0.94 0.947 1.016 1.016 1.016 0.627 0.621 0.621 0.627 1.013 1.041 1.041 1.039 1.039 0.603 0.596 0.593 0.583 0.583 0.583 0.592 0.595 0.596 0.597 1.102 1.116 1.116 1.116 1.119 1.119 1.123 1.126 1.143 1.185 1.218 1.218 1.218 0.859 0.85 0.839 0.839 0.839 0.839 0.841 0.85 0.859 1.182 1.222 1.229 1.25 1.268 1.34 1.352 1.4 1.4 1.4 1.369 1.308 1.308 1.298 1.297 1.298 1.237 1.237 1.237 1.25 1.25 1.271 1.299 1.299 1.308 1.308 1.308 1.308 1.325 1.325 1.325 1.182 1.171 1.164 1.164 1.164 1.182 1.209 1.479 1.49 1.501 1.523 1.568 1.592 1.615 1.615 1.615 1.611 1.607 1.6 1.596 1.588 1.587 1.577 1.574 1.57 1.568 1.567 1.552 1.552 1.544 1.542 1.537 1.531 1.528 1.486 1.486 0.678 0.646 0.644 0.642 0.641 0.639 0.638 0.635 0.635 0.639 0.661 1.479 1.479 1.479 1.479 1.474 1.473 1.473 1.473 1.466 1.466 1.03 1.028 1.028 1.025 1.025 1.042 1.162 1.434 1.437 0 0 0 0 0 0.467 0.46 0.458 0.454 0.454 0.454 0.455 0.463 0.463 0.465 0.465 0.463 0.46 0.463 0.46 0.46 0.46 0.462 0.457 0.46 0.462 0.46 0.46 0.463 0.467 0.465 0.465 0.465 0.465 0.465 0.46 0.46 0.46 0.46 0.46 0.461 0.468 0.468 0.468 0.456 0.455 0.455 0.452 0.452 0.455 0.459 0.455 0.459 0.47 0.477 0.494 0 0 0 0.007 0.475 0.475 0.47 0.47 0.47 0.465 0.465 0.471 0.472 0.472 0.473 0.473 0.472 0.472 0.472 0.472 0.472 0.47 0.463 0.463 0.463 0.463 0.462 0.464 0.464 0.468 0.473 0.473 0.473 0.465 0.465 0.465 0.465 0.465 0.467 0.476 0.476 0.497 0 0.497 0 0.007 0.51 0.506 0.506 0.506 0.495 0.495 0.502 0.509 0.509 0.509 0.51 0.516 0.51 0.522 0.522 0.506 0.506 0.509 0.509 0.511 0.516 0.526 0.53 0.535 0.544 0.544 0.54 0.552 0.54 0.54 0.552 0 0 0 0 0.007 0.589 0.589 0 0.589 0.584 0.585 0.585 0.585 0.585 0.592 0.594 0.594 0.594 0.603 0 0 0 0 0 0 0.652 0.652 0.652 0.652 0.654 0 0 0.654 0 0.007 0 0.007 0 0 0 0.007 0 0 0.007 0 0 0.007 0 0 0 0 0 0 0 0 0 0 0 0 0 0 0 0 0 0 0 0 0 0 0 0 0 0 0 0 0 0 0 0 0 0 0 0 0 0 0 0 0 0 0 0 0 0 0 0 0 0 0 0 0 0 0 0 0 0 0 0 0 0 0 0 0 0 0 0 0 0 0 0 0 0 0.007 0 0 0 0 0 0 0 0 0 0 0 0 0 0 0 0 0 0 0 0 0 0 0 0 0 0 0 0 0 0 0 0 0 0 0 0 0 0 0 0 0 0 0 1.246 1.235 1.23 1.23 1.229 1.23 1.232 0 0 0 0 0 0 0 0 0 0 0 0 0 0 0 0 0 0 0 0 0 0.335 0.33 0.329 0.324 0.324 0.324 0.324 0.324 0.319 0.319 0.315 0.315 0.33 0.33 0.333 0.334 0.336 0.334 0.333 0.334 0.335 0.335 0.338 0.348 0.356 0.425 1.254 1.34 1.342 1.345 1.345 1.354 0 0 0 0 0 0 0 0 0 0 0 0 3.254 3.236 3.236 3.236 0 0 0 0 0 0 0 2.974 2.974 2.902 2.889 2.889 2.86 2.852 2.794 2.771 2.755 2.701 2.671 2.66 2.636 2.636 2.636 2.642 2.659 2.676 2.685 2.689 2.705 2.723 2.733 2.742 2.761 2.774 2.79 2.806 2.825 2.837 2.862 2.886 2.886 2.886 2.864 2.849 2.829 2.792 2.789 2.772 2.769 2.769 2.769 2.777 2.801 2.807 2.818 2.841 2.841 2.842 2.863 2.879 2.895 2.911 2.926 2.938 2.957 2.97 
1 1 1 1 1 1 1 1 1 1 1 1 1 1 1 1 1 1 1 1 1 1 1 1 1 1 1 1 1 1 1 1 1 1 1 1 1 1 1 1 1 1 1 1 1 1 1 1 1 1 1 1 1 1 1 1 1 1 1 1 1 1 1 1 1 1 1 1 1 1 1 1 1 1 1 1 1 1 1 1 1 1 1 1 1 1 1 1 1 1 1 1 1 1 1 1 1 1 1 1 1 1 1 1 1 1 1 1 1 1 1 1 1 1 1 1 1 1 1 1 1 1 1 1 1 1 1 1 1 1 1 1 1 1 1 1 1 1 1 1 1 1 1 1 1 1 1 1 1 1 1 1 1 1 1 1 1 1 1 1 1 1 1 1 1 1 1 1 1 1 1 1 1 1 1 1 1 1 1 1 1 1 1 1 1 1 1 1 1 1 1 1 1 1 1 1 1 1 1 1 1 1 1 1 1 1 1 1 1 1 1 1 1 1 1 1 1 1 1 1 1 1 1 1 1 1 1 1 1 1 1 1 1 1 1 1 1 1 1 1 1 1 0 0 0 0 0 1 1 1 1 1 1 1 1 1 1 1 1 1 1 1 1 1 1 1 1 1 1 1 1 1 1 1 1 1 1 1 1 1 1 1 1 1 1 1 1 1 1 1 1 1 1 1 1 1 1 1 0 0 0 0 1 1 1 1 1 1 1 1 1 1 1 1 1 1 1 1 1 1 1 1 1 1 1 1 1 1 1 1 1 1 1 1 1 1 1 1 1 1 0 1 0 0 1 1 1 1 1 1 1 1 1 1 1 1 1 1 1 1 1 1 1 1 1 1 1 1 1 1 1 1 1 1 1 0 0 0 0 0 1 1 0 1 1 1 1 1 1 1 1 1 1 1 0 0 0 0 0 0 1 1 1 1 1 0 0 1 0 0 0 0 0 0 0 0 0 0 0 0 0 0 0 0 0 0 0 0 0 0 0 0 0 0 0 0 0 0 0 0 0 0 0 0 0 0 0 0 0 0 0 0 0 0 0 0 0 0 0 0 0 0 0 0 0 0 0 0 0 0 0 0 0 0 0 0 0 0 0 0 0 0 0 0 0 0 0 0 0 0 0 0 0 0 0 0 0 0 0 0 0 0 0 0 0 0 0 0 0 0 0 0 0 0 0 0 0 0 0 0 0 0 0 0 0 0 0 0 0 0 0 0 0 0 0 0 0 0 0 0 1 1 1 1 1 1 1 0 0 0 0 0 0 0 0 0 0 0 0 0 0 0 0 0 0 0 0 0 1 1 1 1 1 1 1 1 1 1 1 1 1 1 1 1 1 1 1 1 1 1 1 1 1 1 1 1 1 1 1 1 0 0 0 0 0 0 0 0 0 0 0 0 1 1 1 1 0 0 0 0 0 0 0 1 1 1 1 1 1 1 1 1 1 1 1 1 1 1 1 1 1 1 1 1 1 1 1 1 1 1 1 1 1 1 1 1 1 1 1 1 1 1 1 1 1 1 1 1 1 1 1 1 1 1 1 1 1 1 1 1 1 1 
