# This file contains a 2D laser scan observation. 
# Its format is: 
# [aperture] [max_range] [number_of_scans] 
# [vector_of_scans] 
# [vector_of_valid_scans] 
# The aperture of the sensor is in radians, the maximum range 
# and measurements are in meters. '1' means a valid scan, '0' otherwise.
4.1847
5.6
682
1.074 1.074 1.072 1.068 1.058 1.057 1.03 0.985 0.977 0.975 0.975 0.975 0.978 0.99 0.991 0.994 1.009 1.091 1.091 1.091 1.091 1.09 1.082 1.082 1.073 1.061 0.695 0.695 0.695 0.712 0.712 0.712 0.667 0.667 0.667 0.672 0.672 0.672 0.652 0.652 0.652 1.069 1.076 1.077 1.077 1.079 1.082 1.088 1.132 1.148 1.148 1.148 1.143 1.138 1.13 1.13 1.13 1.138 1.178 1.178 1.178 1.17 1.163 1.157 1.152 1 0.884 0.874 0.874 0.874 0.871 0.874 0.874 0.874 0.906 1.296 1.296 1.296 1.273 1.235 1.234 1.23 1.23 1.23 1.233 1.245 1.254 1.265 1.274 1.278 1.314 1.351 1.36 1.36 1.373 1.404 0 0 0 1.291 1.279 1.24 1.24 1.24 1.244 1.254 1.261 1.305 1.305 1.305 1.296 1.296 1.289 1.289 1.18 1.155 1.142 1.142 1.142 1.156 1.16 1.273 1.389 1.46 1.48 1.48 1.46 0.605 0.605 0.605 0.6 0.594 0.585 0.585 0.585 0.585 0.586 0.587 0.589 0.6 0.612 1.452 1.507 1.525 1.532 0 0 0 0 0.007 0 0 0.007 0 0 0 0 0.007 0.381 0.381 0.381 0.373 0.368 0.368 0.368 0.373 0.373 0.373 0.369 0.362 0.362 0.362 0.362 0.362 0.353 0.349 0.341 0.341 0.339 0.341 0.34 0.348 0.348 0.35 0.35 0.356 0.356 0.35 0.352 0.352 0.347 0.352 0.355 0.355 0.355 0.356 0.355 0.35 0.35 0.339 0.339 0.331 0.331 0.345 0.359 0.368 0.007 0 0 0 0 0 0 0 0 0.344 0.34 0.337 0.337 0.337 0.322 0.321 0.314 0.314 0.31 0.31 0.315 0.321 0.331 0.331 0.331 0.331 0.324 0.322 0.324 0.324 0.322 0.322 0.324 0.324 0.328 0.33 0.33 0.335 0.33 0.33 0.324 0.324 0.324 0.324 0.324 0.327 0.327 0.327 0.328 0.327 0.328 0.333 0.336 0.336 0.336 0.336 0.336 0.336 0.336 0.336 0.348 0.348 0.348 0.348 0.338 0.326 0.326 0.326 0.326 0.326 0.332 0.332 0.335 0.339 0.35 0.35 0.345 0.345 0.344 0.34 0.344 0.344 0.344 0.34 0.346 0.346 0.346 0.359 0.359 0.359 0.345 0.345 0.345 0.353 0.361 0.365 0.369 0.369 0.369 0.373 0.369 0.373 0.373 0.373 0.369 0.38 0.372 0.372 0.372 0.372 0.372 0.372 0.372 0.372 0.379 0.389 0.392 0.392 0.398 0.4 0.4 0.4 0.4 0.4 0.397 0.397 0.397 0.397 0 0 0 0 0.426 0.415 0.409 0.415 0.415 0.415 0.415 0.418 0.418 0.418 0.418 0.43 0.43 0.434 0.44 0 0.007 0.454 0.454 0 0.015 0.015 0.015 0.015 0.015 0 0 0.474 0 0.007 0 0.007 0 0.507 0.507 0.492 0.492 0.492 0.492 0.492 0.505 0.52 0.533 0.52 0.525 0.525 0.525 0.525 0.545 0.545 0 0 0 0 0 0.007 0 0 0 0 0 0 0 0 0 0 0 0 0 0 0 0 0 0 0 0 0 0 0 0 0 0 0 0 0 0 0 0 0 0 0 0 0 0 0 0 0 0 0 0 0 0 0 0 0 0 0 0 0 0 0 0 0 0 0 0 0 0 0 0 0 0 0 0 0 0 0 0 0 0.007 0 1.657 0 1.641 1.641 0.007 0 0 0 0 0 0 0 0 0 0.007 0 0 0 0 0 0 0 0 0 0 0.007 0 0 0 0 0 0 0 0 0 0 0 0 0 0.007 0 0 0 0 0 0 0 0 0 0 0 0 0 1.134 1.113 1.111 1.111 1.111 1.111 1.117 1.119 0 0 0 0 0 0 0 0 0 0 0 0 0 0 0 0 0 0 0 0 0 0 0 0 0 0 0 0 0 0 0 0 0 0 0 0 0 0 0 0 0 0 0 0 0 0 0 0 1.302 1.289 1.274 1.274 1.274 1.281 1.286 3.108 3.117 0 3.117 3.108 3.047 3.01 2.99 2.99 2.99 0 0 0 2.84 2.812 2.812 2.797 2.768 2.767 2.748 2.715 2.692 2.633 2.619 2.619 2.599 2.599 2.599 2.623 2.636 2.656 2.677 2.69 2.693 2.719 2.734 2.773 2.798 2.835 2.835 2.835 0.302 0.3 0.293 0.288 0.288 0.284 0.281 0.281 0.276 0.272 0.272 0.272 0.272 0.275 0.276 0.276 0.276 0.279 0.279 0.279 0.279 0.276 0.275 0.275 0.276 0.281 0.282 0.289 0.293 0.295 0.309 3.115 3.121 3.163 3.163 3.181 3.21 3.261 3.283 3.283 3.317 3.334 3.933 0.007 0 0 0 0 0 0 0 0 2.381 2.378 2.373 2.367 
1 1 1 1 1 1 1 1 1 1 1 1 1 1 1 1 1 1 1 1 1 1 1 1 1 1 1 1 1 1 1 1 1 1 1 1 1 1 1 1 1 1 1 1 1 1 1 1 1 1 1 1 1 1 1 1 1 1 1 1 1 1 1 1 1 1 1 1 1 1 1 1 1 1 1 1 1 1 1 1 1 1 1 1 1 1 1 1 1 1 1 1 1 1 1 1 0 0 0 1 1 1 1 1 1 1 1 1 1 1 1 1 1 1 1 1 1 1 1 1 1 1 1 1 1 1 1 1 1 1 1 1 1 1 1 1 1 1 1 1 1 1 1 1 1 0 0 0 0 0 0 0 0 0 0 0 0 0 1 1 1 1 1 1 1 1 1 1 1 1 1 1 1 1 1 1 1 1 1 1 1 1 1 1 1 1 1 1 1 1 1 1 1 1 1 1 1 1 1 1 1 1 1 1 1 1 0 0 0 0 0 0 0 0 0 1 1 1 1 1 1 1 1 1 1 1 1 1 1 1 1 1 1 1 1 1 1 1 1 1 1 1 1 1 1 1 1 1 1 1 1 1 1 1 1 1 1 1 1 1 1 1 1 1 1 1 1 1 1 1 1 1 1 1 1 1 1 1 1 1 1 1 1 1 1 1 1 1 1 1 1 1 1 1 1 1 1 1 1 1 1 1 1 1 1 1 1 1 1 1 1 1 1 1 1 1 1 1 1 1 1 1 1 1 1 1 1 1 1 1 1 1 1 1 0 0 0 0 1 1 1 1 1 1 1 1 1 1 1 1 1 1 1 0 0 1 1 0 0 0 0 0 0 0 0 1 0 0 0 0 0 1 1 1 1 1 1 1 1 1 1 1 1 1 1 1 1 1 0 0 0 0 0 0 0 0 0 0 0 0 0 0 0 0 0 0 0 0 0 0 0 0 0 0 0 0 0 0 0 0 0 0 0 0 0 0 0 0 0 0 0 0 0 0 0 0 0 0 0 0 0 0 0 0 0 0 0 0 0 0 0 0 0 0 0 0 0 0 0 0 0 0 0 0 0 0 0 0 0 1 0 1 1 0 0 0 0 0 0 0 0 0 0 0 0 0 0 0 0 0 0 0 0 0 0 0 0 0 0 0 0 0 0 0 0 0 0 0 0 0 0 0 0 0 0 0 0 0 0 0 0 0 1 1 1 1 1 1 1 1 0 0 0 0 0 0 0 0 0 0 0 0 0 0 0 0 0 0 0 0 0 0 0 0 0 0 0 0 0 0 0 0 0 0 0 0 0 0 0 0 0 0 0 0 0 0 0 0 1 1 1 1 1 1 1 1 1 0 1 1 1 1 1 1 1 0 0 0 1 1 1 1 1 1 1 1 1 1 1 1 1 1 1 1 1 1 1 1 1 1 1 1 1 1 1 1 1 1 1 1 1 1 1 1 1 1 1 1 1 1 1 1 1 1 1 1 1 1 1 1 1 1 1 1 1 1 1 1 1 1 1 1 1 1 1 1 1 1 1 0 0 0 0 0 0 0 0 0 1 1 1 1 
