# This file contains a 2D laser scan observation. 
# Its format is: 
# [aperture] [max_range] [number_of_scans] 
# [vector_of_scans] 
# [vector_of_valid_scans] 
# The aperture of the sensor is in radians, the maximum range 
# and measurements are in meters. '1' means a valid scan, '0' otherwise.
4.1847
5.6
682
0 0 0 0 0 0 0 0 0 0 0 0 0 0 0.007 0.389 0.389 0.389 0.383 0.374 0.371 0.366 0.362 0.366 0.366 0 0 0 0 0 0 0 0 0 0 0 0 0 0 0 0 0 0 0 0 0 0 0 0 0 0 0 0.007 0 0 0 0 0 0 0 0.276 0.261 0.261 0.261 0.265 0.265 0.265 0.265 0.271 0 0 0 0 0.269 0.267 0.254 0.252 0.252 0.254 0.254 0.258 0.26 0.26 0.268 0 0 0 0 0 0 0 0.275 0.257 0.249 0.244 0.243 0.243 0.243 0.243 0.248 0 0 0 0 0 0 0 0 0.246 0.23 0.217 0.215 0.214 0.214 0.214 0.214 0.221 0.229 0.231 0.231 0 0 0 0 0 0 0.223 0.215 0.211 0.211 0.211 0.217 0.241 0 0 0 0 0 0 0 0.212 0.21 0.21 0.212 0.204 0.203 0.203 0.203 0.203 0.209 0.209 0.209 0.209 0.205 0.205 0.205 0.213 0.247 0.249 0 0 0 0 0 0 0.222 0.222 0.211 0.211 0.23 0.233 0.007 0 0.24 0.24 0.203 0.203 0.203 0.203 0.196 0.196 0.196 0.196 0.196 0.203 0.205 0.203 0.203 0.205 0.208 0.215 0.218 0.218 0.218 0.208 0.205 0.2 0.199 0.199 0.2 0.2 0.201 0.202 0.201 0.198 0.206 0.206 0.206 0.206 0.208 0.215 0.234 0 0 0 0 0.007 0.242 0.236 0.238 0.236 0.236 0.233 0.224 0.224 0.232 0.232 0.236 0.251 0.251 0.251 0.251 0.251 0.233 0.015 0.007 0.233 0.233 0.224 0.221 0.221 0.224 0.224 0.221 0.216 0.225 0.225 0.239 0 0 0 0 0 0.237 0.237 0.234 0.234 0.24 0.247 0.247 0 0 0 0 0 0 0 0 0.25 0.242 0.242 0.25 0.247 0.251 0.251 0.25 0.25 0.251 0.288 0 0 0 0 0 0 0.271 0.271 0.271 0 0 0 0 0 0 0.276 0.276 0.276 0.28 0.301 0 0 0 0 0 0 0.306 0.289 0.289 0 0 0 0 0 0 0 0 0 0.007 0 0 0 0 0 0 0 0 0 0 0 0 0 0 0 0 0 0 0 0 0 0 0 0 0 0 0 0 0 0 0 0 0 0 0.434 0.434 0.434 0 0 0 0 0.476 0.476 0.472 0.476 0.492 0 0 0 0 0 0 0 0 0 0 0 0 0 0 0 0 0 0 0 0 0 0 0 0 0 0 0 0 0 0 0 0 0 0 0 0 0 0 0 0 0 0 0 0 0 0 0 0 0 0 0 1.404 1.403 1.387 1.387 1.387 1.387 1.387 1.386 1.377 1.377 1.377 1.377 0.007 0 1.37 0 1.37 1.37 1.373 1.373 1.373 1.398 1.398 1.398 1.398 0 0.007 0 1.388 1.388 1.388 1.385 1.372 1.372 1.39 1.39 1.391 1.391 1.391 1.391 1.399 1.399 0 0 0 0 1.409 1.409 1.4 1.395 1.398 1.398 1.398 1.398 1.4 1.415 0 0 0 0 0 0 0.007 0 0 0 0 0 0 0 0 0 0 0 0 0 1.329 0.931 0.914 0.912 0.911 0.911 0.911 0.911 0.919 0.927 0 0 0 1.528 1.528 1.528 0 0 0 0 0 0 0 0 0 0 0 0 0 0 0 0 0 0 0 0 0 0 0 0 0 0.007 0 0 0 0 0 0 0 0 0 0 0 2.938 2.927 2.909 2.883 2.883 2.858 2.82 1.171 1.163 1.163 1.163 1.166 1.169 1.18 2.644 2.644 2.644 2.636 2.636 2.606 2.58 2.58 2.546 2.535 2.521 2.521 2.521 2.54 2.546 2.581 2.606 2.607 2.64 2.66 2.67 2.691 2.709 2.731 2.759 2.782 2.805 2.82 2.82 2.82 2.805 2.799 2.777 2.766 2.752 2.751 2.751 2.741 2.741 2.781 2.792 2.79 2.792 2.822 2.822 2.835 2.848 2.888 2.893 2.921 2.941 2.978 3.003 3.033 3.04 3.094 3.123 3.146 3.183 3.216 3.275 3.297 3.332 3.373 0 0 0 0 0 0 0 0 0 0.007 4.805 4.805 0 4.805 4.805 2.407 2.405 2.405 2.394 2.388 2.388 2.385 2.385 2.385 2.385 2.373 2.369 2.369 2.365 2.365 2.36 2.353 2.091 2.075 2.072 2.072 2.072 2.072 2.053 2.053 2.045 2.045 2.045 2.157 2.164 0.007 2.319 2.319 2.319 2.316 2.105 2.102 2.102 2.098 2.096 2.094 2.094 2.094 2.107 2.107 
0 0 0 0 0 0 0 0 0 0 0 0 0 0 0 1 1 1 1 1 1 1 1 1 1 0 0 0 0 0 0 0 0 0 0 0 0 0 0 0 0 0 0 0 0 0 0 0 0 0 0 0 0 0 0 0 0 0 0 0 1 1 1 1 1 1 1 1 1 0 0 0 0 1 1 1 1 1 1 1 1 1 1 1 0 0 0 0 0 0 0 1 1 1 1 1 1 1 1 1 0 0 0 0 0 0 0 0 1 1 1 1 1 1 1 1 1 1 1 1 0 0 0 0 0 0 1 1 1 1 1 1 1 0 0 0 0 0 0 0 1 1 1 1 1 1 1 1 1 1 1 1 1 1 1 1 1 1 1 0 0 0 0 0 0 1 1 1 1 1 1 0 0 1 1 1 1 1 1 1 1 1 1 1 1 1 1 1 1 1 1 1 1 1 1 1 1 1 1 1 1 1 1 1 1 1 1 1 1 1 1 1 0 0 0 0 0 1 1 1 1 1 1 1 1 1 1 1 1 1 1 1 1 1 0 0 1 1 1 1 1 1 1 1 1 1 1 1 0 0 0 0 0 1 1 1 1 1 1 1 0 0 0 0 0 0 0 0 1 1 1 1 1 1 1 1 1 1 1 0 0 0 0 0 0 1 1 1 0 0 0 0 0 0 1 1 1 1 1 0 0 0 0 0 0 1 1 1 0 0 0 0 0 0 0 0 0 0 0 0 0 0 0 0 0 0 0 0 0 0 0 0 0 0 0 0 0 0 0 0 0 0 0 0 0 0 0 0 0 0 0 0 1 1 1 0 0 0 0 1 1 1 1 1 0 0 0 0 0 0 0 0 0 0 0 0 0 0 0 0 0 0 0 0 0 0 0 0 0 0 0 0 0 0 0 0 0 0 0 0 0 0 0 0 0 0 0 0 0 0 0 0 0 0 0 1 1 1 1 1 1 1 1 1 1 1 1 0 0 1 0 1 1 1 1 1 1 1 1 1 0 0 0 1 1 1 1 1 1 1 1 1 1 1 1 1 1 0 0 0 0 1 1 1 1 1 1 1 1 1 1 0 0 0 0 0 0 0 0 0 0 0 0 0 0 0 0 0 0 0 0 1 1 1 1 1 1 1 1 1 1 0 0 0 1 1 1 0 0 0 0 0 0 0 0 0 0 0 0 0 0 0 0 0 0 0 0 0 0 0 0 0 0 0 0 0 0 0 0 0 0 0 0 0 1 1 1 1 1 1 1 1 1 1 1 1 1 1 1 1 1 1 1 1 1 1 1 1 1 1 1 1 1 1 1 1 1 1 1 1 1 1 1 1 1 1 1 1 1 1 1 1 1 1 1 1 1 1 1 1 1 1 1 1 1 1 1 1 1 1 1 1 1 1 1 1 1 1 1 1 1 1 0 0 0 0 0 0 0 0 0 0 1 1 0 1 1 1 1 1 1 1 1 1 1 1 1 1 1 1 1 1 1 1 1 1 1 1 1 1 1 1 1 1 1 1 1 0 1 1 1 1 1 1 1 1 1 1 1 1 1 1 
