# This file contains a 2D laser scan observation. 
# Its format is: 
# [aperture] [max_range] [number_of_scans] 
# [vector_of_scans] 
# [vector_of_valid_scans] 
# The aperture of the sensor is in radians, the maximum range 
# and measurements are in meters. '1' means a valid scan, '0' otherwise.
4.1847
5.6
682
0.007 0.418 0.416 0.4 0.393 0.392 0.392 0.393 0 0 0 0 0 0 0 0 0 0 0 0 0 0 0 0 0 0 0 0 0 0 0 0 0 0 0 0 0 0 0 0 0 0 0.28 0.28 0.28 0.28 0.283 0.286 0.286 0 0 0 0 0.285 0.275 0.261 0.257 0.254 0.257 0.261 0.271 0.275 0 0 0 0 0 0 0 0.267 0.254 0.254 0.254 0.254 0.259 0.26 0.261 0 0 0 0 0 0 0 0.247 0.238 0.219 0.219 0.219 0.219 0.242 0.243 0.25 0.261 0 0 0 0 0 0.238 0.231 0.231 0.222 0.222 0.222 0.234 0.24 0 0 0 0 0 0 0 0.213 0.213 0.214 0.217 0.217 0.218 0.218 0.218 0.217 0.215 0.212 0.212 0.21 0.21 0.21 0.213 0.234 0 0 0 0 0 0 0 0.203 0.202 0.202 0.203 0.212 0.215 0.215 0.212 0.206 0.202 0.198 0.198 0.198 0.203 0.204 0.22 0.257 0.257 0.257 0.23 0.226 0.202 0.202 0.202 0.203 0.204 0.216 0.216 0.204 0.204 0.202 0.202 0.208 0.208 0.219 0.219 0.219 0.219 0.219 0.215 0.208 0.207 0.207 0.195 0.207 0.207 0.222 0 0 0 0.234 0.234 0.234 0.24 0.24 0.24 0.216 0.216 0.212 0.212 0.212 0.219 0.219 0.227 0.227 0.229 0.229 0.227 0.201 0.229 0.216 0.214 0.214 0.216 0.216 0.214 0.211 0.212 0.212 0.212 0.212 0.214 0.228 0.237 0 0 0 0 0 0.227 0.227 0.227 0.227 0.223 0.23 0.23 0.23 0.233 0.238 0 0 0 0 0 0 0 0 0.232 0.232 0.237 0.237 0.236 0.236 0.236 0.231 0.236 0.249 0 0 0 0 0 0 0 0 0.007 0 0.253 0 0 0 0 0 0 0 0.254 0.254 0.254 0.256 0.256 0 0 0 0 0 0 0.288 0.286 0.286 0.286 0 0 0 0 0 0 0 0.007 0 0 0 0 0 0 0 0 0 0 0 0 0 0 0 0 0 0 0 0 0 0 0 0 0 0 0 0 0 0 0 0 0 0 0 0 0 0 0 0 0 0.418 0.418 0.418 0 0 0 0 0 0.469 0.459 0.459 0.463 0.464 0.464 0.465 0.479 0.007 0 0.007 0 0 0 0.007 0 0 0.007 0 0 0 0 0 0 0 0 0 0 0 0 0 0 0 0 0 0 0 0 0 0 0 0 0 0 0 0 0 0 0 0 0 0 0 0 0 0 0 0 1.381 1.371 1.358 1.37 1.37 1.368 1.369 1.37 1.369 1.368 1.369 1.342 1.34 1.342 1.345 1.345 0.007 1.356 1.356 0 1.362 1.362 1.375 1.375 1.375 1.375 0 0.007 0 0.007 0 0.007 0 0 0 0.007 1.363 1.363 0 0 0 0 0 0.007 0 0 0 0 0.007 0 0.007 0 1.388 1.388 1.381 1.377 1.381 1.381 1.381 0 0.007 0 0 0 0.007 0 0.007 0 0 0 0 0 0.007 0 0 0.007 0 0 0.007 1.383 0.906 0.894 0.887 0.887 0.894 0.894 0.896 0.907 0.909 0 0 0 0.007 0 0 0 0 0.007 0 0.007 0 0.007 0 0 0 0 0 0 0 0 0 0 0 0 0 0 0 0 0 0 0 0 0 0 0 0 0 0 0 0 0 2.925 2.902 2.902 2.885 2.862 2.862 2.817 2.786 1.165 1.144 1.14 1.14 1.14 1.141 1.146 1.159 2.602 2.602 2.602 2.584 2.584 2.541 2.526 2.51 2.503 2.503 2.503 2.516 2.545 2.551 2.579 2.597 2.603 2.65 2.661 2.685 2.7 2.701 2.739 2.763 2.785 2.815 2.815 2.815 2.794 2.786 2.776 2.741 2.741 2.731 2.726 2.726 2.732 2.732 2.771 2.785 2.792 2.822 2.822 2.832 2.832 2.865 2.889 2.901 2.922 2.946 2.981 3.013 3.029 3.045 3.103 3.134 3.169 3.196 3.235 3.292 3.317 3.331 0 0 0 0 0 0 0 0 0 0.007 0 0.007 0 0 0 0 2.406 2.399 2.391 2.384 2.381 2.38 2.378 2.378 2.378 2.378 2.369 2.365 2.363 2.36 2.36 2.348 2.346 2.078 2.074 2.069 2.069 2.069 2.064 2.064 2.064 2.038 2.034 2.034 2.034 2.155 2.223 2.306 2.306 2.306 2.236 2.107 2.098 2.098 2.097 2.089 2.088 2.088 2.088 2.114 2.114 2.114 2.074 1.98 1.916 1.909 1.889 1.889 1.825 1.755 
0 1 1 1 1 1 1 1 0 0 0 0 0 0 0 0 0 0 0 0 0 0 0 0 0 0 0 0 0 0 0 0 0 0 0 0 0 0 0 0 0 0 1 1 1 1 1 1 1 0 0 0 0 1 1 1 1 1 1 1 1 1 0 0 0 0 0 0 0 1 1 1 1 1 1 1 1 0 0 0 0 0 0 0 1 1 1 1 1 1 1 1 1 1 0 0 0 0 0 1 1 1 1 1 1 1 1 0 0 0 0 0 0 0 1 1 1 1 1 1 1 1 1 1 1 1 1 1 1 1 1 0 0 0 0 0 0 0 1 1 1 1 1 1 1 1 1 1 1 1 1 1 1 1 1 1 1 1 1 1 1 1 1 1 1 1 1 1 1 1 1 1 1 1 1 1 1 1 1 1 1 1 1 1 1 0 0 0 1 1 1 1 1 1 1 1 1 1 1 1 1 1 1 1 1 1 1 1 1 1 1 1 1 1 1 1 1 1 1 1 1 1 0 0 0 0 0 1 1 1 1 1 1 1 1 1 1 0 0 0 0 0 0 0 0 1 1 1 1 1 1 1 1 1 1 0 0 0 0 0 0 0 0 0 0 1 0 0 0 0 0 0 0 1 1 1 1 1 0 0 0 0 0 0 1 1 1 1 0 0 0 0 0 0 0 0 0 0 0 0 0 0 0 0 0 0 0 0 0 0 0 0 0 0 0 0 0 0 0 0 0 0 0 0 0 0 0 0 0 0 0 0 0 0 0 0 0 1 1 1 0 0 0 0 0 1 1 1 1 1 1 1 1 0 0 0 0 0 0 0 0 0 0 0 0 0 0 0 0 0 0 0 0 0 0 0 0 0 0 0 0 0 0 0 0 0 0 0 0 0 0 0 0 0 0 0 0 0 0 0 0 0 0 1 1 1 1 1 1 1 1 1 1 1 1 1 1 1 1 0 1 1 0 1 1 1 1 1 1 0 0 0 0 0 0 0 0 0 0 1 1 0 0 0 0 0 0 0 0 0 0 0 0 0 0 1 1 1 1 1 1 1 0 0 0 0 0 0 0 0 0 0 0 0 0 0 0 0 0 0 0 0 1 1 1 1 1 1 1 1 1 1 0 0 0 0 0 0 0 0 0 0 0 0 0 0 0 0 0 0 0 0 0 0 0 0 0 0 0 0 0 0 0 0 0 0 0 0 0 0 0 0 0 0 1 1 1 1 1 1 1 1 1 1 1 1 1 1 1 1 1 1 1 1 1 1 1 1 1 1 1 1 1 1 1 1 1 1 1 1 1 1 1 1 1 1 1 1 1 1 1 1 1 1 1 1 1 1 1 1 1 1 1 1 1 1 1 1 1 1 1 1 1 1 1 1 1 1 1 1 1 1 0 0 0 0 0 0 0 0 0 0 0 0 0 0 0 0 1 1 1 1 1 1 1 1 1 1 1 1 1 1 1 1 1 1 1 1 1 1 1 1 1 1 1 1 1 1 1 1 1 1 1 1 1 1 1 1 1 1 1 1 1 1 1 1 1 1 1 1 1 1 
