# This file contains a 2D laser scan observation. 
# Its format is: 
# [aperture] [max_range] [number_of_scans] 
# [vector_of_scans] 
# [vector_of_valid_scans] 
# The aperture of the sensor is in radians, the maximum range 
# and measurements are in meters. '1' means a valid scan, '0' otherwise.
4.1847
5.6
682
0.305 0.305 0.305 0.305 0.307 0.309 0.313 0.309 0.322 0.323 0 0 0 0 0.281 0.275 0.275 0.275 0.272 0.272 0.273 0.273 0.273 0.286 0.302 0.311 0.311 0.311 0.282 0.282 0.275 0.275 0.273 0.276 0.269 0.276 0.272 0.272 0.269 0.272 0.269 0.268 0.269 0.268 0.268 0.28 0.28 0.28 0.28 0.276 0.276 0.276 0.276 0.274 0.268 0.272 0.272 0.27 0.267 0.27 0.267 0.27 0.27 0.27 0.272 0.275 0.276 0.276 0.276 0.276 0.274 0.274 0.272 0.272 0.271 0.262 0.262 0.262 0 0 0 0 0 0 0 0 0 0 0 0.271 0.267 0.267 0.268 0.268 0.268 0.268 0.272 0.271 0.272 0.271 0.271 0.271 0.27 0.27 0.271 0.272 0.271 0.271 0.27 0.27 0.267 0.27 0.272 0.272 0.272 0.272 0.272 0.269 0.269 0.267 0.263 0.263 0.272 0.286 0.286 0.286 0.272 0.272 0.272 0.276 0.277 0.277 0.277 0.281 0.293 0.293 0.293 0.291 0.28 0.278 0.278 0.278 0.278 0.283 0.283 0.283 0.287 0.295 0.296 0.296 0.32 0.32 0.325 0 0 0 0 0.007 0.33 0.33 0.33 0.308 0.33 0.313 0.308 0.299 0.298 0.298 0.298 0.315 0.337 0 0 0 0 0 0 0.324 0.324 0.324 0.338 0 0 0 0 0 0 0.334 0.334 0.334 0.348 0 0 0 0 0 0.357 0.357 0.357 0.357 0.357 0.007 0 0 0.007 0 0.007 0 0 0 0 0.38 0.38 0.38 0.386 0.392 0.392 0.392 0.392 0.392 0.392 0 0 0 0 0 0 0.007 0 0 0 0 0 0 0 0 0 0.455 0.455 0.455 0.454 0.459 0 0.461 0.461 0.465 0.471 0.471 0.485 0 0 0 0 0 0 0 0.527 0.527 0.527 0.534 0.537 0 0 0 0 0.586 0.586 0.586 0.588 0.619 0 0 0 0 0 0 0 0 0 0 0 0 0 0 0 0 0 0 0 0 1.023 1.021 1.007 1.007 1.007 0 0 0 0 0 0.965 0.965 0.968 0.968 0.968 0.99 0.994 0.007 0.994 0.994 0.994 0.994 0.992 0.987 0.987 0.988 0.982 0.982 0.987 0.987 0.987 0.987 0.988 0.989 0.988 0.988 0.978 0.978 0.977 0.978 0.984 0.986 0.984 0.987 0.987 0.981 0.977 0.977 0.977 0.977 0.971 0.978 0.98 0.979 0.008 0.007 0.008 0.007 0.015 0.007 0.015 0.007 0.015 0.007 0.015 0.015 0.015 0.007 0.015 0.007 0 0.007 0 0.007 0 0.007 0.995 0.995 0.995 0.994 0.989 0.97 0.97 0.969 0.97 0.974 0.975 0.975 0.984 0.984 0.98 0.987 0.98 0.98 0.983 0.987 0.988 0.99 0.998 1 1.001 1.003 1.003 1.01 0 0 0 1.015 1.011 1.011 1.011 1.011 1.029 1.054 1.059 0 1.059 1.072 0 0 1.072 0 0.007 0 1.058 1.05 1.05 1.05 0 0 0 0 0 0 0 0 0.527 0.515 0.515 0.515 0.515 0.515 0.514 0.513 0.511 0.511 0.513 0.52 0.521 0.526 0.526 0.54 0 0 0 0 0 0 0 0 0 0 0 0 0 0 0 0 0 0 0 0 0 0 0 0 0 0 0 0 0 0 0 0 0 2.439 2.398 2.369 2.365 2.358 2.323 2.323 2.292 2.287 2.285 2.265 2.256 2.236 2.236 2.236 2.232 2.229 2.229 2.214 2.205 2.205 2.205 2.229 2.234 2.243 2.243 2.243 0.852 0.845 0.843 0.84 0.839 0.835 0.835 0.835 0.844 0.851 2.544 2.544 2.544 2.54 2.54 2.54 2.523 2.515 2.489 2.482 2.482 2.482 2.529 0.007 2.593 2.549 2.576 2.576 2.576 2.592 2.622 2.658 2.685 2.709 2.754 2.789 2.815 2.858 2.896 2.936 2.976 2.998 3.059 3.106 3.142 0 0 0 0 0 0 0 0 0 0 0.006 0.006 0.006 0.006 0.006 0.006 0.006 0.006 0.006 0.006 0.006 0.006 0.006 0.006 0.006 2.257 2.256 2.252 2.249 2.244 2.244 2.244 2.239 2.239 2.24 2.24 2.239 2.24 2.239 2.236 2.236 2.235 2.235 2.235 2.235 2.231 2.136 1.996 1.967 1.963 1.962 1.961 1.961 1.961 1.983 1.99 1.99 1.99 1.957 1.922 1.922 1.922 2.107 2.127 2.127 2.127 2.067 2.048 2.048 2.047 2.047 2.047 2.042 2.042 2.053 2.136 2.136 2.136 2.136 2.279 2.279 2.279 2.279 1.959 1.914 1.906 1.906 1.906 1.905 1.827 1.794 1.794 1.794 1.819 1.827 1.866 2.172 2.177 2.177 2.313 2.337 2.349 2.349 2.349 1.976 1.974 1.974 1.976 1.984 1.986 2.138 2.198 2.236 2.236 2.236 2.092 2.092 2.092 2.101 2.104 2.111 2.112 2.112 2.112 2.113 2.114 2.114 2.191 2.367 2.367 2.368 2.372 0 0 0 
1 1 1 1 1 1 1 1 1 1 0 0 0 0 1 1 1 1 1 1 1 1 1 1 1 1 1 1 1 1 1 1 1 1 1 1 1 1 1 1 1 1 1 1 1 1 1 1 1 1 1 1 1 1 1 1 1 1 1 1 1 1 1 1 1 1 1 1 1 1 1 1 1 1 1 1 1 1 0 0 0 0 0 0 0 0 0 0 0 1 1 1 1 1 1 1 1 1 1 1 1 1 1 1 1 1 1 1 1 1 1 1 1 1 1 1 1 1 1 1 1 1 1 1 1 1 1 1 1 1 1 1 1 1 1 1 1 1 1 1 1 1 1 1 1 1 1 1 1 1 1 1 1 0 0 0 0 0 1 1 1 1 1 1 1 1 1 1 1 1 1 0 0 0 0 0 0 1 1 1 1 0 0 0 0 0 0 1 1 1 1 0 0 0 0 0 1 1 1 1 1 0 0 0 0 0 0 0 0 0 0 1 1 1 1 1 1 1 1 1 1 0 0 0 0 0 0 0 0 0 0 0 0 0 0 0 0 1 1 1 1 1 0 1 1 1 1 1 1 0 0 0 0 0 0 0 1 1 1 1 1 0 0 0 0 1 1 1 1 1 0 0 0 0 0 0 0 0 0 0 0 0 0 0 0 0 0 0 0 0 1 1 1 1 1 0 0 0 0 0 1 1 1 1 1 1 1 0 1 1 1 1 1 1 1 1 1 1 1 1 1 1 1 1 1 1 1 1 1 1 1 1 1 1 1 1 1 1 1 1 1 1 1 1 0 0 0 0 0 0 0 0 0 0 0 0 0 0 0 0 0 0 0 0 0 0 1 1 1 1 1 1 1 1 1 1 1 1 1 1 1 1 1 1 1 1 1 1 1 1 1 1 1 1 0 0 0 1 1 1 1 1 1 1 1 0 1 1 0 0 1 0 0 0 1 1 1 1 0 0 0 0 0 0 0 0 1 1 1 1 1 1 1 1 1 1 1 1 1 1 1 1 0 0 0 0 0 0 0 0 0 0 0 0 0 0 0 0 0 0 0 0 0 0 0 0 0 0 0 0 0 0 0 0 0 1 1 1 1 1 1 1 1 1 1 1 1 1 1 1 1 1 1 1 1 1 1 1 1 1 1 1 1 1 1 1 1 1 1 1 1 1 1 1 1 1 1 1 1 1 1 1 1 1 1 0 1 1 1 1 1 1 1 1 1 1 1 1 1 1 1 1 1 1 1 1 1 0 0 0 0 0 0 0 0 0 0 0 0 0 0 0 0 0 0 0 0 0 0 0 0 0 1 1 1 1 1 1 1 1 1 1 1 1 1 1 1 1 1 1 1 1 1 1 1 1 1 1 1 1 1 1 1 1 1 1 1 1 1 1 1 1 1 1 1 1 1 1 1 1 1 1 1 1 1 1 1 1 1 1 1 1 1 1 1 1 1 1 1 1 1 1 1 1 1 1 1 1 1 1 1 1 1 1 1 1 1 1 1 1 1 1 1 1 1 1 1 1 1 1 1 1 1 1 1 1 1 1 1 0 0 0 
