# This file contains a 2D laser scan observation. 
# Its format is: 
# [aperture] [max_range] [number_of_scans] 
# [vector_of_scans] 
# [vector_of_valid_scans] 
# The aperture of the sensor is in radians, the maximum range 
# and measurements are in meters. '1' means a valid scan, '0' otherwise.
4.1847
5.6
682
0.265 0.265 0.258 0.258 0.27 0.27 0.283 0.283 0.283 0.26 0.251 0.248 0.242 0.242 0.242 0.243 0.243 0.251 0.251 0.253 0.253 0.255 0.255 0.256 0.256 0.256 0.243 0.243 0.238 0.238 0.243 0.25 0.261 0 0 0 0.235 0.234 0.234 0.229 0.229 0.229 0.229 0.229 0.231 0.231 0.231 0.235 0.231 0.235 0.227 0.235 0.244 0.267 0.007 0.267 0.235 0.233 0.219 0.22 0.219 0.22 0.22 0.232 0.232 0.232 0.228 0.225 0.224 0.225 0.228 0.234 0.234 0.234 0.23 0.226 0.226 0.226 0.223 0.223 0.222 0.222 0.222 0.22 0.226 0.227 0.233 0.232 0.233 0.232 0.236 0.241 0 0.245 0.245 0.245 0.241 0.233 0.231 0.231 0.233 0.237 0.237 0.237 0.237 0.235 0.235 0.232 0.23 0.229 0.222 0.222 0.229 0.24 0.25 0.272 0 0 0 0 0.007 0.268 0.255 0.255 0.254 0.248 0.248 0.249 0.249 0.249 0.251 0.259 0.259 0.251 0.243 0.243 0.243 0 0 0 0 0.275 0.263 0.262 0.259 0.253 0.253 0.253 0.253 0.254 0.255 0 0 0 0 0 0 0 0 0 0 0.293 0.268 0.268 0.268 0.275 0.276 0.276 0.279 0 0 0 0 0 0 0.293 0.281 0.281 0.283 0.283 0.283 0 0 0 0 0 0.007 0 0 0 0 0.314 0.314 0.314 0 0 0 0 0 0 0 0 0.336 0.336 0.33 0.33 0.33 0.345 0.007 0 0 0 0 0 0 0 0 0 0 0 0 0 0 0.007 0 0.007 0 0 0 0 0.421 0.416 0.414 0.416 0.416 0.418 0.418 0.427 0.43 0.437 0.441 0.007 0 0 0.007 0 0 0 0 0 0 0 0 0 0 0 0 0 0.655 0.655 0.655 0.658 0.658 0.658 0.656 0.656 0.656 0.658 0.658 0.659 0.659 0.66 0 0 0 0 0 0 0.59 0.588 0.588 0.588 0.588 0.591 0.593 0.593 0.593 0.599 0.6 0.599 0.599 0.599 0.596 0.596 0.594 0.593 0.594 0.594 0.588 0.588 0.588 0.588 0.584 0.582 0.584 0.584 0.584 0.586 0.586 0.586 0.584 0.586 0.582 0.577 0.581 0.581 0.581 0.581 0.583 0.584 0.584 0.583 0.58 0.578 0.577 0.577 0.574 0.577 0.577 0.582 0.582 0.582 0.579 0.577 0.576 0.576 0.576 0.576 0.576 0.015 0.576 0.576 0.578 0.578 0.577 0.577 0.578 0.585 0.577 0.583 0.583 0.583 0.583 0.583 0.579 0.585 0.579 0.578 0.579 0.584 0.578 0.568 0.584 0.584 0.58 0.584 0.586 0.586 0.586 0.586 0.586 0.586 0.587 0.587 0.588 0.588 0.587 0.587 0.587 0.587 0.589 0.59 0.59 0.007 0.015 0.007 0.015 0.606 0.602 0.602 0.602 0.602 0.602 0.602 0.605 0.608 0.608 0.608 0.593 0.593 0.593 0.593 0.596 0.598 0.602 0.606 0.61 0.615 0.617 0.623 0.623 0.623 0.629 0.629 0.619 0.626 0.626 0.626 0.626 0.647 0.647 0 0.673 0.67 0.67 0.67 0.658 0.657 0.657 0.657 0.658 0.659 0.672 0.672 0.659 0.659 0.669 0.669 0.669 0.673 0.675 0 0.675 0.707 0 0 0 0 0 0 0 0 0 0 0 0.007 0.731 0.731 0 0 0 0 0 0 0 0 0 0 0 0 0 0.007 0 0 0 0 0 0 0 0.846 0.846 0.007 0 0 0 0 0 0 0 0 0 0 0 0 0 0 0 0 0 0 0 0 0 0 0 0 0 0 0 0 0 0 0 0 0 2.037 2.031 2.03 2.027 2.024 2.018 2.018 2.018 2.043 2.073 2.104 2.134 2.181 2.214 2.246 2.281 2.318 2.364 2.398 2.398 2.398 2.397 2.394 2.389 2.389 2.381 2.373 2.355 2.355 2.353 2.353 2.355 2.355 2.405 2.446 2.446 2.446 2.479 2.479 2.523 2.538 2.593 2.641 2.704 2.763 2.82 2.82 2.82 0.303 0.3 0.294 0.299 0.299 0.295 0.296 0.299 0.296 0.295 0.292 0.292 0.292 0.299 0.303 0.303 0.304 0.303 0.299 0.298 0.299 0.298 0.298 0.301 0.303 0.303 0.304 0.431 0 0.006 0.006 0.006 0.006 0.006 0.006 0.006 0.006 2.259 2.255 2.255 2.257 2.255 2.257 2.261 2.263 2.263 2.263 2.267 2.267 2.271 2.275 2.275 2.275 2.281 2.282 2.291 2.291 2.291 2.291 2.289 2.288 2.068 2.055 2.039 2.034 2.034 2.034 2.037 2.038 2.063 2.063 2.063 2.053 2.042 2.035 2.035 2.042 2.058 2.153 2.153 2.162 2.162 2.162 2.167 2.168 2.17 2.175 2.297 2.297 2.297 5.248 0.01 2.409 2.409 2.409 2.232 2.206 2.184 2.08 2.08 2.08 2.109 2.494 2.494 2.494 1.977 1.977 1.977 1.982 2.031 2.539 2.543 2.573 2.576 2.576 2.576 5.453 0 0 
1 1 1 1 1 1 1 1 1 1 1 1 1 1 1 1 1 1 1 1 1 1 1 1 1 1 1 1 1 1 1 1 1 0 0 0 1 1 1 1 1 1 1 1 1 1 1 1 1 1 1 1 1 1 0 1 1 1 1 1 1 1 1 1 1 1 1 1 1 1 1 1 1 1 1 1 1 1 1 1 1 1 1 1 1 1 1 1 1 1 1 1 0 1 1 1 1 1 1 1 1 1 1 1 1 1 1 1 1 1 1 1 1 1 1 1 0 0 0 0 0 1 1 1 1 1 1 1 1 1 1 1 1 1 1 1 1 0 0 0 0 1 1 1 1 1 1 1 1 1 1 0 0 0 0 0 0 0 0 0 0 1 1 1 1 1 1 1 1 0 0 0 0 0 0 1 1 1 1 1 1 0 0 0 0 0 0 0 0 0 0 1 1 1 0 0 0 0 0 0 0 0 1 1 1 1 1 1 0 0 0 0 0 0 0 0 0 0 0 0 0 0 0 0 0 0 0 0 0 0 1 1 1 1 1 1 1 1 1 1 1 0 0 0 0 0 0 0 0 0 0 0 0 0 0 0 0 0 1 1 1 1 1 1 1 1 1 1 1 1 1 1 0 0 0 0 0 0 1 1 1 1 1 1 1 1 1 1 1 1 1 1 1 1 1 1 1 1 1 1 1 1 1 1 1 1 1 1 1 1 1 1 1 1 1 1 1 1 1 1 1 1 1 1 1 1 1 1 1 1 1 1 1 1 1 1 1 1 1 0 1 1 1 1 1 1 1 1 1 1 1 1 1 1 1 1 1 1 1 1 1 1 1 1 1 1 1 1 1 1 1 1 1 1 1 1 1 1 1 1 1 1 1 0 0 0 0 1 1 1 1 1 1 1 1 1 1 1 1 1 1 1 1 1 1 1 1 1 1 1 1 1 1 1 1 1 1 1 1 1 1 0 1 1 1 1 1 1 1 1 1 1 1 1 1 1 1 1 1 1 1 0 1 1 0 0 0 0 0 0 0 0 0 0 0 0 1 1 0 0 0 0 0 0 0 0 0 0 0 0 0 0 0 0 0 0 0 0 0 1 1 0 0 0 0 0 0 0 0 0 0 0 0 0 0 0 0 0 0 0 0 0 0 0 0 0 0 0 0 0 0 0 0 0 0 1 1 1 1 1 1 1 1 1 1 1 1 1 1 1 1 1 1 1 1 1 1 1 1 1 1 1 1 1 1 1 1 1 1 1 1 1 1 1 1 1 1 1 1 1 1 1 1 1 1 1 1 1 1 1 1 1 1 1 1 1 1 1 1 1 1 1 1 1 1 1 1 1 1 1 1 0 0 0 0 0 0 0 0 0 1 1 1 1 1 1 1 1 1 1 1 1 1 1 1 1 1 1 1 1 1 1 1 1 1 1 1 1 1 1 1 1 1 1 1 1 1 1 1 1 1 1 1 1 1 1 1 1 1 1 1 1 1 1 0 1 1 1 1 1 1 1 1 1 1 1 1 1 1 1 1 1 1 1 1 1 1 1 1 1 0 0 
