# This file contains a 2D laser scan observation. 
# Its format is: 
# [aperture] [max_range] [number_of_scans] 
# [vector_of_scans] 
# [vector_of_valid_scans] 
# The aperture of the sensor is in radians, the maximum range 
# and measurements are in meters. '1' means a valid scan, '0' otherwise.
4.1847
5.6
682
0.325 0.325 0.325 0.324 0.313 0.313 0.313 0.313 0.314 0.327 0.329 0.329 0.327 0.329 0.332 0.332 0.332 0.332 0.32 0.313 0.312 0.312 0.312 0.312 0.314 0.323 0.323 0.326 0.326 0.326 0.322 0.331 0.331 0.319 0.319 0.319 0.319 0.319 0.316 0.316 0.315 0.315 0.315 0.315 0.317 0.317 0.317 0.325 0.325 0.323 0.325 0.323 0.321 0.323 0.323 0.323 0.323 0.323 0.319 0.302 0.302 0.302 0.31 0.34 0.34 0 0.007 0 0.007 0 0.349 0.351 0.351 0.349 0.349 0.347 0.347 0.338 0.338 0.347 0.35 0.353 0.353 0.353 0.353 0.353 0.348 0.354 0.354 0.354 0.353 0.353 0.35 0.349 0.349 0.349 0.349 0.346 0.351 0.356 0.357 0.358 0.359 0.359 0.359 0.359 0.359 0.355 0.352 0.351 0.347 0.344 0.342 0.344 0.347 0.348 0.359 0.364 0.364 0.365 0.365 0.365 0.365 0.377 0.37 0.375 0.377 0.377 0.399 0 0 0 0 0 0 0 0 0 0 0 0 0 0 0 0 0 0 0 0 0 0 0.007 0 0 0.007 0.502 0.493 0.493 0.492 0.485 0.481 0.478 0.478 0.478 0.478 0.482 0.484 0 0 0 0 0 0 0 0 0 0 0 0.423 0.409 0.409 0.409 0.409 0.401 0.411 0.411 0.401 0.399 0.388 0.388 0.388 0.388 0.389 0.389 0.389 0.381 0.379 0.376 0.374 0.374 0.373 0.373 0.373 0.373 0.007 0.362 0.355 0.355 0.349 0.349 0.355 0.361 0.362 0.362 0.362 0.358 0.332 0.332 0.332 0.335 0.335 0.34 0.34 0.34 0.336 0.34 0.34 0.34 0.345 0.345 0.337 0.332 0.329 0.329 0.329 0.335 0.335 0.34 0.335 0.335 0.33 0.328 0.317 0.317 0.313 0.313 0.308 0.308 0.308 0.308 0.308 0.311 0.311 0.311 0.311 0.311 0.307 0.307 0.311 0.319 0.319 0.321 0.319 0.319 0.319 0.313 0.312 0.313 0.313 0.313 0.314 0.314 0.313 0.313 0.313 0.313 0.309 0.313 0.317 0.315 0.316 0.316 0.316 0.316 0.316 0.312 0.311 0.31 0.31 0.303 0.303 0.299 0.299 0.302 0.309 0.302 0.304 0.304 0.304 0.304 0.314 0.314 0.314 0.312 0.312 0.312 0.312 0.31 0.312 0.312 0.313 0.313 0.313 0.313 0.313 0.314 0.309 0.307 0.296 0.296 0.296 0.308 0.309 0.309 0.308 0.309 0.307 0.303 0.303 0.286 0.286 0.286 0.309 0.309 0.309 0.311 0.321 0.321 0 0 0 0.328 0.32 0.32 0.32 0.319 0.319 0.322 0.32 0.322 0.322 0.322 0.327 0.327 0.327 0.327 0.324 0.324 0.32 0.322 0.322 0.328 0.328 0.328 0.328 0.326 0.322 0.321 0.319 0.321 0.319 0.321 0.334 0.334 0.334 0.334 0.334 0.341 0.341 0.347 0.347 0.347 0.346 0.347 0.346 0.346 0.361 0.361 0.359 0.361 0.359 0.356 0.353 0.356 0.353 0.353 0.371 0.371 0.375 0.375 0.368 0.368 0.375 0.376 0.378 0.378 0.378 0.378 0.383 0.384 0.397 0.397 0.397 0.396 0.396 0.396 0.391 0.396 0.407 0.409 0.409 0.416 0.416 0.416 0.416 0.417 0.42 0.435 0.44 0.44 0.44 0.435 0.44 0.44 0.44 0.458 0.458 0.458 0.457 0.457 0.457 0.47 0.47 0.489 0.489 0.485 0.485 0.489 0.49 0.502 0.507 0.507 0.507 0.513 0 0.007 0 0.007 0 0 0.007 0 0 0 0 0 0 0 0 0 0 0.609 0 0.007 0 0 0 0.007 0 0 0 0 0 0 0 0 0 0 0 0 0 0 0 0 0 0 0 0 0 0 0 0 0 0 0 0 0 2.218 2.218 2.218 2.234 2.235 2.238 2.238 2.235 2.234 2.233 2.229 2.223 2.218 2.21 2.21 2.204 2.204 2.21 2.21 2.213 2.223 2.297 2.304 2.316 2.332 0 0 0 0 0 0 0 0 0 0.006 0.006 0.006 0.006 0.006 0.006 0.006 0.006 0.006 0.006 0.006 0.006 0.006 0.006 0.006 0.006 0.006 0.006 0.006 0.006 0.006 0.006 0.006 0.006 0.006 0.006 0.006 0.006 0.006 0 0 0 0 4.391 4.365 4.359 3.575 3.575 3.49 3.343 2.198 2.198 2.198 2.2 2.205 2.209 2.211 2.213 2.218 2.227 2.227 2.232 2.232 2.233 2.234 2.245 2.248 2.249 2.249 2.259 2.266 2.266 2.266 0.713 0.698 0.697 0.696 0.696 0.697 0.69 0.697 0.699 0.702 0.704 0.015 0.015 0.015 2.137 2.042 2.041 2.037 2.028 2.028 2.028 2.159 2.168 2.171 2.186 2.19 2.201 2.218 2.268 2.268 2.276 2.315 2.315 2.334 2.334 2.484 2.334 2.334 5.365 5.365 2.239 2.534 2.534 2.534 2.582 5.409 0.007 5.409 5.272 2.2 2.195 2.2 2.2 2.222 2.232 2.235 2.232 2.232 2.235 2.241 2.392 2.396 2.404 2.404 2.405 2.41 2.418 2.432 2.447 2.447 2.447 0.349 0.328 0.326 0.326 0.317 0.313 0.313 
1 1 1 1 1 1 1 1 1 1 1 1 1 1 1 1 1 1 1 1 1 1 1 1 1 1 1 1 1 1 1 1 1 1 1 1 1 1 1 1 1 1 1 1 1 1 1 1 1 1 1 1 1 1 1 1 1 1 1 1 1 1 1 1 1 0 0 0 0 0 1 1 1 1 1 1 1 1 1 1 1 1 1 1 1 1 1 1 1 1 1 1 1 1 1 1 1 1 1 1 1 1 1 1 1 1 1 1 1 1 1 1 1 1 1 1 1 1 1 1 1 1 1 1 1 1 1 1 1 0 0 0 0 0 0 0 0 0 0 0 0 0 0 0 0 0 0 0 0 0 0 0 0 0 0 1 1 1 1 1 1 1 1 1 1 1 1 0 0 0 0 0 0 0 0 0 0 0 1 1 1 1 1 1 1 1 1 1 1 1 1 1 1 1 1 1 1 1 1 1 1 1 1 1 0 1 1 1 1 1 1 1 1 1 1 1 1 1 1 1 1 1 1 1 1 1 1 1 1 1 1 1 1 1 1 1 1 1 1 1 1 1 1 1 1 1 1 1 1 1 1 1 1 1 1 1 1 1 1 1 1 1 1 1 1 1 1 1 1 1 1 1 1 1 1 1 1 1 1 1 1 1 1 1 1 1 1 1 1 1 1 1 1 1 1 1 1 1 1 1 1 1 1 1 1 1 1 1 1 1 1 1 1 1 1 1 1 1 1 1 1 1 1 1 1 1 1 1 1 1 1 1 1 1 1 1 1 1 0 0 0 1 1 1 1 1 1 1 1 1 1 1 1 1 1 1 1 1 1 1 1 1 1 1 1 1 1 1 1 1 1 1 1 1 1 1 1 1 1 1 1 1 1 1 1 1 1 1 1 1 1 1 1 1 1 1 1 1 1 1 1 1 1 1 1 1 1 1 1 1 1 1 1 1 1 1 1 1 1 1 1 1 1 1 1 1 1 1 1 1 1 1 1 1 1 1 1 1 1 1 1 1 1 1 1 1 1 1 1 1 1 1 1 1 0 0 0 0 0 0 0 0 0 0 0 0 0 0 0 0 0 1 0 0 0 0 0 0 0 0 0 0 0 0 0 0 0 0 0 0 0 0 0 0 0 0 0 0 0 0 0 0 0 0 0 0 0 1 1 1 1 1 1 1 1 1 1 1 1 1 1 1 1 1 1 1 1 1 1 1 1 1 0 0 0 0 0 0 0 0 0 0 0 0 0 0 0 0 0 0 0 0 0 0 0 0 0 0 0 0 0 0 0 0 0 0 0 0 0 0 0 0 0 0 1 1 1 1 1 1 1 1 1 1 1 1 1 1 1 1 1 1 1 1 1 1 1 1 1 1 1 1 1 1 1 1 1 1 1 1 1 1 1 1 1 0 0 0 1 1 1 1 1 1 1 1 1 1 1 1 1 1 1 1 1 1 1 1 1 1 1 1 1 1 1 1 1 1 1 1 0 1 1 1 1 1 1 1 1 1 1 1 1 1 1 1 1 1 1 1 1 1 1 1 1 1 1 1 1 1 1 1 
