# This file contains a 2D laser scan observation. 
# Its format is: 
# [aperture] [max_range] [number_of_scans] 
# [vector_of_scans] 
# [vector_of_valid_scans] 
# The aperture of the sensor is in radians, the maximum range 
# and measurements are in meters. '1' means a valid scan, '0' otherwise.
4.1847
5.6
682
0.408 0.411 0.413 0.413 0.414 0.418 0.421 0.421 0.421 0.421 0.421 0.421 0.421 0.416 0.415 0.419 0.419 0.419 0.419 0.419 0.415 0.414 0.414 0.414 0.414 0.412 0.415 0.415 0.415 0.416 0.416 0.416 0.417 0.417 0.422 0.422 0.423 0.423 0.421 0.417 0.417 0.412 0.41 0.41 0.412 0.425 0.427 0.439 0 0 0 0 0 0 1.396 1.395 1.395 1.396 1.402 1.407 1.409 1.41 1.411 1.41 1.41 1.41 1.41 1.41 0 0 0 0 0 0 0 0 0 0 0 0 0 0.504 0.504 0.504 0 0 0 0 0 0 0 0.007 0 0.007 0 0 0 0 0 0 0.39 0.39 0.007 0 0.378 0.372 0.372 0.372 0.372 0.372 0.339 0.339 0.334 0.334 0.347 0 0 0 0 0 0 0.007 0 0 0.007 0 0 0 0 0 0 0 0 0 0 0 0 0 0 0 0 0 0 0 0 0 0 0 0 0 0 0.262 0.258 0.258 0.258 0.281 0 0 0 0 0.007 0 0 0 0 0 0 0 0.237 0.237 0.237 0.25 0 0 0 0 0 0.228 0 0.007 0 0.234 0 0 0.261 0.261 0.261 0.246 0.246 0.246 0 0 0 0 0 0 0.225 0.225 0.213 0.213 0.205 0.205 0.201 0.205 0.208 0.208 0.216 0.234 0.235 0.24 0.247 0.247 0.24 0.223 0.208 0.208 0.208 0.224 0 0 0 0 0.211 0.205 0.205 0.206 0.206 0.206 0.015 0.206 0.203 0.217 0.215 0.215 0.217 0.228 0.007 0.228 0.208 0.206 0.206 0.206 0.197 0.197 0.197 0.197 0.199 0.199 0.192 0.19 0.192 0.192 0.197 0.197 0.201 0.197 0.201 0.204 0 0 0 0 0.207 0.207 0.207 0.218 0 0 0 0 0.197 0.197 0.197 0.204 0.204 0.204 0.198 0.197 0.197 0.197 0.197 0.197 0.201 0.203 0.203 0.204 0.204 0.204 0.205 0.205 0.205 0.007 0 0.2 0.202 0.2 0.2 0.202 0.205 0.205 0.208 0.205 0.208 0.214 0.214 0.213 0.214 0.214 0.213 0.213 0.209 0.203 0.203 0.203 0.206 0.203 0.203 0.201 0.203 0.203 0.201 0.211 0.211 0.211 0.211 0.226 0.227 0.229 0.229 0.226 0.229 0.218 0.218 0.237 0.247 0.247 0.25 0.247 0.25 0.221 0.223 0.217 0.217 0.217 0.223 0.233 0.245 0.245 0.25 0.007 0 0 0 0 0.007 0 0 0 0.267 0.259 0.259 0.267 0 0 0 0 0 0 0 0 0 0 0 0.269 0.269 0.259 0.259 0.258 0.259 0.265 0.272 0 0 0 0.289 0.288 0.287 0.287 0.287 0.311 0 0 0 0.292 0.292 0.292 0.293 0.308 0 0 0 0 0 0 0 0 0 0.007 0 0.007 0 0.007 0 0 0 0 0 0.347 0.347 0.007 0 0 0 0 0.359 0.359 0.359 0 0 0 0 0.007 0 0 0 0 0 0 0 0 0 0.007 0 0 0 0 0 0 0 0 0.494 0.494 0.494 0.494 0 0.007 0 0.007 0.535 0.535 0.543 0.543 0.554 0.581 0.007 0 0 0 0 0 0 0 0 0 0 0 0 0 0 0 0 0 0 0 0 0 2.131 2.127 2.125 2.114 2.114 2.108 2.108 2.108 2.108 2.11 2.112 2.11 2.11 2.113 2.203 2.207 2.211 0 0 0 0 0 0 0 0 0 0 0.006 0.007 0.006 0.006 0.007 0.006 0.007 0.006 5.456 0.006 5.469 5.469 5.471 0.006 5.471 5.471 5.473 5.466 5.466 5.473 5.489 5.489 0.006 0 5.489 0 0.007 0 0 0 4.305 4.305 4.305 4.297 4.297 3.487 3.392 3.287 3.19 3.19 3.097 2.998 2.135 2.135 2.135 2.138 2.143 2.143 2.148 2.149 2.161 2.164 2.171 2.173 2.179 2.179 2.182 2.191 2.192 2.195 2.205 2.206 2.214 2.22 2.225 2.228 2.237 2.237 2.237 2.136 2.004 2.003 1.994 1.984 1.984 1.984 1.984 1.996 2.018 2.018 2.018 1.994 1.992 1.982 1.982 1.944 0.693 0.675 0.66 0.659 0.659 0.659 0.659 0.665 0.669 0.669 0.669 0.675 0.677 2.272 2.376 2.376 2.272 2.272 2.238 2.238 2.238 2.124 2.124 2.492 2.21 2.225 2.225 2.21 2.066 2.049 2.041 2.041 2.049 2.247 2.247 2.247 2.247 2.247 2.238 2.238 2.248 2.283 2.4 2.413 2.425 2.425 2.43 2.431 2.442 2.446 2.461 2.701 2.704 2.712 2.722 2.722 0 0 0 0 0 0 0 0 0 0 0 0 2.75 2.747 2.743 2.639 2.51 2.51 2.507 2.506 2.507 2.511 2.513 2.513 2.516 2.606 2.765 
1 1 1 1 1 1 1 1 1 1 1 1 1 1 1 1 1 1 1 1 1 1 1 1 1 1 1 1 1 1 1 1 1 1 1 1 1 1 1 1 1 1 1 1 1 1 1 1 0 0 0 0 0 0 1 1 1 1 1 1 1 1 1 1 1 1 1 1 0 0 0 0 0 0 0 0 0 0 0 0 0 1 1 1 0 0 0 0 0 0 0 0 0 0 0 0 0 0 0 0 1 1 0 0 1 1 1 1 1 1 1 1 1 1 1 0 0 0 0 0 0 0 0 0 0 0 0 0 0 0 0 0 0 0 0 0 0 0 0 0 0 0 0 0 0 0 0 0 0 0 0 1 1 1 1 1 0 0 0 0 0 0 0 0 0 0 0 0 1 1 1 1 0 0 0 0 0 1 0 0 0 1 0 0 1 1 1 1 1 1 0 0 0 0 0 0 1 1 1 1 1 1 1 1 1 1 1 1 1 1 1 1 1 1 1 1 1 1 0 0 0 0 1 1 1 1 1 1 0 1 1 1 1 1 1 1 0 1 1 1 1 1 1 1 1 1 1 1 1 1 1 1 1 1 1 1 1 1 0 0 0 0 1 1 1 1 0 0 0 0 1 1 1 1 1 1 1 1 1 1 1 1 1 1 1 1 1 1 1 1 1 0 0 1 1 1 1 1 1 1 1 1 1 1 1 1 1 1 1 1 1 1 1 1 1 1 1 1 1 1 1 1 1 1 1 1 1 1 1 1 1 1 1 1 1 1 1 1 1 1 1 1 1 1 1 1 1 1 1 0 0 0 0 0 0 0 0 0 1 1 1 1 0 0 0 0 0 0 0 0 0 0 0 1 1 1 1 1 1 1 1 0 0 0 1 1 1 1 1 1 0 0 0 1 1 1 1 1 0 0 0 0 0 0 0 0 0 0 0 0 0 0 0 0 0 0 0 1 1 0 0 0 0 0 1 1 1 0 0 0 0 0 0 0 0 0 0 0 0 0 0 0 0 0 0 0 0 0 0 0 1 1 1 1 0 0 0 0 1 1 1 1 1 1 0 0 0 0 0 0 0 0 0 0 0 0 0 0 0 0 0 0 0 0 0 0 1 1 1 1 1 1 1 1 1 1 1 1 1 1 1 1 1 0 0 0 0 0 0 0 0 0 0 0 0 0 0 0 0 0 0 1 0 1 1 1 0 1 1 1 1 1 1 1 1 0 0 1 0 0 0 0 0 1 1 1 1 1 1 1 1 1 1 1 1 1 1 1 1 1 1 1 1 1 1 1 1 1 1 1 1 1 1 1 1 1 1 1 1 1 1 1 1 1 1 1 1 1 1 1 1 1 1 1 1 1 1 1 1 1 1 1 1 1 1 1 1 1 1 1 1 1 1 1 1 1 1 1 1 1 1 1 1 1 1 1 1 1 1 1 1 1 1 1 1 1 1 1 1 1 1 1 1 1 1 1 1 1 1 1 1 1 1 1 1 0 0 0 0 0 0 0 0 0 0 0 0 1 1 1 1 1 1 1 1 1 1 1 1 1 1 1 
