# This file contains a 2D laser scan observation. 
# Its format is: 
# [aperture] [max_range] [number_of_scans] 
# [vector_of_scans] 
# [vector_of_valid_scans] 
# The aperture of the sensor is in radians, the maximum range 
# and measurements are in meters. '1' means a valid scan, '0' otherwise.
4.1847
5.6
682
0.821 0.829 0.83 0.837 0.837 0.837 0.842 0.842 0.842 0.843 0.844 0.848 0.853 0.858 0.859 0.862 0.863 0.865 0.865 0.867 0.868 0.873 0.877 0.876 0.877 0.884 0.887 0.9 0.903 0.907 0.907 0.913 0.917 0.918 0.918 0.918 0.918 0.927 0.934 0.939 0.939 0.939 0.937 0.928 0.924 0.916 0.899 0.895 0.888 0.887 0.88 0.877 0.865 0.864 0.86 0.851 0.835 0.83 0.828 0.811 0.806 0.806 0.8 0.795 0.789 0.785 0.765 0.764 0.758 0.737 0.737 0.734 0.725 0.712 0.712 0.712 0.701 0.701 0.714 0.714 0.701 0.692 0.686 0.684 0.683 0.682 0.668 0.668 0.666 0.666 0.666 0.662 0.658 0.657 0.65 0.65 0.645 0.644 0.639 0.639 0.639 0.635 0.632 0.631 0.631 0.626 0.624 0.622 0.622 0.621 0.62 0.619 0.617 0.61 0.609 0.609 0.605 0.605 0.605 0.604 0.597 0.593 0.592 0.59 0.589 0.586 0.585 0.585 0.581 0.581 0.574 0.574 0.574 0.572 0.574 0.574 0.573 0.573 0.573 0.573 0.58 0.582 0.584 0.582 0.603 0.621 0.625 0.625 0.628 0.628 0.628 0.631 0.641 0.631 0.632 0.632 0.637 0.637 0.641 0.651 0.651 0.651 0.651 0.651 0.651 0.648 0.648 0.65 0.65 0.65 0.654 0.654 0.654 0.654 0.655 0.655 0.655 0.655 0.657 0.657 0.657 0.657 0.647 0.647 0.643 0.642 0.642 0.643 0.642 0.642 0.647 0.655 0.658 0.66 0.665 0.679 0.681 0.683 0.681 0.679 0.669 0.659 0.656 0.647 0.647 0.645 0.644 0.644 0.643 0.642 0.636 0.636 0.642 0.647 0.647 0.648 0.648 0.652 0.652 0.652 0.648 0.645 0.644 0.645 0.645 0.647 0.649 0.649 0.649 0.649 0.652 0.652 0.652 0.652 0.652 0.652 0.658 0.658 0.665 0.666 0.665 0.662 0.665 0.662 0.662 0.67 0.67 0.67 0.67 0.669 0.669 0.673 0.675 0.675 0.684 0.684 0.69 0.69 0.692 0.692 0.692 0.69 0.69 0.69 0.692 0.693 0.694 0.698 0.704 0.705 0.706 0.706 0.709 0.709 0.711 0.713 0.718 0.718 0.722 0.724 0.724 0.733 0.736 0.739 0.744 0.749 0.751 0.751 0.751 0.75 0.75 0.75 0.754 0.755 0.756 0.763 0.768 0.769 0.782 0.784 0.784 0.788 0.788 0.788 0.789 0.794 0.795 0.796 0.799 0.81 0.828 0.832 0.832 0.835 0.841 0.842 0.841 0.841 0.841 0.848 0.848 0.858 0.862 0.868 0.87 0.872 0.878 0.878 0.884 0.902 0.904 0.907 0.917 0.917 0.919 0.929 0.931 0.941 0.95 0.951 0.964 0.965 0.987 0.007 0.015 1.015 1.025 1.025 1.025 1.034 1.044 1.053 1.061 1.076 1.089 1.09 1.1 1.114 1.115 1.144 1.159 1.175 1.178 1.183 1.188 1.201 0 0 0 0 0 0 0 0 0 0 0 0 0 0 0 0 0 0 0 0 0 0 0 0 0 0 0 0 1.817 1.817 1.817 1.857 1.885 1.914 1.961 2.007 2.053 2.089 2.149 2.188 0.015 0.015 0.015 0.015 0.008 2.637 0.008 0.007 0 0.007 0 0 0 0 0 3.441 3.782 3.859 3.859 3.859 3.859 3.859 3.85 3.85 3.842 3.832 3.832 3.832 0 0 0 0 0 0 0 0 3.742 3.742 3.742 3.755 3.755 3.755 3.727 3.726 3.726 3.726 3.737 3.738 3.753 3.786 3.786 3.786 3.785 3.717 3.717 3.717 3.766 3.771 3.771 3.766 3.744 3.721 3.721 3.708 3.708 3.721 3.726 0 0 0 0 0 0 2.436 2.436 2.436 0 0 0 0 0 0 0 0 0 0 0 0 0 0.007 0 0 0 0 0 0 0 0 0 0 0 2.39 2.33 2.3 2.249 2.244 2.244 2.244 2.25 2.252 2.262 2.266 2.269 2.279 2.28 2.287 2.302 2.304 2.307 2.316 2.32 2.323 2.323 2.323 2.323 1.369 1.363 0.775 0.775 0.773 0.773 0.773 0.775 0.775 0.79 1.078 1.082 1.094 2.285 2.285 2.285 2.255 2.232 2.208 2.185 2.164 2.164 2.141 2.117 1.067 1.065 1.065 1.067 1.068 2.007 2.007 2.007 1.601 1.601 1.601 1.936 1.96 1.964 1.977 1.984 1.996 2.004 2.012 2.027 2.039 2.039 2.039 2.052 2.063 2.078 2.109 2.13 2.13 2.13 0.485 0.475 0.475 0.475 0.475 0.485 0.485 0.485 0.479 0.477 0.477 0.477 0.477 1.8 1.804 1.804 1.8 1.778 1.767 1.765 1.755 1.735 1.706 1.69 1.69 1.69 1.701 1.701 1.701 1.177 1.162 1.162 1.162 1.169 1.939 1.969 1.981 1.981 1.985 2.151 2.151 2.151 2.141 2.114 2.079 2.025 1.993 1.993 1.877 1.62 1.463 1.437 1.432 1.432 1.426 1.424 1.424 0.776 0.772 0.769 0.767 0.767 0.769 0.778 1.424 1.425 1.431 1.426 1.425 1.425 1.413 1.409 1.408 1.395 1.395 1.288 0.995 0.99 0.989 0.989 0.99 1.036 1.376 1.376 1.376 1.378 1.378 1.399 1.451 1.553 1.553 1.553 0.618 0.615 0.615 0.615 0.62 
1 1 1 1 1 1 1 1 1 1 1 1 1 1 1 1 1 1 1 1 1 1 1 1 1 1 1 1 1 1 1 1 1 1 1 1 1 1 1 1 1 1 1 1 1 1 1 1 1 1 1 1 1 1 1 1 1 1 1 1 1 1 1 1 1 1 1 1 1 1 1 1 1 1 1 1 1 1 1 1 1 1 1 1 1 1 1 1 1 1 1 1 1 1 1 1 1 1 1 1 1 1 1 1 1 1 1 1 1 1 1 1 1 1 1 1 1 1 1 1 1 1 1 1 1 1 1 1 1 1 1 1 1 1 1 1 1 1 1 1 1 1 1 1 1 1 1 1 1 1 1 1 1 1 1 1 1 1 1 1 1 1 1 1 1 1 1 1 1 1 1 1 1 1 1 1 1 1 1 1 1 1 1 1 1 1 1 1 1 1 1 1 1 1 1 1 1 1 1 1 1 1 1 1 1 1 1 1 1 1 1 1 1 1 1 1 1 1 1 1 1 1 1 1 1 1 1 1 1 1 1 1 1 1 1 1 1 1 1 1 1 1 1 1 1 1 1 1 1 1 1 1 1 1 1 1 1 1 1 1 1 1 1 1 1 1 1 1 1 1 1 1 1 1 1 1 1 1 1 1 1 1 1 1 1 1 1 1 1 1 1 1 1 1 1 1 1 1 1 1 1 1 1 1 1 1 1 1 1 1 1 1 1 1 1 1 1 1 1 1 1 1 1 1 1 1 1 1 1 1 1 1 1 1 1 1 1 1 1 1 1 1 1 0 0 1 1 1 1 1 1 1 1 1 1 1 1 1 1 1 1 1 1 1 1 1 0 0 0 0 0 0 0 0 0 0 0 0 0 0 0 0 0 0 0 0 0 0 0 0 0 0 0 0 1 1 1 1 1 1 1 1 1 1 1 1 0 0 0 0 0 1 0 0 0 0 0 0 0 0 0 1 1 1 1 1 1 1 1 1 1 1 1 1 0 0 0 0 0 0 0 0 1 1 1 1 1 1 1 1 1 1 1 1 1 1 1 1 1 1 1 1 1 1 1 1 1 1 1 1 1 1 1 0 0 0 0 0 0 1 1 1 0 0 0 0 0 0 0 0 0 0 0 0 0 0 0 0 0 0 0 0 0 0 0 0 0 1 1 1 1 1 1 1 1 1 1 1 1 1 1 1 1 1 1 1 1 1 1 1 1 1 1 1 1 1 1 1 1 1 1 1 1 1 1 1 1 1 1 1 1 1 1 1 1 1 1 1 1 1 1 1 1 1 1 1 1 1 1 1 1 1 1 1 1 1 1 1 1 1 1 1 1 1 1 1 1 1 1 1 1 1 1 1 1 1 1 1 1 1 1 1 1 1 1 1 1 1 1 1 1 1 1 1 1 1 1 1 1 1 1 1 1 1 1 1 1 1 1 1 1 1 1 1 1 1 1 1 1 1 1 1 1 1 1 1 1 1 1 1 1 1 1 1 1 1 1 1 1 1 1 1 1 1 1 1 1 1 1 1 1 1 1 1 1 1 1 1 1 1 1 1 
