# This file contains a 2D laser scan observation. 
# Its format is: 
# [aperture] [max_range] [number_of_scans] 
# [vector_of_scans] 
# [vector_of_valid_scans] 
# The aperture of the sensor is in radians, the maximum range 
# and measurements are in meters. '1' means a valid scan, '0' otherwise.
4.1847
5.6
682
0.855 0.858 0.859 0.861 0.866 0.866 0.869 0.87 0.873 0.878 0.881 0.882 0.886 0.882 0.882 0.887 0.887 0.89 0.898 0.907 0.909 0.92 0.924 0.926 0.929 0.929 0.93 0.929 0.929 0.929 0.93 0.932 0.945 0.945 0.949 0.949 0.944 0.936 0.933 0.919 0.917 0.906 0.898 0.895 0.894 0.888 0.884 0.878 0.875 0.862 0.836 0.833 0.827 0.826 0.809 0.79 0.789 0.789 0.783 0.777 0.761 0.749 0.748 0.736 0.735 0.722 0.722 0.719 0.715 0.715 0.706 0.706 0.696 0.696 0.696 0.693 0.688 0.685 0.684 0.675 0.674 0.673 0.667 0.667 0.665 0.661 0.654 0.654 0.648 0.643 0.642 0.638 0.638 0.638 0.629 0.627 0.627 0.627 0.624 0.624 0.624 0.619 0.618 0.613 0.612 0.611 0.61 0.608 0.605 0.603 0.599 0.598 0.598 0.597 0.595 0.591 0.589 0.587 0.586 0.586 0.582 0.581 0.58 0.576 0.572 0.57 0.57 0.571 0.571 0.571 0.571 0.571 0.571 0.571 0.589 0.596 0.596 0.596 0.616 0.616 0.618 0.618 0.626 0.626 0.62 0.626 0.628 0.631 0.631 0.632 0.643 0.645 0.645 0.643 0.643 0.643 0.642 0.641 0.641 0.641 0.636 0.64 0.642 0.64 0.64 0.646 0.649 0.649 0.649 0.646 0.646 0.645 0.639 0.639 0.637 0.638 0.637 0.632 0.632 0.632 0.632 0.632 0.631 0.634 0.634 0.634 0.634 0.639 0.645 0.651 0.659 0.665 0.672 0.672 0.672 0.672 0.672 0.668 0.649 0.63 0.63 0.63 0.627 0.627 0.634 0.634 0.634 0.634 0.642 0.635 0.638 0.639 0.638 0.638 0.639 0.639 0.636 0.641 0.636 0.635 0.635 0.639 0.635 0.635 0.639 0.639 0.64 0.641 0.648 0.648 0.648 0.648 0.648 0.648 0.65 0.65 0.657 0.657 0.652 0.649 0.652 0.649 0.649 0.654 0.662 0.663 0.664 0.665 0.665 0.667 0.669 0.673 0.673 0.673 0.673 0.673 0.677 0.677 0.679 0.68 0.683 0.683 0.684 0.692 0.692 0.692 0.694 0.695 0.697 0.699 0.7 0.705 0.702 0.707 0.708 0.708 0.711 0.718 0.724 0.726 0.732 0.732 0.738 0.739 0.738 0.738 0.738 0.74 0.741 0.743 0.747 0.75 0.753 0.761 0.763 0.763 0.763 0.763 0.768 0.772 0.774 0.777 0.78 0.787 0.794 0.799 0.81 0.813 0.815 0.818 0.82 0.827 0.829 0.832 0.832 0.832 0.834 0.844 0.846 0.848 0.85 0.863 0.867 0.868 0.87 0.878 0.888 0.897 0.899 0.903 0.911 0.912 0.914 0.93 0.934 0.936 0.938 0.944 0.949 0.952 0.967 0.983 0.983 0.992 1.004 1.011 1.027 1.03 1.036 1.045 1.052 1.07 1.083 1.085 1.108 1.125 1.144 1.151 1.16 1.162 1.162 1.178 0 0 0 0 0 0 0 0 0 0 0 0 0 0 0 0 0 0 0 0 0 0 0 0 0 0 0 0 0 0 1.84 1.84 1.84 1.881 1.913 1.946 2.011 2.032 2.084 2.109 2.199 2.287 2.324 2.324 2.403 2.445 2.517 2.547 2.705 2.813 0 2.963 3 3 3 3 3 0 0.007 0 3.843 3.843 3.833 3.826 3.82 3.813 3.813 3.813 0 0 0 0 0 0.007 0 0 0 3.703 3.703 3.703 3.728 3.728 3.728 3.661 3.661 3.661 3.711 3.731 3.739 3.74 3.792 3.792 3.792 3.74 3.692 3.692 3.692 3.755 3.768 3.768 3.755 3.701 3.701 3.695 3.691 3.691 3.638 3.638 3.638 0 0 0 0 0 2.418 2.418 2.418 2.418 0 0 0 0 0 0 0 0 0 0 0 0 0 0.007 0 0 0 0 0 0 0 0 0 0 0 2.359 2.359 2.304 2.248 2.237 2.237 2.237 2.241 2.245 2.249 2.256 2.262 2.269 2.273 2.277 2.289 2.295 2.305 2.306 2.307 2.31 2.31 2.31 1.369 1.358 1.358 1.356 1.355 0.762 0.762 0.762 0.761 0.761 0.762 0.762 0.762 1.045 1.082 2.24 2.24 2.24 2.221 2.192 2.171 2.153 2.129 2.129 2.119 2.088 1.062 1.06 1.059 1.06 1.062 1.597 1.597 1.597 1.597 1.597 1.948 1.964 1.965 1.965 1.971 1.989 2.003 2.01 2.025 2.032 2.032 2.032 2.032 2.058 2.107 2.115 2.115 2.107 1.982 1.909 1.903 1.903 1.903 1.879 0.481 0.476 0.472 0.472 0.472 0.475 0.475 0.475 0.472 0.472 0.472 0.475 0.481 1.751 1.751 1.751 1.743 1.717 1.717 1.717 1.717 1.729 1.785 1.789 1.789 1.785 1.159 1.159 1.159 1.171 1.956 1.982 1.986 1.986 2.149 2.149 2.149 2.143 2.131 2.112 2.097 2.037 2.037 2.037 1.934 1.663 1.472 1.443 1.443 1.443 1.456 1.456 1.461 1.461 1.442 0.785 0.772 0.768 0.764 0.768 0.768 0.773 1.421 1.423 1.423 1.421 1.413 1.411 1.406 1.402 1.402 1.39 1.388 0.987 0.987 0.987 0.987 0.993 1.373 1.377 1.391 1.391 1.409 1.46 1.46 1.46 1.364 0.979 0.979 0.975 0.96 0.627 0.619 0.619 
1 1 1 1 1 1 1 1 1 1 1 1 1 1 1 1 1 1 1 1 1 1 1 1 1 1 1 1 1 1 1 1 1 1 1 1 1 1 1 1 1 1 1 1 1 1 1 1 1 1 1 1 1 1 1 1 1 1 1 1 1 1 1 1 1 1 1 1 1 1 1 1 1 1 1 1 1 1 1 1 1 1 1 1 1 1 1 1 1 1 1 1 1 1 1 1 1 1 1 1 1 1 1 1 1 1 1 1 1 1 1 1 1 1 1 1 1 1 1 1 1 1 1 1 1 1 1 1 1 1 1 1 1 1 1 1 1 1 1 1 1 1 1 1 1 1 1 1 1 1 1 1 1 1 1 1 1 1 1 1 1 1 1 1 1 1 1 1 1 1 1 1 1 1 1 1 1 1 1 1 1 1 1 1 1 1 1 1 1 1 1 1 1 1 1 1 1 1 1 1 1 1 1 1 1 1 1 1 1 1 1 1 1 1 1 1 1 1 1 1 1 1 1 1 1 1 1 1 1 1 1 1 1 1 1 1 1 1 1 1 1 1 1 1 1 1 1 1 1 1 1 1 1 1 1 1 1 1 1 1 1 1 1 1 1 1 1 1 1 1 1 1 1 1 1 1 1 1 1 1 1 1 1 1 1 1 1 1 1 1 1 1 1 1 1 1 1 1 1 1 1 1 1 1 1 1 1 1 1 1 1 1 1 1 1 1 1 1 1 1 1 1 1 1 1 1 1 1 1 1 1 1 1 1 1 1 1 1 1 1 1 1 1 1 1 1 1 1 1 1 1 1 1 1 1 1 1 1 1 1 1 1 0 0 0 0 0 0 0 0 0 0 0 0 0 0 0 0 0 0 0 0 0 0 0 0 0 0 0 0 0 0 1 1 1 1 1 1 1 1 1 1 1 1 1 1 1 1 1 1 1 1 0 1 1 1 1 1 1 0 0 0 1 1 1 1 1 1 1 1 0 0 0 0 0 0 0 0 0 1 1 1 1 1 1 1 1 1 1 1 1 1 1 1 1 1 1 1 1 1 1 1 1 1 1 1 1 1 1 1 1 0 0 0 0 0 1 1 1 1 0 0 0 0 0 0 0 0 0 0 0 0 0 0 0 0 0 0 0 0 0 0 0 0 0 1 1 1 1 1 1 1 1 1 1 1 1 1 1 1 1 1 1 1 1 1 1 1 1 1 1 1 1 1 1 1 1 1 1 1 1 1 1 1 1 1 1 1 1 1 1 1 1 1 1 1 1 1 1 1 1 1 1 1 1 1 1 1 1 1 1 1 1 1 1 1 1 1 1 1 1 1 1 1 1 1 1 1 1 1 1 1 1 1 1 1 1 1 1 1 1 1 1 1 1 1 1 1 1 1 1 1 1 1 1 1 1 1 1 1 1 1 1 1 1 1 1 1 1 1 1 1 1 1 1 1 1 1 1 1 1 1 1 1 1 1 1 1 1 1 1 1 1 1 1 1 1 1 1 1 1 1 1 1 1 1 1 1 1 1 1 1 1 1 1 1 1 1 1 1 1 1 
