# This file contains a 2D laser scan observation. 
# Its format is: 
# [aperture] [max_range] [number_of_scans] 
# [vector_of_scans] 
# [vector_of_valid_scans] 
# The aperture of the sensor is in radians, the maximum range 
# and measurements are in meters. '1' means a valid scan, '0' otherwise.
4.1847
5.6
682
0.883 0.883 0.884 0.888 0.89 0.894 0.895 0.898 0.905 0.905 0.907 0.91 0.92 0.923 0.926 0.932 0.936 0.936 0.935 0.943 0.942 0.941 0.942 0.948 0.95 0.953 0.954 0.954 0.959 0.959 0.953 0.942 0.934 0.933 0.924 0.912 0.909 0.909 0.898 0.898 0.898 0.898 0.873 0.861 0.848 0.829 0.817 0.817 0.816 0.795 0.793 0.791 0.788 0.762 0.758 0.756 0.75 0.744 0.726 0.725 0.721 0.72 0.717 0.706 0.706 0.705 0.706 0.706 0.705 0.687 0.684 0.677 0.677 0.669 0.669 0.665 0.665 0.665 0.663 0.661 0.656 0.652 0.652 0.641 0.639 0.638 0.633 0.631 0.629 0.628 0.624 0.624 0.624 0.622 0.616 0.613 0.612 0.612 0.608 0.604 0.604 0.603 0.603 0.601 0.6 0.593 0.591 0.592 0.591 0.584 0.584 0.584 0.584 0.583 0.572 0.569 0.569 0.568 0.566 0.568 0.568 0.563 0.568 0.569 0.568 0.569 0.571 0.571 0.593 0.616 0.618 0.618 0.618 0.618 0.618 0.62 0.622 0.622 0.622 0.622 0.632 0.637 0.639 0.639 0.642 0.639 0.638 0.638 0.635 0.632 0.63 0.632 0.632 0.634 0.641 0.642 0.642 0.643 0.642 0.642 0.64 0.64 0.634 0.633 0.633 0.629 0.628 0.628 0.628 0.627 0.627 0.627 0.627 0.627 0.627 0.627 0.627 0.627 0.627 0.627 0.628 0.628 0.631 0.633 0.637 0.65 0.65 0.65 0.658 0.658 0.657 0.657 0.626 0.626 0.625 0.626 0.627 0.627 0.623 0.628 0.628 0.624 0.624 0.634 0.624 0.621 0.62 0.621 0.621 0.624 0.624 0.627 0.625 0.625 0.624 0.625 0.625 0.624 0.625 0.629 0.629 0.637 0.641 0.641 0.637 0.633 0.633 0.633 0.634 0.639 0.639 0.639 0.642 0.644 0.643 0.644 0.648 0.649 0.654 0.654 0.655 0.657 0.657 0.657 0.657 0.66 0.66 0.66 0.661 0.66 0.661 0.661 0.662 0.662 0.667 0.669 0.671 0.671 0.675 0.68 0.682 0.687 0.687 0.687 0.686 0.686 0.685 0.685 0.686 0.697 0.701 0.702 0.713 0.714 0.718 0.718 0.718 0.718 0.715 0.715 0.717 0.717 0.717 0.725 0.733 0.735 0.735 0.743 0.746 0.747 0.747 0.75 0.749 0.752 0.755 0.756 0.765 0.768 0.771 0.773 0.789 0.796 0.798 0.8 0.806 0.808 0.808 0.808 0.809 0.809 0.809 0.817 0.827 0.828 0.83 0.835 0.843 0.843 0.849 0.857 0.86 0.863 0.871 0.873 0.883 0.89 0.891 0.903 0.903 0.905 0.912 0.921 0.922 0.923 0.933 0.94 0.942 0.968 0.974 0.976 0.984 0.987 0.999 1.014 1.022 1.026 1.034 1.043 1.052 1.069 1.081 1.096 1.114 1.125 1.125 1.132 1.138 1.146 1.149 1.166 0 0 0 0 0 0 0 0 0 0 0 0 0 0 0 0 0 0 0 0 0 0 0 0 0 0 0 0 0 1.82 1.82 1.82 1.851 1.898 1.937 1.964 2.022 2.057 2.111 2.157 2.176 2.269 2.281 2.361 2.428 2.519 0.007 2.783 2.783 2.873 2.873 2.938 0.007 0 0.007 0 0 0.007 0.008 3.829 3.829 3.817 3.808 3.796 3.796 3.796 3.796 0 0 0 0 0 0.007 0 0 0 3.687 3.687 3.687 3.717 3.73 3.73 3.73 3.72 3.719 3.719 3.72 3.725 3.744 3.75 3.75 3.75 3.721 3.673 3.673 3.673 3.74 3.753 3.753 3.74 3.72 3.687 3.687 3.674 3.674 3.674 3.674 3.674 0 0 0 0 0 0 2.4 2.4 2.4 0 0 0 0 0 0 0 0 0 0 0 0 0 0 0 0 0 0 0 0 0 0 0 0 0 0 2.328 2.328 2.279 2.241 2.224 2.221 2.221 2.224 2.233 2.235 2.247 2.25 2.254 2.261 2.271 2.273 2.284 2.285 2.298 2.302 2.307 2.308 2.308 2.307 1.353 1.353 1.353 1.361 1.361 1.361 0.749 0.749 0.749 0.75 0.75 0.75 0.75 0.75 2.22 2.22 2.22 2.21 2.186 2.165 2.155 2.135 2.116 2.1 2.081 2.007 1.06 1.058 1.052 1.052 1.058 1.069 1.569 1.573 1.577 1.577 1.943 1.956 1.962 1.962 1.97 1.986 2 2.012 2.024 2.035 2.035 2.048 0.007 2.113 2.113 2.113 2.094 2.047 1.925 1.925 1.925 2.086 2.1 2.1 2.086 0.961 0.961 0.958 0.948 0.473 0.472 0.47 0.469 0.469 0.469 0.469 0.468 0.465 0.464 0.464 0.464 0.481 1.631 1.638 1.773 1.773 1.797 1.805 1.805 1.805 1.163 1.156 1.156 1.156 1.187 1.989 2.077 2.15 2.143 2.143 2.143 2.135 2.135 2.107 2.098 2.098 2.098 2.094 2.091 2.077 2.062 2 1.872 1.494 1.48 1.48 1.48 1.493 1.507 1.507 1.493 0.778 0.771 0.765 0.771 0.771 0.773 0.774 1.455 1.455 1.455 1.453 1.446 1.446 1.443 1.443 1.432 1.425 0.996 0.995 0.995 0.995 0.997 1.405 1.405 1.405 1.403 1.403 1.403 1.42 1.462 1.462 1.462 0.973 0.972 0.969 0.962 0.635 0.632 
1 1 1 1 1 1 1 1 1 1 1 1 1 1 1 1 1 1 1 1 1 1 1 1 1 1 1 1 1 1 1 1 1 1 1 1 1 1 1 1 1 1 1 1 1 1 1 1 1 1 1 1 1 1 1 1 1 1 1 1 1 1 1 1 1 1 1 1 1 1 1 1 1 1 1 1 1 1 1 1 1 1 1 1 1 1 1 1 1 1 1 1 1 1 1 1 1 1 1 1 1 1 1 1 1 1 1 1 1 1 1 1 1 1 1 1 1 1 1 1 1 1 1 1 1 1 1 1 1 1 1 1 1 1 1 1 1 1 1 1 1 1 1 1 1 1 1 1 1 1 1 1 1 1 1 1 1 1 1 1 1 1 1 1 1 1 1 1 1 1 1 1 1 1 1 1 1 1 1 1 1 1 1 1 1 1 1 1 1 1 1 1 1 1 1 1 1 1 1 1 1 1 1 1 1 1 1 1 1 1 1 1 1 1 1 1 1 1 1 1 1 1 1 1 1 1 1 1 1 1 1 1 1 1 1 1 1 1 1 1 1 1 1 1 1 1 1 1 1 1 1 1 1 1 1 1 1 1 1 1 1 1 1 1 1 1 1 1 1 1 1 1 1 1 1 1 1 1 1 1 1 1 1 1 1 1 1 1 1 1 1 1 1 1 1 1 1 1 1 1 1 1 1 1 1 1 1 1 1 1 1 1 1 1 1 1 1 1 1 1 1 1 1 1 1 1 1 1 1 1 1 1 1 1 1 1 1 1 1 1 1 1 1 1 1 1 1 1 1 1 1 1 1 1 1 1 1 1 1 1 0 0 0 0 0 0 0 0 0 0 0 0 0 0 0 0 0 0 0 0 0 0 0 0 0 0 0 0 0 1 1 1 1 1 1 1 1 1 1 1 1 1 1 1 1 1 0 1 1 1 1 1 0 0 0 0 0 0 0 1 1 1 1 1 1 1 1 0 0 0 0 0 0 0 0 0 1 1 1 1 1 1 1 1 1 1 1 1 1 1 1 1 1 1 1 1 1 1 1 1 1 1 1 1 1 1 1 1 0 0 0 0 0 0 1 1 1 0 0 0 0 0 0 0 0 0 0 0 0 0 0 0 0 0 0 0 0 0 0 0 0 0 0 1 1 1 1 1 1 1 1 1 1 1 1 1 1 1 1 1 1 1 1 1 1 1 1 1 1 1 1 1 1 1 1 1 1 1 1 1 1 1 1 1 1 1 1 1 1 1 1 1 1 1 1 1 1 1 1 1 1 1 1 1 1 1 1 1 1 1 1 1 1 1 1 0 1 1 1 1 1 1 1 1 1 1 1 1 1 1 1 1 1 1 1 1 1 1 1 1 1 1 1 1 1 1 1 1 1 1 1 1 1 1 1 1 1 1 1 1 1 1 1 1 1 1 1 1 1 1 1 1 1 1 1 1 1 1 1 1 1 1 1 1 1 1 1 1 1 1 1 1 1 1 1 1 1 1 1 1 1 1 1 1 1 1 1 1 1 1 1 1 1 1 1 1 1 1 1 1 1 1 
