# This file contains a 2D laser scan observation. 
# Its format is: 
# [aperture] [max_range] [number_of_scans] 
# [vector_of_scans] 
# [vector_of_valid_scans] 
# The aperture of the sensor is in radians, the maximum range 
# and measurements are in meters. '1' means a valid scan, '0' otherwise.
4.1847
5.6
682
0 0 0 0 0 0 0.007 0 0 0 0 0 0 0 0 0 0 0 0 0 0 0 0 0 0 0.319 0.319 0.007 0 0 0 0 0.007 0 0 0.008 0.007 0.008 0 0 0 0 0 0 0 0 0 0 0 0 0 0 0 0 0 0 0 0 0 0 0 0 0 0 0 0 0 0 0 0 0 0 0 0 0 0 0 0 0 0 0 0.204 0.183 0.183 0.183 0.184 0 0 0 0 0 0 0 0 0 0 0 0 0 0 0 0 0 0 0 0 0 0 0 0 0 0 0 0 0 0 0 0 0 0 0 0 0 0 0 0 0 0 0 0 0 0 0 0 0 0 0 0 0 0 0 0 0 0 0 0 0 0 0 0 0 0 0.175 0.175 0.175 0 0 0 0 0 0 0 0 0.007 0 0 0.007 0 0.007 0 0 0 0.185 0.175 0.175 0.167 0.154 0.154 0.158 0.155 0.155 0.155 0.15 0.15 0.15 0.158 0.165 0.168 0.169 0 0 0 0 0 0 0.157 0.157 0.15 0.147 0.142 0.141 0.141 0.141 0.136 0.136 0.126 0.126 0.142 0.142 0.14 0.14 0.14 0.14 0.143 0.143 0.143 0.143 0.143 0.144 0.144 0.157 0.157 0.157 0.136 0.147 0.136 0.136 0.141 0.141 0.129 0.132 0.132 0.132 0.139 0.153 0.168 0.169 0 0 0 0 0 0 0 0 0 0 0 0 0 0 0 0.007 0.168 0.166 0.166 0.166 0 0 0 0 0 0 0 0 0 0 0 0 0 0 0.007 0 0 0 0.007 0 0 0 0 0 0 0 0 0 0 0 0 0 0 0 0 0 0 0 0 0 0 0.007 0 0.007 0 0 0 0 0 0 0 0 0 0 0 0 0 0 0.181 0.181 0.007 0 0 0 0 0 0 0 0 0 0 0 0 0 0 0 0 0 0 0 0 0 0 0 0 0 0 0 0 0 0 0 0 0 0 0 0 0 0 0 0 0 0 0 0 0 0 0 0 0 0 0 0 0 0 0 0.007 0 0 0 0 0 0 0 0 0 0 0 0 0 0 0 0 0 0 0 0 0 0 0 0 0.007 0 0 0 0 0 0 0 0 0 0 0 0 0.355 0.347 0.347 0.355 0.362 0.367 0 0 0 0 0 0.417 0 0.007 0 0 0 0 0 0 0 0 0 0 0 0 0 0 0 0 0 0 0 0 0 0 1.982 1.977 1.977 1.981 1.981 1.981 1.981 1.981 1.981 2.029 2.086 2.086 0 0 0 0 0 0 0 0 0 5.353 5.346 5.337 5.346 5.345 5.346 5.345 5.345 5.338 5.338 5.338 5.35 5.35 5.351 5.352 5.35 5.352 5.36 5.368 5.369 5.369 5.369 5.377 5.393 5.393 0 0.007 0 0 0 0 4.207 4.186 4.184 4.179 4.119 3.404 3.348 3.258 3.16 3.07 3.009 2.942 2.942 2.871 2.793 2.063 2.048 2.044 2.044 2.047 2.047 2.05 2.05 2.056 2.058 2.077 2.08 2.083 2.085 2.092 2.102 2.105 2.109 2.114 2.114 2.119 2.123 2.128 2.138 2.144 2.146 2.154 2.164 2.166 2.166 2.166 1.938 1.913 1.913 1.908 1.908 1.908 1.914 1.92 1.933 2.006 2.006 2.006 1.934 1.93 1.928 1.93 1.934 1.944 2.056 2.076 2.089 2.102 2.118 2.119 2.145 2.145 2.145 2.151 2.449 2.23 2.361 2.361 2.23 2.23 2.227 2.227 2.227 2.227 0.626 0.624 0.616 0.614 0.61 0.61 0.609 0.609 0.609 0.61 0.614 0.62 0.621 0.621 2.21 2.229 2.288 2.288 2.359 2.359 2.359 2.359 2.375 2.375 2.391 2.407 2.415 2.419 2.53 2.674 2.683 2.684 2.688 2.693 2.702 0 0 0 0 0 0 0 0 0 0 2.742 2.742 2.742 2.742 2.749 2.759 2.764 0 0 0 0 0 2.796 2.791 2.782 2.791 2.775 2.761 2.656 2.599 2.576 2.438 2.388 2.388 2.388 2.82 2.853 2.856 2.856 2.853 2.776 2.776 2.776 2.79 2.79 2.79 2.758 2.75 2.75 2.739 2.723 2.723 1.408 1.404 1.401 1.401 1.401 1.402 2.695 2.727 2.729 2.727 2.727 2.721 
0 0 0 0 0 0 0 0 0 0 0 0 0 0 0 0 0 0 0 0 0 0 0 0 0 1 1 0 0 0 0 0 0 0 0 0 0 0 0 0 0 0 0 0 0 0 0 0 0 0 0 0 0 0 0 0 0 0 0 0 0 0 0 0 0 0 0 0 0 0 0 0 0 0 0 0 0 0 0 0 0 1 1 1 1 1 0 0 0 0 0 0 0 0 0 0 0 0 0 0 0 0 0 0 0 0 0 0 0 0 0 0 0 0 0 0 0 0 0 0 0 0 0 0 0 0 0 0 0 0 0 0 0 0 0 0 0 0 0 0 0 0 0 0 0 0 0 0 0 0 0 0 1 1 1 0 0 0 0 0 0 0 0 0 0 0 0 0 0 0 0 0 1 1 1 1 1 1 1 1 1 1 1 1 1 1 1 1 1 0 0 0 0 0 0 1 1 1 1 1 1 1 1 1 1 1 1 1 1 1 1 1 1 1 1 1 1 1 1 1 1 1 1 1 1 1 1 1 1 1 1 1 1 1 1 1 1 0 0 0 0 0 0 0 0 0 0 0 0 0 0 0 0 1 1 1 1 0 0 0 0 0 0 0 0 0 0 0 0 0 0 0 0 0 0 0 0 0 0 0 0 0 0 0 0 0 0 0 0 0 0 0 0 0 0 0 0 0 0 0 0 0 0 0 0 0 0 0 0 0 0 0 0 0 0 1 1 0 0 0 0 0 0 0 0 0 0 0 0 0 0 0 0 0 0 0 0 0 0 0 0 0 0 0 0 0 0 0 0 0 0 0 0 0 0 0 0 0 0 0 0 0 0 0 0 0 0 0 0 0 0 0 0 0 0 0 0 0 0 0 0 0 0 0 0 0 0 0 0 0 0 0 0 0 0 0 0 0 0 0 0 0 0 0 0 0 0 0 0 0 0 1 1 1 1 1 1 0 0 0 0 0 1 0 0 0 0 0 0 0 0 0 0 0 0 0 0 0 0 0 0 0 0 0 0 0 0 1 1 1 1 1 1 1 1 1 1 1 1 0 0 0 0 0 0 0 0 0 1 1 1 1 1 1 1 1 1 1 1 1 1 1 1 1 1 1 1 1 1 1 1 1 1 0 0 0 0 0 0 1 1 1 1 1 1 1 1 1 1 1 1 1 1 1 1 1 1 1 1 1 1 1 1 1 1 1 1 1 1 1 1 1 1 1 1 1 1 1 1 1 1 1 1 1 1 1 1 1 1 1 1 1 1 1 1 1 1 1 1 1 1 1 1 1 1 1 1 1 1 1 1 1 1 1 1 1 1 1 1 1 1 1 1 1 1 1 1 1 1 1 1 1 1 1 1 1 1 1 1 1 1 1 1 1 1 1 1 1 1 1 1 1 1 1 1 1 1 1 0 0 0 0 0 0 0 0 0 0 1 1 1 1 1 1 1 0 0 0 0 0 1 1 1 1 1 1 1 1 1 1 1 1 1 1 1 1 1 1 1 1 1 1 1 1 1 1 1 1 1 1 1 1 1 1 1 1 1 1 1 1 1 1 
