# This file contains a 2D laser scan observation. 
# Its format is: 
# [aperture] [max_range] [number_of_scans] 
# [vector_of_scans] 
# [vector_of_valid_scans] 
# The aperture of the sensor is in radians, the maximum range 
# and measurements are in meters. '1' means a valid scan, '0' otherwise.
4.1847
5.6
682
0 0 0.007 0.269 0.269 0 0 0 0 0 0 0 0.269 0.269 0.253 0.252 0.253 0 0 0 0 0 0 0.23 0.228 0.228 0.23 0.243 0.246 0 0 0 0 0 0 0.246 0.24 0.24 0.237 0.24 0.237 0.234 0.234 0.234 0.224 0.224 0.224 0.224 0.224 0.219 0.202 0.202 0.202 0.208 0.211 0.225 0.225 0.224 0.224 0.224 0.217 0.205 0.202 0.205 0.202 0.205 0.209 0.209 0.2 0.2 0.2 0.2 0.204 0.219 0.221 0.229 0.229 0.229 0.221 0.197 0.196 0.196 0.196 0.196 0.196 0.203 0.195 0.195 0.186 0.179 0.179 0.188 0.188 0.192 0.192 0.194 0.201 0.217 0.219 0.219 0.217 0.213 0.206 0.206 0.198 0.194 0.198 0.208 0.204 0.204 0.204 0.191 0.19 0.19 0.19 0.191 0.193 0.193 0.193 0.193 0.193 0.193 0.193 0.195 0.198 0.007 0 0 0 0 0.228 0.212 0.212 0.206 0.206 0.201 0.197 0.196 0.196 0.198 0.194 0.198 0.198 0.2 0.2 0.2 0.2 0.209 0.209 0.249 0 0 0 0 0 0.23 0.23 0.227 0.23 0.007 0 0.007 0 0 0 0 0 0 0 0.229 0.229 0.229 0.234 0.24 0.007 0 0 0 0 0 0 0.007 0 0 0 0 0 0.007 0.264 0.251 0.251 0.251 0 0 0 0 0 0.252 0.243 0.242 0.242 0.252 0 0 0 0 0.007 0 0.007 0 0.251 0.251 0.251 0.251 0.262 0.278 0.007 0 0.007 0 0 0 0 0 0 0 0 0 0.282 0.269 0.269 0.269 0 0 0 0 0.299 0.29 0.29 0.299 0 0 0 0 0 0 0 0 0 0 0 0 0 0.339 0.339 0.007 0 0 0 0 0 0 0 0 0 0.382 0.382 0.382 0.406 0.406 0 0.007 0 0.007 0 0.007 0 0.007 0 0 0.007 0.428 0.428 0.445 0.445 0 0 0 0 0 0.51 0.51 0.51 0.511 0 0 0 0.536 0.536 0.536 0 0 0 0 0 0 0 1.607 1.607 1.607 1.638 1.671 1.701 1.743 1.8 1.839 1.839 1.84 1.84 1.838 1.836 1.83 1.83 1.827 1.827 1.822 1.822 1.81 1.81 1.806 1.807 1.8 1.8 1.8 1.807 1.86 1.906 1.907 1.916 1.945 1.992 2.062 2.062 2.122 2.189 2.259 2.336 0 0 0 5.186 5.16 5.158 5.153 5.141 5.149 5.147 5.139 5.139 5.139 5.139 5.138 5.138 5.144 5.144 5.136 5.136 5.136 5.13 5.136 5.139 5.15 5.15 5.15 5.16 5.161 5.169 5.172 5.172 5.172 0 5.083 5.083 0.007 4.162 4.012 4.011 4.011 4.002 3.984 3.205 3.117 3.034 2.96 2.904 2.836 2.767 2.693 2.693 2.625 1.867 1.848 1.846 1.846 1.846 1.85 1.855 1.856 1.863 1.863 1.868 1.878 1.879 1.884 1.887 1.89 1.898 1.902 1.914 1.915 1.924 1.925 1.925 1.931 1.94 1.943 1.95 1.952 1.957 1.961 1.963 1.965 1.965 1.963 1.718 1.71 1.706 1.705 1.703 1.703 1.706 1.709 1.714 1.715 1.746 1.902 1.902 1.902 1.843 1.843 1.843 1.853 1.858 1.863 1.881 1.905 2.06 2.157 2.166 2.177 2.177 2.182 2.182 2.055 1.941 1.941 1.941 1.942 1.942 1.942 1.761 1.712 1.712 1.712 1.843 1.843 1.843 1.843 1.838 1.838 1.838 2.43 2.448 0.006 2.484 2.487 2.487 2.484 2.144 2.144 1.769 1.677 0.435 0.435 0.435 0.435 0.435 0.436 0.435 0.432 0.43 0.43 0.426 0.426 0.426 0.427 0.427 0.429 0.435 0.437 0.439 0.448 2.159 2.159 2.159 2.155 2.155 2.155 2.155 2.155 2.16 2.16 2.162 2.166 2.167 2.176 2.184 2.184 2.188 2.19 2.191 2.193 2.194 2.196 2.211 2.212 2.212 2.222 2.223 2.229 2.231 2.24 2.242 2.245 2.259 2.259 2.259 2.254 2.254 2.254 2.304 2.704 2.704 2.704 2.696 2.627 2.627 2.627 2.659 2.659 2.659 2.645 2.612 2.612 2.612 2.638 2.638 2.638 2.631 2.629 2.611 2.562 2.53 2.53 2.53 2.53 2.53 1.277 1.276 1.269 1.269 1.276 2.566 2.566 2.566 2.51 2.507 2.507 2.507 2.521 2.531 2.54 2.54 2.54 2.47 2.47 2.47 2.471 2.499 2.504 2.507 2.51 2.51 2.512 2.51 2.51 2.508 2.508 2.504 2.504 2.467 2.45 2.45 2.428 2.428 2.45 2.454 2.478 2.484 2.484 2.484 2.079 2.071 2.07 2.07 2.079 2.102 2.105 2.115 2.105 2.102 2.105 2.115 2.101 2.087 1.258 1.258 1.258 1.26 1.264 2.234 2.3 2.3 2.3 2.457 2.561 2.562 2.565 2.589 2.589 2.589 2.58 2.537 2.534 2.534 2.534 2.604 2.615 2.615 2.618 0.007 5.403 2.623 2.635 2.623 2.621 2.621 2.621 2.621 2.646 2.646 2.672 2.672 2.646 2.643 2.429 2.375 2.373 0.376 0.375 0.372 0.371 
0 0 0 1 1 0 0 0 0 0 0 0 1 1 1 1 1 0 0 0 0 0 0 1 1 1 1 1 1 0 0 0 0 0 0 1 1 1 1 1 1 1 1 1 1 1 1 1 1 1 1 1 1 1 1 1 1 1 1 1 1 1 1 1 1 1 1 1 1 1 1 1 1 1 1 1 1 1 1 1 1 1 1 1 1 1 1 1 1 1 1 1 1 1 1 1 1 1 1 1 1 1 1 1 1 1 1 1 1 1 1 1 1 1 1 1 1 1 1 1 1 1 1 1 1 0 0 0 0 0 1 1 1 1 1 1 1 1 1 1 1 1 1 1 1 1 1 1 1 1 0 0 0 0 0 1 1 1 1 0 0 0 0 0 0 0 0 0 0 1 1 1 1 1 0 0 0 0 0 0 0 0 0 0 0 0 0 0 1 1 1 1 0 0 0 0 0 1 1 1 1 1 0 0 0 0 0 0 0 0 1 1 1 1 1 1 0 0 0 0 0 0 0 0 0 0 0 0 1 1 1 1 0 0 0 0 1 1 1 1 0 0 0 0 0 0 0 0 0 0 0 0 0 1 1 0 0 0 0 0 0 0 0 0 0 1 1 1 1 1 0 0 0 0 0 0 0 0 0 0 0 1 1 1 1 0 0 0 0 0 1 1 1 1 0 0 0 1 1 1 0 0 0 0 0 0 0 1 1 1 1 1 1 1 1 1 1 1 1 1 1 1 1 1 1 1 1 1 1 1 1 1 1 1 1 1 1 1 1 1 1 1 1 1 1 1 1 0 0 0 1 1 1 1 1 1 1 1 1 1 1 1 1 1 1 1 1 1 1 1 1 1 1 1 1 1 1 1 1 1 0 1 1 0 1 1 1 1 1 1 1 1 1 1 1 1 1 1 1 1 1 1 1 1 1 1 1 1 1 1 1 1 1 1 1 1 1 1 1 1 1 1 1 1 1 1 1 1 1 1 1 1 1 1 1 1 1 1 1 1 1 1 1 1 1 1 1 1 1 1 1 1 1 1 1 1 1 1 1 1 1 1 1 1 1 1 1 1 1 1 1 1 1 1 1 1 1 1 1 1 1 1 1 0 1 1 1 1 1 1 1 1 1 1 1 1 1 1 1 1 1 1 1 1 1 1 1 1 1 1 1 1 1 1 1 1 1 1 1 1 1 1 1 1 1 1 1 1 1 1 1 1 1 1 1 1 1 1 1 1 1 1 1 1 1 1 1 1 1 1 1 1 1 1 1 1 1 1 1 1 1 1 1 1 1 1 1 1 1 1 1 1 1 1 1 1 1 1 1 1 1 1 1 1 1 1 1 1 1 1 1 1 1 1 1 1 1 1 1 1 1 1 1 1 1 1 1 1 1 1 1 1 1 1 1 1 1 1 1 1 1 1 1 1 1 1 1 1 1 1 1 1 1 1 1 1 1 1 1 1 1 1 1 1 1 1 1 1 1 1 1 1 1 1 1 1 1 1 1 1 0 1 1 1 1 1 1 1 1 1 1 1 1 1 1 1 1 1 1 1 1 1 
