# This file contains a 2D laser scan observation. 
# Its format is: 
# [aperture] [max_range] [number_of_scans] 
# [vector_of_scans] 
# [vector_of_valid_scans] 
# The aperture of the sensor is in radians, the maximum range 
# and measurements are in meters. '1' means a valid scan, '0' otherwise.
4.1847
5.6
682
0 0.272 0.272 0.271 0.272 0.272 0 0 0 0 0.263 0.262 0.261 0.259 0.257 0.255 0.255 0.252 0.252 0.248 0.246 0.245 0.244 0.239 0.239 0.237 0.239 0.241 0.243 0.247 0.247 0.252 0.252 0.247 0.245 0.245 0.245 0.245 0.237 0.243 0.246 0.243 0.243 0.243 0.243 0.243 0.249 0.249 0.249 0.249 0.243 0.243 0.249 0.255 0.255 0.255 0.249 0.249 0.246 0.246 0.243 0.241 0.234 0.233 0.232 0.231 0.232 0.232 0.231 0.233 0.238 0.239 0.24 0.24 0.243 0.243 0.243 0.239 0.239 0.236 0.232 0.236 0.236 0.238 0.243 0.243 0.238 0.238 0.244 0.244 0.282 0.007 0 0.282 0.265 0.257 0.245 0.237 0.237 0.24 0.24 0.24 0.24 0.24 0.24 0.246 0 0 0 0.245 0.245 0.245 0.251 0.251 0.255 0.255 0.25 0.25 0.255 0 0 0 0.272 0.267 0.249 0.241 0.238 0.238 0.241 0.238 0.25 0.251 0.263 0 0 0 0 0.28 0.259 0.259 0.259 0.267 0.27 0.278 0.278 0.278 0.278 0 0 0 0 0.007 0.284 0.284 0.294 0.294 0 0 0 0 0.295 0.293 0.293 0.288 0.287 0.288 0.294 0 0 0 0 0 0.29 0.29 0.29 0.291 0.317 0 0 0 0 0 0.322 0.322 0.322 0.321 0 0.007 0.343 0.343 0 0 0 0 0 0.007 0 0 0 0 0 0.007 0 0 0 0 0 0.386 0.384 0.384 0.384 0.384 0.384 0.366 0.365 0.365 0.366 0.372 0.386 0.392 0.399 0.399 0.399 0.399 0.398 0.398 0.409 0.41 0.41 0.423 0 0.007 0 0.007 0 0.007 0 0.449 0 0 0 0 0 0 1.314 1.309 1.308 1.307 1.298 1.293 1.284 1.284 1.28 1.277 1.273 1.272 1.265 1.265 1.262 1.262 1.265 1.277 1.294 1.319 1.345 1.352 1.377 1.398 1.429 1.462 1.481 1.499 1.528 1.552 1.594 1.609 1.639 1.678 1.678 1.678 1.67 1.669 1.668 1.668 1.666 1.663 1.663 1.654 1.645 1.645 1.636 1.635 1.635 1.635 1.635 1.637 1.637 1.638 1.642 1.719 1.728 1.731 1.731 1.731 1.737 1.75 1.811 1.855 1.896 1.957 2.026 2.076 2.137 2.206 2.247 4.982 4.982 4.984 4.984 4.982 4.98 4.98 4.98 4.98 4.98 4.98 4.966 4.966 4.964 4.956 4.951 4.951 4.951 4.953 4.953 4.953 4.961 4.961 4.961 4.965 4.969 4.98 4.98 4.98 4.98 4.991 4.995 5.003 5.003 5.003 0 4.906 4.888 3.957 3.824 3.818 3.818 3.817 3.816 3.652 3.008 2.981 2.902 2.824 2.754 2.685 2.612 2.612 2.548 2.486 1.649 1.649 1.648 1.648 1.652 1.652 1.652 1.652 1.652 1.667 1.674 1.676 1.68 1.694 1.699 1.699 1.7 1.707 1.71 1.711 1.716 1.717 1.717 1.723 1.73 1.735 1.745 1.748 1.752 1.754 1.754 1.764 1.774 1.777 1.784 1.784 1.784 1.611 1.547 1.527 1.513 1.51 1.51 1.513 1.518 1.519 1.523 1.526 1.533 1.537 1.768 1.768 1.711 1.711 1.656 1.656 1.656 1.662 1.671 1.681 1.688 1.694 1.734 1.969 1.982 2.001 2.003 2.003 2.003 2.001 1.817 1.752 1.752 1.752 1.817 1.817 1.817 1.817 1.759 1.746 1.536 1.536 1.536 1.634 1.661 1.665 1.665 1.661 1.659 1.659 1.659 2.291 2.307 2.309 2.309 2.312 2.312 2.296 1.832 1.76 1.632 1.551 1.549 1.549 1.549 2.34 2.342 2.346 2.346 2.342 2.342 1.621 1.621 1.621 2.024 2.059 2.059 2.059 2.053 2.032 2.032 2.028 2.023 2.016 2.016 2.014 2.014 2.013 2.011 2.01 2.01 2.011 2.022 2.032 2.033 2.037 2.04 2.044 2.047 2.051 2.058 2.062 2.068 2.079 2.085 2.091 2.117 2.117 2.117 0.3 0.299 0.294 0.294 0.294 0.292 0.298 0.299 0.299 0.299 0.304 0.299 0.296 0.296 0.296 0.296 0.297 0.297 0.296 0.297 0.296 0.295 0.296 0.302 0.302 0.302 0.302 0.304 2.546 2.546 2.546 2.536 2.53 2.499 2.459 2.45 2.45 2.45 2.52 2.528 2.528 2.528 2.527 2.516 2.504 2.501 2.499 2.499 2.499 2.466 2.39 1.205 1.202 1.199 1.198 1.198 1.202 2.401 2.402 2.402 2.402 2.423 2.445 2.451 2.454 2.455 2.456 2.459 2.461 2.464 2.464 2.465 2.464 2.46 2.44 2.409 2.409 2.409 2.417 2.417 2.417 2.417 2.417 2.442 2.442 2.463 2.442 2.329 2.052 2.038 2.038 2.04 2.052 2.074 2.087 2.1 2.1 2.1 2.1 2.105 2.098 2.094 2.094 2.097 2.097 2.213 2.229 2.269 2.466 2.466 2.466 1.248 1.248 1.248 1.248 1.255 2.526 2.527 2.556 2.556 2.608 2.608 2.608 2.578 2.578 2.517 2.517 2.493 2.625 2.625 2.646 2.646 2.671 2.68 2.692 2.695 2.692 2.684 2.695 2.684 2.452 2.452 2.678 2.408 2.408 2.264 2.264 2.264 2.305 2.496 2.515 0 0 0 0 0 0 0 0 0 0 0 0 
0 1 1 1 1 1 0 0 0 0 1 1 1 1 1 1 1 1 1 1 1 1 1 1 1 1 1 1 1 1 1 1 1 1 1 1 1 1 1 1 1 1 1 1 1 1 1 1 1 1 1 1 1 1 1 1 1 1 1 1 1 1 1 1 1 1 1 1 1 1 1 1 1 1 1 1 1 1 1 1 1 1 1 1 1 1 1 1 1 1 1 0 0 1 1 1 1 1 1 1 1 1 1 1 1 1 0 0 0 1 1 1 1 1 1 1 1 1 1 0 0 0 1 1 1 1 1 1 1 1 1 1 1 0 0 0 0 1 1 1 1 1 1 1 1 1 1 0 0 0 0 0 1 1 1 1 0 0 0 0 1 1 1 1 1 1 1 0 0 0 0 0 1 1 1 1 1 0 0 0 0 0 1 1 1 1 0 0 1 1 0 0 0 0 0 0 0 0 0 0 0 0 0 0 0 0 0 1 1 1 1 1 1 1 1 1 1 1 1 1 1 1 1 1 1 1 1 1 1 1 0 0 0 0 0 0 0 1 0 0 0 0 0 0 1 1 1 1 1 1 1 1 1 1 1 1 1 1 1 1 1 1 1 1 1 1 1 1 1 1 1 1 1 1 1 1 1 1 1 1 1 1 1 1 1 1 1 1 1 1 1 1 1 1 1 1 1 1 1 1 1 1 1 1 1 1 1 1 1 1 1 1 1 1 1 1 1 1 1 1 1 1 1 1 1 1 1 1 1 1 1 1 1 1 1 1 1 1 1 1 1 1 1 1 1 1 1 1 1 1 0 1 1 1 1 1 1 1 1 1 1 1 1 1 1 1 1 1 1 1 1 1 1 1 1 1 1 1 1 1 1 1 1 1 1 1 1 1 1 1 1 1 1 1 1 1 1 1 1 1 1 1 1 1 1 1 1 1 1 1 1 1 1 1 1 1 1 1 1 1 1 1 1 1 1 1 1 1 1 1 1 1 1 1 1 1 1 1 1 1 1 1 1 1 1 1 1 1 1 1 1 1 1 1 1 1 1 1 1 1 1 1 1 1 1 1 1 1 1 1 1 1 1 1 1 1 1 1 1 1 1 1 1 1 1 1 1 1 1 1 1 1 1 1 1 1 1 1 1 1 1 1 1 1 1 1 1 1 1 1 1 1 1 1 1 1 1 1 1 1 1 1 1 1 1 1 1 1 1 1 1 1 1 1 1 1 1 1 1 1 1 1 1 1 1 1 1 1 1 1 1 1 1 1 1 1 1 1 1 1 1 1 1 1 1 1 1 1 1 1 1 1 1 1 1 1 1 1 1 1 1 1 1 1 1 1 1 1 1 1 1 1 1 1 1 1 1 1 1 1 1 1 1 1 1 1 1 1 1 1 1 1 1 1 1 1 1 1 1 1 1 1 1 1 1 1 1 1 1 1 1 1 1 1 1 1 1 1 1 1 1 1 1 1 1 1 1 1 1 1 1 1 1 1 1 1 1 1 1 1 1 1 1 1 1 1 1 1 1 1 0 0 0 0 0 0 0 0 0 0 0 0 
