# This file contains a 2D laser scan observation. 
# Its format is: 
# [aperture] [max_range] [number_of_scans] 
# [vector_of_scans] 
# [vector_of_valid_scans] 
# The aperture of the sensor is in radians, the maximum range 
# and measurements are in meters. '1' means a valid scan, '0' otherwise.
4.1847
5.6
682
0.28 0.279 0.279 0.28 0.293 0.293 0.293 0.287 0.287 0.28 0.28 0.28 0.283 0.283 0.283 0.278 0.278 0.278 0.278 0.278 0.276 0.276 0.276 0.281 0.281 0.281 0.277 0.267 0.264 0.264 0.267 0.262 0.262 0.263 0.263 0.263 0.263 0.272 0.272 0.269 0.258 0.26 0.26 0.26 0.254 0.26 0.259 0.259 0.267 0.267 0.262 0.262 0.262 0.262 0.262 0.267 0.267 0.263 0.26 0.258 0.258 0.258 0.258 0.259 0.259 0.259 0.263 0.263 0.254 0.262 0.256 0.256 0.256 0.26 0.256 0.25 0.25 0.251 0.251 0.251 0.263 0.264 0.264 0.264 0.267 0.264 0.267 0.267 0.259 0.258 0.258 0.258 0.258 0.258 0.259 0.263 0.27 0.27 0.27 0.27 0.262 0.262 0.27 0.262 0.264 0.269 0.264 0.262 0.261 0.26 0.26 0.261 0.261 0.259 0.259 0.253 0.253 0.256 0.256 0.256 0.264 0.283 0.288 0.288 0.288 0.29 0.291 0.294 0 0 0 0 0 0 0 0 0.315 0.302 0.302 0.3 0.302 0.308 0.308 0.31 0.31 0.31 0.31 0.31 0.308 0.308 0.308 0.307 0.301 0.301 0.301 0.301 0.305 0.308 0.312 0.319 0.323 0.323 0.316 0.321 0.316 0.316 0.321 0.331 0.332 0.332 0.339 0 0.339 0.345 0.345 0.345 0.345 0 0 0 0 0.359 0.359 0.367 0 0.367 0 0.007 0 0 0.007 0 0 0.007 0 0 0 0 0 0 1.364 1.354 1.354 1.337 1.32 1.311 1.311 1.308 1.301 1.297 1.293 1.289 1.283 1.28 1.277 1.263 1.262 1.25 1.245 1.239 1.235 1.234 1.22 1.21 1.209 1.203 1.201 1.195 1.192 1.185 1.179 1.174 1.172 1.163 1.162 1.162 1.156 1.151 1.15 1.149 1.146 1.146 1.146 1.148 1.163 1.18 1.2 1.218 1.223 1.24 1.258 1.269 1.296 1.318 1.336 1.352 1.374 1.398 1.416 1.446 1.455 1.475 1.49 1.535 1.551 1.553 1.554 1.553 1.551 1.547 1.544 1.536 1.535 1.534 1.527 1.51 1.503 1.499 1.499 1.497 1.491 1.491 1.491 1.488 1.488 1.49 1.498 1.52 1.588 1.589 1.589 1.589 1.589 1.597 1.614 1.648 1.69 1.719 1.768 1.795 1.85 1.897 1.957 2.009 2.069 2.107 2.184 4.85 4.85 4.85 4.85 4.85 4.85 4.849 4.849 4.849 4.844 4.841 4.839 4.839 4.84 4.839 4.839 4.832 4.807 4.807 4.807 4.812 4.812 4.812 4.812 4.812 4.816 4.818 4.84 4.845 4.846 4.857 4.858 4.858 4.863 4.863 4.863 4.769 4.769 4.762 4.74 3.806 3.683 3.683 3.683 3.683 3.693 3.693 3.648 2.858 2.782 2.704 2.636 2.579 2.505 2.455 2.382 2.319 2.319 2.224 1.522 1.508 1.503 1.496 1.496 1.496 1.502 1.51 1.514 1.518 1.52 1.526 1.531 1.538 1.547 1.549 1.555 1.56 1.56 1.565 1.57 1.573 1.573 1.579 1.581 1.586 1.588 1.591 1.603 1.606 1.613 1.62 1.62 1.623 1.624 1.632 1.639 1.646 1.646 1.646 1.484 1.39 1.385 1.376 1.367 1.367 1.367 1.37 1.37 1.372 1.372 1.38 1.388 1.401 1.463 1.697 1.697 1.51 1.51 1.51 1.51 1.516 1.525 1.536 1.542 1.547 1.556 1.633 1.852 1.878 1.882 1.889 1.902 1.902 1.902 1.786 1.706 1.628 1.628 1.628 1.748 1.748 1.748 1.748 1.674 1.637 1.63 1.408 1.408 1.408 1.463 1.533 1.536 1.536 1.536 1.533 1.536 1.541 2.175 2.175 2.175 2.061 2.061 2.002 2.002 1.73 1.68 1.646 1.609 1.521 1.444 1.441 1.427 1.427 1.427 2.253 2.257 2.262 2.257 2.257 1.521 1.521 1.521 1.966 2.048 2.048 2.035 2.035 2.021 2.02 2.004 1.989 1.97 1.953 1.944 1.943 1.943 1.937 1.937 1.944 1.946 1.947 1.948 1.952 1.957 1.969 1.969 1.969 1.972 1.983 1.983 1.997 2 2.003 2.005 2.008 2.012 2.015 2.029 2.029 2.047 2.05 2.057 2.062 2.074 2.074 2.074 2.069 2.069 2.069 2.073 2.463 2.463 2.463 2.463 2.463 2.503 2.503 2.503 2.485 2.46 2.453 2.453 2.453 2.495 2.496 2.496 2.495 2.489 2.461 2.412 2.408 2.408 2.412 2.421 2.483 2.487 2.487 2.487 2.469 2.466 2.466 2.466 2.465 2.46 2.417 2.387 2.387 2.387 2.412 2.425 2.444 2.444 2.444 2.414 2.414 2.36 2.351 1.178 1.176 1.176 1.176 1.176 1.177 2.459 2.459 2.459 0.264 0.262 0.261 0.26 0.257 0.255 0.253 0.248 0.248 0.248 0.25 0.25 0.25 0.25 0.252 0.253 0.259 0.259 0.259 0.259 0.263 0.259 0.263 0.263 0.262 0.262 0.262 0.262 0.264 0.268 0.268 2.14 2.14 2.14 2.135 2.135 2.135 2.238 2.244 2.287 2.433 2.592 2.605 2.605 2.605 2.605 2.553 2.536 1.298 1.27 1.27 1.27 1.271 1.28 2.276 5.446 0.006 0.006 0.006 0.006 0.006 2.735 2.727 2.727 2.735 2.736 2.736 2.736 2.682 2.449 2.449 2.449 2.521 2.521 2.521 2.285 2.284 2.284 2.284 2.553 2.583 2.589 2.609 0 0 0 0 0 0 
1 1 1 1 1 1 1 1 1 1 1 1 1 1 1 1 1 1 1 1 1 1 1 1 1 1 1 1 1 1 1 1 1 1 1 1 1 1 1 1 1 1 1 1 1 1 1 1 1 1 1 1 1 1 1 1 1 1 1 1 1 1 1 1 1 1 1 1 1 1 1 1 1 1 1 1 1 1 1 1 1 1 1 1 1 1 1 1 1 1 1 1 1 1 1 1 1 1 1 1 1 1 1 1 1 1 1 1 1 1 1 1 1 1 1 1 1 1 1 1 1 1 1 1 1 1 1 1 0 0 0 0 0 0 0 0 1 1 1 1 1 1 1 1 1 1 1 1 1 1 1 1 1 1 1 1 1 1 1 1 1 1 1 1 1 1 1 1 1 1 1 0 1 1 1 1 1 0 0 0 0 1 1 1 0 1 0 0 0 0 0 0 0 0 0 0 0 0 0 0 1 1 1 1 1 1 1 1 1 1 1 1 1 1 1 1 1 1 1 1 1 1 1 1 1 1 1 1 1 1 1 1 1 1 1 1 1 1 1 1 1 1 1 1 1 1 1 1 1 1 1 1 1 1 1 1 1 1 1 1 1 1 1 1 1 1 1 1 1 1 1 1 1 1 1 1 1 1 1 1 1 1 1 1 1 1 1 1 1 1 1 1 1 1 1 1 1 1 1 1 1 1 1 1 1 1 1 1 1 1 1 1 1 1 1 1 1 1 1 1 1 1 1 1 1 1 1 1 1 1 1 1 1 1 1 1 1 1 1 1 1 1 1 1 1 1 1 1 1 1 1 1 1 1 1 1 1 1 1 1 1 1 1 1 1 1 1 1 1 1 1 1 1 1 1 1 1 1 1 1 1 1 1 1 1 1 1 1 1 1 1 1 1 1 1 1 1 1 1 1 1 1 1 1 1 1 1 1 1 1 1 1 1 1 1 1 1 1 1 1 1 1 1 1 1 1 1 1 1 1 1 1 1 1 1 1 1 1 1 1 1 1 1 1 1 1 1 1 1 1 1 1 1 1 1 1 1 1 1 1 1 1 1 1 1 1 1 1 1 1 1 1 1 1 1 1 1 1 1 1 1 1 1 1 1 1 1 1 1 1 1 1 1 1 1 1 1 1 1 1 1 1 1 1 1 1 1 1 1 1 1 1 1 1 1 1 1 1 1 1 1 1 1 1 1 1 1 1 1 1 1 1 1 1 1 1 1 1 1 1 1 1 1 1 1 1 1 1 1 1 1 1 1 1 1 1 1 1 1 1 1 1 1 1 1 1 1 1 1 1 1 1 1 1 1 1 1 1 1 1 1 1 1 1 1 1 1 1 1 1 1 1 1 1 1 1 1 1 1 1 1 1 1 1 1 1 1 1 1 1 1 1 1 1 1 1 1 1 1 1 1 1 1 1 1 1 1 1 1 1 1 1 1 1 1 1 1 1 1 1 1 1 1 1 1 1 1 1 1 0 0 0 0 0 1 1 1 1 1 1 1 1 1 1 1 1 1 1 1 1 1 1 1 1 1 1 0 0 0 0 0 0 
