# This file contains a 2D laser scan observation. 
# Its format is: 
# [aperture] [max_range] [number_of_scans] 
# [vector_of_scans] 
# [vector_of_valid_scans] 
# The aperture of the sensor is in radians, the maximum range 
# and measurements are in meters. '1' means a valid scan, '0' otherwise.
4.1847
5.6
682
0.007 0 0 0 0 0 0 0 0 0 0 0 0 0 0 0 0 0 0 0 0 0 0 0 0 0 0 0 0 0 0 0 0 0 0 0 0 0 0 0 0 0 0 0 0 0 0 0 0 0 0 0 0 0 3.657 3.645 3.641 3.639 3.627 3.627 3.627 3.627 3.624 3.627 3.623 3.612 3.612 3.627 0 0 0 0 0 0 0 0.006 0.006 0.006 0.006 0.006 0.006 0.006 0.006 0.006 0.006 0.006 0.006 0.006 0.006 0.006 0.006 0.006 0.006 0.006 0 0 0 0 3.314 3.252 3.198 3.157 3.106 3.06 3.06 3.06 3.169 3.217 3.217 3.169 0 0 2.841 0 0.007 0 0 0 0 0 0.007 0 0.007 0 0 0 0 0 0.007 1.802 1.723 1.679 1.679 1.679 1.628 1.553 0 1.487 1.453 1.451 1.442 1.422 1.386 1.334 1.328 1.314 1.26 1.243 1.225 1.213 1.207 1.19 1.17 1.167 1.167 1.137 1.125 1.099 1.095 1.095 1.094 1.06 1.06 1.06 1.042 1.011 0.991 0.991 0.986 0.984 0.965 0.963 0.949 0.946 0.93 0.927 0.919 0.915 0.903 0.898 0.88 0.877 0.863 0.861 0.852 0.851 0.846 0.835 0.832 0.823 0.795 0.795 0.795 0.795 0.795 0.795 0.781 0.78 0.777 0.76 0.757 0.756 0.754 0.754 0.754 0.76 0.761 0.766 0.77 0.773 0.777 0.783 0.79 0.795 0.796 0.798 0.81 0.815 0.817 0.819 0.833 0.837 0.84 0.848 0.85 0.854 0.867 0.868 0.87 0.883 0.884 0.896 0.897 0.912 0.92 0.925 0.928 0.941 0.945 0.957 0.964 0.981 0.981 0.996 1.001 1.018 1.031 1.044 1.051 1.064 1.093 1.097 1.097 1.097 1.084 1.081 1.079 1.079 1.077 1.072 1.068 1.067 1.062 1.059 1.052 1.051 1.043 1.026 1.024 1.026 1.026 1.024 1.019 1.016 1.015 1.015 1.015 1.011 1.011 1.008 1 1 1 1.007 1.037 1.053 1.092 1.092 1.092 1.092 1.089 1.089 1.089 1.103 1.119 1.138 1.154 1.177 1.194 1.221 1.238 1.252 1.269 1.297 1.315 1.344 1.372 1.39 1.41 1.444 1.47 1.495 1.529 1.571 1.606 1.632 1.671 1.712 4.364 4.364 4.364 4.359 4.358 4.358 4.357 4.357 4.356 4.346 4.341 4.34 4.34 4.34 4.337 4.337 4.337 4.337 4.335 4.322 4.31 4.303 4.303 4.288 4.288 4.288 4.288 4.305 4.309 4.311 4.313 4.321 4.343 4.344 4.345 4.345 4.348 4.35 4.351 4.351 4.357 4.357 4.327 4.231 4.231 4.231 4.227 3.394 3.233 3.203 3.196 3.196 3.194 3.194 3.196 3.21 3.194 3.155 2.398 2.34 2.287 2.235 2.183 2.134 2.101 2.059 2.016 1.975 1.927 1.885 1.845 1.808 1.779 1.735 1.707 1.68 1.68 1.644 1.603 1.069 1.032 1.018 1.01 0.998 0.998 1.01 1.023 1.023 1.023 1.023 1.023 1.022 1.026 1.026 1.026 1.025 1.031 1.031 1.034 1.034 1.064 1.066 1.072 1.073 1.077 1.084 1.086 1.09 1.092 1.093 1.096 1.104 1.114 1.116 1.121 1.121 1.121 1.121 1.128 1.134 1.137 1.141 1.157 1.17 1.17 1.172 1.172 1.186 1.19 1.19 1.19 1.203 1.216 1.216 1.217 1.22 1.224 1.239 1.249 1.249 1.249 1.019 0.993 0.979 0.978 0.97 0.966 0.961 0.96 0.96 0.959 0.959 0.963 0.964 0.967 0.968 0.973 0.974 0.978 0.98 1.023 1.068 1.068 1.089 1.089 1.089 1.123 1.131 1.14 1.146 1.17 1.173 1.321 1.574 1.589 1.613 1.616 1.633 1.633 1.633 1.643 1.267 1.259 1.267 1.277 1.277 1.337 1.352 1.352 1.352 1.295 1.295 1.295 1.331 1.897 1.897 1.897 1.306 1.298 1.297 1.276 1.255 1.222 1.215 1.215 1.215 1.225 1.229 1.229 1.231 1.231 1.232 1.384 1.417 1.431 1.417 1.384 1.369 1.36 1.356 1.346 1.332 1.33 1.33 1.33 2.052 2.068 2.068 2.052 1.201 1.197 1.197 1.197 1.201 1.204 1.291 1.291 1.291 1.288 1.288 1.288 1.716 1.721 1.735 1.735 1.746 1.753 1.76 1.773 1.777 1.792 1.803 1.808 1.813 1.819 1.821 1.836 1.846 1.86 1.875 1.877 1.88 1.884 1.909 1.922 1.93 1.94 1.959 1.971 1.971 1.971 1.976 1.976 1.987 2.413 2.413 2.413 2.393 2.385 2.385 2.385 2.442 2.443 2.443 2.443 2.44 2.43 2.405 2.385 2.378 2.378 2.378 2.432 2.468 2.468 2.468 2.468 2.465 2.465 2.465 2.474 2.474 2.474 2.416 2.412 2.412 2.412 2.444 2.463 2.472 2.472 2.472 2.431 2.427 2.427 2.427 2.462 2.483 2.488 2.489 2.508 2.511 2.517 2.524 2.525 2.529 2.529 2.529 2.5 2.5 2.5 2.501 2.509 2.509 2.519 2.538 2.572 2.572 2.572 2.558 2.234 2.197 2.197 2.196 2.149 1.298 1.277 1.271 1.271 1.271 1.277 1.28 2.247 2.279 2.285 2.282 2.282 2.282 2.282 2.282 2.291 2.296 2.32 2.353 
0 0 0 0 0 0 0 0 0 0 0 0 0 0 0 0 0 0 0 0 0 0 0 0 0 0 0 0 0 0 0 0 0 0 0 0 0 0 0 0 0 0 0 0 0 0 0 0 0 0 0 0 0 0 1 1 1 1 1 1 1 1 1 1 1 1 1 1 0 0 0 0 0 0 0 0 0 0 0 0 0 0 0 0 0 0 0 0 0 0 0 0 0 0 0 0 0 0 1 1 1 1 1 1 1 1 1 1 1 1 0 0 1 0 0 0 0 0 0 0 0 0 0 0 0 0 0 0 0 1 1 1 1 1 1 1 0 1 1 1 1 1 1 1 1 1 1 1 1 1 1 1 1 1 1 1 1 1 1 1 1 1 1 1 1 1 1 1 1 1 1 1 1 1 1 1 1 1 1 1 1 1 1 1 1 1 1 1 1 1 1 1 1 1 1 1 1 1 1 1 1 1 1 1 1 1 1 1 1 1 1 1 1 1 1 1 1 1 1 1 1 1 1 1 1 1 1 1 1 1 1 1 1 1 1 1 1 1 1 1 1 1 1 1 1 1 1 1 1 1 1 1 1 1 1 1 1 1 1 1 1 1 1 1 1 1 1 1 1 1 1 1 1 1 1 1 1 1 1 1 1 1 1 1 1 1 1 1 1 1 1 1 1 1 1 1 1 1 1 1 1 1 1 1 1 1 1 1 1 1 1 1 1 1 1 1 1 1 1 1 1 1 1 1 1 1 1 1 1 1 1 1 1 1 1 1 1 1 1 1 1 1 1 1 1 1 1 1 1 1 1 1 1 1 1 1 1 1 1 1 1 1 1 1 1 1 1 1 1 1 1 1 1 1 1 1 1 1 1 1 1 1 1 1 1 1 1 1 1 1 1 1 1 1 1 1 1 1 1 1 1 1 1 1 1 1 1 1 1 1 1 1 1 1 1 1 1 1 1 1 1 1 1 1 1 1 1 1 1 1 1 1 1 1 1 1 1 1 1 1 1 1 1 1 1 1 1 1 1 1 1 1 1 1 1 1 1 1 1 1 1 1 1 1 1 1 1 1 1 1 1 1 1 1 1 1 1 1 1 1 1 1 1 1 1 1 1 1 1 1 1 1 1 1 1 1 1 1 1 1 1 1 1 1 1 1 1 1 1 1 1 1 1 1 1 1 1 1 1 1 1 1 1 1 1 1 1 1 1 1 1 1 1 1 1 1 1 1 1 1 1 1 1 1 1 1 1 1 1 1 1 1 1 1 1 1 1 1 1 1 1 1 1 1 1 1 1 1 1 1 1 1 1 1 1 1 1 1 1 1 1 1 1 1 1 1 1 1 1 1 1 1 1 1 1 1 1 1 1 1 1 1 1 1 1 1 1 1 1 1 1 1 1 1 1 1 1 1 1 1 1 1 1 1 1 1 1 1 1 1 1 1 1 1 1 1 1 1 1 1 1 1 1 1 1 1 1 1 1 1 1 1 1 1 1 1 1 1 1 1 1 1 1 1 1 1 1 1 1 1 1 1 1 1 1 1 1 1 1 1 1 1 
