# This file contains a 2D laser scan observation. 
# Its format is: 
# [aperture] [max_range] [number_of_scans] 
# [vector_of_scans] 
# [vector_of_valid_scans] 
# The aperture of the sensor is in radians, the maximum range 
# and measurements are in meters. '1' means a valid scan, '0' otherwise.
4.1847
5.6
682
0 0 0 0 0 0 0 0 0 0 0 3.253 3.253 3.253 3.689 3.901 3.913 3.901 3.901 2.885 2.885 2.885 3.831 3.862 3.862 3.831 3.799 3.799 3.792 3.792 3.792 3.786 3.768 3.765 3.763 3.759 3.751 3.739 3.737 3.736 3.725 3.715 3.707 3.706 3.698 3.697 3.688 3.685 3.683 3.675 3.665 3.663 3.662 3.662 3.662 0 0 0 0 0 0 0 0 0 0 0 0 0 0 0 0 0 0 0 0.006 0.006 0.006 0.006 0.006 0.006 0.006 0 0 0 0 0 0 0 3.574 3.47 3.574 3.574 3.47 2.757 2.53 2.292 2.099 1.981 1.871 1.725 1.725 1.608 1.572 1.359 1.279 1.234 1.234 1.232 1.132 1.005 1.005 0.988 0.974 0.869 0.869 0.866 0.863 0.81 0.768 0.729 0.715 0.715 0.683 0.674 0.645 0.645 0.645 0.641 0.641 0.641 0.604 0.59 0.581 0.581 0.587 0.587 0.584 0.584 0.584 0.584 0.594 0.595 0.597 0.599 0.599 0.602 0.602 0.599 0.599 0.602 0.602 0.605 0.606 0.609 0.611 0.611 0.613 0.616 0.616 0.618 0.618 0.619 0.621 0.631 0.632 0.634 0.635 0.637 0.637 0.645 0.645 0.645 0.645 0.645 0.644 0.65 0.651 0.652 0.659 0.666 0.672 0.673 0.677 0.678 0.678 0.681 0.682 0.682 0.682 0.687 0.688 0.694 0.697 0.7 0.701 0.709 0.71 0.715 0.721 0.722 0.722 0.725 0.731 0.738 0.74 0.747 0.747 0.749 0.751 0.756 0.768 0.768 0.769 0.776 0.784 0.792 0.799 0.823 0.823 0.823 0.821 0.808 0.808 0.8 0.795 0.795 0.794 0.792 0.784 0.781 0.779 0.778 0.772 0.771 0.761 0.755 0.733 0.733 0.733 0.733 0.735 0.735 0.73 0.726 0.725 0.718 0.714 0.713 0.713 0.711 0.713 0.708 0.704 0.701 0.7 0.7 0.7 0.698 0.698 0.702 0.706 0.71 0.715 0.729 0.752 0.774 0.871 0.871 0.871 0.778 0.777 0.775 0.775 0.774 0.774 0.776 0.78 0.79 0.795 0.805 0.806 0.822 0.83 0.847 0.854 0.869 0.876 0.881 0.887 0.904 0.921 0.93 0.941 0.953 0.977 0.983 1.001 1.016 1.039 1.054 1.069 1.085 1.114 1.127 1.144 1.169 1.192 1.205 1.222 1.253 1.281 1.287 1.31 1.348 1.38 1.413 1.413 2.914 3.013 4.017 4.017 4.02 4.017 4.012 4.011 4.011 4.01 4.005 4.002 3.998 3.991 3.99 3.99 3.99 3.99 3.99 3.989 3.986 3.983 3.982 3.978 3.976 3.964 3.962 3.939 3.939 3.939 3.94 3.964 3.971 3.972 3.972 3.972 3.982 3.988 3.994 3.995 3.995 4.002 4.008 4.012 4.016 4.016 4.012 3.915 3.911 3.911 3.911 3.911 3.906 3.086 2.927 2.904 2.858 2.858 2.858 2.858 2.858 2.858 2.842 2.842 2.842 2.835 2.835 2.081 2.052 2.008 1.967 1.928 1.885 1.85 1.812 1.776 1.75 1.72 1.692 1.66 1.64 1.604 1.573 1.539 1.516 1.485 1.465 1.445 1.412 1.396 1.375 1.345 1.337 1.314 1.294 1.269 1.259 1.244 1.231 1.217 1.203 1.195 1.176 1.161 1.161 1.152 1.13 0.775 0.76 0.736 0.733 0.718 0.713 0.713 0.713 0.708 0.71 0.71 0.71 0.71 0.717 0.72 0.72 0.719 0.72 0.72 0.721 0.727 0.733 0.735 0.736 0.74 0.736 0.74 0.745 0.746 0.749 0.769 0.774 0.781 0.79 0.794 0.798 0.804 0.806 0.808 0.81 0.811 0.82 0.827 0.834 0.834 0.839 0.839 0.842 0.857 0.862 0.863 0.869 0.872 0.88 0.887 0.888 0.893 0.904 0.907 0.914 0.921 0.926 0.941 0.944 0.951 0.96 0.969 0.974 0.981 0.992 0.997 1.007 1.018 1.03 1.038 1.04 1.052 1.063 1.065 1.081 1.081 1.081 0.892 0.807 0.796 0.793 0.781 0.779 0.778 0.773 0.765 0.758 0.758 0.758 0.758 0.76 0.764 0.765 0.764 0.764 0.765 0.765 0.766 0.767 0.773 0.773 0.779 0.779 0.818 0.951 0.952 0.978 0.99 0.99 0.99 0.819 0.819 0.819 0.834 0.839 0.845 0.969 1.098 1.102 1.656 0.007 1.656 1.197 1.145 1.133 1.133 1.145 1.467 1.467 1.467 1.174 1.164 1.156 1.15 1.149 1.137 1.125 1.12 1.11 1.101 1.099 1.097 1.095 1.095 1.097 1.129 1.132 1.274 1.274 1.274 1.258 1.252 1.249 1.247 1.246 1.244 1.244 1.244 1.573 1.594 4.499 1.594 1.594 1.193 1.167 1.155 1.155 1.155 1.207 1.243 1.245 1.248 1.248 1.248 1.251 1.798 1.802 1.83 1.83 1.843 1.863 1.891 1.913 1.933 1.952 1.982 2.003 2.004 2.004 2.003 1.986 1.986 1.986 2.405 2.435 2.467 2.467 2.471 2.471 2.467 2.456 2.441 2.426 2.421 2.421 2.421 2.457 2.518 2.518 2.518 2.518 2.518 2.528 2.534 2.534 2.534 2.519 2.476 2.476 2.476 2.517 2.548 2.556 2.556 2.556 2.52 2.52 2.52 2.527 2.578 2.58 2.59 2.609 2.62 2.623 2.631 2.638 2.646 2.646 2.646 2.622 2.622 2.622 2.629 2.638 2.689 2.689 2.691 2.698 2.691 2.646 2.646 2.6 
0 0 0 0 0 0 0 0 0 0 0 1 1 1 1 1 1 1 1 1 1 1 1 1 1 1 1 1 1 1 1 1 1 1 1 1 1 1 1 1 1 1 1 1 1 1 1 1 1 1 1 1 1 1 1 0 0 0 0 0 0 0 0 0 0 0 0 0 0 0 0 0 0 0 0 0 0 0 0 0 0 0 0 0 0 0 0 0 1 1 1 1 1 1 1 1 1 1 1 1 1 1 1 1 1 1 1 1 1 1 1 1 1 1 1 1 1 1 1 1 1 1 1 1 1 1 1 1 1 1 1 1 1 1 1 1 1 1 1 1 1 1 1 1 1 1 1 1 1 1 1 1 1 1 1 1 1 1 1 1 1 1 1 1 1 1 1 1 1 1 1 1 1 1 1 1 1 1 1 1 1 1 1 1 1 1 1 1 1 1 1 1 1 1 1 1 1 1 1 1 1 1 1 1 1 1 1 1 1 1 1 1 1 1 1 1 1 1 1 1 1 1 1 1 1 1 1 1 1 1 1 1 1 1 1 1 1 1 1 1 1 1 1 1 1 1 1 1 1 1 1 1 1 1 1 1 1 1 1 1 1 1 1 1 1 1 1 1 1 1 1 1 1 1 1 1 1 1 1 1 1 1 1 1 1 1 1 1 1 1 1 1 1 1 1 1 1 1 1 1 1 1 1 1 1 1 1 1 1 1 1 1 1 1 1 1 1 1 1 1 1 1 1 1 1 1 1 1 1 1 1 1 1 1 1 1 1 1 1 1 1 1 1 1 1 1 1 1 1 1 1 1 1 1 1 1 1 1 1 1 1 1 1 1 1 1 1 1 1 1 1 1 1 1 1 1 1 1 1 1 1 1 1 1 1 1 1 1 1 1 1 1 1 1 1 1 1 1 1 1 1 1 1 1 1 1 1 1 1 1 1 1 1 1 1 1 1 1 1 1 1 1 1 1 1 1 1 1 1 1 1 1 1 1 1 1 1 1 1 1 1 1 1 1 1 1 1 1 1 1 1 1 1 1 1 1 1 1 1 1 1 1 1 1 1 1 1 1 1 1 1 1 1 1 1 1 1 1 1 1 1 1 1 1 1 1 1 1 1 1 1 1 1 1 1 1 1 1 1 1 1 1 1 1 1 1 1 1 1 1 1 1 1 1 1 1 1 1 1 1 1 1 1 1 1 1 1 1 1 1 1 1 1 1 1 1 1 1 1 1 1 1 1 1 1 1 1 1 1 0 1 1 1 1 1 1 1 1 1 1 1 1 1 1 1 1 1 1 1 1 1 1 1 1 1 1 1 1 1 1 1 1 1 1 1 1 1 1 1 1 1 1 1 1 1 1 1 1 1 1 1 1 1 1 1 1 1 1 1 1 1 1 1 1 1 1 1 1 1 1 1 1 1 1 1 1 1 1 1 1 1 1 1 1 1 1 1 1 1 1 1 1 1 1 1 1 1 1 1 1 1 1 1 1 1 1 1 1 1 1 1 1 1 1 1 1 1 1 1 1 1 1 1 1 1 1 1 1 1 1 1 1 
