# This file contains a 2D laser scan observation. 
# Its format is: 
# [aperture] [max_range] [number_of_scans] 
# [vector_of_scans] 
# [vector_of_valid_scans] 
# The aperture of the sensor is in radians, the maximum range 
# and measurements are in meters. '1' means a valid scan, '0' otherwise.
4.1847
5.6
682
0.642 0.642 0.637 0.637 0.637 0.637 0.637 0.636 0.634 0.634 0.634 0.634 0.632 0.631 0.63 0.63 0.626 0.621 0.619 0.619 0.619 0.619 0.615 0.619 0.619 0.614 0.612 0.612 0.612 0.612 0.612 0.612 0.604 0.603 0.603 0.603 0.603 0.601 0.597 0.595 0.594 0.595 0.592 0.592 0.584 0.405 0.383 0.383 0.383 0.385 0.385 0.385 0.384 0.383 0.383 0.383 0.383 0.385 0.385 0.386 0.386 0.409 0.409 0.411 0.411 0.411 0.422 0.422 0.422 0.412 0.376 0.376 0.376 0.384 0.401 0.422 0.422 0.422 0.42 0.42 0.42 0.42 0.417 0.402 0.401 0.4 0.398 0.395 0.395 0.395 0.395 0.397 0.397 0.387 0.378 0.375 0.374 0.366 0.355 0.355 0.355 0.355 0.355 0.356 0.356 0.356 0.356 0.356 0.354 0.353 0.353 0.353 0.352 0.35 0.35 0.35 0.35 0.354 0.358 0.354 0.358 0.358 0.358 0.357 0.357 0.357 0.357 0.356 0.356 0.356 0.356 0.356 0.36 0.36 0.36 0.362 0.36 0.362 0.362 0.362 0.362 0.362 0.364 0.368 0.368 0.369 0.369 0.371 0.369 0.369 0.371 0.373 0.375 0.376 0.378 0.379 0.379 0.382 0.382 0.379 0.379 0.379 0.379 0.382 0.382 0.383 0.384 0.386 0.391 0.392 0.395 0.398 0.398 0.396 0.398 0.399 0.4 0.4 0.405 0.405 0.407 0.413 0.414 0.415 0.415 0.415 0.416 0.418 0.419 0.421 0.421 0.421 0.421 0.421 0.426 0.427 0.431 0.435 0.439 0.44 0.443 0.443 0.443 0.454 0.454 0.455 0.455 0.457 0.461 0.462 0.472 0.472 0.472 0.472 0.472 0.477 0.485 0.485 0.487 0.488 0.492 0.495 0.498 0.499 0.51 0.511 0.513 0.516 0.519 0.521 0.525 0.526 0.531 0.532 0.533 0.549 0.55 0.551 0.552 0.557 0.566 0.568 0.576 0.578 0.58 0.584 0.586 0.591 0.602 0.614 0.615 0.622 0.628 0.635 0.644 0.65 0.651 0.654 0.658 0.659 0.68 0.683 0.69 0.699 0.705 0.71 0.713 0.731 0.731 0.747 0.748 0.755 0.771 0.801 1.489 1.537 1.577 1.615 1.645 1.673 1.702 1.736 1.772 1.81 1.866 1.919 1.998 1.998 2.044 2.091 2.132 2.189 2.246 2.303 2.365 2.434 3.375 3.377 3.377 3.377 3.376 3.374 3.374 3.367 3.365 3.364 3.358 3.358 3.358 3.358 3.348 3.348 3.343 3.341 3.339 3.336 3.333 3.332 3.332 3.327 3.327 3.327 3.325 3.321 3.318 3.305 3.305 3.304 3.3 3.295 3.279 3.279 3.279 3.285 3.301 3.305 3.309 3.309 3.309 3.313 3.327 3.334 3.334 3.34 3.34 3.342 3.343 3.345 3.349 3.352 3.354 3.354 3.349 3.313 3.246 3.246 3.246 3.251 3.267 3.362 3.362 3.362 2.459 2.459 2.407 2.285 2.229 2.214 2.213 2.213 2.214 2.234 2.234 2.234 2.2 2.2 2.197 2.196 2.193 2.193 2.193 2.182 2.181 2.16 1.479 1.433 1.404 1.4 1.387 1.366 1.344 1.329 1.306 1.29 1.261 1.243 1.238 1.223 1.19 1.182 1.164 1.158 1.154 1.127 1.111 1.098 1.09 1.079 1.062 1.054 1.035 1.021 1.006 1 0.991 0.987 0.978 0.971 0.958 0.939 0.939 0.929 0.908 0.908 0.902 0.891 0.884 0.88 0.869 0.866 0.86 0.851 0.837 0.837 0.832 0.829 0.821 0.809 0.807 0.796 0.794 0.791 0.778 0.775 0.77 0.766 0.758 0.757 0.75 0.75 0.737 0.73 0.729 0.727 0.726 0.725 0.709 0.708 0.708 0.707 0.7 0.7 0.694 0.69 0.684 0.684 0.683 0.674 0.673 0.672 0.66 0.659 0.659 0.655 0.652 0.647 0.645 0.645 0.643 0.642 0.642 0.642 0.633 0.633 0.631 0.63 0.621 0.619 0.617 0.617 0.617 0.617 0.617 0.612 0.604 0.601 0.597 0.597 0.599 0.599 0.596 0.594 0.591 0.588 0.586 0.582 0.581 0.581 0.581 0.578 0.572 0.571 0.569 0.566 0.566 0.566 0.561 0.56 0.559 0.555 0.554 0.554 0.551 0.551 0.551 0.551 0.551 0.551 0.551 0.55 0.547 0.547 0.546 0.546 0.546 0.545 0.543 0.543 0.541 0.539 0.539 0.538 0.535 0.53 0.53 0.53 0.535 0.535 0.535 0.53 0.528 0.528 0.528 0.528 0.528 0.532 0.53 0.53 0.53 0.529 0.526 0.526 0.524 0.524 0.524 0.524 0.524 0.524 0.522 0.522 0.521 0.462 0.37 0.356 0.356 0.356 0.36 0.379 0.379 0.379 0.379 0.381 0.388 0.389 0.389 0.381 0.375 0.371 0.37 0.366 0.361 0.358 0.346 0.346 0.346 0.349 0.349 0.349 0.345 0.345 0.344 0.344 0.341 0.343 0.343 0.343 0.343 0.343 0.341 0.341 0.341 0.341 0.341 0.342 0.342 0.342 0.344 0.345 0.345 0.35 0.35 0.35 0.353 0.814 0.817 0.818 0.817 0.817 0.817 0.817 0.817 0.818 0.825 0.825 0.828 0.828 0.818 0.77 0.734 0.712 0.709 0.706 0.697 0.697 0.7 0.697 0.697 0.7 0.7 0.704 0.704 0.704 0.704 0.698 0.698 0.698 0.698 0.698 0.701 0.708 0.708 0.716 0.717 0.729 0.733 0.847 1.28 1.28 1.28 1.267 1.267 1.267 2.698 2.705 2.735 2.735 2.802 2.802 2.802 2.781 2.781 2.781 
1 1 1 1 1 1 1 1 1 1 1 1 1 1 1 1 1 1 1 1 1 1 1 1 1 1 1 1 1 1 1 1 1 1 1 1 1 1 1 1 1 1 1 1 1 1 1 1 1 1 1 1 1 1 1 1 1 1 1 1 1 1 1 1 1 1 1 1 1 1 1 1 1 1 1 1 1 1 1 1 1 1 1 1 1 1 1 1 1 1 1 1 1 1 1 1 1 1 1 1 1 1 1 1 1 1 1 1 1 1 1 1 1 1 1 1 1 1 1 1 1 1 1 1 1 1 1 1 1 1 1 1 1 1 1 1 1 1 1 1 1 1 1 1 1 1 1 1 1 1 1 1 1 1 1 1 1 1 1 1 1 1 1 1 1 1 1 1 1 1 1 1 1 1 1 1 1 1 1 1 1 1 1 1 1 1 1 1 1 1 1 1 1 1 1 1 1 1 1 1 1 1 1 1 1 1 1 1 1 1 1 1 1 1 1 1 1 1 1 1 1 1 1 1 1 1 1 1 1 1 1 1 1 1 1 1 1 1 1 1 1 1 1 1 1 1 1 1 1 1 1 1 1 1 1 1 1 1 1 1 1 1 1 1 1 1 1 1 1 1 1 1 1 1 1 1 1 1 1 1 1 1 1 1 1 1 1 1 1 1 1 1 1 1 1 1 1 1 1 1 1 1 1 1 1 1 1 1 1 1 1 1 1 1 1 1 1 1 1 1 1 1 1 1 1 1 1 1 1 1 1 1 1 1 1 1 1 1 1 1 1 1 1 1 1 1 1 1 1 1 1 1 1 1 1 1 1 1 1 1 1 1 1 1 1 1 1 1 1 1 1 1 1 1 1 1 1 1 1 1 1 1 1 1 1 1 1 1 1 1 1 1 1 1 1 1 1 1 1 1 1 1 1 1 1 1 1 1 1 1 1 1 1 1 1 1 1 1 1 1 1 1 1 1 1 1 1 1 1 1 1 1 1 1 1 1 1 1 1 1 1 1 1 1 1 1 1 1 1 1 1 1 1 1 1 1 1 1 1 1 1 1 1 1 1 1 1 1 1 1 1 1 1 1 1 1 1 1 1 1 1 1 1 1 1 1 1 1 1 1 1 1 1 1 1 1 1 1 1 1 1 1 1 1 1 1 1 1 1 1 1 1 1 1 1 1 1 1 1 1 1 1 1 1 1 1 1 1 1 1 1 1 1 1 1 1 1 1 1 1 1 1 1 1 1 1 1 1 1 1 1 1 1 1 1 1 1 1 1 1 1 1 1 1 1 1 1 1 1 1 1 1 1 1 1 1 1 1 1 1 1 1 1 1 1 1 1 1 1 1 1 1 1 1 1 1 1 1 1 1 1 1 1 1 1 1 1 1 1 1 1 1 1 1 1 1 1 1 1 1 1 1 1 1 1 1 1 1 1 1 1 1 1 1 1 1 1 1 1 1 1 1 1 1 1 1 1 1 1 1 1 1 1 1 1 1 1 1 1 1 1 1 1 1 1 1 1 1 1 1 1 1 1 1 1 1 1 1 1 1 1 1 
