# This file contains a 2D laser scan observation. 
# Its format is: 
# [aperture] [max_range] [number_of_scans] 
# [vector_of_scans] 
# [vector_of_valid_scans] 
# The aperture of the sensor is in radians, the maximum range 
# and measurements are in meters. '1' means a valid scan, '0' otherwise.
4.1847
5.6
682
0.437 0.434 0.437 0.434 0.434 0.439 0.44 0.439 0.439 0.437 0.437 0.437 0.433 0.428 0.428 0.417 0.388 0.385 0.383 0.378 0.376 0.375 0.375 0.375 0.375 0.375 0.375 0.375 0.375 0.373 0.373 0.369 0.369 0.369 0.369 0.368 0.367 0.365 0.364 0.364 0.364 0.364 0.364 0.364 0.364 0.364 0.362 0.361 0.358 0.358 0.358 0.358 0.357 0.355 0.354 0.353 0.353 0.353 0.353 0.353 0.357 0.353 0.353 0.353 0.354 0.353 0.353 0.354 0.349 0.349 0.351 0.352 0.352 0.352 0.352 0.356 0.356 0.356 0.358 0.358 0.358 0.365 0.366 0.383 0.384 0.388 0.39 0.392 0.402 0.402 0.402 0.402 0.399 0.391 0.389 0.379 0.37 0.367 0.36 0.358 0.358 0.356 0.356 0.356 0.356 0.352 0.352 0.35 0.35 0.353 0.353 0.351 0.351 0.351 0.351 0.351 0.351 0.352 0.353 0.356 0.356 0.356 0.358 0.358 0.358 0.358 0.355 0.355 0.355 0.353 0.354 0.361 0.361 0.357 0.358 0.359 0.359 0.359 0.359 0.362 0.362 0.362 0.362 0.364 0.37 0.37 0.37 0.37 0.37 0.372 0.372 0.372 0.373 0.375 0.376 0.378 0.378 0.379 0.38 0.379 0.383 0.383 0.383 0.378 0.383 0.382 0.382 0.385 0.389 0.387 0.39 0.392 0.396 0.396 0.396 0.396 0.396 0.398 0.4 0.402 0.405 0.408 0.412 0.414 0.414 0.415 0.415 0.415 0.418 0.42 0.422 0.423 0.428 0.428 0.428 0.43 0.433 0.433 0.433 0.439 0.44 0.442 0.445 0.454 0.454 0.454 0.454 0.454 0.455 0.462 0.462 0.467 0.465 0.465 0.469 0.47 0.477 0.485 0.485 0.488 0.495 0.495 0.499 0.499 0.505 0.507 0.508 0.508 0.514 0.527 0.529 0.534 0.536 0.538 0.538 0.54 0.547 0.549 0.551 0.551 0.561 0.573 0.574 0.58 0.582 0.587 0.589 0.597 0.598 0.605 0.611 0.623 0.625 0.632 0.636 1.204 1.223 1.243 1.243 1.259 1.268 1.297 1.304 1.327 1.329 1.35 1.389 1.399 1.427 1.456 1.472 1.508 1.533 1.562 1.579 1.615 1.656 1.689 1.719 1.74 1.74 1.826 1.854 1.89 1.942 1.981 2.03 2.072 2.122 2.173 2.213 2.271 3.218 3.221 3.221 3.221 3.22 3.22 3.211 3.205 3.202 3.199 3.196 3.194 3.191 3.187 3.187 3.186 3.182 3.179 3.178 3.171 3.17 3.17 3.17 3.17 3.17 3.169 3.168 3.16 3.157 3.155 3.154 3.153 3.133 3.133 3.132 3.128 3.128 3.116 3.114 3.114 3.116 3.125 3.128 3.13 3.131 3.132 3.137 3.152 3.16 3.161 3.162 3.162 3.169 3.17 3.172 3.172 3.179 3.182 3.185 3.185 3.182 3.16 3.078 3.078 3.078 3.084 3.089 3.092 3.268 3.268 3.268 3.297 0.015 2.286 2.249 2.068 2.046 2.046 2.046 2.051 2.054 2.057 2.068 2.068 2.068 2.03 2.03 2.026 2.023 2.022 2.023 2.023 2.024 2.024 2.029 2.024 2.022 1.305 1.273 1.235 1.231 1.23 1.215 1.201 1.186 1.17 1.156 1.143 1.121 1.112 1.094 1.08 1.07 1.051 1.047 1.026 1.022 1.004 1.003 0.998 0.981 0.971 0.952 0.94 0.94 0.936 0.927 0.917 0.909 0.906 0.888 0.888 0.87 0.869 0.858 0.856 0.845 0.838 0.835 0.828 0.828 0.826 0.814 0.8 0.797 0.788 0.779 0.774 0.77 0.765 0.756 0.752 0.749 0.745 0.739 0.734 0.729 0.723 0.722 0.718 0.714 0.711 0.706 0.696 0.695 0.692 0.692 0.687 0.683 0.673 0.672 0.669 0.666 0.662 0.654 0.654 0.65 0.644 0.641 0.636 0.631 0.631 0.63 0.63 0.628 0.626 0.626 0.618 0.613 0.609 0.609 0.603 0.603 0.601 0.6 0.597 0.596 0.592 0.591 0.589 0.587 0.583 0.583 0.583 0.578 0.576 0.574 0.57 0.569 0.569 0.569 0.569 0.569 0.567 0.558 0.558 0.553 0.553 0.553 0.553 0.553 0.547 0.544 0.544 0.544 0.544 0.541 0.541 0.539 0.539 0.539 0.54 0.539 0.535 0.535 0.531 0.531 0.53 0.53 0.529 0.526 0.526 0.526 0.526 0.526 0.519 0.515 0.515 0.515 0.519 0.516 0.516 0.516 0.516 0.516 0.516 0.514 0.516 0.511 0.511 0.511 0.511 0.511 0.511 0.511 0.509 0.507 0.507 0.503 0.502 0.503 0.503 0.502 0.503 0.504 0.504 0.504 0.504 0.505 0.505 0.503 0.503 0.505 0.505 0.505 0.505 0.505 0.506 0.505 0.502 0.501 0.502 0.502 0.502 0.502 0.503 0.503 0.502 0.501 0.503 0.503 0.501 0.503 0.503 0.503 0.503 0.503 0.505 0.503 0.502 0.502 0.502 0.502 0.505 0.508 0.51 0.51 0.508 0.509 0.509 0.509 0.511 0.511 0.512 0.512 0.512 0.518 0.518 0.518 0.514 0.514 0.514 0.518 0.515 0.515 0.52 0.518 0.518 0.524 0.524 0.522 0.522 0.512 0.487 0.441 0.423 0.421 0.42 0.414 0.414 0.409 0.409 0.408 0.401 0.392 0.378 0.374 0.372 0.372 0.374 0.372 0.372 0.361 0.361 0.357 0.357 0.358 0.364 0.364 0.365 0.372 0.373 0.374 0.376 0.376 0.382 0.38 0.376 0.372 0.376 0.372 0.371 0.372 0.375 0.375 0.376 0.378 0.378 0.385 0.387 
1 1 1 1 1 1 1 1 1 1 1 1 1 1 1 1 1 1 1 1 1 1 1 1 1 1 1 1 1 1 1 1 1 1 1 1 1 1 1 1 1 1 1 1 1 1 1 1 1 1 1 1 1 1 1 1 1 1 1 1 1 1 1 1 1 1 1 1 1 1 1 1 1 1 1 1 1 1 1 1 1 1 1 1 1 1 1 1 1 1 1 1 1 1 1 1 1 1 1 1 1 1 1 1 1 1 1 1 1 1 1 1 1 1 1 1 1 1 1 1 1 1 1 1 1 1 1 1 1 1 1 1 1 1 1 1 1 1 1 1 1 1 1 1 1 1 1 1 1 1 1 1 1 1 1 1 1 1 1 1 1 1 1 1 1 1 1 1 1 1 1 1 1 1 1 1 1 1 1 1 1 1 1 1 1 1 1 1 1 1 1 1 1 1 1 1 1 1 1 1 1 1 1 1 1 1 1 1 1 1 1 1 1 1 1 1 1 1 1 1 1 1 1 1 1 1 1 1 1 1 1 1 1 1 1 1 1 1 1 1 1 1 1 1 1 1 1 1 1 1 1 1 1 1 1 1 1 1 1 1 1 1 1 1 1 1 1 1 1 1 1 1 1 1 1 1 1 1 1 1 1 1 1 1 1 1 1 1 1 1 1 1 1 1 1 1 1 1 1 1 1 1 1 1 1 1 1 1 1 1 1 1 1 1 1 1 1 1 1 1 1 1 1 1 1 1 1 1 1 1 1 1 1 1 1 1 1 1 1 1 1 1 1 1 1 1 1 1 1 1 1 1 1 1 1 1 1 1 1 1 1 1 1 1 0 1 1 1 1 1 1 1 1 1 1 1 1 1 1 1 1 1 1 1 1 1 1 1 1 1 1 1 1 1 1 1 1 1 1 1 1 1 1 1 1 1 1 1 1 1 1 1 1 1 1 1 1 1 1 1 1 1 1 1 1 1 1 1 1 1 1 1 1 1 1 1 1 1 1 1 1 1 1 1 1 1 1 1 1 1 1 1 1 1 1 1 1 1 1 1 1 1 1 1 1 1 1 1 1 1 1 1 1 1 1 1 1 1 1 1 1 1 1 1 1 1 1 1 1 1 1 1 1 1 1 1 1 1 1 1 1 1 1 1 1 1 1 1 1 1 1 1 1 1 1 1 1 1 1 1 1 1 1 1 1 1 1 1 1 1 1 1 1 1 1 1 1 1 1 1 1 1 1 1 1 1 1 1 1 1 1 1 1 1 1 1 1 1 1 1 1 1 1 1 1 1 1 1 1 1 1 1 1 1 1 1 1 1 1 1 1 1 1 1 1 1 1 1 1 1 1 1 1 1 1 1 1 1 1 1 1 1 1 1 1 1 1 1 1 1 1 1 1 1 1 1 1 1 1 1 1 1 1 1 1 1 1 1 1 1 1 1 1 1 1 1 1 1 1 1 1 1 1 1 1 1 1 1 1 1 1 1 1 1 1 1 1 1 1 1 1 1 1 1 1 1 1 1 1 1 1 1 1 1 1 1 1 1 1 1 1 1 
