# This file contains a 2D laser scan observation. 
# Its format is: 
# [aperture] [max_range] [number_of_scans] 
# [vector_of_scans] 
# [vector_of_valid_scans] 
# The aperture of the sensor is in radians, the maximum range 
# and measurements are in meters. '1' means a valid scan, '0' otherwise.
4.1847
5.6
682
0.397 0.389 0.389 0.39 0.39 0.39 0.39 0.386 0.384 0.382 0.381 0.381 0.381 0.38 0.381 0.381 0.377 0.373 0.375 0.371 0.37 0.369 0.37 0.364 0.364 0.364 0.364 0.358 0.358 0.358 0.365 0.365 0.365 0.364 0.354 0.352 0.352 0.352 0.351 0.351 0.351 0.35 0.349 0.349 0.349 0.347 0.347 0.345 0.345 0.347 0.346 0.345 0.346 0.346 0.346 0.339 0.339 0.338 0.338 0.336 0.336 0.34 0.34 0.338 0.339 0.339 0.338 0.339 0.339 0.336 0.334 0.33 0.33 0.33 0.334 0.334 0.334 0.332 0.332 0.332 0.334 0.334 0.335 0.34 0.341 0.341 0.342 0.342 0.342 0.351 0.351 0.358 0.361 0.365 0.366 0.366 0.369 0.369 0.366 0.359 0.357 0.355 0.35 0.345 0.344 0.341 0.338 0.338 0.338 0.335 0.335 0.337 0.337 0.337 0.338 0.337 0.339 0.338 0.338 0.333 0.333 0.331 0.331 0.333 0.335 0.335 0.34 0.34 0.337 0.337 0.337 0.337 0.341 0.342 0.342 0.342 0.339 0.339 0.337 0.339 0.337 0.339 0.339 0.344 0.345 0.346 0.346 0.346 0.346 0.346 0.346 0.346 0.343 0.343 0.348 0.347 0.345 0.347 0.351 0.351 0.352 0.352 0.355 0.358 0.359 0.359 0.36 0.36 0.362 0.362 0.362 0.362 0.365 0.369 0.37 0.375 0.377 0.375 0.377 0.377 0.377 0.377 0.382 0.382 0.383 0.384 0.387 0.388 0.387 0.388 0.39 0.391 0.391 0.392 0.396 0.399 0.4 0.406 0.411 0.411 0.411 0.412 0.722 0.734 0.74 0.74 0.741 0.754 0.765 0.765 0.765 0.77 0.77 0.788 0.791 0.791 0.792 0.8 0.807 0.813 0.82 0.836 0.837 0.837 0.841 0.848 0.848 0.855 0.856 0.856 0.878 0.879 0.894 0.899 0.905 0.914 0.927 0.928 0.935 0.941 0.949 0.958 0.973 0.978 0.99 1.005 1.009 1.018 1.04 1.043 1.059 1.064 1.076 1.091 1.109 1.125 1.127 1.158 1.166 1.18 1.19 1.212 1.214 1.241 1.257 1.27 1.29 1.311 1.325 1.351 1.367 1.381 1.423 1.429 1.45 1.45 1.491 1.525 1.552 1.577 1.61 1.635 1.664 1.692 1.728 1.76 1.801 1.828 1.878 1.905 1.955 1.979 2.942 2.942 2.942 2.934 2.933 2.933 2.93 2.923 2.922 2.921 2.911 2.903 2.902 2.902 2.895 2.895 2.893 2.889 2.887 2.887 2.881 2.879 2.879 2.872 2.872 2.87 2.872 2.872 2.868 2.858 2.858 2.858 2.858 2.856 2.856 2.852 2.848 2.843 2.84 2.836 2.834 2.833 2.832 2.829 2.826 2.826 2.826 2.83 2.833 2.837 2.839 2.839 2.842 2.844 2.844 2.858 2.858 2.859 2.859 2.86 2.862 2.867 2.869 2.871 2.871 2.872 2.882 2.887 2.887 2.882 2.837 2.802 2.797 2.797 2.797 2.8 2.81 2.904 3.001 3.017 3.017 3.017 2.001 1.953 1.953 1.896 1.81 1.763 1.754 1.743 1.743 1.743 1.748 1.748 1.755 1.764 1.764 1.764 1.744 1.744 1.744 1.746 1.746 1.746 1.744 1.741 1.738 1.738 1.738 1.739 1.739 1.739 1.74 1.74 1.739 1.738 1.738 1.729 1.04 1 0.995 0.991 0.968 0.952 0.952 0.947 0.946 0.936 0.922 0.916 0.903 0.895 0.888 0.884 0.876 0.874 0.866 0.862 0.848 0.836 0.831 0.829 0.817 0.803 0.803 0.798 0.797 0.79 0.78 0.779 0.765 0.76 0.755 0.753 0.752 0.736 0.733 0.732 0.727 0.723 0.719 0.715 0.708 0.707 0.702 0.701 0.694 0.691 0.687 0.683 0.68 0.675 0.671 0.67 0.665 0.665 0.651 0.647 0.642 0.642 0.64 0.636 0.633 0.636 0.632 0.624 0.624 0.621 0.614 0.609 0.606 0.605 0.598 0.597 0.596 0.596 0.592 0.592 0.591 0.59 0.589 0.58 0.58 0.579 0.579 0.577 0.577 0.568 0.568 0.566 0.565 0.563 0.56 0.56 0.553 0.553 0.553 0.55 0.55 0.545 0.544 0.542 0.54 0.539 0.533 0.535 0.533 0.533 0.531 0.532 0.531 0.532 0.531 0.53 0.527 0.521 0.521 0.518 0.518 0.518 0.518 0.518 0.514 0.517 0.513 0.513 0.513 0.513 0.511 0.51 0.51 0.5 0.5 0.503 0.503 0.503 0.503 0.503 0.503 0.503 0.501 0.498 0.498 0.498 0.498 0.492 0.497 0.492 0.492 0.492 0.49 0.49 0.49 0.49 0.49 0.49 0.49 0.488 0.488 0.487 0.487 0.487 0.487 0.487 0.488 0.488 0.488 0.484 0.484 0.484 0.484 0.484 0.484 0.486 0.486 0.486 0.486 0.486 0.486 0.486 0.486 0.486 0.486 0.486 0.486 0.486 0.486 0.485 0.485 0.485 0.484 0.485 0.485 0.485 0.485 0.489 0.489 0.489 0.489 0.491 0.491 0.491 0.491 0.494 0.487 0.495 0.492 0.492 0.492 0.492 0.491 0.491 0.498 0.499 0.5 0.502 0.502 0.502 0.502 0.5 0.5 0.498 0.498 0.498 0.498 0.498 0.497 0.501 0.502 0.504 0.508 0.51 0.51 0.51 0.511 0.511 0.512 0.512 0.516 0.521 0.521 0.521 0.521 0.525 0.519 0.519 0.525 0.526 0.529 0.529 0.532 0.535 0.535 0.535 0.542 0.537 0.543 0.546 0.547 0.548 0.548 0.55 0.55 0.552 0.559 0.556 0.559 0.559 0.566 0.566 
1 1 1 1 1 1 1 1 1 1 1 1 1 1 1 1 1 1 1 1 1 1 1 1 1 1 1 1 1 1 1 1 1 1 1 1 1 1 1 1 1 1 1 1 1 1 1 1 1 1 1 1 1 1 1 1 1 1 1 1 1 1 1 1 1 1 1 1 1 1 1 1 1 1 1 1 1 1 1 1 1 1 1 1 1 1 1 1 1 1 1 1 1 1 1 1 1 1 1 1 1 1 1 1 1 1 1 1 1 1 1 1 1 1 1 1 1 1 1 1 1 1 1 1 1 1 1 1 1 1 1 1 1 1 1 1 1 1 1 1 1 1 1 1 1 1 1 1 1 1 1 1 1 1 1 1 1 1 1 1 1 1 1 1 1 1 1 1 1 1 1 1 1 1 1 1 1 1 1 1 1 1 1 1 1 1 1 1 1 1 1 1 1 1 1 1 1 1 1 1 1 1 1 1 1 1 1 1 1 1 1 1 1 1 1 1 1 1 1 1 1 1 1 1 1 1 1 1 1 1 1 1 1 1 1 1 1 1 1 1 1 1 1 1 1 1 1 1 1 1 1 1 1 1 1 1 1 1 1 1 1 1 1 1 1 1 1 1 1 1 1 1 1 1 1 1 1 1 1 1 1 1 1 1 1 1 1 1 1 1 1 1 1 1 1 1 1 1 1 1 1 1 1 1 1 1 1 1 1 1 1 1 1 1 1 1 1 1 1 1 1 1 1 1 1 1 1 1 1 1 1 1 1 1 1 1 1 1 1 1 1 1 1 1 1 1 1 1 1 1 1 1 1 1 1 1 1 1 1 1 1 1 1 1 1 1 1 1 1 1 1 1 1 1 1 1 1 1 1 1 1 1 1 1 1 1 1 1 1 1 1 1 1 1 1 1 1 1 1 1 1 1 1 1 1 1 1 1 1 1 1 1 1 1 1 1 1 1 1 1 1 1 1 1 1 1 1 1 1 1 1 1 1 1 1 1 1 1 1 1 1 1 1 1 1 1 1 1 1 1 1 1 1 1 1 1 1 1 1 1 1 1 1 1 1 1 1 1 1 1 1 1 1 1 1 1 1 1 1 1 1 1 1 1 1 1 1 1 1 1 1 1 1 1 1 1 1 1 1 1 1 1 1 1 1 1 1 1 1 1 1 1 1 1 1 1 1 1 1 1 1 1 1 1 1 1 1 1 1 1 1 1 1 1 1 1 1 1 1 1 1 1 1 1 1 1 1 1 1 1 1 1 1 1 1 1 1 1 1 1 1 1 1 1 1 1 1 1 1 1 1 1 1 1 1 1 1 1 1 1 1 1 1 1 1 1 1 1 1 1 1 1 1 1 1 1 1 1 1 1 1 1 1 1 1 1 1 1 1 1 1 1 1 1 1 1 1 1 1 1 1 1 1 1 1 1 1 1 1 1 1 1 1 1 1 1 1 1 1 1 1 1 1 1 1 1 1 1 1 1 1 1 1 1 1 1 1 1 1 1 1 1 1 1 1 1 1 1 1 1 1 1 1 1 1 1 1 1 1 1 1 1 
