# This file contains a 2D laser scan observation. 
# Its format is: 
# [aperture] [max_range] [number_of_scans] 
# [vector_of_scans] 
# [vector_of_valid_scans] 
# The aperture of the sensor is in radians, the maximum range 
# and measurements are in meters. '1' means a valid scan, '0' otherwise.
4.1847
5.6
682
0.372 0.372 0.369 0.369 0.364 0.362 0.359 0.357 0.357 0.357 0.354 0.352 0.352 0.351 0.351 0.351 0.354 0.353 0.354 0.355 0.362 0.39 0.568 0.584 0.592 0.592 0.588 0.592 0.588 0.588 0.591 0.591 0.591 0.591 0.586 0.585 0.585 0.585 0.585 0.581 0.581 0.581 0.581 0.577 0.577 0.576 0.576 0.574 0.576 0.576 0.573 0.577 0.577 0.575 0.575 0.575 0.575 0.575 0.574 0.574 0.569 0.569 0.574 0.577 0.578 0.578 0.578 0.58 0.585 0.585 0.595 0.596 0.605 0.602 0.61 0.61 0.605 0.605 0.605 0.602 0.591 0.586 0.585 0.581 0.581 0.578 0.577 0.575 0.575 0.575 0.575 0.575 0.575 0.575 0.575 0.575 0.575 0.571 0.576 0.576 0.576 0.578 0.578 0.578 0.579 0.578 0.577 0.579 0.577 0.577 0.581 0.582 0.582 0.584 0.586 0.586 0.585 0.586 0.586 0.593 0.593 0.593 0.59 0.59 0.59 0.59 0.593 0.593 0.593 0.596 0.597 0.602 0.602 0.603 0.603 0.605 0.605 0.608 0.609 0.61 0.61 0.611 0.611 0.612 0.612 0.615 0.621 0.623 0.623 0.623 0.625 0.625 0.62 0.62 0.627 0.629 0.643 0.643 0.644 0.647 0.647 0.65 0.65 0.65 0.651 0.657 0.661 0.667 0.665 0.673 0.673 0.679 0.677 0.679 0.68 0.687 0.687 0.688 0.689 0.689 0.697 0.698 0.705 0.705 0.708 0.719 0.719 0.72 0.721 0.723 0.73 0.732 0.732 0.735 0.739 0.747 0.748 0.762 0.763 0.77 0.77 0.775 0.776 0.78 0.782 0.79 0.791 0.796 0.805 0.811 0.812 0.817 0.826 0.833 0.834 0.839 0.852 0.856 0.861 0.864 0.867 0.873 0.88 0.89 0.894 0.904 0.911 0.915 0.915 0.932 0.936 0.945 0.953 0.963 0.969 0.975 1.001 1.004 1.009 1.024 1.024 1.043 1.044 1.049 1.053 1.074 1.074 1.095 1.095 1.127 1.14 1.159 1.159 1.183 1.193 1.204 1.223 1.238 1.254 1.264 1.276 1.3 1.313 1.333 1.347 1.372 1.39 1.411 1.434 1.462 1.484 1.507 1.526 1.558 1.573 1.643 2.583 2.583 2.583 2.578 2.578 2.578 2.574 2.564 2.559 2.557 2.555 2.554 2.544 2.542 2.537 2.536 2.525 2.523 2.521 2.521 2.513 2.512 2.508 2.504 2.499 2.497 2.494 2.494 2.493 2.49 2.483 2.485 2.484 2.483 2.483 2.478 2.472 2.471 2.47 2.464 2.464 2.462 2.458 2.455 2.455 2.455 2.456 2.456 2.456 2.449 2.445 2.444 2.444 2.442 2.442 2.442 2.441 2.441 2.443 2.443 2.444 2.444 2.444 2.444 2.444 2.444 2.445 2.447 2.448 2.451 2.454 2.458 2.461 2.463 2.465 2.471 2.472 2.472 2.473 2.474 2.474 2.483 2.483 2.484 2.484 2.484 2.419 2.407 2.401 2.399 2.399 2.401 2.41 2.425 2.66 2.66 2.67 2.66 2.66 2.67 2.654 1.654 1.581 1.579 1.539 1.513 1.457 1.405 1.39 1.383 1.35 1.34 1.327 1.324 1.324 1.324 1.329 1.329 1.331 1.345 1.35 1.359 1.366 1.366 1.359 1.331 1.331 1.331 1.336 1.336 1.339 1.337 1.336 1.334 1.337 1.337 1.338 1.338 1.338 1.338 1.338 1.341 1.341 1.342 1.343 1.344 1.343 1.344 1.347 1.347 1.354 1.359 1.36 1.364 1.364 1.365 1.365 1.369 1.369 1.369 1.374 1.375 1.377 1.384 1.387 1.389 1.39 1.39 1.389 0.702 0.667 0.666 0.662 0.658 0.649 0.646 0.645 0.636 0.625 0.618 0.618 0.618 0.618 0.612 0.621 0.625 0.625 0.625 0.625 0.617 0.615 0.609 0.605 0.598 0.594 0.594 0.59 0.589 0.585 0.585 0.582 0.582 0.573 0.573 0.571 0.567 0.566 0.562 0.56 0.559 0.552 0.55 0.548 0.547 0.544 0.543 0.542 0.542 0.538 0.537 0.533 0.533 0.53 0.53 0.53 0.527 0.526 0.525 0.521 0.521 0.517 0.513 0.512 0.512 0.51 0.51 0.509 0.507 0.502 0.502 0.499 0.499 0.499 0.499 0.497 0.497 0.497 0.496 0.494 0.492 0.494 0.492 0.492 0.488 0.49 0.488 0.488 0.488 0.481 0.481 0.487 0.481 0.48 0.485 0.477 0.477 0.475 0.475 0.474 0.474 0.475 0.475 0.472 0.476 0.472 0.472 0.472 0.472 0.472 0.472 0.472 0.47 0.466 0.466 0.465 0.461 0.461 0.466 0.461 0.465 0.466 0.465 0.465 0.467 0.467 0.459 0.46 0.46 0.46 0.467 0.467 0.467 0.463 0.463 0.456 0.46 0.463 0.464 0.461 0.466 0.466 0.463 0.463 0.463 0.463 0.465 0.465 0.463 0.461 0.461 0.461 0.461 0.461 0.46 0.46 0.46 0.46 0.463 0.463 0.459 0.459 0.463 0.463 0.463 0.464 0.465 0.464 0.466 0.466 0.466 0.468 0.468 0.469 0.471 0.471 0.469 0.47 0.471 0.472 0.472 0.472 0.473 0.473 0.473 0.478 0.478 0.476 0.478 0.479 0.476 0.479 0.479 0.476 0.476 0.476 0.476 0.478 0.484 0.479 0.48 0.484 0.486 0.486 0.491 0.491 0.492 0.492 0.493 0.494 0.494 0.495 0.499 0.499 0.504 0.503 0.506 0.513 0.513 0.514 0.514 0.516 0.516 0.516 0.516 0.516 0.516 0.516 0.52 0.527 0.529 0.531 0.531 0.531 0.535 0.534 0.535 
1 1 1 1 1 1 1 1 1 1 1 1 1 1 1 1 1 1 1 1 1 1 1 1 1 1 1 1 1 1 1 1 1 1 1 1 1 1 1 1 1 1 1 1 1 1 1 1 1 1 1 1 1 1 1 1 1 1 1 1 1 1 1 1 1 1 1 1 1 1 1 1 1 1 1 1 1 1 1 1 1 1 1 1 1 1 1 1 1 1 1 1 1 1 1 1 1 1 1 1 1 1 1 1 1 1 1 1 1 1 1 1 1 1 1 1 1 1 1 1 1 1 1 1 1 1 1 1 1 1 1 1 1 1 1 1 1 1 1 1 1 1 1 1 1 1 1 1 1 1 1 1 1 1 1 1 1 1 1 1 1 1 1 1 1 1 1 1 1 1 1 1 1 1 1 1 1 1 1 1 1 1 1 1 1 1 1 1 1 1 1 1 1 1 1 1 1 1 1 1 1 1 1 1 1 1 1 1 1 1 1 1 1 1 1 1 1 1 1 1 1 1 1 1 1 1 1 1 1 1 1 1 1 1 1 1 1 1 1 1 1 1 1 1 1 1 1 1 1 1 1 1 1 1 1 1 1 1 1 1 1 1 1 1 1 1 1 1 1 1 1 1 1 1 1 1 1 1 1 1 1 1 1 1 1 1 1 1 1 1 1 1 1 1 1 1 1 1 1 1 1 1 1 1 1 1 1 1 1 1 1 1 1 1 1 1 1 1 1 1 1 1 1 1 1 1 1 1 1 1 1 1 1 1 1 1 1 1 1 1 1 1 1 1 1 1 1 1 1 1 1 1 1 1 1 1 1 1 1 1 1 1 1 1 1 1 1 1 1 1 1 1 1 1 1 1 1 1 1 1 1 1 1 1 1 1 1 1 1 1 1 1 1 1 1 1 1 1 1 1 1 1 1 1 1 1 1 1 1 1 1 1 1 1 1 1 1 1 1 1 1 1 1 1 1 1 1 1 1 1 1 1 1 1 1 1 1 1 1 1 1 1 1 1 1 1 1 1 1 1 1 1 1 1 1 1 1 1 1 1 1 1 1 1 1 1 1 1 1 1 1 1 1 1 1 1 1 1 1 1 1 1 1 1 1 1 1 1 1 1 1 1 1 1 1 1 1 1 1 1 1 1 1 1 1 1 1 1 1 1 1 1 1 1 1 1 1 1 1 1 1 1 1 1 1 1 1 1 1 1 1 1 1 1 1 1 1 1 1 1 1 1 1 1 1 1 1 1 1 1 1 1 1 1 1 1 1 1 1 1 1 1 1 1 1 1 1 1 1 1 1 1 1 1 1 1 1 1 1 1 1 1 1 1 1 1 1 1 1 1 1 1 1 1 1 1 1 1 1 1 1 1 1 1 1 1 1 1 1 1 1 1 1 1 1 1 1 1 1 1 1 1 1 1 1 1 1 1 1 1 1 1 1 1 1 1 1 1 1 1 1 1 1 1 1 1 1 1 1 1 1 1 1 1 1 1 1 1 1 1 1 1 1 1 1 1 1 1 1 1 1 1 1 1 1 1 1 1 1 1 1 1 
