# This file contains a 2D laser scan observation. 
# Its format is: 
# [aperture] [max_range] [number_of_scans] 
# [vector_of_scans] 
# [vector_of_valid_scans] 
# The aperture of the sensor is in radians, the maximum range 
# and measurements are in meters. '1' means a valid scan, '0' otherwise.
4.1847
5.6
682
0.403 0.611 0.623 0.623 0.627 0.623 0.622 0.62 0.621 0.615 0.615 0.612 0.612 0.612 0.612 0.61 0.61 0.61 0.608 0.606 0.606 0.603 0.602 0.602 0.598 0.598 0.598 0.598 0.595 0.59 0.593 0.59 0.589 0.59 0.59 0.589 0.588 0.588 0.588 0.588 0.589 0.589 0.589 0.585 0.58 0.58 0.581 0.581 0.58 0.576 0.576 0.576 0.576 0.574 0.578 0.578 0.577 0.577 0.578 0.578 0.578 0.578 0.578 0.578 0.578 0.577 0.578 0.583 0.585 0.592 0.594 0.594 0.598 0.602 0.606 0.606 0.606 0.605 0.604 0.589 0.585 0.585 0.588 0.588 0.584 0.584 0.584 0.583 0.583 0.581 0.578 0.578 0.582 0.58 0.58 0.582 0.581 0.58 0.581 0.581 0.576 0.576 0.579 0.576 0.579 0.58 0.58 0.58 0.583 0.583 0.583 0.582 0.583 0.583 0.587 0.591 0.593 0.593 0.595 0.594 0.594 0.594 0.594 0.594 0.594 0.595 0.599 0.599 0.599 0.603 0.603 0.603 0.603 0.602 0.6 0.599 0.599 0.598 0.598 0.599 0.601 0.606 0.62 0.62 0.62 0.626 0.626 0.627 0.63 0.631 0.635 0.635 0.636 0.639 0.639 0.639 0.645 0.645 0.655 0.655 0.654 0.654 0.655 0.656 0.662 0.667 0.672 0.672 0.676 0.679 0.681 0.68 0.681 0.683 0.683 0.69 0.693 0.693 0.699 0.7 0.702 0.705 0.708 0.715 0.715 0.715 0.715 0.729 0.729 0.73 0.732 0.737 0.742 0.747 0.749 0.75 0.755 0.761 0.767 0.768 0.768 0.782 0.784 0.786 0.792 0.794 0.797 0.806 0.816 0.819 0.82 0.827 0.831 0.841 0.842 0.844 0.845 0.859 0.861 0.862 0.873 0.877 0.886 0.891 0.9 0.911 0.915 0.917 0.921 0.941 0.947 0.954 0.957 0.965 0.97 0.98 1.006 1.01 1.011 1.011 1.027 1.028 1.043 1.043 1.075 1.084 1.106 1.112 1.121 1.146 1.157 1.169 1.176 1.186 1.211 1.211 1.227 1.244 1.263 1.279 1.295 1.313 1.319 1.341 1.358 1.385 1.402 1.431 1.443 1.469 1.493 1.521 1.541 2.547 2.547 2.547 2.546 2.532 2.525 2.522 2.521 2.513 2.51 2.51 2.505 2.499 2.492 2.488 2.486 2.485 2.485 2.47 2.47 2.468 2.463 2.462 2.459 2.458 2.453 2.45 2.449 2.446 2.442 2.442 2.437 2.432 2.428 2.425 2.424 2.423 2.419 2.419 2.415 2.415 2.414 2.409 2.409 2.404 2.404 2.404 2.402 2.4 2.399 2.397 2.395 2.394 2.391 2.39 2.388 2.387 2.386 2.386 2.386 2.386 2.388 2.389 2.39 2.389 2.389 2.39 2.39 2.39 2.395 2.395 2.395 2.4 2.401 2.402 2.405 2.406 2.411 2.411 2.411 2.411 2.418 2.42 2.42 2.423 2.426 2.429 2.426 2.429 0.007 2.396 2.34 2.34 2.34 2.349 2.357 2.359 2.378 2.593 2.594 2.603 2.594 2.603 2.604 2.603 2.561 1.532 1.515 1.491 1.453 1.423 1.353 1.353 1.34 1.338 1.297 1.297 1.286 1.271 1.271 1.275 1.275 1.276 1.281 1.293 1.3 1.3 1.302 1.3 1.3 1.285 1.283 1.282 1.28 1.28 1.278 1.277 1.276 1.277 1.278 1.281 1.281 1.283 1.285 1.285 1.29 1.292 1.292 1.292 1.296 1.296 1.297 1.3 1.3 1.303 1.303 1.305 1.305 1.307 1.307 1.309 1.309 1.314 1.315 1.316 1.321 1.325 1.332 1.333 1.334 1.341 1.341 1.342 1.345 1.354 1.354 1.356 1.348 1.348 0.677 0.647 0.631 0.623 0.616 0.613 0.61 0.61 0.61 0.61 0.61 0.588 0.58 0.577 0.574 0.574 0.574 0.572 0.581 0.586 0.587 0.587 0.587 0.583 0.58 0.58 0.569 0.568 0.565 0.565 0.562 0.559 0.557 0.553 0.553 0.55 0.546 0.543 0.54 0.537 0.536 0.534 0.533 0.531 0.531 0.528 0.526 0.525 0.525 0.518 0.516 0.516 0.516 0.516 0.514 0.512 0.511 0.511 0.511 0.509 0.506 0.504 0.499 0.499 0.499 0.497 0.497 0.497 0.495 0.497 0.497 0.496 0.493 0.488 0.482 0.482 0.482 0.484 0.484 0.484 0.484 0.48 0.477 0.477 0.479 0.477 0.473 0.479 0.474 0.473 0.473 0.471 0.467 0.466 0.465 0.466 0.467 0.466 0.463 0.467 0.466 0.466 0.466 0.466 0.463 0.463 0.462 0.462 0.46 0.462 0.461 0.462 0.462 0.462 0.461 0.465 0.463 0.46 0.458 0.458 0.458 0.454 0.456 0.454 0.456 0.454 0.456 0.455 0.46 0.455 0.46 0.455 0.458 0.458 0.458 0.456 0.458 0.464 0.464 0.464 0.464 0.456 0.455 0.451 0.451 0.455 0.455 0.456 0.458 0.456 0.456 0.46 0.463 0.463 0.463 0.463 0.46 0.46 0.463 0.462 0.463 0.467 0.463 0.469 0.469 0.463 0.463 0.464 0.464 0.464 0.466 0.467 0.467 0.469 0.47 0.471 0.471 0.471 0.473 0.473 0.475 0.472 0.473 0.473 0.478 0.474 0.474 0.478 0.478 0.476 0.476 0.481 0.484 0.487 0.489 0.49 0.49 0.489 0.486 0.486 0.486 0.49 0.493 0.496 0.493 0.496 0.499 0.499 0.499 0.501 0.503 0.507 0.508 0.51 0.51 0.513 0.508 0.517 0.517 0.518 0.52 0.52 0.52 0.525 0.525 0.526 0.527 0.529 0.531 0.531 
1 1 1 1 1 1 1 1 1 1 1 1 1 1 1 1 1 1 1 1 1 1 1 1 1 1 1 1 1 1 1 1 1 1 1 1 1 1 1 1 1 1 1 1 1 1 1 1 1 1 1 1 1 1 1 1 1 1 1 1 1 1 1 1 1 1 1 1 1 1 1 1 1 1 1 1 1 1 1 1 1 1 1 1 1 1 1 1 1 1 1 1 1 1 1 1 1 1 1 1 1 1 1 1 1 1 1 1 1 1 1 1 1 1 1 1 1 1 1 1 1 1 1 1 1 1 1 1 1 1 1 1 1 1 1 1 1 1 1 1 1 1 1 1 1 1 1 1 1 1 1 1 1 1 1 1 1 1 1 1 1 1 1 1 1 1 1 1 1 1 1 1 1 1 1 1 1 1 1 1 1 1 1 1 1 1 1 1 1 1 1 1 1 1 1 1 1 1 1 1 1 1 1 1 1 1 1 1 1 1 1 1 1 1 1 1 1 1 1 1 1 1 1 1 1 1 1 1 1 1 1 1 1 1 1 1 1 1 1 1 1 1 1 1 1 1 1 1 1 1 1 1 1 1 1 1 1 1 1 1 1 1 1 1 1 1 1 1 1 1 1 1 1 1 1 1 1 1 1 1 1 1 1 1 1 1 1 1 1 1 1 1 1 1 1 1 1 1 1 1 1 1 1 1 1 1 1 1 1 1 1 1 1 1 1 1 1 1 1 1 1 1 1 1 1 1 1 1 1 1 1 1 1 1 1 1 1 1 1 1 1 1 1 1 1 1 1 1 1 1 1 1 1 1 1 1 1 1 1 1 1 1 0 1 1 1 1 1 1 1 1 1 1 1 1 1 1 1 1 1 1 1 1 1 1 1 1 1 1 1 1 1 1 1 1 1 1 1 1 1 1 1 1 1 1 1 1 1 1 1 1 1 1 1 1 1 1 1 1 1 1 1 1 1 1 1 1 1 1 1 1 1 1 1 1 1 1 1 1 1 1 1 1 1 1 1 1 1 1 1 1 1 1 1 1 1 1 1 1 1 1 1 1 1 1 1 1 1 1 1 1 1 1 1 1 1 1 1 1 1 1 1 1 1 1 1 1 1 1 1 1 1 1 1 1 1 1 1 1 1 1 1 1 1 1 1 1 1 1 1 1 1 1 1 1 1 1 1 1 1 1 1 1 1 1 1 1 1 1 1 1 1 1 1 1 1 1 1 1 1 1 1 1 1 1 1 1 1 1 1 1 1 1 1 1 1 1 1 1 1 1 1 1 1 1 1 1 1 1 1 1 1 1 1 1 1 1 1 1 1 1 1 1 1 1 1 1 1 1 1 1 1 1 1 1 1 1 1 1 1 1 1 1 1 1 1 1 1 1 1 1 1 1 1 1 1 1 1 1 1 1 1 1 1 1 1 1 1 1 1 1 1 1 1 1 1 1 1 1 1 1 1 1 1 1 1 1 1 1 1 1 1 1 1 1 1 1 1 1 1 1 1 1 1 1 1 1 1 1 1 1 1 1 1 1 1 1 1 1 1 1 1 
