# This file contains a 2D laser scan observation. 
# Its format is: 
# [aperture] [max_range] [number_of_scans] 
# [vector_of_scans] 
# [vector_of_valid_scans] 
# The aperture of the sensor is in radians, the maximum range 
# and measurements are in meters. '1' means a valid scan, '0' otherwise.
4.1847
5.6
682
0.649 0.649 0.647 0.647 0.642 0.639 0.639 0.639 0.639 0.633 0.639 0.633 0.633 0.633 0.632 0.629 0.625 0.624 0.622 0.621 0.621 0.62 0.615 0.615 0.615 0.615 0.615 0.615 0.615 0.612 0.609 0.609 0.605 0.606 0.605 0.601 0.601 0.604 0.601 0.601 0.599 0.599 0.598 0.599 0.599 0.599 0.597 0.593 0.593 0.593 0.59 0.59 0.591 0.59 0.59 0.591 0.593 0.593 0.593 0.591 0.59 0.59 0.59 0.591 0.595 0.602 0.603 0.609 0.613 0.617 0.624 0.627 0.627 0.624 0.618 0.614 0.612 0.603 0.591 0.59 0.589 0.589 0.588 0.59 0.599 0.599 0.597 0.597 0.597 0.596 0.596 0.596 0.596 0.596 0.596 0.596 0.596 0.594 0.594 0.594 0.593 0.593 0.598 0.597 0.597 0.597 0.597 0.596 0.596 0.596 0.604 0.604 0.604 0.604 0.604 0.609 0.606 0.609 0.609 0.609 0.606 0.611 0.61 0.61 0.61 0.616 0.618 0.621 0.621 0.621 0.621 0.621 0.624 0.624 0.63 0.63 0.631 0.634 0.634 0.634 0.634 0.634 0.635 0.638 0.638 0.639 0.641 0.646 0.648 0.65 0.656 0.658 0.658 0.658 0.658 0.658 0.663 0.665 0.666 0.666 0.672 0.679 0.679 0.678 0.679 0.681 0.681 0.686 0.689 0.691 0.695 0.705 0.705 0.706 0.708 0.712 0.712 0.715 0.716 0.723 0.727 0.727 0.731 0.731 0.738 0.741 0.743 0.745 0.751 0.756 0.756 0.765 0.77 0.77 0.777 0.781 0.782 0.782 0.79 0.793 0.798 0.802 0.803 0.813 0.818 0.821 0.825 0.83 0.832 0.837 0.851 0.857 0.858 0.859 0.862 0.869 0.872 0.873 0.874 0.875 0.883 0.907 0.928 0.938 0.941 0.951 0.96 0.961 0.967 0.974 0.981 0.993 1.004 1.012 1.014 1.027 1.034 1.051 1.06 1.063 1.08 1.088 1.099 1.104 1.114 1.134 1.152 1.158 1.182 1.183 1.194 1.216 1.218 1.232 1.261 1.266 1.275 1.3 1.316 1.336 1.354 1.467 2.382 2.385 2.385 2.382 2.381 2.373 2.372 2.367 2.357 2.348 2.346 2.341 2.332 2.323 2.322 2.322 2.322 2.318 2.308 2.306 2.302 2.291 2.288 2.286 2.285 2.285 2.279 2.278 2.272 2.263 2.261 2.258 2.256 2.253 2.253 2.253 2.248 2.239 2.239 2.238 2.236 2.233 2.233 2.231 2.226 2.225 2.224 2.221 2.219 2.217 2.215 2.215 2.213 2.207 2.204 2.204 2.204 2.204 2.204 2.194 2.188 2.188 2.189 2.188 2.189 2.189 2.187 2.184 2.184 2.184 2.184 2.184 2.187 2.189 2.189 2.191 2.191 2.191 2.191 2.192 2.194 2.199 2.2 2.2 2.204 2.204 2.208 2.211 2.214 2.217 2.218 2.218 2.219 2.222 2.223 2.225 2.231 2.231 2.231 2.232 2.236 2.219 2.189 2.151 2.151 2.151 2.155 2.16 2.166 2.291 2.395 2.403 2.404 2.406 2.418 2.42 2.42 2.428 0.007 1.381 1.323 1.317 1.303 1.282 1.249 1.231 1.206 1.152 1.137 1.133 1.121 1.111 1.1 1.097 1.082 1.075 1.075 1.075 1.081 1.081 1.088 1.09 1.09 1.103 1.113 1.124 1.126 1.126 1.126 1.092 1.089 1.089 1.092 1.092 1.091 1.092 1.091 1.091 1.095 1.097 1.097 1.106 1.108 1.108 1.108 1.11 1.11 1.108 1.108 1.108 1.108 1.113 1.116 1.117 1.117 1.121 1.127 1.127 1.127 1.127 1.128 1.143 1.143 1.143 1.143 1.145 1.151 1.151 1.152 1.153 1.158 1.16 1.165 1.165 1.169 1.172 1.172 1.179 1.181 1.184 1.188 1.191 1.193 1.206 1.206 1.209 1.217 1.218 1.219 1.221 1.224 1.224 1.228 1.242 1.243 1.25 1.25 1.255 1.255 1.271 1.272 1.284 1.286 1.289 1.289 1.289 1.288 1.287 0.524 0.513 0.506 0.502 0.493 0.492 0.492 0.484 0.484 0.482 0.484 0.48 0.476 0.476 0.484 0.476 0.476 0.472 0.469 0.461 0.459 0.457 0.451 0.45 0.45 0.45 0.45 0.45 0.451 0.451 0.455 0.456 0.459 0.471 0.471 0.471 0.466 0.465 0.462 0.461 0.459 0.459 0.459 0.458 0.458 0.461 0.455 0.455 0.456 0.456 0.455 0.452 0.452 0.45 0.446 0.446 0.446 0.445 0.445 0.445 0.443 0.443 0.443 0.441 0.441 0.441 0.439 0.439 0.438 0.438 0.438 0.442 0.438 0.439 0.439 0.437 0.437 0.439 0.439 0.439 0.439 0.439 0.439 0.436 0.436 0.439 0.436 0.436 0.434 0.434 0.434 0.434 0.437 0.437 0.437 0.437 0.434 0.431 0.434 0.434 0.436 0.436 0.437 0.437 0.437 0.439 0.439 0.439 0.439 0.441 0.439 0.439 0.439 0.44 0.439 0.437 0.436 0.436 0.436 0.437 0.443 0.447 0.447 0.447 0.447 0.447 0.445 0.445 0.447 0.449 0.448 0.448 0.448 0.448 0.447 0.447 0.447 0.448 0.447 0.451 0.45 0.451 0.451 0.458 0.458 0.459 0.459 0.458 0.457 0.458 0.458 0.46 0.46 0.463 0.46 0.463 0.467 0.467 0.467 0.469 0.469 0.469 0.47 0.473 0.473 0.479 0.484 0.484 0.481 0.486 0.487 0.481 0.489 0.49 0.49 0.496 0.496 0.497 0.497 0.497 0.496 0.496 0.496 0.499 0.504 0.506 0.509 0.512 0.513 0.516 0.516 0.516 
1 1 1 1 1 1 1 1 1 1 1 1 1 1 1 1 1 1 1 1 1 1 1 1 1 1 1 1 1 1 1 1 1 1 1 1 1 1 1 1 1 1 1 1 1 1 1 1 1 1 1 1 1 1 1 1 1 1 1 1 1 1 1 1 1 1 1 1 1 1 1 1 1 1 1 1 1 1 1 1 1 1 1 1 1 1 1 1 1 1 1 1 1 1 1 1 1 1 1 1 1 1 1 1 1 1 1 1 1 1 1 1 1 1 1 1 1 1 1 1 1 1 1 1 1 1 1 1 1 1 1 1 1 1 1 1 1 1 1 1 1 1 1 1 1 1 1 1 1 1 1 1 1 1 1 1 1 1 1 1 1 1 1 1 1 1 1 1 1 1 1 1 1 1 1 1 1 1 1 1 1 1 1 1 1 1 1 1 1 1 1 1 1 1 1 1 1 1 1 1 1 1 1 1 1 1 1 1 1 1 1 1 1 1 1 1 1 1 1 1 1 1 1 1 1 1 1 1 1 1 1 1 1 1 1 1 1 1 1 1 1 1 1 1 1 1 1 1 1 1 1 1 1 1 1 1 1 1 1 1 1 1 1 1 1 1 1 1 1 1 1 1 1 1 1 1 1 1 1 1 1 1 1 1 1 1 1 1 1 1 1 1 1 1 1 1 1 1 1 1 1 1 1 1 1 1 1 1 1 1 1 1 1 1 1 1 1 1 1 1 1 1 1 1 1 1 1 1 1 1 1 1 1 1 1 1 1 1 1 1 1 1 1 1 1 1 1 1 1 1 1 1 1 1 1 1 1 1 1 1 1 1 1 1 1 1 1 1 1 1 1 1 1 1 1 1 1 1 1 1 0 1 1 1 1 1 1 1 1 1 1 1 1 1 1 1 1 1 1 1 1 1 1 1 1 1 1 1 1 1 1 1 1 1 1 1 1 1 1 1 1 1 1 1 1 1 1 1 1 1 1 1 1 1 1 1 1 1 1 1 1 1 1 1 1 1 1 1 1 1 1 1 1 1 1 1 1 1 1 1 1 1 1 1 1 1 1 1 1 1 1 1 1 1 1 1 1 1 1 1 1 1 1 1 1 1 1 1 1 1 1 1 1 1 1 1 1 1 1 1 1 1 1 1 1 1 1 1 1 1 1 1 1 1 1 1 1 1 1 1 1 1 1 1 1 1 1 1 1 1 1 1 1 1 1 1 1 1 1 1 1 1 1 1 1 1 1 1 1 1 1 1 1 1 1 1 1 1 1 1 1 1 1 1 1 1 1 1 1 1 1 1 1 1 1 1 1 1 1 1 1 1 1 1 1 1 1 1 1 1 1 1 1 1 1 1 1 1 1 1 1 1 1 1 1 1 1 1 1 1 1 1 1 1 1 1 1 1 1 1 1 1 1 1 1 1 1 1 1 1 1 1 1 1 1 1 1 1 1 1 1 1 1 1 1 1 1 1 1 1 1 1 1 1 1 1 1 1 1 1 1 1 1 1 1 1 1 1 1 1 1 1 1 1 1 1 1 1 1 1 1 1 
