# This file contains a 2D laser scan observation. 
# Its format is: 
# [aperture] [max_range] [number_of_scans] 
# [vector_of_scans] 
# [vector_of_valid_scans] 
# The aperture of the sensor is in radians, the maximum range 
# and measurements are in meters. '1' means a valid scan, '0' otherwise.
4.1847
5.6
682
0.682 0.679 0.682 0.679 0.679 0.673 0.676 0.672 0.671 0.666 0.672 0.668 0.666 0.666 0.661 0.66 0.66 0.659 0.659 0.651 0.651 0.651 0.652 0.652 0.654 0.652 0.65 0.646 0.646 0.642 0.642 0.64 0.64 0.64 0.64 0.64 0.637 0.635 0.635 0.635 0.635 0.632 0.632 0.635 0.632 0.632 0.632 0.634 0.634 0.634 0.634 0.635 0.635 0.629 0.629 0.628 0.626 0.628 0.629 0.629 0.632 0.636 0.637 0.638 0.639 0.65 0.657 0.671 0.671 0.671 0.668 0.667 0.664 0.651 0.639 0.639 0.636 0.634 0.628 0.628 0.628 0.629 0.629 0.63 0.63 0.63 0.63 0.63 0.63 0.63 0.63 0.632 0.633 0.632 0.633 0.633 0.635 0.633 0.636 0.636 0.637 0.637 0.638 0.64 0.64 0.638 0.638 0.638 0.638 0.643 0.643 0.646 0.647 0.649 0.649 0.649 0.649 0.649 0.649 0.652 0.652 0.654 0.656 0.659 0.659 0.659 0.659 0.659 0.661 0.66 0.662 0.662 0.663 0.663 0.668 0.681 0.681 0.681 0.681 0.681 0.68 0.683 0.685 0.683 0.685 0.685 0.687 0.687 0.692 0.694 0.694 0.694 0.692 0.693 0.693 0.701 0.701 0.706 0.707 0.71 0.712 0.713 0.714 0.729 0.738 0.739 0.741 0.743 0.751 0.754 0.758 0.758 0.763 0.765 0.765 0.77 0.774 0.777 0.781 0.783 0.788 0.789 0.796 0.796 0.8 0.805 0.809 0.813 0.822 0.829 0.834 0.834 0.835 0.838 0.845 0.851 0.854 0.866 0.866 0.872 0.878 0.88 0.883 0.886 0.899 0.899 0.9 0.907 0.916 0.924 0.934 0.943 0.948 0.956 0.958 0.965 0.98 0.985 0.986 0.997 1.013 1.016 1.024 1.028 1.044 1.058 1.059 1.073 1.075 1.079 1.092 1.114 2.198 2.2 2.2 2.198 2.181 2.177 2.172 2.159 2.158 2.151 2.144 2.137 2.131 2.127 2.117 2.11 2.107 2.103 2.101 2.085 2.084 2.078 2.07 2.062 2.061 2.049 2.048 2.042 2.042 2.035 2.028 2.026 2.025 2.018 2.016 2.007 2.005 1.997 1.997 1.993 1.983 1.981 1.979 1.971 1.971 1.968 1.961 1.961 1.955 1.953 1.948 1.943 1.943 1.943 1.943 1.933 1.933 1.929 1.929 1.925 1.918 1.918 1.918 1.918 1.917 1.909 1.909 1.908 1.906 1.904 1.897 1.895 1.892 1.892 1.892 1.892 1.887 1.885 1.88 1.873 1.873 1.869 1.869 1.868 1.868 1.868 1.869 1.87 1.87 1.871 1.873 1.873 1.872 1.871 1.871 1.871 1.87 1.87 1.87 1.871 1.869 1.871 1.876 1.887 1.887 1.887 1.887 1.887 1.887 1.889 1.89 1.893 1.894 1.894 1.897 1.899 1.899 1.903 1.905 1.906 1.908 1.914 1.914 1.915 1.915 1.914 1.896 1.896 1.877 1.835 1.827 1.827 1.827 1.828 1.829 1.836 1.846 1.848 2.091 2.107 2.113 2.114 2.114 2.115 2.127 2.128 2.134 2.137 2.137 2.138 2.137 2.136 1.06 1.038 1.012 1.01 0.999 0.998 0.992 0.962 0.948 0.939 0.929 0.916 0.905 0.902 0.855 0.85 0.84 0.837 0.836 0.835 0.82 0.802 0.802 0.801 0.8 0.793 0.789 0.788 0.785 0.781 0.781 0.781 0.787 0.795 0.796 0.802 0.811 0.813 0.816 0.823 0.83 0.832 0.834 0.834 0.834 0.833 0.812 0.802 0.802 0.802 0.81 0.812 0.813 0.813 0.818 0.818 0.818 0.818 0.822 0.822 0.823 0.826 0.827 0.831 0.835 0.838 0.839 0.839 0.843 0.844 0.843 0.844 0.845 0.849 0.849 0.854 0.854 0.854 0.864 0.867 0.869 0.872 0.872 0.873 0.877 0.884 0.884 0.885 0.887 0.89 0.891 0.895 0.906 0.906 0.909 0.919 0.919 0.921 0.925 0.927 0.927 0.932 0.932 0.938 0.944 0.957 0.958 0.959 0.967 0.968 0.971 0.976 0.982 0.982 0.983 0.987 0.993 1.013 1.013 1.015 1.024 1.027 1.031 1.041 1.044 1.057 1.061 1.07 1.07 1.08 1.092 1.098 1.098 1.112 1.116 1.122 1.13 1.133 1.152 1.157 1.165 1.165 1.186 1.191 1.195 1.232 1.318 1.319 1.319 1.318 1.312 1.312 1.309 1.305 1.299 1.296 1.294 1.294 1.294 1.289 1.288 1.284 1.284 1.284 1.282 1.282 1.281 1.273 1.273 1.27 1.27 1.27 1.27 1.27 1.264 1.264 1.263 1.263 1.262 1.26 1.259 1.255 1.255 1.255 1.251 1.251 1.251 1.255 1.251 1.249 1.248 1.248 1.248 1.255 1.256 1.256 1.255 1.256 1.258 1.258 1.263 1.263 1.263 1.263 1.263 1.263 1.264 1.265 1.265 1.265 1.266 1.265 1.256 0.4 0.4 0.4 0.4 0.4 0.4 0.397 0.396 0.396 0.396 0.393 0.392 0.393 0.391 0.389 0.389 0.388 0.388 0.39 0.391 0.391 0.391 0.392 0.396 0.396 0.4 0.407 0.408 0.408 0.407 0.407 0.403 0.403 0.403 0.402 0.4 0.401 0.401 0.4 0.398 0.397 0.395 0.393 0.393 0.393 0.398 0.415 0.422 0.427 0.427 0.432 0.432 0.433 0.434 0.438 0.438 0.438 0.438 0.438 0.445 0.445 0.446 0.446 0.448 0.448 0.449 0.451 0.456 0.458 0.459 0.463 0.464 0.465 0.471 0.471 0.471 0.47 0.47 0.47 0.473 0.473 0.477 0.478 0.48 0.48 
1 1 1 1 1 1 1 1 1 1 1 1 1 1 1 1 1 1 1 1 1 1 1 1 1 1 1 1 1 1 1 1 1 1 1 1 1 1 1 1 1 1 1 1 1 1 1 1 1 1 1 1 1 1 1 1 1 1 1 1 1 1 1 1 1 1 1 1 1 1 1 1 1 1 1 1 1 1 1 1 1 1 1 1 1 1 1 1 1 1 1 1 1 1 1 1 1 1 1 1 1 1 1 1 1 1 1 1 1 1 1 1 1 1 1 1 1 1 1 1 1 1 1 1 1 1 1 1 1 1 1 1 1 1 1 1 1 1 1 1 1 1 1 1 1 1 1 1 1 1 1 1 1 1 1 1 1 1 1 1 1 1 1 1 1 1 1 1 1 1 1 1 1 1 1 1 1 1 1 1 1 1 1 1 1 1 1 1 1 1 1 1 1 1 1 1 1 1 1 1 1 1 1 1 1 1 1 1 1 1 1 1 1 1 1 1 1 1 1 1 1 1 1 1 1 1 1 1 1 1 1 1 1 1 1 1 1 1 1 1 1 1 1 1 1 1 1 1 1 1 1 1 1 1 1 1 1 1 1 1 1 1 1 1 1 1 1 1 1 1 1 1 1 1 1 1 1 1 1 1 1 1 1 1 1 1 1 1 1 1 1 1 1 1 1 1 1 1 1 1 1 1 1 1 1 1 1 1 1 1 1 1 1 1 1 1 1 1 1 1 1 1 1 1 1 1 1 1 1 1 1 1 1 1 1 1 1 1 1 1 1 1 1 1 1 1 1 1 1 1 1 1 1 1 1 1 1 1 1 1 1 1 1 1 1 1 1 1 1 1 1 1 1 1 1 1 1 1 1 1 1 1 1 1 1 1 1 1 1 1 1 1 1 1 1 1 1 1 1 1 1 1 1 1 1 1 1 1 1 1 1 1 1 1 1 1 1 1 1 1 1 1 1 1 1 1 1 1 1 1 1 1 1 1 1 1 1 1 1 1 1 1 1 1 1 1 1 1 1 1 1 1 1 1 1 1 1 1 1 1 1 1 1 1 1 1 1 1 1 1 1 1 1 1 1 1 1 1 1 1 1 1 1 1 1 1 1 1 1 1 1 1 1 1 1 1 1 1 1 1 1 1 1 1 1 1 1 1 1 1 1 1 1 1 1 1 1 1 1 1 1 1 1 1 1 1 1 1 1 1 1 1 1 1 1 1 1 1 1 1 1 1 1 1 1 1 1 1 1 1 1 1 1 1 1 1 1 1 1 1 1 1 1 1 1 1 1 1 1 1 1 1 1 1 1 1 1 1 1 1 1 1 1 1 1 1 1 1 1 1 1 1 1 1 1 1 1 1 1 1 1 1 1 1 1 1 1 1 1 1 1 1 1 1 1 1 1 1 1 1 1 1 1 1 1 1 1 1 1 1 1 1 1 1 1 1 1 1 1 1 1 1 1 1 1 1 1 1 1 1 1 1 1 1 1 1 1 1 1 1 1 1 1 1 1 1 1 1 1 1 1 1 1 1 1 1 1 1 1 1 1 1 
