# This file contains a 2D laser scan observation. 
# Its format is: 
# [aperture] [max_range] [number_of_scans] 
# [vector_of_scans] 
# [vector_of_valid_scans] 
# The aperture of the sensor is in radians, the maximum range 
# and measurements are in meters. '1' means a valid scan, '0' otherwise.
4.1847
5.6
682
0.706 0.706 0.706 0.704 0.704 0.702 0.701 0.701 0.701 0.699 0.692 0.699 0.692 0.692 0.693 0.693 0.693 0.693 0.689 0.689 0.688 0.689 0.684 0.687 0.684 0.685 0.685 0.685 0.685 0.685 0.685 0.685 0.684 0.684 0.681 0.681 0.681 0.681 0.681 0.681 0.681 0.678 0.681 0.684 0.688 0.689 0.7 0.704 0.726 0.728 0.728 0.727 0.727 0.727 0.725 0.724 0.694 0.686 0.685 0.685 0.684 0.68 0.678 0.676 0.676 0.678 0.678 0.678 0.678 0.675 0.675 0.675 0.675 0.675 0.681 0.681 0.676 0.676 0.676 0.676 0.672 0.68 0.679 0.68 0.679 0.68 0.679 0.68 0.68 0.683 0.683 0.684 0.697 0.701 0.701 0.7 0.7 0.7 0.7 0.7 0.701 0.705 0.707 0.709 0.711 0.711 0.711 0.716 0.721 0.723 0.723 0.723 0.723 0.725 0.727 0.727 0.734 0.73 0.734 0.734 0.736 0.736 0.738 0.741 0.745 0.748 0.749 0.749 0.752 0.756 0.756 0.758 0.762 0.762 0.764 0.765 0.766 0.772 0.777 0.778 0.777 0.782 0.782 0.783 0.786 0.788 0.789 0.792 0.792 0.806 0.806 0.807 0.815 0.817 0.828 0.829 0.829 0.829 0.834 0.835 0.839 0.847 0.853 0.858 0.863 0.864 0.867 0.872 0.878 0.883 0.883 0.896 0.899 0.9 0.902 0.903 0.917 0.923 0.927 0.932 0.943 0.943 0.943 0.951 2.957 2.975 2.987 2.987 2.995 3.022 3.03 3.037 3.037 3.037 2.12 2.108 2.097 2.083 2.069 2.068 2.067 2.063 2.045 2.04 2.027 2.022 2.016 2.01 2.001 1.989 1.981 1.973 1.967 1.964 1.956 1.946 1.941 1.927 1.926 1.916 1.909 1.907 1.895 1.891 1.885 1.874 1.873 1.862 1.86 1.852 1.849 1.846 1.838 1.831 1.83 1.82 1.818 1.818 1.817 1.799 1.798 1.795 1.795 1.788 1.781 1.778 1.77 1.77 1.77 1.761 1.759 1.752 1.749 1.748 1.747 1.746 1.736 1.731 1.731 1.726 1.726 1.724 1.714 1.713 1.71 1.706 1.706 1.701 1.696 1.69 1.69 1.692 1.689 1.689 1.684 1.68 1.679 1.675 1.672 1.67 1.668 1.668 1.668 1.666 1.658 1.647 1.646 1.644 1.644 1.642 1.642 1.642 1.638 1.638 1.638 1.638 1.638 1.64 1.64 1.64 1.641 1.637 1.637 1.639 1.639 1.635 1.639 1.635 1.634 1.634 1.634 1.634 1.634 1.636 1.648 1.651 1.654 1.654 1.654 1.654 1.657 1.657 1.657 1.659 1.663 1.665 1.667 1.669 1.672 1.672 1.672 1.672 1.673 1.675 1.68 1.68 1.68 1.68 1.68 1.656 1.656 0.007 1.594 1.576 1.575 1.575 1.576 1.583 1.594 1.597 1.598 1.609 1.83 1.849 1.853 1.856 1.858 1.865 1.87 1.871 1.874 1.884 1.885 1.889 1.893 1.896 1.896 1.9 1.9 1.88 0.846 0.826 0.82 0.79 0.788 0.788 0.776 0.768 0.767 0.767 0.757 0.748 0.734 0.719 0.718 0.716 0.711 0.697 0.696 0.692 0.685 0.652 0.632 0.621 0.621 0.621 0.621 0.621 0.62 0.611 0.597 0.596 0.586 0.586 0.586 0.586 0.586 0.586 0.585 0.575 0.575 0.565 0.565 0.575 0.575 0.575 0.577 0.577 0.577 0.578 0.589 0.589 0.591 0.591 0.591 0.6 0.621 0.623 0.624 0.626 0.629 0.776 0.776 0.776 0.619 0.605 0.605 0.602 0.595 0.595 0.598 0.602 0.605 0.605 0.613 0.615 0.616 0.618 0.621 0.624 0.625 0.627 0.628 0.632 0.632 0.632 0.636 0.637 0.639 0.641 0.643 0.648 0.652 0.655 0.655 0.655 0.659 0.665 0.668 0.677 0.677 0.678 0.685 0.686 0.686 0.69 0.693 0.697 0.698 0.706 0.707 0.707 0.711 0.714 0.718 0.722 0.725 0.728 0.734 0.734 0.737 0.744 0.745 0.752 0.753 0.763 0.768 0.77 0.772 0.773 0.781 0.797 0.797 0.798 0.805 0.81 0.817 0.82 0.823 0.837 0.839 0.848 0.849 0.861 0.862 0.866 0.884 0.89 0.89 0.9 0.906 0.921 0.923 0.923 0.938 0.946 0.954 0.964 0.978 0.993 0.995 1.008 1.021 1.026 1.038 1.046 1.062 1.076 1.082 1.13 1.208 1.208 1.208 1.207 1.204 1.204 1.204 1.2 1.199 1.199 1.199 1.199 1.197 1.197 1.197 1.197 1.195 1.194 1.193 1.191 1.191 1.191 1.189 1.189 1.191 1.191 1.192 1.196 1.192 1.193 1.196 1.196 1.198 1.198 1.2 1.2 1.201 1.2 1.2 1.2 1.202 1.202 1.203 1.204 1.204 1.205 1.205 1.206 1.214 1.215 1.216 1.217 1.219 1.219 1.225 1.226 1.227 1.227 1.229 1.233 1.236 1.241 1.242 1.251 1.253 1.254 1.275 1.277 1.284 2.979 3.177 3.19 3.177 3.177 3.084 3.077 3.061 2.694 2.694 2.694 2.847 2.847 2.847 2.805 2.772 2.684 2.678 2.648 2.636 2.631 2.636 2.648 2.673 2.69 2.7 2.701 2.715 2.715 2.717 2.724 2.735 2.738 2.754 2.754 2.754 2.762 2.648 2.558 1.06 1.051 1.048 1.044 1.044 1.048 1.06 1.06 1.06 0.498 0.492 0.492 0.488 0.472 0.47 0.466 0.457 0.455 0.452 0.452 0.446 0.441 0.44 0.432 0.432 0.432 0.432 0.432 0.436 0.436 0.44 0.443 0.443 0.443 
1 1 1 1 1 1 1 1 1 1 1 1 1 1 1 1 1 1 1 1 1 1 1 1 1 1 1 1 1 1 1 1 1 1 1 1 1 1 1 1 1 1 1 1 1 1 1 1 1 1 1 1 1 1 1 1 1 1 1 1 1 1 1 1 1 1 1 1 1 1 1 1 1 1 1 1 1 1 1 1 1 1 1 1 1 1 1 1 1 1 1 1 1 1 1 1 1 1 1 1 1 1 1 1 1 1 1 1 1 1 1 1 1 1 1 1 1 1 1 1 1 1 1 1 1 1 1 1 1 1 1 1 1 1 1 1 1 1 1 1 1 1 1 1 1 1 1 1 1 1 1 1 1 1 1 1 1 1 1 1 1 1 1 1 1 1 1 1 1 1 1 1 1 1 1 1 1 1 1 1 1 1 1 1 1 1 1 1 1 1 1 1 1 1 1 1 1 1 1 1 1 1 1 1 1 1 1 1 1 1 1 1 1 1 1 1 1 1 1 1 1 1 1 1 1 1 1 1 1 1 1 1 1 1 1 1 1 1 1 1 1 1 1 1 1 1 1 1 1 1 1 1 1 1 1 1 1 1 1 1 1 1 1 1 1 1 1 1 1 1 1 1 1 1 1 1 1 1 1 1 1 1 1 1 1 1 1 1 1 1 1 1 1 1 1 1 1 1 1 1 1 1 1 1 1 1 1 1 1 1 1 1 1 1 1 1 1 1 1 1 1 1 1 1 1 1 1 1 1 1 1 1 1 1 1 1 1 1 1 1 1 0 1 1 1 1 1 1 1 1 1 1 1 1 1 1 1 1 1 1 1 1 1 1 1 1 1 1 1 1 1 1 1 1 1 1 1 1 1 1 1 1 1 1 1 1 1 1 1 1 1 1 1 1 1 1 1 1 1 1 1 1 1 1 1 1 1 1 1 1 1 1 1 1 1 1 1 1 1 1 1 1 1 1 1 1 1 1 1 1 1 1 1 1 1 1 1 1 1 1 1 1 1 1 1 1 1 1 1 1 1 1 1 1 1 1 1 1 1 1 1 1 1 1 1 1 1 1 1 1 1 1 1 1 1 1 1 1 1 1 1 1 1 1 1 1 1 1 1 1 1 1 1 1 1 1 1 1 1 1 1 1 1 1 1 1 1 1 1 1 1 1 1 1 1 1 1 1 1 1 1 1 1 1 1 1 1 1 1 1 1 1 1 1 1 1 1 1 1 1 1 1 1 1 1 1 1 1 1 1 1 1 1 1 1 1 1 1 1 1 1 1 1 1 1 1 1 1 1 1 1 1 1 1 1 1 1 1 1 1 1 1 1 1 1 1 1 1 1 1 1 1 1 1 1 1 1 1 1 1 1 1 1 1 1 1 1 1 1 1 1 1 1 1 1 1 1 1 1 1 1 1 1 1 1 1 1 1 1 1 1 1 1 1 1 1 1 1 1 1 1 1 1 1 1 1 1 1 1 1 1 1 1 1 1 1 1 1 1 1 1 1 1 1 1 1 1 1 1 1 1 1 1 1 1 1 1 1 1 1 1 1 
