# This file contains a 2D laser scan observation. 
# Its format is: 
# [aperture] [max_range] [number_of_scans] 
# [vector_of_scans] 
# [vector_of_valid_scans] 
# The aperture of the sensor is in radians, the maximum range 
# and measurements are in meters. '1' means a valid scan, '0' otherwise.
4.1847
5.6
682
2.081 2.075 2.059 2.048 2.031 2.026 2.011 1.999 1.99 1.979 1.967 1.96 1.948 1.947 1.933 1.927 1.912 1.906 1.895 1.882 1.874 1.869 1.863 1.849 1.845 1.832 1.826 1.824 1.802 1.799 1.795 1.794 1.78 1.773 1.768 1.76 1.743 1.738 1.737 1.731 1.725 1.721 1.71 1.706 1.702 1.692 1.691 1.688 1.678 1.673 1.67 1.656 1.651 1.646 1.646 1.642 1.637 1.635 1.619 1.615 1.602 1.599 1.598 1.598 1.593 1.585 1.574 1.571 1.567 1.564 1.562 1.558 1.558 1.552 1.55 1.543 1.541 1.537 1.535 1.534 1.529 1.527 1.517 1.517 1.515 1.507 0.303 0.303 0.296 0.294 0.294 0.294 0.289 0.294 0.288 0.288 0.292 0.293 0.292 0.293 0.294 0.294 0.294 0.294 0.294 0.294 0.296 0.296 0.296 0.296 0.294 0.294 0.302 0.303 0.304 0.304 0.304 0.302 0.291 0.291 0.291 0.295 0.296 0.312 0.314 0.317 0.321 0.326 0.326 0.321 0.321 0.321 0.317 0.315 0.313 0.313 0.308 0.302 0.281 0.253 0.253 0.249 0.249 0.249 0.249 0.249 0.249 0.247 0.243 0.243 0.249 0.244 0.249 0.249 0.249 0.246 0.249 0.246 0.246 0.246 0.247 0.244 0.244 0.247 0.244 0.244 0.243 0.251 0.249 0.249 0.247 0.249 0.247 0.244 0.244 0.247 0.246 0.246 0.247 0.247 0.256 0.257 0.257 0.259 0.274 0.276 0.276 0.274 0.271 0.258 0.254 0.254 0.249 0.249 0.251 0.249 0.249 0.249 0.248 0.245 0.245 0.245 0.245 0.245 0.246 0.247 0.246 0.246 0.244 0.244 0.243 0.243 0.243 0.245 0.247 0.25 0.247 0.252 0.255 0.256 0.255 0.255 0.255 0.255 0.252 0.252 0.252 0.255 0.252 0.252 0.253 0.253 0.253 0.262 0.262 0.262 0.262 0.256 0.256 0.26 0.26 0.256 0.26 0.261 0.26 0.262 0.264 0.264 0.268 0.268 0.269 0.269 0.267 0.267 0.27 0.272 0.273 0.273 0.273 0.273 0.276 0.275 0.276 0.276 0.278 0.278 0.278 0.278 0.284 0.284 0.284 0.284 0.287 0.287 0.291 0.296 0.296 0.296 0.294 0.294 0.294 0.301 0.301 0.301 0.302 0.303 0.303 0.303 0.305 0.305 0.309 0.315 0.315 0.313 0.317 0.317 0.321 0.321 0.322 0.322 0.33 0.333 0.333 0.335 0.339 0.339 0.339 0.339 0.343 0.343 0.343 0.343 0.351 0.352 0.355 0.357 0.358 0.366 0.368 0.368 0.368 0.376 0.376 0.376 0.378 0.383 0.385 0.39 0.39 0.39 0.39 0.396 0.402 0.403 0.403 0.406 0.411 0.415 0.424 0.428 0.432 0.435 0.437 0.439 0.441 0.442 0.451 0.456 0.463 0.465 0.466 0.47 0.473 0.486 0.489 0.495 0.498 0.505 0.507 0.521 0.526 0.535 0.537 0.54 0.541 0.549 0.554 0.563 0.573 0.577 0.588 0.594 0.615 0.616 0.617 0.626 0.638 0.644 0.651 0.661 0.671 0.783 0.79 0.793 0.793 0.791 0.791 0.792 0.791 0.792 0.792 0.788 0.787 0.788 0.788 0.79 0.79 0.793 0.79 0.793 0.793 0.795 0.795 0.795 0.794 0.794 0.794 0.798 0.801 0.801 0.801 0.795 0.795 0.795 0.796 0.796 0.796 0.796 0.796 0.803 0.806 0.806 0.815 0.815 0.814 0.814 0.814 0.814 0.815 0.815 0.815 0.819 0.821 0.825 0.826 0.826 0.826 0.829 0.833 0.84 0.842 0.84 0.842 0.843 0.843 0.846 0.852 0.852 0.853 0.854 0.854 0.855 0.861 0.869 0.87 0.872 0.882 0.887 0.888 0.892 0.894 0.897 0.897 0.902 0.905 0.914 0.915 0.924 0.929 0.946 0.96 2.336 2.386 2.421 2.421 2.426 2.44 2.445 2.449 2.459 2.463 2.465 2.485 2.488 2.507 2.525 2.525 2.525 2.323 2.303 2.303 2.273 2.253 2.234 2.229 2.204 2.194 2.168 2.156 2.143 2.132 2.123 2.113 2.097 2.097 2.097 2.07 2.051 2.004 1.99 1.973 1.973 1.958 1.91 1.853 1.828 1.82 1.803 1.801 1.786 1.785 1.767 1.757 1.753 1.747 1.737 1.721 1.699 1.698 1.698 1.676 1.653 0.849 0.849 0.845 0.846 0.845 0.845 0.837 0.827 0.827 0.827 0.827 0.834 0.835 0.835 0.834 0.819 0.819 0.818 0.818 0.818 0.818 0.811 0.806 0.803 0.804 0.804 0.803 0.801 0.803 0.799 0.797 0.799 0.799 0.797 0.795 0.797 0.794 0.789 0.789 0.789 0.789 0.783 0.788 0.785 0.782 0.785 0.785 0.78 0.779 0.777 0.777 0.78 0.779 0.779 0.779 0.777 0.777 0.776 0.776 0.776 0.776 0.771 0.771 0.771 0.773 0.773 0.773 0.771 0.771 0.762 0.761 0.761 0.761 0.757 0.757 0.76 0.76 0.775 1.057 1.057 1.057 1.057 1.057 1.059 1.42 1.426 1.426 1.426 1.426 1.429 1.429 1.424 1.411 1.411 1.407 1.397 0.476 0.446 0.446 0.446 0.459 0.477 0.48 0.481 0.48 0.48 0.468 0.461 0.457 0.457 0.456 0.455 0.445 0.442 0.442 0.442 0.442 0.442 0.44 0.439 0.437 0.436 0.431 0.431 0.431 0.43 0.43 0.433 0.433 0.437 0.437 0.438 0.437 0.439 0.433 0.44 0.443 0.451 0 0 0 0 0 0 0 0 0 0 0 0 
1 1 1 1 1 1 1 1 1 1 1 1 1 1 1 1 1 1 1 1 1 1 1 1 1 1 1 1 1 1 1 1 1 1 1 1 1 1 1 1 1 1 1 1 1 1 1 1 1 1 1 1 1 1 1 1 1 1 1 1 1 1 1 1 1 1 1 1 1 1 1 1 1 1 1 1 1 1 1 1 1 1 1 1 1 1 1 1 1 1 1 1 1 1 1 1 1 1 1 1 1 1 1 1 1 1 1 1 1 1 1 1 1 1 1 1 1 1 1 1 1 1 1 1 1 1 1 1 1 1 1 1 1 1 1 1 1 1 1 1 1 1 1 1 1 1 1 1 1 1 1 1 1 1 1 1 1 1 1 1 1 1 1 1 1 1 1 1 1 1 1 1 1 1 1 1 1 1 1 1 1 1 1 1 1 1 1 1 1 1 1 1 1 1 1 1 1 1 1 1 1 1 1 1 1 1 1 1 1 1 1 1 1 1 1 1 1 1 1 1 1 1 1 1 1 1 1 1 1 1 1 1 1 1 1 1 1 1 1 1 1 1 1 1 1 1 1 1 1 1 1 1 1 1 1 1 1 1 1 1 1 1 1 1 1 1 1 1 1 1 1 1 1 1 1 1 1 1 1 1 1 1 1 1 1 1 1 1 1 1 1 1 1 1 1 1 1 1 1 1 1 1 1 1 1 1 1 1 1 1 1 1 1 1 1 1 1 1 1 1 1 1 1 1 1 1 1 1 1 1 1 1 1 1 1 1 1 1 1 1 1 1 1 1 1 1 1 1 1 1 1 1 1 1 1 1 1 1 1 1 1 1 1 1 1 1 1 1 1 1 1 1 1 1 1 1 1 1 1 1 1 1 1 1 1 1 1 1 1 1 1 1 1 1 1 1 1 1 1 1 1 1 1 1 1 1 1 1 1 1 1 1 1 1 1 1 1 1 1 1 1 1 1 1 1 1 1 1 1 1 1 1 1 1 1 1 1 1 1 1 1 1 1 1 1 1 1 1 1 1 1 1 1 1 1 1 1 1 1 1 1 1 1 1 1 1 1 1 1 1 1 1 1 1 1 1 1 1 1 1 1 1 1 1 1 1 1 1 1 1 1 1 1 1 1 1 1 1 1 1 1 1 1 1 1 1 1 1 1 1 1 1 1 1 1 1 1 1 1 1 1 1 1 1 1 1 1 1 1 1 1 1 1 1 1 1 1 1 1 1 1 1 1 1 1 1 1 1 1 1 1 1 1 1 1 1 1 1 1 1 1 1 1 1 1 1 1 1 1 1 1 1 1 1 1 1 1 1 1 1 1 1 1 1 1 1 1 1 1 1 1 1 1 1 1 1 1 1 1 1 1 1 1 1 1 1 1 1 1 1 1 1 1 1 1 1 1 1 1 1 1 1 1 1 1 1 1 1 1 1 1 1 1 1 1 1 1 1 1 1 1 1 1 1 1 1 1 1 1 1 1 1 1 1 1 1 1 1 1 1 1 1 1 1 1 1 1 1 1 1 0 0 0 0 0 0 0 0 0 0 0 0 
