# This file contains a 2D laser scan observation. 
# Its format is: 
# [aperture] [max_range] [number_of_scans] 
# [vector_of_scans] 
# [vector_of_valid_scans] 
# The aperture of the sensor is in radians, the maximum range 
# and measurements are in meters. '1' means a valid scan, '0' otherwise.
4.1847
5.6
682
0.361 0.361 0.361 0.366 0.361 0.361 0.36 0.353 0.353 0.35 0.35 0.348 0.345 0.342 0.342 0.34 0.34 0.338 0.334 0.334 0.331 0.331 0.331 0.331 0.329 0.329 0.323 0.319 0.319 0.323 0.321 0.322 0.322 0.321 0.321 0.317 0.313 0.306 0.305 0.303 0.303 0.305 0.303 0.299 0.303 0.303 0.298 0.298 0.303 0.298 0.298 0.294 0.294 0.293 0.29 0.29 0.29 0.29 0.29 0.291 0.29 0.291 0.288 0.284 0.284 0.286 0.285 0.285 0.285 0.284 0.284 0.283 0.283 0.283 0.283 0.279 0.278 0.278 0.278 0.278 0.279 0.279 0.279 0.279 0.279 0.27 0.278 0.269 0.269 0.269 0.268 0.268 0.271 0.268 0.269 0.271 0.276 0.269 0.273 0.276 0.273 0.272 0.273 0.272 0.272 0.274 0.274 0.273 0.273 0.269 0.269 0.265 0.265 0.269 0.271 0.275 0.281 0.288 0.29 0.297 0.297 0.297 0.297 0.294 0.285 0.277 0.276 0.276 0.271 0.268 0.268 0.269 0.269 0.268 0.265 0.265 0.264 0.264 0.262 0.275 0.273 0.273 0.27 0.27 0.269 0.269 0.269 0.269 0.269 0.269 0.269 0.269 0.264 0.269 0.269 0.268 0.268 0.269 0.268 0.268 0.269 0.269 0.273 0.273 0.273 0.273 0.273 0.276 0.278 0.278 0.279 0.279 0.279 0.278 0.279 0.278 0.279 0.278 0.28 0.284 0.284 0.284 0.288 0.288 0.284 0.288 0.288 0.288 0.289 0.294 0.295 0.296 0.296 0.296 0.296 0.3 0.3 0.3 0.3 0.3 0.302 0.299 0.303 0.303 0.304 0.304 0.306 0.31 0.304 0.309 0.315 0.315 0.309 0.317 0.317 0.317 0.317 0.317 0.317 0.32 0.33 0.33 0.332 0.333 0.333 0.332 0.332 0.33 0.33 0.33 0.333 0.34 0.343 0.343 0.343 0.347 0.347 0.361 0.362 0.362 0.362 0.362 0.362 0.362 0.367 0.368 0.378 0.378 0.378 0.378 0.384 0.385 0.385 0.391 0.391 0.392 0.394 0.394 0.397 0.407 0.409 0.409 0.415 0.415 0.415 0.422 0.419 0.419 0.428 0.429 0.44 0.441 0.448 0.448 0.448 0.454 0.458 0.464 0.467 0.467 0.474 0.478 0.487 0.491 0.496 0.497 0.5 0.501 0.506 0.514 0.519 0.526 0.542 0.637 0.642 0.642 0.642 0.641 0.641 0.641 0.641 0.641 0.644 0.644 0.641 0.64 0.641 0.64 0.633 0.633 0.634 0.634 0.641 0.641 0.641 0.635 0.635 0.633 0.63 0.63 0.629 0.629 0.632 0.632 0.632 0.632 0.634 0.631 0.631 0.63 0.63 0.622 0.622 0.623 0.623 0.628 0.629 0.629 0.634 0.634 0.635 0.641 0.641 0.641 0.638 0.637 0.635 0.637 0.637 0.646 0.646 0.646 0.646 0.645 0.641 0.641 0.641 0.649 0.65 0.656 0.656 0.656 0.656 0.656 0.656 0.656 0.657 0.659 0.664 0.664 0.664 0.666 0.664 0.666 0.666 0.666 0.67 0.67 0.671 0.671 0.678 0.678 0.679 0.684 0.685 0.688 0.69 0.691 0.691 0.697 0.698 0.701 0.701 0.705 0.707 0.711 0.715 0.718 0.72 0.722 0.724 0.724 0.728 0.737 0.741 0.743 0.745 0.754 0.757 0.771 0.784 0.794 2.228 2.253 2.256 2.256 2.265 2.274 2.279 2.281 2.286 2.299 2.304 2.321 2.329 2.341 2.341 2.341 2.273 2.273 2.146 2.131 2.104 2.093 2.078 2.046 2.038 2.034 2.029 2.014 1.993 1.987 1.965 1.962 1.947 1.94 1.921 1.909 1.885 1.884 1.882 1.832 1.831 1.82 1.772 1.748 1.738 1.697 1.684 1.68 1.68 1.679 1.665 1.66 1.645 1.645 1.622 1.611 1.601 1.596 1.589 1.57 1.565 1.546 1.545 1.532 1.525 1.525 1.523 1.514 1.511 1.5 1.496 1.485 1.481 1.473 1.473 1.455 1.429 0.714 0.71 0.71 0.709 0.709 0.709 0.709 0.704 0.702 0.696 0.695 0.693 0.693 0.689 0.689 0.687 0.689 0.685 0.689 0.685 0.689 0.689 0.689 0.69 0.69 0.689 0.687 0.682 0.676 0.676 0.676 0.676 0.676 0.677 0.677 0.677 0.677 0.677 0.675 0.674 0.674 0.674 0.674 0.673 0.673 0.673 0.674 0.674 0.677 0.677 0.674 0.673 0.673 0.672 0.673 0.673 0.67 0.67 0.677 0.669 0.677 0.677 0.677 0.672 0.672 0.672 0.673 0.672 0.672 0.672 0.672 0.672 0.672 0.674 0.674 0.674 0.673 0.674 0.677 0.677 0.677 0.677 0.672 0.672 0.676 0.676 0.679 0.679 0.679 0.679 0.676 0.674 0.673 0.674 0.676 1.332 1.335 1.335 1.335 1.371 1.371 1.371 1.365 1.294 1.226 1.171 1.111 1.072 1.025 0.976 0.941 0.921 0.891 0.856 0.835 0.804 0.779 0.757 0.739 0.721 0.693 0.68 0.665 0.642 0.635 0.621 0.604 0.587 0.581 0.581 0.557 0.55 0.546 0.531 0.504 0.456 0.455 0.449 0.455 0.439 0.436 0.436 0.432 0.43 0.418 0.399 0.399 0.399 0.401 0.401 0.401 0.394 0.39 0.39 0.394 0.395 0.395 0.395 0.396 0.396 0.395 0.396 0.396 0.399 0.405 0.405 0.405 0.416 0.402 0.402 0.402 0.406 0.405 0.406 0.405 0.408 0.408 0.409 0.41 0.411 0.411 0.413 0.413 0.418 0.417 0.417 0.421 0.421 0.435 1.751 1.751 1.751 1.743 
1 1 1 1 1 1 1 1 1 1 1 1 1 1 1 1 1 1 1 1 1 1 1 1 1 1 1 1 1 1 1 1 1 1 1 1 1 1 1 1 1 1 1 1 1 1 1 1 1 1 1 1 1 1 1 1 1 1 1 1 1 1 1 1 1 1 1 1 1 1 1 1 1 1 1 1 1 1 1 1 1 1 1 1 1 1 1 1 1 1 1 1 1 1 1 1 1 1 1 1 1 1 1 1 1 1 1 1 1 1 1 1 1 1 1 1 1 1 1 1 1 1 1 1 1 1 1 1 1 1 1 1 1 1 1 1 1 1 1 1 1 1 1 1 1 1 1 1 1 1 1 1 1 1 1 1 1 1 1 1 1 1 1 1 1 1 1 1 1 1 1 1 1 1 1 1 1 1 1 1 1 1 1 1 1 1 1 1 1 1 1 1 1 1 1 1 1 1 1 1 1 1 1 1 1 1 1 1 1 1 1 1 1 1 1 1 1 1 1 1 1 1 1 1 1 1 1 1 1 1 1 1 1 1 1 1 1 1 1 1 1 1 1 1 1 1 1 1 1 1 1 1 1 1 1 1 1 1 1 1 1 1 1 1 1 1 1 1 1 1 1 1 1 1 1 1 1 1 1 1 1 1 1 1 1 1 1 1 1 1 1 1 1 1 1 1 1 1 1 1 1 1 1 1 1 1 1 1 1 1 1 1 1 1 1 1 1 1 1 1 1 1 1 1 1 1 1 1 1 1 1 1 1 1 1 1 1 1 1 1 1 1 1 1 1 1 1 1 1 1 1 1 1 1 1 1 1 1 1 1 1 1 1 1 1 1 1 1 1 1 1 1 1 1 1 1 1 1 1 1 1 1 1 1 1 1 1 1 1 1 1 1 1 1 1 1 1 1 1 1 1 1 1 1 1 1 1 1 1 1 1 1 1 1 1 1 1 1 1 1 1 1 1 1 1 1 1 1 1 1 1 1 1 1 1 1 1 1 1 1 1 1 1 1 1 1 1 1 1 1 1 1 1 1 1 1 1 1 1 1 1 1 1 1 1 1 1 1 1 1 1 1 1 1 1 1 1 1 1 1 1 1 1 1 1 1 1 1 1 1 1 1 1 1 1 1 1 1 1 1 1 1 1 1 1 1 1 1 1 1 1 1 1 1 1 1 1 1 1 1 1 1 1 1 1 1 1 1 1 1 1 1 1 1 1 1 1 1 1 1 1 1 1 1 1 1 1 1 1 1 1 1 1 1 1 1 1 1 1 1 1 1 1 1 1 1 1 1 1 1 1 1 1 1 1 1 1 1 1 1 1 1 1 1 1 1 1 1 1 1 1 1 1 1 1 1 1 1 1 1 1 1 1 1 1 1 1 1 1 1 1 1 1 1 1 1 1 1 1 1 1 1 1 1 1 1 1 1 1 1 1 1 1 1 1 1 1 1 1 1 1 1 1 1 1 1 1 1 1 1 1 1 1 1 1 1 1 1 1 1 1 1 1 1 1 1 1 1 1 1 1 1 1 1 1 1 1 1 1 1 1 1 
