# This file contains a 2D laser scan observation. 
# Its format is: 
# [aperture] [max_range] [number_of_scans] 
# [vector_of_scans] 
# [vector_of_valid_scans] 
# The aperture of the sensor is in radians, the maximum range 
# and measurements are in meters. '1' means a valid scan, '0' otherwise.
4.1847
5.6
682
0.354 0.354 0.35 0.35 0.35 0.348 0.344 0.342 0.341 0.34 0.34 0.336 0.336 0.335 0.335 0.334 0.334 0.33 0.33 0.329 0.325 0.323 0.323 0.323 0.321 0.321 0.317 0.317 0.317 0.315 0.314 0.313 0.304 0.302 0.302 0.302 0.302 0.302 0.306 0.306 0.301 0.301 0.298 0.298 0.296 0.298 0.298 0.295 0.295 0.294 0.291 0.291 0.288 0.286 0.286 0.286 0.286 0.291 0.291 0.291 0.289 0.284 0.284 0.282 0.282 0.284 0.284 0.284 0.284 0.284 0.284 0.284 0.279 0.278 0.278 0.278 0.278 0.279 0.279 0.277 0.277 0.271 0.27 0.265 0.264 0.262 0.264 0.264 0.264 0.262 0.271 0.267 0.27 0.27 0.27 0.27 0.27 0.27 0.272 0.272 0.27 0.272 0.272 0.272 0.272 0.272 0.27 0.27 0.27 0.274 0.278 0.279 0.283 0.293 0.313 0.313 0.313 0.309 0.307 0.306 0.303 0.279 0.276 0.275 0.274 0.273 0.267 0.267 0.267 0.267 0.27 0.27 0.27 0.268 0.268 0.268 0.268 0.268 0.264 0.265 0.265 0.264 0.265 0.265 0.267 0.271 0.271 0.273 0.273 0.273 0.272 0.272 0.271 0.272 0.275 0.275 0.272 0.274 0.274 0.274 0.274 0.278 0.278 0.276 0.276 0.277 0.276 0.277 0.281 0.281 0.281 0.281 0.281 0.279 0.279 0.279 0.281 0.281 0.282 0.288 0.288 0.288 0.29 0.288 0.286 0.288 0.286 0.286 0.286 0.29 0.292 0.295 0.292 0.295 0.295 0.298 0.299 0.299 0.299 0.301 0.302 0.306 0.302 0.31 0.31 0.311 0.311 0.315 0.311 0.311 0.314 0.314 0.314 0.317 0.32 0.321 0.323 0.323 0.323 0.328 0.338 0.338 0.338 0.337 0.337 0.337 0.342 0.342 0.342 0.346 0.346 0.347 0.349 0.353 0.354 0.36 0.356 0.36 0.362 0.368 0.362 0.368 0.371 0.371 0.376 0.38 0.387 0.388 0.391 0.392 0.392 0.394 0.395 0.395 0.397 0.406 0.408 0.412 0.415 0.421 0.429 0.429 0.432 0.433 0.434 0.437 0.437 0.439 0.447 0.448 0.45 0.458 0.459 0.46 0.461 0.465 0.468 0.479 0.48 0.48 0.489 0.492 0.501 0.567 0.614 0.614 0.614 0.614 0.616 0.614 0.611 0.611 0.611 0.611 0.613 0.613 0.613 0.612 0.61 0.61 0.608 0.604 0.604 0.604 0.604 0.606 0.606 0.608 0.608 0.604 0.604 0.604 0.603 0.603 0.603 0.603 0.603 0.604 0.602 0.603 0.603 0.605 0.604 0.605 0.605 0.604 0.603 0.603 0.6 0.603 0.605 0.605 0.602 0.602 0.599 0.599 0.602 0.602 0.602 0.604 0.608 0.604 0.608 0.608 0.608 0.616 0.616 0.613 0.615 0.614 0.613 0.614 0.614 0.614 0.614 0.619 0.624 0.624 0.624 0.625 0.624 0.625 0.626 0.626 0.626 0.63 0.633 0.634 0.634 0.635 0.635 0.636 0.647 0.647 0.647 0.647 0.647 0.647 0.649 0.654 0.654 0.656 0.656 0.658 0.659 0.66 0.66 0.671 0.672 0.672 0.672 0.675 0.683 0.683 0.684 0.687 0.688 0.691 0.696 0.706 0.707 0.708 0.721 0.724 0.726 0.737 0.739 0.758 0.77 2.197 2.23 2.231 2.244 2.245 2.248 2.255 2.267 2.269 2.27 2.296 2.305 2.313 2.324 2.324 2.324 2.114 2.112 2.11 2.086 2.06 2.048 2.024 2.021 2.01 1.994 1.98 1.971 1.95 1.944 1.928 1.92 1.906 1.904 1.888 1.858 1.857 1.845 1.833 1.802 1.796 1.78 1.749 1.717 1.717 1.702 1.663 1.656 1.654 1.641 1.624 1.623 1.617 1.599 1.594 1.578 1.57 1.563 1.552 1.544 1.536 1.524 1.524 1.507 1.505 1.504 1.494 1.486 1.484 1.473 1.469 1.468 1.464 1.454 1.438 1.437 1.431 1.431 1.421 1.394 0.692 0.688 0.684 0.682 0.683 0.682 0.683 0.68 0.681 0.679 0.672 0.671 0.67 0.67 0.67 0.668 0.67 0.67 0.667 0.662 0.662 0.662 0.663 0.671 0.671 0.671 0.671 0.666 0.66 0.66 0.66 0.654 0.66 0.66 0.663 0.659 0.659 0.659 0.66 0.658 0.658 0.658 0.658 0.658 0.658 0.656 0.665 0.657 0.657 0.657 0.66 0.657 0.66 0.66 0.658 0.658 0.658 0.655 0.655 0.659 0.655 0.658 0.658 0.658 0.657 0.658 0.657 0.657 0.657 0.657 0.657 0.658 0.657 0.658 0.661 0.658 0.66 0.661 0.66 0.66 0.66 0.662 0.662 0.664 0.664 0.664 0.669 0.669 0.669 0.669 0.669 0.667 0.666 0.666 0.666 0.666 0.666 0.668 1.365 1.365 1.365 1.342 1.287 1.235 1.178 1.135 1.092 1.053 1.022 0.975 0.955 0.931 0.903 0.879 0.851 0.839 0.811 0.8 0.772 0.754 0.736 0.727 0.717 0.682 0.681 0.665 0.652 0.642 0.632 0.611 0.605 0.596 0.583 0.581 0.562 0.549 0.546 0.542 0.529 0.525 0.511 0.488 0.461 0.459 0.453 0.448 0.448 0.445 0.442 0.442 0.429 0.426 0.418 0.415 0.406 0.399 0.406 0.401 0.394 0.392 0.392 0.391 0.391 0.392 0.398 0.398 0.4 0.401 0.401 0.401 0.406 0.41 0.41 0.413 0.41 0.41 0.405 0.405 0.405 0.407 0.409 0.411 0.411 0.415 0.418 0.415 0.417 0.419 0.419 0.419 0.431 0.431 0.431 
1 1 1 1 1 1 1 1 1 1 1 1 1 1 1 1 1 1 1 1 1 1 1 1 1 1 1 1 1 1 1 1 1 1 1 1 1 1 1 1 1 1 1 1 1 1 1 1 1 1 1 1 1 1 1 1 1 1 1 1 1 1 1 1 1 1 1 1 1 1 1 1 1 1 1 1 1 1 1 1 1 1 1 1 1 1 1 1 1 1 1 1 1 1 1 1 1 1 1 1 1 1 1 1 1 1 1 1 1 1 1 1 1 1 1 1 1 1 1 1 1 1 1 1 1 1 1 1 1 1 1 1 1 1 1 1 1 1 1 1 1 1 1 1 1 1 1 1 1 1 1 1 1 1 1 1 1 1 1 1 1 1 1 1 1 1 1 1 1 1 1 1 1 1 1 1 1 1 1 1 1 1 1 1 1 1 1 1 1 1 1 1 1 1 1 1 1 1 1 1 1 1 1 1 1 1 1 1 1 1 1 1 1 1 1 1 1 1 1 1 1 1 1 1 1 1 1 1 1 1 1 1 1 1 1 1 1 1 1 1 1 1 1 1 1 1 1 1 1 1 1 1 1 1 1 1 1 1 1 1 1 1 1 1 1 1 1 1 1 1 1 1 1 1 1 1 1 1 1 1 1 1 1 1 1 1 1 1 1 1 1 1 1 1 1 1 1 1 1 1 1 1 1 1 1 1 1 1 1 1 1 1 1 1 1 1 1 1 1 1 1 1 1 1 1 1 1 1 1 1 1 1 1 1 1 1 1 1 1 1 1 1 1 1 1 1 1 1 1 1 1 1 1 1 1 1 1 1 1 1 1 1 1 1 1 1 1 1 1 1 1 1 1 1 1 1 1 1 1 1 1 1 1 1 1 1 1 1 1 1 1 1 1 1 1 1 1 1 1 1 1 1 1 1 1 1 1 1 1 1 1 1 1 1 1 1 1 1 1 1 1 1 1 1 1 1 1 1 1 1 1 1 1 1 1 1 1 1 1 1 1 1 1 1 1 1 1 1 1 1 1 1 1 1 1 1 1 1 1 1 1 1 1 1 1 1 1 1 1 1 1 1 1 1 1 1 1 1 1 1 1 1 1 1 1 1 1 1 1 1 1 1 1 1 1 1 1 1 1 1 1 1 1 1 1 1 1 1 1 1 1 1 1 1 1 1 1 1 1 1 1 1 1 1 1 1 1 1 1 1 1 1 1 1 1 1 1 1 1 1 1 1 1 1 1 1 1 1 1 1 1 1 1 1 1 1 1 1 1 1 1 1 1 1 1 1 1 1 1 1 1 1 1 1 1 1 1 1 1 1 1 1 1 1 1 1 1 1 1 1 1 1 1 1 1 1 1 1 1 1 1 1 1 1 1 1 1 1 1 1 1 1 1 1 1 1 1 1 1 1 1 1 1 1 1 1 1 1 1 1 1 1 1 1 1 1 1 1 1 1 1 1 1 1 1 1 1 1 1 1 1 1 1 1 1 1 1 1 1 1 1 1 1 1 1 1 1 1 1 1 1 1 1 1 1 1 1 1 1 1 1 1 
