# This file contains a 2D laser scan observation. 
# Its format is: 
# [aperture] [max_range] [number_of_scans] 
# [vector_of_scans] 
# [vector_of_valid_scans] 
# The aperture of the sensor is in radians, the maximum range 
# and measurements are in meters. '1' means a valid scan, '0' otherwise.
4.1847
5.6
682
0.344 0.343 0.342 0.343 0.343 0.343 0.342 0.341 0.338 0.335 0.329 0.329 0.329 0.329 0.327 0.325 0.325 0.325 0.325 0.32 0.316 0.313 0.31 0.31 0.308 0.308 0.31 0.305 0.306 0.306 0.305 0.305 0.306 0.305 0.305 0.305 0.302 0.299 0.299 0.299 0.295 0.299 0.295 0.294 0.291 0.288 0.288 0.294 0.287 0.288 0.293 0.288 0.288 0.288 0.285 0.284 0.282 0.282 0.282 0.281 0.279 0.277 0.277 0.277 0.276 0.28 0.28 0.276 0.275 0.274 0.274 0.274 0.273 0.273 0.274 0.274 0.274 0.274 0.276 0.276 0.276 0.276 0.278 0.279 0.279 0.279 0.276 0.271 0.269 0.268 0.269 0.269 0.269 0.269 0.27 0.27 0.27 0.27 0.275 0.275 0.275 0.277 0.277 0.279 0.278 0.28 0.28 0.284 0.288 0.289 0.295 0.295 0.299 0.302 0.295 0.289 0.289 0.28 0.278 0.275 0.274 0.274 0.269 0.269 0.268 0.268 0.268 0.269 0.269 0.269 0.267 0.269 0.267 0.267 0.267 0.271 0.267 0.264 0.264 0.268 0.267 0.268 0.268 0.267 0.264 0.264 0.264 0.268 0.268 0.271 0.271 0.271 0.276 0.278 0.278 0.278 0.278 0.278 0.274 0.278 0.276 0.278 0.276 0.276 0.275 0.275 0.274 0.274 0.276 0.279 0.279 0.284 0.284 0.284 0.287 0.288 0.287 0.287 0.288 0.29 0.288 0.293 0.293 0.296 0.293 0.296 0.296 0.298 0.298 0.299 0.299 0.299 0.3 0.3 0.303 0.304 0.305 0.306 0.311 0.312 0.312 0.311 0.31 0.31 0.31 0.317 0.319 0.321 0.327 0.329 0.329 0.329 0.329 0.329 0.329 0.333 0.335 0.336 0.335 0.337 0.337 0.342 0.342 0.344 0.345 0.344 0.35 0.355 0.364 0.357 0.357 0.362 0.362 0.362 0.367 0.369 0.369 0.372 0.376 0.378 0.382 0.383 0.389 0.385 0.391 0.391 0.395 0.397 0.398 0.398 0.4 0.407 0.407 0.416 0.416 0.417 0.425 0.428 0.431 0.431 0.443 0.443 0.447 0.443 0.45 0.452 0.455 0.457 0.46 0.467 0.481 0.489 0.563 0.582 0.582 0.582 0.582 0.582 0.581 0.583 0.583 0.583 0.58 0.58 0.578 0.576 0.576 0.578 0.571 0.569 0.572 0.572 0.565 0.565 0.572 0.575 0.57 0.573 0.575 0.573 0.571 0.571 0.571 0.57 0.568 0.568 0.568 0.567 0.568 0.567 0.562 0.562 0.563 0.562 0.563 0.565 0.566 0.565 0.566 0.566 0.566 0.566 0.566 0.565 0.563 0.563 0.563 0.563 0.566 0.566 0.567 0.568 0.569 0.572 0.572 0.572 0.573 0.57 0.57 0.573 0.573 0.574 0.574 0.574 0.578 0.58 0.58 0.581 0.58 0.58 0.58 0.589 0.579 0.588 0.58 0.588 0.586 0.586 0.586 0.586 0.586 0.59 0.591 0.592 0.594 0.595 0.6 0.609 0.61 0.61 0.61 0.609 0.611 0.611 0.611 0.612 0.614 0.616 0.616 0.616 0.616 0.617 0.622 0.626 0.63 0.634 0.639 0.64 0.641 0.643 0.643 0.648 0.648 0.648 0.65 0.661 0.669 0.672 0.679 0.68 0.689 0.691 0.694 0.699 0.708 0.719 2.19 2.201 2.211 2.211 2.213 2.218 2.229 2.231 2.244 2.26 2.261 2.28 2.284 2.284 2.284 2.087 2.068 2.066 2.046 2.027 2.026 2.007 1.992 1.987 1.967 1.96 1.937 1.936 1.917 1.906 1.889 1.881 1.865 1.86 1.844 1.82 1.816 1.81 1.798 1.769 1.75 1.734 1.698 1.691 1.671 1.618 1.618 1.614 1.612 1.6 1.592 1.584 1.57 1.567 1.55 1.539 1.534 1.529 1.522 1.504 1.503 1.499 1.49 1.488 1.479 1.47 1.46 1.454 1.449 1.446 1.438 1.428 1.428 1.418 1.417 1.416 1.407 1.4 1.397 1.392 1.388 1.369 1.369 1.359 1.343 0.67 0.664 0.662 0.662 0.661 0.661 0.657 0.655 0.65 0.65 0.645 0.645 0.646 0.646 0.646 0.648 0.648 0.645 0.644 0.644 0.641 0.64 0.64 0.641 0.641 0.641 0.644 0.641 0.645 0.639 0.639 0.639 0.639 0.639 0.639 0.639 0.639 0.639 0.638 0.639 0.641 0.638 0.638 0.638 0.638 0.637 0.638 0.637 0.638 0.636 0.636 0.636 0.637 0.636 0.636 0.637 0.636 0.635 0.635 0.636 0.636 0.637 0.637 0.639 0.639 0.639 0.639 0.639 0.639 0.639 0.643 0.639 0.645 0.647 0.645 0.641 0.645 0.643 0.643 0.645 0.645 0.651 0.651 0.651 0.651 0.651 0.649 0.649 0.649 0.649 0.649 0.656 0.656 0.656 0.656 0.657 0.657 0.658 0.657 0.662 0.665 1.162 1.162 1.162 1.132 1.091 1.07 1.029 1.006 0.968 0.959 0.932 0.902 0.894 0.871 0.85 0.829 0.814 0.796 0.787 0.766 0.749 0.745 0.728 0.715 0.694 0.693 0.688 0.666 0.648 0.646 0.63 0.629 0.615 0.605 0.593 0.592 0.586 0.582 0.569 0.557 0.556 0.551 0.54 0.526 0.522 0.522 0.52 0.504 0.468 0.463 0.461 0.461 0.456 0.456 0.454 0.453 0.445 0.44 0.429 0.429 0.427 0.42 0.419 0.414 0.417 0.417 0.411 0.411 0.411 0.405 0.405 0.405 0.406 0.406 0.409 0.409 0.41 0.41 0.41 0.415 0.419 0.423 0.423 0.423 0.423 0.423 0.424 0.424 0.424 0.424 
1 1 1 1 1 1 1 1 1 1 1 1 1 1 1 1 1 1 1 1 1 1 1 1 1 1 1 1 1 1 1 1 1 1 1 1 1 1 1 1 1 1 1 1 1 1 1 1 1 1 1 1 1 1 1 1 1 1 1 1 1 1 1 1 1 1 1 1 1 1 1 1 1 1 1 1 1 1 1 1 1 1 1 1 1 1 1 1 1 1 1 1 1 1 1 1 1 1 1 1 1 1 1 1 1 1 1 1 1 1 1 1 1 1 1 1 1 1 1 1 1 1 1 1 1 1 1 1 1 1 1 1 1 1 1 1 1 1 1 1 1 1 1 1 1 1 1 1 1 1 1 1 1 1 1 1 1 1 1 1 1 1 1 1 1 1 1 1 1 1 1 1 1 1 1 1 1 1 1 1 1 1 1 1 1 1 1 1 1 1 1 1 1 1 1 1 1 1 1 1 1 1 1 1 1 1 1 1 1 1 1 1 1 1 1 1 1 1 1 1 1 1 1 1 1 1 1 1 1 1 1 1 1 1 1 1 1 1 1 1 1 1 1 1 1 1 1 1 1 1 1 1 1 1 1 1 1 1 1 1 1 1 1 1 1 1 1 1 1 1 1 1 1 1 1 1 1 1 1 1 1 1 1 1 1 1 1 1 1 1 1 1 1 1 1 1 1 1 1 1 1 1 1 1 1 1 1 1 1 1 1 1 1 1 1 1 1 1 1 1 1 1 1 1 1 1 1 1 1 1 1 1 1 1 1 1 1 1 1 1 1 1 1 1 1 1 1 1 1 1 1 1 1 1 1 1 1 1 1 1 1 1 1 1 1 1 1 1 1 1 1 1 1 1 1 1 1 1 1 1 1 1 1 1 1 1 1 1 1 1 1 1 1 1 1 1 1 1 1 1 1 1 1 1 1 1 1 1 1 1 1 1 1 1 1 1 1 1 1 1 1 1 1 1 1 1 1 1 1 1 1 1 1 1 1 1 1 1 1 1 1 1 1 1 1 1 1 1 1 1 1 1 1 1 1 1 1 1 1 1 1 1 1 1 1 1 1 1 1 1 1 1 1 1 1 1 1 1 1 1 1 1 1 1 1 1 1 1 1 1 1 1 1 1 1 1 1 1 1 1 1 1 1 1 1 1 1 1 1 1 1 1 1 1 1 1 1 1 1 1 1 1 1 1 1 1 1 1 1 1 1 1 1 1 1 1 1 1 1 1 1 1 1 1 1 1 1 1 1 1 1 1 1 1 1 1 1 1 1 1 1 1 1 1 1 1 1 1 1 1 1 1 1 1 1 1 1 1 1 1 1 1 1 1 1 1 1 1 1 1 1 1 1 1 1 1 1 1 1 1 1 1 1 1 1 1 1 1 1 1 1 1 1 1 1 1 1 1 1 1 1 1 1 1 1 1 1 1 1 1 1 1 1 1 1 1 1 1 1 1 1 1 1 1 1 1 1 1 1 1 1 1 1 1 1 1 1 1 1 1 1 1 1 1 1 1 1 1 1 1 1 1 1 1 1 1 1 1 1 1 1 1 
