# This file contains a 2D laser scan observation. 
# Its format is: 
# [aperture] [max_range] [number_of_scans] 
# [vector_of_scans] 
# [vector_of_valid_scans] 
# The aperture of the sensor is in radians, the maximum range 
# and measurements are in meters. '1' means a valid scan, '0' otherwise.
4.1847
5.6
682
0.325 0.325 0.325 0.328 0.328 0.328 0.319 0.319 0.319 0.317 0.317 0.315 0.314 0.314 0.314 0.314 0.314 0.314 0.314 0.311 0.311 0.311 0.309 0.309 0.305 0.302 0.302 0.299 0.299 0.299 0.296 0.299 0.296 0.296 0.29 0.299 0.293 0.295 0.293 0.293 0.293 0.289 0.287 0.287 0.287 0.287 0.287 0.287 0.287 0.287 0.287 0.287 0.287 0.285 0.285 0.285 0.284 0.284 0.286 0.287 0.287 0.287 0.284 0.28 0.278 0.278 0.284 0.278 0.275 0.275 0.275 0.275 0.275 0.279 0.282 0.279 0.276 0.276 0.276 0.276 0.276 0.281 0.285 0.285 0.286 0.287 0.289 0.29 0.291 0.297 0.305 0.307 0.31 0.313 0.313 0.313 0.307 0.301 0.297 0.291 0.29 0.288 0.283 0.282 0.277 0.275 0.277 0.279 0.275 0.279 0.279 0.279 0.279 0.279 0.282 0.282 0.281 0.28 0.28 0.274 0.274 0.274 0.274 0.274 0.274 0.272 0.274 0.275 0.276 0.276 0.276 0.279 0.287 0.287 0.287 0.284 0.286 0.286 0.286 0.287 0.287 0.287 0.287 0.284 0.284 0.287 0.29 0.29 0.29 0.287 0.285 0.285 0.285 0.288 0.289 0.294 0.294 0.294 0.294 0.295 0.298 0.298 0.298 0.298 0.298 0.298 0.301 0.302 0.302 0.302 0.305 0.311 0.311 0.311 0.311 0.311 0.31 0.31 0.313 0.319 0.319 0.319 0.321 0.325 0.325 0.326 0.327 0.331 0.332 0.332 0.332 0.332 0.332 0.332 0.338 0.338 0.343 0.343 0.343 0.343 0.343 0.343 0.344 0.349 0.351 0.351 0.355 0.358 0.359 0.361 0.367 0.37 0.371 0.372 0.371 0.372 0.377 0.378 0.385 0.399 0.479 0.48 0.486 0.486 0.485 0.486 0.486 0.487 0.489 0.492 0.492 0.489 0.487 0.481 0.481 0.481 0.481 0.481 0.478 0.478 0.476 0.475 0.473 0.473 0.471 0.471 0.471 0.471 0.47 0.468 0.467 0.467 0.466 0.467 0.467 0.466 0.466 0.457 0.457 0.457 0.455 0.456 0.456 0.455 0.452 0.452 0.452 0.454 0.455 0.455 0.455 0.452 0.449 0.449 0.449 0.45 0.45 0.45 0.447 0.447 0.447 0.447 0.447 0.448 0.448 0.447 0.447 0.447 0.445 0.445 0.447 0.446 0.446 0.446 0.446 0.443 0.443 0.443 0.443 0.447 0.449 0.449 0.449 0.449 0.449 0.449 0.449 0.45 0.452 0.453 0.452 0.455 0.452 0.452 0.452 0.452 0.452 0.452 0.452 0.46 0.46 0.458 0.46 0.46 0.462 0.462 0.462 0.457 0.455 0.455 0.455 0.455 0.458 0.46 0.46 0.465 0.465 0.465 0.465 0.468 0.471 0.473 0.473 0.473 0.473 0.473 0.475 0.475 0.473 0.475 0.475 0.477 0.478 0.489 0.489 0.491 0.491 0.491 0.489 0.492 0.491 0.492 0.494 0.495 0.495 0.496 0.496 0.499 0.505 0.507 0.509 0.509 0.509 0.509 0.509 0.512 0.519 0.525 0.528 0.529 0.529 0.529 0.536 0.543 0.543 0.551 0.553 0.556 0.556 0.56 0.563 0.578 0.595 0.61 2.095 2.096 2.114 2.114 2.121 2.126 2.138 2.162 2.164 2.164 2.164 2.05 1.954 1.944 1.942 1.924 1.909 1.892 1.882 1.875 1.866 1.848 1.827 1.827 1.819 1.807 1.798 1.783 1.762 1.754 1.75 1.741 1.727 1.711 1.698 1.694 1.682 1.655 1.637 1.636 1.616 1.597 1.579 1.566 1.545 1.505 1.504 1.497 1.485 1.472 1.46 1.459 1.449 1.445 1.433 1.425 1.424 1.411 1.404 1.402 1.394 1.389 1.379 1.378 1.369 1.365 1.362 1.36 1.359 1.347 1.34 1.339 1.332 1.33 1.326 1.321 1.318 1.305 1.303 1.301 1.3 1.291 1.289 1.287 1.277 1.277 1.274 1.271 1.271 1.264 1.26 1.259 1.256 1.249 1.246 1.242 1.239 1.238 1.237 1.234 1.237 1.213 1.2 0.58 0.577 0.571 0.569 0.568 0.568 0.568 0.568 0.568 0.571 0.571 0.571 0.572 0.571 0.566 0.566 0.565 0.565 0.566 0.566 0.569 0.569 0.569 0.569 0.569 0.574 0.574 0.574 0.574 0.574 0.574 0.573 0.572 0.57 0.571 0.571 0.572 0.571 0.571 0.569 0.569 0.569 0.57 0.57 0.57 0.57 0.57 0.573 0.574 0.573 0.573 0.567 0.567 0.567 0.569 0.57 0.572 0.572 0.575 0.578 0.578 0.579 0.582 0.582 0.579 0.579 0.578 0.578 0.578 0.578 0.581 0.581 0.583 0.584 0.585 0.585 0.593 0.593 0.595 0.595 0.593 0.597 0.597 0.602 0.597 0.602 0.601 0.602 0.602 0.604 0.61 0.612 0.612 0.612 0.616 0.616 0.617 0.623 0.617 0.623 0.623 0.623 0.628 0.63 0.63 0.63 0.63 0.632 0.635 0.704 0.875 0.875 0.875 0.862 0.842 0.842 0.829 0.818 0.814 0.793 0.789 0.781 0.774 0.768 0.752 0.746 0.742 0.732 0.718 0.709 0.701 0.694 0.692 0.687 0.676 0.674 0.665 0.663 0.656 0.65 0.644 0.635 0.631 0.628 0.616 0.616 0.61 0.608 0.605 0.602 0.587 0.585 0.582 0.58 0.578 0.568 0.561 0.561 0.557 0.555 0.547 0.543 0.544 0.538 0.531 0.531 0.531 0.531 0.497 0.495 0.494 0.492 0.487 0.487 0.481 0.481 0.481 0.481 0.481 0.475 0.47 0.468 0.464 0.464 0.459 
1 1 1 1 1 1 1 1 1 1 1 1 1 1 1 1 1 1 1 1 1 1 1 1 1 1 1 1 1 1 1 1 1 1 1 1 1 1 1 1 1 1 1 1 1 1 1 1 1 1 1 1 1 1 1 1 1 1 1 1 1 1 1 1 1 1 1 1 1 1 1 1 1 1 1 1 1 1 1 1 1 1 1 1 1 1 1 1 1 1 1 1 1 1 1 1 1 1 1 1 1 1 1 1 1 1 1 1 1 1 1 1 1 1 1 1 1 1 1 1 1 1 1 1 1 1 1 1 1 1 1 1 1 1 1 1 1 1 1 1 1 1 1 1 1 1 1 1 1 1 1 1 1 1 1 1 1 1 1 1 1 1 1 1 1 1 1 1 1 1 1 1 1 1 1 1 1 1 1 1 1 1 1 1 1 1 1 1 1 1 1 1 1 1 1 1 1 1 1 1 1 1 1 1 1 1 1 1 1 1 1 1 1 1 1 1 1 1 1 1 1 1 1 1 1 1 1 1 1 1 1 1 1 1 1 1 1 1 1 1 1 1 1 1 1 1 1 1 1 1 1 1 1 1 1 1 1 1 1 1 1 1 1 1 1 1 1 1 1 1 1 1 1 1 1 1 1 1 1 1 1 1 1 1 1 1 1 1 1 1 1 1 1 1 1 1 1 1 1 1 1 1 1 1 1 1 1 1 1 1 1 1 1 1 1 1 1 1 1 1 1 1 1 1 1 1 1 1 1 1 1 1 1 1 1 1 1 1 1 1 1 1 1 1 1 1 1 1 1 1 1 1 1 1 1 1 1 1 1 1 1 1 1 1 1 1 1 1 1 1 1 1 1 1 1 1 1 1 1 1 1 1 1 1 1 1 1 1 1 1 1 1 1 1 1 1 1 1 1 1 1 1 1 1 1 1 1 1 1 1 1 1 1 1 1 1 1 1 1 1 1 1 1 1 1 1 1 1 1 1 1 1 1 1 1 1 1 1 1 1 1 1 1 1 1 1 1 1 1 1 1 1 1 1 1 1 1 1 1 1 1 1 1 1 1 1 1 1 1 1 1 1 1 1 1 1 1 1 1 1 1 1 1 1 1 1 1 1 1 1 1 1 1 1 1 1 1 1 1 1 1 1 1 1 1 1 1 1 1 1 1 1 1 1 1 1 1 1 1 1 1 1 1 1 1 1 1 1 1 1 1 1 1 1 1 1 1 1 1 1 1 1 1 1 1 1 1 1 1 1 1 1 1 1 1 1 1 1 1 1 1 1 1 1 1 1 1 1 1 1 1 1 1 1 1 1 1 1 1 1 1 1 1 1 1 1 1 1 1 1 1 1 1 1 1 1 1 1 1 1 1 1 1 1 1 1 1 1 1 1 1 1 1 1 1 1 1 1 1 1 1 1 1 1 1 1 1 1 1 1 1 1 1 1 1 1 1 1 1 1 1 1 1 1 1 1 1 1 1 1 1 1 1 1 1 1 1 1 1 1 1 1 1 1 1 1 1 1 1 1 1 1 1 1 1 1 1 1 1 1 1 1 
