# This file contains a 2D laser scan observation. 
# Its format is: 
# [aperture] [max_range] [number_of_scans] 
# [vector_of_scans] 
# [vector_of_valid_scans] 
# The aperture of the sensor is in radians, the maximum range 
# and measurements are in meters. '1' means a valid scan, '0' otherwise.
4.1847
5.6
682
0.699 0.699 0.696 0.696 0.694 0.684 0.681 0.677 0.675 0.661 0.661 0.654 0.654 0.652 0.647 0.644 0.641 0.638 0.638 0.638 0.638 0.638 0.631 0.631 0.628 0.62 0.62 0.619 0.616 0.614 0.614 0.61 0.61 0.614 0.611 0.613 0.613 0.611 0.603 0.603 0.602 0.6 0.594 0.592 0.588 0.587 0.585 0.582 0.582 0.58 0.582 0.58 0.574 0.574 0.574 0.571 0.571 0.571 0.57 0.571 0.571 0.571 0.571 0.571 0.567 0.567 0.567 0.565 0.565 0.565 0.559 0.559 0.567 0.567 0.567 0.573 0.567 0.56 0.56 0.57 0.568 0.568 0.568 0.566 0.557 0.546 0.546 0.545 0.545 0.543 0.543 0.543 0.543 0.542 0.543 0.548 0.549 0.549 0.549 0.549 0.549 0.549 0.558 0.558 0.546 0.542 0.546 0.546 0.546 0.547 0.553 0.559 0.559 0.573 0.575 0.575 0.577 0.575 0.575 0.574 0.563 0.541 0.538 0.538 0.538 0.553 0.581 0.581 0.588 0.591 0.591 0.591 0.589 0.587 0.578 0.571 0.559 0.544 0.544 0.539 0.539 0.539 0.54 0.542 0.548 0.548 0.549 0.548 0.547 0.547 0.547 0.543 0.543 0.543 0.547 0.546 0.547 0.547 0.547 0.55 0.55 0.55 0.55 0.55 0.549 0.556 0.556 0.558 0.558 0.559 0.56 0.559 0.562 0.562 0.563 0.563 0.566 0.563 0.566 0.566 0.569 0.573 0.573 0.575 0.577 0.577 0.577 0.577 0.577 0.576 0.582 0.584 0.584 0.591 0.597 0.598 0.598 0.598 0.598 0.6 0.6 0.602 0.602 0.613 0.613 0.616 0.617 0.618 0.618 0.623 0.624 0.627 0.627 0.631 0.635 0.636 0.642 0.645 0.648 0.65 0.652 0.658 0.658 0.658 0.658 0.664 0.667 0.672 0.675 0.678 0.681 0.681 0.681 0.692 0.695 0.696 0.711 0.711 0.712 0.726 0.729 0.729 0.731 0.731 0.731 0.733 0.739 0.74 0.743 0.752 0.752 0.752 0.741 0.74 0.74 0.74 0.742 0.756 0.756 0.756 0.756 0.774 0 0 0 0.007 0 0 0 0 0 0 0 0 0 0 0.007 0 0 0 0.007 0 0 0 0 0 0 0 0 0 0 0 0 0 0 0 0 0 0 0 0 0 0 0 1.296 1.296 1.296 1.311 1.317 1.342 1.354 1.381 1.401 1.427 1.445 1.479 1.51 1.537 1.562 1.586 1.611 1.655 1.707 1.737 1.801 1.848 1.881 1.93 1.93 1.974 2.032 2.039 2.116 2.196 2.229 2.282 2.368 2.444 2.477 0 0 0 0 0 3.331 3.326 3.326 3.331 3.356 3.356 3.356 3.354 3.349 3.343 3.343 3.343 0 0 0 0 0.007 0 0 0 0 0.007 0 0.007 3.273 3.27 3.27 3.263 3.248 3.248 3.248 3.257 3.31 3.31 3.31 3.278 3.253 3.23 3.23 3.226 3.226 3.22 3.22 3.22 3.234 3.294 3.299 3.3 3.299 3.299 3.245 3.245 3.227 3.227 3.227 3.224 3.224 3.224 3.308 3.319 0 0 0 0 0 0 0 2.138 2.064 2.026 1.972 1.972 1.972 1.972 1.972 1.973 1.977 0 0 0 0 0 0 0 0 0 0 0 0 0 0 0 0 0 0 0 0 0 0 0 0 0 0 0 0 0 0 0 0 1.868 1.855 1.834 1.831 1.831 1.831 1.839 1.841 1.852 1.859 1.867 1.873 1.89 1.891 1.895 1.903 1.911 1.927 1.931 1.943 1.943 1.961 1.967 1.988 1.993 1.995 2.006 2.016 2.026 2.038 2.047 2.047 2.065 2.08 2.082 2.09 2.09 2.09 2.072 2.061 2.042 2.022 2.007 1.979 1.979 1.948 1.927 1.034 1.032 1.031 1.031 1.034 1.827 1.827 1.827 1.823 1.811 1.801 1.801 1.782 1.776 1.771 1.767 1.764 1.757 1.752 1.745 1.734 1.734 1.734 1.714 1.701 0.805 0.794 0.794 0.794 0.801 0.801 0.801 0.798 0.798 0.798 0.804 1.846 1.846 1.846 1.846 1.857 1.941 1.959 1.982 1.982 1.982 1.982 1.696 1.696 1.695 1.679 0.826 0.82 0.818 0.82 0.826 0.828 0.83 1.989 1.991 2.174 2.169 2.174 2.174 2.169 0.516 0.513 0.513 0.514 0.514 0.516 0.516 0.517 0.517 0.516 0.517 0.519 1.177 0.007 0.006 0.006 0.007 2.034 1.898 1.979 1.979 1.979 2.046 2.051 2.051 2.046 2.046 2.017 2.017 0.007 2.017 0.851 0.847 0.847 0.847 0.847 0.85 2.001 2.001 2.001 2.001 1.991 1.087 1.087 1.087 1.094 1.162 1.979 1.985 1.985 1.985 1.459 1.459 1.459 1.977 1.983 1.983 1.98 1.98 1.983 1.984 1.986 1.988 1.991 1.992 1.992 1.992 1.992 1.989 1.988 1.988 1.986 1.985 1.985 1.983 1.983 1.983 1.981 1.981 1.977 1.977 1.977 1.977 1.981 1.984 1.984 1.986 1.986 1.986 1.986 1.985 1.463 1.44 1.44 1.439 1.435 1.072 1.072 1.069 1.019 0.848 0.843 0.835 0.833 0.835 0.843 0.844 1.092 1.104 1.104 1.103 1.103 1.104 2.071 2.081 2.089 2.089 
1 1 1 1 1 1 1 1 1 1 1 1 1 1 1 1 1 1 1 1 1 1 1 1 1 1 1 1 1 1 1 1 1 1 1 1 1 1 1 1 1 1 1 1 1 1 1 1 1 1 1 1 1 1 1 1 1 1 1 1 1 1 1 1 1 1 1 1 1 1 1 1 1 1 1 1 1 1 1 1 1 1 1 1 1 1 1 1 1 1 1 1 1 1 1 1 1 1 1 1 1 1 1 1 1 1 1 1 1 1 1 1 1 1 1 1 1 1 1 1 1 1 1 1 1 1 1 1 1 1 1 1 1 1 1 1 1 1 1 1 1 1 1 1 1 1 1 1 1 1 1 1 1 1 1 1 1 1 1 1 1 1 1 1 1 1 1 1 1 1 1 1 1 1 1 1 1 1 1 1 1 1 1 1 1 1 1 1 1 1 1 1 1 1 1 1 1 1 1 1 1 1 1 1 1 1 1 1 1 1 1 1 1 1 1 1 1 1 1 1 1 1 1 1 1 1 1 1 1 1 1 1 1 1 1 1 1 1 1 1 1 1 1 1 1 1 1 1 1 1 1 1 1 1 1 1 1 1 1 1 1 1 0 0 0 0 0 0 0 0 0 0 0 0 0 0 0 0 0 0 0 0 0 0 0 0 0 0 0 0 0 0 0 0 0 0 0 0 0 0 0 0 0 0 1 1 1 1 1 1 1 1 1 1 1 1 1 1 1 1 1 1 1 1 1 1 1 1 1 1 1 1 1 1 1 1 1 1 1 0 0 0 0 0 1 1 1 1 1 1 1 1 1 1 1 1 0 0 0 0 0 0 0 0 0 0 0 0 1 1 1 1 1 1 1 1 1 1 1 1 1 1 1 1 1 1 1 1 1 1 1 1 1 1 1 1 1 1 1 1 1 1 1 1 0 0 0 0 0 0 0 1 1 1 1 1 1 1 1 1 1 0 0 0 0 0 0 0 0 0 0 0 0 0 0 0 0 0 0 0 0 0 0 0 0 0 0 0 0 0 0 0 0 1 1 1 1 1 1 1 1 1 1 1 1 1 1 1 1 1 1 1 1 1 1 1 1 1 1 1 1 1 1 1 1 1 1 1 1 1 1 1 1 1 1 1 1 1 1 1 1 1 1 1 1 1 1 1 1 1 1 1 1 1 1 1 1 1 1 1 1 1 1 1 1 1 1 1 1 1 1 1 1 1 1 1 1 1 1 1 1 1 1 1 1 1 1 1 1 1 1 1 1 1 1 1 1 1 1 1 1 1 1 1 1 1 1 1 1 1 1 1 1 1 1 1 1 1 0 0 0 0 1 1 1 1 1 1 1 1 1 1 1 1 0 1 1 1 1 1 1 1 1 1 1 1 1 1 1 1 1 1 1 1 1 1 1 1 1 1 1 1 1 1 1 1 1 1 1 1 1 1 1 1 1 1 1 1 1 1 1 1 1 1 1 1 1 1 1 1 1 1 1 1 1 1 1 1 1 1 1 1 1 1 1 1 1 1 1 1 1 1 1 1 1 1 1 1 1 1 1 1 
