# This file contains a 2D laser scan observation. 
# Its format is: 
# [aperture] [max_range] [number_of_scans] 
# [vector_of_scans] 
# [vector_of_valid_scans] 
# The aperture of the sensor is in radians, the maximum range 
# and measurements are in meters. '1' means a valid scan, '0' otherwise.
4.1847
5.6
682
0.391 0.391 0.391 0.392 0.391 0.391 0.389 0.387 0.387 0.387 0.387 0.387 0.387 0.383 0.383 0.379 0.379 0.379 0.379 0.379 0.383 0.385 0.386 0.386 0.386 0.386 0.382 0.382 0.386 0.416 0.417 0.428 0.487 0.533 0.533 0.591 0.591 0.598 0.598 0.599 0.599 0.599 0.576 0.556 0.554 0.554 0.539 0.538 0.539 0.539 0.538 0.518 0.514 0.511 0.505 0.494 0.49 0.478 0.474 0.472 0.472 0.46 0.45 0.446 0.435 0.435 0.427 0.426 0.417 0.414 0.406 0.402 0.398 0.396 0.392 0.389 0.381 0.377 0.371 0.371 0.369 0.368 0.358 0.357 0.355 0.35 0.347 0.34 0.34 0.339 0.336 0.336 0.333 0.332 0.328 0.324 0.32 0.319 0.317 0.314 0.306 0.306 0.306 0.306 0.306 0.301 0.296 0.294 0.293 0.29 0.283 0.283 0.283 0.283 0.276 0.281 0.271 0.272 0.27 0.27 0.265 0.264 0.264 0.262 0.261 0.26 0.259 0.259 0.258 0.257 0.257 0.253 0.249 0.249 0.248 0.248 0.245 0.241 0.241 0.241 0.241 0.241 0.237 0.235 0.235 0.234 0.234 0.233 0.233 0.233 0.234 0.233 0.233 0.23 0.229 0.227 0.226 0.224 0.224 0.224 0.224 0.226 0.226 0.222 0.219 0.219 0.219 0.216 0.219 0.219 0.217 0.217 0.217 0.216 0.214 0.214 0.214 0.212 0.217 0.217 0.212 0.212 0.211 0.211 0.21 0.21 0.21 0.21 0.207 0.21 0.213 0.213 0.212 0.212 0.21 0.208 0.206 0.205 0.202 0.202 0.202 0.201 0.2 0.201 0.201 0.201 0.203 0.203 0.203 0.2 0.2 0.2 0.199 0.2 0.199 0.197 0.197 0.197 0.197 0.198 0.201 0.198 0.199 0.199 0.199 0.198 0.199 0.203 0.203 0.203 0.205 0.205 0.204 0.202 0.202 0.202 0.201 0.201 0.197 0.197 0.197 0.196 0.193 0.196 0.2 0.202 0.203 0.203 0.203 0.202 0.202 0.199 0.199 0.199 0.199 0.202 0.202 0.202 0.202 0.204 0.209 0.209 0.209 0.209 0.204 0.204 0.204 0.205 0.204 0.204 0.204 0.204 0.204 0.208 0.208 0.208 0.208 0.205 0.205 0.205 0.205 0.21 0.211 0.212 0.212 0.213 0.214 0.216 0.225 0.225 0.225 0.223 0.222 0.219 0.221 0.222 0.222 0.223 0.224 0.224 0.224 0.224 0.228 0.228 0.228 0.228 0.229 0.229 0.235 0.239 0.239 0.239 0.241 0.241 0.241 0.241 0.241 0.241 0.238 0.243 0.246 0.256 0.256 0.257 0.257 0.259 0.262 0.262 0.265 0.265 0.271 0.279 0.281 0.282 0.285 0.295 1.728 1.747 1.748 1.748 1.761 1.762 1.766 1.766 1.78 1.782 1.785 1.79 1.816 1.821 1.836 1.847 1.855 1.855 1.855 1.851 1.638 1.638 1.626 1.617 1.617 1.607 1.593 1.586 1.566 1.56 1.547 1.542 1.53 1.521 1.506 1.498 1.493 1.478 1.473 1.461 1.458 1.439 1.435 1.425 1.421 1.404 1.404 1.384 1.38 1.372 1.364 1.359 1.339 1.326 1.321 1.315 1.3 1.293 1.273 1.261 1.258 1.248 1.215 1.196 1.188 1.181 1.174 1.162 1.157 1.153 1.145 1.145 1.14 1.139 1.132 1.123 1.122 1.119 1.107 1.105 1.102 1.099 1.094 1.089 1.083 1.082 1.082 1.078 1.076 1.076 1.069 1.067 1.062 1.061 1.057 1.057 1.053 1.048 1.042 1.041 1.039 1.033 1.031 1.029 1.029 1.028 1.022 1.019 1.018 1.015 1.015 1.013 1.015 1.013 1.012 1.009 1.007 1.003 0.998 0.998 0.994 0.994 0.991 0.991 0.991 0.991 0.988 0.989 0.988 0.988 0.988 0.986 0.986 0.982 0.982 0.982 0.982 0.98 0.982 0.98 0.98 0.979 0.981 0.981 0.981 0.979 0.98 0.976 0.976 0.98 0.98 0.975 0.982 0.982 0.983 0.983 0.984 0.987 0.991 0.999 1.003 1.003 1.013 1.013 1.016 1.016 1.019 1.021 1.027 1.032 1.032 1.033 1.033 1.033 1.033 1.033 0.745 0.739 0.739 0.742 0.742 0.742 0.742 0.742 0.742 0.749 0.752 0.756 0.753 0.757 0.753 0.753 0.394 0.355 0.355 0.355 0.355 0.36 0.36 0.361 0.358 0.361 0.364 0.364 0.364 0.364 0.364 0.364 0.366 0.366 0.366 0.367 0.366 0.366 0.367 0.375 0.379 0.379 0.379 0.377 0.377 0.377 0.377 0.377 0.379 0.381 0.381 0.386 0.386 0.387 0.391 0.391 0.391 0.392 0.395 0.395 0.398 0.4 0.406 0.407 0.409 0.409 0.411 0.412 0.415 0.415 0.416 0.418 0.423 0.426 0.428 0.428 0.429 0.431 0.431 0.432 0.434 0.434 0.437 0.438 0.446 0.447 0.448 0.45 0.453 0.461 0.464 0.465 0.466 0.477 0.477 0.478 0.479 0.49 0.49 0.493 0.496 0.497 0.5 0.507 0.507 0.507 0.51 0.521 0.526 0.529 0.53 0.532 0.54 0.55 0.551 0.554 0.557 0.558 0.567 0.569 0.574 0.579 0.589 0.59 0.59 0.597 0.605 0.619 0.65 0.736 0.74 0.74 0.736 0.735 0.732 0.725 0.719 0.719 0.719 0.719 0.712 0.709 0.702 0.702 0.702 0.701 0.698 0.694 0.694 0.692 0.692 0.689 0.686 0.686 0.681 0.679 0.676 0.67 0.67 0.669 0.669 0.669 0.666 0.661 0.661 0.661 0.657 0.657 0.657 0.655 
1 1 1 1 1 1 1 1 1 1 1 1 1 1 1 1 1 1 1 1 1 1 1 1 1 1 1 1 1 1 1 1 1 1 1 1 1 1 1 1 1 1 1 1 1 1 1 1 1 1 1 1 1 1 1 1 1 1 1 1 1 1 1 1 1 1 1 1 1 1 1 1 1 1 1 1 1 1 1 1 1 1 1 1 1 1 1 1 1 1 1 1 1 1 1 1 1 1 1 1 1 1 1 1 1 1 1 1 1 1 1 1 1 1 1 1 1 1 1 1 1 1 1 1 1 1 1 1 1 1 1 1 1 1 1 1 1 1 1 1 1 1 1 1 1 1 1 1 1 1 1 1 1 1 1 1 1 1 1 1 1 1 1 1 1 1 1 1 1 1 1 1 1 1 1 1 1 1 1 1 1 1 1 1 1 1 1 1 1 1 1 1 1 1 1 1 1 1 1 1 1 1 1 1 1 1 1 1 1 1 1 1 1 1 1 1 1 1 1 1 1 1 1 1 1 1 1 1 1 1 1 1 1 1 1 1 1 1 1 1 1 1 1 1 1 1 1 1 1 1 1 1 1 1 1 1 1 1 1 1 1 1 1 1 1 1 1 1 1 1 1 1 1 1 1 1 1 1 1 1 1 1 1 1 1 1 1 1 1 1 1 1 1 1 1 1 1 1 1 1 1 1 1 1 1 1 1 1 1 1 1 1 1 1 1 1 1 1 1 1 1 1 1 1 1 1 1 1 1 1 1 1 1 1 1 1 1 1 1 1 1 1 1 1 1 1 1 1 1 1 1 1 1 1 1 1 1 1 1 1 1 1 1 1 1 1 1 1 1 1 1 1 1 1 1 1 1 1 1 1 1 1 1 1 1 1 1 1 1 1 1 1 1 1 1 1 1 1 1 1 1 1 1 1 1 1 1 1 1 1 1 1 1 1 1 1 1 1 1 1 1 1 1 1 1 1 1 1 1 1 1 1 1 1 1 1 1 1 1 1 1 1 1 1 1 1 1 1 1 1 1 1 1 1 1 1 1 1 1 1 1 1 1 1 1 1 1 1 1 1 1 1 1 1 1 1 1 1 1 1 1 1 1 1 1 1 1 1 1 1 1 1 1 1 1 1 1 1 1 1 1 1 1 1 1 1 1 1 1 1 1 1 1 1 1 1 1 1 1 1 1 1 1 1 1 1 1 1 1 1 1 1 1 1 1 1 1 1 1 1 1 1 1 1 1 1 1 1 1 1 1 1 1 1 1 1 1 1 1 1 1 1 1 1 1 1 1 1 1 1 1 1 1 1 1 1 1 1 1 1 1 1 1 1 1 1 1 1 1 1 1 1 1 1 1 1 1 1 1 1 1 1 1 1 1 1 1 1 1 1 1 1 1 1 1 1 1 1 1 1 1 1 1 1 1 1 1 1 1 1 1 1 1 1 1 1 1 1 1 1 1 1 1 1 1 1 1 1 1 1 1 1 1 1 1 1 1 1 1 1 1 1 1 1 1 1 1 1 1 1 1 1 1 1 1 1 1 1 1 1 1 1 
