# This file contains a 2D laser scan observation. 
# Its format is: 
# [aperture] [max_range] [number_of_scans] 
# [vector_of_scans] 
# [vector_of_valid_scans] 
# The aperture of the sensor is in radians, the maximum range 
# and measurements are in meters. '1' means a valid scan, '0' otherwise.
4.1847
5.6
682
0.399 0.399 0.402 0.402 0.403 0.405 0.405 0.405 0.402 0.402 0.402 0.401 0.403 0.406 0.406 0.407 0.436 0.436 0.484 0.512 0.516 0.537 0.568 0.584 0.612 0.615 0.618 0.627 0.635 0.635 0.635 0.631 0.631 0.581 0.574 0.574 0.574 0.556 0.548 0.545 0.525 0.521 0.514 0.499 0.495 0.495 0.487 0.473 0.473 0.462 0.451 0.435 0.433 0.432 0.417 0.413 0.412 0.403 0.398 0.393 0.391 0.391 0.374 0.373 0.362 0.361 0.358 0.353 0.347 0.345 0.335 0.333 0.333 0.332 0.33 0.329 0.323 0.313 0.312 0.312 0.312 0.309 0.305 0.302 0.301 0.291 0.284 0.284 0.284 0.282 0.282 0.28 0.274 0.274 0.267 0.265 0.265 0.265 0.265 0.258 0.258 0.255 0.253 0.252 0.249 0.248 0.245 0.241 0.238 0.238 0.238 0.238 0.238 0.238 0.237 0.228 0.227 0.221 0.219 0.219 0.219 0.22 0.221 0.221 0.221 0.22 0.218 0.211 0.21 0.209 0.209 0.209 0.209 0.212 0.212 0.211 0.21 0.211 0.21 0.21 0.208 0.208 0.207 0.206 0.205 0.203 0.201 0.201 0.201 0.201 0.201 0.198 0.198 0.194 0.194 0.198 0.2 0.2 0.2 0.194 0.186 0.186 0.19 0.19 0.19 0.19 0.19 0.191 0.191 0.188 0.188 0.184 0.184 0.184 0.183 0.18 0.18 0.18 0.176 0.18 0.184 0.184 0.184 0.184 0.184 0.18 0.18 0.18 0.18 0.18 0.18 0.181 0.181 0.177 0.18 0.182 0.181 0.18 0.18 0.18 0.177 0.174 0.176 0.176 0.174 0.174 0.174 0.174 0.174 0.174 0.174 0.174 0.18 0.18 0.173 0.177 0.174 0.173 0.174 0.174 0.174 0.174 0.174 0.173 0.171 0.171 0.171 0.171 0.171 0.171 0.172 0.178 0.178 0.178 0.178 0.178 0.174 0.174 0.174 0.17 0.17 0.17 0.17 0.171 0.175 0.178 0.179 0.178 0.176 0.177 0.176 0.176 0.176 0.171 0.171 0.177 0.171 0.177 0.177 0.176 0.175 0.176 0.175 0.175 0.175 0.178 0.179 0.179 0.179 0.179 0.174 0.174 0.179 0.179 0.179 0.181 0.181 0.182 0.183 0.185 0.186 0.186 0.186 0.185 0.186 0.184 0.184 0.184 0.19 0.189 0.19 0.191 0.192 0.192 0.192 0.192 0.197 0.192 0.197 0.195 0.201 0.202 0.202 0.204 0.208 0.204 0.204 0.208 0.208 0.205 0.208 0.208 0.208 0.209 0.209 0.21 0.213 0.213 0.215 0.217 0.22 0.22 0.22 0.221 0.228 0.228 0.234 0.235 0.245 0.257 0.257 0.257 0.259 0.267 1.686 1.694 1.699 1.699 1.712 1.716 1.728 1.729 1.733 1.738 1.74 1.743 1.756 1.76 1.768 1.792 1.793 1.801 1.811 1.821 1.821 1.821 1.611 1.597 1.583 1.583 1.582 1.572 1.559 1.544 1.541 1.531 1.516 1.504 1.498 1.485 1.476 1.467 1.461 1.444 1.438 1.433 1.421 1.412 1.411 1.398 1.39 1.39 1.379 1.374 1.355 1.346 1.337 1.336 1.331 1.3 1.287 1.285 1.278 1.271 1.26 1.255 1.235 1.227 1.218 1.193 1.163 1.155 1.154 1.153 1.136 1.122 1.119 1.117 1.113 1.106 1.102 1.102 1.092 1.09 1.089 1.077 1.069 1.067 1.066 1.065 1.063 1.059 1.054 1.053 1.048 1.044 1.044 1.044 1.042 1.033 1.029 1.028 1.026 1.026 1.019 1.015 1.015 1.014 1.013 1.012 1.005 1.005 1.003 1.003 1.003 1.003 1.003 0.99 0.986 0.986 0.984 0.984 0.986 0.982 0.981 0.98 0.976 0.975 0.974 0.974 0.973 0.967 0.964 0.964 0.963 0.964 0.964 0.964 0.962 0.962 0.961 0.958 0.959 0.958 0.955 0.955 0.955 0.954 0.955 0.954 0.952 0.952 0.951 0.951 0.951 0.952 0.948 0.956 0.956 0.957 0.957 0.957 0.952 0.956 0.953 0.953 0.956 0.959 0.969 0.972 0.973 0.978 0.985 0.989 0.99 0.994 0.995 0.997 0.997 1.004 1.009 1.015 1.017 1.018 1.018 1.018 1.016 1.016 1.014 0.98 0.727 0.727 0.722 0.727 0.722 0.723 0.723 0.727 0.74 0.744 0.744 0.744 0.746 0.744 0.743 0.744 0.74 0.74 0.74 0.744 0.744 0.744 0.737 0.374 0.352 0.345 0.345 0.344 0.341 0.341 0.341 0.341 0.341 0.344 0.347 0.348 0.35 0.348 0.348 0.35 0.351 0.351 0.355 0.355 0.355 0.355 0.355 0.358 0.358 0.36 0.361 0.361 0.361 0.364 0.365 0.369 0.371 0.372 0.376 0.381 0.381 0.381 0.381 0.382 0.39 0.39 0.392 0.392 0.397 0.398 0.399 0.403 0.405 0.405 0.407 0.41 0.411 0.413 0.413 0.414 0.421 0.428 0.43 0.431 0.431 0.432 0.433 0.437 0.438 0.445 0.448 0.452 0.455 0.464 0.466 0.467 0.467 0.473 0.476 0.477 0.478 0.481 0.481 0.49 0.493 0.493 0.497 0.505 0.512 0.513 0.515 0.525 0.527 0.532 0.538 0.541 0.55 0.55 0.551 0.559 0.57 0.572 0.574 0.595 0.595 0.598 0.602 0.603 0.605 0.606 0.617 0.739 0.745 0.745 0.743 0.739 0.734 0.734 0.733 0.732 0.727 0.727 0.727 0.726 0.718 0.716 0.716 0.713 0.713 0.71 0.71 0.702 0.699 0.697 0.696 0.697 0.695 0.693 0.69 0.688 0.688 0.686 
1 1 1 1 1 1 1 1 1 1 1 1 1 1 1 1 1 1 1 1 1 1 1 1 1 1 1 1 1 1 1 1 1 1 1 1 1 1 1 1 1 1 1 1 1 1 1 1 1 1 1 1 1 1 1 1 1 1 1 1 1 1 1 1 1 1 1 1 1 1 1 1 1 1 1 1 1 1 1 1 1 1 1 1 1 1 1 1 1 1 1 1 1 1 1 1 1 1 1 1 1 1 1 1 1 1 1 1 1 1 1 1 1 1 1 1 1 1 1 1 1 1 1 1 1 1 1 1 1 1 1 1 1 1 1 1 1 1 1 1 1 1 1 1 1 1 1 1 1 1 1 1 1 1 1 1 1 1 1 1 1 1 1 1 1 1 1 1 1 1 1 1 1 1 1 1 1 1 1 1 1 1 1 1 1 1 1 1 1 1 1 1 1 1 1 1 1 1 1 1 1 1 1 1 1 1 1 1 1 1 1 1 1 1 1 1 1 1 1 1 1 1 1 1 1 1 1 1 1 1 1 1 1 1 1 1 1 1 1 1 1 1 1 1 1 1 1 1 1 1 1 1 1 1 1 1 1 1 1 1 1 1 1 1 1 1 1 1 1 1 1 1 1 1 1 1 1 1 1 1 1 1 1 1 1 1 1 1 1 1 1 1 1 1 1 1 1 1 1 1 1 1 1 1 1 1 1 1 1 1 1 1 1 1 1 1 1 1 1 1 1 1 1 1 1 1 1 1 1 1 1 1 1 1 1 1 1 1 1 1 1 1 1 1 1 1 1 1 1 1 1 1 1 1 1 1 1 1 1 1 1 1 1 1 1 1 1 1 1 1 1 1 1 1 1 1 1 1 1 1 1 1 1 1 1 1 1 1 1 1 1 1 1 1 1 1 1 1 1 1 1 1 1 1 1 1 1 1 1 1 1 1 1 1 1 1 1 1 1 1 1 1 1 1 1 1 1 1 1 1 1 1 1 1 1 1 1 1 1 1 1 1 1 1 1 1 1 1 1 1 1 1 1 1 1 1 1 1 1 1 1 1 1 1 1 1 1 1 1 1 1 1 1 1 1 1 1 1 1 1 1 1 1 1 1 1 1 1 1 1 1 1 1 1 1 1 1 1 1 1 1 1 1 1 1 1 1 1 1 1 1 1 1 1 1 1 1 1 1 1 1 1 1 1 1 1 1 1 1 1 1 1 1 1 1 1 1 1 1 1 1 1 1 1 1 1 1 1 1 1 1 1 1 1 1 1 1 1 1 1 1 1 1 1 1 1 1 1 1 1 1 1 1 1 1 1 1 1 1 1 1 1 1 1 1 1 1 1 1 1 1 1 1 1 1 1 1 1 1 1 1 1 1 1 1 1 1 1 1 1 1 1 1 1 1 1 1 1 1 1 1 1 1 1 1 1 1 1 1 1 1 1 1 1 1 1 1 1 1 1 1 1 1 1 1 1 1 1 1 1 1 1 1 1 1 1 1 1 1 1 1 1 1 1 1 1 1 1 1 1 1 1 1 1 1 1 1 1 1 1 1 1 
