# This file contains a 2D laser scan observation. 
# Its format is: 
# [aperture] [max_range] [number_of_scans] 
# [vector_of_scans] 
# [vector_of_valid_scans] 
# The aperture of the sensor is in radians, the maximum range 
# and measurements are in meters. '1' means a valid scan, '0' otherwise.
4.1847
5.6
682
0.411 0.41 0.406 0.406 0.406 0.406 0.405 0.405 0.402 0.402 0.402 0.402 0.405 0.405 0.393 0.395 0.395 0.395 0.403 0.407 0.425 0.493 0.494 0.494 0.497 0.498 0.499 0.502 0.533 0.543 0.55 0.573 0.574 0.579 0.589 0.579 0.579 0.577 0.576 0.575 0.575 0.576 0.582 0.81 0.81 0.81 0.608 0.584 0.549 0.524 0.505 0.494 0.493 0.464 0.463 0.449 0.446 0.419 0.385 0.384 0.367 0.365 0.353 0.352 0.34 0.335 0.322 0.317 0.299 0.298 0.291 0.289 0.281 0.273 0.268 0.268 0.258 0.258 0.252 0.248 0.241 0.24 0.239 0.231 0.228 0.224 0.217 0.212 0.21 0.21 0.21 0.207 0.207 0.205 0.205 0.203 0.202 0.196 0.195 0.195 0.191 0.189 0.187 0.187 0.186 0.186 0.18 0.18 0.18 0.18 0.18 0.179 0.177 0.177 0.177 0.176 0.172 0.172 0.17 0.17 0.169 0.168 0.167 0.167 0.167 0.167 0.165 0.165 0.164 0.161 0.159 0.157 0.156 0.156 0.156 0.159 0.159 0.159 0.16 0.156 0.156 0.156 0.156 0.156 0.151 0.15 0.148 0.148 0.148 0.148 0.146 0.144 0.14 0.14 0.141 0.142 0.141 0.141 0.134 0.134 0.133 0.133 0.133 0.133 0.133 0.132 0.132 0.132 0.132 0.132 0.132 0.133 0.13 0.13 0.13 0.13 0.13 0.13 0.13 0.13 0.13 0.126 0.129 0.129 0.126 0.121 0.121 0.12 0.12 0.118 0.12 0.12 0.122 0.122 0.122 0.122 0.119 0.117 0.117 0.116 0.113 0.116 0.116 0.116 0.117 0.117 0.117 0.115 0.115 0.115 0.115 0.118 0.118 0.118 0.117 0.117 0.116 0.117 0.117 0.116 0.116 0.116 0.114 0.114 0.116 0.112 0.113 0.113 0.113 0.113 0.113 0.113 0.113 0.106 0.106 0.109 0.109 0.111 0.111 0.11 0.11 0.106 0.104 0.104 0.104 0.104 0.106 0.113 0.112 0.112 0.112 0.111 0.109 0.107 0.107 0.107 0.109 0.108 0.111 0.113 0.115 0.111 0.111 0.109 0.109 0.107 0.109 0.113 0.113 0.113 0.113 0.111 0.111 0.111 0.111 0.111 0.113 0.11 0.11 0.11 0.109 0.109 0.107 0.11 0.107 0.11 0.11 0.11 0.11 0.11 0.109 0.109 0.109 0.109 0.106 0.112 0.112 0.112 0.112 0.114 0.114 0.113 0.113 0.113 0.113 0.113 0.114 0.113 0.113 0.113 0.113 0.113 0.113 0.114 0.114 0.119 0.12 0.121 0.121 0.124 0.12 0.116 0.114 0.116 0.116 0.118 0.118 0.118 0.116 0.116 0.116 0.12 0.12 0.122 0.12 0.122 0.115 0.12 0.115 0.12 0.12 0.122 0.128 0.128 0.124 0.125 0.124 0.124 0.124 0.125 0.126 0.129 0.131 0.134 0.134 0.134 0.135 0.135 0.135 0.135 0.135 0.137 0.14 0.138 0.139 0.143 0.139 0.139 0.143 0.144 0.144 0.144 0.144 0.143 0.143 0.145 0.145 0.148 0.149 0.149 0.15 0.15 0.151 0.151 0.151 0.153 0.157 0.157 0.161 0.161 0.161 0.161 0.161 0.171 0.172 0.184 0.187 0.188 0.195 0.195 0.218 1.484 1.484 1.484 1.476 1.471 1.458 1.452 1.444 1.433 1.424 1.416 1.402 1.398 1.391 1.384 1.377 1.374 1.361 1.355 1.352 1.347 1.335 1.327 1.322 1.301 1.301 1.298 1.292 1.286 1.272 1.263 1.249 1.246 1.243 1.224 1.217 1.213 1.2 1.182 1.182 1.171 1.149 1.136 1.122 1.118 1.112 1.093 1.085 1.083 1.079 1.076 1.073 1.068 1.067 1.062 1.058 1.057 1.057 1.053 1.049 1.048 1.048 1.038 1.034 1.034 1.029 1.025 1.023 1.017 1.017 1.017 1.01 1.006 1.01 1.006 1.006 1.006 0.993 0.99 0.99 0.99 0.988 0.988 0.99 0.986 0.986 0.99 0.979 0.978 0.976 0.976 0.976 0.976 0.976 0.976 0.972 0.968 0.965 0.964 0.964 0.964 0.964 0.964 0.964 0.962 0.96 0.956 0.958 0.957 0.956 0.956 0.957 0.953 0.952 0.952 0.952 0.952 0.951 0.951 0.951 0.952 0.951 0.952 0.951 0.951 0.951 0.952 0.951 0.952 0.952 0.952 0.959 0.959 0.96 0.96 0.96 0.955 0.962 0.962 0.962 0.964 0.967 0.976 0.976 0.985 0.985 0.986 0.992 0.994 1 1.005 1.008 1.01 1.014 1.022 1.023 1.024 1.026 1.033 1.033 1.034 1.034 1.034 1.046 1.046 1.046 0.868 0.743 0.734 0.734 0.734 0.734 0.734 0.734 0.734 0.746 0.76 0.76 0.762 0.762 0.762 0.766 0.766 0.766 0.762 0.766 0.766 0.767 0.769 0.769 0.772 0.772 0.773 0.769 0.773 0.773 0.774 0.774 0.778 0.778 0.778 0.772 0.757 0.486 0.398 0.379 0.374 0.373 0.372 0.372 0.372 0.372 0.38 0.38 0.38 0.38 0.379 0.379 0.384 0.384 0.384 0.386 0.39 0.386 0.391 0.393 0.392 0.393 0.394 0.394 0.398 0.402 0.406 0.406 0.406 0.411 0.412 0.424 0.426 0.426 0.428 0.428 0.429 0.43 0.43 0.431 0.435 0.453 0.454 0.457 0.463 0.464 0.466 0.469 0.469 0.47 0.47 0.492 0.493 0.494 0.494 0.501 0.502 0.505 0.513 0.521 0.529 0.531 0.537 0.54 0.541 0.546 0.552 0.558 0.559 0.568 0.57 0.571 0.585 0.59 0.59 
1 1 1 1 1 1 1 1 1 1 1 1 1 1 1 1 1 1 1 1 1 1 1 1 1 1 1 1 1 1 1 1 1 1 1 1 1 1 1 1 1 1 1 1 1 1 1 1 1 1 1 1 1 1 1 1 1 1 1 1 1 1 1 1 1 1 1 1 1 1 1 1 1 1 1 1 1 1 1 1 1 1 1 1 1 1 1 1 1 1 1 1 1 1 1 1 1 1 1 1 1 1 1 1 1 1 1 1 1 1 1 1 1 1 1 1 1 1 1 1 1 1 1 1 1 1 1 1 1 1 1 1 1 1 1 1 1 1 1 1 1 1 1 1 1 1 1 1 1 1 1 1 1 1 1 1 1 1 1 1 1 1 1 1 1 1 1 1 1 1 1 1 1 1 1 1 1 1 1 1 1 1 1 1 1 1 1 1 1 1 1 1 1 1 1 1 1 1 1 1 1 1 1 1 1 1 1 1 1 1 1 1 1 1 1 1 1 1 1 1 1 1 1 1 1 1 1 1 1 1 1 1 1 1 1 1 1 1 1 1 1 1 1 1 1 1 1 1 1 1 1 1 1 1 1 1 1 1 1 1 1 1 1 1 1 1 1 1 1 1 1 1 1 1 1 1 1 1 1 1 1 1 1 1 1 1 1 1 1 1 1 1 1 1 1 1 1 1 1 1 1 1 1 1 1 1 1 1 1 1 1 1 1 1 1 1 1 1 1 1 1 1 1 1 1 1 1 1 1 1 1 1 1 1 1 1 1 1 1 1 1 1 1 1 1 1 1 1 1 1 1 1 1 1 1 1 1 1 1 1 1 1 1 1 1 1 1 1 1 1 1 1 1 1 1 1 1 1 1 1 1 1 1 1 1 1 1 1 1 1 1 1 1 1 1 1 1 1 1 1 1 1 1 1 1 1 1 1 1 1 1 1 1 1 1 1 1 1 1 1 1 1 1 1 1 1 1 1 1 1 1 1 1 1 1 1 1 1 1 1 1 1 1 1 1 1 1 1 1 1 1 1 1 1 1 1 1 1 1 1 1 1 1 1 1 1 1 1 1 1 1 1 1 1 1 1 1 1 1 1 1 1 1 1 1 1 1 1 1 1 1 1 1 1 1 1 1 1 1 1 1 1 1 1 1 1 1 1 1 1 1 1 1 1 1 1 1 1 1 1 1 1 1 1 1 1 1 1 1 1 1 1 1 1 1 1 1 1 1 1 1 1 1 1 1 1 1 1 1 1 1 1 1 1 1 1 1 1 1 1 1 1 1 1 1 1 1 1 1 1 1 1 1 1 1 1 1 1 1 1 1 1 1 1 1 1 1 1 1 1 1 1 1 1 1 1 1 1 1 1 1 1 1 1 1 1 1 1 1 1 1 1 1 1 1 1 1 1 1 1 1 1 1 1 1 1 1 1 1 1 1 1 1 1 1 1 1 1 1 1 1 1 1 1 1 1 1 1 1 1 1 1 1 1 1 1 1 1 1 1 1 1 1 1 1 1 1 1 1 1 1 1 1 1 1 1 1 1 1 1 1 1 
