# This file contains a 2D laser scan observation. 
# Its format is: 
# [aperture] [max_range] [number_of_scans] 
# [vector_of_scans] 
# [vector_of_valid_scans] 
# The aperture of the sensor is in radians, the maximum range 
# and measurements are in meters. '1' means a valid scan, '0' otherwise.
4.1847
5.6
682
0.447 0.447 0.447 0.438 0.436 0.436 0.432 0.428 0.428 0.428 0.428 0.426 0.426 0.424 0.424 0.42 0.42 0.419 0.417 0.412 0.411 0.41 0.41 0.407 0.41 0.41 0.407 0.403 0.399 0.395 0.395 0.395 0.397 0.394 0.393 0.392 0.391 0.39 0.39 0.39 0.386 0.384 0.384 0.382 0.384 0.382 0.378 0.378 0.378 0.378 0.38 0.38 0.378 0.378 0.375 0.375 0.373 0.373 0.374 0.374 0.374 0.374 0.369 0.367 0.366 0.366 0.369 0.367 0.369 0.37 0.369 0.369 0.369 0.371 0.371 0.372 0.372 0.372 0.364 0.364 0.364 0.364 0.364 0.365 0.364 0.364 0.362 0.365 0.365 0.365 0.365 0.365 0.366 0.366 0.367 0.369 0.372 0.372 0.373 0.375 0.378 0.386 0.391 0.399 0.402 0.405 0.405 0.402 0.392 0.389 0.388 0.385 0.376 0.371 0.367 0.365 0.364 0.364 0.365 0.369 0.369 0.369 0.368 0.368 0.367 0.36 0.361 0.367 0.364 0.364 0.366 0.366 0.366 0.366 0.365 0.364 0.36 0.36 0.36 0.36 0.365 0.366 0.37 0.37 0.37 0.37 0.367 0.367 0.371 0.373 0.371 0.374 0.373 0.375 0.373 0.375 0.373 0.375 0.373 0.375 0.375 0.375 0.378 0.378 0.378 0.378 0.378 0.382 0.382 0.382 0.383 0.383 0.385 0.387 0.388 0.388 0.391 0.387 0.393 0.391 0.392 0.392 0.395 0.397 0.399 0.399 0.401 0.403 0.409 0.409 0.41 0.418 0.423 0.533 0.537 0.537 0.537 0.537 0.536 0.526 0.525 0.525 0.52 0.516 0.51 0.51 0.51 0.513 0.507 0.511 0.508 0.508 0.507 0.505 0.5 0.5 0.497 0.496 0.496 0.489 0.489 0.49 0.489 0.487 0.487 0.48 0.474 0.474 0.474 0.473 0.472 0.473 0.472 0.469 0.469 0.469 0.468 0.469 0.466 0.465 0.459 0.46 0.459 0.459 0.455 0.455 0.453 0.453 0.453 0.451 0.451 0.451 0.451 0.448 0.448 0.446 0.443 0.443 0.443 0.443 0.443 0.442 0.44 0.439 0.438 0.436 0.436 0.433 0.433 0.431 0.427 0.427 0.427 0.427 0.428 0.431 0.431 0.431 0.431 0.431 0.43 0.425 0.427 0.427 0.425 0.427 0.434 0.434 0.434 0.434 0.428 0.428 0.428 0.428 0.428 0.426 0.426 0.426 0.426 0.426 0.427 0.427 0.429 0.431 0.431 0.429 0.429 0.429 0.429 0.428 0.429 0.43 0.433 0.433 0.433 0.434 0.43 0.428 0.43 0.43 0.428 0.428 0.426 0.426 0.431 0.431 0.43 0.431 0.432 0.433 0.433 0.433 0.434 0.436 0.438 0.438 0.436 0.438 0.438 0.438 0.442 0.446 0.447 0.448 0.446 0.447 0.449 0.45 0.453 0.453 0.454 0.456 0.459 0.459 0.459 0.459 0.459 0.457 0.46 0.464 0.462 0.468 0.468 0.468 0.468 0.469 0.468 0.469 0.469 0.473 0.474 0.48 0.482 0.487 0.492 0.496 0.5 0.502 0.503 0.504 0.506 0.507 0.507 0.514 0.518 0.527 0.528 0.541 1.912 1.912 1.912 1.912 1.913 1.923 1.968 1.986 1.996 1.997 2.008 2.018 2.018 2.024 2.027 2.029 2.039 2.054 2.063 2.074 2.086 2.098 2.098 2.098 1.886 1.875 1.872 1.864 1.838 1.834 1.823 1.8 1.799 1.782 1.769 1.758 1.74 1.74 1.719 1.707 1.693 1.692 1.683 1.675 1.661 1.653 1.625 1.625 1.609 1.609 1.575 1.56 1.558 1.555 1.516 1.492 1.482 1.462 1.426 1.408 1.407 1.404 1.385 1.378 1.371 1.367 1.356 1.345 1.345 1.337 1.331 1.323 1.321 1.315 1.308 1.307 1.294 1.29 1.29 1.281 1.274 1.274 1.266 1.26 1.253 1.248 1.247 1.241 1.238 1.232 1.231 1.231 1.217 1.212 1.212 1.206 1.202 1.201 1.198 1.195 1.194 1.19 1.179 1.177 1.176 1.176 1.17 1.167 1.166 1.16 1.159 1.149 1.134 1.134 1.119 1.102 0.492 0.488 0.488 0.48 0.48 0.48 0.485 0.485 0.485 0.479 0.484 0.479 0.479 0.478 0.478 0.477 0.478 0.478 0.48 0.481 0.481 0.481 0.481 0.481 0.485 0.485 0.485 0.485 0.485 0.485 0.485 0.485 0.485 0.484 0.484 0.484 0.484 0.482 0.482 0.482 0.486 0.479 0.479 0.486 0.479 0.479 0.482 0.485 0.485 0.485 0.482 0.485 0.481 0.481 0.485 0.485 0.485 0.485 0.486 0.486 0.486 0.49 0.488 0.49 0.49 0.491 0.488 0.491 0.487 0.491 0.491 0.491 0.491 0.491 0.494 0.494 0.494 0.494 0.494 0.495 0.5 0.5 0.5 0.5 0.5 0.502 0.507 0.508 0.508 0.509 0.509 0.509 0.511 0.511 0.51 0.51 0.514 0.515 0.52 0.522 0.522 0.522 0.524 0.524 0.521 0.525 0.528 0.529 0.529 0.534 0.534 0.541 0.541 0.54 0.54 0.541 0.552 0.553 0.553 0.553 0.552 0.553 0.55 0.55 0.559 0.563 0.583 0.765 0.773 0.773 0.765 0.757 0.744 0.734 0.731 0.723 0.708 0.707 0.701 0.694 0.686 0.685 0.677 0.672 0.668 0.664 0.651 0.648 0.64 0.638 0.637 0.629 0.616 0.613 0.611 0.608 0.601 0.601 0.589 0.585 0.579 0.578 0.577 0.57 0.565 0.563 0.557 0.548 0.544 0.543 0.542 0.538 0.529 0.527 0.526 0.525 0.525 0.521 
1 1 1 1 1 1 1 1 1 1 1 1 1 1 1 1 1 1 1 1 1 1 1 1 1 1 1 1 1 1 1 1 1 1 1 1 1 1 1 1 1 1 1 1 1 1 1 1 1 1 1 1 1 1 1 1 1 1 1 1 1 1 1 1 1 1 1 1 1 1 1 1 1 1 1 1 1 1 1 1 1 1 1 1 1 1 1 1 1 1 1 1 1 1 1 1 1 1 1 1 1 1 1 1 1 1 1 1 1 1 1 1 1 1 1 1 1 1 1 1 1 1 1 1 1 1 1 1 1 1 1 1 1 1 1 1 1 1 1 1 1 1 1 1 1 1 1 1 1 1 1 1 1 1 1 1 1 1 1 1 1 1 1 1 1 1 1 1 1 1 1 1 1 1 1 1 1 1 1 1 1 1 1 1 1 1 1 1 1 1 1 1 1 1 1 1 1 1 1 1 1 1 1 1 1 1 1 1 1 1 1 1 1 1 1 1 1 1 1 1 1 1 1 1 1 1 1 1 1 1 1 1 1 1 1 1 1 1 1 1 1 1 1 1 1 1 1 1 1 1 1 1 1 1 1 1 1 1 1 1 1 1 1 1 1 1 1 1 1 1 1 1 1 1 1 1 1 1 1 1 1 1 1 1 1 1 1 1 1 1 1 1 1 1 1 1 1 1 1 1 1 1 1 1 1 1 1 1 1 1 1 1 1 1 1 1 1 1 1 1 1 1 1 1 1 1 1 1 1 1 1 1 1 1 1 1 1 1 1 1 1 1 1 1 1 1 1 1 1 1 1 1 1 1 1 1 1 1 1 1 1 1 1 1 1 1 1 1 1 1 1 1 1 1 1 1 1 1 1 1 1 1 1 1 1 1 1 1 1 1 1 1 1 1 1 1 1 1 1 1 1 1 1 1 1 1 1 1 1 1 1 1 1 1 1 1 1 1 1 1 1 1 1 1 1 1 1 1 1 1 1 1 1 1 1 1 1 1 1 1 1 1 1 1 1 1 1 1 1 1 1 1 1 1 1 1 1 1 1 1 1 1 1 1 1 1 1 1 1 1 1 1 1 1 1 1 1 1 1 1 1 1 1 1 1 1 1 1 1 1 1 1 1 1 1 1 1 1 1 1 1 1 1 1 1 1 1 1 1 1 1 1 1 1 1 1 1 1 1 1 1 1 1 1 1 1 1 1 1 1 1 1 1 1 1 1 1 1 1 1 1 1 1 1 1 1 1 1 1 1 1 1 1 1 1 1 1 1 1 1 1 1 1 1 1 1 1 1 1 1 1 1 1 1 1 1 1 1 1 1 1 1 1 1 1 1 1 1 1 1 1 1 1 1 1 1 1 1 1 1 1 1 1 1 1 1 1 1 1 1 1 1 1 1 1 1 1 1 1 1 1 1 1 1 1 1 1 1 1 1 1 1 1 1 1 1 1 1 1 1 1 1 1 1 1 1 1 1 1 1 1 1 1 1 1 1 1 1 1 1 1 1 1 1 1 1 1 1 1 1 1 1 1 1 1 1 1 1 1 1 1 1 
