# This file contains a 2D laser scan observation. 
# Its format is: 
# [aperture] [max_range] [number_of_scans] 
# [vector_of_scans] 
# [vector_of_valid_scans] 
# The aperture of the sensor is in radians, the maximum range 
# and measurements are in meters. '1' means a valid scan, '0' otherwise.
4.1847
5.6
682
0.465 0.464 0.461 0.46 0.457 0.455 0.455 0.453 0.449 0.449 0.441 0.439 0.437 0.438 0.438 0.437 0.436 0.435 0.433 0.433 0.43 0.424 0.421 0.421 0.421 0.42 0.421 0.419 0.419 0.419 0.419 0.419 0.417 0.414 0.411 0.41 0.407 0.407 0.41 0.407 0.402 0.402 0.395 0.395 0.395 0.396 0.396 0.397 0.396 0.396 0.394 0.396 0.394 0.392 0.392 0.39 0.387 0.385 0.387 0.385 0.385 0.386 0.386 0.382 0.379 0.379 0.379 0.379 0.382 0.386 0.386 0.382 0.376 0.376 0.376 0.381 0.381 0.381 0.38 0.375 0.375 0.375 0.374 0.374 0.374 0.372 0.371 0.372 0.372 0.37 0.376 0.376 0.377 0.376 0.376 0.376 0.382 0.375 0.383 0.384 0.385 0.388 0.391 0.391 0.394 0.407 0.411 0.413 0.413 0.416 0.416 0.412 0.412 0.409 0.386 0.382 0.381 0.38 0.379 0.376 0.376 0.375 0.375 0.376 0.378 0.377 0.377 0.376 0.374 0.373 0.373 0.37 0.37 0.37 0.371 0.373 0.375 0.375 0.375 0.375 0.375 0.368 0.368 0.368 0.371 0.371 0.371 0.373 0.376 0.376 0.376 0.384 0.385 0.384 0.384 0.383 0.382 0.38 0.381 0.381 0.381 0.387 0.388 0.389 0.388 0.387 0.388 0.39 0.393 0.393 0.393 0.393 0.395 0.397 0.397 0.397 0.397 0.397 0.397 0.398 0.399 0.401 0.405 0.411 0.412 0.413 0.415 0.415 0.414 0.414 0.414 0.414 0.414 0.414 0.414 0.419 0.426 0.426 0.426 0.427 0.43 0.43 0.432 0.433 0.434 0.441 0.442 0.442 0.442 0.442 0.445 0.445 0.446 0.446 0.448 0.449 0.458 0.458 0.464 0.466 0.471 0.472 0.475 0.546 0.576 0.58 0.58 0.578 0.578 0.585 0.578 0.58 0.58 0.577 0.577 0.577 0.573 0.573 0.572 0.569 0.568 0.56 0.56 0.558 0.558 0.557 0.554 0.553 0.552 0.552 0.552 0.548 0.548 0.548 0.547 0.546 0.542 0.541 0.539 0.541 0.541 0.539 0.535 0.534 0.534 0.53 0.532 0.528 0.532 0.528 0.528 0.528 0.528 0.528 0.528 0.528 0.527 0.527 0.526 0.526 0.526 0.522 0.522 0.522 0.52 0.522 0.522 0.52 0.52 0.52 0.518 0.518 0.514 0.513 0.513 0.513 0.513 0.516 0.516 0.516 0.516 0.519 0.52 0.52 0.519 0.519 0.513 0.513 0.513 0.513 0.517 0.517 0.517 0.517 0.519 0.52 0.521 0.521 0.522 0.522 0.521 0.518 0.521 0.518 0.521 0.52 0.52 0.52 0.52 0.52 0.524 0.524 0.524 0.524 0.521 0.521 0.526 0.521 0.521 0.526 0.526 0.524 0.529 0.53 0.53 0.529 0.53 0.532 0.531 0.532 0.538 0.54 0.54 0.54 0.538 0.538 0.538 0.541 0.552 0.553 0.553 0.553 0.558 0.557 0.562 0.562 0.562 0.566 0.566 0.569 0.569 0.573 0.573 0.574 0.578 0.583 0.587 0.59 0.59 0.591 0.593 0.6 0.603 0.617 0.623 0.623 0.628 2.011 2.011 2.011 2.005 2 1.995 1.995 2 2 2.02 2.059 2.068 2.077 2.089 2.097 2.103 2.108 2.116 2.118 2.121 2.134 2.135 2.145 2.172 2.185 2.185 2.185 1.99 1.958 1.95 1.942 1.923 1.917 1.903 1.886 1.866 1.852 1.839 1.828 1.822 1.815 1.786 1.786 1.765 1.756 1.751 1.737 1.727 1.696 1.694 1.68 1.674 1.641 1.636 1.629 1.587 1.578 1.558 1.526 1.489 1.484 1.479 1.465 1.455 1.449 1.439 1.43 1.423 1.415 1.409 1.402 1.396 1.385 1.383 1.377 1.37 1.361 1.353 1.344 1.344 1.339 1.336 1.332 1.321 1.311 1.31 1.307 1.303 1.297 1.292 1.289 1.285 1.28 1.269 1.266 1.258 1.246 1.237 1.189 0.547 0.541 0.534 0.533 0.533 0.533 0.533 0.531 0.531 0.535 0.535 0.535 0.535 0.53 0.529 0.528 0.528 0.522 0.522 0.527 0.527 0.525 0.527 0.525 0.524 0.524 0.524 0.524 0.524 0.528 0.528 0.518 0.518 0.519 0.518 0.517 0.517 0.517 0.517 0.517 0.518 0.519 0.518 0.518 0.519 0.519 0.52 0.52 0.521 0.52 0.52 0.519 0.519 0.519 0.519 0.519 0.519 0.524 0.524 0.524 0.524 0.519 0.519 0.519 0.519 0.518 0.519 0.518 0.518 0.518 0.52 0.518 0.516 0.515 0.516 0.516 0.521 0.526 0.527 0.527 0.526 0.521 0.521 0.521 0.521 0.521 0.527 0.525 0.525 0.527 0.527 0.528 0.528 0.528 0.528 0.528 0.528 0.534 0.534 0.534 0.535 0.536 0.536 0.537 0.54 0.54 0.54 0.54 0.54 0.54 0.54 0.542 0.546 0.546 0.555 0.555 0.555 0.558 0.555 0.55 0.55 0.557 0.557 0.661 0.87 0.87 0.87 0.856 0.842 0.827 0.802 0.794 0.792 0.768 0.756 0.751 0.744 0.722 0.722 0.704 0.701 0.682 0.678 0.663 0.662 0.652 0.639 0.637 0.624 0.617 0.606 0.605 0.596 0.59 0.584 0.574 0.566 0.553 0.552 0.548 0.542 0.539 0.537 0.528 0.526 0.524 0.517 0.507 0.506 0.5 0.499 0.498 0.495 0.486 0.478 0.477 0.475 0.472 0.467 0.465 0.458 0.457 0.456 0.447 0.447 0.443 0.441 0.433 0.432 0.428 0.393 0.393 0.392 0.392 0.391 0.391 
1 1 1 1 1 1 1 1 1 1 1 1 1 1 1 1 1 1 1 1 1 1 1 1 1 1 1 1 1 1 1 1 1 1 1 1 1 1 1 1 1 1 1 1 1 1 1 1 1 1 1 1 1 1 1 1 1 1 1 1 1 1 1 1 1 1 1 1 1 1 1 1 1 1 1 1 1 1 1 1 1 1 1 1 1 1 1 1 1 1 1 1 1 1 1 1 1 1 1 1 1 1 1 1 1 1 1 1 1 1 1 1 1 1 1 1 1 1 1 1 1 1 1 1 1 1 1 1 1 1 1 1 1 1 1 1 1 1 1 1 1 1 1 1 1 1 1 1 1 1 1 1 1 1 1 1 1 1 1 1 1 1 1 1 1 1 1 1 1 1 1 1 1 1 1 1 1 1 1 1 1 1 1 1 1 1 1 1 1 1 1 1 1 1 1 1 1 1 1 1 1 1 1 1 1 1 1 1 1 1 1 1 1 1 1 1 1 1 1 1 1 1 1 1 1 1 1 1 1 1 1 1 1 1 1 1 1 1 1 1 1 1 1 1 1 1 1 1 1 1 1 1 1 1 1 1 1 1 1 1 1 1 1 1 1 1 1 1 1 1 1 1 1 1 1 1 1 1 1 1 1 1 1 1 1 1 1 1 1 1 1 1 1 1 1 1 1 1 1 1 1 1 1 1 1 1 1 1 1 1 1 1 1 1 1 1 1 1 1 1 1 1 1 1 1 1 1 1 1 1 1 1 1 1 1 1 1 1 1 1 1 1 1 1 1 1 1 1 1 1 1 1 1 1 1 1 1 1 1 1 1 1 1 1 1 1 1 1 1 1 1 1 1 1 1 1 1 1 1 1 1 1 1 1 1 1 1 1 1 1 1 1 1 1 1 1 1 1 1 1 1 1 1 1 1 1 1 1 1 1 1 1 1 1 1 1 1 1 1 1 1 1 1 1 1 1 1 1 1 1 1 1 1 1 1 1 1 1 1 1 1 1 1 1 1 1 1 1 1 1 1 1 1 1 1 1 1 1 1 1 1 1 1 1 1 1 1 1 1 1 1 1 1 1 1 1 1 1 1 1 1 1 1 1 1 1 1 1 1 1 1 1 1 1 1 1 1 1 1 1 1 1 1 1 1 1 1 1 1 1 1 1 1 1 1 1 1 1 1 1 1 1 1 1 1 1 1 1 1 1 1 1 1 1 1 1 1 1 1 1 1 1 1 1 1 1 1 1 1 1 1 1 1 1 1 1 1 1 1 1 1 1 1 1 1 1 1 1 1 1 1 1 1 1 1 1 1 1 1 1 1 1 1 1 1 1 1 1 1 1 1 1 1 1 1 1 1 1 1 1 1 1 1 1 1 1 1 1 1 1 1 1 1 1 1 1 1 1 1 1 1 1 1 1 1 1 1 1 1 1 1 1 1 1 1 1 1 1 1 1 1 1 1 1 1 1 1 1 1 1 1 1 1 1 1 1 1 1 1 1 1 1 1 1 1 1 1 1 1 1 1 1 1 1 1 1 1 1 1 1 1 1 
