# This file contains a 2D laser scan observation. 
# Its format is: 
# [aperture] [max_range] [number_of_scans] 
# [vector_of_scans] 
# [vector_of_valid_scans] 
# The aperture of the sensor is in radians, the maximum range 
# and measurements are in meters. '1' means a valid scan, '0' otherwise.
4.1847
5.6
682
1.933 1.928 1.917 1.912 1.9 1.896 1.889 1.884 1.881 1.866 1.864 1.85 1.848 1.843 1.84 1.834 1.825 1.822 1.815 1.809 1.801 1.799 1.796 1.784 1.784 1.783 1.778 1.771 1.762 1.761 1.75 1.75 1.747 1.743 1.741 1.738 1.731 1.728 1.72 1.713 1.71 1.707 1.696 1.69 1.689 1.684 1.677 1.675 1.671 1.671 1.669 1.663 1.662 1.657 1.655 1.649 1.649 1.649 1.647 1.647 1.642 1.641 1.639 1.639 1.639 1.635 1.631 1.628 1.626 1.626 1.628 1.631 1.634 1.634 1.634 1.635 1.635 1.635 1.635 1.636 1.636 1.634 1.634 1.634 1.634 1.627 1.633 1.627 1.633 1.633 1.633 1.631 1.634 1.631 1.631 1.631 1.577 1.577 1.541 1.511 0.705 0.688 0.538 0.51 0.506 0.502 0.469 0.465 0.465 0.459 0.457 0.459 0.447 0.445 0.439 0.445 0.445 0.445 0.445 0.446 0.446 0.445 0.442 0.442 0.442 0.447 0.447 0.447 0.447 0.447 0.447 0.447 0.448 0.449 0.449 0.459 0.462 0.462 0.462 0.462 0.462 0.462 0.462 0.463 0.463 0.471 0.475 0.475 0.475 0.47 0.47 0.467 0.47 0.472 0.472 0.467 0.461 0.461 0.449 0.449 0.449 0.449 0.437 0.436 0.435 0.432 0.432 0.432 0.432 0.436 0.438 0.436 0.43 0.434 0.433 0.433 0.434 0.435 0.436 0.437 0.44 0.437 0.437 0.44 0.443 0.44 0.443 0.443 0.443 0.443 0.446 0.443 0.443 0.446 0.446 0.442 0.446 0.449 0.449 0.45 0.453 0.45 0.449 0.45 0.455 0.455 0.457 0.457 0.457 0.455 0.453 0.453 0.453 0.461 0.461 0.462 0.463 0.467 0.469 0.47 0.47 0.472 0.472 0.472 0.472 0.474 0.472 0.475 0.481 0.481 0.481 0.487 0.487 0.487 0.489 0.495 0.495 0.495 0.495 0.499 0.501 0.502 0.505 0.505 0.506 0.506 0.507 0.511 0.512 0.515 0.513 0.516 0.52 0.52 0.524 0.529 0.531 0.535 0.536 0.537 0.54 0.544 0.544 0.548 0.55 0.55 0.556 0.56 0.56 0.56 0.561 0.567 0.571 0.571 0.579 0.581 0.586 0.587 0.59 0.593 0.597 0.598 0.601 0.605 0.616 0.618 0.619 0.623 0.628 0.631 0.632 0.646 0.647 0.656 0.656 0.666 0.667 0.667 0.67 0.674 0.687 0.69 0.698 0.698 0.702 0.716 0.718 0.724 0.73 0.738 0.739 0.746 0.75 0.762 0.764 0.772 0.779 0.787 0.789 0.792 0.812 0.821 0.891 0.925 0.928 0.928 0.927 0.927 0.925 0.922 0.922 0.922 0.918 0.92 0.92 0.918 0.918 0.92 0.92 0.92 0.92 0.918 0.916 0.913 0.913 0.913 0.916 0.916 0.916 0.916 0.915 0.915 0.907 0.909 0.909 0.909 0.909 0.91 0.91 0.91 0.911 0.91 0.91 0.913 0.913 0.913 0.913 0.916 0.916 0.916 0.916 0.917 0.919 0.919 0.92 0.921 0.921 0.921 0.923 0.927 0.93 0.93 0.931 0.937 0.938 0.938 0.937 0.937 0.938 0.94 0.94 0.943 0.944 0.944 0.944 0.946 0.954 0.962 0.964 0.965 0.968 0.968 0.969 0.97 0.978 0.986 0.986 0.996 0.999 1.007 1.024 1.028 2.381 2.391 2.415 2.624 2.6 2.6 2.6 2.565 2.55 2.442 2.442 2.435 2.402 2.402 2.386 2.402 2.407 2.41 2.443 2.452 2.474 2.484 2.486 2.491 2.494 2.495 2.51 2.511 2.524 2.536 2.536 2.536 2.439 2.339 2.331 2.305 2.274 2.269 2.251 2.229 2.204 2.184 2.163 2.151 2.146 2.125 2.105 2.08 2.062 2.059 2.024 2.024 1.995 1.889 0.842 0.84 0.836 0.832 0.832 0.832 0.823 0.817 0.815 0.813 0.808 0.805 0.8 0.798 0.791 0.788 0.787 0.787 0.784 0.781 0.78 0.78 0.774 0.772 0.768 0.764 0.762 0.756 0.756 0.756 0.752 0.747 0.741 0.741 0.741 0.741 0.742 0.742 0.74 0.732 0.731 0.73 0.73 0.722 0.722 0.72 0.72 0.719 0.717 0.717 0.716 0.716 0.716 0.71 0.705 0.704 0.698 0.692 0.692 0.692 0.691 0.691 0.689 0.684 0.682 0.672 0.583 0.345 0.342 0.331 0.331 0.331 0.331 0.329 0.329 0.327 0.327 0.327 0.327 0.327 0.327 0.316 0.313 0.301 0.301 0.301 0.304 0.304 0.304 0.307 0.304 0.304 0.304 0.304 0.304 0.304 0.302 0.3 0.299 0.298 0.298 0.299 0.299 0.299 0.299 0.302 0.298 0.293 0.293 0.293 0.293 0.295 0.295 0.295 0.295 0.298 0.31 0.319 0.319 0.319 0.319 0.319 0.326 0.362 0.362 0.373 0.375 0.392 0.658 0.739 0.828 0.912 1.017 1.164 1.443 1.694 1.697 1.698 1.699 1.699 1.697 1.696 1.696 1.69 1.693 1.696 1.693 1.693 1.696 1.702 1.705 3.219 0.007 0 0 0 0 0 0 0 0 0 0 0 0 0 0 0 0 0 0 0 0 0 0 0 0 0 0 0 0 0 0 0 0 0 0 0 0 0 0 0 0 0 0 0 0 0 0 0 0 0 0 0 0 0 0 0 0 0 0 1.949 1.897 1.813 1.796 1.758 
1 1 1 1 1 1 1 1 1 1 1 1 1 1 1 1 1 1 1 1 1 1 1 1 1 1 1 1 1 1 1 1 1 1 1 1 1 1 1 1 1 1 1 1 1 1 1 1 1 1 1 1 1 1 1 1 1 1 1 1 1 1 1 1 1 1 1 1 1 1 1 1 1 1 1 1 1 1 1 1 1 1 1 1 1 1 1 1 1 1 1 1 1 1 1 1 1 1 1 1 1 1 1 1 1 1 1 1 1 1 1 1 1 1 1 1 1 1 1 1 1 1 1 1 1 1 1 1 1 1 1 1 1 1 1 1 1 1 1 1 1 1 1 1 1 1 1 1 1 1 1 1 1 1 1 1 1 1 1 1 1 1 1 1 1 1 1 1 1 1 1 1 1 1 1 1 1 1 1 1 1 1 1 1 1 1 1 1 1 1 1 1 1 1 1 1 1 1 1 1 1 1 1 1 1 1 1 1 1 1 1 1 1 1 1 1 1 1 1 1 1 1 1 1 1 1 1 1 1 1 1 1 1 1 1 1 1 1 1 1 1 1 1 1 1 1 1 1 1 1 1 1 1 1 1 1 1 1 1 1 1 1 1 1 1 1 1 1 1 1 1 1 1 1 1 1 1 1 1 1 1 1 1 1 1 1 1 1 1 1 1 1 1 1 1 1 1 1 1 1 1 1 1 1 1 1 1 1 1 1 1 1 1 1 1 1 1 1 1 1 1 1 1 1 1 1 1 1 1 1 1 1 1 1 1 1 1 1 1 1 1 1 1 1 1 1 1 1 1 1 1 1 1 1 1 1 1 1 1 1 1 1 1 1 1 1 1 1 1 1 1 1 1 1 1 1 1 1 1 1 1 1 1 1 1 1 1 1 1 1 1 1 1 1 1 1 1 1 1 1 1 1 1 1 1 1 1 1 1 1 1 1 1 1 1 1 1 1 1 1 1 1 1 1 1 1 1 1 1 1 1 1 1 1 1 1 1 1 1 1 1 1 1 1 1 1 1 1 1 1 1 1 1 1 1 1 1 1 1 1 1 1 1 1 1 1 1 1 1 1 1 1 1 1 1 1 1 1 1 1 1 1 1 1 1 1 1 1 1 1 1 1 1 1 1 1 1 1 1 1 1 1 1 1 1 1 1 1 1 1 1 1 1 1 1 1 1 1 1 1 1 1 1 1 1 1 1 1 1 1 1 1 1 1 1 1 1 1 1 1 1 1 1 1 1 1 1 1 1 1 1 1 1 1 1 1 1 1 1 1 1 1 1 1 1 1 1 1 1 1 1 1 1 1 1 1 1 1 1 1 1 1 1 1 1 1 1 1 1 1 1 1 1 1 1 1 1 1 1 1 1 1 1 1 1 1 1 1 1 1 1 1 1 1 1 1 1 1 0 0 0 0 0 0 0 0 0 0 0 0 0 0 0 0 0 0 0 0 0 0 0 0 0 0 0 0 0 0 0 0 0 0 0 0 0 0 0 0 0 0 0 0 0 0 0 0 0 0 0 0 0 0 0 0 0 0 0 1 1 1 1 1 
