# This file contains a 2D laser scan observation. 
# Its format is: 
# [aperture] [max_range] [number_of_scans] 
# [vector_of_scans] 
# [vector_of_valid_scans] 
# The aperture of the sensor is in radians, the maximum range 
# and measurements are in meters. '1' means a valid scan, '0' otherwise.
4.1847
5.6
682
0.85 0.848 0.841 0.841 0.822 0.82 0.815 0.812 0.812 0.802 0.801 0.796 0.796 0.798 0.8 0.798 0.8 0.798 0.796 0.79 0.789 0.78 0.778 0.775 0.775 0.774 0.772 0.77 0.77 0.767 0.766 0.762 0.758 0.754 0.751 0.747 0.746 0.743 0.74 0.739 0.738 0.734 0.729 0.728 0.728 0.726 0.724 0.724 0.722 0.718 0.717 0.714 0.716 0.714 0.713 0.713 0.712 0.712 0.71 0.706 0.702 0.699 0.697 0.697 0.695 0.694 0.694 0.694 0.692 0.69 0.69 0.687 0.687 0.687 0.687 0.687 0.681 0.679 0.681 0.681 0.68 0.679 0.677 0.677 0.677 0.678 0.679 0.679 0.679 0.676 0.672 0.672 0.676 0.676 0.672 0.676 0.672 0.672 0.675 0.677 0.677 0.677 0.677 0.671 0.671 0.669 0.669 0.669 0.671 0.669 0.671 0.671 0.671 0.668 0.668 0.668 0.666 0.666 0.666 0.67 0.668 0.668 0.668 0.671 0.671 0.671 0.672 0.673 0.681 0.687 0.687 0.687 0.687 0.695 3.287 3.287 3.287 3.286 3.282 3.282 3.286 3.286 3.287 3.295 3.297 3.301 3.304 3.317 3.317 3.323 3.326 3.326 3.328 3.334 3.335 3.343 3.346 3.355 3.358 3.368 3.368 3.368 3.368 3.379 3.401 3.406 3.417 3.42 3.664 3.664 3.664 3.623 3.603 3.596 3.596 3.574 2.507 2.425 2.425 2.425 2.435 2.436 2.436 2.435 2.438 2.447 2.404 2.374 2.329 2.329 2.329 2.335 2.355 2.357 2.357 2.358 2.358 2.358 2.358 2.362 2.369 2.376 2.377 2.388 2.39 2.401 2.401 2.415 2.421 2.428 2.432 2.45 2.457 2.469 2.475 2.481 2.481 2.481 1.688 1.661 1.661 1.636 1.605 1.602 1.6 1.598 1.586 1.572 1.571 1.571 1.54 1.534 1.519 1.511 1.504 1.493 1.491 1.481 1.465 1.456 1.448 1.438 1.432 1.429 1.417 1.409 1.402 1.402 1.389 1.373 1.37 1.37 1.353 1.342 1.335 1.332 1.321 1.316 1.307 1.306 1.299 1.283 1.283 1.282 1.275 1.275 1.26 1.259 1.258 1.251 1.232 1.23 1.227 1.225 1.222 1.217 1.217 1.209 1.199 1.199 1.196 1.187 1.186 1.18 1.178 1.172 1.167 1.162 1.158 1.158 1.157 1.152 1.151 1.139 1.139 1.139 1.133 1.122 1.122 1.118 1.112 1.11 1.107 1.102 1.102 1.102 1.097 1.095 1.094 1.092 1.092 1.085 1.082 1.082 1.081 1.081 1.081 1.076 1.076 1.072 1.063 1.063 1.063 1.06 1.059 1.059 1.057 1.052 1.05 1.044 1.044 1.042 1.038 1.031 1.026 1.025 1.023 1.022 1.022 1.022 1.016 1.016 1.015 1.015 1.015 1.012 1.007 1.007 1.006 1.006 1.007 1.007 1.007 1.007 1.005 1.005 1.005 1.005 1.005 1 0.999 0.998 0.996 0.996 0.996 0.994 0.994 0.994 0.991 0.993 0.993 0.997 0.997 0.997 0.998 0.999 0.998 0.996 0.999 0.996 0.996 0.999 1.015 1.015 1.019 1.015 1.015 1.012 1.022 1.023 1.023 1.023 1.023 1.022 1.022 1.022 1.023 1.023 1.024 1.029 1.034 1.034 1.038 1.039 1.039 1.039 1.038 1.039 1.041 1.043 1.045 1.045 1.045 1.045 1.045 1.045 1.051 1.052 1.057 1.061 1.062 1.062 1.062 1.039 1.032 1.031 1.018 1.01 0.977 0.974 0.972 0.961 0.959 0.959 0.961 0.961 0.967 0.969 0.97 0.97 0.976 0.989 0.997 0.999 1.01 1.015 1.267 1.286 1.294 1.298 1.302 1.303 1.305 1.315 1.319 1.325 1.326 1.332 1.336 1.339 1.341 1.35 1.359 1.359 1.364 1.373 1.38 1.386 2.187 2.188 2.2 2.2 2.218 2.227 2.241 2.274 2.288 2.288 2.288 2.272 2.272 2.272 2.302 2.303 2.363 2.369 2.377 2.382 2.382 2.382 2.405 2.45 2.457 2.46 2.466 2.466 2.471 2.473 2.545 2.582 2.589 2.594 2.589 2.589 2.6 2.674 2.674 2.682 2.693 2.696 2.739 2.744 2.763 2.769 2.772 2.772 2.785 2.804 2.875 2.891 2.891 2.891 2.898 2.898 2.909 2.965 3.723 3.723 3.733 3.733 3.723 3.719 3.595 3.595 3.595 3.595 3.595 3.564 3.539 3.484 3.468 3.468 3.468 3.471 3.471 3.471 0.397 0.396 0.396 0.396 0.388 0.388 0.384 0.384 0.383 0.383 0.383 0.38 0.38 0.38 0.378 0.376 0.376 0.375 0.374 0.369 0.367 0.365 0.361 0.361 0.361 0.36 0.359 0.356 0.355 0.355 0.355 0.354 0.354 0.353 0.348 0.346 0.346 0.348 0.354 0.356 0.356 0.354 0.355 0.355 0.355 0.369 0.371 0.371 0.371 0.371 0.37 0.37 0.37 0.37 0.37 0.367 0.367 0.367 0.367 0.367 0.366 0.365 0.366 0.366 0.367 0.368 0.369 0.369 0.369 0.369 0.365 0.362 0.362 0.365 0.365 0.361 0.361 0.36 0.36 0.361 0.36 0.364 0.364 0.361 0.358 0.361 0.361 0.361 0.362 0.364 0.364 0.364 0.365 0.365 0.367 0.366 0.366 0.366 0.366 0.366 0.367 0.367 0.366 0.366 0.366 0.366 0.366 0.366 0.366 0.366 0.366 0.374 0.376 0.376 0.377 0.377 0.376 0.376 0.374 0.355 0.355 0.355 0.35 0.35 0.35 0.35 0.349 0.349 0.349 0.355 0.355 0.356 0.356 0.357 0.357 0.362 
1 1 1 1 1 1 1 1 1 1 1 1 1 1 1 1 1 1 1 1 1 1 1 1 1 1 1 1 1 1 1 1 1 1 1 1 1 1 1 1 1 1 1 1 1 1 1 1 1 1 1 1 1 1 1 1 1 1 1 1 1 1 1 1 1 1 1 1 1 1 1 1 1 1 1 1 1 1 1 1 1 1 1 1 1 1 1 1 1 1 1 1 1 1 1 1 1 1 1 1 1 1 1 1 1 1 1 1 1 1 1 1 1 1 1 1 1 1 1 1 1 1 1 1 1 1 1 1 1 1 1 1 1 1 1 1 1 1 1 1 1 1 1 1 1 1 1 1 1 1 1 1 1 1 1 1 1 1 1 1 1 1 1 1 1 1 1 1 1 1 1 1 1 1 1 1 1 1 1 1 1 1 1 1 1 1 1 1 1 1 1 1 1 1 1 1 1 1 1 1 1 1 1 1 1 1 1 1 1 1 1 1 1 1 1 1 1 1 1 1 1 1 1 1 1 1 1 1 1 1 1 1 1 1 1 1 1 1 1 1 1 1 1 1 1 1 1 1 1 1 1 1 1 1 1 1 1 1 1 1 1 1 1 1 1 1 1 1 1 1 1 1 1 1 1 1 1 1 1 1 1 1 1 1 1 1 1 1 1 1 1 1 1 1 1 1 1 1 1 1 1 1 1 1 1 1 1 1 1 1 1 1 1 1 1 1 1 1 1 1 1 1 1 1 1 1 1 1 1 1 1 1 1 1 1 1 1 1 1 1 1 1 1 1 1 1 1 1 1 1 1 1 1 1 1 1 1 1 1 1 1 1 1 1 1 1 1 1 1 1 1 1 1 1 1 1 1 1 1 1 1 1 1 1 1 1 1 1 1 1 1 1 1 1 1 1 1 1 1 1 1 1 1 1 1 1 1 1 1 1 1 1 1 1 1 1 1 1 1 1 1 1 1 1 1 1 1 1 1 1 1 1 1 1 1 1 1 1 1 1 1 1 1 1 1 1 1 1 1 1 1 1 1 1 1 1 1 1 1 1 1 1 1 1 1 1 1 1 1 1 1 1 1 1 1 1 1 1 1 1 1 1 1 1 1 1 1 1 1 1 1 1 1 1 1 1 1 1 1 1 1 1 1 1 1 1 1 1 1 1 1 1 1 1 1 1 1 1 1 1 1 1 1 1 1 1 1 1 1 1 1 1 1 1 1 1 1 1 1 1 1 1 1 1 1 1 1 1 1 1 1 1 1 1 1 1 1 1 1 1 1 1 1 1 1 1 1 1 1 1 1 1 1 1 1 1 1 1 1 1 1 1 1 1 1 1 1 1 1 1 1 1 1 1 1 1 1 1 1 1 1 1 1 1 1 1 1 1 1 1 1 1 1 1 1 1 1 1 1 1 1 1 1 1 1 1 1 1 1 1 1 1 1 1 1 1 1 1 1 1 1 1 1 1 1 1 1 1 1 1 1 1 1 1 1 1 1 1 1 1 1 1 1 1 1 1 1 1 1 1 1 1 1 1 1 1 1 1 1 1 1 1 
