# This file contains a 2D laser scan observation. 
# Its format is: 
# [aperture] [max_range] [number_of_scans] 
# [vector_of_scans] 
# [vector_of_valid_scans] 
# The aperture of the sensor is in radians, the maximum range 
# and measurements are in meters. '1' means a valid scan, '0' otherwise.
4.1847
5.6
682
0.827 0.825 0.817 0.815 0.814 0.804 0.803 0.8 0.798 0.796 0.79 0.79 0.789 0.788 0.776 0.776 0.774 0.77 0.769 0.768 0.768 0.758 0.755 0.755 0.755 0.751 0.746 0.746 0.746 0.741 0.739 0.739 0.733 0.733 0.733 0.72 0.72 0.72 0.72 0.72 0.72 0.72 0.717 0.717 0.714 0.712 0.709 0.709 0.706 0.704 0.704 0.7 0.697 0.697 0.697 0.697 0.696 0.694 0.694 0.685 0.681 0.681 0.681 0.685 0.683 0.687 0.685 0.685 0.683 0.682 0.681 0.679 0.678 0.676 0.676 0.678 0.678 0.678 0.678 0.678 0.675 0.671 0.671 0.671 0.666 0.666 0.666 0.666 0.666 0.664 0.662 0.662 0.662 0.663 0.663 0.663 0.663 0.668 0.66 0.66 0.658 0.657 0.657 0.657 0.655 0.657 0.667 1.403 0.007 2.225 2.22 2.22 2.22 2.225 2.227 2.227 2.291 2.329 0 0 0 0 0 0 0 0 3.256 3.256 3.253 3.253 3.256 3.263 3.268 3.271 3.271 3.272 3.284 3.286 3.289 3.293 3.297 3.297 3.305 3.312 3.316 3.317 3.324 3.325 3.331 3.331 3.334 3.335 3.335 3.382 3.384 3.384 3.384 3.384 3.713 3.713 3.713 3.628 3.579 3.579 3.567 2.465 2.383 2.383 2.383 2.403 2.404 2.404 2.404 2.404 2.377 2.333 2.285 2.285 2.285 2.288 2.3 2.312 2.322 2.322 2.322 2.305 2.305 2.305 2.308 2.32 2.324 2.328 2.344 2.351 2.355 2.36 2.36 2.376 2.381 2.384 2.393 2.399 2.404 2.41 2.41 2.41 1.622 1.603 1.59 1.564 1.555 1.548 1.547 1.539 1.52 1.505 1.494 1.486 1.477 1.465 1.46 1.445 1.438 1.43 1.419 1.399 1.392 1.389 1.378 1.373 1.362 1.345 1.341 1.335 1.325 1.312 1.308 1.306 1.302 1.288 1.27 1.27 1.267 1.257 1.256 1.241 1.239 1.229 1.224 1.222 1.207 1.207 1.199 1.193 1.186 1.185 1.178 1.174 1.17 1.16 1.158 1.157 1.151 1.148 1.134 1.13 1.126 1.119 1.116 1.115 1.112 1.107 1.105 1.101 1.095 1.09 1.088 1.085 1.083 1.069 1.069 1.069 1.067 1.055 1.054 1.053 1.044 1.044 1.042 1.041 1.037 1.027 1.025 1.021 1.021 1.019 1.019 1.012 1.012 1.004 1.004 0.999 0.998 0.996 0.995 0.995 0.991 0.991 0.99 0.986 0.981 0.976 0.975 0.972 0.972 0.972 0.969 0.966 0.966 0.964 0.964 0.964 0.962 0.962 0.952 0.937 0.937 0.937 0.935 0.935 0.929 0.927 0.926 0.926 0.926 0.926 0.926 0.928 0.924 0.924 0.925 0.924 0.922 0.922 0.92 0.918 0.92 0.92 0.92 0.919 0.919 0.915 0.914 0.914 0.915 0.917 0.917 0.917 0.914 0.914 0.914 0.914 0.917 0.917 0.91 0.91 0.91 0.91 0.91 0.912 0.912 0.916 0.916 0.916 0.916 0.916 0.917 0.917 0.918 0.925 0.929 0.929 0.931 0.934 0.935 0.935 0.935 0.936 0.937 0.937 0.937 0.937 0.937 0.937 0.941 0.943 0.944 0.948 0.949 0.95 0.95 0.951 0.952 0.954 0.954 0.955 0.96 0.962 0.962 0.964 0.965 0.968 0.973 0.974 0.974 0.977 0.977 0.979 0.979 0.987 0.987 0.987 0.977 0.955 0.952 0.948 0.938 0.931 0.911 0.908 0.899 0.896 0.891 0.884 0.884 0.882 0.882 0.893 0.898 0.899 0.899 0.907 0.908 0.919 0.923 0.923 0.928 0.939 1.211 1.222 1.222 1.223 1.235 1.236 1.24 1.244 1.247 1.261 1.262 1.268 1.272 1.279 1.281 1.285 1.29 1.309 1.31 1.313 2.12 2.13 2.155 2.155 2.172 2.197 2.223 2.23 2.23 2.23 2.211 2.211 2.211 2.24 2.273 2.321 2.321 2.321 2.321 2.321 2.321 2.375 2.401 2.407 2.41 2.41 2.413 2.413 2.459 2.53 2.544 2.544 2.544 2.514 2.514 2.514 2.575 2.629 2.641 2.649 2.667 2.695 2.704 2.731 2.731 2.732 2.735 2.747 2.83 2.841 2.846 2.846 2.853 2.86 2.927 3.784 3.784 3.784 3.678 3.675 3.663 3.624 3.549 3.549 3.549 3.549 3.549 3.53 3.504 3.431 3.431 3.431 3.429 3.429 3.41 3.396 3.342 3.342 3.342 3.326 1.444 1.442 1.44 1.436 1.435 1.432 1.423 1.419 1.417 1.406 1.401 1.398 1.397 1.397 1.391 1.389 1.389 1.386 1.385 1.38 1.375 1.373 1.371 1.37 1.37 1.343 1.21 0.441 0.379 0.371 0.371 0.368 0.368 0.368 0.371 0.367 0.364 0.359 0.359 0.359 0.356 0.356 0.366 0.366 0.364 0.366 0.366 0.366 0.368 0.368 0.368 0.366 0.36 0.358 0.355 0.352 0.35 0.35 0.35 0.35 0.351 0.353 0.353 0.353 0.352 0.349 0.341 0.341 0.336 0.336 0.336 0.345 0.347 0.347 0.347 0.346 0.346 0.346 0.354 0.36 0.367 0.368 0.37 0.376 0.372 0.372 0.372 0.371 0.367 0.367 0.37 0.37 0.372 0.374 0.374 0.375 0.377 0.377 0.377 0.376 0.376 0.376 0.376 0.377 0.377 0.377 0.375 0.373 0.373 0.373 0.373 0.373 0.378 0.376 0.378 0.38 0.385 0.385 0.385 0.389 0.384 0.384 0.388 0.388 0.388 0.389 0.389 0.389 0.39 0.392 0.392 0.394 0.395 0.394 
1 1 1 1 1 1 1 1 1 1 1 1 1 1 1 1 1 1 1 1 1 1 1 1 1 1 1 1 1 1 1 1 1 1 1 1 1 1 1 1 1 1 1 1 1 1 1 1 1 1 1 1 1 1 1 1 1 1 1 1 1 1 1 1 1 1 1 1 1 1 1 1 1 1 1 1 1 1 1 1 1 1 1 1 1 1 1 1 1 1 1 1 1 1 1 1 1 1 1 1 1 1 1 1 1 1 1 1 0 1 1 1 1 1 1 1 1 1 0 0 0 0 0 0 0 0 1 1 1 1 1 1 1 1 1 1 1 1 1 1 1 1 1 1 1 1 1 1 1 1 1 1 1 1 1 1 1 1 1 1 1 1 1 1 1 1 1 1 1 1 1 1 1 1 1 1 1 1 1 1 1 1 1 1 1 1 1 1 1 1 1 1 1 1 1 1 1 1 1 1 1 1 1 1 1 1 1 1 1 1 1 1 1 1 1 1 1 1 1 1 1 1 1 1 1 1 1 1 1 1 1 1 1 1 1 1 1 1 1 1 1 1 1 1 1 1 1 1 1 1 1 1 1 1 1 1 1 1 1 1 1 1 1 1 1 1 1 1 1 1 1 1 1 1 1 1 1 1 1 1 1 1 1 1 1 1 1 1 1 1 1 1 1 1 1 1 1 1 1 1 1 1 1 1 1 1 1 1 1 1 1 1 1 1 1 1 1 1 1 1 1 1 1 1 1 1 1 1 1 1 1 1 1 1 1 1 1 1 1 1 1 1 1 1 1 1 1 1 1 1 1 1 1 1 1 1 1 1 1 1 1 1 1 1 1 1 1 1 1 1 1 1 1 1 1 1 1 1 1 1 1 1 1 1 1 1 1 1 1 1 1 1 1 1 1 1 1 1 1 1 1 1 1 1 1 1 1 1 1 1 1 1 1 1 1 1 1 1 1 1 1 1 1 1 1 1 1 1 1 1 1 1 1 1 1 1 1 1 1 1 1 1 1 1 1 1 1 1 1 1 1 1 1 1 1 1 1 1 1 1 1 1 1 1 1 1 1 1 1 1 1 1 1 1 1 1 1 1 1 1 1 1 1 1 1 1 1 1 1 1 1 1 1 1 1 1 1 1 1 1 1 1 1 1 1 1 1 1 1 1 1 1 1 1 1 1 1 1 1 1 1 1 1 1 1 1 1 1 1 1 1 1 1 1 1 1 1 1 1 1 1 1 1 1 1 1 1 1 1 1 1 1 1 1 1 1 1 1 1 1 1 1 1 1 1 1 1 1 1 1 1 1 1 1 1 1 1 1 1 1 1 1 1 1 1 1 1 1 1 1 1 1 1 1 1 1 1 1 1 1 1 1 1 1 1 1 1 1 1 1 1 1 1 1 1 1 1 1 1 1 1 1 1 1 1 1 1 1 1 1 1 1 1 1 1 1 1 1 1 1 1 1 1 1 1 1 1 1 1 1 1 1 1 1 1 1 1 1 1 1 1 1 1 1 1 1 1 1 1 1 1 1 1 1 1 1 1 1 1 1 1 1 
