# This file contains a 2D laser scan observation. 
# Its format is: 
# [aperture] [max_range] [number_of_scans] 
# [vector_of_scans] 
# [vector_of_valid_scans] 
# The aperture of the sensor is in radians, the maximum range 
# and measurements are in meters. '1' means a valid scan, '0' otherwise.
4.1847
5.6
682
0.809 0.805 0.804 0.799 0.795 0.788 0.784 0.783 0.783 0.783 0.778 0.778 0.776 0.772 0.771 0.764 0.761 0.754 0.754 0.752 0.748 0.746 0.746 0.746 0.74 0.739 0.738 0.732 0.732 0.729 0.726 0.725 0.723 0.719 0.719 0.719 0.719 0.713 0.712 0.712 0.706 0.706 0.705 0.704 0.697 0.697 0.696 0.696 0.696 0.696 0.696 0.693 0.693 0.692 0.69 0.687 0.687 0.683 0.683 0.683 0.683 0.681 0.681 0.676 0.676 0.675 0.674 0.674 0.673 0.671 0.671 0.671 0.671 0.671 0.67 0.67 0.67 0.67 0.67 0.669 0.668 0.666 0.664 0.657 0.657 0.657 0.657 0.657 0.663 0.699 0.744 0.79 0.852 0.937 1.063 1.208 1.354 1.407 1.525 2.144 2.208 2.212 2.216 2.216 2.216 2.217 2.221 2.227 2.315 2.325 0 0 0 0 0 0 0 0 3.249 3.247 3.247 3.247 3.247 3.247 3.247 3.257 3.259 3.263 3.264 3.267 3.272 3.274 3.276 3.28 3.289 3.289 3.292 3.296 3.296 3.3 3.311 3.314 3.315 3.315 3.315 3.315 3.324 3.351 3.353 3.365 3.365 3.428 3.657 3.657 4.494 3.657 3.574 2.402 2.366 2.366 2.366 2.372 2.376 2.376 2.372 2.371 2.318 2.318 2.279 2.273 2.272 2.272 2.272 2.281 2.296 2.296 2.296 2.27 2.27 2.27 2.287 2.288 2.293 2.301 2.301 2.309 2.313 2.321 2.33 2.332 2.347 2.352 2.355 2.364 2.368 2.368 2.364 1.584 1.569 1.547 1.524 1.513 1.513 1.512 1.495 1.49 1.471 1.465 1.437 1.436 1.428 1.414 1.394 1.393 1.38 1.375 1.354 1.348 1.342 1.326 1.317 1.314 1.301 1.295 1.285 1.279 1.263 1.257 1.255 1.249 1.233 1.229 1.228 1.226 1.208 1.202 1.194 1.192 1.189 1.174 1.169 1.162 1.16 1.159 1.151 1.148 1.137 1.131 1.128 1.119 1.116 1.109 1.104 1.101 1.092 1.091 1.084 1.081 1.075 1.073 1.068 1.066 1.059 1.052 1.046 1.043 1.043 1.036 1.033 1.022 1.02 1.016 1.016 1.015 1.001 1.001 1.001 0.997 0.993 0.99 0.981 0.979 0.98 0.979 0.976 0.97 0.969 0.96 0.957 0.956 0.951 0.951 0.947 0.947 0.947 0.947 0.94 0.94 0.939 0.939 0.939 0.928 0.927 0.917 0.917 0.915 0.915 0.914 0.915 0.916 0.916 0.91 0.908 0.907 0.902 0.903 0.902 0.9 0.89 0.888 0.885 0.885 0.885 0.883 0.881 0.876 0.874 0.874 0.872 0.867 0.867 0.867 0.867 0.866 0.866 0.866 0.865 0.861 0.861 0.861 0.861 0.86 0.858 0.854 0.854 0.853 0.853 0.853 0.859 0.859 0.864 0.864 0.864 0.858 0.858 0.851 0.851 0.851 0.858 0.858 0.858 0.853 0.856 0.856 0.856 0.856 0.857 0.857 0.857 0.856 0.857 0.855 0.855 0.859 0.861 0.863 0.864 0.87 0.87 0.876 0.879 0.881 0.881 0.881 0.882 0.882 0.88 0.88 0.882 0.88 0.88 0.882 0.884 0.882 0.884 0.888 0.887 0.89 0.89 0.89 0.889 0.89 0.89 0.893 0.897 0.905 0.905 0.906 0.905 0.905 0.906 0.907 0.911 0.918 0.918 0.92 0.922 0.92 0.922 0.925 0.925 0.92 0.907 0.896 0.894 0.889 0.885 0.885 0.859 0.852 0.849 0.849 0.84 0.838 0.829 0.829 0.836 0.836 0.84 0.842 0.844 0.849 0.852 0.853 0.868 0.873 0.878 0.879 0.88 1.151 1.173 1.175 1.182 1.183 1.186 1.199 1.199 1.209 1.21 1.218 1.226 1.227 1.23 1.236 1.238 1.241 1.253 1.261 1.266 2.103 2.13 2.162 2.162 2.174 2.174 2.174 2.163 2.163 2.163 2.189 2.197 2.257 2.267 2.267 2.278 2.281 2.281 2.287 2.349 2.358 2.358 2.364 2.365 2.37 2.377 2.468 2.495 2.495 2.496 2.496 2.5 2.5 2.58 2.58 2.595 2.599 2.614 2.654 2.667 2.685 2.688 2.691 2.694 2.705 2.755 2.809 2.81 2.82 2.82 2.828 2.844 3.713 3.713 3.713 3.656 3.653 3.645 3.58 3.523 3.523 3.523 3.523 3.523 3.494 3.463 3.405 3.405 3.405 3.405 3.405 3.386 3.375 3.323 3.321 3.323 3.365 3.321 3.365 3.365 3.313 1.417 1.415 1.415 1.415 1.415 1.41 1.396 1.394 1.393 1.391 1.387 1.381 1.381 1.372 1.368 1.368 1.365 1.362 1.359 1.359 1.357 1.357 1.352 1.345 1.322 1.308 1.289 1.238 1.193 1.107 1.046 0.967 0.893 0.804 0.712 0.632 0.575 0.533 0.503 0.472 0.463 0.463 0.463 0.464 0.469 0.469 0.464 0.436 0.361 0.361 0.361 0.361 0.364 0.365 0.368 0.364 0.364 0.362 0.358 0.352 0.35 0.352 0.355 0.355 0.355 0.357 0.357 0.357 0.353 0.353 0.353 0.353 0.356 0.362 0.362 0.362 0.362 0.362 0.362 0.353 0.353 0.351 0.351 0.353 0.353 0.353 0.353 0.353 0.351 0.347 0.347 0.346 0.347 0.347 0.348 0.346 0.348 0.35 0.352 0.353 0.354 0.371 0.377 0.377 0.379 0.379 0.379 0.379 0.379 0.379 0.383 0.384 0.387 0.388 0.387 0.387 0.388 0.388 0.388 0.389 0.39 0.391 0.391 0.391 0.391 0.391 0.391 0.4 0.401 0.401 0.401 0.399 
1 1 1 1 1 1 1 1 1 1 1 1 1 1 1 1 1 1 1 1 1 1 1 1 1 1 1 1 1 1 1 1 1 1 1 1 1 1 1 1 1 1 1 1 1 1 1 1 1 1 1 1 1 1 1 1 1 1 1 1 1 1 1 1 1 1 1 1 1 1 1 1 1 1 1 1 1 1 1 1 1 1 1 1 1 1 1 1 1 1 1 1 1 1 1 1 1 1 1 1 1 1 1 1 1 1 1 1 1 1 0 0 0 0 0 0 0 0 1 1 1 1 1 1 1 1 1 1 1 1 1 1 1 1 1 1 1 1 1 1 1 1 1 1 1 1 1 1 1 1 1 1 1 1 1 1 1 1 1 1 1 1 1 1 1 1 1 1 1 1 1 1 1 1 1 1 1 1 1 1 1 1 1 1 1 1 1 1 1 1 1 1 1 1 1 1 1 1 1 1 1 1 1 1 1 1 1 1 1 1 1 1 1 1 1 1 1 1 1 1 1 1 1 1 1 1 1 1 1 1 1 1 1 1 1 1 1 1 1 1 1 1 1 1 1 1 1 1 1 1 1 1 1 1 1 1 1 1 1 1 1 1 1 1 1 1 1 1 1 1 1 1 1 1 1 1 1 1 1 1 1 1 1 1 1 1 1 1 1 1 1 1 1 1 1 1 1 1 1 1 1 1 1 1 1 1 1 1 1 1 1 1 1 1 1 1 1 1 1 1 1 1 1 1 1 1 1 1 1 1 1 1 1 1 1 1 1 1 1 1 1 1 1 1 1 1 1 1 1 1 1 1 1 1 1 1 1 1 1 1 1 1 1 1 1 1 1 1 1 1 1 1 1 1 1 1 1 1 1 1 1 1 1 1 1 1 1 1 1 1 1 1 1 1 1 1 1 1 1 1 1 1 1 1 1 1 1 1 1 1 1 1 1 1 1 1 1 1 1 1 1 1 1 1 1 1 1 1 1 1 1 1 1 1 1 1 1 1 1 1 1 1 1 1 1 1 1 1 1 1 1 1 1 1 1 1 1 1 1 1 1 1 1 1 1 1 1 1 1 1 1 1 1 1 1 1 1 1 1 1 1 1 1 1 1 1 1 1 1 1 1 1 1 1 1 1 1 1 1 1 1 1 1 1 1 1 1 1 1 1 1 1 1 1 1 1 1 1 1 1 1 1 1 1 1 1 1 1 1 1 1 1 1 1 1 1 1 1 1 1 1 1 1 1 1 1 1 1 1 1 1 1 1 1 1 1 1 1 1 1 1 1 1 1 1 1 1 1 1 1 1 1 1 1 1 1 1 1 1 1 1 1 1 1 1 1 1 1 1 1 1 1 1 1 1 1 1 1 1 1 1 1 1 1 1 1 1 1 1 1 1 1 1 1 1 1 1 1 1 1 1 1 1 1 1 1 1 1 1 1 1 1 1 1 1 1 1 1 1 1 1 1 1 1 1 1 1 1 1 1 1 1 1 1 1 1 1 1 1 1 1 1 1 1 1 1 1 1 1 1 1 1 1 1 1 1 1 1 1 1 1 1 
