# This file contains a 2D laser scan observation. 
# Its format is: 
# [aperture] [max_range] [number_of_scans] 
# [vector_of_scans] 
# [vector_of_valid_scans] 
# The aperture of the sensor is in radians, the maximum range 
# and measurements are in meters. '1' means a valid scan, '0' otherwise.
4.1847
5.6
682
2.297 2.324 2.338 2.342 2.346 2.346 2.348 2.35 2.35 2.408 2.445 2.456 2.534 2.602 0 0 0 0 0 0.007 0 0 0.007 3.355 3.355 3.355 3.355 3.355 3.356 3.361 3.363 3.363 3.361 3.361 3.356 3.356 3.362 3.366 3.366 3.367 3.376 3.377 3.377 3.378 3.379 3.382 3.385 3.389 3.389 3.389 0.007 0.015 3.42 3.42 3.42 3.42 3.42 3.387 2.417 2.417 2.409 2.409 2.411 2.411 2.411 2.411 2.362 2.299 2.299 2.299 2.299 2.3 2.312 2.312 2.312 2.297 2.297 2.297 2.297 2.298 2.304 2.311 2.312 2.314 2.315 2.315 2.315 1.571 1.535 1.497 1.496 1.491 1.482 1.455 1.442 1.412 1.402 1.395 1.369 1.348 1.344 1.326 1.305 1.295 1.285 1.264 1.261 1.245 1.233 1.219 1.198 1.198 1.184 1.171 1.159 1.156 1.143 1.128 1.115 1.107 1.093 1.083 1.081 1.069 1.068 1.057 1.044 1.04 1.029 1.027 1.015 1.005 1.001 0.989 0.984 0.973 0.968 0.957 0.949 0.948 0.944 0.941 0.925 0.924 0.919 0.914 0.911 0.906 0.891 0.89 0.881 0.875 0.874 0.864 0.864 0.855 0.853 0.847 0.844 0.841 0.84 0.829 0.825 0.82 0.812 0.812 0.812 0.812 0.81 0.803 0.803 0.794 0.789 0.788 0.788 0.787 0.78 0.775 0.775 0.774 0.769 0.762 0.758 0.755 0.751 0.746 0.746 0.742 0.742 0.742 0.738 0.734 0.719 0.717 0.716 0.714 0.706 0.706 0.704 0.697 0.697 0.692 0.692 0.692 0.69 0.69 0.688 0.688 0.688 0.686 0.685 0.675 0.675 0.675 0.675 0.675 0.675 0.672 0.67 0.669 0.665 0.665 0.665 0.665 0.665 0.661 0.661 0.661 0.661 0.658 0.658 0.657 0.655 0.65 0.65 0.645 0.65 0.65 0.65 0.646 0.648 0.648 0.646 0.646 0.644 0.642 0.64 0.64 0.64 0.64 0.64 0.64 0.64 0.64 0.64 0.634 0.634 0.634 0.628 0.628 0.636 0.628 0.636 0.637 0.647 0.647 0.647 0.644 0.644 0.644 0.645 0.647 0.647 0.647 0.647 0.648 0.648 0.648 0.65 0.65 0.65 0.65 0.65 0.652 0.654 0.654 0.654 0.654 0.654 0.65 0.65 0.65 0.65 0.65 0.65 0.65 0.65 0.655 0.659 0.661 0.661 0.661 0.658 0.658 0.658 0.658 0.661 0.665 0.665 0.665 0.665 0.665 0.665 0.666 0.665 0.666 0.669 0.67 0.672 0.672 0.672 0.672 0.674 0.675 0.679 0.681 0.681 0.685 0.685 0.674 0.641 0.638 0.637 0.637 0.635 0.622 0.619 0.61 0.601 0.601 0.601 0.601 0.591 0.579 0.576 0.576 0.576 0.577 0.581 0.581 0.582 0.586 0.586 0.586 0.586 0.589 0.589 0.598 0.598 0.598 0.6 0.619 0.622 0.622 0.619 0.619 0.629 0.638 0.873 0.887 0.887 0.893 0.894 0.905 0.909 0.912 0.917 0.917 0.926 0.93 0.931 0.932 0.947 0.948 0.952 0.956 0.957 0.96 0.96 0.965 0.969 0.982 0.983 0.987 0.996 1.882 1.882 1.882 1.882 1.882 1.9 1.931 1.998 1.998 2.012 2.018 2.018 2.023 2.023 2.077 2.097 2.099 2.104 2.111 2.113 2.113 2.12 2.182 2.246 2.246 2.246 2.225 2.207 2.207 2.207 2.344 2.351 2.353 2.353 2.402 2.418 2.429 2.435 2.441 2.449 2.461 2.465 2.485 2.558 2.569 2.573 2.587 2.589 2.605 3.421 3.438 3.439 3.438 3.438 3.318 3.318 3.318 3.318 3.318 3.318 3.318 3.258 3.228 3.187 3.187 3.187 3.187 3.187 3.171 3.171 3.097 3.092 3.097 3.148 3.129 3.129 3.129 3.095 3.08 3.063 3.058 3.041 3.027 3.027 3.027 3.028 3.03 3.035 3.084 3.172 3.172 3.172 1.214 1.212 1.212 1.21 1.21 1.21 1.21 1.21 1.208 1.199 1.199 1.196 1.195 1.195 1.193 1.192 1.192 1.192 1.192 1.192 1.192 1.183 1.181 1.18 1.18 1.178 1.178 1.177 1.176 1.17 1.167 1.141 1.031 1.003 0.978 0.964 0.935 0.909 0.894 0.873 0.849 0.836 0.816 0.801 0.773 0.756 0.753 0.728 0.719 0.708 0.695 0.685 0.679 0.666 0.664 0.651 0.634 0.633 0.63 0.615 0.613 0.597 0.59 0.586 0.586 0.575 0.565 0.561 0.546 0.546 0.541 0.541 0.541 0.533 0.517 0.515 0.508 0.507 0.504 0.498 0.498 0.494 0.493 0.486 0.478 0.474 0.466 0.465 0.465 0.465 0.46 0.453 0.446 0.446 0.445 0.435 0.434 0.431 0.43 0.428 0.427 0.42 0.414 0.412 0.408 0.406 0.406 0.406 0.406 0.406 0.406 0.398 0.396 0.39 0.386 0.385 0.385 0.382 0.378 0.372 0.371 0.369 0.367 0.369 0.369 0.372 0.372 0.374 0.379 0.379 0.38 0.387 0.388 0.392 0.488 0.518 0.518 0.518 0.394 0.383 0.38 0.378 0.37 0.367 0.351 0.348 0.343 0.343 0.33 0.325 0.325 0.323 0.323 0.317 0.32 0.317 0.309 0.306 0.309 0.306 0.309 0.311 0.311 0.305 0.31 0.31 0.31 0.31 0.31 0.312 0.317 0.32 0.32 0.32 0.321 0.323 0.323 0.323 0.323 0.323 0.323 0.326 0.326 0.328 0.329 0.332 0.335 0.339 0.343 0.344 0.348 0.349 0.355 0.356 0.356 
1 1 1 1 1 1 1 1 1 1 1 1 1 1 0 0 0 0 0 0 0 0 0 1 1 1 1 1 1 1 1 1 1 1 1 1 1 1 1 1 1 1 1 1 1 1 1 1 1 1 0 0 1 1 1 1 1 1 1 1 1 1 1 1 1 1 1 1 1 1 1 1 1 1 1 1 1 1 1 1 1 1 1 1 1 1 1 1 1 1 1 1 1 1 1 1 1 1 1 1 1 1 1 1 1 1 1 1 1 1 1 1 1 1 1 1 1 1 1 1 1 1 1 1 1 1 1 1 1 1 1 1 1 1 1 1 1 1 1 1 1 1 1 1 1 1 1 1 1 1 1 1 1 1 1 1 1 1 1 1 1 1 1 1 1 1 1 1 1 1 1 1 1 1 1 1 1 1 1 1 1 1 1 1 1 1 1 1 1 1 1 1 1 1 1 1 1 1 1 1 1 1 1 1 1 1 1 1 1 1 1 1 1 1 1 1 1 1 1 1 1 1 1 1 1 1 1 1 1 1 1 1 1 1 1 1 1 1 1 1 1 1 1 1 1 1 1 1 1 1 1 1 1 1 1 1 1 1 1 1 1 1 1 1 1 1 1 1 1 1 1 1 1 1 1 1 1 1 1 1 1 1 1 1 1 1 1 1 1 1 1 1 1 1 1 1 1 1 1 1 1 1 1 1 1 1 1 1 1 1 1 1 1 1 1 1 1 1 1 1 1 1 1 1 1 1 1 1 1 1 1 1 1 1 1 1 1 1 1 1 1 1 1 1 1 1 1 1 1 1 1 1 1 1 1 1 1 1 1 1 1 1 1 1 1 1 1 1 1 1 1 1 1 1 1 1 1 1 1 1 1 1 1 1 1 1 1 1 1 1 1 1 1 1 1 1 1 1 1 1 1 1 1 1 1 1 1 1 1 1 1 1 1 1 1 1 1 1 1 1 1 1 1 1 1 1 1 1 1 1 1 1 1 1 1 1 1 1 1 1 1 1 1 1 1 1 1 1 1 1 1 1 1 1 1 1 1 1 1 1 1 1 1 1 1 1 1 1 1 1 1 1 1 1 1 1 1 1 1 1 1 1 1 1 1 1 1 1 1 1 1 1 1 1 1 1 1 1 1 1 1 1 1 1 1 1 1 1 1 1 1 1 1 1 1 1 1 1 1 1 1 1 1 1 1 1 1 1 1 1 1 1 1 1 1 1 1 1 1 1 1 1 1 1 1 1 1 1 1 1 1 1 1 1 1 1 1 1 1 1 1 1 1 1 1 1 1 1 1 1 1 1 1 1 1 1 1 1 1 1 1 1 1 1 1 1 1 1 1 1 1 1 1 1 1 1 1 1 1 1 1 1 1 1 1 1 1 1 1 1 1 1 1 1 1 1 1 1 1 1 1 1 1 1 1 1 1 1 1 1 1 1 1 1 1 1 1 1 1 1 1 1 1 1 1 1 1 1 1 1 1 1 1 1 1 1 1 1 1 1 1 1 1 1 1 1 1 1 1 1 1 1 1 1 1 1 1 1 1 1 1 1 
