# This file contains a 2D laser scan observation. 
# Its format is: 
# [aperture] [max_range] [number_of_scans] 
# [vector_of_scans] 
# [vector_of_valid_scans] 
# The aperture of the sensor is in radians, the maximum range 
# and measurements are in meters. '1' means a valid scan, '0' otherwise.
4.1847
5.6
682
0.852 0.847 0.843 0.843 0.847 0.845 0.845 0.845 0.826 0.819 0.73 0.719 0.718 0.718 0.718 0.709 0.71 0.71 0.71 0.724 0.733 0.733 0.733 0.727 0.724 0.718 0.708 0.692 0.691 0.687 0.678 0.668 0.667 0.665 0.661 0.65 0.65 0.647 0.643 0.636 0.635 0.626 0.599 0.598 0.598 0.598 0.599 0.598 0.598 0.588 0.588 0.586 0.583 0.58 0.578 0.577 0.568 0.566 0.563 0.555 0.555 0.554 0.553 0.552 0.552 0.549 0.549 0.547 0.538 0.537 0.534 0.528 0.526 0.518 0.515 0.514 0.509 0.509 0.509 0.51 0.51 0.51 0.51 0.502 0.5 0.493 0.491 0.491 0.491 0.501 0.507 0.51 0.51 0.51 0.512 0.512 0.516 0.51 0.516 0.516 0.516 0.521 0.524 0.539 0.555 0.573 0.582 0.593 0.594 0.597 0.597 0.597 0.602 0.605 0.612 0.62 0.625 0.63 0.651 0.652 0.658 0.678 0.685 0.688 0.712 0.716 0.736 0.748 0.755 0.782 0.799 0.833 0.847 0.854 0.86 0.875 0.886 0.922 0.93 0.964 0.995 1.001 1.074 1.15 1.186 1.243 1.26 1.279 1.284 1.305 1.305 1.34 1.34 1.34 1.34 1.337 1.331 1.326 1.324 1.32 1.319 1.319 1.319 1.32 1.319 1.326 1.321 1.321 1.321 1.321 1.321 1.321 1.322 1.322 1.322 1.328 1.328 1.328 1.328 1.329 1.335 1.34 1.372 1.372 1.372 1.342 1.326 1.326 1.328 1.328 1.328 1.328 1.326 1.326 1.319 1.317 1.317 1.317 1.317 1.315 1.319 1.315 1.315 1.315 1.317 1.317 1.317 1.321 1.324 1.327 1.328 1.333 1.335 1.337 1.339 1.341 1.344 1.344 1.344 1.346 1.346 1.349 1.352 0 0 0 1.466 1.466 1.466 1.473 1.476 1.479 1.482 1.492 1.498 1.498 1.497 1.497 1.499 1.499 1.504 1.507 1.508 1.508 1.518 1.527 1.53 1.53 1.532 1.541 1.547 1.549 1.551 1.552 1.565 1.568 1.579 1.579 1.579 1.579 1.582 1.586 1.594 1.611 1.611 1.611 1.621 1.623 1.63 1.633 1.641 1.648 1.656 1.67 1.67 1.688 1.689 1.696 1.702 1.704 1.704 1.72 1.732 1.734 1.738 1.745 1.747 1.77 1.785 1.791 1.793 1.8 1.808 1.813 1.817 1.835 1.839 1.847 1.862 1.872 1.88 1.895 1.898 1.915 1.92 1.938 1.943 1.957 1.971 1.988 1.991 1.997 2.02 2.028 2.038 2.071 2.087 2.088 2.094 2.115 0 0 0 0 0 0 0 0 0 0 0 0 0 0 0 0 0 0 0 0 0 0 0 0 0 0 2.665 2.665 2.665 2.715 2.728 2.772 2.791 2.813 2.849 2.863 2.921 2.93 2.983 2.983 2.93 0.935 0.935 0.935 0.935 0.935 0.939 0.939 3.353 3.385 3.433 3.476 3.476 3.476 0.543 0.529 0.529 0.529 0.529 0.518 0.313 0.295 0.291 0.289 0.29 0.291 0.291 0.294 0.298 0.298 0.298 0.294 0.293 0.292 0.292 0.293 0.292 0.292 0.293 0.293 0.295 0.528 0.662 4.316 4.316 4.316 4.316 4.316 4.359 4.359 4.379 0.007 4.311 1.501 1.5 1.49 1.49 1.492 1.5 0 0 0 4.092 1.391 1.388 0.827 0.825 0.823 0.823 0.825 0.825 0.828 1.139 1.167 1.169 1.172 1.172 2.612 2.612 2.612 2.612 2.609 2.608 2.606 2.606 2.606 2.607 2.61 2.614 2.615 2.617 2.618 2.62 2.624 2.626 2.627 2.627 2.627 2.627 1.792 1.792 1.792 1.792 1.792 1.428 1.408 1.402 1.186 1.181 1.176 1.176 1.168 1.163 0.812 0.81 0.809 0.806 0.776 0.74 0.734 0.732 0.732 0.73 0.732 0.732 0.734 2.056 2.119 2.119 2.056 2.037 2.037 2.037 2.058 2.136 2.145 2.151 2.151 2.151 1.646 1.639 1.639 1.646 1.657 2.199 2.209 2.211 2.211 2.218 2.224 2.227 2.227 2.224 2.213 1.273 1.258 1.258 1.258 1.27 2.204 2.251 2.251 2.251 2.233 2.212 2.212 2.181 2.139 1.908 1.908 1.795 1.795 0.642 0.637 0.631 0.626 0.538 0.448 0.446 0.446 0.446 0.457 0.457 0.457 0.455 0.454 0.452 0.448 0.448 0.448 1.715 1.715 1.715 1.709 1.689 1.678 1.66 1.653 1.635 1.633 1.619 1.607 1.592 1.577 1.571 1.562 1.541 1.54 1.526 1.519 1.504 1.501 1.481 1.479 1.471 1.46 1.456 1.448 1.433 1.432 1.419 1.409 1.406 1.397 1.383 1.379 1.373 1.358 1.355 1.351 1.346 1.338 1.332 1.33 1.316 1.315 1.308 1.304 1.299 1.295 1.289 1.283 1.277 1.269 1.26 1.258 1.254 1.244 1.243 1.241 1.237 1.232 1.232 1.227 1.217 1.212 1.212 1.209 1.204 1.199 1.195 1.19 1.189 1.186 1.182 1.172 1.166 1.166 1.166 1.15 0.775 0.774 0.774 0.774 0.775 0.78 0.86 1.127 1.127 1.13 1.13 1.128 1.128 1.128 1.124 1.119 1.109 1.107 1.099 1.071 1.071 1.067 1.071 1.077 1.089 1.1 1.1 1.099 1.099 1.1 1.099 1.092 1.092 1.087 1.087 1.087 1.087 1.087 1.085 1.085 1.084 1.082 1.076 1.074 1.074 1.074 1.074 1.074 1.073 1.072 1.072 1.072 
1 1 1 1 1 1 1 1 1 1 1 1 1 1 1 1 1 1 1 1 1 1 1 1 1 1 1 1 1 1 1 1 1 1 1 1 1 1 1 1 1 1 1 1 1 1 1 1 1 1 1 1 1 1 1 1 1 1 1 1 1 1 1 1 1 1 1 1 1 1 1 1 1 1 1 1 1 1 1 1 1 1 1 1 1 1 1 1 1 1 1 1 1 1 1 1 1 1 1 1 1 1 1 1 1 1 1 1 1 1 1 1 1 1 1 1 1 1 1 1 1 1 1 1 1 1 1 1 1 1 1 1 1 1 1 1 1 1 1 1 1 1 1 1 1 1 1 1 1 1 1 1 1 1 1 1 1 1 1 1 1 1 1 1 1 1 1 1 1 1 1 1 1 1 1 1 1 1 1 1 1 1 1 1 1 1 1 1 1 1 1 1 1 1 1 1 1 1 1 1 1 1 1 1 1 1 1 1 1 1 1 1 1 1 1 1 1 1 1 1 1 1 1 0 0 0 1 1 1 1 1 1 1 1 1 1 1 1 1 1 1 1 1 1 1 1 1 1 1 1 1 1 1 1 1 1 1 1 1 1 1 1 1 1 1 1 1 1 1 1 1 1 1 1 1 1 1 1 1 1 1 1 1 1 1 1 1 1 1 1 1 1 1 1 1 1 1 1 1 1 1 1 1 1 1 1 1 1 1 1 1 1 1 1 1 1 1 1 1 1 0 0 0 0 0 0 0 0 0 0 0 0 0 0 0 0 0 0 0 0 0 0 0 0 0 0 1 1 1 1 1 1 1 1 1 1 1 1 1 1 1 1 1 1 1 1 1 1 1 1 1 1 1 1 1 1 1 1 1 1 1 1 1 1 1 1 1 1 1 1 1 1 1 1 1 1 1 1 1 1 1 1 1 1 1 1 1 1 1 1 1 0 1 1 1 1 1 1 1 0 0 0 1 1 1 1 1 1 1 1 1 1 1 1 1 1 1 1 1 1 1 1 1 1 1 1 1 1 1 1 1 1 1 1 1 1 1 1 1 1 1 1 1 1 1 1 1 1 1 1 1 1 1 1 1 1 1 1 1 1 1 1 1 1 1 1 1 1 1 1 1 1 1 1 1 1 1 1 1 1 1 1 1 1 1 1 1 1 1 1 1 1 1 1 1 1 1 1 1 1 1 1 1 1 1 1 1 1 1 1 1 1 1 1 1 1 1 1 1 1 1 1 1 1 1 1 1 1 1 1 1 1 1 1 1 1 1 1 1 1 1 1 1 1 1 1 1 1 1 1 1 1 1 1 1 1 1 1 1 1 1 1 1 1 1 1 1 1 1 1 1 1 1 1 1 1 1 1 1 1 1 1 1 1 1 1 1 1 1 1 1 1 1 1 1 1 1 1 1 1 1 1 1 1 1 1 1 1 1 1 1 1 1 1 1 1 1 1 1 1 1 1 1 1 1 1 1 1 1 1 1 1 1 1 1 1 1 1 1 1 1 1 1 1 1 1 1 1 1 1 1 1 1 1 1 1 1 1 1 1 1 1 
