# This file contains a 2D laser scan observation. 
# Its format is: 
# [aperture] [max_range] [number_of_scans] 
# [vector_of_scans] 
# [vector_of_valid_scans] 
# The aperture of the sensor is in radians, the maximum range 
# and measurements are in meters. '1' means a valid scan, '0' otherwise.
4.1847
5.6
682
0.706 0.701 0.688 0.667 0.438 0.423 0.422 0.422 0.412 0.412 0.407 0.4 0.394 0.392 0.392 0.392 0.398 0.406 0.406 0.398 0.397 0.392 0.391 0.387 0.378 0.372 0.371 0.371 0.371 0.369 0.368 0.371 0.371 0.371 0.376 0.376 0.378 0.379 0.379 0.379 0.379 0.377 0.375 0.375 0.377 0.381 0.384 0.386 0.386 0.388 0.388 0.406 0.407 0.407 0.408 0.408 0.411 0.409 0.411 0.418 0.418 0.418 0.42 0.424 0.456 0.46 0.462 0.462 0.463 0.47 0.472 0.476 0.482 0.486 0.486 0.49 0.493 0.498 0.501 0.507 0.514 0.518 0.519 0.526 0.535 0.535 0.537 0.537 0.533 0.515 0.514 0.51 0.509 0.505 0.501 0.501 0.501 0.501 0.501 0.502 0.499 0.494 0.494 0.494 0.494 0.494 0.485 0.494 0.484 0.484 0.482 0.485 0.48 0.48 0.48 0.48 0.479 0.479 0.472 0.472 0.474 0.468 0.473 0.473 0.473 0.465 0.465 0.464 0.465 0.464 0.463 0.464 0.465 0.463 0.465 0.465 0.465 0.462 0.462 0.459 0.459 0.459 0.456 0.456 0.456 0.456 0.455 0.455 0.455 0.454 0.454 0.451 0.451 0.454 0.449 0.448 0.449 0.448 0.446 0.439 0.439 0.439 0.439 0.439 0.443 0.443 0.447 0.45 0.45 0.451 0.447 0.447 0.447 0.447 0.446 0.443 0.439 0.437 0.437 0.439 0.439 0.438 0.438 0.441 0.438 0.438 0.443 0.443 0.443 0.443 0.44 0.44 0.438 0.438 0.44 0.44 0.44 0.44 0.44 0.442 0.453 0.539 0.549 0.55 1.034 1.034 1.034 1.03 1.026 1.026 1.021 1.026 1.032 1.036 1.05 1.078 1.082 1.082 1.078 1.075 1.075 1.074 1.074 1.075 1.077 1.087 1.13 1.138 1.139 1.141 1.141 1.141 1.141 1.136 1.132 1.132 1.132 1.169 1.171 1.171 1.171 1.17 1.17 1.162 1.158 1.154 1.154 1.158 1.203 1.207 1.207 1.207 1.207 1.207 1.203 1.206 1.206 1.211 1.211 1.212 1.218 1.23 1.231 1.252 1.257 1.262 1.274 1.277 1.287 1.287 1.287 1.282 1.241 1.234 1.234 1.234 1.24 1.265 1.267 1.276 1.277 1.346 1.352 1.352 1.352 1.351 1.348 1.348 1.348 1.36 1.36 1.36 1.368 1.388 1.4 1.417 1.431 1.443 1.443 1.443 1.439 1.437 1.437 1.437 1.437 1.437 1.441 1.527 1.573 1.574 1.575 1.575 1.574 1.555 1.525 1.504 1.504 1.504 1.543 1.621 1.657 1.657 1.657 1.657 1.657 1.669 1.721 1.733 1.741 1.752 1.752 1.752 1.754 1.754 1.762 1.773 1.774 1.78 1.806 1.873 1.877 1.885 1.889 1.891 1.892 1.895 1.906 1.926 2.74 2.761 2.765 2.765 2.765 2.765 2.765 2.715 2.619 2.619 2.619 2.628 2.662 2.662 2.662 2.615 2.615 2.58 2.58 2.499 2.499 2.499 2.499 2.514 2.514 2.514 2.477 2.421 2.421 2.404 2.404 2.421 2.437 2.437 2.457 2.457 2.457 2.438 2.419 2.404 2.39 2.38 2.37 2.357 2.34 2.34 2.34 2.361 2.361 2.361 2.361 2.361 2.409 2.488 2.488 2.488 2.485 2.485 2.483 2.475 2.474 2.474 2.474 2.47 2.466 2.452 2.296 2.296 2.293 2.281 2.265 2.26 2.232 2.204 2.204 2.204 2.204 2.202 2.201 2.218 2.19 2.19 2.281 2.294 2.294 2.294 2.294 0.812 0.737 0.581 0.573 0.573 0.573 0.563 0.57 0.57 0.57 0.572 0.572 0.572 0.571 0.57 0.57 0.571 0.574 0.574 0.576 0.577 0.577 0.577 0.578 0.578 0.578 0.578 0.578 0.578 0.58 0.58 0.578 0.576 0.579 0.579 0.579 0.579 0.579 0.579 0.579 0.578 0.579 0.581 0.581 0.581 0.582 0.584 0.584 0.587 0.587 0.588 0.588 0.588 0.588 0.59 0.593 0.593 0.59 0.59 0.594 0.594 0.597 0.597 0.597 0.597 0.597 0.595 0.597 0.606 0.609 0.609 0.609 0.611 0.611 0.615 0.615 0.615 0.618 0.621 0.624 0.624 0.624 0.624 0.623 0.623 0.631 0.64 0.64 0.642 0.643 0.641 0.644 0.645 0.651 0.656 0.657 0.657 0.661 0.661 0.661 0.654 0.508 0.456 0.454 0.445 0.445 0.443 0.439 0.439 0.439 0.435 0.434 0.434 0.432 0.432 0.432 0.432 0.428 0.426 0.425 0.424 0.422 0.422 0.421 0.421 0.415 0.415 0.411 0.411 0.409 0.411 0.411 0.409 0.409 0.408 0.407 0.407 0.403 0.403 0.403 0.403 0.403 0.4 0.399 0.395 0.393 0.393 0.393 0.39 0.393 0.392 0.39 0.392 0.393 0.392 0.388 0.392 0.388 0.386 0.383 0.383 0.383 0.382 0.381 0.381 0.381 0.381 0.381 0.38 0.38 0.381 0.379 0.379 0.379 0.379 0.379 0.379 0.379 0.379 0.379 0.381 0.376 0.376 0.376 0.376 0.375 0.376 0.375 0.375 0.376 0.376 0.376 0.376 0.376 0.377 0.377 0.381 0.382 0.383 0.382 0.383 0.383 0.391 0.391 0.391 0.396 0.396 0.394 0.394 0.394 0.389 0.383 0.382 0.382 0.378 0.378 0.378 0.378 0.378 0.378 0.378 0.376 0.375 0.376 0.376 0.376 0.376 0.379 0.379 0.379 0.376 0.377 0.376 0.376 0.376 0.377 0.377 0.38 0.38 0.384 0.385 0.387 0.387 0.385 0.386 0.386 0.384 
1 1 1 1 1 1 1 1 1 1 1 1 1 1 1 1 1 1 1 1 1 1 1 1 1 1 1 1 1 1 1 1 1 1 1 1 1 1 1 1 1 1 1 1 1 1 1 1 1 1 1 1 1 1 1 1 1 1 1 1 1 1 1 1 1 1 1 1 1 1 1 1 1 1 1 1 1 1 1 1 1 1 1 1 1 1 1 1 1 1 1 1 1 1 1 1 1 1 1 1 1 1 1 1 1 1 1 1 1 1 1 1 1 1 1 1 1 1 1 1 1 1 1 1 1 1 1 1 1 1 1 1 1 1 1 1 1 1 1 1 1 1 1 1 1 1 1 1 1 1 1 1 1 1 1 1 1 1 1 1 1 1 1 1 1 1 1 1 1 1 1 1 1 1 1 1 1 1 1 1 1 1 1 1 1 1 1 1 1 1 1 1 1 1 1 1 1 1 1 1 1 1 1 1 1 1 1 1 1 1 1 1 1 1 1 1 1 1 1 1 1 1 1 1 1 1 1 1 1 1 1 1 1 1 1 1 1 1 1 1 1 1 1 1 1 1 1 1 1 1 1 1 1 1 1 1 1 1 1 1 1 1 1 1 1 1 1 1 1 1 1 1 1 1 1 1 1 1 1 1 1 1 1 1 1 1 1 1 1 1 1 1 1 1 1 1 1 1 1 1 1 1 1 1 1 1 1 1 1 1 1 1 1 1 1 1 1 1 1 1 1 1 1 1 1 1 1 1 1 1 1 1 1 1 1 1 1 1 1 1 1 1 1 1 1 1 1 1 1 1 1 1 1 1 1 1 1 1 1 1 1 1 1 1 1 1 1 1 1 1 1 1 1 1 1 1 1 1 1 1 1 1 1 1 1 1 1 1 1 1 1 1 1 1 1 1 1 1 1 1 1 1 1 1 1 1 1 1 1 1 1 1 1 1 1 1 1 1 1 1 1 1 1 1 1 1 1 1 1 1 1 1 1 1 1 1 1 1 1 1 1 1 1 1 1 1 1 1 1 1 1 1 1 1 1 1 1 1 1 1 1 1 1 1 1 1 1 1 1 1 1 1 1 1 1 1 1 1 1 1 1 1 1 1 1 1 1 1 1 1 1 1 1 1 1 1 1 1 1 1 1 1 1 1 1 1 1 1 1 1 1 1 1 1 1 1 1 1 1 1 1 1 1 1 1 1 1 1 1 1 1 1 1 1 1 1 1 1 1 1 1 1 1 1 1 1 1 1 1 1 1 1 1 1 1 1 1 1 1 1 1 1 1 1 1 1 1 1 1 1 1 1 1 1 1 1 1 1 1 1 1 1 1 1 1 1 1 1 1 1 1 1 1 1 1 1 1 1 1 1 1 1 1 1 1 1 1 1 1 1 1 1 1 1 1 1 1 1 1 1 1 1 1 1 1 1 1 1 1 1 1 1 1 1 1 1 1 1 1 1 1 1 1 1 1 1 1 1 1 1 1 1 1 1 1 1 1 1 1 1 1 1 1 1 1 1 1 1 1 1 1 1 1 1 1 1 1 1 1 1 1 1 
