# This file contains a 2D laser scan observation. 
# Its format is: 
# [aperture] [max_range] [number_of_scans] 
# [vector_of_scans] 
# [vector_of_valid_scans] 
# The aperture of the sensor is in radians, the maximum range 
# and measurements are in meters. '1' means a valid scan, '0' otherwise.
4.1847
5.6
682
0.602 0.605 0.613 0.613 0.613 0.598 0.577 0.572 0.566 0.565 0.556 0.551 0.55 0.539 0.537 0.525 0.516 0.514 0.511 0.509 0.504 0.502 0.502 0.491 0.485 0.479 0.479 0.477 0.468 0.467 0.465 0.465 0.458 0.457 0.454 0.453 0.45 0.449 0.449 0.438 0.437 0.437 0.434 0.428 0.419 0.42 0.416 0.418 0.416 0.41 0.4 0.4 0.4 0.4 0.399 0.397 0.391 0.391 0.39 0.39 0.387 0.387 0.385 0.383 0.376 0.375 0.375 0.376 0.375 0.375 0.375 0.375 0.37 0.37 0.369 0.368 0.368 0.365 0.361 0.36 0.352 0.351 0.346 0.346 0.346 0.346 0.346 0.346 0.346 0.353 0.354 0.359 0.368 0.38 0.381 0.386 0.386 0.386 0.392 0.393 0.398 0.407 0.418 0.424 0.426 0.429 0.43 0.43 0.441 0.442 0.443 0.443 0.458 0.49 0.491 0.492 0.492 0.492 0.486 0.448 0.448 0.448 0.468 0.007 0.61 0.61 0.617 0.617 0.618 0.63 0.631 0.633 0.633 0.633 0.629 0.629 0.629 0.637 0.664 0.803 0.882 0.89 0.882 0.882 0.876 0.831 0.828 0.822 0.82 0.815 0.815 0.815 0.839 0.871 0.879 0.882 0.89 0.89 0.895 0.895 0.89 0.885 0.88 0.875 0.869 0.868 0.868 0.868 0.869 0.872 0.873 0.878 0.913 0.913 0.913 0.911 0.906 0.898 0.893 0.893 0.893 0.893 0.896 0.911 0.912 0.913 0.936 0.948 0.95 0.95 0.957 0.957 0.952 0.952 0.952 0.943 0.942 0.941 0.942 0.942 0.944 0.961 0.964 0.968 0.968 0.968 0.968 0.964 0.962 0.96 0.95 0.949 0.949 0.95 0.988 0.995 0.995 0.995 0.993 0.991 0.986 0.985 0.986 0.985 0.986 0.985 0.985 0.985 0.987 0.987 0.989 0.992 1.006 1.016 1.018 1.028 1.029 1.038 1.045 1.054 1.055 1.064 1.064 1.064 1.038 0.987 0.98 0.979 0.979 0.98 1.014 1.03 1.031 1.031 1.035 1.039 1.078 1.117 1.117 1.117 1.115 1.108 1.101 1.094 1.094 1.094 1.095 1.096 1.106 1.106 1.108 1.108 1.114 1.152 1.152 1.162 1.163 1.171 1.175 1.175 1.175 1.177 1.177 1.177 1.177 1.177 1.177 1.177 1.184 1.22 1.251 1.288 1.293 1.297 1.297 1.297 1.296 1.294 1.26 1.235 1.233 1.23 1.23 1.23 1.3 1.341 1.375 1.376 1.376 1.378 1.379 1.379 1.379 1.406 1.448 1.45 1.46 1.467 1.468 1.468 1.472 1.475 1.485 1.485 1.502 1.505 1.513 1.518 1.538 1.601 1.607 1.616 1.616 1.616 1.616 1.616 1.631 1.637 1.646 1.691 2.476 2.502 2.505 2.505 2.505 2.506 2.505 2.505 2.351 2.351 2.351 2.365 2.376 2.396 2.396 2.396 2.362 2.36 2.358 2.317 2.229 2.229 2.229 2.232 2.245 2.255 2.256 2.256 2.255 2.154 2.154 2.154 2.164 2.164 2.164 2.164 2.164 2.213 2.213 2.213 2.186 2.173 2.164 2.156 2.14 2.126 2.123 2.114 2.1 2.087 2.087 2.087 2.092 2.1 2.1 2.104 2.104 2.114 2.193 2.238 2.238 2.238 2.236 2.236 2.234 2.234 2.234 2.224 2.224 2.229 2.224 2.224 2.209 2.142 2.081 2.081 2.056 2.048 2.024 2.019 2.015 1.988 1.97 1.97 1.97 1.971 1.974 1.974 1.974 1.974 1.974 1.974 2.078 2.078 2.065 2.065 2.065 2.065 2.2 2.2 2.203 2.2 2.2 2.215 2.215 2.215 2.219 2.219 2.102 2.102 2.092 2.066 2.02 1.99 1.981 1.958 1.981 1.981 1.958 0.695 0.67 0.658 0.612 0.612 0.604 0.604 0.6 0.579 0.576 0.547 0.537 0.519 0.514 0.5 0.494 0.493 0.482 0.473 0.459 0.443 0.439 0.439 0.421 0.417 0.414 0.403 0.396 0.386 0.383 0.374 0.373 0.364 0.358 0.358 0.352 0.352 0.354 0.354 0.354 0.354 0.354 0.357 0.367 0.375 0.376 0.376 0.378 0.376 0.375 0.374 0.375 0.375 0.375 0.377 0.381 0.381 0.381 0.388 0.389 0.391 0.393 0.393 0.397 0.397 0.395 0.395 0.395 0.395 0.402 0.402 0.403 0.403 0.408 0.413 0.414 0.416 0.419 0.42 0.42 0.421 0.421 0.422 0.426 0.428 0.429 0.434 0.438 0.438 0.439 0.439 0.443 0.448 0.448 0.448 0.448 0.448 0.454 0.461 0.461 0.463 0.464 0.471 0.473 0.481 0.481 0.482 0.482 0.484 0.492 0.493 0.498 0.501 0.504 0.504 0.522 0.522 0.522 0.522 0.522 0.522 0.528 0.539 0.54 0.542 0.552 0.56 0.56 0.562 0.565 0.576 0.578 0.585 0.588 0.589 0.592 0.602 0.602 0.621 0.625 0.635 0.635 0.639 0.647 0.648 0.662 0.672 0.673 0.682 0.69 0.702 0.708 0.714 0.727 0.745 0.746 0.748 0.771 0.773 0.775 0.791 0.798 0.814 0.82 0.82 0.82 0.814 0.81 0.81 0.796 0.781 0.46 0.459 0.446 0.442 0.435 0.434 0.432 0.429 0.429 0.429 0.427 0.425 0.424 0.424 0.424 0.424 0.425 0.426 0.43 0.43 0.43 0.43 0.431 0.429 0.432 0.432 0.432 0.43 0.432 0.432 0.432 0.435 0.436 0.436 0.437 0.436 0.437 0.44 0.442 0.44 0.44 0.439 0.438 0.436 0.436 0.438 0.438 0.44 0.44 0.44 0.44 0.445 
1 1 1 1 1 1 1 1 1 1 1 1 1 1 1 1 1 1 1 1 1 1 1 1 1 1 1 1 1 1 1 1 1 1 1 1 1 1 1 1 1 1 1 1 1 1 1 1 1 1 1 1 1 1 1 1 1 1 1 1 1 1 1 1 1 1 1 1 1 1 1 1 1 1 1 1 1 1 1 1 1 1 1 1 1 1 1 1 1 1 1 1 1 1 1 1 1 1 1 1 1 1 1 1 1 1 1 1 1 1 1 1 1 1 1 1 1 1 1 1 1 1 1 0 1 1 1 1 1 1 1 1 1 1 1 1 1 1 1 1 1 1 1 1 1 1 1 1 1 1 1 1 1 1 1 1 1 1 1 1 1 1 1 1 1 1 1 1 1 1 1 1 1 1 1 1 1 1 1 1 1 1 1 1 1 1 1 1 1 1 1 1 1 1 1 1 1 1 1 1 1 1 1 1 1 1 1 1 1 1 1 1 1 1 1 1 1 1 1 1 1 1 1 1 1 1 1 1 1 1 1 1 1 1 1 1 1 1 1 1 1 1 1 1 1 1 1 1 1 1 1 1 1 1 1 1 1 1 1 1 1 1 1 1 1 1 1 1 1 1 1 1 1 1 1 1 1 1 1 1 1 1 1 1 1 1 1 1 1 1 1 1 1 1 1 1 1 1 1 1 1 1 1 1 1 1 1 1 1 1 1 1 1 1 1 1 1 1 1 1 1 1 1 1 1 1 1 1 1 1 1 1 1 1 1 1 1 1 1 1 1 1 1 1 1 1 1 1 1 1 1 1 1 1 1 1 1 1 1 1 1 1 1 1 1 1 1 1 1 1 1 1 1 1 1 1 1 1 1 1 1 1 1 1 1 1 1 1 1 1 1 1 1 1 1 1 1 1 1 1 1 1 1 1 1 1 1 1 1 1 1 1 1 1 1 1 1 1 1 1 1 1 1 1 1 1 1 1 1 1 1 1 1 1 1 1 1 1 1 1 1 1 1 1 1 1 1 1 1 1 1 1 1 1 1 1 1 1 1 1 1 1 1 1 1 1 1 1 1 1 1 1 1 1 1 1 1 1 1 1 1 1 1 1 1 1 1 1 1 1 1 1 1 1 1 1 1 1 1 1 1 1 1 1 1 1 1 1 1 1 1 1 1 1 1 1 1 1 1 1 1 1 1 1 1 1 1 1 1 1 1 1 1 1 1 1 1 1 1 1 1 1 1 1 1 1 1 1 1 1 1 1 1 1 1 1 1 1 1 1 1 1 1 1 1 1 1 1 1 1 1 1 1 1 1 1 1 1 1 1 1 1 1 1 1 1 1 1 1 1 1 1 1 1 1 1 1 1 1 1 1 1 1 1 1 1 1 1 1 1 1 1 1 1 1 1 1 1 1 1 1 1 1 1 1 1 1 1 1 1 1 1 1 1 1 1 1 1 1 1 1 1 1 1 1 1 1 1 1 1 1 1 1 1 1 1 1 1 1 1 1 1 1 1 1 1 1 1 1 1 1 1 1 1 1 1 1 1 1 1 1 1 
