# This file contains a 2D laser scan observation. 
# Its format is: 
# [aperture] [max_range] [number_of_scans] 
# [vector_of_scans] 
# [vector_of_valid_scans] 
# The aperture of the sensor is in radians, the maximum range 
# and measurements are in meters. '1' means a valid scan, '0' otherwise.
4.1847
5.6
682
0.427 0.429 0.429 0.425 0.423 0.418 0.41 0.401 0.398 0.394 0.396 0.389 0.389 0.396 0.396 0.396 0.401 0.401 0.401 0.408 0.411 0.412 0.412 0.413 0.418 0.418 0.42 0.422 0.424 0.424 0.424 0.424 0.433 0.435 0.438 0.44 0.441 0.441 0.441 0.441 0.441 0.441 0.45 0.454 0.46 0.46 0.459 0.461 0.461 0.477 0.477 0.479 0.479 0.489 0.489 0.489 0.46 0.46 0.46 0.463 0.471 0.474 0.48 0.531 0.538 0.543 0.54 0.543 0.545 0.548 0.555 0.558 0.563 0.574 0.577 0.577 0.589 0.592 0.594 0.596 0.608 0.61 0.615 0.621 0.622 0.621 0.622 0.622 0.622 0.622 0.63 0.633 0.636 0.661 0.729 0.729 0.731 0.741 0.743 0.744 0.754 0.775 0.779 0.782 0.787 0.836 0.867 0.867 0.867 0.794 0.787 0.787 0.786 0.781 0.787 0.787 0.795 0.825 0.826 0.829 0.839 0.839 0.843 0.846 0.846 0.843 0.843 0.838 0.83 0.819 0.816 0.815 0.815 0.815 0.814 0.814 0.816 0.821 0.825 0.855 0.855 0.855 0.846 0.844 0.839 0.837 0.837 0.837 0.837 0.836 0.836 0.836 0.843 0.845 0.853 0.869 0.878 0.878 0.878 0.875 0.875 0.874 0.874 0.874 0.874 0.872 0.868 0.866 0.86 0.86 0.86 0.863 0.879 0.881 0.881 0.88 0.879 0.879 0.87 0.87 0.864 0.858 0.852 0.85 0.85 0.852 0.885 0.892 0.892 0.892 0.891 0.891 0.891 0.889 0.889 0.886 0.883 0.881 0.874 0.871 0.871 0.874 0.874 0.876 0.881 0.882 0.887 0.888 0.89 0.894 0.898 0.903 0.908 0.926 0.927 0.929 0.936 0.936 0.937 0.937 0.937 0.937 0.876 0.858 0.857 0.856 0.856 0.857 0.891 0.898 0.905 0.906 0.906 0.906 0.91 0.912 0.96 0.978 0.983 0.983 0.983 0.981 0.975 0.963 0.959 0.953 0.953 0.958 0.959 0.964 0.968 0.974 0.975 0.975 0.976 0.977 1.013 1.015 1.018 1.021 1.025 1.027 1.027 1.032 1.027 1.031 1.025 1.027 1.027 1.03 1.027 1.03 1.034 1.034 1.035 1.073 1.109 1.116 1.14 1.143 1.153 1.158 1.158 1.158 1.145 1.131 1.104 1.079 1.073 1.072 1.072 1.072 1.093 1.155 1.166 1.22 1.223 1.224 1.225 1.224 1.224 1.224 1.226 1.231 1.252 1.284 1.286 1.294 1.298 1.302 1.302 1.302 1.303 1.307 1.309 1.31 1.312 1.329 1.331 1.345 1.351 1.353 1.442 1.442 1.442 1.442 1.442 1.448 1.448 1.449 1.456 1.467 1.476 1.499 1.579 2.328 2.341 2.349 2.343 2.343 2.349 2.349 2.343 2.284 2.196 2.196 2.196 2.21 2.222 2.231 2.242 2.242 2.242 2.193 2.193 2.172 2.172 2.076 2.076 2.076 2.082 2.083 2.097 2.099 2.099 2.097 2.057 1.992 1.992 1.992 2 2 2 2 2 2.048 2.048 2.048 2.035 2.018 2.011 2.001 1.988 1.974 1.972 1.971 1.963 1.946 1.932 1.92 1.92 1.92 1.949 1.949 1.949 1.949 1.952 1.963 2.045 2.088 2.089 2.089 2.088 2.089 2.087 2.083 2.081 2.079 2.078 2.076 2.078 2.078 2.074 2.071 2.067 1.898 1.898 1.898 1.895 1.889 1.879 1.879 1.877 1.865 1.825 1.819 1.819 1.819 1.819 1.825 1.825 1.825 1.822 1.792 1.792 1.792 1.911 1.911 1.911 1.93 1.93 2.02 2.02 2.02 2.065 1.995 1.995 2.084 2.084 1.983 1.983 1.964 1.95 1.95 1.95 1.964 0.007 0 1.873 1.877 1.873 1.873 1.869 1.867 1.866 1.866 1.866 1.915 1.919 1.926 1.966 1.966 1.966 1.966 1.966 2.157 2.173 2.173 2.173 0 0 0 0.606 0.6 0.588 0.583 0.56 0.56 0.558 0.531 0.513 0.509 0.5 0.5 0.497 0.497 0.497 0.497 0.496 0.485 0.478 0.473 0.466 0.462 0.454 0.454 0.45 0.45 0.433 0.43 0.427 0.423 0.423 0.422 0.42 0.411 0.397 0.396 0.397 0.391 0.39 0.387 0.382 0.381 0.38 0.371 0.37 0.368 0.368 0.362 0.362 0.359 0.351 0.349 0.349 0.349 0.344 0.344 0.34 0.339 0.33 0.329 0.327 0.322 0.322 0.324 0.322 0.322 0.315 0.309 0.307 0.306 0.305 0.304 0.304 0.296 0.296 0.295 0.295 0.295 0.281 0.277 0.277 0.277 0.275 0.275 0.274 0.268 0.268 0.273 0.272 0.272 0.273 0.276 0.285 0.292 0.3 0.305 0.305 0.305 0.306 0.308 0.315 0.315 0.319 0.321 0.321 0.321 0.327 0.332 0.332 0.336 0.337 0.348 0.348 0.351 0.355 0.356 0.358 0.365 0.367 0.369 0.377 0.38 0.384 0.39 0.393 0.397 0.397 0.4 0.412 0.415 0.418 0.427 0.44 0.44 0.441 0.451 0.456 0.462 0.466 0.471 0.481 0.481 0.492 0.498 0.508 0.512 0.532 0.538 0.542 0.558 0.562 0.573 0.591 0.596 0.597 0.626 0.637 0.649 0.666 0.677 0.692 0.712 0.724 0.751 0.778 0.79 0.813 0.839 0.855 0.858 0.858 0.855 0.852 0.852 0.85 0.852 0.852 0.852 0.847 0.847 0.846 0.846 0.846 0.846 0.846 0.846 0.844 0.844 0.844 0.844 0.844 0.844 0.845 0.845 0.843 0.841 0.843 0.841 0.839 0.48 
1 1 1 1 1 1 1 1 1 1 1 1 1 1 1 1 1 1 1 1 1 1 1 1 1 1 1 1 1 1 1 1 1 1 1 1 1 1 1 1 1 1 1 1 1 1 1 1 1 1 1 1 1 1 1 1 1 1 1 1 1 1 1 1 1 1 1 1 1 1 1 1 1 1 1 1 1 1 1 1 1 1 1 1 1 1 1 1 1 1 1 1 1 1 1 1 1 1 1 1 1 1 1 1 1 1 1 1 1 1 1 1 1 1 1 1 1 1 1 1 1 1 1 1 1 1 1 1 1 1 1 1 1 1 1 1 1 1 1 1 1 1 1 1 1 1 1 1 1 1 1 1 1 1 1 1 1 1 1 1 1 1 1 1 1 1 1 1 1 1 1 1 1 1 1 1 1 1 1 1 1 1 1 1 1 1 1 1 1 1 1 1 1 1 1 1 1 1 1 1 1 1 1 1 1 1 1 1 1 1 1 1 1 1 1 1 1 1 1 1 1 1 1 1 1 1 1 1 1 1 1 1 1 1 1 1 1 1 1 1 1 1 1 1 1 1 1 1 1 1 1 1 1 1 1 1 1 1 1 1 1 1 1 1 1 1 1 1 1 1 1 1 1 1 1 1 1 1 1 1 1 1 1 1 1 1 1 1 1 1 1 1 1 1 1 1 1 1 1 1 1 1 1 1 1 1 1 1 1 1 1 1 1 1 1 1 1 1 1 1 1 1 1 1 1 1 1 1 1 1 1 1 1 1 1 1 1 1 1 1 1 1 1 1 1 1 1 1 1 1 1 1 1 1 1 1 1 1 1 1 1 1 1 1 1 1 1 1 1 1 1 1 1 1 1 1 1 1 1 1 1 1 1 1 1 1 1 1 1 1 1 1 1 1 1 1 1 1 1 1 1 1 1 1 1 1 1 1 1 1 1 1 1 1 1 1 1 1 1 1 1 1 1 1 1 1 1 1 1 1 1 1 1 1 1 1 1 1 1 1 1 1 1 1 1 1 1 1 1 1 1 1 1 1 1 1 0 0 1 1 1 1 1 1 1 1 1 1 1 1 1 1 1 1 1 1 1 1 1 0 0 0 1 1 1 1 1 1 1 1 1 1 1 1 1 1 1 1 1 1 1 1 1 1 1 1 1 1 1 1 1 1 1 1 1 1 1 1 1 1 1 1 1 1 1 1 1 1 1 1 1 1 1 1 1 1 1 1 1 1 1 1 1 1 1 1 1 1 1 1 1 1 1 1 1 1 1 1 1 1 1 1 1 1 1 1 1 1 1 1 1 1 1 1 1 1 1 1 1 1 1 1 1 1 1 1 1 1 1 1 1 1 1 1 1 1 1 1 1 1 1 1 1 1 1 1 1 1 1 1 1 1 1 1 1 1 1 1 1 1 1 1 1 1 1 1 1 1 1 1 1 1 1 1 1 1 1 1 1 1 1 1 1 1 1 1 1 1 1 1 1 1 1 1 1 1 1 1 1 1 1 1 1 1 1 1 1 1 1 1 1 1 1 1 1 1 1 1 1 1 1 1 
