# This file contains a 2D laser scan observation. 
# Its format is: 
# [aperture] [max_range] [number_of_scans] 
# [vector_of_scans] 
# [vector_of_valid_scans] 
# The aperture of the sensor is in radians, the maximum range 
# and measurements are in meters. '1' means a valid scan, '0' otherwise.
4.1847
5.6
682
0.799 0.802 0.802 0.806 0.806 0.808 0.81 0.811 0.81 0.815 0.817 0.819 0.819 0.823 0.823 0.896 0.939 0.939 0.939 0.929 0.816 0.799 0.794 0.792 0.791 0.792 0.792 0.797 0.802 0.803 0.805 0.806 0.809 0.811 0.815 0.815 0.815 0.814 0.813 0.79 0.75 0.75 0.749 0.748 0.747 0.747 0.746 0.747 0.747 0.751 0.752 0.761 0.761 0.761 0.732 0.722 0.715 0.712 0.712 0.712 0.712 0.718 0.718 0.718 0.714 0.714 0.714 0.716 0.721 0.738 0.738 0.738 0.727 0.715 0.713 0.711 0.71 0.699 0.675 0.675 0.671 0.673 0.673 0.678 0.683 0.683 0.683 0.677 0.673 0.67 0.655 0.638 0.623 0.617 0.613 0.611 0.611 0.613 0.632 0.651 0.655 0.657 0.659 0.659 0.659 0.655 0.65 0.648 0.636 0.627 0.623 0.603 0.599 0.598 0.594 0.592 0.588 0.586 0.585 0.585 0.585 0.581 0.581 0.576 0.576 0.576 0.577 0.582 0.582 0.582 0.582 0.583 0.58 0.579 0.578 0.577 0.577 0.578 0.578 0.578 0.58 0.582 0.58 0.58 0.535 0.498 0.497 0.491 0.488 0.488 0.482 0.488 0.492 0.496 0.496 0.505 0.506 0.513 0.514 0.514 0.517 0.517 0.512 0.511 0.509 0.509 0.509 0.508 0.503 0.505 0.505 0.505 0.505 0.515 0.532 0.557 0.562 0.562 0.561 0.561 0.563 0.561 0.561 0.563 0.561 0.561 0.561 0.562 0.562 0.562 0.561 0.561 0.555 0.544 0.52 0.52 0.519 0.52 0.52 0.525 0.52 0.52 0.517 0.517 0.517 0.517 0.518 0.518 0.518 0.517 0.519 0.518 0.518 0.51 0.51 0.51 0.51 0.513 0.532 0.534 0.539 0.545 0.546 0.547 0.547 0.547 0.547 0.548 0.548 0.55 0.55 0.55 0.55 0.55 0.551 0.551 0.551 0.551 0.551 0.548 0.547 0.547 0.547 0.546 0.54 0.535 0.535 0.535 0.535 0.535 0.535 0.531 0.531 0.53 0.53 0.529 0.528 0.528 0.531 0.575 0.59 0.595 0.595 0.59 0.59 0.59 0.59 0.6 0.602 0.609 0.619 0.62 0.628 0.63 0.638 0.642 0.643 0.643 0.643 0.638 0.636 0.631 0.628 0.59 0.556 0.552 0.55 0.55 0.552 0.552 0.553 0.555 0.555 0.557 0.557 0.559 0.585 0.606 0.617 0.628 0.632 0.633 0.633 0.649 0.68 0.681 0.689 0.69 0.69 0.69 0.69 0.69 0.688 0.688 0.688 0.688 0.688 0.689 0.692 0.693 0.707 0.708 0.729 0.749 0.756 0.756 0.76 0.76 0.756 0.755 0.756 0.756 0.756 0.757 0.768 0.768 0.766 0.766 0.766 0.766 0.773 0.775 0.776 0.781 0.789 0.797 0.797 0.799 0.804 0.805 0.807 0.84 0.88 0.881 0.881 0.881 0.881 0.882 0.884 0.891 0.895 0.903 0.903 0.91 0.911 0.912 0.916 0.924 0.939 0.954 1.789 1.806 1.808 1.808 1.823 1.834 1.834 1.834 1.652 1.648 1.648 1.652 1.666 1.676 1.696 1.697 1.717 1.745 1.745 1.745 1.645 1.645 1.645 1.645 1.645 1.616 1.547 1.542 1.538 1.538 1.538 1.554 1.557 1.567 1.575 1.587 1.62 1.62 1.62 1.582 1.472 1.472 1.472 1.475 1.484 1.508 1.508 1.508 1.492 1.492 1.492 1.557 1.561 1.561 1.561 1.542 1.528 1.516 1.515 1.508 1.503 1.496 1.495 1.495 1.492 1.491 1.487 1.486 1.473 1.454 1.439 1.433 1.432 1.432 1.433 1.461 1.474 1.477 1.48 1.48 1.487 1.49 1.637 1.637 1.637 1.641 1.642 1.646 1.646 1.646 1.638 1.633 1.633 1.631 1.638 1.639 1.641 1.642 1.643 1.648 1.648 1.651 1.648 1.648 1.588 1.482 1.482 1.482 1.483 1.503 1.503 1.503 1.462 1.462 1.462 1.472 1.472 1.472 1.453 1.424 1.418 1.418 1.418 1.426 1.432 1.434 1.444 1.445 1.445 1.445 1.418 1.402 1.402 1.402 1.541 1.542 1.551 1.605 1.605 1.605 1.583 1.561 1.527 1.481 1.465 1.464 1.442 1.439 1.439 1.439 1.56 1.628 1.628 1.628 1.624 1.617 1.59 1.545 1.545 1.545 1.572 1.576 1.58 1.582 1.582 1.636 1.653 1.692 1.695 1.708 1.724 1.724 1.814 1.937 1.951 1.961 1.968 1.977 1.989 1.989 1.989 2.002 1.984 1.892 0.946 0.934 0.921 0.92 0.913 0.898 0.898 0.895 0.878 0.873 0.872 0.87 0.87 0.87 2.057 2.057 2.06 2.06 2.08 2.08 2.08 2.071 2.048 2.048 2.048 2.05 2.053 2.061 2.061 2.066 2.177 2.177 2.177 2.177 2.177 2.189 2.255 2.264 2.346 2.35 2.35 2.349 2.35 2.35 2.35 2.507 2.514 2.54 2.564 2.586 2.632 2.632 2.7 2.7 2.7 2.699 2.699 2.699 2.771 2.778 2.778 2.778 2.757 2.757 2.757 2.761 2.763 2.773 2.773 2.773 1.885 1.88 1.878 1.877 1.844 1.792 1.786 1.778 1.778 1.778 1.778 1.774 1.788 1.789 1.795 1.802 1.828 1.828 1.828 1.818 1.748 1.714 1.712 1.712 1.712 1.713 1.713 1.721 1.722 1.722 1.722 1.707 1.698 1.69 1.662 1.661 0.595 0.593 0.593 0.587 0.587 0.594 0.594 0.591 0.591 0.591 0.59 0.59 0.585 0.585 0.583 0.577 0.576 0.576 0.576 0.576 0.576 0.577 
1 1 1 1 1 1 1 1 1 1 1 1 1 1 1 1 1 1 1 1 1 1 1 1 1 1 1 1 1 1 1 1 1 1 1 1 1 1 1 1 1 1 1 1 1 1 1 1 1 1 1 1 1 1 1 1 1 1 1 1 1 1 1 1 1 1 1 1 1 1 1 1 1 1 1 1 1 1 1 1 1 1 1 1 1 1 1 1 1 1 1 1 1 1 1 1 1 1 1 1 1 1 1 1 1 1 1 1 1 1 1 1 1 1 1 1 1 1 1 1 1 1 1 1 1 1 1 1 1 1 1 1 1 1 1 1 1 1 1 1 1 1 1 1 1 1 1 1 1 1 1 1 1 1 1 1 1 1 1 1 1 1 1 1 1 1 1 1 1 1 1 1 1 1 1 1 1 1 1 1 1 1 1 1 1 1 1 1 1 1 1 1 1 1 1 1 1 1 1 1 1 1 1 1 1 1 1 1 1 1 1 1 1 1 1 1 1 1 1 1 1 1 1 1 1 1 1 1 1 1 1 1 1 1 1 1 1 1 1 1 1 1 1 1 1 1 1 1 1 1 1 1 1 1 1 1 1 1 1 1 1 1 1 1 1 1 1 1 1 1 1 1 1 1 1 1 1 1 1 1 1 1 1 1 1 1 1 1 1 1 1 1 1 1 1 1 1 1 1 1 1 1 1 1 1 1 1 1 1 1 1 1 1 1 1 1 1 1 1 1 1 1 1 1 1 1 1 1 1 1 1 1 1 1 1 1 1 1 1 1 1 1 1 1 1 1 1 1 1 1 1 1 1 1 1 1 1 1 1 1 1 1 1 1 1 1 1 1 1 1 1 1 1 1 1 1 1 1 1 1 1 1 1 1 1 1 1 1 1 1 1 1 1 1 1 1 1 1 1 1 1 1 1 1 1 1 1 1 1 1 1 1 1 1 1 1 1 1 1 1 1 1 1 1 1 1 1 1 1 1 1 1 1 1 1 1 1 1 1 1 1 1 1 1 1 1 1 1 1 1 1 1 1 1 1 1 1 1 1 1 1 1 1 1 1 1 1 1 1 1 1 1 1 1 1 1 1 1 1 1 1 1 1 1 1 1 1 1 1 1 1 1 1 1 1 1 1 1 1 1 1 1 1 1 1 1 1 1 1 1 1 1 1 1 1 1 1 1 1 1 1 1 1 1 1 1 1 1 1 1 1 1 1 1 1 1 1 1 1 1 1 1 1 1 1 1 1 1 1 1 1 1 1 1 1 1 1 1 1 1 1 1 1 1 1 1 1 1 1 1 1 1 1 1 1 1 1 1 1 1 1 1 1 1 1 1 1 1 1 1 1 1 1 1 1 1 1 1 1 1 1 1 1 1 1 1 1 1 1 1 1 1 1 1 1 1 1 1 1 1 1 1 1 1 1 1 1 1 1 1 1 1 1 1 1 1 1 1 1 1 1 1 1 1 1 1 1 1 1 1 1 1 1 1 1 1 1 1 1 1 1 1 1 1 1 1 1 1 1 1 1 1 1 1 1 1 1 1 1 1 1 1 
