# This file contains a 2D laser scan observation. 
# Its format is: 
# [aperture] [max_range] [number_of_scans] 
# [vector_of_scans] 
# [vector_of_valid_scans] 
# The aperture of the sensor is in radians, the maximum range 
# and measurements are in meters. '1' means a valid scan, '0' otherwise.
4.1847
5.6
682
0.893 0.887 0.886 0.887 0.892 0.892 0.892 0.892 0.872 0.854 0.854 0.853 0.853 0.861 0.861 0.853 0.853 0.853 0.853 0.86 0.86 0.881 0.886 0.888 0.889 0.888 0.889 0.889 0.88 0.879 0.879 0.879 0.879 0.879 0.883 0.888 0.888 0.888 0.888 0.888 0.891 0.892 0.894 0.894 0.894 0.87 0.836 0.836 0.836 0.836 0.838 0.845 0.838 0.849 0.85 0.85 0.85 0.85 0.847 0.846 0.775 0.774 0.773 0.768 0.768 0.762 0.762 0.758 0.757 0.756 0.717 0.714 0.708 0.702 0.702 0.702 0.702 0.698 0.694 0.694 0.694 0.697 0.704 0.704 0.704 0.689 0.638 0.636 0.636 0.635 0.628 0.628 0.551 0.551 0.551 0.552 0.552 0.556 0.556 0.557 0.559 0.578 0.581 0.581 0.581 0.579 0.577 0.574 0.57 0.515 0.491 0.484 0.476 0.475 0.47 0.467 0.464 0.461 0.456 0.454 0.395 0.36 0.357 0.353 0.352 0.35 0.347 0.347 0.347 0.348 0.348 0.349 0.349 0.351 0.351 0.351 0.351 0.352 0.352 0.355 0.355 0.355 0.352 0.351 0.35 0.344 0.342 0.338 0.338 0.331 0.33 0.322 0.315 0.315 0.315 0.316 0.319 0.319 0.319 0.32 0.32 0.324 0.33 0.341 0.377 0.378 0.38 0.378 0.378 0.378 0.376 0.37 0.368 0.366 0.364 0.357 0.356 0.356 0.355 0.349 0.349 0.349 0.349 0.349 0.346 0.346 0.345 0.345 0.343 0.342 0.339 0.337 0.323 0.286 0.285 0.284 0.284 0.282 0.271 0.271 0.267 0.267 0.27 0.27 0.27 0.27 0.265 0.264 0.264 0.265 0.265 0.262 0.261 0.252 0.252 0.25 0.247 0.247 0.249 0.249 0.25 0.25 0.25 0.254 0.25 0.25 0.247 0.247 0.247 0.247 0.245 0.245 0.253 0.253 0.258 0.268 0.268 0.269 0.269 0.269 0.27 0.276 0.277 0.276 0.274 0.274 0.274 0.274 0.274 0.274 0.274 0.272 0.27 0.269 0.269 0.269 0.268 0.268 0.268 0.268 0.268 0.268 0.267 0.265 0.264 0.264 0.257 0.257 0.27 0.27 0.264 0.27 0.264 0.261 0.258 0.258 0.258 0.257 0.249 0.248 0.248 0.247 0.247 0.248 0.25 0.25 0.25 0.249 0.247 0.246 0.246 0.246 0.245 0.243 0.24 0.238 0.238 0.236 0.23 0.23 0.227 0.227 0.227 0.232 0.227 0.222 0.222 0.223 0.222 0.223 0.223 0.226 0.223 0.223 0.223 0.223 0.223 0.223 0.224 0.223 0.224 0.223 0.224 0.233 0.271 0.291 0.297 0.298 0.298 0.299 0.298 0.298 0.296 0.296 0.296 0.296 0.297 0.297 0.296 0.29 0.29 0.289 0.285 0.29 0.296 0.292 0.296 0.299 0.299 0.304 0.305 0.307 0.309 0.321 0.326 0.329 0.337 0.333 0.333 0.34 0.341 0.34 0.341 0.341 0.341 0.341 0.344 0.341 0.344 0.344 0.341 0.337 0.336 0.336 0.336 0.336 0.336 0.336 0.327 0.327 0.32 0.297 0.287 0.275 0.271 0.265 0.258 0.257 0.25 0.25 0.25 0.248 0.248 0.248 0.246 0.248 0.246 0.247 0.246 0.247 0.247 0.258 0.258 0.258 0.253 0.253 0.253 0.258 0.294 0.314 0.323 0.323 0.323 0.329 0.336 0.338 0.343 0.383 0.409 0.412 0.412 0.409 0.409 0.41 0.41 0.41 0.411 0.411 0.411 0.408 0.408 0.408 0.412 0.412 0.414 0.415 0.415 0.416 0.416 0.416 0.416 0.425 0.464 0.485 0.494 0.5 0.494 0.497 0.497 0.497 0.497 0.506 0.506 0.499 0.499 0.499 0.499 0.501 0.502 0.503 0.511 0.511 0.511 0.518 0.525 0.519 0.526 0.526 0.528 0.528 0.533 0.537 0.552 0.554 0.555 0.556 0.556 0.559 0.559 0.597 0.654 0.657 0.657 0.657 0.668 0.671 0.672 0.675 0.677 0.679 0.683 0.686 0.691 0.698 0.734 1.42 1.509 1.529 1.529 1.529 1.463 1.437 1.437 1.437 1.462 1.462 1.462 1.455 1.335 1.335 1.333 1.332 1.333 1.333 1.344 1.346 1.368 1.384 1.399 1.408 1.423 1.442 1.443 1.443 1.443 1.331 1.288 1.285 1.285 1.288 1.291 1.361 1.361 1.361 1.319 1.314 1.314 1.314 1.388 1.388 1.388 1.376 1.362 1.362 1.357 1.351 1.35 1.345 1.345 1.342 1.344 1.344 1.346 1.344 1.344 1.344 1.331 1.331 1.32 1.313 1.305 1.301 1.299 1.299 1.301 1.343 1.353 1.359 1.363 1.363 1.387 1.531 1.531 1.532 1.539 1.541 1.541 1.545 1.551 1.551 1.551 1.551 1.557 1.557 1.557 1.563 1.566 1.569 1.578 1.578 1.587 1.59 1.59 1.59 1.588 1.416 1.414 1.414 1.414 1.447 1.491 1.491 1.491 1.434 1.43 1.43 1.43 1.434 1.447 1.447 1.447 1.447 1.444 1.443 1.434 1.387 1.387 1.387 1.405 1.408 1.43 1.43 1.43 1.394 1.394 1.394 1.399 1.576 1.576 1.576 1.564 1.539 1.537 1.491 1.482 1.475 1.47 1.457 1.454 1.44 1.439 1.439 1.439 1.498 1.605 1.605 1.605 1.567 1.567 1.567 1.609 1.612 1.689 1.758 1.758 1.788 1.788 1.788 2.031 2.045 2.063 2.071 2.076 2.101 2.101 2.101 2.082 1.98 1.967 1.965 1.965 1.965 1.974 2 2 2 2.004 2.004 2.016 2.056 2.087 2.121 
1 1 1 1 1 1 1 1 1 1 1 1 1 1 1 1 1 1 1 1 1 1 1 1 1 1 1 1 1 1 1 1 1 1 1 1 1 1 1 1 1 1 1 1 1 1 1 1 1 1 1 1 1 1 1 1 1 1 1 1 1 1 1 1 1 1 1 1 1 1 1 1 1 1 1 1 1 1 1 1 1 1 1 1 1 1 1 1 1 1 1 1 1 1 1 1 1 1 1 1 1 1 1 1 1 1 1 1 1 1 1 1 1 1 1 1 1 1 1 1 1 1 1 1 1 1 1 1 1 1 1 1 1 1 1 1 1 1 1 1 1 1 1 1 1 1 1 1 1 1 1 1 1 1 1 1 1 1 1 1 1 1 1 1 1 1 1 1 1 1 1 1 1 1 1 1 1 1 1 1 1 1 1 1 1 1 1 1 1 1 1 1 1 1 1 1 1 1 1 1 1 1 1 1 1 1 1 1 1 1 1 1 1 1 1 1 1 1 1 1 1 1 1 1 1 1 1 1 1 1 1 1 1 1 1 1 1 1 1 1 1 1 1 1 1 1 1 1 1 1 1 1 1 1 1 1 1 1 1 1 1 1 1 1 1 1 1 1 1 1 1 1 1 1 1 1 1 1 1 1 1 1 1 1 1 1 1 1 1 1 1 1 1 1 1 1 1 1 1 1 1 1 1 1 1 1 1 1 1 1 1 1 1 1 1 1 1 1 1 1 1 1 1 1 1 1 1 1 1 1 1 1 1 1 1 1 1 1 1 1 1 1 1 1 1 1 1 1 1 1 1 1 1 1 1 1 1 1 1 1 1 1 1 1 1 1 1 1 1 1 1 1 1 1 1 1 1 1 1 1 1 1 1 1 1 1 1 1 1 1 1 1 1 1 1 1 1 1 1 1 1 1 1 1 1 1 1 1 1 1 1 1 1 1 1 1 1 1 1 1 1 1 1 1 1 1 1 1 1 1 1 1 1 1 1 1 1 1 1 1 1 1 1 1 1 1 1 1 1 1 1 1 1 1 1 1 1 1 1 1 1 1 1 1 1 1 1 1 1 1 1 1 1 1 1 1 1 1 1 1 1 1 1 1 1 1 1 1 1 1 1 1 1 1 1 1 1 1 1 1 1 1 1 1 1 1 1 1 1 1 1 1 1 1 1 1 1 1 1 1 1 1 1 1 1 1 1 1 1 1 1 1 1 1 1 1 1 1 1 1 1 1 1 1 1 1 1 1 1 1 1 1 1 1 1 1 1 1 1 1 1 1 1 1 1 1 1 1 1 1 1 1 1 1 1 1 1 1 1 1 1 1 1 1 1 1 1 1 1 1 1 1 1 1 1 1 1 1 1 1 1 1 1 1 1 1 1 1 1 1 1 1 1 1 1 1 1 1 1 1 1 1 1 1 1 1 1 1 1 1 1 1 1 1 1 1 1 1 1 1 1 1 1 1 1 1 1 1 1 1 1 1 1 1 1 1 1 1 1 1 1 1 1 1 1 1 1 1 1 1 1 1 1 1 1 1 1 1 1 1 1 1 
