# This file contains a 2D laser scan observation. 
# Its format is: 
# [aperture] [max_range] [number_of_scans] 
# [vector_of_scans] 
# [vector_of_valid_scans] 
# The aperture of the sensor is in radians, the maximum range 
# and measurements are in meters. '1' means a valid scan, '0' otherwise.
4.1847
5.6
682
0.594 0.594 0.594 0.593 0.593 0.592 0.592 0.59 0.588 0.586 0.58 0.579 0.574 0.573 0.572 0.572 0.572 0.572 0.569 0.569 0.569 0.569 0.563 0.565 0.563 0.556 0.551 0.55 0.548 0.55 0.548 0.547 0.547 0.551 0.546 0.546 0.546 0.541 0.54 0.541 0.538 0.541 0.538 0.538 0.537 0.537 0.535 0.535 0.538 0.549 0.549 0.549 0.541 0.536 0.535 0.534 0.535 0.534 0.534 0.534 0.534 0.532 0.532 0.533 0.529 0.529 0.53 0.529 0.526 0.525 0.525 0.522 0.522 0.522 0.527 0.527 0.528 0.528 0.531 0.531 0.535 0.535 0.531 0.514 0.511 0.511 0.511 0.511 0.511 0.511 0.511 0.503 0.503 0.503 0.501 0.509 0.509 0.503 0.5 0.503 0.503 0.504 0.504 0.504 0.504 0.504 0.501 0.497 0.497 0.497 0.497 0.498 0.498 0.498 0.498 0.498 0.498 0.499 0.5 0.647 0.647 0.649 0.649 0.647 0.649 0.649 0.649 0.643 0.649 0.643 0.642 0.642 0.647 0.64 0.643 0.646 0.643 0.643 0.643 0.643 0.643 0.646 0.643 0.646 0.652 0.652 0.656 0.657 0.663 0.664 0.669 0.67 0.684 0.752 0.794 0.804 0.828 0.83 0.835 0.838 0.847 0.853 0.854 0.854 0.854 0.864 0.864 0.863 0.864 0.864 0.863 0.86 0.831 0.831 0.831 0 0 0 0.007 0 0 0 0 0 0 0 0 0 0 0 0 0 0 0 0 0.007 0 0 0 0 0 0 0.753 0.752 0.728 0.726 0.722 0.714 0.7 0.694 0.686 0.682 0.665 0.665 0.665 0.682 0.682 0.683 0.683 0.691 0.694 0.702 0.706 0.71 0.712 0.712 0.729 0.732 0.774 0.774 0.774 0.774 0.774 0.779 0.779 0.782 0.783 0.798 0.799 0.808 0.81 0.818 0.821 0.829 0.835 0.841 0.845 0.865 0.868 0.877 0.881 0.882 0.903 0.908 0.913 0.918 0.935 0.945 0.951 0.956 0.966 0.988 0.99 1.007 1.009 1.033 1.038 1.053 1.065 1.08 1.081 1.112 1.129 1.142 1.154 1.163 1.196 1.227 1.244 1.244 1.255 1.276 1.294 1.311 1.336 1.347 1.383 1.405 1.447 1.451 1.462 1.483 1.528 1.554 1.61 1.628 1.644 1.686 1.716 1.742 1.773 1.822 1.899 1.948 1.952 1.952 2.059 2.125 2.237 2.237 2.368 0 0.007 2.677 2.677 2.752 2.752 2.774 2.774 2.752 2.744 2.574 2.547 2.547 2.538 2.516 2.516 2.547 2.56 0 0.007 0 0.007 2.543 2.543 2.591 2.556 2.591 2.594 2.594 2.611 2.624 2.636 2.672 2.688 2.688 2.688 2.665 2.658 2.658 2.665 2.702 2.721 2.721 2.721 2.698 2.69 2.69 2.69 2.674 2.674 2.674 2.671 2.671 2.658 2.657 2.657 2.657 2.745 2.746 2.75 2.752 2.752 2.752 2.672 2.672 2.672 2.698 2.698 2.698 2.686 2.679 2.679 2.679 2.782 2.782 2.785 2.782 2.782 2.099 2.052 1.953 1.886 1.833 1.782 1.756 1.7 1.674 1.645 1.617 1.592 1.564 1.53 1.506 1.478 1.478 1.457 1.434 1.402 1.402 1.402 1.404 1.404 1.404 1.404 1.396 1.39 1.383 1.383 1.383 0 0 0 0 0 0 0 0 0 0 0 0 0 0 0 0 0 0 0 0 0 0 0 0 0 0 1.02 1.02 1.02 1.032 1.032 1.039 1.05 0 0 0 0 0 0 0 0 0 0 0 0 1.354 1.341 1.341 1.341 1.342 1.342 1.362 1.363 1.367 1.38 1.386 1.407 1.416 1.418 1.425 1.44 1.455 1.464 1.472 1.49 1.496 1.514 1.515 1.538 1.546 1.555 1.563 1.591 1.601 1.605 1.625 1.633 1.66 1.66 1.671 1.697 1.708 1.708 1.708 1.7 1.685 1.676 1.666 1.648 1.645 1.637 1.635 1.624 1.611 1.599 1.59 1.585 1.577 1.571 1.558 1.558 1.542 1.541 1.534 1.526 1.524 1.514 1.511 1.511 1.508 1.508 1.495 1.493 1.492 1.49 1.478 1.477 1.473 1.473 1.473 1.465 1.462 1.463 1.463 1.463 1.462 1.463 1.465 1.462 1.462 1.449 1.449 1.449 1.443 1.443 1.447 1.443 1.443 1.447 1.491 1.53 1.569 1.569 1.604 1.633 1.789 0.015 0.007 1.789 0.775 0.772 0.772 0.774 0.774 0.775 0.78 1.52 1.52 1.52 1.139 1.122 1.122 1.122 1.129 2.005 2.008 2.009 2.009 2.009 2.009 2.001 2.001 1.994 1.994 1.994 1.994 1.997 1.998 1.998 1.998 1.998 2 2 2 2 1.988 1.97 1.955 1.903 1.903 1.844 1.785 1.501 1.496 1.254 1.228 1.224 1.217 1.217 1.226 1.226 2.004 2.004 2.004 1.974 0.686 0.68 0.68 0.678 0.68 0.688 0.688 0.689 0.689 0.681 0.679 0.679 0.679 0.693 2.056 2.056 2.056 2.056 2.054 2.049 0.79 0.789 0.784 0.784 0.789 0.789 0.802 1.548 1.564 1.564 1.548 1.548 1.589 1.589 1.628 1.628 1.649 1.628 1.586 1.191 1.189 1.189 1.191 1.585 1.586 1.589 1.589 1.589 1.594 1.594 1.589 0.945 0.937 0.937 0.937 0.94 1.078 
1 1 1 1 1 1 1 1 1 1 1 1 1 1 1 1 1 1 1 1 1 1 1 1 1 1 1 1 1 1 1 1 1 1 1 1 1 1 1 1 1 1 1 1 1 1 1 1 1 1 1 1 1 1 1 1 1 1 1 1 1 1 1 1 1 1 1 1 1 1 1 1 1 1 1 1 1 1 1 1 1 1 1 1 1 1 1 1 1 1 1 1 1 1 1 1 1 1 1 1 1 1 1 1 1 1 1 1 1 1 1 1 1 1 1 1 1 1 1 1 1 1 1 1 1 1 1 1 1 1 1 1 1 1 1 1 1 1 1 1 1 1 1 1 1 1 1 1 1 1 1 1 1 1 1 1 1 1 1 1 1 1 1 1 1 1 1 1 1 1 1 1 1 1 1 0 0 0 0 0 0 0 0 0 0 0 0 0 0 0 0 0 0 0 0 0 0 0 0 0 0 0 1 1 1 1 1 1 1 1 1 1 1 1 1 1 1 1 1 1 1 1 1 1 1 1 1 1 1 1 1 1 1 1 1 1 1 1 1 1 1 1 1 1 1 1 1 1 1 1 1 1 1 1 1 1 1 1 1 1 1 1 1 1 1 1 1 1 1 1 1 1 1 1 1 1 1 1 1 1 1 1 1 1 1 1 1 1 1 1 1 1 1 1 1 1 1 1 1 1 1 1 1 1 1 1 1 1 1 1 1 0 0 1 1 1 1 1 1 1 1 1 1 1 1 1 1 1 1 0 0 0 0 1 1 1 1 1 1 1 1 1 1 1 1 1 1 1 1 1 1 1 1 1 1 1 1 1 1 1 1 1 1 1 1 1 1 1 1 1 1 1 1 1 1 1 1 1 1 1 1 1 1 1 1 1 1 1 1 1 1 1 1 1 1 1 1 1 1 1 1 1 1 1 1 1 1 1 1 1 1 1 1 1 1 1 1 1 1 1 0 0 0 0 0 0 0 0 0 0 0 0 0 0 0 0 0 0 0 0 0 0 0 0 0 0 1 1 1 1 1 1 1 0 0 0 0 0 0 0 0 0 0 0 0 1 1 1 1 1 1 1 1 1 1 1 1 1 1 1 1 1 1 1 1 1 1 1 1 1 1 1 1 1 1 1 1 1 1 1 1 1 1 1 1 1 1 1 1 1 1 1 1 1 1 1 1 1 1 1 1 1 1 1 1 1 1 1 1 1 1 1 1 1 1 1 1 1 1 1 1 1 1 1 1 1 1 1 1 1 1 1 1 1 1 1 1 1 1 1 1 1 1 1 1 1 0 0 1 1 1 1 1 1 1 1 1 1 1 1 1 1 1 1 1 1 1 1 1 1 1 1 1 1 1 1 1 1 1 1 1 1 1 1 1 1 1 1 1 1 1 1 1 1 1 1 1 1 1 1 1 1 1 1 1 1 1 1 1 1 1 1 1 1 1 1 1 1 1 1 1 1 1 1 1 1 1 1 1 1 1 1 1 1 1 1 1 1 1 1 1 1 1 1 1 1 1 1 1 1 1 1 1 1 1 1 1 1 1 1 1 1 
