# This file contains a 2D laser scan observation. 
# Its format is: 
# [aperture] [max_range] [number_of_scans] 
# [vector_of_scans] 
# [vector_of_valid_scans] 
# The aperture of the sensor is in radians, the maximum range 
# and measurements are in meters. '1' means a valid scan, '0' otherwise.
4.1847
5.6
682
0.594 0.594 0.594 0.601 0.606 0.64 0.647 0.651 0.655 0.656 0.658 0.656 0.656 0.654 0.652 0.652 0.654 0.655 0.655 0.655 0.655 0.661 0.661 0.666 0.666 0.668 0.668 0.674 0.679 0.681 0.683 0.683 0.689 0.694 0.7 0.702 0.707 0.71 0.71 0.716 3.04 3.04 3.04 3.036 3.003 2.998 2.975 2.959 2.936 2.918 2.906 2.896 2.879 2.864 2.847 2.824 2.815 2.809 2.79 2.783 2.76 2.754 2.734 2.733 2.733 2.733 0 0 0 0 0.87 0.869 0.865 0.861 0.856 0.856 0.856 0.855 0.845 0.843 0.836 0.836 0.836 0.831 0.828 0.827 0.828 0.827 0.817 0.777 0.774 0.772 0.774 0.772 0.772 0.777 0.78 0.787 0.787 0.787 0.782 0.775 0.775 0.777 0.775 0.775 0.776 0.772 0.766 0.77 0.77 0.767 0.767 0.767 0.763 0.761 0.76 0.758 0.758 0.758 0.754 0.753 0.755 0.751 0.75 0.746 0.746 0.74 0.74 0.736 0.736 0.734 0.726 0.715 0.706 0.706 0.715 0.706 0.715 0.717 0.733 0.735 0.735 0.733 0.72 0.72 0.718 0.72 0.72 0.726 0.726 0.733 0.728 0.73 0.73 0.728 0.724 0.719 0.718 0.718 0.719 0.725 0.727 0.727 0.727 0.727 0.727 0.727 0.727 0.725 0.723 0.725 0.725 0.723 0.723 0.677 0.673 0.673 0.669 0.669 0.666 0.664 0.664 0.666 0.671 0.674 0.676 0.678 0.68 0.678 0.677 0.677 0.628 0.605 0.598 0.588 0.588 0.586 0.586 0.582 0.581 0.578 0.578 0.568 0.534 0.524 0.524 0.521 0.517 0.515 0.515 0.517 0.515 0.513 0.511 0.513 0.513 0.515 0.519 0.522 0.522 0.522 0.513 0.447 0.446 0.446 0.438 0.438 0.436 0.435 0.389 0.359 0.359 0.358 0.358 0.358 0.359 0.357 0.358 0.359 0.365 0.368 0.371 0.374 0.379 0.384 0.384 0.388 0.389 0.389 0.389 0.388 0.389 0.38 0.374 0.319 0.311 0.287 0.281 0.28 0.275 0.272 0.269 0.26 0.26 0.26 0.26 0.26 0.256 0.262 0.256 0.249 0.249 0.254 0.249 0.251 0.251 0.249 0.246 0.243 0.232 0.228 0.213 0.151 0.151 0.15 0.146 0.141 0.141 0.141 0.143 0.144 0.144 0.145 0.144 0.147 0.144 0.145 0.144 0.144 0.144 0.144 0.144 0.144 0.147 0.147 0.147 0.148 0.147 0.145 0.145 0.148 0.148 0.148 0.149 0.152 0.153 0.154 0.154 0.155 0.156 0.156 0.153 0.153 0.153 0.153 0.153 0.154 0.154 0.152 0.151 0.152 0.152 0.152 0.155 0.155 0.152 0.152 0.152 0.152 0.151 0.15 0.15 0.152 0.15 0.152 0.153 0.155 0.155 0.155 0.152 0.152 0.152 0.152 0.152 0.147 0.146 0.142 0.142 0.141 0.141 0.139 0.139 0.139 0.139 0.137 0.135 0.138 0.137 0.137 0.137 0.137 0.137 0.136 0.134 0.134 0.135 0.135 0.14 0.14 0.14 0.14 0.136 0.136 0.139 0.139 0.147 0.148 0.148 0.155 0.183 0.184 0.185 0.185 0.185 0.185 0.181 0.181 0.185 0.185 0.187 0.187 0.186 0.186 0.185 0.183 0.183 0.185 0.185 0.185 0.192 0.189 0.185 0.183 0.183 0.183 0.182 0.182 0.182 0.188 0.183 0.183 0.188 0.183 0.183 0.183 0.182 0.182 0.181 0.181 0.179 0.182 0.18 0.182 0.181 0.182 0.182 0.184 0.184 0.186 0.186 0.184 0.184 0.184 0.184 0.182 0.182 0.182 0.182 0.182 0.185 0.185 0.185 0.181 0.18 0.174 0.174 0.174 0.175 0.175 0.177 0.177 0.177 0.177 0.177 0.171 0.16 0.158 0.157 0.148 0.148 0.147 0.147 0.146 0.142 0.142 0.142 0.141 0.14 0.14 0.141 0.141 0.141 0.144 0.141 0.144 0.145 0.146 0.146 0.146 0.145 0.148 0.15 0.142 0.15 0.151 0.151 0.151 0.151 0.15 0.15 0.151 0.151 0.151 0.154 0.154 0.154 0.154 0.153 0.153 0.148 0.149 0.146 0.146 0.146 0.146 0.146 0.146 0.147 0.148 0.149 0.152 0.152 0.153 0.152 0.153 0.154 0.154 0.154 0.154 0.154 0.154 0.154 0.165 0.176 0.186 0.19 0.197 0.197 0.199 0.204 0.209 0.211 0.215 0.215 0.212 0.211 0.207 0.207 0.21 0.21 0.213 0.214 0.215 0.215 0.216 0.216 0.222 0.222 0.223 0.226 0.227 0.226 0.226 0.222 0.22 0.22 0.222 0.226 0.226 0.226 0.232 0.232 0.233 0.235 0.239 0.24 0.24 0.24 0.24 0.235 0.235 0.24 0.241 0.242 0.242 0.244 0.242 0.236 0.236 0.243 0.237 0.241 0.241 0.241 0.239 0.241 0.241 0.242 0.242 0.242 0.242 0.243 0.244 0.245 0.245 0.245 0.247 0.247 0.246 0.246 0.247 0.247 0.25 0.314 0.382 0.394 0.399 0.401 0.401 0.405 0.405 0.414 0.419 0.419 0.419 0.403 0.381 0.37 0.37 0.368 0.367 0.366 0.361 0.356 0.354 0.353 0.352 0.35 0.35 0.349 0.349 0.35 0.354 0.354 0.355 0.355 0.357 0.355 0.357 0.362 0.385 0.61 0.633 0.64 0.646 0.651 0.647 0.654 0.654 0.665 0.674 0.687 0.687 0.691 0.706 0.812 0.813 0.821 0.83 0.833 1.491 1.492 1.498 1.498 1.503 1.511 1.514 1.524 1.541 1.564 1.584 
1 1 1 1 1 1 1 1 1 1 1 1 1 1 1 1 1 1 1 1 1 1 1 1 1 1 1 1 1 1 1 1 1 1 1 1 1 1 1 1 1 1 1 1 1 1 1 1 1 1 1 1 1 1 1 1 1 1 1 1 1 1 1 1 1 1 0 0 0 0 1 1 1 1 1 1 1 1 1 1 1 1 1 1 1 1 1 1 1 1 1 1 1 1 1 1 1 1 1 1 1 1 1 1 1 1 1 1 1 1 1 1 1 1 1 1 1 1 1 1 1 1 1 1 1 1 1 1 1 1 1 1 1 1 1 1 1 1 1 1 1 1 1 1 1 1 1 1 1 1 1 1 1 1 1 1 1 1 1 1 1 1 1 1 1 1 1 1 1 1 1 1 1 1 1 1 1 1 1 1 1 1 1 1 1 1 1 1 1 1 1 1 1 1 1 1 1 1 1 1 1 1 1 1 1 1 1 1 1 1 1 1 1 1 1 1 1 1 1 1 1 1 1 1 1 1 1 1 1 1 1 1 1 1 1 1 1 1 1 1 1 1 1 1 1 1 1 1 1 1 1 1 1 1 1 1 1 1 1 1 1 1 1 1 1 1 1 1 1 1 1 1 1 1 1 1 1 1 1 1 1 1 1 1 1 1 1 1 1 1 1 1 1 1 1 1 1 1 1 1 1 1 1 1 1 1 1 1 1 1 1 1 1 1 1 1 1 1 1 1 1 1 1 1 1 1 1 1 1 1 1 1 1 1 1 1 1 1 1 1 1 1 1 1 1 1 1 1 1 1 1 1 1 1 1 1 1 1 1 1 1 1 1 1 1 1 1 1 1 1 1 1 1 1 1 1 1 1 1 1 1 1 1 1 1 1 1 1 1 1 1 1 1 1 1 1 1 1 1 1 1 1 1 1 1 1 1 1 1 1 1 1 1 1 1 1 1 1 1 1 1 1 1 1 1 1 1 1 1 1 1 1 1 1 1 1 1 1 1 1 1 1 1 1 1 1 1 1 1 1 1 1 1 1 1 1 1 1 1 1 1 1 1 1 1 1 1 1 1 1 1 1 1 1 1 1 1 1 1 1 1 1 1 1 1 1 1 1 1 1 1 1 1 1 1 1 1 1 1 1 1 1 1 1 1 1 1 1 1 1 1 1 1 1 1 1 1 1 1 1 1 1 1 1 1 1 1 1 1 1 1 1 1 1 1 1 1 1 1 1 1 1 1 1 1 1 1 1 1 1 1 1 1 1 1 1 1 1 1 1 1 1 1 1 1 1 1 1 1 1 1 1 1 1 1 1 1 1 1 1 1 1 1 1 1 1 1 1 1 1 1 1 1 1 1 1 1 1 1 1 1 1 1 1 1 1 1 1 1 1 1 1 1 1 1 1 1 1 1 1 1 1 1 1 1 1 1 1 1 1 1 1 1 1 1 1 1 1 1 1 1 1 1 1 1 1 1 1 1 1 1 1 1 1 1 1 1 1 1 1 1 1 1 1 1 1 1 1 1 1 1 1 1 1 1 1 1 1 1 1 1 1 
