# This file contains a 2D laser scan observation. 
# Its format is: 
# [aperture] [max_range] [number_of_scans] 
# [vector_of_scans] 
# [vector_of_valid_scans] 
# The aperture of the sensor is in radians, the maximum range 
# and measurements are in meters. '1' means a valid scan, '0' otherwise.
4.1847
5.6
682
0.514 0.514 0.515 0.515 0.515 0.516 0.522 0.522 0.525 0.525 0.527 0.536 0.541 0.544 0.548 0.552 0.552 0.553 0.554 0.554 0.555 0.556 0.555 0.555 0.555 0.551 0.549 0.545 0.544 0.543 0.543 0.542 0.541 0.541 0.541 0.541 0.589 0.592 0.595 0.597 0.666 1.029 1.029 1.029 0.835 0.834 0.832 0.826 0.82 0.817 0.815 0.811 0.803 0.803 0.803 0.805 0.805 0.805 0.802 0.801 0.797 0.789 0.787 0.786 0.783 0.782 0.782 0.782 0.783 0.784 0.786 0.787 0.787 0.786 0.786 0.786 0.783 0.786 0.784 0.783 0.783 0.782 0.781 0.781 0.781 0.781 0.781 0.781 0.779 0.776 0.775 0.776 0.776 0.776 0.776 0.779 0.779 0.776 0.776 0.776 0.772 0.771 0.771 0.771 0.771 0.771 0.774 0.774 0.774 0.772 0.772 0.771 0.771 0.772 0.773 0.777 0.777 0.777 0.773 0.773 0.773 0.773 0.774 0.774 0.774 0.773 0.774 0.782 1.404 1.405 1.409 1.409 1.412 1.412 1.417 1.419 1.42 1.423 1.423 1.426 1.427 1.428 1.428 1.429 1.429 1.431 1.431 1.431 1.427 1.405 1.056 1.051 1.043 1.043 1.039 1.043 1.046 1.052 1.061 1.065 1.066 1.082 1.084 1.085 1.089 1.099 1.1 1.104 1.116 1.116 1.117 1.123 1.131 1.133 1.146 1.146 1.158 1.17 1.172 1.177 1.183 1.201 1.205 1.205 1.214 1.229 1.236 1.244 1.247 1.256 1.262 1.27 1.281 1.289 1.304 1.309 1.317 1.33 1.333 1.347 1.358 1.371 1.376 1.394 1.407 1.413 1.43 1.443 1.449 1.474 1.485 1.499 1.517 1.533 1.544 1.56 1.581 1.624 1.627 1.639 1.649 1.65 3.175 3.175 3.175 3.166 3.14 3.115 3.107 3.076 3.063 3.025 3.017 3.01 2.975 2.95 2.944 2.929 2.929 2.903 2.896 2.896 2.848 2.836 2.803 2.789 2.78 2.756 2.743 2.728 2.722 2.693 2.678 2.672 2.662 2.644 2.63 2.617 2.616 2.595 2.585 2.574 2.559 2.552 2.535 2.518 2.51 2.496 2.487 2.487 2.487 2.497 2.52 2.542 2.567 2.587 2.609 2.609 2.609 1.069 1.055 1.053 1.055 1.051 1.045 0.688 0.688 0.674 0.666 0.664 0.664 0.666 0.666 0.664 0.671 0.662 0.662 0.667 0.667 0.663 0.663 0.659 0.655 0.65 0.649 0.641 0.639 0.639 0.633 0.628 0.622 0.626 0.626 0.626 0.628 0.633 0.633 0.635 0.635 0.633 0.633 0.633 0.63 0.623 0.622 0.619 0.618 0.617 0.617 0.617 0.626 0.626 0.626 0.626 0.621 0.621 0.62 0.621 0.62 0.622 0.62 0.618 0.617 0.618 0.617 0.617 0.617 0.62 0.617 0.621 0.621 0.615 0.615 0.613 0.613 0.614 0.613 0.613 0.614 0.614 0.612 0.612 0.612 0.61 0.598 0.598 0.598 0.6 0.608 0.608 0.608 0.608 0.608 0.608 0.609 0.609 0.611 0.609 0.609 0.609 0.611 0.612 0.614 0.614 0.615 0.615 0.615 0.615 0.615 0.613 0.617 0.613 0.613 0.617 0.617 0.617 0.622 0.622 0.622 0.621 0.62 0.615 0.614 0.613 0.613 0.614 0.618 0.621 0.625 0.625 0.625 0.626 0.627 0.627 0.63 0.924 0.956 0.956 0.956 0.939 0.917 0.838 0.757 0.753 0.742 0.645 0.58 0.568 0.568 0.575 0.575 0.575 0.58 0.58 0.58 0.58 0.586 0.59 0.591 0.592 0.6 0.6 0.6 0.6 0.6 0.593 0.597 0.593 0.592 0.592 0.584 0.579 0.553 0.53 0.526 0.524 0.522 0.522 0.522 0.519 0.519 0.518 0.519 0.519 0.519 0.519 0.519 0.519 0.519 0.519 0.518 0.496 0.496 0.487 0.486 0.485 0.485 0.468 0.468 0.468 0.474 0.474 0.476 0.474 0.474 0.474 0.468 0.468 0.468 0.468 0.477 0.477 0.49 0.493 0.493 0.496 0.496 0.493 0.478 0.477 0.47 0.464 0.464 0.461 0.46 0.459 0.457 0.452 0.424 0.422 0.422 0.423 0.423 0.423 0.424 0.424 0.425 0.428 0.428 0.432 0.425 0.426 0.426 0.426 0.425 0.425 0.418 0.415 0.415 0.399 0.396 0.374 0.373 0.364 0.364 0.364 0.365 0.365 0.365 0.365 0.365 0.397 0.4 0.407 0.407 0.407 0.409 0.409 0.411 0.411 0.408 0.407 0.407 0.407 0.407 0.407 0.407 0.406 0.402 0.39 0.389 0.384 0.374 0.372 0.366 0.359 0.359 0.357 0.356 0.354 0.353 0.343 0.343 0.343 0.342 0.343 0.346 0.342 0.342 0.34 0.338 0.333 0.333 0.333 0.334 0.338 0.338 0.338 0.343 0.338 0.337 0.338 0.337 0.334 0.334 0.337 0.336 0.337 0.337 0.338 0.338 0.338 0.342 0.342 0.342 0.342 0.345 0.346 0.346 0.348 0.35 0.356 0.358 0.358 0.358 0.358 0.359 0.358 0.358 0.349 0.297 0.275 0.275 0.275 0.275 0.274 0.274 0.274 0.277 0.274 0.275 0.276 0.275 0.275 0.276 0.281 0.285 0.288 0.294 0.304 0.304 0.308 0.304 0.308 0.298 0.302 0.298 0.302 0.302 0.302 0.302 0.302 0.296 0.294 0.294 0.29 0.29 0.289 0.289 0.29 0.291 0.291 0.294 0.294 0.293 0.294 0.298 0.299 0.309 0.367 0.37 0.375 0.378 0.378 0.384 0.384 0.384 0.384 0.384 0.384 0.384 0.384 
1 1 1 1 1 1 1 1 1 1 1 1 1 1 1 1 1 1 1 1 1 1 1 1 1 1 1 1 1 1 1 1 1 1 1 1 1 1 1 1 1 1 1 1 1 1 1 1 1 1 1 1 1 1 1 1 1 1 1 1 1 1 1 1 1 1 1 1 1 1 1 1 1 1 1 1 1 1 1 1 1 1 1 1 1 1 1 1 1 1 1 1 1 1 1 1 1 1 1 1 1 1 1 1 1 1 1 1 1 1 1 1 1 1 1 1 1 1 1 1 1 1 1 1 1 1 1 1 1 1 1 1 1 1 1 1 1 1 1 1 1 1 1 1 1 1 1 1 1 1 1 1 1 1 1 1 1 1 1 1 1 1 1 1 1 1 1 1 1 1 1 1 1 1 1 1 1 1 1 1 1 1 1 1 1 1 1 1 1 1 1 1 1 1 1 1 1 1 1 1 1 1 1 1 1 1 1 1 1 1 1 1 1 1 1 1 1 1 1 1 1 1 1 1 1 1 1 1 1 1 1 1 1 1 1 1 1 1 1 1 1 1 1 1 1 1 1 1 1 1 1 1 1 1 1 1 1 1 1 1 1 1 1 1 1 1 1 1 1 1 1 1 1 1 1 1 1 1 1 1 1 1 1 1 1 1 1 1 1 1 1 1 1 1 1 1 1 1 1 1 1 1 1 1 1 1 1 1 1 1 1 1 1 1 1 1 1 1 1 1 1 1 1 1 1 1 1 1 1 1 1 1 1 1 1 1 1 1 1 1 1 1 1 1 1 1 1 1 1 1 1 1 1 1 1 1 1 1 1 1 1 1 1 1 1 1 1 1 1 1 1 1 1 1 1 1 1 1 1 1 1 1 1 1 1 1 1 1 1 1 1 1 1 1 1 1 1 1 1 1 1 1 1 1 1 1 1 1 1 1 1 1 1 1 1 1 1 1 1 1 1 1 1 1 1 1 1 1 1 1 1 1 1 1 1 1 1 1 1 1 1 1 1 1 1 1 1 1 1 1 1 1 1 1 1 1 1 1 1 1 1 1 1 1 1 1 1 1 1 1 1 1 1 1 1 1 1 1 1 1 1 1 1 1 1 1 1 1 1 1 1 1 1 1 1 1 1 1 1 1 1 1 1 1 1 1 1 1 1 1 1 1 1 1 1 1 1 1 1 1 1 1 1 1 1 1 1 1 1 1 1 1 1 1 1 1 1 1 1 1 1 1 1 1 1 1 1 1 1 1 1 1 1 1 1 1 1 1 1 1 1 1 1 1 1 1 1 1 1 1 1 1 1 1 1 1 1 1 1 1 1 1 1 1 1 1 1 1 1 1 1 1 1 1 1 1 1 1 1 1 1 1 1 1 1 1 1 1 1 1 1 1 1 1 1 1 1 1 1 1 1 1 1 1 1 1 1 1 1 1 1 1 1 1 1 1 1 1 1 1 1 1 1 1 1 1 1 1 1 1 1 1 1 1 1 1 1 1 1 1 1 1 1 1 1 1 1 1 1 1 1 1 1 1 1 1 1 1 1 1 1 1 
