# This file contains a 2D laser scan observation. 
# Its format is: 
# [aperture] [max_range] [number_of_scans] 
# [vector_of_scans] 
# [vector_of_valid_scans] 
# The aperture of the sensor is in radians, the maximum range 
# and measurements are in meters. '1' means a valid scan, '0' otherwise.
4.1847
5.6
682
1.944 1.944 1.944 1.944 2.003 2.005 2.016 2.036 2.241 2.248 2.255 2.255 2.256 2.259 2.262 2.264 0 0 0 0.694 0.678 0.67 0.66 0.66 0.637 0.635 0.634 0.615 0.6 0.574 0.574 0.574 0.575 0.583 0.583 0.575 0.568 0.555 0.549 0.547 0.542 0.527 0.524 0.519 0.518 0.516 0.513 0.503 0.502 0.498 0.489 0.486 0.478 0.475 0.473 0.472 0.465 0.46 0.455 0.448 0.448 0.448 0.445 0.441 0.439 0.434 0.432 0.422 0.422 0.42 0.418 0.418 0.416 0.411 0.407 0.402 0.401 0.397 0.394 0.393 0.391 0.391 0.385 0.377 0.37 0.366 0.361 0.36 0.355 0.355 0.358 0.36 0.367 0.371 0.379 0.383 0.384 0.388 0.394 0.394 0.398 0.398 0.403 0.408 0.409 0.412 0.422 0.422 0.422 0.423 0.433 0.433 0.439 0.439 0.443 0.447 0.449 0.452 0.462 0.466 0.467 0.467 0.472 0.486 0.487 0.487 0.497 0.499 0.501 0.502 0.505 0.508 0.524 0.527 0.53 0.54 0.547 0.547 0.557 0.566 0.568 0.577 0.584 0.596 0.598 0.614 0.615 0.631 0.633 0.639 0.658 0.663 0.67 0.686 0.701 0.712 0.717 0.741 0.742 0.765 0.765 0.776 0.8 0.804 0.819 0.844 0.864 0.869 0.897 0.92 0.92 0.922 0.92 0.921 0.918 0.918 0.916 0.916 0.912 0.909 0.909 0.909 0.909 0.905 0.905 0.903 0.903 0.905 0.898 0.898 0.545 0.529 0.519 0.519 0.519 0.526 0.526 0.526 0.526 0.527 0.526 0.526 0.526 0.525 0.525 0.53 0.531 0.537 0.537 0.532 0.532 0.536 0.536 0.538 0.54 0.54 0.542 0.544 0.545 0.545 0.545 0.547 0.548 0.548 0.55 0.55 0.551 0.555 0.557 0.559 0.559 0.561 0.562 0.566 0.566 0.568 0.571 0.574 0.574 0.574 0.578 0.578 0.579 0.579 0.583 0.587 0.588 0.587 0.587 0.592 0.592 0.599 0.601 0.602 0.602 0.611 0.611 0.613 0.617 0.619 0.623 0.625 0.626 0.626 0.626 0.63 0.633 0.633 0.641 0.648 0.65 0.65 0.656 0.661 0.663 0.667 0.672 0.673 0.679 0.682 0.685 0.687 0.692 0.695 0.702 0.708 0.709 0.712 0.713 0.72 0.729 0.73 0.731 0.742 0.742 0.743 0.746 0.752 0.753 0.757 0.774 0.776 0.776 0.784 0.795 0.795 0.807 0.815 0.819 0.829 0.836 0.841 0.845 0.848 0.866 0.869 0.871 0.881 0.891 0.898 0.906 0.918 0.929 0.937 0.947 0.981 0.996 0.996 0.998 1.007 1.013 1.025 1.026 2.535 2.535 2.535 2.506 2.496 2.476 2.466 2.457 2.431 2.426 2.411 2.394 2.378 2.371 2.355 2.341 2.341 2.333 2.333 0.007 0.015 0.007 2.268 2.23 2.219 2.202 2.202 2.188 2.176 2.166 2.16 2.144 2.134 2.126 2.107 2.106 2.095 2.086 2.075 2.068 2.062 2.051 2.042 2.034 2.03 2.016 2.009 1.999 1.994 1.99 1.979 1.971 1.969 1.96 1.948 1.943 1.941 1.941 1.941 1.947 1.971 2.001 2.018 2.05 2.068 2.093 2.12 2.142 2.172 2.2 2.229 2.266 2.3 2.337 2.363 2.408 2.438 2.476 2.512 2.553 2.592 2.622 3.706 3.706 3.706 3.511 3.508 3.499 3.407 3.31 3.296 3.285 3.285 3.285 3.304 3.335 3.343 3.343 3.343 3.386 3.422 3.422 3.47 3.483 3.511 3.593 3.633 3.705 3.705 0.007 0 0 0 0 0 0 4.282 4.282 4.24 4.214 0.628 0.621 0.617 0.611 0.608 0.596 0.596 0.594 0.593 0.592 0.592 0.592 0.592 0.593 0.605 0.605 0.605 0.59 0.59 0.59 0.582 0.593 0.593 0.593 0.593 0.593 0.586 0.586 0.586 0.586 0.592 0.598 0.603 0.603 0.609 0.603 0.603 0.609 0.612 0.612 0.612 0.61 0.613 0.61 0.61 0.614 0.614 0.614 0.615 0.615 0.615 0.615 0.615 0.622 0.617 0.622 0.618 0.622 0.621 0.625 0.623 0.625 0.627 0.63 0.63 0.63 0.623 0.609 0.604 0.598 0.596 0.59 0.579 0.577 0.568 0.554 0.548 0.534 0.525 0.513 0.511 0.504 0.481 0.476 0.463 0.462 0.451 0.442 0.439 0.433 0.425 0.419 0.418 0.4 0.398 0.396 0.387 0.378 0.375 0.375 0.373 0.366 0.356 0.356 0.355 0.355 0.35 0.349 0.34 0.329 0.326 0.325 0.322 0.313 0.313 0.313 0.312 0.315 0.325 0.325 0.32 0.325 0.326 0.326 0.328 0.342 0.334 0.336 0.334 0.336 0.336 0.337 0.337 0.343 0.348 0.348 0.35 0.351 0.355 0.364 0.364 0.357 0.365 0.365 0.365 0.366 0.371 0.376 0.379 0.383 0.384 0.386 0.386 0.39 0.392 0.392 0.403 0.403 0.403 0.405 0.41 0.412 0.416 0.419 0.421 0.424 0.429 0.435 0.441 0.441 0.442 0.442 0.447 0.448 0.454 0.46 0.464 0.465 0.466 0.475 0.479 0.484 0.49 0.495 0.497 0.506 0.508 0.51 0.516 0.525 0.526 0.534 0.538 0.549 0.552 0.553 0.563 0.576 0.584 0.595 0.603 0.609 0.617 0.628 0.631 0.648 0.659 0.669 0.669 0.683 0.685 0.698 0.721 0.805 0.817 0.819 0.819 0.819 0.819 0.819 0.815 0.814 0.81 0.81 0.744 0.741 0.729 0.727 0.724 
1 1 1 1 1 1 1 1 1 1 1 1 1 1 1 1 0 0 0 1 1 1 1 1 1 1 1 1 1 1 1 1 1 1 1 1 1 1 1 1 1 1 1 1 1 1 1 1 1 1 1 1 1 1 1 1 1 1 1 1 1 1 1 1 1 1 1 1 1 1 1 1 1 1 1 1 1 1 1 1 1 1 1 1 1 1 1 1 1 1 1 1 1 1 1 1 1 1 1 1 1 1 1 1 1 1 1 1 1 1 1 1 1 1 1 1 1 1 1 1 1 1 1 1 1 1 1 1 1 1 1 1 1 1 1 1 1 1 1 1 1 1 1 1 1 1 1 1 1 1 1 1 1 1 1 1 1 1 1 1 1 1 1 1 1 1 1 1 1 1 1 1 1 1 1 1 1 1 1 1 1 1 1 1 1 1 1 1 1 1 1 1 1 1 1 1 1 1 1 1 1 1 1 1 1 1 1 1 1 1 1 1 1 1 1 1 1 1 1 1 1 1 1 1 1 1 1 1 1 1 1 1 1 1 1 1 1 1 1 1 1 1 1 1 1 1 1 1 1 1 1 1 1 1 1 1 1 1 1 1 1 1 1 1 1 1 1 1 1 1 1 1 1 1 1 1 1 1 1 1 1 1 1 1 1 1 1 1 1 1 1 1 1 1 1 1 1 1 1 1 1 1 1 1 1 1 1 1 1 1 1 1 1 1 1 1 1 1 1 1 1 1 1 1 1 1 1 1 1 1 1 1 1 1 1 1 1 1 1 1 1 1 1 1 1 1 1 1 1 1 1 1 0 0 0 1 1 1 1 1 1 1 1 1 1 1 1 1 1 1 1 1 1 1 1 1 1 1 1 1 1 1 1 1 1 1 1 1 1 1 1 1 1 1 1 1 1 1 1 1 1 1 1 1 1 1 1 1 1 1 1 1 1 1 1 1 1 1 1 1 1 1 1 1 1 1 1 1 1 1 1 1 1 1 1 1 1 1 1 1 1 1 0 0 0 0 0 0 0 1 1 1 1 1 1 1 1 1 1 1 1 1 1 1 1 1 1 1 1 1 1 1 1 1 1 1 1 1 1 1 1 1 1 1 1 1 1 1 1 1 1 1 1 1 1 1 1 1 1 1 1 1 1 1 1 1 1 1 1 1 1 1 1 1 1 1 1 1 1 1 1 1 1 1 1 1 1 1 1 1 1 1 1 1 1 1 1 1 1 1 1 1 1 1 1 1 1 1 1 1 1 1 1 1 1 1 1 1 1 1 1 1 1 1 1 1 1 1 1 1 1 1 1 1 1 1 1 1 1 1 1 1 1 1 1 1 1 1 1 1 1 1 1 1 1 1 1 1 1 1 1 1 1 1 1 1 1 1 1 1 1 1 1 1 1 1 1 1 1 1 1 1 1 1 1 1 1 1 1 1 1 1 1 1 1 1 1 1 1 1 1 1 1 1 1 1 1 1 1 1 1 1 1 1 1 1 1 1 1 1 1 1 1 1 1 1 1 1 1 1 1 1 1 1 1 1 1 1 1 1 1 1 
