# This file contains a 2D laser scan observation. 
# Its format is: 
# [aperture] [max_range] [number_of_scans] 
# [vector_of_scans] 
# [vector_of_valid_scans] 
# The aperture of the sensor is in radians, the maximum range 
# and measurements are in meters. '1' means a valid scan, '0' otherwise.
4.1847
5.6
682
0.614 0.598 0.592 0.574 0.563 0.555 0.545 0.531 0.52 0.517 0.509 0.505 0.488 0.487 0.472 0.469 0.468 0.46 0.452 0.451 0.436 0.425 0.425 0.415 0.415 0.4 0.394 0.384 0.384 0.384 0.387 0.392 0.392 0.393 0.396 0.399 0.408 0.412 0.412 0.413 0.417 0.418 0.42 0.42 0.422 0.422 0.424 0.426 0.428 0.433 0.434 0.435 0.439 0.437 0.437 0.437 0.441 0.445 0.445 0.448 0.449 0.454 0.455 0.455 0.458 0.46 0.461 0.461 0.462 0.466 0.47 0.471 0.471 0.479 0.482 0.484 0.485 0.485 0.489 0.491 0.5 0.5 0.502 0.502 0.503 0.508 0.51 0.51 0.51 0.52 0.528 0.528 0.535 0.537 0.538 0.539 0.545 0.547 0.555 0.555 0.557 0.559 0.56 0.569 0.574 0.577 0.578 0.59 0.594 0.597 0.603 0.605 0.614 0.616 0.621 0.622 0.622 0.642 0.645 0.652 0.656 0.662 0.662 0.676 0.68 0.687 0.69 0.7 0.708 0.719 0.724 0.73 0.747 0.748 0.749 0.764 0.766 0.79 0.794 0.795 0.809 0.823 0.826 0.845 0.859 0.859 0.859 0.818 0.485 0.485 0.485 0.494 0.497 0.497 0.494 0.486 0.478 0.473 0.472 0.462 0.462 0.459 0.459 0.457 0.456 0.456 0.456 0.456 0.456 0.457 0.453 0.453 0.458 0.458 0.452 0.451 0.451 0.451 0.451 0.456 0.458 0.458 0.459 0.458 0.458 0.459 0.46 0.461 0.465 0.465 0.461 0.462 0.462 0.462 0.463 0.464 0.469 0.469 0.47 0.47 0.472 0.472 0.472 0.473 0.475 0.473 0.471 0.472 0.472 0.472 0.477 0.477 0.479 0.477 0.478 0.478 0.481 0.481 0.488 0.489 0.49 0.49 0.491 0.492 0.493 0.493 0.493 0.498 0.499 0.499 0.498 0.499 0.507 0.505 0.507 0.51 0.51 0.514 0.515 0.514 0.514 0.514 0.519 0.524 0.524 0.524 0.525 0.525 0.53 0.53 0.533 0.535 0.537 0.54 0.541 0.546 0.547 0.551 0.551 0.557 0.557 0.562 0.559 0.565 0.569 0.569 0.57 0.571 0.572 0.577 0.578 0.583 0.583 0.585 0.592 0.594 0.597 0.605 0.606 0.61 0.613 0.614 0.622 0.622 0.629 0.633 0.636 0.638 0.646 0.648 0.649 0.657 0.657 0.657 0.669 0.672 0.672 0.679 0.686 0.691 0.697 0.705 0.709 0.714 0.717 0.721 0.723 0.737 0.739 0.747 0.75 0.756 0.758 0.765 0.776 0.777 0.784 0.795 0.801 0.807 0.838 0.861 0.862 0.863 0.866 0.873 0.873 0.878 0.878 0.879 2.41 2.41 2.41 2.404 2.386 2.368 2.352 2.336 2.324 2.307 2.299 2.277 2.277 2.254 2.246 2.231 2.211 2.198 2.198 2.182 2.182 2.151 2.125 2.122 2.107 2.095 2.092 2.075 2.068 2.051 2.049 2.036 2.025 2.018 2.004 1.994 1.984 1.984 1.965 1.964 1.947 1.936 1.932 1.928 1.916 1.91 1.903 1.892 1.886 1.878 1.871 1.868 1.856 1.853 1.847 1.842 1.837 1.824 1.813 1.809 1.808 1.797 1.796 1.796 1.796 1.815 1.843 1.86 1.887 1.906 1.937 1.967 1.991 2.028 2.051 2.081 2.11 2.136 2.175 2.209 2.238 2.287 2.313 2.352 2.393 2.429 2.461 2.488 2.518 3.373 3.385 3.385 3.373 3.303 3.189 3.187 3.178 3.171 3.171 3.178 3.187 3.215 3.215 3.22 3.215 3.215 3.304 3.31 3.31 3.352 3.395 3.449 0 0 0 0 0 0 0 0 0 4.175 4.172 4.164 4.166 4.166 4.166 4.162 4.162 4.162 4.162 4.162 4.162 4.162 4.166 4.162 4.162 4.162 4.162 4.162 0.015 0.015 0.015 0.015 0.015 0.015 0.015 0.015 0.541 0.54 0.525 0.525 0.509 0.506 0.505 0.496 0.505 0.505 0.505 0.492 0.498 0.492 0.49 0.49 0.494 0.494 0.494 0.495 0.494 0.495 0.495 0.502 0.504 0.513 0.513 0.511 0.506 0.506 0.504 0.504 0.504 0.503 0.503 0.493 0.493 0.5 0.5 0.518 0.524 0.526 0.527 0.527 0.527 0.527 0.533 0.534 0.534 0.536 0.536 0.538 0.535 0.538 0.538 0.54 0.541 0.541 0.546 0.546 0.55 0.551 0.551 0.551 0.551 0.553 0.555 0.556 0.557 0.558 0.558 0.56 0.569 0.573 0.573 0.573 0.572 0.57 0.562 0.547 0.539 0.524 0.519 0.517 0.515 0.509 0.505 0.497 0.496 0.489 0.488 0.484 0.477 0.471 0.467 0.464 0.464 0.46 0.455 0.45 0.446 0.441 0.439 0.437 0.435 0.431 0.429 0.429 0.427 0.427 0.423 0.422 0.41 0.41 0.406 0.406 0.405 0.403 0.4 0.396 0.389 0.387 0.386 0.386 0.386 0.386 0.384 0.384 0.374 0.374 0.37 0.37 0.367 0.366 0.366 0.365 0.36 0.359 0.351 0.349 0.349 0.349 0.349 0.348 0.336 0.336 0.335 0.335 0.335 0.336 0.336 0.336 0.335 0.334 0.329 0.328 0.327 0.328 0.327 0.322 0.322 0.324 0.323 0.324 0.324 0.324 0.324 0.328 0.328 0.333 0.335 0.34 0.342 0.36 0.365 0.368 0.368 0.372 0.379 0.388 0.391 0.4 0.401 0.408 0.415 0.427 0.431 0.434 0.455 0.459 0.461 0.487 0.497 0.498 0.512 0.518 0.536 0.543 0.556 0.57 0.587 0.592 0.594 0.606 
1 1 1 1 1 1 1 1 1 1 1 1 1 1 1 1 1 1 1 1 1 1 1 1 1 1 1 1 1 1 1 1 1 1 1 1 1 1 1 1 1 1 1 1 1 1 1 1 1 1 1 1 1 1 1 1 1 1 1 1 1 1 1 1 1 1 1 1 1 1 1 1 1 1 1 1 1 1 1 1 1 1 1 1 1 1 1 1 1 1 1 1 1 1 1 1 1 1 1 1 1 1 1 1 1 1 1 1 1 1 1 1 1 1 1 1 1 1 1 1 1 1 1 1 1 1 1 1 1 1 1 1 1 1 1 1 1 1 1 1 1 1 1 1 1 1 1 1 1 1 1 1 1 1 1 1 1 1 1 1 1 1 1 1 1 1 1 1 1 1 1 1 1 1 1 1 1 1 1 1 1 1 1 1 1 1 1 1 1 1 1 1 1 1 1 1 1 1 1 1 1 1 1 1 1 1 1 1 1 1 1 1 1 1 1 1 1 1 1 1 1 1 1 1 1 1 1 1 1 1 1 1 1 1 1 1 1 1 1 1 1 1 1 1 1 1 1 1 1 1 1 1 1 1 1 1 1 1 1 1 1 1 1 1 1 1 1 1 1 1 1 1 1 1 1 1 1 1 1 1 1 1 1 1 1 1 1 1 1 1 1 1 1 1 1 1 1 1 1 1 1 1 1 1 1 1 1 1 1 1 1 1 1 1 1 1 1 1 1 1 1 1 1 1 1 1 1 1 1 1 1 1 1 1 1 1 1 1 1 1 1 1 1 1 1 1 1 1 1 1 1 1 1 1 1 1 1 1 1 1 1 1 1 1 1 1 1 1 1 1 1 1 1 1 1 1 1 1 1 1 1 1 1 1 1 1 1 1 1 1 1 1 1 1 1 1 1 1 1 1 1 1 1 1 1 1 1 1 1 1 1 1 1 1 1 1 1 1 1 1 1 1 1 1 1 1 1 1 1 1 1 1 1 1 1 1 1 1 1 1 1 1 0 0 0 0 0 0 0 0 0 1 1 1 1 1 1 1 1 1 1 1 1 1 1 1 1 1 1 1 0 0 0 0 0 0 0 0 1 1 1 1 1 1 1 1 1 1 1 1 1 1 1 1 1 1 1 1 1 1 1 1 1 1 1 1 1 1 1 1 1 1 1 1 1 1 1 1 1 1 1 1 1 1 1 1 1 1 1 1 1 1 1 1 1 1 1 1 1 1 1 1 1 1 1 1 1 1 1 1 1 1 1 1 1 1 1 1 1 1 1 1 1 1 1 1 1 1 1 1 1 1 1 1 1 1 1 1 1 1 1 1 1 1 1 1 1 1 1 1 1 1 1 1 1 1 1 1 1 1 1 1 1 1 1 1 1 1 1 1 1 1 1 1 1 1 1 1 1 1 1 1 1 1 1 1 1 1 1 1 1 1 1 1 1 1 1 1 1 1 1 1 1 1 1 1 1 1 1 1 1 1 1 1 1 1 1 1 1 1 1 1 1 1 1 1 1 1 1 1 1 1 1 1 1 1 1 1 1 1 1 1 
