# This file contains a 2D laser scan observation. 
# Its format is: 
# [aperture] [max_range] [number_of_scans] 
# [vector_of_scans] 
# [vector_of_valid_scans] 
# The aperture of the sensor is in radians, the maximum range 
# and measurements are in meters. '1' means a valid scan, '0' otherwise.
4.1847
5.6
682
0.458 0.459 0.46 0.462 0.463 0.463 0.463 0.463 0.463 0.464 0.465 0.465 0.468 0.47 0.47 0.474 0.471 0.476 0.476 0.48 0.476 0.48 0.481 0.481 0.481 0.481 0.488 0.491 0.488 0.486 0.488 0.488 0.488 0.493 0.494 0.498 0.494 0.498 0.5 0.501 0.501 0.501 0.503 0.506 0.51 0.51 0.513 0.514 0.517 0.519 0.519 0.524 0.524 0.527 0.529 0.529 0.529 0.533 0.534 0.535 0.54 0.54 0.543 0.547 0.552 0.556 0.558 0.558 0.561 0.561 0.57 0.572 0.576 0.583 0.586 0.589 0.589 0.592 0.596 0.6 0.601 0.606 0.613 0.615 0.617 0.623 0.624 0.626 0.632 0.635 0.637 0.645 0.646 0.651 0.655 0.67 0.671 0.68 0.683 0.687 0.691 0.697 0.701 0.704 0.713 0.713 0.713 0.667 0.437 0.435 0.427 0.427 0.424 0.421 0.419 0.419 0.419 0.418 0.422 0.422 0.422 0.417 0.417 0.417 0.421 0.419 0.421 0.421 0.421 0.42 0.421 0.42 0.416 0.416 0.416 0.416 0.414 0.416 0.42 0.423 0.423 0.424 0.43 0.431 0.442 0.449 0.465 0.465 0.465 0.465 0.463 0.445 0.441 0.434 0.426 0.426 0.421 0.42 0.42 0.418 0.416 0.416 0.416 0.415 0.416 0.417 0.415 0.417 0.417 0.417 0.413 0.413 0.413 0.413 0.413 0.417 0.419 0.423 0.419 0.422 0.421 0.421 0.421 0.422 0.422 0.423 0.424 0.423 0.424 0.426 0.428 0.428 0.428 0.428 0.428 0.428 0.428 0.428 0.428 0.427 0.427 0.427 0.427 0.433 0.433 0.433 0.435 0.437 0.442 0.443 0.443 0.443 0.443 0.442 0.442 0.448 0.448 0.448 0.449 0.451 0.456 0.456 0.456 0.454 0.452 0.452 0.452 0.458 0.461 0.466 0.467 0.47 0.471 0.472 0.475 0.478 0.478 0.482 0.482 0.484 0.487 0.485 0.487 0.492 0.492 0.492 0.496 0.499 0.5 0.501 0.504 0.506 0.506 0.507 0.509 0.511 0.511 0.516 0.517 0.522 0.526 0.526 0.529 0.533 0.534 0.535 0.54 0.541 0.545 0.546 0.547 0.547 0.55 0.562 0.565 0.571 0.571 0.572 0.575 0.582 0.587 0.587 0.588 0.592 0.599 0.604 0.612 0.612 0.614 0.62 0.628 0.63 0.63 0.641 0.642 0.642 0.651 0.662 0.665 0.667 0.667 0.675 0.678 0.683 0.685 0.689 0.701 0.705 0.71 0.716 0.722 0.753 0.773 0.774 0.774 0.775 0.776 0.776 0.793 0.793 0.794 0.804 2.351 2.351 2.351 2.334 2.313 2.305 2.288 2.271 2.256 2.244 2.229 2.212 2.205 2.18 2.176 2.164 2.145 2.134 2.125 2.113 2.113 2.113 2.096 2.089 2.045 2.045 2.03 2.017 2 1.995 1.983 1.978 1.963 1.958 1.933 1.925 1.913 1.911 1.896 1.89 1.882 1.879 1.866 1.86 1.858 1.837 1.828 1.827 1.824 1.817 1.806 1.8 1.794 1.785 1.775 1.77 1.763 1.753 1.75 1.743 1.737 1.735 1.732 1.721 1.719 1.711 1.708 1.704 1.704 1.708 1.733 1.746 1.786 1.802 1.834 1.862 1.879 1.912 1.941 1.968 1.993 2.033 2.067 2.112 2.133 2.166 2.221 2.252 2.297 2.324 2.369 2.414 3.286 3.352 3.352 3.291 3.286 3.212 3.115 3.102 3.085 3.085 3.085 3.09 3.105 3.134 3.134 3.134 3.134 3.134 3.17 3.212 3.245 3.278 3.323 3.35 3.463 3.51 3.622 3.622 0.007 0 0 0 0 0 4.104 4.1 4.091 4.091 4.088 4.088 4.088 4.089 4.089 4.089 4.09 4.092 4.089 4.088 4.088 4.087 4.087 4.087 4.087 4.087 4.087 4.08 3.075 3.072 3.072 3.072 3.072 3.063 2.922 2.914 2.145 2.111 2.005 1.913 1.831 1.732 1.657 1.585 1.517 1.44 1.381 1.381 1.311 1.257 0.509 0.484 0.472 0.472 0.472 0.472 0.472 0.465 0.456 0.455 0.449 0.443 0.443 0.442 0.442 0.443 0.436 0.437 0.447 0.437 0.437 0.438 0.44 0.44 0.44 0.44 0.44 0.44 0.44 0.44 0.441 0.443 0.453 0.453 0.453 0.453 0.453 0.475 0.475 0.475 0.475 0.46 0.455 0.455 0.449 0.455 0.459 0.478 0.486 0.489 0.49 0.491 0.492 0.496 0.496 0.496 0.494 0.494 0.494 0.496 0.498 0.5 0.502 0.503 0.506 0.507 0.511 0.516 0.516 0.518 0.519 0.522 0.522 0.524 0.526 0.528 0.532 0.538 0.539 0.54 0.541 0.541 0.541 0.54 0.526 0.518 0.512 0.508 0.502 0.501 0.499 0.499 0.499 0.487 0.485 0.484 0.48 0.48 0.479 0.472 0.468 0.466 0.464 0.463 0.459 0.459 0.454 0.453 0.447 0.451 0.447 0.442 0.442 0.434 0.434 0.434 0.433 0.427 0.426 0.425 0.424 0.422 0.419 0.419 0.415 0.415 0.415 0.415 0.414 0.408 0.408 0.403 0.401 0.401 0.4 0.398 0.398 0.398 0.397 0.393 0.393 0.392 0.388 0.382 0.379 0.379 0.379 0.383 0.383 0.383 0.377 0.373 0.373 0.37 0.37 0.369 0.37 0.372 0.372 0.369 0.372 0.369 0.361 0.364 0.362 0.362 0.364 0.364 0.364 0.364 0.36 0.358 0.358 0.358 0.357 0.354 0.354 0.354 0.356 0.356 0.357 0.357 0.355 0.353 0.349 0.349 0.349 0.357 0.359 0.371 
1 1 1 1 1 1 1 1 1 1 1 1 1 1 1 1 1 1 1 1 1 1 1 1 1 1 1 1 1 1 1 1 1 1 1 1 1 1 1 1 1 1 1 1 1 1 1 1 1 1 1 1 1 1 1 1 1 1 1 1 1 1 1 1 1 1 1 1 1 1 1 1 1 1 1 1 1 1 1 1 1 1 1 1 1 1 1 1 1 1 1 1 1 1 1 1 1 1 1 1 1 1 1 1 1 1 1 1 1 1 1 1 1 1 1 1 1 1 1 1 1 1 1 1 1 1 1 1 1 1 1 1 1 1 1 1 1 1 1 1 1 1 1 1 1 1 1 1 1 1 1 1 1 1 1 1 1 1 1 1 1 1 1 1 1 1 1 1 1 1 1 1 1 1 1 1 1 1 1 1 1 1 1 1 1 1 1 1 1 1 1 1 1 1 1 1 1 1 1 1 1 1 1 1 1 1 1 1 1 1 1 1 1 1 1 1 1 1 1 1 1 1 1 1 1 1 1 1 1 1 1 1 1 1 1 1 1 1 1 1 1 1 1 1 1 1 1 1 1 1 1 1 1 1 1 1 1 1 1 1 1 1 1 1 1 1 1 1 1 1 1 1 1 1 1 1 1 1 1 1 1 1 1 1 1 1 1 1 1 1 1 1 1 1 1 1 1 1 1 1 1 1 1 1 1 1 1 1 1 1 1 1 1 1 1 1 1 1 1 1 1 1 1 1 1 1 1 1 1 1 1 1 1 1 1 1 1 1 1 1 1 1 1 1 1 1 1 1 1 1 1 1 1 1 1 1 1 1 1 1 1 1 1 1 1 1 1 1 1 1 1 1 1 1 1 1 1 1 1 1 1 1 1 1 1 1 1 1 1 1 1 1 1 1 1 1 1 1 1 1 1 1 1 1 1 1 1 1 1 1 1 1 1 1 1 1 1 1 1 1 1 1 1 1 1 1 1 1 1 1 1 1 1 1 1 1 1 1 1 1 1 1 0 0 0 0 0 0 1 1 1 1 1 1 1 1 1 1 1 1 1 1 1 1 1 1 1 1 1 1 1 1 1 1 1 1 1 1 1 1 1 1 1 1 1 1 1 1 1 1 1 1 1 1 1 1 1 1 1 1 1 1 1 1 1 1 1 1 1 1 1 1 1 1 1 1 1 1 1 1 1 1 1 1 1 1 1 1 1 1 1 1 1 1 1 1 1 1 1 1 1 1 1 1 1 1 1 1 1 1 1 1 1 1 1 1 1 1 1 1 1 1 1 1 1 1 1 1 1 1 1 1 1 1 1 1 1 1 1 1 1 1 1 1 1 1 1 1 1 1 1 1 1 1 1 1 1 1 1 1 1 1 1 1 1 1 1 1 1 1 1 1 1 1 1 1 1 1 1 1 1 1 1 1 1 1 1 1 1 1 1 1 1 1 1 1 1 1 1 1 1 1 1 1 1 1 1 1 1 1 1 1 1 1 1 1 1 1 1 1 1 1 1 1 1 1 1 1 1 1 1 1 1 1 1 1 1 1 1 1 1 1 
