# This file contains a 2D laser scan observation. 
# Its format is: 
# [aperture] [max_range] [number_of_scans] 
# [vector_of_scans] 
# [vector_of_valid_scans] 
# The aperture of the sensor is in radians, the maximum range 
# and measurements are in meters. '1' means a valid scan, '0' otherwise.
4.1847
5.6
682
0.437 0.432 0.43 0.428 0.426 0.426 0.426 0.423 0.423 0.419 0.421 0.419 0.419 0.418 0.415 0.409 0.408 0.405 0.403 0.403 0.402 0.402 0.397 0.398 0.397 0.393 0.392 0.393 0.391 0.393 0.391 0.387 0.387 0.387 0.387 0.387 0.385 0.378 0.378 0.378 0.377 0.374 0.373 0.372 0.372 0.372 0.367 0.372 0.371 0.371 0.371 0.371 0.371 0.371 0.367 0.371 0.364 0.364 0.364 0.366 0.361 0.359 0.356 0.357 0.356 0.356 0.356 0.356 0.356 0.358 0.361 0.361 0.358 0.354 0.354 0.354 0.354 0.354 0.354 0.354 0.354 0.355 0.354 0.355 0.355 0.355 0.355 0.355 0.355 0.355 0.359 0.359 0.36 0.359 0.355 0.355 0.359 0.359 0.365 0.367 0.368 0.368 0.373 0.375 0.377 0.379 0.382 0.382 0.38 0.387 0.38 0.379 0.371 0.368 0.364 0.364 0.356 0.361 0.353 0.353 0.353 0.355 0.351 0.355 0.355 0.355 0.353 0.353 0.349 0.348 0.349 0.349 0.349 0.353 0.355 0.356 0.359 0.359 0.359 0.359 0.354 0.35 0.35 0.349 0.352 0.352 0.358 0.361 0.389 0.392 0.392 0.393 0.393 0.394 0.396 0.4 0.4 0.4 0.396 0.385 0.383 0.38 0.38 0.38 0.386 0.387 0.402 0.403 0.405 0.411 0.411 0.406 0.406 0.403 0.402 0.388 0.387 0.386 0.386 0.385 0.386 0.386 0.387 0.387 0.387 0.387 0.387 0.388 0.401 0.402 0 0 0 0 0 0 0 0 0 0 0 0 0 0 0 0 0 0 0 0 0 0 0 0 0 0 0 0 0 0 0 0 0 0 2.338 2.338 2.338 2.765 2.765 2.765 2.728 2.689 2.689 2.689 2.649 2.611 2.508 2.487 2.447 2.427 2.367 2.361 2.332 2.311 2.267 2.264 2.229 2.204 2.185 2.163 2.134 2.113 2.113 2.091 2.074 2.028 2.01 1.986 1.971 1.965 1.929 1.914 1.902 1.887 1.862 1.852 1.839 1.809 1.802 1.789 1.771 1.756 1.738 1.725 1.71 1.695 1.685 1.671 1.654 1.645 1.627 1.623 1.608 1.592 1.576 1.576 1.576 1.562 0.015 0.007 1.521 1.492 1.482 1.477 1.469 1.463 1.459 1.459 1.431 1.429 1.427 1.424 1.418 1.4 1.386 1.379 1.369 1.363 1.354 1.35 1.348 1.344 1.342 1.33 1.313 1.307 1.301 1.297 1.296 1.287 1.285 1.272 1.26 1.26 1.255 1.253 1.252 1.249 1.237 1.233 1.226 1.225 1.216 1.212 1.202 1.198 1.198 1.197 1.197 1.193 1.184 1.18 1.174 1.169 1.168 1.166 1.158 1.145 1.143 1.143 1.145 1.149 1.173 1.201 1.206 1.226 1.239 1.252 1.275 1.294 1.308 1.34 1.359 1.386 1.402 1.43 1.462 1.481 1.515 1.549 1.58 1.607 1.64 1.679 1.721 1.754 1.801 1.832 1.874 1.874 2.793 2.857 2.857 2.793 2.612 2.612 2.604 2.595 2.589 2.589 2.589 2.602 2.633 2.641 2.641 2.636 2.636 2.641 2.718 2.723 2.729 2.729 2.778 2.823 2.875 2.934 2.967 3.046 3.103 3.151 3.218 3.268 3.336 3.631 3.631 3.631 3.626 3.626 3.624 3.62 3.618 3.618 3.624 0.018 0.018 0.018 0.007 3.635 3.628 3.635 3.63 3.635 3.63 3.635 3.63 3.634 3.634 3.634 3.629 3.63 3.629 3.629 3.63 3.63 3.61 2.639 2.631 2.631 2.631 2.628 2.574 2.508 2.501 2.501 2.501 2.505 2.512 2.512 2.512 2.494 2.491 2.491 2.491 1.824 1.694 1.684 1.644 1.609 1.58 1.555 1.526 1.489 1.457 1.438 1.405 1.376 1.351 1.33 1.317 1.286 1.26 1.249 1.222 1.203 1.197 1.172 1.154 1.137 1.115 1.111 1.093 1.072 1.056 1.045 1.028 1.026 1.011 0.986 0.985 0.971 0.953 0.949 0.94 0.925 0.918 0.907 0.889 0.885 0.878 0.862 0.861 0.853 0.843 0.831 0.83 0.829 0.81 0.809 0.805 0.794 0.779 0.764 0.751 0.739 0.739 0.735 0.733 0.721 0.712 0.711 0.712 0.711 0.71 0.71 0.699 0.685 0.673 0.667 0.667 0.667 0.665 0.662 0.662 0.657 0.655 0.639 0.627 0.612 0.612 0.612 0.618 0.62 0.62 0.62 0.613 0.609 0.602 0.594 0.592 0.591 0.58 0.58 0.58 0.585 0.585 0.585 0.583 0.58 0.58 0.577 0.562 0.553 0.551 0.548 0.548 0.553 0.556 0.556 0.556 0.555 0.552 0.548 0.544 0.543 0.54 0.54 0.536 0.536 0.534 0.534 0.532 0.533 0.532 0.521 0.519 0.518 0.518 0.516 0.514 0.514 0.514 0.51 0.508 0.508 0.505 0.505 0.502 0.505 0.504 0.507 0.508 0.508 0.504 0.506 0.502 0.497 0.497 0.497 0.494 0.494 0.494 0.491 0.49 0.49 0.489 0.484 0.484 0.488 0.485 0.485 0.488 0.485 0.484 0.482 0.482 0.472 0.472 0.472 0.472 0.475 0.479 0.479 0.47 0.476 0.47 0.47 0.474 0.474 0.474 0.474 0.472 0.47 0.47 0.468 0.468 0.468 0.463 0.46 0.419 0.37 0.357 0.349 0.348 0.343 0.34 0.34 0.343 0.344 0.347 0.358 0.362 0.362 0.362 0.362 0.359 0.359 0.359 0.358 0.358 0.354 0.352 0.351 
1 1 1 1 1 1 1 1 1 1 1 1 1 1 1 1 1 1 1 1 1 1 1 1 1 1 1 1 1 1 1 1 1 1 1 1 1 1 1 1 1 1 1 1 1 1 1 1 1 1 1 1 1 1 1 1 1 1 1 1 1 1 1 1 1 1 1 1 1 1 1 1 1 1 1 1 1 1 1 1 1 1 1 1 1 1 1 1 1 1 1 1 1 1 1 1 1 1 1 1 1 1 1 1 1 1 1 1 1 1 1 1 1 1 1 1 1 1 1 1 1 1 1 1 1 1 1 1 1 1 1 1 1 1 1 1 1 1 1 1 1 1 1 1 1 1 1 1 1 1 1 1 1 1 1 1 1 1 1 1 1 1 1 1 1 1 1 1 1 1 1 1 1 1 1 1 1 1 1 1 1 1 1 1 1 1 1 1 1 1 0 0 0 0 0 0 0 0 0 0 0 0 0 0 0 0 0 0 0 0 0 0 0 0 0 0 0 0 0 0 0 0 0 0 1 1 1 1 1 1 1 1 1 1 1 1 1 1 1 1 1 1 1 1 1 1 1 1 1 1 1 1 1 1 1 1 1 1 1 1 1 1 1 1 1 1 1 1 1 1 1 1 1 1 1 1 1 1 1 1 1 1 1 1 1 1 1 1 0 0 1 1 1 1 1 1 1 1 1 1 1 1 1 1 1 1 1 1 1 1 1 1 1 1 1 1 1 1 1 1 1 1 1 1 1 1 1 1 1 1 1 1 1 1 1 1 1 1 1 1 1 1 1 1 1 1 1 1 1 1 1 1 1 1 1 1 1 1 1 1 1 1 1 1 1 1 1 1 1 1 1 1 1 1 1 1 1 1 1 1 1 1 1 1 1 1 1 1 1 1 1 1 1 1 1 1 1 1 1 1 1 1 1 1 1 1 1 1 1 1 1 1 1 1 1 1 1 1 1 1 1 1 1 0 0 0 0 1 1 1 1 1 1 1 1 1 1 1 1 1 1 1 1 1 1 1 1 1 1 1 1 1 1 1 1 1 1 1 1 1 1 1 1 1 1 1 1 1 1 1 1 1 1 1 1 1 1 1 1 1 1 1 1 1 1 1 1 1 1 1 1 1 1 1 1 1 1 1 1 1 1 1 1 1 1 1 1 1 1 1 1 1 1 1 1 1 1 1 1 1 1 1 1 1 1 1 1 1 1 1 1 1 1 1 1 1 1 1 1 1 1 1 1 1 1 1 1 1 1 1 1 1 1 1 1 1 1 1 1 1 1 1 1 1 1 1 1 1 1 1 1 1 1 1 1 1 1 1 1 1 1 1 1 1 1 1 1 1 1 1 1 1 1 1 1 1 1 1 1 1 1 1 1 1 1 1 1 1 1 1 1 1 1 1 1 1 1 1 1 1 1 1 1 1 1 1 1 1 1 1 1 1 1 1 1 1 1 1 1 1 1 1 1 1 1 1 1 1 1 1 1 1 1 1 1 1 1 1 1 1 1 1 1 1 1 1 1 1 1 1 1 1 1 1 1 1 1 1 1 1 1 1 
