# This file contains a 2D laser scan observation. 
# Its format is: 
# [aperture] [max_range] [number_of_scans] 
# [vector_of_scans] 
# [vector_of_valid_scans] 
# The aperture of the sensor is in radians, the maximum range 
# and measurements are in meters. '1' means a valid scan, '0' otherwise.
4.1847
5.6
682
2.771 2.771 2.751 2.735 2.73 2.699 2.69 2.67 2.644 2.644 2.611 2.599 2.298 2.268 2.268 2.18 2.159 2.125 2.058 2.012 2.012 1.994 1.972 1.524 1.519 1.515 1.506 1.49 1.489 1.489 1.489 1.496 1.497 1.498 1.525 1.551 1.558 1.645 1.676 1.701 1.701 1.737 1.766 1.804 1.835 1.878 1.908 1.957 1.991 2.026 2.066 2.108 2.149 2.197 2.242 2.282 2.34 2.392 2.441 2.511 2.576 2.643 2.723 2.813 2.813 2.813 2.812 2.804 2.786 2.786 2.786 2.786 2.792 2.814 0 0 0 0 0 0 0 0 0 0 0 0 0 0 0 0 0 0 0 0 0 0 0 0 0 0 0 0 0 0 0 0 0 0 0 0 0 0 2.06 2.06 2.06 2.754 2.76 2.767 2.767 2.764 2.767 2.764 2.763 2.759 2.629 2.629 2.512 2.512 0.007 0 0 0 0 1.972 1.905 1.905 1.905 1.828 1.77 1.63 1.578 1.535 1.494 1.475 1.437 1.404 1.379 1.349 1.325 1.298 1.268 1.245 1.219 1.197 1.18 1.163 1.14 1.108 1.079 1.072 1.03 1.029 0.993 0.99 0.986 0.979 0.958 0.951 0.935 0.927 0.913 0.894 0.891 0.873 0.866 0.859 0.846 0.842 0.82 0.813 0.806 0.794 0.79 0.78 0.767 0.764 0.762 0.748 0.743 0.735 0.726 0.722 0.713 0.709 0.706 0.704 0.688 0.685 0.683 0.678 0.67 0.667 0.661 0.656 0.655 0.651 0.647 0.632 0.627 0.624 0.622 0.62 0.609 0.608 0.608 0.596 0.595 0.59 0.588 0.587 0.579 0.576 0.57 0.551 0.551 0.551 0.551 0.552 0.554 0.554 0.554 0.561 0.566 0.574 0.576 0.582 0.587 0.591 0.593 0.593 0.599 0.604 0.61 0.617 0.618 0.62 0.625 0.636 0.637 0.639 0.644 0.645 0.648 0.661 0.662 0.673 0.675 0.685 0.691 0.696 0.696 0.707 0.71 0.716 0.721 0.725 0.746 0.747 0.749 0.764 0.772 0.774 0.79 0.797 0.8 0.811 0.813 0.832 0.844 0.847 0.859 0.868 0.889 0.891 0.905 0.917 0.929 0.933 0.958 0.967 0.978 0.996 1.008 1.027 1.038 1.057 1.072 1.103 1.109 1.131 1.156 1.178 1.204 1.206 1.207 1.207 1.27 2.136 2.137 2.147 2.147 2.148 2.148 2.147 1.961 1.954 1.941 1.941 1.932 1.932 1.932 1.932 1.945 0.007 1.996 1.988 1.988 1.986 1.977 1.976 1.976 1.976 1.983 2.034 2.081 2.083 2.087 2.104 2.123 2.173 2.191 2.233 2.286 2.323 2.385 2.443 2.48 2.525 2.599 2.662 2.719 2.953 2.956 2.957 2.957 2.957 2.957 2.957 2.955 2.955 2.956 2.956 2.965 2.969 2.97 2.97 2.97 2.97 2.977 2.979 2.979 2.98 2.985 2.988 2.988 2.989 2.991 2.995 2.997 2.997 2.997 2.997 2.997 2.997 2.997 3.011 3.023 3.03 3.03 3.03 3.03 3.03 2.015 2.015 2.015 2.02 2.021 2.021 2.021 2.02 2.021 2.004 1.965 1.904 1.895 1.895 1.895 1.903 1.909 1.926 1.933 1.933 1.926 1.913 1.902 1.902 1.902 1.902 1.908 1.912 1.915 1.919 1.921 1.925 1.931 1.932 1.939 1.947 1.949 1.949 1.949 1.949 1.156 1.156 1.155 1.13 1.106 1.102 1.099 1.099 1.09 1.067 1.062 1.049 1.045 1.026 1.019 1.012 0.995 0.989 0.987 0.982 0.965 0.959 0.947 0.945 0.931 0.929 0.926 0.917 0.91 0.906 0.894 0.888 0.879 0.868 0.864 0.855 0.853 0.85 0.848 0.837 0.832 0.829 0.828 0.825 0.822 0.819 0.808 0.796 0.796 0.792 0.781 0.78 0.778 0.776 0.767 0.765 0.755 0.753 0.753 0.75 0.743 0.742 0.742 0.735 0.735 0.731 0.725 0.724 0.718 0.714 0.713 0.707 0.702 0.7 0.699 0.693 0.691 0.691 0.69 0.689 0.685 0.684 0.683 0.675 0.675 0.675 0.673 0.671 0.666 0.666 0.666 0.661 0.661 0.65 0.648 0.648 0.644 0.644 0.644 0.636 0.636 0.636 0.634 0.634 0.631 0.629 0.628 0.627 0.623 0.619 0.616 0.616 0.614 0.611 0.614 0.612 0.611 0.611 0.61 0.609 0.603 0.603 0.599 0.599 0.599 0.599 0.599 0.597 0.597 0.595 0.595 0.594 0.593 0.593 0.591 0.591 0.591 0.586 0.586 0.584 0.583 0.582 0.583 0.584 0.583 0.582 0.582 0.58 0.579 0.578 0.578 0.575 0.575 0.575 0.575 0.575 0.575 0.574 0.571 0.572 0.572 0.571 0.567 0.568 0.568 0.567 0.568 0.573 0.573 0.573 0.573 0.572 0.569 0.569 0.569 0.569 0.569 0.565 0.569 0.572 0.569 0.565 0.567 0.567 0.567 0.567 0.567 0.569 0.572 0.572 0.572 0.572 0.57 0.559 0.559 0.559 0.559 0.557 0.554 0.553 0.553 0.55 0.552 0.552 0.552 0.552 0.552 0.553 0.561 0.561 0.561 0.562 0.561 0.562 0.562 0.562 0.556 0.557 0.556 0.556 0.557 0.56 0.561 0.569 0.572 0.572 0.573 0.574 0.574 0.575 0.574 0.574 0.575 0.578 0.579 0.579 0.584 0.584 0.584 0.588 0.591 0.595 0.6 0.6 0.6 0.602 0.602 0.613 0.613 0.613 
1 1 1 1 1 1 1 1 1 1 1 1 1 1 1 1 1 1 1 1 1 1 1 1 1 1 1 1 1 1 1 1 1 1 1 1 1 1 1 1 1 1 1 1 1 1 1 1 1 1 1 1 1 1 1 1 1 1 1 1 1 1 1 1 1 1 1 1 1 1 1 1 1 1 0 0 0 0 0 0 0 0 0 0 0 0 0 0 0 0 0 0 0 0 0 0 0 0 0 0 0 0 0 0 0 0 0 0 0 0 0 0 1 1 1 1 1 1 1 1 1 1 1 1 1 1 1 1 0 0 0 0 0 1 1 1 1 1 1 1 1 1 1 1 1 1 1 1 1 1 1 1 1 1 1 1 1 1 1 1 1 1 1 1 1 1 1 1 1 1 1 1 1 1 1 1 1 1 1 1 1 1 1 1 1 1 1 1 1 1 1 1 1 1 1 1 1 1 1 1 1 1 1 1 1 1 1 1 1 1 1 1 1 1 1 1 1 1 1 1 1 1 1 1 1 1 1 1 1 1 1 1 1 1 1 1 1 1 1 1 1 1 1 1 1 1 1 1 1 1 1 1 1 1 1 1 1 1 1 1 1 1 1 1 1 1 1 1 1 1 1 1 1 1 1 1 1 1 1 1 1 1 1 1 1 1 1 1 1 1 1 1 1 1 1 1 1 1 1 1 1 1 1 1 1 1 1 1 1 1 1 1 1 1 1 1 1 1 1 1 1 1 1 0 1 1 1 1 1 1 1 1 1 1 1 1 1 1 1 1 1 1 1 1 1 1 1 1 1 1 1 1 1 1 1 1 1 1 1 1 1 1 1 1 1 1 1 1 1 1 1 1 1 1 1 1 1 1 1 1 1 1 1 1 1 1 1 1 1 1 1 1 1 1 1 1 1 1 1 1 1 1 1 1 1 1 1 1 1 1 1 1 1 1 1 1 1 1 1 1 1 1 1 1 1 1 1 1 1 1 1 1 1 1 1 1 1 1 1 1 1 1 1 1 1 1 1 1 1 1 1 1 1 1 1 1 1 1 1 1 1 1 1 1 1 1 1 1 1 1 1 1 1 1 1 1 1 1 1 1 1 1 1 1 1 1 1 1 1 1 1 1 1 1 1 1 1 1 1 1 1 1 1 1 1 1 1 1 1 1 1 1 1 1 1 1 1 1 1 1 1 1 1 1 1 1 1 1 1 1 1 1 1 1 1 1 1 1 1 1 1 1 1 1 1 1 1 1 1 1 1 1 1 1 1 1 1 1 1 1 1 1 1 1 1 1 1 1 1 1 1 1 1 1 1 1 1 1 1 1 1 1 1 1 1 1 1 1 1 1 1 1 1 1 1 1 1 1 1 1 1 1 1 1 1 1 1 1 1 1 1 1 1 1 1 1 1 1 1 1 1 1 1 1 1 1 1 1 1 1 1 1 1 1 1 1 1 1 1 1 1 1 1 1 1 1 1 1 1 1 1 1 1 1 1 1 1 1 1 1 1 1 1 1 1 1 1 1 1 1 1 1 1 1 1 1 1 1 1 1 1 1 
