# This file contains a 2D laser scan observation. 
# Its format is: 
# [aperture] [max_range] [number_of_scans] 
# [vector_of_scans] 
# [vector_of_valid_scans] 
# The aperture of the sensor is in radians, the maximum range 
# and measurements are in meters. '1' means a valid scan, '0' otherwise.
4.1847
5.6
682
1.656 1.712 1.746 1.759 1.759 1.783 1.799 1.83 1.851 1.879 1.913 1.936 1.964 2 2.029 2.054 2.09 2.124 2.143 2.18 2.208 2.248 2.276 2.322 2.356 2.4 2.453 2.488 2.522 2.58 2.631 2.691 2.738 2.801 2.856 2.871 2.871 2.871 2.853 2.848 2.846 2.846 2.848 2.849 2.862 0 0 0 0 0 0 0 0 0 0 0 0 0 0 0 0 0 0 0 0 0 0 0 0 0 0 0 0 0 0 0 0 0 0 0 2.731 2.731 2.742 2.757 2.757 2.764 2.768 2.768 2.767 2.767 2.767 2.767 2.758 2.705 2.425 2.425 2.425 2.502 2.559 2.559 0 0.007 0 0.007 1.508 1.365 1.314 1.243 1.196 1.196 1.166 1.127 1.052 0.994 0.959 0.946 0.94 0.922 0.877 0.868 0.842 0.828 0.8 0.787 0.767 0.754 0.734 0.719 0.705 0.694 0.671 0.662 0.659 0.651 0.632 0.621 0.6 0.596 0.577 0.575 0.565 0.559 0.548 0.54 0.535 0.532 0.515 0.515 0.506 0.5 0.492 0.49 0.47 0.47 0.464 0.461 0.462 0.463 0.462 0.461 0.462 0.463 0.467 0.47 0.475 0.476 0.477 0.479 0.48 0.482 0.486 0.493 0.493 0.496 0.496 0.497 0.497 0.502 0.502 0.505 0.507 0.507 0.51 0.51 0.51 0.512 0.515 0.52 0.52 0.52 0.53 0.531 0.531 0.534 0.538 0.538 0.542 0.548 0.548 0.55 0.552 0.554 0.556 0.562 0.563 0.563 0.571 0.576 0.578 0.579 0.582 0.583 0.589 0.594 0.599 0.601 0.609 0.617 0.618 0.619 0.623 0.625 0.626 0.627 0.64 0.641 0.642 0.66 0.661 0.664 0.671 0.672 0.672 0.686 0.69 0.691 0.702 0.707 0.708 0.709 0.728 0.733 0.738 0.747 0.752 0.754 0.762 0.775 0.776 0.788 0.798 0.802 0.806 0.814 0.832 0.835 0.857 0.863 0.87 0.88 0.891 0.897 0.9 0.904 0.933 0.934 0.95 0.962 0.971 0.991 0.997 1.023 1.036 1.036 1.037 1.039 1.085 1.099 2.212 2.213 2.213 2.212 2.113 1.976 1.976 1.976 1.976 1.976 1.972 1.787 1.782 1.776 1.767 1.764 1.762 1.753 1.752 1.752 1.752 1.765 1.776 1.797 1.798 1.808 1.809 1.808 1.808 1.797 1.797 1.797 1.807 1.857 1.891 1.897 1.907 1.907 1.937 1.966 2.002 2.036 2.066 2.08 2.141 2.177 2.229 2.272 2.305 2.376 2.421 2.469 2.537 2.604 2.774 2.779 2.779 2.779 2.779 2.779 2.775 2.779 2.782 2.775 2.782 2.788 2.788 2.795 2.796 2.796 2.798 2.801 2.802 2.802 2.803 2.805 2.809 2.813 2.813 2.813 2.813 2.816 2.819 2.82 2.82 2.82 2.82 2.818 2.817 2.818 2.824 2.841 2.844 2.847 2.847 2.851 2.851 2.851 1.837 1.836 1.836 1.837 1.838 1.842 1.844 1.844 1.844 1.847 1.83 1.792 1.729 1.723 1.716 1.716 1.716 1.719 1.721 1.732 1.749 1.753 1.753 1.753 1.72 1.72 1.72 1.728 1.728 1.729 1.733 1.74 1.744 1.748 1.753 1.758 1.758 1.759 1.77 1.771 1.774 1.777 1.785 1.792 1.792 1.798 1.798 1.798 1.01 1.001 0.978 0.976 0.963 0.952 0.95 0.949 0.943 0.943 0.932 0.931 0.926 0.903 0.893 0.892 0.884 0.882 0.871 0.865 0.863 0.855 0.847 0.846 0.842 0.83 0.83 0.817 0.815 0.815 0.804 0.799 0.795 0.786 0.785 0.782 0.777 0.772 0.771 0.767 0.763 0.761 0.756 0.745 0.743 0.739 0.733 0.732 0.729 0.728 0.726 0.724 0.714 0.712 0.711 0.702 0.695 0.695 0.694 0.694 0.689 0.685 0.684 0.677 0.677 0.674 0.67 0.67 0.67 0.669 0.663 0.657 0.657 0.656 0.655 0.651 0.642 0.642 0.641 0.64 0.64 0.638 0.631 0.629 0.629 0.627 0.627 0.622 0.622 0.622 0.614 0.613 0.612 0.611 0.611 0.611 0.611 0.603 0.603 0.601 0.601 0.601 0.598 0.598 0.597 0.597 0.596 0.595 0.593 0.589 0.59 0.59 0.586 0.586 0.586 0.584 0.581 0.581 0.58 0.579 0.579 0.578 0.578 0.577 0.577 0.573 0.568 0.568 0.568 0.568 0.568 0.568 0.567 0.561 0.561 0.561 0.561 0.557 0.555 0.555 0.555 0.561 0.561 0.561 0.561 0.561 0.56 0.561 0.558 0.558 0.56 0.562 0.56 0.56 0.56 0.557 0.557 0.555 0.554 0.554 0.554 0.555 0.555 0.555 0.555 0.554 0.553 0.553 0.551 0.551 0.551 0.552 0.551 0.552 0.552 0.552 0.552 0.554 0.555 0.555 0.555 0.555 0.556 0.556 0.557 0.556 0.557 0.557 0.557 0.557 0.561 0.561 0.56 0.562 0.56 0.56 0.563 0.563 0.561 0.563 0.561 0.561 0.567 0.567 0.567 0.567 0.567 0.567 0.569 0.569 0.571 0.571 0.571 0.571 0.576 0.576 0.576 0.575 0.575 0.575 0.575 0.575 0.573 0.577 0.577 0.582 0.586 0.587 0.587 0.591 0.591 0.591 0.591 0.592 0.591 0.591 0.586 0.586 0.586 0.588 0.588 0.588 0.586 0.586 0.586 0.586 0.594 0.594 0.595 0.599 0.599 0.604 0.609 0.606 0.609 0.609 0.629 0.633 
1 1 1 1 1 1 1 1 1 1 1 1 1 1 1 1 1 1 1 1 1 1 1 1 1 1 1 1 1 1 1 1 1 1 1 1 1 1 1 1 1 1 1 1 1 0 0 0 0 0 0 0 0 0 0 0 0 0 0 0 0 0 0 0 0 0 0 0 0 0 0 0 0 0 0 0 0 0 0 0 1 1 1 1 1 1 1 1 1 1 1 1 1 1 1 1 1 1 1 1 0 0 0 0 1 1 1 1 1 1 1 1 1 1 1 1 1 1 1 1 1 1 1 1 1 1 1 1 1 1 1 1 1 1 1 1 1 1 1 1 1 1 1 1 1 1 1 1 1 1 1 1 1 1 1 1 1 1 1 1 1 1 1 1 1 1 1 1 1 1 1 1 1 1 1 1 1 1 1 1 1 1 1 1 1 1 1 1 1 1 1 1 1 1 1 1 1 1 1 1 1 1 1 1 1 1 1 1 1 1 1 1 1 1 1 1 1 1 1 1 1 1 1 1 1 1 1 1 1 1 1 1 1 1 1 1 1 1 1 1 1 1 1 1 1 1 1 1 1 1 1 1 1 1 1 1 1 1 1 1 1 1 1 1 1 1 1 1 1 1 1 1 1 1 1 1 1 1 1 1 1 1 1 1 1 1 1 1 1 1 1 1 1 1 1 1 1 1 1 1 1 1 1 1 1 1 1 1 1 1 1 1 1 1 1 1 1 1 1 1 1 1 1 1 1 1 1 1 1 1 1 1 1 1 1 1 1 1 1 1 1 1 1 1 1 1 1 1 1 1 1 1 1 1 1 1 1 1 1 1 1 1 1 1 1 1 1 1 1 1 1 1 1 1 1 1 1 1 1 1 1 1 1 1 1 1 1 1 1 1 1 1 1 1 1 1 1 1 1 1 1 1 1 1 1 1 1 1 1 1 1 1 1 1 1 1 1 1 1 1 1 1 1 1 1 1 1 1 1 1 1 1 1 1 1 1 1 1 1 1 1 1 1 1 1 1 1 1 1 1 1 1 1 1 1 1 1 1 1 1 1 1 1 1 1 1 1 1 1 1 1 1 1 1 1 1 1 1 1 1 1 1 1 1 1 1 1 1 1 1 1 1 1 1 1 1 1 1 1 1 1 1 1 1 1 1 1 1 1 1 1 1 1 1 1 1 1 1 1 1 1 1 1 1 1 1 1 1 1 1 1 1 1 1 1 1 1 1 1 1 1 1 1 1 1 1 1 1 1 1 1 1 1 1 1 1 1 1 1 1 1 1 1 1 1 1 1 1 1 1 1 1 1 1 1 1 1 1 1 1 1 1 1 1 1 1 1 1 1 1 1 1 1 1 1 1 1 1 1 1 1 1 1 1 1 1 1 1 1 1 1 1 1 1 1 1 1 1 1 1 1 1 1 1 1 1 1 1 1 1 1 1 1 1 1 1 1 1 1 1 1 1 1 1 1 1 1 1 1 1 1 1 1 1 1 1 1 1 1 1 1 1 1 1 1 1 1 1 1 1 1 1 1 1 1 1 1 1 1 1 1 1 
