# This file contains a 2D laser scan observation. 
# Its format is: 
# [aperture] [max_range] [number_of_scans] 
# [vector_of_scans] 
# [vector_of_valid_scans] 
# The aperture of the sensor is in radians, the maximum range 
# and measurements are in meters. '1' means a valid scan, '0' otherwise.
4.1847
5.6
682
3.048 3.025 3.014 3.006 3.006 3.006 3.009 3.009 3.009 0.517 0.512 0.512 0.512 0.511 0.508 0.508 0.508 0.508 0.506 0.51 0.508 0.506 0.508 0.508 0.508 0.503 0.506 0.503 0.502 0.5 0.501 0.5 0.499 0.497 0.495 0.495 0.495 0.493 0.493 0.493 0.492 0.492 0.493 0.495 0.495 0.495 0.495 0.495 0.495 0.492 0.49 0.49 0.488 0.487 0.485 0.488 0.488 0.488 0.488 0.488 0.488 0.485 0.485 0.488 0.49 0.49 0.49 0.49 0.489 0.489 0.489 0.489 0.487 0.486 0.486 0.486 0.491 0.491 0.491 0.492 0.492 0.491 0.493 0.496 0.494 0.494 0.494 0.495 0.495 0.499 0.499 0.501 0.501 0.501 0.501 0.499 0.499 0.499 0.499 0.499 0.502 0.505 0.507 0.508 0.507 0.507 0.509 0.513 0.513 0.513 0.514 0.512 0.511 0.512 0.514 0.515 0.518 0.518 0.518 0.518 0.52 0.518 0.519 0.519 0.528 0.528 0.529 0.531 0.531 0.531 0.531 0.532 0.532 0.539 0.542 0.542 0.544 0.544 0.547 0.55 0.55 0.551 0.551 0.552 0.553 0.554 0.557 0.559 0.559 0.56 0.568 0.571 0.571 0.574 0.574 0.577 0.578 0.582 0.581 0.582 0.583 0.594 0.594 0.595 0.597 0.599 0.6 0.605 0.605 0.611 0.613 0.613 0.616 0.618 0.626 0.629 0.633 0.634 0.634 0.64 0.641 0.644 0.651 0.656 0.656 0.656 0.663 0.665 0.665 0.671 0.68 0.681 0.681 0.69 0.692 0.7 0.71 0.711 0.711 0.717 0.717 0.721 0.723 0.727 0.728 0.74 0.747 0.752 0.757 0.77 0.77 0.77 0.77 0.767 0.767 0.77 0.779 0.793 0.806 0.81 0.813 0.826 0.847 2.74 2.74 2.74 2.74 2.721 2.708 2.047 2.029 2.028 2.018 2.01 2.001 1.994 1.986 1.986 1.972 1.965 1.959 1.954 1.946 1.939 1.936 1.922 1.688 1.656 1.65 1.647 1.642 1.505 1.452 1.451 1.445 1.433 1.431 1.43 1.418 1.415 1.414 1.414 1.415 1.421 1.424 1.439 1.467 1.467 1.472 1.469 1.469 1.465 1.464 1.462 1.461 1.455 1.455 1.455 1.466 1.531 1.545 1.545 1.553 1.553 1.553 1.583 1.601 1.624 1.634 1.659 1.685 1.704 1.728 1.767 1.779 1.827 1.847 1.877 1.908 1.935 1.962 2.009 2.031 2.045 2.107 2.12 2.179 2.307 2.44 2.441 2.441 2.441 2.436 2.435 2.434 2.434 2.435 2.435 2.435 2.436 2.435 2.435 2.439 2.442 2.437 2.443 2.443 2.443 2.442 2.444 2.444 2.444 2.451 2.454 2.454 2.456 2.456 2.458 2.459 2.464 2.464 2.466 2.467 2.467 2.467 2.471 2.471 2.472 2.474 2.475 2.479 2.486 2.489 2.489 2.496 2.499 2.499 2.499 1.462 1.459 1.459 1.46 1.46 1.46 1.465 1.465 1.469 1.477 1.477 1.477 1.477 1.454 1.454 1.407 1.402 1.349 1.348 1.333 1.333 1.333 1.334 1.336 1.34 1.344 1.363 1.369 1.377 1.377 1.377 1.369 1.346 1.341 1.341 1.346 1.355 1.36 1.361 1.365 1.366 1.37 1.38 1.38 1.381 1.396 1.397 1.397 1.402 1.405 1.411 1.42 1.425 1.426 1.426 1.431 1.441 1.444 1.448 1.454 1.457 1.46 1.47 1.473 1.477 1.484 1.489 1.496 1.501 1.51 1.52 1.521 1.521 1.522 1.521 1.521 0.69 0.689 0.67 0.67 0.668 0.667 0.661 0.659 0.649 0.647 0.638 0.634 0.629 0.629 0.629 0.629 0.633 0.636 0.634 0.634 0.633 0.631 0.63 0.623 0.622 0.621 0.616 0.613 0.61 0.606 0.599 0.598 0.598 0.593 0.59 0.589 0.589 0.586 0.584 0.581 0.581 0.58 0.576 0.57 0.569 0.569 0.565 0.563 0.56 0.558 0.556 0.553 0.547 0.547 0.547 0.547 0.542 0.542 0.542 0.54 0.539 0.542 0.539 0.532 0.533 0.531 0.53 0.531 0.53 0.526 0.521 0.521 0.517 0.517 0.516 0.516 0.517 0.517 0.518 0.518 0.517 0.515 0.515 0.515 0.515 0.508 0.503 0.503 0.503 0.502 0.5 0.5 0.5 0.5 0.5 0.5 0.5 0.5 0.5 0.497 0.497 0.497 0.496 0.494 0.493 0.492 0.491 0.491 0.491 0.491 0.491 0.489 0.489 0.489 0.488 0.484 0.484 0.484 0.482 0.486 0.486 0.486 0.482 0.487 0.478 0.485 0.481 0.481 0.481 0.485 0.481 0.48 0.48 0.48 0.48 0.484 0.484 0.484 0.479 0.479 0.479 0.481 0.482 0.486 0.482 0.482 0.484 0.484 0.484 0.488 0.488 0.488 0.49 0.488 0.488 0.487 0.485 0.482 0.482 0.482 0.486 0.489 0.489 0.489 0.486 0.487 0.487 0.49 0.49 0.492 0.493 0.494 0.494 0.495 0.495 0.495 0.497 0.497 0.491 0.492 0.492 0.492 0.495 0.499 0.499 0.501 0.502 0.503 0.503 0.505 0.505 0.505 0.506 0.508 0.506 0.508 0.513 0.515 0.515 0.515 0.515 0.519 0.513 0.513 0.513 0.519 0.519 0.52 0.522 0.522 0.522 0.522 0.524 0.528 0.531 0.534 0.536 0.536 0.536 0.539 0.54 0.541 0.543 0.547 0.55 0.554 0.555 0.554 0.559 0.559 0.559 0.559 0.569 0.571 0.572 0.572 0.572 0.578 0.578 0.576 0.581 0.581 0.583 0.583 0.584 0.584 0.591 0.593 
1 1 1 1 1 1 1 1 1 1 1 1 1 1 1 1 1 1 1 1 1 1 1 1 1 1 1 1 1 1 1 1 1 1 1 1 1 1 1 1 1 1 1 1 1 1 1 1 1 1 1 1 1 1 1 1 1 1 1 1 1 1 1 1 1 1 1 1 1 1 1 1 1 1 1 1 1 1 1 1 1 1 1 1 1 1 1 1 1 1 1 1 1 1 1 1 1 1 1 1 1 1 1 1 1 1 1 1 1 1 1 1 1 1 1 1 1 1 1 1 1 1 1 1 1 1 1 1 1 1 1 1 1 1 1 1 1 1 1 1 1 1 1 1 1 1 1 1 1 1 1 1 1 1 1 1 1 1 1 1 1 1 1 1 1 1 1 1 1 1 1 1 1 1 1 1 1 1 1 1 1 1 1 1 1 1 1 1 1 1 1 1 1 1 1 1 1 1 1 1 1 1 1 1 1 1 1 1 1 1 1 1 1 1 1 1 1 1 1 1 1 1 1 1 1 1 1 1 1 1 1 1 1 1 1 1 1 1 1 1 1 1 1 1 1 1 1 1 1 1 1 1 1 1 1 1 1 1 1 1 1 1 1 1 1 1 1 1 1 1 1 1 1 1 1 1 1 1 1 1 1 1 1 1 1 1 1 1 1 1 1 1 1 1 1 1 1 1 1 1 1 1 1 1 1 1 1 1 1 1 1 1 1 1 1 1 1 1 1 1 1 1 1 1 1 1 1 1 1 1 1 1 1 1 1 1 1 1 1 1 1 1 1 1 1 1 1 1 1 1 1 1 1 1 1 1 1 1 1 1 1 1 1 1 1 1 1 1 1 1 1 1 1 1 1 1 1 1 1 1 1 1 1 1 1 1 1 1 1 1 1 1 1 1 1 1 1 1 1 1 1 1 1 1 1 1 1 1 1 1 1 1 1 1 1 1 1 1 1 1 1 1 1 1 1 1 1 1 1 1 1 1 1 1 1 1 1 1 1 1 1 1 1 1 1 1 1 1 1 1 1 1 1 1 1 1 1 1 1 1 1 1 1 1 1 1 1 1 1 1 1 1 1 1 1 1 1 1 1 1 1 1 1 1 1 1 1 1 1 1 1 1 1 1 1 1 1 1 1 1 1 1 1 1 1 1 1 1 1 1 1 1 1 1 1 1 1 1 1 1 1 1 1 1 1 1 1 1 1 1 1 1 1 1 1 1 1 1 1 1 1 1 1 1 1 1 1 1 1 1 1 1 1 1 1 1 1 1 1 1 1 1 1 1 1 1 1 1 1 1 1 1 1 1 1 1 1 1 1 1 1 1 1 1 1 1 1 1 1 1 1 1 1 1 1 1 1 1 1 1 1 1 1 1 1 1 1 1 1 1 1 1 1 1 1 1 1 1 1 1 1 1 1 1 1 1 1 1 1 1 1 1 1 1 1 1 1 1 1 1 1 1 1 1 1 1 1 1 1 1 1 1 1 1 1 1 1 1 1 1 1 1 1 1 1 1 1 1 1 1 1 1 1 1 1 1 1 1 1 1 1 1 
