# This file contains a 2D laser scan observation. 
# Its format is: 
# [aperture] [max_range] [number_of_scans] 
# [vector_of_scans] 
# [vector_of_valid_scans] 
# The aperture of the sensor is in radians, the maximum range 
# and measurements are in meters. '1' means a valid scan, '0' otherwise.
4.1847
5.6
682
0.556 0.553 0.551 0.551 0.549 0.551 0.551 0.548 0.545 0.545 0.538 0.535 0.535 0.535 0.535 0.541 0.541 0.53 0.526 0.53 0.525 0.525 0.525 0.526 0.524 0.524 0.521 0.516 0.515 0.514 0.514 0.516 0.513 0.516 0.516 0.513 0.513 0.509 0.508 0.509 0.507 0.507 0.507 0.507 0.507 0.507 0.505 0.505 0.504 0.504 0.503 0.503 0.5 0.5 0.5 0.496 0.498 0.496 0.493 0.493 0.498 0.495 0.501 0.501 0.499 0.496 0.496 0.496 0.494 0.494 0.494 0.493 0.493 0.493 0.491 0.493 0.494 0.493 0.493 0.494 0.496 0.493 0.495 0.496 0.495 0.495 0.495 0.497 0.497 0.497 0.497 0.498 0.499 0.499 0.499 0.499 0.496 0.496 0.501 0.501 0.501 0.501 0.501 0.5 0.5 0.5 0.504 0.504 0.504 0.504 0.504 0.505 0.507 0.51 0.51 0.51 0.51 0.51 0.506 0.506 0.507 0.509 0.509 0.513 0.509 0.513 0.513 0.513 0.516 0.516 0.516 0.516 0.518 0.518 0.519 0.519 0.519 0.519 0.521 0.527 0.53 0.53 0.53 0.533 0.533 0.535 0.537 0.537 0.537 0.537 0.537 0.54 0.543 0.544 0.544 0.545 0.547 0.549 0.549 0.549 0.553 0.558 0.558 0.56 0.558 0.56 0.562 0.562 0.563 0.566 0.569 0.578 0.576 0.578 0.582 0.584 0.584 0.586 0.593 0.593 0.593 0.594 0.599 0.6 0.611 0.614 0.615 0.617 0.617 0.618 0.62 0.628 0.628 0.628 0.635 0.638 0.64 0.64 0.642 0.647 0.647 0.647 0.647 0.646 0.645 0.646 0.645 0.645 0.646 0.648 0.667 0.669 0.68 0.687 0.688 0.693 0.698 0.709 0.714 2.795 2.795 2.795 2.772 2.766 2.755 2.739 2.642 2.642 2.618 2.618 2.622 2.621 2.621 2.621 2.621 2.572 2.57 1.904 1.892 1.875 1.869 1.849 1.846 1.841 1.823 1.822 1.81 1.802 1.801 1.789 1.781 1.781 1.77 1.77 1.762 1.755 1.7 1.497 1.494 1.49 1.465 1.3 1.29 1.285 1.274 1.271 1.259 1.257 1.256 1.25 1.243 1.241 1.241 1.243 1.246 1.25 1.256 1.289 1.289 1.294 1.294 1.294 1.293 1.293 1.286 1.282 1.281 1.281 1.277 1.277 1.281 1.283 1.317 1.37 1.37 1.37 1.368 1.368 1.368 1.386 1.398 1.418 1.427 1.454 1.472 1.487 1.504 1.53 1.551 1.581 1.591 1.616 1.65 1.67 1.69 1.718 1.751 1.773 1.812 1.826 1.858 1.901 1.928 1.96 2.013 2.273 2.273 2.273 2.273 2.265 2.264 2.264 2.264 2.264 2.266 2.267 2.27 2.271 2.271 2.271 2.269 2.269 2.262 2.262 2.262 2.261 2.262 2.264 2.266 2.267 2.27 2.271 2.272 2.272 2.272 2.274 2.274 2.282 2.283 2.284 2.285 2.29 2.293 2.299 2.299 2.299 2.298 2.297 2.297 2.298 2.305 2.306 2.307 2.313 2.318 2.32 2.321 2.333 3.435 3.452 3.452 3.452 3.452 1.292 1.283 1.279 1.275 1.279 1.279 1.281 1.284 1.286 1.291 1.295 1.295 1.303 1.303 1.303 1.252 1.24 1.227 1.213 1.181 1.178 1.178 1.168 1.168 1.168 1.177 1.177 1.177 1.18 1.184 1.2 1.201 1.211 1.219 1.219 1.219 1.197 1.191 1.19 1.187 1.19 1.191 1.202 1.206 1.209 1.209 1.21 1.21 1.215 1.224 1.225 1.225 1.228 1.235 1.248 1.253 1.255 1.256 1.257 1.267 1.268 1.273 1.279 1.286 1.287 1.287 1.306 1.308 1.313 1.319 1.327 1.327 1.334 1.335 1.349 1.352 1.361 1.364 1.378 1.389 1.39 1.398 1.406 1.411 1.417 1.428 1.432 1.44 1.451 1.453 1.467 1.474 1.487 1.496 1.504 1.515 1.523 1.534 1.542 1.548 1.554 1.554 1.554 0.583 0.57 0.568 0.567 0.566 0.566 0.566 0.562 0.557 0.559 0.557 0.557 0.551 0.536 0.535 0.531 0.527 0.526 0.526 0.521 0.517 0.517 0.528 0.517 0.536 0.536 0.536 0.535 0.537 0.535 0.537 0.528 0.53 0.528 0.53 0.528 0.527 0.527 0.524 0.52 0.52 0.519 0.517 0.516 0.513 0.513 0.511 0.511 0.51 0.51 0.506 0.51 0.51 0.51 0.504 0.5 0.5 0.5 0.5 0.5 0.5 0.498 0.497 0.495 0.494 0.494 0.49 0.49 0.494 0.494 0.493 0.494 0.493 0.489 0.488 0.489 0.486 0.486 0.489 0.489 0.49 0.49 0.487 0.486 0.486 0.481 0.481 0.48 0.48 0.48 0.48 0.486 0.486 0.486 0.486 0.486 0.486 0.486 0.487 0.488 0.488 0.488 0.488 0.487 0.48 0.486 0.485 0.485 0.484 0.485 0.484 0.481 0.481 0.481 0.478 0.478 0.479 0.479 0.482 0.482 0.482 0.482 0.482 0.484 0.486 0.486 0.486 0.484 0.484 0.484 0.484 0.485 0.489 0.489 0.49 0.491 0.491 0.485 0.49 0.488 0.488 0.49 0.49 0.491 0.493 0.493 0.497 0.497 0.493 0.492 0.492 0.492 0.491 0.494 0.496 0.496 0.496 0.5 0.501 0.502 0.505 0.505 0.505 0.505 0.505 0.507 0.508 0.509 0.514 0.513 0.513 0.514 0.514 0.515 0.516 0.52 0.52 0.524 0.526 0.526 0.526 0.527 0.53 0.531 0.535 0.538 0.539 0.542 0.544 0.544 0.546 0.55 0.551 0.552 0.552 0.553 
1 1 1 1 1 1 1 1 1 1 1 1 1 1 1 1 1 1 1 1 1 1 1 1 1 1 1 1 1 1 1 1 1 1 1 1 1 1 1 1 1 1 1 1 1 1 1 1 1 1 1 1 1 1 1 1 1 1 1 1 1 1 1 1 1 1 1 1 1 1 1 1 1 1 1 1 1 1 1 1 1 1 1 1 1 1 1 1 1 1 1 1 1 1 1 1 1 1 1 1 1 1 1 1 1 1 1 1 1 1 1 1 1 1 1 1 1 1 1 1 1 1 1 1 1 1 1 1 1 1 1 1 1 1 1 1 1 1 1 1 1 1 1 1 1 1 1 1 1 1 1 1 1 1 1 1 1 1 1 1 1 1 1 1 1 1 1 1 1 1 1 1 1 1 1 1 1 1 1 1 1 1 1 1 1 1 1 1 1 1 1 1 1 1 1 1 1 1 1 1 1 1 1 1 1 1 1 1 1 1 1 1 1 1 1 1 1 1 1 1 1 1 1 1 1 1 1 1 1 1 1 1 1 1 1 1 1 1 1 1 1 1 1 1 1 1 1 1 1 1 1 1 1 1 1 1 1 1 1 1 1 1 1 1 1 1 1 1 1 1 1 1 1 1 1 1 1 1 1 1 1 1 1 1 1 1 1 1 1 1 1 1 1 1 1 1 1 1 1 1 1 1 1 1 1 1 1 1 1 1 1 1 1 1 1 1 1 1 1 1 1 1 1 1 1 1 1 1 1 1 1 1 1 1 1 1 1 1 1 1 1 1 1 1 1 1 1 1 1 1 1 1 1 1 1 1 1 1 1 1 1 1 1 1 1 1 1 1 1 1 1 1 1 1 1 1 1 1 1 1 1 1 1 1 1 1 1 1 1 1 1 1 1 1 1 1 1 1 1 1 1 1 1 1 1 1 1 1 1 1 1 1 1 1 1 1 1 1 1 1 1 1 1 1 1 1 1 1 1 1 1 1 1 1 1 1 1 1 1 1 1 1 1 1 1 1 1 1 1 1 1 1 1 1 1 1 1 1 1 1 1 1 1 1 1 1 1 1 1 1 1 1 1 1 1 1 1 1 1 1 1 1 1 1 1 1 1 1 1 1 1 1 1 1 1 1 1 1 1 1 1 1 1 1 1 1 1 1 1 1 1 1 1 1 1 1 1 1 1 1 1 1 1 1 1 1 1 1 1 1 1 1 1 1 1 1 1 1 1 1 1 1 1 1 1 1 1 1 1 1 1 1 1 1 1 1 1 1 1 1 1 1 1 1 1 1 1 1 1 1 1 1 1 1 1 1 1 1 1 1 1 1 1 1 1 1 1 1 1 1 1 1 1 1 1 1 1 1 1 1 1 1 1 1 1 1 1 1 1 1 1 1 1 1 1 1 1 1 1 1 1 1 1 1 1 1 1 1 1 1 1 1 1 1 1 1 1 1 1 1 1 1 1 1 1 1 1 1 1 1 1 1 1 1 1 1 1 1 1 1 1 1 1 1 1 1 1 1 1 1 1 1 1 1 1 1 1 1 1 1 1 1 
