# This file contains a 2D laser scan observation. 
# Its format is: 
# [aperture] [max_range] [number_of_scans] 
# [vector_of_scans] 
# [vector_of_valid_scans] 
# The aperture of the sensor is in radians, the maximum range 
# and measurements are in meters. '1' means a valid scan, '0' otherwise.
4.1847
5.6
682
0.55 0.549 0.549 0.541 0.541 0.542 0.542 0.542 0.542 0.535 0.532 0.532 0.532 0.527 0.526 0.522 0.522 0.522 0.518 0.518 0.516 0.515 0.515 0.515 0.51 0.51 0.51 0.51 0.51 0.508 0.507 0.506 0.5 0.497 0.497 0.497 0.496 0.494 0.492 0.492 0.492 0.492 0.492 0.493 0.486 0.486 0.484 0.484 0.484 0.481 0.485 0.485 0.485 0.478 0.482 0.482 0.485 0.482 0.482 0.481 0.48 0.476 0.476 0.476 0.476 0.475 0.475 0.474 0.474 0.474 0.472 0.472 0.472 0.472 0.469 0.472 0.474 0.469 0.468 0.474 0.473 0.471 0.473 0.473 0.473 0.474 0.474 0.473 0.473 0.469 0.467 0.467 0.467 0.467 0.467 0.467 0.472 0.472 0.472 0.474 0.474 0.474 0.47 0.474 0.472 0.473 0.472 0.473 0.473 0.473 0.471 0.473 0.473 0.473 0.473 0.473 0.474 0.474 0.472 0.472 0.473 0.472 0.472 0.473 0.474 0.474 0.478 0.474 0.478 0.474 0.48 0.48 0.48 0.485 0.486 0.485 0.487 0.487 0.488 0.482 0.488 0.485 0.49 0.49 0.49 0.487 0.49 0.491 0.491 0.493 0.493 0.493 0.493 0.494 0.497 0.496 0.494 0.496 0.497 0.497 0.503 0.503 0.504 0.504 0.506 0.507 0.508 0.511 0.512 0.513 0.513 0.516 0.518 0.519 0.522 0.526 0.526 0.522 0.518 0.517 0.514 0.514 0.51 0.51 0.51 0.51 0.518 0.519 0.52 0.526 0.527 0.539 0.542 0.542 0.542 0.543 0.55 0.55 0.55 0.55 0.563 0.574 0.575 0.576 0.576 3.058 3.058 3.058 3.03 3.004 2.986 2.962 2.938 2.93 2.909 2.872 2.86 2.848 2.819 2.812 2.791 2.782 2.765 2.743 2.729 2.713 2.693 2.677 2.675 2.651 2.64 2.623 2.605 2.581 2.58 2.486 2.45 2.45 2.456 2.45 2.456 2.456 2.445 1.741 1.728 1.718 1.7 1.694 1.682 1.668 1.66 1.655 1.649 1.636 1.627 1.622 1.615 1.613 1.605 1.598 1.592 1.584 1.578 1.532 1.308 1.305 1.297 1.149 1.115 1.112 1.107 1.092 1.081 1.077 1.077 1.076 1.076 1.073 1.073 1.065 1.064 1.065 1.065 1.075 1.085 1.088 1.11 1.117 1.117 1.117 1.115 1.115 1.114 1.097 1.097 1.097 1.097 1.097 1.087 1.095 1.093 1.093 1.095 1.13 1.157 1.183 1.19 1.19 1.183 1.18 1.18 1.18 1.196 1.215 1.229 1.248 1.26 1.278 1.295 1.306 1.337 1.349 1.371 1.381 1.404 1.436 1.455 1.469 1.495 1.517 1.548 1.56 1.589 1.623 1.649 1.668 1.704 1.73 1.768 1.795 1.847 2.089 2.091 2.092 2.091 2.089 2.092 2.092 2.093 2.098 2.104 2.104 2.093 2.094 2.094 2.092 2.092 2.092 2.091 2.091 2.091 2.093 2.093 2.094 2.095 2.095 2.095 2.095 2.095 2.097 2.1 2.1 2.101 2.103 2.108 2.108 2.108 2.109 2.111 2.112 2.116 2.117 2.122 2.124 2.126 2.129 2.13 2.129 2.134 2.134 2.135 2.14 2.148 2.15 2.153 2.16 2.162 2.172 3.278 3.281 3.281 3.278 2.481 2.429 2.381 2.291 1.179 1.131 1.116 1.116 1.116 1.119 1.119 1.119 1.12 1.121 1.121 1.129 1.134 1.139 1.139 1.146 1.146 1.146 1.133 1.133 1.083 1.082 1.065 1.061 1.057 1.033 1.031 1.023 1.017 1.017 1.017 1.018 1.018 1.025 1.028 1.037 1.038 1.051 1.054 1.061 1.082 1.082 1.082 1.066 1.051 1.045 1.045 1.046 1.051 1.052 1.059 1.06 1.066 1.07 1.074 1.081 1.082 1.088 1.088 1.099 1.102 1.108 1.111 1.117 1.122 1.127 1.133 1.136 1.141 1.142 1.157 1.158 1.165 1.169 1.175 1.186 1.189 1.194 1.205 1.208 1.209 1.222 1.229 1.236 1.241 1.25 1.254 1.271 1.276 1.28 1.288 1.303 1.305 1.314 1.328 1.328 1.34 1.355 1.358 1.37 1.378 1.394 1.413 1.414 1.434 1.434 1.451 1.468 1.474 1.485 1.497 1.516 1.521 1.546 1.643 1.643 1.643 1.634 1.628 1.624 1.615 1.615 1.608 1.604 1.6 1.581 1.58 1.574 1.573 1.572 1.57 1.57 1.552 1.55 1.547 1.543 1.539 1.517 1.516 1.507 1.507 1.507 1.506 1.506 0.521 0.518 0.518 0.518 0.515 0.512 0.512 0.512 0.512 0.513 0.547 0.547 0.547 0.503 0.502 0.502 0.501 0.499 0.496 0.496 0.494 0.492 0.489 0.488 0.488 0.485 0.485 0.485 0.491 0.491 0.491 0.487 0.488 0.488 0.488 0.502 0.502 0.504 0.504 0.502 0.501 0.501 0.501 0.501 0.501 0.501 0.501 0.501 0.501 0.502 0.502 0.502 0.502 0.502 0.506 0.502 0.505 0.505 0.505 0.498 0.505 0.498 0.505 0.498 0.503 0.503 0.503 0.502 0.502 0.502 0.502 0.503 0.508 0.51 0.508 0.508 0.507 0.507 0.507 0.508 0.51 0.51 0.511 0.511 0.511 0.511 0.512 0.511 0.509 0.509 0.51 0.51 0.512 0.514 0.516 0.516 0.516 0.516 0.515 0.515 0.517 0.519 0.52 0.528 0.528 0.53 0.53 0.528 0.531 0.532 0.532 0.532 0.533 0.533 0.533 0.534 0.534 0.538 0.538 0.538 0.538 0.539 0.539 0.54 0.542 0.543 0.544 0.545 0.551 0.551 0.552 0.556 
1 1 1 1 1 1 1 1 1 1 1 1 1 1 1 1 1 1 1 1 1 1 1 1 1 1 1 1 1 1 1 1 1 1 1 1 1 1 1 1 1 1 1 1 1 1 1 1 1 1 1 1 1 1 1 1 1 1 1 1 1 1 1 1 1 1 1 1 1 1 1 1 1 1 1 1 1 1 1 1 1 1 1 1 1 1 1 1 1 1 1 1 1 1 1 1 1 1 1 1 1 1 1 1 1 1 1 1 1 1 1 1 1 1 1 1 1 1 1 1 1 1 1 1 1 1 1 1 1 1 1 1 1 1 1 1 1 1 1 1 1 1 1 1 1 1 1 1 1 1 1 1 1 1 1 1 1 1 1 1 1 1 1 1 1 1 1 1 1 1 1 1 1 1 1 1 1 1 1 1 1 1 1 1 1 1 1 1 1 1 1 1 1 1 1 1 1 1 1 1 1 1 1 1 1 1 1 1 1 1 1 1 1 1 1 1 1 1 1 1 1 1 1 1 1 1 1 1 1 1 1 1 1 1 1 1 1 1 1 1 1 1 1 1 1 1 1 1 1 1 1 1 1 1 1 1 1 1 1 1 1 1 1 1 1 1 1 1 1 1 1 1 1 1 1 1 1 1 1 1 1 1 1 1 1 1 1 1 1 1 1 1 1 1 1 1 1 1 1 1 1 1 1 1 1 1 1 1 1 1 1 1 1 1 1 1 1 1 1 1 1 1 1 1 1 1 1 1 1 1 1 1 1 1 1 1 1 1 1 1 1 1 1 1 1 1 1 1 1 1 1 1 1 1 1 1 1 1 1 1 1 1 1 1 1 1 1 1 1 1 1 1 1 1 1 1 1 1 1 1 1 1 1 1 1 1 1 1 1 1 1 1 1 1 1 1 1 1 1 1 1 1 1 1 1 1 1 1 1 1 1 1 1 1 1 1 1 1 1 1 1 1 1 1 1 1 1 1 1 1 1 1 1 1 1 1 1 1 1 1 1 1 1 1 1 1 1 1 1 1 1 1 1 1 1 1 1 1 1 1 1 1 1 1 1 1 1 1 1 1 1 1 1 1 1 1 1 1 1 1 1 1 1 1 1 1 1 1 1 1 1 1 1 1 1 1 1 1 1 1 1 1 1 1 1 1 1 1 1 1 1 1 1 1 1 1 1 1 1 1 1 1 1 1 1 1 1 1 1 1 1 1 1 1 1 1 1 1 1 1 1 1 1 1 1 1 1 1 1 1 1 1 1 1 1 1 1 1 1 1 1 1 1 1 1 1 1 1 1 1 1 1 1 1 1 1 1 1 1 1 1 1 1 1 1 1 1 1 1 1 1 1 1 1 1 1 1 1 1 1 1 1 1 1 1 1 1 1 1 1 1 1 1 1 1 1 1 1 1 1 1 1 1 1 1 1 1 1 1 1 1 1 1 1 1 1 1 1 1 1 1 1 1 1 1 1 1 1 1 1 1 1 1 1 1 1 1 1 1 1 1 1 1 1 1 1 1 1 1 1 1 1 1 1 1 1 1 1 1 1 1 1 
