# This file contains a 2D laser scan observation. 
# Its format is: 
# [aperture] [max_range] [number_of_scans] 
# [vector_of_scans] 
# [vector_of_valid_scans] 
# The aperture of the sensor is in radians, the maximum range 
# and measurements are in meters. '1' means a valid scan, '0' otherwise.
4.1847
5.6
682
0.544 0.536 0.535 0.533 0.532 0.532 0.53 0.529 0.522 0.522 0.522 0.525 0.525 0.525 0.518 0.518 0.515 0.515 0.514 0.514 0.504 0.507 0.502 0.502 0.5 0.497 0.497 0.496 0.496 0.495 0.492 0.492 0.492 0.491 0.494 0.494 0.488 0.488 0.487 0.487 0.486 0.485 0.486 0.486 0.486 0.485 0.488 0.481 0.481 0.481 0.48 0.48 0.48 0.479 0.479 0.477 0.477 0.476 0.476 0.474 0.472 0.472 0.472 0.472 0.472 0.468 0.472 0.471 0.471 0.471 0.471 0.469 0.468 0.468 0.467 0.468 0.468 0.468 0.465 0.467 0.465 0.464 0.464 0.466 0.466 0.466 0.467 0.467 0.47 0.468 0.468 0.47 0.47 0.469 0.469 0.467 0.467 0.466 0.467 0.468 0.468 0.47 0.47 0.47 0.47 0.467 0.462 0.462 0.458 0.458 0.458 0.456 0.456 0.446 0.446 0.446 0.456 0.451 0.451 0.459 0.459 0.459 0.461 0.462 0.463 0.469 0.464 0.469 0.474 0.476 0.477 0.477 0.477 0.472 0.469 0.469 0.471 0.472 0.479 0.481 0.481 0.48 0.481 0.481 2.619 2.623 3.005 3.005 3.022 3.037 3.037 3.043 3.043 3.043 2.961 2.885 2.859 2.838 2.832 2.779 2.745 2.677 2.631 2.583 2.553 2.544 2.542 2.534 2.531 2.523 2.523 2.527 2.527 2.535 2.537 2.538 2.547 2.563 2.581 3.14 3.14 3.14 3.12 3.087 3.052 3.025 3.003 2.992 2.988 2.952 2.915 2.903 2.89 2.864 2.832 2.81 2.793 2.782 2.71 2.697 2.692 2.682 2.676 2.657 2.619 2.595 2.587 2.575 2.575 2.55 2.543 2.521 2.463 2.449 2.442 2.442 2.436 2.32 2.32 2.302 2.278 1.587 1.576 1.555 1.544 1.522 1.515 1.511 1.506 1.492 1.479 1.471 1.46 1.457 1.451 1.441 1.438 1.438 1.428 1.421 1.287 1.225 0.98 0.949 0.943 0.941 0.93 0.919 0.916 0.914 0.913 0.904 0.902 0.897 0.892 0.892 0.891 0.892 0.892 0.894 0.896 0.898 0.912 0.924 0.927 0.933 0.935 0.936 0.947 0.958 0.958 0.947 0.922 0.919 0.918 0.919 0.919 0.919 0.914 0.914 0.914 0.913 0.913 0.914 0.921 0.942 0.95 1.01 1.01 1.01 0.989 0.987 0.987 0.989 0.99 0.998 1.016 1.03 1.033 1.039 1.056 1.066 1.077 1.097 1.102 1.13 1.132 1.151 1.162 1.175 1.195 1.211 1.224 1.245 1.274 1.279 1.3 1.324 1.338 1.356 1.38 1.407 1.42 1.439 1.481 1.497 1.532 1.552 1.573 1.613 1.642 1.849 1.898 1.898 1.902 1.902 1.898 1.898 1.898 1.898 1.899 1.911 1.911 1.911 1.909 1.909 1.897 1.909 1.909 1.901 1.898 1.901 1.9 1.9 1.898 1.898 1.898 1.898 1.903 1.904 1.906 1.906 1.909 1.909 1.91 1.909 1.91 1.914 1.916 1.916 1.916 1.92 1.915 1.915 1.924 1.929 1.932 1.932 1.932 1.932 1.939 1.939 1.941 1.941 1.943 1.955 1.957 1.963 1.963 1.964 1.964 1.973 1.974 1.982 3.093 3.093 3.093 2.342 2.293 2.236 2.193 2.191 2.189 2.191 2.191 2.189 2.168 1.021 0.979 0.959 0.937 0.937 0.931 0.931 0.938 0.945 0.945 0.945 0.942 0.942 0.942 0.95 0.95 0.956 0.966 0.966 0.966 0.977 0.972 0.972 0.972 0.952 0.911 0.905 0.899 0.894 0.888 0.887 0.881 0.881 0.873 0.866 0.866 0.866 0.86 0.86 0.86 0.857 0.86 0.86 0.86 0.871 0.875 0.878 0.896 0.904 0.916 1 1 1 0.907 0.891 0.891 0.891 0.891 0.898 0.898 0.899 0.913 0.915 0.915 0.922 0.924 0.928 0.931 0.938 0.94 0.946 0.956 0.96 0.963 0.967 0.972 0.975 0.977 0.996 1.005 1.005 1.015 1.018 1.022 1.035 1.036 1.047 1.055 1.065 1.07 1.073 1.083 1.089 1.09 1.102 1.111 1.127 1.135 1.152 1.156 1.157 1.171 1.19 1.196 1.206 1.216 1.233 1.238 1.25 1.26 1.275 1.287 1.301 1.303 1.326 1.332 1.351 1.369 1.38 1.389 1.401 1.425 1.447 1.545 1.545 1.545 1.543 1.537 1.527 1.526 1.52 1.511 1.509 1.508 1.504 1.493 1.492 1.486 1.486 1.486 1.476 1.475 1.475 1.475 1.47 1.469 1.46 1.454 1.441 1.441 1.441 1.445 1.466 1.47 1.477 1.498 1.51 0 0 0 0 0 0 2.548 2.548 2.543 2.538 2.536 2.538 2.538 2.55 2.561 2.941 2.95 0 2.95 2.95 3.455 3.502 3.502 3.664 3.664 3.675 0.007 3.657 3.654 3.655 3.654 3.65 3.549 3.392 3.332 3.332 3.332 3.315 3.315 0.491 0.491 0.491 0.519 0.519 0.519 0.513 0.502 0.496 0.494 0.491 0.496 0.491 0.488 0.488 0.488 0.488 0.488 0.488 0.49 0.49 0.498 0.502 0.502 0.502 0.492 0.49 0.49 0.492 0.493 0.494 0.494 0.494 0.494 0.491 0.49 0.49 0.49 0.498 0.514 0.516 0.517 0.517 0.517 0.522 0.524 0.524 0.527 0.524 0.527 0.525 0.525 0.525 0.526 0.526 0.527 0.527 0.53 0.531 0.533 0.54 0.535 0.536 0.536 0.536 0.536 0.549 0.55 0.55 0.55 0.552 0.554 0.554 0.554 0.558 0.558 0.558 0.56 0.56 
1 1 1 1 1 1 1 1 1 1 1 1 1 1 1 1 1 1 1 1 1 1 1 1 1 1 1 1 1 1 1 1 1 1 1 1 1 1 1 1 1 1 1 1 1 1 1 1 1 1 1 1 1 1 1 1 1 1 1 1 1 1 1 1 1 1 1 1 1 1 1 1 1 1 1 1 1 1 1 1 1 1 1 1 1 1 1 1 1 1 1 1 1 1 1 1 1 1 1 1 1 1 1 1 1 1 1 1 1 1 1 1 1 1 1 1 1 1 1 1 1 1 1 1 1 1 1 1 1 1 1 1 1 1 1 1 1 1 1 1 1 1 1 1 1 1 1 1 1 1 1 1 1 1 1 1 1 1 1 1 1 1 1 1 1 1 1 1 1 1 1 1 1 1 1 1 1 1 1 1 1 1 1 1 1 1 1 1 1 1 1 1 1 1 1 1 1 1 1 1 1 1 1 1 1 1 1 1 1 1 1 1 1 1 1 1 1 1 1 1 1 1 1 1 1 1 1 1 1 1 1 1 1 1 1 1 1 1 1 1 1 1 1 1 1 1 1 1 1 1 1 1 1 1 1 1 1 1 1 1 1 1 1 1 1 1 1 1 1 1 1 1 1 1 1 1 1 1 1 1 1 1 1 1 1 1 1 1 1 1 1 1 1 1 1 1 1 1 1 1 1 1 1 1 1 1 1 1 1 1 1 1 1 1 1 1 1 1 1 1 1 1 1 1 1 1 1 1 1 1 1 1 1 1 1 1 1 1 1 1 1 1 1 1 1 1 1 1 1 1 1 1 1 1 1 1 1 1 1 1 1 1 1 1 1 1 1 1 1 1 1 1 1 1 1 1 1 1 1 1 1 1 1 1 1 1 1 1 1 1 1 1 1 1 1 1 1 1 1 1 1 1 1 1 1 1 1 1 1 1 1 1 1 1 1 1 1 1 1 1 1 1 1 1 1 1 1 1 1 1 1 1 1 1 1 1 1 1 1 1 1 1 1 1 1 1 1 1 1 1 1 1 1 1 1 1 1 1 1 1 1 1 1 1 1 1 1 1 1 1 1 1 1 1 1 1 1 1 1 1 1 1 1 1 1 1 1 1 1 1 1 1 1 1 1 1 1 1 1 1 1 1 1 1 1 1 1 1 1 1 1 1 1 1 1 1 1 1 1 1 1 1 1 1 1 1 1 1 1 1 1 1 1 1 1 1 1 1 1 1 1 1 1 1 1 1 1 1 1 1 1 1 1 1 1 1 1 1 1 1 1 1 1 1 0 0 0 0 0 0 1 1 1 1 1 1 1 1 1 1 1 0 1 1 1 1 1 1 1 1 0 1 1 1 1 1 1 1 1 1 1 1 1 1 1 1 1 1 1 1 1 1 1 1 1 1 1 1 1 1 1 1 1 1 1 1 1 1 1 1 1 1 1 1 1 1 1 1 1 1 1 1 1 1 1 1 1 1 1 1 1 1 1 1 1 1 1 1 1 1 1 1 1 1 1 1 1 1 1 1 1 1 1 1 1 1 1 1 1 1 1 1 
