# This file contains a 2D laser scan observation. 
# Its format is: 
# [aperture] [max_range] [number_of_scans] 
# [vector_of_scans] 
# [vector_of_valid_scans] 
# The aperture of the sensor is in radians, the maximum range 
# and measurements are in meters. '1' means a valid scan, '0' otherwise.
4.1847
5.6
682
0.942 0.947 0.949 0.95 0.95 0.954 0.959 0.959 0.96 0.96 0.961 0.962 0.969 0.971 0.972 0.98 0.98 0.987 0.987 0.993 0.995 1.003 1.007 1.012 1.015 1.023 1.025 1.027 1.028 1.031 1.034 1.039 1.04 1.051 1.051 1.061 1.062 1.07 1.075 1.075 1.077 1.086 1.093 1.096 1.097 1.105 1.108 1.114 1.123 1.133 1.139 1.143 1.144 1.156 1.158 1.165 1.174 1.174 1.184 1.188 1.204 1.213 1.218 1.229 1.229 1.248 1.249 1.252 1.265 1.271 1.281 1.291 1.301 1.307 1.314 1.329 1.336 1.343 1.357 1.379 1.558 1.626 1.626 1.626 1.624 1.621 1.616 1.612 1.608 1.605 1.597 1.595 1.595 1.59 1.588 1.582 1.577 1.572 1.569 1.569 1.569 1.562 1.558 1.545 1.544 1.544 1.542 1.542 1.537 1.536 1.535 1.533 1.53 1.529 1.524 1.518 1.515 1.51 1.463 0.465 0.465 0.465 0.464 0.464 0.464 0.461 0.457 0.457 0.457 0.457 0.457 0.46 0.46 0.46 0.467 0.468 0.467 0.467 0.467 0.463 0.455 0.455 0.453 0.453 0.458 0.459 0.459 0.459 0.453 0.453 0.449 0.442 0.419 0.374 0.357 0.32 0.311 0.311 0.31 0.302 0.299 0.299 0.296 0.296 0.296 0.301 0.3 0.301 0.301 0.3 0.3 0.296 0.296 0.297 0.299 0.298 0.298 0.297 0.296 0.295 0.293 0.293 0.296 0.298 0.298 0.298 0.297 0.296 0.296 0.296 0.296 0.301 0.307 0.307 0.308 0.313 0.319 0.319 0.315 0.315 0.315 0.315 0.315 0.317 0.322 0.32 0.325 0.325 0.326 0.343 0.4 0.497 0.497 0.497 0.455 0.326 0.309 0.304 0.303 0.291 0.291 0.29 0.289 0.287 0.287 0.284 0.287 0.289 0.29 0.294 0.294 0.296 0.297 0.297 0.296 0.297 0.303 0.303 0.307 0.308 0.308 0.308 0.308 0.308 0.312 0.312 0.312 0.312 0.31 0.31 0.309 0.309 0.309 0.316 0.316 0.316 0.319 0.323 0.325 0.325 0.329 0.327 0.329 0.332 0.332 0.332 0.334 0.334 0.34 0.34 0.34 0.34 0.341 0.342 0.351 0.352 0.352 0.352 0.357 0.359 0.36 0.362 0.362 0.365 0.369 0.369 0.371 0.374 0.379 0.382 0.382 0.382 0.383 0.383 0.389 0.395 0.396 0.396 0.401 0.401 0.401 0.407 0.414 0.414 0.414 0.415 0.421 0.424 0.425 0.426 0.438 0.438 0.441 0.446 0.446 0.455 0.457 0.462 0.463 0.467 0.468 0.468 0.47 0.478 0.487 0.491 0.493 0.497 0.498 0.498 0.503 0.511 0.519 0.528 0.532 0.538 0.539 0.552 0.555 0.557 0.562 0.57 0.575 0.585 0.588 0.592 0.593 0.604 0.616 0.632 0.64 0.642 0.647 0.665 0.672 0.674 0.687 0.699 0.706 0.714 0.738 0.744 0.745 0.752 0.773 0.8 0.802 0.812 0.823 0.896 0.934 0.936 0.936 0.936 0.934 0.934 0.933 0.93 0.93 0.93 0.93 0.93 0.931 0.932 0.932 0.932 0.931 0.93 0.921 0.921 0.919 0.921 0.921 0.921 0.919 0.922 0.911 0.911 0.917 0.92 0.92 0.921 0.923 0.928 0.936 0.936 0.928 0.916 0.916 0.916 0.926 0.926 0.926 0.911 0.905 0.905 0.905 3.181 3.181 3.182 3.182 3.181 3.182 3.182 3.182 3.184 3.188 3.189 0 0 0 2.904 2.889 2.885 2.885 2.885 2.898 0 0 0 0 0 0 3.25 3.25 3.25 3.259 0 0 0 0 0 0 0 0 0 0 0 0 0 0 0 0 0 0 0 0 3.413 3.413 3.413 3.423 3.426 3.435 3.445 3.453 3.464 3.476 3.477 3.497 3.498 3.523 3.527 3.531 3.531 3.531 3.481 3.443 3.443 3.443 0 0 0 0 0.007 3.146 2.403 2.376 2.343 2.34 2.305 2.253 2.235 2.217 2.19 2.179 2.16 2.138 2.128 2.108 2.087 2.079 2.075 2.047 2.04 2.02 2.004 1.993 1.989 1.989 1.989 2.01 0 0 0 0 0 0 0 0 0 0 0.792 0.783 0.782 0.782 0.773 0.767 0.756 0.754 0.754 0.748 0.748 0.747 0.737 0.735 0.732 0.728 0.727 0.722 0.718 0.706 0.705 0.705 0.705 0.698 0.696 0.696 0.687 0.689 0.689 0.684 0.683 0.681 0.675 0.669 0.669 0.669 0.658 0.657 0.656 0.652 0.652 0.651 0.65 0.65 0.646 0.645 0.643 0.639 0.634 0.632 0.632 0.631 0.625 0.62 0.62 0.616 0.621 0.621 0.621 0.619 0.619 0.619 0.611 0.61 0.604 0.601 0.601 0.601 0.598 0.596 0.592 0.59 0.59 0.592 0.592 0.591 0.591 0.589 0.584 0.584 0.584 0.584 0.583 0.583 0.582 0.582 0.58 0.579 0.575 0.574 0.572 0.572 0.565 0.565 0.572 0.572 0.559 0.5 0.442 0.442 0.442 0.439 0.443 0.448 0.443 0.442 0.442 0.437 0.437 0.436 0.434 0.434 0.42 0.42 0.42 0.421 0.423 0.427 0.428 0.431 0.432 0.435 0.435 0.436 0.435 0.435 0.428 0.433 0.433 0.435 0.435 0.435 0.435 0.434 0.431 0.431 0.431 0.442 0.452 0.466 4.926 0 0.007 0 4.926 3.302 3.153 3.076 3.076 3.076 3.076 
1 1 1 1 1 1 1 1 1 1 1 1 1 1 1 1 1 1 1 1 1 1 1 1 1 1 1 1 1 1 1 1 1 1 1 1 1 1 1 1 1 1 1 1 1 1 1 1 1 1 1 1 1 1 1 1 1 1 1 1 1 1 1 1 1 1 1 1 1 1 1 1 1 1 1 1 1 1 1 1 1 1 1 1 1 1 1 1 1 1 1 1 1 1 1 1 1 1 1 1 1 1 1 1 1 1 1 1 1 1 1 1 1 1 1 1 1 1 1 1 1 1 1 1 1 1 1 1 1 1 1 1 1 1 1 1 1 1 1 1 1 1 1 1 1 1 1 1 1 1 1 1 1 1 1 1 1 1 1 1 1 1 1 1 1 1 1 1 1 1 1 1 1 1 1 1 1 1 1 1 1 1 1 1 1 1 1 1 1 1 1 1 1 1 1 1 1 1 1 1 1 1 1 1 1 1 1 1 1 1 1 1 1 1 1 1 1 1 1 1 1 1 1 1 1 1 1 1 1 1 1 1 1 1 1 1 1 1 1 1 1 1 1 1 1 1 1 1 1 1 1 1 1 1 1 1 1 1 1 1 1 1 1 1 1 1 1 1 1 1 1 1 1 1 1 1 1 1 1 1 1 1 1 1 1 1 1 1 1 1 1 1 1 1 1 1 1 1 1 1 1 1 1 1 1 1 1 1 1 1 1 1 1 1 1 1 1 1 1 1 1 1 1 1 1 1 1 1 1 1 1 1 1 1 1 1 1 1 1 1 1 1 1 1 1 1 1 1 1 1 1 1 1 1 1 1 1 1 1 1 1 1 1 1 1 1 1 1 1 1 1 1 1 1 1 1 1 1 1 1 1 1 1 1 1 1 1 1 1 1 1 1 1 1 1 1 1 1 1 1 1 1 1 1 1 1 1 1 1 1 1 1 1 1 1 1 1 1 1 1 1 1 1 1 1 1 1 1 0 0 0 1 1 1 1 1 1 0 0 0 0 0 0 1 1 1 1 0 0 0 0 0 0 0 0 0 0 0 0 0 0 0 0 0 0 0 0 1 1 1 1 1 1 1 1 1 1 1 1 1 1 1 1 1 1 1 1 1 1 0 0 0 0 0 1 1 1 1 1 1 1 1 1 1 1 1 1 1 1 1 1 1 1 1 1 1 1 1 1 1 1 0 0 0 0 0 0 0 0 0 0 1 1 1 1 1 1 1 1 1 1 1 1 1 1 1 1 1 1 1 1 1 1 1 1 1 1 1 1 1 1 1 1 1 1 1 1 1 1 1 1 1 1 1 1 1 1 1 1 1 1 1 1 1 1 1 1 1 1 1 1 1 1 1 1 1 1 1 1 1 1 1 1 1 1 1 1 1 1 1 1 1 1 1 1 1 1 1 1 1 1 1 1 1 1 1 1 1 1 1 1 1 1 1 1 1 1 1 1 1 1 1 1 1 1 1 1 1 1 1 1 1 1 1 1 1 1 1 1 1 1 1 1 1 1 1 1 1 1 1 1 1 0 0 0 1 1 1 1 1 1 1 
