# This file contains a 2D laser scan observation. 
# Its format is: 
# [aperture] [max_range] [number_of_scans] 
# [vector_of_scans] 
# [vector_of_valid_scans] 
# The aperture of the sensor is in radians, the maximum range 
# and measurements are in meters. '1' means a valid scan, '0' otherwise.
4.1847
5.6
682
0.464 0.463 0.462 0.462 0.46 0.457 0.457 0.457 0.457 0.46 0.466 0.466 0.466 0.466 0.467 0.467 0.467 0.472 0.478 0.485 0.496 0.497 0.502 0.503 0.503 0.503 0.503 0.492 0.486 0.482 0.473 0.468 0.466 0.458 0.458 0.458 0.457 0.455 0.455 0.455 0.459 0.46 0.46 0.46 0.46 0.46 0.455 0.455 0.455 0.459 0.459 0.46 0.46 0.46 0.464 0.46 0.461 0.459 0.461 0.461 0.463 0.466 0.469 0.469 0.469 0.469 0.468 0.468 0.469 0.474 0.476 0.476 0.474 0.474 0.474 0.473 0.474 0.475 0.473 0.478 0.481 0.481 0.478 0.481 0.485 0.481 0.485 0.488 0.488 0.488 0.491 0.494 0.496 0.497 0.499 0.499 0.502 0.502 0.503 0.506 0.511 0.518 0.652 0.652 0.652 0.651 0.629 0.628 0.627 0.619 0.618 0.618 0.617 0.602 0.595 0.593 0.587 0.582 0.577 0.576 0.569 0.565 0.562 0.549 0.549 0.546 0.544 0.539 0.532 0.528 0.528 0.527 0.526 0.517 0.516 0.508 0.508 0.501 0.501 0.501 0.5 0.5 0.495 0.494 0.489 0.485 0.48 0.478 0.477 0.476 0.473 0.471 0.466 0.462 0.457 0.453 0.45 0.45 0.446 0.446 0.446 0.445 0.442 0.441 0.44 0.434 0.433 0.432 0.432 0.432 0.427 0.427 0.419 0.419 0.412 0.402 0.402 0.4 0.4 0.402 0.402 0.402 0.402 0.402 0.402 0.407 0.407 0.406 0.406 0.406 0.4 0.4 0.41 0.416 0.42 0.425 0.425 0.425 0.425 0.418 0.417 0.417 0.417 0.421 0.436 0.443 0.45 0.452 0.453 0.48 0.48 0.485 0.506 0.513 0.52 0.535 0.535 0.556 0.566 0.574 0.584 0.605 0.62 0.643 0.664 0.695 0.71 0.722 0.766 1.479 1.483 1.483 1.483 1.481 1.48 1.474 1.473 1.473 1.472 1.469 1.465 1.465 1.454 1.454 1.452 1.454 1.454 1.459 1.754 1.885 1.886 1.898 1.898 1.898 1.902 1.902 2.032 2.389 0 0.007 2.612 2.611 2.612 2.611 2.611 2.605 2.605 2.605 2.607 2.61 0 0 0 0 0 0 0 0 0 0 2.29 2.288 2.288 2.285 2.271 2.271 2.283 2.283 2.293 2.302 2.302 2.324 2.362 2.649 2.649 2.654 2.654 2.654 2.658 0 0 0 0 0 0 0 0 0 0 0 0 0 0 0 0 0 0 0 0 0 0 0 0 0 0 0 2.805 2.805 2.805 2.813 2.816 2.82 2.83 2.835 2.846 2.852 2.854 2.867 2.878 2.884 2.89 2.898 2.909 2.921 2.924 2.924 2.924 2.905 2.884 2.853 2.814 2.787 2.762 2.762 2.762 2.72 2.687 0 2.544 2.45 2.45 2.45 1.795 1.775 1.768 1.755 1.724 1.713 1.702 1.681 1.672 1.658 1.639 1.632 1.612 1.601 1.596 1.578 1.561 1.548 1.535 1.528 1.523 1.509 1.498 1.486 1.479 1.463 1.449 1.445 1.432 1.426 1.407 1.405 1.391 1.387 1.385 1.366 1.365 1.347 1.339 1.333 1.315 1.31 1.308 1.301 1.295 1.288 1.279 1.275 1.264 1.256 1.256 1.254 1.236 1.236 1.234 1.229 1.22 1.217 1.207 1.205 1.196 1.192 1.191 1.189 1.185 1.18 1.176 1.171 1.171 1.165 1.164 1.155 1.151 1.14 1.136 1.135 1.125 1.119 1.116 1.114 1.111 1.107 1.106 1.104 1.097 1.092 1.086 1.084 1.081 1.08 1.078 1.069 1.067 1.065 1.063 1.058 1.058 1.055 1.054 1.053 1.052 1.049 1.042 1.04 1.037 1.037 1.036 1.036 1.03 1.029 1.025 1.022 1.02 1.02 1.019 1.017 1.017 1.017 1.016 1.011 1.011 1.011 1.011 1.009 1.004 1.004 0.999 0.992 0.992 0.988 0.991 0.988 0.988 0.988 0.987 0.986 0.986 0.984 0.984 0.984 0.984 0.981 0.98 0.977 0.976 0.968 0.968 0.965 0.958 0.359 0.345 0.344 0.34 0.34 0.339 0.342 0.342 0.349 0.349 0.36 0.362 0.376 0.379 0.379 0.376 0.367 0.367 0.365 0.36 0.357 0.348 0.344 0.34 0.34 0.34 0.338 0.34 0.34 0.341 0.341 0.341 0.34 0.339 0.339 0.339 0.339 0.339 0.336 0.336 0.339 0.339 0.339 0.339 0.343 0.343 0.343 0.343 0.344 0.344 0.343 0.344 0.344 0.346 0.347 0.349 0.347 0.347 0.347 0.347 0.347 0.349 0.349 0.35 0.351 0.351 0.351 0.351 0.35 0.35 0.35 0.355 0.358 0.358 0.36 0.36 0.362 0.362 0.362 0.364 0.365 0.364 0.361 0.365 0.365 0.365 0.368 0.371 0.371 0.371 0.371 0.372 0.372 0.372 0.373 0.375 0.381 0.381 0.381 0.382 0.386 0.387 0.387 0.389 0.392 0.392 0.393 0.393 0.397 0.398 0.398 0.398 0.4 0.399 0.4 0.406 0.407 0.407 0.408 0.411 0.414 0.414 0.414 0.416 0.42 0.422 0.423 0.425 0.429 0.429 0.43 0.43 0.436 0.436 0.438 0.438 0.442 0.443 0.449 0.45 0.451 0.461 0.461 0.462 0.466 0.466 0.467 0.468 0.473 0.474 0.478 0.484 0.484 0.489 0.498 0.503 0.507 0.508 0.508 0.509 0.516 0.526 0.531 0.531 0.539 0.544 0.549 0.553 0.595 0.596 0.596 
1 1 1 1 1 1 1 1 1 1 1 1 1 1 1 1 1 1 1 1 1 1 1 1 1 1 1 1 1 1 1 1 1 1 1 1 1 1 1 1 1 1 1 1 1 1 1 1 1 1 1 1 1 1 1 1 1 1 1 1 1 1 1 1 1 1 1 1 1 1 1 1 1 1 1 1 1 1 1 1 1 1 1 1 1 1 1 1 1 1 1 1 1 1 1 1 1 1 1 1 1 1 1 1 1 1 1 1 1 1 1 1 1 1 1 1 1 1 1 1 1 1 1 1 1 1 1 1 1 1 1 1 1 1 1 1 1 1 1 1 1 1 1 1 1 1 1 1 1 1 1 1 1 1 1 1 1 1 1 1 1 1 1 1 1 1 1 1 1 1 1 1 1 1 1 1 1 1 1 1 1 1 1 1 1 1 1 1 1 1 1 1 1 1 1 1 1 1 1 1 1 1 1 1 1 1 1 1 1 1 1 1 1 1 1 1 1 1 1 1 1 1 1 1 1 1 1 1 1 1 1 1 1 1 1 1 1 1 1 1 1 1 1 1 1 1 1 1 1 1 1 1 1 1 1 1 1 1 0 0 1 1 1 1 1 1 1 1 1 1 0 0 0 0 0 0 0 0 0 0 1 1 1 1 1 1 1 1 1 1 1 1 1 1 1 1 1 1 1 0 0 0 0 0 0 0 0 0 0 0 0 0 0 0 0 0 0 0 0 0 0 0 0 0 0 0 1 1 1 1 1 1 1 1 1 1 1 1 1 1 1 1 1 1 1 1 1 1 1 1 1 1 1 1 1 1 1 0 1 1 1 1 1 1 1 1 1 1 1 1 1 1 1 1 1 1 1 1 1 1 1 1 1 1 1 1 1 1 1 1 1 1 1 1 1 1 1 1 1 1 1 1 1 1 1 1 1 1 1 1 1 1 1 1 1 1 1 1 1 1 1 1 1 1 1 1 1 1 1 1 1 1 1 1 1 1 1 1 1 1 1 1 1 1 1 1 1 1 1 1 1 1 1 1 1 1 1 1 1 1 1 1 1 1 1 1 1 1 1 1 1 1 1 1 1 1 1 1 1 1 1 1 1 1 1 1 1 1 1 1 1 1 1 1 1 1 1 1 1 1 1 1 1 1 1 1 1 1 1 1 1 1 1 1 1 1 1 1 1 1 1 1 1 1 1 1 1 1 1 1 1 1 1 1 1 1 1 1 1 1 1 1 1 1 1 1 1 1 1 1 1 1 1 1 1 1 1 1 1 1 1 1 1 1 1 1 1 1 1 1 1 1 1 1 1 1 1 1 1 1 1 1 1 1 1 1 1 1 1 1 1 1 1 1 1 1 1 1 1 1 1 1 1 1 1 1 1 1 1 1 1 1 1 1 1 1 1 1 1 1 1 1 1 1 1 1 1 1 1 1 1 1 1 1 1 1 1 1 1 1 1 1 1 1 1 1 1 1 1 1 1 1 1 1 1 1 1 1 1 1 1 1 1 1 1 1 1 1 1 1 1 1 1 1 1 1 1 1 1 1 1 1 
