# This file contains a 2D laser scan observation. 
# Its format is: 
# [aperture] [max_range] [number_of_scans] 
# [vector_of_scans] 
# [vector_of_valid_scans] 
# The aperture of the sensor is in radians, the maximum range 
# and measurements are in meters. '1' means a valid scan, '0' otherwise.
4.1847
5.6
682
0.581 0.581 0.583 0.583 0.583 0.583 0.581 0.581 0.581 0.588 0.74 0.812 0.82 0.821 0.821 0.821 0.821 0.818 0.817 0.817 0.818 0.82 0.82 0.823 0.82 0.816 0.808 0.76 0.756 0.75 0.749 0.75 0.755 0.753 0.754 0.754 0.753 0.748 0.729 0.709 0.67 0.57 0.379 0.355 0.355 0.355 0.354 0.355 0.355 0.354 0.354 0.353 0.352 0.351 0.351 0.351 0.351 0.351 0.351 0.351 0.35 0.337 0.336 0.336 0.336 0.336 0.336 0.336 0.33 0.33 0.33 0.333 0.333 0.333 0.333 0.333 0.333 0.334 0.334 0.335 0.335 0.335 0.336 0.336 0.341 0.341 0.341 0.341 0.346 0.346 0.346 0.346 0.35 0.35 0.352 0.352 0.355 0.355 0.356 0.357 0.358 0.358 0.36 0.361 0.361 0.361 0.364 0.364 0.364 0.364 0.366 0.366 0.366 0.378 0.378 0.38 0.381 0.381 0.383 0.385 0.385 0.385 0.392 0.393 0.393 0.394 0.397 0.403 0.405 0.406 0.406 0.41 0.415 0.416 0.417 0.42 0.421 0.423 0.43 0.43 0.432 0.434 0.434 0.437 0.437 0.438 0.448 0.449 0.455 0.458 0.461 0.462 0.462 0.463 0.47 0.472 0.479 0.479 0.48 0.489 0.49 0.49 0.494 0.497 0.505 0.507 0.508 0.536 0.568 1.408 1.465 1.465 1.465 1.394 1.393 1.391 1.38 1.371 1.368 1.362 1.362 1.36 1.355 1.352 1.341 1.34 1.338 1.331 1.322 1.321 1.32 1.311 1.31 1.308 1.301 1.301 1.301 1.301 1.294 1.282 1.274 1.272 1.272 1.268 1.264 1.261 1.256 1.256 1.246 1.243 1.243 1.243 1.241 1.238 1.234 1.231 1.23 1.224 1.222 1.222 1.216 1.207 1.204 1.204 1.204 1.215 1.252 1.26 1.294 1.326 1.362 1.423 1.445 1.513 1.569 1.608 1.646 1.647 1.647 1.653 1.653 1.654 1.872 1.892 0 0 0 0 0.007 0 0.007 0 0 0 2.352 2.351 2.348 2.343 2.343 2.348 2.348 2.35 2.35 2.34 2.339 2.337 2.334 2.085 2.05 2.042 2.015 2.009 2.007 2.004 2.004 2.004 2.001 1.991 1.989 1.989 1.991 1.995 1.995 2.003 2.022 2.037 2.053 2.366 2.373 2.373 2.37 2.37 2.37 2.37 2.37 2.374 0 0 0 0 0 0 0 0 0 0 0 0 0 0 0 0 0 0 0 0 0 0 0 0 0 0 0 0 2.497 2.497 2.497 2.502 2.515 2.518 2.52 2.528 2.53 2.542 2.542 2.553 2.559 2.572 2.574 2.584 2.588 2.594 2.605 2.614 2.617 2.622 2.625 2.625 2.625 2.584 2.554 2.551 2.511 2.484 2.45 2.429 2.429 2.392 2.372 1.471 1.471 1.471 1.483 2.204 2.229 2.229 2.204 1.502 1.494 1.483 1.463 1.453 1.436 1.426 1.408 1.396 1.394 1.385 1.374 1.36 1.339 1.338 1.334 1.324 1.323 1.306 1.293 1.279 1.278 1.261 1.258 1.246 1.246 1.234 1.225 1.221 1.217 1.216 1.216 1.216 1.22 1.22 1.22 1.218 1.212 1.179 1.169 1.163 1.15 1.144 1.128 1.119 1.098 1.098 1.098 1.117 0.007 0 0 0 0 0 0 0 0 0 0 0 0 0.007 1.93 1.896 1.904 1.902 1.904 1.904 0 0 0 0 0 1.922 1.917 1.917 1.917 0 0 0 0 1.773 1.773 1.773 1.773 0 0.007 0 0.007 0 0 0 0 0 0 0 0.007 0 1.677 1.737 1.722 1.677 1.703 1.703 1.703 1.703 1.713 1.723 1.724 1.724 1.724 1.718 1.689 1.689 1.689 1.689 1.688 1.688 1.666 1.666 1.666 1.675 1.686 1.69 1.69 1.691 1.691 1.691 1.689 1.689 1.678 1.661 1.659 1.656 1.653 1.653 1.652 1.65 1.65 1.646 1.639 1.639 1.637 1.637 1.637 1.637 1.595 1.58 1.574 1.574 1.58 1.586 1.586 1.586 1.586 1.586 1.585 1.578 1.568 1.568 1.568 1.589 1.61 1.628 1.653 1.667 1.678 1.678 1.687 1.742 1.745 1.749 1.756 1.758 1.758 1.749 1.748 1.741 1.739 1.711 1.7 1.691 1.687 1.687 1.687 1.693 1.695 1.695 1.697 1.701 1.709 1.716 1.774 1.774 1.774 1.692 1.692 1.692 1.805 1.814 1.82 1.821 1.828 1.832 1.835 1.84 1.841 1.842 1.85 1.851 1.852 1.854 1.855 1.864 1.864 1.855 0.708 0.691 0.675 0.657 0.648 0.64 0.622 0.621 0.608 0.598 0.588 0.58 0.58 0.575 0.554 0.545 0.487 0.476 0.476 0.476 0.504 0.506 0.506 0.504 0.504 0.504 0.496 0.493 0.479 0.477 0.471 0.466 0.464 0.462 0.452 0.45 0.449 0.442 0.435 0.433 0.429 0.429 0.425 0.425 0.418 0.413 0.405 0.401 0.4 0.4 0.396 0.394 0.392 0.39 0.388 0.386 0.379 0.378 0.375 0.373 0.372 0.368 0.368 0.367 0.364 0.36 0.359 0.358 0.354 0.348 0.343 0.343 0.342 0.336 0.336 0.339 0.336 0.339 0.339 0.332 0.33 0.328 0.327 0.327 0.322 0.322 0.322 0.326 0.326 0.328 0.328 0.328 0.328 0.328 0.328 0.33 0.336 0.336 
1 1 1 1 1 1 1 1 1 1 1 1 1 1 1 1 1 1 1 1 1 1 1 1 1 1 1 1 1 1 1 1 1 1 1 1 1 1 1 1 1 1 1 1 1 1 1 1 1 1 1 1 1 1 1 1 1 1 1 1 1 1 1 1 1 1 1 1 1 1 1 1 1 1 1 1 1 1 1 1 1 1 1 1 1 1 1 1 1 1 1 1 1 1 1 1 1 1 1 1 1 1 1 1 1 1 1 1 1 1 1 1 1 1 1 1 1 1 1 1 1 1 1 1 1 1 1 1 1 1 1 1 1 1 1 1 1 1 1 1 1 1 1 1 1 1 1 1 1 1 1 1 1 1 1 1 1 1 1 1 1 1 1 1 1 1 1 1 1 1 1 1 1 1 1 1 1 1 1 1 1 1 1 1 1 1 1 1 1 1 1 1 1 1 1 1 1 1 1 1 1 1 1 1 1 1 1 1 1 1 1 1 1 1 1 1 1 1 1 1 1 1 1 1 1 1 1 1 1 1 1 1 1 1 1 1 1 1 1 1 1 1 1 1 0 0 0 0 0 0 0 0 0 0 1 1 1 1 1 1 1 1 1 1 1 1 1 1 1 1 1 1 1 1 1 1 1 1 1 1 1 1 1 1 1 1 1 1 1 1 1 1 1 1 1 1 0 0 0 0 0 0 0 0 0 0 0 0 0 0 0 0 0 0 0 0 0 0 0 0 0 0 0 0 1 1 1 1 1 1 1 1 1 1 1 1 1 1 1 1 1 1 1 1 1 1 1 1 1 1 1 1 1 1 1 1 1 1 1 1 1 1 1 1 1 1 1 1 1 1 1 1 1 1 1 1 1 1 1 1 1 1 1 1 1 1 1 1 1 1 1 1 1 1 1 1 1 1 1 1 1 1 1 1 1 1 1 1 1 1 1 1 1 1 1 1 0 0 0 0 0 0 0 0 0 0 0 0 0 0 1 1 1 1 1 1 0 0 0 0 0 1 1 1 1 0 0 0 0 1 1 1 1 0 0 0 0 0 0 0 0 0 0 0 0 0 1 1 1 1 1 1 1 1 1 1 1 1 1 1 1 1 1 1 1 1 1 1 1 1 1 1 1 1 1 1 1 1 1 1 1 1 1 1 1 1 1 1 1 1 1 1 1 1 1 1 1 1 1 1 1 1 1 1 1 1 1 1 1 1 1 1 1 1 1 1 1 1 1 1 1 1 1 1 1 1 1 1 1 1 1 1 1 1 1 1 1 1 1 1 1 1 1 1 1 1 1 1 1 1 1 1 1 1 1 1 1 1 1 1 1 1 1 1 1 1 1 1 1 1 1 1 1 1 1 1 1 1 1 1 1 1 1 1 1 1 1 1 1 1 1 1 1 1 1 1 1 1 1 1 1 1 1 1 1 1 1 1 1 1 1 1 1 1 1 1 1 1 1 1 1 1 1 1 1 1 1 1 1 1 1 1 1 1 1 1 1 1 1 1 1 1 1 1 1 1 1 1 1 1 1 1 1 1 1 1 1 1 1 1 1 1 
