# This file contains a 2D laser scan observation. 
# Its format is: 
# [aperture] [max_range] [number_of_scans] 
# [vector_of_scans] 
# [vector_of_valid_scans] 
# The aperture of the sensor is in radians, the maximum range 
# and measurements are in meters. '1' means a valid scan, '0' otherwise.
4.1847
5.6
682
0.861 0.859 0.396 0.391 0.391 0.391 0.396 0.398 0.4 0.401 0.406 0.407 0.409 0.413 0.413 0.413 0.409 0.371 0.367 0.361 0.361 0.361 0.367 0.372 0.372 0.372 0.37 0.366 0.366 0.36 0.36 0.353 0.353 0.353 0.355 0.355 0.364 0.36 0.36 0.36 0.36 0.36 0.358 0.355 0.358 0.355 0.355 0.358 0.358 0.36 0.36 0.358 0.358 0.36 0.355 0.36 0.361 0.36 0.362 0.362 0.362 0.366 0.366 0.366 0.366 0.366 0.366 0.366 0.362 0.366 0.369 0.37 0.37 0.372 0.37 0.372 0.372 0.374 0.374 0.378 0.378 0.382 0.385 0.39 0.392 0.392 0.392 0.391 0.391 0.391 0.393 0.402 0.407 0.402 0.401 0.407 0.407 0.407 0.407 0.409 0.409 0.41 0.413 0.413 0.417 0.417 0.417 0.42 0.421 0.422 0.422 0.422 0.424 0.426 0.426 0.429 0.43 0.431 0.434 0.437 0.437 0.441 0.445 0.448 0.448 0.449 0.45 0.45 0.453 0.454 0.457 0.459 0.459 0.459 0.468 0.468 0.473 0.474 0.477 0.502 0.502 0.516 0.519 0 0 0 0 0.007 1.277 1.269 1.277 1.277 1.284 1.297 1.305 1.305 1.331 1.341 1.346 1.392 1.413 1.414 1.414 1.414 1.332 1.329 1.329 1.324 1.323 1.32 1.316 1.311 1.303 1.303 1.293 1.292 1.276 1.274 1.267 1.262 1.26 1.256 1.255 1.246 1.245 1.243 1.243 1.243 1.238 1.237 1.215 1.215 1.212 1.212 1.212 1.204 1.199 1.197 1.194 1.188 1.183 1.181 1.181 1.175 1.167 1.167 1.162 1.156 1.156 1.154 1.153 1.152 1.136 1.136 1.135 1.135 1.136 1.137 1.15 1.177 1.192 1.217 1.243 1.265 1.292 1.324 1.351 1.364 1.401 1.466 1.493 1.559 0.007 0 0 0.008 0 0 0.008 0.008 0 0 0 0 0 0 0 0 2.269 2.268 2.264 2.264 2.261 2.261 2.26 2.26 2.26 2.26 2.26 2.26 2.255 2.253 2.255 2.253 2.252 2.182 1.969 1.946 1.935 1.92 1.92 1.917 1.916 1.904 1.904 1.904 1.904 1.904 1.905 1.907 1.909 1.914 1.916 1.921 1.949 1.949 2.269 2.269 2.269 2.269 2.269 2.271 2.275 2.279 2.28 2.282 0 0 0 0 0 0 0 0 0 0 0 0 0 0 0 0 0 0 0 0 0 0 0 0 0 0 0 0 0 0 2.4 2.4 2.4 2.406 2.414 2.415 2.424 2.435 2.435 2.436 2.449 2.452 2.457 2.471 2.478 2.482 2.489 2.497 2.501 2.509 2.516 2.522 2.532 2.532 2.532 2.501 2.469 2.452 2.422 2.396 2.369 2.342 2.319 2.304 2.279 2.248 1.366 1.363 1.363 1.363 2.106 2.106 2.123 2.106 2.1 1.391 1.389 1.365 1.354 1.344 1.333 1.331 1.312 1.31 1.305 1.283 1.278 1.265 1.255 1.251 1.239 1.227 1.22 1.213 1.198 1.185 1.18 1.166 1.161 1.158 1.15 1.144 1.141 1.13 1.119 1.111 1.106 1.102 1.094 1.089 1.082 1.08 1.078 1.077 1.077 1.076 1.076 1.069 1.065 1.05 1.027 1.006 1.005 0.988 0.988 0.988 0 0 0 0 0 0 0 0 0 0 0 0 0 0 0 0 0 0 0 0 0 0 0 0 0 0 0 0 0 0 0 0 0 0 0 0 0.007 0 0 0 0 0 1.56 1.53 1.53 1.53 1.593 1.609 1.611 1.611 1.621 1.628 1.631 1.631 1.666 1.668 1.668 1.666 1.664 1.662 1.655 1.655 1.662 1.655 1.655 1.639 1.625 1.624 1.624 1.624 1.624 1.631 1.631 1.634 1.631 1.631 1.632 1.634 1.632 1.632 1.629 1.629 1.629 1.623 1.617 1.617 1.607 1.6 1.574 1.567 1.564 1.564 1.557 1.554 1.557 1.567 1.563 1.567 1.576 1.587 1.588 1.588 1.587 1.572 1.503 1.503 1.503 1.53 1.553 1.566 1.593 1.595 1.6 1.608 1.62 1.62 1.624 1.626 1.626 1.628 1.63 1.64 1.643 1.644 1.645 1.649 1.656 1.708 1.719 1.723 1.723 1.723 1.713 1.696 1.669 1.662 1.662 1.662 1.662 1.663 1.663 1.668 1.669 1.671 1.671 1.671 1.676 1.691 1.694 1.7 1.754 1.754 1.754 1.694 1.694 1.694 1.794 1.796 1.804 1.807 1.809 1.81 1.817 1.82 1.835 1.836 1.841 1.842 1.846 1.847 1.856 1.864 1.867 1.868 1.872 1.882 1.883 1.891 1.894 1.9 1.905 1.905 0 0.007 1.78 1.78 1.78 1.75 0.715 0.695 0.68 0.674 0.673 0.661 0.655 0.654 0.645 0.645 0.628 0.628 0.614 0.614 0.613 0.613 0.594 0.588 0.582 0.581 0.576 0.569 0.568 0.555 0.553 0.551 0.509 0.505 0.499 0.498 0.499 0.505 0.507 0.516 0.52 0.52 0.52 0.516 0.515 0.509 0.507 0.503 0.503 0.499 0.493 0.493 0.484 0.478 0.478 0.476 0.474 0.47 0.47 0.468 0.466 0.466 0.46 0.459 0.458 0.456 0.454 0.45 0.448 0.448 0.448 0.441 0.437 0.437 0.437 0.437 0.435 0.431 
1 1 1 1 1 1 1 1 1 1 1 1 1 1 1 1 1 1 1 1 1 1 1 1 1 1 1 1 1 1 1 1 1 1 1 1 1 1 1 1 1 1 1 1 1 1 1 1 1 1 1 1 1 1 1 1 1 1 1 1 1 1 1 1 1 1 1 1 1 1 1 1 1 1 1 1 1 1 1 1 1 1 1 1 1 1 1 1 1 1 1 1 1 1 1 1 1 1 1 1 1 1 1 1 1 1 1 1 1 1 1 1 1 1 1 1 1 1 1 1 1 1 1 1 1 1 1 1 1 1 1 1 1 1 1 1 1 1 1 1 1 1 1 0 0 0 0 0 1 1 1 1 1 1 1 1 1 1 1 1 1 1 1 1 1 1 1 1 1 1 1 1 1 1 1 1 1 1 1 1 1 1 1 1 1 1 1 1 1 1 1 1 1 1 1 1 1 1 1 1 1 1 1 1 1 1 1 1 1 1 1 1 1 1 1 1 1 1 1 1 1 1 1 1 1 1 1 1 1 1 1 1 0 0 0 0 0 0 0 0 0 0 0 0 0 0 0 0 1 1 1 1 1 1 1 1 1 1 1 1 1 1 1 1 1 1 1 1 1 1 1 1 1 1 1 1 1 1 1 1 1 1 1 1 1 1 1 1 1 1 1 1 1 1 1 1 0 0 0 0 0 0 0 0 0 0 0 0 0 0 0 0 0 0 0 0 0 0 0 0 0 0 0 0 0 0 1 1 1 1 1 1 1 1 1 1 1 1 1 1 1 1 1 1 1 1 1 1 1 1 1 1 1 1 1 1 1 1 1 1 1 1 1 1 1 1 1 1 1 1 1 1 1 1 1 1 1 1 1 1 1 1 1 1 1 1 1 1 1 1 1 1 1 1 1 1 1 1 1 1 1 1 1 1 1 1 1 1 1 1 1 1 1 1 1 1 1 1 1 1 1 1 0 0 0 0 0 0 0 0 0 0 0 0 0 0 0 0 0 0 0 0 0 0 0 0 0 0 0 0 0 0 0 0 0 0 0 0 0 0 0 0 0 0 1 1 1 1 1 1 1 1 1 1 1 1 1 1 1 1 1 1 1 1 1 1 1 1 1 1 1 1 1 1 1 1 1 1 1 1 1 1 1 1 1 1 1 1 1 1 1 1 1 1 1 1 1 1 1 1 1 1 1 1 1 1 1 1 1 1 1 1 1 1 1 1 1 1 1 1 1 1 1 1 1 1 1 1 1 1 1 1 1 1 1 1 1 1 1 1 1 1 1 1 1 1 1 1 1 1 1 1 1 1 1 1 1 1 1 1 1 1 1 1 1 1 1 1 1 1 1 1 1 1 1 1 1 1 1 1 1 1 1 1 0 0 1 1 1 1 1 1 1 1 1 1 1 1 1 1 1 1 1 1 1 1 1 1 1 1 1 1 1 1 1 1 1 1 1 1 1 1 1 1 1 1 1 1 1 1 1 1 1 1 1 1 1 1 1 1 1 1 1 1 1 1 1 1 1 1 1 1 1 1 1 1 1 1 1 1 1 1 
