# This file contains a 2D laser scan observation. 
# Its format is: 
# [aperture] [max_range] [number_of_scans] 
# [vector_of_scans] 
# [vector_of_valid_scans] 
# The aperture of the sensor is in radians, the maximum range 
# and measurements are in meters. '1' means a valid scan, '0' otherwise.
4.1847
5.6
682
1.011 1.064 1.087 1.087 1.087 1.085 1.085 1.085 1.085 1.088 1.088 1.088 1.09 1.088 1.086 1.086 1.086 1.085 1.083 1.076 1.076 1.076 1.076 1.076 1.071 1.071 1.071 0 0 0 0 0 0 0 1.09 1.076 1.076 1.076 1.076 1.077 1.078 1.08 1.08 1.081 1.081 1.081 1.086 1.087 1.088 1.088 1.088 1.094 1.094 1.1 1.103 1.105 1.103 1.105 1.106 1.109 1.111 1.114 1.114 1.118 1.118 1.122 1.124 1.125 1.134 1.134 1.134 1.13 1.13 1.13 0 0 0 0 0.007 0 0 0 0 0 0 1.19 1.189 1.183 1.164 1.164 1.164 1.226 1.235 1.24 1.242 1.244 1.254 1.258 1.258 1.258 1.258 1.2 1.185 1.182 1.176 1.174 1.153 1.138 1.13 1.122 1.106 1.104 1.091 1.091 1.091 0 0 0 1.021 1.02 1.009 1.006 1.006 0.999 0.986 0.981 0.966 0.959 0.956 0.952 0.946 0.929 0.927 0.923 0.923 0.915 0.906 0.903 0.89 0.889 0.888 0.866 0.859 0.859 0.859 0.857 0.852 0.852 0.852 0.858 0.859 0.875 0.877 0.883 0.884 0.889 0.894 0.91 0.911 0.921 0.925 0.941 0.942 0.945 0.956 0.97 0.973 0.983 0.987 1 1 1 0.694 0.693 0.693 0.694 0.706 0.992 1.066 1.1 1.111 1.123 1.139 1.142 1.214 1.214 1.214 1.211 1.202 1.198 1.198 1.196 1.196 1.196 1.198 0 0 0 0 0 0 0 0 1.434 1.434 1.422 1.434 0.007 0 0 0 0 0 0 1.659 1.659 1.659 1.706 1.726 1.769 1.878 1.878 1.879 1.878 1.878 1.875 1.865 1.861 1.859 1.859 1.859 1.857 1.853 1.851 1.846 1.844 1.842 1.833 1.833 1.833 1.831 1.829 1.504 1.492 1.478 1.478 1.473 1.471 1.467 1.458 1.446 1.445 1.444 1.444 1.444 1.444 1.445 1.448 1.448 1.445 1.449 1.448 1.448 1.45 1.458 1.458 1.464 1.488 1.808 1.81 1.81 1.81 1.809 1.809 1.809 1.809 1.809 1.811 1.811 1.818 1.818 0 0 0 0 0.007 0 0 0 0 0 0 0 0 0 0 0 0 0 0 0 0 0.007 0 0.007 1.616 1.616 0 1.616 0 0.007 1.587 1.587 0 0 0 0 0.007 1.893 1.893 1.898 1.898 1.901 1.907 1.916 1.919 1.92 1.924 1.935 1.939 1.943 1.949 1.95 1.951 1.964 1.966 1.967 1.967 1.98 1.987 1.995 1.998 2.003 2.004 2.016 2.017 2.026 2.026 2.039 2.039 2.039 2.027 1.991 1.981 1.962 1.928 1.912 1.894 1.867 1.853 1.845 1.823 1.795 1.784 1.772 1.742 1.731 1.712 1.706 1.687 1.014 0.89 0.89 0.89 0.89 0.897 0.898 1.55 1.55 1.55 1.545 1.511 1.498 0.91 0.885 0.879 0.876 0.868 0.859 0.857 0.847 0.84 0.834 0.829 0.82 0.819 0.817 0.815 0.814 0.803 0.802 0.801 0.798 0.797 0.791 0.786 0.773 0.77 0.77 0.764 0.763 0.762 0.758 0.756 0.749 0.745 0.744 0.742 0.739 0.733 0.731 0.729 0.726 0.724 0.723 0.718 0.711 0.71 0.708 0.7 0.696 0.696 0.694 0.694 0.687 0.687 0.686 0.685 0.682 0.677 0.672 0.67 0.67 0.67 0.67 0.669 0.664 0.657 0.656 0.656 0.657 0.657 0.655 0.656 0.65 0.65 0.65 0.647 0.64 0.64 0.638 0.638 0.634 0.637 0.631 0.629 0.622 0.62 0.62 0.62 0.623 0.623 0.624 0.623 0.623 0.624 0.622 0.622 0.62 0.62 0.617 0.617 0.612 0.612 0.608 0.604 0.604 0.604 0.603 0.603 0.602 0.602 0.601 0.602 0.602 0.603 0.602 0.602 0.599 0.594 0.594 0.594 0.597 0.597 0.6 0.597 0.593 0.591 0.591 0.59 0.586 0.586 0.586 0.585 0.585 0.583 0.582 0.58 0.579 0.58 0.579 0.579 0.579 0.581 0.578 0.581 0.581 0.582 0.582 0.589 0.596 0.596 0.596 0.596 0.596 0.601 0.601 0.601 0.601 0.601 0.601 0.616 0.617 0.622 0.644 0.649 0.657 0.657 0.657 0.652 0.652 0.652 0.661 0.696 0.713 0.765 0.766 0.77 0 0 0 0.007 0 0 0 0 0 0.007 0 0.007 1.3 1.3 1.309 1.309 1.309 1.309 1.317 1.317 1.346 1.367 1.375 1.375 1.369 1.392 1.392 1.396 1.417 1.425 1.441 1.444 1.447 1.46 1.468 1.494 1.503 1.515 1.543 1.546 1.553 1.605 1.605 1.605 1.583 1.571 1.57 1.57 1.571 1.576 1.586 1.588 1.589 1.605 1.607 1.612 1.623 1.628 1.631 1.642 1.653 1.668 1.722 1.773 0 0 0 0 1.824 1.824 1.824 1.845 1.849 1.857 1.864 1.883 1.885 1.893 1.91 1.915 1.923 1.928 1.933 1.955 1.955 1.955 1.954 1.945 1.929 1.929 1.929 0 0 0 0 1.845 1.83 1.824 1.807 1.797 1.787 1.78 1.765 1.753 1.751 1.735 1.722 1.72 1.71 1.7 1.696 1.693 1.679 1.671 1.657 1.652 1.642 1.635 1.625 1.623 1.612 1.604 1.601 1.6 
1 1 1 1 1 1 1 1 1 1 1 1 1 1 1 1 1 1 1 1 1 1 1 1 1 1 1 0 0 0 0 0 0 0 1 1 1 1 1 1 1 1 1 1 1 1 1 1 1 1 1 1 1 1 1 1 1 1 1 1 1 1 1 1 1 1 1 1 1 1 1 1 1 1 0 0 0 0 0 0 0 0 0 0 0 1 1 1 1 1 1 1 1 1 1 1 1 1 1 1 1 1 1 1 1 1 1 1 1 1 1 1 1 1 1 0 0 0 1 1 1 1 1 1 1 1 1 1 1 1 1 1 1 1 1 1 1 1 1 1 1 1 1 1 1 1 1 1 1 1 1 1 1 1 1 1 1 1 1 1 1 1 1 1 1 1 1 1 1 1 1 1 1 1 1 1 1 1 1 1 1 1 1 1 1 1 1 1 1 1 1 1 1 1 1 0 0 0 0 0 0 0 0 1 1 1 1 0 0 0 0 0 0 0 1 1 1 1 1 1 1 1 1 1 1 1 1 1 1 1 1 1 1 1 1 1 1 1 1 1 1 1 1 1 1 1 1 1 1 1 1 1 1 1 1 1 1 1 1 1 1 1 1 1 1 1 1 1 1 1 1 1 1 1 1 1 1 1 1 1 1 0 0 0 0 0 0 0 0 0 0 0 0 0 0 0 0 0 0 0 0 0 0 0 0 1 1 0 1 0 0 1 1 0 0 0 0 0 1 1 1 1 1 1 1 1 1 1 1 1 1 1 1 1 1 1 1 1 1 1 1 1 1 1 1 1 1 1 1 1 1 1 1 1 1 1 1 1 1 1 1 1 1 1 1 1 1 1 1 1 1 1 1 1 1 1 1 1 1 1 1 1 1 1 1 1 1 1 1 1 1 1 1 1 1 1 1 1 1 1 1 1 1 1 1 1 1 1 1 1 1 1 1 1 1 1 1 1 1 1 1 1 1 1 1 1 1 1 1 1 1 1 1 1 1 1 1 1 1 1 1 1 1 1 1 1 1 1 1 1 1 1 1 1 1 1 1 1 1 1 1 1 1 1 1 1 1 1 1 1 1 1 1 1 1 1 1 1 1 1 1 1 1 1 1 1 1 1 1 1 1 1 1 1 1 1 1 1 1 1 1 1 1 1 1 1 1 1 1 1 1 1 1 1 1 1 1 1 1 1 1 1 1 1 1 1 1 1 1 1 1 1 1 1 1 1 1 1 1 1 1 1 1 1 1 1 1 1 1 1 1 1 1 1 1 1 1 1 0 0 0 0 0 0 0 0 0 0 0 0 1 1 1 1 1 1 1 1 1 1 1 1 1 1 1 1 1 1 1 1 1 1 1 1 1 1 1 1 1 1 1 1 1 1 1 1 1 1 1 1 1 1 1 1 1 1 1 1 1 1 1 1 0 0 0 0 1 1 1 1 1 1 1 1 1 1 1 1 1 1 1 1 1 1 1 1 1 1 1 0 0 0 0 1 1 1 1 1 1 1 1 1 1 1 1 1 1 1 1 1 1 1 1 1 1 1 1 1 1 1 1 1 
