# This file contains a 2D laser scan observation. 
# Its format is: 
# [aperture] [max_range] [number_of_scans] 
# [vector_of_scans] 
# [vector_of_valid_scans] 
# The aperture of the sensor is in radians, the maximum range 
# and measurements are in meters. '1' means a valid scan, '0' otherwise.
4.1847
5.6
682
1.23 1.224 1.225 1.225 1.224 1.221 1.222 1.222 1.222 1.228 1.228 1.23 1.23 1.232 1.23 1.234 1.237 1.235 1.235 1.239 1.235 1.234 1.226 1.231 1.228 1.226 1.226 1.228 1.228 1.226 1.227 1.229 1.229 1.229 1.229 1.231 1.231 1.233 1.233 1.236 1.237 1.237 1.237 1.237 1.213 1.213 1.213 1.258 1.26 1.264 1.269 1.271 1.272 1.272 1.273 1.276 1.276 1.276 0 0 0 1.065 1.065 1.065 1.092 1.092 1.092 1.068 1.047 1.013 0.993 0.962 0.946 0.913 0.9 0.857 0.803 0.799 0.796 0.796 0.796 0.802 0 0 0 0 0 0 0 0 0.812 0.812 0.812 0.817 0.817 0.819 0.819 0.819 0.82 0.822 0.822 0.827 0.827 0.832 0.833 0.836 0.84 0.841 0.849 0.849 0.85 0.85 0.854 0.861 0.862 0.864 0.87 0.87 0.873 0.873 0.876 0.892 0.893 0.893 0.895 0.896 0.904 0.904 0.905 0.917 0.919 0.924 0.932 0.933 0.935 0.937 0.944 0.954 0.958 0.961 0.97 1.047 1.047 1.047 1.041 1.035 1.017 1.015 1.011 1.005 0.99 0.984 0.984 0.984 0.989 0 0 0 0 0 0 0 0 0 0 0 0 0 0 0 0 0 0 1.18 1.18 1.174 1.172 1.151 1.142 1.142 1.151 0 0 0 0 0 0 0 0 0 1.405 1.4 1.395 1.395 1.395 1.395 1.422 1.434 1.434 1.449 1.462 1.496 1.606 1.606 1.606 1.605 1.6 1.592 1.592 1.584 1.584 1.576 1.57 1.566 1.565 1.559 1.554 1.554 1.547 1.542 1.316 1.193 1.155 1.149 1.146 1.146 1.146 1.146 1.146 1.142 1.125 1.117 1.116 1.11 1.11 1.111 1.111 1.111 1.115 1.115 1.115 1.115 1.115 1.116 1.121 1.122 1.122 1.126 1.126 1.136 1.136 1.138 1.146 1.165 1.167 0 1.462 1.462 1.463 1.462 1.46 1.458 1.458 1.456 1.45 1.449 1.449 1.449 1.449 1.448 1.453 1.448 1.448 1.453 0 0 0 0 0 0 1.24 1.228 1.228 1.223 1.228 1.231 1.231 1.231 1.231 1.227 1.223 1.223 1.223 1.223 1.211 0 1.211 1.211 0.007 0 0.007 0 0 0.007 0 0 0 0.007 0 0 0 0 0 0 0 0 0 0 0 0 0 1.511 1.511 1.506 1.511 1.511 1.513 1.514 1.525 1.525 1.526 1.528 1.53 1.535 1.543 1.543 1.545 1.55 1.55 1.552 1.564 1.567 1.567 1.57 1.57 1.573 1.573 1.586 1.594 1.604 1.604 1.607 1.609 1.618 1.621 1.629 1.635 1.645 1.646 1.647 1.66 1.66 1.66 1.654 1.623 1.608 1.59 1.576 1.561 1.545 1.522 1.502 1.494 1.483 1.466 1.446 1.436 1.427 1.411 1.4 1.384 1.378 1.359 1.349 1.341 1.335 1.311 1.305 1.292 1.28 1.27 1.266 1.247 1.243 1.233 1.231 1.219 1.214 1.196 1.185 1.179 1.179 1.169 1.164 0.549 0.54 0.534 0.532 0.53 0.528 0.528 0.528 0.53 0.535 0.543 0.56 1.057 1.057 1.057 1.054 1.05 1.045 1.045 1.038 1.02 0.569 0.556 0.551 0.549 0.549 0.549 0.547 0.541 0.54 0.536 0.534 0.534 0.531 0.527 0.52 0.52 0.52 0.52 0.52 0.519 0.518 0.512 0.51 0.509 0.508 0.503 0.508 0.503 0.503 0.503 0.503 0.499 0.499 0.498 0.492 0.492 0.489 0.489 0.489 0.489 0.485 0.484 0.484 0.478 0.473 0.473 0.471 0.471 0.471 0.468 0.463 0.463 0.462 0.462 0.461 0.461 0.458 0.458 0.455 0.448 0.448 0.446 0.446 0.447 0.447 0.448 0.45 0.448 0.45 0.452 0.453 0.452 0.452 0.448 0.448 0.448 0.449 0.449 0.45 0.45 0.45 0.449 0.449 0.446 0.442 0.442 0.445 0.445 0.443 0.445 0.445 0.445 0.445 0.445 0.442 0.44 0.434 0.433 0.433 0.433 0.445 0.449 0.451 0.451 0.451 0.451 0.449 0.448 0.445 0.442 0.438 0.438 0.438 0.452 0.46 0.466 0.476 0.482 0.485 0.485 0.476 0.476 0.476 0.476 0.477 0.477 0.481 0.488 0.492 0.492 0.499 0.507 0.507 0.51 0.512 0.538 0.609 0.65 0.687 0.712 0 0 0 0 0 0 0 0 0 0.794 0 0.007 0.856 0.856 0.923 0.883 0.915 0.915 0.883 0.86 0.797 0.797 0.797 0.815 0.832 0.872 0.947 0.992 1 1.028 1.082 1.085 1.128 1.128 1.144 1.156 1.156 1.144 1.14 1.14 1.14 1.171 1.177 1.177 1.177 1.146 1.146 1.146 1.165 1.189 1.196 1.217 1.259 1.271 1.29 1.299 1.314 1.315 1.364 1.377 1.393 1.394 1.395 1.428 1.429 1.442 1.447 1.478 1.478 1.478 1.47 1.47 1.47 1.503 1.503 1.503 1.503 1.503 1.524 1.544 1.56 1.57 1.58 1.603 1.619 1.624 1.625 1.636 1.652 1.664 1.674 1.678 1.69 1.7 1.717 1.726 1.735 1.743 1.761 1.77 1.899 0 0 0 0 1.99 1.99 1.99 2.019 2.029 2.03 2.058 2.073 2.087 2.096 2.116 2.116 
1 1 1 1 1 1 1 1 1 1 1 1 1 1 1 1 1 1 1 1 1 1 1 1 1 1 1 1 1 1 1 1 1 1 1 1 1 1 1 1 1 1 1 1 1 1 1 1 1 1 1 1 1 1 1 1 1 1 0 0 0 1 1 1 1 1 1 1 1 1 1 1 1 1 1 1 1 1 1 1 1 1 0 0 0 0 0 0 0 0 1 1 1 1 1 1 1 1 1 1 1 1 1 1 1 1 1 1 1 1 1 1 1 1 1 1 1 1 1 1 1 1 1 1 1 1 1 1 1 1 1 1 1 1 1 1 1 1 1 1 1 1 1 1 1 1 1 1 1 1 1 1 1 1 1 0 0 0 0 0 0 0 0 0 0 0 0 0 0 0 0 0 0 1 1 1 1 1 1 1 1 0 0 0 0 0 0 0 0 0 1 1 1 1 1 1 1 1 1 1 1 1 1 1 1 1 1 1 1 1 1 1 1 1 1 1 1 1 1 1 1 1 1 1 1 1 1 1 1 1 1 1 1 1 1 1 1 1 1 1 1 1 1 1 1 1 1 1 1 1 1 1 1 1 1 0 1 1 1 1 1 1 1 1 1 1 1 1 1 1 1 1 1 1 0 0 0 0 0 0 1 1 1 1 1 1 1 1 1 1 1 1 1 1 1 0 1 1 0 0 0 0 0 0 0 0 0 0 0 0 0 0 0 0 0 0 0 0 0 0 0 1 1 1 1 1 1 1 1 1 1 1 1 1 1 1 1 1 1 1 1 1 1 1 1 1 1 1 1 1 1 1 1 1 1 1 1 1 1 1 1 1 1 1 1 1 1 1 1 1 1 1 1 1 1 1 1 1 1 1 1 1 1 1 1 1 1 1 1 1 1 1 1 1 1 1 1 1 1 1 1 1 1 1 1 1 1 1 1 1 1 1 1 1 1 1 1 1 1 1 1 1 1 1 1 1 1 1 1 1 1 1 1 1 1 1 1 1 1 1 1 1 1 1 1 1 1 1 1 1 1 1 1 1 1 1 1 1 1 1 1 1 1 1 1 1 1 1 1 1 1 1 1 1 1 1 1 1 1 1 1 1 1 1 1 1 1 1 1 1 1 1 1 1 1 1 1 1 1 1 1 1 1 1 1 1 1 1 1 1 1 1 1 1 1 1 1 1 1 1 1 1 1 1 1 1 1 1 1 1 1 1 1 1 1 1 1 1 1 1 1 1 1 1 1 1 1 1 1 1 1 1 1 1 1 1 1 1 1 1 1 1 1 1 1 0 0 0 0 0 0 0 0 0 1 0 0 1 1 1 1 1 1 1 1 1 1 1 1 1 1 1 1 1 1 1 1 1 1 1 1 1 1 1 1 1 1 1 1 1 1 1 1 1 1 1 1 1 1 1 1 1 1 1 1 1 1 1 1 1 1 1 1 1 1 1 1 1 1 1 1 1 1 1 1 1 1 1 1 1 1 1 1 1 1 1 1 1 1 1 1 1 1 1 1 1 0 0 0 0 1 1 1 1 1 1 1 1 1 1 1 1 
