# This file contains a 2D laser scan observation. 
# Its format is: 
# [aperture] [max_range] [number_of_scans] 
# [vector_of_scans] 
# [vector_of_valid_scans] 
# The aperture of the sensor is in radians, the maximum range 
# and measurements are in meters. '1' means a valid scan, '0' otherwise.
4.1847
5.6
682
1.286 1.284 1.284 1.284 1.277 1.277 1.274 1.274 1.274 1.274 1.274 1.274 1.274 1.274 1.274 1.267 1.264 1.263 1.263 1.263 1.263 1.263 1.257 1.257 1.257 1.258 1.26 1.263 1.266 1.266 1.266 1.264 1.266 1.267 1.267 1.268 1.268 1.266 1.266 1.247 1.247 1.247 1.264 1.284 1.289 1.289 1.289 1.29 1.292 1.286 1.279 0 1.187 1.187 1.187 0 0 0 0 0 0 0 0 0.802 0.798 0.797 0.797 0.796 0.796 0.793 0.792 0.79 0.787 0.787 0.787 0.791 0.791 0.795 0.798 0.8 0.803 0.803 0.803 0.803 0.805 0.806 0.807 0.807 0.814 0.818 0.82 0.82 0.82 0.816 0.816 0.816 0.821 0.822 0.825 0.83 0.83 0.834 0.835 0.837 0.838 0.839 0.847 0.847 0.845 0.847 0.847 0.847 0.855 0.858 0.86 0.869 0.873 0.873 0.873 0.873 0.873 0.874 0.875 0.875 0.883 0.89 0.89 0.89 0.896 0.904 0.904 0.906 0.922 0.996 0.996 0.996 0.989 0.978 0.975 0.967 0.956 0.954 0.937 0.933 0.919 0.919 0.919 0.924 0 0 0 0 0 0 0 0 0 0 0 0 0 0 0 0 0 0 0 0 0 0 0 0 1.088 1.085 1.084 1.072 1.067 1.062 1.067 1.072 1.08 1.104 0.007 0 0 0 0 0 0 0 0 1.304 1.298 1.296 1.296 1.282 1.282 1.282 1.297 1.313 1.318 1.33 1.336 1.349 1.365 1.413 1.499 1.501 1.501 1.501 1.496 1.491 1.481 1.48 1.477 1.473 1.464 1.452 1.449 1.445 1.443 1.44 1.44 1.43 1.094 1.03 1.028 1.028 1.028 1.045 1.045 1.045 1.021 1.013 0.999 0.996 0.986 0.984 0.984 0.984 0.982 0.979 0.979 0.979 0.979 0.985 0.987 0.987 0.992 0.992 0.992 0.992 0.994 0.994 1.006 1.009 1.011 1.016 1.019 1.042 0 0.007 0 0 0 1.317 1.315 1.315 1.311 1.315 1.313 1.313 1.313 1.313 1.31 1.31 1.311 1.31 1.311 1.311 1.306 1.303 1.303 1.303 1.176 0 0.007 1.1 1.1 1.1 1.098 1.098 1.095 1.092 1.089 1.081 1.081 1.081 1.081 1.081 1.078 1.078 1.084 1.078 1.078 1.067 1.067 1.065 1.067 1.065 1.061 1.061 1.062 1.062 1.062 1.068 1.062 1.062 1.049 1.045 1.045 1.045 1.045 0.007 0 0 0.007 0 0.007 0 0 0 0 0 0 0 0.007 1.357 1.357 1.357 1.357 1.358 1.361 1.362 1.363 1.375 1.375 1.38 1.381 1.38 1.381 1.387 1.394 1.399 1.399 1.399 1.403 1.406 1.413 1.425 1.427 1.428 1.429 1.433 1.438 1.44 1.446 1.457 1.459 1.459 1.461 1.471 1.471 1.479 1.489 1.493 1.502 1.502 1.503 1.513 1.52 1.52 1.52 1.487 1.474 1.455 1.439 1.426 1.413 1.392 1.381 1.373 1.361 1.346 1.336 1.321 1.314 1.305 1.284 1.278 1.266 1.254 1.252 1.236 1.235 1.215 1.202 1.199 1.188 1.181 1.175 1.161 1.158 1.145 1.138 1.122 1.121 1.118 1.103 1.102 1.096 1.089 1.089 1.068 1.063 1.057 1.054 1.053 1.046 1.04 1.031 1.023 1.017 1.017 1.014 1.009 0.996 0.993 0.988 0.986 0.973 0.973 0.974 0.97 0.967 0.974 0.949 0.94 0.431 0.428 0.418 0.414 0.411 0.411 0.41 0.41 0.41 0.416 0.416 0.417 0.431 0.433 0.537 0.878 0.881 0.881 0.881 0.873 0.872 0.867 0.867 0.849 0.822 0.456 0.455 0.453 0.449 0.449 0.447 0.447 0.447 0.446 0.446 0.446 0.446 0.44 0.436 0.436 0.436 0.434 0.433 0.433 0.429 0.429 0.429 0.429 0.43 0.43 0.428 0.43 0.428 0.425 0.425 0.425 0.424 0.424 0.426 0.422 0.425 0.425 0.422 0.419 0.419 0.419 0.418 0.416 0.415 0.415 0.412 0.412 0.411 0.419 0.412 0.412 0.411 0.411 0.411 0.411 0.41 0.41 0.409 0.409 0.409 0.416 0.419 0.42 0.42 0.42 0.42 0.42 0.42 0.42 0.419 0.419 0.418 0.418 0.416 0.416 0.414 0.416 0.416 0.419 0.419 0.419 0.408 0.408 0.408 0.408 0.408 0.406 0.406 0.407 0.407 0.407 0.407 0.401 0.401 0.401 0.406 0.406 0.406 0.4 0.396 0.396 0.396 0.396 0.402 0.407 0.41 0.41 0.41 0.408 0.403 0.403 0.408 0.415 0.417 0.417 0.417 0.414 0.413 0.412 0.412 0.411 0.411 0.411 0.419 0.422 0.431 0.431 0.431 0.418 0.416 0.416 0.418 0.425 0.425 0.428 0.429 0.429 0.429 0.438 0.45 0.45 0.451 0.457 0.453 0.456 0.458 0.458 0.469 0.478 0.484 0.486 0.486 0.5 0.506 0.518 0 0 0 0 0 0 0 0 0.729 0.729 0.774 0.729 0.718 0.718 0.718 0.718 0.788 0.812 0.817 1.043 1.043 1.043 1.043 1.073 0 0 0 0.007 1.384 1.384 1.385 1.385 1.411 1.413 1.413 1.42 1.451 1.514 1.54 1.552 1.552 1.558 1.558 1.571 1.605 1.637 1.656 1.656 1.674 1.688 1.688 1.69 1.717 1.735 
1 1 1 1 1 1 1 1 1 1 1 1 1 1 1 1 1 1 1 1 1 1 1 1 1 1 1 1 1 1 1 1 1 1 1 1 1 1 1 1 1 1 1 1 1 1 1 1 1 1 1 0 1 1 1 0 0 0 0 0 0 0 0 1 1 1 1 1 1 1 1 1 1 1 1 1 1 1 1 1 1 1 1 1 1 1 1 1 1 1 1 1 1 1 1 1 1 1 1 1 1 1 1 1 1 1 1 1 1 1 1 1 1 1 1 1 1 1 1 1 1 1 1 1 1 1 1 1 1 1 1 1 1 1 1 1 1 1 1 1 1 1 1 1 1 1 1 1 0 0 0 0 0 0 0 0 0 0 0 0 0 0 0 0 0 0 0 0 0 0 0 0 1 1 1 1 1 1 1 1 1 1 0 0 0 0 0 0 0 0 0 1 1 1 1 1 1 1 1 1 1 1 1 1 1 1 1 1 1 1 1 1 1 1 1 1 1 1 1 1 1 1 1 1 1 1 1 1 1 1 1 1 1 1 1 1 1 1 1 1 1 1 1 1 1 1 1 1 1 1 1 1 1 1 1 1 1 1 1 1 0 0 0 0 0 1 1 1 1 1 1 1 1 1 1 1 1 1 1 1 1 1 1 1 1 0 0 1 1 1 1 1 1 1 1 1 1 1 1 1 1 1 1 1 1 1 1 1 1 1 1 1 1 1 1 1 1 1 1 1 1 1 1 0 0 0 0 0 0 0 0 0 0 0 0 0 0 1 1 1 1 1 1 1 1 1 1 1 1 1 1 1 1 1 1 1 1 1 1 1 1 1 1 1 1 1 1 1 1 1 1 1 1 1 1 1 1 1 1 1 1 1 1 1 1 1 1 1 1 1 1 1 1 1 1 1 1 1 1 1 1 1 1 1 1 1 1 1 1 1 1 1 1 1 1 1 1 1 1 1 1 1 1 1 1 1 1 1 1 1 1 1 1 1 1 1 1 1 1 1 1 1 1 1 1 1 1 1 1 1 1 1 1 1 1 1 1 1 1 1 1 1 1 1 1 1 1 1 1 1 1 1 1 1 1 1 1 1 1 1 1 1 1 1 1 1 1 1 1 1 1 1 1 1 1 1 1 1 1 1 1 1 1 1 1 1 1 1 1 1 1 1 1 1 1 1 1 1 1 1 1 1 1 1 1 1 1 1 1 1 1 1 1 1 1 1 1 1 1 1 1 1 1 1 1 1 1 1 1 1 1 1 1 1 1 1 1 1 1 1 1 1 1 1 1 1 1 1 1 1 1 1 1 1 1 1 1 1 1 1 1 1 1 1 1 1 1 1 1 1 1 1 1 1 1 1 1 1 1 1 1 1 1 1 1 1 1 1 1 1 1 1 1 1 1 1 1 1 1 1 1 1 1 1 1 1 1 1 0 0 0 0 0 0 0 0 1 1 1 1 1 1 1 1 1 1 1 1 1 1 1 1 0 0 0 0 1 1 1 1 1 1 1 1 1 1 1 1 1 1 1 1 1 1 1 1 1 1 1 1 1 1 
