# This file contains a 2D laser scan observation. 
# Its format is: 
# [aperture] [max_range] [number_of_scans] 
# [vector_of_scans] 
# [vector_of_valid_scans] 
# The aperture of the sensor is in radians, the maximum range 
# and measurements are in meters. '1' means a valid scan, '0' otherwise.
4.1847
5.6
682
0.869 0.862 0.852 0.852 0.852 0.852 0.852 0.849 0.844 0.841 0.839 0.839 0.839 0.839 0.839 0.838 0.833 0.832 0.83 0.829 0.829 0.829 0.827 0.827 0.826 0.822 0.822 0.82 0.82 0.813 0.817 0.817 0.817 0.814 0.814 0.808 0.808 0.813 0.807 0.809 0.813 0.811 0.811 0.811 0.811 0.811 0.81 0.81 0.807 0.811 0.807 0.808 0.807 0.807 0.807 0.806 0.805 0.806 0.806 0.806 0.815 0.815 0.816 0.816 0.847 0.847 0.847 0.832 0.832 0.832 1.327 1.337 1.337 1.334 1.334 1.329 1.324 1.307 1.282 1.282 1.282 1.258 1.2 0.006 1.354 1.354 1.354 1.355 1.355 1.355 1.364 1.366 1.366 1.364 1.366 1.369 1.375 0.015 0.015 0.015 0.015 0.007 1.381 1.38 1.38 1.38 0 0 0 0 0 0 0 0 0 0 0 0 0 0 0 0 0 0 0 0 0 0.007 0.855 0.849 0.849 0.833 0.833 0.833 0.84 0.852 0.863 0.878 0.878 0.882 0.883 0.888 0.889 0.89 0.895 0.896 0.896 0.896 0.909 0.91 0.91 0.914 0.914 0.91 0.914 0.914 0.925 0.962 0.967 0.972 0.974 0.986 0.988 0.99 0.99 0.99 0.967 0.966 0.959 0.959 0.959 0.989 0.993 0.993 0.991 0.993 0.994 0.994 1.009 1.014 1.015 1.015 1.031 1.045 1.053 1.068 1.096 1.127 1.127 1.127 0.673 0.66 0.657 0.657 0.657 0.661 0.661 0.661 0.615 0.615 0.611 0.611 0.613 0.613 0.609 0.609 0.602 0.601 0.6 0.599 0.594 0.593 0.591 0.59 0.588 0.587 0.587 0.584 0.586 0.586 0.584 0.581 0.581 0.573 0.573 0.573 0.573 0.573 0.575 0.581 0.581 0.577 0.581 0.584 0.585 0.585 0.585 0.585 0.585 0.585 0.591 0.591 0.591 0.591 0.593 0.613 0.62 0.632 0.641 0.652 0.652 0.652 0.652 0.652 0.657 0.889 0.895 0.895 0.893 0.893 0.892 0.891 0.887 0.879 0.879 0.875 0.875 0.874 0.874 0.871 0.869 0.868 0.868 0.867 0.862 0.866 0.866 0.86 0.861 0.861 0.857 0.857 0.856 0.856 0.856 0.853 0.844 0.844 0.844 0 0 0 0 0 0 0 0 0 0 0 0.656 0.648 0.645 0.645 0.645 0.644 0.654 0.654 0.651 0.646 0.651 0.646 0.641 0.638 0.633 0.633 0.635 0.635 0.635 0.639 0.638 0.639 0.638 0.638 0.636 0.636 0.633 0.636 0.636 0.636 0.635 0.635 0.635 0.632 0.629 0.629 0.629 0.629 0.627 0.621 0.621 0.621 0.623 0.611 0.623 0.631 0 0 0 0.007 0 0 0 0 0 0 0 0 0 0 0.007 0 0 0 0 0 0 0 0 0 0 0 0 0 0 0 0.889 0.889 0.889 0.904 0.906 0.907 0.91 0.912 0.912 0.916 0.916 0.919 0.928 0.932 0.933 0.934 0.934 0.934 0.935 0.936 0.945 0.95 0.952 0.954 0.955 0.959 0.967 0.968 0.974 0.971 0.978 0.982 0.988 0.989 0.994 0.999 1.001 1.006 1.007 1.01 1.011 1.02 1.021 1.022 1.029 1.043 1.043 1.044 1.047 1.055 1.066 1.075 1.075 1.083 1.089 1.091 1.096 1.096 1.096 1.07 1.069 1.057 1.045 1.044 1.042 1.034 1.003 0.996 0.996 0.989 0.992 0.992 0.991 0.989 0.979 0.969 0.957 0.954 0.954 0.947 0.94 0.937 0.936 0.929 0.922 0.917 0.915 0.908 0.897 0.891 0.888 0.891 0.887 0.887 0.887 0.881 0.877 0.873 0.871 0.87 0.869 0.865 0.859 0.854 0.848 0.845 0.843 0.843 0.838 0.836 0.825 0.823 0.823 0.822 0.819 0.819 0.814 0.809 0.809 0.809 0.809 0.805 0.801 0.797 0.793 0.793 0.793 0.795 0.795 0.795 0.792 0.786 0.783 0.778 0.775 0.772 0.772 0.774 0.772 0.772 0.77 0.77 0.769 0.766 0.761 0.761 0.757 0.757 0.757 0.762 0.757 0.757 0.76 0.751 0.749 0.751 0.751 0.749 0.748 0.745 0.739 0.738 0.738 0.74 0.74 0.74 0.74 0.739 0.738 0.735 0.735 0.738 0.739 0.739 0.739 0.737 0.737 0.736 0.736 0.735 0.734 0.729 0.733 0.733 0.733 0.733 0.736 0.738 0.744 0.744 0.754 0.757 0.76 0.768 0.769 0.776 0.776 0.776 0.771 0.77 0.763 0.761 0.748 0.747 0.744 0.744 0.743 0.74 0.739 0.711 0.707 0.7 0.7 0.697 0.695 0.697 0.704 0.712 0.733 0.733 0.734 0.734 0.74 0.741 0.742 0.742 0.742 0.742 0.742 0.738 0.742 0.744 0.744 0.744 0.751 0.751 0.751 0.752 0.762 1.292 1.299 1.301 1.301 1.302 1.304 1.305 1.307 1.311 1.313 1.313 1.315 1.317 1.317 1.325 1.326 1.327 1.327 1.342 1.342 1.342 1.231 1.228 1.228 1.231 1.363 1.364 1.369 1.369 1.376 1.376 1.376 1.37 1.323 1.322 1.322 1.323 1.329 1.329 1.331 1.337 1.346 1.347 1.353 1.366 1.367 1.369 1.37 1.374 1.376 1.391 1.395 1.396 1.396 1.396 0.411 0.376 0.375 0.368 0.364 0.364 0.367 0.36 0.367 0.369 0.369 0.375 
1 1 1 1 1 1 1 1 1 1 1 1 1 1 1 1 1 1 1 1 1 1 1 1 1 1 1 1 1 1 1 1 1 1 1 1 1 1 1 1 1 1 1 1 1 1 1 1 1 1 1 1 1 1 1 1 1 1 1 1 1 1 1 1 1 1 1 1 1 1 1 1 1 1 1 1 1 1 1 1 1 1 1 0 1 1 1 1 1 1 1 1 1 1 1 1 1 0 0 0 0 0 1 1 1 1 0 0 0 0 0 0 0 0 0 0 0 0 0 0 0 0 0 0 0 0 0 0 1 1 1 1 1 1 1 1 1 1 1 1 1 1 1 1 1 1 1 1 1 1 1 1 1 1 1 1 1 1 1 1 1 1 1 1 1 1 1 1 1 1 1 1 1 1 1 1 1 1 1 1 1 1 1 1 1 1 1 1 1 1 1 1 1 1 1 1 1 1 1 1 1 1 1 1 1 1 1 1 1 1 1 1 1 1 1 1 1 1 1 1 1 1 1 1 1 1 1 1 1 1 1 1 1 1 1 1 1 1 1 1 1 1 1 1 1 1 1 1 1 1 1 1 1 1 1 1 1 1 1 1 1 1 1 1 1 1 1 1 1 1 1 1 1 1 1 1 1 1 1 1 1 1 1 1 1 1 1 1 1 0 0 0 0 0 0 0 0 0 0 0 1 1 1 1 1 1 1 1 1 1 1 1 1 1 1 1 1 1 1 1 1 1 1 1 1 1 1 1 1 1 1 1 1 1 1 1 1 1 1 1 1 1 1 1 1 1 0 0 0 0 0 0 0 0 0 0 0 0 0 0 0 0 0 0 0 0 0 0 0 0 0 0 0 0 0 0 1 1 1 1 1 1 1 1 1 1 1 1 1 1 1 1 1 1 1 1 1 1 1 1 1 1 1 1 1 1 1 1 1 1 1 1 1 1 1 1 1 1 1 1 1 1 1 1 1 1 1 1 1 1 1 1 1 1 1 1 1 1 1 1 1 1 1 1 1 1 1 1 1 1 1 1 1 1 1 1 1 1 1 1 1 1 1 1 1 1 1 1 1 1 1 1 1 1 1 1 1 1 1 1 1 1 1 1 1 1 1 1 1 1 1 1 1 1 1 1 1 1 1 1 1 1 1 1 1 1 1 1 1 1 1 1 1 1 1 1 1 1 1 1 1 1 1 1 1 1 1 1 1 1 1 1 1 1 1 1 1 1 1 1 1 1 1 1 1 1 1 1 1 1 1 1 1 1 1 1 1 1 1 1 1 1 1 1 1 1 1 1 1 1 1 1 1 1 1 1 1 1 1 1 1 1 1 1 1 1 1 1 1 1 1 1 1 1 1 1 1 1 1 1 1 1 1 1 1 1 1 1 1 1 1 1 1 1 1 1 1 1 1 1 1 1 1 1 1 1 1 1 1 1 1 1 1 1 1 1 1 1 1 1 1 1 1 1 1 1 1 1 1 1 1 1 1 1 1 1 1 1 1 1 1 1 1 1 1 1 1 1 1 1 1 1 1 1 1 1 1 1 1 1 1 1 
