# This file contains a 2D laser scan observation. 
# Its format is: 
# [aperture] [max_range] [number_of_scans] 
# [vector_of_scans] 
# [vector_of_valid_scans] 
# The aperture of the sensor is in radians, the maximum range 
# and measurements are in meters. '1' means a valid scan, '0' otherwise.
4.1847
5.6
682
0.859 0.854 0.855 0.851 0.851 0.85 0.85 0.847 0.846 0.844 0.844 0.842 0.844 0.84 0.84 0.836 0.837 0.837 0.836 0.837 0.837 0.836 0.832 0.829 0.827 0.827 0.827 0.827 0.827 0.821 0.826 0.826 0.826 0.826 0.827 0.827 0.827 0.827 0.826 0.821 0.821 0.823 0.821 0.816 0.823 0.819 0.819 0.819 0.819 0.818 0.818 0.818 0.818 0.825 0.848 0.859 0.859 0.859 0.848 0.848 0.848 1.315 1.337 1.341 1.345 1.345 1.345 1.343 1.339 1.339 1.333 1.306 0.789 0.789 0.789 0.82 1.344 1.352 1.36 1.36 1.361 1.361 1.361 1.365 1.367 1.368 1.368 1.374 1.374 1.374 1.377 1.379 1.379 0.007 1.379 1.379 1.379 1.379 0 0 0 0 0 0 0 0 0 0 0 0 0 0 0 0 0 0 0 0.851 0.851 0.847 0.851 0.852 0.852 0.852 0.862 0.863 0.871 0.873 0.874 0.882 0.882 0.883 0.882 0.876 0.876 0.878 0.878 0.879 0.883 0.885 0.886 0.894 0.895 0.894 0.899 0.902 0.911 0.918 0.952 0.966 0.975 0.975 0.979 0.977 0.977 0.975 0.968 0.957 0.953 0.953 0.953 0.955 0.98 0.98 0.992 0.988 0.992 0.994 0.994 0.994 0.998 1.005 1.009 1.027 1.034 1.037 1.053 1.063 1.063 1.063 0.654 0.644 0.644 0.644 0.67 0.67 0.67 0.628 0.616 0.605 0.603 0.597 0.597 0.597 0.596 0.596 0.596 0.594 0.592 0.59 0.592 0.59 0.59 0.579 0.577 0.575 0.573 0.573 0.572 0.571 0.569 0.561 0.559 0.557 0.557 0.557 0.558 0.567 0.568 0.568 0.567 0.567 0.568 0.569 0.569 0.576 0.576 0.577 0.576 0.573 0.573 0.576 0.575 0.576 0.584 0.596 0.599 0.606 0.63 0.634 0.642 0.642 0.637 0.643 0.643 0.672 0.872 0.884 0.884 0.872 0.871 0.866 0.866 0.866 0.866 0.866 0.864 0.859 0.859 0.857 0.857 0.857 0.855 0.853 0.853 0.849 0.849 0.848 0.848 0.84 0.84 0.84 0.839 0.843 0.843 0.837 0.834 0.833 0.828 0.828 0.828 0 0 0 0 0 0 0 0 0 0.007 0 0 0 0 0 0.638 0.63 0.63 0.624 0.624 0.624 0.628 0.628 0.628 0.628 0.628 0.627 0.627 0.627 0.624 0.623 0.624 0.62 0.62 0.621 0.621 0.614 0.621 0.613 0.612 0.613 0.618 0.613 0.614 0.618 0.619 0.614 0.615 0.619 0.619 0.615 0.615 0 0 0 0 0 0 0 0 0 0.007 0 0 0 0 0 0 0.007 0 0 0 0 0 0 0 0 0 0 0 0 0 0 0 0 0 0 0 0 0 0.881 0.878 0.878 0.879 0.879 0.879 0.89 0.891 0.894 0.896 0.899 0.899 0.905 0.91 0.91 0.91 0.919 0.924 0.925 0.925 0.926 0.927 0.927 0.927 0.938 0.945 0.946 0.946 0.947 0.947 0.95 0.964 0.967 0.969 0.972 0.973 0.98 0.986 0.991 0.992 0.999 1.003 1.005 1.009 1.014 1.023 1.025 1.03 1.036 1.036 1.039 1.049 1.055 1.056 1.068 1.07 1.076 1.076 1.076 1.058 1.051 1.038 1.036 1.021 1.017 1.01 1.001 0.956 0.956 0.956 0.972 0.972 0.972 0.965 0.963 0.956 0.951 0.947 0.937 0.932 0.927 0.925 0.923 0.921 0.906 0.904 0.904 0.898 0.893 0.891 0.889 0.886 0.885 0.881 0.879 0.874 0.869 0.863 0.86 0.854 0.85 0.85 0.85 0.849 0.848 0.845 0.834 0.83 0.826 0.823 0.821 0.817 0.817 0.813 0.813 0.812 0.811 0.802 0.801 0.801 0.8 0.794 0.794 0.794 0.79 0.785 0.784 0.782 0.78 0.779 0.778 0.777 0.777 0.775 0.769 0.768 0.766 0.764 0.763 0.757 0.755 0.749 0.749 0.755 0.755 0.755 0.755 0.751 0.751 0.751 0.751 0.748 0.748 0.746 0.743 0.744 0.743 0.739 0.739 0.739 0.737 0.736 0.736 0.735 0.735 0.734 0.734 0.732 0.729 0.721 0.721 0.727 0.727 0.727 0.732 0.732 0.732 0.73 0.726 0.726 0.725 0.725 0.723 0.725 0.725 0.727 0.73 0.733 0.735 0.742 0.748 0.751 0.756 0.762 0.762 0.765 0.768 0.765 0.765 0.761 0.744 0.741 0.737 0.737 0.736 0.737 0.737 0.729 0.729 0.731 0.728 0.728 0.728 0.704 0.698 0.692 0.692 0.691 0.69 0.691 0.694 0.694 0.73 0.73 0.731 0.731 0.731 0.732 0.733 0.733 0.736 0.739 0.739 0.742 0.745 0.745 0.742 0.741 0.741 0.741 0.745 0.748 0.764 1.159 1.286 1.29 1.304 1.305 1.305 1.306 1.31 1.312 1.313 1.319 1.325 1.324 1.326 1.33 1.342 1.344 1.344 1.344 1.234 1.232 1.232 1.232 1.367 1.368 1.379 1.379 1.38 1.38 1.38 1.345 1.33 1.32 1.32 1.324 1.324 1.327 1.328 1.342 1.35 1.355 1.367 1.373 1.374 1.383 1.385 1.387 1.393 1.399 1.406 1.412 1.429 1.441 1.45 1.455 1.463 1.465 1.465 1.465 0.39 0.386 0.382 0.377 0.375 0.366 0.366 0.366 0.367 
1 1 1 1 1 1 1 1 1 1 1 1 1 1 1 1 1 1 1 1 1 1 1 1 1 1 1 1 1 1 1 1 1 1 1 1 1 1 1 1 1 1 1 1 1 1 1 1 1 1 1 1 1 1 1 1 1 1 1 1 1 1 1 1 1 1 1 1 1 1 1 1 1 1 1 1 1 1 1 1 1 1 1 1 1 1 1 1 1 1 1 1 1 0 1 1 1 1 0 0 0 0 0 0 0 0 0 0 0 0 0 0 0 0 0 0 0 1 1 1 1 1 1 1 1 1 1 1 1 1 1 1 1 1 1 1 1 1 1 1 1 1 1 1 1 1 1 1 1 1 1 1 1 1 1 1 1 1 1 1 1 1 1 1 1 1 1 1 1 1 1 1 1 1 1 1 1 1 1 1 1 1 1 1 1 1 1 1 1 1 1 1 1 1 1 1 1 1 1 1 1 1 1 1 1 1 1 1 1 1 1 1 1 1 1 1 1 1 1 1 1 1 1 1 1 1 1 1 1 1 1 1 1 1 1 1 1 1 1 1 1 1 1 1 1 1 1 1 1 1 1 1 1 1 1 1 1 1 1 1 1 1 1 1 1 1 1 1 1 1 1 1 1 1 1 1 1 1 1 1 1 0 0 0 0 0 0 0 0 0 0 0 0 0 0 0 1 1 1 1 1 1 1 1 1 1 1 1 1 1 1 1 1 1 1 1 1 1 1 1 1 1 1 1 1 1 1 1 1 1 1 1 1 0 0 0 0 0 0 0 0 0 0 0 0 0 0 0 0 0 0 0 0 0 0 0 0 0 0 0 0 0 0 0 0 0 0 0 0 0 0 1 1 1 1 1 1 1 1 1 1 1 1 1 1 1 1 1 1 1 1 1 1 1 1 1 1 1 1 1 1 1 1 1 1 1 1 1 1 1 1 1 1 1 1 1 1 1 1 1 1 1 1 1 1 1 1 1 1 1 1 1 1 1 1 1 1 1 1 1 1 1 1 1 1 1 1 1 1 1 1 1 1 1 1 1 1 1 1 1 1 1 1 1 1 1 1 1 1 1 1 1 1 1 1 1 1 1 1 1 1 1 1 1 1 1 1 1 1 1 1 1 1 1 1 1 1 1 1 1 1 1 1 1 1 1 1 1 1 1 1 1 1 1 1 1 1 1 1 1 1 1 1 1 1 1 1 1 1 1 1 1 1 1 1 1 1 1 1 1 1 1 1 1 1 1 1 1 1 1 1 1 1 1 1 1 1 1 1 1 1 1 1 1 1 1 1 1 1 1 1 1 1 1 1 1 1 1 1 1 1 1 1 1 1 1 1 1 1 1 1 1 1 1 1 1 1 1 1 1 1 1 1 1 1 1 1 1 1 1 1 1 1 1 1 1 1 1 1 1 1 1 1 1 1 1 1 1 1 1 1 1 1 1 1 1 1 1 1 1 1 1 1 1 1 1 1 1 1 1 1 1 1 1 1 1 1 1 1 1 1 1 1 1 1 1 1 1 1 1 1 1 1 1 1 1 1 1 1 1 1 1 
