# This file contains a 2D laser scan observation. 
# Its format is: 
# [aperture] [max_range] [number_of_scans] 
# [vector_of_scans] 
# [vector_of_valid_scans] 
# The aperture of the sensor is in radians, the maximum range 
# and measurements are in meters. '1' means a valid scan, '0' otherwise.
4.1847
5.6
682
1.451 1.451 1.452 1.451 1.451 1.447 1.447 1.447 1.451 1.452 1.452 1.452 1.452 1.454 1.459 1.462 1.459 1.459 1.459 1.466 1.466 1.469 1.469 1.47 1.481 0 0 0 0 0 0 0 0 0 0 0 0 0 0 0.917 0.911 0.888 0.888 0.888 0.883 0.888 0.883 0.889 0.889 0.889 0.89 0.89 0.892 0.894 0.894 0.007 0 0 0 0 0 0.007 0.974 0.974 0.98 0.98 0.992 1.013 1.013 1.013 1.013 1.018 1.018 1.024 1.024 1.024 1.024 1.007 0.997 0.997 0.997 1.011 1.019 1.029 1.029 1.024 1.024 1.024 1.019 1.015 0.678 0.678 0.675 0.661 0.632 0.63 0.628 0.62 0.618 0.617 0.613 0.612 0.608 0.606 0.605 0.605 0.595 0.593 0.591 0.588 0.591 0.588 0.584 0.58 0.572 0.571 0.571 0.571 0.571 0.576 0.576 0.571 0.571 0.568 0.568 0.568 0.568 0.572 0.573 0.573 0.572 0.571 0.57 0.558 0.558 0.562 0.562 0.567 0.569 0.573 0.583 0.588 0.594 0.598 0.609 0.611 0.616 0.618 0.621 0.638 0.638 0.638 0.645 0.645 0.684 0.867 0.87 0.87 0.87 0.863 0.862 0.861 0.855 0.854 0.854 0.848 0.846 0.846 0.843 0.835 0.832 0.831 0.828 0.828 0.827 0.826 0.819 0.817 0.816 0.814 0.812 0.812 0.811 0.807 0.806 0.801 0.801 0.8 0.798 0.8 0 0 0 0 0 0 0 0 0 0 0 0 0 0 0.007 0 0 0.007 0 0 0 0 0 0.568 0.57 0.57 0.57 0.57 0.57 0.566 0.566 0.558 0.558 0.558 0.558 0.558 0.551 0.548 0.548 0.545 0.545 0.545 0.545 0.545 0.546 0.547 0.546 0.545 0.544 0.543 0.532 0.532 0.532 0.529 0.521 0.527 0.527 0.527 0.528 0.53 0.535 0.535 0.535 0.522 0.522 0.522 0 0 0 0 0.007 0 0.007 0 0 0 0 0 0 0 0 0 0 0 0 0 0 0 0 0 0 0 0 0 0 0.535 0.535 0.535 0.552 0.775 0.782 0.782 0.777 0.778 0.778 0.778 0.783 0.784 0.786 0.787 0.789 0.789 0.795 0.798 0.802 0.802 0.804 0.804 0.804 0.805 0.805 0.805 0.811 0.811 0.812 0.816 0.817 0.819 0.821 0.826 0.83 0.83 0.833 0.834 0.837 0.845 0.841 0.846 0.846 0.854 0.854 0.857 0.858 0.859 0.865 0.866 0.871 0.874 0.875 0.878 0.881 0.887 0.889 0.896 0.9 0.904 0.904 0.907 0.907 0.913 0.921 0.922 0.924 0.928 0.928 0.933 0.936 0.942 0.947 0.952 0.952 0.952 0.948 0.924 0.913 0.908 0.898 0.898 0.886 0.883 0.881 0.878 0.869 0.865 0.865 0.864 0.861 0.859 0.848 0.837 0.837 0.836 0.825 0.825 0.817 0.81 0.807 0.8 0.799 0.799 0.791 0.787 0.782 0.78 0.777 0.773 0.767 0.767 0.765 0.764 0.756 0.755 0.755 0.755 0.753 0.748 0.741 0.741 0.741 0.735 0.729 0.726 0.726 0.726 0.726 0.725 0.713 0.709 0.708 0.707 0.704 0.701 0.701 0.698 0.696 0.691 0.691 0.69 0.688 0.686 0.684 0.684 0.684 0.678 0.674 0.673 0.67 0.67 0.67 0.67 0.67 0.667 0.667 0.668 0.672 0.668 0.668 0.661 0.66 0.66 0.654 0.654 0.652 0.651 0.649 0.646 0.646 0.646 0.646 0.646 0.646 0.645 0.641 0.641 0.641 0.638 0.635 0.634 0.632 0.632 0.627 0.632 0.634 0.636 0.634 0.634 0.633 0.632 0.632 0.628 0.628 0.628 0.628 0.628 0.63 0.628 0.627 0.627 0.629 0.629 0.63 0.631 0.636 0.639 0.64 0.642 0.648 0.651 0.66 0.661 0.663 0.667 0.671 0.671 0.671 0.671 0.667 0.658 0.657 0.648 0.646 0.632 0.632 0.63 0.63 0.63 0.63 0.63 0.629 0.627 0.627 0.629 0.626 0.628 0.629 0.628 0.628 0.63 0.635 0.63 0.631 0.631 0.635 0.631 0.632 0.635 0.635 0.635 0.637 0.639 0.639 0.639 0.639 0.632 0.614 0.611 0.606 0.611 0.608 0.606 0.608 0.619 0.636 0.655 0.655 0.655 0.655 0.655 0.652 0.662 0.664 0.666 0.666 0.666 0.666 0.668 0.668 0.669 0.672 0.672 0.677 0.677 0.677 0.737 1.234 1.25 1.258 1.258 1.267 1.268 1.277 1.268 1.268 1.181 1.167 1.167 1.167 1.197 1.304 1.317 1.318 1.325 1.332 1.332 1.332 1.322 1.279 1.277 1.277 1.279 1.28 1.286 1.288 1.296 1.301 1.308 1.322 1.322 1.332 1.332 1.335 1.337 1.345 1.348 1.36 1.387 1.39 1.403 1.409 1.414 1.416 1.437 1.438 1.443 1.453 1.475 1.479 1.493 1.505 1.505 1.505 1.508 1.513 1.524 1.528 1.532 1.537 1.539 1.556 1.565 1.565 1.566 1.566 1.591 1.595 1.602 1.604 1.628 1.632 1.668 1.668 1.685 1.687 1.703 0 0 0 0 0.007 0 0 0 0 0.38 0.374 0.37 0.368 0.368 0.366 0.362 0.361 0.359 0.358 0.357 0.355 0.355 0.355 0.367 0.372 0.376 2.54 2.569 
1 1 1 1 1 1 1 1 1 1 1 1 1 1 1 1 1 1 1 1 1 1 1 1 1 0 0 0 0 0 0 0 0 0 0 0 0 0 0 1 1 1 1 1 1 1 1 1 1 1 1 1 1 1 1 0 0 0 0 0 0 0 1 1 1 1 1 1 1 1 1 1 1 1 1 1 1 1 1 1 1 1 1 1 1 1 1 1 1 1 1 1 1 1 1 1 1 1 1 1 1 1 1 1 1 1 1 1 1 1 1 1 1 1 1 1 1 1 1 1 1 1 1 1 1 1 1 1 1 1 1 1 1 1 1 1 1 1 1 1 1 1 1 1 1 1 1 1 1 1 1 1 1 1 1 1 1 1 1 1 1 1 1 1 1 1 1 1 1 1 1 1 1 1 1 1 1 1 1 1 1 1 1 1 1 1 1 1 1 1 0 0 0 0 0 0 0 0 0 0 0 0 0 0 0 0 0 0 0 0 0 0 0 1 1 1 1 1 1 1 1 1 1 1 1 1 1 1 1 1 1 1 1 1 1 1 1 1 1 1 1 1 1 1 1 1 1 1 1 1 1 1 1 1 1 1 0 0 0 0 0 0 0 0 0 0 0 0 0 0 0 0 0 0 0 0 0 0 0 0 0 0 0 0 0 1 1 1 1 1 1 1 1 1 1 1 1 1 1 1 1 1 1 1 1 1 1 1 1 1 1 1 1 1 1 1 1 1 1 1 1 1 1 1 1 1 1 1 1 1 1 1 1 1 1 1 1 1 1 1 1 1 1 1 1 1 1 1 1 1 1 1 1 1 1 1 1 1 1 1 1 1 1 1 1 1 1 1 1 1 1 1 1 1 1 1 1 1 1 1 1 1 1 1 1 1 1 1 1 1 1 1 1 1 1 1 1 1 1 1 1 1 1 1 1 1 1 1 1 1 1 1 1 1 1 1 1 1 1 1 1 1 1 1 1 1 1 1 1 1 1 1 1 1 1 1 1 1 1 1 1 1 1 1 1 1 1 1 1 1 1 1 1 1 1 1 1 1 1 1 1 1 1 1 1 1 1 1 1 1 1 1 1 1 1 1 1 1 1 1 1 1 1 1 1 1 1 1 1 1 1 1 1 1 1 1 1 1 1 1 1 1 1 1 1 1 1 1 1 1 1 1 1 1 1 1 1 1 1 1 1 1 1 1 1 1 1 1 1 1 1 1 1 1 1 1 1 1 1 1 1 1 1 1 1 1 1 1 1 1 1 1 1 1 1 1 1 1 1 1 1 1 1 1 1 1 1 1 1 1 1 1 1 1 1 1 1 1 1 1 1 1 1 1 1 1 1 1 1 1 1 1 1 1 1 1 1 1 1 1 1 1 1 1 1 1 1 1 1 1 1 1 1 1 1 1 1 1 1 1 1 1 1 1 1 1 1 1 1 1 1 1 1 1 1 1 1 1 1 1 1 1 1 1 1 1 1 1 1 1 1 1 1 1 0 0 0 0 0 0 0 0 0 1 1 1 1 1 1 1 1 1 1 1 1 1 1 1 1 1 1 1 
