# This file contains a 2D laser scan observation. 
# Its format is: 
# [aperture] [max_range] [number_of_scans] 
# [vector_of_scans] 
# [vector_of_valid_scans] 
# The aperture of the sensor is in radians, the maximum range 
# and measurements are in meters. '1' means a valid scan, '0' otherwise.
4.1847
5.6
682
0.859 0.859 0.867 0.867 0.848 0.819 0.598 0.581 0.58 0.58 0.578 0.578 0.578 0.577 0.577 0.577 0.575 0.573 0.575 0.581 0.575 0.575 0.578 0.578 0.578 0.58 0.588 0.588 0.588 0.586 0.588 0.586 0.587 0.587 0.589 0.602 0.602 0.602 0.595 0.592 0.592 0.592 0.601 0.601 0.602 0.602 0.613 0.619 0.636 0.639 0.642 0.643 0.643 0.643 0.635 0.633 0.621 0.615 0.606 0.6 0.595 0.595 0.6 0.601 0.601 0.601 0.595 0.594 0.593 0.593 0.593 0.593 0.595 0.595 0.595 0.595 0.593 0.593 0.602 0.602 0.602 0.602 0.602 0.601 0.601 0.601 0.601 0.601 0.6 0.599 0.6 0.602 0.603 0.603 0.608 0.608 0.608 0.61 0.616 0.616 0.616 0.616 0.616 0.616 0.616 0.617 0.619 0.619 0.625 0.625 0.627 0.627 0.629 0.629 0.632 0.632 0.632 0.632 0.632 0.639 0.644 0.644 0.644 0.648 0.649 0.651 0.654 0.655 0.654 0.657 0.657 0.657 0.657 0.662 0.662 0.663 0.668 0.668 0.676 0.678 0.679 0.679 0.683 0.685 0.687 0.693 0.698 0.7 0.705 0.716 0.719 0.72 0.72 0.722 0.727 0.732 0.732 0.732 0.732 0.742 0.743 0.758 0.762 0.764 0.764 0.772 0.774 0.774 0.777 0.779 0.779 0.779 0.779 0.783 0.785 0.791 0.792 0.792 0.804 0.807 0.815 0.827 0.828 0.834 0.841 0.842 0.846 0.851 0.852 0.859 0.865 0.872 0.879 0.888 0.89 0.903 0.92 0.922 0.931 0.934 0.94 0.94 0.942 0.95 0.951 0.978 0.993 0.994 0.999 1.011 1.014 1.047 1.055 1.067 1.068 1.071 1.073 1.096 1.101 1.113 1.117 1.135 1.143 1.16 1.173 1.186 1.196 1.206 1.224 1.231 1.258 1.27 1.298 1.318 1.326 1.327 1.353 1.366 1.367 1.38 1.389 1.416 1.457 1.469 1.492 1.523 1.551 1.578 1.616 1.649 1.679 1.721 1.738 1.806 1.834 1.904 1.904 1.904 1.963 2.027 2.059 2.059 2.128 0.007 0.015 0.007 2.21 1.958 1.944 1.938 1.935 1.909 1.909 1.909 0 0 0 0 0 1.935 1.931 1.894 1.935 1.907 1.896 1.896 1.907 1.907 1.9 1.908 1.916 1.959 2.001 2.002 2.009 2.015 2.035 2.042 2.052 2.052 2.052 2.05 2.039 2.033 2.004 2 2 2 2.013 2.107 2.107 2.107 2.107 2.107 2.099 2.078 2.069 2.065 2.055 2.055 2.055 2.055 2.055 2.046 2.03 2.028 2.027 2.027 2.028 2.119 2.126 2.127 2.127 2.133 2.139 2.139 2.139 2.049 2.049 2.049 2.054 2.071 2.071 2.071 2.071 2.059 2.059 2.057 2.057 0.007 2.171 2.169 2.169 2.169 2.169 2.172 2.184 2.205 2.205 0.015 0.007 1.46 1.327 1.323 1.307 1.259 1.234 1.211 1.193 1.177 1.162 1.139 1.128 1.102 1.095 1.073 1.058 1.037 1.036 1.016 0.997 0.983 0.976 0.967 0.945 0.943 0.925 0.913 0.897 0.897 0.882 0.875 0.862 0.853 0.845 0.832 0.83 0.829 0.821 0.795 0.793 0.787 0.787 0.787 0.789 0.804 0.813 0.819 0.819 0.819 0.818 0.816 0.816 0.812 0.81 0.81 0.81 0.8 0.8 0.8 0.798 0.797 0.795 0.795 0.795 0.797 0.801 0.806 0.853 0.854 0.854 0.854 0.853 0.854 0.007 0.659 0.597 0.593 0.592 0.593 0.593 0.596 0.596 0.596 0.594 0.591 0.59 0.588 0.588 0.587 0.588 0.588 0.587 0.585 0.587 0.587 0.586 0.586 0.586 0.586 0.586 0.584 0.586 0.586 0.586 0.585 0.585 0.579 0.576 0.575 0.574 0.574 0.572 0.572 0.572 0.573 0.572 0.573 0.573 0.573 0.57 0.57 0.566 0.566 0.566 0.567 0.568 0.568 0.571 0.568 0.571 0.571 0.572 0.572 0.572 0.572 0.574 0.576 0.576 0.576 0.572 0.566 0.566 0.566 0.568 0.578 0 0 0 1.136 1.136 1.136 1.159 1.189 1.202 1.237 1.255 1.282 1.312 1.317 1.347 1.347 1.347 1.333 1.33 1.33 1.329 1.324 1.324 1.324 1.32 1.319 1.312 1.312 1.312 1.311 1.306 1.297 1.285 1.28 1.278 1.278 1.278 1.278 1.274 1.274 1.269 1.269 1.269 1.269 1.267 1.268 1.265 1.265 1.261 1.261 1.261 1.261 1.261 1.26 1.26 1.256 1.26 1.26 1.261 1.259 1.261 1.261 1.263 1.263 1.266 1.263 1.266 1.268 1.268 1.269 1.272 1.272 1.273 1.28 1.287 1.287 1.292 1.292 1.292 1.295 1.296 1.3 1.301 1.305 1.306 1.307 1.307 1.318 1.859 1.959 1.969 1.968 1.968 1.968 1.791 1.759 1.49 1.49 1.49 1.552 1.552 1.552 1.482 1.482 1.482 1.485 1.499 1.5 1.514 1.515 1.521 1.523 1.524 1.527 1.53 1.533 1.536 1.538 1.548 1.549 1.55 1.552 1.556 1.556 1.556 1.555 1.141 1.132 1.13 1.13 1.132 1.599 1.599 1.599 1.599 1.599 1.935 1.935 2.029 1.935 1.789 1.291 1.259 1.231 1.228 1.217 1.214 1.214 1.214 1.218 1.225 1.226 1.227 1.232 1.232 1.226 0.823 0.823 0.82 0.82 0.826 0.828 1.288 1.294 1.306 1.306 1.309 1.311 1.312 1.312 1.312 1.308 1.299 1.284 1.279 1.263 
1 1 1 1 1 1 1 1 1 1 1 1 1 1 1 1 1 1 1 1 1 1 1 1 1 1 1 1 1 1 1 1 1 1 1 1 1 1 1 1 1 1 1 1 1 1 1 1 1 1 1 1 1 1 1 1 1 1 1 1 1 1 1 1 1 1 1 1 1 1 1 1 1 1 1 1 1 1 1 1 1 1 1 1 1 1 1 1 1 1 1 1 1 1 1 1 1 1 1 1 1 1 1 1 1 1 1 1 1 1 1 1 1 1 1 1 1 1 1 1 1 1 1 1 1 1 1 1 1 1 1 1 1 1 1 1 1 1 1 1 1 1 1 1 1 1 1 1 1 1 1 1 1 1 1 1 1 1 1 1 1 1 1 1 1 1 1 1 1 1 1 1 1 1 1 1 1 1 1 1 1 1 1 1 1 1 1 1 1 1 1 1 1 1 1 1 1 1 1 1 1 1 1 1 1 1 1 1 1 1 1 1 1 1 1 1 1 1 1 1 1 1 1 1 1 1 1 1 1 1 1 1 1 1 1 1 1 1 1 1 1 1 1 1 1 1 1 1 1 1 1 1 1 1 1 1 1 1 1 1 1 1 1 0 0 0 1 1 1 1 1 1 1 1 0 0 0 0 0 1 1 1 1 1 1 1 1 1 1 1 1 1 1 1 1 1 1 1 1 1 1 1 1 1 1 1 1 1 1 1 1 1 1 1 1 1 1 1 1 1 1 1 1 1 1 1 1 1 1 1 1 1 1 1 1 1 1 1 1 1 1 1 1 1 1 1 1 1 1 0 1 1 1 1 1 1 1 1 1 0 0 1 1 1 1 1 1 1 1 1 1 1 1 1 1 1 1 1 1 1 1 1 1 1 1 1 1 1 1 1 1 1 1 1 1 1 1 1 1 1 1 1 1 1 1 1 1 1 1 1 1 1 1 1 1 1 1 1 1 1 1 1 1 1 1 1 1 1 1 1 1 1 1 1 0 1 1 1 1 1 1 1 1 1 1 1 1 1 1 1 1 1 1 1 1 1 1 1 1 1 1 1 1 1 1 1 1 1 1 1 1 1 1 1 1 1 1 1 1 1 1 1 1 1 1 1 1 1 1 1 1 1 1 1 1 1 1 1 1 1 1 1 1 1 1 1 0 0 0 1 1 1 1 1 1 1 1 1 1 1 1 1 1 1 1 1 1 1 1 1 1 1 1 1 1 1 1 1 1 1 1 1 1 1 1 1 1 1 1 1 1 1 1 1 1 1 1 1 1 1 1 1 1 1 1 1 1 1 1 1 1 1 1 1 1 1 1 1 1 1 1 1 1 1 1 1 1 1 1 1 1 1 1 1 1 1 1 1 1 1 1 1 1 1 1 1 1 1 1 1 1 1 1 1 1 1 1 1 1 1 1 1 1 1 1 1 1 1 1 1 1 1 1 1 1 1 1 1 1 1 1 1 1 1 1 1 1 1 1 1 1 1 1 1 1 1 1 1 1 1 1 1 1 1 1 1 1 1 1 1 1 1 1 1 1 1 1 1 1 1 1 1 
