# This file contains a 2D laser scan observation. 
# Its format is: 
# [aperture] [max_range] [number_of_scans] 
# [vector_of_scans] 
# [vector_of_valid_scans] 
# The aperture of the sensor is in radians, the maximum range 
# and measurements are in meters. '1' means a valid scan, '0' otherwise.
4.1847
5.6
682
0.719 0.717 0.706 0.706 0.704 0.706 0.709 0.709 0.704 0.704 0.697 0.686 0.683 0.683 0.68 0.68 0.68 0.682 0.682 0.682 0.682 0.681 0.678 0.673 0.672 0.667 0.666 0.664 0.664 0.664 0.665 0.666 0.668 0.669 0.676 0.699 0.704 0.706 0.714 0.715 0.722 0.722 0.729 0.734 0.76 0.762 0.762 0.768 0.771 0.97 0.982 0.982 0.972 0.972 0.961 0.952 0.948 0.946 0.94 0.938 0.936 0.931 0.925 0.925 0.92 0.918 0.916 0.914 0.905 0.902 0.892 0.891 0.89 0.889 0.884 0.884 0.877 0.877 0.877 0 0 0 0 0 0 0 0 0 0 0 0 0 0 0 0 0 0 0 0 0 0 0 0 0 0.007 0 0.007 0 0.007 0.585 0.585 0 0 0 0 0 0 0 0 0 0.007 0 0.558 0 0.558 0.558 0.007 0 0 0.007 0 0 0 0 0 0 0 0 0 0 0 0 0 0 0.007 0 0 0 0 0 0 0 0 0 0 0 0 0 0 0 0 0 0.007 0.53 0.53 0.545 0.545 0.582 0.748 0.748 0.748 0.744 0.744 0.744 0.744 0.744 0.746 0.746 0.746 0.752 0.752 0.748 0.748 0.748 0.748 0.748 0.752 0.752 0.754 0.753 0.753 0.756 0.756 0.756 0.756 0.756 0.76 0.763 0.763 0.763 0.763 0.763 0.765 0.765 0.769 0.769 0.77 0.769 0.77 0.772 0.774 0.774 0.774 0.774 0.775 0.78 0.781 0.785 0.785 0.788 0.79 0.791 0.791 0.791 0.791 0.791 0.796 0.796 0.8 0.801 0.802 0.807 0.809 0.809 0.812 0.813 0.816 0.816 0.817 0.817 0.821 0.821 0.828 0.828 0.83 0.832 0.838 0.843 0.843 0.847 0.848 0.848 0.851 0.856 0.858 0.862 0.865 0.872 0.876 0.876 0.876 0.87 0.84 0.832 0.825 0.822 0.813 0.801 0.8 0.785 0.784 0.784 0.78 0.778 0.763 0.757 0.755 0.744 0.743 0.737 0.73 0.724 0.717 0.717 0.706 0.705 0.696 0.691 0.69 0.688 0.678 0.678 0.673 0.666 0.665 0.665 0.663 0.654 0.654 0.65 0.641 0.64 0.637 0.632 0.63 0.628 0.628 0.617 0.615 0.614 0.608 0.606 0.603 0.602 0.601 0.599 0.595 0.593 0.587 0.585 0.583 0.583 0.58 0.58 0.58 0.574 0.572 0.567 0.567 0.566 0.563 0.563 0.563 0.558 0.557 0.554 0.553 0.547 0.547 0.541 0.541 0.54 0.54 0.54 0.537 0.534 0.532 0.533 0.532 0.532 0.532 0.531 0.529 0.528 0.528 0.52 0.52 0.514 0.514 0.513 0.513 0.512 0.511 0.511 0.513 0.511 0.511 0.507 0.507 0.507 0.506 0.505 0.503 0.503 0.497 0.497 0.497 0.497 0.497 0.497 0.498 0.495 0.495 0.495 0.495 0.495 0.495 0.493 0.491 0.491 0.489 0.491 0.49 0.49 0.49 0.49 0.489 0.484 0.484 0.484 0.485 0.485 0.485 0.486 0.486 0.486 0.486 0.487 0.487 0.488 0.489 0.491 0.491 0.498 0.498 0.498 0.499 0.511 0.513 0.518 0.525 0.525 0.525 0.525 0.522 0.519 0.519 0.518 0.513 0.506 0.501 0.501 0.501 0.501 0.501 0.489 0.489 0.488 0.488 0.49 0.49 0.486 0.486 0.486 0.486 0.486 0.486 0.486 0.48 0.48 0.48 0.48 0.487 0.488 0.49 0.49 0.491 0.491 0.492 0.494 0.494 0.494 0.492 0.492 0.492 0.495 0.495 0.496 0.496 0.496 0.496 0.496 0.501 0.501 0.501 0.505 0.505 0.505 0.498 0.498 0.474 0.474 0.469 0.467 0.469 0.473 0.473 0.5 0.5 0.506 0.513 0.513 0.513 0.513 0.515 0.52 0.521 0.521 0.522 0.525 0.522 0.53 0.53 0.53 0.532 0.536 0.537 0.537 0.541 0.543 0.544 0.547 0.548 0.765 0.007 0 0 0.007 0 0 0 0.898 0.898 0.887 0.885 0.867 0.867 0.853 0.853 0.007 0 0 0.007 0.793 0.793 0 0 0 0 0 0 0 0 0 0 0 0 0 0 0 0 0.007 0 0 0 0 0 0 0 0 0 0 0 0 0 0 0 0 0 0 0 0 0 0.007 0 0.007 0 0 0 0 0 0 0 0.427 0.422 0.421 0.421 0.419 0.412 0.412 0.412 0.409 0.412 0.409 0.416 0.409 0.405 0.396 0.4 0.4 0.396 0.387 0.387 0.381 0.377 0.375 0.359 0.359 0.358 0.356 0.353 0.346 0.338 0.336 0.336 0.332 0.336 0.336 0.349 0.353 0.366 0.366 0.369 0.37 0.37 0.37 0.361 0.361 0.359 0.358 0.357 0.354 0.354 0.351 0.345 0.344 0.342 0.34 0.34 0.34 0.36 0 0 0 0 0 0 0 0 0 0 0.314 0.308 0.308 0.308 0.309 0.308 0.309 0.309 0.309 0.304 0.304 0.302 0.302 0.302 2.369 2.369 2.369 2.363 2.356 2.354 2.351 2.353 2.351 2.35 2.35 2.351 2.35 2.351 2.354 2.355 2.354 
1 1 1 1 1 1 1 1 1 1 1 1 1 1 1 1 1 1 1 1 1 1 1 1 1 1 1 1 1 1 1 1 1 1 1 1 1 1 1 1 1 1 1 1 1 1 1 1 1 1 1 1 1 1 1 1 1 1 1 1 1 1 1 1 1 1 1 1 1 1 1 1 1 1 1 1 1 1 1 0 0 0 0 0 0 0 0 0 0 0 0 0 0 0 0 0 0 0 0 0 0 0 0 0 0 0 0 0 0 1 1 0 0 0 0 0 0 0 0 0 0 0 1 0 1 1 0 0 0 0 0 0 0 0 0 0 0 0 0 0 0 0 0 0 0 0 0 0 0 0 0 0 0 0 0 0 0 0 0 0 0 0 0 1 1 1 1 1 1 1 1 1 1 1 1 1 1 1 1 1 1 1 1 1 1 1 1 1 1 1 1 1 1 1 1 1 1 1 1 1 1 1 1 1 1 1 1 1 1 1 1 1 1 1 1 1 1 1 1 1 1 1 1 1 1 1 1 1 1 1 1 1 1 1 1 1 1 1 1 1 1 1 1 1 1 1 1 1 1 1 1 1 1 1 1 1 1 1 1 1 1 1 1 1 1 1 1 1 1 1 1 1 1 1 1 1 1 1 1 1 1 1 1 1 1 1 1 1 1 1 1 1 1 1 1 1 1 1 1 1 1 1 1 1 1 1 1 1 1 1 1 1 1 1 1 1 1 1 1 1 1 1 1 1 1 1 1 1 1 1 1 1 1 1 1 1 1 1 1 1 1 1 1 1 1 1 1 1 1 1 1 1 1 1 1 1 1 1 1 1 1 1 1 1 1 1 1 1 1 1 1 1 1 1 1 1 1 1 1 1 1 1 1 1 1 1 1 1 1 1 1 1 1 1 1 1 1 1 1 1 1 1 1 1 1 1 1 1 1 1 1 1 1 1 1 1 1 1 1 1 1 1 1 1 1 1 1 1 1 1 1 1 1 1 1 1 1 1 1 1 1 1 1 1 1 1 1 1 1 1 1 1 1 1 1 1 1 1 1 1 1 1 1 1 1 1 1 1 1 1 1 1 1 1 1 1 1 1 1 1 1 1 1 1 1 1 1 1 1 1 1 1 1 1 1 1 1 1 1 1 1 1 1 1 1 1 1 1 1 1 1 1 1 1 0 0 0 0 0 0 0 1 1 1 1 1 1 1 1 0 0 0 0 1 1 0 0 0 0 0 0 0 0 0 0 0 0 0 0 0 0 0 0 0 0 0 0 0 0 0 0 0 0 0 0 0 0 0 0 0 0 0 0 0 0 0 0 0 0 0 0 0 0 1 1 1 1 1 1 1 1 1 1 1 1 1 1 1 1 1 1 1 1 1 1 1 1 1 1 1 1 1 1 1 1 1 1 1 1 1 1 1 1 1 1 1 1 1 1 1 1 1 1 1 1 1 1 1 1 1 1 0 0 0 0 0 0 0 0 0 0 1 1 1 1 1 1 1 1 1 1 1 1 1 1 1 1 1 1 1 1 1 1 1 1 1 1 1 1 1 1 1 
