# This file contains a 2D laser scan observation. 
# Its format is: 
# [aperture] [max_range] [number_of_scans] 
# [vector_of_scans] 
# [vector_of_valid_scans] 
# The aperture of the sensor is in radians, the maximum range 
# and measurements are in meters. '1' means a valid scan, '0' otherwise.
4.1847
5.6
682
1.012 1.008 1 0.984 0.984 0.981 0.976 0.969 0.967 0.958 0.958 0.958 0 0 0 0 0 0 0 0 0 0 0 0 0 0 0 0 0 0 0 0 0 0 0 0 0 0 0 0 0 0 0 0 0 0 0 0 0 0 0 0 0 0 0 0 0 0 0 0 0 0 0 0 0 0 0 0 0 0 0 0 0 0 0 0 0 0 0 0 0 0 0 0 0.551 0.548 0.548 0.551 0.583 0.594 0.621 0.684 0.684 0.784 0.784 0.785 0.785 0.786 0.785 0.786 0.786 0.786 0.782 0.786 0.783 0.787 0.785 0.787 0.785 0.785 0.785 0.785 0.784 0.783 0.783 0.783 0.782 0.783 0.783 0.783 0.783 0.783 0.78 0.783 0.786 0.786 0.786 0.788 0.786 0.788 0.781 0.788 0.786 0.786 0.786 0.787 0.787 0.787 0.792 0.792 0.792 0.785 0.789 0.789 0.793 0.796 0.796 0.796 0.796 0.796 0.8 0.8 0.801 0.802 0.8 0.808 0.808 0.814 0.808 0.814 0.814 0.814 0.814 0.815 0.816 0.818 0.823 0.823 0.826 0.828 0.83 0.831 0.833 0.833 0.834 0.837 0.838 0.843 0.846 0.849 0.851 0.853 0.853 0.856 0.858 0.859 0.859 0.868 0.868 0.868 0.864 0.842 0.823 0.822 0.806 0.804 0.785 0.78 0.766 0.765 0.753 0.748 0.74 0.733 0.73 0.718 0.713 0.709 0.697 0.692 0.69 0.678 0.669 0.667 0.665 0.658 0.648 0.648 0.645 0.642 0.634 0.633 0.627 0.627 0.619 0.615 0.609 0.609 0.609 0.597 0.594 0.593 0.592 0.587 0.582 0.576 0.573 0.572 0.568 0.559 0.558 0.553 0.552 0.546 0.543 0.54 0.539 0.536 0.533 0.532 0.527 0.527 0.526 0.522 0.518 0.515 0.514 0.514 0.51 0.506 0.505 0.503 0.499 0.499 0.49 0.489 0.489 0.487 0.487 0.485 0.485 0.485 0.485 0.482 0.48 0.475 0.472 0.47 0.469 0.468 0.468 0.467 0.466 0.466 0.461 0.461 0.455 0.455 0.453 0.452 0.453 0.452 0.449 0.452 0.452 0.449 0.449 0.446 0.442 0.446 0.442 0.441 0.441 0.441 0.436 0.435 0.434 0.432 0.432 0.432 0.432 0.431 0.43 0.43 0.43 0.43 0.424 0.424 0.424 0.423 0.422 0.422 0.421 0.419 0.419 0.421 0.418 0.418 0.415 0.415 0.413 0.415 0.417 0.417 0.416 0.417 0.417 0.416 0.416 0.411 0.409 0.409 0.408 0.409 0.408 0.411 0.413 0.413 0.413 0.413 0.418 0.422 0.422 0.422 0.422 0.419 0.419 0.419 0.42 0.423 0.426 0.427 0.427 0.427 0.427 0.44 0.447 0.448 0.452 0.452 0.456 0.456 0.45 0.44 0.438 0.433 0.433 0.428 0.428 0.423 0.42 0.418 0.418 0.416 0.414 0.414 0.414 0.414 0.417 0.417 0.417 0.416 0.415 0.415 0.415 0.415 0.415 0.415 0.415 0.415 0.415 0.415 0.414 0.416 0.414 0.418 0.418 0.421 0.422 0.422 0.421 0.422 0.422 0.423 0.423 0.423 0.422 0.422 0.42 0.416 0.415 0.393 0.39 0.39 0.388 0.39 0.39 0.391 0.391 0.395 0.399 0.425 0.434 0.434 0.436 0.436 0.438 0.438 0.438 0.438 0.438 0.443 0.442 0.443 0.445 0.445 0.448 0.448 0.448 0.45 0.45 0.45 0.451 0.455 0.456 0.459 0.46 0.463 0.464 0.465 0.469 0.707 0.007 0.782 0.782 0.809 0.809 0.929 1.043 1.056 1.056 1.056 1.056 1.053 1.053 1.053 1.053 0.967 0.932 0.931 0.925 0.925 0.921 0.912 0.879 0.873 0.855 0.815 0.793 0.771 0.771 0.771 0.77 0.771 0.007 0 0 0 0 0 0.007 0 0.007 0 0.007 0 0 0 0.492 0.49 0.472 0.467 0.459 0.445 0.422 0.417 0.416 0.416 0.413 0.415 0.41 0.415 0.41 0.405 0.405 0.396 0.392 0.392 0.392 0.392 0.39 0.399 0.399 0.399 0.39 0.39 0.381 0.372 0.372 0.381 0.382 0.388 0.388 0 0.007 0.386 0.37 0.357 0.354 0.353 0.351 0.353 0.353 0.353 0.351 0.346 0.346 0.353 0.35 0.35 0.361 0.35 0.321 0.321 0.33 0.324 0.33 0.339 0.339 0.34 0 0 0 0 0.335 0.331 0.331 0.331 0.325 0.325 0.321 0.321 0.321 0.321 0.317 0.313 0.311 0.306 0.306 0.304 0.304 0.304 0.306 0.305 0.306 0.311 0.311 0.311 0.311 0.309 0.301 0.3 0.3 0.298 0.298 0.301 0.304 0.304 0.304 0.303 0.303 0.303 0.303 0.302 0.299 0.299 0.299 0 0 0 2.345 2.325 2.325 2.319 2.319 2.319 2.327 0.007 2.329 2.329 2.339 2.329 2.329 0.269 0.268 0.267 0.267 0.267 0.267 0.263 0.267 0.263 0.269 0.27 0.27 0.268 0.27 0.268 0.268 0.27 1.857 1.857 1.857 1.857 1.857 1.861 1.861 1.861 1.861 1.861 1.861 1.861 1.867 1.876 1.88 1.881 1.888 1.892 1.893 1.897 1.901 1.904 1.908 1.912 1.913 1.916 1.918 1.926 1.935 1.936 1.954 0 
1 1 1 1 1 1 1 1 1 1 1 1 0 0 0 0 0 0 0 0 0 0 0 0 0 0 0 0 0 0 0 0 0 0 0 0 0 0 0 0 0 0 0 0 0 0 0 0 0 0 0 0 0 0 0 0 0 0 0 0 0 0 0 0 0 0 0 0 0 0 0 0 0 0 0 0 0 0 0 0 0 0 0 0 1 1 1 1 1 1 1 1 1 1 1 1 1 1 1 1 1 1 1 1 1 1 1 1 1 1 1 1 1 1 1 1 1 1 1 1 1 1 1 1 1 1 1 1 1 1 1 1 1 1 1 1 1 1 1 1 1 1 1 1 1 1 1 1 1 1 1 1 1 1 1 1 1 1 1 1 1 1 1 1 1 1 1 1 1 1 1 1 1 1 1 1 1 1 1 1 1 1 1 1 1 1 1 1 1 1 1 1 1 1 1 1 1 1 1 1 1 1 1 1 1 1 1 1 1 1 1 1 1 1 1 1 1 1 1 1 1 1 1 1 1 1 1 1 1 1 1 1 1 1 1 1 1 1 1 1 1 1 1 1 1 1 1 1 1 1 1 1 1 1 1 1 1 1 1 1 1 1 1 1 1 1 1 1 1 1 1 1 1 1 1 1 1 1 1 1 1 1 1 1 1 1 1 1 1 1 1 1 1 1 1 1 1 1 1 1 1 1 1 1 1 1 1 1 1 1 1 1 1 1 1 1 1 1 1 1 1 1 1 1 1 1 1 1 1 1 1 1 1 1 1 1 1 1 1 1 1 1 1 1 1 1 1 1 1 1 1 1 1 1 1 1 1 1 1 1 1 1 1 1 1 1 1 1 1 1 1 1 1 1 1 1 1 1 1 1 1 1 1 1 1 1 1 1 1 1 1 1 1 1 1 1 1 1 1 1 1 1 1 1 1 1 1 1 1 1 1 1 1 1 1 1 1 1 1 1 1 1 1 1 1 1 1 1 1 1 1 1 1 1 1 1 1 1 1 1 1 1 1 1 1 1 1 1 1 1 1 1 1 1 1 1 1 1 1 1 1 1 0 1 1 1 1 1 1 1 1 1 1 1 1 1 1 1 1 1 1 1 1 1 1 1 1 1 1 1 1 1 1 1 0 0 0 0 0 0 0 0 0 0 0 0 0 0 1 1 1 1 1 1 1 1 1 1 1 1 1 1 1 1 1 1 1 1 1 1 1 1 1 1 1 1 1 1 1 1 1 1 1 0 0 1 1 1 1 1 1 1 1 1 1 1 1 1 1 1 1 1 1 1 1 1 1 1 1 1 0 0 0 0 1 1 1 1 1 1 1 1 1 1 1 1 1 1 1 1 1 1 1 1 1 1 1 1 1 1 1 1 1 1 1 1 1 1 1 1 1 1 1 1 1 1 1 0 0 0 1 1 1 1 1 1 1 0 1 1 1 1 1 1 1 1 1 1 1 1 1 1 1 1 1 1 1 1 1 1 1 1 1 1 1 1 1 1 1 1 1 1 1 1 1 1 1 1 1 1 1 1 1 1 1 1 1 1 1 1 1 0 
