# This file contains a 2D laser scan observation. 
# Its format is: 
# [aperture] [max_range] [number_of_scans] 
# [vector_of_scans] 
# [vector_of_valid_scans] 
# The aperture of the sensor is in radians, the maximum range 
# and measurements are in meters. '1' means a valid scan, '0' otherwise.
4.1847
5.6
682
1.087 1.076 1.069 1.058 1.05 1.038 1.028 1.024 1.013 1.006 0.999 0.984 0.982 0.97 0.967 0.96 0.958 0.957 0.944 0.94 0.931 0.926 0.924 0.918 0.912 0.909 0.895 0.894 0.888 0.886 0.877 0.872 0.871 0.871 0.859 0.853 0.852 0.848 0.847 0.836 0.834 0.834 0.827 0.827 0.817 0.809 0.807 0.804 0.801 0.801 0.797 0.796 0.789 0.785 0.784 0.781 0.78 0.775 0.775 0.774 0.764 0.761 0.754 0.754 0.753 0.753 0.755 0.755 0.748 0.748 0.735 0.734 0.731 0.731 0.731 0.727 0.727 0.72 0.72 0.719 0.719 0.719 0.715 0.714 0.713 0.707 0.705 0.704 0.704 0.704 0.697 0.697 0.694 0.694 0.694 0.694 0.693 0.693 0.692 0.693 0.692 0.688 0.687 0.688 0.687 0.685 0.68 0.68 0.68 0.68 0.679 0.679 0.679 0.678 0.677 0.675 0.675 0.67 0.669 0.669 0.665 0.665 0.665 0.665 0.665 0.665 0.664 0.664 0.664 0.664 0.664 0.664 0.668 0.664 0.664 0.665 0.664 0.664 0.663 0.665 0.665 0.668 0.669 0.669 0.669 0.671 0.678 0.682 0.692 0.696 0.696 0.704 0.704 0.704 0.698 0.693 0.69 0.69 0.688 0.679 0.674 0.673 0.667 0.667 0.664 0.664 0.664 0.675 0.803 0.925 0.954 0.978 1.097 1.174 1.175 1.186 1.186 1.175 0.817 0.772 0.746 0.72 0.678 0.664 0.646 0.62 0.601 0.586 0.553 0.545 0.532 0.511 0.502 0.49 0.48 0.463 0.461 0.452 0.433 0.426 0.421 0.411 0.399 0.394 0.394 0.316 0.299 0.259 0.247 0.246 0.218 0.215 0.214 0.215 0.214 0.215 0.218 0.223 0.223 0.223 0.223 0.221 0.219 0.221 0.221 0.221 0.224 0.231 0.234 0.294 0.303 0.308 0.31 0.313 0.316 0.316 0.316 0.323 0.323 0.323 0.323 0.323 0.323 0.323 0.323 0.329 0.329 0.329 0.33 0.33 0.331 0.334 0.338 0.338 0.339 0.339 0.339 0.343 0.344 0.35 0.35 0.344 0.35 0.35 0.354 0.357 0.357 0.357 0.359 0.361 0.364 0.369 0.369 0.371 0.373 0.377 0.377 0.38 0.38 0.384 0.386 0.387 0.387 0.393 0.394 0.399 0.405 0.398 0.405 0.408 0.408 0.409 0.413 0.419 0.422 0.426 0.43 0.434 0.435 0.438 0.441 0.447 0.452 0.453 0.454 0.46 0.463 0.468 0.471 0.471 0.471 0.475 0.482 0.485 0.49 0.499 0.503 0.506 0.509 0.511 0.52 0.527 0.538 0.539 0.549 0.552 0.555 0.558 0.559 0.576 0.584 0.585 0.589 0.591 0.602 0.622 0.624 0.631 0.633 0.636 0.651 0.664 0.665 0.676 0.678 0.686 0.707 0.726 0.734 0.745 0.75 0.767 0.786 0.794 0.81 0.821 0.845 0.866 0.873 0.898 0.912 0.935 0.956 0.965 0.993 1.02 1.044 1.062 1.084 1.111 1.131 1.156 1.182 1.215 1.246 1.309 1.366 1.451 1.528 1.605 1.697 1.777 1.853 1.933 2.007 2.073 2.073 2.129 2.129 2.129 2.128 2.128 2.12 2.123 2.123 2.123 2.12 2.119 1.651 1.635 1.635 1.635 1.638 1.638 1.64 1.644 1.661 1.662 1.662 1.662 1.657 1.645 1.64 1.64 1.64 1.635 1.634 1.635 1.635 1.635 1.635 1.635 1.631 1.635 1.635 1.635 1.635 1.64 1.64 1.638 1.638 1.64 1.643 1.643 1.643 1.643 1.643 1.655 1.655 1.656 1.656 1.661 1.661 1.664 1.667 1.669 1.674 5.253 5.257 5.315 5.315 5.315 5.316 5.322 0.006 0.006 0.006 0 0 0 0 0 0 0 0 5.162 5.162 5.162 5.173 0 0 0 0.007 3.407 3.404 3.404 3.404 3.331 3.328 3.328 3.328 3.339 3.339 3.339 3.339 3.339 3.339 3.347 3.356 3.356 3.356 2.63 2.481 2.398 2.382 2.35 2.289 2.282 2.254 2.242 2.193 2.185 2.155 2.126 2.126 2.106 2.083 1.535 1.527 1.512 1.498 1.48 1.475 1.459 1.449 1.434 1.426 1.413 1.405 1.391 1.379 1.374 1.358 1.351 1.347 1.338 1.322 1.316 1.305 1.305 1.305 1.306 0 0 0 0 1.328 1.328 1.328 1.331 1.336 1.35 1.361 1.376 1.377 1.388 1.399 1.413 1.419 1.43 1.447 1.451 1.472 1.481 1.49 1.496 1.513 1.53 1.536 1.555 0 0 0 0 1.65 1.65 1.65 1.692 1.692 1.692 1.683 1.68 1.659 1.656 1.654 1.646 1.645 1.632 1.63 1.603 1.601 1.59 1.579 1.574 1.573 1.564 1.563 1.557 1.553 1.549 1.544 1.538 1.536 1.534 1.524 1.519 1.517 1.514 1.514 1.513 1.499 1.499 1.501 1.501 0 0 0 0 0 0 0 1.379 1.379 1.379 1.448 0.015 0.007 0 1.448 1.442 1.423 1.407 1.407 1.407 1.407 0.923 0.923 0.918 0.917 0.917 0.908 0.896 0.896 0.896 0.896 0.882 0.884 0.884 0.883 0.883 0.884 0.883 0.882 0.882 0.882 0.874 0.882 0.877 0.877 0.877 0.883 0.883 0.884 0.884 0.884 0.884 0.884 0.886 0.886 0.899 0.905 0.91 0.91 0.91 0.903 0.894 0.894 0.889 0.888 0.883 0.883 0.881 0.883 0.882 0.882 0.881 0.881 0.881 0.876 0.876 0.881 0.882 
1 1 1 1 1 1 1 1 1 1 1 1 1 1 1 1 1 1 1 1 1 1 1 1 1 1 1 1 1 1 1 1 1 1 1 1 1 1 1 1 1 1 1 1 1 1 1 1 1 1 1 1 1 1 1 1 1 1 1 1 1 1 1 1 1 1 1 1 1 1 1 1 1 1 1 1 1 1 1 1 1 1 1 1 1 1 1 1 1 1 1 1 1 1 1 1 1 1 1 1 1 1 1 1 1 1 1 1 1 1 1 1 1 1 1 1 1 1 1 1 1 1 1 1 1 1 1 1 1 1 1 1 1 1 1 1 1 1 1 1 1 1 1 1 1 1 1 1 1 1 1 1 1 1 1 1 1 1 1 1 1 1 1 1 1 1 1 1 1 1 1 1 1 1 1 1 1 1 1 1 1 1 1 1 1 1 1 1 1 1 1 1 1 1 1 1 1 1 1 1 1 1 1 1 1 1 1 1 1 1 1 1 1 1 1 1 1 1 1 1 1 1 1 1 1 1 1 1 1 1 1 1 1 1 1 1 1 1 1 1 1 1 1 1 1 1 1 1 1 1 1 1 1 1 1 1 1 1 1 1 1 1 1 1 1 1 1 1 1 1 1 1 1 1 1 1 1 1 1 1 1 1 1 1 1 1 1 1 1 1 1 1 1 1 1 1 1 1 1 1 1 1 1 1 1 1 1 1 1 1 1 1 1 1 1 1 1 1 1 1 1 1 1 1 1 1 1 1 1 1 1 1 1 1 1 1 1 1 1 1 1 1 1 1 1 1 1 1 1 1 1 1 1 1 1 1 1 1 1 1 1 1 1 1 1 1 1 1 1 1 1 1 1 1 1 1 1 1 1 1 1 1 1 1 1 1 1 1 1 1 1 1 1 1 1 1 1 1 1 1 1 1 1 1 1 1 1 1 1 1 1 1 1 1 1 1 1 1 1 1 1 1 1 1 1 1 1 1 1 1 1 1 1 1 1 1 1 1 1 1 1 1 1 1 1 1 1 1 1 1 1 1 1 1 0 0 0 0 0 0 0 0 0 0 0 1 1 1 1 0 0 0 0 1 1 1 1 1 1 1 1 1 1 1 1 1 1 1 1 1 1 1 1 1 1 1 1 1 1 1 1 1 1 1 1 1 1 1 1 1 1 1 1 1 1 1 1 1 1 1 1 1 1 1 1 1 1 1 1 1 1 1 0 0 0 0 1 1 1 1 1 1 1 1 1 1 1 1 1 1 1 1 1 1 1 1 1 1 1 1 0 0 0 0 1 1 1 1 1 1 1 1 1 1 1 1 1 1 1 1 1 1 1 1 1 1 1 1 1 1 1 1 1 1 1 1 1 1 1 1 1 1 1 1 0 0 0 0 0 0 0 1 1 1 1 0 0 0 1 1 1 1 1 1 1 1 1 1 1 1 1 1 1 1 1 1 1 1 1 1 1 1 1 1 1 1 1 1 1 1 1 1 1 1 1 1 1 1 1 1 1 1 1 1 1 1 1 1 1 1 1 1 1 1 1 1 1 1 1 1 1 1 
