# This file contains a 2D laser scan observation. 
# Its format is: 
# [aperture] [max_range] [number_of_scans] 
# [vector_of_scans] 
# [vector_of_valid_scans] 
# The aperture of the sensor is in radians, the maximum range 
# and measurements are in meters. '1' means a valid scan, '0' otherwise.
4.1847
5.6
682
0.829 0.465 0.464 0.464 0.463 0.463 0.462 0.463 0.463 0.462 0.463 0.463 0.462 0.462 0.462 0.462 0.462 0.464 0.464 0.459 0.459 0.459 0.459 0.46 0.46 0.459 0.461 0.459 0.459 0.459 0.463 0.463 0.463 0.459 0.463 0.462 0.462 0.462 0.469 0.469 0.47 0.47 0.47 0.47 0.472 0.474 0.474 0.472 0.47 0.47 0.47 0.466 0.466 0.462 0.462 0.462 0.462 0.462 0.461 0.461 0.461 0.46 0.46 0.46 0.46 0.46 0.457 0.458 0.457 0.457 0.458 0.458 0.458 0.459 0.458 0.459 0.455 0.459 0.456 0.456 0.456 0.461 0.456 0.457 0.457 0.457 0.455 0.455 0.455 0.455 0.455 0.455 0.457 0.455 0.454 0.454 0.454 0.454 0.454 0.455 0.455 0.455 0.462 0.463 0.463 0.463 0.463 0.463 0.474 0.474 0.475 0.48 0.474 0.48 0.48 0.48 0.482 0.482 0.484 0.484 0.488 0.488 0.488 0.488 0.492 0.492 0.495 0.498 0.495 0.496 0.496 0.496 0.496 0.504 0.506 0.506 0.508 0.509 0.512 0.516 0.517 0.52 0.522 0.522 0.525 0.524 0.524 0.532 0.532 0.532 0.533 0.538 0.544 0.549 0.55 0.551 0.552 0.554 0.556 0.558 0.559 0.559 0.563 0.571 0.571 0.577 0.575 0.577 0.577 0.583 0.594 0.598 0.599 0.599 0.601 0.609 0.612 0.622 0.623 0.626 0.636 0.638 0.647 0.649 0.652 0.66 0.661 0.661 0.664 0.673 0.674 0.684 0.69 0.693 0.693 0.704 0.71 0.717 0.717 0.723 0.728 0.736 0.744 0.757 0.757 0.766 0.768 0.781 0.788 0.797 0.802 0.807 0.817 0.838 0.843 0.845 0.856 0.871 0.873 0.881 0.896 0.916 0.926 0.929 0.93 0.946 0.965 0.973 0.981 0.999 1.017 1.023 1.041 1.06 1.072 1.094 1.109 1.121 1.148 1.151 1.167 1.192 1.208 1.228 1.259 1.27 1.288 1.328 1.347 1.385 1.424 1.469 1.53 1.596 1.64 1.678 1.726 1.755 1.786 1.79 1.79 1.828 1.828 1.922 1.918 1.886 1.886 1.886 1.423 1.402 1.402 1.401 1.401 1.396 1.397 1.396 1.395 1.393 1.393 1.391 1.39 1.39 1.39 1.39 1.39 1.392 1.392 1.391 1.388 1.389 1.389 1.389 1.389 1.392 1.393 1.403 1.412 1.416 1.422 1.422 1.422 1.42 1.402 1.393 1.391 1.389 1.386 1.386 1.384 1.386 1.386 1.389 1.386 1.388 1.388 1.378 1.378 1.378 1.378 1.391 1.391 1.391 1.391 1.391 1.395 1.409 1.908 1.912 1.926 4.953 4.957 4.969 4.969 4.976 4.977 4.978 4.992 5.001 5.009 5.022 5.024 5.025 5.396 0.006 0.006 0.006 0.006 0.006 0 0 0 0 4.994 4.99 4.99 4.99 5.018 5.018 0.006 0.007 3.161 3.126 3.115 3.101 3.097 3.056 3.036 3.036 3.036 3.064 3.064 3.064 3.049 3.046 3.046 3.049 3.064 3.069 3.071 3.071 3.071 2.223 2.137 2.11 2.082 2.064 2.028 2.006 1.983 1.955 1.928 1.909 1.883 1.864 1.84 1.825 1.8 1.777 1.288 1.256 1.247 1.23 1.22 1.209 1.201 1.191 1.182 1.168 1.159 1.153 1.135 1.133 1.122 1.111 1.106 1.092 1.09 1.077 1.068 1.064 1.055 1.048 1.033 1.03 1.03 1.016 1.016 1.006 1.006 1.006 1.006 1.003 0.998 0.998 1.003 0 0 0 0 0 0 0 1.081 1.075 1.075 1.081 1.098 1.1 1.103 1.112 1.118 1.13 1.138 1.159 1.161 1.168 1.179 1.194 1.21 1.214 1.227 1.231 1.253 1.26 1.268 1.296 1.304 1.304 0 0 0 0 0 1.423 1.415 1.41 1.404 1.403 1.401 1.397 1.391 1.389 1.377 1.376 1.374 1.362 1.362 1.334 1.331 1.326 1.325 1.321 1.319 1.314 1.312 1.307 1.302 1.301 1.298 1.291 1.291 1.286 1.291 1.285 1.284 1.278 1.277 1.274 1.265 1.264 1.264 1.263 1.262 1.262 1.256 1.256 1.255 1.25 1.249 1.249 1.246 1.245 1.244 1.244 1.243 1.243 1.239 1.236 1.236 1.236 1.233 1.227 1.227 1.231 1.231 1.231 1.232 1.232 1.23 1.23 1.221 1.22 1.205 1.205 1.205 1.227 1.236 1.236 1.243 1.247 0 0 0 0 0 0 0 0 1.248 1.241 1.241 1.157 1.156 0.769 0.75 0.75 0.756 0.756 0.755 0.755 0.735 0.735 0.725 0.721 0.721 0.719 0.719 0.728 0.728 0.727 0.727 0.727 0.727 0.729 0.73 0.73 0.731 0.734 0.731 0.731 0.735 0.735 0.735 0.735 0.735 0.735 0.735 0.74 0.74 0.741 0.746 0.747 0.747 0.75 0.751 0.751 0.751 0.752 0.752 0.752 0.755 0.76 0.761 0.761 0.766 0.766 0.766 0.766 0.769 0.771 0.771 0.776 0.776 0.773 0.776 0.776 0.774 0.779 0.78 0.781 0.783 0.792 0.793 0.794 0.8 0.801 0.805 0.812 0.828 0.831 0.836 0.846 0.932 0.933 0.933 0.933 0.916 0.898 0.891 0.889 0.881 0.868 0.863 0.855 0.853 0.842 0.837 0.837 0.842 0 0 0 0 0 0 0 0 0 0 0 0 0 0 0 0 0 0 0 0 0 0 0 
1 1 1 1 1 1 1 1 1 1 1 1 1 1 1 1 1 1 1 1 1 1 1 1 1 1 1 1 1 1 1 1 1 1 1 1 1 1 1 1 1 1 1 1 1 1 1 1 1 1 1 1 1 1 1 1 1 1 1 1 1 1 1 1 1 1 1 1 1 1 1 1 1 1 1 1 1 1 1 1 1 1 1 1 1 1 1 1 1 1 1 1 1 1 1 1 1 1 1 1 1 1 1 1 1 1 1 1 1 1 1 1 1 1 1 1 1 1 1 1 1 1 1 1 1 1 1 1 1 1 1 1 1 1 1 1 1 1 1 1 1 1 1 1 1 1 1 1 1 1 1 1 1 1 1 1 1 1 1 1 1 1 1 1 1 1 1 1 1 1 1 1 1 1 1 1 1 1 1 1 1 1 1 1 1 1 1 1 1 1 1 1 1 1 1 1 1 1 1 1 1 1 1 1 1 1 1 1 1 1 1 1 1 1 1 1 1 1 1 1 1 1 1 1 1 1 1 1 1 1 1 1 1 1 1 1 1 1 1 1 1 1 1 1 1 1 1 1 1 1 1 1 1 1 1 1 1 1 1 1 1 1 1 1 1 1 1 1 1 1 1 1 1 1 1 1 1 1 1 1 1 1 1 1 1 1 1 1 1 1 1 1 1 1 1 1 1 1 1 1 1 1 1 1 1 1 1 1 1 1 1 1 1 1 1 1 1 1 1 1 1 1 1 1 1 1 1 1 1 1 1 1 1 1 1 1 1 1 1 1 1 1 1 0 0 0 0 0 0 0 0 0 1 1 1 1 1 1 0 0 1 1 1 1 1 1 1 1 1 1 1 1 1 1 1 1 1 1 1 1 1 1 1 1 1 1 1 1 1 1 1 1 1 1 1 1 1 1 1 1 1 1 1 1 1 1 1 1 1 1 1 1 1 1 1 1 1 1 1 1 1 1 1 1 1 1 1 1 1 1 1 1 1 1 1 0 0 0 0 0 0 0 1 1 1 1 1 1 1 1 1 1 1 1 1 1 1 1 1 1 1 1 1 1 1 1 1 1 0 0 0 0 0 1 1 1 1 1 1 1 1 1 1 1 1 1 1 1 1 1 1 1 1 1 1 1 1 1 1 1 1 1 1 1 1 1 1 1 1 1 1 1 1 1 1 1 1 1 1 1 1 1 1 1 1 1 1 1 1 1 1 1 1 1 1 1 1 1 1 1 1 1 1 1 1 1 1 1 1 1 0 0 0 0 0 0 0 0 1 1 1 1 1 1 1 1 1 1 1 1 1 1 1 1 1 1 1 1 1 1 1 1 1 1 1 1 1 1 1 1 1 1 1 1 1 1 1 1 1 1 1 1 1 1 1 1 1 1 1 1 1 1 1 1 1 1 1 1 1 1 1 1 1 1 1 1 1 1 1 1 1 1 1 1 1 1 1 1 1 1 1 1 1 1 1 1 1 1 1 1 1 1 1 1 1 1 1 1 1 0 0 0 0 0 0 0 0 0 0 0 0 0 0 0 0 0 0 0 0 0 0 0 
