# This file contains a 2D laser scan observation. 
# Its format is: 
# [aperture] [max_range] [number_of_scans] 
# [vector_of_scans] 
# [vector_of_valid_scans] 
# The aperture of the sensor is in radians, the maximum range 
# and measurements are in meters. '1' means a valid scan, '0' otherwise.
4.1847
5.6
682
0.537 0.541 0.54 0.54 0.54 0.54 0.54 0.538 0.538 0.539 0.539 0.538 0.537 0.537 0.537 0.537 0.537 0.537 0.537 0.537 0.537 0.536 0.536 0.536 0.536 0.536 0.539 0.536 0.539 0.539 0.539 0.538 0.538 0.537 0.534 0.537 0.534 0.534 0.539 0.539 0.536 0.538 0.536 0.536 0.537 0.537 0.536 0.536 0.534 0.532 0.532 0.532 0.534 0.533 0.535 0.536 0.54 0.54 0.54 0.541 0.542 0.54 0.542 0.542 0.544 0.544 0.546 0.547 0.548 0.548 0.548 0.548 0.546 0.546 0.549 0.549 0.555 0.555 0.558 0.558 0.555 0.555 0.558 0.558 0.558 0.561 0.562 0.565 0.565 0.565 0.565 0.567 0.569 0.57 0.577 0.577 0.577 0.577 0.577 0.577 0.583 0.583 0.583 0.592 0.596 0.597 0.597 0.596 0.596 0.594 0.594 0.596 0.6 0.602 0.604 0.606 0.606 0.612 0.612 0.613 0.616 0.616 0.618 0.621 0.621 0.624 0.624 0.625 0.626 0.629 0.632 0.641 0.642 0.651 0.652 0.652 0.656 0.656 0.656 0.659 0.668 0.671 0.673 0.673 0.683 0.688 0.69 0.692 0.692 0.692 0.696 0.705 0.71 0.711 0.715 0.72 0.723 0.728 0.728 0.734 0.739 0.741 0.745 0.75 0.751 0.768 0.792 0.797 0.798 0.798 0.8 0.8 0.8 0.8 0.809 0.81 0.82 0.825 0.829 0.838 0.84 0.854 0.86 0.867 0.871 0.887 0.894 0.898 0.906 0.921 0.924 0.928 0.943 0.947 0.956 0.973 0.975 0.991 1 1.013 1.021 1.034 1.049 1.053 1.066 1.083 1.088 1.107 1.119 1.128 1.151 1.152 1.186 1.189 1.207 1.217 1.244 1.251 1.272 1.292 1.307 1.326 1.352 1.378 1.396 1.423 1.444 1.474 1.49 1.522 1.551 1.578 1.624 1.743 1.743 1.743 1.227 1.202 1.194 1.194 1.191 1.19 1.189 1.189 1.184 1.184 1.181 1.181 1.176 1.176 1.177 1.175 1.175 1.175 1.163 1.163 1.163 1.166 1.167 1.167 1.167 1.161 1.161 1.159 1.157 1.159 1.159 1.159 1.158 1.158 1.152 1.155 1.155 1.155 1.155 1.155 1.156 1.156 1.162 1.165 1.165 1.166 1.167 1.177 1.18 1.191 1.193 1.193 1.193 1.18 1.177 1.173 1.167 1.162 1.162 1.158 1.157 1.157 1.158 1.157 1.157 1.153 1.153 1.153 1.162 1.668 1.671 1.673 1.671 1.673 1.678 1.695 2.647 2.815 4.74 4.74 4.741 4.741 4.743 4.749 4.751 4.757 4.765 4.772 4.777 4.789 4.789 4.79 4.801 5.215 5.218 5.221 5.238 5.256 0 0 0 0 0 4.742 4.742 4.742 4.747 4.775 4.775 4.775 2.954 2.885 2.871 2.871 2.87 2.868 2.871 2.853 2.828 2.817 2.817 2.817 2.829 2.829 2.829 2.814 2.814 2.814 2.821 2.823 2.823 2.831 2.835 2.835 2.831 1.978 1.922 1.866 1.851 1.82 1.801 1.788 1.758 1.731 1.716 1.707 1.681 1.659 1.645 1.632 1.609 1.587 1.571 1.565 1.541 1.524 1.495 1.479 1.035 0.995 0.99 0.99 0.979 0.971 0.965 0.954 0.95 0.945 0.94 0.927 0.925 0.924 0.916 0.908 0.898 0.895 0.885 0.88 0.876 0.869 0.865 0.861 0.86 0.842 0.841 0.839 0.837 0.821 0.82 0.819 0.811 0.808 0.805 0.801 0.797 0.797 0.784 0.784 0.785 0.785 0.791 0.791 0.795 0.797 0.797 0.791 0.795 0.791 0.79 0.79 0.793 0.793 0.795 0.815 0.828 0.836 0.839 0.844 0.852 0.857 0.864 0.878 0.887 0.894 0.911 0.92 0 0 0 0 0 0 0 0 0 0 1.072 1.072 1.072 1.089 1.103 1.119 1.136 1.137 1.137 1.157 1.193 1.224 1.229 1.236 0 0 0 0 0 0 1.212 1.206 1.195 1.195 1.195 1.195 1.194 1.169 1.168 1.166 1.159 1.159 1.158 1.152 1.151 1.152 1.151 1.144 1.144 1.144 1.142 1.141 1.141 1.141 1.135 1.135 1.132 1.131 1.132 1.132 1.136 1.139 1.139 1.139 1.135 1.133 1.132 1.133 1.135 1.134 1.134 1.134 1.134 1.134 1.134 1.134 1.137 1.139 1.139 1.145 1.145 1.145 1.145 1.142 1.129 1.138 1.138 1.129 1.126 1.114 1.114 1.114 1.136 1.136 1.136 1.136 1.131 1.131 1.125 1.125 1.125 1.12 1.119 1.119 1.138 1.138 1.138 1.138 1.138 1.159 1.159 1.169 1.173 1.175 1.176 1.178 1.18 1.179 1.179 1.179 1.179 1.179 1.179 1.166 1.108 0.969 0.93 0.93 0.93 0.955 0.955 0.955 0.937 0.918 0.898 0.883 0.874 0.848 0.834 0.82 0.813 0.787 0.777 0.752 0.718 0.718 0.711 0.705 0.705 0.705 0.705 0.708 0.71 0.71 0.716 0.722 0 0 0 0 0 0 0 0 0 0.715 0.712 0.71 0.71 0.715 0.719 0.721 0.726 0.728 0.729 0.731 0.736 0.737 0.738 0.744 0.749 0.749 0.754 0.764 0.764 0.764 0.763 0.763 0.763 0.772 0.78 0.781 0.783 0.786 0.787 0.791 0.792 0.793 0.807 0.809 0.817 0.818 0.82 0.832 0.834 0.836 0.841 0.848 0.849 0.849 0.851 0.858 0.889 0.902 0.974 0.976 0.976 0.975 0.974 0.96 
1 1 1 1 1 1 1 1 1 1 1 1 1 1 1 1 1 1 1 1 1 1 1 1 1 1 1 1 1 1 1 1 1 1 1 1 1 1 1 1 1 1 1 1 1 1 1 1 1 1 1 1 1 1 1 1 1 1 1 1 1 1 1 1 1 1 1 1 1 1 1 1 1 1 1 1 1 1 1 1 1 1 1 1 1 1 1 1 1 1 1 1 1 1 1 1 1 1 1 1 1 1 1 1 1 1 1 1 1 1 1 1 1 1 1 1 1 1 1 1 1 1 1 1 1 1 1 1 1 1 1 1 1 1 1 1 1 1 1 1 1 1 1 1 1 1 1 1 1 1 1 1 1 1 1 1 1 1 1 1 1 1 1 1 1 1 1 1 1 1 1 1 1 1 1 1 1 1 1 1 1 1 1 1 1 1 1 1 1 1 1 1 1 1 1 1 1 1 1 1 1 1 1 1 1 1 1 1 1 1 1 1 1 1 1 1 1 1 1 1 1 1 1 1 1 1 1 1 1 1 1 1 1 1 1 1 1 1 1 1 1 1 1 1 1 1 1 1 1 1 1 1 1 1 1 1 1 1 1 1 1 1 1 1 1 1 1 1 1 1 1 1 1 1 1 1 1 1 1 1 1 1 1 1 1 1 1 1 1 1 1 1 1 1 1 1 1 1 1 1 1 1 1 1 1 1 1 1 1 1 1 1 1 1 1 1 1 1 1 1 1 1 1 1 1 1 1 1 1 1 1 1 1 1 0 0 0 0 0 1 1 1 1 1 1 1 1 1 1 1 1 1 1 1 1 1 1 1 1 1 1 1 1 1 1 1 1 1 1 1 1 1 1 1 1 1 1 1 1 1 1 1 1 1 1 1 1 1 1 1 1 1 1 1 1 1 1 1 1 1 1 1 1 1 1 1 1 1 1 1 1 1 1 1 1 1 1 1 1 1 1 1 1 1 1 1 1 1 1 1 1 1 1 1 1 1 1 1 1 1 1 1 1 1 1 1 1 1 1 1 1 1 1 1 1 1 1 1 1 1 1 1 0 0 0 0 0 0 0 0 0 0 1 1 1 1 1 1 1 1 1 1 1 1 1 1 0 0 0 0 0 0 1 1 1 1 1 1 1 1 1 1 1 1 1 1 1 1 1 1 1 1 1 1 1 1 1 1 1 1 1 1 1 1 1 1 1 1 1 1 1 1 1 1 1 1 1 1 1 1 1 1 1 1 1 1 1 1 1 1 1 1 1 1 1 1 1 1 1 1 1 1 1 1 1 1 1 1 1 1 1 1 1 1 1 1 1 1 1 1 1 1 1 1 1 1 1 1 1 1 1 1 1 1 1 1 1 1 1 1 1 1 1 1 1 1 1 1 1 1 1 1 1 1 1 1 1 1 0 0 0 0 0 0 0 0 0 1 1 1 1 1 1 1 1 1 1 1 1 1 1 1 1 1 1 1 1 1 1 1 1 1 1 1 1 1 1 1 1 1 1 1 1 1 1 1 1 1 1 1 1 1 1 1 1 1 1 1 1 1 1 1 
