# This file contains a 2D laser scan observation. 
# Its format is: 
# [aperture] [max_range] [number_of_scans] 
# [vector_of_scans] 
# [vector_of_valid_scans] 
# The aperture of the sensor is in radians, the maximum range 
# and measurements are in meters. '1' means a valid scan, '0' otherwise.
4.1847
5.6
682
0.718 0.717 0.716 0.716 0.716 0.716 0.716 0.719 0.719 0.719 0.719 0.72 0.72 0.721 0.723 0.723 0.725 0.723 0.725 0.725 0.726 0.729 0.731 0.733 0.733 0.733 0.739 0.737 0.734 0.737 0.737 0.737 0.741 0.742 0.743 0.747 0.748 0.751 0.751 0.751 0.754 0.757 0.754 0.757 0.765 0.766 0.767 0.769 0.773 0.773 0.774 0.776 0.778 0.778 0.78 0.78 0.784 0.789 0.8 0.802 0.806 0.806 0.808 0.809 0.818 0.818 0.818 0.816 0.814 0.814 0.816 0.823 0.826 0.828 0.831 0.838 0.839 0.843 0.843 0.848 0.852 0.862 0.863 0.865 0.871 0.872 0.872 0.879 0.882 0.886 0.897 0.897 0.897 0.897 0.898 0.91 0.913 0.926 0.928 0.93 0.932 0.937 0.939 0.939 0.945 0.953 0.953 0.961 0.976 0.977 0.984 0.991 0.992 1.007 1.01 1.028 1.031 1.046 1.048 1.048 1.057 1.058 1.062 1.071 1.078 1.088 1.092 1.097 1.104 1.119 1.131 1.131 1.137 1.146 1.155 1.169 1.179 1.195 1.201 1.202 1.222 1.235 1.255 1.273 1.283 1.286 1.294 1.3 1.322 1.334 1.335 1.34 1.342 1.367 1.391 1.412 1.413 1.434 1.438 1.475 1.499 1.508 1.531 1.547 1.566 1.603 1.623 1.655 1.686 1.688 1.714 1.739 1.749 1.77 1.809 1.84 1.86 1.896 1.917 1.958 1.985 2.016 2.064 2.064 2.064 1.977 1.876 1.862 1.855 1.855 1.838 1.836 1.836 1.836 0 0 0 0 0 1.838 1.808 1.806 1.806 1.806 1.808 1.811 1.811 1.818 1.837 1.837 1.837 1.898 1.904 1.906 1.908 1.91 1.912 1.924 1.925 1.926 1.934 1.934 1.934 1.934 1.902 1.899 1.89 1.89 1.89 1.941 1.984 1.984 1.984 1.979 1.957 1.957 1.954 1.944 1.934 1.925 1.925 1.925 1.952 1.953 1.953 1.953 1.938 1.911 1.91 1.91 1.91 1.997 1.997 1.998 1.998 2.002 2.009 2.009 2.009 1.966 1.915 1.915 1.915 1.926 1.94 1.94 1.94 1.932 1.932 1.929 1.918 1.918 1.972 1.972 2.024 2.024 2.024 2.019 2.008 1.341 1.305 1.29 1.171 1.165 1.111 1.086 1.067 1.029 1.027 1.009 0.982 0.974 0.937 0.934 0.919 0.906 0.883 0.866 0.856 0.838 0.825 0.814 0.8 0.79 0.782 0.762 0.76 0.732 0.729 0.727 0.713 0.704 0.69 0.686 0.674 0.66 0.66 0.655 0.633 0.629 0.628 0.628 0.628 0.63 0.636 0.642 0.645 0.652 0.652 0.652 0.652 0.652 0.652 0.652 0.652 0.652 0.648 0.647 0.647 0.647 0.645 0.637 0.634 0.634 0.632 0.632 0.634 0.634 0.632 0.634 0.634 0.635 0.636 0.668 0.685 0.692 0.692 0.685 0.679 0.671 0.495 0.447 0.434 0.43 0.428 0.426 0.426 0.428 0.432 0.433 0.433 0.433 0.428 0.425 0.425 0.425 0.427 0.427 0.427 0.424 0.419 0.418 0.418 0.419 0.418 0.42 0.423 0.42 0.418 0.42 0.419 0.417 0.417 0.419 0.417 0.417 0.417 0.415 0.415 0.415 0.413 0.411 0.411 0.408 0.407 0.405 0.407 0.405 0.405 0.405 0.405 0.405 0.405 0.405 0.405 0.405 0.405 0.399 0.399 0.397 0.397 0.397 0.397 0.403 0.403 0.405 0.405 0.405 0.403 0.403 0.403 0.405 0.409 0.409 0.41 0.409 0.409 0.409 0.409 0.409 0.416 0.416 0.416 0.417 0.416 0.416 0.419 0.419 0.417 0.417 0.414 0.409 0.406 0.4 0.4 0.4 0.406 0.413 0.432 0.453 0.496 1.218 1.218 1.218 1.193 1.189 1.188 1.188 1.185 1.176 1.176 1.176 1.174 1.173 1.172 1.163 1.163 1.162 1.162 1.159 1.151 1.148 1.148 1.138 1.138 1.137 1.136 1.137 1.137 1.136 1.136 1.136 1.136 1.136 1.136 1.133 1.133 1.133 1.133 1.132 1.132 1.131 1.131 1.131 1.131 1.131 1.128 1.131 1.129 1.129 1.131 1.135 1.138 1.138 1.138 1.138 1.141 1.141 1.142 1.142 1.144 1.146 1.146 1.155 1.155 1.16 1.166 1.18 1.184 1.184 1.184 1.184 1.185 1.189 1.189 1.191 1.191 1.199 1.2 1.2 1.202 1.208 1.209 1.691 1.693 1.693 1.693 1.886 1.886 1.886 1.808 1.808 1.808 1.907 1.907 1.907 1.395 1.395 1.395 1.938 1.942 1.953 1.953 1.954 1.961 1.963 1.969 1.969 1.969 1.969 1.896 1.896 1.885 1.885 1.893 2.024 2.024 2.024 2.024 2.02 2.011 1.993 1.95 1.95 1.86 1.768 1.084 1.072 1.072 1.072 1.073 2.149 2.172 2.172 2.149 2.172 2.214 2.214 2.221 2.239 2.239 2.239 2.241 2.241 2.237 1.306 1.306 1.306 1.306 1.31 1.321 2.342 2.363 2.375 2.375 2.392 2.403 2.403 2.403 1.754 1.75 1.739 1.684 1.684 1.609 1.297 0.794 0.794 0.794 0.794 0.794 0.794 0.811 1.539 1.539 1.539 1.527 1.519 1.512 1.506 1.506 1.505 1.496 1.483 1.483 1.483 1.485 1.488 1.513 1.538 1.541 1.551 1.567 1.587 1.596 1.604 1.612 1.63 1.634 1.646 1.656 1.656 1.656 1.07 0.969 0.955 0.955 0.955 0.955 0.958 0.959 0.962 0.962 1.311 1.311 1.311 1.305 1.304 1.302 1.3 1.291 1.29 
1 1 1 1 1 1 1 1 1 1 1 1 1 1 1 1 1 1 1 1 1 1 1 1 1 1 1 1 1 1 1 1 1 1 1 1 1 1 1 1 1 1 1 1 1 1 1 1 1 1 1 1 1 1 1 1 1 1 1 1 1 1 1 1 1 1 1 1 1 1 1 1 1 1 1 1 1 1 1 1 1 1 1 1 1 1 1 1 1 1 1 1 1 1 1 1 1 1 1 1 1 1 1 1 1 1 1 1 1 1 1 1 1 1 1 1 1 1 1 1 1 1 1 1 1 1 1 1 1 1 1 1 1 1 1 1 1 1 1 1 1 1 1 1 1 1 1 1 1 1 1 1 1 1 1 1 1 1 1 1 1 1 1 1 1 1 1 1 1 1 1 1 1 1 1 1 1 1 1 1 1 1 1 1 1 1 1 1 1 1 1 1 1 1 0 0 0 0 0 1 1 1 1 1 1 1 1 1 1 1 1 1 1 1 1 1 1 1 1 1 1 1 1 1 1 1 1 1 1 1 1 1 1 1 1 1 1 1 1 1 1 1 1 1 1 1 1 1 1 1 1 1 1 1 1 1 1 1 1 1 1 1 1 1 1 1 1 1 1 1 1 1 1 1 1 1 1 1 1 1 1 1 1 1 1 1 1 1 1 1 1 1 1 1 1 1 1 1 1 1 1 1 1 1 1 1 1 1 1 1 1 1 1 1 1 1 1 1 1 1 1 1 1 1 1 1 1 1 1 1 1 1 1 1 1 1 1 1 1 1 1 1 1 1 1 1 1 1 1 1 1 1 1 1 1 1 1 1 1 1 1 1 1 1 1 1 1 1 1 1 1 1 1 1 1 1 1 1 1 1 1 1 1 1 1 1 1 1 1 1 1 1 1 1 1 1 1 1 1 1 1 1 1 1 1 1 1 1 1 1 1 1 1 1 1 1 1 1 1 1 1 1 1 1 1 1 1 1 1 1 1 1 1 1 1 1 1 1 1 1 1 1 1 1 1 1 1 1 1 1 1 1 1 1 1 1 1 1 1 1 1 1 1 1 1 1 1 1 1 1 1 1 1 1 1 1 1 1 1 1 1 1 1 1 1 1 1 1 1 1 1 1 1 1 1 1 1 1 1 1 1 1 1 1 1 1 1 1 1 1 1 1 1 1 1 1 1 1 1 1 1 1 1 1 1 1 1 1 1 1 1 1 1 1 1 1 1 1 1 1 1 1 1 1 1 1 1 1 1 1 1 1 1 1 1 1 1 1 1 1 1 1 1 1 1 1 1 1 1 1 1 1 1 1 1 1 1 1 1 1 1 1 1 1 1 1 1 1 1 1 1 1 1 1 1 1 1 1 1 1 1 1 1 1 1 1 1 1 1 1 1 1 1 1 1 1 1 1 1 1 1 1 1 1 1 1 1 1 1 1 1 1 1 1 1 1 1 1 1 1 1 1 1 1 1 1 1 1 1 1 1 1 1 1 1 1 1 1 1 1 1 1 1 1 1 1 1 1 1 1 1 1 1 1 1 1 1 1 1 1 1 1 
