# This file contains a 2D laser scan observation. 
# Its format is: 
# [aperture] [max_range] [number_of_scans] 
# [vector_of_scans] 
# [vector_of_valid_scans] 
# The aperture of the sensor is in radians, the maximum range 
# and measurements are in meters. '1' means a valid scan, '0' otherwise.
4.1847
5.6
682
0.37 0.377 0.379 0.379 0.378 0.377 0.374 0.372 0.374 0.372 0.367 0.367 0.367 0.366 0.367 0.366 0.365 0.366 0.364 0.364 0.362 0.362 0.358 0.358 0.358 0.358 0.361 0.361 0.361 0.361 0.357 0.357 0.362 0.361 0.361 0.368 0.368 0.368 0.377 0.381 0.383 0.385 0.386 0.394 0.394 0.402 0.4 0.4 0.4 0.4 0.396 0.394 0.378 0.378 0.374 0.37 0.367 0.365 0.362 0.36 0.358 0.36 0.362 0.361 0.361 0.361 0.355 0.355 0.353 0.355 0.358 0.359 0.359 0.36 0.36 0.362 0.362 0.362 0.364 0.364 0.364 0.366 0.369 0.369 0.369 0.369 0.369 0.371 0.373 0.374 0.374 0.375 0.374 0.374 0.372 0.372 0.372 0.379 0.38 0.38 0.38 0.38 0.38 0.38 0.381 0.384 0.384 0.384 0.383 0.384 0.384 0.384 0.387 0.387 0.389 0.389 0.39 0.39 0.391 0.393 0.393 0.399 0.399 0.398 0.399 0.399 0.399 0.4 0.4 0.4 0.401 0.406 0.407 0.408 0.408 0.412 0.413 0.414 0.414 0.414 0.414 0.419 0.419 0.423 0.424 0.424 0.43 0.43 0.43 0.431 0.433 0.437 0.437 0.438 0.44 0.446 0.447 0.447 0.447 0.451 0.451 0.497 0.508 0.508 0.508 0.508 0.506 0.502 0.494 0.489 0.487 0.482 0.477 0.463 0.446 0.446 0.446 0.446 0.443 0.443 0.441 0.439 0.439 0.437 0.437 0.436 0.432 0.432 0.424 0.423 0.423 0.416 0.414 0.414 0.414 0.414 0.414 0.414 0.414 0.413 0.411 0.411 0.411 0.411 0.411 0.412 0.412 0.402 0.402 0.41 0.41 0.417 0.42 0.431 0.432 0.432 0.432 0.432 0.431 0.431 0.432 0.435 0.438 0.445 0.449 0.45 0.46 0.463 1.497 1.497 1.497 1.496 1.495 1.485 1.482 1.482 1.472 1.468 1.467 1.46 1.456 1.454 1.453 1.449 1.445 1.445 1.443 1.432 1.43 1.426 1.425 1.425 1.418 1.414 1.414 1.412 1.412 1.412 1.406 1.406 1.406 1.4 1.399 1.395 1.394 1.395 1.394 1.388 1.386 1.385 1.379 1.376 1.379 1.377 1.377 1.379 1.379 1.377 1.377 1.364 1.363 1.363 1.358 1.357 1.357 1.345 1.345 1.345 1.346 1.35 1.35 1.346 1.344 1.344 1.344 1.353 1.355 1.366 1.378 1.473 1.476 1.476 1.476 1.476 1.917 1.979 1.979 1.979 1.979 1.979 2.381 2.451 0 3.345 3.345 3.351 3.351 3.35 3.351 3.354 3.354 3.36 3.361 3.362 3.362 3.366 3.367 3.369 3.378 3.375 3.378 3.38 3.384 3.388 3.391 3.394 3.409 3.409 3.409 3.411 3.794 3.8 3.804 3.817 3.82 3.836 3.836 3.836 3.762 3.616 3.564 3.494 3.434 3.363 3.34 3.34 3.34 3.343 3.343 3.343 3.356 3.361 3.932 3.951 3.951 3.951 1.503 1.496 1.473 1.461 1.461 1.461 1.465 1.473 1.474 1.474 1.474 1.463 1.459 1.446 1.418 1.407 1.398 1.398 1.398 1.403 1.404 1.405 1.423 1.433 1.438 1.44 1.44 1.44 1.422 1.422 1.422 1.424 1.424 1.43 1.434 1.442 1.442 1.452 1.454 1.457 1.459 1.459 1.469 1.475 1.477 1.479 1.481 1.484 1.49 1.491 1.496 1.501 1.504 1.51 1.513 1.52 1.524 1.526 1.53 1.541 1.546 1.548 1.551 1.561 1.563 1.58 1.581 1.588 1.593 1.601 1.603 1.615 1.618 1.624 1.633 1.636 1.653 1.653 1.661 1.661 1.666 1.661 1.66 0.641 0.638 0.638 0.635 0.635 0.629 0.627 0.626 0.624 0.624 0.621 0.621 0.618 0.618 0.615 0.612 0.583 0.571 0.56 0.56 0.56 0.556 0.553 0.553 0.551 0.548 0.543 0.542 0.541 0.537 0.532 0.532 0.527 0.532 0.532 0.525 0.522 0.521 0.513 0.513 0.513 0.513 0.511 0.511 0.508 0.508 0.506 0.506 0.505 0.503 0.501 0.5 0.5 0.494 0.494 0.494 0.493 0.492 0.491 0.491 0.49 0.488 0.488 0.482 0.479 0.479 0.48 0.48 0.48 0.48 0.482 0.48 0.48 0.476 0.476 0.475 0.472 0.472 0.472 0.472 0.472 0.472 0.472 0.471 0.465 0.464 0.464 0.465 0.465 0.465 0.466 0.465 0.464 0.464 0.464 0.456 0.463 0.457 0.459 0.457 0.457 0.457 0.457 0.457 0.457 0.457 0.457 0.457 0.457 0.457 0.457 0.47 0.47 0.463 0.464 0.464 0.464 0.466 0.47 0.48 0.481 0.486 0.488 0.488 0.488 0.482 0.48 0.479 0.479 0.479 0.469 0.464 0.464 0.463 0.464 0.463 0.462 0.459 0.459 0.457 0.459 0.461 0.462 0.465 0.465 0.466 0.466 0.462 0.459 0.459 0.458 0.459 0.458 0.459 0.459 0.461 0.465 0.465 0.467 0.467 0.465 0.462 0.464 0.464 0.465 0.473 0.474 0.474 0.473 0.473 0.471 0.471 0.471 0.471 0.473 0.476 0.48 0.473 0.473 0.472 0.472 0.472 0.481 0.484 0.484 0.481 0.484 0.481 0.481 0.488 0.488 0.491 0.496 0.497 0.499 0.5 0.5 0.5 0.5 0.5 0.504 0.506 0.512 0.512 0.512 0.512 0.515 0.515 0.515 0.517 0.519 0.524 0.525 0.528 0.528 0.529 0.529 0.534 0.535 0.536 0.536 0.536 0.539 0.545 0.546 0.552 0.553 0.553 0.558 0.558 0.561 0.569 0.569 
1 1 1 1 1 1 1 1 1 1 1 1 1 1 1 1 1 1 1 1 1 1 1 1 1 1 1 1 1 1 1 1 1 1 1 1 1 1 1 1 1 1 1 1 1 1 1 1 1 1 1 1 1 1 1 1 1 1 1 1 1 1 1 1 1 1 1 1 1 1 1 1 1 1 1 1 1 1 1 1 1 1 1 1 1 1 1 1 1 1 1 1 1 1 1 1 1 1 1 1 1 1 1 1 1 1 1 1 1 1 1 1 1 1 1 1 1 1 1 1 1 1 1 1 1 1 1 1 1 1 1 1 1 1 1 1 1 1 1 1 1 1 1 1 1 1 1 1 1 1 1 1 1 1 1 1 1 1 1 1 1 1 1 1 1 1 1 1 1 1 1 1 1 1 1 1 1 1 1 1 1 1 1 1 1 1 1 1 1 1 1 1 1 1 1 1 1 1 1 1 1 1 1 1 1 1 1 1 1 1 1 1 1 1 1 1 1 1 1 1 1 1 1 1 1 1 1 1 1 1 1 1 1 1 1 1 1 1 1 1 1 1 1 1 1 1 1 1 1 1 1 1 1 1 1 1 1 1 1 1 1 1 1 1 1 1 1 1 1 1 1 1 1 1 1 1 1 1 1 1 1 1 1 1 1 1 1 1 1 1 1 1 1 1 1 1 1 1 1 1 1 1 1 1 1 1 1 1 1 1 1 1 0 1 1 1 1 1 1 1 1 1 1 1 1 1 1 1 1 1 1 1 1 1 1 1 1 1 1 1 1 1 1 1 1 1 1 1 1 1 1 1 1 1 1 1 1 1 1 1 1 1 1 1 1 1 1 1 1 1 1 1 1 1 1 1 1 1 1 1 1 1 1 1 1 1 1 1 1 1 1 1 1 1 1 1 1 1 1 1 1 1 1 1 1 1 1 1 1 1 1 1 1 1 1 1 1 1 1 1 1 1 1 1 1 1 1 1 1 1 1 1 1 1 1 1 1 1 1 1 1 1 1 1 1 1 1 1 1 1 1 1 1 1 1 1 1 1 1 1 1 1 1 1 1 1 1 1 1 1 1 1 1 1 1 1 1 1 1 1 1 1 1 1 1 1 1 1 1 1 1 1 1 1 1 1 1 1 1 1 1 1 1 1 1 1 1 1 1 1 1 1 1 1 1 1 1 1 1 1 1 1 1 1 1 1 1 1 1 1 1 1 1 1 1 1 1 1 1 1 1 1 1 1 1 1 1 1 1 1 1 1 1 1 1 1 1 1 1 1 1 1 1 1 1 1 1 1 1 1 1 1 1 1 1 1 1 1 1 1 1 1 1 1 1 1 1 1 1 1 1 1 1 1 1 1 1 1 1 1 1 1 1 1 1 1 1 1 1 1 1 1 1 1 1 1 1 1 1 1 1 1 1 1 1 1 1 1 1 1 1 1 1 1 1 1 1 1 1 1 1 1 1 1 1 1 1 1 1 1 1 1 1 1 1 1 1 1 1 1 1 1 1 1 1 1 1 1 1 1 1 1 1 1 1 1 1 1 1 1 1 1 
