# This file contains a 2D laser scan observation. 
# Its format is: 
# [aperture] [max_range] [number_of_scans] 
# [vector_of_scans] 
# [vector_of_valid_scans] 
# The aperture of the sensor is in radians, the maximum range 
# and measurements are in meters. '1' means a valid scan, '0' otherwise.
4.1847
5.6
682
0 5.026 5.026 5.009 4.988 4.979 4.966 4.966 4.979 5.054 5.108 5.108 5.108 5.108 5.108 5.08 5.031 4.958 4.87 4.84 4.83 3.196 3.192 3.192 3.194 3.192 3.192 3.191 3.187 3.187 3.189 3.187 3.183 3.049 2.994 2.94 2.886 2.816 2.768 2.736 2.682 2.634 2.591 2.552 2.511 2.465 2.431 2.387 2.363 2.363 2.358 2.358 2.262 2.258 2.258 2.258 2.258 2.258 2.264 2.266 2.268 2.275 2.281 2.282 2.282 2.284 2.287 2.288 2.29 2.29 2.295 2.295 2.295 2.297 2.297 2.297 2.297 1.229 1.186 1.146 1.121 1.099 1.069 1.043 1.022 1.006 0.975 0.97 0.935 0.929 0.915 0.89 0.874 0.864 0.855 0.841 0.832 0.822 0.815 0.79 0.788 0.773 0.768 0.746 0.742 0.726 0.717 0.708 0.698 0.685 0.683 0.679 0.661 0.659 0.645 0.641 0.633 0.627 0.622 0.618 0.605 0.598 0.596 0.567 0.545 0.542 0.537 0.538 0.537 0.534 0.528 0.525 0.525 0.509 0.502 0.501 0.501 0.497 0.495 0.501 0.495 0.495 0.495 0.485 0.472 0.472 0.472 0.473 0.482 0.491 0.482 0.482 0.491 0.491 0.491 0.493 0.5 0.501 0.503 0.508 0.508 0.512 0.512 0.512 0.517 0.519 0.524 0.538 0.54 0.549 0.553 0.556 0.567 0.704 0.704 0.704 0.557 0.555 0.539 0.538 0.538 0.534 0.534 0.534 0.539 0.543 0.544 0.544 0.545 0.548 0.555 0.557 0.558 0.559 0.562 0.569 0.574 0.575 0.577 0.587 0.59 0.592 0.592 0.596 0.6 0.6 0.606 0.608 0.613 0.615 0.649 0.66 0.662 0.668 0.671 0.681 0.689 0.689 0.7 0.702 0.702 0.716 0.72 0.722 0.724 0.732 0.735 0.748 0.748 0.765 0.777 0.777 0.786 0.791 0.8 0.802 0.818 0.83 0.838 0.845 0.852 0.867 0.867 0.878 0.891 0.908 0.909 0.911 0.923 0.924 0.925 0.927 0.927 0.945 0.96 0.968 0.987 1.006 1.011 1.073 1.167 1.17 1.175 1.177 1.194 1.198 1.198 1.217 2.304 2.309 2.309 2.311 2.309 2.307 2.307 2.303 2.301 2.301 2.301 2.298 2.293 2.292 2.292 2.292 2.292 2.29 2.287 2.287 2.285 2.284 2.283 2.283 2.281 2.281 2.283 2.284 2.284 2.284 2.286 2.286 2.286 2.281 2.284 2.284 2.284 2.287 2.287 2.29 2.29 2.294 2.29 2.294 2.294 2.294 2.296 2.297 2.3 2.302 2.308 2.308 2.312 2.315 2.315 2.315 2.315 2.32 2.696 2.7 2.708 2.715 2.717 2.717 2.729 2.729 2.73 2.729 2.729 2.698 2.644 2.61 2.601 2.588 2.458 2.303 2.223 2.203 2.2 2.189 2.185 2.176 2.176 2.176 2.178 2.18 2.182 2.183 2.185 2.191 2.192 2.205 2.24 2.349 2.888 2.896 2.896 2.888 2.886 2.835 2.807 2.771 2.727 2.703 2.664 2.643 2.6 2.594 2.59 2.547 2.527 2.498 2.478 2.438 2.413 2.387 2.369 2.369 2.347 2.345 0.472 0.462 0.459 0.459 0.435 0.427 0.426 0.42 0.42 0.419 0.417 0.415 0.402 0.401 0.394 0.392 0.391 0.385 0.384 0.383 0.379 0.379 0.378 0.378 0.379 0.378 0.377 0.378 0.378 0.378 0.379 0.385 0.39 0.39 0.387 0.387 0.386 0.386 0.386 0.392 0.396 0.403 0.406 0.411 0.413 0.417 0.42 0.42 0.42 0.418 0.414 0.412 0.408 0.405 0.401 0.401 0.401 0.402 0.402 0.402 0.402 0.401 0.397 0.392 0.391 0.391 0.389 0.379 0.376 0.376 0.379 0.38 0.38 0.38 0.408 0.387 0.377 0.377 0.377 0.374 0.374 0.369 0.366 0.369 0.368 0.368 0.366 0.366 0.366 0.366 0.37 0.379 0.381 0.391 0.399 0.399 0.401 0.427 0.456 0.507 0.713 0.713 0.713 0.461 0.454 0.454 0.454 0.453 0.452 0.449 0.449 0.441 0.441 0.44 0.441 0.443 0.453 0.458 0.469 0.47 0.481 0.481 0.481 0.489 0.491 0.493 0.498 0.505 0.506 0.512 0.526 0.526 0.528 0.538 0.546 0.56 0.561 0.576 0.582 0.589 0.594 0.608 0.617 0.627 0.647 0.651 0.668 0.673 0.687 0.699 0.728 0.735 0.742 0.756 0.786 0.802 0.82 0.831 0.85 0.87 0.891 0.907 0.939 0.958 0.977 1.018 1.039 1.075 1.096 1.133 1.346 1.357 1.357 1.357 1.351 1.351 1.348 1.348 1.348 1.348 1.348 1.349 1.349 1.351 1.353 1.351 1.351 1.353 1.354 1.355 1.357 1.357 1.357 1.362 1.365 1.367 1.368 1.37 1.374 1.375 1.376 1.379 1.379 1.383 1.384 1.386 1.39 1.394 1.394 1.394 1.395 1.396 1.4 1.404 1.404 1.41 1.412 1.416 1.418 1.423 1.425 1.425 1.43 1.432 1.436 1.438 1.44 1.45 1.451 1.455 1.461 1.462 1.465 1.476 1.476 1.477 1.476 1.476 1.478 1.483 1.487 1.51 1.519 1.522 1.53 1.532 1.534 1.54 1.606 1.791 1.792 1.792 1.791 1.768 1.768 1.768 1.779 1.779 1.78 1.787 1.794 1.795 1.805 1.808 1.823 1.849 2.453 2.486 2.491 2.505 2.515 2.524 2.537 2.553 2.564 2.567 2.582 2.595 2.601 2.619 2.633 2.656 2.665 2.68 2.693 2.709 2.727 2.733 2.743 2.758 2.771 2.788 2.808 2.822 
0 1 1 1 1 1 1 1 1 1 1 1 1 1 1 1 1 1 1 1 1 1 1 1 1 1 1 1 1 1 1 1 1 1 1 1 1 1 1 1 1 1 1 1 1 1 1 1 1 1 1 1 1 1 1 1 1 1 1 1 1 1 1 1 1 1 1 1 1 1 1 1 1 1 1 1 1 1 1 1 1 1 1 1 1 1 1 1 1 1 1 1 1 1 1 1 1 1 1 1 1 1 1 1 1 1 1 1 1 1 1 1 1 1 1 1 1 1 1 1 1 1 1 1 1 1 1 1 1 1 1 1 1 1 1 1 1 1 1 1 1 1 1 1 1 1 1 1 1 1 1 1 1 1 1 1 1 1 1 1 1 1 1 1 1 1 1 1 1 1 1 1 1 1 1 1 1 1 1 1 1 1 1 1 1 1 1 1 1 1 1 1 1 1 1 1 1 1 1 1 1 1 1 1 1 1 1 1 1 1 1 1 1 1 1 1 1 1 1 1 1 1 1 1 1 1 1 1 1 1 1 1 1 1 1 1 1 1 1 1 1 1 1 1 1 1 1 1 1 1 1 1 1 1 1 1 1 1 1 1 1 1 1 1 1 1 1 1 1 1 1 1 1 1 1 1 1 1 1 1 1 1 1 1 1 1 1 1 1 1 1 1 1 1 1 1 1 1 1 1 1 1 1 1 1 1 1 1 1 1 1 1 1 1 1 1 1 1 1 1 1 1 1 1 1 1 1 1 1 1 1 1 1 1 1 1 1 1 1 1 1 1 1 1 1 1 1 1 1 1 1 1 1 1 1 1 1 1 1 1 1 1 1 1 1 1 1 1 1 1 1 1 1 1 1 1 1 1 1 1 1 1 1 1 1 1 1 1 1 1 1 1 1 1 1 1 1 1 1 1 1 1 1 1 1 1 1 1 1 1 1 1 1 1 1 1 1 1 1 1 1 1 1 1 1 1 1 1 1 1 1 1 1 1 1 1 1 1 1 1 1 1 1 1 1 1 1 1 1 1 1 1 1 1 1 1 1 1 1 1 1 1 1 1 1 1 1 1 1 1 1 1 1 1 1 1 1 1 1 1 1 1 1 1 1 1 1 1 1 1 1 1 1 1 1 1 1 1 1 1 1 1 1 1 1 1 1 1 1 1 1 1 1 1 1 1 1 1 1 1 1 1 1 1 1 1 1 1 1 1 1 1 1 1 1 1 1 1 1 1 1 1 1 1 1 1 1 1 1 1 1 1 1 1 1 1 1 1 1 1 1 1 1 1 1 1 1 1 1 1 1 1 1 1 1 1 1 1 1 1 1 1 1 1 1 1 1 1 1 1 1 1 1 1 1 1 1 1 1 1 1 1 1 1 1 1 1 1 1 1 1 1 1 1 1 1 1 1 1 1 1 1 1 1 1 1 1 1 1 1 1 1 1 1 1 1 1 1 1 1 1 1 1 1 1 1 1 1 1 1 1 1 1 1 1 1 1 1 1 1 1 1 1 1 1 1 1 1 1 1 1 1 1 1 1 1 1 1 1 1 1 1 
