# This file contains a 2D laser scan observation. 
# Its format is: 
# [aperture] [max_range] [number_of_scans] 
# [vector_of_scans] 
# [vector_of_valid_scans] 
# The aperture of the sensor is in radians, the maximum range 
# and measurements are in meters. '1' means a valid scan, '0' otherwise.
4.1847
5.6
682
5.052 5.04 5.031 4.991 4.991 4.991 4.997 5.07 5.135 5.135 5.135 0.007 0 0 0 0 0 5.061 4.898 3.226 3.218 3.218 3.218 3.218 3.214 3.213 3.209 3.204 3.204 3.202 3.209 0.007 0 3.029 2.846 2.767 2.732 2.686 2.629 2.587 2.546 2.492 2.462 2.411 2.394 2.372 2.369 2.289 2.272 2.271 2.271 2.272 2.272 2.271 2.272 2.272 2.272 2.278 2.285 2.286 2.287 2.287 2.287 2.294 2.294 2.294 2.297 2.293 2.278 1.25 1.191 1.15 1.12 1.081 1.054 1.012 0.993 0.983 0.94 0.918 0.903 0.887 0.87 0.857 0.846 0.818 0.8 0.785 0.778 0.762 0.752 0.749 0.727 0.711 0.704 0.687 0.681 0.666 0.657 0.646 0.637 0.63 0.612 0.608 0.6 0.586 0.551 0.534 0.53 0.529 0.529 0.522 0.52 0.512 0.505 0.504 0.489 0.482 0.482 0.484 0.484 0.484 0.484 0.479 0.475 0.475 0.467 0.461 0.465 0.467 0.467 0.467 0.467 0.47 0.477 0.477 0.477 0.481 0.477 0.485 0.485 0.485 0.487 0.487 0.487 0.49 0.493 0.493 0.497 0.501 0.515 0.516 0.52 0.524 0.526 0.536 0.536 0.655 0.655 0.655 0.55 0.518 0.515 0.511 0.508 0.508 0.508 0.511 0.511 0.511 0.514 0.516 0.518 0.52 0.521 0.521 0.527 0.528 0.533 0.533 0.536 0.542 0.542 0.542 0.544 0.545 0.549 0.554 0.557 0.57 0.57 0.568 0.573 0.568 0.561 0.561 0.573 0.616 0.618 0.62 0.625 0.625 0.629 0.637 0.637 0.638 0.647 0.648 0.658 0.663 0.664 0.668 0.676 0.683 0.686 0.691 0.697 0.698 0.712 0.724 0.726 0.727 0.731 0.733 0.744 0.747 0.754 0.77 0.77 0.774 0.787 0.789 0.797 0.812 0.816 0.82 0.829 0.834 0.852 0.856 0.86 0.873 0.874 0.877 0.879 0.882 0.882 0.898 0.907 0.921 0.927 0.939 0.957 0.966 1.031 1.115 1.12 1.12 1.121 1.124 1.13 1.142 1.15 1.159 2.261 2.261 2.261 2.259 2.259 2.259 2.237 2.237 2.25 2.249 2.249 2.249 2.244 2.244 2.242 2.242 2.239 2.239 2.236 2.235 2.235 2.233 2.233 2.233 2.229 2.225 2.226 2.226 2.226 2.226 2.232 2.232 2.231 2.231 2.229 2.229 2.225 2.229 2.232 2.232 2.232 2.233 2.235 2.235 2.235 2.235 2.235 2.237 2.244 2.237 2.244 2.244 2.243 2.243 2.245 2.25 2.25 2.253 2.253 2.254 2.256 2.553 2.639 2.654 2.656 2.662 2.664 2.666 2.668 2.673 2.681 2.681 2.681 2.636 2.586 2.557 2.541 2.537 2.421 2.247 2.157 2.139 2.138 2.138 2.131 2.131 2.131 2.131 2.131 2.131 2.13 2.129 2.13 2.131 2.138 2.14 2.191 2.81 2.832 2.838 2.836 2.836 2.836 2.8 2.756 2.725 2.696 2.645 2.622 2.622 2.603 2.567 2.531 2.525 2.495 2.46 2.43 2.402 2.383 2.36 2.342 2.311 2.282 2.26 2.242 2.225 2.195 2.195 2.194 2.188 0.413 0.41 0.41 0.409 0.403 0.381 0.373 0.372 0.367 0.362 0.359 0.357 0.354 0.354 0.352 0.352 0.342 0.342 0.341 0.341 0.338 0.338 0.332 0.325 0.322 0.317 0.316 0.317 0.317 0.316 0.32 0.32 0.319 0.319 0.32 0.324 0.334 0.334 0.334 0.335 0.335 0.331 0.331 0.336 0.336 0.336 0.348 0.349 0.35 0.352 0.358 0.36 0.36 0.366 0.366 0.361 0.361 0.369 0.361 0.366 0.366 0.365 0.365 0.365 0.364 0.364 0.369 0.364 0.364 0.358 0.354 0.354 0.354 0.351 0.351 0.351 0.349 0.342 0.341 0.34 0.34 0.337 0.337 0.341 0.341 0.342 0.342 0.337 0.337 0.337 0.332 0.332 0.33 0.326 0.324 0.324 0.324 0.324 0.325 0.325 0.325 0.325 0.342 0.342 0.345 0.357 0.374 0.374 0.382 0.39 0.409 0.662 0.662 0.662 0.437 0.429 0.423 0.423 0.421 0.421 0.415 0.415 0.415 0.415 0.411 0.411 0.411 0.411 0.419 0.419 0.423 0.435 0.435 0.44 0.454 0.457 0.458 0.468 0.476 0.493 0.497 0.502 0.508 0.522 0.528 0.538 0.542 0.558 0.575 0.588 0.592 0.606 0.634 0.651 0.668 0.69 0.715 0.75 0.767 0.784 0.831 0.857 0.869 0.902 0.946 0.949 0.988 1.032 1.096 1.12 1.124 1.159 1.324 1.325 1.325 1.325 1.325 1.333 1.333 1.336 1.339 1.336 1.335 1.336 1.34 1.342 1.342 1.342 1.342 1.342 1.342 1.347 1.356 1.356 1.356 1.362 1.362 1.364 1.368 1.369 1.372 1.372 1.373 1.377 1.379 1.383 1.385 1.386 1.391 1.392 1.396 1.396 1.4 1.405 1.407 1.407 1.409 1.412 1.418 1.42 1.426 1.435 1.436 1.437 1.444 1.447 1.447 1.458 1.46 1.465 1.466 1.468 1.472 1.474 1.478 1.479 1.48 1.486 1.488 1.492 1.503 1.512 1.53 1.534 1.534 1.536 1.55 1.552 1.677 1.813 1.813 1.813 1.775 1.775 1.775 1.785 1.798 1.801 1.804 1.819 1.821 1.823 1.831 1.834 2.5 2.526 2.536 2.536 2.548 2.552 2.569 2.575 2.595 2.607 2.613 2.631 2.643 2.664 2.678 2.682 2.707 2.712 2.721 2.736 2.756 2.774 2.789 2.806 
1 1 1 1 1 1 1 1 1 1 1 0 0 0 0 0 0 1 1 1 1 1 1 1 1 1 1 1 1 1 1 0 0 1 1 1 1 1 1 1 1 1 1 1 1 1 1 1 1 1 1 1 1 1 1 1 1 1 1 1 1 1 1 1 1 1 1 1 1 1 1 1 1 1 1 1 1 1 1 1 1 1 1 1 1 1 1 1 1 1 1 1 1 1 1 1 1 1 1 1 1 1 1 1 1 1 1 1 1 1 1 1 1 1 1 1 1 1 1 1 1 1 1 1 1 1 1 1 1 1 1 1 1 1 1 1 1 1 1 1 1 1 1 1 1 1 1 1 1 1 1 1 1 1 1 1 1 1 1 1 1 1 1 1 1 1 1 1 1 1 1 1 1 1 1 1 1 1 1 1 1 1 1 1 1 1 1 1 1 1 1 1 1 1 1 1 1 1 1 1 1 1 1 1 1 1 1 1 1 1 1 1 1 1 1 1 1 1 1 1 1 1 1 1 1 1 1 1 1 1 1 1 1 1 1 1 1 1 1 1 1 1 1 1 1 1 1 1 1 1 1 1 1 1 1 1 1 1 1 1 1 1 1 1 1 1 1 1 1 1 1 1 1 1 1 1 1 1 1 1 1 1 1 1 1 1 1 1 1 1 1 1 1 1 1 1 1 1 1 1 1 1 1 1 1 1 1 1 1 1 1 1 1 1 1 1 1 1 1 1 1 1 1 1 1 1 1 1 1 1 1 1 1 1 1 1 1 1 1 1 1 1 1 1 1 1 1 1 1 1 1 1 1 1 1 1 1 1 1 1 1 1 1 1 1 1 1 1 1 1 1 1 1 1 1 1 1 1 1 1 1 1 1 1 1 1 1 1 1 1 1 1 1 1 1 1 1 1 1 1 1 1 1 1 1 1 1 1 1 1 1 1 1 1 1 1 1 1 1 1 1 1 1 1 1 1 1 1 1 1 1 1 1 1 1 1 1 1 1 1 1 1 1 1 1 1 1 1 1 1 1 1 1 1 1 1 1 1 1 1 1 1 1 1 1 1 1 1 1 1 1 1 1 1 1 1 1 1 1 1 1 1 1 1 1 1 1 1 1 1 1 1 1 1 1 1 1 1 1 1 1 1 1 1 1 1 1 1 1 1 1 1 1 1 1 1 1 1 1 1 1 1 1 1 1 1 1 1 1 1 1 1 1 1 1 1 1 1 1 1 1 1 1 1 1 1 1 1 1 1 1 1 1 1 1 1 1 1 1 1 1 1 1 1 1 1 1 1 1 1 1 1 1 1 1 1 1 1 1 1 1 1 1 1 1 1 1 1 1 1 1 1 1 1 1 1 1 1 1 1 1 1 1 1 1 1 1 1 1 1 1 1 1 1 1 1 1 1 1 1 1 1 1 1 1 1 1 1 1 1 1 1 1 1 1 1 1 1 1 1 1 1 1 1 1 1 1 1 1 1 1 1 1 1 1 1 1 1 1 1 1 1 1 1 1 1 1 1 1 1 1 1 1 1 1 1 1 1 1 1 1 1 
