# This file contains a 2D laser scan observation. 
# Its format is: 
# [aperture] [max_range] [number_of_scans] 
# [vector_of_scans] 
# [vector_of_valid_scans] 
# The aperture of the sensor is in radians, the maximum range 
# and measurements are in meters. '1' means a valid scan, '0' otherwise.
4.1847
5.6
682
5.154 5.134 5.134 5.112 5.075 5.073 5.073 5.073 5.096 5.197 5.21 5.215 5.215 5.217 5.222 0 0 0 3.288 3.286 3.285 3.282 3.275 3.274 3.272 3.272 3.272 3.265 3.265 0.007 0 0 0 0 0 2.636 2.568 2.568 2.526 2.46 2.414 2.321 2.31 2.31 2.31 2.31 2.308 2.312 2.308 2.302 2.302 2.302 1.275 1.058 0.956 0.875 0.797 0.522 0.516 0.505 0.502 0.469 0.469 0.468 0.468 0.469 0.464 0.464 0.456 0.456 0.455 0.456 0.456 0.453 0.457 0.458 0.46 0.46 0.46 0.46 0.46 0.46 0.457 0.454 0.46 0.46 0.455 0.459 0.459 0.459 0.459 0.459 0.461 0.465 0.465 0.468 0.472 0.474 0.475 0.478 0.478 0.479 0.48 0.48 0.48 0.482 0.49 0.529 0.529 0.529 0.465 0.453 0.452 0.449 0.45 0.452 0.451 0.451 0.451 0.451 0.451 0.451 0.453 0.456 0.457 0.461 0.457 0.461 0.461 0.461 0.461 0.461 0.464 0.463 0.463 0.461 0.463 0.463 0.464 0.464 0.47 0.475 0.472 0.477 0.477 0.477 0.477 0.477 0.477 0.477 0.473 0.477 0.477 0.478 0.481 0.5 0.502 0.502 0.512 0.512 0.512 0.518 0.519 0.525 0.527 0.528 0.529 0.531 0.535 0.535 0.535 0.535 0.536 0.541 0.543 0.548 0.556 0.559 0.559 0.557 0.557 0.562 0.562 0.567 0.573 0.573 0.573 0.573 0.573 0.584 0.587 0.588 0.594 0.595 0.601 0.601 0.601 0.601 0.605 0.615 0.616 0.618 0.623 0.626 0.631 0.634 0.637 0.639 0.649 0.651 0.657 0.657 0.66 0.667 0.671 0.674 0.679 0.693 0.695 0.7 0.704 0.71 0.712 0.721 0.721 0.728 0.731 0.739 0.739 0.739 0.737 0.737 0.737 0.74 0.756 0.762 0.768 0.769 0.773 0.792 0.794 0.804 0.809 0.832 0.955 0.955 0.956 0.956 0.956 0.966 0.97 0.973 0.973 0.974 0.976 0.979 0.98 2.14 2.182 2.29 2.29 2.346 2.39 2.417 2.463 2.463 2.463 1.161 1.161 1.161 2.083 2.087 2.087 2.085 2.085 2.084 2.082 2.081 2.08 2.079 2.075 2.073 2.072 2.072 2.068 2.065 2.065 2.065 2.065 2.057 2.057 2.057 2.057 2.055 2.055 2.056 2.056 2.056 2.056 2.055 2.055 2.055 2.056 2.056 2.058 2.058 2.058 2.058 2.058 2.059 2.058 2.056 2.054 2.052 2.052 2.054 2.056 2.057 2.057 2.057 2.064 2.064 2.066 2.067 2.068 2.072 2.076 2.078 2.081 2.081 2.185 2.466 2.473 2.475 2.478 2.483 2.485 2.49 2.496 2.497 2.502 2.504 2.504 2.504 2.395 2.374 2.36 2.345 2.345 2.303 2.081 1.997 1.976 1.975 1.971 1.967 1.962 1.954 1.954 1.958 1.958 1.958 1.958 1.96 1.961 1.961 1.965 1.967 1.977 2.029 2.662 2.668 2.681 2.668 2.668 2.668 2.616 2.582 2.543 2.51 2.484 2.447 2.427 2.411 2.371 2.359 2.355 2.333 2.314 2.283 2.264 2.237 2.211 2.193 2.17 2.159 2.131 2.11 2.097 2.066 2.051 2.034 2.018 2.002 1.989 1.968 1.95 1.931 1.926 1.909 1.885 1.872 1.851 1.845 1.845 1.827 1.8 0.88 0.862 0.853 0.835 0.835 0.81 0.807 0.806 0.8 0.797 0.791 0.784 0.783 0.775 0.763 0.762 0.756 0.754 0.748 0.742 0.738 0.728 0.687 0.279 0.253 0.242 0.242 0.242 0.243 0.243 0.243 0.241 0.241 0.238 0.241 0.227 0.227 0.227 0.221 0.22 0.216 0.209 0.209 0.208 0.206 0.206 0.207 0.207 0.204 0.202 0.198 0.197 0.197 0.197 0.196 0.195 0.195 0.195 0.195 0.195 0.197 0.197 0.197 0.192 0.192 0.192 0.188 0.188 0.188 0.188 0.189 0.189 0.185 0.185 0.185 0.185 0.185 0.18 0.187 0.18 0.18 0.184 0.184 0.179 0.184 0.183 0.183 0.184 0.186 0.184 0.184 0.18 0.169 0.169 0.175 0.175 0.189 0.192 0.192 0.192 0.194 0.192 0.192 0.198 0.2 0.2 0.203 0.204 0.209 0.21 0.214 0.23 0.239 0.248 0.25 0.25 0.25 0.248 0.248 0.248 0.252 0.254 0.258 0.258 0.258 0.25 0.248 0.247 0.241 0.241 0.241 0.248 0.257 0.257 0.257 0.257 0.252 0.252 0.252 0.252 0.252 0.254 0.254 0.261 0.284 0.284 0.284 0.278 0.273 0.263 0.253 0.251 0.251 0.25 0.251 0.248 0.247 0.247 0.254 0.254 0.254 0.254 0.25 0.25 0.25 0.25 0.25 0.253 0.254 0.243 0.254 0.256 0.256 0.256 0.259 0.263 0.261 0.263 0.263 0.268 0.272 0.272 0.345 0.399 0.415 1.32 1.329 1.33 1.33 1.333 1.334 1.334 1.335 1.336 1.348 1.349 1.35 1.357 1.363 1.363 1.366 1.368 1.375 1.378 1.379 1.379 1.383 1.39 1.398 1.399 1.398 1.399 1.411 1.419 1.42 1.422 1.425 1.429 1.441 1.443 1.447 1.447 1.45 1.463 1.467 1.471 1.477 1.482 1.484 1.487 1.497 1.5 1.507 1.51 1.518 1.528 1.533 1.536 1.539 1.539 1.55 1.552 1.563 1.576 1.588 1.599 1.608 1.608 1.623 1.832 1.842 1.852 1.853 1.853 1.866 1.87 1.878 1.886 1.896 1.898 1.904 1.926 2.526 2.639 2.65 
1 1 1 1 1 1 1 1 1 1 1 1 1 1 1 0 0 0 1 1 1 1 1 1 1 1 1 1 1 0 0 0 0 0 0 1 1 1 1 1 1 1 1 1 1 1 1 1 1 1 1 1 1 1 1 1 1 1 1 1 1 1 1 1 1 1 1 1 1 1 1 1 1 1 1 1 1 1 1 1 1 1 1 1 1 1 1 1 1 1 1 1 1 1 1 1 1 1 1 1 1 1 1 1 1 1 1 1 1 1 1 1 1 1 1 1 1 1 1 1 1 1 1 1 1 1 1 1 1 1 1 1 1 1 1 1 1 1 1 1 1 1 1 1 1 1 1 1 1 1 1 1 1 1 1 1 1 1 1 1 1 1 1 1 1 1 1 1 1 1 1 1 1 1 1 1 1 1 1 1 1 1 1 1 1 1 1 1 1 1 1 1 1 1 1 1 1 1 1 1 1 1 1 1 1 1 1 1 1 1 1 1 1 1 1 1 1 1 1 1 1 1 1 1 1 1 1 1 1 1 1 1 1 1 1 1 1 1 1 1 1 1 1 1 1 1 1 1 1 1 1 1 1 1 1 1 1 1 1 1 1 1 1 1 1 1 1 1 1 1 1 1 1 1 1 1 1 1 1 1 1 1 1 1 1 1 1 1 1 1 1 1 1 1 1 1 1 1 1 1 1 1 1 1 1 1 1 1 1 1 1 1 1 1 1 1 1 1 1 1 1 1 1 1 1 1 1 1 1 1 1 1 1 1 1 1 1 1 1 1 1 1 1 1 1 1 1 1 1 1 1 1 1 1 1 1 1 1 1 1 1 1 1 1 1 1 1 1 1 1 1 1 1 1 1 1 1 1 1 1 1 1 1 1 1 1 1 1 1 1 1 1 1 1 1 1 1 1 1 1 1 1 1 1 1 1 1 1 1 1 1 1 1 1 1 1 1 1 1 1 1 1 1 1 1 1 1 1 1 1 1 1 1 1 1 1 1 1 1 1 1 1 1 1 1 1 1 1 1 1 1 1 1 1 1 1 1 1 1 1 1 1 1 1 1 1 1 1 1 1 1 1 1 1 1 1 1 1 1 1 1 1 1 1 1 1 1 1 1 1 1 1 1 1 1 1 1 1 1 1 1 1 1 1 1 1 1 1 1 1 1 1 1 1 1 1 1 1 1 1 1 1 1 1 1 1 1 1 1 1 1 1 1 1 1 1 1 1 1 1 1 1 1 1 1 1 1 1 1 1 1 1 1 1 1 1 1 1 1 1 1 1 1 1 1 1 1 1 1 1 1 1 1 1 1 1 1 1 1 1 1 1 1 1 1 1 1 1 1 1 1 1 1 1 1 1 1 1 1 1 1 1 1 1 1 1 1 1 1 1 1 1 1 1 1 1 1 1 1 1 1 1 1 1 1 1 1 1 1 1 1 1 1 1 1 1 1 1 1 1 1 1 1 1 1 1 1 1 1 1 1 1 1 1 1 1 1 1 1 1 1 1 1 1 1 1 1 1 1 1 1 1 1 1 1 1 1 1 1 1 1 1 
