# This file contains a 2D laser scan observation. 
# Its format is: 
# [aperture] [max_range] [number_of_scans] 
# [vector_of_scans] 
# [vector_of_valid_scans] 
# The aperture of the sensor is in radians, the maximum range 
# and measurements are in meters. '1' means a valid scan, '0' otherwise.
4.1847
5.6
682
5.113 5.113 5.089 5.089 5.065 5.047 5.047 5.065 5.184 5.19 5.19 5.185 5.185 0 0 0.006 0.006 0 3.271 3.271 3.27 3.266 3.263 3.259 3.255 3.254 3.254 3.255 0 0 0 0 0 0 2.73 2.676 2.621 2.56 2.52 2.475 2.42 2.4 2.377 2.308 2.303 2.301 2.297 2.301 2.303 2.304 2.306 2.307 2.307 2.307 2.306 2.304 2.222 1.255 1.141 1.07 1.01 0.959 0.914 0.875 0.828 0.802 0.782 0.737 0.71 0.697 0.669 0.6 0.518 0.515 0.512 0.51 0.505 0.499 0.468 0.468 0.468 0.466 0.456 0.469 0.456 0.455 0.453 0.453 0.451 0.453 0.452 0.456 0.455 0.456 0.455 0.456 0.456 0.456 0.457 0.458 0.461 0.463 0.463 0.465 0.465 0.465 0.465 0.465 0.467 0.468 0.472 0.472 0.476 0.485 0.485 0.49 0.491 0.49 0.49 0.495 0.492 0.492 0.499 0.578 0.578 0.578 0.525 0.477 0.472 0.47 0.47 0.462 0.467 0.467 0.465 0.465 0.465 0.465 0.466 0.467 0.47 0.475 0.477 0.477 0.477 0.477 0.477 0.477 0.481 0.486 0.485 0.487 0.485 0.487 0.485 0.487 0.487 0.498 0.498 0.502 0.502 0.502 0.502 0.503 0.502 0.497 0.497 0.503 0.503 0.507 0.609 0.65 0.675 0.675 0.675 0.659 0.647 0.627 0.604 0.596 0.583 0.583 0.582 0.58 0.574 0.574 0.577 0.577 0.577 0.584 0.596 0.597 0.597 0.597 0.608 0.61 0.612 0.619 0.62 0.627 0.628 0.632 0.635 0.636 0.642 0.645 0.647 0.655 0.659 0.66 0.663 0.67 0.673 0.677 0.683 0.689 0.695 0.701 0.705 0.714 0.719 0.722 0.725 0.735 0.738 0.746 0.748 0.754 0.761 0.764 0.777 0.778 0.778 0.781 0.781 0.778 0.778 0.781 0.789 0.803 0.805 0.823 0.823 0.834 0.842 0.854 0.861 0.919 1.016 1.016 1.016 1.012 1.011 1.011 1.012 1.018 1.029 1.038 1.044 1.049 2.397 2.428 2.472 2.472 2.506 2.506 2.554 2.554 2.141 2.141 2.133 2.131 2.133 2.133 2.132 2.132 2.132 2.129 2.126 2.126 2.125 2.125 2.125 2.125 2.124 2.123 2.123 2.116 2.115 2.114 2.113 2.113 2.113 2.11 2.11 2.11 2.109 2.11 2.11 2.111 2.116 2.116 2.116 2.109 2.109 2.109 2.111 2.114 2.114 2.114 2.114 2.114 2.116 2.117 2.117 2.119 2.117 2.117 2.118 2.121 2.121 2.123 2.124 2.127 2.127 2.127 2.131 2.137 2.138 2.521 2.523 2.536 2.533 2.536 2.536 2.548 2.548 2.548 2.552 2.552 2.548 2.511 2.46 2.417 2.403 2.403 2.393 2.293 2.059 2.032 2.022 2.012 2.004 2.002 2.001 1.987 1.987 1.984 1.984 1.987 1.99 1.99 1.994 1.995 2.004 2.015 2.016 2.02 2.072 2.719 2.723 2.723 2.719 2.71 2.66 2.62 2.593 2.56 2.535 2.491 2.491 2.472 2.449 2.423 2.392 2.38 2.343 2.32 2.297 2.282 2.25 2.228 2.195 2.186 2.165 2.123 2.116 2.099 2.084 2.07 2.05 2.007 1.981 1.966 1.957 1.948 1.937 1.937 1.937 1.926 1.893 0.918 0.914 0.914 0.88 0.876 0.851 0.849 0.849 0.832 0.806 0.307 0.294 0.293 0.289 0.289 0.288 0.283 0.28 0.278 0.276 0.272 0.259 0.254 0.252 0.252 0.252 0.252 0.25 0.248 0.247 0.238 0.236 0.237 0.237 0.236 0.237 0.237 0.237 0.236 0.235 0.235 0.232 0.226 0.226 0.232 0.232 0.239 0.239 0.239 0.236 0.222 0.222 0.222 0.222 0.222 0.224 0.224 0.221 0.213 0.213 0.213 0.213 0.21 0.217 0.217 0.217 0.224 0.225 0.225 0.225 0.225 0.225 0.225 0.225 0.225 0.225 0.232 0.235 0.235 0.236 0.236 0.256 0.262 0.263 0.269 0.277 0.277 0.277 0.278 0.275 0.275 0.276 0.278 0.278 0.28 0.28 0.286 0.286 0.286 0.284 0.277 0.277 0.277 0.277 0.277 0.281 0.281 0.281 0.281 0.281 0.283 0.285 0.285 0.285 0.279 0.277 0.277 0.277 0.272 0.272 0.272 0.268 0.27 0.268 0.27 0.262 0.262 0.26 0.262 0.262 0.262 0.26 0.264 0.26 0.26 0.263 0.264 0.264 0.264 0.268 0.271 0.279 0.293 0.306 0.311 0.311 0.311 0.311 0.29 0.281 0.271 0.271 0.271 0.357 0.377 0.378 0.378 0.377 0.377 0.374 0.374 0.374 0.374 0.381 0.388 0.452 0.798 0.852 0.854 0.923 1.003 1.023 1.116 1.189 1.243 1.267 1.28 1.3 1.309 1.312 1.313 1.313 1.322 1.323 1.325 1.328 1.328 1.328 1.332 1.332 1.333 1.334 1.34 1.34 1.344 1.348 1.354 1.354 1.356 1.357 1.358 1.361 1.372 1.381 1.381 1.381 1.383 1.384 1.385 1.394 1.397 1.401 1.403 1.405 1.412 1.413 1.418 1.419 1.423 1.433 1.435 1.44 1.442 1.446 1.453 1.457 1.459 1.466 1.466 1.478 1.487 1.489 1.492 1.498 1.498 1.503 1.503 1.509 1.517 1.518 1.535 1.536 1.542 1.564 1.567 1.571 1.583 1.592 1.593 1.712 1.812 1.821 1.827 1.827 1.827 1.838 1.841 1.851 1.853 1.868 1.871 1.881 1.883 2.595 2.598 2.62 2.62 2.641 2.642 2.65 2.683 
1 1 1 1 1 1 1 1 1 1 1 1 1 0 0 0 0 0 1 1 1 1 1 1 1 1 1 1 0 0 0 0 0 0 1 1 1 1 1 1 1 1 1 1 1 1 1 1 1 1 1 1 1 1 1 1 1 1 1 1 1 1 1 1 1 1 1 1 1 1 1 1 1 1 1 1 1 1 1 1 1 1 1 1 1 1 1 1 1 1 1 1 1 1 1 1 1 1 1 1 1 1 1 1 1 1 1 1 1 1 1 1 1 1 1 1 1 1 1 1 1 1 1 1 1 1 1 1 1 1 1 1 1 1 1 1 1 1 1 1 1 1 1 1 1 1 1 1 1 1 1 1 1 1 1 1 1 1 1 1 1 1 1 1 1 1 1 1 1 1 1 1 1 1 1 1 1 1 1 1 1 1 1 1 1 1 1 1 1 1 1 1 1 1 1 1 1 1 1 1 1 1 1 1 1 1 1 1 1 1 1 1 1 1 1 1 1 1 1 1 1 1 1 1 1 1 1 1 1 1 1 1 1 1 1 1 1 1 1 1 1 1 1 1 1 1 1 1 1 1 1 1 1 1 1 1 1 1 1 1 1 1 1 1 1 1 1 1 1 1 1 1 1 1 1 1 1 1 1 1 1 1 1 1 1 1 1 1 1 1 1 1 1 1 1 1 1 1 1 1 1 1 1 1 1 1 1 1 1 1 1 1 1 1 1 1 1 1 1 1 1 1 1 1 1 1 1 1 1 1 1 1 1 1 1 1 1 1 1 1 1 1 1 1 1 1 1 1 1 1 1 1 1 1 1 1 1 1 1 1 1 1 1 1 1 1 1 1 1 1 1 1 1 1 1 1 1 1 1 1 1 1 1 1 1 1 1 1 1 1 1 1 1 1 1 1 1 1 1 1 1 1 1 1 1 1 1 1 1 1 1 1 1 1 1 1 1 1 1 1 1 1 1 1 1 1 1 1 1 1 1 1 1 1 1 1 1 1 1 1 1 1 1 1 1 1 1 1 1 1 1 1 1 1 1 1 1 1 1 1 1 1 1 1 1 1 1 1 1 1 1 1 1 1 1 1 1 1 1 1 1 1 1 1 1 1 1 1 1 1 1 1 1 1 1 1 1 1 1 1 1 1 1 1 1 1 1 1 1 1 1 1 1 1 1 1 1 1 1 1 1 1 1 1 1 1 1 1 1 1 1 1 1 1 1 1 1 1 1 1 1 1 1 1 1 1 1 1 1 1 1 1 1 1 1 1 1 1 1 1 1 1 1 1 1 1 1 1 1 1 1 1 1 1 1 1 1 1 1 1 1 1 1 1 1 1 1 1 1 1 1 1 1 1 1 1 1 1 1 1 1 1 1 1 1 1 1 1 1 1 1 1 1 1 1 1 1 1 1 1 1 1 1 1 1 1 1 1 1 1 1 1 1 1 1 1 1 1 1 1 1 1 1 1 1 1 1 1 1 1 1 1 1 1 1 1 1 1 1 1 1 1 1 1 1 1 1 1 1 1 1 1 1 1 1 1 1 1 1 1 1 1 
