# This file contains a 2D laser scan observation. 
# Its format is: 
# [aperture] [max_range] [number_of_scans] 
# [vector_of_scans] 
# [vector_of_valid_scans] 
# The aperture of the sensor is in radians, the maximum range 
# and measurements are in meters. '1' means a valid scan, '0' otherwise.
4.1847
5.6
682
5.154 5.138 5.138 5.111 5.111 5.083 5.075 5.052 5.049 5.049 5.052 5.158 5.177 5.183 5.183 5.183 5.191 0 0 0 0 3.271 3.27 3.256 3.255 3.254 3.252 3.252 3.251 3.251 3.251 3.248 0 0.007 0 0 0 0 2.674 2.613 2.553 2.501 2.466 2.418 2.404 2.38 2.3 2.298 2.298 2.298 2.296 2.298 2.3 2.3 2.3 2.305 2.302 2.302 2.298 2.236 1.251 1.153 1.071 1.014 0.958 0.916 0.875 0.835 0.802 0.774 0.738 0.704 0.671 0.661 0.617 0.525 0.517 0.507 0.504 0.501 0.492 0.47 0.47 0.47 0.47 0.465 0.459 0.459 0.448 0.448 0.448 0.452 0.448 0.452 0.448 0.452 0.452 0.453 0.453 0.454 0.453 0.455 0.455 0.461 0.458 0.463 0.463 0.465 0.465 0.465 0.463 0.461 0.461 0.461 0.464 0.466 0.484 0.484 0.487 0.487 0.482 0.482 0.482 0.482 0.493 0.498 0.526 0.575 0.575 0.575 0.473 0.47 0.463 0.462 0.462 0.457 0.462 0.462 0.462 0.462 0.462 0.465 0.466 0.468 0.472 0.476 0.477 0.477 0.477 0.477 0.477 0.477 0.477 0.477 0.484 0.486 0.487 0.487 0.487 0.491 0.487 0.491 0.495 0.498 0.5 0.5 0.5 0.5 0.494 0.494 0.5 0.502 0.502 0.627 0.662 0.669 0.662 0.662 0.659 0.648 0.633 0.612 0.601 0.59 0.588 0.579 0.577 0.574 0.574 0.577 0.579 0.579 0.58 0.587 0.592 0.594 0.595 0.597 0.601 0.604 0.604 0.613 0.617 0.625 0.629 0.631 0.633 0.638 0.64 0.643 0.643 0.644 0.655 0.659 0.663 0.666 0.676 0.681 0.683 0.689 0.69 0.691 0.699 0.711 0.712 0.719 0.719 0.723 0.728 0.737 0.738 0.747 0.755 0.762 0.778 0.783 0.783 0.786 0.783 0.783 0.783 0.786 0.794 0.802 0.811 0.82 0.822 0.835 0.841 0.851 0.868 1.006 1.006 1.006 1.006 1.009 1.012 1.022 1.026 1.031 1.031 1.038 1.044 2.353 2.414 2.463 2.463 2.496 2.496 2.52 2.496 2.155 1.23 1.23 1.23 2.128 2.132 2.132 2.129 2.129 2.128 2.124 2.124 2.124 2.123 2.122 2.123 2.122 2.119 2.116 2.116 2.116 2.114 2.114 2.114 2.109 2.109 2.109 2.111 2.111 2.112 2.116 2.116 2.116 2.114 2.111 2.111 2.109 2.106 2.106 2.107 2.107 2.111 2.111 2.111 2.111 2.115 2.114 2.115 2.115 2.114 2.114 2.116 2.117 2.12 2.122 2.122 2.125 2.125 2.127 2.128 2.13 2.206 2.522 2.523 2.529 2.536 2.538 2.542 2.546 2.55 2.551 2.552 2.552 2.551 2.458 2.396 2.387 2.362 2.307 2.137 2.069 2.033 2.019 2.011 2.007 1.997 1.99 1.987 1.983 1.982 1.983 1.983 1.984 1.992 1.996 1.996 1.998 2.001 2.018 2.02 2.025 2.099 2.726 2.726 2.726 2.711 2.671 2.616 2.589 2.569 2.538 2.508 2.508 2.476 2.448 2.41 2.403 2.376 2.361 2.322 2.297 2.278 2.256 2.229 2.202 2.19 2.13 2.094 2.084 2.078 2.062 2.052 2.046 1.962 1.962 1.96 1.96 1.96 1.943 1.94 1.918 1.803 1.01 0.933 0.907 0.88 0.88 0.871 0.864 0.849 0.843 0.828 0.828 0.825 0.799 0.305 0.3 0.299 0.293 0.293 0.29 0.289 0.288 0.28 0.28 0.273 0.261 0.259 0.256 0.256 0.248 0.256 0.256 0.255 0.246 0.245 0.238 0.238 0.242 0.238 0.242 0.242 0.242 0.242 0.242 0.24 0.235 0.233 0.233 0.233 0.233 0.233 0.232 0.232 0.224 0.224 0.226 0.226 0.226 0.226 0.224 0.22 0.218 0.218 0.218 0.218 0.22 0.22 0.22 0.22 0.218 0.218 0.22 0.225 0.226 0.227 0.227 0.229 0.229 0.238 0.237 0.237 0.237 0.238 0.238 0.24 0.259 0.268 0.27 0.27 0.271 0.282 0.282 0.278 0.278 0.278 0.278 0.279 0.28 0.281 0.287 0.287 0.28 0.274 0.274 0.274 0.27 0.27 0.279 0.285 0.281 0.281 0.289 0.283 0.283 0.283 0.283 0.283 0.281 0.276 0.276 0.276 0.279 0.279 0.279 0.276 0.271 0.271 0.272 0.271 0.271 0.271 0.271 0.268 0.268 0.267 0.267 0.267 0.264 0.267 0.27 0.267 0.264 0.271 0.271 0.283 0.293 0.298 0.31 0.311 0.311 0.311 0.295 0.284 0.278 0.278 0.278 0.362 0.377 0.378 0.38 0.38 0.379 0.382 0.382 0.379 0.382 0.383 0.387 0.566 0.765 0.854 0.871 0.986 1.008 1.096 1.169 1.215 1.272 1.282 1.311 1.315 1.322 1.323 1.325 1.328 1.329 1.333 1.335 1.337 1.337 1.338 1.338 1.338 1.338 1.343 1.342 1.346 1.352 1.356 1.362 1.363 1.363 1.363 1.368 1.374 1.375 1.376 1.383 1.385 1.39 1.393 1.396 1.405 1.405 1.407 1.409 1.409 1.416 1.422 1.429 1.43 1.43 1.438 1.447 1.449 1.449 1.458 1.458 1.473 1.475 1.478 1.482 1.489 1.494 1.495 1.502 1.503 1.505 1.513 1.517 1.522 1.53 1.531 1.538 1.542 1.561 1.572 1.575 1.576 1.59 1.594 1.72 1.819 1.824 1.829 1.829 1.829 1.848 1.855 1.858 1.864 1.872 1.874 1.886 1.901 2.595 2.611 2.618 2.618 2.639 
1 1 1 1 1 1 1 1 1 1 1 1 1 1 1 1 1 0 0 0 0 1 1 1 1 1 1 1 1 1 1 1 0 0 0 0 0 0 1 1 1 1 1 1 1 1 1 1 1 1 1 1 1 1 1 1 1 1 1 1 1 1 1 1 1 1 1 1 1 1 1 1 1 1 1 1 1 1 1 1 1 1 1 1 1 1 1 1 1 1 1 1 1 1 1 1 1 1 1 1 1 1 1 1 1 1 1 1 1 1 1 1 1 1 1 1 1 1 1 1 1 1 1 1 1 1 1 1 1 1 1 1 1 1 1 1 1 1 1 1 1 1 1 1 1 1 1 1 1 1 1 1 1 1 1 1 1 1 1 1 1 1 1 1 1 1 1 1 1 1 1 1 1 1 1 1 1 1 1 1 1 1 1 1 1 1 1 1 1 1 1 1 1 1 1 1 1 1 1 1 1 1 1 1 1 1 1 1 1 1 1 1 1 1 1 1 1 1 1 1 1 1 1 1 1 1 1 1 1 1 1 1 1 1 1 1 1 1 1 1 1 1 1 1 1 1 1 1 1 1 1 1 1 1 1 1 1 1 1 1 1 1 1 1 1 1 1 1 1 1 1 1 1 1 1 1 1 1 1 1 1 1 1 1 1 1 1 1 1 1 1 1 1 1 1 1 1 1 1 1 1 1 1 1 1 1 1 1 1 1 1 1 1 1 1 1 1 1 1 1 1 1 1 1 1 1 1 1 1 1 1 1 1 1 1 1 1 1 1 1 1 1 1 1 1 1 1 1 1 1 1 1 1 1 1 1 1 1 1 1 1 1 1 1 1 1 1 1 1 1 1 1 1 1 1 1 1 1 1 1 1 1 1 1 1 1 1 1 1 1 1 1 1 1 1 1 1 1 1 1 1 1 1 1 1 1 1 1 1 1 1 1 1 1 1 1 1 1 1 1 1 1 1 1 1 1 1 1 1 1 1 1 1 1 1 1 1 1 1 1 1 1 1 1 1 1 1 1 1 1 1 1 1 1 1 1 1 1 1 1 1 1 1 1 1 1 1 1 1 1 1 1 1 1 1 1 1 1 1 1 1 1 1 1 1 1 1 1 1 1 1 1 1 1 1 1 1 1 1 1 1 1 1 1 1 1 1 1 1 1 1 1 1 1 1 1 1 1 1 1 1 1 1 1 1 1 1 1 1 1 1 1 1 1 1 1 1 1 1 1 1 1 1 1 1 1 1 1 1 1 1 1 1 1 1 1 1 1 1 1 1 1 1 1 1 1 1 1 1 1 1 1 1 1 1 1 1 1 1 1 1 1 1 1 1 1 1 1 1 1 1 1 1 1 1 1 1 1 1 1 1 1 1 1 1 1 1 1 1 1 1 1 1 1 1 1 1 1 1 1 1 1 1 1 1 1 1 1 1 1 1 1 1 1 1 1 1 1 1 1 1 1 1 1 1 1 1 1 1 1 1 1 1 1 1 1 1 1 1 1 1 1 1 1 1 1 1 1 1 1 1 1 1 1 1 1 1 1 1 1 1 1 
