# This file contains a 2D laser scan observation. 
# Its format is: 
# [aperture] [max_range] [number_of_scans] 
# [vector_of_scans] 
# [vector_of_valid_scans] 
# The aperture of the sensor is in radians, the maximum range 
# and measurements are in meters. '1' means a valid scan, '0' otherwise.
4.1847
5.6
682
0.732 0.734 0.747 0.756 0.756 0.756 0.705 0.441 0.441 0.441 0.45 0.45 0.45 0.45 0.45 0.448 0.443 0.441 0.441 0.441 0.448 0.448 0.448 0.448 0.448 0.447 0.447 0.445 0.445 0.443 0.445 0.452 0.452 0.449 0.449 0.449 0.449 0.45 0.587 0.642 0.642 0.642 0.64 0.639 0.638 0.635 0.625 0.625 0.624 0.62 0.624 0.624 0.624 0.626 0.733 0.743 0.743 0.743 0.754 0.741 0.739 0.741 0.739 0.739 0.74 0.74 0.733 0.74 0.738 0.733 0.738 0.74 0.745 0.745 0.745 0.745 0.745 0.745 0.745 0.751 0.751 0.752 0.752 0.752 0.752 0.752 0.751 0.751 0.754 0.754 0.757 0.762 0.76 0.76 0.764 0.764 0.765 0.771 0.772 0.772 0.771 0.772 0.772 0.772 0.774 0.775 0.777 0.777 0.777 0.784 0.784 0.787 0.787 0.79 0.794 0.794 0.794 0.794 0.794 0.794 0.798 0.803 0.805 0.805 0.806 0.806 0.808 0.81 0.812 0.813 0.815 0.816 0.825 0.834 0.836 0.837 0.837 0.837 0.837 0.849 0.851 0.854 0.857 0.861 0.863 0.867 0.868 0.87 0.872 0.881 0.882 0.886 0.89 0.891 0.891 0.903 0.904 0.905 0.912 0.916 0.918 0.921 0.928 0.93 0.939 0.939 0.939 0.945 0.957 0.963 0.967 0.968 0.973 0.984 0.984 0.992 1 1.005 1.009 1.015 1.032 1.035 1.035 1.045 1.051 1.056 1.066 1.074 1.077 1.091 1.096 1.106 1.123 1.129 1.129 1.129 1.048 1.005 0.997 0.993 0.978 0.974 0.971 0.967 0.967 0.966 0.964 0.959 0.951 0.951 0.943 0.936 0.936 0.935 0.935 0.929 0.925 0.92 0.92 0.918 0.916 0.912 0.905 0.899 0.899 0.894 0.894 0.89 0.887 0.886 0.885 0.883 0.881 0.875 0.871 0.867 0.863 0.862 0.862 0.861 0.861 0.853 0.853 0.852 0.848 0.845 0.845 0.845 0.845 0.84 0.835 0.835 0.834 0.829 0.828 0.826 0.826 0.826 0.826 0.82 0.819 0.815 0.815 0.815 0.812 0.812 0.809 0.809 0.803 0.803 0.803 0.801 0.8 0.8 0.8 0.8 0.8 0.799 0.799 0.799 0.799 0.796 0.796 0.796 0.795 0.794 0.794 0.794 0.794 0.794 0.791 0.789 0.789 0.788 0.788 0.789 0.788 0.788 0.788 0.787 0.787 0.787 0.787 0.788 0.788 0.788 0.788 0.79 0.803 0.81 0.81 0.812 0.812 0.806 0.792 0.79 0.789 0.789 0.786 0.785 0.785 0.785 0.787 0.788 0.79 0.79 0.788 0.788 0.79 0.789 0.791 0.793 0.794 0.791 0.797 0.797 0.796 0.795 0.795 0.793 0.793 0.792 0.793 0.805 1.173 1.173 1.182 1.176 1.181 1.181 1.182 1.182 1.19 1.19 1.19 1.19 1.193 1.193 1.199 1.2 1.201 1.215 1.215 1.216 1.22 1.22 1.212 1.201 1.046 1.04 1.023 0.997 0.985 0.968 0.955 0.94 0.92 0.91 0.9 0.89 0.884 0.879 0.855 0.849 0.837 0.817 0.816 0.794 0.793 0.78 0.777 0.76 0.751 0.742 0.741 0.741 0.731 0.729 0.728 0.717 0.715 0.706 0.705 0.702 0.702 0.7 0.699 0.693 0.693 0.687 0.686 0.684 0.683 0.683 0.68 0.679 0.678 0.678 0.678 0.678 0.678 0.678 0.678 0.674 0.678 0.684 0.682 0.688 0.688 0.688 0.687 0.688 0.687 0.688 0.691 0.691 0.691 0.697 0.697 0.702 0.702 0.702 0.706 0.711 0.716 0.72 0.722 0.725 0.737 0.744 0.757 0.787 0.871 1.197 1.205 1.205 1.205 1.204 1.199 1.194 1.188 1.185 1.184 1.176 1.165 1.138 1.06 1.06 1.06 1.049 1.049 1.116 1.125 1.125 1.125 1.113 1.103 1.099 1.098 1.098 1.096 1.093 1.086 1.082 1.082 1.077 1.07 1.067 1.057 1.051 1.042 1.042 1.042 1.041 1.026 1.026 1.026 1.026 1.026 1.011 1.011 1.022 1.005 1.009 1.009 1.009 1.004 0.998 0.998 1.004 0.998 1.004 1.004 0.997 0.997 0.997 0.992 0.986 0.986 0.985 0.983 0.98 0.972 0.957 0.938 0.93 0.93 0.93 0.935 0.948 0.949 0.949 0.949 0.944 0.944 0.944 0.96 0.96 0.96 0.957 0.957 0.957 0.958 0.958 0.958 0.958 0.955 0.949 0.948 0.941 0.933 0.926 0.913 0.892 0.892 0.892 0.894 0.902 0.907 0.913 0.942 0.944 0.952 0.965 0.965 0.956 0.956 0.948 0.932 0.932 0.943 0.943 0.944 0.952 0.952 0.952 0.952 0.952 0.939 0.938 0.938 0.884 0.884 0.884 0.912 0.913 0.913 0.913 0.913 0.913 0.899 0.913 0.899 0.911 0.911 0.933 0.931 0.933 0.935 0.935 0.935 0.947 0.956 0.956 0.959 0.96 0.96 0.969 0.97 0.97 0.974 0.977 0.978 0.978 0.978 0.975 0.975 0.972 0.962 0.961 0.955 0.955 0.94 0.938 0.94 0.938 0.938 0.97 0.986 0.976 0.986 0.976 0.986 0.996 0.996 0.964 0.964 0.964 0.964 0.999 1.021 1.052 1.058 1.064 1.068 1.07 1.07 1.074 1.074 1.075 1.076 1.078 1.083 1.078 1.088 1.088 1.099 1.099 1.1 1.099 1.1 1.104 1.104 1.125 1.134 1.134 1.134 1.134 1.14 1.149 1.172 1.183 1.186 1.202 1.203 1.209 1.213 1.217 1.22 1.22 1.217 0.795 
1 1 1 1 1 1 1 1 1 1 1 1 1 1 1 1 1 1 1 1 1 1 1 1 1 1 1 1 1 1 1 1 1 1 1 1 1 1 1 1 1 1 1 1 1 1 1 1 1 1 1 1 1 1 1 1 1 1 1 1 1 1 1 1 1 1 1 1 1 1 1 1 1 1 1 1 1 1 1 1 1 1 1 1 1 1 1 1 1 1 1 1 1 1 1 1 1 1 1 1 1 1 1 1 1 1 1 1 1 1 1 1 1 1 1 1 1 1 1 1 1 1 1 1 1 1 1 1 1 1 1 1 1 1 1 1 1 1 1 1 1 1 1 1 1 1 1 1 1 1 1 1 1 1 1 1 1 1 1 1 1 1 1 1 1 1 1 1 1 1 1 1 1 1 1 1 1 1 1 1 1 1 1 1 1 1 1 1 1 1 1 1 1 1 1 1 1 1 1 1 1 1 1 1 1 1 1 1 1 1 1 1 1 1 1 1 1 1 1 1 1 1 1 1 1 1 1 1 1 1 1 1 1 1 1 1 1 1 1 1 1 1 1 1 1 1 1 1 1 1 1 1 1 1 1 1 1 1 1 1 1 1 1 1 1 1 1 1 1 1 1 1 1 1 1 1 1 1 1 1 1 1 1 1 1 1 1 1 1 1 1 1 1 1 1 1 1 1 1 1 1 1 1 1 1 1 1 1 1 1 1 1 1 1 1 1 1 1 1 1 1 1 1 1 1 1 1 1 1 1 1 1 1 1 1 1 1 1 1 1 1 1 1 1 1 1 1 1 1 1 1 1 1 1 1 1 1 1 1 1 1 1 1 1 1 1 1 1 1 1 1 1 1 1 1 1 1 1 1 1 1 1 1 1 1 1 1 1 1 1 1 1 1 1 1 1 1 1 1 1 1 1 1 1 1 1 1 1 1 1 1 1 1 1 1 1 1 1 1 1 1 1 1 1 1 1 1 1 1 1 1 1 1 1 1 1 1 1 1 1 1 1 1 1 1 1 1 1 1 1 1 1 1 1 1 1 1 1 1 1 1 1 1 1 1 1 1 1 1 1 1 1 1 1 1 1 1 1 1 1 1 1 1 1 1 1 1 1 1 1 1 1 1 1 1 1 1 1 1 1 1 1 1 1 1 1 1 1 1 1 1 1 1 1 1 1 1 1 1 1 1 1 1 1 1 1 1 1 1 1 1 1 1 1 1 1 1 1 1 1 1 1 1 1 1 1 1 1 1 1 1 1 1 1 1 1 1 1 1 1 1 1 1 1 1 1 1 1 1 1 1 1 1 1 1 1 1 1 1 1 1 1 1 1 1 1 1 1 1 1 1 1 1 1 1 1 1 1 1 1 1 1 1 1 1 1 1 1 1 1 1 1 1 1 1 1 1 1 1 1 1 1 1 1 1 1 1 1 1 1 1 1 1 1 1 1 1 1 1 1 1 1 1 1 1 1 1 1 1 1 1 1 1 1 1 1 1 1 1 1 1 1 1 1 1 1 1 1 1 1 1 1 1 1 1 1 1 1 1 1 1 1 
