# This file contains a 2D laser scan observation. 
# Its format is: 
# [aperture] [max_range] [number_of_scans] 
# [vector_of_scans] 
# [vector_of_valid_scans] 
# The aperture of the sensor is in radians, the maximum range 
# and measurements are in meters. '1' means a valid scan, '0' otherwise.
4.1847
5.6
682
1.955 2.001 2.022 2.035 2.057 2.09 2.099 2.125 2.151 2.182 2.222 2.229 2.259 2.288 2.288 2.288 2.288 2.278 2.278 0.007 0 0 0 0 1.997 1.983 1.97 1.96 1.96 1.983 0 0 0 0 2.038 2.037 2.037 2.038 2.038 2.041 2.041 2.041 2.044 2.047 2.049 2.054 2.054 2.054 2.034 2.029 2.003 2.003 2.003 2.055 2.087 2.087 2.087 2.07 2.057 2.036 2.036 2.027 2.02 2.019 2.019 2.01 2.01 2.009 1.992 1.972 1.972 1.972 1.975 2.062 2.062 2.062 2.062 2.059 2.059 2.059 2.058 1.992 1.981 1.981 1.981 1.997 2 2.004 2.004 2 0.629 0.627 0.627 0.627 0.627 0.63 0.631 0.633 0.633 0.631 0.621 0.47 0.405 0.384 0.378 0.364 0.359 0.359 0.358 0.358 0.357 0.352 0.352 0.352 0.349 0.341 0.336 0.324 0.324 0.322 0.324 0.322 0.319 0.319 0.319 0.319 0.319 0.317 0.317 0.317 0 0 0 0 0 0.007 0 0 0 0 0 0 0 0 0 0 0 0 0 0 0 0 0 0 0 0 0 0 0 0 0 0 0 0 0 0 0 0.007 0 0 0.007 0.281 0.281 0.27 0.27 0.007 0.27 0.27 0.27 0.244 0.244 0.242 0.238 0.229 0.223 0.221 0.215 0.215 0.221 0.222 0.223 0.224 0.224 0.224 0.217 0.217 0.216 0.213 0.213 0.213 0.227 0.237 0.242 0.245 0.007 0 0 0 0 0 0 0 0 0 0 0 0 0 0 0 0 0 0 0 0 0 0 0 0 0 0 0 0 0 0.545 0.544 0.544 0.545 0.545 0.545 0.548 0.557 0.562 0.565 0.565 0.571 0.572 0.587 0.595 0.595 0.599 0.614 0.617 0.621 0.621 0.624 0.639 0.649 0.652 0.668 0.674 0.684 0.689 0.692 0.696 0.707 0.712 0.72 0.729 0.744 0.751 0.758 0.777 0.785 0.791 0.811 0.825 0.839 0.849 0.863 0.864 0.891 0.895 0.915 0.931 0.951 0.951 0.951 0.933 0.933 0.932 0.927 0.924 0.922 0.924 0.922 0.922 0.92 0.92 0.92 0.92 0.92 0.92 0.911 0.91 0.91 0.91 0.91 0.906 0.902 0.899 0.886 0.885 0.883 0.882 0.879 0.873 0.873 0.873 0.873 0.873 0.871 0.871 0.873 0.867 0.871 0.873 0.871 0.866 0.864 0.862 0.862 0.862 0.862 0.867 0.867 0.867 0.865 0.867 0.865 0.862 0.862 0.864 0.864 0.867 0.867 0.867 0.867 0.868 0.87 0.87 0.87 0.87 0.87 0.872 0.872 0.872 0.871 0.872 0.875 0.877 0.877 0.877 0.877 0.877 0.89 0.896 0.903 0.903 0.903 0.903 0.903 0.903 0.903 0.904 0.906 0.91 0.91 0.91 0.91 0.915 0.915 0.917 0.921 0.924 0.926 0.933 0.933 0.936 0.962 1.391 1.391 1.401 1.403 1.51 1.51 1.51 1.059 1.058 1.058 1.058 1.618 1.623 1.623 1.623 1.113 1.103 1.103 1.113 1.115 1.636 1.671 1.676 1.678 1.686 1.687 1.69 1.701 1.702 1.703 1.703 1.703 1.542 1.542 1.542 1.64 1.645 1.752 1.752 1.764 1.773 1.784 1.79 1.791 1.806 1.814 1.817 1.824 1.826 1.839 1.839 1.839 1.271 1.27 1.27 1.271 1.271 1.255 0.811 0.811 0.811 0.813 0.816 0.819 0.82 1.248 1.98 2.004 2.018 2.026 2.043 2.052 2.06 2.069 2.072 2.072 2.072 1.06 1.06 1.059 1.06 1.061 1.061 1.061 1.064 2.222 2.248 2.248 2.222 1.513 1.513 1.513 2.334 2.353 2.375 2.375 2.381 2.408 2.414 2.414 2.414 1.083 1.079 1.079 1.079 1.079 2.599 2.621 2.639 2.639 2.654 2.654 2.654 2.675 2.803 2.803 2.828 2.871 2.871 2.871 2.871 0.586 0.585 0.585 0.586 0.583 0.589 0.589 0.588 0.588 0.589 2.571 2.935 2.991 2.935 2.935 1.927 1.926 1.926 1.926 1.926 1.926 1.602 1.602 1.602 1.677 1.68 0 1.68 1.68 1.144 1.131 1.129 0.919 0.911 0.907 0.906 0.905 0.9 0.857 0.794 0.791 0.79 0.79 0.788 0.788 0.791 0.791 0.788 0.791 0.799 2.011 2.012 2.015 2.015 2.015 2.015 2.014 1.992 1.87 1.667 1.667 1.667 1.701 1.761 1.777 1.78 1.786 3.143 3.143 3.143 3.143 3.143 3.131 3.131 0.015 0.015 3.116 0.006 0.007 3.116 1.052 1.052 1.052 1.052 1.054 1.425 1.463 2.532 2.532 2.543 2.543 2.543 2.539 2.539 2.538 2.539 2.545 2.545 2.548 2.548 2.553 2.556 2.556 2.556 2.557 2.564 2.564 2.569 2.575 2.575 2.575 2.575 2.576 2.58 2.582 2.589 2.594 2.594 2.594 2.594 2.602 2.61 2.612 2.614 2.621 2.622 2.633 2.633 2.643 2.645 2.647 2.648 2.657 2.658 2.662 2.674 2.675 2.676 2.685 2.685 2.699 2.729 2.773 0 0 0 0 0 0 0 0 0 0 0 0 0 2.225 2.225 2.196 2.225 0.007 2.182 2.165 2.132 2.111 2.105 2.062 2.062 2.04 2.021 1.993 
1 1 1 1 1 1 1 1 1 1 1 1 1 1 1 1 1 1 1 0 0 0 0 0 1 1 1 1 1 1 0 0 0 0 1 1 1 1 1 1 1 1 1 1 1 1 1 1 1 1 1 1 1 1 1 1 1 1 1 1 1 1 1 1 1 1 1 1 1 1 1 1 1 1 1 1 1 1 1 1 1 1 1 1 1 1 1 1 1 1 1 1 1 1 1 1 1 1 1 1 1 1 1 1 1 1 1 1 1 1 1 1 1 1 1 1 1 1 1 1 1 1 1 1 1 1 1 1 1 1 0 0 0 0 0 0 0 0 0 0 0 0 0 0 0 0 0 0 0 0 0 0 0 0 0 0 0 0 0 0 0 0 0 0 0 0 0 0 0 0 0 1 1 1 1 0 1 1 1 1 1 1 1 1 1 1 1 1 1 1 1 1 1 1 1 1 1 1 1 1 1 1 1 1 0 0 0 0 0 0 0 0 0 0 0 0 0 0 0 0 0 0 0 0 0 0 0 0 0 0 0 0 0 0 1 1 1 1 1 1 1 1 1 1 1 1 1 1 1 1 1 1 1 1 1 1 1 1 1 1 1 1 1 1 1 1 1 1 1 1 1 1 1 1 1 1 1 1 1 1 1 1 1 1 1 1 1 1 1 1 1 1 1 1 1 1 1 1 1 1 1 1 1 1 1 1 1 1 1 1 1 1 1 1 1 1 1 1 1 1 1 1 1 1 1 1 1 1 1 1 1 1 1 1 1 1 1 1 1 1 1 1 1 1 1 1 1 1 1 1 1 1 1 1 1 1 1 1 1 1 1 1 1 1 1 1 1 1 1 1 1 1 1 1 1 1 1 1 1 1 1 1 1 1 1 1 1 1 1 1 1 1 1 1 1 1 1 1 1 1 1 1 1 1 1 1 1 1 1 1 1 1 1 1 1 1 1 1 1 1 1 1 1 1 1 1 1 1 1 1 1 1 1 1 1 1 1 1 1 1 1 1 1 1 1 1 1 1 1 1 1 1 1 1 1 1 1 1 1 1 1 1 1 1 1 1 1 1 1 1 1 1 1 1 1 1 1 1 1 1 1 1 1 1 1 1 1 1 1 1 1 1 1 1 1 1 1 1 1 1 1 1 1 1 1 1 1 1 1 1 1 1 1 1 1 1 1 1 1 1 1 1 1 1 1 1 1 1 1 1 1 1 1 1 1 1 1 0 1 1 1 1 1 1 1 1 1 1 1 1 1 1 1 1 1 1 1 1 1 1 1 1 1 1 1 1 1 1 1 1 1 1 1 1 1 1 1 1 1 1 1 1 1 1 1 0 0 1 0 0 1 1 1 1 1 1 1 1 1 1 1 1 1 1 1 1 1 1 1 1 1 1 1 1 1 1 1 1 1 1 1 1 1 1 1 1 1 1 1 1 1 1 1 1 1 1 1 1 1 1 1 1 1 1 1 1 1 1 1 1 1 1 1 1 0 0 0 0 0 0 0 0 0 0 0 0 0 1 1 1 1 0 1 1 1 1 1 1 1 1 1 1 
