# This file contains a 2D laser scan observation. 
# Its format is: 
# [aperture] [max_range] [number_of_scans] 
# [vector_of_scans] 
# [vector_of_valid_scans] 
# The aperture of the sensor is in radians, the maximum range 
# and measurements are in meters. '1' means a valid scan, '0' otherwise.
4.1847
5.6
682
0.762 0.74 0.708 0.705 0.705 0.708 0.709 0.709 0.709 0.71 0.705 0.705 0.704 0.704 0.704 0.702 0.699 0.702 0.702 0.702 0.708 0.72 0.731 0.736 0.739 0.736 0.736 0.736 0.733 0.73 0.73 0.73 0.73 0.726 0.726 0.702 0.414 0.414 0.414 0.416 0.416 0.419 0.419 0.419 0.416 0.419 0.416 0.42 0.418 0.418 0.418 0.418 0.417 0.417 0.417 0.417 0.418 0.422 0.421 0.421 0.421 0.421 0.421 0.421 0.422 0.423 0.424 0.426 0.429 0.533 0.595 0.603 0.605 0.611 0.611 0.611 0.613 0.649 0.725 0.725 0.725 0.725 0.726 0.726 0.73 0.735 0.735 0.733 0.738 0.733 0.733 0.733 0.739 0.73 0.739 0.743 0.745 0.743 0.745 0.745 0.745 0.747 0.753 0.758 0.76 0.76 0.76 0.76 0.755 0.755 0.755 0.762 0.756 0.765 0.766 0.767 0.767 0.772 0.773 0.774 0.776 0.776 0.778 0.778 0.78 0.78 0.786 0.787 0.79 0.793 0.793 0.793 0.796 0.797 0.801 0.805 0.805 0.811 0.811 0.813 0.813 0.818 0.821 0.827 0.83 0.836 0.837 0.842 0.843 0.846 0.847 0.85 0.85 0.851 0.857 0.859 0.866 0.867 0.877 0.882 0.885 0.888 0.889 0.893 0.898 0.905 0.906 0.91 0.915 0.925 0.925 0.926 0.933 0.937 0.939 0.948 0.95 0.958 0.961 0.966 0.976 0.977 0.978 0.985 0.987 1 1.009 1.017 1.026 1.026 1.04 1.043 1.047 1.067 1.067 1.07 1.07 1.088 1.091 1.1 1.115 1.122 1.138 1.143 1.15 1.16 1.168 1.178 1.178 1.178 1.119 1.057 1.052 1.051 1.051 1.047 1.03 1.03 1.027 1.021 1.014 1.014 1.014 1.014 1.008 1.001 0.992 0.992 0.991 0.991 0.979 0.975 0.97 0.969 0.968 0.968 0.965 0.958 0.958 0.958 0.958 0.95 0.945 0.942 0.942 0.939 0.938 0.938 0.938 0.935 0.926 0.922 0.921 0.921 0.92 0.916 0.916 0.911 0.911 0.911 0.911 0.91 0.904 0.9 0.894 0.894 0.894 0.893 0.893 0.892 0.892 0.891 0.885 0.884 0.882 0.879 0.879 0.879 0.877 0.877 0.877 0.878 0.878 0.879 0.879 0.879 0.87 0.87 0.87 0.874 0.874 0.875 0.874 0.869 0.866 0.867 0.867 0.867 0.872 0.872 0.872 0.872 0.865 0.865 0.865 0.865 0.865 0.865 0.865 0.869 0.874 0.875 0.885 0.891 0.905 0.905 0.905 0.884 0.881 0.868 0.867 0.866 0.865 0.866 0.866 0.866 0.866 0.866 0.865 0.865 0.862 0.862 0.862 0.866 0.868 0.868 0.868 0.871 0.871 0.875 0.875 0.875 0.875 0.875 0.877 0.875 0.875 0.875 0.877 1.128 1.256 1.26 1.262 1.266 1.266 1.267 1.272 1.276 1.276 1.279 1.285 1.285 1.285 1.285 1.288 1.295 1.301 1.301 1.301 1.301 1.229 1.132 1.118 1.096 1.078 1.055 1.038 1.019 1.013 0.996 0.989 0.97 0.964 0.95 0.93 0.929 0.907 0.89 0.872 0.868 0.86 0.839 0.839 0.835 0.817 0.817 0.806 0.797 0.793 0.788 0.782 0.781 0.781 0.776 0.774 0.774 0.766 0.765 0.764 0.76 0.756 0.756 0.757 0.756 0.749 0.75 0.75 0.75 0.75 0.754 0.758 0.754 0.758 0.758 0.758 0.758 0.758 0.758 0.758 0.764 0.765 0.767 0.773 0.773 0.78 0.786 0.786 0.787 0.788 0.794 0.794 0.796 0.808 0.817 0.82 0.845 0.865 0.894 1.245 1.271 1.281 1.281 1.281 1.281 1.28 1.269 1.268 1.267 1.265 1.254 1.242 1.239 1.143 1.138 1.137 1.137 1.143 1.159 1.19 1.19 1.19 1.159 1.159 1.156 1.156 1.156 1.154 1.148 1.148 1.138 1.135 1.134 1.132 1.125 1.123 1.111 1.102 1.098 1.084 1.072 1.068 1.068 1.068 1.064 1.064 1.064 1.057 1.054 1.054 1.054 1.053 1.059 1.061 1.059 1.049 1.049 1.049 1.046 1.043 1.042 1.041 1.037 1.031 1.029 1.025 1.016 0.974 0.974 0.963 0.974 0.984 1.009 1.009 1.009 0.997 0.987 0.987 0.992 0.997 0.996 0.996 0.996 0.996 0.991 0.991 0.988 0.988 0.988 0.987 0.979 0.975 0.968 0.931 0.916 0.913 0.913 0.913 0.934 0.941 0.961 0.962 0.962 0.961 0.951 0.951 0.949 0.949 0.949 0.96 0.965 0.967 0.968 0.968 0.972 0.972 0.973 0.978 0.978 0.964 0.888 0.888 0.888 0.902 0.941 0.943 0.943 0.943 0.941 0.931 0.906 0.906 0.906 0.931 0.951 0.951 0.951 0.951 0.945 0.945 0.955 0.957 0.955 0.957 0.961 0.966 0.968 0.978 0.978 0.979 0.978 0.976 0.976 0.976 0.976 0.972 0.972 0.971 0.965 0.95 0.948 0.948 0.929 0.948 0.944 0.947 0.947 0.947 0.946 0.947 0.957 0.957 1.001 1.001 0.99 0.99 0.981 0.981 0.981 0.995 1.028 1.041 1.041 1.042 1.044 1.042 1.042 1.045 1.047 1.049 1.053 1.053 1.056 1.053 1.056 1.054 1.056 1.056 1.061 1.061 1.066 1.072 1.072 1.082 1.094 1.106 1.106 1.107 1.111 1.112 1.107 1.117 1.122 1.122 1.144 1.159 1.165 1.165 1.159 0.769 0.73 0.717 0.7 0.691 0.684 0.681 0.681 0.669 0.663 0.662 0.661 0.656 0.651 
1 1 1 1 1 1 1 1 1 1 1 1 1 1 1 1 1 1 1 1 1 1 1 1 1 1 1 1 1 1 1 1 1 1 1 1 1 1 1 1 1 1 1 1 1 1 1 1 1 1 1 1 1 1 1 1 1 1 1 1 1 1 1 1 1 1 1 1 1 1 1 1 1 1 1 1 1 1 1 1 1 1 1 1 1 1 1 1 1 1 1 1 1 1 1 1 1 1 1 1 1 1 1 1 1 1 1 1 1 1 1 1 1 1 1 1 1 1 1 1 1 1 1 1 1 1 1 1 1 1 1 1 1 1 1 1 1 1 1 1 1 1 1 1 1 1 1 1 1 1 1 1 1 1 1 1 1 1 1 1 1 1 1 1 1 1 1 1 1 1 1 1 1 1 1 1 1 1 1 1 1 1 1 1 1 1 1 1 1 1 1 1 1 1 1 1 1 1 1 1 1 1 1 1 1 1 1 1 1 1 1 1 1 1 1 1 1 1 1 1 1 1 1 1 1 1 1 1 1 1 1 1 1 1 1 1 1 1 1 1 1 1 1 1 1 1 1 1 1 1 1 1 1 1 1 1 1 1 1 1 1 1 1 1 1 1 1 1 1 1 1 1 1 1 1 1 1 1 1 1 1 1 1 1 1 1 1 1 1 1 1 1 1 1 1 1 1 1 1 1 1 1 1 1 1 1 1 1 1 1 1 1 1 1 1 1 1 1 1 1 1 1 1 1 1 1 1 1 1 1 1 1 1 1 1 1 1 1 1 1 1 1 1 1 1 1 1 1 1 1 1 1 1 1 1 1 1 1 1 1 1 1 1 1 1 1 1 1 1 1 1 1 1 1 1 1 1 1 1 1 1 1 1 1 1 1 1 1 1 1 1 1 1 1 1 1 1 1 1 1 1 1 1 1 1 1 1 1 1 1 1 1 1 1 1 1 1 1 1 1 1 1 1 1 1 1 1 1 1 1 1 1 1 1 1 1 1 1 1 1 1 1 1 1 1 1 1 1 1 1 1 1 1 1 1 1 1 1 1 1 1 1 1 1 1 1 1 1 1 1 1 1 1 1 1 1 1 1 1 1 1 1 1 1 1 1 1 1 1 1 1 1 1 1 1 1 1 1 1 1 1 1 1 1 1 1 1 1 1 1 1 1 1 1 1 1 1 1 1 1 1 1 1 1 1 1 1 1 1 1 1 1 1 1 1 1 1 1 1 1 1 1 1 1 1 1 1 1 1 1 1 1 1 1 1 1 1 1 1 1 1 1 1 1 1 1 1 1 1 1 1 1 1 1 1 1 1 1 1 1 1 1 1 1 1 1 1 1 1 1 1 1 1 1 1 1 1 1 1 1 1 1 1 1 1 1 1 1 1 1 1 1 1 1 1 1 1 1 1 1 1 1 1 1 1 1 1 1 1 1 1 1 1 1 1 1 1 1 1 1 1 1 1 1 1 1 1 1 1 1 1 1 1 1 1 1 1 1 1 1 1 1 1 1 1 1 1 1 1 1 1 1 1 1 1 1 1 1 1 1 1 1 
