# This file contains a 2D laser scan observation. 
# Its format is: 
# [aperture] [max_range] [number_of_scans] 
# [vector_of_scans] 
# [vector_of_valid_scans] 
# The aperture of the sensor is in radians, the maximum range 
# and measurements are in meters. '1' means a valid scan, '0' otherwise.
4.1847
5.6
682
0.432 0.437 0.437 0.437 0.437 0.439 0.441 0.443 0.449 0.457 0.466 0.489 0.489 0.489 0.5 0.5 0.5 0.497 0.489 0.482 0.481 0.474 0.465 0.461 0.455 0.455 0.455 0.454 0.455 0.456 0.454 0.446 0.45 0.446 0.446 0.45 0.454 0.456 0.456 0.456 0.45 0.448 0.448 0.448 0.45 0.454 0.455 0.455 0.467 0.473 0.685 0.718 0.725 0.725 0.725 0.726 0.726 0.729 0.731 0.736 0.736 0.74 0.742 0.748 0.749 0.75 0.75 0.749 0.723 0.711 0.711 0.707 0.707 0.708 0.712 0.718 0.725 0.727 0.731 0.731 0.731 0.686 0.539 0.538 0.534 0.534 0.534 0.534 0.533 0.533 0.533 0.533 0.533 0.537 0.533 0.533 0.533 0.533 0.533 0.533 0.539 0.539 0.539 0.539 0.539 0.541 0.545 0.549 0.855 0.891 0.893 0.893 0.893 0.821 0.821 0.819 0.821 0.817 0.821 0.821 0.821 0.821 0.822 0.835 0.836 0.836 0.836 0.837 0.837 0.864 1.008 1.019 1.033 1.042 1.044 1.052 1.068 1.077 1.084 1.087 1.105 1.105 1.105 0.642 0.642 0.642 0.642 0.642 0.642 0.643 0.65 0.652 0.655 0.67 0.734 1.284 1.297 1.317 1.33 1.338 1.354 1.369 1.388 1.398 1.419 1.434 1.453 1.469 1.485 1.508 1.532 1.548 1.574 1.595 1.621 1.649 1.676 1.707 1.732 1.732 1.732 1.582 1.542 1.539 1.537 1.533 1.533 1.53 1.519 1.509 1.509 1.509 1.508 1.508 1.505 1.5 1.499 1.494 1.494 1.491 1.491 1.487 1.486 1.479 1.474 1.474 1.469 1.466 1.465 1.465 1.461 1.461 1.461 1.461 1.46 1.455 1.454 1.453 1.449 1.446 1.442 1.441 1.44 1.438 1.437 1.437 1.437 1.437 1.437 1.434 1.434 1.434 1.434 1.44 1.44 1.44 1.44 1.44 1.444 1.446 1.446 1.449 1.46 1.463 1.48 1.48 1.48 1.449 1.446 1.437 1.434 1.433 1.433 1.433 1.43 1.433 1.437 1.43 1.435 1.437 1.435 1.435 1.439 1.445 1.443 1.445 1.446 1.45 1.451 1.456 1.462 1.818 1.833 1.837 1.838 1.842 1.849 1.852 1.852 1.855 1.857 1.859 1.865 1.865 1.859 1.71 1.679 1.626 1.594 1.565 1.543 1.508 1.461 1.429 1.403 1.38 1.352 1.337 1.321 1.302 1.291 1.289 1.275 1.269 1.256 1.253 1.25 1.25 1.249 1.249 1.248 1.248 1.248 1.248 1.242 1.242 1.242 1.241 1.246 1.247 1.253 1.254 1.255 1.255 1.259 1.262 1.27 1.275 1.288 1.291 1.303 1.317 1.332 1.348 1.916 1.916 1.916 1.902 1.87 1.848 1.758 1.741 1.741 1.747 1.754 1.747 1.747 1.74 1.643 1.623 1.623 1.623 1.626 1.626 1.631 1.626 1.62 1.615 1.592 1.579 1.561 1.549 1.542 1.51 1.487 1.463 1.461 1.457 1.451 1.447 1.439 1.43 1.419 1.417 1.41 1.405 1.403 1.393 1.333 1.331 1.331 1.331 1.332 1.332 1.332 1.324 1.315 1.308 1.303 1.302 1.295 1.287 1.285 1.272 1.222 1.21 1.205 1.205 1.205 1.205 1.2 1.2 1.197 1.197 1.197 1.195 1.193 1.193 1.187 1.099 1.099 1.099 1.099 1.11 1.11 1.109 1.095 1.109 1.109 1.125 1.125 1.125 1.119 1.113 1.105 1.088 1.088 1.089 1.087 1.089 1.101 1.089 1.088 1.088 1.088 1.088 1.085 1.093 1.093 1.081 1.075 1.07 1.067 1.017 1.017 0.974 0.974 0.974 1.014 1.014 1.014 1.014 1.014 0.992 0.547 0.506 0.484 0.481 0.481 0.481 0.471 0.467 0.464 0.464 0.464 0.464 0.464 0.459 0.453 0.453 0.453 0.453 0.446 0.446 0.446 0.446 0.448 0.448 0.442 0.446 0.442 0.437 0.436 0.438 0.434 0.433 0.433 0.433 0.433 0.433 0.433 0.433 0.433 0.432 0.432 0.431 0.429 0.429 0.429 0.429 0.427 0.427 0.429 0.435 0.436 0.436 0.435 0.43 0.428 0.427 0.428 0.427 0.428 0.427 0.43 0.427 0.43 0.424 0.429 0.429 0.429 0.429 0.43 0.43 0.432 0.432 0.428 0.428 0.428 0.428 0.428 0.428 0.429 0.429 0.432 0.432 0.436 0.439 0.439 0.439 0.439 0.439 0.437 0.439 0.442 0.442 0.443 0.443 0.443 0.443 0.443 0.451 0.451 0.451 0.449 0.449 0.449 0.449 0.451 0.457 0.451 0.455 0.456 0.456 0.456 0.456 0.456 0.457 0.463 0.465 0.466 0.47 0.47 0.47 0.474 0.475 0.477 0.478 0.477 0.478 0.478 0.487 0.487 0.488 0.489 0.488 0.491 0.498 0.498 0.498 0.502 0.504 0.504 0.514 0.518 0.521 0.528 0.652 0.768 0.768 0.768 0.766 0.744 0.742 0.741 0.74 0.727 0.718 0.715 0.714 0.704 0.7 0.695 0.688 0.682 0.682 0.676 0.672 0.664 0.664 0.659 0.659 0.648 0.648 0.648 0.551 0.456 0.456 0.446 0.439 0.439 0.435 0.439 0.435 0.435 0.433 0.426 0.426 0.425 0.425 0.421 0.419 0.418 0.417 0.417 0.417 0.417 0.41 0.408 0.408 0.407 0.407 0.412 0.412 0.417 0.417 0.416 0.413 0.413 0.413 0.413 0.413 0.413 0.414 0.415 0.417 0.433 0.489 0.517 0.525 0.525 0.525 0.522 0.515 0.515 0.515 0.511 0.511 0.51 0.51 0.51 0.501 
1 1 1 1 1 1 1 1 1 1 1 1 1 1 1 1 1 1 1 1 1 1 1 1 1 1 1 1 1 1 1 1 1 1 1 1 1 1 1 1 1 1 1 1 1 1 1 1 1 1 1 1 1 1 1 1 1 1 1 1 1 1 1 1 1 1 1 1 1 1 1 1 1 1 1 1 1 1 1 1 1 1 1 1 1 1 1 1 1 1 1 1 1 1 1 1 1 1 1 1 1 1 1 1 1 1 1 1 1 1 1 1 1 1 1 1 1 1 1 1 1 1 1 1 1 1 1 1 1 1 1 1 1 1 1 1 1 1 1 1 1 1 1 1 1 1 1 1 1 1 1 1 1 1 1 1 1 1 1 1 1 1 1 1 1 1 1 1 1 1 1 1 1 1 1 1 1 1 1 1 1 1 1 1 1 1 1 1 1 1 1 1 1 1 1 1 1 1 1 1 1 1 1 1 1 1 1 1 1 1 1 1 1 1 1 1 1 1 1 1 1 1 1 1 1 1 1 1 1 1 1 1 1 1 1 1 1 1 1 1 1 1 1 1 1 1 1 1 1 1 1 1 1 1 1 1 1 1 1 1 1 1 1 1 1 1 1 1 1 1 1 1 1 1 1 1 1 1 1 1 1 1 1 1 1 1 1 1 1 1 1 1 1 1 1 1 1 1 1 1 1 1 1 1 1 1 1 1 1 1 1 1 1 1 1 1 1 1 1 1 1 1 1 1 1 1 1 1 1 1 1 1 1 1 1 1 1 1 1 1 1 1 1 1 1 1 1 1 1 1 1 1 1 1 1 1 1 1 1 1 1 1 1 1 1 1 1 1 1 1 1 1 1 1 1 1 1 1 1 1 1 1 1 1 1 1 1 1 1 1 1 1 1 1 1 1 1 1 1 1 1 1 1 1 1 1 1 1 1 1 1 1 1 1 1 1 1 1 1 1 1 1 1 1 1 1 1 1 1 1 1 1 1 1 1 1 1 1 1 1 1 1 1 1 1 1 1 1 1 1 1 1 1 1 1 1 1 1 1 1 1 1 1 1 1 1 1 1 1 1 1 1 1 1 1 1 1 1 1 1 1 1 1 1 1 1 1 1 1 1 1 1 1 1 1 1 1 1 1 1 1 1 1 1 1 1 1 1 1 1 1 1 1 1 1 1 1 1 1 1 1 1 1 1 1 1 1 1 1 1 1 1 1 1 1 1 1 1 1 1 1 1 1 1 1 1 1 1 1 1 1 1 1 1 1 1 1 1 1 1 1 1 1 1 1 1 1 1 1 1 1 1 1 1 1 1 1 1 1 1 1 1 1 1 1 1 1 1 1 1 1 1 1 1 1 1 1 1 1 1 1 1 1 1 1 1 1 1 1 1 1 1 1 1 1 1 1 1 1 1 1 1 1 1 1 1 1 1 1 1 1 1 1 1 1 1 1 1 1 1 1 1 1 1 1 1 1 1 1 1 1 1 1 1 1 1 1 1 1 1 1 1 1 1 1 1 1 1 1 1 1 1 1 1 1 1 1 1 1 1 1 1 
