# This file contains a 2D laser scan observation. 
# Its format is: 
# [aperture] [max_range] [number_of_scans] 
# [vector_of_scans] 
# [vector_of_valid_scans] 
# The aperture of the sensor is in radians, the maximum range 
# and measurements are in meters. '1' means a valid scan, '0' otherwise.
4.1847
5.6
682
0.407 0.407 0.413 0.419 0.42 0.429 0.446 0.446 0.436 0.436 0.427 0.426 0.419 0.417 0.412 0.411 0.409 0.407 0.409 0.407 0.407 0.407 0.406 0.406 0.405 0.405 0.411 0.411 0.409 0.41 0.409 0.409 0.409 0.409 0.408 0.408 0.408 0.411 0.411 0.412 0.421 0.421 0.424 0.421 0.418 0.418 0.419 0.419 0.428 0.432 0.429 0.429 0.429 0.429 0.429 0.429 0.43 0.435 0.435 0.436 0.436 0.436 0.436 0.437 0.44 0.441 0.441 0.441 0.443 0.446 0.449 0.45 0.453 0.453 0.454 0.454 0.456 0.456 0.6 0.76 0.76 0.76 0.737 0.724 0.72 0.718 0.72 0.721 0.721 0.724 0.734 0.737 0.748 0.75 0.754 0.76 0.762 0.814 0.815 0.822 0.822 0.822 0.817 0.58 0.56 0.559 0.556 0.556 0.556 0.556 0.556 0.558 0.558 0.558 0.558 0.558 0.558 0.556 0.559 0.56 0.56 0.566 0.567 0.567 0.567 0.568 0.57 0.583 0.844 0.859 0.859 0.859 0.861 0.866 0.866 0.866 0.866 0.874 0.939 1.088 1.11 1.115 1.121 1.132 1.159 1.168 1.174 1.188 1.202 1.212 1.228 1.245 1.258 1.273 1.273 1.273 0.7 0.692 0.687 0.687 0.687 0.687 0.687 0.693 0.721 1.48 1.504 1.539 1.539 1.558 1.577 1.611 1.635 1.667 1.698 1.723 1.758 1.794 1.83 1.83 1.83 1.615 1.609 1.602 1.597 1.594 1.593 1.593 1.589 1.589 1.589 1.589 1.581 1.574 1.57 1.57 1.568 1.568 1.568 1.56 1.557 1.557 1.554 1.548 1.547 1.548 1.547 1.545 1.545 1.545 1.538 1.54 1.538 1.537 1.535 1.535 1.535 1.532 1.529 1.529 1.529 1.524 1.524 1.524 1.521 1.521 1.517 1.517 1.517 1.518 1.518 1.522 1.531 1.534 1.535 1.55 1.55 1.55 1.541 1.538 1.526 1.527 1.525 1.525 1.523 1.524 1.521 1.522 1.521 1.521 1.521 1.522 1.528 1.529 1.529 1.53 1.532 1.532 1.533 1.535 1.536 1.536 1.537 1.537 1.538 1.543 1.543 1.91 1.931 1.938 1.942 1.945 1.953 1.953 1.958 1.961 1.961 1.962 1.962 1.961 1.959 1.812 1.74 1.711 1.693 1.691 1.669 1.619 1.571 1.513 1.479 1.465 1.443 1.437 1.416 1.399 1.397 1.387 1.384 1.371 1.368 1.362 1.361 1.356 1.354 1.354 1.354 1.356 1.354 1.358 1.362 1.362 1.362 1.362 1.363 1.365 1.37 1.388 1.392 1.404 1.405 1.417 1.43 1.449 1.461 2.037 2.037 2.037 2.021 1.997 1.976 1.958 1.888 1.879 1.869 1.858 1.858 1.858 1.852 1.837 1.682 1.682 1.682 1.732 1.732 1.735 1.732 1.727 1.712 1.693 1.677 1.658 1.648 1.644 1.609 1.595 1.573 1.565 1.556 1.537 1.535 1.535 1.525 1.522 1.519 1.517 1.5 1.494 1.411 1.411 1.411 1.434 1.434 1.434 1.427 1.415 1.409 1.405 1.395 1.393 1.391 1.375 1.347 1.311 1.311 1.305 1.305 1.311 1.305 1.301 1.301 1.301 1.288 1.283 1.281 1.263 1.163 1.163 1.163 1.176 1.176 1.19 1.19 1.19 1.194 1.209 1.209 1.209 1.207 1.199 1.187 1.171 1.171 1.171 1.171 1.178 1.178 1.178 1.177 1.177 1.176 1.176 1.177 1.175 1.165 1.155 1.144 1.096 1.076 1.059 1.029 0.676 0.557 0.538 0.535 0.533 0.526 0.526 0.522 0.519 0.519 0.519 0.514 0.513 0.513 0.508 0.508 0.506 0.506 0.506 0.506 0.502 0.5 0.499 0.499 0.496 0.496 0.496 0.496 0.496 0.496 0.496 0.49 0.49 0.49 0.49 0.49 0.491 0.49 0.489 0.489 0.489 0.487 0.485 0.479 0.485 0.477 0.477 0.477 0.478 0.477 0.477 0.474 0.474 0.474 0.473 0.473 0.475 0.475 0.475 0.476 0.476 0.475 0.474 0.475 0.475 0.475 0.475 0.475 0.475 0.475 0.471 0.475 0.475 0.475 0.476 0.476 0.476 0.477 0.477 0.477 0.477 0.476 0.476 0.474 0.476 0.477 0.477 0.477 0.478 0.478 0.478 0.48 0.484 0.484 0.485 0.484 0.481 0.481 0.484 0.484 0.49 0.49 0.49 0.491 0.491 0.492 0.492 0.494 0.496 0.494 0.496 0.498 0.501 0.5 0.501 0.5 0.502 0.502 0.502 0.502 0.502 0.506 0.512 0.514 0.518 0.518 0.52 0.52 0.521 0.529 0.534 0.867 0.867 0.867 0.854 0.847 0.839 0.825 0.817 0.801 0.792 0.782 0.776 0.77 0.768 0.757 0.748 0.742 0.733 0.721 0.721 0.709 0.698 0.693 0.689 0.671 0.5 0.429 0.426 0.418 0.418 0.418 0.418 0.414 0.414 0.406 0.406 0.406 0.398 0.391 0.388 0.388 0.386 0.386 0.387 0.386 0.385 0.383 0.38 0.379 0.379 0.379 0.378 0.378 0.378 0.379 0.382 0.382 0.385 0.387 0.387 0.385 0.385 0.389 0.39 0.392 0.395 0.484 0.494 0.494 0.494 0.491 0.488 0.485 0.482 0.48 0.479 0.476 0.473 0.469 0.467 0.463 0.463 0.463 0.461 0.458 0.457 0.456 0.456 0.454 0.452 0.451 0.451 0.448 0.443 0.438 0.438 0.437 0.437 0.415 0.414 0.411 0.411 0.41 0.411 0.414 0.43 0.43 0.43 0.43 0.43 0.435 0.435 0.435 0.415 0.405 0.403 0.403 0.403 0.402 0.403 
1 1 1 1 1 1 1 1 1 1 1 1 1 1 1 1 1 1 1 1 1 1 1 1 1 1 1 1 1 1 1 1 1 1 1 1 1 1 1 1 1 1 1 1 1 1 1 1 1 1 1 1 1 1 1 1 1 1 1 1 1 1 1 1 1 1 1 1 1 1 1 1 1 1 1 1 1 1 1 1 1 1 1 1 1 1 1 1 1 1 1 1 1 1 1 1 1 1 1 1 1 1 1 1 1 1 1 1 1 1 1 1 1 1 1 1 1 1 1 1 1 1 1 1 1 1 1 1 1 1 1 1 1 1 1 1 1 1 1 1 1 1 1 1 1 1 1 1 1 1 1 1 1 1 1 1 1 1 1 1 1 1 1 1 1 1 1 1 1 1 1 1 1 1 1 1 1 1 1 1 1 1 1 1 1 1 1 1 1 1 1 1 1 1 1 1 1 1 1 1 1 1 1 1 1 1 1 1 1 1 1 1 1 1 1 1 1 1 1 1 1 1 1 1 1 1 1 1 1 1 1 1 1 1 1 1 1 1 1 1 1 1 1 1 1 1 1 1 1 1 1 1 1 1 1 1 1 1 1 1 1 1 1 1 1 1 1 1 1 1 1 1 1 1 1 1 1 1 1 1 1 1 1 1 1 1 1 1 1 1 1 1 1 1 1 1 1 1 1 1 1 1 1 1 1 1 1 1 1 1 1 1 1 1 1 1 1 1 1 1 1 1 1 1 1 1 1 1 1 1 1 1 1 1 1 1 1 1 1 1 1 1 1 1 1 1 1 1 1 1 1 1 1 1 1 1 1 1 1 1 1 1 1 1 1 1 1 1 1 1 1 1 1 1 1 1 1 1 1 1 1 1 1 1 1 1 1 1 1 1 1 1 1 1 1 1 1 1 1 1 1 1 1 1 1 1 1 1 1 1 1 1 1 1 1 1 1 1 1 1 1 1 1 1 1 1 1 1 1 1 1 1 1 1 1 1 1 1 1 1 1 1 1 1 1 1 1 1 1 1 1 1 1 1 1 1 1 1 1 1 1 1 1 1 1 1 1 1 1 1 1 1 1 1 1 1 1 1 1 1 1 1 1 1 1 1 1 1 1 1 1 1 1 1 1 1 1 1 1 1 1 1 1 1 1 1 1 1 1 1 1 1 1 1 1 1 1 1 1 1 1 1 1 1 1 1 1 1 1 1 1 1 1 1 1 1 1 1 1 1 1 1 1 1 1 1 1 1 1 1 1 1 1 1 1 1 1 1 1 1 1 1 1 1 1 1 1 1 1 1 1 1 1 1 1 1 1 1 1 1 1 1 1 1 1 1 1 1 1 1 1 1 1 1 1 1 1 1 1 1 1 1 1 1 1 1 1 1 1 1 1 1 1 1 1 1 1 1 1 1 1 1 1 1 1 1 1 1 1 1 1 1 1 1 1 1 1 1 1 1 1 1 1 1 1 1 1 1 1 1 1 1 1 1 1 1 1 1 1 1 1 1 1 1 1 1 1 1 1 1 1 1 1 1 1 1 1 1 1 1 1 1 
