# This file contains a 2D laser scan observation. 
# Its format is: 
# [aperture] [max_range] [number_of_scans] 
# [vector_of_scans] 
# [vector_of_valid_scans] 
# The aperture of the sensor is in radians, the maximum range 
# and measurements are in meters. '1' means a valid scan, '0' otherwise.
4.1847
5.6
682
0.457 0.457 0.46 0.464 0.458 0.458 0.458 0.431 0.429 0.427 0.419 0.411 0.411 0.411 0.41 0.411 0.411 0.411 0.41 0.411 0.411 0.412 0.412 0.412 0.409 0.409 0.409 0.416 0.417 0.417 0.421 0.421 0.422 0.422 0.421 0.422 0.426 0.426 0.425 0.43 0.43 0.43 0.43 0.432 0.437 0.438 0.439 0.443 0.439 0.441 0.443 0.441 0.441 0.443 0.445 0.446 0.449 0.449 0.449 0.449 0.447 0.447 0.447 0.452 0.45 0.452 0.453 0.453 0.453 0.459 0.459 0.479 0.724 0.755 0.772 0.772 0.772 0.734 0.732 0.728 0.727 0.727 0.727 0.73 0.734 0.742 0.747 0.748 0.762 0.765 0.767 0.797 0.83 0.832 0.832 0.832 0.811 0.558 0.558 0.558 0.563 0.563 0.563 0.563 0.563 0.56 0.56 0.566 0.566 0.568 0.57 0.57 0.569 0.568 0.565 0.565 0.565 0.568 0.568 0.571 0.573 0.612 0.855 0.858 0.863 0.865 0.865 0.866 0.865 0.865 0.868 0.868 0.868 1.004 1.096 1.099 1.118 1.128 1.148 1.153 1.161 1.169 1.187 1.201 1.221 1.232 1.242 1.242 1.242 1.231 0.706 0.697 0.696 0.694 0.693 0.693 0.693 0.707 0.71 1.448 1.486 1.513 1.513 1.538 1.549 1.579 1.604 1.632 1.657 1.688 1.744 1.779 1.821 1.821 1.844 1.844 1.844 1.616 1.614 1.607 1.597 1.596 1.596 1.587 1.585 1.58 1.579 1.579 1.573 1.573 1.57 1.57 1.569 1.566 1.563 1.566 1.555 1.555 1.555 1.549 1.549 1.547 1.543 1.541 1.538 1.536 1.538 1.538 1.538 1.536 1.536 1.529 1.529 1.527 1.526 1.526 1.526 1.526 1.524 1.524 1.52 1.52 1.519 1.518 1.518 1.518 1.518 1.524 1.527 1.529 1.535 1.539 1.541 1.559 1.541 1.541 1.541 1.53 1.52 1.52 1.518 1.518 1.519 1.519 1.518 1.519 1.519 1.519 1.519 1.52 1.52 1.524 1.525 1.525 1.526 1.53 1.534 1.534 1.536 1.54 1.543 1.547 1.928 1.93 1.935 1.935 1.935 1.938 1.945 1.95 1.954 1.955 1.957 1.967 1.969 1.969 1.967 1.79 1.731 1.704 1.683 1.653 1.652 1.576 1.521 1.499 1.473 1.453 1.439 1.423 1.397 1.395 1.386 1.379 1.362 1.362 1.362 1.358 1.357 1.351 1.351 1.35 1.346 1.345 1.345 1.345 1.347 1.35 1.352 1.359 1.367 1.368 1.372 1.38 1.387 1.388 1.392 1.41 1.426 1.43 1.446 2.035 2.035 2.035 2.021 1.992 1.968 1.952 1.868 1.86 1.853 1.851 1.851 1.851 1.851 1.829 1.658 1.658 1.658 1.745 1.745 1.745 1.719 1.71 1.691 1.687 1.667 1.663 1.65 1.638 1.608 1.583 1.548 1.548 1.542 1.529 1.528 1.527 1.518 1.512 1.51 1.509 1.493 1.488 1.399 1.399 1.399 1.424 1.424 1.424 1.414 1.408 1.403 1.395 1.39 1.385 1.385 1.38 1.364 1.318 1.306 1.299 1.306 1.307 1.306 1.304 1.304 1.296 1.275 1.275 1.275 1.275 1.189 1.177 1.177 1.177 1.177 1.177 1.172 1.172 1.201 1.232 1.232 1.232 1.197 1.18 1.178 1.176 1.171 1.171 1.167 1.167 1.177 1.177 1.175 1.175 1.171 1.17 1.163 1.157 1.155 1.155 1.148 1.13 1.13 1.13 1.032 1.032 0.569 0.544 0.532 0.532 0.529 0.517 0.515 0.515 0.514 0.514 0.513 0.513 0.513 0.512 0.509 0.509 0.501 0.5 0.5 0.497 0.497 0.495 0.495 0.492 0.492 0.491 0.485 0.484 0.484 0.48 0.484 0.484 0.484 0.484 0.484 0.484 0.482 0.478 0.478 0.479 0.478 0.477 0.478 0.478 0.478 0.478 0.478 0.478 0.475 0.475 0.474 0.47 0.47 0.466 0.466 0.468 0.468 0.466 0.468 0.468 0.468 0.466 0.465 0.465 0.465 0.465 0.465 0.468 0.462 0.465 0.465 0.466 0.466 0.469 0.469 0.47 0.47 0.47 0.47 0.466 0.466 0.466 0.464 0.464 0.473 0.473 0.473 0.475 0.475 0.475 0.477 0.479 0.477 0.475 0.475 0.475 0.475 0.476 0.476 0.477 0.477 0.48 0.48 0.48 0.481 0.481 0.482 0.49 0.491 0.491 0.49 0.49 0.49 0.489 0.49 0.491 0.491 0.496 0.496 0.496 0.497 0.504 0.504 0.504 0.505 0.506 0.507 0.512 0.514 0.518 0.519 0.519 0.864 0.864 0.864 0.851 0.832 0.831 0.817 0.805 0.804 0.798 0.778 0.778 0.763 0.748 0.74 0.74 0.725 0.725 0.718 0.706 0.701 0.7 0.688 0.674 0.673 0.632 0.455 0.428 0.422 0.419 0.419 0.417 0.414 0.408 0.403 0.398 0.397 0.395 0.393 0.391 0.39 0.39 0.39 0.385 0.385 0.383 0.383 0.38 0.378 0.378 0.378 0.375 0.375 0.378 0.381 0.381 0.381 0.381 0.38 0.38 0.38 0.381 0.381 0.381 0.381 0.381 0.387 0.471 0.484 0.488 0.488 0.488 0.488 0.489 0.489 0.489 0.482 0.48 0.474 0.467 0.467 0.467 0.467 0.467 0.463 0.461 0.46 0.46 0.456 0.452 0.452 0.449 0.443 0.443 0.442 0.442 0.441 0.438 0.438 0.438 0.418 0.418 0.414 0.407 0.407 0.407 0.407 0.407 0.407 0.408 0.408 0.408 0.412 0.412 0.412 0.397 0.397 0.394 0.397 0.403 0.403 0.397 
1 1 1 1 1 1 1 1 1 1 1 1 1 1 1 1 1 1 1 1 1 1 1 1 1 1 1 1 1 1 1 1 1 1 1 1 1 1 1 1 1 1 1 1 1 1 1 1 1 1 1 1 1 1 1 1 1 1 1 1 1 1 1 1 1 1 1 1 1 1 1 1 1 1 1 1 1 1 1 1 1 1 1 1 1 1 1 1 1 1 1 1 1 1 1 1 1 1 1 1 1 1 1 1 1 1 1 1 1 1 1 1 1 1 1 1 1 1 1 1 1 1 1 1 1 1 1 1 1 1 1 1 1 1 1 1 1 1 1 1 1 1 1 1 1 1 1 1 1 1 1 1 1 1 1 1 1 1 1 1 1 1 1 1 1 1 1 1 1 1 1 1 1 1 1 1 1 1 1 1 1 1 1 1 1 1 1 1 1 1 1 1 1 1 1 1 1 1 1 1 1 1 1 1 1 1 1 1 1 1 1 1 1 1 1 1 1 1 1 1 1 1 1 1 1 1 1 1 1 1 1 1 1 1 1 1 1 1 1 1 1 1 1 1 1 1 1 1 1 1 1 1 1 1 1 1 1 1 1 1 1 1 1 1 1 1 1 1 1 1 1 1 1 1 1 1 1 1 1 1 1 1 1 1 1 1 1 1 1 1 1 1 1 1 1 1 1 1 1 1 1 1 1 1 1 1 1 1 1 1 1 1 1 1 1 1 1 1 1 1 1 1 1 1 1 1 1 1 1 1 1 1 1 1 1 1 1 1 1 1 1 1 1 1 1 1 1 1 1 1 1 1 1 1 1 1 1 1 1 1 1 1 1 1 1 1 1 1 1 1 1 1 1 1 1 1 1 1 1 1 1 1 1 1 1 1 1 1 1 1 1 1 1 1 1 1 1 1 1 1 1 1 1 1 1 1 1 1 1 1 1 1 1 1 1 1 1 1 1 1 1 1 1 1 1 1 1 1 1 1 1 1 1 1 1 1 1 1 1 1 1 1 1 1 1 1 1 1 1 1 1 1 1 1 1 1 1 1 1 1 1 1 1 1 1 1 1 1 1 1 1 1 1 1 1 1 1 1 1 1 1 1 1 1 1 1 1 1 1 1 1 1 1 1 1 1 1 1 1 1 1 1 1 1 1 1 1 1 1 1 1 1 1 1 1 1 1 1 1 1 1 1 1 1 1 1 1 1 1 1 1 1 1 1 1 1 1 1 1 1 1 1 1 1 1 1 1 1 1 1 1 1 1 1 1 1 1 1 1 1 1 1 1 1 1 1 1 1 1 1 1 1 1 1 1 1 1 1 1 1 1 1 1 1 1 1 1 1 1 1 1 1 1 1 1 1 1 1 1 1 1 1 1 1 1 1 1 1 1 1 1 1 1 1 1 1 1 1 1 1 1 1 1 1 1 1 1 1 1 1 1 1 1 1 1 1 1 1 1 1 1 1 1 1 1 1 1 1 1 1 1 1 1 1 1 1 1 1 1 1 1 1 1 1 1 1 1 1 1 1 1 1 1 1 1 1 1 1 1 1 1 1 
