# This file contains a 2D laser scan observation. 
# Its format is: 
# [aperture] [max_range] [number_of_scans] 
# [vector_of_scans] 
# [vector_of_valid_scans] 
# The aperture of the sensor is in radians, the maximum range 
# and measurements are in meters. '1' means a valid scan, '0' otherwise.
4.1847
5.6
682
0.419 0.443 0.459 0.46 0.46 0.463 0.46 0.455 0.451 0.451 0.433 0.407 0.407 0.407 0.41 0.41 0.411 0.411 0.41 0.411 0.411 0.41 0.41 0.41 0.41 0.409 0.41 0.409 0.406 0.406 0.406 0.406 0.403 0.409 0.413 0.418 0.419 0.42 0.422 0.423 0.423 0.424 0.424 0.426 0.43 0.43 0.43 0.432 0.434 0.432 0.434 0.438 0.438 0.439 0.439 0.439 0.439 0.439 0.439 0.439 0.439 0.438 0.441 0.442 0.448 0.449 0.449 0.451 0.454 0.454 0.455 0.455 0.455 0.46 0.461 0.527 0.751 0.764 0.764 0.764 0.727 0.725 0.723 0.722 0.722 0.722 0.729 0.733 0.738 0.753 0.753 0.753 0.762 0.762 0.809 0.821 0.829 0.833 0.837 0.837 0.837 0.561 0.561 0.56 0.561 0.562 0.562 0.56 0.562 0.559 0.559 0.559 0.568 0.562 0.565 0.565 0.571 0.567 0.569 0.571 0.569 0.569 0.569 0.572 0.574 0.803 0.858 0.858 0.864 0.866 0.866 0.868 0.866 0.866 0.872 0.874 1.074 1.095 1.116 1.127 1.129 1.153 1.162 1.173 1.184 1.197 1.209 1.222 1.233 1.255 1.255 1.255 1.218 0.695 0.693 0.691 0.691 0.687 0.687 0.687 0.699 0.721 1.475 1.506 1.53 1.53 1.559 1.577 1.606 1.623 1.653 1.685 1.717 1.744 1.78 1.816 1.845 1.845 1.845 1.615 1.613 1.607 1.603 1.601 1.596 1.595 1.589 1.588 1.583 1.582 1.578 1.577 1.573 1.57 1.57 1.568 1.564 1.564 1.563 1.563 1.554 1.551 1.549 1.55 1.549 1.547 1.547 1.545 1.544 1.539 1.54 1.539 1.53 1.53 1.529 1.527 1.529 1.529 1.529 1.529 1.529 1.526 1.522 1.522 1.517 1.522 1.517 1.517 1.522 1.524 1.531 1.532 1.537 1.547 1.547 1.561 1.547 1.542 1.536 1.536 1.527 1.527 1.526 1.527 1.524 1.52 1.524 1.526 1.526 1.528 1.531 1.531 1.531 1.532 1.531 1.535 1.537 1.541 1.543 1.543 1.543 1.543 1.545 1.545 1.933 1.934 1.942 1.942 1.945 1.952 1.952 1.952 1.956 1.963 1.963 1.965 1.965 1.965 1.87 1.772 1.721 1.69 1.669 1.652 1.634 1.574 1.526 1.489 1.477 1.451 1.444 1.425 1.409 1.398 1.388 1.388 1.376 1.368 1.366 1.363 1.361 1.357 1.356 1.355 1.355 1.355 1.355 1.355 1.355 1.359 1.362 1.369 1.37 1.376 1.378 1.378 1.392 1.398 1.399 1.413 1.437 1.437 1.482 2.03 2.03 2.03 2.02 1.994 1.975 1.953 1.879 1.846 1.846 1.856 1.857 1.856 1.856 1.754 1.703 1.703 1.703 1.723 1.729 1.731 1.729 1.723 1.686 1.668 1.666 1.656 1.654 1.631 1.584 1.573 1.567 1.557 1.544 1.544 1.531 1.531 1.524 1.521 1.514 1.509 1.494 1.437 1.437 1.437 1.427 1.428 1.428 1.427 1.426 1.418 1.412 1.406 1.403 1.395 1.384 1.374 1.305 1.305 1.305 1.32 1.32 1.32 1.308 1.306 1.304 1.304 1.287 1.271 1.271 1.194 1.194 1.194 1.194 1.194 1.194 1.189 1.189 1.199 1.233 1.233 1.233 1.192 1.191 1.188 1.183 1.171 1.171 1.171 1.178 1.178 1.18 1.18 1.18 1.173 1.169 1.166 1.166 1.165 1.164 1.154 1.111 1.111 1.048 1.045 0.603 0.558 0.542 0.538 0.535 0.535 0.528 0.521 0.52 0.513 0.513 0.513 0.511 0.51 0.51 0.509 0.508 0.506 0.503 0.502 0.5 0.497 0.497 0.497 0.496 0.494 0.494 0.494 0.493 0.49 0.489 0.489 0.488 0.488 0.488 0.488 0.486 0.487 0.486 0.484 0.478 0.477 0.476 0.476 0.476 0.476 0.476 0.476 0.478 0.476 0.476 0.476 0.476 0.474 0.473 0.473 0.471 0.473 0.475 0.475 0.475 0.475 0.472 0.472 0.473 0.472 0.472 0.473 0.473 0.472 0.473 0.473 0.473 0.473 0.478 0.481 0.481 0.481 0.477 0.477 0.477 0.472 0.472 0.476 0.477 0.476 0.477 0.477 0.478 0.478 0.478 0.478 0.481 0.481 0.481 0.48 0.481 0.48 0.48 0.481 0.485 0.488 0.488 0.489 0.492 0.493 0.493 0.493 0.493 0.492 0.492 0.493 0.493 0.492 0.493 0.493 0.5 0.5 0.503 0.503 0.503 0.504 0.505 0.506 0.506 0.511 0.514 0.519 0.519 0.519 0.53 0.553 0.865 0.865 0.865 0.845 0.836 0.833 0.81 0.805 0.795 0.792 0.775 0.77 0.765 0.748 0.746 0.733 0.732 0.731 0.715 0.714 0.706 0.696 0.693 0.682 0.569 0.435 0.423 0.42 0.415 0.415 0.413 0.41 0.409 0.4 0.4 0.399 0.399 0.393 0.393 0.391 0.39 0.39 0.387 0.386 0.385 0.38 0.38 0.376 0.376 0.376 0.376 0.378 0.38 0.381 0.382 0.384 0.384 0.385 0.384 0.385 0.385 0.386 0.385 0.386 0.387 0.446 0.497 0.497 0.497 0.492 0.487 0.484 0.484 0.484 0.482 0.48 0.475 0.474 0.469 0.469 0.467 0.467 0.461 0.46 0.456 0.455 0.456 0.456 0.456 0.454 0.453 0.447 0.446 0.441 0.441 0.44 0.437 0.43 0.417 0.412 0.412 0.408 0.408 0.408 0.412 0.414 0.414 0.414 0.414 0.414 0.435 0.435 0.435 0.412 0.401 0.4 0.397 0.393 0.397 0.397 0.397 0.397 
1 1 1 1 1 1 1 1 1 1 1 1 1 1 1 1 1 1 1 1 1 1 1 1 1 1 1 1 1 1 1 1 1 1 1 1 1 1 1 1 1 1 1 1 1 1 1 1 1 1 1 1 1 1 1 1 1 1 1 1 1 1 1 1 1 1 1 1 1 1 1 1 1 1 1 1 1 1 1 1 1 1 1 1 1 1 1 1 1 1 1 1 1 1 1 1 1 1 1 1 1 1 1 1 1 1 1 1 1 1 1 1 1 1 1 1 1 1 1 1 1 1 1 1 1 1 1 1 1 1 1 1 1 1 1 1 1 1 1 1 1 1 1 1 1 1 1 1 1 1 1 1 1 1 1 1 1 1 1 1 1 1 1 1 1 1 1 1 1 1 1 1 1 1 1 1 1 1 1 1 1 1 1 1 1 1 1 1 1 1 1 1 1 1 1 1 1 1 1 1 1 1 1 1 1 1 1 1 1 1 1 1 1 1 1 1 1 1 1 1 1 1 1 1 1 1 1 1 1 1 1 1 1 1 1 1 1 1 1 1 1 1 1 1 1 1 1 1 1 1 1 1 1 1 1 1 1 1 1 1 1 1 1 1 1 1 1 1 1 1 1 1 1 1 1 1 1 1 1 1 1 1 1 1 1 1 1 1 1 1 1 1 1 1 1 1 1 1 1 1 1 1 1 1 1 1 1 1 1 1 1 1 1 1 1 1 1 1 1 1 1 1 1 1 1 1 1 1 1 1 1 1 1 1 1 1 1 1 1 1 1 1 1 1 1 1 1 1 1 1 1 1 1 1 1 1 1 1 1 1 1 1 1 1 1 1 1 1 1 1 1 1 1 1 1 1 1 1 1 1 1 1 1 1 1 1 1 1 1 1 1 1 1 1 1 1 1 1 1 1 1 1 1 1 1 1 1 1 1 1 1 1 1 1 1 1 1 1 1 1 1 1 1 1 1 1 1 1 1 1 1 1 1 1 1 1 1 1 1 1 1 1 1 1 1 1 1 1 1 1 1 1 1 1 1 1 1 1 1 1 1 1 1 1 1 1 1 1 1 1 1 1 1 1 1 1 1 1 1 1 1 1 1 1 1 1 1 1 1 1 1 1 1 1 1 1 1 1 1 1 1 1 1 1 1 1 1 1 1 1 1 1 1 1 1 1 1 1 1 1 1 1 1 1 1 1 1 1 1 1 1 1 1 1 1 1 1 1 1 1 1 1 1 1 1 1 1 1 1 1 1 1 1 1 1 1 1 1 1 1 1 1 1 1 1 1 1 1 1 1 1 1 1 1 1 1 1 1 1 1 1 1 1 1 1 1 1 1 1 1 1 1 1 1 1 1 1 1 1 1 1 1 1 1 1 1 1 1 1 1 1 1 1 1 1 1 1 1 1 1 1 1 1 1 1 1 1 1 1 1 1 1 1 1 1 1 1 1 1 1 1 1 1 1 1 1 1 1 1 1 1 1 1 1 1 1 1 1 1 1 1 1 1 1 1 1 1 1 1 1 1 1 1 1 1 1 1 1 1 1 1 1 
