# This file contains a 2D laser scan observation. 
# Its format is: 
# [aperture] [max_range] [number_of_scans] 
# [vector_of_scans] 
# [vector_of_valid_scans] 
# The aperture of the sensor is in radians, the maximum range 
# and measurements are in meters. '1' means a valid scan, '0' otherwise.
4.1847
5.6
682
0.414 0.43 0.432 0.433 0.466 0.466 0.466 0.451 0.441 0.428 0.42 0.42 0.419 0.415 0.401 0.401 0.398 0.398 0.401 0.402 0.402 0.405 0.405 0.403 0.403 0.403 0.402 0.402 0.4 0.398 0.4 0.402 0.402 0.403 0.403 0.405 0.406 0.406 0.41 0.41 0.41 0.415 0.426 0.426 0.426 0.425 0.425 0.425 0.425 0.43 0.43 0.432 0.435 0.435 0.435 0.435 0.437 0.437 0.439 0.439 0.437 0.437 0.436 0.436 0.437 0.438 0.438 0.446 0.446 0.447 0.447 0.447 0.447 0.448 0.451 0.454 0.456 0.456 0.526 0.757 0.757 0.757 0.724 0.724 0.724 0.724 0.724 0.728 0.728 0.736 0.74 0.744 0.751 0.761 0.764 0.764 0.811 0.821 0.83 0.837 0.837 0.837 0.782 0.561 0.561 0.561 0.562 0.563 0.563 0.568 0.568 0.562 0.562 0.562 0.56 0.562 0.562 0.56 0.56 0.563 0.569 0.563 0.571 0.571 0.571 0.575 0.58 0.701 0.868 0.868 0.871 0.868 0.871 0.866 0.865 0.865 0.872 0.947 1.099 1.121 1.124 1.136 1.141 1.163 1.178 1.189 1.195 1.207 1.23 1.23 1.252 1.263 1.263 1.263 1.186 0.7 0.699 0.699 0.695 0.695 0.695 0.699 0.711 0.734 1.508 1.521 1.552 1.552 1.575 1.6 1.633 1.66 1.687 1.723 1.755 1.793 1.828 1.855 1.855 1.855 1.618 1.613 1.61 1.61 1.609 1.6 1.595 1.594 1.593 1.589 1.584 1.582 1.583 1.582 1.578 1.567 1.567 1.567 1.564 1.562 1.562 1.557 1.557 1.557 1.555 1.546 1.549 1.555 1.549 1.549 1.549 1.545 1.544 1.544 1.538 1.537 1.537 1.537 1.537 1.537 1.537 1.535 1.534 1.528 1.528 1.533 1.533 1.533 1.533 1.533 1.534 1.54 1.547 1.55 1.55 1.547 1.566 1.54 1.533 1.535 1.532 1.532 1.532 1.532 1.532 1.532 1.532 1.532 1.533 1.531 1.533 1.539 1.539 1.542 1.543 1.546 1.546 1.548 1.548 1.548 1.548 1.551 1.551 1.553 1.557 1.921 1.936 1.942 1.951 1.954 1.957 1.963 1.965 1.969 1.977 1.978 1.983 1.983 1.977 1.806 1.746 1.716 1.697 1.677 1.649 1.603 1.537 1.515 1.484 1.47 1.449 1.436 1.418 1.413 1.397 1.389 1.388 1.379 1.373 1.369 1.368 1.362 1.359 1.356 1.356 1.356 1.358 1.36 1.36 1.362 1.367 1.37 1.373 1.374 1.38 1.391 1.394 1.41 1.414 1.42 1.434 1.462 1.468 2.036 2.036 2.036 2.034 2.005 1.979 1.966 1.855 1.855 1.855 1.856 1.856 1.856 1.851 1.792 1.691 1.691 1.691 1.759 1.759 1.759 1.737 1.726 1.704 1.7 1.685 1.663 1.657 1.644 1.607 1.581 1.567 1.561 1.555 1.551 1.539 1.539 1.532 1.531 1.523 1.52 1.505 1.459 1.438 1.438 1.438 1.439 1.439 1.439 1.432 1.425 1.425 1.419 1.405 1.398 1.389 1.373 1.338 1.321 1.321 1.328 1.328 1.328 1.328 1.311 1.311 1.308 1.292 1.292 1.291 1.171 1.171 1.171 1.174 1.174 1.199 1.188 1.199 1.213 1.213 1.21 1.21 1.205 1.201 1.191 1.184 1.179 1.179 1.179 1.186 1.186 1.186 1.183 1.183 1.179 1.175 1.176 1.176 1.172 1.164 1.148 1.148 1.05 1.038 0.577 0.562 0.557 0.539 0.539 0.534 0.534 0.531 0.529 0.529 0.526 0.519 0.519 0.517 0.516 0.514 0.515 0.514 0.512 0.508 0.506 0.503 0.503 0.501 0.499 0.502 0.498 0.498 0.492 0.491 0.491 0.491 0.492 0.492 0.492 0.492 0.492 0.489 0.488 0.488 0.485 0.485 0.482 0.485 0.485 0.485 0.481 0.485 0.481 0.479 0.479 0.479 0.478 0.478 0.479 0.479 0.479 0.479 0.476 0.476 0.476 0.476 0.477 0.477 0.477 0.477 0.48 0.48 0.48 0.48 0.479 0.478 0.477 0.477 0.477 0.477 0.478 0.479 0.479 0.479 0.479 0.479 0.48 0.48 0.48 0.48 0.48 0.48 0.482 0.481 0.482 0.482 0.482 0.481 0.484 0.481 0.481 0.481 0.489 0.489 0.491 0.491 0.491 0.494 0.494 0.494 0.494 0.494 0.494 0.496 0.501 0.501 0.501 0.502 0.501 0.505 0.503 0.504 0.504 0.505 0.507 0.516 0.516 0.516 0.516 0.516 0.516 0.519 0.519 0.892 0.892 0.892 0.877 0.866 0.846 0.844 0.836 0.809 0.804 0.791 0.79 0.781 0.768 0.762 0.76 0.736 0.736 0.727 0.723 0.711 0.704 0.694 0.681 0.624 0.437 0.417 0.416 0.413 0.41 0.407 0.405 0.405 0.402 0.398 0.398 0.398 0.398 0.392 0.386 0.384 0.381 0.376 0.376 0.376 0.374 0.37 0.37 0.368 0.368 0.371 0.376 0.376 0.376 0.376 0.376 0.374 0.376 0.379 0.379 0.379 0.379 0.379 0.385 0.395 0.479 0.498 0.498 0.498 0.497 0.496 0.495 0.48 0.479 0.478 0.478 0.478 0.47 0.47 0.463 0.463 0.46 0.459 0.456 0.455 0.451 0.443 0.443 0.443 0.443 0.439 0.437 0.437 0.435 0.437 0.437 0.434 0.433 0.409 0.401 0.401 0.399 0.399 0.399 0.399 0.396 0.397 0.399 0.399 0.399 0.419 0.419 0.419 0.401 0.396 0.395 0.391 0.391 0.39 0.387 0.387 0.386 0.383 0.383 0.384 0.384 
1 1 1 1 1 1 1 1 1 1 1 1 1 1 1 1 1 1 1 1 1 1 1 1 1 1 1 1 1 1 1 1 1 1 1 1 1 1 1 1 1 1 1 1 1 1 1 1 1 1 1 1 1 1 1 1 1 1 1 1 1 1 1 1 1 1 1 1 1 1 1 1 1 1 1 1 1 1 1 1 1 1 1 1 1 1 1 1 1 1 1 1 1 1 1 1 1 1 1 1 1 1 1 1 1 1 1 1 1 1 1 1 1 1 1 1 1 1 1 1 1 1 1 1 1 1 1 1 1 1 1 1 1 1 1 1 1 1 1 1 1 1 1 1 1 1 1 1 1 1 1 1 1 1 1 1 1 1 1 1 1 1 1 1 1 1 1 1 1 1 1 1 1 1 1 1 1 1 1 1 1 1 1 1 1 1 1 1 1 1 1 1 1 1 1 1 1 1 1 1 1 1 1 1 1 1 1 1 1 1 1 1 1 1 1 1 1 1 1 1 1 1 1 1 1 1 1 1 1 1 1 1 1 1 1 1 1 1 1 1 1 1 1 1 1 1 1 1 1 1 1 1 1 1 1 1 1 1 1 1 1 1 1 1 1 1 1 1 1 1 1 1 1 1 1 1 1 1 1 1 1 1 1 1 1 1 1 1 1 1 1 1 1 1 1 1 1 1 1 1 1 1 1 1 1 1 1 1 1 1 1 1 1 1 1 1 1 1 1 1 1 1 1 1 1 1 1 1 1 1 1 1 1 1 1 1 1 1 1 1 1 1 1 1 1 1 1 1 1 1 1 1 1 1 1 1 1 1 1 1 1 1 1 1 1 1 1 1 1 1 1 1 1 1 1 1 1 1 1 1 1 1 1 1 1 1 1 1 1 1 1 1 1 1 1 1 1 1 1 1 1 1 1 1 1 1 1 1 1 1 1 1 1 1 1 1 1 1 1 1 1 1 1 1 1 1 1 1 1 1 1 1 1 1 1 1 1 1 1 1 1 1 1 1 1 1 1 1 1 1 1 1 1 1 1 1 1 1 1 1 1 1 1 1 1 1 1 1 1 1 1 1 1 1 1 1 1 1 1 1 1 1 1 1 1 1 1 1 1 1 1 1 1 1 1 1 1 1 1 1 1 1 1 1 1 1 1 1 1 1 1 1 1 1 1 1 1 1 1 1 1 1 1 1 1 1 1 1 1 1 1 1 1 1 1 1 1 1 1 1 1 1 1 1 1 1 1 1 1 1 1 1 1 1 1 1 1 1 1 1 1 1 1 1 1 1 1 1 1 1 1 1 1 1 1 1 1 1 1 1 1 1 1 1 1 1 1 1 1 1 1 1 1 1 1 1 1 1 1 1 1 1 1 1 1 1 1 1 1 1 1 1 1 1 1 1 1 1 1 1 1 1 1 1 1 1 1 1 1 1 1 1 1 1 1 1 1 1 1 1 1 1 1 1 1 1 1 1 1 1 1 1 1 1 1 1 1 1 1 1 1 1 1 1 1 1 1 1 1 1 1 1 1 1 1 1 1 1 1 1 1 1 
