# This file contains a 2D laser scan observation. 
# Its format is: 
# [aperture] [max_range] [number_of_scans] 
# [vector_of_scans] 
# [vector_of_valid_scans] 
# The aperture of the sensor is in radians, the maximum range 
# and measurements are in meters. '1' means a valid scan, '0' otherwise.
4.1847
5.6
682
0.328 0.328 0.331 0.331 0.331 0.331 0.331 0.332 0.332 0.332 0.332 0.33 0.33 0.325 0.33 0.332 0.338 0.338 0.341 0.344 0.366 0.369 0.375 0.378 0.383 0.383 0.383 0.356 0.349 0.342 0.342 0.339 0.327 0.326 0.326 0.326 0.326 0.326 0.329 0.329 0.329 0.329 0.328 0.327 0.327 0.328 0.328 0.329 0.332 0.329 0.332 0.332 0.329 0.329 0.328 0.328 0.328 0.329 0.329 0.334 0.334 0.334 0.331 0.331 0.331 0.335 0.338 0.338 0.341 0.341 0.342 0.34 0.34 0.336 0.335 0.335 0.334 0.334 0.336 0.34 0.345 0.346 0.347 0.347 0.347 0.347 0.344 0.344 0.345 0.345 0.357 0.357 0.357 0.359 0.359 0.362 0.362 0.362 0.362 0.36 0.36 0.364 0.365 0.366 0.367 0.367 0.37 0.371 0.37 0.374 0.376 0.377 0.374 0.379 0.382 0.382 0.382 0.383 0.383 0.383 0.387 0.391 0.396 0.397 0.399 0.399 0.399 0.4 0.401 0.401 0.408 0.409 0.411 0.411 0.415 0.416 0.417 0.42 0.421 0.424 0.424 0.427 0.427 0.429 0.437 0.442 0.446 0.449 0.45 0.451 0.454 0.46 0.469 0.469 0.478 0.479 0.479 0.481 0.485 0.491 0.494 0.494 0.494 0.497 0.503 0.503 0.503 0.517 0.522 0.563 0.925 0.958 0.976 0.99 1.007 1.015 1.027 1.045 1.057 1.057 1.057 0.959 0.645 0.643 0.642 0.639 0.639 0.642 0.646 0.646 0.648 0.649 0.65 0.654 0.654 0.654 0.654 0.657 0.664 0.665 0.669 1.461 1.51 1.541 1.541 1.581 1.608 1.635 1.676 1.711 1.754 1.804 1.865 1.918 1.918 1.918 0.835 0.829 0.823 0.823 0.823 0.849 1.745 1.747 1.75 1.747 1.745 1.739 1.739 1.739 1.737 1.737 1.736 1.732 1.729 1.729 1.729 1.729 1.726 1.724 1.719 1.719 1.719 1.719 1.721 1.721 1.721 1.721 1.718 1.713 1.713 1.71 1.71 1.71 1.713 1.724 1.745 1.782 1.782 1.782 1.735 1.734 1.717 1.717 1.717 1.717 1.717 1.718 1.718 1.718 1.719 1.72 1.72 1.72 1.72 1.723 1.723 1.723 1.723 1.723 1.723 1.725 1.728 1.73 1.736 1.739 1.739 1.737 1.74 1.74 1.74 1.743 1.747 1.749 1.762 1.764 2.149 2.154 2.159 2.159 2.167 2.17 2.175 2.176 2.178 2.176 2.176 2.051 1.981 1.938 1.933 1.895 1.873 1.837 1.774 1.747 1.709 1.682 1.673 1.652 1.64 1.619 1.614 1.595 1.594 1.588 1.578 1.577 1.576 1.576 1.576 1.576 1.576 1.571 1.577 1.577 1.577 1.584 1.587 1.592 1.597 1.602 1.606 1.621 1.622 1.64 1.647 1.655 1.703 2.21 2.21 2.21 2.195 2.126 2.063 2.063 2.063 2.066 2.066 2.066 1.96 1.942 1.942 1.942 1.963 1.964 1.964 1.963 1.916 1.915 1.887 1.874 1.852 1.814 1.799 1.795 1.787 1.772 1.763 1.754 1.753 1.753 1.727 1.712 1.646 1.646 1.646 1.663 1.663 1.663 1.652 1.647 1.638 1.627 1.613 1.603 1.526 1.526 1.518 1.518 1.529 1.529 1.513 1.527 1.505 1.491 1.457 1.401 1.367 1.367 1.401 1.378 1.416 1.444 1.444 1.421 1.421 1.419 1.385 1.375 1.375 1.375 1.365 0.784 0.73 0.718 0.716 0.697 0.697 0.695 0.685 0.683 0.681 0.673 0.673 0.669 0.668 0.665 0.662 0.658 0.658 0.658 0.656 0.655 0.655 0.65 0.646 0.641 0.641 0.638 0.632 0.631 0.63 0.63 0.63 0.629 0.628 0.628 0.628 0.628 0.623 0.623 0.623 0.622 0.621 0.62 0.62 0.62 0.614 0.612 0.614 0.612 0.612 0.61 0.608 0.608 0.601 0.598 0.598 0.601 0.601 0.603 0.603 0.601 0.6 0.599 0.596 0.595 0.595 0.596 0.595 0.591 0.591 0.587 0.587 0.591 0.594 0.594 0.597 0.598 0.597 0.598 0.598 0.599 0.598 0.598 0.598 0.598 0.591 0.591 0.591 0.593 0.593 0.597 0.597 0.597 0.596 0.597 0.597 0.598 0.602 0.728 0.737 0.006 0.815 0.929 1.126 1.126 0.929 0.929 0.453 0.436 0.414 0.398 0.398 0.398 0.403 0.403 0.403 0.405 0.405 0.405 0.405 0.405 0.405 0.396 0.396 0.401 0.395 0.401 0.405 0.403 0.403 0.406 0.406 0.41 0.445 0.646 0.646 0.646 0.634 0.625 0.618 0.593 0.587 0.574 0.565 0.545 0.542 0.531 0.525 0.512 0.499 0.495 0.488 0.48 0.477 0.474 0.463 0.458 0.448 0.448 0.439 0.438 0.437 0.425 0.419 0.411 0.361 0.357 0.355 0.355 0.354 0.348 0.338 0.338 0.335 0.338 0.338 0.339 0.332 0.317 0.316 0.315 0.315 0.313 0.309 0.313 0.3 0.298 0.3 0.309 0.309 0.309 0.309 0.308 0.302 0.302 0.302 0.298 0.298 0.303 0.298 0.298 0.303 0.303 0.3 0.304 0.304 0.304 0.307 0.316 0.317 0.326 0.326 0.326 0.326 0.323 0.321 0.317 0.317 0.317 0.317 0.319 0.319 0.319 0.319 0.323 0.323 0.324 0.329 0.33 0.331 0.335 0.335 0.336 0.336 0.34 0.342 0.343 0.352 0.353 0.358 0.358 0.393 0.486 0.491 3.336 3.372 3.387 3.387 3.431 3.453 3.47 3.497 3.527 3.56 3.585 3.625 3.665 3.73 3.751 
1 1 1 1 1 1 1 1 1 1 1 1 1 1 1 1 1 1 1 1 1 1 1 1 1 1 1 1 1 1 1 1 1 1 1 1 1 1 1 1 1 1 1 1 1 1 1 1 1 1 1 1 1 1 1 1 1 1 1 1 1 1 1 1 1 1 1 1 1 1 1 1 1 1 1 1 1 1 1 1 1 1 1 1 1 1 1 1 1 1 1 1 1 1 1 1 1 1 1 1 1 1 1 1 1 1 1 1 1 1 1 1 1 1 1 1 1 1 1 1 1 1 1 1 1 1 1 1 1 1 1 1 1 1 1 1 1 1 1 1 1 1 1 1 1 1 1 1 1 1 1 1 1 1 1 1 1 1 1 1 1 1 1 1 1 1 1 1 1 1 1 1 1 1 1 1 1 1 1 1 1 1 1 1 1 1 1 1 1 1 1 1 1 1 1 1 1 1 1 1 1 1 1 1 1 1 1 1 1 1 1 1 1 1 1 1 1 1 1 1 1 1 1 1 1 1 1 1 1 1 1 1 1 1 1 1 1 1 1 1 1 1 1 1 1 1 1 1 1 1 1 1 1 1 1 1 1 1 1 1 1 1 1 1 1 1 1 1 1 1 1 1 1 1 1 1 1 1 1 1 1 1 1 1 1 1 1 1 1 1 1 1 1 1 1 1 1 1 1 1 1 1 1 1 1 1 1 1 1 1 1 1 1 1 1 1 1 1 1 1 1 1 1 1 1 1 1 1 1 1 1 1 1 1 1 1 1 1 1 1 1 1 1 1 1 1 1 1 1 1 1 1 1 1 1 1 1 1 1 1 1 1 1 1 1 1 1 1 1 1 1 1 1 1 1 1 1 1 1 1 1 1 1 1 1 1 1 1 1 1 1 1 1 1 1 1 1 1 1 1 1 1 1 1 1 1 1 1 1 1 1 1 1 1 1 1 1 1 1 1 1 1 1 1 1 1 1 1 1 1 1 1 1 1 1 1 1 1 1 1 1 1 1 1 1 1 1 1 1 1 1 1 1 1 1 1 1 1 1 1 1 1 1 1 1 1 1 1 1 1 1 1 1 1 1 1 1 1 1 1 1 1 1 1 1 1 1 1 1 1 1 1 1 1 1 1 1 1 1 1 1 1 1 1 1 1 1 1 1 1 1 1 1 1 1 1 1 1 1 1 1 1 1 0 1 1 1 1 1 1 1 1 1 1 1 1 1 1 1 1 1 1 1 1 1 1 1 1 1 1 1 1 1 1 1 1 1 1 1 1 1 1 1 1 1 1 1 1 1 1 1 1 1 1 1 1 1 1 1 1 1 1 1 1 1 1 1 1 1 1 1 1 1 1 1 1 1 1 1 1 1 1 1 1 1 1 1 1 1 1 1 1 1 1 1 1 1 1 1 1 1 1 1 1 1 1 1 1 1 1 1 1 1 1 1 1 1 1 1 1 1 1 1 1 1 1 1 1 1 1 1 1 1 1 1 1 1 1 1 1 1 1 1 1 1 1 1 1 1 1 1 1 1 1 1 1 1 1 1 1 1 1 
