# This file contains a 2D laser scan observation. 
# Its format is: 
# [aperture] [max_range] [number_of_scans] 
# [vector_of_scans] 
# [vector_of_valid_scans] 
# The aperture of the sensor is in radians, the maximum range 
# and measurements are in meters. '1' means a valid scan, '0' otherwise.
4.1847
5.6
682
0.335 0.335 0.335 0.33 0.329 0.326 0.327 0.325 0.325 0.325 0.327 0.328 0.328 0.327 0.328 0.331 0.327 0.331 0.332 0.339 0.358 0.37 0.374 0.374 0.374 0.374 0.37 0.357 0.352 0.333 0.333 0.33 0.33 0.329 0.332 0.332 0.332 0.325 0.327 0.325 0.325 0.325 0.325 0.325 0.326 0.326 0.331 0.331 0.331 0.331 0.332 0.332 0.332 0.331 0.331 0.331 0.331 0.331 0.334 0.335 0.334 0.334 0.336 0.336 0.334 0.334 0.334 0.333 0.333 0.333 0.338 0.338 0.339 0.34 0.34 0.342 0.341 0.342 0.344 0.347 0.348 0.348 0.347 0.347 0.347 0.347 0.347 0.351 0.352 0.354 0.354 0.355 0.355 0.354 0.35 0.35 0.35 0.356 0.357 0.358 0.358 0.358 0.362 0.367 0.366 0.367 0.371 0.372 0.372 0.372 0.373 0.381 0.381 0.381 0.381 0.381 0.384 0.381 0.381 0.383 0.383 0.383 0.394 0.394 0.394 0.394 0.399 0.397 0.4 0.4 0.401 0.401 0.403 0.406 0.407 0.412 0.412 0.415 0.418 0.419 0.42 0.424 0.427 0.431 0.433 0.434 0.434 0.445 0.445 0.456 0.456 0.458 0.465 0.469 0.469 0.471 0.472 0.478 0.481 0.486 0.493 0.494 0.494 0.5 0.501 0.502 0.506 0.51 0.516 0.525 0.526 0.542 0.616 0.979 1.001 1.022 1.035 1.051 1.059 1.059 1.059 1.055 0.942 0.691 0.662 0.659 0.658 0.658 0.659 0.663 0.663 0.664 0.664 0.665 0.667 0.668 0.674 0.674 0.675 0.679 0.679 0.68 1.517 1.575 1.591 1.591 1.61 1.656 1.707 1.74 1.796 1.879 1.927 1.966 1.975 1.975 1.975 0.844 0.842 0.842 0.844 1.768 1.768 1.768 1.761 1.761 1.761 1.761 1.761 1.758 1.758 1.749 1.749 1.747 1.747 1.746 1.744 1.744 1.742 1.742 1.744 1.742 1.742 1.744 1.737 1.736 1.735 1.735 1.733 1.733 1.733 1.735 1.736 1.737 1.745 1.749 1.796 1.796 1.796 1.74 1.738 1.731 1.726 1.724 1.724 1.724 1.731 1.735 1.738 1.74 1.741 1.741 1.742 1.742 1.746 1.747 1.747 1.743 1.743 1.743 1.743 1.746 1.747 1.749 1.754 1.758 1.762 1.763 1.764 1.765 1.765 1.765 1.769 1.771 1.776 2.142 2.171 2.173 2.179 2.179 2.185 2.186 2.193 2.193 2.193 2.193 2.028 1.996 1.951 1.943 1.9 1.873 1.83 1.779 1.736 1.722 1.689 1.68 1.663 1.65 1.633 1.63 1.607 1.607 1.601 1.598 1.591 1.587 1.586 1.586 1.587 1.59 1.592 1.592 1.592 1.6 1.602 1.602 1.613 1.614 1.618 1.628 1.649 1.652 1.661 1.671 1.672 2.238 2.238 2.238 2.216 2.202 2.092 2.085 2.085 2.092 2.092 2.085 2.014 1.966 1.966 1.966 1.966 1.978 1.978 1.955 1.936 1.917 1.907 1.882 1.874 1.832 1.797 1.797 1.796 1.788 1.777 1.762 1.754 1.754 1.75 1.723 1.664 1.664 1.664 1.681 1.681 1.681 1.653 1.646 1.64 1.636 1.614 1.611 1.532 1.532 1.532 1.532 1.539 1.539 1.541 1.521 1.52 1.517 1.418 1.398 1.398 1.398 1.404 1.41 1.432 1.456 1.456 1.456 1.412 1.398 1.392 1.398 1.392 1.357 0.747 0.725 0.712 0.709 0.705 0.699 0.698 0.696 0.684 0.682 0.682 0.682 0.678 0.67 0.667 0.667 0.664 0.663 0.663 0.661 0.658 0.651 0.649 0.644 0.644 0.644 0.64 0.64 0.639 0.64 0.642 0.642 0.639 0.635 0.633 0.631 0.626 0.627 0.626 0.626 0.623 0.622 0.622 0.622 0.622 0.621 0.617 0.615 0.615 0.609 0.615 0.615 0.615 0.614 0.614 0.613 0.613 0.613 0.613 0.604 0.606 0.601 0.601 0.601 0.6 0.6 0.6 0.6 0.6 0.601 0.601 0.601 0.601 0.594 0.594 0.596 0.595 0.596 0.596 0.596 0.599 0.6 0.599 0.6 0.6 0.6 0.599 0.599 0.595 0.599 0.599 0.602 0.602 0.603 0.61 0.636 0.714 0.806 1.009 0.806 0.798 0.798 0.711 0.446 0.424 0.4 0.4 0.4 0.401 0.409 0.409 0.409 0.402 0.402 0.4 0.402 0.4 0.396 0.396 0.399 0.396 0.399 0.399 0.399 0.401 0.402 0.402 0.406 0.41 0.705 0.705 0.705 0.689 0.674 0.652 0.633 0.621 0.604 0.589 0.573 0.565 0.549 0.532 0.526 0.518 0.512 0.51 0.489 0.48 0.479 0.466 0.464 0.456 0.455 0.445 0.435 0.43 0.425 0.411 0.395 0.36 0.35 0.35 0.348 0.343 0.342 0.339 0.338 0.336 0.326 0.325 0.321 0.321 0.321 0.314 0.309 0.305 0.305 0.295 0.295 0.295 0.295 0.295 0.302 0.302 0.302 0.3 0.288 0.288 0.288 0.289 0.289 0.297 0.289 0.289 0.294 0.295 0.295 0.295 0.296 0.297 0.299 0.305 0.305 0.308 0.308 0.308 0.312 0.312 0.308 0.312 0.312 0.31 0.31 0.31 0.31 0.31 0.31 0.311 0.311 0.307 0.311 0.313 0.315 0.321 0.33 0.33 0.331 0.332 0.336 0.337 0.339 0.341 0.344 0.346 0.347 0.349 0.351 0.402 0.469 0.476 0.484 3.243 3.264 3.293 3.293 3.308 3.338 3.369 3.393 3.423 3.441 3.48 3.511 3.537 3.554 3.596 3.664 3.695 3.76 3.76 3.787 
1 1 1 1 1 1 1 1 1 1 1 1 1 1 1 1 1 1 1 1 1 1 1 1 1 1 1 1 1 1 1 1 1 1 1 1 1 1 1 1 1 1 1 1 1 1 1 1 1 1 1 1 1 1 1 1 1 1 1 1 1 1 1 1 1 1 1 1 1 1 1 1 1 1 1 1 1 1 1 1 1 1 1 1 1 1 1 1 1 1 1 1 1 1 1 1 1 1 1 1 1 1 1 1 1 1 1 1 1 1 1 1 1 1 1 1 1 1 1 1 1 1 1 1 1 1 1 1 1 1 1 1 1 1 1 1 1 1 1 1 1 1 1 1 1 1 1 1 1 1 1 1 1 1 1 1 1 1 1 1 1 1 1 1 1 1 1 1 1 1 1 1 1 1 1 1 1 1 1 1 1 1 1 1 1 1 1 1 1 1 1 1 1 1 1 1 1 1 1 1 1 1 1 1 1 1 1 1 1 1 1 1 1 1 1 1 1 1 1 1 1 1 1 1 1 1 1 1 1 1 1 1 1 1 1 1 1 1 1 1 1 1 1 1 1 1 1 1 1 1 1 1 1 1 1 1 1 1 1 1 1 1 1 1 1 1 1 1 1 1 1 1 1 1 1 1 1 1 1 1 1 1 1 1 1 1 1 1 1 1 1 1 1 1 1 1 1 1 1 1 1 1 1 1 1 1 1 1 1 1 1 1 1 1 1 1 1 1 1 1 1 1 1 1 1 1 1 1 1 1 1 1 1 1 1 1 1 1 1 1 1 1 1 1 1 1 1 1 1 1 1 1 1 1 1 1 1 1 1 1 1 1 1 1 1 1 1 1 1 1 1 1 1 1 1 1 1 1 1 1 1 1 1 1 1 1 1 1 1 1 1 1 1 1 1 1 1 1 1 1 1 1 1 1 1 1 1 1 1 1 1 1 1 1 1 1 1 1 1 1 1 1 1 1 1 1 1 1 1 1 1 1 1 1 1 1 1 1 1 1 1 1 1 1 1 1 1 1 1 1 1 1 1 1 1 1 1 1 1 1 1 1 1 1 1 1 1 1 1 1 1 1 1 1 1 1 1 1 1 1 1 1 1 1 1 1 1 1 1 1 1 1 1 1 1 1 1 1 1 1 1 1 1 1 1 1 1 1 1 1 1 1 1 1 1 1 1 1 1 1 1 1 1 1 1 1 1 1 1 1 1 1 1 1 1 1 1 1 1 1 1 1 1 1 1 1 1 1 1 1 1 1 1 1 1 1 1 1 1 1 1 1 1 1 1 1 1 1 1 1 1 1 1 1 1 1 1 1 1 1 1 1 1 1 1 1 1 1 1 1 1 1 1 1 1 1 1 1 1 1 1 1 1 1 1 1 1 1 1 1 1 1 1 1 1 1 1 1 1 1 1 1 1 1 1 1 1 1 1 1 1 1 1 1 1 1 1 1 1 1 1 1 1 1 1 1 1 1 1 1 1 1 1 1 1 1 1 1 1 1 1 1 1 1 1 1 1 1 1 1 1 1 1 1 1 1 1 1 1 1 1 1 
