# This file contains a 2D laser scan observation. 
# Its format is: 
# [aperture] [max_range] [number_of_scans] 
# [vector_of_scans] 
# [vector_of_valid_scans] 
# The aperture of the sensor is in radians, the maximum range 
# and measurements are in meters. '1' means a valid scan, '0' otherwise.
4.1847
5.6
682
0.428 0.429 0.43 0.431 0.433 0.441 0.442 0.443 0.443 0.451 0.451 0.453 0.453 0.454 0.456 0.456 0.461 0.462 0.464 0.469 0.473 0.473 0.473 0.477 0.476 0.476 0.477 0.477 0.477 0.48 0.485 0.485 0.492 0.495 0.495 0.52 0.546 0.584 0.648 0.719 0.776 0.811 0.853 0.868 0.871 0.871 0.871 0.86 0.834 0.831 0.831 0.831 0 0 0 0.661 0.661 0.661 0.668 0.675 0.679 0.682 0.692 0.696 0.701 0.702 0.719 0.72 0.724 0.736 0.752 0.754 0.762 0.773 0.787 0.795 0.805 0.805 0.808 0.805 0.804 0.804 0.815 0.823 0.84 0.848 0.86 0.872 0.885 0.911 1.028 1.029 1.033 1.037 1.04 1.046 1.058 1.063 1.064 1.107 2.179 2.186 2.186 2.187 2.186 2.168 1.282 1.282 1.282 2.163 2.165 2.166 2.166 2.166 2.165 2.17 2.164 2.164 2.162 2.161 2.16 2.16 2.159 2.159 2.159 2.16 2.161 2.163 2.165 2.165 2.164 2.165 2.169 2.168 2.169 2.169 2.169 2.169 2.169 2.169 2.17 2.175 2.175 2.177 2.181 2.183 2.185 2.185 2.186 2.191 2.192 2.195 2.197 2.198 2.198 2.201 2.21 2.214 2.589 2.599 2.602 2.602 2.617 2.618 2.619 2.621 2.628 2.63 2.63 2.63 2.627 2.564 2.527 2.522 2.519 2.519 2.337 2.237 2.134 2.114 2.114 2.114 2.1 2.1 2.098 2.1 2.1 2.101 2.103 2.103 2.104 2.112 2.116 2.126 2.206 2.807 2.824 2.824 2.807 2.806 2.767 2.738 2.699 2.666 2.638 2.61 2.579 2.55 2.527 2.51 2.503 2.478 2.459 2.425 2.399 2.385 2.347 2.326 2.308 2.278 2.269 2.244 2.23 2.211 2.177 2.164 2.148 2.138 2.111 2.103 2.081 2.07 2.055 2.036 2.017 2.015 1.998 1.998 1.984 1.956 1.037 1.013 0.995 0.978 0.97 0.97 0.948 0.944 0.941 0.938 0.929 0.917 0.914 0.908 0.905 0.892 0.808 0.417 0.411 0.41 0.408 0.406 0.403 0.4 0.394 0.391 0.383 0.378 0.373 0.373 0.373 0.372 0.366 0.358 0.358 0.358 0.356 0.356 0.354 0.354 0.354 0.355 0.355 0.355 0.355 0.354 0.352 0.345 0.342 0.342 0.342 0.341 0.342 0.342 0.342 0.341 0.341 0.341 0.341 0.344 0.349 0.349 0.349 0.349 0.349 0.355 0.36 0.364 0.377 0.382 0.384 0.385 0.394 0.396 0.396 0.4 0.396 0.402 0.402 0.402 0.405 0.405 0.401 0.401 0.401 0.401 0.405 0.405 0.401 0.401 0.395 0.395 0.391 0.391 0.387 0.384 0.376 0.376 0.376 0.376 0.38 0.383 0.384 0.383 0.38 0.384 0.382 0.379 0.382 0.382 0.381 0.381 0.381 0.381 0.386 0.386 0.392 0.398 0.398 0.448 0.453 0.477 0.492 0.492 0.482 0.482 0.482 0.48 0.48 0.478 0.478 0.477 0.477 0.477 0.48 0.509 0.519 0.533 0.542 0.547 0.573 0.591 0.608 0.623 0.656 0.68 0.711 0.738 0.798 0.83 0.879 0.911 0.955 1.015 1.026 1.097 1.151 1.186 1.213 1.238 1.404 1.405 1.405 1.405 1.409 1.412 1.415 1.418 1.419 1.424 1.424 1.424 1.423 1.423 1.423 1.43 1.433 1.437 1.438 1.44 1.44 1.444 1.444 1.445 1.445 1.452 1.461 1.462 1.468 1.468 1.47 1.47 1.476 1.482 1.485 1.485 1.487 1.498 1.5 1.5 1.51 1.51 1.512 1.512 1.519 1.524 1.527 1.53 1.542 1.542 1.544 1.549 1.557 1.557 1.565 1.572 1.572 1.572 1.575 1.576 1.579 1.588 1.597 1.61 1.623 1.631 1.632 1.635 1.639 1.655 1.91 1.91 1.91 1.893 1.875 1.875 1.875 1.888 1.888 1.9 1.902 1.914 1.919 1.921 1.937 2.605 2.613 2.633 2.633 2.634 2.654 2.673 2.677 2.688 2.707 2.715 2.739 2.742 2.762 2.772 2.786 2.8 2.813 2.824 2.852 2.86 2.883 2.897 2.904 2.909 2.929 2.956 2.975 2.992 3.007 3.016 3.038 3.081 3.103 3.109 3.114 3.157 3.194 3.215 3.222 3.243 3.288 3.315 3.335 3.388 3.395 3.427 3.466 3.466 3.466 0.811 0.811 0.808 0.802 0.799 0.783 0.778 0.771 0.771 0.771 0.768 0.76 0.763 0.76 0.753 0.753 0.763 0.76 0.772 0.777 0.787 0.796 0.801 0.807 0.815 0.819 0.821 0.843 0.847 0.85 0.847 0.847 0.846 0.841 0.82 0.817 0.816 0.816 0.817 0.817 0.816 0.814 0.814 0.809 0.807 0.804 0.804 0.804 0.804 0.804 0.804 0.802 0.802 0.801 0.802 0.808 0.837 0.865 0.892 0.892 0.892 0.891 0.888 0.883 0.883 0.888 0.904 0.947 0.965 0.991 1.011 1.045 1.076 1.106 1.164 1.204 1.249 1.303 1.343 1.408 1.439 1.468 1.536 1.595 1.681 1.688 1.697 1.693 1.696 1.696 1.693 1.69 1.69 1.69 1.69 1.701 1.701 1.704 1.708 1.708 1.708 1.708 1.708 1.703 1.703 1.697 1.684 1.678 1.678 1.678 1.693 1.719 3.941 3.941 3.941 3.941 3.941 3.928 3.911 3.661 3.661 3.661 3.661 3.672 3.683 3.683 3.683 3.683 4 4 4.011 4.005 4.005 4.011 4.014 4.023 4.024 4.039 4.041 4.047 4.051 4.056 4.065 4.074 4.075 4.088 4.092 
1 1 1 1 1 1 1 1 1 1 1 1 1 1 1 1 1 1 1 1 1 1 1 1 1 1 1 1 1 1 1 1 1 1 1 1 1 1 1 1 1 1 1 1 1 1 1 1 1 1 1 1 0 0 0 1 1 1 1 1 1 1 1 1 1 1 1 1 1 1 1 1 1 1 1 1 1 1 1 1 1 1 1 1 1 1 1 1 1 1 1 1 1 1 1 1 1 1 1 1 1 1 1 1 1 1 1 1 1 1 1 1 1 1 1 1 1 1 1 1 1 1 1 1 1 1 1 1 1 1 1 1 1 1 1 1 1 1 1 1 1 1 1 1 1 1 1 1 1 1 1 1 1 1 1 1 1 1 1 1 1 1 1 1 1 1 1 1 1 1 1 1 1 1 1 1 1 1 1 1 1 1 1 1 1 1 1 1 1 1 1 1 1 1 1 1 1 1 1 1 1 1 1 1 1 1 1 1 1 1 1 1 1 1 1 1 1 1 1 1 1 1 1 1 1 1 1 1 1 1 1 1 1 1 1 1 1 1 1 1 1 1 1 1 1 1 1 1 1 1 1 1 1 1 1 1 1 1 1 1 1 1 1 1 1 1 1 1 1 1 1 1 1 1 1 1 1 1 1 1 1 1 1 1 1 1 1 1 1 1 1 1 1 1 1 1 1 1 1 1 1 1 1 1 1 1 1 1 1 1 1 1 1 1 1 1 1 1 1 1 1 1 1 1 1 1 1 1 1 1 1 1 1 1 1 1 1 1 1 1 1 1 1 1 1 1 1 1 1 1 1 1 1 1 1 1 1 1 1 1 1 1 1 1 1 1 1 1 1 1 1 1 1 1 1 1 1 1 1 1 1 1 1 1 1 1 1 1 1 1 1 1 1 1 1 1 1 1 1 1 1 1 1 1 1 1 1 1 1 1 1 1 1 1 1 1 1 1 1 1 1 1 1 1 1 1 1 1 1 1 1 1 1 1 1 1 1 1 1 1 1 1 1 1 1 1 1 1 1 1 1 1 1 1 1 1 1 1 1 1 1 1 1 1 1 1 1 1 1 1 1 1 1 1 1 1 1 1 1 1 1 1 1 1 1 1 1 1 1 1 1 1 1 1 1 1 1 1 1 1 1 1 1 1 1 1 1 1 1 1 1 1 1 1 1 1 1 1 1 1 1 1 1 1 1 1 1 1 1 1 1 1 1 1 1 1 1 1 1 1 1 1 1 1 1 1 1 1 1 1 1 1 1 1 1 1 1 1 1 1 1 1 1 1 1 1 1 1 1 1 1 1 1 1 1 1 1 1 1 1 1 1 1 1 1 1 1 1 1 1 1 1 1 1 1 1 1 1 1 1 1 1 1 1 1 1 1 1 1 1 1 1 1 1 1 1 1 1 1 1 1 1 1 1 1 1 1 1 1 1 1 1 1 1 1 1 1 1 1 1 1 1 1 1 1 1 1 1 1 1 1 1 1 1 1 1 1 1 1 1 1 1 1 1 1 1 1 1 1 1 1 1 1 1 1 1 1 1 1 1 1 1 
