# This file contains a 2D laser scan observation. 
# Its format is: 
# [aperture] [max_range] [number_of_scans] 
# [vector_of_scans] 
# [vector_of_valid_scans] 
# The aperture of the sensor is in radians, the maximum range 
# and measurements are in meters. '1' means a valid scan, '0' otherwise.
4.1847
5.6
682
0.741 0.741 0.741 0.725 0.721 0.717 0.695 0.693 0.693 0.676 0.673 0.673 0.672 0.673 0.673 0.674 0.674 0.682 0.682 0.687 0.688 0.69 0.691 0.694 0.694 0.695 0.696 0.698 0.701 0.707 0.707 0.707 0.708 0.717 0.719 0.72 0.721 0.721 0.73 0.734 0.738 0.747 0.749 0.751 0.754 0.755 0.755 0.766 0.766 0.774 0.779 0.779 0.784 0.785 0.787 0.799 0.801 0.803 0.81 0.814 0.821 0.831 0.832 0.835 0.842 0.846 0.851 0.856 0.861 0.876 0.876 0.883 0.886 0.886 0.892 0.904 0.914 0.921 0.934 0.934 0.946 0.948 0.964 0.965 0.974 0.974 0.974 0.953 0.952 0.949 0.946 0.943 0.943 0.943 0.943 0.934 0.925 0.925 0.925 0.917 0.91 0.904 0.9 0.899 0.899 0.898 0.891 0.875 0.871 0.862 0.859 0.857 0.857 0.857 0.856 0.851 0.847 0.84 0.838 0.838 0.837 0.837 0.837 0.837 0.825 0.818 0.818 0.818 0.82 0.82 0.82 0.814 0.808 0.808 0.807 0.806 0.806 0.808 0.807 0.807 0.807 0.8 0.8 0.798 0.798 0.798 0.798 0.798 0.792 0.792 0.792 0.792 0.791 0.791 0.791 0.791 0.791 0.792 0.796 0.81 0.81 0.81 0.806 0.806 0.802 0.801 0.799 0.801 0.801 0.799 0.806 0.809 0.814 0.814 0.831 0.834 0.834 0.834 0.819 0.812 0.808 0.806 0.804 0.802 0.802 0.798 0.798 0.803 0.804 0.804 1.414 1.42 1.42 1.42 1.421 1.421 1.422 1.422 1.415 1.415 1.42 1.42 1.42 1.42 0.886 0.886 0.886 0.895 1.222 1.241 1.241 1.272 1.407 1.407 1.407 0.938 0.938 0.938 0.932 0.932 0.938 1.442 1.447 1.456 1.456 1.46 1.46 1.46 1.46 1.461 1.466 1.468 1.472 1.474 1.474 1.482 1.49 1.491 1.495 1.495 1.496 1.496 1.496 1.496 1.496 1.343 1.34 1.34 1.34 1.416 1.434 1.434 1.416 0.61 0.606 0.606 0.606 0.605 0.605 0.605 0.603 0.603 0.61 1.03 1.047 1.047 1.05 1.05 1.078 1.609 1.626 1.628 1.637 1.646 1.654 1.654 1.654 1.028 1.028 1.028 1.687 1.697 1.7 1.7 1.708 1.718 1.728 1.728 1.728 0.823 0.821 0.821 0.823 0.82 0.82 0.823 0.82 0.82 0.823 0.827 1.825 1.851 1.863 1.872 1.881 1.891 1.909 1.924 1.933 1.933 1.933 1.256 1.256 1.256 1.257 1.259 1.974 2.035 2.045 2.045 2.045 0.818 0.818 0.818 0.815 0.818 0.826 0.829 2.186 2.212 2.212 2.212 0.316 0.314 0.313 0.312 0.312 0.312 0.314 0.315 0.316 0.319 0.319 0.319 0.312 0.312 0.312 0.312 0.315 0.316 0.322 0.987 0.993 2.007 2.007 2.49 2.49 2.49 2.49 2.49 2.506 2.528 2.528 2.528 2.547 2.547 2.666 0.007 2.666 1.639 1.636 1.636 1.636 1.637 1.637 1.637 1.327 1.317 1.317 1.327 1.378 1.385 1.394 1.394 1.394 0.869 0.868 0.866 0.866 0.809 0.646 0.646 0.646 0.644 0.648 0.648 0.644 0.644 0.64 0.639 0.534 0.53 0.53 0.53 0.525 0.524 0.524 0.535 0.528 0.528 0.528 0.528 0.528 0.528 0.525 0.527 0.529 0.534 1.751 1.751 1.751 1.747 1.39 1.39 1.39 1.39 1.454 1.506 1.509 1.51 1.512 2.837 2.837 2.837 2.814 2.814 2.814 2.831 2.836 0.008 2.836 2.836 2.836 2.836 2.725 2.663 2.663 2.639 2.616 2.304 2.288 2.288 2.282 2.281 0.798 0.798 0.798 0.798 0.798 0.806 0.806 2.308 2.31 2.312 2.312 2.312 2.315 2.316 2.316 2.316 2.316 2.317 2.326 2.335 2.341 2.341 2.341 2.341 2.341 2.346 2.351 2.351 2.358 2.366 2.366 2.373 2.374 2.381 2.386 2.386 2.394 2.399 2.404 2.41 2.414 2.417 2.417 2.42 2.432 2.439 2.441 2.449 2.451 2.458 2.476 2.476 2.479 2.479 2.481 2.497 0 0 0 0 0 0 0 0 0 0 0 0 0 0 0 0 0 0 0 0 2.021 2.021 2.01 2.021 0.007 1.989 1.988 1.978 1.944 1.936 1.935 1.912 1.883 1.862 1.86 1.835 1.819 1.818 1.802 1.775 1.757 1.738 1.733 1.722 1.707 1.695 1.686 1.682 1.664 1.652 1.628 1.621 1.614 1.598 1.589 1.58 1.577 1.566 1.539 1.533 1.522 1.521 1.508 1.495 1.486 1.478 1.469 1.466 1.463 1.452 1.45 1.429 1.416 1.411 1.399 1.388 1.386 1.383 1.376 1.362 1.357 1.355 1.342 1.34 1.34 1.332 1.321 1.288 1.273 1.261 1.261 1.261 1.267 1.27 1.27 1.27 1.259 1.256 1.254 1.247 1.246 1.243 1.238 1.235 1.231 1.229 1.229 1.222 1.217 1.214 1.213 1.201 1.208 1.208 1.199 1.186 1.182 1.181 1.177 1.176 1.168 1.168 1.168 1.17 1.178 0 0 0 0 0 0 0 0 0 0 0 0 0 0 0 0 0 0 0 0 0 0 0 0 0 0.007 0 0 0 0 0 0 1.206 1.193 1.189 1.187 1.162 1.162 1.162 1.161 1.16 1.153 1.149 1.148 1.141 1.135 1.134 
1 1 1 1 1 1 1 1 1 1 1 1 1 1 1 1 1 1 1 1 1 1 1 1 1 1 1 1 1 1 1 1 1 1 1 1 1 1 1 1 1 1 1 1 1 1 1 1 1 1 1 1 1 1 1 1 1 1 1 1 1 1 1 1 1 1 1 1 1 1 1 1 1 1 1 1 1 1 1 1 1 1 1 1 1 1 1 1 1 1 1 1 1 1 1 1 1 1 1 1 1 1 1 1 1 1 1 1 1 1 1 1 1 1 1 1 1 1 1 1 1 1 1 1 1 1 1 1 1 1 1 1 1 1 1 1 1 1 1 1 1 1 1 1 1 1 1 1 1 1 1 1 1 1 1 1 1 1 1 1 1 1 1 1 1 1 1 1 1 1 1 1 1 1 1 1 1 1 1 1 1 1 1 1 1 1 1 1 1 1 1 1 1 1 1 1 1 1 1 1 1 1 1 1 1 1 1 1 1 1 1 1 1 1 1 1 1 1 1 1 1 1 1 1 1 1 1 1 1 1 1 1 1 1 1 1 1 1 1 1 1 1 1 1 1 1 1 1 1 1 1 1 1 1 1 1 1 1 1 1 1 1 1 1 1 1 1 1 1 1 1 1 1 1 1 1 1 1 1 1 1 1 1 1 1 1 1 1 1 1 1 1 1 1 1 1 1 1 1 1 1 1 1 1 1 1 1 1 1 1 1 1 1 1 1 1 1 1 1 1 1 1 1 1 1 1 1 1 1 1 1 1 1 1 1 1 1 1 1 1 1 1 1 1 1 1 1 1 1 1 1 1 1 1 1 1 1 1 1 1 1 1 1 1 1 1 1 0 1 1 1 1 1 1 1 1 1 1 1 1 1 1 1 1 1 1 1 1 1 1 1 1 1 1 1 1 1 1 1 1 1 1 1 1 1 1 1 1 1 1 1 1 1 1 1 1 1 1 1 1 1 1 1 1 1 1 1 1 1 1 1 1 1 1 1 1 1 1 1 0 1 1 1 1 1 1 1 1 1 1 1 1 1 1 1 1 1 1 1 1 1 1 1 1 1 1 1 1 1 1 1 1 1 1 1 1 1 1 1 1 1 1 1 1 1 1 1 1 1 1 1 1 1 1 1 1 1 1 1 1 1 1 1 1 1 1 1 1 1 1 0 0 0 0 0 0 0 0 0 0 0 0 0 0 0 0 0 0 0 0 1 1 1 1 0 1 1 1 1 1 1 1 1 1 1 1 1 1 1 1 1 1 1 1 1 1 1 1 1 1 1 1 1 1 1 1 1 1 1 1 1 1 1 1 1 1 1 1 1 1 1 1 1 1 1 1 1 1 1 1 1 1 1 1 1 1 1 1 1 1 1 1 1 1 1 1 1 1 1 1 1 1 1 1 1 1 1 1 1 1 1 1 1 1 1 1 1 1 1 1 1 1 1 1 1 0 0 0 0 0 0 0 0 0 0 0 0 0 0 0 0 0 0 0 0 0 0 0 0 0 0 0 0 0 0 0 0 1 1 1 1 1 1 1 1 1 1 1 1 1 1 1 
