# This file contains a 2D laser scan observation. 
# Its format is: 
# [aperture] [max_range] [number_of_scans] 
# [vector_of_scans] 
# [vector_of_valid_scans] 
# The aperture of the sensor is in radians, the maximum range 
# and measurements are in meters. '1' means a valid scan, '0' otherwise.
4.1847
5.6
682
0.366 0.366 0.361 0.36 0.353 0.35 0.343 0.334 0.334 0.332 0.323 0.323 0.322 0.322 0.322 0.322 0.322 0.32 0.32 0.321 0.321 0.323 0.327 0.331 0.341 0.341 0.342 0.352 0.352 0.352 0.355 0.355 0.355 0.358 0.359 0.359 0.361 0.367 0.369 0.37 0.374 0.373 0.376 0.378 0.378 0.378 0.383 0.385 0.385 0.399 0.4 0.403 0.407 0.408 0.408 0.408 0.412 0.42 0.422 0.422 0.426 0.426 0.434 0.437 0.441 0.447 0.449 0.45 0.45 0.453 0.465 0.467 0.471 0.478 0.478 0.479 0.485 0.491 0.5 0.501 0.508 0.512 0.512 0.522 0.53 0.53 0.537 0.538 0.55 0.552 0.563 0.565 0.578 0.585 0.593 0.595 0.603 0.617 0.619 0.626 0.64 0.648 0.664 0.664 0.684 0.686 0.705 0.713 0.717 0.735 0.737 0.737 0.735 0.418 0.365 0.359 0.353 0.349 0.349 0.349 0.349 0.351 0.353 0.354 0.354 0.353 0.353 0.349 0.347 0.342 0.342 0.341 0.342 0.343 0.349 0.349 0.349 0.346 0.345 0.343 0.342 0.342 0.332 0.332 0.328 0.326 0.326 0.336 0.328 0.338 0.338 0.328 0.328 0.328 0.328 0.329 0.332 0.332 0.331 0.334 0.331 0.329 0.327 0.325 0.325 0.325 0.323 0.323 0.322 0.322 0.323 0.323 0.327 0.328 0.328 0.32 0.321 0.32 0.32 0.321 0.328 0.328 0.328 0.33 0.33 0.324 0.33 0.331 0.331 0.337 1.015 1.096 1.096 1.096 1.057 1.057 0.998 0.949 0.845 0.842 0.842 0.845 0.864 0.865 0.865 0.87 0.87 0.87 0.87 0.874 0.877 0.877 0.877 0.877 0.878 0.878 0.88 0.88 0.883 0.885 0.887 0.889 0.888 0.89 0.894 0.903 0.903 0.903 0.902 0.902 0.902 0.914 0.918 0.918 0.921 0.921 0.923 0.921 0.924 0.924 0.93 0.931 0.932 0.935 0.94 0.94 0.94 0.945 0.949 0.949 0.949 0.957 0.958 0.958 0.966 0.967 0.971 0.971 0.977 0.978 0.981 0.981 0.989 0.99 0.992 0.994 0.998 1.016 1.016 1.021 1.025 1.028 1.033 1.039 1.041 1.052 1.056 1.059 1.059 1.069 1.076 1.076 1.08 1.087 1.091 1.099 1.099 1.116 1.12 1.122 1.126 1.135 1.135 1.146 1.162 1.168 1.17 1.18 1.182 1.19 1.195 1.201 1.208 1.218 1.225 1.24 1.241 1.253 1.254 1.268 1.284 1.288 1.299 1.31 1.318 1.323 1.333 1.35 1.355 1.372 1.385 1.396 1.414 1.422 1.428 1.445 1.456 1.479 1.484 1.499 1.514 1.528 1.546 1.554 1.587 1.592 1.621 1.624 1.635 1.655 1.674 1.692 1.714 1.718 1.748 1.77 1.787 1.797 1.828 1.841 1.871 1.891 1.912 1.941 1.962 1.986 2.01 2.044 2.063 2.092 2.121 2.157 2.183 2.208 2.245 2.293 2.312 2.333 2.378 2.956 2.956 2.956 2.949 2.946 2.934 2.933 2.923 2.921 2.911 2.909 2.902 2.9 2.898 2.895 2.891 2.885 2.878 2.877 2.874 2.866 2.864 2.86 2.855 2.854 2.853 2.849 2.849 2.845 2.837 2.837 2.837 2.836 2.836 2.833 2.832 2.832 2.825 2.82 2.819 2.817 2.818 2.812 2.812 2.812 2.811 2.811 2.807 2.805 2.805 2.805 2.805 2.805 2.808 2.809 2.808 2.808 1.06 1.06 1.06 0 0 0 1.042 1.042 1.042 1.052 1.066 1.068 1.068 1.068 1.07 1.07 1.072 0 0 0 0 0 0.007 1.066 1.059 1.06 1.059 1.059 1.059 1.059 1.056 1.055 1.055 1.056 0 0 0 0 0 1.47 1.467 1.467 1.47 1.474 1.477 1.477 1.484 1.484 1.477 0.625 0.604 0.595 0.581 0.579 0.573 0.562 0.547 0.547 0.532 0.532 0.518 0.511 0.505 0.504 0.503 0.485 0.485 0.485 0.477 0.477 0.477 0.471 0.471 0.471 0.473 0.475 0.478 0.479 0.484 0.484 0.484 0.485 0.485 0.486 0.49 0.491 0.494 0.495 0.496 0.496 0.497 0.5 0.501 0.503 0.503 0.503 0.503 0.484 0.424 0.423 0.423 0.424 0.426 0.427 0.428 0.428 0.433 0.433 0.433 0.437 0.437 0.437 0.438 0.445 0.449 0.45 0.455 0.457 0.457 0.458 0.461 0.461 0.465 0.467 0.469 0.471 0.475 0.478 0.479 0.48 0.481 0.487 0.491 0.492 0.501 0.503 0.506 0.507 0.507 0.511 0.52 0.522 0.524 0.532 0.534 0.534 0.534 0.541 0.544 0.554 0.556 0.561 0.568 0.57 0.575 0.578 0.585 0.592 0.603 0.612 0.612 0.617 0.618 0.633 0.634 0.636 0.641 0.647 0.659 0.659 0.659 0.635 0.635 0.63 0.621 0.621 0.569 0.568 0.568 0.568 0.558 0.521 0.52 0.511 0.504 0.504 0.504 0.504 0.504 0.504 0.504 0.495 0.494 0.495 0.496 0.496 0.497 0.498 0.498 0.498 0.497 0.493 0.493 0.493 0.493 0.493 0.492 0.492 0.492 0.496 0.498 0.498 0.498 0.498 0.498 0.498 0.502 0.502 0.505 0.509 0.51 0.509 0.509 0.51 0.512 0.521 0.522 0.527 0.527 0.537 0.539 0.541 0.557 0.596 0.685 0.762 0.766 0.766 0.766 0.766 0.766 0.763 0.76 0.76 0.76 0.765 0.765 0.767 0.767 0.763 0.761 0.76 0.76 0.757 0.757 0.757 
1 1 1 1 1 1 1 1 1 1 1 1 1 1 1 1 1 1 1 1 1 1 1 1 1 1 1 1 1 1 1 1 1 1 1 1 1 1 1 1 1 1 1 1 1 1 1 1 1 1 1 1 1 1 1 1 1 1 1 1 1 1 1 1 1 1 1 1 1 1 1 1 1 1 1 1 1 1 1 1 1 1 1 1 1 1 1 1 1 1 1 1 1 1 1 1 1 1 1 1 1 1 1 1 1 1 1 1 1 1 1 1 1 1 1 1 1 1 1 1 1 1 1 1 1 1 1 1 1 1 1 1 1 1 1 1 1 1 1 1 1 1 1 1 1 1 1 1 1 1 1 1 1 1 1 1 1 1 1 1 1 1 1 1 1 1 1 1 1 1 1 1 1 1 1 1 1 1 1 1 1 1 1 1 1 1 1 1 1 1 1 1 1 1 1 1 1 1 1 1 1 1 1 1 1 1 1 1 1 1 1 1 1 1 1 1 1 1 1 1 1 1 1 1 1 1 1 1 1 1 1 1 1 1 1 1 1 1 1 1 1 1 1 1 1 1 1 1 1 1 1 1 1 1 1 1 1 1 1 1 1 1 1 1 1 1 1 1 1 1 1 1 1 1 1 1 1 1 1 1 1 1 1 1 1 1 1 1 1 1 1 1 1 1 1 1 1 1 1 1 1 1 1 1 1 1 1 1 1 1 1 1 1 1 1 1 1 1 1 1 1 1 1 1 1 1 1 1 1 1 1 1 1 1 1 1 1 1 1 1 1 1 1 1 1 1 1 1 1 1 1 1 1 1 1 1 1 1 1 1 1 1 1 1 1 1 1 1 1 1 1 1 1 1 1 1 1 1 1 1 1 1 1 1 1 1 1 1 1 1 1 1 1 1 1 1 1 1 1 1 1 1 1 1 1 1 1 1 1 1 1 1 1 1 1 1 1 1 1 1 1 1 1 1 1 1 1 1 1 0 0 0 1 1 1 1 1 1 1 1 1 1 1 0 0 0 0 0 0 1 1 1 1 1 1 1 1 1 1 1 0 0 0 0 0 1 1 1 1 1 1 1 1 1 1 1 1 1 1 1 1 1 1 1 1 1 1 1 1 1 1 1 1 1 1 1 1 1 1 1 1 1 1 1 1 1 1 1 1 1 1 1 1 1 1 1 1 1 1 1 1 1 1 1 1 1 1 1 1 1 1 1 1 1 1 1 1 1 1 1 1 1 1 1 1 1 1 1 1 1 1 1 1 1 1 1 1 1 1 1 1 1 1 1 1 1 1 1 1 1 1 1 1 1 1 1 1 1 1 1 1 1 1 1 1 1 1 1 1 1 1 1 1 1 1 1 1 1 1 1 1 1 1 1 1 1 1 1 1 1 1 1 1 1 1 1 1 1 1 1 1 1 1 1 1 1 1 1 1 1 1 1 1 1 1 1 1 1 1 1 1 1 1 1 1 1 1 1 1 1 1 1 1 1 1 1 1 1 1 1 1 1 1 1 1 1 1 1 1 1 1 1 1 1 1 1 1 1 1 1 1 1 
