# This file contains a 2D laser scan observation. 
# Its format is: 
# [aperture] [max_range] [number_of_scans] 
# [vector_of_scans] 
# [vector_of_valid_scans] 
# The aperture of the sensor is in radians, the maximum range 
# and measurements are in meters. '1' means a valid scan, '0' otherwise.
4.1847
5.6
682
0.49 0.49 0.537 0.554 0.554 0.554 0.551 0.542 0.533 0.53 0.527 0.521 0.518 0.513 0.517 0.517 0.515 0.517 0.521 0.524 0.524 0.53 0.535 0.539 0.541 0.541 0.541 0.542 0.542 0.552 0.98 0.992 1.015 1.015 1.021 1.024 1.034 1.042 1.045 1.046 1.069 1.077 1.078 1.092 1.092 1.099 1.099 1.119 1.124 1.142 1.143 1.158 1.165 1.177 1.179 1.205 1.206 1.209 1.229 1.243 1.251 1.266 1.278 1.283 1.283 1.283 1.271 1.271 1.271 1.271 1.259 1.238 1.234 1.23 1.229 1.226 1.224 1.221 1.221 1.209 1.206 1.206 1.199 1.199 1.196 1.195 0.695 0.695 0.695 0.695 0.7 0.701 0.701 0.722 0.722 0.722 0.721 0.714 0.713 0.713 0.713 0.713 0.706 0.701 0.7 0.7 0.7 0.7 0.7 0.697 0.693 0.69 0.688 0.685 0.685 0.685 0.685 0.685 0.685 0.683 0.683 0.681 0.681 0.682 0.677 0.676 0.676 0.676 0.676 0.675 0.675 0.674 0.674 0.674 0.674 0.673 0.672 0.673 0.672 0.669 0.667 0.669 0.667 0.669 0.671 0.675 0.671 0.671 0.671 0.671 0.671 0.671 0.672 0.672 0.672 0.672 0.678 0.678 0.675 0.679 0.675 0.674 0.672 0.674 0.672 0.672 0.672 0.671 0.671 0.671 0.671 0.67 0.672 0.672 0.672 0.671 0.672 0.671 0.671 0.671 0.673 0.671 0.673 0.674 0.673 0.669 0.674 0.672 0.671 0.672 0.672 0.672 0.672 0.677 0.678 0.679 0.679 0.681 0.681 0.685 0.685 0.685 0.685 0.689 0.689 0.691 0.691 0.691 0.69 0.693 0.693 0.693 0.693 0.693 0.697 0.699 0.708 0.706 0.709 0.71 0.71 0.71 0.712 0.712 0.712 0.712 0.712 0.712 0.72 0.725 0.728 0.728 0.728 0.73 0.731 0.736 0.736 0.737 0.738 0.744 0.744 0.749 0.754 0.756 0.757 0.761 0.757 0.762 0.767 0.767 0.769 0.775 0.775 0.78 0.785 0.785 0.786 0.787 0.789 0.795 0.801 0.801 0.803 0.805 0.805 0.814 0.816 0.818 0.827 0.827 0.828 0.833 0.837 0.851 0.852 0.857 0.858 0.86 0.869 0.875 0.878 0.88 0.884 0.896 0.902 0.903 0.906 0.907 0.914 0.925 0.926 0.927 0.931 0.943 0.953 0.954 0.959 0.97 0.978 0.981 0.991 0.999 1.001 1.004 1.021 1.028 1.033 1.038 1.054 1.062 1.067 1.07 1.081 1.095 1.101 1.107 1.125 1.137 1.142 1.156 1.167 1.179 1.193 1.209 1.213 1.233 1.245 1.251 1.262 1.28 1.29 1.307 1.323 1.342 1.355 1.362 1.379 1.41 1.425 1.436 1.454 1.473 1.494 1.516 1.528 1.56 1.572 1.593 1.615 1.643 1.665 1.691 1.716 1.742 1.767 1.808 1.833 1.84 1.867 1.905 2.49 2.49 2.49 2.49 2.483 2.475 2.469 2.467 2.466 2.455 2.452 2.448 2.445 2.444 2.437 2.429 2.429 2.427 2.426 2.425 2.424 2.422 2.422 2.413 2.409 2.408 2.407 2.405 2.402 2.399 2.398 2.391 2.388 2.387 2.387 2.386 2.386 2.386 2.386 2.381 2.382 2.381 2.381 2.381 2.38 2.38 2.38 2.38 2.38 2.379 2.374 2.374 2.373 2.373 2.372 2.372 2.374 2.374 2.374 2.376 2.376 2.377 2.378 2.378 2.378 2.378 2.38 2.383 2.387 2.387 2.387 2.387 2.392 2.392 2.395 2.395 2.395 2.398 2.403 2.404 2.41 2.413 2.413 2.414 2.421 2.421 2.425 2.425 0 0.007 0 0 0 0 0 0.707 0.699 0.699 0.699 0.699 0.7 0.705 0.7 0.695 0.678 0.677 0.677 0.677 0.686 0.687 0.687 0.688 0.688 0.688 0.692 0.692 0.693 0.695 0.693 0.695 0.695 0.695 0.695 0.698 0.7 0.7 0.698 0.7 0.706 0.706 0.707 0.708 0.711 0.711 0.711 0.711 0.711 0.7 0.696 0.695 0.695 0.687 0.687 0.695 0.695 0.693 0.693 0.693 0.693 0.7 0.705 0.712 0.712 0.74 0.755 0.819 1.209 1.215 1.218 1.218 1.218 1.231 1.233 1.234 1.24 1.25 1.253 1.265 1.272 1.278 1.284 1.291 1.301 1.307 1.315 1.354 1.354 1.354 1.334 1.325 1.319 1.316 1.306 1.296 1.292 1.29 1.277 1.262 1.26 1.257 1.252 1.251 1.232 1.23 1.228 1.221 1.212 1.196 1.196 1.191 1.188 1.188 1.165 1.159 1.159 1.159 1.152 1.152 1.16 1.152 1.126 4.014 1.126 1.121 1.097 1.094 1.083 1.083 1.083 1.047 1.047 1.032 1.032 1.032 1.05 1.05 1.063 1.063 1.063 1.063 1.061 1.06 1.058 1.057 1.055 1.055 1.038 1.033 1.033 1.038 0.015 0.015 0.015 0.493 0.492 0.487 0.484 0.476 0.438 0.414 0.413 0.41 0.412 0.412 0.41 0.412 0.412 0.407 0.405 0.407 0.407 0.405 0.41 0.41 0.41 0.409 0.409 0.407 0.405 0.406 0.405 0.405 0.405 0.405 0.403 0.405 0.405 0.403 0.403 0.403 0.403 0.405 0.405 0.403 0.406 0.403 0.403 0.405 0.407 0.405 0.405 0.401 0.401 0.401 0.401 0.401 0.401 0.401 0.402 0.403 0.402 0.401 0.407 0.401 0.401 0.406 0.407 0.406 0.406 0.4 0.4 0.4 0.399 0.399 0.399 0.399 0.395 0.395 0.395 0.44 0.937 0.946 
1 1 1 1 1 1 1 1 1 1 1 1 1 1 1 1 1 1 1 1 1 1 1 1 1 1 1 1 1 1 1 1 1 1 1 1 1 1 1 1 1 1 1 1 1 1 1 1 1 1 1 1 1 1 1 1 1 1 1 1 1 1 1 1 1 1 1 1 1 1 1 1 1 1 1 1 1 1 1 1 1 1 1 1 1 1 1 1 1 1 1 1 1 1 1 1 1 1 1 1 1 1 1 1 1 1 1 1 1 1 1 1 1 1 1 1 1 1 1 1 1 1 1 1 1 1 1 1 1 1 1 1 1 1 1 1 1 1 1 1 1 1 1 1 1 1 1 1 1 1 1 1 1 1 1 1 1 1 1 1 1 1 1 1 1 1 1 1 1 1 1 1 1 1 1 1 1 1 1 1 1 1 1 1 1 1 1 1 1 1 1 1 1 1 1 1 1 1 1 1 1 1 1 1 1 1 1 1 1 1 1 1 1 1 1 1 1 1 1 1 1 1 1 1 1 1 1 1 1 1 1 1 1 1 1 1 1 1 1 1 1 1 1 1 1 1 1 1 1 1 1 1 1 1 1 1 1 1 1 1 1 1 1 1 1 1 1 1 1 1 1 1 1 1 1 1 1 1 1 1 1 1 1 1 1 1 1 1 1 1 1 1 1 1 1 1 1 1 1 1 1 1 1 1 1 1 1 1 1 1 1 1 1 1 1 1 1 1 1 1 1 1 1 1 1 1 1 1 1 1 1 1 1 1 1 1 1 1 1 1 1 1 1 1 1 1 1 1 1 1 1 1 1 1 1 1 1 1 1 1 1 1 1 1 1 1 1 1 1 1 1 1 1 1 1 1 1 1 1 1 1 1 1 1 1 1 1 1 1 1 1 1 1 1 1 1 1 1 1 1 1 1 1 1 1 1 1 1 1 1 1 1 1 1 1 1 1 1 1 1 1 1 1 1 1 1 1 1 1 1 1 1 1 1 1 1 1 1 1 1 1 1 1 1 1 1 1 1 0 0 0 0 0 0 0 1 1 1 1 1 1 1 1 1 1 1 1 1 1 1 1 1 1 1 1 1 1 1 1 1 1 1 1 1 1 1 1 1 1 1 1 1 1 1 1 1 1 1 1 1 1 1 1 1 1 1 1 1 1 1 1 1 1 1 1 1 1 1 1 1 1 1 1 1 1 1 1 1 1 1 1 1 1 1 1 1 1 1 1 1 1 1 1 1 1 1 1 1 1 1 1 1 1 1 1 1 1 1 1 1 1 1 1 1 1 1 1 1 1 1 1 1 1 1 1 1 1 1 1 1 1 1 1 1 1 1 1 1 1 1 1 1 1 1 1 1 1 1 1 1 0 0 0 1 1 1 1 1 1 1 1 1 1 1 1 1 1 1 1 1 1 1 1 1 1 1 1 1 1 1 1 1 1 1 1 1 1 1 1 1 1 1 1 1 1 1 1 1 1 1 1 1 1 1 1 1 1 1 1 1 1 1 1 1 1 1 1 1 1 1 1 1 1 1 1 1 1 1 1 1 1 1 
