# This file contains a 2D laser scan observation. 
# Its format is: 
# [aperture] [max_range] [number_of_scans] 
# [vector_of_scans] 
# [vector_of_valid_scans] 
# The aperture of the sensor is in radians, the maximum range 
# and measurements are in meters. '1' means a valid scan, '0' otherwise.
4.1847
5.6
682
0.288 0.288 0.287 0.286 0.286 0.285 0.282 0.278 0.278 0.278 0.278 0.274 0.278 0.27 0.27 0.273 0.273 0.272 0.272 0.269 0.267 0.263 0.261 0.263 0.263 0.263 0.263 0.263 0.257 0.255 0.255 0.256 0.256 0.256 0.256 0.256 0.255 0.25 0.247 0.243 0.243 0.243 0.244 0.244 0.245 0.245 0.245 0.244 0.244 0.244 0.244 0.244 0.243 0.242 0.242 0.244 0.244 0.246 0.246 0.244 0.237 0.237 0.236 0.237 0.237 0.237 0.236 0.238 0.239 0.239 0.239 0.24 0.24 0.239 0.235 0.239 0.232 0.232 0.232 0.232 0.232 0.232 0.236 0.236 0.237 0.238 0.236 0.239 0.239 0.239 0.239 0.239 0.232 0.232 0.232 0.232 0.232 0.232 0.232 0.232 0.232 0.232 0.232 0.232 0.231 0.232 0.234 0.234 0.233 0.234 0.233 0.229 0.229 0.231 0.231 0.231 0.231 0.233 0.235 0.232 0.238 0.238 0.236 0.232 0.234 0.227 0.234 0.234 0.239 0.239 0.239 0.238 0.236 0.236 0.233 0.236 0.234 0.234 0.235 0.235 0.235 0.235 0.235 0.235 0.235 0.235 0.239 0.239 0.242 0.245 0.245 0.245 0.245 0.245 0.243 0.243 0.243 0.247 0.246 0.246 0.246 0.246 0.243 0.24 0.243 0.243 0.243 0.247 0.247 0.25 0.25 0.25 0.251 0.256 0.251 0.252 0.252 0.252 0.25 0.252 0.256 0.256 0.256 0.26 0.26 0.26 0.268 0.268 0.268 0.268 0.272 0.267 0.267 0.267 0.27 0.267 0.27 0.27 0.27 0.271 0.273 0.273 0.274 0.276 0.277 0.276 0.276 0.28 0.282 0.282 0.283 0.289 0.291 0.292 0.295 0.295 0.296 0.3 0.3 0.3 0.3 0.3 0.3 0.3 0.306 0.306 0.307 0.313 0.313 0.316 0.319 0.325 0.325 0.326 0.326 0.33 0.331 0.332 0.335 0.338 0.338 0.34 0.34 0.344 0.352 0.352 0.352 0.358 0.364 0.366 0.366 0.366 0.369 0.369 0.375 0.384 0.385 0.385 0.387 0.387 0.39 0.392 0.395 0.396 0.406 0.408 0.415 0.418 0.421 0.425 0.434 0.436 0.436 0.446 0.45 0.455 0.458 0.461 0.466 0.466 0.467 0.474 0.484 0.488 0.498 0.503 0.509 0.517 0.52 0.526 0.544 0.549 0.557 0.558 0.562 0.571 0.578 0.584 0.594 0.603 0.622 0.625 0.629 0.65 0.657 0.675 0.696 0.712 0.712 0.714 0.719 0.72 0.72 0.756 0.767 1.357 1.366 1.366 1.365 1.365 1.362 1.36 1.353 1.352 1.352 1.347 1.347 1.344 1.342 1.333 1.33 1.33 1.328 1.327 1.327 1.327 1.326 1.321 1.321 1.321 1.322 1.322 1.323 1.323 1.323 1.315 1.318 1.318 1.315 1.318 1.319 1.321 1.321 1.321 1.321 1.321 1.319 1.319 1.324 1.324 1.32 1.32 1.317 1.312 1.312 1.312 1.32 1.32 1.323 1.323 1.323 1.321 1.321 1.321 1.325 1.325 1.326 1.328 1.328 1.33 1.331 1.333 1.333 1.333 1.338 1.338 1.341 1.341 1.342 1.343 1.351 1.351 1.351 1.35 1.35 1.35 1.358 1.358 1.359 1.361 1.365 1.363 1.365 1.368 1.368 1.369 1.379 1.384 1.385 1.39 1.393 1.396 1.406 1.407 1.407 1.407 1.407 1.407 1.413 1.422 1.426 1.428 1.429 1.434 1.434 1.449 1.449 1.45 1.46 1.46 1.464 1.467 1.47 1.484 1.487 1.487 1.488 1.489 1.501 1.505 1.517 1.52 1.525 1.529 1.532 1.543 1.544 1.546 1.546 1.558 1.57 1.574 1.577 1.588 1.594 1.604 1.611 1.618 1.62 1.625 1.64 1.654 1.658 1.659 1.673 1.674 1.674 1.673 1.438 1.436 1.428 1.436 1.436 1.397 1.247 1.245 1.235 1.219 1.217 1.215 1.197 1.193 1.181 1.18 1.171 1.161 1.16 1.145 1.137 1.134 1.122 1.119 1.109 1.109 1.1 1.088 1.087 1.081 1.07 1.068 1.059 1.051 1.047 1.038 1.037 1.029 1.023 1.023 1.023 1.023 1.016 1.012 1.007 1.001 1.001 0.979 0.977 0.976 0.976 0.969 0.968 0.965 0.963 0.955 0.954 0.952 0.952 0.95 0.949 0.949 0.949 0.956 0.963 0.967 0.979 0.985 1.008 1.015 1.03 1.037 1.052 1.071 1.085 1.106 1.118 1.142 1.148 1.161 1.183 1.208 1.225 1.24 1.267 1.28 1.294 1.294 1.294 0.991 0.93 0.923 0.923 0.922 0.917 0.916 0.911 0.909 0.909 0.909 0.907 0.907 0.907 0.902 0.902 0.903 0.903 0.903 0.903 0.903 0.897 0.896 0.892 0.892 0.892 0.892 0.888 0.888 0.888 0.886 0.884 0.884 0.884 0.887 0.889 0.889 0.887 0.889 0.886 0.885 0.886 0.886 0.886 0.891 0.891 0.891 0.893 0.894 0.895 0.896 0.895 0.894 0.895 0.894 0.894 0.894 0.892 0.892 0.894 0.89 0.884 0.897 0.884 0.882 0.882 0.882 0.882 0.888 0.894 0.91 1.336 1.338 1.347 1.345 1.347 1.345 1.347 1.351 1.351 1.351 1.351 1.354 1.36 1.36 1.36 1.36 1.36 1.36 1.359 1.361 1.367 1.37 1.37 1.374 1.375 1.38 1.38 1.385 1.386 1.392 1.394 1.394 1.398 1.401 1.401 1.401 1.401 1.401 1.4 1.403 1.403 1.403 1.41 0 0 0 0 0 0 0 0 0.007 0 0 
1 1 1 1 1 1 1 1 1 1 1 1 1 1 1 1 1 1 1 1 1 1 1 1 1 1 1 1 1 1 1 1 1 1 1 1 1 1 1 1 1 1 1 1 1 1 1 1 1 1 1 1 1 1 1 1 1 1 1 1 1 1 1 1 1 1 1 1 1 1 1 1 1 1 1 1 1 1 1 1 1 1 1 1 1 1 1 1 1 1 1 1 1 1 1 1 1 1 1 1 1 1 1 1 1 1 1 1 1 1 1 1 1 1 1 1 1 1 1 1 1 1 1 1 1 1 1 1 1 1 1 1 1 1 1 1 1 1 1 1 1 1 1 1 1 1 1 1 1 1 1 1 1 1 1 1 1 1 1 1 1 1 1 1 1 1 1 1 1 1 1 1 1 1 1 1 1 1 1 1 1 1 1 1 1 1 1 1 1 1 1 1 1 1 1 1 1 1 1 1 1 1 1 1 1 1 1 1 1 1 1 1 1 1 1 1 1 1 1 1 1 1 1 1 1 1 1 1 1 1 1 1 1 1 1 1 1 1 1 1 1 1 1 1 1 1 1 1 1 1 1 1 1 1 1 1 1 1 1 1 1 1 1 1 1 1 1 1 1 1 1 1 1 1 1 1 1 1 1 1 1 1 1 1 1 1 1 1 1 1 1 1 1 1 1 1 1 1 1 1 1 1 1 1 1 1 1 1 1 1 1 1 1 1 1 1 1 1 1 1 1 1 1 1 1 1 1 1 1 1 1 1 1 1 1 1 1 1 1 1 1 1 1 1 1 1 1 1 1 1 1 1 1 1 1 1 1 1 1 1 1 1 1 1 1 1 1 1 1 1 1 1 1 1 1 1 1 1 1 1 1 1 1 1 1 1 1 1 1 1 1 1 1 1 1 1 1 1 1 1 1 1 1 1 1 1 1 1 1 1 1 1 1 1 1 1 1 1 1 1 1 1 1 1 1 1 1 1 1 1 1 1 1 1 1 1 1 1 1 1 1 1 1 1 1 1 1 1 1 1 1 1 1 1 1 1 1 1 1 1 1 1 1 1 1 1 1 1 1 1 1 1 1 1 1 1 1 1 1 1 1 1 1 1 1 1 1 1 1 1 1 1 1 1 1 1 1 1 1 1 1 1 1 1 1 1 1 1 1 1 1 1 1 1 1 1 1 1 1 1 1 1 1 1 1 1 1 1 1 1 1 1 1 1 1 1 1 1 1 1 1 1 1 1 1 1 1 1 1 1 1 1 1 1 1 1 1 1 1 1 1 1 1 1 1 1 1 1 1 1 1 1 1 1 1 1 1 1 1 1 1 1 1 1 1 1 1 1 1 1 1 1 1 1 1 1 1 1 1 1 1 1 1 1 1 1 1 1 1 1 1 1 1 1 1 1 1 1 1 1 1 1 1 1 1 1 1 1 1 1 1 1 1 1 1 1 1 1 1 1 1 1 1 1 1 1 1 1 1 1 1 1 1 1 1 1 1 1 1 1 1 1 1 1 1 1 1 1 1 1 1 0 0 0 0 0 0 0 0 0 0 0 
