# This file contains a 2D laser scan observation. 
# Its format is: 
# [aperture] [max_range] [number_of_scans] 
# [vector_of_scans] 
# [vector_of_valid_scans] 
# The aperture of the sensor is in radians, the maximum range 
# and measurements are in meters. '1' means a valid scan, '0' otherwise.
4.1847
5.6
682
0.55 0.55 0.55 0.55 0.549 0.546 0.546 0.544 0.544 0.542 0.542 0.542 0.542 0.541 0.54 0.541 0.54 0.537 0.537 0.538 0.536 0.534 0.538 0.534 0.534 0.535 0.535 0.531 0.53 0.53 0.527 0.53 0.53 0.534 0.53 0.532 0.53 0.53 0.53 0.531 0.531 0.531 0.531 0.531 0.526 0.526 0.528 0.527 0.528 0.528 0.527 0.527 0.53 0.53 0.53 0.53 0.53 0.53 0.53 0.531 0.532 0.532 0.532 0.532 0.532 0.531 0.531 0.531 0.535 0.535 0.535 0.535 0.537 0.538 0.541 0.541 0.541 0.541 0.541 0.542 0.543 0.543 0.543 0.546 0.546 0.546 0.549 0.551 0.549 0.551 0.551 0.551 0.555 0.555 0.555 0.555 0.556 0.557 0.557 0.558 0.559 0.562 0.563 0.566 0.566 0.566 0.568 0.568 0.57 0.57 0.572 0.576 0.577 0.577 0.577 0.577 0.577 0.577 0.583 0.584 0.584 0.591 0.591 0.591 0.593 0.593 0.593 0.604 0.604 0.604 0.604 0.604 0.604 0.608 0.611 0.613 0.613 0.618 0.617 0.618 0.626 0.626 0.629 0.636 0.636 0.638 0.638 0.641 0.644 0.65 0.652 0.652 0.658 0.661 0.661 0.667 0.669 0.67 0.674 0.684 0.684 0.685 0.687 0.689 0.694 0.702 0.702 0.715 0.716 0.723 0.725 0.725 0.723 0.723 0.725 0.718 0.605 0.511 0.482 0.48 0.473 0.477 0.477 0.476 0.477 0.477 0.477 0.477 0.477 0.477 0.479 0.48 0.479 0.479 0.481 0.481 0.479 0.475 0.467 0.448 0.443 0.443 0.443 0.492 0.534 0.534 0.534 0.529 0.339 0.321 0.308 0.308 0.305 0.308 0.308 0.303 0.303 0.303 0.302 0.303 0.302 0.302 0.304 0.304 0.304 0.304 0.304 0.301 0.299 0.299 0.298 0.296 0.291 0.291 0.291 0.287 0.287 0.287 0.287 0.287 0.286 0.286 0.286 0.284 0.284 0.284 0.279 0.279 0.279 0.279 0.279 0.279 0.279 0.28 0.28 0.28 0.279 0.28 0.279 0.278 0.277 0.275 0.274 0.274 0.274 0.272 0.272 0.275 0.278 0.278 0.279 0.278 0.273 0.272 0.272 0.272 0.272 0.272 0.272 0.275 0.275 0.275 0.275 0.275 0.277 0.277 0.277 0.278 0.278 0.277 0.278 0.278 0.278 0.278 0.28 0.284 0.285 0.286 0.285 0.287 0.289 0.289 0.284 0.292 0.292 0.282 0.282 0.29 0.29 0.285 0.285 0.285 0.284 0.282 0.28 0.276 0.276 0.276 0.276 0.276 0.274 0.276 0.274 0.274 0.274 0.27 0.27 0.278 0.275 0.275 0.276 0.276 0.276 0.276 0.277 0.278 0.277 0.277 0.278 0.278 0.277 0.276 0.276 0.276 0.277 0.281 0.281 0.287 0.281 0.281 0.28 0.281 0.281 0.285 0.285 0.285 0.286 0.284 0.284 0.284 0.285 0.285 0.291 0.291 0.291 0.291 0.29 0.29 0.29 0.292 0.294 0.294 0.294 0.294 0.293 0.293 0.293 0.299 0.3 0.304 0.309 0.313 0.313 0.31 0.31 0.31 0.306 0.306 0.305 0.306 0.307 0.311 0.311 0.312 0.315 0.317 0.321 0.321 0.321 0.323 0.325 0.325 0.325 0.331 0.331 0.332 0.333 0.333 0.333 0.341 0.344 0.346 0.346 0.346 0.347 0.35 0.351 0.352 0.353 0.357 0.359 0.36 0.36 0.37 0.37 0.371 0.371 0.369 0.369 0.375 0.377 0.38 0.383 0.386 0.387 0.388 0.388 0.39 0.395 0.397 0.402 0.406 0.407 0.407 0.41 0.42 0.498 0.602 0.602 0.602 0.601 0.599 0.599 0.596 0.594 0.591 0.591 0.595 0.595 0.597 0.597 0.597 0.606 0.606 0.606 0.606 0.606 0.608 0.613 0.613 0.614 0.628 0.632 0.646 0.654 0.66 0.67 0.673 0.687 0.696 0.697 0.714 0.724 0.726 0.749 0.757 0.763 0.785 0.794 0.796 0.815 0.834 0.844 0.867 0.88 0.886 0.905 1.012 1.756 1.758 1.76 1.758 1.756 1.756 1.754 1.749 1.749 1.749 1.754 0 0 0 0 0 0.007 0 0 0 0 0 0 0 0 0 0 0 0.007 0 1.032 0 1.032 1.032 1.032 1.029 1.029 1.028 1.028 1.03 1.03 1.03 1.03 1.028 1.022 1.022 1.022 1.026 1.026 1.026 1.026 1.021 1.018 1.018 1.016 1.016 1.018 1.057 1.09 1.09 1.093 1.11 2.635 2.635 2.635 2.569 2.565 2.565 2.568 2.568 2.568 2.576 2.579 2.579 2.576 2.579 2.583 2.588 2.593 0.006 0.007 0.006 2.597 2.597 2.586 2.586 2.557 2.421 2.421 2.317 2.313 2.313 2.317 2.323 2.64 2.642 2.643 2.643 2.652 2.661 2.668 2.67 2.671 2.671 2.685 2.69 2.695 2.702 2.705 2.707 2.709 2.709 2.709 2.285 2.279 2.245 2.211 2.173 2.153 2.092 2.061 2.032 2.002 1.971 1.939 1.909 1.882 1.848 1.832 1.804 1.799 1.765 1.751 1.732 1.703 1.679 1.661 1.651 1.631 1.607 1.592 1.569 1.566 1.542 1.528 1.506 1.495 1.475 1.469 1.447 1.432 1.427 1.403 1.398 1.376 1.372 1.358 1.342 1.33 1.329 1.313 1.301 1.286 1.284 1.266 1.255 1.25 1.236 1.211 1.21 1.205 1.2 1.187 1.174 1.166 1.154 1.15 1.149 1.134 1.123 1.122 1.108 1.105 1.102 
1 1 1 1 1 1 1 1 1 1 1 1 1 1 1 1 1 1 1 1 1 1 1 1 1 1 1 1 1 1 1 1 1 1 1 1 1 1 1 1 1 1 1 1 1 1 1 1 1 1 1 1 1 1 1 1 1 1 1 1 1 1 1 1 1 1 1 1 1 1 1 1 1 1 1 1 1 1 1 1 1 1 1 1 1 1 1 1 1 1 1 1 1 1 1 1 1 1 1 1 1 1 1 1 1 1 1 1 1 1 1 1 1 1 1 1 1 1 1 1 1 1 1 1 1 1 1 1 1 1 1 1 1 1 1 1 1 1 1 1 1 1 1 1 1 1 1 1 1 1 1 1 1 1 1 1 1 1 1 1 1 1 1 1 1 1 1 1 1 1 1 1 1 1 1 1 1 1 1 1 1 1 1 1 1 1 1 1 1 1 1 1 1 1 1 1 1 1 1 1 1 1 1 1 1 1 1 1 1 1 1 1 1 1 1 1 1 1 1 1 1 1 1 1 1 1 1 1 1 1 1 1 1 1 1 1 1 1 1 1 1 1 1 1 1 1 1 1 1 1 1 1 1 1 1 1 1 1 1 1 1 1 1 1 1 1 1 1 1 1 1 1 1 1 1 1 1 1 1 1 1 1 1 1 1 1 1 1 1 1 1 1 1 1 1 1 1 1 1 1 1 1 1 1 1 1 1 1 1 1 1 1 1 1 1 1 1 1 1 1 1 1 1 1 1 1 1 1 1 1 1 1 1 1 1 1 1 1 1 1 1 1 1 1 1 1 1 1 1 1 1 1 1 1 1 1 1 1 1 1 1 1 1 1 1 1 1 1 1 1 1 1 1 1 1 1 1 1 1 1 1 1 1 1 1 1 1 1 1 1 1 1 1 1 1 1 1 1 1 1 1 1 1 1 1 1 1 1 1 1 1 1 1 1 1 1 1 1 1 1 1 1 1 1 1 1 1 1 1 1 1 1 1 1 1 1 1 1 1 1 1 1 1 1 1 1 1 1 1 1 1 1 1 1 1 1 1 1 1 1 1 1 1 1 1 1 1 1 1 1 1 1 1 1 1 1 1 1 1 1 1 1 1 1 1 1 1 1 1 1 1 1 1 1 1 1 1 1 1 1 1 1 1 1 1 1 1 1 1 0 0 0 0 0 0 0 0 0 0 0 0 0 0 0 0 0 0 0 1 0 1 1 1 1 1 1 1 1 1 1 1 1 1 1 1 1 1 1 1 1 1 1 1 1 1 1 1 1 1 1 1 1 1 1 1 1 1 1 1 1 1 1 1 1 1 1 1 0 0 0 1 1 1 1 1 1 1 1 1 1 1 1 1 1 1 1 1 1 1 1 1 1 1 1 1 1 1 1 1 1 1 1 1 1 1 1 1 1 1 1 1 1 1 1 1 1 1 1 1 1 1 1 1 1 1 1 1 1 1 1 1 1 1 1 1 1 1 1 1 1 1 1 1 1 1 1 1 1 1 1 1 1 1 1 1 1 1 1 1 1 1 1 1 1 1 1 1 1 1 1 1 1 
