# This file contains a 2D laser scan observation. 
# Its format is: 
# [aperture] [max_range] [number_of_scans] 
# [vector_of_scans] 
# [vector_of_valid_scans] 
# The aperture of the sensor is in radians, the maximum range 
# and measurements are in meters. '1' means a valid scan, '0' otherwise.
4.1847
5.6
682
0.876 0.876 0.656 0.656 0.652 0.65 0.65 0.651 0.65 0.65 0.65 0.646 0.574 0.477 0.471 0.468 0.468 0.463 0.463 0.462 0.454 0.453 0.451 0.448 0.448 0.445 0.438 0.437 0.434 0.431 0.426 0.423 0.423 0.422 0.421 0.421 0.418 0.417 0.415 0.415 0.408 0.403 0.402 0.402 0.402 0.4 0.4 0.399 0.399 0.399 0.398 0.393 0.388 0.387 0.384 0.384 0.382 0.38 0.38 0.374 0.37 0.37 0.368 0.368 0.368 0.368 0.366 0.366 0.364 0.359 0.358 0.358 0.358 0.356 0.353 0.353 0.353 0.353 0.352 0.352 0.352 0.349 0.345 0.345 0.345 0.345 0.345 0.344 0.344 0.341 0.344 0.344 0.34 0.34 0.335 0.335 0.335 0.335 0.335 0.331 0.331 0.33 0.33 0.334 0.341 0.334 0.334 0.334 0.333 0.33 0.33 0.328 0.328 0.328 0.328 0.328 0.327 0.326 0.325 0.325 0.325 0.326 0.325 0.325 0.321 0.32 0.32 0.32 0.32 0.32 0.317 0.317 0.317 0.32 0.32 0.328 0.322 0.322 0.325 0.325 0.325 0.325 0.325 0.325 0.322 0.322 0.322 0.323 0.327 0.327 0.326 0.327 0.328 0.33 0.333 0.333 0.333 0.33 0.328 0.328 0.328 0.324 0.322 0.322 0.317 0.317 0.317 0.315 0.315 0.315 0.315 0.315 0.321 0.324 0.324 0.322 0.324 0.322 0.322 0.322 0.319 0.319 0.319 0.319 0.319 0.32 0.322 0.324 0.324 0.324 0.324 0.325 0.324 0.324 0.324 0.326 0.332 0.333 0.333 0.332 0.332 0.328 0.324 0.324 0.333 0.334 0.334 0.334 0.336 0.334 0.336 0.337 0.337 0.337 0.337 0.333 0.333 0.333 0.35 0.638 0.672 0.672 0.672 0.657 0.648 0.64 0.635 0.634 0.631 0.618 0.618 0.602 0.597 0.594 0.576 0.569 0.568 0.565 0.561 0.551 0.548 0.545 0.543 0.531 0.521 0.519 0.516 0.507 0.506 0.502 0.494 0.492 0.486 0.481 0.48 0.48 0.48 0.489 0.489 0.489 0.489 0.489 0.485 0.485 0.485 0.485 0.485 0.484 0.487 0.487 0.487 0.487 0.491 0.493 0.494 0.497 0.508 0.511 0.513 0.515 0.516 0.519 0.522 0.528 0.528 0.53 0.534 0.539 0.543 0.543 0.543 0.551 0.559 0.559 0.561 0.569 0.574 0.575 0.577 0.585 0.589 0.599 0.6 0.603 0.603 0.615 0.628 0.63 0.631 0.635 0.636 0.642 0.649 0.659 0.665 0.668 0.671 0.686 0.696 0.698 0.7 0.711 0.719 0.719 0.736 0.738 1.694 1.694 1.694 1.657 1.657 1.644 1.644 1.643 1.632 1.625 1.624 1.619 1.613 1.608 1.604 1.604 1.604 1.604 0 0 0 0 0 0 0 0 0 0 0 0 0 0 0 0 0 0 0 0 0 0 0 0 0 0 0 0 0 0 0.864 0.857 0.857 0.854 0.851 0.848 0.838 0.838 0.844 0.844 0.844 0.845 0.845 0.847 0.848 0.906 0.909 0.909 0.906 0.905 0.905 0.905 3.078 3.078 3.078 3.078 3.078 3.204 3.28 3.383 3.39 3.39 3.385 3.386 3.386 3.385 3.386 3.392 3.392 3.38 2.368 2.362 2.362 2.368 2.37 2.37 2.37 2.37 2.37 2.369 2.372 2.378 2.374 2.374 2.378 2.378 2.383 2.383 2.385 2.396 2.396 2.27 2.396 2.395 2.27 2.25 2.161 2.116 2.116 2.116 2.117 2.119 2.427 2.435 2.442 2.442 2.445 2.446 2.448 2.454 2.462 2.466 2.474 2.479 2.482 2.492 2.492 2.497 2.504 2.504 2.514 2.514 2.514 2.086 2.082 2.065 2.004 1.969 1.95 1.915 1.9 1.869 1.835 1.808 1.782 1.756 1.746 1.718 1.688 1.66 1.641 1.631 1.605 1.589 1.574 1.549 1.533 1.51 1.508 1.478 1.461 1.45 1.443 1.42 1.408 1.39 1.373 1.36 1.349 1.329 1.323 1.307 1.299 1.284 1.274 1.265 1.251 1.241 1.225 1.221 1.203 1.199 1.184 1.18 1.162 1.151 1.151 1.137 1.123 1.118 1.109 1.104 1.095 1.09 1.084 1.073 1.065 1.057 1.055 1.048 1.033 1.031 1.026 1.019 1.007 1.007 0.998 0.998 0.982 0.981 0.977 0.97 0.962 0.957 0.956 0.947 0.944 0.938 0.934 0.927 0.924 0.923 0.922 0.911 0.911 0.9 0.899 0.897 0.894 0.89 0.886 0.882 0.88 0.875 0.868 0.868 0.866 0.858 0.857 0.857 0.854 0.852 0.851 0.845 0.844 0.844 0.835 0.832 0.828 0.831 0.828 0.827 0.819 0.809 0.808 0.808 0.806 0.806 0.806 0.805 0.802 0.8 0.797 0.792 0.792 0.796 0.792 0.792 0.792 0.79 0.789 0.787 0.78 0.78 0.777 0.775 0.777 0.771 0.771 0.767 0.767 0.766 0.766 0.767 0.767 0.767 0.767 0.764 0.758 0.758 0.758 0.758 0.755 0.752 0.752 0.746 0.751 0.751 0.751 0.751 0.751 0.75 0.744 0.743 0.743 0.743 0.742 0.742 0.742 0.741 0.739 0.737 0.739 0.737 0.735 0.737 0.738 0.738 0.738 0.739 0.739 0.739 0.739 0.739 0.739 0.745 0.741 0.741 0.741 0.741 0.741 0.741 0.741 0.745 0.745 0.742 0.742 0.742 0.741 0.74 0.74 0.74 0.74 0.736 0.734 0.736 0.74 0.734 
1 1 1 1 1 1 1 1 1 1 1 1 1 1 1 1 1 1 1 1 1 1 1 1 1 1 1 1 1 1 1 1 1 1 1 1 1 1 1 1 1 1 1 1 1 1 1 1 1 1 1 1 1 1 1 1 1 1 1 1 1 1 1 1 1 1 1 1 1 1 1 1 1 1 1 1 1 1 1 1 1 1 1 1 1 1 1 1 1 1 1 1 1 1 1 1 1 1 1 1 1 1 1 1 1 1 1 1 1 1 1 1 1 1 1 1 1 1 1 1 1 1 1 1 1 1 1 1 1 1 1 1 1 1 1 1 1 1 1 1 1 1 1 1 1 1 1 1 1 1 1 1 1 1 1 1 1 1 1 1 1 1 1 1 1 1 1 1 1 1 1 1 1 1 1 1 1 1 1 1 1 1 1 1 1 1 1 1 1 1 1 1 1 1 1 1 1 1 1 1 1 1 1 1 1 1 1 1 1 1 1 1 1 1 1 1 1 1 1 1 1 1 1 1 1 1 1 1 1 1 1 1 1 1 1 1 1 1 1 1 1 1 1 1 1 1 1 1 1 1 1 1 1 1 1 1 1 1 1 1 1 1 1 1 1 1 1 1 1 1 1 1 1 1 1 1 1 1 1 1 1 1 1 1 1 1 1 1 1 1 1 1 1 1 1 1 1 1 1 1 1 1 1 1 1 1 1 1 1 1 1 1 1 1 1 1 1 1 1 1 1 1 1 1 1 1 1 1 1 1 1 1 1 1 1 1 1 1 1 1 1 1 1 1 0 0 0 0 0 0 0 0 0 0 0 0 0 0 0 0 0 0 0 0 0 0 0 0 0 0 0 0 0 0 1 1 1 1 1 1 1 1 1 1 1 1 1 1 1 1 1 1 1 1 1 1 1 1 1 1 1 1 1 1 1 1 1 1 1 1 1 1 1 1 1 1 1 1 1 1 1 1 1 1 1 1 1 1 1 1 1 1 1 1 1 1 1 1 1 1 1 1 1 1 1 1 1 1 1 1 1 1 1 1 1 1 1 1 1 1 1 1 1 1 1 1 1 1 1 1 1 1 1 1 1 1 1 1 1 1 1 1 1 1 1 1 1 1 1 1 1 1 1 1 1 1 1 1 1 1 1 1 1 1 1 1 1 1 1 1 1 1 1 1 1 1 1 1 1 1 1 1 1 1 1 1 1 1 1 1 1 1 1 1 1 1 1 1 1 1 1 1 1 1 1 1 1 1 1 1 1 1 1 1 1 1 1 1 1 1 1 1 1 1 1 1 1 1 1 1 1 1 1 1 1 1 1 1 1 1 1 1 1 1 1 1 1 1 1 1 1 1 1 1 1 1 1 1 1 1 1 1 1 1 1 1 1 1 1 1 1 1 1 1 1 1 1 1 1 1 1 1 1 1 1 1 1 1 1 1 1 1 1 1 1 1 1 1 1 1 1 1 1 1 1 1 1 1 1 1 1 1 1 1 1 1 1 1 1 1 1 1 1 1 1 1 1 1 1 1 1 1 1 1 1 1 1 1 1 1 1 1 
