# This file contains a 2D laser scan observation. 
# Its format is: 
# [aperture] [max_range] [number_of_scans] 
# [vector_of_scans] 
# [vector_of_valid_scans] 
# The aperture of the sensor is in radians, the maximum range 
# and measurements are in meters. '1' means a valid scan, '0' otherwise.
4.1847
5.6
682
0.462 0.462 0.462 0.463 0.463 0.463 0.463 0.458 0.458 0.457 0.457 0.454 0.452 0.452 0.451 0.451 0.451 0.451 0.451 0.451 0.45 0.45 0.45 0.445 0.443 0.443 0.447 0.443 0.446 0.446 0.446 0.446 0.446 0.443 0.448 0.441 0.441 0.441 0.442 0.442 0.449 0.449 0.449 0.451 0.452 0.441 0.448 0.448 0.448 0.448 0.451 0.451 0.452 0.458 0.458 0.458 0.459 0.46 0.463 0.464 0.464 0.46 0.461 0.46 0.459 0.457 0.457 0.454 0.44 0.44 0.44 0.44 0.442 0.446 0.452 0.459 0.466 0.867 0.935 0.935 0.942 0.935 0.942 0.939 0.941 0.941 0.941 0.941 0.944 0.944 0.938 0.936 0.915 0.887 0.87 0.837 0.822 0.797 0.775 0.764 0.74 0.722 0.712 0.683 0.676 0.662 0.641 0.641 0.628 0.611 0.599 0.59 0.572 0.571 0.565 0.549 0.542 0.542 0.542 0.543 0.543 0.543 0.542 0.542 0.539 0.539 0.538 0.537 0.536 0.536 0.536 0.532 0.532 0.536 0.541 0.541 0.542 0.544 0.546 0.549 0.549 0.55 0.552 0.559 0.563 0.565 0.565 0.565 0.565 0.566 0.569 0.571 0.575 0.575 0.577 0.578 0.586 0.586 0.587 0.587 0.591 0.592 0.596 0.596 0.596 0.604 0.609 0.609 0.609 0.617 0.617 0.62 0.621 0.624 0.626 0.632 0.636 0.641 0.646 0.65 0.65 0.652 0.657 0.666 0.668 0.675 0.68 0.68 0.68 0.684 0.693 0.694 0.7 0.707 0.711 0.714 0.721 0.723 0.727 0.734 0.735 1.477 0.007 0.006 1.533 1.547 1.533 1.533 1.536 1.547 1.59 1.595 1.595 1.621 1.628 1.642 1.669 1.681 0.007 0 0 0 0 0 0 0 0 0 0 0 0 0 0 0 0 0 0 0 0 0 0 0 0 0.007 0 0 0 0 0 0 0 0 0 0 0 0 0.803 0.801 0.8 0.796 0.796 0.794 0.794 0.007 0 0 0 0 0 0 0 0 0 0 0.007 0 0 0 0 3.176 3.14 3.132 3.132 3.124 3.107 3.104 3.096 3.087 3.083 3.078 3.057 3.05 3.041 3.038 3.033 3.023 3.02 3.009 3.007 3.007 3.007 3.012 3.184 3.202 3.213 3.307 3.307 3.307 3.307 3.307 3.305 3.296 3.292 2.331 2.285 2.28 2.28 2.28 2.281 2.281 2.281 2.281 2.281 2.284 2.28 2.286 5.138 2.286 2.286 2.286 2.287 2.287 2.287 2.29 2.29 2.287 2.29 2.29 2.258 2.258 2.056 2.007 2.007 2.007 2.007 2.011 2.018 2.326 2.329 2.334 2.334 2.336 2.342 2.344 2.345 2.347 2.349 2.358 2.364 2.364 2.37 2.378 2.38 2.383 2.387 2.387 2.387 2.387 1.97 1.965 1.961 1.935 1.875 1.844 1.814 1.78 1.75 1.725 1.702 1.668 1.637 1.63 1.6 1.582 1.554 1.542 1.51 1.495 1.47 1.451 1.43 1.412 1.391 1.387 1.359 1.345 1.328 1.312 1.307 1.283 1.269 1.248 1.235 1.223 1.207 1.198 1.18 1.172 1.163 1.152 1.137 1.125 1.122 1.111 1.092 1.09 1.078 1.068 1.062 1.042 1.035 1.027 1.027 1.01 1.007 1 0.982 0.981 0.967 0.964 0.961 0.956 0.947 0.937 0.933 0.926 0.913 0.91 0.907 0.903 0.894 0.887 0.883 0.883 0.875 0.874 0.871 0.858 0.854 0.845 0.844 0.843 0.84 0.833 0.83 0.826 0.816 0.812 0.812 0.812 0.809 0.804 0.793 0.79 0.788 0.786 0.786 0.785 0.775 0.771 0.771 0.769 0.763 0.762 0.761 0.753 0.753 0.745 0.745 0.745 0.742 0.742 0.741 0.733 0.728 0.727 0.725 0.724 0.721 0.721 0.721 0.72 0.718 0.718 0.71 0.704 0.7 0.699 0.697 0.693 0.693 0.693 0.691 0.693 0.691 0.686 0.683 0.683 0.683 0.68 0.672 0.672 0.672 0.67 0.668 0.674 0.669 0.669 0.669 0.669 0.665 0.665 0.664 0.663 0.662 0.654 0.654 0.656 0.656 0.655 0.656 0.655 0.654 0.654 0.654 0.652 0.648 0.648 0.648 0.648 0.646 0.646 0.642 0.641 0.64 0.64 0.639 0.64 0.64 0.641 0.641 0.642 0.641 0.642 0.643 0.643 0.641 0.641 0.638 0.638 0.638 0.641 0.641 0.641 0.64 0.64 0.637 0.637 0.64 0.641 0.641 0.641 0.641 0.641 0.641 0.641 0.644 0.641 0.644 0.639 0.644 0.64 0.64 0.64 0.64 0.64 0.639 0.641 0.639 0.64 0.64 0.641 0.64 0.64 0.641 0.64 0.64 0.641 0.641 0.641 0.641 0.641 0.64 0.64 0.641 0.641 0.646 0.646 0.641 0.638 0.638 0.638 0.638 0.638 0.642 0.645 0.645 0.645 0.647 0.647 0.648 0.648 0.651 0.651 0.652 0.657 0.659 0.659 0.661 0.661 0.663 0.663 0.735 1.128 1.133 1.135 1.139 1.145 1.146 1.157 1.164 1.164 1.166 1.167 1.167 1.171 1.178 1.182 1.184 1.186 1.197 1.199 1.201 1.203 1.216 1.219 1.222 1.229 1.23 1.231 1.233 1.242 1.246 1.252 1.253 1.26 1.263 1.274 1.278 1.288 1.295 1.336 1.356 1.356 1.356 1.343 1.328 1.32 1.3 1.296 1.295 1.275 
1 1 1 1 1 1 1 1 1 1 1 1 1 1 1 1 1 1 1 1 1 1 1 1 1 1 1 1 1 1 1 1 1 1 1 1 1 1 1 1 1 1 1 1 1 1 1 1 1 1 1 1 1 1 1 1 1 1 1 1 1 1 1 1 1 1 1 1 1 1 1 1 1 1 1 1 1 1 1 1 1 1 1 1 1 1 1 1 1 1 1 1 1 1 1 1 1 1 1 1 1 1 1 1 1 1 1 1 1 1 1 1 1 1 1 1 1 1 1 1 1 1 1 1 1 1 1 1 1 1 1 1 1 1 1 1 1 1 1 1 1 1 1 1 1 1 1 1 1 1 1 1 1 1 1 1 1 1 1 1 1 1 1 1 1 1 1 1 1 1 1 1 1 1 1 1 1 1 1 1 1 1 1 1 1 1 1 1 1 1 1 1 1 1 1 1 1 1 1 1 1 1 0 0 1 1 1 1 1 1 1 1 1 1 1 1 1 1 0 0 0 0 0 0 0 0 0 0 0 0 0 0 0 0 0 0 0 0 0 0 0 0 0 0 0 0 0 0 0 0 0 0 0 0 0 0 1 1 1 1 1 1 1 0 0 0 0 0 0 0 0 0 0 0 0 0 0 0 0 1 1 1 1 1 1 1 1 1 1 1 1 1 1 1 1 1 1 1 1 1 1 1 1 1 1 1 1 1 1 1 1 1 1 1 1 1 1 1 1 1 1 1 1 1 1 1 1 1 1 1 1 1 1 1 1 1 1 1 1 1 1 1 1 1 1 1 1 1 1 1 1 1 1 1 1 1 1 1 1 1 1 1 1 1 1 1 1 1 1 1 1 1 1 1 1 1 1 1 1 1 1 1 1 1 1 1 1 1 1 1 1 1 1 1 1 1 1 1 1 1 1 1 1 1 1 1 1 1 1 1 1 1 1 1 1 1 1 1 1 1 1 1 1 1 1 1 1 1 1 1 1 1 1 1 1 1 1 1 1 1 1 1 1 1 1 1 1 1 1 1 1 1 1 1 1 1 1 1 1 1 1 1 1 1 1 1 1 1 1 1 1 1 1 1 1 1 1 1 1 1 1 1 1 1 1 1 1 1 1 1 1 1 1 1 1 1 1 1 1 1 1 1 1 1 1 1 1 1 1 1 1 1 1 1 1 1 1 1 1 1 1 1 1 1 1 1 1 1 1 1 1 1 1 1 1 1 1 1 1 1 1 1 1 1 1 1 1 1 1 1 1 1 1 1 1 1 1 1 1 1 1 1 1 1 1 1 1 1 1 1 1 1 1 1 1 1 1 1 1 1 1 1 1 1 1 1 1 1 1 1 1 1 1 1 1 1 1 1 1 1 1 1 1 1 1 1 1 1 1 1 1 1 1 1 1 1 1 1 1 1 1 1 1 1 1 1 1 1 1 1 1 1 1 1 1 1 1 1 1 1 1 1 1 1 1 1 1 1 1 1 1 1 1 1 1 1 1 1 1 1 1 1 1 1 1 1 1 1 1 1 1 1 1 1 1 1 1 1 1 1 1 1 
