# This file contains a 2D laser scan observation. 
# Its format is: 
# [aperture] [max_range] [number_of_scans] 
# [vector_of_scans] 
# [vector_of_valid_scans] 
# The aperture of the sensor is in radians, the maximum range 
# and measurements are in meters. '1' means a valid scan, '0' otherwise.
4.1847
5.6
682
0.917 0.923 0.923 0.923 0.924 0.931 0.931 1.809 1.809 1.812 1.812 1.813 1.815 1.815 1.813 1.816 1.816 1.818 1.82 1.82 1.82 1.82 1.819 1.819 1.818 1.813 1.814 1.808 1.808 1.808 1.808 1.808 1.812 1.815 1.815 1.815 1.814 1.813 1.813 1.813 1.813 1.811 1.278 0.92 0.899 0.735 0.682 0.682 0.68 0.677 0.68 0.68 0.68 0.685 1.835 1.846 1.855 1.855 1.856 1.858 1.858 1.858 0.322 0.322 0.322 0.322 0.32 0.323 0.327 0.328 0.328 0.328 0.327 0.327 0.325 0.326 0.324 0.324 0.323 0.324 0.324 1.943 1.943 1.943 1.355 1.354 1.354 1.355 1.969 1.981 1.987 1.987 1.993 1.995 2.004 2.016 2.018 2.022 2.022 2.022 1.982 1.015 1.015 1.012 1.012 1.018 1.019 2.107 2.116 2.117 2.117 2.119 2.119 2.119 1.066 1.066 1.056 1.066 1.066 1.056 1.056 0.804 0.798 0.798 0.794 0.794 0.794 0.798 2.281 2.294 2.307 2.307 2.317 2.321 2.347 2.353 2.353 2.353 2.173 2.165 2.141 1.969 1.956 1.935 1.362 1.346 1.346 1.346 2.261 2.288 2.299 2.299 2.314 2.326 2.339 2.347 2.368 2.382 2.4 2.407 2.407 2.407 0.861 0.861 0.853 0.852 0.845 0.852 0.852 2.637 2.648 2.655 2.655 2.655 2.725 2.725 2.725 2.736 0.933 0.922 0.54 0.54 0.54 0.54 0.541 0.541 0.546 0.542 0.541 0.542 0.549 0 0 0 3.865 3.865 3.865 3.903 3.935 0 0 0 0 0 0 4.374 4.364 4.364 4.374 4.423 4.525 4.526 4.525 4.525 2.324 2.324 2.321 2.321 2.306 2.306 2.305 2.302 2.302 2.298 2.293 2.288 2.284 2.277 2.273 2.273 2.273 0 0 0 0 0.007 0 0 0 0 0 0 1.753 1.737 1.726 1.686 1.624 1.619 1.591 1.59 1.589 1.589 1.589 1.591 1.594 1.594 1.594 1.589 1.584 1.569 1.566 1.566 1.566 1.567 1.567 1.571 1.571 1.567 1.565 1.564 1.564 1.564 1.573 1.579 1.579 1.579 1.579 1.579 1.575 1.583 1.583 1.575 1.573 1.573 1.573 1.58 1.58 1.58 1.58 1.579 1.579 1.579 1.579 1.579 1.579 1.579 1.587 1.582 1.582 1.586 1.586 1.586 1.59 1.595 1.6 1.598 1.595 1.595 1.598 1.598 1.6 1.601 1.609 1.609 1.609 1.61 1.611 1.62 1.621 1.625 1.625 1.632 1.633 1.636 1.642 1.636 1.642 1.643 1.643 1.655 1.66 1.666 1.672 1.673 1.675 1.677 1.677 1.68 1.68 1.683 1.693 0 0 0 0 0 0 0 0 0 0 0 0 0 0 0 0 0 0 0 0 0 0 0 0 0 0 0 0 1.146 1.121 1.121 1.135 1.135 1.137 1.151 1.163 1.163 1.156 1.163 1.156 1.129 1.129 1.129 1.122 1.122 1.122 1.116 1.111 1.111 1.087 1.072 1.058 1.051 1.044 1.039 1.034 1.033 1.014 1.014 1.007 1.007 1.007 0.997 0.996 0.992 0.974 0.954 0.947 0.942 0.942 0.942 0.939 0.939 0.93 0.921 0.921 0.919 0.906 0.904 0.904 0.906 0.904 0.894 0.894 0.887 0.887 0.881 0.871 0.869 0.864 0.863 0.855 0.853 0.849 0.846 0.844 0.843 0.84 0.822 0.819 0.819 0.819 0.819 0.827 0.827 0.827 0.816 0.813 0.813 0.812 0.808 0.792 0.791 0.791 0.79 0.787 0.783 0.781 0.777 0.781 0.781 0.781 0.775 0.77 0.762 0.762 0.762 0.76 0.755 0.754 0.754 0.752 0.752 0.751 0.751 0.751 0.752 0.752 0.752 0.752 0.752 0.745 0.739 0.735 0.734 0.729 0.728 0.728 0.727 0.727 0.727 0.727 0.725 0.726 0.725 0.721 0.721 0.714 0.714 0.714 0.713 0.713 0.71 0.71 0.71 0.71 0.71 0.707 0.707 0.706 0.706 0.706 0.707 0.702 0.708 0.705 0.705 0.705 0.705 0.704 0.697 0.696 0.696 0.694 0.693 0.689 0.686 0.686 0.689 0.7 0.7 0.7 0.694 0.694 0.694 0.695 0.697 0.716 0.716 0.716 0.716 0.714 0.712 0.708 0.706 0.702 0.702 0.706 0.705 0.705 0.706 0.706 0.706 0.71 0.712 0.71 0.707 0.709 0.707 0.707 0.708 0.709 0.714 0.714 0.713 0.715 0.715 0.714 0.715 0.717 0.719 0.715 0.719 0.72 0.723 0.724 0.725 0.729 0.729 0.738 0.738 0.739 0.74 0.74 0.741 0.739 0.739 0.738 0.739 0.739 0.735 0.74 0.74 0.743 0.745 0.752 0.752 0.745 0.736 0.734 0.73 0.73 0.73 0.73 0.733 0.735 0.744 0.744 0.744 0.744 0.744 0.744 0.744 0.753 0.758 0.764 0.771 0.773 0.795 0.823 0.823 0.823 0.822 0.822 0.822 0.848 0.871 0 0 0 0 0 0 0 0 0 0 0 0 0 0 0 0 0 0 0 0 0 0 0 0 0 0 0 0 0 0 0 0 0 0 0 0 0 0 0 0 0 0 0 0 0 0 0 0 0 0 0 0 0 0 
1 1 1 1 1 1 1 1 1 1 1 1 1 1 1 1 1 1 1 1 1 1 1 1 1 1 1 1 1 1 1 1 1 1 1 1 1 1 1 1 1 1 1 1 1 1 1 1 1 1 1 1 1 1 1 1 1 1 1 1 1 1 1 1 1 1 1 1 1 1 1 1 1 1 1 1 1 1 1 1 1 1 1 1 1 1 1 1 1 1 1 1 1 1 1 1 1 1 1 1 1 1 1 1 1 1 1 1 1 1 1 1 1 1 1 1 1 1 1 1 1 1 1 1 1 1 1 1 1 1 1 1 1 1 1 1 1 1 1 1 1 1 1 1 1 1 1 1 1 1 1 1 1 1 1 1 1 1 1 1 1 1 1 1 1 1 1 1 1 1 1 1 1 1 1 1 1 1 1 1 1 1 1 1 1 1 1 1 1 1 1 0 0 0 1 1 1 1 1 0 0 0 0 0 0 1 1 1 1 1 1 1 1 1 1 1 1 1 1 1 1 1 1 1 1 1 1 1 1 1 1 0 0 0 0 0 0 0 0 0 0 0 1 1 1 1 1 1 1 1 1 1 1 1 1 1 1 1 1 1 1 1 1 1 1 1 1 1 1 1 1 1 1 1 1 1 1 1 1 1 1 1 1 1 1 1 1 1 1 1 1 1 1 1 1 1 1 1 1 1 1 1 1 1 1 1 1 1 1 1 1 1 1 1 1 1 1 1 1 1 1 1 1 1 1 1 1 1 1 1 1 1 1 1 1 1 1 1 1 1 1 0 0 0 0 0 0 0 0 0 0 0 0 0 0 0 0 0 0 0 0 0 0 0 0 0 0 0 0 1 1 1 1 1 1 1 1 1 1 1 1 1 1 1 1 1 1 1 1 1 1 1 1 1 1 1 1 1 1 1 1 1 1 1 1 1 1 1 1 1 1 1 1 1 1 1 1 1 1 1 1 1 1 1 1 1 1 1 1 1 1 1 1 1 1 1 1 1 1 1 1 1 1 1 1 1 1 1 1 1 1 1 1 1 1 1 1 1 1 1 1 1 1 1 1 1 1 1 1 1 1 1 1 1 1 1 1 1 1 1 1 1 1 1 1 1 1 1 1 1 1 1 1 1 1 1 1 1 1 1 1 1 1 1 1 1 1 1 1 1 1 1 1 1 1 1 1 1 1 1 1 1 1 1 1 1 1 1 1 1 1 1 1 1 1 1 1 1 1 1 1 1 1 1 1 1 1 1 1 1 1 1 1 1 1 1 1 1 1 1 1 1 1 1 1 1 1 1 1 1 1 1 1 1 1 1 1 1 1 1 1 1 1 1 1 1 1 1 1 1 1 1 1 1 1 1 1 1 1 1 1 1 1 1 1 1 1 1 1 1 1 1 1 1 1 1 1 1 1 1 1 1 1 1 1 1 1 1 0 0 0 0 0 0 0 0 0 0 0 0 0 0 0 0 0 0 0 0 0 0 0 0 0 0 0 0 0 0 0 0 0 0 0 0 0 0 0 0 0 0 0 0 0 0 0 0 0 0 0 0 0 0 
