# This file contains a 2D laser scan observation. 
# Its format is: 
# [aperture] [max_range] [number_of_scans] 
# [vector_of_scans] 
# [vector_of_valid_scans] 
# The aperture of the sensor is in radians, the maximum range 
# and measurements are in meters. '1' means a valid scan, '0' otherwise.
4.1847
5.6
682
0.942 0.934 0.94 0.942 0.942 1.676 1.762 1.818 1.818 1.819 1.819 1.821 1.821 1.821 1.821 1.821 1.821 1.824 1.826 1.826 1.826 1.826 1.826 1.826 1.826 1.826 1.824 1.822 1.815 1.815 1.815 1.815 1.816 1.819 1.819 1.819 1.819 1.816 1.812 1.816 1.255 0.922 0.681 0.681 0.681 0.682 0.682 0.682 0.685 0.685 1.831 0.007 1.831 0.328 0.319 0.317 0.317 0.317 0.317 0.319 0.323 0.325 0.325 0.323 0.323 0.323 0.323 0.323 0.323 0.324 0.329 0.334 1.913 1.915 1.916 1.916 1.919 1.927 1.929 1.929 1.932 1.932 1.927 1.362 1.362 1.362 1.472 1.96 1.978 1.98 1.988 1.99 1.996 1.997 2.004 2.009 2.017 2.017 2.017 1.014 1.014 1.01 1.01 1.014 1.08 2.02 2.038 2.079 2.1 2.11 2.11 2.11 1.059 1.055 1.053 1.05 1.049 0.991 0.796 0.796 0.796 0.792 0.797 0.797 0.797 2.186 2.224 2.278 2.278 2.282 2.294 2.312 2.314 2.331 2.345 2.345 2.345 2.254 2.254 2.163 2.163 2.145 1.954 1.34 1.34 1.34 1.343 2.259 2.271 2.281 2.281 2.3 2.31 2.328 2.341 2.348 2.374 2.38 2.38 2.38 0.834 0.834 0.834 0.836 0.839 0.842 0.842 2.564 2.578 2.597 2.597 2.609 2.627 2.663 2.663 2.663 0.528 0.528 0.528 0.536 0.536 0.536 0.531 0.528 0.525 0.525 0.525 1.162 0.007 0 0 0 0 0 0 3.878 3.878 3.878 3.904 4.025 0.007 0 0 0 0 4.35 4.347 4.347 4.35 4.49 4.521 4.567 4.521 4.49 2.315 2.311 2.306 2.305 2.288 2.288 2.288 2.286 2.286 2.285 2.276 2.274 2.265 2.264 2.258 2.258 2.264 0 0 0 0.007 0 0 0.007 0 0 0 0 1.743 1.743 1.705 1.702 1.611 1.589 1.581 1.574 1.568 1.568 1.568 1.571 1.574 1.577 1.577 1.574 1.574 1.568 1.562 1.558 1.558 1.556 1.554 1.552 1.552 1.55 1.55 1.55 1.552 1.553 1.554 1.554 1.555 1.557 1.558 1.559 1.558 1.558 1.557 1.557 1.553 1.552 1.552 1.56 1.554 1.554 1.556 1.556 1.556 1.558 1.558 1.563 1.563 1.568 1.568 1.568 1.562 1.568 1.568 1.57 1.581 1.581 1.581 1.579 1.579 1.579 1.579 1.579 1.581 1.584 1.586 1.59 1.59 1.592 1.595 1.599 1.601 1.604 1.609 1.609 1.61 1.617 1.616 1.62 1.62 1.623 1.623 1.624 1.635 1.645 1.645 1.646 1.645 1.646 1.646 1.662 1.663 1.663 1.663 1.673 0 0 0 0 0 0 0 0 0 0 0 0 0 0 0 0 0 0 0 0.007 0 0 0 0 0 0 0 0 0 0 0 1.116 1.116 1.116 0.015 0.015 0.015 1.158 1.135 1.135 1.135 1.135 1.121 1.121 1.107 1.102 1.102 1.094 1.094 1.089 1.073 1.052 1.048 1.035 1.032 1.028 1.017 1.014 0.996 0.996 0.995 0.991 0.985 0.985 0.975 0.962 0.954 0.953 0.946 0.933 0.93 0.925 0.923 0.921 0.92 0.906 0.905 0.903 0.894 0.887 0.887 0.887 0.885 0.883 0.878 0.878 0.87 0.869 0.864 0.851 0.845 0.84 0.838 0.837 0.834 0.834 0.833 0.827 0.82 0.82 0.818 0.818 0.812 0.808 0.806 0.808 0.811 0.808 0.806 0.807 0.796 0.796 0.795 0.784 0.777 0.775 0.773 0.775 0.775 0.775 0.771 0.772 0.77 0.77 0.77 0.77 0.754 0.754 0.747 0.747 0.747 0.747 0.746 0.737 0.735 0.734 0.734 0.735 0.74 0.74 0.743 0.743 0.739 0.737 0.733 0.732 0.726 0.723 0.722 0.722 0.721 0.722 0.722 0.722 0.72 0.72 0.711 0.707 0.707 0.707 0.706 0.706 0.705 0.704 0.704 0.704 0.704 0.705 0.705 0.705 0.702 0.702 0.702 0.699 0.699 0.697 0.699 0.696 0.698 0.698 0.699 0.7 0.701 0.704 0.701 0.701 0.693 0.677 0.674 0.674 0.674 0.683 0.705 0.725 0.725 0.725 0.68 0.678 0.678 0.68 0.687 0.698 0.698 0.698 0.7 0.7 0.696 0.697 0.697 0.697 0.697 0.697 0.697 0.697 0.699 0.702 0.706 0.706 0.706 0.706 0.702 0.701 0.699 0.701 0.701 0.707 0.713 0.713 0.711 0.713 0.711 0.711 0.711 0.714 0.714 0.716 0.717 0.72 0.721 0.721 0.721 0.732 0.733 0.733 0.741 0.739 0.739 0.735 0.738 0.735 0.735 0.738 0.738 0.739 0.741 0.743 0.743 0.744 0.744 0.75 0.75 0.75 0.727 0.727 0.721 0.721 0.722 0.722 0.722 0.745 0.749 0.758 0.76 0.758 0.763 0.766 0.764 0.763 0.764 0.77 0.77 0.775 0.811 0.838 0.862 0.862 0.93 0 0 0 0 0 0 0 0 0 0 0 0 0 0 0 0 0 0 0 0 0 0 0 0 0.007 0 0 0 0 0 0 0 0 0 0 0 0 0 0 0 0 0 0 0 0 0 0 0 0 0 0 0 0 
1 1 1 1 1 1 1 1 1 1 1 1 1 1 1 1 1 1 1 1 1 1 1 1 1 1 1 1 1 1 1 1 1 1 1 1 1 1 1 1 1 1 1 1 1 1 1 1 1 1 1 0 1 1 1 1 1 1 1 1 1 1 1 1 1 1 1 1 1 1 1 1 1 1 1 1 1 1 1 1 1 1 1 1 1 1 1 1 1 1 1 1 1 1 1 1 1 1 1 1 1 1 1 1 1 1 1 1 1 1 1 1 1 1 1 1 1 1 1 1 1 1 1 1 1 1 1 1 1 1 1 1 1 1 1 1 1 1 1 1 1 1 1 1 1 1 1 1 1 1 1 1 1 1 1 1 1 1 1 1 1 1 1 1 1 1 1 1 1 1 1 1 1 1 1 1 1 1 1 1 1 1 1 1 1 1 1 1 0 0 0 0 0 0 0 1 1 1 1 1 0 0 0 0 0 1 1 1 1 1 1 1 1 1 1 1 1 1 1 1 1 1 1 1 1 1 1 1 1 1 1 0 0 0 0 0 0 0 0 0 0 0 1 1 1 1 1 1 1 1 1 1 1 1 1 1 1 1 1 1 1 1 1 1 1 1 1 1 1 1 1 1 1 1 1 1 1 1 1 1 1 1 1 1 1 1 1 1 1 1 1 1 1 1 1 1 1 1 1 1 1 1 1 1 1 1 1 1 1 1 1 1 1 1 1 1 1 1 1 1 1 1 1 1 1 1 1 1 1 1 1 1 1 1 1 1 1 1 1 1 1 1 0 0 0 0 0 0 0 0 0 0 0 0 0 0 0 0 0 0 0 0 0 0 0 0 0 0 0 0 0 0 0 1 1 1 0 0 0 1 1 1 1 1 1 1 1 1 1 1 1 1 1 1 1 1 1 1 1 1 1 1 1 1 1 1 1 1 1 1 1 1 1 1 1 1 1 1 1 1 1 1 1 1 1 1 1 1 1 1 1 1 1 1 1 1 1 1 1 1 1 1 1 1 1 1 1 1 1 1 1 1 1 1 1 1 1 1 1 1 1 1 1 1 1 1 1 1 1 1 1 1 1 1 1 1 1 1 1 1 1 1 1 1 1 1 1 1 1 1 1 1 1 1 1 1 1 1 1 1 1 1 1 1 1 1 1 1 1 1 1 1 1 1 1 1 1 1 1 1 1 1 1 1 1 1 1 1 1 1 1 1 1 1 1 1 1 1 1 1 1 1 1 1 1 1 1 1 1 1 1 1 1 1 1 1 1 1 1 1 1 1 1 1 1 1 1 1 1 1 1 1 1 1 1 1 1 1 1 1 1 1 1 1 1 1 1 1 1 1 1 1 1 1 1 1 1 1 1 1 1 1 1 1 1 1 1 1 1 1 1 1 1 1 1 1 1 1 1 1 1 1 1 1 1 1 1 1 1 0 0 0 0 0 0 0 0 0 0 0 0 0 0 0 0 0 0 0 0 0 0 0 0 0 0 0 0 0 0 0 0 0 0 0 0 0 0 0 0 0 0 0 0 0 0 0 0 0 0 0 0 0 
