# This file contains a 2D laser scan observation. 
# Its format is: 
# [aperture] [max_range] [number_of_scans] 
# [vector_of_scans] 
# [vector_of_valid_scans] 
# The aperture of the sensor is in radians, the maximum range 
# and measurements are in meters. '1' means a valid scan, '0' otherwise.
4.1847
5.6
682
0.826 1.481 0.007 2.088 2.074 2.074 2.074 2.07 2.066 2.059 1.961 1.922 1.922 1.922 2.015 2.015 2.015 1.046 1.038 1.032 1.038 1.046 1.972 1.978 1.978 1.972 1.97 1.97 1.968 1.964 1.955 1.955 1.949 1.939 1.939 1.921 1.387 1.383 1.383 1.376 1.376 0.348 0.347 0.347 0.345 0.347 0.346 0.346 0.347 0.347 0.346 0.347 0.346 0.345 0.345 0.345 0.345 0.354 1.878 1.878 1.878 1.876 1.872 1.872 1.866 1.866 0.7 0.7 0.7 0.698 0.698 0.698 0.698 0.698 0.779 0.919 0.928 0.931 0.934 1.299 1.304 1.308 1.308 1.868 1.868 1.868 1.868 1.862 1.839 0.939 0.939 0.936 0.936 0.937 0.946 1.854 1.864 1.864 1.864 1.867 1.869 1.87 1.871 1.872 1.877 1.877 1.879 1.879 1.879 1.879 1.879 1.876 1.876 1.183 1.143 0.614 0.614 0.614 0.62 0.62 0.62 0.616 0.612 0.612 0.616 1.93 1.932 1.932 1.93 1.902 1.579 1.579 1.579 1.691 1.952 1.961 1.969 1.976 1.976 1.976 1.949 1.106 1.106 1.104 1.104 0.636 0.632 0.627 0.625 0.625 0.627 0.626 0.627 0.627 0.626 0.626 0.623 0.623 0.629 1.686 1.687 1.804 1.804 1.909 1.911 1.921 1.937 1.94 1.945 1.948 1.958 1.966 1.966 1.98 1.984 1.991 1.995 2.011 2.013 2.013 2.013 0.834 0.831 0.831 0.83 0.83 0.831 0.839 2.101 2.111 2.114 2.114 2.129 2.143 2.153 2.166 2.166 2.184 2.192 2.209 2.211 2.223 2.234 2.248 2.25 2.265 2.284 2.294 2.307 2.364 2.365 2.381 2.398 2.589 2.711 2.722 2.748 2.767 2.79 2.813 2.819 2.849 0.006 0 0 0.006 0.007 0 0 0 0 0 0 0 0 0 0 0 0 0 3.464 3.464 3.464 3.486 3.531 3.552 3.59 3.627 3.672 3.699 3.727 3.727 3.727 1.881 1.866 1.863 1.863 1.852 1.852 1.844 1.836 1.836 1.835 1.829 1.818 1.812 1.812 1.809 1.797 1.796 1.793 1.787 1.786 1.507 1.507 1.507 1.427 1.427 1.654 1.654 1.649 1.649 1.649 1.122 1.116 1.107 1.09 1.089 1.08 1.079 1.078 1.074 1.074 1.074 1.078 1.078 1.082 1.082 1.079 1.074 1.069 1.062 1.062 1.061 1.061 1.055 1.051 1.051 1.051 1.046 1.046 1.044 1.042 1.039 1.038 1.039 1.039 1.038 1.038 1.042 1.039 1.039 1.039 1.039 1.039 1.039 1.039 1.036 1.042 1.045 1.049 1.049 1.052 1.064 1.071 1.072 1.072 1.071 1.047 1.045 1.045 1.047 1.047 1.045 1.047 1.047 1.047 1.047 1.049 1.047 1.045 1.043 1.043 1.043 1.044 1.046 1.048 1.048 1.048 1.048 1.048 1.048 1.05 1.05 1.05 1.052 1.061 1.061 1.061 1.061 1.061 1.06 1.06 1.058 1.06 1.059 1.059 1.059 1.062 1.062 1.067 1.068 1.071 1.074 1.074 1.074 1.074 1.077 1.086 1.088 1.086 1.088 1.088 1.092 1.097 1.101 1.106 1.107 1.109 1.11 1.11 1.111 1.117 1.12 1.12 1.127 1.131 1.134 1.146 1.157 1.157 1.159 1.157 1.154 1.152 1.154 1.154 1.17 1.172 1.172 1.172 1.162 1.132 1.123 1.123 1.123 1.123 1.123 1.105 1.103 1.1 1.091 1.062 1.055 1.055 1.041 1.03 1.03 1.014 0.991 0.966 0.963 0.928 0.926 0.912 0.907 0.885 0.883 0.87 0.865 0.858 0.856 0.848 0.847 0.842 0.834 0.821 0.816 0.809 0.793 0.791 0.78 0.787 0.78 0.776 0.776 0.765 0.751 0.747 0.743 0.742 0.742 0.735 0.734 0.731 0.725 0.725 0.722 0.717 0.716 0.713 0.713 0.713 0.71 0.713 0.72 0.724 0.74 0.749 0.74 0.74 0.749 0.749 0.756 0.757 0.765 0.757 0.757 0.751 0.747 0.747 0.747 0.763 0.007 0.764 0.763 0.747 0.746 0.745 0.739 0.739 0.739 0.738 0.738 0.739 0.739 0.746 0.746 0.743 0.733 0.732 0.731 0.731 0.718 0.716 0.716 0.716 0.712 0.716 0.709 0.705 0.704 0.704 0.698 0.698 0.698 0.695 0.692 0.692 0.692 0.688 0.688 0.688 0.689 0.689 0.689 0.688 0.689 0.69 0.69 0.69 0.691 0.69 0.684 0.676 0.675 0.671 0.67 0.668 0.668 0.667 0.668 0.667 0.667 0.667 0.667 0.667 0.671 0.671 0.665 0.667 0.665 0.661 0.665 0.667 0.661 0.662 0.666 0.662 0.662 0.662 0.66 0.66 0.664 0.66 0.664 0.664 0.666 0.668 0.668 0.666 0.664 0.663 0.663 0.661 0.657 0.657 0.661 0.662 0.666 0.669 0.669 0.669 0.669 0.669 0.668 0.667 0.667 0.666 0.666 0.666 0.663 0.663 0.661 0.658 0.658 0.66 0.66 0.662 0.665 0.665 0.665 0.663 0.663 0.663 0.671 0.676 0.683 0.683 0.676 0.676 0.676 0.674 0.674 0.671 0.671 0.671 0.677 0.677 0.679 0.68 0.68 0.68 0.684 0.687 0.687 0.687 0.693 0.687 0.69 0.69 0.691 0.69 0.691 0.692 0.695 0.697 0.7 0.7 0.705 0.708 0.715 0.723 0.724 0.724 0.726 0.726 0.73 0.73 0.73 0.729 0.731 0.729 0.729 0.731 0.731 0.74 0.742 0.742 0.742 0.744 0.744 
1 1 0 1 1 1 1 1 1 1 1 1 1 1 1 1 1 1 1 1 1 1 1 1 1 1 1 1 1 1 1 1 1 1 1 1 1 1 1 1 1 1 1 1 1 1 1 1 1 1 1 1 1 1 1 1 1 1 1 1 1 1 1 1 1 1 1 1 1 1 1 1 1 1 1 1 1 1 1 1 1 1 1 1 1 1 1 1 1 1 1 1 1 1 1 1 1 1 1 1 1 1 1 1 1 1 1 1 1 1 1 1 1 1 1 1 1 1 1 1 1 1 1 1 1 1 1 1 1 1 1 1 1 1 1 1 1 1 1 1 1 1 1 1 1 1 1 1 1 1 1 1 1 1 1 1 1 1 1 1 1 1 1 1 1 1 1 1 1 1 1 1 1 1 1 1 1 1 1 1 1 1 1 1 1 1 1 1 1 1 1 1 1 1 1 1 1 1 1 1 1 1 1 1 1 1 1 1 1 1 1 1 1 1 1 1 1 1 1 1 1 1 0 0 0 0 0 0 0 0 0 0 0 0 0 0 0 0 0 0 1 1 1 1 1 1 1 1 1 1 1 1 1 1 1 1 1 1 1 1 1 1 1 1 1 1 1 1 1 1 1 1 1 1 1 1 1 1 1 1 1 1 1 1 1 1 1 1 1 1 1 1 1 1 1 1 1 1 1 1 1 1 1 1 1 1 1 1 1 1 1 1 1 1 1 1 1 1 1 1 1 1 1 1 1 1 1 1 1 1 1 1 1 1 1 1 1 1 1 1 1 1 1 1 1 1 1 1 1 1 1 1 1 1 1 1 1 1 1 1 1 1 1 1 1 1 1 1 1 1 1 1 1 1 1 1 1 1 1 1 1 1 1 1 1 1 1 1 1 1 1 1 1 1 1 1 1 1 1 1 1 1 1 1 1 1 1 1 1 1 1 1 1 1 1 1 1 1 1 1 1 1 1 1 1 1 1 1 1 1 1 1 1 1 1 1 1 1 1 1 1 1 1 1 1 1 1 1 1 1 1 1 1 1 1 1 1 1 1 1 1 1 1 1 1 1 1 1 1 1 1 1 1 1 1 1 1 1 1 1 1 1 1 1 1 1 1 1 1 1 1 1 1 1 1 1 1 1 1 1 1 1 1 0 1 1 1 1 1 1 1 1 1 1 1 1 1 1 1 1 1 1 1 1 1 1 1 1 1 1 1 1 1 1 1 1 1 1 1 1 1 1 1 1 1 1 1 1 1 1 1 1 1 1 1 1 1 1 1 1 1 1 1 1 1 1 1 1 1 1 1 1 1 1 1 1 1 1 1 1 1 1 1 1 1 1 1 1 1 1 1 1 1 1 1 1 1 1 1 1 1 1 1 1 1 1 1 1 1 1 1 1 1 1 1 1 1 1 1 1 1 1 1 1 1 1 1 1 1 1 1 1 1 1 1 1 1 1 1 1 1 1 1 1 1 1 1 1 1 1 1 1 1 1 1 1 1 1 1 1 1 1 1 1 1 1 1 1 1 1 1 1 1 1 1 1 1 1 1 1 1 1 
