# This file contains a 2D laser scan observation. 
# Its format is: 
# [aperture] [max_range] [number_of_scans] 
# [vector_of_scans] 
# [vector_of_valid_scans] 
# The aperture of the sensor is in radians, the maximum range 
# and measurements are in meters. '1' means a valid scan, '0' otherwise.
4.1847
5.6
682
1.522 2.228 2.246 2.258 2.258 2.276 2.291 2.296 2.314 2.325 2.338 2.338 2.338 1.173 1.168 1.168 1.173 1.632 0.007 0.015 0.007 2.35 0.752 0.752 0.748 0.748 0.748 0.745 0.745 0.748 2.207 2.219 2.219 2.207 2.06 2.06 2.06 2.142 2.142 2.142 2.133 2.11 0.548 0.548 0.548 0.551 0.553 0.553 0.553 0.553 0.548 0.548 0.555 0.903 0.926 0.926 0.926 0.926 0.93 1.958 1.958 1.958 1.958 1.952 1.94 1.94 1.934 1.94 1.918 0.875 0.468 0.466 0.463 0.463 0.461 0.463 0.463 0.467 0.472 0.472 0.474 0.474 0.463 0.463 0.462 0.462 0.462 0.462 0.467 0.468 1.79 1.8 1.8 1.8 1.8 1.786 1.786 1.782 1.783 1.782 1.778 1.777 1.777 1.761 1.76 1.733 1.004 0.998 0.998 0.993 0.993 0.989 0.989 0.989 0.989 1.734 1.735 1.735 1.734 1.73 1.723 1.723 1.725 1.729 1.725 1.727 1.727 1.727 1.724 1.724 1.721 1.721 1.716 1.71 0.879 0.879 0.876 0.875 0.875 0.888 1.712 1.714 1.716 1.714 1.712 1.347 1.347 1.347 1.388 1.714 1.714 1.714 0.543 0.541 0.541 0.543 0.541 0.545 0.546 0.546 0.546 0.546 0.549 1.726 1.726 1.728 1.727 1.728 1.73 1.73 1.734 1.738 1.738 1.738 1.738 1.716 1.716 1.716 1.745 1.748 1.748 1.748 1.386 1.386 1.386 1.4 1.768 1.779 1.779 1.779 1.593 1.593 1.593 1.596 1.604 1.607 1.609 1.61 1.617 1.617 1.62 1.622 1.622 1.626 1.627 1.633 1.636 1.642 1.648 1.65 1.654 1.658 1.665 1.667 1.676 1.682 1.686 1.686 1.689 1.699 1.7 1.706 1.709 1.713 1.721 1.728 1.731 1.735 1.74 1.757 1.758 1.765 1.769 1.776 1.78 1.786 1.795 1.797 1.808 1.811 1.828 1.83 1.835 1.844 1.854 1.856 1.874 1.879 1.885 1.893 1.899 1.926 1.96 1.966 1.982 1.989 1.997 2.005 2.216 2.27 2.288 2.307 2.312 2.324 2.338 2.356 2.368 2.386 2.394 2.397 2.399 2.422 2.441 2.457 0 0 0 0 0 0 0.007 0 0 0 0 0 4.009 4.009 4.009 4.009 4.009 4.018 3.971 3.896 3.032 3.006 3.006 3.006 3.033 3.051 3.069 3.069 3.069 1.411 1.41 1.396 1.39 1.383 1.374 1.369 1.36 1.36 1.36 1.36 1.36 1.357 1.352 1.344 1.34 1.34 1.324 1.322 1.321 1.315 1.313 1.313 1.266 1.244 1.214 0.994 0.994 0.994 1.023 1.195 1.196 1.218 1.196 1.249 0.007 0.979 0.688 0.668 0.661 0.659 0.659 0.631 0.631 0.631 0.631 0.632 0.632 0.631 0.631 0.631 0.626 0.626 0.626 0.626 0.628 0.629 0.632 0.632 0.628 0.624 0.623 0.623 0.623 0.62 0.619 0.619 0.618 0.618 0.609 0.608 0.608 0.608 0.608 0.608 0.603 0.601 0.6 0.6 0.6 0.6 0.602 0.602 0.602 0.603 0.603 0.614 0.615 0.615 0.615 0.618 0.62 0.639 0.644 0.644 0.644 0.646 0.642 0.642 0.642 0.641 0.637 0.636 0.631 0.625 0.619 0.617 0.614 0.606 0.606 0.606 0.606 0.606 0.604 0.604 0.604 0.604 0.604 0.608 0.609 0.612 0.611 0.611 0.609 0.611 0.605 0.605 0.615 0.615 0.614 0.614 0.614 0.614 0.614 0.616 0.616 0.616 0.616 0.616 0.616 0.624 0.629 0.629 0.635 0.635 0.635 0.632 0.632 0.628 0.627 0.627 0.627 0.627 0.632 0.632 0.633 0.633 0.636 0.637 0.637 0.638 0.642 0.654 0.654 0.654 0.654 0.654 0.65 0.65 0.65 0.659 0.66 0.663 0.67 0.67 0.67 0.67 0.67 0.673 0.676 0.679 0.687 0.687 0.687 0.693 0.689 0.693 0.693 0.692 0.692 0.697 0.697 0.697 0.697 0.697 0.698 0.712 0.713 0.715 0.716 0.726 0.726 0.729 0.734 0.739 0.739 0.745 0.748 0.75 0.75 0.761 0.762 0.762 0.767 0.769 0.777 0.781 0.783 0.786 0.786 0.788 0.8 0.802 0.805 0.806 0.813 0.822 0.831 0.832 0.84 0.858 0.858 0.861 0.865 0.871 0.871 0.872 0.878 0.88 0.899 0.9 0.912 0.912 0.912 0.896 0.889 0.88 0.875 0.868 0.868 0.858 0.854 0.855 0.854 0.836 0.835 0.833 0.819 0.819 0.816 0.809 0.807 0.807 0.797 0.797 0.795 0.794 0.792 0.787 0.784 0.784 0.784 0.782 0.779 0.774 0.773 0.773 0.767 0.766 0.766 0.763 0.762 0.761 0.761 0.756 0.756 0.751 0.749 0.747 0.745 0.743 0.743 0.743 0.741 0.741 0.734 0.733 0.733 0.728 0.723 0.721 0.72 0.72 0.72 0.72 0.716 0.714 0.714 0.714 0.714 0.714 0.712 0.712 0.707 0.71 0.71 0.71 0.71 0.71 0.711 0.711 0.713 0.713 0.716 0.717 0.719 0.717 0.719 0.724 0.724 0.724 0.728 0.724 0.73 0.733 0.737 0.737 0.738 0.737 0.737 0.737 0.737 0.737 0.736 0.736 0.736 0.732 0.732 0.732 0.732 0.728 0.724 0.724 0.724 0.724 0.724 0.726 0.732 0.772 0.786 0.789 0.791 0.791 0.791 0.791 0.791 0.794 0.782 0.782 0.782 0.791 0.786 0.791 0.794 0.795 0.795 0.798 0.798 0.814 
1 1 1 1 1 1 1 1 1 1 1 1 1 1 1 1 1 1 0 0 0 1 1 1 1 1 1 1 1 1 1 1 1 1 1 1 1 1 1 1 1 1 1 1 1 1 1 1 1 1 1 1 1 1 1 1 1 1 1 1 1 1 1 1 1 1 1 1 1 1 1 1 1 1 1 1 1 1 1 1 1 1 1 1 1 1 1 1 1 1 1 1 1 1 1 1 1 1 1 1 1 1 1 1 1 1 1 1 1 1 1 1 1 1 1 1 1 1 1 1 1 1 1 1 1 1 1 1 1 1 1 1 1 1 1 1 1 1 1 1 1 1 1 1 1 1 1 1 1 1 1 1 1 1 1 1 1 1 1 1 1 1 1 1 1 1 1 1 1 1 1 1 1 1 1 1 1 1 1 1 1 1 1 1 1 1 1 1 1 1 1 1 1 1 1 1 1 1 1 1 1 1 1 1 1 1 1 1 1 1 1 1 1 1 1 1 1 1 1 1 1 1 1 1 1 1 1 1 1 1 1 1 1 1 1 1 1 1 1 1 1 1 1 1 1 1 1 1 1 1 1 1 1 1 1 1 1 1 1 1 1 1 1 1 1 1 1 1 1 1 1 1 1 1 0 0 0 0 0 0 0 0 0 0 0 0 1 1 1 1 1 1 1 1 1 1 1 1 1 1 1 1 1 1 1 1 1 1 1 1 1 1 1 1 1 1 1 1 1 1 1 1 1 1 1 1 1 1 1 1 1 1 1 1 1 1 1 1 0 1 1 1 1 1 1 1 1 1 1 1 1 1 1 1 1 1 1 1 1 1 1 1 1 1 1 1 1 1 1 1 1 1 1 1 1 1 1 1 1 1 1 1 1 1 1 1 1 1 1 1 1 1 1 1 1 1 1 1 1 1 1 1 1 1 1 1 1 1 1 1 1 1 1 1 1 1 1 1 1 1 1 1 1 1 1 1 1 1 1 1 1 1 1 1 1 1 1 1 1 1 1 1 1 1 1 1 1 1 1 1 1 1 1 1 1 1 1 1 1 1 1 1 1 1 1 1 1 1 1 1 1 1 1 1 1 1 1 1 1 1 1 1 1 1 1 1 1 1 1 1 1 1 1 1 1 1 1 1 1 1 1 1 1 1 1 1 1 1 1 1 1 1 1 1 1 1 1 1 1 1 1 1 1 1 1 1 1 1 1 1 1 1 1 1 1 1 1 1 1 1 1 1 1 1 1 1 1 1 1 1 1 1 1 1 1 1 1 1 1 1 1 1 1 1 1 1 1 1 1 1 1 1 1 1 1 1 1 1 1 1 1 1 1 1 1 1 1 1 1 1 1 1 1 1 1 1 1 1 1 1 1 1 1 1 1 1 1 1 1 1 1 1 1 1 1 1 1 1 1 1 1 1 1 1 1 1 1 1 1 1 1 1 1 1 1 1 1 1 1 1 1 1 1 1 1 1 1 1 1 1 1 1 1 1 1 1 1 1 1 1 1 1 1 1 1 1 1 1 1 1 1 1 1 1 1 1 1 1 1 1 1 1 
