# This file contains a 2D laser scan observation. 
# Its format is: 
# [aperture] [max_range] [number_of_scans] 
# [vector_of_scans] 
# [vector_of_valid_scans] 
# The aperture of the sensor is in radians, the maximum range 
# and measurements are in meters. '1' means a valid scan, '0' otherwise.
4.1847
5.6
682
2.283 2.266 2.26 2.23 2.206 2.206 2.179 2.179 0.007 2.133 0.595 0.591 0.591 0.595 0.599 0.599 0.599 0.594 0.585 0.494 0.473 0.469 0.469 0.469 0.467 0.467 0.468 0.468 0.468 0.468 0.461 0.461 0.461 0.461 0.461 0.461 0.461 0.465 0.473 1.771 0.007 2.228 2.228 2.261 2.261 2.317 2.394 2.394 2.394 2.394 2.379 2.372 0.927 0.927 0.924 0.927 0.927 0.937 1.972 1.972 1.972 1.972 1.448 1.43 0.865 0.861 0.86 0.86 0.86 0.864 2.056 2.056 2.056 2.054 2.046 2.034 2.027 2.018 2.004 1.988 1.986 1.978 1.955 1.953 1.937 1.933 1.927 1.922 1.906 1.906 1.906 1.892 1.876 1.188 1.186 1.186 1.188 1.258 1.816 1.816 1.816 1.799 1.794 1.787 1.779 1.771 1.771 1.767 1.767 1.761 0.891 0.395 0.395 0.395 0.397 0.401 0.401 0.403 0.403 0.403 0.4 0.399 0.399 0.399 0.399 0.399 0.427 1.65 1.65 1.65 1.644 1.575 0.77 0.751 0.75 0.75 0.748 0.75 0.75 0.76 1.597 1.598 1.598 1.597 1.596 1.594 1.588 1.588 1.585 1.584 1.577 1.575 1.575 1.573 1.566 1.564 1.561 1.56 1.556 1.556 1.555 1.552 1.532 1.18 1.18 1.18 1.18 1.193 1.466 1.488 1.502 1.504 1.504 1.518 1.53 1.532 1.532 1.532 1.532 1.532 1.531 1.531 1.531 1.537 1.53 1.537 1.541 1.543 1.543 1.543 1.541 1.541 1.54 1.54 1.539 1.539 1.539 1.539 1.535 1.539 1.538 1.535 1.532 1.532 1.532 1.495 1.492 1.18 1.168 1.168 1.18 1.209 1.527 1.531 1.536 1.541 1.541 1.541 1.541 1.36 1.357 1.354 1.354 1.354 1.354 1.354 1.355 1.358 1.361 1.364 1.366 1.368 1.369 1.373 1.374 1.377 1.378 1.379 1.38 1.385 1.385 1.389 1.392 1.392 1.403 1.403 1.405 1.408 1.408 1.413 1.419 1.421 1.422 1.425 1.425 1.429 1.432 1.438 1.44 1.44 1.446 1.448 1.456 1.457 1.465 1.466 1.472 1.472 1.475 1.481 1.489 1.489 1.495 1.501 1.508 1.514 1.52 1.525 1.526 1.532 1.537 1.539 1.545 1.547 1.559 1.568 1.568 1.575 1.577 1.579 1.596 1.598 1.601 1.619 1.652 1.682 1.686 1.687 1.688 1.695 1.704 1.725 1.882 1.979 1.999 2.003 2.005 2.027 2.041 2.052 2.058 2.067 2.074 2.095 2.105 2.111 2.118 2.128 2.15 2.164 2.177 5.065 0 0 0 0 0 0 0 0.007 0 0 0 0.006 0.006 0 0.007 0 0 0 0 0 3.693 3.626 2.709 2.709 2.709 2.736 2.76 2.783 2.806 2.825 2.864 2.877 2.877 2.877 1.123 1.121 1.112 1.108 1.097 1.095 1.092 1.081 1.081 1.076 1.081 1.084 1.089 1.084 1.084 1.074 1.072 1.066 1.066 1.064 1.059 1.053 1.049 1.048 1.041 1.041 1.036 1.034 1.026 1.026 1.027 1.026 1.026 1.026 1.011 0.991 0.958 0.949 0.834 0.834 0.791 0.79 0.79 0.791 0.791 0.857 0.867 0.868 0.867 0.867 0.796 0.796 0.796 0.862 0.885 0.908 0.908 0.946 0.954 0.956 0.954 0.946 0.956 0.934 0.87 0.87 0.918 0.918 0.928 0.93 0.93 0.931 0.931 0.884 0.401 0.401 0.401 0.411 0.414 0.414 0.414 0.414 0.412 0.383 0.383 0.383 0.383 0.393 0.421 0.421 0.421 0.421 0.418 0.418 0.418 0.417 0.417 0.412 0.408 0.395 0.395 0.395 0.395 0.389 0.389 0.388 0.388 0.388 0.388 0.385 0.382 0.385 0.385 0.398 0.406 0.408 0.408 0.406 0.4 0.4 0.4 0.4 0.4 0.397 0.397 0.397 0.398 0.398 0.408 0.409 0.409 0.408 0.389 0.385 0.385 0.384 0.385 0.386 0.388 0.388 0.389 0.389 0.389 0.39 0.396 0.39 0.39 0.393 0.39 0.39 0.393 0.394 0.394 0.397 0.397 0.397 0.397 0.397 0.401 0.403 0.406 0.406 0.406 0.405 0.405 0.405 0.405 0.407 0.409 0.412 0.413 0.415 0.415 0.422 0.423 0.423 0.423 0.423 0.423 0.427 0.429 0.43 0.434 0.436 0.434 0.436 0.436 0.436 0.438 0.447 0.447 0.449 0.449 0.451 0.453 0.453 0.455 0.461 0.465 0.465 0.466 0.467 0.474 0.474 0.474 0.474 0.478 0.479 0.48 0.484 0.485 0.486 0.494 0.498 0.499 0.5 0.508 0.51 0.519 0.525 0.529 0.534 0.541 0.541 0.535 0.535 0.535 0.535 0.535 0.537 0.54 0.542 0.548 0.554 0.555 0.566 0.578 0.582 0.582 0.582 0.582 0.587 0.587 0.587 0.589 0.599 0.599 0.609 0.629 0.646 0.646 0.65 0.654 0.656 0.656 0.659 0.659 0.66 0.666 0.672 0.685 0.687 0.69 0.697 0.709 0.717 0.735 0.736 0.741 0.75 0.756 0.772 0.775 0.779 0.8 0.803 0.814 0.834 0.838 0.868 0.883 0.893 0.896 0.898 0.927 0.935 0.939 0.941 0.945 0.945 0.945 0.945 0.945 0.943 0.939 0.932 0.93 0.926 0.923 0.923 0.914 0.914 0.914 0.914 0.913 0.908 0.908 0.906 0.906 0.896 0.894 0.891 0.886 0.886 0.884 0.876 0.876 0.875 0.875 0.873 0.878 0.877 0.877 0.877 0.877 0.874 
1 1 1 1 1 1 1 1 0 1 1 1 1 1 1 1 1 1 1 1 1 1 1 1 1 1 1 1 1 1 1 1 1 1 1 1 1 1 1 1 0 1 1 1 1 1 1 1 1 1 1 1 1 1 1 1 1 1 1 1 1 1 1 1 1 1 1 1 1 1 1 1 1 1 1 1 1 1 1 1 1 1 1 1 1 1 1 1 1 1 1 1 1 1 1 1 1 1 1 1 1 1 1 1 1 1 1 1 1 1 1 1 1 1 1 1 1 1 1 1 1 1 1 1 1 1 1 1 1 1 1 1 1 1 1 1 1 1 1 1 1 1 1 1 1 1 1 1 1 1 1 1 1 1 1 1 1 1 1 1 1 1 1 1 1 1 1 1 1 1 1 1 1 1 1 1 1 1 1 1 1 1 1 1 1 1 1 1 1 1 1 1 1 1 1 1 1 1 1 1 1 1 1 1 1 1 1 1 1 1 1 1 1 1 1 1 1 1 1 1 1 1 1 1 1 1 1 1 1 1 1 1 1 1 1 1 1 1 1 1 1 1 1 1 1 1 1 1 1 1 1 1 1 1 1 1 1 1 1 1 1 1 1 1 1 1 1 1 1 1 1 1 1 1 1 1 1 1 1 1 1 1 1 1 1 1 1 1 1 1 1 1 1 1 1 1 1 1 1 1 1 1 1 1 1 1 1 1 1 1 1 1 1 1 1 1 1 1 1 1 1 1 0 0 0 0 0 0 0 0 0 0 0 0 0 0 0 0 0 0 0 0 1 1 1 1 1 1 1 1 1 1 1 1 1 1 1 1 1 1 1 1 1 1 1 1 1 1 1 1 1 1 1 1 1 1 1 1 1 1 1 1 1 1 1 1 1 1 1 1 1 1 1 1 1 1 1 1 1 1 1 1 1 1 1 1 1 1 1 1 1 1 1 1 1 1 1 1 1 1 1 1 1 1 1 1 1 1 1 1 1 1 1 1 1 1 1 1 1 1 1 1 1 1 1 1 1 1 1 1 1 1 1 1 1 1 1 1 1 1 1 1 1 1 1 1 1 1 1 1 1 1 1 1 1 1 1 1 1 1 1 1 1 1 1 1 1 1 1 1 1 1 1 1 1 1 1 1 1 1 1 1 1 1 1 1 1 1 1 1 1 1 1 1 1 1 1 1 1 1 1 1 1 1 1 1 1 1 1 1 1 1 1 1 1 1 1 1 1 1 1 1 1 1 1 1 1 1 1 1 1 1 1 1 1 1 1 1 1 1 1 1 1 1 1 1 1 1 1 1 1 1 1 1 1 1 1 1 1 1 1 1 1 1 1 1 1 1 1 1 1 1 1 1 1 1 1 1 1 1 1 1 1 1 1 1 1 1 1 1 1 1 1 1 1 1 1 1 1 1 1 1 1 1 1 1 1 1 1 1 1 1 1 1 1 1 1 1 1 1 1 1 1 1 1 1 1 1 1 1 1 1 1 1 1 1 1 1 1 1 1 1 1 1 1 1 1 1 1 1 1 1 1 1 1 1 1 1 1 1 1 1 
