# This file contains a 2D laser scan observation. 
# Its format is: 
# [aperture] [max_range] [number_of_scans] 
# [vector_of_scans] 
# [vector_of_valid_scans] 
# The aperture of the sensor is in radians, the maximum range 
# and measurements are in meters. '1' means a valid scan, '0' otherwise.
4.1847
5.6
682
2.669 1.236 1.228 1.22 1.202 0.876 0.876 0.872 0.866 0.866 0.866 0.866 2.722 2.722 2.722 2.722 2.719 2.716 1.909 1.909 1.909 2.712 2.712 2.712 2.712 2.625 2.625 0.007 1.495 0.348 0.345 0.345 0.345 0.345 0.347 0.35 0.351 0.353 0.353 0.353 0.35 0.35 0.345 0.345 0.345 0.345 0.008 0.008 0.008 0.93 0.925 0.918 0.917 0.918 0.916 0.916 0.841 0.84 0.84 0.841 0.841 0.842 0.853 2.361 2.374 2.374 2.374 2.302 2.302 2.302 2.319 2.356 2.381 2.356 2.356 1.408 1.408 1.408 1.445 2.049 2.049 2.049 2.049 2.049 2.096 2.146 2.146 2.146 2.129 2.123 2.096 2.027 2.027 2.021 2.021 2.021 2.007 1.998 1.981 1.919 1.106 1.102 1.101 1.051 0.799 0.797 0.794 0.794 0.794 0.792 0.792 0.792 0.791 0.791 0.791 0.791 0.791 0.622 0.619 0.619 0.616 0.616 0.616 0.616 0.616 0.624 0.669 1.639 1.639 1.639 1.625 1.623 1.617 1.611 1.605 1.59 1.583 1.571 1.569 1.569 1.555 1.555 1.541 1.538 1.525 1.521 1.521 1.509 1.504 1.502 1.488 1.482 1.474 1.474 1.467 1.454 1.451 1.451 1.445 1.439 1.433 1.431 1.429 1.421 1.42 1.419 1.411 1.41 1.403 1.401 1.394 1.39 1.384 1.374 1.373 1.373 1.371 1.363 0.989 0.978 0.976 0.978 0.989 1.045 1.341 1.341 1.341 1.338 1.334 1.33 1.326 1.325 1.324 1.278 1.278 1.278 1.278 1.304 1.304 1.312 1.312 1.302 1.302 1.298 1.297 1.297 1.297 1.292 1.297 1.292 1.29 1.29 1.293 1.287 1.287 1.287 1.285 1.284 1.282 1.282 1.276 1.276 1.276 1.276 1.276 1.276 1.278 1.278 1.277 1.277 0.99 0.924 0.916 0.916 0.916 0.916 0.936 1.236 1.266 1.275 1.276 1.277 1.281 1.277 1.279 1.279 1.276 1.276 1.188 1.102 1.097 1.09 1.096 1.096 1.096 1.096 1.096 1.094 1.091 1.091 1.094 1.094 1.094 1.095 1.096 1.096 1.096 1.099 1.099 1.099 1.099 1.104 1.101 1.104 1.107 1.107 1.108 1.108 1.11 1.111 1.11 1.111 1.112 1.113 1.116 1.117 1.119 1.119 1.124 1.124 1.124 1.127 1.131 1.132 1.135 1.138 1.142 1.145 1.146 1.146 1.146 1.15 1.157 1.157 1.157 1.163 1.163 1.167 1.17 1.175 1.178 1.18 1.182 1.189 1.19 1.192 1.192 1.2 1.204 1.206 1.21 1.223 1.225 1.226 1.233 1.234 1.234 1.234 1.235 1.24 1.244 1.25 1.259 1.264 1.265 1.274 1.277 1.284 1.286 1.29 1.29 1.293 1.312 1.343 1.364 1.367 1.37 1.37 1.377 1.395 1.398 1.412 1.422 1.69 1.697 1.708 1.717 1.73 1.732 1.748 1.75 1.77 1.778 1.786 1.804 1.815 1.825 1.829 1.829 1.833 1.861 1.873 1.879 1.901 0 0.006 0.006 0.006 0 0 0.007 0 0 0 0 0 0 0 0 0.007 0 3.484 3.42 3.42 3.42 3.487 3.487 3.487 2.453 2.453 2.453 2.478 2.501 2.528 2.551 2.581 2.598 2.622 2.646 2.679 2.713 2.713 2.747 2.782 2.813 2.839 2.885 2.922 2.935 2.935 2.938 2.938 2.938 3.01 3.01 3.01 0.873 0.866 0.861 0.858 0.858 0.857 0.853 0.853 0.853 0.85 0.84 0.837 0.837 0.84 0.833 0.841 0.842 0.848 0.842 0.842 0.837 0.837 0.834 0.833 0.833 0.833 0.833 0.828 0.828 0.828 0.828 0.828 0.823 0.825 0.823 0.82 0.818 0.817 0.817 0.819 0.816 0.814 0.812 0.81 0.81 0.81 0.81 0.811 0.813 0.813 0.813 0.812 0.809 0.795 0.784 0.721 0.711 0.711 0.711 0.784 0.784 0.784 0.775 0.773 0.769 0.766 0.765 0.747 0.738 0.729 0.714 0.679 0.679 0.671 0.671 0.572 0.515 0.513 0.513 0.515 0.569 0.737 0.79 0.79 0.791 0.791 0.786 0.583 0.583 0.583 0.764 0.764 0.764 0.697 0.692 0.692 0.692 0.781 0.782 0.788 0.789 0.789 0.787 0.787 0.757 0.756 0.755 0.755 0.757 0.769 0.769 0.769 0.752 0.72 0.591 0.589 0.589 0.591 0.589 0.589 0.589 0.587 0.587 0.587 0.59 0.603 0.603 0.603 0.598 0.577 0.567 0.565 0.565 0.544 0.533 0.533 0.525 0.512 0.506 0.503 0.494 0.494 0.494 0.482 0.479 0.471 0.455 0.454 0.452 0.45 0.447 0.437 0.425 0.424 0.421 0.421 0.416 0.416 0.412 0.411 0.408 0.403 0.396 0.392 0.388 0.383 0.383 0.378 0.377 0.374 0.372 0.365 0.365 0.361 0.356 0.356 0.354 0.347 0.336 0.335 0.333 0.332 0.33 0.332 0.332 0.328 0.323 0.323 0.319 0.312 0.31 0.309 0.308 0.308 0.308 0.308 0.31 0.316 0.32 0.326 0.329 0.329 0.329 0.329 0.328 0.328 0.322 0.322 0.322 0.322 0.32 0.319 0.319 0.319 0.319 0.323 0.324 0.328 0.332 0.332 0.336 0.339 0.34 0.342 0.35 0.35 0.36 0.367 0.375 0.383 0.388 0.392 0.393 0.4 0.401 0.403 0.408 0.408 0.408 0.408 0.408 0.411 0.411 0.412 0.416 0.416 0.42 0.425 0.427 0.438 0.446 0.458 0.461 0.463 0.465 0.468 
1 1 1 1 1 1 1 1 1 1 1 1 1 1 1 1 1 1 1 1 1 1 1 1 1 1 1 0 1 1 1 1 1 1 1 1 1 1 1 1 1 1 1 1 1 1 0 0 0 1 1 1 1 1 1 1 1 1 1 1 1 1 1 1 1 1 1 1 1 1 1 1 1 1 1 1 1 1 1 1 1 1 1 1 1 1 1 1 1 1 1 1 1 1 1 1 1 1 1 1 1 1 1 1 1 1 1 1 1 1 1 1 1 1 1 1 1 1 1 1 1 1 1 1 1 1 1 1 1 1 1 1 1 1 1 1 1 1 1 1 1 1 1 1 1 1 1 1 1 1 1 1 1 1 1 1 1 1 1 1 1 1 1 1 1 1 1 1 1 1 1 1 1 1 1 1 1 1 1 1 1 1 1 1 1 1 1 1 1 1 1 1 1 1 1 1 1 1 1 1 1 1 1 1 1 1 1 1 1 1 1 1 1 1 1 1 1 1 1 1 1 1 1 1 1 1 1 1 1 1 1 1 1 1 1 1 1 1 1 1 1 1 1 1 1 1 1 1 1 1 1 1 1 1 1 1 1 1 1 1 1 1 1 1 1 1 1 1 1 1 1 1 1 1 1 1 1 1 1 1 1 1 1 1 1 1 1 1 1 1 1 1 1 1 1 1 1 1 1 1 1 1 1 1 1 1 1 1 1 1 1 1 1 1 1 1 1 1 1 1 1 1 1 1 1 1 1 1 1 1 1 1 1 1 1 1 1 1 1 1 1 1 1 1 1 1 1 1 1 1 1 1 1 1 1 1 1 1 1 1 1 1 1 1 1 1 1 1 1 1 1 1 1 1 0 0 0 0 0 0 0 0 0 0 0 0 0 0 0 0 0 1 1 1 1 1 1 1 1 1 1 1 1 1 1 1 1 1 1 1 1 1 1 1 1 1 1 1 1 1 1 1 1 1 1 1 1 1 1 1 1 1 1 1 1 1 1 1 1 1 1 1 1 1 1 1 1 1 1 1 1 1 1 1 1 1 1 1 1 1 1 1 1 1 1 1 1 1 1 1 1 1 1 1 1 1 1 1 1 1 1 1 1 1 1 1 1 1 1 1 1 1 1 1 1 1 1 1 1 1 1 1 1 1 1 1 1 1 1 1 1 1 1 1 1 1 1 1 1 1 1 1 1 1 1 1 1 1 1 1 1 1 1 1 1 1 1 1 1 1 1 1 1 1 1 1 1 1 1 1 1 1 1 1 1 1 1 1 1 1 1 1 1 1 1 1 1 1 1 1 1 1 1 1 1 1 1 1 1 1 1 1 1 1 1 1 1 1 1 1 1 1 1 1 1 1 1 1 1 1 1 1 1 1 1 1 1 1 1 1 1 1 1 1 1 1 1 1 1 1 1 1 1 1 1 1 1 1 1 1 1 1 1 1 1 1 1 1 1 1 1 1 1 1 1 1 1 1 1 1 1 1 1 1 1 1 1 1 1 1 1 1 1 1 1 1 1 1 1 1 1 1 1 1 1 1 1 1 1 1 1 1 
