# This file contains a 2D laser scan observation. 
# Its format is: 
# [aperture] [max_range] [number_of_scans] 
# [vector_of_scans] 
# [vector_of_valid_scans] 
# The aperture of the sensor is in radians, the maximum range 
# and measurements are in meters. '1' means a valid scan, '0' otherwise.
4.1847
5.6
682
2.794 2.79 2.79 2.795 2.795 0.007 2.795 2.795 1.597 1.587 1.342 1.342 1.342 1.342 1.335 0.977 0.976 0.973 0.91 0.889 0.888 0.885 0.885 0.888 0.9 2.178 2.217 2.281 2.281 2.281 2.194 2.194 2.194 2.304 2.304 2.304 2.296 2.296 1.815 1.815 1.821 1.875 1.875 2.354 2.364 2.373 2.378 2.384 2.394 2.394 2.394 1.437 1.437 1.437 1.438 2.321 2.371 2.45 2.452 2.452 2.452 0.604 0.6 0.6 0.604 0.604 0.604 0.604 0.601 0.601 0.604 0.76 0.786 2.037 2.039 2.039 2.037 2.025 2.003 1.989 1.977 1.957 1.937 1.92 1.905 1.892 1.875 1.856 1.841 1.822 1.812 1.8 1.789 1.777 1.759 1.752 1.73 1.72 1.705 1.692 1.68 1.665 1.657 1.642 1.635 1.619 1.61 1.607 1.591 1.579 1.569 1.55 1.549 1.544 1.531 1.515 1.513 1.498 1.487 1.482 1.474 1.462 1.46 1.453 1.446 1.44 1.427 1.419 1.417 1.4 1.397 1.392 1.379 1.372 1.37 1.364 1.36 1.343 1.341 1.335 1.334 1.327 1.324 1.311 1.308 0.927 0.887 0.88 0.88 0.88 0.887 0.889 1.252 1.258 1.258 1.258 1.248 1.247 1.246 1.236 1.234 1.231 1.229 1.228 1.225 1.221 1.219 1.214 1.212 1.177 1.157 1.156 1.156 1.157 1.178 1.182 1.182 1.182 1.18 1.177 1.172 1.171 1.172 1.169 1.165 1.156 1.156 1.156 1.155 1.154 1.149 1.148 1.145 1.141 1.141 1.139 1.139 1.126 1.126 1.126 1.126 1.125 0.86 0.763 0.763 0.763 0.764 0.765 0.768 0.77 1.106 1.106 1.106 1.08 1.074 1.074 1.074 1.074 1.08 1.105 1.108 1.108 1.108 1.108 1.107 1.106 1.106 1.103 1.103 0.925 0.914 0.914 0.921 0.921 0.92 0.921 0.925 0.925 0.929 0.933 0.933 0.934 0.933 0.933 0.93 0.927 0.924 0.924 0.923 0.923 0.914 0.913 0.913 0.914 0.916 0.92 0.92 0.917 0.923 0.923 0.922 0.922 0.922 0.922 0.922 0.923 0.923 0.923 0.924 0.93 0.923 0.93 0.93 0.93 0.933 0.934 0.934 0.934 0.939 0.939 0.935 0.935 0.939 0.938 0.939 0.942 0.944 0.945 0.948 0.951 0.951 0.951 0.951 0.951 0.958 0.96 0.96 0.96 0.958 0.96 0.967 0.969 0.969 0.975 0.975 0.975 0.978 0.98 0.98 0.989 0.989 0.989 0.992 0.993 0.995 1 1 1.004 1.011 1.016 1.019 1.02 1.023 1.031 1.038 1.038 1.036 1.042 1.042 1.047 1.056 1.059 1.059 1.062 1.065 1.07 1.07 1.082 1.083 1.088 1.095 1.095 1.109 1.139 1.161 1.163 1.164 1.164 1.169 1.178 1.185 1.188 1.188 1.201 1.372 1.477 1.497 1.505 1.514 1.524 1.533 1.542 1.545 1.553 1.563 1.569 1.585 1.6 1.603 1.622 1.623 1.625 1.63 1.651 1.661 1.67 1.697 5.374 0.007 5.374 3.433 3.433 3.433 3.671 5.191 5.246 5.191 5.071 5.071 5.046 5.02 5.046 5.046 5.02 4.999 3.304 3.304 3.304 3.324 3.324 3.324 3.104 2.261 2.261 2.261 2.277 2.317 2.334 2.36 2.376 2.397 2.417 2.448 2.476 2.497 2.52 2.569 2.592 2.608 2.647 2.697 2.754 2.762 2.762 2.762 2.765 2.765 2.796 2.821 2.915 2.91 2.91 2.91 2.899 2.894 2.885 2.885 2.875 2.867 2.851 2.836 2.836 2.836 2.836 2.952 2.969 0.008 2.969 2.952 0.708 0.706 0.706 0.706 0.706 0.712 0.712 0.712 0.707 0.701 0.701 0.691 0.689 0.687 0.683 0.683 0.683 0.683 0.688 0.688 0.685 0.694 0.694 0.695 0.697 0.697 0.697 0.695 0.693 0.69 0.693 0.693 0.692 0.692 0.693 0.693 0.702 0.704 0.709 0.714 0.726 0.73 0.734 0.738 0.738 0.738 0.735 0.733 0.724 0.722 0.713 0.707 0.701 0.698 0.698 0.697 0.696 0.696 0.696 0.69 0.69 0.69 0.69 0.693 0.694 0.693 0.693 0.68 0.678 0.678 0.678 0.678 0.678 0.678 0.672 0.643 0.594 0.587 0.587 0.577 0.577 0.587 0.614 0.654 0.656 0.656 0.656 0.654 0.64 0.633 0.633 0.627 0.627 0.639 0.639 0.637 0.637 0.603 0.603 0.603 0.619 0.64 0.696 0.702 0.709 0.713 0.713 0.713 0.713 0.713 0.699 0.699 0.699 0.715 0.715 0.715 0.712 0.71 0.621 0.458 0.438 0.434 0.434 0.434 0.438 0.458 0.684 0.685 0.694 0.694 0.695 0.712 0.712 0.712 0.712 0.712 0.709 0.709 0.695 0.685 0.681 0.679 0.678 0.668 0.659 0.655 0.615 0.567 0.558 0.558 0.558 0.559 0.559 0.559 0.566 0.558 0.558 0.566 0.573 0.581 0.585 0.585 0.585 0.575 0.573 0.57 0.567 0.559 0.558 0.553 0.551 0.549 0.546 0.543 0.539 0.537 0.533 0.533 0.53 0.526 0.524 0.515 0.515 0.513 0.511 0.51 0.501 0.5 0.496 0.495 0.495 0.493 0.493 0.49 0.49 0.486 0.485 0.479 0.478 0.467 0.467 0.467 0.472 0.474 0.474 0.472 0.465 0.463 0.461 0.458 0.457 0.454 0.454 0.454 0.455 0.454 0.451 0.446 0.446 0.445 0.445 0.441 0.44 0.439 0.436 0.436 0.435 0.434 0.433 0.433 0.433 0.433 0.429 
1 1 1 1 1 0 1 1 1 1 1 1 1 1 1 1 1 1 1 1 1 1 1 1 1 1 1 1 1 1 1 1 1 1 1 1 1 1 1 1 1 1 1 1 1 1 1 1 1 1 1 1 1 1 1 1 1 1 1 1 1 1 1 1 1 1 1 1 1 1 1 1 1 1 1 1 1 1 1 1 1 1 1 1 1 1 1 1 1 1 1 1 1 1 1 1 1 1 1 1 1 1 1 1 1 1 1 1 1 1 1 1 1 1 1 1 1 1 1 1 1 1 1 1 1 1 1 1 1 1 1 1 1 1 1 1 1 1 1 1 1 1 1 1 1 1 1 1 1 1 1 1 1 1 1 1 1 1 1 1 1 1 1 1 1 1 1 1 1 1 1 1 1 1 1 1 1 1 1 1 1 1 1 1 1 1 1 1 1 1 1 1 1 1 1 1 1 1 1 1 1 1 1 1 1 1 1 1 1 1 1 1 1 1 1 1 1 1 1 1 1 1 1 1 1 1 1 1 1 1 1 1 1 1 1 1 1 1 1 1 1 1 1 1 1 1 1 1 1 1 1 1 1 1 1 1 1 1 1 1 1 1 1 1 1 1 1 1 1 1 1 1 1 1 1 1 1 1 1 1 1 1 1 1 1 1 1 1 1 1 1 1 1 1 1 1 1 1 1 1 1 1 1 1 1 1 1 1 1 1 1 1 1 1 1 1 1 1 1 1 1 1 1 1 1 1 1 1 1 1 1 1 1 1 1 1 1 1 1 1 1 1 1 1 1 1 1 1 1 1 1 1 1 1 1 1 1 1 1 1 1 1 1 1 1 1 1 1 1 1 1 1 1 1 1 1 1 1 0 1 1 1 1 1 1 1 1 1 1 1 1 1 1 1 1 1 1 1 1 1 1 1 1 1 1 1 1 1 1 1 1 1 1 1 1 1 1 1 1 1 1 1 1 1 1 1 1 1 1 1 1 1 1 1 1 1 1 1 1 1 1 1 1 1 1 1 0 1 1 1 1 1 1 1 1 1 1 1 1 1 1 1 1 1 1 1 1 1 1 1 1 1 1 1 1 1 1 1 1 1 1 1 1 1 1 1 1 1 1 1 1 1 1 1 1 1 1 1 1 1 1 1 1 1 1 1 1 1 1 1 1 1 1 1 1 1 1 1 1 1 1 1 1 1 1 1 1 1 1 1 1 1 1 1 1 1 1 1 1 1 1 1 1 1 1 1 1 1 1 1 1 1 1 1 1 1 1 1 1 1 1 1 1 1 1 1 1 1 1 1 1 1 1 1 1 1 1 1 1 1 1 1 1 1 1 1 1 1 1 1 1 1 1 1 1 1 1 1 1 1 1 1 1 1 1 1 1 1 1 1 1 1 1 1 1 1 1 1 1 1 1 1 1 1 1 1 1 1 1 1 1 1 1 1 1 1 1 1 1 1 1 1 1 1 1 1 1 1 1 1 1 1 1 1 1 1 1 1 1 1 1 1 1 1 1 1 1 1 1 1 1 1 1 1 1 1 1 1 1 1 1 1 
