# This file contains a 2D laser scan observation. 
# Its format is: 
# [aperture] [max_range] [number_of_scans] 
# [vector_of_scans] 
# [vector_of_valid_scans] 
# The aperture of the sensor is in radians, the maximum range 
# and measurements are in meters. '1' means a valid scan, '0' otherwise.
4.1847
5.6
682
1.752 1.722 1.693 1.673 1.632 1.575 0.738 0.724 0.724 0.724 0.722 0.724 0.726 0.726 0.729 1.347 1.377 1.377 1.377 1.353 1.335 1.33 1.309 1.297 1.286 1.276 1.247 1.239 1.201 1.143 1.138 1.138 1.143 1.153 1.153 1.153 1.138 1.136 1.116 1.11 1.099 1.091 1.082 1.07 1.07 1.055 1.041 1.033 1.03 1.018 1.012 0.829 0.728 0.721 0.717 0.71 0.71 0.706 0.7 0.696 0.695 0.683 0.68 0.673 0.673 0.672 0.66 0.659 0.651 0.649 0.646 0.646 0.643 0.638 0.633 0.633 0.63 0.624 0.624 0.623 0.621 0.615 0.609 0.604 0.604 0.604 0.6 0.595 0.592 0.592 0.592 0.592 0.587 0.58 0.569 0.569 0.569 0.568 0.565 0.565 0.563 0.561 0.561 0.556 0.555 0.553 0.552 0.548 0.546 0.546 0.541 0.541 0.537 0.536 0.534 0.534 0.533 0.53 0.529 0.529 0.519 0.519 0.519 0.52 0.52 0.52 0.519 0.516 0.516 0.511 0.511 0.511 0.507 0.507 0.506 0.501 0.501 0.501 0.501 0.504 0.504 0.495 0.495 0.495 0.494 0.494 0.494 0.494 0.493 0.493 0.485 0.485 0.485 0.485 0.485 0.489 0.482 0.482 0.482 0.478 0.478 0.479 0.478 0.478 0.479 0.479 0.48 0.48 0.48 0.478 0.478 0.478 0.474 0.477 0.477 0.474 0.474 0.475 0.475 0.475 0.477 0.477 0.477 0.474 0.478 0.477 0.472 0.477 0.478 0.481 0.481 0.485 0.49 0.497 0.497 0.498 0.498 0.501 0.501 0.501 0.499 0.494 0.494 0.491 0.487 0.485 0.485 0.484 0.484 0.477 0.478 0.478 0.478 0.476 0.476 0.476 0.476 0.476 0.477 0.477 0.477 0.477 0.477 0.479 0.477 0.474 0.474 0.479 0.479 0.484 0.484 0.484 0.484 0.484 0.484 0.485 0.486 0.49 0.49 0.49 0.49 0.486 0.486 0.487 0.493 0.487 0.493 0.496 0.512 0.535 0.536 0.538 0.539 0.539 0.539 0.538 0.539 0.539 0.539 0.536 0.539 0.537 0.537 0.54 0.544 0.544 0.544 0.553 0.55 0.55 0.55 0.555 0.559 0.56 0.56 0.562 0.566 0.569 0.571 0.605 0.789 0.79 0.799 0.802 0.809 0.812 0.818 0.818 0.819 0.821 0.828 0.828 0.832 0.833 0.834 0.834 0.845 0.845 0.852 0.854 0.857 0.867 0.87 0.871 0.877 0.877 0.882 0.884 0.891 0.899 0.903 0.906 0.914 0.916 0.922 0.925 0.928 0.94 0.94 0.94 0.936 0.936 0.936 0.942 0.959 0.972 0.976 0.978 0.985 0.994 1.001 4.683 0.007 4.683 4.683 2.791 2.791 0.007 4.539 4.513 4.513 4.513 3.398 3.398 0.007 4.38 4.358 4.358 4.358 4.358 0 0 0 0 2.61 2.61 2.61 2.681 0 0 0 2.597 2.597 2.597 3.99 3.99 3.99 1.59 1.59 1.59 1.592 1.628 1.636 1.668 1.681 1.705 1.732 1.755 1.779 1.802 1.83 1.86 1.873 1.92 1.937 1.968 1.995 2.028 2.051 2.121 2.134 2.14 2.143 2.143 2.143 2.144 2.152 0.007 0.015 2.292 2.293 2.292 2.289 2.289 2.287 2.276 2.271 2.269 2.268 2.261 2.252 2.246 2.242 2.242 2.242 2.242 2.242 2.285 2.349 2.354 2.448 2.448 2.795 2.835 2.835 2.845 3.558 3.564 3.564 3.561 3.56 3.56 3.552 3.551 3.551 3.548 3.544 3.249 3.241 3.241 3.241 3.241 3.255 3.258 3.533 3.534 3.537 3.537 3.537 3.537 3.537 3.432 3.349 3.345 3.343 3.345 3.349 3.352 3.352 3.357 3.401 3.401 3.401 2.205 2.205 2.205 2.205 2.208 2.208 2.215 2.216 2.218 2.218 2.221 2.221 2.225 2.234 2.234 2.234 2.234 2.232 2.231 2.02 1.991 1.967 1.954 1.951 1.946 1.937 1.936 1.936 1.936 1.936 1.938 1.941 1.941 1.951 1.958 1.972 1.991 2.007 2.313 2.319 2.324 2.324 2.332 2.345 2.345 2.346 2.354 2.364 2.373 2.374 2.376 2.388 2.392 2.394 2.411 2.413 2.418 2.431 2.435 2.442 2.446 2.447 2.471 2.474 2.483 2.489 2.5 2.503 2.513 2.526 2.535 2.539 2.545 2.555 2.569 2.574 2.582 2.596 2.605 2.605 2.605 2.51 2.51 2.493 2.493 0.007 0 2.512 0 2.512 2.512 0.007 2.702 2.683 2.702 2.702 2.702 2.683 0.368 0.366 0.365 0.364 0.358 0.358 0.355 0.35 0.35 0.348 0.348 0.345 0.344 0.344 0.343 0.336 0.332 0.333 0.331 0.33 0.33 0.326 0.326 0.321 0.321 0.321 0.32 0.32 0.32 0.323 0.324 0.324 0.322 0.322 0.317 0.312 0.312 0.311 0.307 0.304 0.304 0.304 0.301 0.302 0.302 0.302 0.298 0.302 0.306 0.311 0.311 0.32 0.32 0.32 0.32 0.319 0.319 0.321 0.323 0.323 0.329 0.338 0.342 0.344 0.347 0.348 0.353 0.353 0.354 0.356 0.368 0.368 0.368 0.369 0.369 0.384 0.417 0.426 0.428 0.437 0.441 0.446 0.46 0.467 0.479 0.482 0.492 0.495 0.507 0.524 0.534 0.556 0.557 0.565 0.568 0.571 0.568 0.568 0.568 0.568 0.568 0.573 0.605 0.612 0.614 0.618 0.621 0.621 0.621 0.623 0.628 0.628 0.623 0.623 0.619 0.619 0.619 0.619 0.615 0.615 0.615 
1 1 1 1 1 1 1 1 1 1 1 1 1 1 1 1 1 1 1 1 1 1 1 1 1 1 1 1 1 1 1 1 1 1 1 1 1 1 1 1 1 1 1 1 1 1 1 1 1 1 1 1 1 1 1 1 1 1 1 1 1 1 1 1 1 1 1 1 1 1 1 1 1 1 1 1 1 1 1 1 1 1 1 1 1 1 1 1 1 1 1 1 1 1 1 1 1 1 1 1 1 1 1 1 1 1 1 1 1 1 1 1 1 1 1 1 1 1 1 1 1 1 1 1 1 1 1 1 1 1 1 1 1 1 1 1 1 1 1 1 1 1 1 1 1 1 1 1 1 1 1 1 1 1 1 1 1 1 1 1 1 1 1 1 1 1 1 1 1 1 1 1 1 1 1 1 1 1 1 1 1 1 1 1 1 1 1 1 1 1 1 1 1 1 1 1 1 1 1 1 1 1 1 1 1 1 1 1 1 1 1 1 1 1 1 1 1 1 1 1 1 1 1 1 1 1 1 1 1 1 1 1 1 1 1 1 1 1 1 1 1 1 1 1 1 1 1 1 1 1 1 1 1 1 1 1 1 1 1 1 1 1 1 1 1 1 1 1 1 1 1 1 1 1 1 1 1 1 1 1 1 1 1 1 1 1 1 1 1 1 1 1 1 1 1 1 1 1 1 1 1 1 1 1 1 1 1 1 1 1 1 1 1 1 1 1 1 1 1 1 1 1 1 1 1 1 1 1 1 1 1 1 0 1 1 1 1 0 1 1 1 1 1 1 0 1 1 1 1 1 0 0 0 0 1 1 1 1 0 0 0 1 1 1 1 1 1 1 1 1 1 1 1 1 1 1 1 1 1 1 1 1 1 1 1 1 1 1 1 1 1 1 1 1 1 1 1 0 0 1 1 1 1 1 1 1 1 1 1 1 1 1 1 1 1 1 1 1 1 1 1 1 1 1 1 1 1 1 1 1 1 1 1 1 1 1 1 1 1 1 1 1 1 1 1 1 1 1 1 1 1 1 1 1 1 1 1 1 1 1 1 1 1 1 1 1 1 1 1 1 1 1 1 1 1 1 1 1 1 1 1 1 1 1 1 1 1 1 1 1 1 1 1 1 1 1 1 1 1 1 1 1 1 1 1 1 1 1 1 1 1 1 1 1 1 1 1 1 1 1 1 1 1 1 1 1 1 1 1 1 1 1 1 1 1 1 1 1 1 1 1 1 1 1 1 1 1 1 0 0 1 0 1 1 0 1 1 1 1 1 1 1 1 1 1 1 1 1 1 1 1 1 1 1 1 1 1 1 1 1 1 1 1 1 1 1 1 1 1 1 1 1 1 1 1 1 1 1 1 1 1 1 1 1 1 1 1 1 1 1 1 1 1 1 1 1 1 1 1 1 1 1 1 1 1 1 1 1 1 1 1 1 1 1 1 1 1 1 1 1 1 1 1 1 1 1 1 1 1 1 1 1 1 1 1 1 1 1 1 1 1 1 1 1 1 1 1 1 1 1 1 1 1 1 1 1 1 1 1 1 1 1 
