# This file contains a 2D laser scan observation. 
# Its format is: 
# [aperture] [max_range] [number_of_scans] 
# [vector_of_scans] 
# [vector_of_valid_scans] 
# The aperture of the sensor is in radians, the maximum range 
# and measurements are in meters. '1' means a valid scan, '0' otherwise.
4.1847
5.6
682
0.467 0.468 0.47 0.476 0.487 0.493 0.494 0.499 0.5 0.5 0.5 0.5 0.501 0.544 0.554 0.559 0.575 0.58 0.587 0.592 0.595 0.61 0.612 0.612 0.61 0.603 0.603 0.603 0.6 0.595 0.594 0.594 0.592 0.591 0.59 0.591 0.589 0.589 0.587 0.582 0.582 0.585 0.582 0.583 0.583 0.578 0.578 0.578 0.578 0.578 0.577 0.572 0.572 0.572 0.572 0.57 0.563 0.561 0.56 0.559 0.558 0.56 0.56 0.558 0.558 0.558 0.556 0.556 0.554 0.554 0.556 0.554 0.551 0.551 0.556 0.551 0.554 0.557 0.554 0.554 0.554 0.551 0.551 0.551 0.551 0.551 0.548 0.545 0.548 0.546 0.545 0.546 0.55 0.547 0.551 0.551 0.55 0.549 0.55 0.549 0.549 0.551 0.551 0.55 0.55 0.55 0.55 0.55 0.552 0.552 0.55 0.55 0.55 0.55 0.55 0.551 0.551 0.553 0.553 0.553 0.552 0.552 0.552 0.553 0.555 0.556 0.556 0.555 0.55 0.547 0.547 0.54 0.526 0.53 0.533 0.53 0.53 0.533 0.537 0.541 0.547 0.548 0.548 0.556 0.556 0.556 0.557 0.558 0.565 0.565 0.565 0.559 0.559 0.559 0.56 0.56 0.563 0.56 0.561 0.561 0.563 0 0 0 0 0 0 0 0 0 0 0 0 0 0 0 0 0 0 0 0 0 0 0 0 0 0 0 0 0 0 0 0 0 0 0 0 0 0 2.704 2.704 2.741 2.741 2.739 2.741 0.007 0 2.739 0 2.729 2.729 2.731 2.731 2.729 2.71 2.678 2.533 2.533 2.533 4.439 4.439 4.439 4.439 4.488 2.319 2.319 2.634 2.622 2.622 2.634 4.14 0.007 0 0.007 3.85 3.85 2.512 2.486 2.121 2.111 2.111 2.111 2.114 2.114 2.114 2.089 1.996 1.996 1.996 1.986 1.986 1.015 1.013 1.011 1.011 1.003 1.003 1.003 1.025 1.033 1.044 1.057 1.067 1.069 1.079 1.095 1.104 1.116 1.134 1.144 1.161 1.163 1.179 1.193 1.21 1.228 1.238 1.259 1.275 1.283 1.306 1.324 1.33 1.354 1.377 1.391 1.416 1.432 1.446 1.475 1.499 1.512 1.542 1.547 1.549 1.551 1.549 1.547 1.549 1.549 1.549 1.563 1.574 1.587 1.612 1.652 1.705 1.708 1.708 1.705 1.697 1.694 1.692 1.69 1.688 1.684 1.682 1.681 1.666 1.666 1.665 1.665 1.662 1.659 1.659 1.65 1.65 1.659 1.667 1.746 1.776 1.778 1.786 1.786 0.015 0.015 0.015 0.007 2.983 2.983 2.983 2.98 2.98 2.98 2.976 2.974 2.974 2.973 2.97 2.969 2.871 2.702 2.701 2.691 2.686 2.686 2.69 2.691 2.716 2.763 2.963 2.964 2.97 2.97 2.97 2.972 2.974 2.974 2.974 2.8 2.798 2.796 2.796 2.797 2.797 2.797 2.809 2.813 2.815 2.995 3.001 3.001 3.001 3.002 3.008 3.008 3.008 3.013 0.007 1.698 1.661 1.658 1.658 1.661 1.669 1.669 1.669 1.669 1.672 1.672 1.674 1.69 1.694 1.696 1.7 1.707 1.707 1.71 1.711 1.721 1.723 1.724 1.725 1.731 1.731 1.724 1.667 1.519 1.495 1.481 1.46 1.458 1.45 1.449 1.449 1.446 1.446 1.446 1.446 1.438 1.446 1.445 1.445 1.445 1.445 1.445 1.453 1.456 1.475 1.475 1.486 1.51 1.884 1.891 1.898 1.898 1.905 1.916 1.929 1.93 1.938 1.942 1.95 1.958 1.964 1.977 1.987 1.998 2.003 2.008 2.015 2.031 2.046 2.05 2.066 2.078 2.081 2.088 2.105 2.113 2.133 2.138 2.15 2.163 2.178 2.183 2.205 2.205 2.227 2.241 2.244 2.265 2.277 2.277 2.277 2.177 2.159 2.159 2.159 2.156 2.213 0 2.213 2.213 0.007 2.167 2.167 0 2.349 2.349 0 2.349 2.335 2.312 2.301 2.291 2.286 2.273 2.257 2.246 2.233 2.226 2.223 2.195 2.186 2.185 2.184 2.178 2.159 2.157 2.147 2.144 2.141 2.124 2.116 2.113 2.099 2.094 2.088 2.087 2.075 2.064 2.051 2.05 2.049 2.048 2.035 2.034 2.018 2.01 2.01 2.003 2 2 1.996 1.981 1.981 1.975 1.972 1.954 1.954 1.953 1.952 1.947 1.944 1.931 1.925 1.924 1.923 1.921 1.914 1.908 1.907 1.905 1.9 1.897 1.894 1.887 1.885 1.881 1.872 1.869 1.869 1.869 1.869 0 0 0 1.861 1.854 1.853 1.847 1.834 1.833 1.833 1.831 1.83 1.828 1.827 1.823 1.822 1.818 1.816 1.815 1.814 1.814 1.814 1.814 1.814 1.814 1.811 1.805 1.8 1.8 1.8 1.803 1.803 1.803 1.803 1.799 1.799 1.8 1.801 1.801 1.801 1.801 1.801 1.801 1.543 1.517 1.517 1.517 1.636 1.636 1.636 0.74 0.724 0.722 0.719 0.719 0.72 0.722 0.723 0.737 1.142 0.007 1.652 1.652 0 1.652 0 0.007 0 0 0 1.855 1.855 1.855 1.855 1.855 1.855 1.481 1.428 1.423 1.423 1.423 1.423 1.427 1.438 1.438 1.438 1.224 1.224 1.224 0 0 0 0 0 0 0 0 0 0 0.662 0.66 0.656 0.656 0.655 0.655 0.652 0.638 
1 1 1 1 1 1 1 1 1 1 1 1 1 1 1 1 1 1 1 1 1 1 1 1 1 1 1 1 1 1 1 1 1 1 1 1 1 1 1 1 1 1 1 1 1 1 1 1 1 1 1 1 1 1 1 1 1 1 1 1 1 1 1 1 1 1 1 1 1 1 1 1 1 1 1 1 1 1 1 1 1 1 1 1 1 1 1 1 1 1 1 1 1 1 1 1 1 1 1 1 1 1 1 1 1 1 1 1 1 1 1 1 1 1 1 1 1 1 1 1 1 1 1 1 1 1 1 1 1 1 1 1 1 1 1 1 1 1 1 1 1 1 1 1 1 1 1 1 1 1 1 1 1 1 1 1 1 1 1 1 1 0 0 0 0 0 0 0 0 0 0 0 0 0 0 0 0 0 0 0 0 0 0 0 0 0 0 0 0 0 0 0 0 0 0 0 0 0 0 1 1 1 1 1 1 0 0 1 0 1 1 1 1 1 1 1 1 1 1 1 1 1 1 1 1 1 1 1 1 1 1 0 0 0 1 1 1 1 1 1 1 1 1 1 1 1 1 1 1 1 1 1 1 1 1 1 1 1 1 1 1 1 1 1 1 1 1 1 1 1 1 1 1 1 1 1 1 1 1 1 1 1 1 1 1 1 1 1 1 1 1 1 1 1 1 1 1 1 1 1 1 1 1 1 1 1 1 1 1 1 1 1 1 1 1 1 1 1 1 1 1 1 1 1 1 1 1 1 1 1 1 1 1 1 0 0 0 0 1 1 1 1 1 1 1 1 1 1 1 1 1 1 1 1 1 1 1 1 1 1 1 1 1 1 1 1 1 1 1 1 1 1 1 1 1 1 1 1 1 1 1 1 1 1 1 1 1 1 0 1 1 1 1 1 1 1 1 1 1 1 1 1 1 1 1 1 1 1 1 1 1 1 1 1 1 1 1 1 1 1 1 1 1 1 1 1 1 1 1 1 1 1 1 1 1 1 1 1 1 1 1 1 1 1 1 1 1 1 1 1 1 1 1 1 1 1 1 1 1 1 1 1 1 1 1 1 1 1 1 1 1 1 1 1 1 1 1 1 1 1 1 1 1 1 1 1 1 1 1 1 1 0 1 1 0 1 1 0 1 1 0 1 1 1 1 1 1 1 1 1 1 1 1 1 1 1 1 1 1 1 1 1 1 1 1 1 1 1 1 1 1 1 1 1 1 1 1 1 1 1 1 1 1 1 1 1 1 1 1 1 1 1 1 1 1 1 1 1 1 1 1 1 1 1 1 1 1 1 1 1 1 1 1 1 1 0 0 0 1 1 1 1 1 1 1 1 1 1 1 1 1 1 1 1 1 1 1 1 1 1 1 1 1 1 1 1 1 1 1 1 1 1 1 1 1 1 1 1 1 1 1 1 1 1 1 1 1 1 1 1 1 1 1 1 1 0 1 1 0 1 0 0 0 0 0 1 1 1 1 1 1 1 1 1 1 1 1 1 1 1 1 1 1 1 0 0 0 0 0 0 0 0 0 0 1 1 1 1 1 1 1 1 
