# This file contains a 2D laser scan observation. 
# Its format is: 
# [aperture] [max_range] [number_of_scans] 
# [vector_of_scans] 
# [vector_of_valid_scans] 
# The aperture of the sensor is in radians, the maximum range 
# and measurements are in meters. '1' means a valid scan, '0' otherwise.
4.1847
5.6
682
0.696 0.702 0.752 0.789 0.795 0.796 0.798 0.798 0.796 0.798 0.805 3.56 3.743 0 0 0 0 0 0 0 0 0 0 0 0 0 0 0 0 0 0 0 0 0 0 0 0 0 0 0 0 0 0 0 0 0 0 0 0 0 0 0 0 0 0 0 0 0 0 0 0 0 0 0 0 0 0 0 0 0 0 0 0 0 0 0 0 0 0 0 0 0 0 0 0 0 0 0 0 0 0 0 0 0 0 0 0 2.271 2.271 2.271 0 0 0 0 0 2 2 2 2.696 2.754 2.754 2.71 2.71 2.694 2.694 2.666 1.742 1.737 1.737 1.742 1.728 1.71 0.926 0.906 0.906 0.891 0.891 0.891 0.9 0.911 0.913 0.92 0.926 0.928 0.929 0.932 0.941 0.944 0.949 0.953 0.957 0.963 0.966 0.968 0.97 0.989 0.996 0.997 1.003 1.017 1.018 1.022 1.029 1.039 1.042 1.05 1.055 1.062 1.07 1.073 1.083 1.083 1.098 1.103 1.108 1.126 1.128 1.135 1.137 1.148 1.156 1.173 1.176 1.186 1.196 1.205 1.222 1.231 1.242 1.25 1.26 1.275 1.28 1.29 1.307 1.318 1.321 1.339 1.339 1.339 1.335 1.32 1.319 1.319 1.319 1.324 1.331 1.332 1.352 1.362 1.369 1.377 1.392 1.437 1.449 1.475 1.476 1.476 1.476 1.465 1.453 1.453 1.453 1.451 1.446 1.436 1.435 1.427 1.417 1.404 1.404 1.404 1.404 1.394 1.388 1.387 1.386 1.378 1.377 1.377 1.377 1.39 1.424 1.493 1.502 1.506 1.52 1.52 1.527 0.007 0 0.007 0 0 0 0 1.996 1.996 1.996 2.723 2.723 2.723 2.723 2.716 2.712 2.71 2.708 2.708 2.707 2.704 2.701 2.7 2.691 2.691 2.691 2.689 2.418 2.402 2.393 2.392 2.391 2.391 2.392 2.407 2.414 2.431 2.673 2.677 2.677 2.673 2.673 2.673 2.673 2.673 2.665 2.59 2.494 2.492 2.487 2.48 2.48 2.481 2.487 2.487 2.487 2.491 2.499 2.516 2.687 2.688 2.688 2.688 2.688 2.685 1.341 1.319 1.319 1.32 1.319 1.317 1.32 1.32 1.324 1.324 1.327 1.332 1.327 1.333 1.339 1.339 1.34 1.343 1.351 1.355 1.36 1.36 1.362 1.364 1.372 1.368 1.373 1.373 1.376 1.375 1.376 1.381 1.381 1.375 1.372 1.173 1.145 1.136 1.125 1.123 1.12 1.111 1.109 1.107 1.1 1.1 1.1 1.099 1.093 1.092 1.092 1.092 1.092 1.093 1.093 1.093 1.098 1.102 1.103 1.105 1.106 1.106 1.117 1.125 1.136 1.136 1.144 1.161 1.456 1.537 1.543 1.554 1.559 1.575 1.581 1.589 1.589 1.601 1.61 1.618 1.621 1.627 1.634 1.639 1.645 1.656 1.666 1.67 1.678 1.679 1.694 1.699 1.711 1.719 1.728 1.742 1.753 1.762 1.775 1.785 1.791 1.803 1.814 1.822 1.835 1.855 1.868 1.87 1.885 1.896 1.897 1.921 1.928 1.928 1.943 1.955 1.955 1.917 1.843 1.843 1.838 1.828 1.838 0.015 1.906 1.906 0 1.906 1.887 1.8 1.8 1.8 1.878 0.007 0 0 0.007 2.03 1.998 1.993 1.987 1.987 1.976 1.965 1.961 1.951 1.951 1.943 1.932 1.925 1.923 1.901 1.901 1.899 1.886 1.884 1.884 1.883 1.873 1.869 1.861 1.86 1.853 1.844 1.843 1.835 1.824 1.823 1.813 1.811 1.81 1.807 1.806 1.795 1.79 1.788 1.781 1.778 1.776 1.776 1.763 1.757 1.755 1.748 1.748 1.744 1.743 1.739 1.738 1.738 1.734 1.731 1.731 1.725 1.722 1.717 1.71 1.704 1.704 1.704 1.702 1.7 1.699 1.698 1.695 1.689 1.688 1.688 1.688 1.688 1.688 1.684 1.683 1.683 1.675 1.674 1.67 1.669 1.668 1.666 1.666 1.666 1.666 1.664 1.661 1.664 1.659 1.658 1.659 1.66 1.659 1.658 1.658 1.652 1.652 1.647 1.646 1.647 1.647 1.647 1.653 1.653 1.653 1.655 1.655 1.655 1.655 1.656 1.656 1.662 1.662 1.662 1.664 1.664 1.664 1.664 1.664 1.665 1.665 1.667 1.667 1.669 1.669 1.675 1.677 1.679 1.677 1.679 1.683 1.686 1.687 1.689 1.689 1.695 1.688 1.695 1.702 1.702 1.688 1.406 1.406 1.406 1.439 1.718 1.725 1.735 1.735 1.737 1.735 1.732 1.311 1.3 1.293 1.289 1.289 1.122 1.115 1.115 1.122 1.77 4.456 4.456 1.77 1.1 1.096 1.091 1.086 1.086 1.086 1.091 1.809 1.845 1.845 1.845 1.441 1.398 1.396 1.395 1.395 1.396 1.394 1.394 1.4 1.639 1.639 1.639 1.639 0.7 0.696 0.694 0.694 0.69 0.69 0.685 0.685 0.685 0.7 1.075 1.075 1.161 1.161 0 0 0 0 0 0 0 0 0 0 0 0 0 0 0 0 0 0 0 0 0 0 0 0 0 0 0 0 0.007 0 0 0 0 2.564 2.546 0.764 0.751 
1 1 1 1 1 1 1 1 1 1 1 1 1 0 0 0 0 0 0 0 0 0 0 0 0 0 0 0 0 0 0 0 0 0 0 0 0 0 0 0 0 0 0 0 0 0 0 0 0 0 0 0 0 0 0 0 0 0 0 0 0 0 0 0 0 0 0 0 0 0 0 0 0 0 0 0 0 0 0 0 0 0 0 0 0 0 0 0 0 0 0 0 0 0 0 0 0 1 1 1 0 0 0 0 0 1 1 1 1 1 1 1 1 1 1 1 1 1 1 1 1 1 1 1 1 1 1 1 1 1 1 1 1 1 1 1 1 1 1 1 1 1 1 1 1 1 1 1 1 1 1 1 1 1 1 1 1 1 1 1 1 1 1 1 1 1 1 1 1 1 1 1 1 1 1 1 1 1 1 1 1 1 1 1 1 1 1 1 1 1 1 1 1 1 1 1 1 1 1 1 1 1 1 1 1 1 1 1 1 1 1 1 1 1 1 1 1 1 1 1 1 1 1 1 1 1 1 1 1 1 1 1 1 1 1 1 1 1 1 0 0 0 0 0 0 0 1 1 1 1 1 1 1 1 1 1 1 1 1 1 1 1 1 1 1 1 1 1 1 1 1 1 1 1 1 1 1 1 1 1 1 1 1 1 1 1 1 1 1 1 1 1 1 1 1 1 1 1 1 1 1 1 1 1 1 1 1 1 1 1 1 1 1 1 1 1 1 1 1 1 1 1 1 1 1 1 1 1 1 1 1 1 1 1 1 1 1 1 1 1 1 1 1 1 1 1 1 1 1 1 1 1 1 1 1 1 1 1 1 1 1 1 1 1 1 1 1 1 1 1 1 1 1 1 1 1 1 1 1 1 1 1 1 1 1 1 1 1 1 1 1 1 1 1 1 1 1 1 1 1 1 1 1 1 1 1 1 1 1 1 1 1 1 1 1 1 1 1 1 1 1 1 1 1 1 1 1 0 1 1 0 1 1 1 1 1 1 0 0 0 0 1 1 1 1 1 1 1 1 1 1 1 1 1 1 1 1 1 1 1 1 1 1 1 1 1 1 1 1 1 1 1 1 1 1 1 1 1 1 1 1 1 1 1 1 1 1 1 1 1 1 1 1 1 1 1 1 1 1 1 1 1 1 1 1 1 1 1 1 1 1 1 1 1 1 1 1 1 1 1 1 1 1 1 1 1 1 1 1 1 1 1 1 1 1 1 1 1 1 1 1 1 1 1 1 1 1 1 1 1 1 1 1 1 1 1 1 1 1 1 1 1 1 1 1 1 1 1 1 1 1 1 1 1 1 1 1 1 1 1 1 1 1 1 1 1 1 1 1 1 1 1 1 1 1 1 1 1 1 1 1 1 1 1 1 1 1 1 1 1 1 1 1 1 1 1 1 1 1 1 1 1 1 1 1 1 1 1 1 1 1 1 1 1 1 1 1 1 1 1 1 1 1 1 1 0 0 0 0 0 0 0 0 0 0 0 0 0 0 0 0 0 0 0 0 0 0 0 0 0 0 0 0 0 0 0 0 0 1 1 1 1 
