# This file contains a 2D laser scan observation. 
# Its format is: 
# [aperture] [max_range] [number_of_scans] 
# [vector_of_scans] 
# [vector_of_valid_scans] 
# The aperture of the sensor is in radians, the maximum range 
# and measurements are in meters. '1' means a valid scan, '0' otherwise.
4.1847
5.6
682
0.881 0.882 0.881 0.877 0.874 0.877 0.871 0.877 0.88 0.904 0.904 0.914 0 0 0 0 0 0 0 0 0 0 0 0 0 0 0.007 2.154 2.154 0 0 0 0 2.498 2.498 2.498 0 0 0 0 0 3.108 3.203 0 0 3.546 0 0.007 0 0 0.007 0 0 0 0 0 0 0 0 0 0 0 0 0 0 0 0 0 0 0 0 0 0 0 0 0 0 0 0 0 0 0 0 0 0 0 0 0 0.007 0 0 0 0 0 0 0 0 0 0 0 0 0 0 0 0 0 0 0 0 0 0 0 0 0 0 0 0 0 0 0 0 2.428 2.422 0.796 0.777 0.777 0.777 0.781 0.79 0.794 0.795 0.799 0.801 0.799 0.801 0.802 0.804 0.804 0.808 0.814 0.815 0.816 0.817 0.82 0.826 0.826 0.826 0.826 0.826 0.826 0.843 0.846 0.847 0.847 0.847 0.847 0.85 0.856 0.86 0.86 0.86 0.86 0.863 0.864 0.869 0.872 0.873 0.879 0.888 0.888 0.889 0.889 0.889 0.898 0.9 0.91 0.912 0.921 0.922 0.924 0.927 0.936 0.937 0.939 0.94 0.951 0.955 0.957 0.959 0.969 0.972 0.982 0.983 0.99 0.992 0.993 1.005 1.011 1.012 1.023 1.028 1.034 1.042 1.053 1.056 1.058 1.073 1.074 1.076 1.091 1.1 1.101 1.106 1.107 1.107 1.107 1.094 1.09 1.089 1.089 1.086 1.086 1.089 1.095 1.096 1.101 1.108 1.119 1.124 1.136 1.141 1.146 1.151 1.192 1.203 1.211 1.23 1.23 1.23 1.225 1.22 1.219 1.217 1.213 1.202 1.197 1.197 1.184 1.18 1.177 1.17 1.152 1.142 1.142 1.148 1.148 1.142 1.134 1.13 1.13 1.127 1.127 1.123 1.121 1.121 1.121 1.121 1.127 1.145 1.166 1.214 1.241 1.241 1.241 1.24 1.239 1.239 1.239 1.266 1.287 1.306 1.374 0.007 0 0 0 0 0 0 1.712 1.712 1.787 1.975 1.975 2.462 2.463 2.463 2.462 2.457 2.451 2.447 2.445 2.44 2.44 2.437 2.436 2.435 2.434 2.433 2.432 2.418 2.414 2.259 2.138 2.128 2.126 2.115 2.111 2.111 2.111 2.123 2.125 2.146 2.158 2.405 2.405 2.405 2.401 2.401 2.398 2.397 2.397 2.397 2.396 2.389 2.228 2.21 2.206 2.206 2.206 2.21 2.206 2.21 2.211 2.212 2.214 2.222 2.224 2.236 2.416 2.417 2.418 2.418 2.417 2.419 2.419 2.423 2.423 2.423 1.06 1.054 1.054 1.054 1.039 1.031 1.026 1.026 1.026 1.047 1.047 1.047 1.061 1.043 1.043 1.043 1.059 1.059 1.067 1.067 1.07 1.07 1.072 1.073 1.078 1.083 1.085 1.087 1.087 1.088 1.094 1.094 1.095 1.095 1.098 1.099 1.103 1.106 1.113 1.113 1.116 1.116 1.116 1.109 1.021 0.912 0.89 0.877 0.873 0.867 0.867 0.863 0.857 0.856 0.856 0.853 0.853 0.852 0.851 0.85 0.847 0.844 0.839 0.837 0.836 0.833 0.833 0.834 0.836 0.841 0.842 0.843 0.843 0.846 0.846 0.847 0.849 0.852 0.858 0.862 0.865 0.867 0.872 0.877 0.888 0.896 0.922 1.339 1.343 1.352 1.352 1.364 1.364 1.376 1.38 1.399 1.399 1.408 1.417 1.425 1.436 1.453 1.454 1.468 1.477 1.49 1.498 1.502 1.51 1.522 1.541 1.552 1.554 1.581 1.582 1.588 1.603 1.619 1.631 1.632 1.653 1.662 1.679 1.691 1.701 1.715 1.743 1.755 1.755 1.774 1.777 1.777 1.715 1.663 1.653 1.653 1.653 1.66 0.007 1.66 1.66 1.718 1.682 1.682 1.718 1.682 1.674 1.674 1.701 1.701 1.766 1.865 1.87 1.87 1.865 1.865 1.843 1.837 1.833 1.822 1.812 1.811 1.809 1.799 1.798 1.794 1.789 1.789 1.778 1.767 1.761 1.76 1.76 1.758 1.757 1.756 1.755 1.754 1.745 1.743 1.742 1.733 1.731 1.729 1.725 1.719 1.719 1.714 1.71 1.712 1.705 1.705 1.702 1.701 1.701 1.701 1.696 1.695 1.692 1.683 1.681 1.677 1.673 1.673 1.673 1.673 1.672 1.668 1.667 1.667 1.665 1.667 1.665 1.663 1.662 1.662 1.661 1.659 1.659 1.658 1.652 1.651 1.651 1.65 1.65 1.65 1.654 1.654 1.655 1.657 1.657 1.657 1.657 1.657 1.657 1.657 1.657 1.652 1.652 1.652 1.652 1.653 1.653 1.653 1.656 1.66 1.656 1.656 1.652 1.652 1.652 1.661 1.663 1.669 1.669 1.669 1.666 1.666 1.666 1.666 1.666 1.669 1.672 1.675 1.683 1.683 1.685 1.685 1.687 1.686 1.686 1.692 1.698 1.702 1.704 1.707 1.707 1.711 1.713 1.716 1.72 1.728 1.729 1.731 1.731 1.738 1.738 1.74 1.746 1.754 1.754 1.758 1.765 1.774 1.774 1.776 1.782 1.784 1.797 1.8 1.802 1.805 1.805 1.805 1.519 1.519 1.519 1.857 1.858 1.865 1.858 1.858 1.857 1.845 1.77 1.706 1.498 1.419 1.419 1.419 1.419 1.419 1.42 
1 1 1 1 1 1 1 1 1 1 1 1 0 0 0 0 0 0 0 0 0 0 0 0 0 0 0 1 1 0 0 0 0 1 1 1 0 0 0 0 0 1 1 0 0 1 0 0 0 0 0 0 0 0 0 0 0 0 0 0 0 0 0 0 0 0 0 0 0 0 0 0 0 0 0 0 0 0 0 0 0 0 0 0 0 0 0 0 0 0 0 0 0 0 0 0 0 0 0 0 0 0 0 0 0 0 0 0 0 0 0 0 0 0 0 0 0 0 0 0 0 1 1 1 1 1 1 1 1 1 1 1 1 1 1 1 1 1 1 1 1 1 1 1 1 1 1 1 1 1 1 1 1 1 1 1 1 1 1 1 1 1 1 1 1 1 1 1 1 1 1 1 1 1 1 1 1 1 1 1 1 1 1 1 1 1 1 1 1 1 1 1 1 1 1 1 1 1 1 1 1 1 1 1 1 1 1 1 1 1 1 1 1 1 1 1 1 1 1 1 1 1 1 1 1 1 1 1 1 1 1 1 1 1 1 1 1 1 1 1 1 1 1 1 1 1 1 1 1 1 1 1 1 1 1 1 1 1 1 1 1 1 1 1 1 1 1 1 1 1 1 1 1 1 1 1 1 1 1 1 1 1 0 0 0 0 0 0 0 1 1 1 1 1 1 1 1 1 1 1 1 1 1 1 1 1 1 1 1 1 1 1 1 1 1 1 1 1 1 1 1 1 1 1 1 1 1 1 1 1 1 1 1 1 1 1 1 1 1 1 1 1 1 1 1 1 1 1 1 1 1 1 1 1 1 1 1 1 1 1 1 1 1 1 1 1 1 1 1 1 1 1 1 1 1 1 1 1 1 1 1 1 1 1 1 1 1 1 1 1 1 1 1 1 1 1 1 1 1 1 1 1 1 1 1 1 1 1 1 1 1 1 1 1 1 1 1 1 1 1 1 1 1 1 1 1 1 1 1 1 1 1 1 1 1 1 1 1 1 1 1 1 1 1 1 1 1 1 1 1 1 1 1 1 1 1 1 1 1 1 1 1 1 1 1 1 1 1 1 1 1 1 1 1 1 1 1 1 1 1 1 1 1 1 1 1 1 1 1 1 1 1 1 1 1 1 1 0 1 1 1 1 1 1 1 1 1 1 1 1 1 1 1 1 1 1 1 1 1 1 1 1 1 1 1 1 1 1 1 1 1 1 1 1 1 1 1 1 1 1 1 1 1 1 1 1 1 1 1 1 1 1 1 1 1 1 1 1 1 1 1 1 1 1 1 1 1 1 1 1 1 1 1 1 1 1 1 1 1 1 1 1 1 1 1 1 1 1 1 1 1 1 1 1 1 1 1 1 1 1 1 1 1 1 1 1 1 1 1 1 1 1 1 1 1 1 1 1 1 1 1 1 1 1 1 1 1 1 1 1 1 1 1 1 1 1 1 1 1 1 1 1 1 1 1 1 1 1 1 1 1 1 1 1 1 1 1 1 1 1 1 1 1 1 1 1 1 1 1 1 1 1 1 1 1 1 1 1 1 1 1 1 
