# This file contains a 2D laser scan observation. 
# Its format is: 
# [aperture] [max_range] [number_of_scans] 
# [vector_of_scans] 
# [vector_of_valid_scans] 
# The aperture of the sensor is in radians, the maximum range 
# and measurements are in meters. '1' means a valid scan, '0' otherwise.
4.1847
5.6
682
1.481 1.512 1.52 1.541 1.569 1.584 1.612 1.671 1.754 1.786 1.807 1.819 1.849 1.877 1.887 1.887 1.919 1.921 1.93 1.947 1.964 1.985 2.011 2.033 2.063 2.095 2.107 2.109 2.109 2.175 0.007 0 0.007 0 0 0 0 0 0 0 0 0 2.55 2.55 2.55 0 0 0 0.681 0.679 0.678 0.678 0.674 0.673 0.673 0.667 0.667 0.667 0.666 0.658 0.658 0.658 0.66 0.661 0.661 0.661 0.661 0.661 0.661 0.657 0.655 0.657 0.655 0.651 0.649 0.651 0.649 0.649 0.647 0.647 0.644 0.645 0.644 0.645 0.644 0.643 0.643 0.639 0.639 0.636 0.636 0.636 0.635 0.635 0.635 0.635 0.631 0.635 0.635 0.635 0.635 0.635 0.636 0.636 0.638 0.628 0.638 0.637 0.639 0.639 0.641 0.649 0.65 0.658 0.667 0.667 0.672 0.672 0.672 0.669 0.656 0.654 0.652 0.645 0.638 0.638 0.638 0.638 0.636 0.635 0.635 0.633 0.633 0.633 0.635 0.638 0.638 0.63 0.63 0.63 0.63 0.639 0.64 0.64 0.642 0.642 0.642 0.642 0.642 0.638 0.642 0.641 0.639 0.641 0.641 0.641 0.644 0.646 0.648 0.648 0.648 0.651 0.651 0.651 0.655 0.655 0.656 0.662 0.661 0.661 0.661 0.664 0.664 0.664 0.665 0.669 0.673 0.673 0.674 0.674 0.674 0.675 0.675 0.677 0.678 0.681 0.682 0.687 0.688 0.689 0.694 0.695 0.696 0.696 0.701 0.71 0.711 0.711 0.711 0.707 0.698 0.688 0.677 0.661 0.656 0.656 0.656 0.656 0.654 0.656 0.656 0.661 0.662 0.662 0.669 0.669 0.669 0.669 0.669 0.673 0.677 0.681 0.683 0.685 0.685 0.685 0.686 0.695 0.695 0.701 0.705 0.724 0.724 0.729 0.736 0.74 0.742 0.747 0.749 0.751 0.756 0.76 0.76 0.76 0.747 0.744 0.74 0.737 0.736 0.728 0.719 0.719 0.712 0.712 0.704 0.704 0.697 0.697 0.69 0.684 0.664 0.66 0.657 0.657 0.651 0.651 0.651 0.655 0.65 0.65 0.643 0.637 0.636 0.632 0.632 0.632 0.627 0.627 0.622 0.621 0.618 0.618 0.613 0.613 0.613 0.612 0.612 0.62 0.62 0.627 0.633 0.644 0.644 0.646 0.665 0.68 0.702 1.187 0.007 1.187 0.724 0.723 0.722 0.722 0.718 0.717 0.709 0.709 0.709 0.717 0.736 0.738 0.753 0.767 0.794 0.802 0.803 0.87 0.907 0.913 0.935 0.945 0.955 0.986 0.987 1.025 1.06 1.084 1.139 1.174 1.174 1.175 1.175 1.251 1.302 1.938 1.938 1.938 1.938 1.936 1.933 1.931 1.928 1.923 1.923 1.923 1.916 1.916 1.914 1.909 1.91 1.909 1.907 1.907 1.907 1.903 1.9 1.9 1.899 1.889 1.635 1.615 1.599 1.594 1.588 1.585 1.583 1.585 1.585 1.585 1.586 1.597 1.6 1.631 1.644 1.771 1.879 1.884 1.885 1.889 1.889 1.892 1.892 1.892 1.893 1.893 1.891 1.889 1.843 1.732 1.704 1.701 1.701 1.701 1.705 1.706 1.709 1.71 1.713 1.716 1.716 1.719 1.722 1.723 1.732 1.734 1.745 1.921 1.932 1.938 1.94 1.943 1.945 1.945 1.95 1.951 1.96 1.96 1.963 1.96 1.96 1.954 1.954 1.954 1.976 1.992 1.994 1.998 2.001 2.008 2.017 2.022 2.026 2.026 2.026 2.034 2.034 2.034 1.572 1.531 1.521 1.503 1.491 1.472 1.47 1.47 1.456 1.444 0.695 0.671 0.656 0.644 0.631 0.628 0.625 0.623 0.613 0.611 0.609 0.611 0.611 0.613 0.614 0.614 0.615 0.617 0.617 0.617 0.617 0.617 0.616 0.617 0.621 0.631 0.636 0.636 0.633 0.631 0.633 0.633 0.641 0.641 0.645 0.645 0.656 0.677 0.678 0.68 0.68 0.686 0.686 0.691 0.696 0.707 0.711 0.715 0.715 0.716 0.719 0.719 0.729 0.734 0.737 0.739 0.739 0.746 0.749 0.754 0.762 0.763 0.763 0.768 0.784 0.791 0.792 0.799 0.809 0.809 0.812 0.815 0.829 0.837 0.839 0.841 0.841 0.864 0.864 0.864 0.864 0.798 0.668 0.66 0.647 0.639 0.638 0.625 0.623 0.619 0.617 0.615 0.612 0.612 0.608 0.611 0.606 0.606 0.602 0.601 0.599 0.6 0.599 0.597 0.594 0.597 0.597 0.598 0.599 0.599 0.599 0.599 0.599 0.596 0.594 0.594 0.598 0.598 0.604 0.606 0.606 0.608 0.608 0.608 0.611 0.611 0.611 0.621 0.623 0.624 0.625 0.626 0.629 0.632 0.634 0.642 0.652 0.652 0.701 1.51 1.557 1.56 1.566 1.566 1.572 1.574 1.604 1.604 1.606 1.606 1.608 1.618 1.802 1.802 0.015 1.802 1.797 1.797 1.797 1.795 1.794 1.792 1.791 1.788 1.791 1.785 1.784 1.784 1.784 1.784 1.785 1.785 1.786 1.785 1.786 1.786 1.786 1.782 1.786 1.788 1.788 1.791 1.791 1.793 1.793 1.789 1.787 1.787 1.786 1.786 1.786 1.786 1.787 1.79 1.791 1.793 1.795 1.797 1.797 1.799 1.799 1.799 1.799 1.8 1.807 1.807 1.807 1.808 1.808 1.813 1.813 1.817 1.821 1.825 1.827 1.829 1.83 1.831 1.835 1.835 1.839 1.85 1.85 1.853 1.854 1.855 1.862 1.866 1.87 1.871 1.874 1.879 1.882 1.882 
1 1 1 1 1 1 1 1 1 1 1 1 1 1 1 1 1 1 1 1 1 1 1 1 1 1 1 1 1 1 0 0 0 0 0 0 0 0 0 0 0 0 1 1 1 0 0 0 1 1 1 1 1 1 1 1 1 1 1 1 1 1 1 1 1 1 1 1 1 1 1 1 1 1 1 1 1 1 1 1 1 1 1 1 1 1 1 1 1 1 1 1 1 1 1 1 1 1 1 1 1 1 1 1 1 1 1 1 1 1 1 1 1 1 1 1 1 1 1 1 1 1 1 1 1 1 1 1 1 1 1 1 1 1 1 1 1 1 1 1 1 1 1 1 1 1 1 1 1 1 1 1 1 1 1 1 1 1 1 1 1 1 1 1 1 1 1 1 1 1 1 1 1 1 1 1 1 1 1 1 1 1 1 1 1 1 1 1 1 1 1 1 1 1 1 1 1 1 1 1 1 1 1 1 1 1 1 1 1 1 1 1 1 1 1 1 1 1 1 1 1 1 1 1 1 1 1 1 1 1 1 1 1 1 1 1 1 1 1 1 1 1 1 1 1 1 1 1 1 1 1 1 1 1 1 1 1 1 1 1 1 1 1 1 1 1 1 1 1 1 1 1 1 1 1 1 1 1 1 1 1 1 1 1 1 1 1 1 1 1 1 1 1 1 1 1 1 1 0 1 1 1 1 1 1 1 1 1 1 1 1 1 1 1 1 1 1 1 1 1 1 1 1 1 1 1 1 1 1 1 1 1 1 1 1 1 1 1 1 1 1 1 1 1 1 1 1 1 1 1 1 1 1 1 1 1 1 1 1 1 1 1 1 1 1 1 1 1 1 1 1 1 1 1 1 1 1 1 1 1 1 1 1 1 1 1 1 1 1 1 1 1 1 1 1 1 1 1 1 1 1 1 1 1 1 1 1 1 1 1 1 1 1 1 1 1 1 1 1 1 1 1 1 1 1 1 1 1 1 1 1 1 1 1 1 1 1 1 1 1 1 1 1 1 1 1 1 1 1 1 1 1 1 1 1 1 1 1 1 1 1 1 1 1 1 1 1 1 1 1 1 1 1 1 1 1 1 1 1 1 1 1 1 1 1 1 1 1 1 1 1 1 1 1 1 1 1 1 1 1 1 1 1 1 1 1 1 1 1 1 1 1 1 1 1 1 1 1 1 1 1 1 1 1 1 1 1 1 1 1 1 1 1 1 1 1 1 1 1 1 1 1 1 1 1 1 1 1 1 1 1 1 1 1 1 1 1 1 1 1 1 1 1 1 1 1 1 1 1 1 1 1 1 1 1 1 1 1 1 1 1 1 1 1 1 1 1 1 1 1 1 1 1 1 1 1 1 1 1 1 1 1 0 1 1 1 1 1 1 1 1 1 1 1 1 1 1 1 1 1 1 1 1 1 1 1 1 1 1 1 1 1 1 1 1 1 1 1 1 1 1 1 1 1 1 1 1 1 1 1 1 1 1 1 1 1 1 1 1 1 1 1 1 1 1 1 1 1 1 1 1 1 1 1 1 1 1 1 1 1 1 1 
