# This file contains a 2D laser scan observation. 
# Its format is: 
# [aperture] [max_range] [number_of_scans] 
# [vector_of_scans] 
# [vector_of_valid_scans] 
# The aperture of the sensor is in radians, the maximum range 
# and measurements are in meters. '1' means a valid scan, '0' otherwise.
4.1847
5.6
682
0.845 0.846 0.846 0.846 0.846 0.846 0.845 0.828 0.828 0.813 0.741 0.717 0.717 0.714 0.714 0.714 0.714 0.714 0.715 0.733 0.733 0.733 0.724 0.722 0.711 0.705 0.693 0.687 0.687 0.687 0.676 0.676 0.675 0.667 0.667 0.655 0.648 0.647 0.64 0.64 0.637 0.615 0.615 0.613 0.613 0.61 0.61 0.597 0.597 0.595 0.591 0.588 0.588 0.579 0.573 0.569 0.566 0.565 0.565 0.56 0.558 0.554 0.554 0.551 0.547 0.547 0.546 0.54 0.535 0.535 0.534 0.534 0.521 0.521 0.518 0.518 0.516 0.515 0.515 0.51 0.503 0.501 0.5 0.499 0.497 0.497 0.495 0.495 0.495 0.509 0.51 0.511 0.512 0.512 0.511 0.511 0.507 0.507 0.509 0.512 0.519 0.525 0.528 0.54 0.544 0.574 0.576 0.589 0.589 0.596 0.596 0.597 0.599 0.601 0.608 0.613 0.633 0.639 0.643 0.649 0.659 0.678 0.68 0.686 0.708 0.71 0.723 0.737 0.751 0.769 0.79 0.822 0.846 0.85 0.852 0.877 0.897 0.917 0.928 0.965 0.994 1 1.065 1.145 1.193 1.244 1.262 1.281 1.287 1.293 1.303 1.329 1.332 1.332 1.338 1.332 1.328 1.328 1.328 1.327 1.321 1.319 1.318 1.318 1.318 1.318 1.318 1.318 1.318 1.318 1.319 1.322 1.322 1.322 1.322 1.324 1.324 1.324 1.328 1.331 1.335 1.338 1.365 1.365 1.365 1.336 1.331 1.328 1.325 1.327 1.32 1.317 1.317 1.317 1.317 1.317 1.318 1.318 1.317 1.317 1.317 1.317 1.317 1.318 1.318 1.322 1.322 1.322 1.324 1.325 1.328 1.331 1.333 1.333 1.333 1.344 1.344 1.345 1.344 1.347 1.344 1.349 1.349 0 0 0 1.469 1.469 1.469 1.473 1.475 1.477 1.485 1.489 1.49 1.495 1.497 1.498 1.498 1.502 1.503 1.504 1.504 1.511 1.516 1.52 1.523 1.53 1.532 1.55 1.551 1.551 1.551 1.552 1.56 1.568 1.569 1.571 1.574 1.587 1.588 1.592 1.605 1.613 1.613 1.615 1.616 1.622 1.627 1.637 1.64 1.647 1.658 1.662 1.675 1.675 1.687 1.696 1.696 1.7 1.708 1.721 1.724 1.728 1.737 1.74 1.746 1.769 1.779 1.791 1.794 1.799 1.812 1.812 1.818 1.834 1.842 1.85 1.858 1.874 1.884 1.898 1.899 1.912 1.917 1.932 1.941 1.954 1.968 1.979 1.985 2.004 2.01 2.031 2.033 2.065 2.085 2.089 2.096 2.105 0 0 0 0 0 0 0 0 0 0 0 0 0 0 0 0 0 0 0 0 0 0 0 0 0 0 2.67 2.67 2.67 2.726 2.727 2.776 2.794 2.816 2.839 2.858 2.906 2.937 2.971 2.971 2.937 0.933 0.931 0.931 0.931 0.933 0.933 0.935 3.357 3.384 3.435 3.48 3.48 3.48 0.535 0.533 0.528 0.528 0.528 0.526 0.328 0.294 0.293 0.292 0.29 0.29 0.29 0.291 0.291 0.293 0.293 0.294 0.293 0.291 0.291 0.289 0.288 0.289 0.294 0.294 0.304 0.526 0.656 4.314 4.314 4.314 4.314 4.314 4.358 4.358 4.377 0.007 4.323 1.505 1.498 1.497 1.494 1.497 1.498 0 0 0 4.106 1.392 1.383 0.82 0.82 0.82 0.82 0.82 0.822 0.822 1.135 1.166 1.168 1.169 1.169 2.613 2.613 2.613 2.602 2.602 2.601 2.601 2.6 2.601 2.601 2.609 2.609 2.614 2.617 2.623 2.624 2.627 2.627 2.626 2.627 2.626 2.623 1.794 1.794 1.794 1.794 1.794 1.432 1.41 1.406 1.184 1.178 1.166 1.166 1.166 1.163 0.82 0.814 0.814 0.812 0.769 0.73 0.73 0.728 0.728 0.724 0.728 0.728 0.739 2.053 2.119 2.119 2.053 2.04 2.04 2.04 2.053 2.139 2.146 2.156 2.156 2.156 1.65 1.646 1.646 1.65 1.661 2.192 2.205 2.208 2.208 2.213 2.217 2.229 2.229 2.22 2.22 1.275 1.268 1.268 1.268 1.271 2.175 2.246 2.246 2.246 2.229 2.206 2.206 2.175 2.151 1.899 1.899 1.791 1.791 0.634 0.634 0.632 0.627 0.535 0.445 0.445 0.445 0.447 0.454 0.454 0.454 0.449 0.446 0.443 0.443 0.443 0.446 1.708 1.71 1.71 1.708 1.69 1.675 1.672 1.646 1.632 1.63 1.612 1.601 1.592 1.577 1.573 1.556 1.544 1.537 1.529 1.522 1.509 1.498 1.484 1.473 1.47 1.466 1.456 1.447 1.435 1.425 1.418 1.411 1.399 1.395 1.391 1.38 1.368 1.365 1.354 1.35 1.344 1.343 1.333 1.325 1.321 1.31 1.31 1.307 1.295 1.288 1.281 1.275 1.274 1.266 1.261 1.258 1.254 1.246 1.243 1.242 1.231 1.23 1.226 1.225 1.219 1.212 1.211 1.211 1.208 1.199 1.198 1.197 1.189 1.184 1.178 1.176 1.168 1.168 1.164 1.158 0.774 0.772 0.772 0.772 0.774 0.776 0.843 1.129 1.134 1.134 1.13 1.129 1.128 1.122 1.119 1.118 1.113 1.113 1.098 1.069 1.069 1.069 1.069 1.069 1.093 1.097 1.098 1.098 1.098 1.09 1.09 1.09 1.09 1.089 1.089 1.085 1.083 1.083 1.079 1.078 1.078 1.078 1.078 1.078 1.076 1.076 1.071 1.069 1.069 1.066 1.066 1.067 
1 1 1 1 1 1 1 1 1 1 1 1 1 1 1 1 1 1 1 1 1 1 1 1 1 1 1 1 1 1 1 1 1 1 1 1 1 1 1 1 1 1 1 1 1 1 1 1 1 1 1 1 1 1 1 1 1 1 1 1 1 1 1 1 1 1 1 1 1 1 1 1 1 1 1 1 1 1 1 1 1 1 1 1 1 1 1 1 1 1 1 1 1 1 1 1 1 1 1 1 1 1 1 1 1 1 1 1 1 1 1 1 1 1 1 1 1 1 1 1 1 1 1 1 1 1 1 1 1 1 1 1 1 1 1 1 1 1 1 1 1 1 1 1 1 1 1 1 1 1 1 1 1 1 1 1 1 1 1 1 1 1 1 1 1 1 1 1 1 1 1 1 1 1 1 1 1 1 1 1 1 1 1 1 1 1 1 1 1 1 1 1 1 1 1 1 1 1 1 1 1 1 1 1 1 1 1 1 1 1 1 1 1 1 1 1 1 1 1 1 1 1 1 0 0 0 1 1 1 1 1 1 1 1 1 1 1 1 1 1 1 1 1 1 1 1 1 1 1 1 1 1 1 1 1 1 1 1 1 1 1 1 1 1 1 1 1 1 1 1 1 1 1 1 1 1 1 1 1 1 1 1 1 1 1 1 1 1 1 1 1 1 1 1 1 1 1 1 1 1 1 1 1 1 1 1 1 1 1 1 1 1 1 1 1 1 1 1 1 1 0 0 0 0 0 0 0 0 0 0 0 0 0 0 0 0 0 0 0 0 0 0 0 0 0 0 1 1 1 1 1 1 1 1 1 1 1 1 1 1 1 1 1 1 1 1 1 1 1 1 1 1 1 1 1 1 1 1 1 1 1 1 1 1 1 1 1 1 1 1 1 1 1 1 1 1 1 1 1 1 1 1 1 1 1 1 1 1 1 1 1 0 1 1 1 1 1 1 1 0 0 0 1 1 1 1 1 1 1 1 1 1 1 1 1 1 1 1 1 1 1 1 1 1 1 1 1 1 1 1 1 1 1 1 1 1 1 1 1 1 1 1 1 1 1 1 1 1 1 1 1 1 1 1 1 1 1 1 1 1 1 1 1 1 1 1 1 1 1 1 1 1 1 1 1 1 1 1 1 1 1 1 1 1 1 1 1 1 1 1 1 1 1 1 1 1 1 1 1 1 1 1 1 1 1 1 1 1 1 1 1 1 1 1 1 1 1 1 1 1 1 1 1 1 1 1 1 1 1 1 1 1 1 1 1 1 1 1 1 1 1 1 1 1 1 1 1 1 1 1 1 1 1 1 1 1 1 1 1 1 1 1 1 1 1 1 1 1 1 1 1 1 1 1 1 1 1 1 1 1 1 1 1 1 1 1 1 1 1 1 1 1 1 1 1 1 1 1 1 1 1 1 1 1 1 1 1 1 1 1 1 1 1 1 1 1 1 1 1 1 1 1 1 1 1 1 1 1 1 1 1 1 1 1 1 1 1 1 1 1 1 1 1 1 1 1 1 1 1 1 1 1 1 1 1 1 1 1 1 1 1 1 
