# This file contains a 2D laser scan observation. 
# Its format is: 
# [aperture] [max_range] [number_of_scans] 
# [vector_of_scans] 
# [vector_of_valid_scans] 
# The aperture of the sensor is in radians, the maximum range 
# and measurements are in meters. '1' means a valid scan, '0' otherwise.
4.1847
5.6
682
0.846 0.85 0.844 0.844 0.848 0.848 0.844 0.841 0.822 0.816 0.735 0.716 0.715 0.715 0.715 0.715 0.715 0.715 0.715 0.723 0.731 0.731 0.731 0.726 0.719 0.708 0.707 0.702 0.702 0.693 0.687 0.675 0.672 0.67 0.662 0.652 0.65 0.643 0.643 0.632 0.628 0.626 0.608 0.608 0.608 0.608 0.608 0.604 0.595 0.589 0.583 0.579 0.579 0.579 0.578 0.571 0.571 0.571 0.569 0.561 0.557 0.555 0.555 0.555 0.548 0.545 0.545 0.545 0.534 0.532 0.526 0.526 0.525 0.524 0.521 0.515 0.513 0.509 0.506 0.506 0.506 0.506 0.504 0.499 0.498 0.497 0.495 0.497 0.497 0.502 0.505 0.507 0.51 0.51 0.51 0.51 0.514 0.514 0.515 0.515 0.52 0.525 0.528 0.538 0.55 0.572 0.579 0.593 0.598 0.599 0.599 0.601 0.603 0.603 0.605 0.614 0.622 0.634 0.645 0.649 0.661 0.679 0.681 0.695 0.708 0.71 0.733 0.746 0.754 0.775 0.787 0.83 0.842 0.854 0.857 0.876 0.888 0.911 0.927 0.963 0.996 1.005 1.071 1.153 1.184 1.239 1.26 1.279 1.286 1.299 1.305 1.33 1.332 1.335 1.335 1.332 1.332 1.328 1.325 1.323 1.321 1.312 1.312 1.316 1.316 1.316 1.316 1.316 1.324 1.324 1.327 1.327 1.327 1.327 1.327 1.327 1.322 1.327 1.33 1.333 1.338 1.344 1.371 1.371 1.371 1.342 1.326 1.326 1.325 1.325 1.323 1.323 1.323 1.321 1.319 1.319 1.316 1.316 1.316 1.316 1.316 1.317 1.317 1.317 1.318 1.32 1.318 1.323 1.326 1.326 1.326 1.326 1.327 1.33 1.344 1.344 1.345 1.343 1.346 1.345 1.346 1.353 1.357 0 0 0 1.47 1.469 1.459 1.469 1.47 1.473 1.478 1.497 1.497 1.498 1.5 1.5 1.5 1.502 1.505 1.508 1.51 1.518 1.518 1.519 1.522 1.529 1.539 1.548 1.548 1.552 1.554 1.555 1.561 1.562 1.565 1.567 1.578 1.584 1.584 1.6 1.603 1.605 1.616 1.619 1.619 1.621 1.629 1.633 1.644 1.644 1.65 1.668 1.674 1.679 1.686 1.696 1.701 1.702 1.711 1.722 1.729 1.732 1.734 1.75 1.753 1.769 1.776 1.782 1.791 1.797 1.798 1.813 1.826 1.835 1.844 1.849 1.858 1.868 1.875 1.888 1.896 1.908 1.924 1.934 1.947 1.949 1.971 1.979 1.987 2.005 2.02 2.025 2.038 2.064 2.08 2.083 2.091 2.108 0 0 0 0 0 0 0 0 0 0 0 0 0 0 0 0 0 0 0 0 0 0 0 0 0 0 2.665 2.665 2.665 2.713 2.729 2.776 2.789 2.821 2.835 2.858 2.923 2.934 2.981 2.981 2.934 0.935 0.935 0.934 0.929 0.929 0.929 0.929 3.336 3.374 3.436 3.461 3.461 3.461 0.533 0.533 0.532 0.532 0.528 0.513 0.336 0.294 0.291 0.291 0.291 0.291 0.291 0.294 0.294 0.294 0.294 0.294 0.287 0.287 0.287 0.288 0.288 0.289 0.288 0.289 0.289 0.526 0.657 4.308 4.308 4.308 4.308 4.317 4.361 4.361 4.361 4.313 4.294 1.501 1.496 1.489 1.489 1.496 1.496 0 0 0 4.085 1.388 1.383 0.821 0.821 0.818 0.816 0.817 0.817 0.817 1.131 1.164 1.168 1.178 1.178 2.613 2.613 2.613 2.608 2.607 2.602 2.602 2.602 2.602 2.604 2.608 2.613 2.614 2.617 2.623 2.624 2.624 2.627 2.625 2.628 2.628 2.625 1.795 1.795 1.795 1.785 1.785 1.423 1.411 1.407 1.184 1.184 1.169 1.169 1.168 1.164 0.823 0.817 0.816 0.805 0.772 0.733 0.73 0.729 0.729 0.728 0.729 0.733 0.743 2.047 2.113 2.113 2.047 2.039 2.039 2.039 2.055 2.134 2.141 2.148 2.148 2.148 1.64 1.64 1.64 1.641 1.656 2.193 2.212 2.212 2.212 2.212 2.225 2.231 2.231 2.231 2.222 1.274 1.26 1.26 1.26 1.264 2.177 2.252 2.252 2.252 2.224 2.195 2.195 2.181 2.14 1.904 1.904 1.795 1.795 0.63 0.629 0.629 0.619 0.538 0.453 0.446 0.446 0.447 0.447 0.448 0.45 0.452 0.45 0.448 0.448 0.448 0.448 1.71 1.71 1.71 1.698 1.68 1.671 1.661 1.654 1.636 1.627 1.613 1.602 1.595 1.576 1.569 1.561 1.548 1.534 1.525 1.516 1.514 1.5 1.486 1.476 1.471 1.458 1.454 1.453 1.438 1.429 1.411 1.409 1.399 1.392 1.387 1.386 1.369 1.368 1.354 1.346 1.345 1.342 1.329 1.325 1.318 1.311 1.311 1.305 1.294 1.292 1.286 1.273 1.269 1.268 1.267 1.263 1.252 1.251 1.241 1.24 1.233 1.233 1.231 1.226 1.217 1.209 1.206 1.206 1.204 1.198 1.197 1.188 1.182 1.171 1.171 1.17 1.165 1.165 1.16 1.159 0.78 0.777 0.776 0.773 0.773 0.776 0.847 1.116 1.126 1.13 1.13 1.13 1.13 1.118 1.117 1.115 1.111 1.108 1.097 1.081 1.068 1.066 1.068 1.081 1.098 1.1 1.1 1.098 1.096 1.093 1.093 1.093 1.093 1.093 1.089 1.084 1.084 1.084 1.084 1.078 1.078 1.078 1.072 1.071 1.071 1.068 1.068 1.069 1.069 1.069 1.07 1.071 
1 1 1 1 1 1 1 1 1 1 1 1 1 1 1 1 1 1 1 1 1 1 1 1 1 1 1 1 1 1 1 1 1 1 1 1 1 1 1 1 1 1 1 1 1 1 1 1 1 1 1 1 1 1 1 1 1 1 1 1 1 1 1 1 1 1 1 1 1 1 1 1 1 1 1 1 1 1 1 1 1 1 1 1 1 1 1 1 1 1 1 1 1 1 1 1 1 1 1 1 1 1 1 1 1 1 1 1 1 1 1 1 1 1 1 1 1 1 1 1 1 1 1 1 1 1 1 1 1 1 1 1 1 1 1 1 1 1 1 1 1 1 1 1 1 1 1 1 1 1 1 1 1 1 1 1 1 1 1 1 1 1 1 1 1 1 1 1 1 1 1 1 1 1 1 1 1 1 1 1 1 1 1 1 1 1 1 1 1 1 1 1 1 1 1 1 1 1 1 1 1 1 1 1 1 1 1 1 1 1 1 1 1 1 1 1 1 1 1 1 1 1 1 0 0 0 1 1 1 1 1 1 1 1 1 1 1 1 1 1 1 1 1 1 1 1 1 1 1 1 1 1 1 1 1 1 1 1 1 1 1 1 1 1 1 1 1 1 1 1 1 1 1 1 1 1 1 1 1 1 1 1 1 1 1 1 1 1 1 1 1 1 1 1 1 1 1 1 1 1 1 1 1 1 1 1 1 1 1 1 1 1 1 1 1 1 1 1 1 1 0 0 0 0 0 0 0 0 0 0 0 0 0 0 0 0 0 0 0 0 0 0 0 0 0 0 1 1 1 1 1 1 1 1 1 1 1 1 1 1 1 1 1 1 1 1 1 1 1 1 1 1 1 1 1 1 1 1 1 1 1 1 1 1 1 1 1 1 1 1 1 1 1 1 1 1 1 1 1 1 1 1 1 1 1 1 1 1 1 1 1 1 1 1 1 1 1 1 1 0 0 0 1 1 1 1 1 1 1 1 1 1 1 1 1 1 1 1 1 1 1 1 1 1 1 1 1 1 1 1 1 1 1 1 1 1 1 1 1 1 1 1 1 1 1 1 1 1 1 1 1 1 1 1 1 1 1 1 1 1 1 1 1 1 1 1 1 1 1 1 1 1 1 1 1 1 1 1 1 1 1 1 1 1 1 1 1 1 1 1 1 1 1 1 1 1 1 1 1 1 1 1 1 1 1 1 1 1 1 1 1 1 1 1 1 1 1 1 1 1 1 1 1 1 1 1 1 1 1 1 1 1 1 1 1 1 1 1 1 1 1 1 1 1 1 1 1 1 1 1 1 1 1 1 1 1 1 1 1 1 1 1 1 1 1 1 1 1 1 1 1 1 1 1 1 1 1 1 1 1 1 1 1 1 1 1 1 1 1 1 1 1 1 1 1 1 1 1 1 1 1 1 1 1 1 1 1 1 1 1 1 1 1 1 1 1 1 1 1 1 1 1 1 1 1 1 1 1 1 1 1 1 1 1 1 1 1 1 1 1 1 1 1 1 1 1 1 1 1 1 1 1 1 1 1 1 1 1 1 1 1 1 
