# This file contains a 2D laser scan observation. 
# Its format is: 
# [aperture] [max_range] [number_of_scans] 
# [vector_of_scans] 
# [vector_of_valid_scans] 
# The aperture of the sensor is in radians, the maximum range 
# and measurements are in meters. '1' means a valid scan, '0' otherwise.
4.1847
5.6
682
0.715 0.709 0.708 0.705 0.704 0.702 0.693 0.688 0.688 0.687 0.688 0.687 0.682 0.679 0.674 0.673 0.674 0.673 0.665 0.664 0.657 0.657 0.652 0.652 0.65 0.65 0.65 0.645 0.642 0.641 0.64 0.64 0.625 0.552 0.549 0.549 0.549 0.544 0.538 0.538 0.536 0.536 0.538 0.538 0.538 0.538 0.536 0.531 0.529 0.525 0.524 0.521 0.52 0.518 0.518 0.513 0.509 0.507 0.509 0.509 0.509 0.51 0.513 0.51 0.505 0.397 0.27 0.265 0.262 0.262 0.265 0.262 0.259 0.259 0.259 0.259 0.26 0.265 0.265 0.265 0.265 0.261 0.26 0.259 0.259 0.26 0.259 0.259 0.26 0.258 0.255 0.257 0.257 0.257 0.26 0.265 0.268 0.268 0.27 0.284 0.284 0.284 0.284 0.285 0.282 0.282 0.3 0.303 0.3 0.3 0.294 0.256 0.254 0.253 0.254 0.254 0.259 0.277 0.277 0.28 0.277 0.276 0.272 0.27 0.27 0.272 0.272 0.272 0.272 0.271 0.271 0.27 0.267 0.267 0.267 0.267 0.269 0.272 0.282 0.301 0.384 0.384 0.384 0.263 0.253 0.253 0.251 0.243 0.237 0.233 0.233 0.233 0.231 0.231 0.23 0.23 0.226 0.227 0.229 0.227 0.227 0.227 0.229 0.23 0.234 0.235 0.234 0.235 0.235 0.24 0.236 0.236 0.234 0.236 0.236 0.239 0.239 0.239 0.239 0.239 0.239 0.244 0.244 0.245 0.245 0.252 0.245 0.252 0.252 0.252 0.253 0.253 0.253 0.258 0.258 0.258 0.258 0.257 0.257 0.257 0.259 0.263 0.265 0.265 0.274 0.274 0.274 0.275 0.279 0.279 0.279 0.274 0.27 0.27 0.27 0.272 0.272 0.272 0.277 0.281 0.284 0.287 0.287 0.289 0.291 0.292 0.294 0.296 0.3 0.3 0.3 0.301 0.306 0.307 0.306 0.307 0.311 0.313 0.313 0.314 0.315 0.321 0.326 0.326 0.332 0.334 0.337 0.339 0.339 0.34 0.344 0.346 0.346 0.351 0.352 0.353 0.36 0.365 0.37 0.37 0.375 0.378 0.379 0.381 0.386 0.391 0.394 0.399 0.408 0.408 0.416 0.416 0.418 0.419 0.426 0.431 0.443 0.445 0.458 0.458 0.459 0.461 0.466 0.476 0.492 0.493 0.5 0.504 0.511 0.519 0.532 0.534 0.544 0.551 0.557 0.56 0.562 0.577 0.578 0.587 0.601 0.609 0.638 0.642 0.657 0.665 0.677 0.682 0.696 1.359 1.366 1.366 1.365 1.365 1.354 1.352 1.343 1.342 1.34 1.339 1.334 1.333 1.333 1.332 1.332 1.329 1.327 1.32 1.31 1.31 1.31 1.309 1.299 1.299 1.299 1.299 1.299 1.303 1.299 1.299 1.299 1.298 1.298 1.298 1.292 1.292 1.292 1.286 1.29 1.29 1.29 1.29 1.29 1.017 1.001 1.001 0.987 0.986 0.982 0.982 0.98 0.98 0.98 0.98 0.978 0.979 0.984 0.979 0.979 0.979 0.985 0.986 0.989 0.997 1.009 1.038 1.101 1.274 1.285 1.288 1.288 1.289 1.29 1.29 1.29 1.29 1.29 1.29 1.292 1.297 1.297 1.297 1.295 1.294 1.282 1.265 1.249 1.2 1.189 1.185 1.171 1.126 1.108 1.108 1.108 1.131 1.156 1.167 1.181 1.196 1.199 1.209 1.212 1.215 1.218 1.224 1.321 1.336 1.337 1.343 1.348 1.356 1.357 1.36 1.365 1.365 1.372 1.378 1.379 1.383 1.384 1.388 1.396 1.398 1.402 1.406 1.41 1.413 1.423 1.423 1.413 1.39 1.39 1.39 1.447 1.455 1.457 1.459 1.472 1.473 1.478 1.482 1.493 1.495 1.5 1.501 1.513 1.516 1.517 1.53 1.531 1.543 1.543 1.543 1.4 1.374 1.374 1.374 1.369 1.369 1.105 1.085 1.065 1.052 1.044 1.032 1.031 1.018 1.009 1.008 1.004 0.996 0.996 0.994 0.992 0.989 0.987 0.976 0.976 0.971 0.967 0.967 0.966 0.966 0.966 0.969 0.966 0.969 0.97 0.974 0.974 0.975 0.975 0.975 0.975 0.978 0.979 0.983 0.983 0.985 0.99 0.996 1.001 1.013 1.015 1.021 1.042 1.056 1.076 1.181 1.804 1.804 1.804 1.8 1.792 1.786 1.783 1.779 1.774 1.764 1.747 1.746 1.743 1.734 1.733 1.719 1.714 1.709 1.707 1.706 1.705 1.688 1.679 1.679 1.677 1.67 1.663 1.66 1.65 1.647 1.634 1.633 1.633 1.631 1.628 1.622 1.618 1.603 1.472 1.465 1.462 1.453 1.446 1.446 1.444 1.44 1.437 1.43 1.429 1.428 1.423 1.42 1.42 1.418 1.418 1.415 1.41 1.41 1.405 1.401 1.401 1.398 1.395 1.397 1.39 1.39 1.39 1.39 1.386 1.386 1.383 1.379 1.377 1.377 1.377 1.375 1.371 1.371 1.362 1.35 0.387 0.385 0.385 0.387 0.387 0.392 0.392 0.392 0.388 0.388 0.388 0.394 0.395 0.395 0.395 0.393 0.392 0.385 0.372 0.372 0.372 0.369 0.371 0.372 0.375 0.371 0.371 0.371 0.371 0.371 0.371 0.371 0.371 0.369 0.362 0.362 0.362 0.362 0.366 0.366 0.366 0.366 0.369 0.37 0.37 0.37 0.37 0.362 0.362 0.362 0.37 0.37 0.372 0.372 0.372 0.374 0.403 0.752 0.752 0.752 0.701 0.692 0.681 0.681 0.678 0.672 0.671 0.659 0.657 0.657 0.652 0.657 0.651 0.652 0.651 0.651 0.65 0.648 0.641 0.641 0.636 0.636 
1 1 1 1 1 1 1 1 1 1 1 1 1 1 1 1 1 1 1 1 1 1 1 1 1 1 1 1 1 1 1 1 1 1 1 1 1 1 1 1 1 1 1 1 1 1 1 1 1 1 1 1 1 1 1 1 1 1 1 1 1 1 1 1 1 1 1 1 1 1 1 1 1 1 1 1 1 1 1 1 1 1 1 1 1 1 1 1 1 1 1 1 1 1 1 1 1 1 1 1 1 1 1 1 1 1 1 1 1 1 1 1 1 1 1 1 1 1 1 1 1 1 1 1 1 1 1 1 1 1 1 1 1 1 1 1 1 1 1 1 1 1 1 1 1 1 1 1 1 1 1 1 1 1 1 1 1 1 1 1 1 1 1 1 1 1 1 1 1 1 1 1 1 1 1 1 1 1 1 1 1 1 1 1 1 1 1 1 1 1 1 1 1 1 1 1 1 1 1 1 1 1 1 1 1 1 1 1 1 1 1 1 1 1 1 1 1 1 1 1 1 1 1 1 1 1 1 1 1 1 1 1 1 1 1 1 1 1 1 1 1 1 1 1 1 1 1 1 1 1 1 1 1 1 1 1 1 1 1 1 1 1 1 1 1 1 1 1 1 1 1 1 1 1 1 1 1 1 1 1 1 1 1 1 1 1 1 1 1 1 1 1 1 1 1 1 1 1 1 1 1 1 1 1 1 1 1 1 1 1 1 1 1 1 1 1 1 1 1 1 1 1 1 1 1 1 1 1 1 1 1 1 1 1 1 1 1 1 1 1 1 1 1 1 1 1 1 1 1 1 1 1 1 1 1 1 1 1 1 1 1 1 1 1 1 1 1 1 1 1 1 1 1 1 1 1 1 1 1 1 1 1 1 1 1 1 1 1 1 1 1 1 1 1 1 1 1 1 1 1 1 1 1 1 1 1 1 1 1 1 1 1 1 1 1 1 1 1 1 1 1 1 1 1 1 1 1 1 1 1 1 1 1 1 1 1 1 1 1 1 1 1 1 1 1 1 1 1 1 1 1 1 1 1 1 1 1 1 1 1 1 1 1 1 1 1 1 1 1 1 1 1 1 1 1 1 1 1 1 1 1 1 1 1 1 1 1 1 1 1 1 1 1 1 1 1 1 1 1 1 1 1 1 1 1 1 1 1 1 1 1 1 1 1 1 1 1 1 1 1 1 1 1 1 1 1 1 1 1 1 1 1 1 1 1 1 1 1 1 1 1 1 1 1 1 1 1 1 1 1 1 1 1 1 1 1 1 1 1 1 1 1 1 1 1 1 1 1 1 1 1 1 1 1 1 1 1 1 1 1 1 1 1 1 1 1 1 1 1 1 1 1 1 1 1 1 1 1 1 1 1 1 1 1 1 1 1 1 1 1 1 1 1 1 1 1 1 1 1 1 1 1 1 1 1 1 1 1 1 1 1 1 1 1 1 1 1 1 1 1 1 1 1 1 1 1 1 1 1 1 1 1 1 1 1 1 1 1 1 1 1 1 1 1 1 1 1 1 1 1 1 1 1 1 1 1 1 1 1 1 1 1 
