# This file contains a 2D laser scan observation. 
# Its format is: 
# [aperture] [max_range] [number_of_scans] 
# [vector_of_scans] 
# [vector_of_valid_scans] 
# The aperture of the sensor is in radians, the maximum range 
# and measurements are in meters. '1' means a valid scan, '0' otherwise.
4.1847
5.6
682
0.316 0.319 0.316 0.315 0.308 0.306 0.302 0.302 0.302 0.302 0.302 0.305 0.314 0.316 0.316 0.316 0.309 0.307 0.307 0.307 0.304 0.307 0.307 0.305 0.305 0.305 0.302 0.302 0.298 0.281 0.258 0.25 0.25 0.25 0.25 0.249 0.247 0.247 0.247 0.247 0.247 0.245 0.242 0.242 0.242 0.242 0.242 0.242 0.239 0.241 0.241 0.241 0.241 0.244 0.244 0.244 0.244 0.246 0.246 0.249 0.246 0.242 0.242 0.252 0.242 0.242 0.252 0.252 0.264 0.283 0.285 0.292 0.292 0.294 0.295 0.3 0.3 0.295 0.28 0.264 0.254 0.252 0.249 0.249 0.243 0.243 0.242 0.242 0.242 0.241 0.241 0.241 0.244 0.244 0.244 0.241 0.237 0.237 0.239 0.239 0.239 0.239 0.231 0.227 0.226 0.226 0.226 0.226 0.232 0.232 0.23 0.23 0.23 0.23 0.235 0.239 0.239 0.239 0.242 0.242 0.239 0.242 0.242 0.242 0.242 0.243 0.243 0.243 0.244 0.246 0.246 0.247 0.247 0.242 0.242 0.247 0.247 0.247 0.247 0.25 0.25 0.25 0.253 0.255 0.255 0.255 0.256 0.256 0.256 0.257 0.258 0.26 0.26 0.26 0.264 0.272 0.267 0.272 0.272 0.267 0.267 0.274 0.275 0.275 0.275 0.274 0.274 0.274 0.281 0.283 0.285 0.285 0.283 0.283 0.285 0.285 0.285 0.285 0.285 0.288 0.289 0.289 0.297 0.297 0.297 0.297 0.3 0.301 0.302 0.302 0.302 0.302 0.302 0.309 0.313 0.315 0.315 0.317 0.322 0.323 0.323 0.324 0.324 0.327 0.331 0.331 0.341 0.341 0.341 0.341 0.348 0.351 0.352 0.354 0.355 0.355 0.356 0.358 0.365 0.367 0.368 0.373 0.374 0.378 0.378 0.381 0.382 0.39 0.39 0.4 0.407 0.407 0.407 0.415 0.419 0.424 0.424 0.425 0.434 0.436 0.438 0.448 0.454 0.46 0.461 0.469 0.47 0.479 0.491 0.493 0.496 0.5 0.504 0.525 0.535 0.539 0.545 0.551 0.554 0.555 0.572 0.579 0.586 0.598 1.051 1.084 1.092 1.092 1.107 1.116 1.143 1.154 1.179 1.188 1.209 1.228 1.237 1.237 1.238 1.237 1.235 1.231 1.231 1.23 1.229 1.229 1.221 1.218 1.215 1.21 1.21 1.205 1.203 1.201 1.199 1.199 1.195 1.187 1.187 1.182 1.182 1.181 1.181 1.174 1.175 1.175 1.174 1.174 1.17 1.17 1.17 1.169 1.165 1.163 1.163 1.163 1.157 1.161 1.161 1.16 1.158 1.158 1.153 1.15 1.148 1.042 0.891 0.877 0.877 0.862 0.854 0.854 0.851 0.851 0.85 0.849 0.849 0.848 0.848 0.848 0.846 0.846 0.846 0.849 0.851 0.853 0.854 0.858 0.862 0.864 0.867 0.883 0.889 0.933 1.135 1.135 1.143 1.146 1.146 1.149 1.152 1.152 1.152 1.152 1.152 1.155 1.155 1.155 1.161 1.159 1.158 1.158 1.159 1.159 1.16 1.161 1.164 1.169 1.17 1.174 1.179 1.179 1.179 1.18 1.181 1.177 1.177 1.142 1.091 1.084 1.084 1.083 1.084 1.087 1.095 1.098 1.171 1.208 1.214 1.215 1.217 1.225 1.226 1.229 1.231 1.231 1.235 1.237 1.242 1.245 1.245 1.25 1.255 1.256 1.257 1.262 1.265 1.276 1.281 1.281 1.285 1.286 1.289 1.289 1.285 1.233 1.233 1.233 1.317 1.323 1.324 1.334 1.341 1.348 1.35 1.354 1.366 1.366 1.375 1.379 1.381 1.395 1.398 1.403 1.418 1.423 1.426 1.426 1.426 1.33 1.267 1.26 1.259 1.257 1.255 1.254 1.246 1.142 1.008 0.98 0.964 0.951 0.946 0.937 0.93 0.925 0.92 0.92 0.92 0.9 0.899 0.899 0.895 0.895 0.892 0.892 0.891 0.887 0.884 0.883 0.879 0.878 0.878 0.879 0.879 0.879 0.879 0.882 0.879 0.875 0.875 0.874 0.874 0.875 0.875 0.882 0.883 0.888 0.888 0.888 0.89 0.89 0.89 0.9 0.904 0.906 0.916 0.919 0.921 0.928 0.952 0.976 1.021 1.684 1.687 1.687 1.684 1.681 1.669 1.661 1.659 1.658 1.653 1.652 1.642 1.639 1.636 1.635 1.629 1.621 1.612 1.61 1.609 1.605 1.604 1.597 1.593 1.585 1.585 1.584 1.582 1.575 1.574 1.569 1.567 1.567 1.561 1.558 1.464 1.406 1.401 1.401 1.398 1.398 1.393 1.393 1.392 1.389 1.389 1.383 1.383 1.376 1.375 1.375 1.375 1.374 1.374 1.373 1.373 1.366 1.366 1.363 1.357 1.357 1.363 1.363 1.363 1.363 1.354 1.354 1.354 1.356 1.356 1.356 1.356 1.35 1.35 1.354 1.355 1.355 1.355 1.355 1.355 1.348 1.348 1.345 1.345 1.349 1.349 1.345 1.349 1.349 1.353 1.353 1.353 1.355 1.358 1.416 1.416 1.416 1.34 1.338 1.333 1.333 1.325 1.319 1.297 1.289 1.289 1.274 1.256 0.861 0.861 0.709 0.709 0.438 0.435 0.428 0.423 0.421 0.413 0.401 0.382 0.377 0.377 0.382 0.377 0.368 0.378 0.378 0.368 0.368 0.368 0.368 0.368 0.38 0.38 0.38 0.377 0.377 0.377 0.377 0.377 0.374 0.372 0.372 0.372 0.374 0.378 0.378 0.374 0.374 0.38 0.378 0.38 0.38 0.38 0.385 0.386 0.386 0.393 0.394 0.394 0.394 0.394 0.399 0.399 0.4 0.4 0.402 0.402 0.402 
1 1 1 1 1 1 1 1 1 1 1 1 1 1 1 1 1 1 1 1 1 1 1 1 1 1 1 1 1 1 1 1 1 1 1 1 1 1 1 1 1 1 1 1 1 1 1 1 1 1 1 1 1 1 1 1 1 1 1 1 1 1 1 1 1 1 1 1 1 1 1 1 1 1 1 1 1 1 1 1 1 1 1 1 1 1 1 1 1 1 1 1 1 1 1 1 1 1 1 1 1 1 1 1 1 1 1 1 1 1 1 1 1 1 1 1 1 1 1 1 1 1 1 1 1 1 1 1 1 1 1 1 1 1 1 1 1 1 1 1 1 1 1 1 1 1 1 1 1 1 1 1 1 1 1 1 1 1 1 1 1 1 1 1 1 1 1 1 1 1 1 1 1 1 1 1 1 1 1 1 1 1 1 1 1 1 1 1 1 1 1 1 1 1 1 1 1 1 1 1 1 1 1 1 1 1 1 1 1 1 1 1 1 1 1 1 1 1 1 1 1 1 1 1 1 1 1 1 1 1 1 1 1 1 1 1 1 1 1 1 1 1 1 1 1 1 1 1 1 1 1 1 1 1 1 1 1 1 1 1 1 1 1 1 1 1 1 1 1 1 1 1 1 1 1 1 1 1 1 1 1 1 1 1 1 1 1 1 1 1 1 1 1 1 1 1 1 1 1 1 1 1 1 1 1 1 1 1 1 1 1 1 1 1 1 1 1 1 1 1 1 1 1 1 1 1 1 1 1 1 1 1 1 1 1 1 1 1 1 1 1 1 1 1 1 1 1 1 1 1 1 1 1 1 1 1 1 1 1 1 1 1 1 1 1 1 1 1 1 1 1 1 1 1 1 1 1 1 1 1 1 1 1 1 1 1 1 1 1 1 1 1 1 1 1 1 1 1 1 1 1 1 1 1 1 1 1 1 1 1 1 1 1 1 1 1 1 1 1 1 1 1 1 1 1 1 1 1 1 1 1 1 1 1 1 1 1 1 1 1 1 1 1 1 1 1 1 1 1 1 1 1 1 1 1 1 1 1 1 1 1 1 1 1 1 1 1 1 1 1 1 1 1 1 1 1 1 1 1 1 1 1 1 1 1 1 1 1 1 1 1 1 1 1 1 1 1 1 1 1 1 1 1 1 1 1 1 1 1 1 1 1 1 1 1 1 1 1 1 1 1 1 1 1 1 1 1 1 1 1 1 1 1 1 1 1 1 1 1 1 1 1 1 1 1 1 1 1 1 1 1 1 1 1 1 1 1 1 1 1 1 1 1 1 1 1 1 1 1 1 1 1 1 1 1 1 1 1 1 1 1 1 1 1 1 1 1 1 1 1 1 1 1 1 1 1 1 1 1 1 1 1 1 1 1 1 1 1 1 1 1 1 1 1 1 1 1 1 1 1 1 1 1 1 1 1 1 1 1 1 1 1 1 1 1 1 1 1 1 1 1 1 1 1 1 1 1 1 1 1 1 1 1 1 1 1 1 1 1 1 1 1 1 1 1 1 1 1 1 1 1 1 1 1 1 1 1 1 1 1 1 1 
