# This file contains a 2D laser scan observation. 
# Its format is: 
# [aperture] [max_range] [number_of_scans] 
# [vector_of_scans] 
# [vector_of_valid_scans] 
# The aperture of the sensor is in radians, the maximum range 
# and measurements are in meters. '1' means a valid scan, '0' otherwise.
4.1847
5.6
682
0.487 0.487 0.487 0.487 0.487 0.487 0.49 0.491 0.491 0.492 0.492 0.492 0.486 0.492 0.49 0.492 0.493 0.508 0.535 0.535 0.535 0.537 0.53 0.528 0.52 0.52 0.509 0.492 0.489 0.489 0.489 0.489 0.485 0.485 0.482 0.482 0.481 0.482 0.482 0.487 0.482 0.487 0.487 0.487 0.489 0.489 0.487 0.486 0.487 0.487 0.488 0.489 0.49 0.49 0.49 0.49 0.488 0.486 0.488 0.487 0.488 0.493 0.496 0.498 0.501 0.503 0.51 0.512 0.513 0.513 0.513 0.517 0.524 0.524 0.529 0.53 0.53 0.529 0.527 0.527 0.526 0.527 0.534 0.534 0.534 0.534 0.534 0.538 0.538 0.538 0.546 0.546 0.546 0.546 0.546 0.549 0.558 0.739 0.775 0.775 0.775 0.757 0.742 0.739 0.739 0.739 0.727 0.733 0.733 0.733 0.755 0.766 0.766 0.766 0.75 0.75 0.742 0.743 0.75 0.75 0.767 0.787 0.792 0.793 0.834 0.84 0.841 0.842 0.847 0.853 0.857 0.864 0.866 0.869 0.869 0.874 0.874 0.874 0.886 0.897 0.899 0.904 0.906 0.91 0.919 0.923 0.923 0.931 0.932 0.933 0.941 0.943 0.953 0.953 0.961 0.963 0.964 0.975 0.981 0.987 0.993 1.004 1.007 1.02 1.022 1.032 1.032 1.047 1.051 1.055 1.066 1.082 1.082 1.082 1.077 1.076 1.067 1.058 1.054 1.045 1.041 1.032 1.029 1.024 1.017 1.01 1.007 0.999 0.994 0.989 0.985 0.985 0.983 0.981 0.977 0.976 0.965 0.965 0.963 0.96 0.96 0.955 0.948 0.943 0.942 0.942 0.914 0.622 0.61 0.604 0.598 0.595 0.594 0.594 0.589 0.588 0.586 0.586 0.586 0.586 0.589 0.589 0.589 0.583 0.583 0.582 0.582 0.58 0.582 0.581 0.582 0.585 0.585 0.585 0.586 0.587 0.587 0.59 0.592 0.595 0.599 0.599 0.601 0.602 0.602 0.614 0.625 0.627 0.629 0.647 0.665 0.832 0.839 0.839 0.84 0.839 0.838 0.837 0.837 0.836 0.836 0.836 0.831 0.831 0.833 0.833 0.833 0.833 0.832 0.83 0.83 0.831 0.831 0.829 0.828 0.828 0.827 0.827 0.827 0.827 0.827 0.826 0.826 0.826 0.825 0.821 0.825 0.825 0.837 0.854 0.854 0.854 0.816 0.814 0.81 0.807 0.806 0.802 0.806 0.806 0.801 0.801 0.808 0.808 0.808 0.81 0.81 0.81 0.757 0.73 0.727 0.725 0.721 0.72 0.718 0.72 0.719 0.719 0.722 0.726 0.731 0.736 0.754 0.829 0.829 0.833 0.833 0.833 0.833 0.838 0.838 0.841 0.848 0.848 0.848 0.848 0.848 0.848 0.849 0.849 0.854 0.861 0.861 0.861 0.866 0.866 0.866 0.867 0.868 0.87 0.871 0.876 0.88 0.88 0.88 0.881 0.884 0.884 0.892 0.892 0.899 0.899 0.904 0.899 0.899 0.864 0.831 0.831 0.831 0.879 0.914 0.922 0.926 0.928 0.933 0.94 0.941 0.943 0.944 0.949 0.952 0.959 0.965 0.965 0.974 0.975 0.976 0.98 0.985 0.987 0.987 0.992 0.993 1.006 1.009 1.01 1.019 1.025 1.027 1.033 1.033 1.033 0.871 0.871 0.868 0.863 0.863 0.863 0.863 0.855 0.855 0.854 0.851 0.851 0.839 0.834 0.651 0.628 0.609 0.601 0.596 0.594 0.582 0.578 0.578 0.574 0.574 0.572 0.563 0.561 0.557 0.556 0.554 0.551 0.546 0.546 0.546 0.545 0.545 0.545 0.545 0.543 0.539 0.538 0.537 0.536 0.531 0.53 0.531 0.53 0.53 0.53 0.53 0.528 0.527 0.528 0.528 0.528 0.527 0.531 0.526 0.525 0.525 0.525 0.525 0.521 0.521 0.525 0.525 0.525 0.525 0.526 0.527 0.527 0.53 0.53 0.53 0.531 0.531 0.531 0.534 0.534 0.531 0.534 0.531 0.531 0.535 0.538 0.538 0.54 0.541 0.553 0.553 0.557 0.558 0.566 0.568 0.575 0.585 0.588 0.59 0.612 0.651 1.292 1.292 1.292 1.285 1.28 1.278 1.278 1.279 1.279 1.274 1.269 1.269 1.267 1.259 1.26 1.26 1.26 1.26 1.261 1.261 1.257 1.261 1.257 1.257 1.264 1.311 1.567 1.592 1.592 1.592 1.188 1.134 1.128 1.128 1.125 1.125 1.128 1.124 1.124 1.126 1.13 1.126 1.127 1.127 1.127 1.127 1.127 1.125 1.122 1.122 1.122 1.122 1.128 1.128 1.128 1.128 1.126 1.123 1.123 1.126 1.126 1.126 1.126 1.126 1.129 1.127 1.129 1.13 1.137 1.137 1.137 1.139 1.139 1.139 1.137 1.139 1.142 1.145 1.144 1.149 1.149 1.149 1.148 1.152 1.148 1.152 1.152 1.157 1.161 1.161 1.17 1.173 1.173 1.173 1.171 1.175 1.175 1.185 1.186 1.186 1.192 1.186 1.186 1.169 1.15 1.137 1.121 1.091 1.077 1.069 1.048 1.035 1.008 1.008 0.991 0.974 0.955 0.951 0.938 0.924 0.899 0.898 0.88 0.875 0.863 0.856 0.849 0.835 0.831 0.828 0.82 0.805 0.801 0.8 0.787 0.786 0.763 0.756 0.753 0.751 0.746 0.735 0.728 0.72 0.717 0.715 0.702 0.7 0.695 0.688 0.681 0.671 0.669 0.665 0.663 0.661 0.648 0.646 0.644 0.64 0.636 0.633 0.63 0.628 0.613 0.612 0.611 0.611 0.597 0.597 0.594 0.594 0.592 0.584 0.584 0.584 0.575 0.57 0.569 
1 1 1 1 1 1 1 1 1 1 1 1 1 1 1 1 1 1 1 1 1 1 1 1 1 1 1 1 1 1 1 1 1 1 1 1 1 1 1 1 1 1 1 1 1 1 1 1 1 1 1 1 1 1 1 1 1 1 1 1 1 1 1 1 1 1 1 1 1 1 1 1 1 1 1 1 1 1 1 1 1 1 1 1 1 1 1 1 1 1 1 1 1 1 1 1 1 1 1 1 1 1 1 1 1 1 1 1 1 1 1 1 1 1 1 1 1 1 1 1 1 1 1 1 1 1 1 1 1 1 1 1 1 1 1 1 1 1 1 1 1 1 1 1 1 1 1 1 1 1 1 1 1 1 1 1 1 1 1 1 1 1 1 1 1 1 1 1 1 1 1 1 1 1 1 1 1 1 1 1 1 1 1 1 1 1 1 1 1 1 1 1 1 1 1 1 1 1 1 1 1 1 1 1 1 1 1 1 1 1 1 1 1 1 1 1 1 1 1 1 1 1 1 1 1 1 1 1 1 1 1 1 1 1 1 1 1 1 1 1 1 1 1 1 1 1 1 1 1 1 1 1 1 1 1 1 1 1 1 1 1 1 1 1 1 1 1 1 1 1 1 1 1 1 1 1 1 1 1 1 1 1 1 1 1 1 1 1 1 1 1 1 1 1 1 1 1 1 1 1 1 1 1 1 1 1 1 1 1 1 1 1 1 1 1 1 1 1 1 1 1 1 1 1 1 1 1 1 1 1 1 1 1 1 1 1 1 1 1 1 1 1 1 1 1 1 1 1 1 1 1 1 1 1 1 1 1 1 1 1 1 1 1 1 1 1 1 1 1 1 1 1 1 1 1 1 1 1 1 1 1 1 1 1 1 1 1 1 1 1 1 1 1 1 1 1 1 1 1 1 1 1 1 1 1 1 1 1 1 1 1 1 1 1 1 1 1 1 1 1 1 1 1 1 1 1 1 1 1 1 1 1 1 1 1 1 1 1 1 1 1 1 1 1 1 1 1 1 1 1 1 1 1 1 1 1 1 1 1 1 1 1 1 1 1 1 1 1 1 1 1 1 1 1 1 1 1 1 1 1 1 1 1 1 1 1 1 1 1 1 1 1 1 1 1 1 1 1 1 1 1 1 1 1 1 1 1 1 1 1 1 1 1 1 1 1 1 1 1 1 1 1 1 1 1 1 1 1 1 1 1 1 1 1 1 1 1 1 1 1 1 1 1 1 1 1 1 1 1 1 1 1 1 1 1 1 1 1 1 1 1 1 1 1 1 1 1 1 1 1 1 1 1 1 1 1 1 1 1 1 1 1 1 1 1 1 1 1 1 1 1 1 1 1 1 1 1 1 1 1 1 1 1 1 1 1 1 1 1 1 1 1 1 1 1 1 1 1 1 1 1 1 1 1 1 1 1 1 1 1 1 1 1 1 1 1 1 1 1 1 1 1 1 1 1 1 1 1 1 1 1 1 1 1 1 1 1 1 1 1 1 1 1 1 1 1 1 1 1 1 1 1 1 1 1 1 1 1 1 1 1 1 
