# This file contains a 2D laser scan observation. 
# Its format is: 
# [aperture] [max_range] [number_of_scans] 
# [vector_of_scans] 
# [vector_of_valid_scans] 
# The aperture of the sensor is in radians, the maximum range 
# and measurements are in meters. '1' means a valid scan, '0' otherwise.
4.1847
5.6
682
0.48 0.48 0.478 0.478 0.477 0.48 0.48 0.48 0.48 0.48 0.481 0.48 0.484 0.484 0.484 0.484 0.484 0.484 0.484 0.484 0.488 0.518 0.518 0.518 0.512 0.507 0.507 0.499 0.497 0.491 0.489 0.481 0.482 0.481 0.481 0.481 0.482 0.48 0.482 0.485 0.485 0.485 0.485 0.479 0.479 0.479 0.479 0.479 0.478 0.482 0.479 0.479 0.482 0.482 0.479 0.485 0.481 0.481 0.487 0.487 0.485 0.487 0.488 0.485 0.488 0.488 0.488 0.488 0.488 0.491 0.491 0.503 0.509 0.509 0.513 0.509 0.514 0.511 0.514 0.521 0.521 0.521 0.521 0.522 0.525 0.526 0.527 0.529 0.529 0.529 0.529 0.537 0.538 0.538 0.539 0.539 0.543 0.543 0.543 0.548 0.556 0.574 0.765 0.765 0.765 0.752 0.735 0.735 0.735 0.728 0.723 0.726 0.726 0.726 0.733 0.769 0.769 0.769 0.736 0.736 0.736 0.738 0.739 0.751 0.761 0.786 0.795 0.81 0.836 0.838 0.847 0.847 0.848 0.856 0.857 0.861 0.864 0.87 0.871 0.872 0.879 0.884 0.884 0.889 0.896 0.905 0.908 0.91 0.911 0.914 0.918 0.921 0.923 0.932 0.939 0.939 0.956 0.956 0.959 0.973 0.977 0.981 0.986 0.988 0.988 0.998 1.012 1.018 1.022 1.03 1.034 1.043 1.052 1.065 1.069 1.076 1.087 1.087 1.076 1.065 1.056 1.055 1.055 1.04 1.037 1.034 1.028 1.027 1.023 1.017 1.012 1.008 1.008 1.001 0.99 0.988 0.985 0.981 0.973 0.972 0.964 0.956 0.956 0.951 0.951 0.945 0.949 0.942 0.941 0.931 0.907 0.613 0.612 0.608 0.594 0.593 0.593 0.593 0.593 0.593 0.593 0.59 0.59 0.587 0.587 0.587 0.587 0.586 0.585 0.586 0.585 0.583 0.583 0.583 0.583 0.586 0.588 0.589 0.589 0.589 0.596 0.597 0.597 0.601 0.597 0.602 0.608 0.61 0.613 0.619 0.622 0.626 0.637 0.654 0.778 0.836 0.836 0.841 0.841 0.841 0.841 0.841 0.839 0.839 0.839 0.835 0.84 0.84 0.839 0.836 0.836 0.836 0.836 0.836 0.833 0.833 0.832 0.832 0.832 0.832 0.831 0.828 0.828 0.831 0.831 0.831 0.831 0.831 0.833 0.833 0.837 0.847 0.847 0.847 0.823 0.806 0.795 0.795 0.794 0.792 0.792 0.798 0.802 0.802 0.802 0.802 0.804 0.808 0.808 0.808 0.795 0.746 0.74 0.738 0.735 0.735 0.735 0.733 0.733 0.733 0.733 0.734 0.735 0.737 0.744 0.829 0.838 0.841 0.844 0.845 0.847 0.849 0.847 0.849 0.851 0.853 0.857 0.859 0.859 0.859 0.863 0.864 0.864 0.866 0.867 0.869 0.867 0.869 0.874 0.875 0.875 0.881 0.885 0.888 0.888 0.888 0.89 0.892 0.894 0.9 0.902 0.904 0.904 0.905 0.905 0.904 0.902 0.839 0.838 0.838 0.839 0.919 0.927 0.93 0.934 0.935 0.941 0.942 0.949 0.956 0.956 0.958 0.965 0.971 0.971 0.978 0.982 0.985 0.988 0.996 0.998 0.998 1.003 1.004 1.005 1.018 1.019 1.023 1.028 1.035 1.035 1.035 1.035 0.922 0.882 0.872 0.872 0.872 0.871 0.873 0.873 0.863 0.86 0.855 0.853 0.851 0.779 0.658 0.63 0.617 0.604 0.596 0.596 0.595 0.589 0.579 0.576 0.575 0.572 0.567 0.563 0.563 0.563 0.563 0.563 0.553 0.554 0.553 0.547 0.547 0.548 0.546 0.546 0.544 0.543 0.541 0.535 0.535 0.535 0.535 0.535 0.533 0.533 0.536 0.534 0.534 0.534 0.532 0.532 0.532 0.532 0.532 0.532 0.532 0.532 0.532 0.529 0.529 0.529 0.537 0.537 0.537 0.535 0.533 0.533 0.532 0.532 0.537 0.537 0.537 0.538 0.538 0.538 0.538 0.538 0.54 0.545 0.546 0.547 0.552 0.553 0.562 0.562 0.565 0.566 0.573 0.581 0.581 0.583 0.585 0.604 0.637 0.783 1.291 1.291 1.291 1.286 1.284 1.283 1.282 1.282 1.279 1.278 1.277 1.276 1.276 1.276 1.27 1.27 1.27 1.26 1.263 1.263 1.261 1.261 1.263 1.263 1.269 1.296 1.567 1.586 1.586 1.586 1.173 1.127 1.127 1.127 1.131 1.131 1.132 1.132 1.131 1.132 1.135 1.132 1.128 1.132 1.132 1.128 1.132 1.132 1.131 1.131 1.131 1.13 1.129 1.129 1.128 1.128 1.128 1.128 1.128 1.127 1.128 1.127 1.131 1.128 1.134 1.135 1.135 1.135 1.135 1.137 1.135 1.14 1.145 1.145 1.142 1.144 1.142 1.14 1.142 1.143 1.143 1.151 1.151 1.151 1.154 1.156 1.158 1.158 1.163 1.163 1.172 1.172 1.172 1.172 1.176 1.176 1.178 1.181 1.185 1.192 1.192 1.192 1.192 1.17 1.146 1.126 1.112 1.09 1.072 1.059 1.039 1.028 1.013 0.995 0.989 0.983 0.95 0.943 0.935 0.911 0.909 0.89 0.879 0.866 0.861 0.851 0.843 0.831 0.822 0.816 0.813 0.802 0.786 0.776 0.775 0.768 0.762 0.751 0.742 0.736 0.736 0.724 0.72 0.718 0.709 0.699 0.692 0.688 0.68 0.68 0.676 0.672 0.665 0.665 0.663 0.659 0.643 0.643 0.639 0.639 0.629 0.624 0.62 0.616 0.615 0.615 0.612 0.603 0.603 0.592 0.588 0.585 0.576 0.573 0.569 0.568 0.568 0.565 0.565 
1 1 1 1 1 1 1 1 1 1 1 1 1 1 1 1 1 1 1 1 1 1 1 1 1 1 1 1 1 1 1 1 1 1 1 1 1 1 1 1 1 1 1 1 1 1 1 1 1 1 1 1 1 1 1 1 1 1 1 1 1 1 1 1 1 1 1 1 1 1 1 1 1 1 1 1 1 1 1 1 1 1 1 1 1 1 1 1 1 1 1 1 1 1 1 1 1 1 1 1 1 1 1 1 1 1 1 1 1 1 1 1 1 1 1 1 1 1 1 1 1 1 1 1 1 1 1 1 1 1 1 1 1 1 1 1 1 1 1 1 1 1 1 1 1 1 1 1 1 1 1 1 1 1 1 1 1 1 1 1 1 1 1 1 1 1 1 1 1 1 1 1 1 1 1 1 1 1 1 1 1 1 1 1 1 1 1 1 1 1 1 1 1 1 1 1 1 1 1 1 1 1 1 1 1 1 1 1 1 1 1 1 1 1 1 1 1 1 1 1 1 1 1 1 1 1 1 1 1 1 1 1 1 1 1 1 1 1 1 1 1 1 1 1 1 1 1 1 1 1 1 1 1 1 1 1 1 1 1 1 1 1 1 1 1 1 1 1 1 1 1 1 1 1 1 1 1 1 1 1 1 1 1 1 1 1 1 1 1 1 1 1 1 1 1 1 1 1 1 1 1 1 1 1 1 1 1 1 1 1 1 1 1 1 1 1 1 1 1 1 1 1 1 1 1 1 1 1 1 1 1 1 1 1 1 1 1 1 1 1 1 1 1 1 1 1 1 1 1 1 1 1 1 1 1 1 1 1 1 1 1 1 1 1 1 1 1 1 1 1 1 1 1 1 1 1 1 1 1 1 1 1 1 1 1 1 1 1 1 1 1 1 1 1 1 1 1 1 1 1 1 1 1 1 1 1 1 1 1 1 1 1 1 1 1 1 1 1 1 1 1 1 1 1 1 1 1 1 1 1 1 1 1 1 1 1 1 1 1 1 1 1 1 1 1 1 1 1 1 1 1 1 1 1 1 1 1 1 1 1 1 1 1 1 1 1 1 1 1 1 1 1 1 1 1 1 1 1 1 1 1 1 1 1 1 1 1 1 1 1 1 1 1 1 1 1 1 1 1 1 1 1 1 1 1 1 1 1 1 1 1 1 1 1 1 1 1 1 1 1 1 1 1 1 1 1 1 1 1 1 1 1 1 1 1 1 1 1 1 1 1 1 1 1 1 1 1 1 1 1 1 1 1 1 1 1 1 1 1 1 1 1 1 1 1 1 1 1 1 1 1 1 1 1 1 1 1 1 1 1 1 1 1 1 1 1 1 1 1 1 1 1 1 1 1 1 1 1 1 1 1 1 1 1 1 1 1 1 1 1 1 1 1 1 1 1 1 1 1 1 1 1 1 1 1 1 1 1 1 1 1 1 1 1 1 1 1 1 1 1 1 1 1 1 1 1 1 1 1 1 1 1 1 1 1 1 1 1 1 1 1 1 1 1 1 1 1 1 1 1 1 1 1 1 1 1 1 1 1 1 1 1 
