# This file contains a 2D laser scan observation. 
# Its format is: 
# [aperture] [max_range] [number_of_scans] 
# [vector_of_scans] 
# [vector_of_valid_scans] 
# The aperture of the sensor is in radians, the maximum range 
# and measurements are in meters. '1' means a valid scan, '0' otherwise.
4.1847
5.6
682
0.474 0.474 0.471 0.471 0.472 0.471 0.471 0.47 0.47 0.469 0.469 0.47 0.472 0.475 0.475 0.475 0.475 0.475 0.471 0.475 0.477 0.485 0.519 0.522 0.522 0.522 0.522 0.514 0.508 0.482 0.477 0.477 0.47 0.469 0.469 0.469 0.469 0.473 0.473 0.473 0.472 0.472 0.471 0.471 0.471 0.474 0.466 0.466 0.468 0.468 0.466 0.468 0.468 0.469 0.467 0.467 0.467 0.469 0.469 0.47 0.47 0.472 0.47 0.47 0.473 0.481 0.481 0.481 0.48 0.48 0.48 0.482 0.482 0.482 0.485 0.49 0.49 0.493 0.493 0.496 0.5 0.504 0.504 0.508 0.507 0.508 0.508 0.511 0.511 0.519 0.519 0.519 0.519 0.519 0.521 0.521 0.524 0.525 0.53 0.53 0.53 0.533 0.535 0.535 0.535 0.537 0.541 0.546 0.546 0.548 0.724 0.728 0.737 0.74 0.737 0.74 0.74 0.736 0.727 0.727 0.727 0.749 0.76 0.76 0.76 0.743 0.738 0.738 0.743 0.749 0.752 0.782 0.789 0.802 0.835 0.85 0.851 0.854 0.857 0.86 0.862 0.864 0.866 0.876 0.879 0.879 0.884 0.884 0.894 0.894 0.895 0.903 0.906 0.914 0.926 0.932 0.933 0.934 0.937 0.948 0.953 0.958 0.965 0.966 0.968 0.98 0.986 0.996 0.999 1.005 1.011 1.021 1.026 1.032 1.043 1.046 1.046 1.06 1.069 1.071 1.086 1.086 1.086 1.074 1.073 1.07 1.063 1.062 1.06 1.05 1.047 1.033 1.032 1.03 1.029 1.026 1.016 1.01 1.004 0.999 0.999 0.994 0.987 0.984 0.979 0.978 0.97 0.969 0.966 0.963 0.961 0.961 0.96 0.952 0.95 0.943 0.942 0.641 0.626 0.621 0.618 0.618 0.616 0.611 0.611 0.606 0.606 0.6 0.6 0.602 0.602 0.602 0.602 0.6 0.599 0.599 0.598 0.598 0.598 0.598 0.598 0.599 0.601 0.601 0.608 0.608 0.61 0.612 0.615 0.617 0.622 0.622 0.623 0.63 0.633 0.641 0.654 0.665 0.669 0.758 0.865 0.865 0.865 0.865 0.856 0.855 0.851 0.855 0.855 0.854 0.856 0.856 0.854 0.849 0.849 0.849 0.849 0.847 0.849 0.845 0.845 0.846 0.846 0.846 0.846 0.846 0.846 0.849 0.849 0.849 0.852 0.856 0.86 0.86 0.86 0.856 0.843 0.841 0.839 0.816 0.81 0.807 0.807 0.807 0.808 0.811 0.811 0.816 0.818 0.818 0.819 0.82 0.819 0.816 0.788 0.765 0.765 0.761 0.749 0.749 0.746 0.746 0.746 0.746 0.746 0.749 0.75 0.763 0.849 0.861 0.868 0.868 0.867 0.867 0.867 0.867 0.867 0.87 0.873 0.882 0.882 0.882 0.882 0.884 0.886 0.886 0.886 0.887 0.893 0.893 0.894 0.897 0.899 0.899 0.9 0.907 0.916 0.919 0.919 0.919 0.919 0.92 0.924 0.924 0.931 0.931 0.931 0.931 0.93 0.861 0.861 0.861 0.863 0.945 0.947 0.959 0.959 0.959 0.961 0.961 0.977 0.978 0.982 0.984 0.987 0.99 0.991 1.004 1.006 1.007 1.007 1.014 1.014 1.014 1.015 1.027 1.041 1.044 1.048 1.05 1.052 1.059 1.059 1.059 0.968 0.892 0.891 0.888 0.888 0.891 0.891 0.891 0.891 0.879 0.879 0.878 0.867 0.729 0.658 0.637 0.627 0.624 0.62 0.617 0.611 0.604 0.603 0.595 0.591 0.588 0.587 0.587 0.587 0.584 0.572 0.569 0.569 0.571 0.571 0.567 0.567 0.566 0.565 0.563 0.561 0.558 0.556 0.554 0.554 0.553 0.553 0.553 0.553 0.551 0.551 0.548 0.548 0.548 0.548 0.549 0.553 0.553 0.549 0.55 0.548 0.547 0.548 0.548 0.548 0.551 0.551 0.551 0.553 0.555 0.555 0.557 0.558 0.558 0.56 0.562 0.56 0.56 0.56 0.562 0.565 0.565 0.567 0.569 0.571 0.577 0.58 0.581 0.586 0.587 0.588 0.596 0.603 0.611 0.624 0.647 1.3 1.317 1.317 1.317 1.317 1.305 1.299 1.294 1.293 1.293 1.293 1.293 1.293 1.293 1.285 1.285 1.283 1.283 1.276 1.276 1.276 1.276 1.268 1.271 1.271 1.271 1.276 1.282 1.347 1.563 1.579 1.579 1.579 1.14 1.14 1.14 1.14 1.138 1.138 1.138 1.138 1.138 1.14 1.14 1.14 1.14 1.136 1.136 1.136 1.136 1.139 1.141 1.141 1.142 1.142 1.144 1.145 1.142 1.142 1.142 1.14 1.134 1.134 1.131 1.134 1.134 1.136 1.134 1.136 1.136 1.137 1.138 1.139 1.143 1.145 1.146 1.146 1.146 1.149 1.149 1.15 1.15 1.151 1.152 1.153 1.156 1.156 1.158 1.163 1.164 1.166 1.166 1.173 1.175 1.175 1.175 1.181 1.183 1.184 1.186 1.19 1.195 1.195 1.195 1.194 1.179 1.149 1.128 1.112 1.097 1.072 1.065 1.048 1.022 1.02 0.994 0.972 0.96 0.948 0.935 0.923 0.908 0.894 0.891 0.867 0.855 0.852 0.838 0.832 0.813 0.806 0.804 0.787 0.785 0.779 0.766 0.754 0.754 0.751 0.733 0.729 0.729 0.712 0.709 0.701 0.7 0.686 0.684 0.678 0.676 0.667 0.663 0.66 0.654 0.645 0.641 0.631 0.63 0.63 0.624 0.617 0.612 0.608 0.608 0.604 0.6 0.594 0.592 0.588 0.583 0.573 0.57 0.57 0.57 0.561 0.561 0.557 0.557 0.557 0.547 0.542 0.54 
1 1 1 1 1 1 1 1 1 1 1 1 1 1 1 1 1 1 1 1 1 1 1 1 1 1 1 1 1 1 1 1 1 1 1 1 1 1 1 1 1 1 1 1 1 1 1 1 1 1 1 1 1 1 1 1 1 1 1 1 1 1 1 1 1 1 1 1 1 1 1 1 1 1 1 1 1 1 1 1 1 1 1 1 1 1 1 1 1 1 1 1 1 1 1 1 1 1 1 1 1 1 1 1 1 1 1 1 1 1 1 1 1 1 1 1 1 1 1 1 1 1 1 1 1 1 1 1 1 1 1 1 1 1 1 1 1 1 1 1 1 1 1 1 1 1 1 1 1 1 1 1 1 1 1 1 1 1 1 1 1 1 1 1 1 1 1 1 1 1 1 1 1 1 1 1 1 1 1 1 1 1 1 1 1 1 1 1 1 1 1 1 1 1 1 1 1 1 1 1 1 1 1 1 1 1 1 1 1 1 1 1 1 1 1 1 1 1 1 1 1 1 1 1 1 1 1 1 1 1 1 1 1 1 1 1 1 1 1 1 1 1 1 1 1 1 1 1 1 1 1 1 1 1 1 1 1 1 1 1 1 1 1 1 1 1 1 1 1 1 1 1 1 1 1 1 1 1 1 1 1 1 1 1 1 1 1 1 1 1 1 1 1 1 1 1 1 1 1 1 1 1 1 1 1 1 1 1 1 1 1 1 1 1 1 1 1 1 1 1 1 1 1 1 1 1 1 1 1 1 1 1 1 1 1 1 1 1 1 1 1 1 1 1 1 1 1 1 1 1 1 1 1 1 1 1 1 1 1 1 1 1 1 1 1 1 1 1 1 1 1 1 1 1 1 1 1 1 1 1 1 1 1 1 1 1 1 1 1 1 1 1 1 1 1 1 1 1 1 1 1 1 1 1 1 1 1 1 1 1 1 1 1 1 1 1 1 1 1 1 1 1 1 1 1 1 1 1 1 1 1 1 1 1 1 1 1 1 1 1 1 1 1 1 1 1 1 1 1 1 1 1 1 1 1 1 1 1 1 1 1 1 1 1 1 1 1 1 1 1 1 1 1 1 1 1 1 1 1 1 1 1 1 1 1 1 1 1 1 1 1 1 1 1 1 1 1 1 1 1 1 1 1 1 1 1 1 1 1 1 1 1 1 1 1 1 1 1 1 1 1 1 1 1 1 1 1 1 1 1 1 1 1 1 1 1 1 1 1 1 1 1 1 1 1 1 1 1 1 1 1 1 1 1 1 1 1 1 1 1 1 1 1 1 1 1 1 1 1 1 1 1 1 1 1 1 1 1 1 1 1 1 1 1 1 1 1 1 1 1 1 1 1 1 1 1 1 1 1 1 1 1 1 1 1 1 1 1 1 1 1 1 1 1 1 1 1 1 1 1 1 1 1 1 1 1 1 1 1 1 1 1 1 1 1 1 1 1 1 1 1 1 1 1 1 1 1 1 1 1 1 1 1 1 1 1 1 1 1 1 1 1 1 1 1 1 1 1 1 1 1 1 1 1 1 1 1 1 1 1 1 1 
