# This file contains a 2D laser scan observation. 
# Its format is: 
# [aperture] [max_range] [number_of_scans] 
# [vector_of_scans] 
# [vector_of_valid_scans] 
# The aperture of the sensor is in radians, the maximum range 
# and measurements are in meters. '1' means a valid scan, '0' otherwise.
4.1847
5.6
682
0.468 0.468 0.465 0.465 0.465 0.465 0.466 0.467 0.469 0.471 0.471 0.469 0.469 0.461 0.461 0.468 0.468 0.476 0.479 0.482 0.491 0.494 0.503 0.516 0.518 0.518 0.517 0.517 0.502 0.47 0.47 0.466 0.466 0.465 0.465 0.465 0.465 0.465 0.467 0.469 0.471 0.471 0.471 0.473 0.469 0.467 0.467 0.467 0.467 0.466 0.466 0.468 0.468 0.469 0.469 0.469 0.471 0.473 0.473 0.473 0.473 0.473 0.473 0.477 0.465 0.477 0.478 0.477 0.477 0.477 0.471 0.471 0.471 0.472 0.473 0.474 0.474 0.481 0.484 0.486 0.487 0.488 0.503 0.505 0.506 0.508 0.507 0.512 0.516 0.514 0.516 0.516 0.518 0.52 0.52 0.52 0.521 0.527 0.527 0.528 0.531 0.531 0.537 0.537 0.537 0.537 0.538 0.544 0.544 0.545 0.549 0.556 0.726 0.728 0.728 0.74 0.74 0.74 0.734 0.738 0.738 0.738 0.74 0.773 0.773 0.773 0.744 0.744 0.743 0.743 0.751 0.757 0.782 0.8 0.808 0.846 0.847 0.853 0.859 0.863 0.864 0.864 0.866 0.874 0.878 0.881 0.892 0.893 0.895 0.896 0.897 0.903 0.914 0.919 0.921 0.927 0.929 0.938 0.94 0.94 0.945 0.953 0.959 0.965 0.975 0.976 0.982 0.988 0.99 1.004 1.015 1.019 1.025 1.031 1.041 1.044 1.056 1.061 1.068 1.082 1.094 1.096 1.096 1.096 1.084 1.082 1.074 1.069 1.06 1.058 1.057 1.057 1.052 1.038 1.031 1.031 1.027 1.023 1.021 1.017 1.005 0.998 0.997 0.991 0.985 0.977 0.977 0.977 0.977 0.966 0.965 0.962 0.965 0.96 0.957 0.955 0.95 0.871 0.637 0.631 0.626 0.622 0.621 0.616 0.612 0.61 0.609 0.609 0.609 0.606 0.605 0.605 0.605 0.606 0.606 0.606 0.606 0.606 0.606 0.606 0.61 0.612 0.61 0.612 0.614 0.614 0.615 0.616 0.618 0.622 0.622 0.622 0.624 0.637 0.637 0.648 0.649 0.665 0.679 0.756 0.869 0.869 0.869 0.869 0.869 0.867 0.867 0.865 0.864 0.864 0.864 0.864 0.864 0.865 0.865 0.86 0.86 0.86 0.86 0.858 0.857 0.854 0.854 0.856 0.854 0.856 0.856 0.857 0.857 0.859 0.859 0.883 0.883 0.883 0.876 0.853 0.851 0.85 0.828 0.821 0.821 0.816 0.821 0.821 0.821 0.816 0.821 0.821 0.818 0.825 0.825 0.825 0.818 0.803 0.768 0.766 0.765 0.765 0.756 0.755 0.755 0.755 0.756 0.757 0.764 0.766 0.771 0.851 0.86 0.862 0.868 0.869 0.869 0.868 0.869 0.873 0.881 0.881 0.883 0.883 0.885 0.892 0.896 0.896 0.897 0.897 0.897 0.902 0.905 0.909 0.909 0.909 0.91 0.909 0.908 0.913 0.92 0.92 0.921 0.922 0.928 0.937 0.937 0.94 0.937 0.937 0.935 0.899 0.864 0.864 0.864 0.944 0.959 0.959 0.963 0.968 0.975 0.982 0.982 0.987 0.987 0.993 0.994 0.997 1.007 1.007 1.008 1.008 1.022 1.024 1.024 1.032 1.034 1.042 1.042 1.046 1.052 1.059 1.062 1.062 1.062 1.062 0.987 0.9 0.9 0.897 0.897 0.896 0.896 0.896 0.896 0.889 0.889 0.889 0.876 0.69 0.654 0.645 0.635 0.633 0.618 0.616 0.61 0.602 0.599 0.599 0.591 0.591 0.589 0.589 0.586 0.582 0.58 0.579 0.576 0.576 0.575 0.568 0.568 0.568 0.567 0.566 0.566 0.566 0.565 0.563 0.557 0.554 0.554 0.554 0.556 0.557 0.557 0.557 0.557 0.555 0.552 0.552 0.552 0.551 0.551 0.551 0.554 0.554 0.556 0.554 0.554 0.557 0.557 0.556 0.556 0.558 0.558 0.56 0.563 0.565 0.565 0.566 0.569 0.57 0.57 0.571 0.573 0.575 0.582 0.587 0.588 0.588 0.59 0.591 0.594 0.596 0.603 0.605 0.619 0.629 0.665 1.313 1.319 1.32 1.319 1.319 1.312 1.31 1.305 1.305 1.305 1.298 1.298 1.298 1.295 1.295 1.285 1.285 1.285 1.28 1.279 1.278 1.278 1.277 1.276 1.277 1.277 1.277 1.283 1.284 1.494 1.56 1.56 1.56 1.148 1.148 1.143 1.14 1.14 1.14 1.14 1.145 1.145 1.145 1.145 1.145 1.142 1.142 1.136 1.136 1.142 1.143 1.145 1.145 1.145 1.145 1.143 1.143 1.143 1.143 1.143 1.143 1.143 1.143 1.135 1.135 1.135 1.142 1.143 1.144 1.149 1.149 1.149 1.149 1.144 1.144 1.146 1.146 1.146 1.148 1.148 1.157 1.157 1.157 1.151 1.155 1.155 1.158 1.155 1.162 1.163 1.166 1.17 1.171 1.173 1.174 1.174 1.174 1.176 1.182 1.182 1.183 1.184 1.192 1.192 1.192 1.167 1.148 1.123 1.113 1.085 1.061 1.055 1.043 1.03 1.01 0.989 0.978 0.963 0.941 0.937 0.916 0.908 0.888 0.878 0.862 0.862 0.836 0.827 0.818 0.807 0.805 0.786 0.781 0.773 0.76 0.76 0.745 0.736 0.734 0.724 0.719 0.715 0.712 0.694 0.694 0.687 0.682 0.68 0.677 0.667 0.648 0.644 0.642 0.641 0.638 0.636 0.63 0.62 0.617 0.609 0.608 0.601 0.599 0.599 0.591 0.582 0.573 0.573 0.568 0.563 0.559 0.556 0.553 0.552 0.552 0.547 0.543 0.538 0.537 0.537 0.534 0.532 0.524 0.522 0.522 
1 1 1 1 1 1 1 1 1 1 1 1 1 1 1 1 1 1 1 1 1 1 1 1 1 1 1 1 1 1 1 1 1 1 1 1 1 1 1 1 1 1 1 1 1 1 1 1 1 1 1 1 1 1 1 1 1 1 1 1 1 1 1 1 1 1 1 1 1 1 1 1 1 1 1 1 1 1 1 1 1 1 1 1 1 1 1 1 1 1 1 1 1 1 1 1 1 1 1 1 1 1 1 1 1 1 1 1 1 1 1 1 1 1 1 1 1 1 1 1 1 1 1 1 1 1 1 1 1 1 1 1 1 1 1 1 1 1 1 1 1 1 1 1 1 1 1 1 1 1 1 1 1 1 1 1 1 1 1 1 1 1 1 1 1 1 1 1 1 1 1 1 1 1 1 1 1 1 1 1 1 1 1 1 1 1 1 1 1 1 1 1 1 1 1 1 1 1 1 1 1 1 1 1 1 1 1 1 1 1 1 1 1 1 1 1 1 1 1 1 1 1 1 1 1 1 1 1 1 1 1 1 1 1 1 1 1 1 1 1 1 1 1 1 1 1 1 1 1 1 1 1 1 1 1 1 1 1 1 1 1 1 1 1 1 1 1 1 1 1 1 1 1 1 1 1 1 1 1 1 1 1 1 1 1 1 1 1 1 1 1 1 1 1 1 1 1 1 1 1 1 1 1 1 1 1 1 1 1 1 1 1 1 1 1 1 1 1 1 1 1 1 1 1 1 1 1 1 1 1 1 1 1 1 1 1 1 1 1 1 1 1 1 1 1 1 1 1 1 1 1 1 1 1 1 1 1 1 1 1 1 1 1 1 1 1 1 1 1 1 1 1 1 1 1 1 1 1 1 1 1 1 1 1 1 1 1 1 1 1 1 1 1 1 1 1 1 1 1 1 1 1 1 1 1 1 1 1 1 1 1 1 1 1 1 1 1 1 1 1 1 1 1 1 1 1 1 1 1 1 1 1 1 1 1 1 1 1 1 1 1 1 1 1 1 1 1 1 1 1 1 1 1 1 1 1 1 1 1 1 1 1 1 1 1 1 1 1 1 1 1 1 1 1 1 1 1 1 1 1 1 1 1 1 1 1 1 1 1 1 1 1 1 1 1 1 1 1 1 1 1 1 1 1 1 1 1 1 1 1 1 1 1 1 1 1 1 1 1 1 1 1 1 1 1 1 1 1 1 1 1 1 1 1 1 1 1 1 1 1 1 1 1 1 1 1 1 1 1 1 1 1 1 1 1 1 1 1 1 1 1 1 1 1 1 1 1 1 1 1 1 1 1 1 1 1 1 1 1 1 1 1 1 1 1 1 1 1 1 1 1 1 1 1 1 1 1 1 1 1 1 1 1 1 1 1 1 1 1 1 1 1 1 1 1 1 1 1 1 1 1 1 1 1 1 1 1 1 1 1 1 1 1 1 1 1 1 1 1 1 1 1 1 1 1 1 1 1 1 1 1 1 1 1 1 1 1 1 1 1 1 1 1 1 1 1 1 1 1 1 1 1 1 1 1 1 1 1 1 1 1 1 
