# This file contains a 2D laser scan observation. 
# Its format is: 
# [aperture] [max_range] [number_of_scans] 
# [vector_of_scans] 
# [vector_of_valid_scans] 
# The aperture of the sensor is in radians, the maximum range 
# and measurements are in meters. '1' means a valid scan, '0' otherwise.
4.1847
5.6
682
0.845 0.85 0.845 0.845 0.845 0.845 0.845 0.845 0.821 0.818 0.741 0.715 0.706 0.706 0.706 0.704 0.712 0.713 0.713 0.725 0.732 0.732 0.732 0.722 0.715 0.712 0.702 0.699 0.687 0.687 0.682 0.678 0.674 0.668 0.657 0.654 0.654 0.643 0.639 0.634 0.628 0.62 0.619 0.601 0.601 0.6 0.6 0.6 0.6 0.59 0.585 0.582 0.581 0.578 0.574 0.574 0.574 0.569 0.565 0.563 0.559 0.558 0.553 0.55 0.549 0.549 0.544 0.543 0.543 0.535 0.528 0.528 0.52 0.519 0.513 0.512 0.512 0.509 0.51 0.51 0.51 0.507 0.507 0.498 0.493 0.491 0.491 0.491 0.491 0.502 0.51 0.51 0.512 0.507 0.508 0.508 0.509 0.508 0.509 0.513 0.513 0.533 0.533 0.534 0.542 0.576 0.579 0.585 0.594 0.596 0.596 0.598 0.6 0.602 0.604 0.62 0.621 0.635 0.643 0.647 0.665 0.675 0.678 0.69 0.708 0.715 0.723 0.748 0.757 0.773 0.788 0.835 0.846 0.848 0.851 0.87 0.888 0.93 0.935 0.956 0.996 1.001 1.073 1.159 1.19 1.237 1.259 1.285 1.288 1.3 1.304 1.33 1.337 1.337 1.337 1.335 1.333 1.33 1.326 1.323 1.322 1.321 1.321 1.315 1.315 1.315 1.315 1.315 1.319 1.319 1.319 1.322 1.322 1.323 1.323 1.326 1.324 1.324 1.326 1.329 1.33 1.344 1.364 1.364 1.364 1.342 1.328 1.328 1.327 1.327 1.327 1.327 1.326 1.326 1.325 1.323 1.325 1.325 1.322 1.315 1.317 1.317 1.32 1.32 1.32 1.32 1.32 1.32 1.326 1.327 1.327 1.332 1.334 1.339 1.341 1.343 1.344 1.344 1.344 1.345 1.345 1.345 1.351 1.38 0.007 1.467 1.466 1.467 1.467 1.467 1.475 1.475 1.483 1.495 1.495 1.495 1.495 1.497 1.5 1.502 1.504 1.505 1.509 1.515 1.515 1.515 1.524 1.531 1.536 1.543 1.548 1.548 1.548 1.554 1.554 1.563 1.573 1.576 1.58 1.582 1.589 1.593 1.606 1.611 1.613 1.617 1.618 1.618 1.636 1.639 1.645 1.648 1.651 1.67 1.679 1.684 1.69 1.695 1.7 1.7 1.707 1.717 1.728 1.732 1.733 1.743 1.753 1.774 1.78 1.793 1.795 1.796 1.798 1.813 1.816 1.825 1.843 1.853 1.859 1.867 1.881 1.894 1.899 1.918 1.924 1.941 1.942 1.952 1.97 1.984 1.987 2.002 2.018 2.027 2.045 2.066 2.081 2.082 2.086 2.109 0 0 0 0 0 0 0 0 0 0 0 0 0 0 0 0 0 0 0 0 0 0 0 0 0 0 2.658 2.658 2.658 2.714 2.737 2.771 2.8 2.813 2.838 2.882 2.905 2.932 2.974 2.974 2.932 0.937 0.936 0.935 0.935 0.935 0.935 0.936 3.358 3.375 3.43 3.464 3.464 3.464 0.539 0.539 0.538 0.538 0.536 0.518 0.326 0.3 0.295 0.29 0.29 0.289 0.288 0.288 0.29 0.29 0.291 0.291 0.291 0.291 0.292 0.293 0.293 0.293 0.293 0.293 0.293 0.529 0.659 4.234 4.296 4.296 4.322 4.322 4.351 4.351 4.379 0.007 4.31 1.501 1.5 1.493 1.493 1.495 1.5 0 0 0 4.099 1.38 1.378 0.826 0.825 0.821 0.816 0.816 0.816 0.816 1.139 1.169 1.173 1.174 1.174 2.616 2.616 2.616 2.612 2.603 2.602 2.603 2.603 2.604 2.61 2.612 2.616 2.618 2.626 2.626 2.626 2.627 2.627 2.627 2.633 2.633 2.627 1.793 1.793 1.793 1.793 1.793 1.429 1.409 1.407 1.185 1.184 1.168 1.168 1.168 1.166 0.818 0.817 0.815 0.81 0.769 0.733 0.733 0.729 0.728 0.728 0.73 0.73 0.734 2.044 2.118 2.118 2.044 2.035 2.035 2.035 2.051 2.141 2.148 2.15 2.15 2.148 1.644 1.644 1.644 1.646 1.655 2.195 2.211 2.214 2.214 2.219 2.226 2.229 2.229 2.229 2.229 1.269 1.265 1.265 1.265 1.266 2.174 2.254 2.254 2.254 2.229 2.201 2.201 2.201 2.181 2.151 2.034 1.9 1.797 0.637 0.63 0.626 0.624 0.549 0.454 0.454 0.45 0.45 0.45 0.45 0.45 0.451 0.451 0.445 0.447 0.447 0.447 1.714 1.714 1.714 1.702 1.687 1.675 1.667 1.651 1.637 1.624 1.609 1.609 1.587 1.58 1.566 1.562 1.548 1.54 1.524 1.513 1.508 1.495 1.49 1.483 1.47 1.461 1.456 1.448 1.433 1.426 1.419 1.403 1.393 1.392 1.38 1.378 1.365 1.364 1.356 1.349 1.346 1.337 1.337 1.324 1.32 1.317 1.316 1.312 1.296 1.289 1.288 1.276 1.273 1.262 1.259 1.257 1.257 1.247 1.247 1.24 1.232 1.227 1.226 1.22 1.219 1.216 1.212 1.21 1.199 1.193 1.192 1.187 1.183 1.18 1.174 1.168 1.168 1.168 1.166 1.161 0.774 0.774 0.772 0.772 0.776 0.78 0.848 1.129 1.129 1.13 1.129 1.129 1.128 1.127 1.123 1.118 1.118 1.106 1.099 1.076 1.076 1.076 1.076 1.078 1.097 1.097 1.097 1.097 1.097 1.095 1.093 1.093 1.088 1.088 1.082 1.082 1.079 1.079 1.077 1.077 1.077 1.077 1.075 1.073 1.077 1.07 1.07 1.074 1.074 1.07 1.074 1.07 
1 1 1 1 1 1 1 1 1 1 1 1 1 1 1 1 1 1 1 1 1 1 1 1 1 1 1 1 1 1 1 1 1 1 1 1 1 1 1 1 1 1 1 1 1 1 1 1 1 1 1 1 1 1 1 1 1 1 1 1 1 1 1 1 1 1 1 1 1 1 1 1 1 1 1 1 1 1 1 1 1 1 1 1 1 1 1 1 1 1 1 1 1 1 1 1 1 1 1 1 1 1 1 1 1 1 1 1 1 1 1 1 1 1 1 1 1 1 1 1 1 1 1 1 1 1 1 1 1 1 1 1 1 1 1 1 1 1 1 1 1 1 1 1 1 1 1 1 1 1 1 1 1 1 1 1 1 1 1 1 1 1 1 1 1 1 1 1 1 1 1 1 1 1 1 1 1 1 1 1 1 1 1 1 1 1 1 1 1 1 1 1 1 1 1 1 1 1 1 1 1 1 1 1 1 1 1 1 1 1 1 1 1 1 1 1 1 1 1 1 1 1 1 1 0 1 1 1 1 1 1 1 1 1 1 1 1 1 1 1 1 1 1 1 1 1 1 1 1 1 1 1 1 1 1 1 1 1 1 1 1 1 1 1 1 1 1 1 1 1 1 1 1 1 1 1 1 1 1 1 1 1 1 1 1 1 1 1 1 1 1 1 1 1 1 1 1 1 1 1 1 1 1 1 1 1 1 1 1 1 1 1 1 1 1 1 1 1 1 1 0 0 0 0 0 0 0 0 0 0 0 0 0 0 0 0 0 0 0 0 0 0 0 0 0 0 1 1 1 1 1 1 1 1 1 1 1 1 1 1 1 1 1 1 1 1 1 1 1 1 1 1 1 1 1 1 1 1 1 1 1 1 1 1 1 1 1 1 1 1 1 1 1 1 1 1 1 1 1 1 1 1 1 1 1 1 1 1 1 1 1 0 1 1 1 1 1 1 1 0 0 0 1 1 1 1 1 1 1 1 1 1 1 1 1 1 1 1 1 1 1 1 1 1 1 1 1 1 1 1 1 1 1 1 1 1 1 1 1 1 1 1 1 1 1 1 1 1 1 1 1 1 1 1 1 1 1 1 1 1 1 1 1 1 1 1 1 1 1 1 1 1 1 1 1 1 1 1 1 1 1 1 1 1 1 1 1 1 1 1 1 1 1 1 1 1 1 1 1 1 1 1 1 1 1 1 1 1 1 1 1 1 1 1 1 1 1 1 1 1 1 1 1 1 1 1 1 1 1 1 1 1 1 1 1 1 1 1 1 1 1 1 1 1 1 1 1 1 1 1 1 1 1 1 1 1 1 1 1 1 1 1 1 1 1 1 1 1 1 1 1 1 1 1 1 1 1 1 1 1 1 1 1 1 1 1 1 1 1 1 1 1 1 1 1 1 1 1 1 1 1 1 1 1 1 1 1 1 1 1 1 1 1 1 1 1 1 1 1 1 1 1 1 1 1 1 1 1 1 1 1 1 1 1 1 1 1 1 1 1 1 1 1 1 1 1 1 1 1 1 1 1 1 1 1 1 1 1 1 1 1 1 
