# This file contains a 2D laser scan observation. 
# Its format is: 
# [aperture] [max_range] [number_of_scans] 
# [vector_of_scans] 
# [vector_of_valid_scans] 
# The aperture of the sensor is in radians, the maximum range 
# and measurements are in meters. '1' means a valid scan, '0' otherwise.
4.1847
5.6
682
0.37 0.364 0.364 0.37 0.376 0.376 0.376 0.365 0.356 0.356 0.356 0.356 0.357 0.357 0.357 0.358 0.368 0.377 0.379 0.384 0.379 0.377 0.369 0.365 0.36 0.356 0.352 0.351 0.352 0.351 0.35 0.35 0.35 0.344 0.344 0.344 0.344 0.344 0.344 0.354 0.345 0.354 0.354 0.354 0.352 0.354 0.352 0.352 0.354 0.354 0.351 0.354 0.351 0.351 0.351 0.354 0.351 0.351 0.351 0.352 0.352 0.353 0.366 0.366 0.362 0.365 0.362 0.362 0.362 0.362 0.362 0.362 0.36 0.362 0.369 0.362 0.37 0.373 0.374 0.374 0.378 0.378 0.378 0.372 0.381 0.379 0.379 0.38 0.38 0.38 0.382 0.382 0.39 0.391 0.393 0.397 0.397 0.397 0.398 0.398 0.398 0.398 0.398 0.4 0.4 0.4 0.407 0.409 0.409 0.406 0.409 0.409 0.411 0.419 0.422 0.422 0.42 0.42 0.42 0.42 0.425 0.426 0.428 0.429 0.43 0.432 0.439 0.447 0.442 0.442 0.448 0.448 0.446 0.45 0.45 0.452 0.46 0.47 0.471 0.471 0.471 0.473 0.473 0.473 0.484 0.485 0.488 0.489 0.491 0.499 0.499 0.506 0.515 0.519 0.524 0.534 0.536 0.537 0.547 0.553 0.554 0.56 0.561 0.566 0.572 0.575 0.581 0.582 0.585 0.591 0.713 0.79 0.868 0.928 0.937 0.94 0.941 0.958 0.967 0.972 0.974 0.987 0.994 1.006 1.013 1.021 1.034 1.043 1.063 1.064 1.07 1.076 1.104 1.104 1.113 1.136 1.155 1.16 1.166 1.186 1.195 1.208 1.216 1.216 1.216 1.212 1.199 1.198 1.195 1.193 1.188 1.184 1.183 1.183 1.173 1.171 1.171 1.162 1.162 1.155 1.154 1.154 1.144 1.144 1.139 1.134 1.133 1.133 1.126 1.126 1.124 1.123 1.116 1.115 1.114 1.114 1.114 1.113 1.113 1.099 1.099 1.099 1.096 1.096 1.095 1.095 1.095 1.082 0.806 0.8 0.8 0.794 0.794 0.783 0.783 0.783 0.783 0.783 0.783 0.779 0.779 0.779 0.778 0.778 0.778 0.778 0.778 0.783 0.783 0.78 0.786 0.79 0.79 0.797 0.8 0.811 0.826 0.844 0.906 1.054 1.057 1.061 1.061 1.061 1.063 1.063 1.063 1.063 1.063 1.063 1.066 1.066 1.066 1.066 1.066 1.067 1.067 1.067 1.07 1.07 1.071 1.07 1.064 1.063 1.064 1.064 1.075 1.081 1.081 1.081 1.079 1.078 1.078 1.078 1.079 1.081 1.081 1.081 1.041 1.033 1.025 1.017 0.997 0.989 0.989 0.989 0.99 0.998 1.093 1.098 1.098 1.108 1.109 1.115 1.116 1.119 1.119 1.123 1.125 1.129 1.129 1.127 1.129 1.132 1.137 1.138 1.142 1.144 1.15 1.152 1.153 1.158 1.159 1.164 1.165 1.167 1.17 1.174 1.174 1.174 1.14 1.14 1.14 1.14 1.197 1.205 1.215 1.216 1.215 1.219 1.222 1.228 1.233 1.24 1.243 1.247 1.249 1.253 1.259 1.259 1.266 1.275 1.279 1.284 1.291 1.291 1.291 1.226 1.145 1.135 1.133 1.132 1.131 1.132 1.13 1.13 0.906 0.866 0.843 0.833 0.823 0.813 0.812 0.805 0.8 0.799 0.799 0.795 0.79 0.784 0.784 0.78 0.779 0.771 0.77 0.77 0.77 0.769 0.766 0.762 0.757 0.754 0.757 0.751 0.757 0.751 0.755 0.748 0.753 0.753 0.753 0.753 0.753 0.755 0.756 0.756 0.754 0.755 0.755 0.755 0.758 0.76 0.761 0.767 0.771 0.771 0.772 0.771 0.772 0.774 0.774 0.787 0.79 0.793 0.801 0.801 0.811 0.823 0.839 0.879 1.527 1.55 1.55 1.55 1.541 1.537 1.53 1.527 1.522 1.518 1.517 1.515 1.515 1.51 1.505 1.505 1.502 1.489 1.485 1.483 1.478 1.47 1.47 1.47 1.466 1.457 1.457 1.456 1.45 1.449 1.448 1.438 1.438 1.435 1.435 1.435 1.432 1.425 1.284 1.284 1.284 1.28 1.277 1.276 1.275 1.274 1.272 1.266 1.266 1.266 1.266 1.266 1.261 1.259 1.255 1.255 1.258 1.258 1.258 1.258 1.254 1.249 1.248 1.249 1.253 1.251 1.253 1.257 1.253 1.251 1.251 1.251 1.25 1.25 1.25 1.253 1.253 1.253 1.253 1.253 1.251 1.247 1.247 1.251 1.247 1.247 1.245 1.245 1.245 1.247 1.247 1.249 1.247 1.248 1.248 1.249 1.248 1.251 1.252 1.253 1.255 1.258 1.262 1.274 1.274 1.274 1.233 1.227 1.199 1.19 1.158 1.105 1.078 1.069 1.072 1.069 1.057 1.037 0.897 0.77 0.72 0.705 0.683 0.662 0.644 0.629 0.625 0.6 0.59 0.579 0.562 0.553 0.539 0.534 0.522 0.521 0.516 0.501 0.497 0.492 0.473 0.468 0.467 0.461 0.459 0.45 0.436 0.43 0.425 0.412 0.375 0.374 0.373 0.369 0.369 0.362 0.361 0.358 0.358 0.358 0.348 0.345 0.343 0.339 0.336 0.331 0.315 0.315 0.315 0.315 0.313 0.313 0.313 0.313 0.315 0.315 0.315 0.304 0.304 0.304 0.306 0.306 0.307 0.306 0.307 0.305 0.307 0.311 0.312 0.314 0.316 0.326 0.331 0.331 0.331 0.331 0.328 0.327 0.327 0.325 0.324 0.324 0.325 0.325 0.33 0.332 0.334 0.335 0.335 0.342 0.342 0.343 0.348 0.352 0.358 0.358 0.359 0.362 0.362 0.362 0.364 0.37 
1 1 1 1 1 1 1 1 1 1 1 1 1 1 1 1 1 1 1 1 1 1 1 1 1 1 1 1 1 1 1 1 1 1 1 1 1 1 1 1 1 1 1 1 1 1 1 1 1 1 1 1 1 1 1 1 1 1 1 1 1 1 1 1 1 1 1 1 1 1 1 1 1 1 1 1 1 1 1 1 1 1 1 1 1 1 1 1 1 1 1 1 1 1 1 1 1 1 1 1 1 1 1 1 1 1 1 1 1 1 1 1 1 1 1 1 1 1 1 1 1 1 1 1 1 1 1 1 1 1 1 1 1 1 1 1 1 1 1 1 1 1 1 1 1 1 1 1 1 1 1 1 1 1 1 1 1 1 1 1 1 1 1 1 1 1 1 1 1 1 1 1 1 1 1 1 1 1 1 1 1 1 1 1 1 1 1 1 1 1 1 1 1 1 1 1 1 1 1 1 1 1 1 1 1 1 1 1 1 1 1 1 1 1 1 1 1 1 1 1 1 1 1 1 1 1 1 1 1 1 1 1 1 1 1 1 1 1 1 1 1 1 1 1 1 1 1 1 1 1 1 1 1 1 1 1 1 1 1 1 1 1 1 1 1 1 1 1 1 1 1 1 1 1 1 1 1 1 1 1 1 1 1 1 1 1 1 1 1 1 1 1 1 1 1 1 1 1 1 1 1 1 1 1 1 1 1 1 1 1 1 1 1 1 1 1 1 1 1 1 1 1 1 1 1 1 1 1 1 1 1 1 1 1 1 1 1 1 1 1 1 1 1 1 1 1 1 1 1 1 1 1 1 1 1 1 1 1 1 1 1 1 1 1 1 1 1 1 1 1 1 1 1 1 1 1 1 1 1 1 1 1 1 1 1 1 1 1 1 1 1 1 1 1 1 1 1 1 1 1 1 1 1 1 1 1 1 1 1 1 1 1 1 1 1 1 1 1 1 1 1 1 1 1 1 1 1 1 1 1 1 1 1 1 1 1 1 1 1 1 1 1 1 1 1 1 1 1 1 1 1 1 1 1 1 1 1 1 1 1 1 1 1 1 1 1 1 1 1 1 1 1 1 1 1 1 1 1 1 1 1 1 1 1 1 1 1 1 1 1 1 1 1 1 1 1 1 1 1 1 1 1 1 1 1 1 1 1 1 1 1 1 1 1 1 1 1 1 1 1 1 1 1 1 1 1 1 1 1 1 1 1 1 1 1 1 1 1 1 1 1 1 1 1 1 1 1 1 1 1 1 1 1 1 1 1 1 1 1 1 1 1 1 1 1 1 1 1 1 1 1 1 1 1 1 1 1 1 1 1 1 1 1 1 1 1 1 1 1 1 1 1 1 1 1 1 1 1 1 1 1 1 1 1 1 1 1 1 1 1 1 1 1 1 1 1 1 1 1 1 1 1 1 1 1 1 1 1 1 1 1 1 1 1 1 1 1 1 1 1 1 1 1 1 1 1 1 1 1 1 1 1 1 1 1 1 1 1 1 1 1 1 1 1 1 1 1 1 1 1 1 1 1 1 1 1 1 1 1 1 1 1 
