# This file contains a 2D laser scan observation. 
# Its format is: 
# [aperture] [max_range] [number_of_scans] 
# [vector_of_scans] 
# [vector_of_valid_scans] 
# The aperture of the sensor is in radians, the maximum range 
# and measurements are in meters. '1' means a valid scan, '0' otherwise.
4.1847
5.6
682
0.308 0.306 0.305 0.304 0.302 0.302 0.302 0.302 0.302 0.302 0.3 0.3 0.3 0.299 0.298 0.298 0.298 0.296 0.296 0.298 0.296 0.296 0.296 0.296 0.294 0.293 0.294 0.293 0.294 0.295 0.301 0.302 0.307 0.307 0.311 0.317 0.33 0.34 0.349 0.349 0.349 0.349 0.348 0.346 0.346 0.343 0.327 0.311 0.304 0.304 0.301 0.294 0.294 0.295 0.295 0.298 0.298 0.298 0.299 0.298 0.297 0.288 0.286 0.279 0.279 0.277 0.275 0.275 0.275 0.275 0.275 0.276 0.276 0.278 0.278 0.282 0.282 0.282 0.282 0.282 0.288 0.288 0.288 0.287 0.287 0.287 0.287 0.287 0.287 0.287 0.287 0.287 0.295 0.295 0.295 0.295 0.297 0.293 0.297 0.297 0.298 0.3 0.303 0.303 0.303 0.303 0.302 0.302 0.302 0.302 0.304 0.309 0.309 0.31 0.311 0.311 0.308 0.308 0.308 0.308 0.308 0.309 0.311 0.311 0.312 0.315 0.315 0.315 0.322 0.326 0.326 0.326 0.33 0.331 0.331 0.332 0.335 0.337 0.337 0.339 0.338 0.341 0.342 0.343 0.343 0.345 0.343 0.345 0.347 0.347 0.357 0.357 0.357 0.359 0.36 0.36 0.36 0.368 0.368 0.368 0.368 0.373 0.374 0.377 0.383 0.389 0.392 0.396 0.394 0.394 0.394 0.396 0.4 0.4 0.403 0.407 0.411 0.413 0.417 0.423 0.423 0.426 0.428 0.428 0.433 0.442 0.442 0.445 0.45 0.45 0.457 0.46 0.463 0.464 0.473 0.479 0.479 0.486 0.49 0.492 0.497 0.505 0.511 0.515 0.521 0.522 0.543 0.543 0.548 0.558 0.56 0.56 0.574 0.581 0.588 0.595 0.604 0.61 0.63 0.984 1.018 1.032 1.039 1.048 1.064 1.083 1.089 1.096 1.118 1.139 1.139 1.163 1.175 1.186 1.206 1.219 1.235 1.246 1.246 1.246 1.246 1.24 1.236 1.232 1.232 1.228 1.226 1.22 1.218 1.215 1.215 1.213 1.208 1.208 1.203 1.203 1.203 1.195 1.192 1.188 1.181 1.181 1.179 1.177 1.176 1.175 1.171 1.17 1.168 1.17 1.17 1.168 1.163 1.163 1.162 1.163 1.162 1.162 1.159 1.159 1.155 1.151 1.15 1.149 1.009 0.88 0.864 0.856 0.852 0.847 0.845 0.844 0.843 0.841 0.841 0.84 0.841 0.842 0.842 0.841 0.842 0.842 0.842 0.844 0.847 0.849 0.85 0.852 0.853 0.861 0.871 0.884 0.904 1.005 1.142 1.142 1.146 1.146 1.145 1.141 1.143 1.141 1.141 1.143 1.143 1.142 1.143 1.143 1.143 1.145 1.145 1.145 1.145 1.148 1.146 1.148 1.149 1.149 1.157 1.158 1.16 1.162 1.164 1.166 1.167 1.167 1.167 1.172 1.164 1.164 1.173 1.175 1.176 1.177 1.177 1.182 1.188 1.19 1.191 1.192 1.199 1.206 1.208 1.208 1.208 1.205 1.205 1.205 1.208 1.212 1.214 1.214 1.221 1.226 1.235 1.239 1.239 1.241 1.241 1.251 1.251 1.253 1.255 1.261 1.263 1.263 1.263 1.242 1.242 1.242 1.247 1.292 1.293 1.304 1.305 1.31 1.318 1.321 1.321 1.329 1.34 1.345 1.348 1.357 1.358 1.364 1.366 1.377 1.385 1.385 1.385 1.332 1.242 1.234 1.231 1.231 1.226 1.223 1.221 1.217 0.998 0.96 0.938 0.914 0.909 0.896 0.895 0.893 0.885 0.88 0.876 0.872 0.869 0.865 0.864 0.864 0.853 0.85 0.85 0.85 0.85 0.849 0.849 0.849 0.847 0.845 0.845 0.837 0.837 0.837 0.834 0.838 0.838 0.834 0.834 0.835 0.835 0.835 0.836 0.836 0.842 0.842 0.842 0.848 0.849 0.85 0.857 0.857 0.86 0.867 0.867 0.868 0.871 0.881 0.886 0.887 0.912 0.935 0.982 1.645 1.647 1.647 1.645 1.636 1.629 1.625 1.618 1.615 1.61 1.602 1.6 1.598 1.595 1.592 1.589 1.588 1.582 1.578 1.574 1.569 1.562 1.557 1.555 1.555 1.546 1.541 1.541 1.528 1.527 1.525 1.521 1.517 1.515 1.51 1.508 1.439 1.36 1.36 1.353 1.355 1.349 1.347 1.346 1.346 1.346 1.346 1.338 1.332 1.331 1.325 1.331 1.326 1.326 1.323 1.323 1.323 1.318 1.318 1.318 1.318 1.315 1.315 1.31 1.309 1.309 1.306 1.306 1.309 1.307 1.307 1.307 1.307 1.305 1.305 1.305 1.308 1.309 1.309 1.309 1.311 1.311 1.303 1.303 1.303 1.303 1.308 1.31 1.31 1.31 1.308 1.307 1.304 1.304 1.304 1.304 1.304 1.321 1.368 1.368 1.368 1.292 1.29 1.279 1.276 1.249 1.227 1.097 1.097 1.086 1.058 1.004 0.893 0.739 0.618 0.596 0.562 0.557 0.521 0.432 0.401 0.4 0.396 0.393 0.389 0.387 0.382 0.369 0.352 0.347 0.343 0.34 0.34 0.337 0.332 0.332 0.331 0.331 0.331 0.335 0.337 0.337 0.338 0.338 0.335 0.335 0.337 0.334 0.334 0.337 0.337 0.347 0.347 0.347 0.342 0.337 0.337 0.332 0.333 0.333 0.332 0.332 0.333 0.34 0.34 0.34 0.342 0.343 0.344 0.345 0.347 0.347 0.35 0.351 0.359 0.359 0.364 0.364 0.364 0.366 0.366 0.366 0.371 0.371 0.375 0.38 0.381 0.441 0.651 0.661 0.665 0.665 0.668 0.664 0.666 0.666 0.667 0.667 0.673 0.674 0.674 0.684 0.685 
1 1 1 1 1 1 1 1 1 1 1 1 1 1 1 1 1 1 1 1 1 1 1 1 1 1 1 1 1 1 1 1 1 1 1 1 1 1 1 1 1 1 1 1 1 1 1 1 1 1 1 1 1 1 1 1 1 1 1 1 1 1 1 1 1 1 1 1 1 1 1 1 1 1 1 1 1 1 1 1 1 1 1 1 1 1 1 1 1 1 1 1 1 1 1 1 1 1 1 1 1 1 1 1 1 1 1 1 1 1 1 1 1 1 1 1 1 1 1 1 1 1 1 1 1 1 1 1 1 1 1 1 1 1 1 1 1 1 1 1 1 1 1 1 1 1 1 1 1 1 1 1 1 1 1 1 1 1 1 1 1 1 1 1 1 1 1 1 1 1 1 1 1 1 1 1 1 1 1 1 1 1 1 1 1 1 1 1 1 1 1 1 1 1 1 1 1 1 1 1 1 1 1 1 1 1 1 1 1 1 1 1 1 1 1 1 1 1 1 1 1 1 1 1 1 1 1 1 1 1 1 1 1 1 1 1 1 1 1 1 1 1 1 1 1 1 1 1 1 1 1 1 1 1 1 1 1 1 1 1 1 1 1 1 1 1 1 1 1 1 1 1 1 1 1 1 1 1 1 1 1 1 1 1 1 1 1 1 1 1 1 1 1 1 1 1 1 1 1 1 1 1 1 1 1 1 1 1 1 1 1 1 1 1 1 1 1 1 1 1 1 1 1 1 1 1 1 1 1 1 1 1 1 1 1 1 1 1 1 1 1 1 1 1 1 1 1 1 1 1 1 1 1 1 1 1 1 1 1 1 1 1 1 1 1 1 1 1 1 1 1 1 1 1 1 1 1 1 1 1 1 1 1 1 1 1 1 1 1 1 1 1 1 1 1 1 1 1 1 1 1 1 1 1 1 1 1 1 1 1 1 1 1 1 1 1 1 1 1 1 1 1 1 1 1 1 1 1 1 1 1 1 1 1 1 1 1 1 1 1 1 1 1 1 1 1 1 1 1 1 1 1 1 1 1 1 1 1 1 1 1 1 1 1 1 1 1 1 1 1 1 1 1 1 1 1 1 1 1 1 1 1 1 1 1 1 1 1 1 1 1 1 1 1 1 1 1 1 1 1 1 1 1 1 1 1 1 1 1 1 1 1 1 1 1 1 1 1 1 1 1 1 1 1 1 1 1 1 1 1 1 1 1 1 1 1 1 1 1 1 1 1 1 1 1 1 1 1 1 1 1 1 1 1 1 1 1 1 1 1 1 1 1 1 1 1 1 1 1 1 1 1 1 1 1 1 1 1 1 1 1 1 1 1 1 1 1 1 1 1 1 1 1 1 1 1 1 1 1 1 1 1 1 1 1 1 1 1 1 1 1 1 1 1 1 1 1 1 1 1 1 1 1 1 1 1 1 1 1 1 1 1 1 1 1 1 1 1 1 1 1 1 1 1 1 1 1 1 1 1 1 1 1 1 1 1 1 1 1 1 1 1 1 1 1 1 1 1 1 1 1 1 1 1 1 1 1 1 1 1 1 1 
