# This file contains a 2D laser scan observation. 
# Its format is: 
# [aperture] [max_range] [number_of_scans] 
# [vector_of_scans] 
# [vector_of_valid_scans] 
# The aperture of the sensor is in radians, the maximum range 
# and measurements are in meters. '1' means a valid scan, '0' otherwise.
4.1847
5.6
682
0.863 0.863 0.862 0.858 0.858 0.854 0.854 0.854 0.862 0.862 0.863 0.863 0.863 0.858 0.858 0.726 0.726 0.726 0.726 0.726 0.716 0.716 0.716 0.74 0.74 0.74 0.727 0.719 0.709 0.697 0.689 0.685 0.684 0.673 0.659 0.657 0.652 0.637 0.636 0.62 0.61 0.603 0.603 0.603 0.597 0.596 0.596 0.585 0.577 0.577 0.576 0.567 0.565 0.563 0.554 0.552 0.546 0.544 0.542 0.539 0.535 0.535 0.527 0.524 0.524 0.515 0.511 0.511 0.502 0.501 0.5 0.496 0.488 0.484 0.484 0.482 0.482 0.473 0.47 0.469 0.469 0.47 0.471 0.479 0.482 0.482 0.484 0.484 0.482 0.484 0.484 0.484 0.48 0.484 0.484 0.486 0.489 0.49 0.49 0.506 0.508 0.512 0.513 0.532 0.542 0.546 0.552 0.559 0.559 0.559 0.559 0.559 0.565 0.566 0.566 0.577 0.578 0.583 0.586 0.601 0.602 0.609 0.61 0.612 0.626 0.629 0.638 0.639 0.647 0.655 0.669 0.682 0.683 0.7 0.706 0.719 0.723 0.738 0.74 0.768 0.8 0.802 0.802 0.807 0.808 0.815 0.833 0.857 0.868 0.879 0.885 0.925 0.952 0.957 0.984 1.011 1.038 1.063 1.095 1.123 1.142 1.165 1.199 1.21 1.224 1.24 1.273 1.273 1.284 1.284 1.277 1.274 1.274 1.269 1.268 1.265 1.262 1.256 1.254 1.252 1.252 1.248 1.246 1.245 1.244 1.244 1.244 1.245 1.248 1.248 1.242 1.251 1.244 1.244 1.248 1.249 1.249 1.253 1.256 1.256 1.256 1.256 1.26 1.261 1.292 1.292 1.292 1.267 1.264 1.261 1.261 1.257 1.257 1.257 1.254 1.254 1.249 1.249 1.249 1.245 1.245 1.244 1.243 1.245 1.246 1.242 1.245 1.246 1.245 1.245 1.246 1.249 1.25 1.25 1.257 1.262 1.262 1.263 1.264 1.267 1.271 1.277 1.279 1.297 1.317 1.372 1.375 1.375 1.375 1.375 1.377 1.383 1.391 1.393 1.397 1.409 1.404 1.404 1.407 1.407 1.407 1.413 1.418 1.42 1.421 1.423 1.424 1.425 1.428 1.439 1.442 1.45 1.452 1.454 1.454 1.46 1.469 1.472 1.476 1.483 1.484 1.484 1.493 1.499 1.506 1.515 1.518 1.521 1.524 1.536 1.536 1.537 1.545 1.551 1.558 1.561 1.569 1.583 1.591 1.595 1.6 1.605 1.61 1.61 1.612 1.629 1.632 1.637 1.648 1.649 1.656 1.669 1.682 1.691 1.696 1.698 1.699 1.711 1.718 1.728 1.738 1.747 1.749 1.766 1.778 1.785 1.797 1.798 1.806 1.82 1.829 1.851 1.877 1.885 1.885 1.892 1.908 1.918 1.929 1.947 1.958 1.979 1.994 1.997 2.005 2.024 2.038 0 0 0 0 0 0 0 0 0 0 0 0 0 0 0 0 0 0 0 0 0 0 0 0 0 0 2.576 2.576 2.576 2.617 2.629 2.678 2.701 2.73 2.759 2.792 2.82 2.849 2.863 2.908 2.917 2.985 2.989 3.027 3.085 3.085 3.085 0.852 0.852 0.852 0.852 0.853 0.859 0.859 3.593 3.617 3.632 3.676 3.717 0 0 0 4.156 4.156 4.156 0 0 0 0.455 0.455 0.455 0.458 0.459 0.461 0.462 0.463 0.463 0.463 0.463 0.462 0.459 0.459 0.459 0.459 0.46 0.461 0.464 0.465 0.479 0.578 0.596 0.596 0.596 0.59 0.576 0.356 0.222 0.221 0.218 0.218 0.218 0.218 0.218 0.221 0.22 0.222 0.224 0.222 0.222 0.229 0.222 0.22 0.214 0.214 0.214 0.224 0.224 0.224 0.224 0.224 0.224 0.232 0.746 0.757 2.56 2.56 2.564 2.566 2.566 2.567 2.568 2.568 2.571 2.571 2.574 2.577 2.578 2.583 2.585 2.588 2.589 2.589 2.589 2.589 2.583 1.753 1.753 1.753 2.528 2.604 2.604 2.604 1.38 1.37 1.37 1.37 1.37 1.37 1.138 1.138 1.138 1.138 1.493 1.495 1.499 1.499 2.052 0.007 2.052 0.783 0.783 0.783 0.783 0.783 0.783 0.739 0.702 0.702 0.702 0.704 0.706 0.707 0.707 0.711 2.13 2.13 2.13 1.623 1.623 1.623 1.625 1.632 1.97 1.979 1.979 1.979 1.977 1.968 1.968 1.962 1.951 1.921 1.921 1.855 1.816 1.251 1.25 1.25 1.251 1.789 1.793 1.795 1.795 1.795 1.795 1.795 1.807 1.91 2.001 2.001 2.001 2.001 1.982 1.968 1.909 1.892 1.879 1.879 1.879 1.859 1.845 1.756 0.943 0.919 0.676 0.645 0.64 0.637 0.64 0.64 0.636 0.638 0.639 0.639 0.639 0.639 0.639 0.636 0.547 0.467 0.456 0.456 0.465 0.465 0.465 0.465 0.458 0.456 0.455 0.456 0.456 0.465 1.489 1.489 1.489 1.477 1.466 1.461 1.459 1.444 1.439 1.429 1.422 1.416 1.414 1.402 1.401 1.4 1.391 1.38 1.37 1.364 1.363 1.357 1.352 1.351 1.346 1.336 1.331 1.322 1.321 1.32 1.308 1.301 1.299 1.297 1.293 1.286 1.283 1.278 1.275 1.274 1.271 1.271 1.263 1.261 1.261 1.26 1.253 1.245 1.243 1.243 1.233 1.231 1.231 1.222 1.222 1.221 1.218 1.211 1.208 1.206 1.201 1.198 0.843 0.835 0.83 0.829 0.829 0.835 0.844 1.174 1.18 1.18 1.18 
1 1 1 1 1 1 1 1 1 1 1 1 1 1 1 1 1 1 1 1 1 1 1 1 1 1 1 1 1 1 1 1 1 1 1 1 1 1 1 1 1 1 1 1 1 1 1 1 1 1 1 1 1 1 1 1 1 1 1 1 1 1 1 1 1 1 1 1 1 1 1 1 1 1 1 1 1 1 1 1 1 1 1 1 1 1 1 1 1 1 1 1 1 1 1 1 1 1 1 1 1 1 1 1 1 1 1 1 1 1 1 1 1 1 1 1 1 1 1 1 1 1 1 1 1 1 1 1 1 1 1 1 1 1 1 1 1 1 1 1 1 1 1 1 1 1 1 1 1 1 1 1 1 1 1 1 1 1 1 1 1 1 1 1 1 1 1 1 1 1 1 1 1 1 1 1 1 1 1 1 1 1 1 1 1 1 1 1 1 1 1 1 1 1 1 1 1 1 1 1 1 1 1 1 1 1 1 1 1 1 1 1 1 1 1 1 1 1 1 1 1 1 1 1 1 1 1 1 1 1 1 1 1 1 1 1 1 1 1 1 1 1 1 1 1 1 1 1 1 1 1 1 1 1 1 1 1 1 1 1 1 1 1 1 1 1 1 1 1 1 1 1 1 1 1 1 1 1 1 1 1 1 1 1 1 1 1 1 1 1 1 1 1 1 1 1 1 1 1 1 1 1 1 1 1 1 1 1 1 1 1 1 1 1 1 1 1 1 1 1 1 1 1 1 1 1 1 1 1 1 1 1 1 1 1 1 1 1 1 1 1 1 1 1 1 1 1 0 0 0 0 0 0 0 0 0 0 0 0 0 0 0 0 0 0 0 0 0 0 0 0 0 0 1 1 1 1 1 1 1 1 1 1 1 1 1 1 1 1 1 1 1 1 1 1 1 1 1 1 1 1 1 1 1 1 1 0 0 0 1 1 1 0 0 0 1 1 1 1 1 1 1 1 1 1 1 1 1 1 1 1 1 1 1 1 1 1 1 1 1 1 1 1 1 1 1 1 1 1 1 1 1 1 1 1 1 1 1 1 1 1 1 1 1 1 1 1 1 1 1 1 1 1 1 1 1 1 1 1 1 1 1 1 1 1 1 1 1 1 1 1 1 1 1 1 1 1 1 1 1 1 1 1 1 1 1 1 1 1 1 1 1 1 1 0 1 1 1 1 1 1 1 1 1 1 1 1 1 1 1 1 1 1 1 1 1 1 1 1 1 1 1 1 1 1 1 1 1 1 1 1 1 1 1 1 1 1 1 1 1 1 1 1 1 1 1 1 1 1 1 1 1 1 1 1 1 1 1 1 1 1 1 1 1 1 1 1 1 1 1 1 1 1 1 1 1 1 1 1 1 1 1 1 1 1 1 1 1 1 1 1 1 1 1 1 1 1 1 1 1 1 1 1 1 1 1 1 1 1 1 1 1 1 1 1 1 1 1 1 1 1 1 1 1 1 1 1 1 1 1 1 1 1 1 1 1 1 1 1 1 1 1 1 1 1 1 1 1 1 1 1 1 1 1 1 1 1 1 1 1 1 1 
