# This file contains a 2D laser scan observation. 
# Its format is: 
# [aperture] [max_range] [number_of_scans] 
# [vector_of_scans] 
# [vector_of_valid_scans] 
# The aperture of the sensor is in radians, the maximum range 
# and measurements are in meters. '1' means a valid scan, '0' otherwise.
4.1847
5.6
682
1.275 1.285 1.3 1.308 1.329 1.341 1.344 1.36 1.379 1.39 1.404 1.425 1.427 1.454 1.462 1.478 1.527 1.541 0 1.541 1.527 1.342 1.334 1.334 1.334 1.338 1.338 0.015 1.338 1.337 1.271 1.271 1.271 1.276 1.354 0.007 1.354 1.282 1.274 1.274 1.282 1.335 0.007 0 1.547 1.55 1.547 1.545 1.545 1.543 1.535 1.534 1.529 1.528 1.528 1.526 1.524 1.524 1.516 1.507 1.502 1.502 1.502 1.499 1.502 1.502 1.499 1.497 1.49 1.486 1.485 1.483 1.481 1.48 1.479 1.479 1.479 1.477 1.474 1.471 1.471 1.464 1.463 1.464 1.463 1.463 1.456 1.456 1.456 1.458 1.456 1.458 1.458 1.455 1.454 1.454 1.454 1.455 1.459 1.46 1.46 1.46 1.461 1.462 1.461 1.461 1.461 1.46 1.456 1.456 1.46 1.456 1.456 1.456 1.456 1.454 1.456 1.457 1.457 1.457 1.457 1.459 1.459 1.461 1.465 1.465 1.467 1.468 1.469 1.469 1.469 1.478 1.475 1.478 1.478 1.48 1.485 1.485 1.487 1.487 1.49 1.495 1.498 1.499 1.503 1.504 1.514 1.516 1.516 1.516 1.52 0 0 0 1.543 1.537 1.537 1.543 1.543 1.55 1.553 1.561 1.561 1.563 1.566 1.576 1.578 1.581 1.581 1.584 1.601 1.602 1.604 1.608 1.609 1.61 1.617 1.621 1.622 1.625 1.639 1.644 1.645 1.646 1.658 1.662 1.668 1.674 1.687 1.699 1.7 1.703 1.707 1.711 1.716 1.725 1.738 1.742 1.75 1.757 1.759 1.77 1.778 1.792 1.794 1.808 1.815 1.826 1.826 1.826 1.819 1.496 1.496 1.496 1.741 1.741 1.741 1.709 1.708 1.708 1.709 1.704 1.7 1.432 1.418 1.415 1.415 1.415 1.418 1.421 1.424 1.434 1.455 2.1 2.117 2.132 2.148 2.148 2.148 1.592 1.588 1.315 1.315 1.308 1.302 1.282 1.276 1.276 1.274 1.274 1.281 2.437 2.452 2.474 2.474 2.51 2.561 2.598 0 2.598 2.561 1.498 1.498 1.485 1.465 1.24 1.235 1.23 1.23 1.221 1.217 1.209 1.197 1.191 1.174 1.171 1.162 1.158 1.14 1.133 1.128 1.126 1.118 1.118 1.105 1.105 0.007 0 0 0 0 1.005 1.005 0.998 0.997 0.998 0.998 0.998 1.288 0 0.007 3.194 3.174 3.174 3.173 3.167 3.167 3.163 3.151 1.36 1.355 1.35 1.35 1.35 1.35 1.35 1.16 1.152 1.139 1.134 1.129 1.129 1.138 1.138 1.138 1.143 1.143 1.16 1.16 1.16 1.16 1.16 1.16 1.156 1.152 1.15 1.148 1.146 1.143 1.135 1.13 1.135 1.135 1.138 1.138 1.138 1.131 1.131 1.131 1.135 1.137 1.137 1.158 1.172 2.789 0.015 0.007 0.015 0.015 0.015 0.006 0.006 3.58 3.58 4.723 4.723 3.58 4.723 4.093 4.039 4.039 4.039 4.029 4.029 3.923 3.575 3.923 4.106 4.106 4.12 4.132 4.141 4.142 4.15 0.015 4.15 0.015 0.007 0 0.007 0 0 0.007 0 0 0 2.155 2.155 2.155 3.381 0.007 0 0.007 3.198 3.095 3.011 2.952 2.891 2.829 2.795 2.699 2.083 2.052 2.038 1.979 1.92 1.882 1.849 1.82 1.812 1.788 1.737 1.705 1.675 1.649 1.615 1.592 1.572 1.544 1.534 1.505 1.483 1.483 1.458 1.441 1.434 1.434 1.434 1.434 1.434 1.408 1.378 1.363 1.347 1.341 1.338 1.338 1.338 1.336 1.338 1.348 1.348 1.353 1.353 1.353 1.36 1.369 1.393 1.404 1.409 1.421 1.429 1.44 1.44 1.44 1.421 1.421 1.401 1.39 1.378 1.368 1.351 1.346 1.338 1.319 1.309 1.307 1.297 1.28 1.28 1.262 1.258 1.258 1.241 1.238 1.231 1.221 1.214 1.208 1.203 1.196 1.191 1.188 1.188 1.161 1.146 1.125 1.125 1.125 1.121 1.113 1.11 1.097 1.097 1.089 1.088 1.087 1.085 1.085 1.085 1.094 1.1 1.116 1.144 1.165 1.177 1.177 1.177 1.171 1.171 1.171 1.173 1.2 1.223 1.223 1.247 1.265 1.288 1.316 1.356 1.373 1.411 1.432 1.479 1.512 1.559 1.609 1.676 1.724 1.952 2.025 2.073 2.078 2.078 2.087 0 0 0 0 0 0.007 0 0 0.007 0 0 0 0 0 2.746 2.746 2.746 0 0 0 3.131 3.131 3.131 3.3 3.434 0 0 0 0 0 0 0 0 0 0 0 0 0 0 0 0 0 0 0 0 0 0 0 0 0 0 0 0 0 0 0 0 0 0 0.007 0.946 0.928 0.942 0.942 0.946 0.952 0.974 0.977 0.982 0.982 0.977 0.97 0.949 0.942 0.94 0.937 0.937 0.935 0.935 0.935 0.935 0.935 0.937 0.939 0.937 0.939 0.939 0.935 0.935 0.939 0.938 0.94 0.942 0.94 0.943 0.943 0.943 0.942 0.945 0.944 0.945 0.944 0.946 0.946 0.95 0.951 0.955 0.955 0.958 0.958 0.96 0.961 0.962 0.967 0.967 0.969 0.969 0.97 0.97 0.975 0.983 0.983 0.984 0.984 0.987 0.992 0.992 0.993 0.993 0.995 0.995 0.996 1.005 1.011 1.017 1.018 1.019 
1 1 1 1 1 1 1 1 1 1 1 1 1 1 1 1 1 1 0 1 1 1 1 1 1 1 1 0 1 1 1 1 1 1 1 0 1 1 1 1 1 1 0 0 1 1 1 1 1 1 1 1 1 1 1 1 1 1 1 1 1 1 1 1 1 1 1 1 1 1 1 1 1 1 1 1 1 1 1 1 1 1 1 1 1 1 1 1 1 1 1 1 1 1 1 1 1 1 1 1 1 1 1 1 1 1 1 1 1 1 1 1 1 1 1 1 1 1 1 1 1 1 1 1 1 1 1 1 1 1 1 1 1 1 1 1 1 1 1 1 1 1 1 1 1 1 1 1 1 1 1 0 0 0 1 1 1 1 1 1 1 1 1 1 1 1 1 1 1 1 1 1 1 1 1 1 1 1 1 1 1 1 1 1 1 1 1 1 1 1 1 1 1 1 1 1 1 1 1 1 1 1 1 1 1 1 1 1 1 1 1 1 1 1 1 1 1 1 1 1 1 1 1 1 1 1 1 1 1 1 1 1 1 1 1 1 1 1 1 1 1 1 1 1 1 1 1 1 1 1 1 1 1 1 1 1 1 1 0 1 1 1 1 1 1 1 1 1 1 1 1 1 1 1 1 1 1 1 1 1 1 1 1 1 1 1 0 0 0 0 0 1 1 1 1 1 1 1 1 0 0 1 1 1 1 1 1 1 1 1 1 1 1 1 1 1 1 1 1 1 1 1 1 1 1 1 1 1 1 1 1 1 1 1 1 1 1 1 1 1 1 1 1 1 1 1 1 1 1 1 1 1 1 1 1 0 0 0 0 0 0 0 1 1 1 1 1 1 1 1 1 1 1 1 1 1 1 1 1 1 1 1 1 1 0 1 0 0 0 0 0 0 0 0 0 0 1 1 1 1 0 0 0 1 1 1 1 1 1 1 1 1 1 1 1 1 1 1 1 1 1 1 1 1 1 1 1 1 1 1 1 1 1 1 1 1 1 1 1 1 1 1 1 1 1 1 1 1 1 1 1 1 1 1 1 1 1 1 1 1 1 1 1 1 1 1 1 1 1 1 1 1 1 1 1 1 1 1 1 1 1 1 1 1 1 1 1 1 1 1 1 1 1 1 1 1 1 1 1 1 1 1 1 1 1 1 1 1 1 1 1 1 1 1 1 1 1 1 1 1 1 1 1 1 1 1 1 1 1 1 1 1 1 1 1 1 1 1 1 1 1 1 1 1 1 0 0 0 0 0 0 0 0 0 0 0 0 0 0 1 1 1 0 0 0 1 1 1 1 1 0 0 0 0 0 0 0 0 0 0 0 0 0 0 0 0 0 0 0 0 0 0 0 0 0 0 0 0 0 0 0 0 0 0 0 1 1 1 1 1 1 1 1 1 1 1 1 1 1 1 1 1 1 1 1 1 1 1 1 1 1 1 1 1 1 1 1 1 1 1 1 1 1 1 1 1 1 1 1 1 1 1 1 1 1 1 1 1 1 1 1 1 1 1 1 1 1 1 1 1 1 1 1 1 1 1 1 1 1 1 1 1 
