# This file contains a 2D laser scan observation. 
# Its format is: 
# [aperture] [max_range] [number_of_scans] 
# [vector_of_scans] 
# [vector_of_valid_scans] 
# The aperture of the sensor is in radians, the maximum range 
# and measurements are in meters. '1' means a valid scan, '0' otherwise.
4.1847
5.6
682
1.774 1.776 1.778 1.779 1.779 1.782 1.785 1.788 1.793 1.793 1.794 1.795 1.798 1.803 1.804 1.805 1.806 1.806 1.814 1.82 1.822 1.827 1.829 1.831 1.837 1.839 1.842 1.844 1.848 1.851 1.854 1.865 1.868 1.87 1.876 1.879 1.884 1.884 1.884 1.898 1.907 1.913 1.916 1.916 1.913 1.913 1.928 1.928 1.956 1.962 1.957 1.957 1.956 1.926 1.551 1.522 1.512 1.512 1.509 1.512 1.512 1.525 1.525 1.612 2.065 2.065 2.065 1.366 1.361 1.349 1.335 1.329 1.329 1.329 1.339 1.608 1.633 1.634 1.636 1.644 1.65 1.669 1.743 2.238 2.267 0 0 0 1.214 1.213 1.207 1.182 1.18 1.162 1.156 1.135 1.129 1.106 1.106 1.106 1.085 0.969 0.968 0.962 0.96 0.96 0.962 0.978 0 0 0 0 0 0 0 0 0 0 0 0 0 0 0 0 0 0.007 2.998 2.998 3.028 3.028 3.05 3.05 3.05 1.052 1.052 1.021 1.02 1.019 1.019 1.02 1.017 1.016 1.017 1.024 1.025 1.03 1.038 1.038 1.03 1.02 1.017 1.016 1.015 1.01 1.004 1.001 0.998 0.976 0.976 0.978 0.978 0.976 0.969 0.965 0.955 0.955 0.955 0.955 0.957 0.957 0.957 0.953 0.957 0.961 0.968 0.973 0.997 0 0 0 0 2.464 2.457 2.417 2.417 2.417 0 0 0 0 0 0 0 0.007 3.383 3.316 3.316 3.316 0 0 0 0 0 0 0 0 0 0 0 2.588 2.586 2.588 2.271 2.271 2.986 3.3 3.3 3.3 2.396 2.396 2.396 2.399 4.474 4.484 4.485 4.485 4.485 4.486 0.007 0.008 3.862 2.993 2.993 2.645 2.993 3.385 3.855 3.861 3.871 3.871 3.873 3.877 3.88 3.877 3.877 3.891 2.179 2.173 2.173 0 0 0 0 0 0 0 0 0 0 0 0 0 0 0 0 0 0 1.547 1.534 1.528 1.527 1.466 1.403 1.358 1.336 1.324 1.288 1.23 1.192 1.155 1.145 1.115 1.095 1.095 1.095 1.107 1.112 1.122 1.122 1.122 1.047 1.021 1.008 0.996 0.987 0.986 0.986 0.987 0.987 0.987 0.99 0.99 0.99 0.993 0.995 0.999 1.011 1.011 0.999 0.999 1.015 1.015 1.04 1.046 1.046 1.054 1.057 1.066 1.068 1.075 1.075 1.075 1.075 1.051 1.044 1.043 1.038 1.015 1.012 1.001 0.987 0.977 0.974 0.972 0.967 0.964 0.952 0.945 0.923 0.921 0.916 0.913 0.911 0.898 0.889 0.886 0.876 0.873 0.871 0.866 0.864 0.852 0.845 0.841 0.833 0.831 0.828 0.823 0.823 0.818 0.815 0.811 0.805 0.771 0.771 0.768 0.767 0.768 0.767 0.767 0.753 0.749 0.74 0.736 0.736 0.735 0.736 0.733 0.733 0.733 0.733 0.73 0.73 0.733 0.733 0.738 0.738 0.74 0.741 0.764 0.774 0.785 0.788 0.804 0.811 0.811 0.811 0.807 0.807 0.807 0.811 0.811 0.812 0.83 0.847 0.873 0.896 0.907 0.934 0.954 0.992 1.014 1.039 1.063 1.076 1.089 1.124 1.183 0 0 0 1.712 1.712 1.707 1.712 1.717 1.739 0 0 0 0 0 2.047 2.047 2.06 0 0 0 0 0 0.007 0 0.007 0 0 0 2.761 2.761 2.761 3.023 3.1 0 0 3.406 0 0.007 0 0 0 0 0 0 0 0 0 0 0 0 0 0 0 0 0 0 0 0 0 0 0 0 0 0 0 0 0 0 0 0 0 0 0 0 0 0 0 0 0 0 0 0 0 0 0 0 0 0 0 0 0 0 0 0 0 0 0 0 0 0 0 0 0 0 0 0 0 0 0 0 0 0 0 2.308 0.709 0.684 0.673 0.673 0.673 0.676 0.682 0.682 0.684 0.688 0.692 0.692 0.696 0.697 0.699 0.699 0.699 0.699 0.699 0.701 0.708 0.71 0.71 0.715 0.717 0.723 0.724 0.724 0.723 0.723 0.728 0.728 0.73 0.737 0.738 0.739 0.742 0.745 0.747 0.747 0.753 0.756 0.76 0.762 0.762 0.767 0.768 0.768 0.771 0.771 0.777 0.781 0.783 0.783 0.786 0.789 0.799 0.801 0.803 0.807 0.811 0.815 0.818 0.821 0.823 0.83 0.831 0.838 0.839 0.842 0.848 0.855 0.858 0.865 0.865 0.871 0.874 0.879 0.885 0.886 0.892 0.898 0.903 0.91 0.912 0.917 0.926 0.939 0.95 0.951 0.955 0.958 0.969 0.969 0.981 0.984 0.994 1.022 1.023 1.029 1.029 1.023 1.016 1.013 1.012 1.011 1.006 1 1 1.006 1.006 1.01 1.013 1.015 1.031 1.04 1.042 1.042 1.059 1.068 1.086 1.115 1.13 1.132 1.136 1.14 1.14 1.14 1.14 1.135 1.122 1.122 1.119 1.116 1.11 1.106 1.103 1.102 1.09 1.086 1.07 1.066 1.066 1.069 1.069 1.061 1.061 1.056 1.056 1.056 
1 1 1 1 1 1 1 1 1 1 1 1 1 1 1 1 1 1 1 1 1 1 1 1 1 1 1 1 1 1 1 1 1 1 1 1 1 1 1 1 1 1 1 1 1 1 1 1 1 1 1 1 1 1 1 1 1 1 1 1 1 1 1 1 1 1 1 1 1 1 1 1 1 1 1 1 1 1 1 1 1 1 1 1 1 0 0 0 1 1 1 1 1 1 1 1 1 1 1 1 1 1 1 1 1 1 1 1 0 0 0 0 0 0 0 0 0 0 0 0 0 0 0 0 0 0 1 1 1 1 1 1 1 1 1 1 1 1 1 1 1 1 1 1 1 1 1 1 1 1 1 1 1 1 1 1 1 1 1 1 1 1 1 1 1 1 1 1 1 1 1 1 1 1 1 1 1 0 0 0 0 1 1 1 1 1 0 0 0 0 0 0 0 0 1 1 1 1 0 0 0 0 0 0 0 0 0 0 0 1 1 1 1 1 1 1 1 1 1 1 1 1 1 1 1 1 1 1 0 0 1 1 1 1 1 1 1 1 1 1 1 1 1 1 1 1 1 1 1 0 0 0 0 0 0 0 0 0 0 0 0 0 0 0 0 0 0 1 1 1 1 1 1 1 1 1 1 1 1 1 1 1 1 1 1 1 1 1 1 1 1 1 1 1 1 1 1 1 1 1 1 1 1 1 1 1 1 1 1 1 1 1 1 1 1 1 1 1 1 1 1 1 1 1 1 1 1 1 1 1 1 1 1 1 1 1 1 1 1 1 1 1 1 1 1 1 1 1 1 1 1 1 1 1 1 1 1 1 1 1 1 1 1 1 1 1 1 1 1 1 1 1 1 1 1 1 1 1 1 1 1 1 1 1 1 1 1 1 1 1 1 1 1 1 1 1 1 1 1 1 1 1 1 1 1 1 1 1 1 1 1 1 1 1 1 1 1 1 0 0 0 1 1 1 1 1 1 0 0 0 0 0 1 1 1 0 0 0 0 0 0 0 0 0 0 0 1 1 1 1 1 0 0 1 0 0 0 0 0 0 0 0 0 0 0 0 0 0 0 0 0 0 0 0 0 0 0 0 0 0 0 0 0 0 0 0 0 0 0 0 0 0 0 0 0 0 0 0 0 0 0 0 0 0 0 0 0 0 0 0 0 0 0 0 0 0 0 0 0 0 0 0 0 0 0 0 0 0 0 0 0 1 1 1 1 1 1 1 1 1 1 1 1 1 1 1 1 1 1 1 1 1 1 1 1 1 1 1 1 1 1 1 1 1 1 1 1 1 1 1 1 1 1 1 1 1 1 1 1 1 1 1 1 1 1 1 1 1 1 1 1 1 1 1 1 1 1 1 1 1 1 1 1 1 1 1 1 1 1 1 1 1 1 1 1 1 1 1 1 1 1 1 1 1 1 1 1 1 1 1 1 1 1 1 1 1 1 1 1 1 1 1 1 1 1 1 1 1 1 1 1 1 1 1 1 1 1 1 1 1 1 1 1 1 1 1 1 1 1 1 1 1 1 1 1 1 1 1 1 1 1 1 
