# This file contains a 2D laser scan observation. 
# Its format is: 
# [aperture] [max_range] [number_of_scans] 
# [vector_of_scans] 
# [vector_of_valid_scans] 
# The aperture of the sensor is in radians, the maximum range 
# and measurements are in meters. '1' means a valid scan, '0' otherwise.
4.1847
5.6
682
1.489 1.479 1.475 1.452 1.432 1.432 1.432 2.209 2.209 2.209 1.75 1.75 1.749 1.749 1.756 1.756 1.742 1.76 4.579 1.366 0 0.007 1.328 1.049 1.044 1.042 1.037 1.037 1.037 2.319 0.007 0 0 0 0 0 0 0 0 0 0 0 0 0 0 0 0 0 0 0 0 0 0.007 0 1.265 1.092 1.081 1.074 1.061 1.061 1.061 1.059 1.054 1.054 1.054 1.065 1.065 1.065 1.053 1.051 1.049 1.046 1.033 1.021 1.021 0.994 0.99 0.987 0.987 0.986 0.986 0.977 0.973 0.973 0.966 0.962 0.958 0.954 0.949 0.949 0.954 0.954 0.966 0.973 0.98 0.99 1.004 1.038 1.057 0 0 0 0 0.007 0 0 0 0 0 0 0 0 0 0 0 0 0 0 0 0 0 2.426 2.426 2.426 2.541 0.006 0.007 0 0 0 0 0 0 0 0 0 3.348 3.292 3.254 3.254 3.292 3.254 3.254 3.616 0 0 0 0 0 0 0 4.754 0 0.007 4.754 4.754 3.014 2.953 2.317 2.317 2.317 3.262 3.269 3.284 3.284 3.284 4.368 4.372 4.381 4.386 4.391 4.391 4.391 2.974 2.974 2.974 3.316 0.006 0.007 3.769 3.769 3.773 3.769 3.769 1.763 1.763 1.763 3.78 3.78 3.78 3.772 3.772 3.691 3.691 3.686 3.79 3.686 3.79 0.007 0 0 0 0.007 3.876 3.876 3.876 3.871 0.946 0.945 0.945 0.946 0.951 0.952 0.952 0.96 0.96 0.948 0.948 0.904 0.872 0.843 0.842 0.838 0.842 0.842 0.842 0.835 0.835 0.835 0.835 0.835 0.842 0.842 0.842 0.848 0.848 0.843 0.843 0.844 0.844 0.844 0.864 0.867 0.871 0.879 0.881 0.882 0.886 0.89 0.894 0.895 0.9 0.902 0.902 0.902 0.892 0.881 0.867 0.858 0.85 0.841 0.83 0.827 0.817 0.801 0.797 0.791 0.779 0.773 0.769 0.758 0.754 0.743 0.733 0.729 0.724 0.717 0.711 0.698 0.694 0.693 0.689 0.679 0.678 0.672 0.669 0.664 0.659 0.646 0.644 0.64 0.64 0.639 0.634 0.622 0.62 0.618 0.614 0.596 0.577 0.575 0.574 0.574 0.57 0.57 0.57 0.568 0.567 0.555 0.555 0.554 0.548 0.535 0.535 0.533 0.533 0.542 0.542 0.531 0.529 0.52 0.519 0.519 0.519 0.52 0.524 0.526 0.527 0.529 0.535 0.537 0.541 0.543 0.548 0.556 0.566 0.581 0.582 0.585 0.61 0.929 0.929 0.929 0.615 0.606 0.605 0.605 0.605 0.605 0.605 0.605 0.603 0.603 0.61 0.61 0.621 0.634 0.656 0.677 0.694 0.711 0.738 0.76 0.769 0.799 0.825 0.851 0.871 0.886 0.921 0.943 0.98 1.008 1.079 1.162 1.45 1.48 1.489 1.483 1.489 1.489 1.512 1.546 1.568 1.631 1.658 1.722 1.734 1.794 1.831 1.845 0 0 0 0 0 2.204 2.204 2.204 0 0 0 0 0 0 0 0 0 0 0 0.007 0 0 0 0 0 0.007 0 0 0.007 0 0 0 0 0 0 0 0 0 0 0 0 0 0 0 0 0 0 0 0 0 0 0 0 0 0 0 0 0 0 0 0 0 0 0 0 0 0 0 0 0 0 0 0 0 0 0 0 0 0 0 0 0 0 0 0 0 0 0 0 0 0 0 0 0 0 0 0 0 0 0 0 0 0 2.168 2.168 2.168 0 0 0 0 0 0 1.906 1.906 1.906 0 0 0 0 0 1.634 1.63 1.63 1.63 0 0 0 0 0 0 2.381 2.381 2.351 2.34 2.34 1.346 1.34 0.553 0.551 0.549 0.545 0.542 0.54 0.54 0.54 0.54 0.547 0.547 0.557 0.568 0.569 0.572 0.576 0.578 0.578 0.576 0.578 0.578 0.588 0.588 0.592 0.592 0.6 0.604 0.604 0.609 0.612 0.612 0.614 0.614 0.623 0.629 0.632 0.634 0.635 0.635 0.645 0.65 0.651 0.661 0.661 0.663 0.663 0.672 0.682 0.686 0.686 0.69 0.693 0.698 0.705 0.71 0.713 0.719 0.722 0.729 0.743 0.744 0.751 0.753 0.755 0.765 0.768 0.778 0.782 0.788 0.789 0.807 0.807 0.814 0.825 0.832 0.842 0.854 0.859 0.868 0.878 0.887 0.895 0.898 0.919 0.923 0.938 0.945 0.957 0.99 1.004 1.005 1.007 1.005 1.004 0.993 0.99 0.99 0.989 0.988 0.981 0.981 0.981 0.984 0.994 1.007 1.026 1.038 1.049 1.052 1.078 1.123 1.15 1.15 1.15 1.148 1.146 1.146 1.146 1.141 1.141 1.137 1.137 1.134 1.134 1.133 1.133 1.123 1.12 1.107 1.101 1.1 1.098 1.098 1.101 1.1 1.1 1.1 1.098 1.098 1.092 1.098 1.098 1.099 1.099 1.101 1.188 1.222 1.223 1.223 1.232 1.232 2.458 2.47 2.47 
1 1 1 1 1 1 1 1 1 1 1 1 1 1 1 1 1 1 1 1 0 0 1 1 1 1 1 1 1 1 0 0 0 0 0 0 0 0 0 0 0 0 0 0 0 0 0 0 0 0 0 0 0 0 1 1 1 1 1 1 1 1 1 1 1 1 1 1 1 1 1 1 1 1 1 1 1 1 1 1 1 1 1 1 1 1 1 1 1 1 1 1 1 1 1 1 1 1 1 0 0 0 0 0 0 0 0 0 0 0 0 0 0 0 0 0 0 0 0 0 0 1 1 1 1 0 0 0 0 0 0 0 0 0 0 0 1 1 1 1 1 1 1 1 0 0 0 0 0 0 0 1 0 0 1 1 1 1 1 1 1 1 1 1 1 1 1 1 1 1 1 1 1 1 1 1 1 0 0 1 1 1 1 1 1 1 1 1 1 1 1 1 1 1 1 1 1 1 0 0 0 0 0 1 1 1 1 1 1 1 1 1 1 1 1 1 1 1 1 1 1 1 1 1 1 1 1 1 1 1 1 1 1 1 1 1 1 1 1 1 1 1 1 1 1 1 1 1 1 1 1 1 1 1 1 1 1 1 1 1 1 1 1 1 1 1 1 1 1 1 1 1 1 1 1 1 1 1 1 1 1 1 1 1 1 1 1 1 1 1 1 1 1 1 1 1 1 1 1 1 1 1 1 1 1 1 1 1 1 1 1 1 1 1 1 1 1 1 1 1 1 1 1 1 1 1 1 1 1 1 1 1 1 1 1 1 1 1 1 1 1 1 1 1 1 1 1 1 1 1 1 1 1 1 1 1 1 1 1 1 1 1 1 1 1 1 1 1 1 1 1 1 1 1 1 1 1 1 1 1 1 1 1 1 1 1 1 1 1 1 1 0 0 0 0 0 1 1 1 0 0 0 0 0 0 0 0 0 0 0 0 0 0 0 0 0 0 0 0 0 0 0 0 0 0 0 0 0 0 0 0 0 0 0 0 0 0 0 0 0 0 0 0 0 0 0 0 0 0 0 0 0 0 0 0 0 0 0 0 0 0 0 0 0 0 0 0 0 0 0 0 0 0 0 0 0 0 0 0 0 0 0 0 0 0 0 0 0 0 0 0 0 0 0 1 1 1 0 0 0 0 0 0 1 1 1 0 0 0 0 0 1 1 1 1 0 0 0 0 0 0 1 1 1 1 1 1 1 1 1 1 1 1 1 1 1 1 1 1 1 1 1 1 1 1 1 1 1 1 1 1 1 1 1 1 1 1 1 1 1 1 1 1 1 1 1 1 1 1 1 1 1 1 1 1 1 1 1 1 1 1 1 1 1 1 1 1 1 1 1 1 1 1 1 1 1 1 1 1 1 1 1 1 1 1 1 1 1 1 1 1 1 1 1 1 1 1 1 1 1 1 1 1 1 1 1 1 1 1 1 1 1 1 1 1 1 1 1 1 1 1 1 1 1 1 1 1 1 1 1 1 1 1 1 1 1 1 1 1 1 1 1 1 1 1 1 1 1 1 1 1 1 1 1 1 1 1 1 1 1 1 1 
