# This file contains a 2D laser scan observation. 
# Its format is: 
# [aperture] [max_range] [number_of_scans] 
# [vector_of_scans] 
# [vector_of_valid_scans] 
# The aperture of the sensor is in radians, the maximum range 
# and measurements are in meters. '1' means a valid scan, '0' otherwise.
4.1847
5.6
682
0.4 0.396 0.396 0.396 0.394 0.393 0.393 0.392 0.391 0.391 0.391 0.391 0.383 0.382 0.376 0.371 0.357 0.344 0.342 0.341 0.338 0.342 0.342 0.346 0.348 0.349 0.349 0.365 0.368 0.373 0.373 0.377 0.382 0.382 0.382 0.382 0.382 0.378 0.378 0.375 0.362 0.359 0.35 0.35 0.35 0.348 0.347 0.347 0.342 0.342 0.342 0.342 0.343 0.343 0.343 0.343 0.342 0.342 0.341 0.349 0.345 0.345 0.345 0.348 0.345 0.341 0.348 0.341 0.341 0.345 0.345 0.344 0.345 0.344 0.344 0.351 0.352 0.351 0.352 0.353 0.354 0.353 0.356 0.353 0.356 0.355 0.355 0.354 0.355 0.355 0.355 0.362 0.364 0.364 0.364 0.359 0.359 0.359 0.368 0.372 0.372 0.368 0.368 0.367 0.366 0.367 0.374 0.374 0.374 0.375 0.375 0.376 0.376 0.378 0.376 0.378 0.383 0.383 0.383 0.383 0.387 0.386 0.387 0.387 0.391 0.391 0.393 0.394 0.395 0.397 0.399 0.399 0.401 0.403 0.405 0.405 0.408 0.414 0.414 0.418 0.422 0.423 0.424 0.428 0.428 0.429 0.43 0.431 0.431 0.436 0.437 0.437 0.438 0.439 0.443 0.446 0.455 0.457 0.458 0.459 0.463 0.463 0.466 0.466 0.469 0.47 0.473 0.474 0.481 0.482 0.485 0.486 0.493 0.493 0.493 0.501 0.501 0.513 0.516 0.517 0.517 0.533 0.534 0.534 0.534 0.539 0.545 0.555 0.555 0.557 0.558 0.573 0.576 0.58 0.582 0.588 0.604 0.606 0.608 0.61 0.615 0.616 0.622 0.634 0.637 0.646 0.654 0.654 0.737 0.793 0.798 0.803 0.81 0.819 0.826 0.827 0.83 0.83 0.832 0.832 0.837 0.864 0.87 0.874 0.882 0.888 0.89 0.898 0.926 0.927 0.927 0.927 0.927 0.931 0.968 0.971 0.978 0.991 0.995 1.008 1.022 1.022 1.033 1.038 1.051 1.061 1.07 1.082 1.094 1.106 1.124 1.131 1.133 1.164 1.198 1.208 1.208 1.22 1.246 1.246 1.249 1.251 1.255 1.294 1.303 1.32 1.345 1.357 1.368 1.432 1.478 1.515 1.571 1.571 1.604 1.611 1.646 1.672 1.744 1.744 1.775 1.827 1.827 1.846 1.946 1.966 0 0 0 0 0 2.314 2.314 2.314 0 0 0 0 0 2.876 4.175 4.188 4.175 4.175 4.188 0 0 0 0.007 0 0.007 0 0 0 0 0.007 0 0 0 0 0 0 0 0 0 0 0 0 0 0.006 0.006 0.006 0.006 0.006 0.006 0.006 0.006 0.006 0.006 0 0 0 0 0 0 0 0 0 0 0 0 0 0 0 0 0 0.007 0 0 0 0 0 0 0 0 0 0 0 0 0 0 0 0 0 0 0 0 0 0 0 0 0 0 0 0 0 0 0 0 0 0 0 0 0 0 0 0 0 0 0 0 0 0 0 0 0 0 0 0 0 1.591 1.591 1.591 0 0 0 0 0 0 0 0 0 0 0 0 0 1.335 1.329 1.327 1.327 1.329 1.805 1.817 1.819 1.819 1.819 3.807 0.007 3.807 3.807 3.6 3.596 1.837 1.804 1.804 1.781 1.734 1.081 1.071 1.071 1.071 1.072 3.507 3.56 3.592 3.56 3.56 3.56 3.56 3.544 1.493 1.493 1.493 1.493 3.355 3.355 3.355 2.766 2.766 2.766 2.709 2.709 1.348 1.339 1.339 1.339 1.337 1.276 0.863 0.862 0.861 0.861 0.86 0.861 0.865 1.585 1.585 1.589 1.589 1.597 2.01 2.014 2.937 2.93 2.93 2.93 2.914 2.914 2.914 0 0 0 0 0 0 0 2.814 2.805 2.805 0.006 1.848 1.848 1.26 1.257 1.254 1.246 1.235 1.166 1.104 1.09 1.09 1.09 1.09 1.098 1.115 1.384 1.384 1.384 1.384 1.384 0.006 0.006 0.006 1.146 1.139 1.139 1.135 1.139 2.322 2.322 2.322 2.322 2.322 0.007 0 0 0 0 0 0 1.564 1.557 1.557 1.557 2.373 0.007 2.373 1.325 1.309 1.309 1.309 1.344 1.654 1.959 2.083 2.083 2.103 2.134 2.103 2.134 2.134 2.156 2.162 2.174 2.174 2.176 2.174 2.178 2.178 2.173 1.149 1.145 1.145 1.149 1.153 1.161 1.353 2.149 2.149 2.161 2.161 2.478 2.478 2.478 2.478 2.478 2.474 2.474 2.471 2.468 2.422 2.217 2.02 1.869 1.741 1.628 1.523 1.423 1.346 1.275 1.223 1.165 1.067 0.981 0.949 0.949 0.918 0.916 0.859 0.828 0.811 0.786 0.766 0.74 0.727 0.717 0.693 0.679 0.655 0.642 0.619 0.601 0.577 0.575 0.559 0.55 0.536 0.528 0.514 0.504 0.493 0.486 0.478 0.467 0.464 0.459 0.443 0.431 0.429 0.427 0.415 0.413 0.408 0.395 0.385 0.377 0.375 0.371 0.369 0.364 0.357 0.357 0.354 0.351 0.351 0.351 0.34 0.329 0.329 0.327 0.327 0.328 0.332 0.328 0.328 0.324 0.324 0.324 0.327 0.336 0.342 0.343 
1 1 1 1 1 1 1 1 1 1 1 1 1 1 1 1 1 1 1 1 1 1 1 1 1 1 1 1 1 1 1 1 1 1 1 1 1 1 1 1 1 1 1 1 1 1 1 1 1 1 1 1 1 1 1 1 1 1 1 1 1 1 1 1 1 1 1 1 1 1 1 1 1 1 1 1 1 1 1 1 1 1 1 1 1 1 1 1 1 1 1 1 1 1 1 1 1 1 1 1 1 1 1 1 1 1 1 1 1 1 1 1 1 1 1 1 1 1 1 1 1 1 1 1 1 1 1 1 1 1 1 1 1 1 1 1 1 1 1 1 1 1 1 1 1 1 1 1 1 1 1 1 1 1 1 1 1 1 1 1 1 1 1 1 1 1 1 1 1 1 1 1 1 1 1 1 1 1 1 1 1 1 1 1 1 1 1 1 1 1 1 1 1 1 1 1 1 1 1 1 1 1 1 1 1 1 1 1 1 1 1 1 1 1 1 1 1 1 1 1 1 1 1 1 1 1 1 1 1 1 1 1 1 1 1 1 1 1 1 1 1 1 1 1 1 1 1 1 1 1 1 1 1 1 1 1 1 1 1 1 1 1 1 1 1 1 1 1 1 1 1 1 1 1 1 1 1 1 1 1 1 1 1 1 1 1 0 0 0 0 0 1 1 1 0 0 0 0 0 1 1 1 1 1 1 0 0 0 0 0 0 0 0 0 0 0 0 0 0 0 0 0 0 0 0 0 0 0 0 0 0 0 0 0 0 0 0 0 0 0 0 0 0 0 0 0 0 0 0 0 0 0 0 0 0 0 0 0 0 0 0 0 0 0 0 0 0 0 0 0 0 0 0 0 0 0 0 0 0 0 0 0 0 0 0 0 0 0 0 0 0 0 0 0 0 0 0 0 0 0 0 0 0 0 0 0 0 0 0 0 1 1 1 0 0 0 0 0 0 0 0 0 0 0 0 0 1 1 1 1 1 1 1 1 1 1 1 0 1 1 1 1 1 1 1 1 1 1 1 1 1 1 1 1 1 1 1 1 1 1 1 1 1 1 1 1 1 1 1 1 1 1 1 1 1 1 1 1 1 1 1 1 1 1 1 1 1 1 1 1 1 1 1 1 1 1 1 1 1 0 0 0 0 0 0 0 1 1 1 0 1 1 1 1 1 1 1 1 1 1 1 1 1 1 1 1 1 1 1 1 0 0 0 1 1 1 1 1 1 1 1 1 1 0 0 0 0 0 0 0 1 1 1 1 1 0 1 1 1 1 1 1 1 1 1 1 1 1 1 1 1 1 1 1 1 1 1 1 1 1 1 1 1 1 1 1 1 1 1 1 1 1 1 1 1 1 1 1 1 1 1 1 1 1 1 1 1 1 1 1 1 1 1 1 1 1 1 1 1 1 1 1 1 1 1 1 1 1 1 1 1 1 1 1 1 1 1 1 1 1 1 1 1 1 1 1 1 1 1 1 1 1 1 1 1 1 1 1 1 1 1 1 1 1 1 1 1 1 1 1 1 1 1 1 1 1 1 1 1 1 1 1 
