# This file contains a 2D laser scan observation. 
# Its format is: 
# [aperture] [max_range] [number_of_scans] 
# [vector_of_scans] 
# [vector_of_valid_scans] 
# The aperture of the sensor is in radians, the maximum range 
# and measurements are in meters. '1' means a valid scan, '0' otherwise.
4.1847
5.6
682
0.382 0.382 0.382 0.382 0.383 0.382 0.38 0.385 0.38 0.379 0.379 0.379 0.377 0.377 0.377 0.377 0.377 0.377 0.38 0.38 0.373 0.371 0.37 0.37 0.371 0.371 0.373 0.373 0.373 0.372 0.372 0.372 0.372 0.375 0.379 0.387 0.388 0.389 0.407 0.407 0.411 0.407 0.403 0.394 0.391 0.387 0.386 0.383 0.372 0.372 0.372 0.372 0.371 0.373 0.37 0.367 0.367 0.366 0.366 0.367 0.369 0.369 0.369 0.373 0.375 0.373 0.368 0.372 0.372 0.372 0.372 0.373 0.373 0.372 0.373 0.373 0.373 0.373 0.375 0.374 0.375 0.377 0.38 0.38 0.382 0.38 0.382 0.382 0.383 0.383 0.386 0.389 0.389 0.389 0.389 0.389 0.39 0.392 0.392 0.392 0.394 0.394 0.394 0.395 0.396 0.397 0.397 0.4 0.4 0.4 0.405 0.406 0.408 0.408 0.41 0.41 0.408 0.406 0.406 0.406 0.406 0.406 0.408 0.411 0.412 0.414 0.414 0.414 0.414 0.419 0.424 0.425 0.427 0.431 0.431 0.434 0.434 0.434 0.434 0.434 0.439 0.443 0.443 0.451 0.446 0.451 0.453 0.454 0.454 0.454 0.456 0.465 0.465 0.466 0.466 0.472 0.472 0.476 0.476 0.48 0.482 0.48 0.48 0.486 0.491 0.492 0.494 0.496 0.502 0.503 0.503 0.514 0.515 0.516 0.52 0.531 0.531 0.536 0.538 0.541 0.543 0.549 0.556 0.557 0.558 0.565 0.566 0.566 0.573 0.575 0.577 0.579 0.588 0.689 0.698 0.699 0.701 0.71 0.714 0.714 0.719 0.726 0.732 0.734 0.738 0.743 0.749 0.75 0.752 0.752 0.754 0.758 0.785 0.786 0.79 0.795 0.797 0.802 0.809 0.81 0.822 0.825 0.833 0.837 0.843 0.843 0.846 0.846 0.87 0.87 0.886 0.891 0.891 0.908 0.911 0.922 0.928 0.935 0.944 0.957 0.961 0.967 0.974 0.975 0.989 1.004 1.01 1.011 1.03 1.033 1.034 1.038 1.042 1.102 1.11 1.126 1.126 1.15 1.154 1.156 1.172 1.182 1.203 1.203 1.208 1.234 1.253 1.26 1.282 1.288 1.305 1.343 1.363 1.385 1.432 1.461 1.483 1.493 1.497 1.505 1.519 1.567 1.598 1.625 1.632 1.698 1.723 1.789 1.85 0.007 0 0 0 0 0 2.207 2.207 2.207 0 0 0 0 0 0 2.814 0 0.007 4.09 4.072 4.09 4.09 4.514 0.007 0 4.528 0 0 0 0 0 0.007 0 0.007 0 0 0 0 0 0 0 0 0 0 0 0 0 0.006 0.006 0.006 0.006 0.006 0.006 0.006 0.006 0.006 0.006 0 0 0 0 0 0 0 0 0 0 0 0 0 0 0 0 0.007 0 0.007 0 0 0 0 0 0 0 0 0 0 0 0 0 0 0 0 0 0 0 0 0 0 0 0 0 0 0 0 0 0 0 0 0 0 0 0 0 0 0 0 0 0 0 0 0 0 0 0 0 0 0 0 0 0 0 0 0 1.494 1.494 1.494 1.495 0 0 0 0 0 0 0 0 0 0 0 0 0 0 0 1.241 1.241 1.237 1.237 1.717 1.725 1.725 1.731 3.518 3.533 3.541 3.57 3.57 3.57 1.745 1.735 1.732 1.731 1.731 1.729 1.729 1.729 1.728 1.697 0.992 0.992 0.992 0.992 0.997 3.37 3.398 0.006 3.398 3.37 1.422 1.419 1.417 1.417 1.412 1.412 3.177 3.177 3.177 3.177 3.177 0.007 0.006 2.11 1.289 1.28 1.28 1.281 1.281 1.282 2.982 2.982 2.982 2.974 2.974 2.97 2.967 0.807 0.806 0.806 0.807 0.818 0.831 2.836 2.86 0 0 0 0 0 0 0 0 2.759 2.747 2.745 2.737 2.72 1.803 1.803 1.803 2.595 2.595 2.613 2.595 2.582 1.216 1.214 1.212 1.199 1.199 1.194 1.188 1.188 1.067 1.056 1.053 1.053 1.053 1.065 0.007 1.349 1.349 1.656 1.656 0.007 0.006 0.007 2.562 1.111 1.108 1.106 1.101 1.101 1.106 2.475 2.483 2.484 2.483 2.484 2.483 2.474 1.541 1.541 1.541 1.542 2.318 2.441 2.441 2.441 2.441 2.441 4.893 4.893 4.827 1.997 2.078 2.078 2.007 2.078 2.086 2.155 2.158 2.158 2.163 2.164 2.166 2.168 2.172 2.173 2.174 2.174 2.174 2.172 2.159 2.152 1.216 1.154 1.148 1.148 1.148 1.153 1.17 2.472 2.48 2.481 2.484 2.484 2.48 2.339 2.238 2.133 2.029 1.946 1.859 1.783 1.718 1.656 1.589 1.521 1.473 1.428 1.379 1.342 1.302 1.261 1.233 1.197 1.17 1.129 1.102 1.02 1.009 0.997 0.956 0.95 0.944 0.942 0.931 0.915 0.892 0.88 0.853 0.833 0.823 0.796 0.788 0.772 0.76 0.742 0.733 0.732 0.709 0.695 0.689 0.683 0.67 0.661 0.654 0.642 0.636 0.626 0.611 0.606 0.596 0.591 0.583 0.579 0.579 0.567 0.555 0.554 0.548 0.541 0.54 0.536 0.534 
1 1 1 1 1 1 1 1 1 1 1 1 1 1 1 1 1 1 1 1 1 1 1 1 1 1 1 1 1 1 1 1 1 1 1 1 1 1 1 1 1 1 1 1 1 1 1 1 1 1 1 1 1 1 1 1 1 1 1 1 1 1 1 1 1 1 1 1 1 1 1 1 1 1 1 1 1 1 1 1 1 1 1 1 1 1 1 1 1 1 1 1 1 1 1 1 1 1 1 1 1 1 1 1 1 1 1 1 1 1 1 1 1 1 1 1 1 1 1 1 1 1 1 1 1 1 1 1 1 1 1 1 1 1 1 1 1 1 1 1 1 1 1 1 1 1 1 1 1 1 1 1 1 1 1 1 1 1 1 1 1 1 1 1 1 1 1 1 1 1 1 1 1 1 1 1 1 1 1 1 1 1 1 1 1 1 1 1 1 1 1 1 1 1 1 1 1 1 1 1 1 1 1 1 1 1 1 1 1 1 1 1 1 1 1 1 1 1 1 1 1 1 1 1 1 1 1 1 1 1 1 1 1 1 1 1 1 1 1 1 1 1 1 1 1 1 1 1 1 1 1 1 1 1 1 1 1 1 1 1 1 1 1 1 1 1 1 1 1 1 1 1 1 1 1 1 1 1 1 1 1 1 1 1 1 1 1 1 1 0 0 0 0 0 0 1 1 1 0 0 0 0 0 0 1 0 0 1 1 1 1 1 0 0 1 0 0 0 0 0 0 0 0 0 0 0 0 0 0 0 0 0 0 0 0 0 0 0 0 0 0 0 0 0 0 0 0 0 0 0 0 0 0 0 0 0 0 0 0 0 0 0 0 0 0 0 0 0 0 0 0 0 0 0 0 0 0 0 0 0 0 0 0 0 0 0 0 0 0 0 0 0 0 0 0 0 0 0 0 0 0 0 0 0 0 0 0 0 0 0 0 0 0 0 0 0 0 0 0 0 0 0 1 1 1 1 0 0 0 0 0 0 0 0 0 0 0 0 0 0 0 1 1 1 1 1 1 1 1 1 1 1 1 1 1 1 1 1 1 1 1 1 1 1 1 1 1 1 1 1 1 1 0 1 1 1 1 1 1 1 1 1 1 1 1 1 0 0 1 1 1 1 1 1 1 1 1 1 1 1 1 1 1 1 1 1 1 1 1 1 0 0 0 0 0 0 0 0 1 1 1 1 1 1 1 1 1 1 1 1 1 1 1 1 1 1 1 1 1 1 1 1 1 1 1 0 1 1 1 1 0 0 0 1 1 1 1 1 1 1 1 1 1 1 1 1 1 1 1 1 1 1 1 1 1 1 1 1 1 1 1 1 1 1 1 1 1 1 1 1 1 1 1 1 1 1 1 1 1 1 1 1 1 1 1 1 1 1 1 1 1 1 1 1 1 1 1 1 1 1 1 1 1 1 1 1 1 1 1 1 1 1 1 1 1 1 1 1 1 1 1 1 1 1 1 1 1 1 1 1 1 1 1 1 1 1 1 1 1 1 1 1 1 1 1 1 1 1 1 1 1 1 1 1 1 1 1 1 1 1 1 1 
