# This file contains a 2D laser scan observation. 
# Its format is: 
# [aperture] [max_range] [number_of_scans] 
# [vector_of_scans] 
# [vector_of_valid_scans] 
# The aperture of the sensor is in radians, the maximum range 
# and measurements are in meters. '1' means a valid scan, '0' otherwise.
4.1847
5.6
682
0.389 0.389 0.392 0.392 0.392 0.388 0.388 0.388 0.388 0.387 0.385 0.386 0.385 0.384 0.384 0.386 0.385 0.385 0.385 0.382 0.381 0.378 0.378 0.381 0.381 0.378 0.381 0.381 0.381 0.38 0.381 0.381 0.383 0.383 0.383 0.386 0.39 0.395 0.396 0.41 0.411 0.411 0.42 0.42 0.415 0.409 0.405 0.397 0.395 0.387 0.386 0.384 0.377 0.373 0.372 0.372 0.372 0.372 0.374 0.376 0.377 0.378 0.378 0.378 0.378 0.378 0.378 0.378 0.378 0.375 0.378 0.375 0.375 0.378 0.38 0.38 0.38 0.38 0.38 0.385 0.386 0.387 0.387 0.392 0.387 0.387 0.386 0.392 0.386 0.388 0.388 0.388 0.387 0.388 0.39 0.39 0.391 0.394 0.397 0.394 0.399 0.4 0.4 0.401 0.401 0.402 0.402 0.402 0.403 0.403 0.403 0.406 0.409 0.409 0.41 0.411 0.412 0.414 0.414 0.416 0.416 0.417 0.418 0.42 0.421 0.418 0.421 0.422 0.428 0.43 0.432 0.433 0.433 0.433 0.435 0.437 0.439 0.442 0.443 0.445 0.445 0.445 0.449 0.449 0.45 0.458 0.459 0.459 0.459 0.464 0.468 0.468 0.47 0.47 0.471 0.473 0.474 0.477 0.478 0.478 0.482 0.482 0.486 0.487 0.488 0.496 0.496 0.497 0.503 0.506 0.51 0.511 0.514 0.519 0.519 0.525 0.529 0.543 0.544 0.544 0.546 0.546 0.55 0.553 0.554 0.558 0.565 0.565 0.578 0.674 0.678 0.678 0.686 0.686 0.692 0.699 0.705 0.707 0.707 0.71 0.713 0.719 0.723 0.726 0.727 0.74 0.744 0.745 0.75 0.751 0.764 0.765 0.775 0.777 0.779 0.785 0.792 0.792 0.797 0.801 0.809 0.823 0.823 0.823 0.823 0.835 0.835 0.859 0.864 0.865 0.88 0.88 0.89 0.891 0.898 0.909 0.914 0.921 0.933 0.94 0.95 0.96 0.962 0.972 0.977 0.988 0.988 1.001 1.011 1.012 1.012 1.021 1.038 1.075 1.076 1.083 1.088 1.125 1.127 1.13 1.149 1.164 1.182 1.182 1.2 1.202 1.232 1.246 1.255 1.256 1.269 1.313 1.34 1.353 1.401 1.41 1.457 1.464 1.469 1.486 1.53 1.551 1.551 1.585 1.586 1.686 1.704 0 1.825 0.008 0.007 0 0 0 0 0 2.174 2.174 2.174 0 0 0 0 0 0 0 0 0 0 4.061 4.049 4.049 4.061 4.417 4.429 4.438 4.452 4.472 4.829 0 0.007 0 0.007 0 0 0 0 0 0 0 0 0 0 0 0 0 0 0 0.006 0.006 0.006 0.006 0.006 0.006 0.006 0.006 0.006 0.006 0 0 0 0 0 0 0 0 0 0 0 0 0 0 0 0 0.007 0 0 0 0 0 0 0 0 0 0 0 0 0 0 0 0 0 0 0 0 0 0 0 0 0 0 0 0 0 0 0 0 0 0 0 0 0 0 0 0 0 0 0 0 0 0 0 0 0 0 0 0 0 0 0 0 0 0 0 0 1.482 1.472 1.472 1.482 0 0 0 0 0 0 0 0 0 0 0 0 0 0 0 1.226 1.215 1.215 1.215 1.244 1.703 1.713 1.713 3.516 3.516 3.524 3.524 3.524 3.503 1.729 1.728 1.727 1.727 1.723 1.727 1.723 1.727 1.733 1.733 1.705 0.974 0.967 0.967 0.967 0.97 0.983 3.051 3.083 3.083 3.051 1.403 1.396 1.396 1.396 1.396 3.153 3.153 3.17 3.153 3.128 3.128 3.062 3.062 0.007 3.062 1.272 1.27 1.27 1.27 1.27 2.944 2.944 2.944 2.944 2.944 2.928 2.928 1.512 1.482 0.804 0.802 0.802 0.804 0.802 0.832 0.835 2.8 0.007 0 0 0 0 2.756 2.751 2.739 2.739 2.726 2.719 1.795 1.795 1.795 2.57 2.584 2.602 4.414 4.414 4.414 1.207 1.203 1.194 1.193 1.191 1.19 1.184 1.177 1.133 1.052 1.047 1.046 1.046 1.046 1.051 1.061 1.33 1.337 1.398 2.55 2.55 2.55 2.17 1.11 1.104 1.096 1.096 1.104 2.473 2.483 2.483 2.475 2.473 2.475 2.472 2.469 1.536 1.536 1.536 2.378 0.007 2.378 1.359 1.338 1.321 1.313 1.278 1.277 1.27 1.277 1.277 1.283 1.288 1.327 2 4.86 4.86 2.082 2.082 2.159 2.159 2.161 2.166 2.175 2.18 2.175 2.175 4.906 4.906 2.173 2.166 1.161 1.153 1.148 1.148 1.148 1.157 2.483 2.487 2.487 2.487 2.487 2.423 2.204 2.101 2.026 1.931 1.87 1.791 1.733 1.672 1.623 1.559 1.5 1.468 1.419 1.381 1.336 1.302 1.273 1.235 1.209 1.176 1.144 1.12 1.12 1.096 1.019 1.001 0.971 0.958 0.952 0.95 0.941 0.926 0.902 0.889 0.869 0.85 0.843 0.821 0.801 0.797 0.779 0.768 0.756 0.74 0.735 0.73 0.712 0.702 0.697 0.683 0.671 0.667 0.657 0.655 0.642 0.632 0.63 0.62 0.618 0.605 0.603 0.602 0.595 
1 1 1 1 1 1 1 1 1 1 1 1 1 1 1 1 1 1 1 1 1 1 1 1 1 1 1 1 1 1 1 1 1 1 1 1 1 1 1 1 1 1 1 1 1 1 1 1 1 1 1 1 1 1 1 1 1 1 1 1 1 1 1 1 1 1 1 1 1 1 1 1 1 1 1 1 1 1 1 1 1 1 1 1 1 1 1 1 1 1 1 1 1 1 1 1 1 1 1 1 1 1 1 1 1 1 1 1 1 1 1 1 1 1 1 1 1 1 1 1 1 1 1 1 1 1 1 1 1 1 1 1 1 1 1 1 1 1 1 1 1 1 1 1 1 1 1 1 1 1 1 1 1 1 1 1 1 1 1 1 1 1 1 1 1 1 1 1 1 1 1 1 1 1 1 1 1 1 1 1 1 1 1 1 1 1 1 1 1 1 1 1 1 1 1 1 1 1 1 1 1 1 1 1 1 1 1 1 1 1 1 1 1 1 1 1 1 1 1 1 1 1 1 1 1 1 1 1 1 1 1 1 1 1 1 1 1 1 1 1 1 1 1 1 1 1 1 1 1 1 1 1 1 1 1 1 1 1 1 1 1 1 1 1 1 1 1 1 1 1 1 1 1 1 1 1 1 1 1 1 1 1 1 1 1 1 1 0 1 0 0 0 0 0 0 0 1 1 1 0 0 0 0 0 0 0 0 0 0 1 1 1 1 1 1 1 1 1 1 0 0 0 0 0 0 0 0 0 0 0 0 0 0 0 0 0 0 0 0 0 0 0 0 0 0 0 0 0 0 0 0 0 0 0 0 0 0 0 0 0 0 0 0 0 0 0 0 0 0 0 0 0 0 0 0 0 0 0 0 0 0 0 0 0 0 0 0 0 0 0 0 0 0 0 0 0 0 0 0 0 0 0 0 0 0 0 0 0 0 0 0 0 0 0 0 0 0 0 0 0 0 0 0 0 0 1 1 1 1 0 0 0 0 0 0 0 0 0 0 0 0 0 0 0 1 1 1 1 1 1 1 1 1 1 1 1 1 1 1 1 1 1 1 1 1 1 1 1 1 1 1 1 1 1 1 1 1 1 1 1 1 1 1 1 1 1 1 1 1 1 1 1 0 1 1 1 1 1 1 1 1 1 1 1 1 1 1 1 1 1 1 1 1 1 1 1 0 0 0 0 0 1 1 1 1 1 1 1 1 1 1 1 1 1 1 1 1 1 1 1 1 1 1 1 1 1 1 1 1 1 1 1 1 1 1 1 1 1 1 1 1 1 1 1 1 1 1 1 1 1 1 1 1 1 1 1 0 1 1 1 1 1 1 1 1 1 1 1 1 1 1 1 1 1 1 1 1 1 1 1 1 1 1 1 1 1 1 1 1 1 1 1 1 1 1 1 1 1 1 1 1 1 1 1 1 1 1 1 1 1 1 1 1 1 1 1 1 1 1 1 1 1 1 1 1 1 1 1 1 1 1 1 1 1 1 1 1 1 1 1 1 1 1 1 1 1 1 1 1 1 1 1 1 1 1 1 1 1 1 1 1 1 
