# This file contains a 2D laser scan observation. 
# Its format is: 
# [aperture] [max_range] [number_of_scans] 
# [vector_of_scans] 
# [vector_of_valid_scans] 
# The aperture of the sensor is in radians, the maximum range 
# and measurements are in meters. '1' means a valid scan, '0' otherwise.
4.1847
5.6
682
0.56 0.559 0.561 0.568 0.57 0.57 0.57 0.56 0.56 0.551 0.546 0.546 0.546 0.544 0.541 0.541 0.541 0.541 0.543 0.546 0.543 0.54 0.537 0.533 0.532 0.519 0.532 0.521 0.521 0.524 0.524 0.521 0.52 0.52 0.513 0.508 0.508 0.508 0.502 0.501 0.504 0.501 0.501 0.501 0.502 0.499 0.502 0.5 0.5 0.499 0.492 0.492 0.492 0.492 0.495 0.495 0.495 0.495 0.487 0.487 0.487 0.488 0.488 0.488 0.488 0.486 0.48 0.48 0.48 0.48 0.482 0.485 0.482 0.482 0.487 0.487 0.485 0.486 0.485 0.485 0.485 0.485 0.485 0.487 0.487 0.492 0.495 0.498 0.503 0.507 0.517 0.521 0.535 0.54 0.54 0.543 0.543 0.535 0.535 0.534 0.517 0.513 0.501 0.5 0.495 0.494 0.491 0.493 0.487 0.487 0.49 0.49 0.481 0.473 0.473 0.473 0.476 0.479 0.49 0.494 0.494 0.494 0.494 0.493 0.493 0.497 0.497 0.497 0.497 0.499 0.499 0.501 0.501 0.502 0.502 0.509 0.509 0.509 0.511 0.509 0.509 0.509 0.509 0.509 0.508 0.508 0.509 0.513 0.517 0.517 0.517 0.517 0.514 0.505 0.5 0.5 0.5 0.503 0.508 0.508 0.508 0.508 0.511 0.52 0.526 0.527 0.527 0.527 0.527 0.527 0.524 0.524 0.527 0.527 0.527 0.534 0.537 0.539 0.539 0.543 0.545 0.546 0.546 0.553 0.555 0.554 0.554 0.554 0.554 0.554 0.56 0.566 0.568 0.574 0.577 0.577 0.581 0.583 0.583 0.588 0.589 0.59 0.59 0.597 0.599 0.599 0.599 0.605 0.605 0.619 0.62 0.621 0.62 0.623 0.628 0.629 0.65 0.657 0.66 0.66 0.66 0.666 0.669 0.681 0.684 0.685 0.686 0.688 0.689 0.695 0.707 0.707 0.707 0.714 0.72 0.718 0.72 0.72 0.733 0.744 0.753 0.757 0.758 0.765 0.773 0.774 0.783 0.789 0.793 0.805 0.808 0.81 0.831 0.839 0.84 0.853 0.868 0.875 0.875 0.884 0.891 0.893 0.903 0.907 0.917 0.925 0.95 0.953 0.955 0.974 0.995 0.998 1.01 1.013 1.017 1.019 1.048 1.069 1.082 1.091 1.103 1.124 1.133 1.134 1.165 1.182 1.183 1.211 1.232 1.234 1.293 0.007 0.01 0.01 0.007 1.418 1.418 1.424 1.424 1.452 1.493 1.534 1.593 1.664 3.22 3.22 3.262 3.345 3.404 3.404 3.404 2.903 2.9 2.897 2.897 2.9 2.91 3.218 3.275 3.275 3.294 3.383 3.424 3.483 3.483 3.409 3.409 3.304 3.258 3.255 3.255 3.255 3.303 3.398 4.301 0.007 4.301 3.323 3.323 3.323 4.297 4.297 4.297 4.258 4.24 4.211 4.202 4.166 4.144 4.144 4.144 4.521 4.521 4.55 4.55 4.557 4.557 4.557 4.529 4.529 4.529 4.573 4.573 4.576 4.573 4.573 4.568 4.56 4.56 4.558 4.56 4.578 0 0 0 0 0 0 0 0 0 0 0 0 0 0 0 0 0 0 0 0 0 0 0 0 0.979 0.976 0.976 0.977 0.979 0.999 1.001 1.004 1.005 1.005 1.005 1.001 1.001 1.001 1.005 1.005 1.005 1.005 0.999 0.999 0.998 0.964 0.96 0.96 0.96 0 0 0 0 0 0 0 0 0 0 0 0 0 0 0 0 0 0 0 0 0 0 0 0 0 0 0 0 0 0 0 0 0 0 0 0 0 0 0 0 0 0 0 0 0 0 0 0 0 0 0 0 0 0 0 0 0 0 0 0 0 0 0 0 0 0 0 0 0 0 0 0 0 0 0 0 0 0 0 0 0 0 0 0 0 0 0 0 0 0 0 0 0 0 0 0 0 0 0 0 0 0 0 0.007 2.83 2.829 2.829 2.724 2.724 2.724 2.756 2.824 2.824 2.824 2.822 2.804 2.78 2.228 2.228 2.228 2.753 2.753 2.759 2.753 2.744 2.291 2.232 2.218 2.211 2.211 2.218 2.211 2.195 2.187 2.184 2.183 2.184 2.184 2.18 2.175 2.175 2.173 2.17 2.17 2.168 2.168 2.169 2.169 2.167 2.111 2.111 2.111 2.587 2.589 2.589 2.588 2.588 2.588 2.577 2.574 2.568 2.564 2.56 1.117 1.113 1.107 1.107 1.106 1.1 0.802 0.794 0.794 0.784 0.782 0.784 0.784 0.789 0.8 0.81 1.062 1.062 1.062 0.997 0.98 0.956 0.936 0.912 0.903 0.898 0.885 0.875 0.875 0.875 0.875 0.877 0.879 0.881 0.881 0.882 0.882 0.882 0.883 0.885 0.885 0.887 0.895 0.897 0.91 0.91 0.91 0.91 0.91 0.932 0.934 0.936 0.937 1.164 1.324 1.379 1.387 1.393 2.584 2.599 2.599 2.599 0.826 0.825 0.818 0.818 0.816 0.816 0.816 0.823 0.831 0.852 1.383 1.45 1.541 1.541 1.541 1.534 1.528 1.518 1.517 1.516 1.515 1.512 1.227 1.179 1.179 1.179 1.179 1.181 1.181 1.494 1.54 1.544 1.548 1.552 1.554 1.56 
1 1 1 1 1 1 1 1 1 1 1 1 1 1 1 1 1 1 1 1 1 1 1 1 1 1 1 1 1 1 1 1 1 1 1 1 1 1 1 1 1 1 1 1 1 1 1 1 1 1 1 1 1 1 1 1 1 1 1 1 1 1 1 1 1 1 1 1 1 1 1 1 1 1 1 1 1 1 1 1 1 1 1 1 1 1 1 1 1 1 1 1 1 1 1 1 1 1 1 1 1 1 1 1 1 1 1 1 1 1 1 1 1 1 1 1 1 1 1 1 1 1 1 1 1 1 1 1 1 1 1 1 1 1 1 1 1 1 1 1 1 1 1 1 1 1 1 1 1 1 1 1 1 1 1 1 1 1 1 1 1 1 1 1 1 1 1 1 1 1 1 1 1 1 1 1 1 1 1 1 1 1 1 1 1 1 1 1 1 1 1 1 1 1 1 1 1 1 1 1 1 1 1 1 1 1 1 1 1 1 1 1 1 1 1 1 1 1 1 1 1 1 1 1 1 1 1 1 1 1 1 1 1 1 1 1 1 1 1 1 1 1 1 1 1 1 1 1 1 1 1 1 1 1 1 1 1 1 1 1 1 1 1 1 1 1 1 1 1 1 1 1 1 1 1 1 1 1 1 1 1 1 1 1 1 1 1 1 1 1 1 0 0 0 0 1 1 1 1 1 1 1 1 1 1 1 1 1 1 1 1 1 1 1 1 1 1 1 1 1 1 1 1 1 1 1 1 1 1 1 1 1 1 1 1 0 1 1 1 1 1 1 1 1 1 1 1 1 1 1 1 1 1 1 1 1 1 1 1 1 1 1 1 1 1 1 1 1 1 1 1 1 0 0 0 0 0 0 0 0 0 0 0 0 0 0 0 0 0 0 0 0 0 0 0 0 1 1 1 1 1 1 1 1 1 1 1 1 1 1 1 1 1 1 1 1 1 1 1 1 1 0 0 0 0 0 0 0 0 0 0 0 0 0 0 0 0 0 0 0 0 0 0 0 0 0 0 0 0 0 0 0 0 0 0 0 0 0 0 0 0 0 0 0 0 0 0 0 0 0 0 0 0 0 0 0 0 0 0 0 0 0 0 0 0 0 0 0 0 0 0 0 0 0 0 0 0 0 0 0 0 0 0 0 0 0 0 0 0 0 0 0 0 0 0 0 0 0 0 0 0 0 0 0 0 1 1 1 1 1 1 1 1 1 1 1 1 1 1 1 1 1 1 1 1 1 1 1 1 1 1 1 1 1 1 1 1 1 1 1 1 1 1 1 1 1 1 1 1 1 1 1 1 1 1 1 1 1 1 1 1 1 1 1 1 1 1 1 1 1 1 1 1 1 1 1 1 1 1 1 1 1 1 1 1 1 1 1 1 1 1 1 1 1 1 1 1 1 1 1 1 1 1 1 1 1 1 1 1 1 1 1 1 1 1 1 1 1 1 1 1 1 1 1 1 1 1 1 1 1 1 1 1 1 1 1 1 1 1 1 1 1 1 1 1 1 1 1 1 1 1 1 1 1 1 1 1 1 1 1 1 1 
