# This file contains a 2D laser scan observation. 
# Its format is: 
# [aperture] [max_range] [number_of_scans] 
# [vector_of_scans] 
# [vector_of_valid_scans] 
# The aperture of the sensor is in radians, the maximum range 
# and measurements are in meters. '1' means a valid scan, '0' otherwise.
4.1847
5.6
682
0.667 0.667 0.661 0.66 0.66 0.658 0.651 0.647 0.647 0.643 0.642 0.642 0.642 0.639 0.636 0.636 0.631 0.631 0.626 0.626 0.625 0.622 0.622 0.622 0.621 0.619 0.617 0.617 0.617 0.615 0.613 0.613 0.611 0.609 0.608 0.609 0.606 0.605 0.601 0.601 0.6 0.596 0.595 0.595 0.591 0.591 0.591 0.59 0.59 0.59 0.59 0.59 0.59 0.588 0.59 0.588 0.587 0.587 0.587 0.587 0.586 0.585 0.582 0.585 0.582 0.582 0.581 0.581 0.58 0.58 0.58 0.58 0.58 0.579 0.579 0.579 0.581 0.579 0.581 0.581 0.582 0.582 0.582 0.58 0.581 0.58 0.58 0.58 0.58 0.58 0.58 0.58 0.58 0.579 0.578 0.578 0.578 0.578 0.581 0.583 0.583 0.585 0.585 0.585 0.584 0.584 0.581 0.581 0.582 0.582 0.582 0.584 0.585 0.584 0.584 0.581 0.566 0.566 0.552 0.547 0.541 0.541 0.541 0.546 0.548 0.548 0.552 0.557 0.555 0.555 0.555 0.555 0.555 0.554 0.555 0.556 0.561 0.562 0.566 0.566 0.567 0.573 0.574 0.608 0.609 0.611 0.612 0.612 0.617 0.633 0.633 0.633 0.633 0.629 0.626 0.629 0.628 0.628 0.628 0.637 0.638 0.649 0.65 0.655 0.65 0.655 0.655 0.652 0.652 0.657 0.664 0.666 0.666 0.666 0.666 0.666 0.668 0.674 0.674 0.677 0.68 0.684 0.688 0.691 0.691 0.699 0.699 0.699 0.686 0.686 0.684 0.686 0.696 0.697 0.704 0.707 0.712 0.713 0.724 0.724 0.725 0.727 0.729 0.736 0.741 0.736 0.752 0.758 0.758 1.787 1.787 1.787 1.775 1.772 1.748 1.742 1.742 1.726 1.723 1.709 1.702 1.686 1.673 1.664 1.656 1.65 1.648 1.634 1.614 1.609 1.6 1.591 1.59 1.58 1.574 1.556 1.547 1.541 1.534 1.51 1.51 1.505 1.497 1.483 1.482 1.481 1.465 1.463 1.453 1.442 1.437 1.436 1.433 1.424 1.422 1.386 1.386 1.38 1.375 1.363 1.358 1.356 1.353 1.34 1.339 1.33 1.329 1.329 1.329 1.339 1.36 1.36 1.36 1.349 1.348 1.347 1.343 1.335 1.334 1.334 1.338 1.338 1.346 1.371 1.449 1.474 1.503 1.503 1.518 1.547 1.582 1.605 1.641 1.664 1.704 1.725 1.772 1.804 1.833 1.879 1.905 1.959 1.99 2.029 2.09 2.133 2.189 2.254 2.301 2.351 2.351 2.351 2.277 2.25 2.221 2.194 2.185 2.178 2.178 2.181 2.181 2.181 2.182 2.222 2.232 2.243 2.298 2.302 2.302 2.302 2.298 2.297 2.297 2.294 2.293 2.293 2.293 2.293 2.287 2.284 2.284 2.283 2.282 2.279 2.277 2.277 2.277 2.276 2.273 2.276 2.276 2.276 2.276 2.276 2.276 2.275 2.275 2.276 2.275 2.276 2.276 2.276 2.275 2.276 2.275 2.273 2.273 2.278 2.278 2.28 2.28 2.28 2.285 2.285 2.291 2.294 2.295 2.295 2.303 2.304 2.305 2.305 2.305 2.303 2.286 2.286 2.286 2.293 2.305 2.334 2.345 3.228 3.249 3.253 3.253 3.262 3.264 3.267 3.271 3.271 3.282 3.282 1.492 1.481 1.465 1.442 1.412 1.395 1.369 1.346 1.328 1.296 1.279 1.249 1.248 1.248 1.228 1.223 1.217 1.217 1.217 1.224 1.232 1.235 1.245 1.276 1.276 1.368 1.276 1.216 1.216 1.219 1.219 1.225 1.226 1.227 1.234 1.238 1.246 1.25 1.25 1.252 1.26 1.263 1.267 1.28 1.293 1.294 1.301 1.31 1.313 1.314 1.32 1.326 1.332 1.335 1.344 1.35 1.357 1.36 1.364 1.37 1.385 1.388 1.393 1.401 1.411 1.412 1.415 1.425 1.433 1.442 1.446 1.454 1.454 1.472 1.476 1.489 1.494 1.498 1.507 1.516 1.527 1.537 1.545 1.555 1.558 1.563 1.564 1.588 1.589 1.6 1.614 1.624 1.63 1.638 2.135 0.007 2.135 0.627 0.626 0.626 0.624 0.62 0.618 0.614 0.603 0.603 0.602 0.599 0.595 0.592 0.588 0.585 0.576 0.576 0.576 0.583 0.594 0.601 0.601 0.601 0.601 0.601 0.599 0.596 0.596 0.594 0.592 0.591 0.59 0.59 0.59 0.588 0.58 0.587 0.578 0.578 0.578 0.583 0.574 0.573 0.573 0.573 0.573 0.568 0.568 0.567 0.563 0.563 0.563 0.561 0.56 0.561 0.561 0.558 0.557 0.558 0.555 0.555 0.555 0.555 0.555 0.552 0.552 0.552 0.551 0.549 0.551 0.549 0.548 0.548 0.548 0.548 0.548 0.548 0.547 0.541 0.541 0.541 0.541 0.545 0.545 0.545 0.545 0.544 0.544 0.544 0.544 0.544 0.544 0.54 0.54 0.538 0.536 0.536 0.541 0.541 0.541 0.541 0.541 0.54 0.54 0.542 0.542 0.542 0.542 0.542 0.54 0.539 0.539 0.539 0.539 0.543 0.543 0.544 0.543 0.541 0.541 0.541 0.541 0.541 0.541 0.544 0.541 0.54 0.544 0.542 0.54 0.542 0.544 0.544 0.545 0.545 0.546 0.546 0.546 0.548 0.551 0.552 0.551 0.551 0.55 0.55 0.55 0.55 0.55 0.55 0.55 0.552 0.554 0.557 0.559 0.556 0.556 0.559 0.563 0.565 0.565 0.565 0.565 0.565 0.566 0.57 0.571 0.571 0.571 0.575 0.575 0.577 0.582 0.583 0.582 0.579 0.583 0.579 0.579 0.58 0.582 0.582 0.589 0.595 
1 1 1 1 1 1 1 1 1 1 1 1 1 1 1 1 1 1 1 1 1 1 1 1 1 1 1 1 1 1 1 1 1 1 1 1 1 1 1 1 1 1 1 1 1 1 1 1 1 1 1 1 1 1 1 1 1 1 1 1 1 1 1 1 1 1 1 1 1 1 1 1 1 1 1 1 1 1 1 1 1 1 1 1 1 1 1 1 1 1 1 1 1 1 1 1 1 1 1 1 1 1 1 1 1 1 1 1 1 1 1 1 1 1 1 1 1 1 1 1 1 1 1 1 1 1 1 1 1 1 1 1 1 1 1 1 1 1 1 1 1 1 1 1 1 1 1 1 1 1 1 1 1 1 1 1 1 1 1 1 1 1 1 1 1 1 1 1 1 1 1 1 1 1 1 1 1 1 1 1 1 1 1 1 1 1 1 1 1 1 1 1 1 1 1 1 1 1 1 1 1 1 1 1 1 1 1 1 1 1 1 1 1 1 1 1 1 1 1 1 1 1 1 1 1 1 1 1 1 1 1 1 1 1 1 1 1 1 1 1 1 1 1 1 1 1 1 1 1 1 1 1 1 1 1 1 1 1 1 1 1 1 1 1 1 1 1 1 1 1 1 1 1 1 1 1 1 1 1 1 1 1 1 1 1 1 1 1 1 1 1 1 1 1 1 1 1 1 1 1 1 1 1 1 1 1 1 1 1 1 1 1 1 1 1 1 1 1 1 1 1 1 1 1 1 1 1 1 1 1 1 1 1 1 1 1 1 1 1 1 1 1 1 1 1 1 1 1 1 1 1 1 1 1 1 1 1 1 1 1 1 1 1 1 1 1 1 1 1 1 1 1 1 1 1 1 1 1 1 1 1 1 1 1 1 1 1 1 1 1 1 1 1 1 1 1 1 1 1 1 1 1 1 1 1 1 1 1 1 1 1 1 1 1 1 1 1 1 1 1 1 1 1 1 1 1 1 1 1 1 1 1 1 1 1 1 1 1 1 1 1 1 1 1 1 1 1 1 1 1 1 1 1 1 1 1 1 1 1 1 1 1 1 1 1 1 1 1 1 1 1 1 1 1 1 1 1 1 1 1 1 1 1 1 1 1 1 1 1 1 1 1 1 1 1 1 1 0 1 1 1 1 1 1 1 1 1 1 1 1 1 1 1 1 1 1 1 1 1 1 1 1 1 1 1 1 1 1 1 1 1 1 1 1 1 1 1 1 1 1 1 1 1 1 1 1 1 1 1 1 1 1 1 1 1 1 1 1 1 1 1 1 1 1 1 1 1 1 1 1 1 1 1 1 1 1 1 1 1 1 1 1 1 1 1 1 1 1 1 1 1 1 1 1 1 1 1 1 1 1 1 1 1 1 1 1 1 1 1 1 1 1 1 1 1 1 1 1 1 1 1 1 1 1 1 1 1 1 1 1 1 1 1 1 1 1 1 1 1 1 1 1 1 1 1 1 1 1 1 1 1 1 1 1 1 1 1 1 1 1 1 1 1 1 1 1 1 1 1 1 1 1 1 1 1 1 1 1 1 1 1 1 
