# This file contains a 2D laser scan observation. 
# Its format is: 
# [aperture] [max_range] [number_of_scans] 
# [vector_of_scans] 
# [vector_of_valid_scans] 
# The aperture of the sensor is in radians, the maximum range 
# and measurements are in meters. '1' means a valid scan, '0' otherwise.
4.1847
5.6
682
0.922 0.923 0.924 0.924 0.924 0.924 0.924 0.93 0.927 0.931 0.932 0.932 0.936 0.936 0.936 0.936 0.94 0.944 0.945 0.949 0.949 0.95 0.95 0.958 0.96 0.96 0.961 0.961 0.963 0.968 0.971 0.972 0.972 0.972 0.976 0.978 0.978 0.982 0.987 0.991 0.992 0.996 1 1.001 1.001 1.01 1.012 1.015 1.02 1.021 1.023 1.029 1.032 1.036 1.04 1.043 1.044 1.069 1.071 1.077 1.083 1.088 1.093 1.093 1.094 1.098 1.099 1.109 1.114 1.116 1.123 1.125 1.135 1.144 1.148 1.148 1.154 1.162 1.169 1.169 1.177 1.192 1.197 1.202 1.207 1.221 1.222 1.226 1.233 1.234 1.246 1.249 1.27 1.27 1.27 1.263 1.255 1.237 1.234 1.226 1.225 1.217 1.203 1.196 1.194 1.186 1.179 1.167 1.164 1.164 1.155 1.148 1.146 1.135 1.123 1.122 1.118 1.114 1.109 1.1 1.099 1.091 1.088 1.088 1.083 1.083 1.083 1.073 1.063 1.06 1.06 1.057 1.054 1.05 1.05 1.041 1.038 1.035 1.027 1.026 1.024 1.021 1.015 1.012 1.011 1.008 0.996 0.992 0.986 0.987 0.987 0.986 0.979 0.979 0.978 0.978 0.978 0.97 0.966 0.966 0.963 0.959 0.956 0.956 0.954 0.954 0.954 0.955 0.954 0.946 0.942 0.942 0.941 0.938 0.938 0.937 0.931 0.928 0.927 0.928 0.928 0.926 0.926 0.92 0.92 0.916 0.916 0.919 0.919 0.917 0.919 0.917 0.916 0.911 0.911 0.911 0.914 0.911 0.909 0.914 0.909 0.909 0.905 0.913 0.905 0.908 0.908 0.908 0.908 0.908 0.909 0.912 0.915 0.917 0.92 0.92 0.92 0.921 0.921 0.938 0.938 0.926 0.92 0.92 0.92 0.914 0.92 0.914 0.92 0.914 0.914 0.914 0.917 0.912 0.917 0.924 0.924 0.933 0.933 0.933 0.937 0.933 0.932 0.932 0.916 0.913 0.912 0.912 0.908 0.908 0.908 0.917 0.917 0.923 0.923 0.924 0.924 0.929 0.936 0.936 0.941 0.941 0.936 0.941 0.941 0.948 0.961 0.98 0.98 1.003 1.023 1.026 1.03 1.033 1.055 1.055 1.055 1.052 1.025 1.025 1.025 1 0.998 0.99 0.99 0.99 1.025 1.052 1.052 1.048 1.048 1.048 1.048 1.059 1.059 1.059 1.045 1.043 1.041 1.007 1.007 1.003 1.003 1.007 1.009 1.01 1.014 1.016 1.021 1.03 1.03 1.032 1.041 1.041 1.042 1.048 1.051 1.066 1.067 1.07 1.074 1.079 1.08 1.081 1.094 1.102 1.102 1.104 1.111 1.119 1.12 1.122 1.128 1.136 1.139 1.148 1.154 1.158 1.165 1.173 1.178 1.182 1.189 1.196 1.208 1.216 1.218 1.224 1.232 1.237 1.244 1.246 1.253 1.262 1.273 1.275 1.289 1.297 1.311 1.315 1.318 1.34 1.347 1.349 1.355 1.366 1.372 1.377 1.383 1.413 1.419 1.426 1.429 1.448 1.465 1.475 1.493 1.507 1.517 1.531 1.547 1.555 1.572 1.586 1.606 1.613 1.625 1.638 1.661 1.673 1.673 1.68 1.68 1.673 1.664 1.664 1.651 1.649 1.648 1.634 1.633 1.633 1.621 1.612 1.611 1.607 1.597 1.596 1.59 1.588 1.579 1.572 1.571 1.562 1.559 1.555 1.553 1.553 1.544 1.544 1.541 1.539 1.527 1.523 1.523 1.518 1.515 1.515 1.503 1.503 1.5 1.5 1.497 1.494 1.486 1.484 1.483 1.483 1.478 1.478 1.475 1.471 1.47 1.467 1.466 1.465 1.464 1.46 1.455 1.45 1.45 1.447 1.447 1.446 1.445 1.445 1.439 1.437 1.439 1.439 1.438 1.435 1.435 1.435 1.431 1.434 1.431 1.434 1.434 1.434 1.428 1.437 1.437 1.451 1.456 1.458 1.458 1.46 1.461 1.468 1.468 1.461 1.461 1.457 1.452 1.452 1.496 1.496 1.682 1.735 1.735 1.739 1.74 1.74 1.74 1.74 1.734 1.712 1.712 1.562 1.496 1.458 1.442 1.441 1.44 1.438 1.434 1.434 1.437 1.434 1.437 1.44 1.444 1.444 1.447 1.448 1.449 1.45 1.451 1.454 1.454 1.455 1.458 1.466 1.466 1.469 1.474 1.477 1.478 1.479 1.489 1.489 1.493 1.497 1.498 1.5 1.504 1.505 1.508 1.516 1.523 1.523 1.526 1.526 1.534 1.543 1.545 1.597 1.947 1.947 1.947 1.922 1.917 1.916 1.911 1.901 1.893 1.877 1.877 1.877 1.877 1.877 1.789 1.789 1.789 1.869 1.928 1.95 1.976 2.014 2.13 2.13 2.13 2.13 2.13 2.374 2.412 2.424 2.424 2.425 2.43 2.458 2.458 2.465 2.48 2.547 0 0 0 0 0 0 0 0 0 0 0 0 0 0 0 0 0 0 0 0 0 0 0 2.979 2.979 2.979 2.979 2.948 2.921 2.908 2.908 2.921 2.959 2.981 0 0 0 3.292 3.292 3.292 3.366 3.379 3.397 3.397 3.397 3.452 3.455 3.478 3.478 3.478 2.285 2.285 2.284 2.259 0.902 0.902 0.894 0.894 0.892 0.892 0.892 0.892 2.103 0.007 0.006 0.007 0.015 0 0 2.132 2.128 2.123 2.114 2.11 2.11 2.11 2.103 2.096 2.064 2.062 2.05 2.05 2.05 2.05 2.045 1.463 1.463 1.463 1.927 1.998 2 1.998 1.998 1.994 1.993 1.982 
1 1 1 1 1 1 1 1 1 1 1 1 1 1 1 1 1 1 1 1 1 1 1 1 1 1 1 1 1 1 1 1 1 1 1 1 1 1 1 1 1 1 1 1 1 1 1 1 1 1 1 1 1 1 1 1 1 1 1 1 1 1 1 1 1 1 1 1 1 1 1 1 1 1 1 1 1 1 1 1 1 1 1 1 1 1 1 1 1 1 1 1 1 1 1 1 1 1 1 1 1 1 1 1 1 1 1 1 1 1 1 1 1 1 1 1 1 1 1 1 1 1 1 1 1 1 1 1 1 1 1 1 1 1 1 1 1 1 1 1 1 1 1 1 1 1 1 1 1 1 1 1 1 1 1 1 1 1 1 1 1 1 1 1 1 1 1 1 1 1 1 1 1 1 1 1 1 1 1 1 1 1 1 1 1 1 1 1 1 1 1 1 1 1 1 1 1 1 1 1 1 1 1 1 1 1 1 1 1 1 1 1 1 1 1 1 1 1 1 1 1 1 1 1 1 1 1 1 1 1 1 1 1 1 1 1 1 1 1 1 1 1 1 1 1 1 1 1 1 1 1 1 1 1 1 1 1 1 1 1 1 1 1 1 1 1 1 1 1 1 1 1 1 1 1 1 1 1 1 1 1 1 1 1 1 1 1 1 1 1 1 1 1 1 1 1 1 1 1 1 1 1 1 1 1 1 1 1 1 1 1 1 1 1 1 1 1 1 1 1 1 1 1 1 1 1 1 1 1 1 1 1 1 1 1 1 1 1 1 1 1 1 1 1 1 1 1 1 1 1 1 1 1 1 1 1 1 1 1 1 1 1 1 1 1 1 1 1 1 1 1 1 1 1 1 1 1 1 1 1 1 1 1 1 1 1 1 1 1 1 1 1 1 1 1 1 1 1 1 1 1 1 1 1 1 1 1 1 1 1 1 1 1 1 1 1 1 1 1 1 1 1 1 1 1 1 1 1 1 1 1 1 1 1 1 1 1 1 1 1 1 1 1 1 1 1 1 1 1 1 1 1 1 1 1 1 1 1 1 1 1 1 1 1 1 1 1 1 1 1 1 1 1 1 1 1 1 1 1 1 1 1 1 1 1 1 1 1 1 1 1 1 1 1 1 1 1 1 1 1 1 1 1 1 1 1 1 1 1 1 1 1 1 1 1 1 1 1 1 1 1 1 1 1 1 1 1 1 1 1 1 1 1 1 1 1 1 1 1 1 1 1 1 1 1 1 1 1 1 1 1 1 1 1 1 1 1 1 1 1 1 1 1 1 1 1 1 1 1 1 1 1 1 1 1 1 1 1 1 1 1 1 1 1 1 1 0 0 0 0 0 0 0 0 0 0 0 0 0 0 0 0 0 0 0 0 0 0 0 1 1 1 1 1 1 1 1 1 1 1 0 0 0 1 1 1 1 1 1 1 1 1 1 1 1 1 1 1 1 1 1 1 1 1 1 1 1 1 1 0 0 0 0 0 0 1 1 1 1 1 1 1 1 1 1 1 1 1 1 1 1 1 1 1 1 1 1 1 1 1 1 1 
