# This file contains a 2D laser scan observation. 
# Its format is: 
# [aperture] [max_range] [number_of_scans] 
# [vector_of_scans] 
# [vector_of_valid_scans] 
# The aperture of the sensor is in radians, the maximum range 
# and measurements are in meters. '1' means a valid scan, '0' otherwise.
4.1847
5.6
682
0.467 0.47 0.47 0.47 0.471 0.47 0.465 0.471 0.463 0.463 0.463 0.465 0.464 0.464 0.459 0.459 0.458 0.454 0.454 0.454 0.454 0.458 0.462 0.462 0.458 0.461 0.462 0.463 0.463 0.469 0.474 0.477 0.502 0.505 0.506 0.513 0.514 0.514 0.514 0.501 0.5 0.5 0.501 0.606 0.75 0.755 0.755 0.755 0.758 0.762 0.762 0.761 0.765 0.761 0.755 0.761 0.761 0.761 0.761 0.761 0.761 0.763 0.756 0.763 0.764 0.768 0.77 0.771 0.771 0.771 0.771 0.771 0.771 0.774 0.774 0.774 0.777 0.779 0.78 0.78 0.787 0.787 0.787 0.79 0.789 0.79 0.796 0.796 0.796 0.796 0.798 0.799 0.801 0.801 0.802 0.802 0.809 0.809 0.813 0.813 0.819 0.822 0.825 0.825 0.827 0.828 0.829 0.83 0.831 0.835 0.837 0.84 0.841 0.841 0.842 0.843 0.849 0.856 0.856 0.856 0.856 0.862 0.866 0.867 0.874 0.875 0.877 0.88 0.881 0.886 0.887 0.893 0.895 0.9 0.904 0.906 0.907 0.917 0.92 0.924 0.925 0.935 0.936 0.936 0.946 0.952 0.958 0.96 0.963 0.97 0.974 0.984 0.993 0.994 0.994 1.003 1.015 1.015 1.015 1.018 1.024 1.037 1.043 1.043 1.043 1.013 0.957 0.94 0.937 0.926 0.907 0.899 0.897 0.894 0.897 0.892 0.889 0.889 0.887 0.886 0.884 0.882 0.884 0.884 0.886 0.886 0.886 0.885 0.88 0.88 0.885 0.89 0.892 0.892 0.896 0.897 0.899 0.91 0.917 0.925 0.925 0.943 0.962 1.045 1.048 1.048 1.045 1.045 1.044 1.041 1.041 1.037 1.033 1.03 1.027 1.024 1.021 1.015 1.01 1.008 1.008 1.006 0.999 1.006 0.993 0.993 0.987 0.987 0.986 0.982 0.978 0.978 0.978 0.978 0.976 0.97 0.969 0.967 0.967 0.965 0.963 0.962 0.959 0.959 0.954 0.951 0.947 0.947 0.945 0.943 0.941 0.941 0.941 0.941 0.941 0.945 0.943 0.945 0.945 0.943 0.943 0.947 0.958 0.984 1.022 1.057 1.098 1.145 1.201 1.28 2.929 2.929 2.931 2.931 2.931 0 0 0 0 0 2.929 2.928 2.921 2.928 2.928 0 0 0 2.933 2.933 2.933 2.933 2.933 2.933 2.933 2.933 2.937 2.937 2.941 2.941 2.943 2.947 2.948 2.953 2.954 2.957 2.961 2.966 2.969 2.97 2.974 0.008 0.008 0.008 0 2.998 2.998 2.998 3.001 3.005 3.011 3.013 3.022 3.022 3.022 3.016 2.959 2.758 2.701 2.701 2.701 2.705 2.718 2.725 2.728 2.728 2.736 2.742 2.742 2.743 2.754 2.757 2.764 2.767 2.768 2.771 2.776 2.778 2.784 2.784 2.798 2.801 3.224 3.224 3.224 3.15 3.114 3.077 3.029 2.992 2.961 2.913 2.876 2.842 2.818 2.782 2.757 2.723 2.695 2.65 2.641 2.591 2.568 2.567 2.543 2.527 2.516 2.5 2.461 2.444 2.412 2.398 2.373 2.36 2.334 2.308 2.301 2.271 2.255 2.24 2.205 2.195 2.188 2.162 2.154 2.131 2.111 2.109 2.087 2.067 2.045 2.044 2.037 2.013 1.999 1.988 1.973 1.955 1.951 1.928 1.913 1.904 1.889 1.876 1.87 1.846 1.842 1.835 1.824 1.818 1.796 1.792 1.777 1.768 1.757 1.746 1.737 1.737 1.716 1.712 1.701 1.695 1.689 1.674 1.664 1.654 1.648 1.642 1.641 1.626 1.616 1.579 1.576 1.575 1.576 1.576 1.589 1.596 1.625 1.626 1.65 1.658 1.676 1.694 1.707 1.738 1.74 1.766 1.785 1.809 1.835 1.852 1.873 1.888 1.888 1.888 1.866 1.866 1.858 1.855 1.846 1.839 1.836 1.83 1.824 1.822 1.819 1.813 1.806 1.804 1.801 1.799 1.799 1.792 1.786 1.785 1.782 1.779 1.772 1.765 1.762 1.761 1.757 1.751 1.749 1.745 1.744 1.744 1.743 1.742 1.733 1.732 1.729 1.729 1.726 1.725 1.719 1.719 1.717 1.716 1.716 1.717 1.717 1.715 1.71 1.708 1.702 1.699 1.678 1.669 1.654 1.653 1.64 1.627 1.613 1.6 1.596 1.57 1.562 1.554 1.543 1.539 1.535 1.518 1.505 1.49 1.481 1.47 1.46 1.45 1.438 1.43 1.425 1.416 1.407 1.398 1.393 1.378 1.374 1.364 1.364 1.357 1.352 1.251 1.245 1.21 1.13 1.04 1.04 0.952 0.873 0.813 0.812 0.803 0.803 0.789 0.787 0.787 0.787 0.787 0.787 0.787 0.791 0.791 0.795 0.795 0.795 0.794 0.792 0.792 0.792 0.797 0.797 0.805 0.802 0.802 0.802 0.806 0.805 0.806 0.809 0.81 0.815 0.817 0.817 0.815 0.815 0.815 0.815 0.819 0.822 0.826 0.828 0.828 0.826 0.825 0.823 0.823 0.823 0.847 0.847 0.847 0.841 0.825 0.822 0.815 0.799 0.787 0.78 0.778 0.76 0.74 0.74 0.736 0.722 0.719 0.712 0.706 0.695 0.695 0.692 0.68 0.676 0.66 0.65 0.644 0.638 0.637 0.627 0.626 0.62 0.617 0.613 0.609 0.609 0.606 0.605 0.594 0.589 0.588 0.588 0.58 0.577 0.573 0.571 0.568 0.561 0.559 0.555 0.554 0.552 0.549 0.552 0.552 0.549 0.549 0.554 0.554 0.555 0.556 0.561 0.562 0.566 0.57 0.574 0.576 0.577 0.58 0.585 0.59 0.591 0.598 
1 1 1 1 1 1 1 1 1 1 1 1 1 1 1 1 1 1 1 1 1 1 1 1 1 1 1 1 1 1 1 1 1 1 1 1 1 1 1 1 1 1 1 1 1 1 1 1 1 1 1 1 1 1 1 1 1 1 1 1 1 1 1 1 1 1 1 1 1 1 1 1 1 1 1 1 1 1 1 1 1 1 1 1 1 1 1 1 1 1 1 1 1 1 1 1 1 1 1 1 1 1 1 1 1 1 1 1 1 1 1 1 1 1 1 1 1 1 1 1 1 1 1 1 1 1 1 1 1 1 1 1 1 1 1 1 1 1 1 1 1 1 1 1 1 1 1 1 1 1 1 1 1 1 1 1 1 1 1 1 1 1 1 1 1 1 1 1 1 1 1 1 1 1 1 1 1 1 1 1 1 1 1 1 1 1 1 1 1 1 1 1 1 1 1 1 1 1 1 1 1 1 1 1 1 1 1 1 1 1 1 1 1 1 1 1 1 1 1 1 1 1 1 1 1 1 1 1 1 1 1 1 1 1 1 1 1 1 1 1 1 1 1 1 1 1 1 1 1 1 1 1 1 1 1 1 1 1 1 1 1 1 1 1 1 1 1 1 1 1 1 1 1 1 1 0 0 0 0 0 1 1 1 1 1 0 0 0 1 1 1 1 1 1 1 1 1 1 1 1 1 1 1 1 1 1 1 1 1 1 1 0 0 0 0 1 1 1 1 1 1 1 1 1 1 1 1 1 1 1 1 1 1 1 1 1 1 1 1 1 1 1 1 1 1 1 1 1 1 1 1 1 1 1 1 1 1 1 1 1 1 1 1 1 1 1 1 1 1 1 1 1 1 1 1 1 1 1 1 1 1 1 1 1 1 1 1 1 1 1 1 1 1 1 1 1 1 1 1 1 1 1 1 1 1 1 1 1 1 1 1 1 1 1 1 1 1 1 1 1 1 1 1 1 1 1 1 1 1 1 1 1 1 1 1 1 1 1 1 1 1 1 1 1 1 1 1 1 1 1 1 1 1 1 1 1 1 1 1 1 1 1 1 1 1 1 1 1 1 1 1 1 1 1 1 1 1 1 1 1 1 1 1 1 1 1 1 1 1 1 1 1 1 1 1 1 1 1 1 1 1 1 1 1 1 1 1 1 1 1 1 1 1 1 1 1 1 1 1 1 1 1 1 1 1 1 1 1 1 1 1 1 1 1 1 1 1 1 1 1 1 1 1 1 1 1 1 1 1 1 1 1 1 1 1 1 1 1 1 1 1 1 1 1 1 1 1 1 1 1 1 1 1 1 1 1 1 1 1 1 1 1 1 1 1 1 1 1 1 1 1 1 1 1 1 1 1 1 1 1 1 1 1 1 1 1 1 1 1 1 1 1 1 1 1 1 1 1 1 1 1 1 1 1 1 1 1 1 1 1 1 1 1 1 1 1 1 1 1 1 1 1 1 1 1 1 1 1 1 1 1 1 1 1 1 1 1 1 1 1 1 1 1 1 1 1 1 1 1 1 1 1 1 1 1 1 1 1 1 1 1 1 
