# This file contains a 2D laser scan observation. 
# Its format is: 
# [aperture] [max_range] [number_of_scans] 
# [vector_of_scans] 
# [vector_of_valid_scans] 
# The aperture of the sensor is in radians, the maximum range 
# and measurements are in meters. '1' means a valid scan, '0' otherwise.
4.1847
5.6
682
1.09 1.11 1.11 1.11 1.088 1.072 1.066 1.057 1.039 1.038 1.037 1.034 1.026 1.026 1.025 1.025 1.025 1.024 1.023 1.024 1.024 1.024 1.027 1.029 1.032 1.038 1.039 1.04 1.044 1.063 1.072 1.072 1.079 1.277 1.281 1.281 1.281 1.281 1.281 1.285 1.285 1.285 1.286 1.289 1.289 1.286 1.286 1.284 1.282 1.284 1.284 1.285 1.287 1.289 1.291 1.291 1.293 1.29 1.294 1.294 1.297 1.302 1.302 1.302 1.302 1.303 1.303 1.304 1.307 1.307 1.308 1.311 1.321 1.321 1.323 1.329 1.329 1.335 1.337 1.34 1.34 1.34 1.347 1.347 1.35 1.354 1.356 1.359 1.36 1.364 1.37 1.376 1.379 1.379 1.381 1.384 1.392 1.392 1.396 1.402 1.407 1.415 1.418 1.42 1.421 1.424 1.432 1.434 1.44 1.453 1.455 1.459 1.462 1.47 1.475 1.478 1.485 1.49 1.496 1.497 1.506 1.51 1.523 1.526 1.526 1.539 1.545 1.548 1.56 1.561 1.569 1.571 1.592 1.592 1.595 1.605 1.605 1.608 1.641 1.648 1.649 1.648 1.641 1.648 1.649 0 0 0 0 0 0 0 0 0 0 1.72 1.72 1.72 1.72 1.718 1.705 1.691 1.683 1.663 1.662 1.654 1.645 1.631 1.627 1.618 1.603 1.603 1.603 1.627 1.648 1.648 1.648 1.645 1.636 1.632 1.624 1.621 1.611 1.609 1.593 1.592 1.58 1.577 1.573 1.565 1.562 1.553 1.552 1.543 1.535 1.533 1.523 1.519 1.516 1.511 1.503 1.499 1.498 1.491 1.488 1.479 1.474 1.469 1.466 1.466 1.464 1.458 1.457 1.456 1.451 1.45 1.442 1.436 1.434 1.427 1.422 1.421 1.419 1.411 1.411 1.402 1.402 1.402 1.398 1.398 1.395 1.393 1.393 1.389 1.388 1.387 1.386 1.38 1.378 1.375 1.37 1.369 1.369 1.37 1.369 1.371 1.371 1.365 0.844 0.842 0.842 0.842 0.832 0.834 0.837 0.837 0.837 0.854 1.348 1.35 1.35 1.349 1.348 1.342 1.34 1.34 1.339 1.339 1.34 1.339 1.345 1.345 1.346 1.343 1.343 1.342 1.343 1.34 1.34 1.345 1.345 1.345 1.345 1.343 1.34 1.337 1.337 1.342 1.342 1.346 1.348 1.346 1.346 1.346 1.345 1.345 1.345 1.351 1.351 1.351 1.306 1.028 1.001 1.001 1.001 1.005 1.015 1.015 1.006 1.006 1.008 1.008 1.009 1.012 1.012 1.012 1.012 1.011 1.011 1.015 1.015 1.015 1.017 1.025 1.025 1.025 1.027 1.027 1.033 1.033 1.033 1.033 1.031 1.031 1.031 1.037 1.037 1.041 1.044 1.044 1.044 1.051 1.051 1.052 1.055 1.055 1.052 1.054 1.055 1.059 1.06 1.077 1.079 1.079 1.079 1.082 1.082 1.085 1.093 1.098 1.098 1.098 1.102 1.548 1.548 1.548 1.506 1.486 1.484 1.48 1.452 1.447 1.431 1.42 1.399 1.387 1.372 1.363 1.357 1.33 1.317 1.308 1.307 1.289 1.283 1.274 1.253 1.24 1.224 1.22 1.213 1.191 1.184 1.177 1.176 1.166 1.157 1.148 1.143 1.129 1.121 1.121 1.121 1.117 1.105 1.099 1.096 1.094 1.075 1.072 1.067 1.059 1.055 1.05 1.049 1.033 1.029 1.023 1.019 1.017 1.007 1.003 0.994 0.988 0.986 0.984 0.983 0.971 0.97 0.964 0.961 0.954 0.949 0.947 0.94 0.939 0.936 0.931 0.925 0.922 0.921 0.918 0.912 0.909 0.906 0.903 0.892 0.892 0.892 0.891 0.883 0.879 0.876 0.874 0.87 0.87 0.869 0.867 0.862 0.86 0.858 0.858 0.851 0.85 0.847 0.846 0.844 0.844 0.842 0.838 0.836 0.836 0.829 0.829 0.827 0.82 0.82 0.82 0.817 0.816 0.81 0.808 0.808 0.808 0.808 0.807 0.803 0.797 0.796 0.795 0.792 0.792 0.795 0.791 0.795 0.795 0.79 0.789 0.784 0.784 0.784 0.785 0.787 0.787 0.787 0.787 0.787 0.784 0.777 0.775 0.774 0.774 0.773 0.772 0.772 0.771 0.77 0.77 0.77 0.77 0.77 0.771 0.771 0.771 0.771 0.771 0.774 0.774 0.776 0.779 0.782 0.783 0.786 0.789 0.79 0.796 0.798 0.805 0.81 0.811 0.811 0.81 0.81 0.805 0.804 0.799 0.792 0.787 0.786 0.785 0.78 0.78 0.775 0.774 0.77 0.77 0.77 0.77 0.77 0.771 0.775 0.77 0.77 0.773 0.77 0.77 0.773 0.773 0.775 0.776 0.775 0.778 0.779 0.779 0.778 0.78 0.782 0.785 0.785 0.788 0.788 0.792 0.792 0.792 0.793 0.793 0.794 0.794 0.794 0.794 0.801 0.804 0.801 0.801 0.806 0.806 0.803 0.812 0.812 0.813 0.814 0.814 0.817 0.82 0.822 0.823 0.827 0.83 0.83 0.831 0.831 0.831 0.837 0.84 0.839 0.84 0.84 0.843 0.848 0.856 0.857 0.859 0.86 0.862 0.872 0.872 0.873 0.873 0.879 0.88 0.888 0.888 0.891 0.892 0.894 0.895 0.9 0.902 0.905 0.914 0.916 0.919 0.928 0.929 0.936 0.937 0.942 0.944 0.948 0.953 0.955 0.961 0.968 0.975 0.977 0.98 0.986 0.988 1.012 1.012 1.012 1.011 1.004 1.004 1.004 1.009 1.02 1.047 1.585 1.62 1.622 1.627 1.649 1.664 1.669 1.683 1.691 1.709 1.719 1.738 1.753 1.756 
1 1 1 1 1 1 1 1 1 1 1 1 1 1 1 1 1 1 1 1 1 1 1 1 1 1 1 1 1 1 1 1 1 1 1 1 1 1 1 1 1 1 1 1 1 1 1 1 1 1 1 1 1 1 1 1 1 1 1 1 1 1 1 1 1 1 1 1 1 1 1 1 1 1 1 1 1 1 1 1 1 1 1 1 1 1 1 1 1 1 1 1 1 1 1 1 1 1 1 1 1 1 1 1 1 1 1 1 1 1 1 1 1 1 1 1 1 1 1 1 1 1 1 1 1 1 1 1 1 1 1 1 1 1 1 1 1 1 1 1 1 1 1 1 1 0 0 0 0 0 0 0 0 0 0 1 1 1 1 1 1 1 1 1 1 1 1 1 1 1 1 1 1 1 1 1 1 1 1 1 1 1 1 1 1 1 1 1 1 1 1 1 1 1 1 1 1 1 1 1 1 1 1 1 1 1 1 1 1 1 1 1 1 1 1 1 1 1 1 1 1 1 1 1 1 1 1 1 1 1 1 1 1 1 1 1 1 1 1 1 1 1 1 1 1 1 1 1 1 1 1 1 1 1 1 1 1 1 1 1 1 1 1 1 1 1 1 1 1 1 1 1 1 1 1 1 1 1 1 1 1 1 1 1 1 1 1 1 1 1 1 1 1 1 1 1 1 1 1 1 1 1 1 1 1 1 1 1 1 1 1 1 1 1 1 1 1 1 1 1 1 1 1 1 1 1 1 1 1 1 1 1 1 1 1 1 1 1 1 1 1 1 1 1 1 1 1 1 1 1 1 1 1 1 1 1 1 1 1 1 1 1 1 1 1 1 1 1 1 1 1 1 1 1 1 1 1 1 1 1 1 1 1 1 1 1 1 1 1 1 1 1 1 1 1 1 1 1 1 1 1 1 1 1 1 1 1 1 1 1 1 1 1 1 1 1 1 1 1 1 1 1 1 1 1 1 1 1 1 1 1 1 1 1 1 1 1 1 1 1 1 1 1 1 1 1 1 1 1 1 1 1 1 1 1 1 1 1 1 1 1 1 1 1 1 1 1 1 1 1 1 1 1 1 1 1 1 1 1 1 1 1 1 1 1 1 1 1 1 1 1 1 1 1 1 1 1 1 1 1 1 1 1 1 1 1 1 1 1 1 1 1 1 1 1 1 1 1 1 1 1 1 1 1 1 1 1 1 1 1 1 1 1 1 1 1 1 1 1 1 1 1 1 1 1 1 1 1 1 1 1 1 1 1 1 1 1 1 1 1 1 1 1 1 1 1 1 1 1 1 1 1 1 1 1 1 1 1 1 1 1 1 1 1 1 1 1 1 1 1 1 1 1 1 1 1 1 1 1 1 1 1 1 1 1 1 1 1 1 1 1 1 1 1 1 1 1 1 1 1 1 1 1 1 1 1 1 1 1 1 1 1 1 1 1 1 1 1 1 1 1 1 1 1 1 1 1 1 1 1 1 1 1 1 1 1 1 1 1 1 1 1 1 1 1 1 1 1 1 1 1 1 1 1 1 1 1 1 1 1 1 1 
