# This file contains a 2D laser scan observation. 
# Its format is: 
# [aperture] [max_range] [number_of_scans] 
# [vector_of_scans] 
# [vector_of_valid_scans] 
# The aperture of the sensor is in radians, the maximum range 
# and measurements are in meters. '1' means a valid scan, '0' otherwise.
4.1847
5.6
682
1.373 1.373 1.378 1.38 1.38 1.38 1.38 1.383 1.377 1.377 1.383 1.385 1.386 1.389 1.389 1.393 1.393 1.393 1.395 1.399 1.402 1.402 1.402 1.404 1.409 1.41 1.41 1.411 1.411 1.417 1.42 1.424 1.428 1.429 1.429 1.43 1.433 1.439 1.443 1.444 1.447 1.449 1.45 1.458 1.458 1.46 1.468 1.475 1.474 1.474 1.475 1.491 1.491 1.503 1.506 1.507 1.51 1.51 1.517 1.519 1.526 1.534 1.537 1.546 1.558 1.56 1.563 1.566 1.572 1.575 1.578 1.583 1.594 1.596 1.609 1.61 1.618 1.63 0 0 0 0.007 0 0 0 0 0.904 0.904 0.904 1.645 1.671 1.671 1.671 1.671 1.677 1.681 1.696 1.702 1.712 1.723 1.737 1.737 1.737 1.733 1.727 1.702 1.702 1.69 1.688 1.673 1.664 1.644 1.641 1.641 1.614 1.614 1.614 1.64 1.653 1.655 1.655 1.653 1.648 1.629 1.629 1.621 1.615 1.601 1.598 1.59 1.58 1.566 1.559 1.554 1.546 1.545 1.533 1.53 1.525 1.512 1.507 1.505 1.498 1.491 1.489 1.489 1.484 1.478 1.471 1.453 1.446 1.445 1.437 1.437 1.436 1.428 1.424 1.42 1.417 1.413 1.406 1.402 1.399 1.395 1.39 1.387 1.387 1.38 1.377 1.376 1.368 1.367 1.367 1.356 1.354 1.356 1.354 1.347 1.351 1.344 1.342 0.803 0.795 0.795 0.795 0.802 0.802 0.802 0.792 0.792 0.792 0.796 1.313 1.314 1.314 1.313 1.31 1.308 1.308 1.307 1.303 1.302 1.297 1.295 1.295 1.293 1.293 1.293 1.291 1.289 1.286 1.286 1.286 1.285 1.284 1.284 1.284 1.279 1.283 1.279 1.279 1.279 1.279 1.278 1.279 1.278 1.278 1.275 1.275 1.275 1.274 1.275 1.276 1.276 1.276 1.279 1.279 1.28 1.28 1.273 1.27 1.03 0.947 0.939 0.934 0.933 0.93 0.933 0.93 0.93 0.93 0.93 0.93 0.934 0.934 0.935 0.935 0.936 0.936 0.938 0.938 0.942 0.938 0.942 0.942 0.942 0.938 0.938 0.938 0.938 0.941 0.947 0.947 0.951 0.951 0.95 0.947 0.95 0.949 0.95 0.951 0.951 0.953 0.959 0.959 0.959 0.961 0.963 0.963 0.965 0.966 0.972 0.972 0.973 0.973 0.973 0.976 0.98 0.982 0.982 0.983 0.984 0.992 0.993 0.994 0.996 0.996 0.996 1.007 1.01 1.446 1.449 1.449 1.446 1.429 1.384 1.378 1.375 1.355 1.341 1.321 1.31 1.294 1.279 1.263 1.253 1.242 1.216 1.213 1.201 1.18 1.172 1.171 1.145 1.137 1.12 1.115 1.108 1.099 1.089 1.085 1.073 1.063 1.057 1.046 1.044 1.023 1.021 1.017 1.009 1.008 0.992 0.991 0.984 0.977 0.957 0.954 0.952 0.945 0.934 0.931 0.927 0.924 0.921 0.917 0.909 0.903 0.897 0.896 0.887 0.881 0.879 0.877 0.873 0.864 0.862 0.856 0.854 0.854 0.85 0.843 0.831 0.83 0.829 0.829 0.827 0.816 0.816 0.814 0.808 0.802 0.796 0.795 0.794 0.79 0.786 0.784 0.783 0.782 0.779 0.773 0.772 0.765 0.765 0.765 0.763 0.758 0.757 0.745 0.745 0.742 0.737 0.734 0.733 0.733 0.73 0.73 0.725 0.725 0.723 0.721 0.721 0.72 0.711 0.711 0.708 0.708 0.699 0.697 0.695 0.695 0.695 0.692 0.692 0.692 0.689 0.686 0.679 0.679 0.675 0.67 0.67 0.675 0.675 0.674 0.674 0.671 0.671 0.67 0.667 0.666 0.666 0.666 0.669 0.669 0.672 0.672 0.672 0.672 0.672 0.672 0.68 0.674 0.68 0.68 0.678 0.674 0.678 0.676 0.678 0.679 0.68 0.68 0.68 0.68 0.681 0.683 0.684 0.684 0.687 0.686 0.686 0.686 0.688 0.695 0.695 0.699 0.704 0.709 0.722 0.723 0.723 0.723 0.725 0.725 0.72 0.715 0.715 0.714 0.7 0.698 0.695 0.695 0.688 0.686 0.686 0.683 0.683 0.68 0.678 0.675 0.675 0.674 0.675 0.681 0.681 0.68 0.681 0.68 0.678 0.68 0.679 0.679 0.679 0.679 0.679 0.681 0.681 0.682 0.684 0.687 0.69 0.69 0.693 0.693 0.693 0.693 0.693 0.692 0.691 0.691 0.691 0.694 0.697 0.704 0.706 0.706 0.708 0.709 0.709 0.709 0.713 0.716 0.72 0.716 0.717 0.717 0.718 0.718 0.727 0.728 0.728 0.729 0.73 0.733 0.735 0.742 0.745 0.747 0.747 0.749 0.75 0.756 0.76 0.76 0.76 0.766 0.767 0.767 0.767 0.767 0.769 0.776 0.777 0.777 0.792 0.792 0.792 0.792 0.792 0.798 0.803 0.807 0.812 0.812 0.817 0.818 0.82 0.827 0.837 0.839 0.84 0.84 0.844 0.845 0.848 0.859 0.859 0.863 0.867 0.871 0.877 0.881 0.882 0.885 0.896 0.897 0.905 0.909 0.914 0.922 0.927 0.935 0.937 0.94 0.952 0.96 0.962 0.968 0.983 0.986 0.987 0.987 0.992 0.987 0.987 0.993 1.007 1.015 1.687 1.698 1.718 1.718 1.735 1.745 1.745 1.747 1.748 1.753 1.754 1.763 1.766 1.768 1.773 1.779 1.782 1.782 1.791 1.794 1.794 1.796 1.804 1.807 1.811 1.818 1.823 1.827 1.827 1.829 1.83 1.833 1.839 1.845 1.846 1.856 1.859 1.86 1.865 1.872 1.872 1.888 1.889 
1 1 1 1 1 1 1 1 1 1 1 1 1 1 1 1 1 1 1 1 1 1 1 1 1 1 1 1 1 1 1 1 1 1 1 1 1 1 1 1 1 1 1 1 1 1 1 1 1 1 1 1 1 1 1 1 1 1 1 1 1 1 1 1 1 1 1 1 1 1 1 1 1 1 1 1 1 1 0 0 0 0 0 0 0 0 1 1 1 1 1 1 1 1 1 1 1 1 1 1 1 1 1 1 1 1 1 1 1 1 1 1 1 1 1 1 1 1 1 1 1 1 1 1 1 1 1 1 1 1 1 1 1 1 1 1 1 1 1 1 1 1 1 1 1 1 1 1 1 1 1 1 1 1 1 1 1 1 1 1 1 1 1 1 1 1 1 1 1 1 1 1 1 1 1 1 1 1 1 1 1 1 1 1 1 1 1 1 1 1 1 1 1 1 1 1 1 1 1 1 1 1 1 1 1 1 1 1 1 1 1 1 1 1 1 1 1 1 1 1 1 1 1 1 1 1 1 1 1 1 1 1 1 1 1 1 1 1 1 1 1 1 1 1 1 1 1 1 1 1 1 1 1 1 1 1 1 1 1 1 1 1 1 1 1 1 1 1 1 1 1 1 1 1 1 1 1 1 1 1 1 1 1 1 1 1 1 1 1 1 1 1 1 1 1 1 1 1 1 1 1 1 1 1 1 1 1 1 1 1 1 1 1 1 1 1 1 1 1 1 1 1 1 1 1 1 1 1 1 1 1 1 1 1 1 1 1 1 1 1 1 1 1 1 1 1 1 1 1 1 1 1 1 1 1 1 1 1 1 1 1 1 1 1 1 1 1 1 1 1 1 1 1 1 1 1 1 1 1 1 1 1 1 1 1 1 1 1 1 1 1 1 1 1 1 1 1 1 1 1 1 1 1 1 1 1 1 1 1 1 1 1 1 1 1 1 1 1 1 1 1 1 1 1 1 1 1 1 1 1 1 1 1 1 1 1 1 1 1 1 1 1 1 1 1 1 1 1 1 1 1 1 1 1 1 1 1 1 1 1 1 1 1 1 1 1 1 1 1 1 1 1 1 1 1 1 1 1 1 1 1 1 1 1 1 1 1 1 1 1 1 1 1 1 1 1 1 1 1 1 1 1 1 1 1 1 1 1 1 1 1 1 1 1 1 1 1 1 1 1 1 1 1 1 1 1 1 1 1 1 1 1 1 1 1 1 1 1 1 1 1 1 1 1 1 1 1 1 1 1 1 1 1 1 1 1 1 1 1 1 1 1 1 1 1 1 1 1 1 1 1 1 1 1 1 1 1 1 1 1 1 1 1 1 1 1 1 1 1 1 1 1 1 1 1 1 1 1 1 1 1 1 1 1 1 1 1 1 1 1 1 1 1 1 1 1 1 1 1 1 1 1 1 1 1 1 1 1 1 1 1 1 1 1 1 1 1 1 1 1 1 1 1 1 1 1 1 1 1 1 1 1 1 1 1 1 1 1 1 1 1 1 1 1 1 1 1 1 1 1 1 1 1 1 1 1 1 1 1 1 1 1 
