# This file contains a 2D laser scan observation. 
# Its format is: 
# [aperture] [max_range] [number_of_scans] 
# [vector_of_scans] 
# [vector_of_valid_scans] 
# The aperture of the sensor is in radians, the maximum range 
# and measurements are in meters. '1' means a valid scan, '0' otherwise.
4.1847
5.6
682
1.226 1.218 1.218 1.21 1.206 1.192 1.19 1.189 1.187 1.174 1.171 1.165 1.163 1.157 1.157 1.148 1.142 1.138 1.133 1.127 1.123 1.121 1.11 1.108 1.068 1.044 1.023 0.985 0.972 0.958 0.94 0.927 0.911 0.891 0.881 0.863 0.85 0.83 0.802 0.8 0.778 0.77 0.764 0.746 0.731 0.72 0.709 0.697 0.688 0.681 0.67 0.662 0.651 0.64 0.637 0.632 0.624 0.612 0.612 0.609 0.609 0.609 0.609 0.612 0.616 0.612 0.604 0.6 0.592 0.592 0.592 0.594 0.6 0.601 0.602 0.604 0.604 0.608 0.614 0.614 0.617 0.617 0.618 0.623 0.618 0.625 0.629 0.635 0.638 0.639 0.643 0.644 0.647 0.647 0.649 0.649 0.666 0.668 0.67 0.672 0.678 0.678 0.681 0.686 0.688 0.688 0.686 0.686 0.685 0.684 0.679 0.674 0.672 0.67 0.67 0.671 0.672 0.676 0.689 0.689 0.689 0.689 0.699 0.709 0.709 0.709 0.705 0.691 0.688 0.686 0.686 0.674 0.673 0.672 0.668 0.667 0.658 0.657 0.657 0.655 0.655 0.651 0.645 0.644 0.636 0.634 0.632 0.631 0.631 0.631 0.629 0.629 0.616 0.615 0.613 0.613 0.613 0.612 0.611 0.608 0.605 0.602 0.602 0.602 0.599 0.599 0.599 0.595 0.591 0.587 0.586 0.586 0.587 0.586 0.584 0.584 0.581 0.579 0.579 0.579 0.578 0.578 0.575 0.575 0.575 0.57 0.571 0.571 0.569 0.569 0.569 0.566 0.565 0.562 0.562 0.565 0.565 0.566 0.566 0.566 0.559 0.569 0.559 0.569 0.582 0.591 0.631 0.672 0.706 0.736 0.756 0.78 0.8 0.817 0.834 0.844 0.863 0.876 0.877 0.879 0.879 0.876 0.873 0.872 0.868 0.872 0.868 0.868 0.873 0.873 0.873 0.873 0.873 0.868 0.854 0.847 0.848 0.848 0.848 0.848 0.848 0.852 0.852 0.847 0.847 0.852 0.852 0.858 0.863 0.869 0.869 0.934 0.006 0.006 0.006 0.006 0.006 0.006 0.006 0.006 0.006 0.006 0.006 0.007 0.006 0.006 0.006 0.006 0.006 0.006 0.006 0.006 0.006 0.006 0.007 0.006 0 0 0 0 0 0 0 0 0 0 0 0 0 0 0 0.007 0 0 0 0 2.558 2.558 2.517 2.479 2.332 2.297 2.243 2.243 2.243 2.231 2.26 2.26 2.188 2.172 2.172 2.172 2.186 2.21 2.222 2.224 2.224 2.224 2.237 2.245 2.258 2.263 2.27 2.272 2.281 2.291 2.295 2.313 2.316 2.324 2.335 2.348 2.355 2.364 2.367 2.378 2.395 2.395 2.416 2.426 2.438 2.444 2.446 2.459 2.47 2.487 2.497 2.506 2.514 2.535 2.545 2.55 2.572 2.572 2.572 1.179 1.173 1.141 1.101 1.1 1.091 1.086 1.073 1.067 1.052 1.052 1.041 1.037 1.037 1.037 1.03 1.022 1.016 1.012 1.009 0.999 0.995 0.988 0.982 0.973 0.972 0.963 0.96 0.957 0.95 0.949 0.943 0.934 0.933 0.929 0.924 0.91 0.908 0.905 0.897 0.897 0.896 0.89 0.888 0.883 0.878 0.875 0.874 0.871 0.864 0.861 0.856 0.853 0.853 0.851 0.846 0.844 0.843 0.838 0.829 0.829 0.825 0.82 0.82 0.82 0.816 0.816 0.814 0.807 0.802 0.801 0.801 0.801 0.798 0.793 0.787 0.787 0.781 0.778 0.777 0.778 0.778 0.778 0.767 0.756 0.756 0.756 0.756 0.76 0.761 0.76 0.756 0.748 0.748 0.748 0.748 0.748 0.745 0.745 0.743 0.736 0.736 0.734 0.734 0.735 0.737 0.735 0.735 0.722 0.722 0.722 0.722 0.724 0.761 0.86 1.014 1.014 1.014 1.013 1.013 1.013 1.011 1.009 1.009 1.007 1.005 1.001 1.001 1.003 1 1.003 1.003 1 1 0.998 0.994 0.994 1 0.994 1.005 1.005 0.994 0.994 0.994 0.994 0.998 1 1 1 1 0.998 0.996 0.998 0.995 0.994 0.994 0.995 0.995 0.995 1 1 1 0.995 1 1 1 1 1 1.006 1 1 1.006 1 1 1.004 1.009 1.012 1.014 1.015 1.015 1.014 1.014 1.018 1.023 1.023 1.023 1.023 1.023 1.025 1.026 1.026 1.026 1.027 1.027 1.037 1.037 1.037 1.042 1.042 1.044 1.047 1.047 1.047 1.047 1.057 1.057 1.058 1.063 1.068 1.069 1.069 1.069 1.068 1.068 1.068 1.068 1.083 1.085 1.089 1.098 1.101 1.101 1.112 1.112 1.113 1.112 1.117 1.118 1.122 1.129 1.135 1.139 1.143 1.15 1.15 1.151 1.155 1.156 1.165 1.169 1.171 1.175 1.183 1.183 1.194 1.194 1.203 1.203 1.204 1.221 1.221 1.23 1.232 1.244 1.244 1.244 1.228 1.224 1.207 1.207 1.183 1.179 1.172 1.161 1.152 1.148 1.136 1.125 1.113 1.112 1.106 1.103 1.082 1.08 1.073 1.062 1.059 1.056 1.046 1.042 1.026 1.025 1.022 1.013 1.013 1.006 0.999 0.996 0.989 0.986 0.975 0.97 0.968 0.965 0.961 0.958 0.947 0.944 0.941 0.939 0.935 0.93 0.928 0.927 0.924 0.92 0.915 0.914 0.898 0.898 0.898 0.895 0.892 0.888 0.886 0.886 0.88 0.878 0.869 0.866 0.868 0.868 0.868 0.87 0.894 0.897 0.907 
1 1 1 1 1 1 1 1 1 1 1 1 1 1 1 1 1 1 1 1 1 1 1 1 1 1 1 1 1 1 1 1 1 1 1 1 1 1 1 1 1 1 1 1 1 1 1 1 1 1 1 1 1 1 1 1 1 1 1 1 1 1 1 1 1 1 1 1 1 1 1 1 1 1 1 1 1 1 1 1 1 1 1 1 1 1 1 1 1 1 1 1 1 1 1 1 1 1 1 1 1 1 1 1 1 1 1 1 1 1 1 1 1 1 1 1 1 1 1 1 1 1 1 1 1 1 1 1 1 1 1 1 1 1 1 1 1 1 1 1 1 1 1 1 1 1 1 1 1 1 1 1 1 1 1 1 1 1 1 1 1 1 1 1 1 1 1 1 1 1 1 1 1 1 1 1 1 1 1 1 1 1 1 1 1 1 1 1 1 1 1 1 1 1 1 1 1 1 1 1 1 1 1 1 1 1 1 1 1 1 1 1 1 1 1 1 1 1 1 1 1 1 1 1 1 1 1 1 1 1 1 1 1 1 1 1 1 1 1 1 1 1 1 1 1 1 1 1 1 1 1 1 0 0 0 0 0 0 0 0 0 0 0 0 0 0 0 0 0 0 0 0 0 0 0 0 0 0 0 0 0 0 0 0 0 0 0 0 0 0 0 0 0 0 0 0 1 1 1 1 1 1 1 1 1 1 1 1 1 1 1 1 1 1 1 1 1 1 1 1 1 1 1 1 1 1 1 1 1 1 1 1 1 1 1 1 1 1 1 1 1 1 1 1 1 1 1 1 1 1 1 1 1 1 1 1 1 1 1 1 1 1 1 1 1 1 1 1 1 1 1 1 1 1 1 1 1 1 1 1 1 1 1 1 1 1 1 1 1 1 1 1 1 1 1 1 1 1 1 1 1 1 1 1 1 1 1 1 1 1 1 1 1 1 1 1 1 1 1 1 1 1 1 1 1 1 1 1 1 1 1 1 1 1 1 1 1 1 1 1 1 1 1 1 1 1 1 1 1 1 1 1 1 1 1 1 1 1 1 1 1 1 1 1 1 1 1 1 1 1 1 1 1 1 1 1 1 1 1 1 1 1 1 1 1 1 1 1 1 1 1 1 1 1 1 1 1 1 1 1 1 1 1 1 1 1 1 1 1 1 1 1 1 1 1 1 1 1 1 1 1 1 1 1 1 1 1 1 1 1 1 1 1 1 1 1 1 1 1 1 1 1 1 1 1 1 1 1 1 1 1 1 1 1 1 1 1 1 1 1 1 1 1 1 1 1 1 1 1 1 1 1 1 1 1 1 1 1 1 1 1 1 1 1 1 1 1 1 1 1 1 1 1 1 1 1 1 1 1 1 1 1 1 1 1 1 1 1 1 1 1 1 1 1 1 1 1 1 1 1 1 1 1 1 1 1 1 1 1 1 1 1 1 1 1 1 1 1 1 1 1 1 1 1 1 1 1 1 1 1 1 1 1 1 1 1 1 1 1 1 1 1 1 1 1 1 1 1 1 1 1 1 1 1 1 1 1 1 1 1 1 1 
