# This file contains a 2D laser scan observation. 
# Its format is: 
# [aperture] [max_range] [number_of_scans] 
# [vector_of_scans] 
# [vector_of_valid_scans] 
# The aperture of the sensor is in radians, the maximum range 
# and measurements are in meters. '1' means a valid scan, '0' otherwise.
4.1847
5.6
682
1.355 1.369 1.393 1.407 1.418 1.437 1.462 1.476 1.501 1.529 1.546 1.576 1.599 1.624 1.646 1.68 1.696 1.745 1.761 1.781 1.812 1.845 1.893 1.922 1.964 2.007 2.039 2.075 2.117 2.165 2.207 2.241 2.285 2.344 2.401 2.473 3.435 3.435 3.435 3.432 3.431 3.425 3.416 3.413 3.409 3.405 3.404 3.392 3.391 3.385 3.382 3.377 3.377 3.376 3.366 3.364 3.354 3.351 3.351 3.35 3.347 3.346 3.341 3.341 3.335 3.337 3.331 3.329 3.329 3.329 3.329 3.329 3.324 3.323 3.323 3.321 3.321 3.321 3.322 3.322 3.322 3.322 3.322 3.322 3.322 3.322 3.323 3.327 3.327 3.327 3.33 3.33 3.333 3.333 3.336 3.336 3.338 3.338 3.338 3.311 3.311 3.311 3.311 3.311 2.408 2.408 2.408 0 0 0 0.007 0 0 0 0 0 0 0 0 0 0 1.526 1.45 1.45 1.418 1.413 1.374 1.368 1.336 1.32 1.29 1.268 1.243 1.216 1.198 1.182 1.152 1.135 1.123 1.097 1.082 1.08 1.052 1.037 1.027 1.021 0.995 0.991 0.97 0.962 0.951 0.94 0.932 0.916 0.913 0.902 0.893 0.881 0.881 0.87 0.866 0.848 0.839 0.836 0.833 0.826 0.82 0.819 0.798 0.79 0.789 0.774 0.755 0.753 0.72 0.717 0.707 0.706 0.698 0.693 0.692 0.691 0.681 0.675 0.67 0.67 0.67 0.67 0.67 0.671 0.679 0.682 0.682 0.691 0.694 0.694 0.694 0.674 0.664 0.66 0.652 0.65 0.641 0.641 0.641 0.641 0.636 0.645 0.636 0.635 0.63 0.63 0.628 0.627 0.626 0.615 0.612 0.612 0.609 0.605 0.605 0.602 0.6 0.597 0.593 0.589 0.585 0.584 0.577 0.577 0.577 0.577 0.577 0.577 0.576 0.565 0.565 0.563 0.558 0.55 0.55 0.541 0.536 0.536 0.536 0.536 0.536 0.53 0.527 0.526 0.525 0.524 0.52 0.52 0.521 0.521 0.513 0.513 0.508 0.508 0.507 0.507 0.502 0.502 0.518 0.521 0.52 0.521 0.558 0 0 0 0 0 0 0 0 0 0 0 0 0 0 0 0 0 0 0 0 0 0 0 0 0 0 0 0 0 0 0 0 0 0 0 0 0 0 0 0 0 0 0.007 0 0 0 0 0 0 0 0 0 0 0 0 0 0 0.007 0 0.007 4.971 4.967 4.971 4.971 4.999 5.005 5.012 5.022 5.022 5.022 4.483 4.401 4.353 4.353 4.326 4.326 4.275 4.261 4.261 4.261 4.261 4.259 4.214 4.214 4.214 4.232 4.24 4.24 4.24 4.23 4.196 4.196 4.196 4.239 4.327 4.335 4.335 4.357 4.357 4.335 4.388 4.474 5.238 5.247 5.257 5.265 5.312 5.312 5.312 3.254 3.19 3.124 3.068 3.02 2.962 2.917 2.859 2.797 2.737 2.689 2.627 2.58 2.535 2.503 2.458 2.428 2.403 2.358 2.217 1.294 1.277 1.254 1.239 1.211 1.211 1.201 1.2 1.193 1.173 1.152 1.149 1.125 1.102 1.096 1.083 1.082 1.065 1.051 1.032 1.028 1.023 1.007 0.999 0.979 0.978 0.963 0.958 0.939 0.937 0.923 0.92 0.902 0.902 0.884 0.883 0.872 0.862 0.86 0.851 0.84 0.835 0.811 0.797 0.795 0.782 0.781 0.771 0.763 0.756 0.75 0.74 0.738 0.736 0.73 0.727 0.726 0.714 0.708 0.708 0.707 0.707 0.708 0.718 0.721 0.725 0.729 0.789 0.789 0.789 0.73 0.727 0.725 0.721 0.715 0.691 0.69 0.689 0.689 0.686 0.678 0.685 0.685 0.685 0.685 0.69 0.69 0.699 0.702 0.702 0.716 0.717 0.717 0.726 0.731 0.753 0.784 0.784 0.787 0.799 0.801 0.806 0.812 0.828 0.829 0.831 0.841 0.847 0.858 0.866 0.877 0.9 0.902 0.912 0.928 0.929 0.936 0.945 0.962 0.982 0.985 1.005 1.008 1.025 1.049 1.055 1.074 1.091 1.108 1.124 1.149 1.17 1.182 1.206 1.222 1.252 1.269 1.288 1.315 1.348 1.36 1.403 1.429 1.464 1.493 1.538 1.558 1.606 1.641 1.65 1.65 1.65 1.588 1.535 1.533 1.492 1.477 1.45 1.45 1.45 1.464 1.464 1.465 1.465 1.457 1.457 1.466 1.462 1.477 1.519 1.519 1.549 1.609 1.609 1.61 1.609 1.609 1.609 1.607 1.606 1.606 1.606 1.597 1.597 1.598 1.606 1.599 1.606 1.599 1.599 1.599 1.594 1.594 1.595 1.597 1.596 1.596 1.597 1.596 1.596 1.594 1.597 1.597 1.597 1.599 1.599 1.597 1.597 1.597 1.596 1.597 1.598 1.603 1.604 1.604 1.607 1.607 1.606 1.606 1.606 1.606 1.608 1.613 1.613 1.614 1.613 1.613 1.615 1.615 1.615 1.623 1.625 1.625 1.636 1.636 1.636 1.636 1.637 1.646 1.646 1.646 1.649 1.656 1.656 1.659 1.661 1.667 1.667 1.671 1.68 1.68 1.674 1.674 1.658 1.648 1.648 1.648 1.668 1.673 1.678 1.707 1.721 2.722 2.722 2.725 2.722 2.713 2.679 2.427 2.414 2.39 2.39 2.385 2.377 2.365 2.361 2.34 2.328 2.327 2.309 2.304 2.294 2.289 2.271 
1 1 1 1 1 1 1 1 1 1 1 1 1 1 1 1 1 1 1 1 1 1 1 1 1 1 1 1 1 1 1 1 1 1 1 1 1 1 1 1 1 1 1 1 1 1 1 1 1 1 1 1 1 1 1 1 1 1 1 1 1 1 1 1 1 1 1 1 1 1 1 1 1 1 1 1 1 1 1 1 1 1 1 1 1 1 1 1 1 1 1 1 1 1 1 1 1 1 1 1 1 1 1 1 1 1 1 0 0 0 0 0 0 0 0 0 0 0 0 0 0 1 1 1 1 1 1 1 1 1 1 1 1 1 1 1 1 1 1 1 1 1 1 1 1 1 1 1 1 1 1 1 1 1 1 1 1 1 1 1 1 1 1 1 1 1 1 1 1 1 1 1 1 1 1 1 1 1 1 1 1 1 1 1 1 1 1 1 1 1 1 1 1 1 1 1 1 1 1 1 1 1 1 1 1 1 1 1 1 1 1 1 1 1 1 1 1 1 1 1 1 1 1 1 1 1 1 1 1 1 1 1 1 1 1 1 1 1 1 1 1 1 1 1 1 1 1 1 1 1 1 1 1 1 1 1 1 1 1 1 1 1 1 1 1 1 1 1 1 0 0 0 0 0 0 0 0 0 0 0 0 0 0 0 0 0 0 0 0 0 0 0 0 0 0 0 0 0 0 0 0 0 0 0 0 0 0 0 0 0 0 0 0 0 0 0 0 0 0 0 0 0 0 0 0 0 0 0 0 1 1 1 1 1 1 1 1 1 1 1 1 1 1 1 1 1 1 1 1 1 1 1 1 1 1 1 1 1 1 1 1 1 1 1 1 1 1 1 1 1 1 1 1 1 1 1 1 1 1 1 1 1 1 1 1 1 1 1 1 1 1 1 1 1 1 1 1 1 1 1 1 1 1 1 1 1 1 1 1 1 1 1 1 1 1 1 1 1 1 1 1 1 1 1 1 1 1 1 1 1 1 1 1 1 1 1 1 1 1 1 1 1 1 1 1 1 1 1 1 1 1 1 1 1 1 1 1 1 1 1 1 1 1 1 1 1 1 1 1 1 1 1 1 1 1 1 1 1 1 1 1 1 1 1 1 1 1 1 1 1 1 1 1 1 1 1 1 1 1 1 1 1 1 1 1 1 1 1 1 1 1 1 1 1 1 1 1 1 1 1 1 1 1 1 1 1 1 1 1 1 1 1 1 1 1 1 1 1 1 1 1 1 1 1 1 1 1 1 1 1 1 1 1 1 1 1 1 1 1 1 1 1 1 1 1 1 1 1 1 1 1 1 1 1 1 1 1 1 1 1 1 1 1 1 1 1 1 1 1 1 1 1 1 1 1 1 1 1 1 1 1 1 1 1 1 1 1 1 1 1 1 1 1 1 1 1 1 1 1 1 1 1 1 1 1 1 1 1 1 1 1 1 1 1 1 1 1 1 1 1 1 1 1 1 1 1 1 1 1 1 1 1 1 1 1 1 1 1 1 1 1 1 1 1 1 1 1 1 1 1 1 1 1 1 1 1 1 1 1 1 1 1 
