# This file contains a 2D laser scan observation. 
# Its format is: 
# [aperture] [max_range] [number_of_scans] 
# [vector_of_scans] 
# [vector_of_valid_scans] 
# The aperture of the sensor is in radians, the maximum range 
# and measurements are in meters. '1' means a valid scan, '0' otherwise.
4.1847
5.6
682
0.007 0.837 0.822 0.837 0.837 1.43 1.483 1.523 1.523 1.548 1.549 1.549 1.549 1.548 1.535 1.533 1.529 1.525 1.519 1.515 1.515 1.515 1.519 0.007 1.497 1.494 1.494 1.485 1.484 1.48 1.48 1.473 1.466 1.462 1.461 1.458 1.457 1.455 1.452 1.446 1.443 1.442 1.44 1.44 1.436 1.429 1.429 1.429 1.429 0.007 1.415 1.373 1.371 1.371 1.371 0 0 0 1.02 1.008 1.006 1.006 1.006 1.006 0 0 0 0 0 0 0 0 0 0 0 0 0 0 0 0 0 0 0 1.207 1.206 1.206 1.206 1.206 1.381 1.387 1.387 1.387 1.387 1.387 1.387 1.391 1.388 1.392 1.392 1.392 1.392 1.392 1.392 1.39 1.39 1.39 1.392 1.392 1.392 1.399 1.402 1.41 0 0 0 0 0 0.007 0 0 0 0 0 0.007 0 0 0 0 0 0 0 0 0 0 0 0 0 0 0 0 0 0 0 0 0 0 0.5 0.484 0.477 0.477 0.477 0.494 0.497 0.501 0 0 0 0 0 0 0 0 0 0 0 0 0 0 0 0 0 0 0 0 0 0 0 0 0 0 0.99 0.99 0.99 0 0 0 0 0 0 0 0 0 0 0 0 0 0 0 0 0 0 0 0 0 0 0 0 0 0 0 0 0 0 0 0 0 0 0 0 0 0 0 0 0 0 0 0 0 0 0 0 0 0 0 0 0 0 0 0 0 0 0 0 0 0 0 0 0 0 0 0 0 0 0 0 0 0 0 0 0 0 0 0 0 0 0 0 0 0 0 0 0 0 0 0 0 0 0 0 0 0 0 0 0 0 0 0 0 0 0 0 0 0 0 0 0 0 0 0 0 0.007 0 0 0 0 0 0 0 0.007 0 0 0 0 0 0 0 3.746 3.574 3.539 3.539 3.539 3.539 3.541 3.547 3.554 3.556 3.556 3.557 3.557 3.557 3.557 3.563 3.566 3.577 3.58 3.583 3.583 3.583 3.143 3.075 3.073 2.908 2.908 2.908 2.915 2.944 2.944 2.944 2.877 2.833 2.833 2.833 2.863 2.863 2.863 2.859 2.853 2.837 2.768 2.768 2.768 2.822 2.824 2.831 2.834 2.84 2.84 2.834 2.831 2.797 2.76 2.76 2.76 2.765 2.864 2.922 2.933 2.943 2.943 2.943 2.92 2.92 2.92 3.049 3.051 3.795 3.798 3.811 3.811 3.818 3.836 3.842 3.844 3.873 3.877 4.905 4.962 4.962 4.962 4.962 4.954 4.87 4.87 3.742 3.72 1.867 1.848 1.81 1.791 1.769 1.738 1.717 1.7 1.68 1.658 1.638 1.621 1.593 1.581 1.565 1.543 1.524 1.518 1.497 1.472 1.465 1.451 1.433 1.418 1.406 1.395 1.366 1.366 1.35 1.339 1.313 1.311 1.302 1.282 1.271 1.26 1.259 1.247 1.218 1.212 1.204 1.201 1.184 1.182 1.174 1.155 1.154 1.136 1.135 1.123 1.117 1.101 1.099 1.097 1.079 1.073 1.069 1.062 1.055 1.047 1.046 1.041 1.023 1.021 1.02 1.006 1.003 0.996 0.991 0.991 0.987 0.976 0.971 0.962 0.961 0.958 0.949 0.943 0.937 0.932 0.931 0.926 0.925 0.919 0.919 0.914 0.909 0.905 0.905 0.897 0.897 0.888 0.887 0.883 0.883 0.878 0.875 0.873 0.865 0.862 0.859 0.857 0.855 0.854 0.852 0.85 0.848 0.84 0.839 0.838 0.838 0.836 0.836 0.831 0.821 0.821 0.821 0.82 0.817 0.815 0.814 0.813 0.813 0.81 0.808 0.799 0.801 0.799 0.799 0.798 0.794 0.793 0.789 0.789 0.787 0.785 0.78 0.78 0.773 0.773 0.773 0.775 0.775 0.775 0.769 0.766 0.766 0.766 0.768 0.768 0.769 0.769 0.763 0.761 0.763 0.755 0.755 0.755 0.751 0.751 0.751 0.751 0.752 0.752 0.748 0.745 0.741 0.741 0.741 0.745 0.746 0.746 0.746 0.745 0.742 0.739 0.739 0.739 0.738 0.738 0.743 0.743 0.74 0.74 0.739 0.739 0.74 0.741 0.741 0.741 0.738 0.736 0.735 0.736 0.736 0.738 0.745 0.745 0.745 0.745 0.745 0.75 0.761 0.766 0.767 0.774 2.824 2.832 0 0 0 0 0 0 0 0 2.292 2.229 2.229 2.229 0 0 0 0 0 0 0 0.007 1.624 1.522 1.517 1.517 1.522 0 0 0 0 0.007 0 0 0 0 0 0 0 0 0 0.007 0 0 0 0 0 0 0 0 0 0 0 0 0 0 0 0 0 0 0 0 0 0 1.692 1.692 1.678 1.647 0.449 0.443 0.442 
0 1 1 1 1 1 1 1 1 1 1 1 1 1 1 1 1 1 1 1 1 1 1 0 1 1 1 1 1 1 1 1 1 1 1 1 1 1 1 1 1 1 1 1 1 1 1 1 1 0 1 1 1 1 1 0 0 0 1 1 1 1 1 1 0 0 0 0 0 0 0 0 0 0 0 0 0 0 0 0 0 0 0 1 1 1 1 1 1 1 1 1 1 1 1 1 1 1 1 1 1 1 1 1 1 1 1 1 1 1 1 1 0 0 0 0 0 0 0 0 0 0 0 0 0 0 0 0 0 0 0 0 0 0 0 0 0 0 0 0 0 0 0 0 0 0 1 1 1 1 1 1 1 1 0 0 0 0 0 0 0 0 0 0 0 0 0 0 0 0 0 0 0 0 0 0 0 0 0 0 1 1 1 0 0 0 0 0 0 0 0 0 0 0 0 0 0 0 0 0 0 0 0 0 0 0 0 0 0 0 0 0 0 0 0 0 0 0 0 0 0 0 0 0 0 0 0 0 0 0 0 0 0 0 0 0 0 0 0 0 0 0 0 0 0 0 0 0 0 0 0 0 0 0 0 0 0 0 0 0 0 0 0 0 0 0 0 0 0 0 0 0 0 0 0 0 0 0 0 0 0 0 0 0 0 0 0 0 0 0 0 0 0 0 0 0 0 0 0 0 0 0 0 0 0 0 0 0 0 0 0 0 0 0 0 0 1 1 1 1 1 1 1 1 1 1 1 1 1 1 1 1 1 1 1 1 1 1 1 1 1 1 1 1 1 1 1 1 1 1 1 1 1 1 1 1 1 1 1 1 1 1 1 1 1 1 1 1 1 1 1 1 1 1 1 1 1 1 1 1 1 1 1 1 1 1 1 1 1 1 1 1 1 1 1 1 1 1 1 1 1 1 1 1 1 1 1 1 1 1 1 1 1 1 1 1 1 1 1 1 1 1 1 1 1 1 1 1 1 1 1 1 1 1 1 1 1 1 1 1 1 1 1 1 1 1 1 1 1 1 1 1 1 1 1 1 1 1 1 1 1 1 1 1 1 1 1 1 1 1 1 1 1 1 1 1 1 1 1 1 1 1 1 1 1 1 1 1 1 1 1 1 1 1 1 1 1 1 1 1 1 1 1 1 1 1 1 1 1 1 1 1 1 1 1 1 1 1 1 1 1 1 1 1 1 1 1 1 1 1 1 1 1 1 1 1 1 1 1 1 1 1 1 1 1 1 1 1 1 1 1 1 1 1 1 1 1 1 1 1 1 1 1 1 1 1 1 1 1 1 1 1 1 1 1 1 1 1 1 1 1 1 1 1 1 1 1 1 1 1 1 1 1 1 1 1 1 1 1 1 1 1 1 1 1 1 1 1 1 1 1 1 1 0 0 0 0 0 0 0 0 1 1 1 1 0 0 0 0 0 0 0 0 1 1 1 1 1 0 0 0 0 0 0 0 0 0 0 0 0 0 0 0 0 0 0 0 0 0 0 0 0 0 0 0 0 0 0 0 0 0 0 0 0 0 1 1 1 1 1 1 1 
