# This file contains a 2D laser scan observation. 
# Its format is: 
# [aperture] [max_range] [number_of_scans] 
# [vector_of_scans] 
# [vector_of_valid_scans] 
# The aperture of the sensor is in radians, the maximum range 
# and measurements are in meters. '1' means a valid scan, '0' otherwise.
4.1847
5.6
682
1.585 1.579 1.579 1.579 1.579 1.576 1.566 1.566 1.566 1.566 1.549 1.518 1.518 1.511 1.398 1.096 1.096 1.096 1.096 1.079 0 0.007 0 0 0 0 0 0 0 0 0 0 0 0 0 0 0 0 0 0 0 0 0 0 0.007 0 1.237 0.472 0.462 0.462 0.451 0.447 0.451 0.465 0.458 0.468 0.007 0 0 0 0 0 0 0 0 0.788 0.788 0.788 0.793 0.808 0.808 0.808 0.808 0.809 0.81 0.815 0.843 0.847 0.848 0.848 0.848 0.846 0.843 0.839 0.839 0.836 0.834 0.812 0.803 0.784 0.784 0.776 0.757 0.749 0.701 0.701 0.696 0.696 0.698 0.698 0.698 0.719 0 0 0 0 0 0 0 0 0 0 0 0 0 0 0 0 0 0 0 0 0 0 0 0 0 0 0 0 0 0 0 0 0 0 0 0 0 0 0 0 0 0 0 0 0 0 0 0 0 0 0 0 0 0 0 0 0 0 0 0 0 0 0 0 0 0 0 0 0 0 0 0 0 0 0 0.519 0.519 0.007 0 0 0 0 0 0 0 0.007 0.694 0.658 0.694 0.694 0 0 0 0 0 0 0 0 0 0 0 0 0 0 0 0 0 0 0 0 0 0 0 0 0 0 0 0 0 0 0 0 0 0 0 0 0 0 0 0 0 0 0 0 0 0 0 0 0 0 0 0 0 0 0 0 0 0 0 0 0 0 0 0 0 0 0 0 0 0 0 0 0 0 0 0 0 0 0 0 0 0 0 0 0 0 0 0 0.007 0.825 0.76 0.825 0.825 0 0 0 0 0 0 0 0 0 0 0 0 0 0 0 0 0 0 0 0 0 0 0 4.338 4.305 4.301 3.514 3.31 3.263 3.263 3.261 3.261 3.261 3.262 3.262 3.263 3.268 3.27 3.272 3.272 3.274 3.274 3.274 3.284 3.29 3.298 3.299 3.301 3.299 3.299 2.81 2.806 2.799 2.647 2.643 2.643 2.643 2.654 2.666 2.666 2.666 2.587 2.562 2.562 2.562 2.586 2.593 2.593 2.593 2.586 2.579 2.558 2.471 2.471 2.471 2.547 2.561 2.565 2.565 2.568 2.57 2.57 2.57 2.568 2.543 2.501 2.493 2.493 2.493 2.503 2.645 2.668 2.677 2.677 2.677 2.676 2.674 2.674 2.676 2.741 2.795 3.523 3.548 3.56 3.56 3.568 3.57 3.572 3.596 3.6 3.601 3.631 4.678 4.698 4.698 4.698 4.698 4.621 4.585 3.498 3.473 3.423 3.399 3.361 3.334 3.316 3.304 1.627 1.599 1.588 1.561 1.541 1.529 1.504 1.486 1.486 1.462 1.449 1.442 1.416 1.413 1.39 1.381 1.371 1.355 1.348 1.329 1.312 1.308 1.295 1.283 1.267 1.256 1.253 1.228 1.226 1.221 1.206 1.187 1.184 1.175 1.163 1.148 1.148 1.135 1.123 1.121 1.11 1.091 1.089 1.082 1.073 1.065 1.06 1.055 1.044 1.034 1.032 1.018 1.018 1.005 1.003 0.994 0.991 0.988 0.981 0.975 0.973 0.969 0.964 0.964 0.951 0.951 0.951 0.943 0.935 0.928 0.928 0.921 0.919 0.913 0.909 0.905 0.902 0.899 0.887 0.885 0.885 0.881 0.878 0.876 0.873 0.873 0.87 0.863 0.861 0.86 0.856 0.845 0.843 0.843 0.843 0.836 0.825 0.825 0.825 0.826 0.826 0.826 0.82 0.812 0.811 0.81 0.804 0.804 0.804 0.799 0.795 0.793 0.793 0.792 0.79 0.79 0.79 0.79 0.79 0.781 0.781 0.781 0.774 0.775 0.775 0.772 0.768 0.771 0.768 0.768 0.767 0.769 0.762 0.762 0.762 0.756 0.756 0.756 0.756 0.756 0.754 0.754 0.754 0.751 0.751 0.751 0.749 0.751 0.749 0.748 0.748 0.747 0.747 0.748 0.749 0.748 0.748 0.748 0.746 0.741 0.741 0.741 0.739 0.739 0.732 0.741 0.732 0.733 0.732 0.733 0.733 0.739 0.739 0.739 0.74 0.739 0.739 0.739 0.738 0.738 0.737 0.736 0.735 0.737 0.735 0.735 0.735 0.739 0.738 0.738 0.737 0.738 0.738 0.737 0.735 0.735 0.735 0.735 0.738 0.738 0.738 0.74 0.739 0.735 0.739 0.739 0.739 0.745 0.747 0.745 0.745 0.745 0.748 0.745 0.745 0.746 0.745 0.744 0.744 0.746 0.757 0.757 0.757 0.757 0.76 0.762 0.763 0.764 0.764 0.764 0.768 0.768 0.768 0.771 0.772 0.773 0.776 0.785 0.785 0.785 0.785 0.785 0.785 0.786 0.789 0.794 0.795 0.796 0.801 0.806 0.807 0.814 0 0 0 0 0 0 0 0 0 0 0 0 0 0 0 0 0 0 
1 1 1 1 1 1 1 1 1 1 1 1 1 1 1 1 1 1 1 1 0 0 0 0 0 0 0 0 0 0 0 0 0 0 0 0 0 0 0 0 0 0 0 0 0 0 1 1 1 1 1 1 1 1 1 1 0 0 0 0 0 0 0 0 0 1 1 1 1 1 1 1 1 1 1 1 1 1 1 1 1 1 1 1 1 1 1 1 1 1 1 1 1 1 1 1 1 1 1 1 1 1 0 0 0 0 0 0 0 0 0 0 0 0 0 0 0 0 0 0 0 0 0 0 0 0 0 0 0 0 0 0 0 0 0 0 0 0 0 0 0 0 0 0 0 0 0 0 0 0 0 0 0 0 0 0 0 0 0 0 0 0 0 0 0 0 0 0 0 0 0 0 0 0 0 0 0 1 1 0 0 0 0 0 0 0 0 0 1 1 1 1 0 0 0 0 0 0 0 0 0 0 0 0 0 0 0 0 0 0 0 0 0 0 0 0 0 0 0 0 0 0 0 0 0 0 0 0 0 0 0 0 0 0 0 0 0 0 0 0 0 0 0 0 0 0 0 0 0 0 0 0 0 0 0 0 0 0 0 0 0 0 0 0 0 0 0 0 0 0 0 0 0 0 0 0 0 0 0 0 0 1 1 1 1 0 0 0 0 0 0 0 0 0 0 0 0 0 0 0 0 0 0 0 0 0 0 0 1 1 1 1 1 1 1 1 1 1 1 1 1 1 1 1 1 1 1 1 1 1 1 1 1 1 1 1 1 1 1 1 1 1 1 1 1 1 1 1 1 1 1 1 1 1 1 1 1 1 1 1 1 1 1 1 1 1 1 1 1 1 1 1 1 1 1 1 1 1 1 1 1 1 1 1 1 1 1 1 1 1 1 1 1 1 1 1 1 1 1 1 1 1 1 1 1 1 1 1 1 1 1 1 1 1 1 1 1 1 1 1 1 1 1 1 1 1 1 1 1 1 1 1 1 1 1 1 1 1 1 1 1 1 1 1 1 1 1 1 1 1 1 1 1 1 1 1 1 1 1 1 1 1 1 1 1 1 1 1 1 1 1 1 1 1 1 1 1 1 1 1 1 1 1 1 1 1 1 1 1 1 1 1 1 1 1 1 1 1 1 1 1 1 1 1 1 1 1 1 1 1 1 1 1 1 1 1 1 1 1 1 1 1 1 1 1 1 1 1 1 1 1 1 1 1 1 1 1 1 1 1 1 1 1 1 1 1 1 1 1 1 1 1 1 1 1 1 1 1 1 1 1 1 1 1 1 1 1 1 1 1 1 1 1 1 1 1 1 1 1 1 1 1 1 1 1 1 1 1 1 1 1 1 1 1 1 1 1 1 1 1 1 1 1 1 1 1 1 1 1 1 1 1 1 1 1 1 1 1 1 1 1 1 1 1 1 1 1 1 1 1 1 1 1 1 1 1 1 1 1 1 1 1 1 1 1 1 1 1 1 1 1 1 1 1 1 1 1 1 1 1 1 1 1 1 0 0 0 0 0 0 0 0 0 0 0 0 0 0 0 0 0 0 
