# This file contains a 2D laser scan observation. 
# Its format is: 
# [aperture] [max_range] [number_of_scans] 
# [vector_of_scans] 
# [vector_of_valid_scans] 
# The aperture of the sensor is in radians, the maximum range 
# and measurements are in meters. '1' means a valid scan, '0' otherwise.
4.1847
5.6
682
1.606 0 0.007 1.539 1.132 1.132 1.132 1.132 1.145 0 0 0 0 0 0 0 0 0 0 0 0 0.491 0.476 0.476 0.475 0.475 0.475 0.476 0.476 0.498 0 0 0 0 0 0 0 0.007 0 0 0 0 0 0 0 0 0 0 0 0 0 0 0.007 0 0.007 0 0 0 0 0 0 0 0.831 0.831 0.831 0.832 0.846 0.849 0.852 0.852 0.851 0.851 0.851 0.851 0.847 0.847 0.845 0.849 0.844 0.849 0.844 0.84 0.84 0.84 0.835 0.826 0.826 0.793 0.783 0.749 0.748 0.697 0.628 0.615 0.579 0.579 0.579 0.568 0.568 0.007 0 0 0 0 0 0 0 0 0 0 0 0 0 0 0 0 0 0 0 0 0 0 0 0 0 0 0 0 0 0 0 0 0 0 0 0 0 0 0 0 0 0 0 0 0 0 0 0 0 0 0 0 0 0 0.49 0 0.007 0 0 0 0 0 0 0 0 0 0 0 0 0 0.007 0.665 0.626 0.626 0.626 0.626 0 0 0 0 0.007 0 0 0 0 0 0 0 0 0 0 0 0 0 0 0 0 0 0 0 0 0 0 0 0 0 0 0 0 0 0 0 0 0 0 0 0 0 0 0 0 0 0 0 0 0 0 0 0 0 0 0 0 0 0 0 0 0 0 0 0 0 0 0 0 0 0 0 0 0 0 0.007 0 0 0 0 0 0 0 0 0 0 0 0 0 0 0 0 0 0 0 0 0.007 0 0.747 0.747 0.747 0.747 0 0 0 0 0 0 0 0 0 0.007 0 0 0 0 0 0 0 0 0 0 0 0 0 0 0 0.007 4.713 4.316 4.274 4.274 4.231 4.225 3.325 3.179 3.179 3.179 3.179 3.18 3.18 3.182 3.188 3.188 3.19 3.192 3.194 3.194 3.195 3.195 3.201 3.203 3.213 3.217 3.222 3.222 3.222 3.175 2.731 2.729 2.724 2.566 2.566 2.566 2.574 2.583 2.597 2.597 2.597 2.528 2.481 2.481 2.481 2.504 2.519 2.521 2.521 2.519 2.512 2.496 2.445 2.419 2.419 2.419 2.481 2.483 2.488 2.491 2.492 2.498 2.498 2.498 2.492 2.462 2.428 2.419 2.419 2.419 2.429 2.545 2.588 2.603 2.605 2.605 2.603 2.595 2.595 2.595 2.633 2.633 2.722 2.725 3.475 3.481 3.484 3.485 3.496 3.518 3.522 3.54 3.543 4.627 4.643 4.643 4.627 4.566 4.566 4.532 4.462 3.413 3.385 3.34 3.316 3.286 3.274 3.249 3.249 3.242 3.226 1.538 1.521 1.512 1.482 1.466 1.446 1.444 1.432 1.413 1.41 1.389 1.375 1.366 1.351 1.343 1.325 1.317 1.302 1.296 1.283 1.267 1.25 1.249 1.232 1.218 1.21 1.201 1.196 1.179 1.174 1.167 1.152 1.139 1.128 1.124 1.12 1.108 1.097 1.088 1.083 1.073 1.059 1.056 1.051 1.038 1.032 1.029 1.026 1.009 1.008 1.007 0.995 0.993 0.984 0.98 0.972 0.969 0.967 0.957 0.957 0.946 0.944 0.943 0.937 0.929 0.926 0.922 0.917 0.91 0.909 0.909 0.909 0.898 0.893 0.888 0.888 0.885 0.882 0.874 0.872 0.871 0.868 0.861 0.86 0.855 0.853 0.846 0.846 0.846 0.84 0.836 0.835 0.832 0.832 0.823 0.823 0.822 0.819 0.815 0.815 0.815 0.81 0.81 0.8 0.798 0.798 0.795 0.793 0.79 0.786 0.786 0.786 0.784 0.784 0.784 0.784 0.783 0.777 0.77 0.766 0.766 0.763 0.766 0.758 0.762 0.758 0.758 0.755 0.758 0.758 0.755 0.757 0.757 0.751 0.751 0.752 0.751 0.749 0.751 0.746 0.746 0.751 0.751 0.745 0.742 0.741 0.739 0.739 0.739 0.738 0.737 0.737 0.738 0.737 0.736 0.734 0.736 0.735 0.736 0.735 0.735 0.735 0.738 0.733 0.733 0.738 0.738 0.733 0.739 0.739 0.737 0.725 0.727 0.727 0.729 0.729 0.729 0.729 0.733 0.733 0.731 0.731 0.728 0.728 0.731 0.728 0.731 0.736 0.736 0.736 0.736 0.737 0.737 0.738 0.737 0.734 0.733 0.734 0.734 0.734 0.736 0.74 0.736 0.741 0.741 0.742 0.74 0.743 0.742 0.742 0.741 0.741 0.741 0.741 0.744 0.747 0.751 0.751 0.755 0.758 0.758 0.758 0.758 0.758 0.76 0.761 0.765 0.766 0.768 0.768 0.768 0.771 0.774 0.774 0.772 0.774 0.774 0.778 0.786 0.787 0.787 0.788 0.789 0.79 0.791 0.791 0.792 0.797 0.799 0.801 0.806 0.807 0.808 0.811 0.82 0.823 0.827 0.83 0.83 0.836 0.837 0.842 0 0 0 0 0 
1 0 0 1 1 1 1 1 1 0 0 0 0 0 0 0 0 0 0 0 0 1 1 1 1 1 1 1 1 1 0 0 0 0 0 0 0 0 0 0 0 0 0 0 0 0 0 0 0 0 0 0 0 0 0 0 0 0 0 0 0 0 1 1 1 1 1 1 1 1 1 1 1 1 1 1 1 1 1 1 1 1 1 1 1 1 1 1 1 1 1 1 1 1 1 1 1 1 1 0 0 0 0 0 0 0 0 0 0 0 0 0 0 0 0 0 0 0 0 0 0 0 0 0 0 0 0 0 0 0 0 0 0 0 0 0 0 0 0 0 0 0 0 0 0 0 0 0 0 0 0 0 0 0 1 0 0 0 0 0 0 0 0 0 0 0 0 0 0 0 0 1 1 1 1 1 0 0 0 0 0 0 0 0 0 0 0 0 0 0 0 0 0 0 0 0 0 0 0 0 0 0 0 0 0 0 0 0 0 0 0 0 0 0 0 0 0 0 0 0 0 0 0 0 0 0 0 0 0 0 0 0 0 0 0 0 0 0 0 0 0 0 0 0 0 0 0 0 0 0 0 0 0 0 0 0 0 0 0 0 0 0 0 0 0 0 0 0 0 0 0 0 0 0 1 1 1 1 0 0 0 0 0 0 0 0 0 0 0 0 0 0 0 0 0 0 0 0 0 0 0 0 0 0 1 1 1 1 1 1 1 1 1 1 1 1 1 1 1 1 1 1 1 1 1 1 1 1 1 1 1 1 1 1 1 1 1 1 1 1 1 1 1 1 1 1 1 1 1 1 1 1 1 1 1 1 1 1 1 1 1 1 1 1 1 1 1 1 1 1 1 1 1 1 1 1 1 1 1 1 1 1 1 1 1 1 1 1 1 1 1 1 1 1 1 1 1 1 1 1 1 1 1 1 1 1 1 1 1 1 1 1 1 1 1 1 1 1 1 1 1 1 1 1 1 1 1 1 1 1 1 1 1 1 1 1 1 1 1 1 1 1 1 1 1 1 1 1 1 1 1 1 1 1 1 1 1 1 1 1 1 1 1 1 1 1 1 1 1 1 1 1 1 1 1 1 1 1 1 1 1 1 1 1 1 1 1 1 1 1 1 1 1 1 1 1 1 1 1 1 1 1 1 1 1 1 1 1 1 1 1 1 1 1 1 1 1 1 1 1 1 1 1 1 1 1 1 1 1 1 1 1 1 1 1 1 1 1 1 1 1 1 1 1 1 1 1 1 1 1 1 1 1 1 1 1 1 1 1 1 1 1 1 1 1 1 1 1 1 1 1 1 1 1 1 1 1 1 1 1 1 1 1 1 1 1 1 1 1 1 1 1 1 1 1 1 1 1 1 1 1 1 1 1 1 1 1 1 1 1 1 1 1 1 1 1 1 1 1 1 1 1 1 1 1 1 1 1 1 1 1 1 1 1 1 1 1 1 1 1 1 1 1 1 1 1 1 1 1 1 1 1 1 1 1 1 1 1 1 1 1 1 1 1 1 1 1 1 1 1 1 1 1 1 1 1 1 0 0 0 0 0 
