# This file contains a 2D laser scan observation. 
# Its format is: 
# [aperture] [max_range] [number_of_scans] 
# [vector_of_scans] 
# [vector_of_valid_scans] 
# The aperture of the sensor is in radians, the maximum range 
# and measurements are in meters. '1' means a valid scan, '0' otherwise.
4.1847
5.6
682
0.955 0.948 0.942 0.935 0.933 0.933 0.931 0.92 0.92 0.917 0.912 0.899 0.896 0.893 0.891 0.89 0.886 0.885 0.881 0.881 0.885 0.907 0.91 0.912 0.912 0.912 0.912 0.902 0.9 0.9 0.9 0.902 0.896 0.88 0.871 0.867 0.867 0.871 0.871 0.865 0.842 0.836 0.834 0.836 0.834 0.828 0.802 0.802 0.802 0.811 0.811 0.811 0.782 0.774 0.774 0.782 0.801 0.82 0.82 0.82 0.821 0.821 0.82 0.82 0.805 0.805 0.799 0.794 0.781 0.765 0.765 0.765 0.767 0.767 0.767 0.739 0.734 0.734 0.739 0.755 0.76 0.76 0.755 0.723 0.723 0.723 0.735 0.736 0.736 0.749 0.736 0.746 0.736 0.746 0.742 0.746 0.769 0.785 0.785 0.785 0.777 0.774 0.765 0.754 0.752 0.73 0.73 0.73 0.73 0.726 0.726 0.726 0.722 0.722 0.729 0.731 0.731 0.731 0.732 0.739 0.739 0.737 0.739 0.742 0.74 0.74 0.74 0.727 0.727 0.727 0.74 0.74 0.74 0.733 0.729 0.726 0.726 0.726 0.724 0.724 0.721 0.721 0.721 0.726 0.726 0.728 0.728 0.728 0.725 0.727 0.727 0.727 0.727 0.727 0.729 0.731 0.731 0.728 0.731 0.729 0.728 0.729 0.739 0.74 0.741 0.741 0.742 0.75 0.751 0.751 0.751 0.751 0.751 0.751 0.752 0.753 0.753 0.754 0.755 0.762 0.765 0.768 0.769 0.769 0.769 0.769 0.772 0.772 0.775 0.785 0.785 0.785 0.784 0.784 0.784 0.792 0.797 0.797 0.797 0.797 0.797 0.797 0.799 0.8 0.81 0.811 0.811 0.816 0.82 0.82 0.821 0.823 0.834 0.834 0.834 0.835 0.835 0.844 0.849 0.852 0.857 0.858 0.859 0.862 0.863 0.868 0.871 0.871 0.874 0.878 0.883 0.885 0.887 0.891 0.902 0.906 0.912 0.912 0.912 0.917 0.92 0.932 0.935 0.936 0.938 0.94 0.94 0.943 0.95 0.962 0.965 0.967 0.978 0.98 0.99 0.999 1 1.009 1.018 1.02 1.021 1.038 1.043 1.045 1.051 1.061 1.067 1.068 1.083 1.087 1.096 1.115 1.122 1.123 1.13 1.149 1.167 1.167 1.167 1.165 1.162 1.141 1.129 1.121 1.119 1.118 1.112 1.105 1.102 1.101 1.087 1.081 1.081 1.08 1.08 1.074 1.073 1.071 1.064 1.063 1.057 1.055 1.051 1.05 1.046 1.045 1.039 1.034 1.034 1.032 1.032 1.029 1.029 1.028 1.026 1.026 1.02 1.026 1.013 1.013 1.009 1.001 0.996 0.996 0.996 0.996 0.993 0.993 0.991 0.987 0.984 0.982 0.977 0.976 0.974 0.974 0.974 0.971 0.973 0.968 0.967 0.967 0.967 0.967 0.966 0.966 0.958 0.955 0.955 0.955 0.955 0.955 0.948 0.948 0.946 0.946 0.948 0.951 0.951 0.952 0.951 0.951 0.949 0.951 0.949 0.948 0.948 0.948 0.948 0.95 0.952 0.955 0.956 0.976 0.979 0.991 1 1.003 1.004 1.007 1.01 1.01 1.009 1.009 1.005 0.99 0.971 0.97 0.96 0.956 0.95 0.948 0.946 0.946 0.946 0.946 0.946 0.942 0.941 0.942 0.942 0.95 0.95 0.95 0.95 0.95 0.95 0.95 0.952 0.952 0.953 0.955 0.956 0.957 0.957 0.958 0.96 0.961 0.962 0.981 0.982 0.982 0.984 1.026 1.259 1.259 1.259 1.24 1.217 1.191 1.188 1.172 1.152 1.106 1.095 1.07 1.056 1.034 1.032 1.017 1.017 1.017 1.019 1.019 1.019 1.018 1.018 1.009 1.009 1.009 1.011 1.013 1.013 1.015 1.023 1.024 1.029 1.03 1.033 1.039 1.039 1.053 1.054 1.061 1.065 1.066 1.067 1.067 1.071 1.072 1.083 1.085 1.091 1.093 1.099 1.101 1.106 1.112 1.119 1.126 1.126 1.133 1.135 1.148 1.155 1.159 1.159 1.161 1.176 1.18 1.185 1.185 1.192 1.199 1.2 1.204 1.219 1.848 1.862 1.862 1.862 1.766 1.757 1.635 1.593 1.586 1.5 1.497 1.497 1.5 1.85 1.856 2.072 2.072 2.18 2.216 2.23 2.276 0 0 0 0 0 0 0 0 0 0 0 0 0 0 0 0 0 0 0 0 0 0 0 0 0 0 2.805 2.805 2.805 2.815 2.825 2.825 2.854 3.226 3.26 3.26 3.282 0 0 0 0 3.504 3.496 3.496 3.485 3.478 3.477 3.462 3.449 3.447 3.441 3.432 3.427 3.39 3.39 2.231 2.227 2.221 2.216 2.213 2.213 2.203 2.203 2.202 2.198 2.192 2.191 2.184 2.177 2.177 2.177 2.166 2.16 2.16 2.152 2.141 2.152 2.141 2.135 2.125 2.125 2.119 2.119 2.118 2.116 2.114 2.107 2.106 2.102 2.101 2.099 2.099 2.094 2.094 2.094 2.094 2.08 0.008 2.079 2.069 2.069 2.073 2.069 2.069 2.067 2.065 2.065 2.065 2.06 2.065 4.745 0.006 0.006 0.006 0.006 0.939 0.939 0.934 0.939 0.939 0.947 0.964 2.053 2.056 2.056 2.056 2.056 2.057 2.053 2.057 2.057 2.058 2.063 2.063 2.063 2.063 2.063 2.066 2.066 2.066 2.066 2.066 2.066 2.069 2.03 2.03 2.08 2.08 2.079 2.08 2.089 2.079 2.079 4.926 0.015 2.076 2.095 0.015 2.095 2.095 0.007 0.015 0.007 0.015 
1 1 1 1 1 1 1 1 1 1 1 1 1 1 1 1 1 1 1 1 1 1 1 1 1 1 1 1 1 1 1 1 1 1 1 1 1 1 1 1 1 1 1 1 1 1 1 1 1 1 1 1 1 1 1 1 1 1 1 1 1 1 1 1 1 1 1 1 1 1 1 1 1 1 1 1 1 1 1 1 1 1 1 1 1 1 1 1 1 1 1 1 1 1 1 1 1 1 1 1 1 1 1 1 1 1 1 1 1 1 1 1 1 1 1 1 1 1 1 1 1 1 1 1 1 1 1 1 1 1 1 1 1 1 1 1 1 1 1 1 1 1 1 1 1 1 1 1 1 1 1 1 1 1 1 1 1 1 1 1 1 1 1 1 1 1 1 1 1 1 1 1 1 1 1 1 1 1 1 1 1 1 1 1 1 1 1 1 1 1 1 1 1 1 1 1 1 1 1 1 1 1 1 1 1 1 1 1 1 1 1 1 1 1 1 1 1 1 1 1 1 1 1 1 1 1 1 1 1 1 1 1 1 1 1 1 1 1 1 1 1 1 1 1 1 1 1 1 1 1 1 1 1 1 1 1 1 1 1 1 1 1 1 1 1 1 1 1 1 1 1 1 1 1 1 1 1 1 1 1 1 1 1 1 1 1 1 1 1 1 1 1 1 1 1 1 1 1 1 1 1 1 1 1 1 1 1 1 1 1 1 1 1 1 1 1 1 1 1 1 1 1 1 1 1 1 1 1 1 1 1 1 1 1 1 1 1 1 1 1 1 1 1 1 1 1 1 1 1 1 1 1 1 1 1 1 1 1 1 1 1 1 1 1 1 1 1 1 1 1 1 1 1 1 1 1 1 1 1 1 1 1 1 1 1 1 1 1 1 1 1 1 1 1 1 1 1 1 1 1 1 1 1 1 1 1 1 1 1 1 1 1 1 1 1 1 1 1 1 1 1 1 1 1 1 1 1 1 1 1 1 1 1 1 1 1 1 1 1 1 1 1 1 1 1 1 1 1 1 1 1 1 1 1 1 1 1 1 1 1 1 1 1 1 1 1 1 1 1 1 1 1 1 1 1 1 1 1 1 1 1 1 1 1 1 1 1 1 1 1 1 1 1 1 1 1 1 1 1 1 1 1 1 1 1 1 1 1 1 1 1 1 1 1 1 1 1 1 0 0 0 0 0 0 0 0 0 0 0 0 0 0 0 0 0 0 0 0 0 0 0 0 0 0 1 1 1 1 1 1 1 1 1 1 1 0 0 0 0 1 1 1 1 1 1 1 1 1 1 1 1 1 1 1 1 1 1 1 1 1 1 1 1 1 1 1 1 1 1 1 1 1 1 1 1 1 1 1 1 1 1 1 1 1 1 1 1 1 1 1 1 1 1 1 1 0 1 1 1 1 1 1 1 1 1 1 1 1 1 0 0 0 0 1 1 1 1 1 1 1 1 1 1 1 1 1 1 1 1 1 1 1 1 1 1 1 1 1 1 1 1 1 1 1 1 1 1 1 1 1 1 1 0 1 1 0 1 1 0 0 0 0 
