# This file contains a 2D laser scan observation. 
# Its format is: 
# [aperture] [max_range] [number_of_scans] 
# [vector_of_scans] 
# [vector_of_valid_scans] 
# The aperture of the sensor is in radians, the maximum range 
# and measurements are in meters. '1' means a valid scan, '0' otherwise.
4.1847
5.6
682
0 0 0 0 0 0 0 0 0 0 0 0 0 0 0 0 0 0 0 0 0 0 0 0 0 0 0 0 0 0 0 0 0 0 0 0 0 0 0 0 0 0 0 0 0 0 0 0 0 0 0 0 0 0 0 0 0 0 0 0 0 0 0 0 0 0 0.584 0.583 0.556 0.555 0.474 0.474 0.474 0.488 0.51 0.51 0.488 0.484 0.465 0.459 0.455 0.455 0.459 0 0 0 0 0 1.396 1.396 1.396 1.404 1.412 0 0 0.008 0 0 0.015 0 0 1.415 1.413 1.413 1.415 1.415 1.415 1.415 0.558 0.558 0.558 0.594 0.007 0.594 0.554 0.554 0.554 1.443 0 0.007 0.008 0.008 0.015 0.007 0 0 0 0 0 0 0 0 0 0 0 0 0 0 0 0 0 0 0 0 0 0 0 1.545 1.539 1.539 1.545 1.552 1.557 1.56 1.567 1.568 1.571 1.587 1.588 1.589 1.595 0 0 0 0 0 0 0 0 0 0 0 0 0 0 0 0 0 0 0 0 0 0 0 0 0 0 0 0 0 0 0 0 0 0 0 0 0 0 0 0 0 0 0 0 0 0 0 0 0 0 0 0 0 0 0 0 0 0 0 0 0 0 0 0 0 0.007 0 0 0 0 0 0 0 0 0 0 0 0 0 0 0.549 0 0.007 0 0 0 0 0 0 0 0 0 0 0 0 0 0 0 0 0 0 0 0 0.007 0 0 0 0 0 0 0 0 0 0 0 0 0 0 0 0 0 3.275 3.275 3.275 3.357 0 0 0 0 0 0 4.147 4.13 4.082 4.082 4.082 4.082 4.036 4.011 3.079 2.989 2.982 2.982 2.982 2.982 2.983 2.983 2.984 2.987 2.987 2.988 2.99 2.99 2.99 2.992 2.99 2.993 2.995 3.005 3.005 3.013 3.016 3.022 3.022 3.022 2.527 2.525 2.446 2.361 2.361 2.361 2.369 2.388 2.393 2.393 2.393 2.335 2.257 2.257 2.257 2.287 2.309 2.313 2.313 2.313 2.31 2.31 2.307 2.283 2.196 2.196 2.196 2.247 2.277 2.281 2.283 2.286 2.288 2.289 2.298 2.298 2.298 2.287 2.241 2.222 2.217 2.217 2.217 2.224 2.311 2.394 2.402 2.404 2.404 2.404 2.403 2.396 2.396 2.396 2.443 2.532 2.534 3.232 3.275 3.289 3.302 3.305 3.309 3.32 3.331 3.343 3.373 4.415 4.415 4.415 4.38 4.38 4.38 4.38 4.38 3.233 3.178 3.167 3.126 3.118 3.103 3.068 3.062 3.044 3.016 3.002 2.986 2.963 2.963 2.953 2.913 1.368 1.354 1.332 1.32 1.309 1.295 1.274 1.262 1.255 1.241 1.234 1.221 1.213 1.205 1.191 1.184 1.179 1.165 1.158 1.152 1.142 1.125 1.118 1.117 1.106 1.099 1.086 1.08 1.075 1.07 1.055 1.054 1.044 1.036 1.024 1.024 1.013 1 0.998 0.992 0.983 0.982 0.982 0.963 0.961 0.96 0.957 0.954 0.946 0.943 0.938 0.931 0.916 0.916 0.915 0.907 0.902 0.902 0.896 0.889 0.888 0.885 0.878 0.878 0.868 0.865 0.858 0.857 0.854 0.854 0.85 0.844 0.844 0.839 0.837 0.829 0.827 0.826 0.826 0.819 0.818 0.815 0.815 0.81 0.806 0.803 0.803 0.8 0.798 0.798 0.797 0.793 0.787 0.784 0.781 0.781 0.78 0.78 0.778 0.78 0.772 0.772 0.772 0.764 0.757 0.757 0.762 0.762 0.757 0.751 0.751 0.749 0.751 0.749 0.749 0.743 0.741 0.74 0.738 0.738 0.738 0.735 0.738 0.735 0.735 0.735 0.729 0.726 0.726 0.728 0.727 0.728 0.729 0.729 0.727 0.721 0.721 0.719 0.719 0.721 0.72 0.72 0.72 0.718 0.716 0.714 0.713 0.711 0.711 0.71 0.711 0.709 0.708 0.707 0.706 0.706 0.701 0.701 0.701 0.705 0.705 0.71 0.71 0.71 0.709 0.709 0.709 0.711 0.711 0.711 0.711 0.711 0.705 0.702 0.705 0.705 0.704 0.704 0.71 0.704 0.704 0.708 0.709 0.709 0.71 0.71 0.712 0.715 0.716 0.717 0.718 0.718 0.719 0.723 0.719 0.719 0.723 0.719 0.719 0.723 0.728 0.728 0.731 0.731 0.731 0.734 0.737 0.739 0.742 0.742 0.742 0.742 0.742 0.742 0.744 0.745 0.745 0.746 0.746 0.745 0.745 0.748 0.753 0.753 0.753 0.753 0.756 0.751 0.762 0.765 0.765 0.767 0.769 0.769 0.773 0.776 0.779 0.783 0.786 0.787 0.789 0.789 0.792 0.801 0.801 0.801 0.802 0.805 0.806 0.808 0.812 0.812 0.815 0.816 0.817 0.821 0.828 0.829 0.83 0.83 0.837 0.843 0.848 0.849 0.851 
0 0 0 0 0 0 0 0 0 0 0 0 0 0 0 0 0 0 0 0 0 0 0 0 0 0 0 0 0 0 0 0 0 0 0 0 0 0 0 0 0 0 0 0 0 0 0 0 0 0 0 0 0 0 0 0 0 0 0 0 0 0 0 0 0 0 1 1 1 1 1 1 1 1 1 1 1 1 1 1 1 1 1 0 0 0 0 0 1 1 1 1 1 0 0 0 0 0 0 0 0 1 1 1 1 1 1 1 1 1 1 1 0 1 1 1 1 1 0 0 0 0 0 0 0 0 0 0 0 0 0 0 0 0 0 0 0 0 0 0 0 0 0 0 0 0 0 1 1 1 1 1 1 1 1 1 1 1 1 1 1 0 0 0 0 0 0 0 0 0 0 0 0 0 0 0 0 0 0 0 0 0 0 0 0 0 0 0 0 0 0 0 0 0 0 0 0 0 0 0 0 0 0 0 0 0 0 0 0 0 0 0 0 0 0 0 0 0 0 0 0 0 0 0 0 0 0 0 0 0 0 0 0 0 0 0 0 0 0 0 0 1 0 0 0 0 0 0 0 0 0 0 0 0 0 0 0 0 0 0 0 0 0 0 0 0 0 0 0 0 0 0 0 0 0 0 0 0 0 0 0 0 1 1 1 1 0 0 0 0 0 0 1 1 1 1 1 1 1 1 1 1 1 1 1 1 1 1 1 1 1 1 1 1 1 1 1 1 1 1 1 1 1 1 1 1 1 1 1 1 1 1 1 1 1 1 1 1 1 1 1 1 1 1 1 1 1 1 1 1 1 1 1 1 1 1 1 1 1 1 1 1 1 1 1 1 1 1 1 1 1 1 1 1 1 1 1 1 1 1 1 1 1 1 1 1 1 1 1 1 1 1 1 1 1 1 1 1 1 1 1 1 1 1 1 1 1 1 1 1 1 1 1 1 1 1 1 1 1 1 1 1 1 1 1 1 1 1 1 1 1 1 1 1 1 1 1 1 1 1 1 1 1 1 1 1 1 1 1 1 1 1 1 1 1 1 1 1 1 1 1 1 1 1 1 1 1 1 1 1 1 1 1 1 1 1 1 1 1 1 1 1 1 1 1 1 1 1 1 1 1 1 1 1 1 1 1 1 1 1 1 1 1 1 1 1 1 1 1 1 1 1 1 1 1 1 1 1 1 1 1 1 1 1 1 1 1 1 1 1 1 1 1 1 1 1 1 1 1 1 1 1 1 1 1 1 1 1 1 1 1 1 1 1 1 1 1 1 1 1 1 1 1 1 1 1 1 1 1 1 1 1 1 1 1 1 1 1 1 1 1 1 1 1 1 1 1 1 1 1 1 1 1 1 1 1 1 1 1 1 1 1 1 1 1 1 1 1 1 1 1 1 1 1 1 1 1 1 1 1 1 1 1 1 1 1 1 1 1 1 1 1 1 1 1 1 1 1 1 1 1 1 1 1 1 1 1 1 1 1 1 1 1 1 1 1 1 1 1 1 1 1 1 1 1 1 1 1 1 1 1 1 1 1 1 1 1 1 1 1 1 1 
