# This file contains a 2D laser scan observation. 
# Its format is: 
# [aperture] [max_range] [number_of_scans] 
# [vector_of_scans] 
# [vector_of_valid_scans] 
# The aperture of the sensor is in radians, the maximum range 
# and measurements are in meters. '1' means a valid scan, '0' otherwise.
4.1847
5.6
682
0 0 0 0 0.007 0 0.007 0 0 0 0 0 0 0 0 0 0 0 0 1.049 1.049 1.049 0 0 0 0 0 0 0 0 0 0 0 0 0 0.725 0.715 0.725 0 0 0 0 0 0 0 0 0 0 0 0 0 0 0 0 0 0 0 0 0 0 0 0 0 0 0 0 0 0 0 0 0 0 0 0 0 0 0 0 0 0 0 0 0 0 0 0 0 0 0 0 0 0 0 0 0 0 0 0 0 0 0 0 0 0 0 0 0 5.145 2.387 2.387 2.397 2.397 2.421 2.44 2.475 2.48 2.499 2.516 2.529 2.556 2.583 2.595 2.616 2.617 2.641 2.664 2.676 2.678 2.708 2.726 2.726 2.728 2.73 2.726 2.711 2.689 2.689 2.683 2.683 2.683 2.649 2.613 2.54 2.515 2.507 2.503 2.498 2.498 2.498 2.498 2.508 2.511 2.53 2.53 2.537 2.57 2.592 2.611 2.651 2.678 2.678 2.717 2.759 3.278 3.289 3.306 3.356 3.371 3.371 3.371 3.37 3.316 3.146 2.204 2.194 2.19 2.189 2.187 2.185 2.184 2.184 2.177 2.171 2.171 2.171 2.17 2.169 2.165 2.165 2.165 2.163 2.161 2.156 2.156 2.161 2.161 2.161 2.164 2.161 2.16 1.63 1.454 1.452 1.435 1.435 1.435 1.435 1.443 1.451 1.461 1.466 1.466 1.466 1.365 1.316 1.315 1.315 1.316 1.319 1.343 1.356 1.362 1.366 1.37 1.373 1.373 1.373 1.367 1.367 1.366 1.352 1.35 1.279 1.218 1.213 1.213 1.218 1.226 1.261 1.293 1.308 1.316 1.318 1.318 1.319 1.328 1.328 1.328 1.331 1.331 1.33 1.332 1.334 1.334 1.334 1.334 1.314 1.292 1.263 1.246 1.242 1.23 1.23 1.228 1.23 1.232 1.234 1.242 1.264 1.407 1.412 1.422 1.425 1.437 1.438 1.439 1.44 1.44 1.439 1.428 1.421 1.404 1.402 1.401 1.402 1.402 1.535 1.563 1.567 1.573 2.364 2.364 2.379 2.379 2.381 2.388 2.401 2.404 2.41 2.413 2.417 2.435 3.43 3.43 3.43 3.417 3.417 3.417 3.411 3.411 2.881 2.881 2.839 2.807 2.332 2.317 2.303 2.277 2.272 2.264 2.261 2.244 2.242 2.206 2.192 2.182 2.137 2.113 2.104 2.104 2.104 2.109 2.109 2.109 2.084 2.068 2.054 2.052 2.042 2.034 2.034 2.034 2.045 2.069 2.086 2.098 2.115 2.125 2.133 2.155 2.164 2.181 2.197 2.214 2.237 2.237 2.237 2.207 2.195 2.122 2.122 2.122 2.124 2.124 2.124 2.112 2.097 2.088 2.084 2.068 2.057 2.048 2.048 2.048 2.057 2.059 2.069 2.096 2.098 2.123 2.139 2.171 2.174 2.198 2.221 2.238 2.26 2.267 2.289 2.309 2.337 2.367 2.367 2.367 0.527 0.527 0.526 0.522 0.521 0.522 0.519 0.512 0.512 0.512 0.512 0.506 0.506 0.499 0.497 0.496 0.494 0.494 0.492 0.489 0.489 0.488 0.485 0.484 0.484 0.482 0.482 0.482 0.481 0.481 0.478 0.474 0.471 0.471 0.471 0.471 0.471 0.471 0.464 0.464 0.465 0.464 0.464 0.461 0.461 0.461 0.458 0.457 0.458 0.458 0.457 0.456 0.454 0.45 0.45 0.452 0.454 0.452 0.455 0.452 0.451 0.451 0.451 0.451 0.451 0.454 0.454 0.454 0.454 0.454 0.454 0.449 0.453 0.454 0.453 0.453 0.453 0.452 0.451 0.451 0.451 0.452 0.451 0.451 0.451 0.451 0.449 0.442 0.442 0.442 0.442 0.442 0.442 0.446 0.447 0.447 0.448 0.448 0.448 0.448 0.448 0.446 0.446 0.448 0.448 0.448 0.448 0.448 0.448 0.449 0.448 0.449 0.45 0.449 0.452 0.452 0.452 0.45 0.453 0.453 0.453 0.453 0.453 0.453 0.451 0.455 0.456 0.452 0.458 0.459 0.459 0.46 0.46 0.46 0.461 0.461 0.464 0.465 0.465 0.464 0.467 0.472 0.47 0.468 0.47 0.47 0.47 0.47 0.474 0.474 0.474 0.474 0.474 0.474 0.474 0.474 0.479 0.482 0.484 0.484 0.484 0.484 0.489 0.489 0.492 0.492 0.493 0.493 0.493 0.499 0.499 0.499 0.499 0.502 0.502 0.502 0.502 0.502 0.511 0.505 0.513 0.516 0.514 0.515 0.519 0.521 0.515 0.524 0.524 0.525 0.529 0.536 0.536 0.538 0.538 0.54 0.544 0.545 0.55 0.55 0.551 0.551 0.555 0.555 0.561 0.565 0.565 0.567 0.57 0.574 0.575 0.576 0.579 0.587 0.587 0.593 0.598 0.6 0.601 0.601 0.611 0.613 0.614 0.614 0.618 0.619 0.621 0.636 0.639 0.645 0.651 0.652 0.658 0.663 0.663 0.671 0.672 0.679 0.684 0.691 0.693 0.695 0.7 0.715 0.718 0.72 0.732 0.736 0.74 0.742 0.743 0.749 0.769 0.769 0.778 0.786 0.799 0.8 0.807 0.815 0.817 0.83 0.839 0.842 0.857 0.867 0.879 0.886 0.887 0.893 0.912 0.914 0.926 0.942 0.954 0.955 0.971 0.989 0.995 1.009 1.031 1.048 1.06 1.081 1.097 1.117 1.126 1.152 
0 0 0 0 0 0 0 0 0 0 0 0 0 0 0 0 0 0 0 1 1 1 0 0 0 0 0 0 0 0 0 0 0 0 0 1 1 1 0 0 0 0 0 0 0 0 0 0 0 0 0 0 0 0 0 0 0 0 0 0 0 0 0 0 0 0 0 0 0 0 0 0 0 0 0 0 0 0 0 0 0 0 0 0 0 0 0 0 0 0 0 0 0 0 0 0 0 0 0 0 0 0 0 0 0 0 0 1 1 1 1 1 1 1 1 1 1 1 1 1 1 1 1 1 1 1 1 1 1 1 1 1 1 1 1 1 1 1 1 1 1 1 1 1 1 1 1 1 1 1 1 1 1 1 1 1 1 1 1 1 1 1 1 1 1 1 1 1 1 1 1 1 1 1 1 1 1 1 1 1 1 1 1 1 1 1 1 1 1 1 1 1 1 1 1 1 1 1 1 1 1 1 1 1 1 1 1 1 1 1 1 1 1 1 1 1 1 1 1 1 1 1 1 1 1 1 1 1 1 1 1 1 1 1 1 1 1 1 1 1 1 1 1 1 1 1 1 1 1 1 1 1 1 1 1 1 1 1 1 1 1 1 1 1 1 1 1 1 1 1 1 1 1 1 1 1 1 1 1 1 1 1 1 1 1 1 1 1 1 1 1 1 1 1 1 1 1 1 1 1 1 1 1 1 1 1 1 1 1 1 1 1 1 1 1 1 1 1 1 1 1 1 1 1 1 1 1 1 1 1 1 1 1 1 1 1 1 1 1 1 1 1 1 1 1 1 1 1 1 1 1 1 1 1 1 1 1 1 1 1 1 1 1 1 1 1 1 1 1 1 1 1 1 1 1 1 1 1 1 1 1 1 1 1 1 1 1 1 1 1 1 1 1 1 1 1 1 1 1 1 1 1 1 1 1 1 1 1 1 1 1 1 1 1 1 1 1 1 1 1 1 1 1 1 1 1 1 1 1 1 1 1 1 1 1 1 1 1 1 1 1 1 1 1 1 1 1 1 1 1 1 1 1 1 1 1 1 1 1 1 1 1 1 1 1 1 1 1 1 1 1 1 1 1 1 1 1 1 1 1 1 1 1 1 1 1 1 1 1 1 1 1 1 1 1 1 1 1 1 1 1 1 1 1 1 1 1 1 1 1 1 1 1 1 1 1 1 1 1 1 1 1 1 1 1 1 1 1 1 1 1 1 1 1 1 1 1 1 1 1 1 1 1 1 1 1 1 1 1 1 1 1 1 1 1 1 1 1 1 1 1 1 1 1 1 1 1 1 1 1 1 1 1 1 1 1 1 1 1 1 1 1 1 1 1 1 1 1 1 1 1 1 1 1 1 1 1 1 1 1 1 1 1 1 1 1 1 1 1 1 1 1 1 1 1 1 1 1 1 1 1 1 1 1 1 1 1 1 1 1 1 1 1 1 1 1 1 1 1 1 1 1 1 1 1 1 1 1 1 1 1 1 1 1 1 1 1 1 1 1 1 1 1 1 1 1 1 1 1 1 1 1 1 1 1 1 1 1 1 1 1 1 
