# This file contains a 2D laser scan observation. 
# Its format is: 
# [aperture] [max_range] [number_of_scans] 
# [vector_of_scans] 
# [vector_of_valid_scans] 
# The aperture of the sensor is in radians, the maximum range 
# and measurements are in meters. '1' means a valid scan, '0' otherwise.
4.1847
5.6
682
0.231 0.23 0.227 0.223 0.221 0.221 0.221 0.221 0.22 0.22 0.215 0.214 0.214 0.214 0.211 0.214 0.214 0.209 0.208 0.208 0.207 0.207 0.207 0.206 0.202 0.201 0.2 0.2 0.199 0.197 0.197 0.196 0.196 0.197 0.196 0.199 0.199 0.2 0.199 0.201 0.199 0.198 0.19 0.19 0.19 0.188 0.193 0.193 0.193 0.191 0.191 0.191 0.187 0.188 0.188 0.188 0.185 0.185 0.185 0.185 0.185 0.186 0.188 0.189 0.189 0.189 0.184 0.183 0.183 0.183 0.183 0.185 0.185 0.183 0.184 0.183 0.183 0.183 0.182 0.182 0.185 0.182 0.18 0.185 0.18 0.179 0.179 0.179 0.179 0.179 0.18 0.181 0.18 0.18 0.18 0.179 0.178 0.179 0.177 0.177 0.179 0.184 0.184 0.184 0.185 0.184 0.18 0.18 0.178 0.178 0.182 0.182 0.18 0.182 0.18 0.176 0.176 0.176 0.176 0.178 0.179 0.179 0.18 0.18 0.179 0.178 0.178 0.178 0.177 0.176 0.177 0.174 0.174 0.174 0.178 0.178 0.178 0.178 0.178 0.178 0.178 0.178 0.178 0.178 0.181 0.181 0.178 0.181 0.181 0.182 0.184 0.184 0.184 0.184 0.184 0.182 0.185 0.181 0.181 0.185 0.185 0.185 0.185 0.185 0.185 0.182 0.182 0.19 0.19 0.193 0.193 0.193 0.193 0.193 0.193 0.192 0.192 0.192 0.192 0.192 0.194 0.188 0.188 0.194 0.194 0.197 0.198 0.2 0.198 0.2 0.2 0.198 0.198 0.199 0.198 0.199 0.199 0.199 0.198 0.199 0.198 0.198 0.2 0.201 0.201 0.201 0.202 0.204 0.204 0.202 0.204 0.205 0.208 0.208 0.208 0.208 0.211 0.211 0.212 0.215 0.215 0.215 0.215 0.22 0.218 0.221 0.22 0.221 0.228 0.228 0.228 0.23 0.23 0.23 0.231 0.231 0.234 0.236 0.237 0.239 0.24 0.245 0.245 0.25 0.252 0.254 0.254 0.254 0.255 0.262 0.264 0.265 0.268 0.269 0.272 0.275 0.281 0.284 0.285 0.285 0.288 0.294 0.294 0.297 0.299 0.306 0.306 0.309 0.309 0.31 0.312 0.312 0.325 0.327 0.33 0.332 0.333 0.335 0.341 0.345 0.345 0.355 0.355 0.362 0.368 0.371 0.373 0.383 0.385 0.395 0.396 0.402 0.408 0.41 0.414 0.419 0.422 0.435 0.436 0.449 0.453 0.46 0.462 0.466 0.481 0.486 0.493 0.5 0.501 0.507 0.517 0.52 0.531 0.541 0.548 0.548 0.563 0.569 0.579 0.594 0.602 0.617 0.634 0.645 0.668 0.681 0.691 0.712 0.721 0.749 0.77 0.784 0.798 0.822 0.842 0.86 0.889 0.911 0.942 0.963 0.995 1.029 1.069 1.097 1.153 1.389 1.389 1.443 1.443 0 0 0 0 0 0 1.972 1.972 1.969 1.97 1.972 1.972 1.97 1.97 1.972 1.969 1.969 1.969 1.967 1.967 1.965 1.964 1.964 1.966 1.966 1.967 1.972 1.973 1.973 1.973 1.974 1.974 1.974 2.041 2.041 2.041 2 1.988 1.988 1.948 1.509 1.385 1.385 1.385 1.39 0 0 0 0 0 0 0 0 0 0 0.006 0.006 0.006 0 0 0 0 0 0 0 0 0 0 0 0 0 0.007 0.015 0.015 0.015 3.404 3.404 3.404 3.409 3.417 3.424 3.44 3.44 3.45 3.45 3.45 2.34 2.34 2.34 2.356 2.367 2.37 2.376 2.379 2.376 2.379 2.379 2.397 2.398 2.408 2.408 2.414 2.446 2.461 2.463 2.463 2.463 2.465 2.463 2.462 2.442 2.442 2.426 2.426 0.007 0 0 0 0 0 0 0 0 0 0 0 0 0 0 0 0 0 0 0.007 0 0.007 2.457 2.449 2.449 2.449 2.449 2.449 2.441 2.399 2.347 2.299 2.299 2.299 2.447 2.583 0 0 0 0 0 0 0 0.007 2.623 2.566 2.566 2.566 2.556 0 0.007 0 0 0 0 0 0 0 0 0 0 0 0 0 0 0 0 0 0 0 0 0 0.007 0 0 0 0 0 0 0 0 2.22 2.212 2.212 2.212 0 0 0 0 2.155 2.151 2.138 2.129 2.129 2.129 0 0 0 0.007 0 0 0 0 0 0 0 0 0 0 0 0 2.04 2.04 0.007 0 0 0 0 0 0 0 0 0 0 1.978 1.977 1.976 1.967 1.965 1.965 1.964 1.963 1.955 1.954 1.951 1.949 1.945 1.945 1.945 1.945 1.935 0.798 0.797 0.797 0.797 0 0 0 1.208 1.208 1.208 1.917 1.918 1.922 1.918 1.917 1.918 1.915 1.908 1.908 1.907 1.905 1.905 1.905 1.906 1.906 1.906 1.906 1.906 1.906 1.907 1.907 1.906 1.908 1.908 1.908 1.914 1.915 1.915 1.915 0.007 0 1.912 0 0 0 0 0 0 0 1.929 1.929 1.929 1.936 1.939 1.939 1.939 1.94 1.945 1.952 0 0 0 0 0 0 0 0.007 0 0 0 0 0 0 0.007 0 0 0 0 
1 1 1 1 1 1 1 1 1 1 1 1 1 1 1 1 1 1 1 1 1 1 1 1 1 1 1 1 1 1 1 1 1 1 1 1 1 1 1 1 1 1 1 1 1 1 1 1 1 1 1 1 1 1 1 1 1 1 1 1 1 1 1 1 1 1 1 1 1 1 1 1 1 1 1 1 1 1 1 1 1 1 1 1 1 1 1 1 1 1 1 1 1 1 1 1 1 1 1 1 1 1 1 1 1 1 1 1 1 1 1 1 1 1 1 1 1 1 1 1 1 1 1 1 1 1 1 1 1 1 1 1 1 1 1 1 1 1 1 1 1 1 1 1 1 1 1 1 1 1 1 1 1 1 1 1 1 1 1 1 1 1 1 1 1 1 1 1 1 1 1 1 1 1 1 1 1 1 1 1 1 1 1 1 1 1 1 1 1 1 1 1 1 1 1 1 1 1 1 1 1 1 1 1 1 1 1 1 1 1 1 1 1 1 1 1 1 1 1 1 1 1 1 1 1 1 1 1 1 1 1 1 1 1 1 1 1 1 1 1 1 1 1 1 1 1 1 1 1 1 1 1 1 1 1 1 1 1 1 1 1 1 1 1 1 1 1 1 1 1 1 1 1 1 1 1 1 1 1 1 1 1 1 1 1 1 1 1 1 1 1 1 1 1 1 1 1 1 1 1 1 1 1 1 1 1 1 1 1 1 1 1 1 1 1 1 1 1 1 1 1 1 1 1 1 1 1 1 1 1 1 1 1 1 1 1 1 1 1 1 1 1 1 1 1 1 1 1 1 0 0 0 0 0 0 1 1 1 1 1 1 1 1 1 1 1 1 1 1 1 1 1 1 1 1 1 1 1 1 1 1 1 1 1 1 1 1 1 1 1 1 1 1 1 0 0 0 0 0 0 0 0 0 0 0 0 0 0 0 0 0 0 0 0 0 0 0 0 0 0 0 0 0 0 1 1 1 1 1 1 1 1 1 1 1 1 1 1 1 1 1 1 1 1 1 1 1 1 1 1 1 1 1 1 1 1 1 1 1 1 1 1 1 0 0 0 0 0 0 0 0 0 0 0 0 0 0 0 0 0 0 0 0 0 0 1 1 1 1 1 1 1 1 1 1 1 1 1 1 0 0 0 0 0 0 0 0 1 1 1 1 1 0 0 0 0 0 0 0 0 0 0 0 0 0 0 0 0 0 0 0 0 0 0 0 0 0 0 0 0 0 0 0 0 1 1 1 1 0 0 0 0 1 1 1 1 1 1 0 0 0 0 0 0 0 0 0 0 0 0 0 0 0 0 1 1 0 0 0 0 0 0 0 0 0 0 0 1 1 1 1 1 1 1 1 1 1 1 1 1 1 1 1 1 1 1 1 1 0 0 0 1 1 1 1 1 1 1 1 1 1 1 1 1 1 1 1 1 1 1 1 1 1 1 1 1 1 1 1 1 1 1 1 0 0 1 0 0 0 0 0 0 0 1 1 1 1 1 1 1 1 1 1 0 0 0 0 0 0 0 0 0 0 0 0 0 0 0 0 0 0 0 
