# This file contains a 2D laser scan observation. 
# Its format is: 
# [aperture] [max_range] [number_of_scans] 
# [vector_of_scans] 
# [vector_of_valid_scans] 
# The aperture of the sensor is in radians, the maximum range 
# and measurements are in meters. '1' means a valid scan, '0' otherwise.
4.1847
5.6
682
0.244 0.242 0.242 0.242 0.235 0.242 0.236 0.236 0.238 0.238 0.236 0.232 0.229 0.228 0.228 0.228 0.226 0.226 0.228 0.228 0.228 0.228 0.226 0.223 0.224 0.223 0.222 0.222 0.223 0.222 0.222 0.22 0.219 0.217 0.217 0.217 0.215 0.215 0.215 0.215 0.215 0.215 0.214 0.213 0.212 0.21 0.207 0.21 0.21 0.209 0.21 0.211 0.211 0.211 0.211 0.211 0.21 0.21 0.206 0.21 0.21 0.209 0.209 0.209 0.209 0.208 0.208 0.209 0.213 0.212 0.214 0.212 0.212 0.206 0.205 0.205 0.204 0.204 0.208 0.209 0.211 0.211 0.211 0.212 0.211 0.21 0.207 0.208 0.207 0.207 0.208 0.211 0.211 0.211 0.211 0.209 0.209 0.211 0.209 0.214 0.214 0.211 0.209 0.21 0.21 0.21 0.21 0.211 0.214 0.213 0.213 0.213 0.213 0.213 0.216 0.217 0.217 0.216 0.217 0.218 0.216 0.216 0.216 0.216 0.216 0.216 0.218 0.219 0.219 0.219 0.219 0.223 0.215 0.215 0.217 0.218 0.217 0.218 0.219 0.224 0.224 0.224 0.228 0.228 0.228 0.23 0.228 0.23 0.23 0.23 0.231 0.234 0.231 0.234 0.236 0.237 0.236 0.237 0.239 0.237 0.238 0.24 0.24 0.24 0.241 0.241 0.241 0.244 0.246 0.246 0.247 0.247 0.247 0.247 0.249 0.249 0.252 0.255 0.255 0.256 0.256 0.261 0.261 0.26 0.26 0.26 0.258 0.26 0.262 0.277 0.277 0.277 0.277 0.279 0.279 0.279 0.279 0.283 0.283 0.283 0.282 0.282 0.282 0.289 0.293 0.293 0.299 0.301 0.299 0.301 0.301 0.301 0.312 0.312 0.314 0.32 0.323 0.329 0.331 0.332 0.337 0.338 0.343 0.343 0.344 0.344 0.344 0.349 0.356 0.358 0.367 0.37 0.37 0.37 0.375 0.376 0.382 0.39 0.392 0.394 0.396 0.401 0.406 0.411 0.413 0.419 0.422 0.426 0.434 0.437 0.44 0.447 0.447 0.456 0.46 0.461 0.475 0.482 0.489 0.491 0.493 0.501 0.504 0.517 0.518 0.522 0.528 0.529 0.55 0.55 0.558 0.575 0.576 0.579 0.599 0.601 0.611 0.628 0.639 0.644 0.651 0.672 0.673 0.688 0.697 0.722 0.724 0.736 0.748 0.763 0.779 0.78 0.799 0.816 0.837 0.842 0.872 0.882 0.91 0.93 0.948 1.771 0.007 0.006 0.007 0.015 0.015 0.015 0 0 0 0 0 0 0 0 0 1.746 1.743 1.742 1.743 1.743 1.742 1.741 1.743 1.741 1.738 1.741 1.738 1.736 1.738 1.736 1.736 1.731 1.731 1.731 1.735 1.735 1.738 1.739 1.739 1.738 1.738 1.742 1.738 1.735 1.738 1.742 1.742 1.878 1.878 1.878 1.896 1.755 1.737 1.27 1.226 1.16 1.156 1.156 1.156 1.16 0 0 0 0 0 0 0 0 0 0 0.006 0.006 0.006 0.006 0.006 0.006 0.006 0.006 0.006 0.006 0.006 0.006 0 0 0 0 0 0 0.007 0.015 3.156 3.164 3.164 3.164 3.184 3.184 3.187 3.191 3.202 3.206 3.216 3.225 3.228 3.252 3.252 3.252 2.104 2.1 2.1 2.1 2.12 2.12 2.128 2.134 2.154 2.154 2.156 2.162 2.171 2.178 2.182 2.2 2.207 2.214 2.222 2.222 2.222 2.23 2.231 2.246 2.246 2.246 2.244 2.244 2.244 0 0 0 0.007 0 0 0 0 0 0 0 0 0 0 0 0 0 0 0 0 0 0.007 0 0 0.007 2.049 2.049 2.144 2.144 2.233 2.286 2.29 2.314 2.33 2.334 2.349 2.351 2.386 2.404 2.424 2.441 2.453 2.458 2.463 0 0 0 0 0 0.007 0 0 0 0 0 0 0 0 1.876 1.876 0.007 0 0 0 0 0 0 0 0 0 0 0 0 0 0 0 0 0 0 0 0 0 0 0 0 2.114 2.108 2.108 2.098 2.095 2.086 2.076 2.074 2.065 2.065 2.065 0 0 0 0 0.007 0 0 0 0 2.002 1.998 1.99 1.988 1.986 1.983 1.976 1.972 1.972 1.972 0 0 0 0 0 0 0 0 0 0 0 0 0.007 0 0 0 0 0.007 0 0 0 0 0 0.006 0.008 0.008 0.008 0.007 0.008 0.008 0.008 1.893 1.888 1.887 1.887 1.887 1.886 1.883 1.88 1.886 1.883 1.883 1.883 1.884 1.884 1.886 0 0 0 0.007 1.889 1.885 1.886 1.885 1.885 1.881 1.881 1.88 1.878 1.168 1.15 1.15 1.15 1.886 0.007 0 0 0.007 0.793 0.771 0.769 0.769 0.771 1.911 1.911 1.911 1.911 1.908 1.908 1.911 0 0 0 0 0 1.933 1.933 1.933 1.936 1.941 1.942 1.942 0 0.007 0 0 0 1.975 1.975 1.975 1.987 1.995 1.995 1.995 1.998 2 2.007 2.014 2.019 2.03 0 0 0 0 0 0 0 0 0 0 0 0 0 0.007 2.123 2.123 2.127 2.127 2.153 0 
1 1 1 1 1 1 1 1 1 1 1 1 1 1 1 1 1 1 1 1 1 1 1 1 1 1 1 1 1 1 1 1 1 1 1 1 1 1 1 1 1 1 1 1 1 1 1 1 1 1 1 1 1 1 1 1 1 1 1 1 1 1 1 1 1 1 1 1 1 1 1 1 1 1 1 1 1 1 1 1 1 1 1 1 1 1 1 1 1 1 1 1 1 1 1 1 1 1 1 1 1 1 1 1 1 1 1 1 1 1 1 1 1 1 1 1 1 1 1 1 1 1 1 1 1 1 1 1 1 1 1 1 1 1 1 1 1 1 1 1 1 1 1 1 1 1 1 1 1 1 1 1 1 1 1 1 1 1 1 1 1 1 1 1 1 1 1 1 1 1 1 1 1 1 1 1 1 1 1 1 1 1 1 1 1 1 1 1 1 1 1 1 1 1 1 1 1 1 1 1 1 1 1 1 1 1 1 1 1 1 1 1 1 1 1 1 1 1 1 1 1 1 1 1 1 1 1 1 1 1 1 1 1 1 1 1 1 1 1 1 1 1 1 1 1 1 1 1 1 1 1 1 1 1 1 1 1 1 1 1 1 1 1 1 1 1 1 1 1 1 1 1 1 1 1 1 1 1 1 1 1 1 1 1 1 1 1 1 1 1 1 1 1 1 1 1 1 1 1 1 1 1 0 0 0 0 0 0 0 0 0 0 0 0 0 0 0 1 1 1 1 1 1 1 1 1 1 1 1 1 1 1 1 1 1 1 1 1 1 1 1 1 1 1 1 1 1 1 1 1 1 1 1 1 1 1 1 1 1 1 1 1 0 0 0 0 0 0 0 0 0 0 0 0 0 0 0 0 0 0 0 0 0 0 0 0 0 0 0 0 0 0 1 1 1 1 1 1 1 1 1 1 1 1 1 1 1 1 1 1 1 1 1 1 1 1 1 1 1 1 1 1 1 1 1 1 1 1 1 1 1 1 1 1 1 1 1 0 0 0 0 0 0 0 0 0 0 0 0 0 0 0 0 0 0 0 0 0 0 0 0 0 1 1 1 1 1 1 1 1 1 1 1 1 1 1 1 1 1 1 1 0 0 0 0 0 0 0 0 0 0 0 0 0 0 1 1 0 0 0 0 0 0 0 0 0 0 0 0 0 0 0 0 0 0 0 0 0 0 0 0 0 1 1 1 1 1 1 1 1 1 1 1 0 0 0 0 0 0 0 0 0 1 1 1 1 1 1 1 1 1 1 0 0 0 0 0 0 0 0 0 0 0 0 0 0 0 0 0 0 0 0 0 0 0 0 0 0 0 0 0 0 0 1 1 1 1 1 1 1 1 1 1 1 1 1 1 1 0 0 0 0 1 1 1 1 1 1 1 1 1 1 1 1 1 1 0 0 0 0 1 1 1 1 1 1 1 1 1 1 1 1 0 0 0 0 0 1 1 1 1 1 1 1 0 0 0 0 0 1 1 1 1 1 1 1 1 1 1 1 1 1 0 0 0 0 0 0 0 0 0 0 0 0 0 0 1 1 1 1 1 0 
