# This file contains a 2D laser scan observation. 
# Its format is: 
# [aperture] [max_range] [number_of_scans] 
# [vector_of_scans] 
# [vector_of_valid_scans] 
# The aperture of the sensor is in radians, the maximum range 
# and measurements are in meters. '1' means a valid scan, '0' otherwise.
4.1847
5.6
682
3.056 3.046 3.046 3.046 3.056 0.007 0 0 0 0 0 0 0 0 0 0 0 0 0 0 0 0.007 0 0 0 0 0.447 0.429 0.428 0.422 0.422 0.422 0.42 0.415 0.415 0.415 0.414 0.42 0.421 0.421 0.421 0.421 0.423 0.425 0.425 0.425 0.427 0.427 0.427 0.427 0.428 0.428 0.428 0.433 0.434 0.433 0.433 0.434 0.437 0.437 0.437 0.437 0.442 0.446 0.443 0.446 0.447 0.447 0.45 0.452 0.455 0.457 0.458 0.457 0.455 0.461 0.468 0.471 0.472 0.474 0.475 0.478 0.48 0.481 0.493 0.493 0.493 0.496 0.497 0.492 0.498 0.499 0.498 0.497 0.498 0.502 0.502 0.508 0.51 0.511 0.514 0.52 0.521 0.526 0.526 0.528 0.527 0.532 0.532 0.533 0.538 0.541 0.545 0.546 0.551 0.551 0.559 0.56 0.56 0.56 0.56 0.569 0.576 0.58 0.58 0.585 0.587 0.588 0.594 0.597 0.601 0.604 0.61 0.613 0.617 0.618 0.621 0.633 0.641 0.641 0.644 0.645 0.655 0.659 0.66 0.662 0.676 0.681 0.681 0.682 0.695 0.702 0.706 0.71 0.719 0.723 0.725 0.738 0.739 0.743 0.757 0.77 0.779 0.779 0.784 0.784 0.784 0.784 0.796 0.796 0.807 0.823 0.832 0.841 0.854 0.855 0.873 0.887 0 0.006 0.006 0.006 0.006 0.006 0.006 0.006 0.006 0.006 0.006 0.006 2.194 2.056 2.051 2.048 2.04 2.035 2.035 2.027 2.023 2.035 2.023 2.018 2.012 2.012 2.007 2.003 1.999 1.998 1.989 1.989 1.986 1.989 1.985 1.982 1.977 1.976 1.971 1.971 1.975 1.975 1.976 1.985 2.038 2.058 0.007 0 0 0.007 0 0 0 0 3.436 3.436 3.476 3.621 3.614 3.621 3.621 3.62 3.616 3.62 3.616 3.615 3.615 3.615 3.614 3.614 3.61 3.61 3.61 0 0 0.006 0.006 0.006 0.006 0.006 0.006 0.006 0.006 0.006 0.006 0.006 0.006 0.006 0.006 0.006 0.006 0.006 0.006 0.006 0.006 0.006 0.006 0.006 0.006 0.006 0.006 5.391 5.391 0.007 1.993 1.993 2.001 2.001 2.003 2.004 2.005 2.014 2.016 2.016 2.019 2.019 2.028 2.036 2.038 2.04 2.045 2.05 2.051 2.053 2.053 2.053 0.929 0.922 0.915 0.9 0.896 0.896 0.895 0.895 0.896 0.908 0.924 0.924 0.926 0.928 0.928 0.926 0.926 0.926 0.926 0.938 0.938 0.938 0.945 0.945 0.946 0.946 0.951 0.96 0.961 0.968 0.968 0.97 0.98 0.985 0.986 0.986 0.985 0.987 0.99 0.987 0.99 0.998 1.001 1.009 1.011 1.021 1.021 1.024 1.027 1.037 1.042 1.043 1.043 1.047 1.048 1.054 1.056 1.056 1.048 1.04 1.039 1.027 1.025 1.024 1.011 1.009 0.997 0.995 0.994 0.981 0.98 0.973 0.967 0.967 0.967 0.967 0.967 0.966 0.751 0.741 0.722 0.721 0.721 0.721 0.721 0.734 0 0 0 0.708 0.708 0.708 0.72 0.741 0.743 0.743 0.743 0.743 0.723 0.723 0.717 0.709 0.708 0.709 0.717 0.73 0.732 0.737 0.734 0.732 0.734 0.734 0.734 0.728 0.728 0.726 0.728 0.726 0.726 0.727 0.732 0.732 0.736 0.736 0.732 0.732 0.732 0.73 0.73 0.732 0 0 0 0 0 0 0.007 0.741 0.741 0.742 0.741 0.742 0.747 0 0 0 0 0.007 0 0.007 1.428 1.426 1.426 1.41 1.411 1.411 1.411 1.411 1.411 1.411 1.405 1.405 1.411 1.404 1.4 1.4 1.393 1.381 1.381 1.378 1.378 1.378 1.374 1.356 1.339 1.339 1.339 1.34 1.356 1.359 1.359 1.359 1.359 1.359 1.347 0 1.299 1.232 1.299 0 0 0 0 0 0 0 0.98 0.973 0.962 0.953 0.952 0.952 0.952 0.955 0 0 0 0 0 0 0 0 0 0 0 0 0 0 1.176 1.173 1.172 1.173 1.173 1.173 1.177 1.272 1.35 1.353 1.357 1.36 1.36 1.361 1.363 1.363 1.37 1.37 1.372 1.369 1.372 1.373 1.378 1.373 1.377 1.377 1.377 1.377 1.377 1.386 1.391 0 0 0 0 0 1.41 1.41 1.41 1.412 1.419 1.421 1.422 1.429 0 0 0 0.007 0 0 0 0 0 0 1.47 1.47 1.47 1.472 1.477 1.482 1.493 1.497 1.498 1.503 1.507 1.515 1.523 1.523 1.524 1.524 1.534 0 0 0 0 0 0 1.582 1.582 1.582 1.592 1.597 1.604 1.604 0 0 0 0 0 0 0 0.007 0 0 0 0 0 0 0 0 0 0 0 0 0 0 0 0 0 0 0 0.008 1.863 1.878 1.904 1.904 1.904 1.904 1.937 1.959 1.97 1.97 1.97 1.983 1.994 2.042 0 0.007 0 0 0 0 0 0 0 0 0 0 0 0 0.007 0 2.305 0 0 2.377 0 0.007 0 0 0 0 0 0 0 0 0 0 0 0 
1 1 1 1 1 0 0 0 0 0 0 0 0 0 0 0 0 0 0 0 0 0 0 0 0 0 1 1 1 1 1 1 1 1 1 1 1 1 1 1 1 1 1 1 1 1 1 1 1 1 1 1 1 1 1 1 1 1 1 1 1 1 1 1 1 1 1 1 1 1 1 1 1 1 1 1 1 1 1 1 1 1 1 1 1 1 1 1 1 1 1 1 1 1 1 1 1 1 1 1 1 1 1 1 1 1 1 1 1 1 1 1 1 1 1 1 1 1 1 1 1 1 1 1 1 1 1 1 1 1 1 1 1 1 1 1 1 1 1 1 1 1 1 1 1 1 1 1 1 1 1 1 1 1 1 1 1 1 1 1 1 1 1 1 1 1 1 1 1 1 1 1 1 1 1 1 1 1 0 0 0 0 0 0 0 0 0 0 0 0 1 1 1 1 1 1 1 1 1 1 1 1 1 1 1 1 1 1 1 1 1 1 1 1 1 1 1 1 1 1 1 1 1 1 0 0 0 0 0 0 0 0 1 1 1 1 1 1 1 1 1 1 1 1 1 1 1 1 1 1 1 0 0 0 0 0 0 0 0 0 0 0 0 0 0 0 0 0 0 0 0 0 0 0 0 0 0 0 0 1 1 0 1 1 1 1 1 1 1 1 1 1 1 1 1 1 1 1 1 1 1 1 1 1 1 1 1 1 1 1 1 1 1 1 1 1 1 1 1 1 1 1 1 1 1 1 1 1 1 1 1 1 1 1 1 1 1 1 1 1 1 1 1 1 1 1 1 1 1 1 1 1 1 1 1 1 1 1 1 1 1 1 1 1 1 1 1 1 1 1 1 1 1 1 1 1 1 1 1 1 1 1 1 1 1 1 1 1 1 1 0 0 0 1 1 1 1 1 1 1 1 1 1 1 1 1 1 1 1 1 1 1 1 1 1 1 1 1 1 1 1 1 1 1 1 1 1 1 1 1 1 1 1 1 0 0 0 0 0 0 0 1 1 1 1 1 1 0 0 0 0 0 0 0 1 1 1 1 1 1 1 1 1 1 1 1 1 1 1 1 1 1 1 1 1 1 1 1 1 1 1 1 1 1 1 1 1 1 1 0 1 1 1 0 0 0 0 0 0 0 1 1 1 1 1 1 1 1 0 0 0 0 0 0 0 0 0 0 0 0 0 0 1 1 1 1 1 1 1 1 1 1 1 1 1 1 1 1 1 1 1 1 1 1 1 1 1 1 1 1 1 1 1 0 0 0 0 0 1 1 1 1 1 1 1 1 0 0 0 0 0 0 0 0 0 0 1 1 1 1 1 1 1 1 1 1 1 1 1 1 1 1 1 0 0 0 0 0 0 1 1 1 1 1 1 1 0 0 0 0 0 0 0 0 0 0 0 0 0 0 0 0 0 0 0 0 0 0 0 0 0 0 0 0 1 1 1 1 1 1 1 1 1 1 1 1 1 1 0 0 0 0 0 0 0 0 0 0 0 0 0 0 0 0 1 0 0 1 0 0 0 0 0 0 0 0 0 0 0 0 0 0 
