# This file contains a 2D laser scan observation. 
# Its format is: 
# [aperture] [max_range] [number_of_scans] 
# [vector_of_scans] 
# [vector_of_valid_scans] 
# The aperture of the sensor is in radians, the maximum range 
# and measurements are in meters. '1' means a valid scan, '0' otherwise.
4.1847
5.6
682
0.836 0.836 0.838 0.838 0.838 0.838 0.838 0.84 0.84 0.849 0.852 0.855 0.862 0.862 0.862 0.862 0.862 0.854 0.855 0.855 0.851 0.85 0.847 0.842 0.842 0.843 0.843 0.843 0.843 0.837 0.837 0.837 0.837 0.837 0.837 0.832 0.832 0.832 0.832 0.832 0.835 0.836 0.837 0.844 0.844 0.847 0.848 0.848 0.848 0.848 0.848 0.847 0.847 0.847 0.848 0.849 0.85 0.85 0.85 0.85 0.851 0.851 0.856 0.857 0.861 0.861 0.864 0.867 0.867 0.874 0.875 0.876 0.877 0.88 0.88 0.88 0.88 0.884 0.88 0.884 0.885 0.893 0.894 0.895 0.899 0.899 0.904 0.9 0.9 0.906 0.906 0.906 0.907 0.907 0.916 0.917 0.919 0.917 0.919 0.921 0.928 0.929 0.93 0.938 0.942 0.942 0.947 0.95 0.954 0.958 0.96 0.961 0.963 0.974 0.974 0.974 0.983 0.984 0.988 0.993 0.995 1.008 1.008 1.013 1.013 1.021 1.032 1.037 1.038 1.038 1.045 1.06 1.06 1.06 1.05 1.036 1.035 1.032 1.031 1.012 1.006 1.004 0.992 0.979 0.974 0.971 0.97 0.958 0.958 0.951 0.946 0.937 0.937 0.931 0.926 0.923 0.921 0.913 0.91 0.902 0.899 0.897 0.892 0.885 0.881 0.879 0.879 0.871 0.865 0.865 0.865 0.865 0.864 0.859 0.851 0.849 0.848 0.848 0.841 0.837 0.831 0.828 0.828 0.82 0.817 0.816 0.812 0.812 0.812 0.807 0.802 0.798 0.798 0.797 0.797 0.797 0.793 0.789 0.789 0.781 0.781 0.781 0.781 0.781 0.78 0.766 0.766 0.766 0.765 0.765 0.765 0.764 0.762 0.755 0.755 0.755 0.754 0.754 0.752 0.75 0.747 0.747 0.741 0.747 0.744 0.741 0.741 0.742 0.741 0.74 0.74 0.739 0.737 0.737 0.737 0.735 0.735 0.735 0.734 0.732 0.731 0.725 0.724 0.724 0.723 0.72 0.723 0.72 0.72 0.725 0.725 0.717 0.717 0.716 0.716 0.716 0.723 0.723 0.723 0.724 0.724 0.731 0.731 0.731 0.733 0.736 0.751 0.762 0.766 0.774 0.775 0.781 0.781 0.783 0.783 0.779 0.77 0.767 0.765 0.738 0.733 0.731 0.725 0.722 0.722 0.721 0.719 0.719 0.719 0.718 0.718 0.717 0.718 0.717 0.717 0.728 0.733 0.74 0.74 0.741 0.743 0.745 0.746 0.749 0.749 0.767 0.767 0.767 0.767 0.767 0.8 0.802 0.802 0.805 0.805 0.805 0.813 0.813 0.813 0.811 0.802 0.783 0.778 0.77 0.77 0.765 0.765 0.765 0.765 0.765 0.771 0.771 0.758 0.757 0.771 0.757 0.753 0.757 0.763 0.763 0.765 0.766 0.765 0.767 0.773 0.773 0.773 0.782 0.783 0.785 0.785 0.786 0.788 0.791 0.792 0.798 0.798 0.808 0.807 0.808 0.808 0.809 0.816 0.82 0.82 0.823 0.827 0.83 0.833 0.839 0.841 0.843 0.846 0.85 0.857 0.858 0.861 0.861 0.862 0.869 0.877 0.879 0.882 0.883 0.888 0.889 0.893 0.895 0.902 0.903 0.915 0.915 0.916 0.921 0.922 0.929 0.935 0.943 0.945 1.402 1.597 1.816 1.816 1.825 1.835 1.835 1.835 1.835 1.305 1.243 1.242 1.242 1.243 1.956 1.978 2.094 2.094 2.094 0 0 0 0 0 0 0 0 0 0 0 0.007 0 0 0 0 0 0 0 0 0 0 0 0 0 0 0 0 0 2.597 2.596 2.596 2.597 2.636 3.075 0 0.007 0 0 0 0 0.007 3.303 3.287 3.287 3.285 3.272 3.244 3.24 3.24 3.234 3.23 3.22 3.213 3.204 3.204 3.202 3.181 3.171 3.171 3.171 3.162 2.028 2.028 2.028 2.023 2.02 2.02 2.019 2.016 2.015 2.007 2.005 2.002 2.001 1.999 1.996 1.988 1.986 1.982 1.978 1.978 1.978 1.978 1.969 1.969 1.969 1.968 1.957 1.957 1.958 1.953 1.953 1.958 1.953 1.953 1.95 1.95 1.944 1.944 1.94 1.94 1.94 1.94 1.939 1.939 1.934 1.934 1.934 1.943 0.015 0.015 0.015 0.007 1.955 1.947 1.947 1.942 1.942 1.941 1.941 1.937 1.937 1.936 1.937 1.938 1.94 1.94 1.942 4.67 0.015 0.015 0.015 0.015 0.015 1.955 1.955 1.955 1.955 1.955 1.945 1.955 1.944 1.275 1.275 1.964 1.964 1.976 1.977 1.977 1.977 1.977 0.854 0.848 0.848 0.848 0.847 0.848 0.858 0.859 0.898 1.974 0 0.007 0.015 1.974 1.973 1.949 1.949 1.949 2.045 2.061 2.061 2.062 2.062 2.066 2.066 2.067 2.071 0.006 0.006 0.015 0.007 4.997 4.636 1.95 1.95 1.936 1.936 2.015 2.032 2.032 0.006 0.007 2.197 2.197 2.205 2.205 2.214 2.221 2.221 2.23 2.231 2.231 2.231 0.007 0.008 0.008 0.008 2.308 2.308 2.308 2.326 0.006 0.006 0.006 2.361 2.325 2.325 2.325 2.371 2.405 2.405 2.424 2.405 2.348 2.348 2.354 2.354 2.355 2.366 2.385 2.414 0.006 0.008 0.008 0.006 1.17 1.16 1.15 1.15 1.16 1.16 2.58 2.618 2.638 2.638 2.659 2.666 2.687 2.694 2.702 2.719 2.722 2.76 2.784 2.813 2.817 2.875 3.048 3.072 3.104 3.12 3.153 
1 1 1 1 1 1 1 1 1 1 1 1 1 1 1 1 1 1 1 1 1 1 1 1 1 1 1 1 1 1 1 1 1 1 1 1 1 1 1 1 1 1 1 1 1 1 1 1 1 1 1 1 1 1 1 1 1 1 1 1 1 1 1 1 1 1 1 1 1 1 1 1 1 1 1 1 1 1 1 1 1 1 1 1 1 1 1 1 1 1 1 1 1 1 1 1 1 1 1 1 1 1 1 1 1 1 1 1 1 1 1 1 1 1 1 1 1 1 1 1 1 1 1 1 1 1 1 1 1 1 1 1 1 1 1 1 1 1 1 1 1 1 1 1 1 1 1 1 1 1 1 1 1 1 1 1 1 1 1 1 1 1 1 1 1 1 1 1 1 1 1 1 1 1 1 1 1 1 1 1 1 1 1 1 1 1 1 1 1 1 1 1 1 1 1 1 1 1 1 1 1 1 1 1 1 1 1 1 1 1 1 1 1 1 1 1 1 1 1 1 1 1 1 1 1 1 1 1 1 1 1 1 1 1 1 1 1 1 1 1 1 1 1 1 1 1 1 1 1 1 1 1 1 1 1 1 1 1 1 1 1 1 1 1 1 1 1 1 1 1 1 1 1 1 1 1 1 1 1 1 1 1 1 1 1 1 1 1 1 1 1 1 1 1 1 1 1 1 1 1 1 1 1 1 1 1 1 1 1 1 1 1 1 1 1 1 1 1 1 1 1 1 1 1 1 1 1 1 1 1 1 1 1 1 1 1 1 1 1 1 1 1 1 1 1 1 1 1 1 1 1 1 1 1 1 1 1 1 1 1 1 1 1 1 1 1 1 1 1 1 1 1 1 1 1 1 1 1 1 1 1 1 1 1 1 1 1 1 1 1 1 1 1 1 1 1 1 1 1 1 1 1 1 1 1 1 1 1 1 1 1 1 1 1 1 1 1 1 0 0 0 0 0 0 0 0 0 0 0 0 0 0 0 0 0 0 0 0 0 0 0 0 0 0 0 0 0 1 1 1 1 1 1 0 0 0 0 0 0 0 1 1 1 1 1 1 1 1 1 1 1 1 1 1 1 1 1 1 1 1 1 1 1 1 1 1 1 1 1 1 1 1 1 1 1 1 1 1 1 1 1 1 1 1 1 1 1 1 1 1 1 1 1 1 1 1 1 1 1 1 1 1 1 1 1 1 1 1 0 0 0 0 1 1 1 1 1 1 1 1 1 1 1 1 1 1 1 1 0 0 0 0 0 1 1 1 1 1 1 1 1 1 1 1 1 1 1 1 1 1 1 1 1 1 1 1 1 1 1 1 0 0 0 1 1 1 1 1 1 1 1 1 1 1 1 1 1 0 0 0 0 1 1 1 1 1 1 1 1 1 0 0 1 1 1 1 1 1 1 1 1 1 1 0 0 0 0 1 1 1 1 0 0 0 1 1 1 1 1 1 1 1 1 1 1 1 1 1 1 1 1 0 0 0 0 1 1 1 1 1 1 1 1 1 1 1 1 1 1 1 1 1 1 1 1 1 1 1 1 1 1 1 
