# This file contains a 2D laser scan observation. 
# Its format is: 
# [aperture] [max_range] [number_of_scans] 
# [vector_of_scans] 
# [vector_of_valid_scans] 
# The aperture of the sensor is in radians, the maximum range 
# and measurements are in meters. '1' means a valid scan, '0' otherwise.
4.1847
5.6
682
0.49 0.481 0.488 0.488 0.482 0.481 0.482 0.482 0.478 0.478 0.485 0.485 0.482 0.485 0.485 0.485 0.482 0.475 0.471 0.47 0.469 0.47 0.47 0.478 0.485 0.494 0.494 0.5 0.494 0.489 0.489 0.492 0.492 0.499 0.506 0.516 0.516 0.516 0.5 0.5 0.497 0.498 0.498 0.498 0.498 0.498 0.497 0.497 0.498 0.496 0.498 0.498 0.495 0.494 0.494 0.494 0.491 0.491 0.491 0.496 0.496 0.496 0.496 0.496 0.5 0.496 0.496 0.499 0.499 0.499 0.502 0.502 0.502 0.501 0.501 0.501 0.501 0.5 0.502 0.502 0.502 0.505 0.505 0.508 0.508 0.508 0.51 0.514 0.514 0.514 0.521 0.521 0.521 0.522 0.521 0.521 0.521 0.52 0.52 0.521 0.528 0.528 0.529 0.529 0.53 0.533 0.533 0.533 0.534 0.538 0.54 0.545 0.546 0.546 0.547 0.547 0.55 0.547 0.554 0.557 0.557 0.559 0.56 0.56 0.56 0.561 0.563 0.567 0.569 0.572 0.579 0.584 0.585 0.585 0.585 0.585 0.585 0.585 0.586 0.586 0.594 0.595 0.598 0.598 0.603 0.609 0.609 0.61 0.611 0.612 0.612 0.63 0.633 0.636 0.636 0.636 0.665 0.629 0.629 0.639 0.644 0.639 0.643 0.644 0.644 0.652 0.655 0.657 0.661 0.666 0.669 0.676 0.678 0.685 0.686 0.697 0.7 0.702 0.702 0.765 0.773 0.777 2.9 2.9 2.9 2.88 2.843 2.842 2.827 2.82 2.819 2.819 2.819 2.832 2.855 2.859 2.859 2.871 2.901 2.901 2.938 0 0 0 0 5.183 5.183 5.183 0 0 0.006 0.006 0.006 0 0 0 0 0 1.846 1.835 1.833 1.826 1.826 1.823 1.807 1.807 1.813 1.805 1.802 1.802 1.8 1.795 1.792 1.789 1.785 1.775 1.772 1.769 1.767 1.767 1.759 1.759 1.756 1.738 1.737 1.736 1.736 1.737 1.739 1.739 1.744 1.744 1.76 1.8 1.804 1.809 1.809 1.847 1.931 0.007 0 0 0 0 0 2.381 2.381 2.381 3.162 3.198 3.307 3.307 3.331 3.372 3.374 3.376 3.374 3.372 3.368 3.367 3.365 3.365 3.365 3.365 3.364 3.361 3.361 3.364 3.364 0 0 0 5.353 5.353 5.353 5.368 5.368 5.372 5.372 5.378 5.378 5.378 5.378 5.378 5.383 5.389 5.392 5.395 5.419 5.419 5.419 5.419 5.419 5.419 5.423 5.431 5.447 5.447 0 0.007 5.094 1.737 1.729 1.729 1.729 1.726 1.726 1.727 1.727 1.747 1.751 1.752 1.76 1.76 1.76 1.768 1.77 1.774 1.775 1.778 1.781 1.781 1.784 1.788 1.792 1.796 1.797 1.801 1.801 1.801 0.68 0.678 0.651 0.646 0.638 0.637 0.634 0.634 0.637 0.637 0.637 0.639 0.647 0.65 0.649 0.65 0.651 0.654 0.655 0.657 0.657 0.658 0.658 0.67 0.671 0.692 0.695 0.696 0.696 0.701 0.701 0.705 0.707 0.713 0.713 0.714 0.717 0.717 0.72 0.721 0.725 0.727 0.728 0.728 0.736 0.74 0.74 0.74 0.752 0.761 0.762 0.762 0.762 0.762 0.762 0.766 0.766 0.769 0.776 0.783 0.786 0.787 0.788 0.796 0.8 0.802 0.809 0.819 0.827 0.828 0.828 0.833 0.829 0.829 0.829 0.829 0.827 0.823 0.821 0.817 0.815 0.808 0.804 0.803 0.8 0.796 0.79 0.789 0.788 0.785 0.781 0.775 0.775 0.775 0.77 0.768 0.76 0.757 0.757 0.757 0.77 0.787 0.788 0.792 0.8 0.801 0.811 0.819 0.825 0.832 0.84 0.851 0.857 0.857 0.857 0.852 0.763 0.672 0.582 0.582 0.567 0.561 0.561 0.567 0.554 0.53 0.526 0.525 0.525 0.53 0.532 0.544 0.551 0.551 0.551 0.543 0.543 0.536 0.529 0.521 0.521 0.529 0.531 0.531 0.532 0.537 0.541 0.553 0.541 0.537 0.565 0.537 0.537 0.537 0.547 0.537 0.543 0.543 0.552 0.553 0.556 0.557 0.557 0.556 0.556 0.557 0.557 0.568 0.568 0.568 0.56 0.56 0.56 0.561 0.007 0 0 0 0 0.007 0 0 0 0 0 0.622 0.619 0.619 0.619 0.619 0.615 0.609 0.609 0.615 0.617 0.624 1.251 1.277 1.262 1.262 1.277 1.262 1.262 1.265 1.275 1.275 1.275 1.275 1.272 1.272 1.272 1.274 1.274 1.285 1.287 1.287 1.288 1.288 1.216 1.148 1.121 1.121 1.103 1.103 0.007 1.125 1.125 1.125 1.125 0.007 0 0 0.007 0 1.012 1.006 0.939 0.938 0.935 0.92 0.915 0.914 0.914 0.914 0.928 0 0 0 0 0 0 0.007 1.166 1.164 1.164 1.164 1.166 1.24 1.345 1.361 1.362 1.368 1.367 1.374 1.376 1.384 1.388 1.39 1.393 1.398 1.406 1.407 1.407 1.411 1.413 1.418 0 0 0 0 0 0 1.458 1.458 1.458 1.465 1.472 1.481 1.481 1.485 1.493 1.497 1.499 1.5 1.518 1.521 1.532 1.534 1.535 1.543 1.548 1.552 0 0 0 0 0 0 0.007 0 0 0 0 0 0.007 0 0 0 1.704 1.704 1.704 1.718 1.721 1.734 1.743 1.759 1.764 1.775 1.784 1.792 1.812 1.812 
1 1 1 1 1 1 1 1 1 1 1 1 1 1 1 1 1 1 1 1 1 1 1 1 1 1 1 1 1 1 1 1 1 1 1 1 1 1 1 1 1 1 1 1 1 1 1 1 1 1 1 1 1 1 1 1 1 1 1 1 1 1 1 1 1 1 1 1 1 1 1 1 1 1 1 1 1 1 1 1 1 1 1 1 1 1 1 1 1 1 1 1 1 1 1 1 1 1 1 1 1 1 1 1 1 1 1 1 1 1 1 1 1 1 1 1 1 1 1 1 1 1 1 1 1 1 1 1 1 1 1 1 1 1 1 1 1 1 1 1 1 1 1 1 1 1 1 1 1 1 1 1 1 1 1 1 1 1 1 1 1 1 1 1 1 1 1 1 1 1 1 1 1 1 1 1 1 1 1 1 1 1 1 1 1 1 1 1 1 1 1 1 1 1 1 1 1 1 1 1 1 0 0 0 0 1 1 1 0 0 0 0 0 0 0 0 0 0 1 1 1 1 1 1 1 1 1 1 1 1 1 1 1 1 1 1 1 1 1 1 1 1 1 1 1 1 1 1 1 1 1 1 1 1 1 1 1 1 1 0 0 0 0 0 0 1 1 1 1 1 1 1 1 1 1 1 1 1 1 1 1 1 1 1 1 1 1 1 1 0 0 0 1 1 1 1 1 1 1 1 1 1 1 1 1 1 1 1 1 1 1 1 1 1 1 1 1 1 0 0 1 1 1 1 1 1 1 1 1 1 1 1 1 1 1 1 1 1 1 1 1 1 1 1 1 1 1 1 1 1 1 1 1 1 1 1 1 1 1 1 1 1 1 1 1 1 1 1 1 1 1 1 1 1 1 1 1 1 1 1 1 1 1 1 1 1 1 1 1 1 1 1 1 1 1 1 1 1 1 1 1 1 1 1 1 1 1 1 1 1 1 1 1 1 1 1 1 1 1 1 1 1 1 1 1 1 1 1 1 1 1 1 1 1 1 1 1 1 1 1 1 1 1 1 1 1 1 1 1 1 1 1 1 1 1 1 1 1 1 1 1 1 1 1 1 1 1 1 1 1 1 1 1 1 1 1 1 1 1 1 1 1 1 1 1 1 1 1 1 1 1 1 1 1 1 1 1 1 1 1 1 1 1 1 1 1 1 1 1 1 1 1 1 1 1 1 1 1 1 1 1 1 1 1 0 0 0 0 0 0 0 0 0 0 0 1 1 1 1 1 1 1 1 1 1 1 1 1 1 1 1 1 1 1 1 1 1 1 1 1 1 1 1 1 1 1 1 1 1 1 1 1 1 1 0 1 1 1 1 0 0 0 0 0 1 1 1 1 1 1 1 1 1 1 1 0 0 0 0 0 0 0 1 1 1 1 1 1 1 1 1 1 1 1 1 1 1 1 1 1 1 1 1 1 1 1 0 0 0 0 0 0 1 1 1 1 1 1 1 1 1 1 1 1 1 1 1 1 1 1 1 1 0 0 0 0 0 0 0 0 0 0 0 0 0 0 0 0 1 1 1 1 1 1 1 1 1 1 1 1 1 1 
