# This file contains a 2D laser scan observation. 
# Its format is: 
# [aperture] [max_range] [number_of_scans] 
# [vector_of_scans] 
# [vector_of_valid_scans] 
# The aperture of the sensor is in radians, the maximum range 
# and measurements are in meters. '1' means a valid scan, '0' otherwise.
4.1847
5.6
682
0.539 0.539 0.539 0.545 0.545 0.545 0.551 0.553 0.555 0.555 0.555 0.556 0.555 0.555 0.555 0.559 0.558 0.559 0.561 0.561 0.571 0.571 0.572 0.573 0.58 0.58 0.584 0.584 0.584 0.584 0.587 0.588 0.592 0.596 0.596 0.599 0.606 0.606 0.606 0.61 0.61 0.614 0.615 0.618 0.627 0.628 0.632 0.637 0.638 0.641 0.648 0.649 0.654 0.658 0.659 0.66 0.664 0.67 0.671 0.676 0.681 0.687 0.689 0.692 0.697 0.699 0.705 0.71 0.711 0.727 0.729 0.73 0.731 0.741 0.742 0.744 0.762 0.771 0.773 0.776 0.789 0.79 0.793 0.802 0.803 0.817 0.821 0.823 0.831 0.841 0.848 0.85 0.871 0.874 0.882 0.882 0.897 0.902 0.915 0.917 0.929 0.942 0.954 0.959 0.964 0.991 0.999 1.012 1.027 1.04 1.059 1.06 1.074 1.089 1.102 1.102 1.112 1.112 1.108 1.042 1.07 1.029 1.005 0.977 0.97 0.948 0.948 0.948 0.948 0.956 0.956 0.956 0.943 0.952 0.952 0.947 0.947 0.952 0.951 0.951 0.953 1.016 1.016 1.016 0.99 0.965 0.965 0.99 1.097 1.097 1.097 1.097 1.097 1.092 1.097 1.097 1.095 1.086 1.085 1.085 1.085 1.085 1.085 1.085 1.078 1.074 1.074 1.074 1.074 1.074 1.074 1.073 1.071 1.071 1.071 1.073 1.074 1.074 1.074 1.075 1.074 1.073 1.073 1.073 1.072 1.071 1.071 1.072 1.072 1.072 1.072 1.072 1.067 1.067 1.067 1.072 1.068 1.072 1.068 1.074 1.068 1.067 1.066 1.067 1.067 1.066 1.08 1.08 1.078 1.074 1.077 1.077 1.078 1.081 1.081 1.082 1.087 1.087 1.087 1.087 1.087 1.09 1.085 1.091 1.093 1.093 1.093 1.096 1.093 1.097 1.089 1.106 1.105 1.106 1.106 1.114 1.114 1.114 1.116 1.117 1.12 1.123 1.124 1.123 1.124 1.125 1.125 1.129 1.136 1.14 1.144 1.144 1.152 1.155 1.156 1.158 1.162 1.163 1.172 1.174 1.177 1.18 1.181 1.183 1.185 1.185 1.181 1.18 1.171 1.163 1.158 1.158 1.158 1.159 1.166 1.177 1.181 1.189 1.233 1.246 1.873 1.92 1.927 1.927 1.927 1.92 1.917 1.909 1.906 1.906 1.882 1.878 1.876 1.865 1.862 1.853 1.848 1.844 1.839 1.83 1.821 1.814 1.808 1.802 1.796 1.794 1.783 1.779 1.778 1.777 1.766 1.758 1.75 1.748 1.74 1.726 1.722 1.712 1.712 1.707 1.701 1.7 1.692 1.689 1.689 1.679 1.679 1.689 1.701 1.701 1.701 1.677 1.657 1.654 1.654 1.654 1.654 1.654 1.675 1.689 1.703 1.74 2.299 2.316 2.318 3.604 3.641 3.662 3.693 3.743 3.758 3.808 3.859 3.872 3.93 3.957 3.966 3.976 4.876 4.876 4.876 4.847 4.844 4.803 4.788 4.788 4.78 4.741 0.659 0.652 0.652 0.644 0.641 0.639 0.628 0.628 0.628 0.629 0.63 0.63 0.629 0.622 0.622 0.619 0.612 0.612 0.622 0.622 0.622 0.631 0.632 0.632 0.635 0.636 0.638 0.642 0.642 0.642 0.636 0.636 0.636 0.636 0.636 0.636 0.634 0.632 0.632 0.633 0.631 0.631 0.63 0.63 0.625 0.625 0.622 0.621 0.621 0.621 0.621 0.623 0.623 0.623 0.622 0.622 0.619 0.622 0.615 0.623 0.623 0.623 0.621 0.621 0.621 0.62 0.618 0.62 0.622 0.623 0.623 0.623 0.622 0.621 0.617 0.617 0.595 0.587 0.577 0.577 0.575 0.573 0.575 0.573 0.573 0.578 0.583 0.584 0.585 0.595 0.592 0.592 0.593 0.593 0.593 0.597 0.597 0.6 0.6 0.603 0.604 0.608 0.609 0.614 0.672 0.675 0.678 0.68 0.684 2.36 0 0 0 0 0 0 0 0 0 0 0.007 4.44 4.44 4.45 4.45 4.461 4.466 4.469 4.483 4.502 4.509 4.514 4.522 4.533 4.556 4.565 4.58 4.6 4.6 4.615 4.618 4.635 4.657 4.678 4.679 4.694 0 0 0 0 0 0 0 0 0 0 0 0 0 0 0 0.007 0 0 0 0.007 0 3.7 3.585 3.565 3.529 3.476 3.456 3.412 3.39 3.357 3.33 3.31 3.267 3.249 3.219 3.2 3.16 3.143 3.111 3.072 3.05 3.032 3.006 2.997 2.964 2.952 2.936 2.936 2.936 2.944 2.953 2.962 2.977 2.99 3.007 3.028 3.049 3.049 3.049 1.392 1.387 1.369 1.367 1.358 1.346 1.334 1.328 1.319 1.316 1.311 1.297 1.296 1.284 1.283 1.278 1.275 1.154 1.037 1.033 1.028 1.017 1.013 1.01 1.01 1.01 1.017 1.03 1.03 1.04 1.045 1.058 1.062 1.065 1.072 1.099 1.107 1.119 1.124 1.14 1.163 1.174 1.184 1.196 1.204 1.213 1.229 1.253 1.264 1.283 1.294 1.313 1.323 1.347 1.36 1.373 1.399 1.42 1.441 1.463 1.485 1.517 1.526 1.553 1.587 1.609 1.626 1.658 1.7 1.719 1.748 1.764 1.81 1.851 1.876 1.909 1.96 1.994 2.044 2.073 2.123 2.154 2.203 2.246 2.297 2.365 2.431 2.502 2.577 2.641 2.713 2.8 2.905 2.981 3.935 3.935 3.935 3.928 3.923 3.923 3.918 3.914 3.909 3.905 3.904 3.891 3.888 3.885 3.883 
1 1 1 1 1 1 1 1 1 1 1 1 1 1 1 1 1 1 1 1 1 1 1 1 1 1 1 1 1 1 1 1 1 1 1 1 1 1 1 1 1 1 1 1 1 1 1 1 1 1 1 1 1 1 1 1 1 1 1 1 1 1 1 1 1 1 1 1 1 1 1 1 1 1 1 1 1 1 1 1 1 1 1 1 1 1 1 1 1 1 1 1 1 1 1 1 1 1 1 1 1 1 1 1 1 1 1 1 1 1 1 1 1 1 1 1 1 1 1 1 1 1 1 1 1 1 1 1 1 1 1 1 1 1 1 1 1 1 1 1 1 1 1 1 1 1 1 1 1 1 1 1 1 1 1 1 1 1 1 1 1 1 1 1 1 1 1 1 1 1 1 1 1 1 1 1 1 1 1 1 1 1 1 1 1 1 1 1 1 1 1 1 1 1 1 1 1 1 1 1 1 1 1 1 1 1 1 1 1 1 1 1 1 1 1 1 1 1 1 1 1 1 1 1 1 1 1 1 1 1 1 1 1 1 1 1 1 1 1 1 1 1 1 1 1 1 1 1 1 1 1 1 1 1 1 1 1 1 1 1 1 1 1 1 1 1 1 1 1 1 1 1 1 1 1 1 1 1 1 1 1 1 1 1 1 1 1 1 1 1 1 1 1 1 1 1 1 1 1 1 1 1 1 1 1 1 1 1 1 1 1 1 1 1 1 1 1 1 1 1 1 1 1 1 1 1 1 1 1 1 1 1 1 1 1 1 1 1 1 1 1 1 1 1 1 1 1 1 1 1 1 1 1 1 1 1 1 1 1 1 1 1 1 1 1 1 1 1 1 1 1 1 1 1 1 1 1 1 1 1 1 1 1 1 1 1 1 1 1 1 1 1 1 1 1 1 1 1 1 1 1 1 1 1 1 1 1 1 1 1 1 1 1 1 1 1 1 1 1 1 1 1 1 1 1 1 1 1 1 1 1 1 1 1 1 1 1 1 1 1 1 1 1 1 1 1 1 1 1 1 1 1 1 1 1 1 1 1 1 1 1 1 1 1 1 1 1 1 1 1 1 1 1 1 1 1 1 1 0 0 0 0 0 0 0 0 0 0 0 1 1 1 1 1 1 1 1 1 1 1 1 1 1 1 1 1 1 1 1 1 1 1 1 1 0 0 0 0 0 0 0 0 0 0 0 0 0 0 0 0 0 0 0 0 0 1 1 1 1 1 1 1 1 1 1 1 1 1 1 1 1 1 1 1 1 1 1 1 1 1 1 1 1 1 1 1 1 1 1 1 1 1 1 1 1 1 1 1 1 1 1 1 1 1 1 1 1 1 1 1 1 1 1 1 1 1 1 1 1 1 1 1 1 1 1 1 1 1 1 1 1 1 1 1 1 1 1 1 1 1 1 1 1 1 1 1 1 1 1 1 1 1 1 1 1 1 1 1 1 1 1 1 1 1 1 1 1 1 1 1 1 1 1 1 1 1 1 1 1 1 1 1 1 1 1 1 1 1 1 1 1 1 1 1 1 1 1 1 1 1 1 1 
