# This file contains a 2D laser scan observation. 
# Its format is: 
# [aperture] [max_range] [number_of_scans] 
# [vector_of_scans] 
# [vector_of_valid_scans] 
# The aperture of the sensor is in radians, the maximum range 
# and measurements are in meters. '1' means a valid scan, '0' otherwise.
4.1847
5.6
682
0.554 0.556 0.556 0.56 0.561 0.561 0.561 0.568 0.569 0.57 0.57 0.571 0.572 0.575 0.579 0.582 0.582 0.58 0.586 0.587 0.588 0.587 0.59 0.592 0.592 0.595 0.596 0.603 0.605 0.613 0.613 0.614 0.615 0.62 0.621 0.621 0.623 0.625 0.628 0.633 0.634 0.638 0.638 0.64 0.642 0.642 0.645 0.654 0.655 0.659 0.664 0.665 0.671 0.675 0.679 0.68 0.688 0.69 0.69 0.697 0.698 0.699 0.701 0.707 0.716 0.723 0.727 0.728 0.729 0.733 0.742 0.75 0.751 0.754 0.763 0.763 0.772 0.78 0.781 0.787 0.791 0.802 0.811 0.815 0.82 0.832 0.834 0.84 0.841 0.85 0.865 0.866 0.87 0.876 0.892 0.897 0.904 0.908 0.923 0.928 0.943 0.943 0.968 0.971 0.981 0.993 1.007 1.015 1.031 1.042 1.058 1.074 1.078 1.078 1.078 1.078 1.046 1.046 1.03 1.03 1.025 0.988 0.971 0.95 0.938 0.935 0.935 0.935 0.95 0.966 0.966 0.966 0.951 0.951 0.94 0.94 0.937 0.93 0.93 0.937 0.987 0.987 0.987 0.997 0.972 0.972 0.997 1.046 1.072 1.081 1.083 1.083 1.086 1.086 1.08 1.076 1.071 1.071 1.071 1.071 1.07 1.066 1.062 1.061 1.059 1.061 1.061 1.062 1.062 1.062 1.058 1.058 1.058 1.058 1.058 1.055 1.055 1.054 1.054 1.054 1.054 1.047 1.046 1.046 1.045 1.046 1.051 1.052 1.052 1.052 1.052 1.052 1.052 1.05 1.052 1.05 1.047 1.046 1.047 1.047 1.046 1.045 1.045 1.045 1.044 1.045 1.044 1.044 1.054 1.054 1.054 1.054 1.058 1.058 1.063 1.063 1.058 1.06 1.063 1.062 1.061 1.062 1.063 1.063 1.065 1.065 1.064 1.068 1.064 1.064 1.07 1.072 1.072 1.075 1.076 1.077 1.08 1.081 1.081 1.082 1.082 1.082 1.091 1.094 1.095 1.095 1.099 1.101 1.099 1.109 1.111 1.115 1.111 1.115 1.121 1.123 1.123 1.129 1.131 1.135 1.14 1.142 1.142 1.144 1.155 1.155 1.155 1.156 1.156 1.153 1.156 1.142 1.141 1.141 1.123 1.123 1.123 1.142 1.146 1.151 1.163 1.209 1.211 1.855 1.897 1.897 1.897 1.897 1.894 1.883 1.877 1.869 1.868 1.868 1.857 1.847 1.846 1.838 1.823 1.821 1.821 1.804 1.803 1.798 1.781 1.778 1.777 1.768 1.761 1.756 1.756 1.747 1.738 1.736 1.734 1.729 1.724 1.718 1.715 1.69 1.683 1.675 1.675 1.675 1.667 1.661 1.66 1.658 1.657 1.657 1.66 1.668 1.668 1.668 1.666 1.642 1.63 1.626 1.626 1.627 1.627 1.638 1.643 1.66 1.675 1.7 2.278 2.291 3.606 3.606 3.631 3.661 3.661 3.694 3.723 3.766 3.799 3.842 3.88 3.901 3.928 3.945 4.824 4.824 4.824 4.814 4.787 4.78 4.768 4.739 4.736 4.69 4.677 4.591 0.64 0.627 0.621 0.615 0.613 0.608 0.608 0.604 0.604 0.604 0.602 0.595 0.595 0.593 0.593 0.592 0.592 0.581 0.58 0.58 0.581 0.584 0.586 0.591 0.602 0.602 0.617 0.617 0.617 0.616 0.614 0.614 0.611 0.61 0.609 0.608 0.603 0.605 0.603 0.603 0.605 0.605 0.603 0.604 0.604 0.6 0.6 0.6 0.597 0.597 0.597 0.596 0.596 0.598 0.596 0.596 0.595 0.595 0.595 0.595 0.596 0.596 0.595 0.595 0.594 0.594 0.594 0.594 0.594 0.599 0.591 0.597 0.597 0.597 0.596 0.596 0.594 0.596 0.596 0.594 0.594 0.574 0.57 0.57 0.556 0.557 0.555 0.555 0.557 0.558 0.561 0.563 0.563 0.563 0.573 0.573 0.573 0.57 0.57 0.57 0.57 0.576 0.576 0.578 0.579 0.588 0.59 0.59 0.592 0.614 0.654 0.655 0.659 0 0 0 0 0 0 0 0 4.44 4.44 4.44 4.448 4.449 4.451 4.463 4.474 4.483 4.503 4.505 4.514 4.521 4.539 4.56 4.568 4.595 4.603 4.622 4.627 4.641 4.647 4.668 4.674 4.686 0 0 0 0 0 0 0 0 0 0 0 0 0 0 0 0 0 3.787 3.765 3.655 3.655 3.629 3.58 3.552 3.495 3.479 3.431 3.403 3.373 3.352 3.32 3.286 3.252 3.222 3.206 3.17 3.143 3.116 3.091 3.067 3.043 3.02 2.997 2.979 2.945 2.941 2.933 2.933 2.933 2.936 2.949 2.965 2.986 2.993 3.016 3.034 3.047 3.067 3.096 3.096 3.096 1.389 1.376 1.374 1.366 1.356 1.355 1.345 1.33 1.327 1.314 1.313 1.31 1.303 1.291 1.288 1.283 1.28 1.28 1.199 1.048 1.041 1.032 1.023 1.015 1.014 1.014 1.014 1.018 1.036 1.038 1.04 1.041 1.061 1.064 1.07 1.085 1.109 1.117 1.128 1.136 1.158 1.17 1.181 1.2 1.213 1.224 1.233 1.258 1.265 1.287 1.301 1.322 1.347 1.363 1.383 1.404 1.423 1.437 1.468 1.486 1.515 1.537 1.56 1.592 1.617 1.638 1.676 1.699 1.721 1.765 1.797 1.835 1.875 1.913 1.953 1.985 2.031 2.073 2.109 2.159 2.207 2.261 2.343 2.385 2.476 2.51 2.613 2.69 2.773 2.862 2.944 3.035 3.947 3.947 3.949 3.947 3.944 3.939 3.936 3.925 3.921 
1 1 1 1 1 1 1 1 1 1 1 1 1 1 1 1 1 1 1 1 1 1 1 1 1 1 1 1 1 1 1 1 1 1 1 1 1 1 1 1 1 1 1 1 1 1 1 1 1 1 1 1 1 1 1 1 1 1 1 1 1 1 1 1 1 1 1 1 1 1 1 1 1 1 1 1 1 1 1 1 1 1 1 1 1 1 1 1 1 1 1 1 1 1 1 1 1 1 1 1 1 1 1 1 1 1 1 1 1 1 1 1 1 1 1 1 1 1 1 1 1 1 1 1 1 1 1 1 1 1 1 1 1 1 1 1 1 1 1 1 1 1 1 1 1 1 1 1 1 1 1 1 1 1 1 1 1 1 1 1 1 1 1 1 1 1 1 1 1 1 1 1 1 1 1 1 1 1 1 1 1 1 1 1 1 1 1 1 1 1 1 1 1 1 1 1 1 1 1 1 1 1 1 1 1 1 1 1 1 1 1 1 1 1 1 1 1 1 1 1 1 1 1 1 1 1 1 1 1 1 1 1 1 1 1 1 1 1 1 1 1 1 1 1 1 1 1 1 1 1 1 1 1 1 1 1 1 1 1 1 1 1 1 1 1 1 1 1 1 1 1 1 1 1 1 1 1 1 1 1 1 1 1 1 1 1 1 1 1 1 1 1 1 1 1 1 1 1 1 1 1 1 1 1 1 1 1 1 1 1 1 1 1 1 1 1 1 1 1 1 1 1 1 1 1 1 1 1 1 1 1 1 1 1 1 1 1 1 1 1 1 1 1 1 1 1 1 1 1 1 1 1 1 1 1 1 1 1 1 1 1 1 1 1 1 1 1 1 1 1 1 1 1 1 1 1 1 1 1 1 1 1 1 1 1 1 1 1 1 1 1 1 1 1 1 1 1 1 1 1 1 1 1 1 1 1 1 1 1 1 1 1 1 1 1 1 1 1 1 1 1 1 1 1 1 1 1 1 1 1 1 1 1 1 1 1 1 1 1 1 1 1 1 1 1 1 1 1 1 1 1 1 1 1 1 1 1 1 1 1 1 1 1 1 1 1 1 1 1 1 1 1 1 1 1 1 1 1 1 1 1 1 1 1 1 1 1 0 0 0 0 0 0 0 0 1 1 1 1 1 1 1 1 1 1 1 1 1 1 1 1 1 1 1 1 1 1 1 1 1 0 0 0 0 0 0 0 0 0 0 0 0 0 0 0 0 0 1 1 1 1 1 1 1 1 1 1 1 1 1 1 1 1 1 1 1 1 1 1 1 1 1 1 1 1 1 1 1 1 1 1 1 1 1 1 1 1 1 1 1 1 1 1 1 1 1 1 1 1 1 1 1 1 1 1 1 1 1 1 1 1 1 1 1 1 1 1 1 1 1 1 1 1 1 1 1 1 1 1 1 1 1 1 1 1 1 1 1 1 1 1 1 1 1 1 1 1 1 1 1 1 1 1 1 1 1 1 1 1 1 1 1 1 1 1 1 1 1 1 1 1 1 1 1 1 1 1 1 1 1 1 1 1 1 1 1 1 1 1 1 1 1 
