# This file contains a 2D laser scan observation. 
# Its format is: 
# [aperture] [max_range] [number_of_scans] 
# [vector_of_scans] 
# [vector_of_valid_scans] 
# The aperture of the sensor is in radians, the maximum range 
# and measurements are in meters. '1' means a valid scan, '0' otherwise.
4.1847
5.6
682
0.537 0.535 0.535 0.53 0.527 0.526 0.52 0.52 0.52 0.519 0.514 0.512 0.512 0.511 0.503 0.502 0.497 0.496 0.49 0.487 0.484 0.48 0.478 0.477 0.477 0.474 0.467 0.441 0.386 0.383 0.381 0.38 0.38 0.379 0.378 0.378 0.378 0.378 0.379 0.379 0.379 0.379 0.377 0.377 0.377 0.376 0.375 0.375 0.373 0.372 0.36 0.36 0.36 0.362 0.368 0.373 0.376 0.383 0.393 0.396 0.397 0.397 0.396 0.391 0.391 0.387 0.387 0.391 0.393 0.393 0.393 0.393 0.381 0.381 0.381 0.388 0.388 0.389 0.388 0.389 0.39 0.4 0.423 2.194 2.199 2.215 2.211 2.211 2.211 2.21 2.202 2.2 2.2 2.198 2.196 2.183 2.178 2.174 2.17 2.169 2.168 2.163 2.159 2.159 2.157 2.155 2.153 2.151 2.147 2.139 2.139 2.136 2.136 2.134 2.134 2.127 2.127 2.127 2.125 2.123 2.121 2.119 2.118 2.117 2.117 2.116 2.116 2.115 2.088 1.331 1.326 1.324 1.316 1.315 1.315 1.298 1.277 1.223 1.22 1.218 1.218 1.219 1.22 1.232 1.232 1.233 1.233 1.233 1.233 1.233 1.242 1.246 1.246 1.246 1.248 1.248 1.248 1.248 1.248 1.252 1.256 1.257 1.262 1.262 1.265 1.263 1.27 1.271 1.271 1.266 1.272 1.268 1.266 1.266 1.012 0.983 0.97 0.969 0.947 0.946 0.937 0.936 0.917 0.916 0.902 0.898 0.898 0.898 0.898 0.888 0.888 0.88 0.88 0.872 0.865 0.856 0.851 0.851 0.836 0.834 0.832 0.819 0.812 0.812 0.81 0.803 0.802 0.8 0.788 0.783 0.776 0.77 0.768 0.764 0.764 0.762 0.753 0.751 0.751 0.75 0.739 0.729 0.725 0.724 0.724 0.723 0.723 0.723 0.721 0.719 0.719 0.712 0.707 0.701 0.696 0.696 0.694 0.694 0.693 0.693 0.692 0.688 0.686 0.673 0.668 0.651 0.651 0.651 0.651 0.649 0.645 0.642 0.64 0.637 0.633 0.633 0.627 0.627 0.622 0.621 0.621 0.621 0.619 0.619 0.619 0.619 0.618 0.618 0.616 0.616 0.609 0.609 0.609 0.61 0.609 0.61 0.61 0.615 0.615 0.636 0.636 0.636 0.632 0.631 0.627 0.625 0.618 0.613 0.595 0.588 0.588 0.594 0.594 0.594 0.594 0.594 0.594 0.592 0.594 0.597 0.605 0.61 0.61 0.612 0.615 0.617 0.624 0.625 0.632 0.638 0.646 0.65 0.651 0.668 2.929 2.953 3.783 3.771 3.771 3.771 3.76 3.746 3.738 3.721 3.715 3.715 3.699 3.68 3.68 3.669 3.597 3.597 3.597 3.625 3.626 3.626 3.626 3.613 3.611 3.595 3.594 3.587 3.575 3.572 3.568 3.554 3.542 3.542 3.54 3.539 3.537 3.511 3.51 3.51 3.509 3.511 3.515 3.625 0.007 4.25 4.248 4.248 4.24 4.237 4.229 4.228 4.224 4.219 4.21 4.21 4.208 4.204 4.2 4.196 4.195 4.191 4.19 4.183 4.181 4.181 4.179 4.175 4.161 4.161 4.161 4.161 4.164 4.17 4.179 4.179 4.179 4.127 4.127 4.127 4.184 4.229 4.231 4.229 4.184 3.623 3.454 3.449 3.446 3.424 3.424 3.424 0 0 0 1.525 1.524 1.517 1.517 1.517 1.517 1.518 1.519 1.519 1.522 1.522 1.519 1.526 1.529 1.529 1.529 1.53 1.533 1.538 1.538 1.54 1.54 1.54 1.542 1.548 1.555 1.556 1.557 1.557 1.557 1.561 1.561 1.569 1.57 1.574 1.606 1.606 1.606 1.572 1.536 1.517 1.482 1.449 1.419 1.405 1.372 1.354 1.328 1.302 1.29 1.267 1.243 1.223 1.205 1.184 1.176 1.159 1.137 1.117 1.104 1.092 1.081 1.066 1.045 1.042 1.028 1.018 1.003 1 0.982 0.977 0.965 0.954 0.947 0.935 0.926 0.925 0.907 0.898 0.896 0.887 0.877 0.866 0.865 0.7 0.671 0.669 0.663 0.659 0.654 0.65 0.642 0.641 0.633 0.628 0.626 0.618 0.615 0.613 0.602 0.602 0.602 0.602 0.602 0.598 0.598 0.593 0.593 0.587 0.587 0.579 0.577 0.577 0.572 0.563 0.562 0.562 0.558 0.557 0.55 0.546 0.542 0.542 0.539 0.536 0.535 0.534 0.527 0.525 0.518 0.517 0.514 0.511 0.511 0.508 0.507 0.505 0.505 0.499 0.499 0.498 0.497 0.494 0.494 0.489 0.488 0.487 0.484 0.478 0.478 0.476 0.473 0.472 0.472 0.472 0.472 0.472 0.472 0.472 0.47 0.461 0.46 0.461 0.461 0.461 0.46 0.457 0.456 0.451 0.448 0.448 0.448 0.448 0.453 0.453 0.452 0.453 0.452 0.45 0.45 0.445 0.445 0.445 0.443 0.443 0.443 0.443 0.443 0.443 0.431 0.431 0.431 0.431 0.429 0.428 0.428 0.429 0.429 0.429 0.431 0.431 0.429 0.429 0.428 0.425 0.425 0.425 0.425 0.425 0.422 0.421 0.421 0.418 0.421 0.419 0.417 0.417 0.418 0.418 0.417 0.416 0.416 0.415 0.415 0.413 0.412 0.411 0.411 0.411 0.411 0.411 0.411 0.41 0.41 0.411 0.411 0.41 0.41 0.41 0.41 0.415 0.416 0.421 0.421 0.421 0.417 0.414 0.413 0.403 0.401 0.395 0.392 0.39 0.39 0.392 0.393 0.393 0.393 0.393 0.402 0.393 0.399 0.401 0.401 0.401 0.401 0.405 0.405 0.4 0.4 0.4 0.4 0.402 
1 1 1 1 1 1 1 1 1 1 1 1 1 1 1 1 1 1 1 1 1 1 1 1 1 1 1 1 1 1 1 1 1 1 1 1 1 1 1 1 1 1 1 1 1 1 1 1 1 1 1 1 1 1 1 1 1 1 1 1 1 1 1 1 1 1 1 1 1 1 1 1 1 1 1 1 1 1 1 1 1 1 1 1 1 1 1 1 1 1 1 1 1 1 1 1 1 1 1 1 1 1 1 1 1 1 1 1 1 1 1 1 1 1 1 1 1 1 1 1 1 1 1 1 1 1 1 1 1 1 1 1 1 1 1 1 1 1 1 1 1 1 1 1 1 1 1 1 1 1 1 1 1 1 1 1 1 1 1 1 1 1 1 1 1 1 1 1 1 1 1 1 1 1 1 1 1 1 1 1 1 1 1 1 1 1 1 1 1 1 1 1 1 1 1 1 1 1 1 1 1 1 1 1 1 1 1 1 1 1 1 1 1 1 1 1 1 1 1 1 1 1 1 1 1 1 1 1 1 1 1 1 1 1 1 1 1 1 1 1 1 1 1 1 1 1 1 1 1 1 1 1 1 1 1 1 1 1 1 1 1 1 1 1 1 1 1 1 1 1 1 1 1 1 1 1 1 1 1 1 1 1 1 1 1 1 1 1 1 1 1 1 1 1 1 1 1 1 1 1 1 1 1 1 1 1 1 1 1 1 1 1 1 1 1 1 1 1 1 1 1 1 1 1 1 1 1 1 1 1 1 1 1 1 1 1 1 1 1 1 1 1 1 1 1 1 1 1 1 1 1 1 1 1 1 1 1 1 0 1 1 1 1 1 1 1 1 1 1 1 1 1 1 1 1 1 1 1 1 1 1 1 1 1 1 1 1 1 1 1 1 1 1 1 1 1 1 1 1 1 1 1 1 1 1 1 0 0 0 1 1 1 1 1 1 1 1 1 1 1 1 1 1 1 1 1 1 1 1 1 1 1 1 1 1 1 1 1 1 1 1 1 1 1 1 1 1 1 1 1 1 1 1 1 1 1 1 1 1 1 1 1 1 1 1 1 1 1 1 1 1 1 1 1 1 1 1 1 1 1 1 1 1 1 1 1 1 1 1 1 1 1 1 1 1 1 1 1 1 1 1 1 1 1 1 1 1 1 1 1 1 1 1 1 1 1 1 1 1 1 1 1 1 1 1 1 1 1 1 1 1 1 1 1 1 1 1 1 1 1 1 1 1 1 1 1 1 1 1 1 1 1 1 1 1 1 1 1 1 1 1 1 1 1 1 1 1 1 1 1 1 1 1 1 1 1 1 1 1 1 1 1 1 1 1 1 1 1 1 1 1 1 1 1 1 1 1 1 1 1 1 1 1 1 1 1 1 1 1 1 1 1 1 1 1 1 1 1 1 1 1 1 1 1 1 1 1 1 1 1 1 1 1 1 1 1 1 1 1 1 1 1 1 1 1 1 1 1 1 1 1 1 1 1 1 1 1 1 1 1 1 1 1 1 1 1 1 1 1 1 1 1 1 1 1 1 1 1 1 1 1 1 
