# This file contains a 2D laser scan observation. 
# Its format is: 
# [aperture] [max_range] [number_of_scans] 
# [vector_of_scans] 
# [vector_of_valid_scans] 
# The aperture of the sensor is in radians, the maximum range 
# and measurements are in meters. '1' means a valid scan, '0' otherwise.
4.1847
5.6
682
0.435 0.413 0.385 0.385 0.385 0.385 0.385 0.388 0.385 0.38 0.376 0.376 0.376 0.376 0.381 0.383 0.383 0.383 0.383 0.382 0.382 0.382 0.384 0.384 0.384 0.384 0.379 0.379 0.379 0.387 0.393 0.4 0.414 0.415 0.416 0.416 0.415 0.415 0.415 0.413 0.413 0.414 0.414 1.628 1.628 1.628 1.628 1.628 1.652 1.658 1.658 1.658 1.659 1.66 1.662 1.664 1.662 1.662 1.666 1.673 1.666 1.672 1.673 1.674 1.672 1.675 1.675 1.675 1.675 1.675 1.671 1.657 1.6 1.581 1.581 1.581 1.579 1.144 1.139 1.13 1.127 1.124 1.117 1.101 1.099 1.097 1.09 1.089 1.082 1.082 1.082 1.081 1.081 1.081 1.08 1.08 1.076 1.076 1.076 1.076 1.083 1.087 1.093 1.093 1.095 1.107 1.11 1.112 1.118 1.13 1.134 1.139 1.184 1.659 1.814 1.814 1.826 1.826 1.826 1.846 1.848 1.849 1.849 1.857 1.863 1.849 1.824 1.734 1.724 1.712 1.678 1.671 1.639 1.627 1.602 1.591 1.569 1.551 1.527 1.515 1.497 1.483 1.471 1.452 1.435 1.428 1.421 1.404 1.396 1.388 1.376 1.356 1.348 1.337 1.325 1.308 1.302 1.293 1.278 1.266 1.262 1.254 1.248 1.231 1.223 1.209 1.203 1.19 1.187 1.185 1.185 1.188 1.188 1.198 1.201 1.204 1.212 1.241 2.307 2.307 2.307 2.307 2.288 2.271 2.256 2.251 2.24 2.232 2.222 2.202 2.193 2.176 2.176 2.161 2.157 2.134 2.094 2.02 2.014 2.014 2.014 2.032 2.032 2.04 2.035 2.035 2.035 2.035 1.998 1.986 1.978 1.976 1.967 1.953 1.952 1.952 1.934 1.917 1.827 1.827 1.827 1.84 1.86 1.861 1.862 1.872 1.872 1.872 1.869 1.868 1.858 1.847 1.843 1.84 1.838 1.828 1.822 1.819 1.811 1.799 1.796 1.794 1.791 1.783 1.782 1.779 1.772 1.77 1.763 1.763 1.754 1.751 1.747 1.734 1.646 0.926 0.903 0.895 0.894 0.889 0.889 0.863 0.806 0.798 0.798 0.798 0.799 0.8 0.802 0.802 0.8 0.802 0.802 0.796 0.796 0.796 0.796 0.797 0.8 0.8 0.805 0.805 0.805 0.799 0.799 0.799 0.801 0.804 0.804 0.805 0.805 0.805 0.798 0.805 0.803 0.804 0.803 0.803 0.803 0.803 0.801 0.801 0.802 0.804 0.802 0.802 0.797 0.79 0.777 0.513 0.504 0.494 0.492 0.486 0.485 0.465 0.46 0.458 0.452 0.441 0.434 0.433 0.423 0.423 0.423 0.412 0.412 0.421 0.423 0.421 0.421 0.423 0.423 0.414 0.414 0.406 0.388 0.388 0.387 0.38 0.373 0.371 0.368 0.366 0.365 0.365 0.358 0.349 0.349 0.348 0.344 0.339 0.338 0.338 0.332 0.329 0.326 0.323 0.322 0.32 0.314 0.312 0.309 0.308 0.302 0.302 0.3 0.298 0.297 0.295 0.289 0.289 0.288 0.286 0.286 0.285 0.28 0.279 0.279 0.272 0.272 0.27 0.27 0.268 0.265 0.265 0.262 0.265 0.262 0.258 0.253 0.253 0.25 0.253 0.253 0.253 0.252 0.252 0.248 0.248 0.248 0.245 0.241 0.242 0.241 0.238 0.237 0.236 0.236 0.236 0.235 0.233 0.235 0.227 0.227 0.228 0.228 0.227 0.227 0.224 0.224 0.224 0.22 0.222 0.222 0.22 0.22 0.217 0.216 0.215 0.215 0.216 0.216 0.215 0.216 0.216 0.215 0.214 0.211 0.211 0.209 0.211 0.211 0.212 0.209 0.209 0.209 0.21 0.206 0.204 0.209 0.202 0.201 0.201 0.202 0.202 0.204 0.204 0.206 0.206 0.206 0.203 0.203 0.201 0.201 0.199 0.199 0.199 0.206 0.199 0.2 0.2 0.2 0.199 0.2 0.194 0.194 0.198 0.198 0.198 0.2 0.198 0.196 0.2 0.198 0.194 0.194 0.194 0.194 0.194 0.197 0.197 0.197 0.195 0.193 0.193 0.193 0.191 0.199 0.2 0.208 0.208 0.209 0.209 0.21 0.21 0.215 0.21 0.207 0.202 0.2 0.198 0.198 0.198 0.199 0.199 0.199 0.192 0.192 0.191 0.189 0.187 0.186 0.183 0.182 0.183 0.18 0.183 0.184 0.185 0.186 0.189 0.193 0.193 0.193 0.193 0.194 0.194 0.194 0.194 0.194 0.187 0.193 0.194 0.193 0.193 0.193 0.192 0.192 0.192 0.192 0.194 0.196 0.196 0.198 0.202 0.198 0.2 0.2 0.203 0.2 0.202 0.202 0.202 0.202 0.207 0.207 0.207 0.206 0.203 0.2 0.2 0.2 0.2 0.206 0.207 0.207 0.208 0.212 0.213 0.213 0.213 0.213 0.213 0.212 0.212 0.212 0.217 0.217 0.217 0.217 0.215 0.215 0.215 0.215 0.217 0.218 0.222 0.222 0.222 0.222 0.226 0.222 0.227 0.227 0.226 0.225 0.226 0.226 0.228 0.23 0.232 0.233 0.235 0.238 0.278 0.278 0.284 0.284 0.286 0.286 0.286 0.288 0.29 0.29 0.29 0.287 0.278 0.275 0.274 0.272 0.272 0.272 0.28 0.28 0.282 0.282 0.282 0.283 0.284 0.294 0.302 0.346 1.378 1.438 1.444 1.448 1.458 1.46 1.464 1.465 1.475 1.48 1.49 1.494 1.497 1.501 1.512 1.512 1.518 1.52 1.533 1.54 1.55 1.556 1.558 1.564 1.577 1.583 1.605 1.605 1.605 1.596 1.579 1.568 1.557 1.536 1.53 1.511 1.507 1.497 1.487 
1 1 1 1 1 1 1 1 1 1 1 1 1 1 1 1 1 1 1 1 1 1 1 1 1 1 1 1 1 1 1 1 1 1 1 1 1 1 1 1 1 1 1 1 1 1 1 1 1 1 1 1 1 1 1 1 1 1 1 1 1 1 1 1 1 1 1 1 1 1 1 1 1 1 1 1 1 1 1 1 1 1 1 1 1 1 1 1 1 1 1 1 1 1 1 1 1 1 1 1 1 1 1 1 1 1 1 1 1 1 1 1 1 1 1 1 1 1 1 1 1 1 1 1 1 1 1 1 1 1 1 1 1 1 1 1 1 1 1 1 1 1 1 1 1 1 1 1 1 1 1 1 1 1 1 1 1 1 1 1 1 1 1 1 1 1 1 1 1 1 1 1 1 1 1 1 1 1 1 1 1 1 1 1 1 1 1 1 1 1 1 1 1 1 1 1 1 1 1 1 1 1 1 1 1 1 1 1 1 1 1 1 1 1 1 1 1 1 1 1 1 1 1 1 1 1 1 1 1 1 1 1 1 1 1 1 1 1 1 1 1 1 1 1 1 1 1 1 1 1 1 1 1 1 1 1 1 1 1 1 1 1 1 1 1 1 1 1 1 1 1 1 1 1 1 1 1 1 1 1 1 1 1 1 1 1 1 1 1 1 1 1 1 1 1 1 1 1 1 1 1 1 1 1 1 1 1 1 1 1 1 1 1 1 1 1 1 1 1 1 1 1 1 1 1 1 1 1 1 1 1 1 1 1 1 1 1 1 1 1 1 1 1 1 1 1 1 1 1 1 1 1 1 1 1 1 1 1 1 1 1 1 1 1 1 1 1 1 1 1 1 1 1 1 1 1 1 1 1 1 1 1 1 1 1 1 1 1 1 1 1 1 1 1 1 1 1 1 1 1 1 1 1 1 1 1 1 1 1 1 1 1 1 1 1 1 1 1 1 1 1 1 1 1 1 1 1 1 1 1 1 1 1 1 1 1 1 1 1 1 1 1 1 1 1 1 1 1 1 1 1 1 1 1 1 1 1 1 1 1 1 1 1 1 1 1 1 1 1 1 1 1 1 1 1 1 1 1 1 1 1 1 1 1 1 1 1 1 1 1 1 1 1 1 1 1 1 1 1 1 1 1 1 1 1 1 1 1 1 1 1 1 1 1 1 1 1 1 1 1 1 1 1 1 1 1 1 1 1 1 1 1 1 1 1 1 1 1 1 1 1 1 1 1 1 1 1 1 1 1 1 1 1 1 1 1 1 1 1 1 1 1 1 1 1 1 1 1 1 1 1 1 1 1 1 1 1 1 1 1 1 1 1 1 1 1 1 1 1 1 1 1 1 1 1 1 1 1 1 1 1 1 1 1 1 1 1 1 1 1 1 1 1 1 1 1 1 1 1 1 1 1 1 1 1 1 1 1 1 1 1 1 1 1 1 1 1 1 1 1 1 1 1 1 1 1 1 1 1 1 1 1 1 1 1 1 1 1 1 1 1 1 1 1 1 1 1 1 1 1 1 1 1 1 1 1 1 1 1 1 1 1 
