# This file contains a 2D laser scan observation. 
# Its format is: 
# [aperture] [max_range] [number_of_scans] 
# [vector_of_scans] 
# [vector_of_valid_scans] 
# The aperture of the sensor is in radians, the maximum range 
# and measurements are in meters. '1' means a valid scan, '0' otherwise.
4.1847
5.6
682
0.387 0.384 0.381 0.381 0.377 0.377 0.377 0.377 0.377 0.378 0.375 0.378 0.38 0.38 0.378 0.38 0.38 0.378 0.378 0.378 0.375 0.368 0.368 0.368 0.368 0.371 0.376 0.376 0.376 0.395 0.395 0.395 0.391 0.391 0.387 0.387 0.381 0.378 0.378 0.381 0.389 0.403 0.405 0.42 0.422 0.467 0.492 0.591 0.637 0.67 0.665 0.67 0.705 0.705 0.798 1.102 1.155 1.234 1.444 1.444 1.46 1.46 1.467 1.528 1.536 1.569 1.569 1.569 1.569 1.586 1.619 1.622 1.631 1.631 1.631 1.627 1.627 1.627 1.625 1.625 1.626 1.625 1.626 1.628 1.632 1.636 1.636 1.632 1.632 1.632 1.632 1.635 1.635 1.635 1.636 1.641 1.636 1.636 1.11 1.097 1.085 1.081 1.077 1.057 1.056 1.05 1.046 1.045 1.039 1.033 1.03 1.028 1.026 1.025 1.024 1.023 1.023 1.023 1.023 1.023 1.026 1.026 1.026 1.029 1.031 1.032 1.035 1.036 1.041 1.046 1.056 1.066 1.07 1.086 1.086 1.107 1.755 0.007 0.015 0.015 0.015 1.777 1.777 1.777 1.792 1.795 1.802 1.802 1.802 1.809 1.802 1.778 1.7 1.67 1.65 1.621 1.605 1.58 1.565 1.542 1.525 1.507 1.497 1.474 1.456 1.451 1.43 1.416 1.402 1.394 1.374 1.363 1.351 1.34 1.33 1.326 1.29 1.286 1.275 1.269 1.251 1.24 1.23 1.216 1.201 1.19 1.188 1.172 1.167 1.166 1.149 1.135 1.135 1.118 1.118 1.118 1.115 1.118 1.123 1.128 1.13 1.14 1.145 1.158 1.208 2.266 2.266 2.266 2.251 2.25 2.227 2.217 2.203 2.186 2.172 2.158 2.149 2.146 2.128 2.116 2.104 2.088 2.081 2.067 2.064 1.982 1.932 1.932 1.932 1.959 1.959 1.966 1.966 1.959 1.943 1.936 1.929 1.92 1.916 1.908 1.891 1.88 1.875 1.872 1.872 1.871 1.834 1.752 1.752 1.752 1.77 1.778 1.779 1.779 1.818 1.818 1.818 1.801 1.793 1.786 1.775 1.768 1.764 1.759 1.757 1.746 1.739 1.739 1.731 1.73 1.723 1.716 1.713 1.708 1.706 1.701 1.692 1.692 1.682 1.681 1.678 1.667 1.666 1.663 1.653 1.601 0.856 0.829 0.828 0.828 0.828 0.828 0.823 0.791 0.734 0.734 0.729 0.734 0.729 0.731 0.731 0.735 0.731 0.731 0.734 0.731 0.731 0.734 0.734 0.734 0.734 0.736 0.736 0.736 0.736 0.738 0.736 0.736 0.736 0.736 0.736 0.738 0.741 0.741 0.741 0.738 0.738 0.737 0.737 0.737 0.737 0.736 0.736 0.736 0.736 0.742 0.742 0.74 0.738 0.738 0.738 0.737 0.729 0.729 0.729 0.731 0.732 0.734 0.734 0.734 0.709 0.458 0.443 0.439 0.433 0.424 0.416 0.414 0.412 0.408 0.4 0.397 0.388 0.383 0.382 0.374 0.374 0.373 0.364 0.361 0.357 0.355 0.354 0.35 0.349 0.348 0.348 0.349 0.349 0.355 0.355 0.355 0.355 0.347 0.346 0.346 0.337 0.332 0.329 0.328 0.328 0.32 0.314 0.314 0.314 0.312 0.312 0.308 0.303 0.301 0.299 0.299 0.295 0.292 0.292 0.292 0.285 0.285 0.285 0.284 0.284 0.279 0.278 0.278 0.27 0.27 0.27 0.267 0.267 0.267 0.264 0.263 0.261 0.256 0.254 0.246 0.246 0.247 0.246 0.244 0.247 0.247 0.25 0.25 0.25 0.244 0.241 0.24 0.24 0.236 0.236 0.238 0.238 0.234 0.234 0.232 0.227 0.227 0.227 0.232 0.225 0.23 0.23 0.23 0.228 0.23 0.228 0.223 0.223 0.22 0.22 0.22 0.22 0.22 0.221 0.221 0.22 0.22 0.216 0.216 0.216 0.215 0.21 0.215 0.21 0.21 0.209 0.209 0.209 0.209 0.209 0.203 0.209 0.209 0.209 0.209 0.209 0.204 0.203 0.203 0.201 0.201 0.201 0.201 0.201 0.204 0.207 0.207 0.207 0.2 0.2 0.2 0.203 0.204 0.204 0.203 0.199 0.199 0.198 0.198 0.198 0.203 0.198 0.199 0.199 0.199 0.197 0.199 0.197 0.197 0.197 0.192 0.192 0.199 0.199 0.196 0.201 0.201 0.205 0.206 0.206 0.206 0.213 0.206 0.21 0.213 0.21 0.205 0.201 0.2 0.199 0.2 0.197 0.2 0.201 0.201 0.194 0.201 0.194 0.193 0.193 0.199 0.196 0.199 0.199 0.199 0.196 0.202 0.205 0.206 0.205 0.206 0.206 0.207 0.207 0.207 0.209 0.209 0.207 0.207 0.207 0.207 0.207 0.207 0.208 0.211 0.211 0.21 0.211 0.211 0.21 0.211 0.212 0.212 0.213 0.213 0.213 0.214 0.21 0.209 0.209 0.211 0.211 0.211 0.211 0.211 0.214 0.21 0.213 0.213 0.21 0.209 0.209 0.207 0.207 0.212 0.212 0.212 0.212 0.211 0.2 0.2 0.198 0.2 0.199 0.206 0.207 0.212 0.213 0.213 0.218 0.218 0.218 0.222 0.224 0.22 0.224 0.224 0.224 0.225 0.225 0.226 0.226 0.226 0.226 0.227 0.228 0.229 0.232 0.233 0.234 0.234 0.234 0.234 0.235 0.237 0.238 0.239 0.239 0.241 0.244 0.244 0.244 0.244 0.253 0.253 0.252 0.252 0.252 0.252 0.259 0.26 0.264 0.264 0.269 0.271 0.271 0.271 0.275 0.275 0.282 0.284 0.287 0.29 0.296 0.338 0.339 0.346 0.348 0.348 0.348 0.333 
1 1 1 1 1 1 1 1 1 1 1 1 1 1 1 1 1 1 1 1 1 1 1 1 1 1 1 1 1 1 1 1 1 1 1 1 1 1 1 1 1 1 1 1 1 1 1 1 1 1 1 1 1 1 1 1 1 1 1 1 1 1 1 1 1 1 1 1 1 1 1 1 1 1 1 1 1 1 1 1 1 1 1 1 1 1 1 1 1 1 1 1 1 1 1 1 1 1 1 1 1 1 1 1 1 1 1 1 1 1 1 1 1 1 1 1 1 1 1 1 1 1 1 1 1 1 1 1 1 1 1 1 1 1 1 1 1 0 0 0 0 1 1 1 1 1 1 1 1 1 1 1 1 1 1 1 1 1 1 1 1 1 1 1 1 1 1 1 1 1 1 1 1 1 1 1 1 1 1 1 1 1 1 1 1 1 1 1 1 1 1 1 1 1 1 1 1 1 1 1 1 1 1 1 1 1 1 1 1 1 1 1 1 1 1 1 1 1 1 1 1 1 1 1 1 1 1 1 1 1 1 1 1 1 1 1 1 1 1 1 1 1 1 1 1 1 1 1 1 1 1 1 1 1 1 1 1 1 1 1 1 1 1 1 1 1 1 1 1 1 1 1 1 1 1 1 1 1 1 1 1 1 1 1 1 1 1 1 1 1 1 1 1 1 1 1 1 1 1 1 1 1 1 1 1 1 1 1 1 1 1 1 1 1 1 1 1 1 1 1 1 1 1 1 1 1 1 1 1 1 1 1 1 1 1 1 1 1 1 1 1 1 1 1 1 1 1 1 1 1 1 1 1 1 1 1 1 1 1 1 1 1 1 1 1 1 1 1 1 1 1 1 1 1 1 1 1 1 1 1 1 1 1 1 1 1 1 1 1 1 1 1 1 1 1 1 1 1 1 1 1 1 1 1 1 1 1 1 1 1 1 1 1 1 1 1 1 1 1 1 1 1 1 1 1 1 1 1 1 1 1 1 1 1 1 1 1 1 1 1 1 1 1 1 1 1 1 1 1 1 1 1 1 1 1 1 1 1 1 1 1 1 1 1 1 1 1 1 1 1 1 1 1 1 1 1 1 1 1 1 1 1 1 1 1 1 1 1 1 1 1 1 1 1 1 1 1 1 1 1 1 1 1 1 1 1 1 1 1 1 1 1 1 1 1 1 1 1 1 1 1 1 1 1 1 1 1 1 1 1 1 1 1 1 1 1 1 1 1 1 1 1 1 1 1 1 1 1 1 1 1 1 1 1 1 1 1 1 1 1 1 1 1 1 1 1 1 1 1 1 1 1 1 1 1 1 1 1 1 1 1 1 1 1 1 1 1 1 1 1 1 1 1 1 1 1 1 1 1 1 1 1 1 1 1 1 1 1 1 1 1 1 1 1 1 1 1 1 1 1 1 1 1 1 1 1 1 1 1 1 1 1 1 1 1 1 1 1 1 1 1 1 1 1 1 1 1 1 1 1 1 1 1 1 1 1 1 1 1 1 1 1 1 1 1 1 1 1 1 1 1 1 1 1 1 1 1 1 1 1 1 1 
