# This file contains a 2D laser scan observation. 
# Its format is: 
# [aperture] [max_range] [number_of_scans] 
# [vector_of_scans] 
# [vector_of_valid_scans] 
# The aperture of the sensor is in radians, the maximum range 
# and measurements are in meters. '1' means a valid scan, '0' otherwise.
4.1847
5.6
682
0.414 0.383 0.38 0.379 0.374 0.373 0.373 0.372 0.367 0.367 0.367 0.378 0.378 0.378 0.378 0.376 0.373 0.373 0.367 0.365 0.364 0.362 0.36 0.357 0.355 0.35 0.35 0.35 0.359 0.36 0.38 0.384 0.386 0.386 0.381 0.381 0.38 0.376 0.375 0.361 0.361 0.361 0.375 0.389 0.393 0.4 0.402 0.414 0.437 0.471 0.476 0.48 0.506 0.514 0.542 0.545 0.56 0.565 0.58 0.614 0.688 0.739 0.951 1.038 1.04 1.195 1.319 1.319 1.232 1.319 1.34 1.448 1.517 1.517 4.331 4.396 4.396 0.007 4.396 1.616 1.616 1.611 1.611 1.616 1.615 1.613 1.615 1.615 1.615 1.613 1.613 1.613 1.613 1.613 1.615 1.615 1.612 1.618 1.612 1.612 1.618 1.618 1.614 1.614 1.614 1.614 1.61 1.089 1.081 1.072 1.052 1.043 1.032 1.018 1.011 1.011 1.007 1.004 0.997 0.997 0.997 0.995 0.995 0.995 0.992 0.99 0.99 0.99 0.99 0.99 0.988 0.988 0.988 0.998 0.999 0.999 1 1.001 1.001 1.008 1.012 1.015 1.028 1.031 1.031 1.039 1.059 1.07 1.097 0.006 0.006 0.006 1.737 1.737 1.737 1.753 1.769 1.773 1.775 1.775 1.775 1.775 1.71 1.671 1.644 1.644 1.616 1.602 1.589 1.557 1.536 1.515 1.498 1.482 1.471 1.449 1.434 1.421 1.402 1.387 1.376 1.367 1.344 1.336 1.322 1.314 1.296 1.28 1.269 1.258 1.25 1.243 1.232 1.212 1.203 1.191 1.184 1.17 1.154 1.154 1.144 1.132 1.124 1.118 1.1 1.097 1.097 1.091 1.091 1.091 1.092 1.093 1.101 1.112 1.122 1.134 1.166 1.238 2.231 2.231 2.231 2.22 2.21 2.196 2.183 2.172 2.151 2.146 2.138 2.134 2.114 2.096 2.094 2.084 2.072 2.062 2.046 2.034 1.966 1.928 1.928 1.928 1.929 1.93 1.93 1.93 1.93 1.928 1.919 1.911 1.888 1.878 1.878 1.876 1.86 1.86 1.844 1.836 1.836 1.822 1.821 1.718 1.718 1.718 1.742 1.771 1.772 1.771 1.772 1.772 1.77 1.766 1.753 1.751 1.747 1.747 1.738 1.732 1.722 1.718 1.718 1.705 1.704 1.697 1.694 1.691 1.686 1.676 1.676 1.67 1.668 1.66 1.66 1.658 1.655 1.646 1.642 1.632 1.631 1.631 1.627 1.608 0.841 0.807 0.807 0.797 0.797 0.797 0.797 0.755 0.707 0.707 0.707 0.707 0.708 0.708 0.707 0.707 0.707 0.707 0.71 0.71 0.711 0.711 0.709 0.704 0.704 0.704 0.711 0.711 0.714 0.713 0.713 0.713 0.714 0.714 0.714 0.715 0.715 0.715 0.713 0.713 0.713 0.713 0.709 0.709 0.711 0.711 0.711 0.713 0.714 0.714 0.715 0.717 0.721 0.718 0.721 0.721 0.719 0.718 0.715 0.715 0.712 0.712 0.713 0.713 0.713 0.715 0.718 0.72 0.722 0.722 0.72 0.431 0.42 0.42 0.413 0.412 0.405 0.396 0.395 0.391 0.386 0.377 0.376 0.372 0.369 0.368 0.362 0.361 0.357 0.354 0.344 0.343 0.34 0.34 0.337 0.332 0.331 0.332 0.332 0.332 0.329 0.329 0.329 0.329 0.33 0.332 0.332 0.331 0.331 0.328 0.321 0.32 0.313 0.312 0.307 0.307 0.307 0.306 0.299 0.299 0.299 0.295 0.295 0.292 0.29 0.286 0.285 0.279 0.279 0.279 0.281 0.281 0.282 0.281 0.277 0.275 0.274 0.272 0.272 0.269 0.263 0.259 0.259 0.258 0.258 0.257 0.256 0.254 0.253 0.254 0.254 0.254 0.252 0.252 0.245 0.245 0.245 0.248 0.248 0.248 0.244 0.244 0.244 0.247 0.247 0.247 0.242 0.238 0.237 0.237 0.236 0.235 0.234 0.234 0.229 0.229 0.228 0.229 0.228 0.229 0.228 0.229 0.228 0.228 0.224 0.219 0.217 0.217 0.217 0.219 0.219 0.22 0.219 0.22 0.22 0.22 0.218 0.22 0.216 0.215 0.214 0.214 0.214 0.21 0.21 0.21 0.213 0.213 0.213 0.213 0.215 0.213 0.213 0.213 0.213 0.209 0.209 0.209 0.208 0.208 0.208 0.208 0.208 0.208 0.208 0.208 0.211 0.211 0.211 0.211 0.211 0.211 0.211 0.209 0.206 0.206 0.204 0.206 0.204 0.205 0.205 0.21 0.209 0.21 0.212 0.216 0.218 0.218 0.218 0.216 0.214 0.211 0.209 0.211 0.211 0.211 0.211 0.211 0.208 0.208 0.205 0.205 0.207 0.217 0.207 0.211 0.211 0.21 0.21 0.21 0.21 0.211 0.216 0.212 0.212 0.212 0.212 0.212 0.211 0.211 0.211 0.214 0.214 0.215 0.214 0.21 0.21 0.21 0.209 0.21 0.209 0.209 0.213 0.215 0.217 0.218 0.22 0.221 0.22 0.221 0.221 0.221 0.218 0.221 0.218 0.218 0.216 0.219 0.219 0.224 0.226 0.226 0.226 0.226 0.227 0.226 0.227 0.227 0.226 0.226 0.227 0.227 0.227 0.227 0.23 0.241 0.24 0.24 0.24 0.236 0.229 0.229 0.228 0.227 0.226 0.226 0.226 0.225 0.224 0.225 0.225 0.224 0.227 0.228 0.233 0.233 0.235 0.239 0.239 0.241 0.241 0.241 0.241 0.243 0.243 0.249 0.249 0.249 0.25 0.251 0.251 0.251 0.256 0.252 0.256 0.256 0.256 0.262 0.262 0.264 0.269 0.273 0.273 0.274 0.274 0.278 0.277 0.279 0.279 0.283 
1 1 1 1 1 1 1 1 1 1 1 1 1 1 1 1 1 1 1 1 1 1 1 1 1 1 1 1 1 1 1 1 1 1 1 1 1 1 1 1 1 1 1 1 1 1 1 1 1 1 1 1 1 1 1 1 1 1 1 1 1 1 1 1 1 1 1 1 1 1 1 1 1 1 1 1 1 0 1 1 1 1 1 1 1 1 1 1 1 1 1 1 1 1 1 1 1 1 1 1 1 1 1 1 1 1 1 1 1 1 1 1 1 1 1 1 1 1 1 1 1 1 1 1 1 1 1 1 1 1 1 1 1 1 1 1 1 1 1 1 1 1 1 1 1 1 1 1 1 0 0 0 1 1 1 1 1 1 1 1 1 1 1 1 1 1 1 1 1 1 1 1 1 1 1 1 1 1 1 1 1 1 1 1 1 1 1 1 1 1 1 1 1 1 1 1 1 1 1 1 1 1 1 1 1 1 1 1 1 1 1 1 1 1 1 1 1 1 1 1 1 1 1 1 1 1 1 1 1 1 1 1 1 1 1 1 1 1 1 1 1 1 1 1 1 1 1 1 1 1 1 1 1 1 1 1 1 1 1 1 1 1 1 1 1 1 1 1 1 1 1 1 1 1 1 1 1 1 1 1 1 1 1 1 1 1 1 1 1 1 1 1 1 1 1 1 1 1 1 1 1 1 1 1 1 1 1 1 1 1 1 1 1 1 1 1 1 1 1 1 1 1 1 1 1 1 1 1 1 1 1 1 1 1 1 1 1 1 1 1 1 1 1 1 1 1 1 1 1 1 1 1 1 1 1 1 1 1 1 1 1 1 1 1 1 1 1 1 1 1 1 1 1 1 1 1 1 1 1 1 1 1 1 1 1 1 1 1 1 1 1 1 1 1 1 1 1 1 1 1 1 1 1 1 1 1 1 1 1 1 1 1 1 1 1 1 1 1 1 1 1 1 1 1 1 1 1 1 1 1 1 1 1 1 1 1 1 1 1 1 1 1 1 1 1 1 1 1 1 1 1 1 1 1 1 1 1 1 1 1 1 1 1 1 1 1 1 1 1 1 1 1 1 1 1 1 1 1 1 1 1 1 1 1 1 1 1 1 1 1 1 1 1 1 1 1 1 1 1 1 1 1 1 1 1 1 1 1 1 1 1 1 1 1 1 1 1 1 1 1 1 1 1 1 1 1 1 1 1 1 1 1 1 1 1 1 1 1 1 1 1 1 1 1 1 1 1 1 1 1 1 1 1 1 1 1 1 1 1 1 1 1 1 1 1 1 1 1 1 1 1 1 1 1 1 1 1 1 1 1 1 1 1 1 1 1 1 1 1 1 1 1 1 1 1 1 1 1 1 1 1 1 1 1 1 1 1 1 1 1 1 1 1 1 1 1 1 1 1 1 1 1 1 1 1 1 1 1 1 1 1 1 1 1 1 1 1 1 1 1 1 1 1 1 1 1 1 1 1 1 1 1 1 1 1 1 1 1 1 1 1 1 1 1 1 1 1 1 1 1 1 1 1 1 1 1 1 1 1 1 1 1 
