# This file contains a 2D laser scan observation. 
# Its format is: 
# [aperture] [max_range] [number_of_scans] 
# [vector_of_scans] 
# [vector_of_valid_scans] 
# The aperture of the sensor is in radians, the maximum range 
# and measurements are in meters. '1' means a valid scan, '0' otherwise.
4.1847
5.6
682
0.635 0.639 0.64 0.643 0.648 0.651 0.651 0.652 0.652 0.658 0.659 0.662 0.667 0.668 0.67 0.674 0.675 0.675 0.682 0.684 0.682 0.682 0.69 0.69 0.691 0.694 0.7 0.702 0.71 0.71 0.71 0.71 0.71 0.71 0.727 0.734 0.736 0.738 0.743 0.744 0.745 0.746 0.749 0.75 0.75 0.754 0.766 0.768 0.768 0.768 0.785 0.786 0.789 0.8 0.802 0.805 0.808 0.815 0.819 0.822 0.823 0.831 0.837 0.839 0.842 0.852 0.854 0.867 0.868 0.887 0.888 0.891 0.894 0.9 0.916 0.918 0.927 0.935 0.939 0.949 0.958 0.958 0.97 0.981 0.983 1.006 1.012 1.012 1.028 1.043 1.043 1.058 1.066 1.066 1.08 1.099 1.1 1.121 1.134 1.148 1.153 1.173 1.189 1.204 1.215 1.239 1.24 1.264 1.284 1.299 1.299 1.299 0.779 0.769 0.749 0.738 0.731 0.73 0.728 0.727 0.724 0.719 0.716 0.712 0.71 0.706 0.701 0.701 0.699 0.698 0.699 0.698 0.696 0.692 0.692 0.692 0.69 0.692 0.692 0.693 0.696 0.696 0.696 0.69 0.69 0.688 0.688 0.688 0.688 0.688 0.696 0.698 0.698 0.698 0.698 0.7 0.7 0.705 0.71 0.714 0.711 0.714 0.72 0.72 0.72 0.734 0.743 0.76 0.782 0.843 1.253 1.274 1.279 1.279 1.285 1.285 1.286 1.285 1.286 1.288 1.288 1.29 1.292 1.292 1.292 1.292 1.294 1.296 1.296 1.294 1.294 1.299 1.303 1.303 1.305 0.007 1.226 1.226 1.231 1.231 1.302 1.305 1.308 1.308 1.309 1.309 1.308 1.308 1.288 1.288 1.288 1.321 1.321 1.321 1.306 1.273 1.269 1.225 1.182 1.164 1.156 1.121 1.083 1.081 1.012 0.984 0.959 0.933 0.922 0.903 0.893 0.886 0.884 0.852 0.84 0.822 0.811 0.81 0.786 0.767 0.729 0.72 0.697 0.691 0.673 0.67 0.663 0.66 0.645 0.64 0.624 0.614 0.613 0.602 0.602 0.601 0.6 0.6 0.601 0.601 0.6 0.602 0.6 0.6 0.602 0.602 0.603 0.605 0.611 0.611 0.626 0.627 0.629 0.632 0.635 0.667 0.669 0.682 0.685 0.691 1.629 1.644 1.652 1.652 1.652 1.665 1.673 1.68 1.698 1.698 1.712 1.717 1.717 1.738 1.738 1.738 1.715 1.703 1.697 1.685 1.678 1.671 1.644 1.638 1.621 1.613 1.611 1.589 1.588 1.58 1.566 1.554 1.55 1.542 1.531 1.517 1.506 1.506 1.487 1.486 1.474 1.387 1.374 1.338 1.338 1.338 1.357 1.383 1.383 1.383 1.383 1.383 1.381 1.375 1.372 1.36 1.349 1.346 1.346 1.335 1.327 1.327 1.327 1.32 1.317 1.313 1.303 1.293 1.286 1.283 1.283 1.274 1.26 1.176 1.167 1.164 1.167 1.176 1.178 1.192 1.208 1.211 1.219 1.219 1.22 1.22 1.216 1.209 1.205 1.204 1.204 1.202 1.197 1.195 1.193 1.185 1.182 1.174 1.171 1.171 1.171 1.169 1.168 1.167 1.163 1.162 1.162 1.159 1.153 1.153 1.153 1.149 1.149 1.146 1.134 1.13 1.127 1.125 1.124 1.124 1.125 1.124 1.12 1.128 1.117 1.116 1.116 1.117 1.114 1.112 1.112 1.111 1.107 1.107 1.103 1.103 1.103 1.098 1.098 1.101 1.1 1.101 1.103 1.103 1.101 1.101 1.098 1.097 1.095 1.091 1.095 1.095 1.089 1.097 1.098 1.098 1.098 1.101 1.105 1.109 1.109 1.109 1.103 1.103 1.102 1.099 1.086 1.02 1.008 0.989 0.989 0.968 0.835 0.693 0.686 0.686 0.677 0.677 0.65 0.627 0.62 0.617 0.595 0.573 0.543 0.535 0.508 0.488 0.459 0.397 0.377 0.377 0.377 0.396 0.397 0.397 0.398 0.405 0.399 0.399 0.399 0.39 0.369 0.355 0.355 0.355 0.352 0.356 0.357 0.356 0.356 0.356 0.357 0.358 0.362 0.362 0.364 0.365 0.364 0.367 0.367 0.362 0.361 0.362 0.362 0.377 0.379 0.384 0.384 0.377 0.373 0.365 0.326 0.326 0.325 0.325 0.325 0.325 0.325 0.325 0.327 0.32 0.32 0.308 0.287 0.284 0.284 0.284 0.286 0.289 0.289 0.286 0.278 0.278 0.278 0.279 0.289 0.289 0.279 0.285 0.285 0.281 0.285 0.291 0.292 0.298 0.299 0.304 0.306 0.306 0.308 0.311 0.312 0.324 0.324 0.326 0.326 0.327 0.327 0.327 0.327 0.329 0.336 0.353 0.366 0.366 0.366 0.364 0.361 0.361 0.361 0.37 0.383 0.392 0.401 0.405 0.406 0.408 0.412 0.412 0.412 0.41 0.41 0.41 0.41 0.425 0.434 0.439 0.445 0.445 0.448 0.45 0.455 0.457 0.459 0.459 0.462 0.464 0.464 0.467 0.48 0.498 0.502 0.502 0.505 0.513 0.513 0.516 0.516 0.516 0.521 0.526 0.529 0.534 0.537 0.543 0.544 0.559 0.573 0.577 0.588 0.588 0.588 0.588 0.588 0.586 0.586 0.59 0.612 0.679 0.682 0.682 0.682 0.682 0.682 0.683 0.679 0.67 0.668 0.67 0.668 0.668 0.668 0.67 0.667 0.667 0.666 0.666 0.663 0.66 0.66 0.659 0.659 0.659 0.66 0.66 0.66 0.657 0.655 0.655 0.655 0.654 0.656 0.656 0.656 0.654 0.654 0.654 0.651 0.651 0.651 0.656 0.651 0.652 0.651 0.651 0.647 0.647 0.647 0.647 0.647 0.649 
1 1 1 1 1 1 1 1 1 1 1 1 1 1 1 1 1 1 1 1 1 1 1 1 1 1 1 1 1 1 1 1 1 1 1 1 1 1 1 1 1 1 1 1 1 1 1 1 1 1 1 1 1 1 1 1 1 1 1 1 1 1 1 1 1 1 1 1 1 1 1 1 1 1 1 1 1 1 1 1 1 1 1 1 1 1 1 1 1 1 1 1 1 1 1 1 1 1 1 1 1 1 1 1 1 1 1 1 1 1 1 1 1 1 1 1 1 1 1 1 1 1 1 1 1 1 1 1 1 1 1 1 1 1 1 1 1 1 1 1 1 1 1 1 1 1 1 1 1 1 1 1 1 1 1 1 1 1 1 1 1 1 1 1 1 1 1 1 1 1 1 1 1 1 1 1 1 1 1 1 1 1 1 1 1 1 1 1 1 1 1 1 1 1 1 0 1 1 1 1 1 1 1 1 1 1 1 1 1 1 1 1 1 1 1 1 1 1 1 1 1 1 1 1 1 1 1 1 1 1 1 1 1 1 1 1 1 1 1 1 1 1 1 1 1 1 1 1 1 1 1 1 1 1 1 1 1 1 1 1 1 1 1 1 1 1 1 1 1 1 1 1 1 1 1 1 1 1 1 1 1 1 1 1 1 1 1 1 1 1 1 1 1 1 1 1 1 1 1 1 1 1 1 1 1 1 1 1 1 1 1 1 1 1 1 1 1 1 1 1 1 1 1 1 1 1 1 1 1 1 1 1 1 1 1 1 1 1 1 1 1 1 1 1 1 1 1 1 1 1 1 1 1 1 1 1 1 1 1 1 1 1 1 1 1 1 1 1 1 1 1 1 1 1 1 1 1 1 1 1 1 1 1 1 1 1 1 1 1 1 1 1 1 1 1 1 1 1 1 1 1 1 1 1 1 1 1 1 1 1 1 1 1 1 1 1 1 1 1 1 1 1 1 1 1 1 1 1 1 1 1 1 1 1 1 1 1 1 1 1 1 1 1 1 1 1 1 1 1 1 1 1 1 1 1 1 1 1 1 1 1 1 1 1 1 1 1 1 1 1 1 1 1 1 1 1 1 1 1 1 1 1 1 1 1 1 1 1 1 1 1 1 1 1 1 1 1 1 1 1 1 1 1 1 1 1 1 1 1 1 1 1 1 1 1 1 1 1 1 1 1 1 1 1 1 1 1 1 1 1 1 1 1 1 1 1 1 1 1 1 1 1 1 1 1 1 1 1 1 1 1 1 1 1 1 1 1 1 1 1 1 1 1 1 1 1 1 1 1 1 1 1 1 1 1 1 1 1 1 1 1 1 1 1 1 1 1 1 1 1 1 1 1 1 1 1 1 1 1 1 1 1 1 1 1 1 1 1 1 1 1 1 1 1 1 1 1 1 1 1 1 1 1 1 1 1 1 1 1 1 1 1 1 1 1 1 1 1 1 1 1 1 1 1 1 1 1 1 1 1 1 1 1 1 1 1 1 1 1 1 1 1 1 1 1 1 1 1 1 1 1 1 1 1 1 1 1 1 1 1 1 1 
