# This file contains a 2D laser scan observation. 
# Its format is: 
# [aperture] [max_range] [number_of_scans] 
# [vector_of_scans] 
# [vector_of_valid_scans] 
# The aperture of the sensor is in radians, the maximum range 
# and measurements are in meters. '1' means a valid scan, '0' otherwise.
4.1847
5.6
682
0.582 0.588 0.588 0.591 0.599 0.601 0.603 0.603 0.61 0.613 0.622 0.623 0.626 0.639 0.642 0.645 0.645 0.657 0.658 0.664 0.671 0.673 0.678 0.688 0.689 0.699 0.701 0.715 0.719 0.719 0.729 0.729 0.749 0.751 0.762 0.769 0.779 0.788 0.792 0.806 0.81 0.818 0.834 0.842 0.848 0.861 0.869 0.886 0.896 0.914 0.92 0.93 0.945 0.955 0.971 0.989 0.991 1.014 1.041 1.05 1.055 1.061 1.1 1.1 1.123 1.139 1.167 1.193 1.201 1.235 1.254 1.257 1.299 1.327 1.33 1.364 1.4 1.427 1.479 1.488 1.488 1.488 1.486 1.486 1.483 1.483 1.481 1.478 1.477 1.471 1.469 0.972 0.921 0.896 0.892 0.879 0.875 0.859 0.855 0.848 0.848 0.846 0.839 0.835 0.831 0.83 0.83 0.831 0.831 0.826 0.825 0.825 0.825 0.82 0.82 0.819 0.819 0.818 0.818 0.818 0.819 0.819 0.822 0.826 0.822 0.822 0.825 0.826 0.826 0.827 0.828 0.831 0.839 0.845 0.85 0.858 0.862 0.877 0.887 0.898 0.924 1.475 1.478 1.478 1.478 1.481 1.487 1.489 1.489 1.492 1.496 1.497 1.497 1.497 1.497 1.492 1.492 1.492 1.508 1.515 1.517 1.521 1.523 1.523 1.526 1.526 1.522 1.456 1.417 1.412 1.412 1.412 1.381 1.365 1.347 1.319 1.282 1.278 1.266 1.219 1.212 1.18 1.176 1.154 1.133 1.123 1.107 1.081 1.073 1.068 1.064 1.058 1.027 1.023 1.008 1.003 0.985 0.963 0.949 0.933 0.912 0.906 0.904 0.884 0.876 0.875 0.861 0.849 0.838 0.838 0.832 0.822 0.818 0.818 0.817 0.822 0.825 0.826 0.826 0.829 0.832 0.842 0.844 0.844 0.851 0.874 0.883 0.916 1.909 1.939 1.94 1.94 1.956 1.967 1.98 1.984 1.984 1.984 1.975 1.956 1.935 1.916 1.908 1.894 1.878 1.864 1.856 1.84 1.833 1.83 1.812 1.794 1.789 1.783 1.769 1.758 1.745 1.733 1.726 1.641 1.61 1.61 1.61 1.611 1.631 1.631 1.633 1.633 1.626 1.607 1.605 1.594 1.592 1.585 1.575 1.569 1.563 1.558 1.558 1.545 1.541 1.531 1.531 1.525 1.499 1.409 1.403 1.403 1.409 1.431 1.437 1.438 1.438 1.441 1.451 1.458 1.458 1.458 1.45 1.437 1.435 1.429 1.428 1.421 1.42 1.419 1.408 1.407 1.406 1.405 1.395 1.393 1.386 1.385 1.385 1.375 1.373 1.37 1.364 1.363 1.358 1.353 1.353 1.348 1.348 1.345 1.344 1.335 1.333 1.333 1.331 1.329 1.327 1.325 1.325 1.322 1.322 1.311 1.308 1.308 1.306 1.304 1.301 1.299 1.295 1.294 1.233 0.574 0.574 0.57 0.57 0.552 0.528 0.528 0.528 0.528 0.528 0.534 0.536 0.542 0.542 0.542 0.536 0.53 0.525 0.493 0.437 0.429 0.429 0.429 0.43 0.433 0.435 0.436 0.436 0.436 0.435 0.435 0.434 0.434 0.435 0.437 0.437 0.442 0.44 0.44 0.44 0.442 0.44 0.438 0.44 0.438 0.438 0.438 0.439 0.439 0.445 0.45 0.453 0.453 0.456 0.458 0.459 0.46 0.46 0.461 0.461 0.464 0.464 0.468 0.468 0.469 0.468 0.468 0.468 0.47 0.47 0.471 0.471 0.47 0.471 0.471 0.47 0.47 0.471 0.473 0.473 0.474 0.479 0.481 0.482 0.484 0.486 0.488 0.489 0.49 0.49 0.494 0.494 0.494 0.494 0.494 0.495 0.496 0.497 0.497 0.497 0.495 0.494 0.494 0.495 0.503 0.507 0.507 0.509 0.51 0.515 0.522 0.525 0.528 0.528 0.528 0.528 0.531 0.531 0.528 0.528 0.528 0.527 0.527 0.527 0.532 0.534 0.537 0.541 0.542 0.545 0.545 0.545 0.545 0.547 0.552 0.567 0.567 0.567 0.567 0.562 0.561 0.561 0.561 0.561 0.563 0.565 0.563 0.563 0.57 0.581 0.66 0.66 0.66 0.658 0.651 0.646 0.645 0.645 0.643 0.631 0.628 0.628 0.627 0.618 0.618 0.617 0.613 0.613 0.605 0.597 0.597 0.597 0.596 0.592 0.257 0.252 0.25 0.249 0.249 0.247 0.247 0.247 0.247 0.247 0.244 0.244 0.243 0.242 0.242 0.242 0.242 0.241 0.242 0.243 0.243 0.243 0.244 0.244 0.239 0.239 0.237 0.237 0.237 0.24 0.24 0.246 0.246 0.246 0.24 0.237 0.237 0.235 0.235 0.233 0.233 0.233 0.233 0.238 0.244 0.244 0.244 0.239 0.239 0.239 0.239 0.239 0.236 0.236 0.24 0.24 0.239 0.239 0.239 0.238 0.237 0.237 0.237 0.238 0.238 0.24 0.238 0.236 0.236 0.238 0.238 0.238 0.238 0.238 0.238 0.238 0.24 0.24 0.24 0.24 0.23 0.23 0.239 0.244 0.25 0.25 0.257 0.257 0.256 0.258 0.258 0.258 0.258 0.262 0.262 0.263 0.264 0.263 0.263 0.269 0.269 0.269 0.276 0.276 0.276 0.276 0.274 0.274 0.274 0.278 0.278 0.281 0.278 0.277 0.277 0.28 0.28 0.28 0.282 0.282 0.283 0.283 0.283 0.288 0.287 0.287 0.287 0.287 0.287 0.288 0.29 0.291 0.293 0.293 0.293 0.293 0.297 0.297 0.297 0.3 0.302 0.305 0.305 0.305 0.308 0.309 0.311 0.313 0.313 0.317 0.317 0.32 0.321 0.321 0.322 0.323 0.327 0.328 0.329 0.332 0.334 
1 1 1 1 1 1 1 1 1 1 1 1 1 1 1 1 1 1 1 1 1 1 1 1 1 1 1 1 1 1 1 1 1 1 1 1 1 1 1 1 1 1 1 1 1 1 1 1 1 1 1 1 1 1 1 1 1 1 1 1 1 1 1 1 1 1 1 1 1 1 1 1 1 1 1 1 1 1 1 1 1 1 1 1 1 1 1 1 1 1 1 1 1 1 1 1 1 1 1 1 1 1 1 1 1 1 1 1 1 1 1 1 1 1 1 1 1 1 1 1 1 1 1 1 1 1 1 1 1 1 1 1 1 1 1 1 1 1 1 1 1 1 1 1 1 1 1 1 1 1 1 1 1 1 1 1 1 1 1 1 1 1 1 1 1 1 1 1 1 1 1 1 1 1 1 1 1 1 1 1 1 1 1 1 1 1 1 1 1 1 1 1 1 1 1 1 1 1 1 1 1 1 1 1 1 1 1 1 1 1 1 1 1 1 1 1 1 1 1 1 1 1 1 1 1 1 1 1 1 1 1 1 1 1 1 1 1 1 1 1 1 1 1 1 1 1 1 1 1 1 1 1 1 1 1 1 1 1 1 1 1 1 1 1 1 1 1 1 1 1 1 1 1 1 1 1 1 1 1 1 1 1 1 1 1 1 1 1 1 1 1 1 1 1 1 1 1 1 1 1 1 1 1 1 1 1 1 1 1 1 1 1 1 1 1 1 1 1 1 1 1 1 1 1 1 1 1 1 1 1 1 1 1 1 1 1 1 1 1 1 1 1 1 1 1 1 1 1 1 1 1 1 1 1 1 1 1 1 1 1 1 1 1 1 1 1 1 1 1 1 1 1 1 1 1 1 1 1 1 1 1 1 1 1 1 1 1 1 1 1 1 1 1 1 1 1 1 1 1 1 1 1 1 1 1 1 1 1 1 1 1 1 1 1 1 1 1 1 1 1 1 1 1 1 1 1 1 1 1 1 1 1 1 1 1 1 1 1 1 1 1 1 1 1 1 1 1 1 1 1 1 1 1 1 1 1 1 1 1 1 1 1 1 1 1 1 1 1 1 1 1 1 1 1 1 1 1 1 1 1 1 1 1 1 1 1 1 1 1 1 1 1 1 1 1 1 1 1 1 1 1 1 1 1 1 1 1 1 1 1 1 1 1 1 1 1 1 1 1 1 1 1 1 1 1 1 1 1 1 1 1 1 1 1 1 1 1 1 1 1 1 1 1 1 1 1 1 1 1 1 1 1 1 1 1 1 1 1 1 1 1 1 1 1 1 1 1 1 1 1 1 1 1 1 1 1 1 1 1 1 1 1 1 1 1 1 1 1 1 1 1 1 1 1 1 1 1 1 1 1 1 1 1 1 1 1 1 1 1 1 1 1 1 1 1 1 1 1 1 1 1 1 1 1 1 1 1 1 1 1 1 1 1 1 1 1 1 1 1 1 1 1 1 1 1 1 1 1 1 1 1 1 1 1 1 1 1 1 1 1 1 1 1 1 1 1 1 1 1 1 1 1 1 1 1 1 1 1 1 1 1 1 
