# This file contains a 2D laser scan observation. 
# Its format is: 
# [aperture] [max_range] [number_of_scans] 
# [vector_of_scans] 
# [vector_of_valid_scans] 
# The aperture of the sensor is in radians, the maximum range 
# and measurements are in meters. '1' means a valid scan, '0' otherwise.
4.1847
5.6
682
0.628 0.635 0.647 0.665 0.669 0.675 0.689 0.689 0.708 0.713 0.731 0.732 0.762 0.775 0.775 0.784 0.799 0.816 0.83 0.844 0.869 0.897 0.9 0.911 1.014 1.024 1.035 1.035 1.035 1.077 1.111 1.152 1.186 1.234 1.255 1.28 1.296 1.317 1.372 1.433 1.446 1.475 1.494 1.566 1.569 1.569 1.568 1.568 1.566 1.564 1.564 1.553 1.553 1.558 1.557 1.558 1.558 1.558 1.563 1.563 1.557 1.013 1 0.974 0.963 0.951 0.942 0.934 0.924 0.917 0.916 0.91 0.91 0.91 0.91 0.91 0.91 0.907 0.903 0.905 0.903 0.9 0.897 0.897 0.897 0.897 0.897 0.9 0.897 0.898 0.9 0.904 0.898 0.902 0.904 0.904 0.904 0.912 0.912 0.914 0.914 0.918 0.921 0.923 0.926 0.938 0.942 0.95 0.961 0.996 1.015 1.618 1.63 0.015 0.008 0.008 0.008 1.649 1.642 1.642 1.649 1.655 1.664 1.664 1.664 1.668 1.673 1.673 1.673 1.559 1.552 1.534 1.499 1.49 1.461 1.426 1.409 1.386 1.386 1.354 1.34 1.32 1.302 1.288 1.263 1.257 1.232 1.226 1.2 1.193 1.174 1.164 1.148 1.135 1.123 1.113 1.1 1.092 1.077 1.069 1.056 1.055 1.044 1.028 1.025 1.017 0.999 0.989 0.976 0.976 0.973 0.962 0.962 0.962 0.963 0.964 0.969 0.974 0.978 0.985 0.985 1.006 1.031 1.056 2.117 0.007 2.174 2.174 2.182 2.174 2.144 2.124 2.098 2.085 2.067 2.05 2.039 2.028 2.019 2.01 1.989 1.987 1.971 1.954 1.94 1.934 1.918 1.913 1.9 1.885 1.791 1.763 1.763 1.763 1.788 1.79 1.792 1.792 1.792 1.792 1.77 1.764 1.755 1.735 1.725 1.723 1.723 1.721 1.721 1.715 1.688 1.688 1.685 1.635 1.582 1.571 1.571 1.582 1.594 1.599 1.604 1.612 1.613 1.614 1.614 1.613 1.607 1.601 1.598 1.588 1.582 1.57 1.57 1.569 1.562 1.562 1.557 1.547 1.543 1.537 1.535 1.535 1.529 1.526 1.518 1.517 1.513 1.503 1.501 1.5 1.496 1.493 1.492 1.489 1.486 1.483 1.472 1.472 1.471 1.445 0.707 0.707 0.661 0.66 0.66 0.661 0.662 0.662 0.662 0.658 0.587 0.565 0.56 0.559 0.56 0.565 0.563 0.563 0.565 0.566 0.565 0.57 0.573 0.571 0.571 0.571 0.571 0.567 0.567 0.565 0.565 0.565 0.568 0.57 0.572 0.573 0.577 0.578 0.578 0.578 0.58 0.578 0.581 0.581 0.58 0.58 0.582 0.582 0.584 0.587 0.584 0.584 0.582 0.582 0.58 0.579 0.579 0.58 0.579 0.584 0.584 0.583 0.583 0.589 0.587 0.59 0.59 0.59 0.59 0.59 0.589 0.589 0.589 0.589 0.587 0.587 0.589 0.589 0.59 0.591 0.59 0.593 0.596 0.599 0.6 0.6 0.6 0.606 0.606 0.606 0.605 0.606 0.606 0.606 0.602 0.603 0.602 0.602 0.596 0.596 0.593 0.553 0.311 0.288 0.288 0.287 0.282 0.282 0.282 0.282 0.282 0.282 0.282 0.276 0.276 0.275 0.265 0.265 0.264 0.263 0.263 0.26 0.258 0.258 0.258 0.258 0.255 0.251 0.25 0.248 0.247 0.244 0.243 0.24 0.24 0.238 0.237 0.238 0.234 0.238 0.233 0.233 0.231 0.23 0.227 0.224 0.224 0.226 0.224 0.226 0.226 0.225 0.225 0.225 0.225 0.222 0.222 0.22 0.217 0.217 0.217 0.217 0.217 0.217 0.217 0.213 0.211 0.212 0.212 0.21 0.212 0.214 0.214 0.214 0.217 0.223 0.223 0.223 0.218 0.218 0.218 0.218 0.218 0.219 0.219 0.214 0.214 0.216 0.214 0.214 0.214 0.211 0.211 0.212 0.211 0.212 0.212 0.213 0.213 0.214 0.214 0.214 0.214 0.214 0.213 0.213 0.213 0.213 0.211 0.211 0.213 0.211 0.209 0.209 0.207 0.207 0.207 0.202 0.202 0.21 0.204 0.204 0.21 0.21 0.206 0.206 0.203 0.203 0.198 0.198 0.204 0.204 0.206 0.208 0.212 0.217 0.23 0.237 0.238 0.245 0.245 0.245 0.245 0.239 0.227 0.219 0.218 0.212 0.21 0.208 0.208 0.208 0.209 0.21 0.21 0.21 0.21 0.21 0.21 0.21 0.21 0.211 0.212 0.213 0.217 0.217 0.217 0.216 0.209 0.209 0.209 0.209 0.208 0.208 0.208 0.211 0.211 0.211 0.211 0.212 0.211 0.21 0.212 0.212 0.21 0.214 0.214 0.216 0.216 0.216 0.214 0.217 0.217 0.219 0.221 0.221 0.224 0.224 0.224 0.222 0.221 0.221 0.219 0.221 0.219 0.219 0.219 0.22 0.22 0.221 0.222 0.229 0.227 0.229 0.229 0.227 0.227 0.225 0.225 0.227 0.228 0.232 0.233 0.233 0.233 0.233 0.237 0.239 0.239 0.239 0.239 0.239 0.24 0.239 0.24 0.243 0.241 0.243 0.244 0.247 0.247 0.247 0.247 0.247 0.249 0.249 0.25 0.254 0.255 0.258 0.259 0.259 0.267 0.267 0.269 0.269 0.269 0.272 0.273 0.274 0.275 0.277 0.279 0.28 0.286 0.286 0.289 0.289 0.29 0.29 0.294 0.301 0.303 0.303 0.303 0.305 0.305 0.307 0.308 0.308 0.308 0.314 0.321 0.328 0.332 0.334 0.344 0.35 0.35 0.351 0.351 0.345 0.342 0.342 0.342 0.342 0.34 0.34 0.341 0.341 0.355 0.356 
1 1 1 1 1 1 1 1 1 1 1 1 1 1 1 1 1 1 1 1 1 1 1 1 1 1 1 1 1 1 1 1 1 1 1 1 1 1 1 1 1 1 1 1 1 1 1 1 1 1 1 1 1 1 1 1 1 1 1 1 1 1 1 1 1 1 1 1 1 1 1 1 1 1 1 1 1 1 1 1 1 1 1 1 1 1 1 1 1 1 1 1 1 1 1 1 1 1 1 1 1 1 1 1 1 1 1 1 1 1 1 1 1 0 0 0 0 1 1 1 1 1 1 1 1 1 1 1 1 1 1 1 1 1 1 1 1 1 1 1 1 1 1 1 1 1 1 1 1 1 1 1 1 1 1 1 1 1 1 1 1 1 1 1 1 1 1 1 1 1 1 1 1 1 1 1 1 1 1 1 1 1 1 1 1 0 1 1 1 1 1 1 1 1 1 1 1 1 1 1 1 1 1 1 1 1 1 1 1 1 1 1 1 1 1 1 1 1 1 1 1 1 1 1 1 1 1 1 1 1 1 1 1 1 1 1 1 1 1 1 1 1 1 1 1 1 1 1 1 1 1 1 1 1 1 1 1 1 1 1 1 1 1 1 1 1 1 1 1 1 1 1 1 1 1 1 1 1 1 1 1 1 1 1 1 1 1 1 1 1 1 1 1 1 1 1 1 1 1 1 1 1 1 1 1 1 1 1 1 1 1 1 1 1 1 1 1 1 1 1 1 1 1 1 1 1 1 1 1 1 1 1 1 1 1 1 1 1 1 1 1 1 1 1 1 1 1 1 1 1 1 1 1 1 1 1 1 1 1 1 1 1 1 1 1 1 1 1 1 1 1 1 1 1 1 1 1 1 1 1 1 1 1 1 1 1 1 1 1 1 1 1 1 1 1 1 1 1 1 1 1 1 1 1 1 1 1 1 1 1 1 1 1 1 1 1 1 1 1 1 1 1 1 1 1 1 1 1 1 1 1 1 1 1 1 1 1 1 1 1 1 1 1 1 1 1 1 1 1 1 1 1 1 1 1 1 1 1 1 1 1 1 1 1 1 1 1 1 1 1 1 1 1 1 1 1 1 1 1 1 1 1 1 1 1 1 1 1 1 1 1 1 1 1 1 1 1 1 1 1 1 1 1 1 1 1 1 1 1 1 1 1 1 1 1 1 1 1 1 1 1 1 1 1 1 1 1 1 1 1 1 1 1 1 1 1 1 1 1 1 1 1 1 1 1 1 1 1 1 1 1 1 1 1 1 1 1 1 1 1 1 1 1 1 1 1 1 1 1 1 1 1 1 1 1 1 1 1 1 1 1 1 1 1 1 1 1 1 1 1 1 1 1 1 1 1 1 1 1 1 1 1 1 1 1 1 1 1 1 1 1 1 1 1 1 1 1 1 1 1 1 1 1 1 1 1 1 1 1 1 1 1 1 1 1 1 1 1 1 1 1 1 1 1 1 1 1 1 1 1 1 1 1 1 1 1 1 1 1 1 1 1 1 1 1 1 1 1 1 1 1 1 1 1 1 1 1 1 1 1 1 1 
