# This file contains a 2D laser scan observation. 
# Its format is: 
# [aperture] [max_range] [number_of_scans] 
# [vector_of_scans] 
# [vector_of_valid_scans] 
# The aperture of the sensor is in radians, the maximum range 
# and measurements are in meters. '1' means a valid scan, '0' otherwise.
4.1847
5.6
682
2.213 2.213 2.213 2.205 2.2 2.198 2.187 2.175 2.173 2.167 2.165 2.157 2.155 2.154 2.148 2.137 2.133 2.128 2.125 2.114 2.112 2.108 2.105 2.105 2.097 2.087 1.254 1.23 1.228 1.225 1.177 1.141 1.136 1.128 1.126 1.127 1.128 1.127 1.127 1.132 1.134 1.134 1.134 1.14 1.138 1.138 1.134 1.138 1.138 1.133 1.133 1.129 1.129 1.129 1.129 1.132 1.132 1.124 0.917 0.904 0.864 0.805 0.736 0.736 0.735 0.736 0.736 0.732 0.717 0.715 0.705 0.688 0.667 0.659 0.645 0.636 0.625 0.621 0.604 0.598 0.578 0.577 0.574 0.573 0.547 0.546 0.546 0.537 0.528 0.524 0.519 0.512 0.5 0.499 0.497 0.486 0.482 0.476 0.473 0.464 0.464 0.463 0.458 0.445 0.439 0.437 0.43 0.422 0.409 0.406 0.403 0.403 0.398 0.39 0.38 0.38 0.376 0.369 0.365 0.365 0.358 0.356 0.355 0.345 0.344 0.339 0.339 0.339 0.338 0.336 0.335 0.334 0.328 0.327 0.325 0.325 0.317 0.313 0.307 0.307 0.306 0.305 0.305 0.305 0.303 0.301 0.3 0.294 0.294 0.294 0.294 0.296 0.303 0.311 0.312 0.311 0.308 0.311 0.313 0.317 0.322 0.337 0.354 0.354 0.354 0.354 0.346 0.322 0.316 0.308 0.307 0.303 0.3 0.289 0.281 0.278 0.274 0.27 0.262 0.262 0.259 0.258 0.258 0.265 0.265 0.265 0.265 0.265 0.262 0.262 0.269 0.27 0.274 0.274 0.27 0.268 0.268 0.268 0.268 0.268 0.265 0.265 0.267 0.271 0.273 0.273 0.274 0.277 0.277 0.278 0.282 0.285 0.285 0.287 0.287 0.288 0.288 0.29 0.297 0.299 0.301 0.301 0.3 0.303 0.305 0.312 0.321 0.321 0.329 0.332 0.332 0.332 0.337 0.514 0.905 0.909 0.916 2.339 2.359 2.386 2.386 2.406 2.428 2.462 2.477 2.498 2.539 2.555 2.611 2.611 2.611 2.618 2.637 3.452 3.452 3.452 3.436 3.434 3.427 3.406 3.398 3.397 3.38 3.371 3.355 3.352 3.346 3.325 3.253 3.253 3.253 3.291 3.291 3.291 3.285 3.275 3.271 3.267 3.259 3.252 3.249 3.242 3.237 3.221 3.22 3.22 3.21 3.206 3.205 3.197 3.185 3.17 3.163 3.163 3.163 3.166 3.168 3.172 3.277 3.417 3.924 3.924 3.924 3.923 3.912 3.91 3.909 3.908 3.9 3.899 3.893 3.891 3.887 3.887 3.883 3.883 3.882 3.882 3.877 3.876 3.875 3.873 3.868 3.864 3.861 3.86 3.86 3.86 3.871 3.875 3.877 3.877 3.877 3.872 3.847 3.847 3.847 3.901 3.921 3.936 0.006 0.006 0.006 3.35 3.192 3.15 3.142 3.138 3.133 3.133 3.131 2.907 2.856 2.856 2.856 0 0 0 0 0 0 1.418 1.381 1.336 1.291 1.291 1.252 1.227 1.227 1.227 1.227 1.227 1.227 1.228 1.228 1.232 1.236 1.239 1.239 1.24 1.242 1.245 1.246 1.247 1.247 1.247 1.249 1.256 1.257 1.265 1.266 1.269 1.269 1.269 1.272 1.274 1.281 1.283 1.287 1.291 1.291 1.294 1.295 1.304 1.31 1.314 1.323 1.327 1.341 1.341 1.341 1.322 1.311 1.294 1.282 1.249 1.24 1.231 1.221 1.202 1.192 1.177 1.163 1.155 1.139 1.129 1.124 1.114 1.095 1.089 1.073 1.071 1.055 1.048 1.038 1.031 1.03 1.02 1.007 1.006 0.987 0.978 0.976 0.975 0.968 0.962 0.956 0.939 0.933 0.931 0.927 0.912 0.904 0.903 0.902 0.896 0.886 0.886 0.879 0.876 0.873 0.863 0.862 0.853 0.853 0.848 0.848 0.837 0.831 0.83 0.827 0.826 0.82 0.815 0.81 0.809 0.808 0.8 0.794 0.793 0.792 0.786 0.782 0.782 0.775 0.772 0.768 0.763 0.762 0.762 0.761 0.754 0.754 0.749 0.747 0.747 0.745 0.741 0.733 0.73 0.728 0.728 0.728 0.727 0.726 0.724 0.72 0.719 0.714 0.71 0.705 0.705 0.704 0.698 0.65 0.578 0.578 0.578 0.577 0.577 0.579 0.576 0.574 0.568 0.568 0.567 0.563 0.563 0.565 0.56 0.56 0.56 0.557 0.553 0.552 0.553 0.553 0.55 0.551 0.551 0.549 0.548 0.549 0.548 0.547 0.536 0.535 0.535 0.535 0.535 0.543 0.545 0.545 0.545 0.544 0.544 0.544 0.54 0.54 0.54 0.546 0.542 0.544 0.544 0.542 0.54 0.54 0.54 0.54 0.547 0.547 0.547 0.544 0.541 0.54 0.54 0.541 0.54 0.54 0.541 0.541 0.541 0.551 0.552 0.551 0.551 0.543 0.538 0.538 0.538 0.538 0.539 0.539 0.538 0.538 0.538 0.538 0.539 0.54 0.54 0.54 0.54 0.534 0.534 0.534 0.533 0.539 0.539 0.539 0.539 0.539 0.541 0.541 0.541 0.541 0.547 0.547 0.547 0.549 0.547 0.545 0.545 0.546 0.546 0.545 0.546 0.546 0.546 0.546 0.553 0.556 0.557 0.557 0.556 0.556 0.557 0.555 0.557 0.557 0.555 0.555 0.561 0.561 0.565 0.566 0.567 0.567 0.571 0.572 0.573 0.572 0.573 0.573 0.577 0.577 0.578 0.578 0.578 0.578 0.583 0.583 0.583 0.592 0.593 0.592 0.593 0.596 0.593 0.601 0.601 0.601 0.601 0.601 0.601 0.603 0.604 0.614 0.614 0.614 0.621 0.622 0.622 
1 1 1 1 1 1 1 1 1 1 1 1 1 1 1 1 1 1 1 1 1 1 1 1 1 1 1 1 1 1 1 1 1 1 1 1 1 1 1 1 1 1 1 1 1 1 1 1 1 1 1 1 1 1 1 1 1 1 1 1 1 1 1 1 1 1 1 1 1 1 1 1 1 1 1 1 1 1 1 1 1 1 1 1 1 1 1 1 1 1 1 1 1 1 1 1 1 1 1 1 1 1 1 1 1 1 1 1 1 1 1 1 1 1 1 1 1 1 1 1 1 1 1 1 1 1 1 1 1 1 1 1 1 1 1 1 1 1 1 1 1 1 1 1 1 1 1 1 1 1 1 1 1 1 1 1 1 1 1 1 1 1 1 1 1 1 1 1 1 1 1 1 1 1 1 1 1 1 1 1 1 1 1 1 1 1 1 1 1 1 1 1 1 1 1 1 1 1 1 1 1 1 1 1 1 1 1 1 1 1 1 1 1 1 1 1 1 1 1 1 1 1 1 1 1 1 1 1 1 1 1 1 1 1 1 1 1 1 1 1 1 1 1 1 1 1 1 1 1 1 1 1 1 1 1 1 1 1 1 1 1 1 1 1 1 1 1 1 1 1 1 1 1 1 1 1 1 1 1 1 1 1 1 1 1 1 1 1 1 1 1 1 1 1 1 1 1 1 1 1 1 1 1 1 1 1 1 1 1 1 1 1 1 1 1 1 1 1 1 1 1 1 1 1 1 1 1 1 1 1 1 1 1 1 1 1 1 1 1 1 0 0 0 1 1 1 1 1 1 1 1 1 1 1 1 0 0 0 0 0 0 1 1 1 1 1 1 1 1 1 1 1 1 1 1 1 1 1 1 1 1 1 1 1 1 1 1 1 1 1 1 1 1 1 1 1 1 1 1 1 1 1 1 1 1 1 1 1 1 1 1 1 1 1 1 1 1 1 1 1 1 1 1 1 1 1 1 1 1 1 1 1 1 1 1 1 1 1 1 1 1 1 1 1 1 1 1 1 1 1 1 1 1 1 1 1 1 1 1 1 1 1 1 1 1 1 1 1 1 1 1 1 1 1 1 1 1 1 1 1 1 1 1 1 1 1 1 1 1 1 1 1 1 1 1 1 1 1 1 1 1 1 1 1 1 1 1 1 1 1 1 1 1 1 1 1 1 1 1 1 1 1 1 1 1 1 1 1 1 1 1 1 1 1 1 1 1 1 1 1 1 1 1 1 1 1 1 1 1 1 1 1 1 1 1 1 1 1 1 1 1 1 1 1 1 1 1 1 1 1 1 1 1 1 1 1 1 1 1 1 1 1 1 1 1 1 1 1 1 1 1 1 1 1 1 1 1 1 1 1 1 1 1 1 1 1 1 1 1 1 1 1 1 1 1 1 1 1 1 1 1 1 1 1 1 1 1 1 1 1 1 1 1 1 1 1 1 1 1 1 1 1 1 1 1 1 1 1 1 1 1 1 1 1 1 1 1 1 1 1 1 1 1 1 1 1 1 1 1 1 1 1 1 1 1 1 1 1 1 1 1 1 
