# This file contains a 2D laser scan observation. 
# Its format is: 
# [aperture] [max_range] [number_of_scans] 
# [vector_of_scans] 
# [vector_of_valid_scans] 
# The aperture of the sensor is in radians, the maximum range 
# and measurements are in meters. '1' means a valid scan, '0' otherwise.
4.1847
5.6
682
0.007 0 0 0.007 3.212 3.21 3.21 3.186 3.175 3.16 2.87 2.771 2.763 2.763 2.763 2.76 2.76 2.763 3.028 3.068 3.071 3.071 3.068 3.058 3.049 3.047 3.028 3.027 3.027 3.008 2.957 2.079 2.065 2.061 2.058 2.057 2.054 2.051 2.051 2.054 2.948 2.948 2.948 2.942 2.935 2.92 2.098 2.023 2.023 2.023 2.026 2.026 2.034 2.035 2.054 2.129 2.513 2.513 2.513 2.012 2.006 1.999 1.999 1.999 1.999 1.994 1.993 1.983 1.947 1.063 1.029 1.029 1.028 1.029 1.043 1.045 1.068 1.069 1.077 1.084 1.084 1.085 1.085 1.089 1.089 1.093 1.093 1.093 1.084 1.081 1.07 1.068 1.067 1.066 1.06 1.06 1.061 1.061 1.064 1.065 1.065 1.065 1.066 1.069 1.066 1.066 1.066 1.067 1.067 1.067 1.067 1.067 1.067 1.067 1.067 1.069 1.074 1.074 1.076 1.078 1.078 1.085 1.091 1.085 1.085 1.092 1.093 1.096 1.099 1.1 1.101 1.103 1.103 1.103 1.104 1.112 1.112 1.114 1.119 1.12 1.123 1.127 1.127 1.127 1.131 1.136 1.137 1.138 1.143 1.148 1.148 1.151 1.152 1.152 1.158 1.164 1.166 1.168 1.173 1.18 1.187 1.187 1.187 1.177 1.158 1.158 1.158 1.158 1.16 1.172 2.885 2.886 2.892 2.892 2.892 2.904 2.906 2.92 2.933 2.945 2.952 0 0 0 0.007 0 0 0 0 0 0 0 0 0 0 0 0 0 0 0 0 0 2.056 2.028 2.018 2.013 1.992 1.99 1.989 1.989 1.966 1.958 1.944 1.936 1.922 1.905 1.886 1.88 1.858 1.852 1.85 1.831 1.821 1.808 1.803 1.788 1.779 1.619 1.612 1.612 1.618 1.619 1.62 1.627 1.636 1.66 1.668 1.671 1.671 1.671 1.654 1.646 1.636 1.633 1.63 1.619 1.617 1.609 1.602 1.597 1.588 1.585 1.577 1.574 1.567 1.565 1.562 1.561 1.558 1.543 1.541 1.535 1.534 1.52 1.518 1.518 1.514 1.506 1.504 1.503 1.498 1.492 1.489 1.471 1.467 1.465 1.458 1.453 1.449 1.446 1.438 1.438 1.438 1.448 1.448 1.448 1.448 1.448 1.448 1.45 1.483 1.515 1.548 1.588 1.627 1.708 2.224 2.224 2.224 2.221 2.213 2.212 2.21 2.209 2.207 2.2 2.196 2.195 2.194 2.192 2.189 2.188 2.187 2.179 2.176 2.174 2.174 2.173 2.173 2.173 2.172 2.165 2.161 2.161 2.161 2.161 2.161 2.161 2.161 2.161 2.16 2.162 2.162 2.16 2.16 2.16 2.16 2.157 2.155 2.155 2.154 2.152 2.148 2.148 2.147 2.146 2.143 2.146 2.146 2.155 2.155 2.156 2.163 2.172 2.175 2.176 2.176 2.176 2.178 2.178 2.178 2.145 2.142 2.142 2.142 2.155 2.243 2.243 2.243 2.243 2.248 4.521 4.528 4.528 4.528 4.528 4.547 4.557 4.571 4.582 4.588 4.588 4.588 4.588 1.725 1.69 1.655 1.627 1.593 1.563 1.533 1.503 1.474 1.474 1.474 1.474 1.482 1.482 1.482 1.479 1.479 1.479 1.486 1.493 1.493 1.498 1.509 1.512 1.526 1.533 1.54 1.54 1.54 1.32 1.263 1.259 1.254 1.241 1.233 1.233 1.223 1.211 1.207 1.207 1.207 1.226 1.275 1.402 1.632 1.643 1.643 1.643 1.637 1.623 1.604 1.587 1.56 1.555 1.536 1.51 1.504 1.496 1.482 1.463 1.453 1.446 1.417 1.413 1.402 1.392 1.374 1.365 1.347 1.341 1.339 1.317 1.312 1.301 1.298 1.283 1.279 1.267 1.257 1.257 1.245 1.24 1.224 1.216 1.212 1.197 1.195 1.183 1.177 1.176 1.159 1.155 1.15 1.149 1.141 1.134 1.128 1.123 1.121 1.114 1.108 1.101 1.09 1.089 1.075 1.071 1.07 1.066 1.059 1.057 1.054 1.054 1.051 1.049 1.034 1.033 1.022 1.019 1.015 1.014 1.013 1.012 0.999 0.994 0.991 0.99 0.985 0.985 0.979 0.977 0.969 0.968 0.961 0.963 0.959 0.958 0.956 0.955 0.947 0.945 0.945 0.945 0.943 0.938 0.938 0.937 0.93 0.925 0.924 0.923 0.921 0.921 0.914 0.914 0.913 0.912 0.908 0.905 0.904 0.902 0.899 0.899 0.894 0.892 0.89 0.889 0.89 0.89 0.888 0.884 0.876 0.594 0.541 0.535 0.535 0.535 0.531 0.529 0.528 0.528 0.522 0.52 0.522 0.521 0.521 0.521 0.521 0.521 0.521 0.522 0.525 0.525 0.525 0.525 0.525 0.525 0.525 0.525 0.525 0.525 0.525 0.524 0.524 0.53 0.53 0.53 0.534 0.539 0.539 0.544 0.544 0.545 0.549 0.555 0.555 0.56 0.555 0.55 0.548 0.543 0.543 0.538 0.538 0.535 0.527 0.524 0.521 0.521 0.521 0.52 0.525 0.525 0.525 0.521 0.526 0.526 0.526 0.519 0.519 0.519 0.519 0.524 0.524 0.526 0.526 0.526 0.526 0.526 0.526 0.528 0.524 0.526 0.526 0.528 0.531 0.533 0.533 0.533 0.533 0.533 0.533 0.533 0.535 0.535 0.535 0.536 0.538 0.541 0.537 0.546 0.546 0.542 0.542 0.546 0.546 0.548 0.548 0.546 0.55 0.55 0.55 0.555 0.56 0.56 0.56 0.56 0.558 0.558 0.56 0.565 0.565 0.568 0.566 0.568 0.566 0.568 0.568 0.574 
0 0 0 0 1 1 1 1 1 1 1 1 1 1 1 1 1 1 1 1 1 1 1 1 1 1 1 1 1 1 1 1 1 1 1 1 1 1 1 1 1 1 1 1 1 1 1 1 1 1 1 1 1 1 1 1 1 1 1 1 1 1 1 1 1 1 1 1 1 1 1 1 1 1 1 1 1 1 1 1 1 1 1 1 1 1 1 1 1 1 1 1 1 1 1 1 1 1 1 1 1 1 1 1 1 1 1 1 1 1 1 1 1 1 1 1 1 1 1 1 1 1 1 1 1 1 1 1 1 1 1 1 1 1 1 1 1 1 1 1 1 1 1 1 1 1 1 1 1 1 1 1 1 1 1 1 1 1 1 1 1 1 1 1 1 1 1 1 1 1 1 1 1 1 1 1 1 1 1 1 1 0 0 0 0 0 0 0 0 0 0 0 0 0 0 0 0 0 0 0 0 0 1 1 1 1 1 1 1 1 1 1 1 1 1 1 1 1 1 1 1 1 1 1 1 1 1 1 1 1 1 1 1 1 1 1 1 1 1 1 1 1 1 1 1 1 1 1 1 1 1 1 1 1 1 1 1 1 1 1 1 1 1 1 1 1 1 1 1 1 1 1 1 1 1 1 1 1 1 1 1 1 1 1 1 1 1 1 1 1 1 1 1 1 1 1 1 1 1 1 1 1 1 1 1 1 1 1 1 1 1 1 1 1 1 1 1 1 1 1 1 1 1 1 1 1 1 1 1 1 1 1 1 1 1 1 1 1 1 1 1 1 1 1 1 1 1 1 1 1 1 1 1 1 1 1 1 1 1 1 1 1 1 1 1 1 1 1 1 1 1 1 1 1 1 1 1 1 1 1 1 1 1 1 1 1 1 1 1 1 1 1 1 1 1 1 1 1 1 1 1 1 1 1 1 1 1 1 1 1 1 1 1 1 1 1 1 1 1 1 1 1 1 1 1 1 1 1 1 1 1 1 1 1 1 1 1 1 1 1 1 1 1 1 1 1 1 1 1 1 1 1 1 1 1 1 1 1 1 1 1 1 1 1 1 1 1 1 1 1 1 1 1 1 1 1 1 1 1 1 1 1 1 1 1 1 1 1 1 1 1 1 1 1 1 1 1 1 1 1 1 1 1 1 1 1 1 1 1 1 1 1 1 1 1 1 1 1 1 1 1 1 1 1 1 1 1 1 1 1 1 1 1 1 1 1 1 1 1 1 1 1 1 1 1 1 1 1 1 1 1 1 1 1 1 1 1 1 1 1 1 1 1 1 1 1 1 1 1 1 1 1 1 1 1 1 1 1 1 1 1 1 1 1 1 1 1 1 1 1 1 1 1 1 1 1 1 1 1 1 1 1 1 1 1 1 1 1 1 1 1 1 1 1 1 1 1 1 1 1 1 1 1 1 1 1 1 1 1 1 1 1 1 1 1 1 1 1 1 1 1 1 1 1 1 1 1 1 1 1 1 1 1 1 1 1 1 1 1 1 1 1 1 1 1 1 1 1 1 1 1 1 1 1 1 1 1 1 1 1 1 1 
