# This file contains a 2D laser scan observation. 
# Its format is: 
# [aperture] [max_range] [number_of_scans] 
# [vector_of_scans] 
# [vector_of_valid_scans] 
# The aperture of the sensor is in radians, the maximum range 
# and measurements are in meters. '1' means a valid scan, '0' otherwise.
4.1847
5.6
682
1.22 1.216 1.209 1.207 1.205 1.2 1.193 1.185 1.183 1.177 1.176 1.176 1.174 1.172 1.17 1.17 1.166 1.163 1.161 1.161 1.15 1.146 1.145 1.145 1.144 1.142 1.135 1.126 1.126 1.126 1.126 1.128 1.128 1.126 1.121 1.119 1.118 1.116 1.116 1.113 1.11 1.108 1.104 1.104 1.103 1.103 1.102 1.102 1.101 1.101 1.101 1.101 1.101 1.095 1.093 1.095 1.096 1.095 1.093 1.094 1.093 1.093 1.09 1.094 1.096 1.096 1.098 1.098 1.096 1.098 1.098 1.103 1.103 1.104 1.106 1.106 1.114 1.114 1.114 1.112 1.109 1.1 1.07 1.068 1.056 1.056 1.06 1.06 2.936 2.936 2.936 2.935 2.933 2.928 2.922 2.92 2.92 2.92 2.921 2.924 2.924 2.93 2.93 2.932 2.937 2.941 2.942 2.944 2.944 2.942 2.693 2.683 2.683 2.684 2.684 2.68 2.684 2.686 2.691 2.99 2.993 3.001 3.007 3.009 3.026 3.026 3.026 3.016 2.979 2.911 2.753 2.71 2.701 2.671 2.671 2.671 2.673 2.682 2.686 2.688 2.691 2.706 2.711 2.712 2.723 2.729 2.729 2.748 3.572 0.007 3.606 3.606 0 0 0 0 0 0 1.75 1.73 1.695 1.695 1.695 1.693 1.68 1.657 1.628 1.618 1.6 1.576 1.562 1.544 1.525 1.476 1.26 1.26 1.26 1.258 1.265 1.265 1.265 1.27 1.275 1.281 1.292 1.292 1.296 1.297 1.297 1.297 1.297 1.295 1.293 1.267 1.263 1.256 1.242 1.242 1.228 1.216 1.214 1.204 1.203 1.187 1.182 1.181 1.178 1.176 1.161 1.154 1.146 1.14 1.137 1.124 1.124 1.117 1.109 1.105 1.105 1.099 1.098 1.095 1.093 1.079 1.077 1.065 1.059 1.057 1.051 1.044 1.032 1.019 1.018 1.018 1.016 1.01 0.997 0.996 0.993 0.99 0.987 0.987 0.987 0.989 0.989 0.989 0.988 0.979 0.979 0.978 0.978 0.978 0.978 0.995 1.009 1.022 1.031 1.049 1.064 1.08 1.091 1.111 1.116 1.14 1.158 1.166 1.196 1.708 1.759 1.759 1.759 1.756 1.752 1.748 1.74 1.738 1.734 1.726 1.724 1.722 1.722 1.714 1.706 1.704 1.703 1.702 1.699 1.698 1.693 1.691 1.682 1.682 1.681 1.681 1.68 1.676 1.673 1.669 1.667 1.669 1.667 1.664 1.662 1.659 1.653 1.653 1.653 1.653 1.653 1.648 1.648 1.648 1.643 1.643 1.643 1.643 1.643 1.643 1.643 1.644 1.642 1.642 1.641 1.64 1.636 1.636 1.634 1.634 1.634 1.633 1.634 1.636 1.632 1.632 1.631 1.63 1.627 1.622 1.621 1.622 1.621 1.622 1.623 1.624 1.627 1.633 1.633 1.638 1.643 1.645 1.65 1.651 1.653 1.655 1.658 1.658 1.658 1.649 1.634 1.622 1.61 1.61 1.61 1.611 1.624 1.732 1.732 1.732 1.713 1.712 1.712 1.712 4.008 4.033 0 0 0 0 4.077 4.077 4.077 4.078 4.122 4.732 4.802 4.812 4.825 4.828 4.829 4.839 4.839 4.852 0.007 4.24 1.195 1.164 1.156 1.139 1.115 1.102 1.084 1.078 1.058 1.043 1.029 1.026 1.003 0.996 0.996 0.989 0.987 0.987 0.988 0.988 0.994 0.998 0.998 0.998 0.998 0.993 0.993 0.995 0.995 0.997 0.999 1.012 1.015 1.02 1.022 1.03 1.035 1.036 1.058 1.059 1.061 1.066 1.07 1.08 1.081 1.094 1.101 1.108 1.114 1.115 1.118 1.118 1.118 0.982 0.834 0.834 0.833 0.834 0.833 0.832 0.821 0.805 0.804 0.804 0.804 0.805 0.805 0.805 0.787 0.785 0.781 0.78 0.78 0.781 0.781 1.12 1.12 1.12 1.115 1.112 1.101 1.095 1.094 1.086 1.073 1.069 1.068 1.067 1.067 1.052 1.052 1.04 1.04 1.035 1.026 1.022 1.021 1.018 1.01 1.009 1.005 1.004 1.004 0.997 0.989 0.985 0.984 0.98 0.978 0.965 0.961 0.961 0.961 0.953 0.952 0.952 0.95 0.941 0.934 0.934 0.934 0.927 0.927 0.925 0.918 0.907 0.906 0.906 0.904 0.907 0.906 0.908 0.908 0.908 0.906 0.904 0.898 0.888 0.888 0.888 0.888 0.886 0.89 0.886 0.885 0.882 0.877 0.873 0.871 0.871 0.87 0.869 0.869 0.868 0.866 0.866 0.861 0.861 0.859 0.859 0.857 0.857 0.857 0.852 0.852 0.853 0.852 0.851 0.851 0.849 0.848 0.847 0.848 0.843 0.843 0.845 0.845 0.845 0.845 0.845 0.844 0.845 0.845 0.845 0.844 0.844 0.842 0.842 0.84 0.84 0.84 0.839 0.84 0.839 0.84 0.839 0.84 0.84 0.84 0.837 0.838 0.836 0.836 0.838 0.839 0.841 0.841 0.841 0.839 0.839 0.838 0.837 0.837 0.834 0.834 0.834 0.837 0.841 0.842 0.843 0.843 0.843 0.847 0.847 0.847 0.848 0.851 0.851 0.85 0.85 0.85 0.85 0.852 0.852 0.853 0.853 0.853 0.853 0.856 0.856 0.856 0.856 0.856 0.857 0.864 0.866 0.866 0.866 0.873 0.87 0.87 0.874 0.87 0.87 0.877 0.878 0.878 0.881 0.884 0.884 0.889 0.889 0.889 0.892 0.897 0.902 0.904 0.904 0.914 0.916 0.917 0.917 0.916 0.882 0.876 0.861 0.857 0.835 0.83 0.822 0.82 0.8 0.795 0.794 0.774 0.771 0.763 0.762 
1 1 1 1 1 1 1 1 1 1 1 1 1 1 1 1 1 1 1 1 1 1 1 1 1 1 1 1 1 1 1 1 1 1 1 1 1 1 1 1 1 1 1 1 1 1 1 1 1 1 1 1 1 1 1 1 1 1 1 1 1 1 1 1 1 1 1 1 1 1 1 1 1 1 1 1 1 1 1 1 1 1 1 1 1 1 1 1 1 1 1 1 1 1 1 1 1 1 1 1 1 1 1 1 1 1 1 1 1 1 1 1 1 1 1 1 1 1 1 1 1 1 1 1 1 1 1 1 1 1 1 1 1 1 1 1 1 1 1 1 1 1 1 1 1 1 1 1 1 0 1 1 0 0 0 0 0 0 1 1 1 1 1 1 1 1 1 1 1 1 1 1 1 1 1 1 1 1 1 1 1 1 1 1 1 1 1 1 1 1 1 1 1 1 1 1 1 1 1 1 1 1 1 1 1 1 1 1 1 1 1 1 1 1 1 1 1 1 1 1 1 1 1 1 1 1 1 1 1 1 1 1 1 1 1 1 1 1 1 1 1 1 1 1 1 1 1 1 1 1 1 1 1 1 1 1 1 1 1 1 1 1 1 1 1 1 1 1 1 1 1 1 1 1 1 1 1 1 1 1 1 1 1 1 1 1 1 1 1 1 1 1 1 1 1 1 1 1 1 1 1 1 1 1 1 1 1 1 1 1 1 1 1 1 1 1 1 1 1 1 1 1 1 1 1 1 1 1 1 1 1 1 1 1 1 1 1 1 1 1 1 1 1 1 1 1 1 1 1 1 1 1 1 1 1 1 1 1 1 1 1 1 1 1 1 1 1 1 1 1 1 1 1 1 0 0 0 0 1 1 1 1 1 1 1 1 1 1 1 1 1 1 0 1 1 1 1 1 1 1 1 1 1 1 1 1 1 1 1 1 1 1 1 1 1 1 1 1 1 1 1 1 1 1 1 1 1 1 1 1 1 1 1 1 1 1 1 1 1 1 1 1 1 1 1 1 1 1 1 1 1 1 1 1 1 1 1 1 1 1 1 1 1 1 1 1 1 1 1 1 1 1 1 1 1 1 1 1 1 1 1 1 1 1 1 1 1 1 1 1 1 1 1 1 1 1 1 1 1 1 1 1 1 1 1 1 1 1 1 1 1 1 1 1 1 1 1 1 1 1 1 1 1 1 1 1 1 1 1 1 1 1 1 1 1 1 1 1 1 1 1 1 1 1 1 1 1 1 1 1 1 1 1 1 1 1 1 1 1 1 1 1 1 1 1 1 1 1 1 1 1 1 1 1 1 1 1 1 1 1 1 1 1 1 1 1 1 1 1 1 1 1 1 1 1 1 1 1 1 1 1 1 1 1 1 1 1 1 1 1 1 1 1 1 1 1 1 1 1 1 1 1 1 1 1 1 1 1 1 1 1 1 1 1 1 1 1 1 1 1 1 1 1 1 1 1 1 1 1 1 1 1 1 1 1 1 1 1 1 1 1 1 1 1 1 1 1 1 1 1 1 1 1 1 1 1 1 1 1 1 1 1 
