# This file contains a 2D laser scan observation. 
# Its format is: 
# [aperture] [max_range] [number_of_scans] 
# [vector_of_scans] 
# [vector_of_valid_scans] 
# The aperture of the sensor is in radians, the maximum range 
# and measurements are in meters. '1' means a valid scan, '0' otherwise.
4.1847
5.6
682
1.246 1.244 1.235 1.235 1.233 1.229 1.228 1.221 1.216 1.213 1.204 1.199 1.199 1.199 1.195 1.187 1.185 1.184 1.183 1.179 1.174 1.168 1.167 1.167 1.164 1.118 1.115 1.112 1.112 1.112 2.655 2.655 2.655 2.12 2.117 2.113 2.111 2.111 2.107 2.103 2.103 2.111 2.965 2.967 2.977 2.967 2.965 2.105 2.087 2.079 2.079 2.087 2.087 2.079 2.088 2.088 2.114 2.131 2.131 2.131 2.065 2.06 2.058 2.06 2.058 2.058 2.058 2.056 2.056 2.053 2.04 2.047 2.047 2.047 2.047 2.047 2.047 2.052 2.921 2.924 2.924 2.921 1.952 1.924 1.924 1.952 2.959 3.016 3.019 3.016 2.959 2.765 2.643 2.637 2.636 2.627 2.623 2.627 2.636 2.917 2.931 2.931 2.931 2.931 2.931 2.932 2.933 2.941 2.941 2.941 2.937 2.937 2.792 2.608 2.563 2.563 2.563 2.568 2.571 2.573 2.578 2.578 2.573 2.57 2.569 1.082 1.079 1.079 1.082 1.082 1.077 1.075 1.075 1.075 1.078 1.082 1.084 1.084 1.088 1.088 1.089 1.09 1.101 1.101 1.101 1.094 1.07 1.055 1.033 1.027 0.999 0.997 0.977 0.967 0.957 0.945 0.942 0.932 0.919 0.9 0.898 0.894 0.886 0.869 0.856 0.852 0.845 0.839 0.828 0.82 0.817 0.813 0.794 0.794 0.793 0.776 0.755 0.742 0.735 0.731 0.723 0.719 0.716 0.715 0.714 0.694 0.691 0.691 0.691 0.691 0.694 0.694 0.694 0.687 0.684 0.679 0.67 0.667 0.663 0.663 0.663 0.662 0.664 0.665 0.669 0.671 0.676 0.677 0.679 0.687 0.692 0.697 0.699 0.706 0.71 0.715 0.719 0.721 0.724 0.736 0.738 0.739 0.746 0.758 0.761 0.765 0.765 0.774 0.78 0.783 0.789 0.794 0.807 0.811 0.819 0.827 0.828 0.836 0.863 1.436 1.437 1.437 1.437 1.427 1.423 1.419 1.414 1.403 1.395 1.393 1.392 1.387 1.386 1.38 1.38 1.371 1.364 1.364 1.359 1.357 1.34 1.34 1.339 1.334 1.33 1.325 1.325 1.313 1.309 1.308 1.306 1.306 1.305 1.292 1.29 1.289 1.284 1.284 1.281 1.279 1.278 1.271 1.265 1.264 1.26 1.258 1.256 1.256 1.253 1.252 1.244 1.239 1.236 1.236 1.236 1.239 1.239 1.239 1.239 1.238 1.231 1.223 1.223 1.219 1.219 1.219 1.217 1.216 1.216 1.215 1.215 1.214 1.215 1.215 1.215 1.214 1.214 1.21 1.208 1.21 1.208 1.205 1.205 1.205 1.204 1.202 1.199 1.198 1.199 1.199 1.198 1.198 1.199 1.197 1.197 1.197 1.197 1.196 1.19 1.189 1.188 1.184 1.186 1.184 1.184 1.183 1.183 1.183 1.182 1.182 1.182 1.186 1.186 1.189 1.189 1.191 1.202 1.206 1.207 1.211 1.212 1.213 1.216 1.216 1.213 1.213 1.218 1.219 1.221 1.221 1.219 1.217 1.21 1.188 1.188 1.181 1.177 1.177 1.181 1.181 1.182 1.198 1.287 1.295 1.295 1.287 1.283 1.283 1.283 1.284 3.676 3.691 3.698 3.698 3.72 4.323 4.38 4.4 4.406 4.424 4.424 4.424 4.433 4.415 4.354 3.837 3.825 3.8 3.8 3.8 3.79 3.787 3.77 3.74 3.737 3.723 3.59 3.523 3.505 3.397 3.326 3.308 3.271 3.249 3.238 3.184 3.167 3.143 3.12 3.112 0.817 0.808 0.795 0.795 0.789 0.78 0.771 0.769 0.769 0.754 0.754 0.742 0.741 0.739 0.735 0.73 0.729 0.718 0.713 0.71 0.696 0.696 0.692 0.691 0.691 0.675 0.673 0.671 0.668 0.667 0.661 0.657 0.652 0.652 0.638 0.638 0.638 0.64 0.642 0.646 0.647 0.647 0.654 0.66 0.662 0.67 0.67 0.674 0.674 0.668 0.668 0.668 0.668 0.673 0.674 0.677 0.677 0.704 0.704 0.706 0.707 0.718 0.719 0.726 0.742 0.757 0.758 0.767 0.775 0.789 0.794 0.8 0.809 0.815 0.82 0.836 0.842 0.843 0.848 0.867 0.872 0.881 0.893 0.904 0.911 0.922 0.938 0.938 0.938 0.94 0.938 0.935 0.931 0.93 0.923 0.922 0.92 0.92 0.92 0.908 0.904 0.902 0.899 0.899 0.896 0.885 0.833 0.561 0.561 0.561 0.571 0.571 0.571 0.571 0.563 0.563 0.563 0.569 0.575 0.575 0.578 0.583 0.579 0.579 0.582 0.582 0.582 0.582 0.579 0.579 0.581 0.578 0.578 0.578 0.575 0.574 0.572 0.572 0.572 0.572 0.572 0.57 0.565 0.565 0.565 0.782 0.844 0.844 0.844 0.844 0.838 0.834 0.838 0.84 0.838 0.84 0.84 0.836 0.836 0.836 0.836 0.839 0.839 0.839 0.839 0.835 0.835 0.834 0.834 0.834 0.834 0.84 0.84 0.84 0.84 0.837 0.836 0.835 0.835 0.835 0.836 0.839 0.839 0.838 0.837 0.838 0.837 0.834 0.837 0.841 0.841 0.841 0.841 0.845 0.844 0.841 0.844 0.844 0.843 0.842 0.843 0.843 0.851 0.853 0.853 0.853 0.853 0.853 0.858 0.86 0.86 0.858 0.856 0.856 0.856 0.861 0.865 0.865 0.864 0.865 0.866 0.866 0.873 0.875 0.875 0.873 0.873 0.882 0.882 0.884 0.886 0.891 0.891 0.891 0.891 0.898 0.898 0.905 0.906 0.906 0.911 0.917 0.917 0.917 0.917 0.923 0.923 0.923 0.929 0.933 0.933 0.936 
1 1 1 1 1 1 1 1 1 1 1 1 1 1 1 1 1 1 1 1 1 1 1 1 1 1 1 1 1 1 1 1 1 1 1 1 1 1 1 1 1 1 1 1 1 1 1 1 1 1 1 1 1 1 1 1 1 1 1 1 1 1 1 1 1 1 1 1 1 1 1 1 1 1 1 1 1 1 1 1 1 1 1 1 1 1 1 1 1 1 1 1 1 1 1 1 1 1 1 1 1 1 1 1 1 1 1 1 1 1 1 1 1 1 1 1 1 1 1 1 1 1 1 1 1 1 1 1 1 1 1 1 1 1 1 1 1 1 1 1 1 1 1 1 1 1 1 1 1 1 1 1 1 1 1 1 1 1 1 1 1 1 1 1 1 1 1 1 1 1 1 1 1 1 1 1 1 1 1 1 1 1 1 1 1 1 1 1 1 1 1 1 1 1 1 1 1 1 1 1 1 1 1 1 1 1 1 1 1 1 1 1 1 1 1 1 1 1 1 1 1 1 1 1 1 1 1 1 1 1 1 1 1 1 1 1 1 1 1 1 1 1 1 1 1 1 1 1 1 1 1 1 1 1 1 1 1 1 1 1 1 1 1 1 1 1 1 1 1 1 1 1 1 1 1 1 1 1 1 1 1 1 1 1 1 1 1 1 1 1 1 1 1 1 1 1 1 1 1 1 1 1 1 1 1 1 1 1 1 1 1 1 1 1 1 1 1 1 1 1 1 1 1 1 1 1 1 1 1 1 1 1 1 1 1 1 1 1 1 1 1 1 1 1 1 1 1 1 1 1 1 1 1 1 1 1 1 1 1 1 1 1 1 1 1 1 1 1 1 1 1 1 1 1 1 1 1 1 1 1 1 1 1 1 1 1 1 1 1 1 1 1 1 1 1 1 1 1 1 1 1 1 1 1 1 1 1 1 1 1 1 1 1 1 1 1 1 1 1 1 1 1 1 1 1 1 1 1 1 1 1 1 1 1 1 1 1 1 1 1 1 1 1 1 1 1 1 1 1 1 1 1 1 1 1 1 1 1 1 1 1 1 1 1 1 1 1 1 1 1 1 1 1 1 1 1 1 1 1 1 1 1 1 1 1 1 1 1 1 1 1 1 1 1 1 1 1 1 1 1 1 1 1 1 1 1 1 1 1 1 1 1 1 1 1 1 1 1 1 1 1 1 1 1 1 1 1 1 1 1 1 1 1 1 1 1 1 1 1 1 1 1 1 1 1 1 1 1 1 1 1 1 1 1 1 1 1 1 1 1 1 1 1 1 1 1 1 1 1 1 1 1 1 1 1 1 1 1 1 1 1 1 1 1 1 1 1 1 1 1 1 1 1 1 1 1 1 1 1 1 1 1 1 1 1 1 1 1 1 1 1 1 1 1 1 1 1 1 1 1 1 1 1 1 1 1 1 1 1 1 1 1 1 1 1 1 1 1 1 1 1 1 1 1 1 1 1 1 1 1 1 1 1 1 1 1 1 1 1 1 1 1 1 1 1 1 1 1 1 1 1 1 1 1 1 1 1 1 1 1 1 1 
