# This file contains a 2D laser scan observation. 
# Its format is: 
# [aperture] [max_range] [number_of_scans] 
# [vector_of_scans] 
# [vector_of_valid_scans] 
# The aperture of the sensor is in radians, the maximum range 
# and measurements are in meters. '1' means a valid scan, '0' otherwise.
4.1847
5.6
682
1.206 1.206 1.206 2.906 2.906 2.906 2.889 2.87 2.863 2.86 2.84 2.83 2.827 2.807 2.799 2.798 2.781 2.776 2.687 2.509 2.497 2.493 2.493 2.493 2.497 2.504 2.514 3.007 3.056 3.056 3.055 3.056 3.055 3.055 2.124 2.121 2.115 2.107 2.107 2.106 2.106 2.106 2.106 2.106 2.96 2.967 0 2.967 2.96 2.107 2.092 2.084 2.084 2.089 2.092 2.095 2.095 2.095 2.114 2.163 2.163 2.163 2.058 2.054 2.053 2.052 2.049 2.049 2.049 2.048 2.046 2.043 2.036 2.036 2.036 2.036 2.035 2.035 2.035 2.661 0.007 0 0.007 0 2.095 2.095 2.095 2.095 2.959 3.063 0.006 3.063 2.959 1.072 1.063 1.061 1.046 1.043 1.043 1.04 1.04 1.04 1.042 1.043 1.043 1.043 1.037 1.037 1.037 1.037 1.041 1.041 1.037 1.032 1.021 0.995 0.961 0.944 0.92 0.888 0.863 0.854 0.835 0.805 0.779 0.771 0.753 0.737 0.71 0.638 0.637 0.637 0.61 0.609 0.602 0.595 0.592 0.592 0.592 0.592 0.592 0.592 0.587 0.571 0.559 0.543 0.543 0.543 0.545 0.545 0.551 0.551 0.551 0.551 0.552 0.558 0.56 0.56 0.56 0.559 0.559 0.559 0.569 0.569 0.569 0.569 0.569 0.573 0.576 0.577 0.578 0.581 0.583 0.592 0.592 0.594 0.595 0.596 0.596 0.601 0.601 0.602 0.604 0.605 0.61 0.611 0.614 0.623 0.623 0.628 0.63 0.634 0.637 0.643 0.648 0.65 0.65 0.656 0.656 0.657 0.657 0.661 0.661 0.67 0.674 0.678 0.681 0.687 1.377 1.381 1.381 1.377 1.369 1.362 1.359 1.341 1.338 1.332 1.32 1.307 1.307 1.302 1.302 1.283 1.279 1.271 1.27 1.267 1.255 1.249 1.243 1.237 1.235 1.227 1.223 1.22 1.206 1.206 1.201 1.192 1.19 1.182 1.178 1.175 1.161 1.159 1.157 1.153 1.148 1.148 1.144 1.124 1.122 1.121 1.121 1.119 1.116 1.108 1.108 1.108 1.107 1.102 1.081 1.081 1.08 1.08 1.079 1.077 1.075 1.07 1.069 1.068 1.067 1.067 1.06 1.059 1.058 1.056 1.055 1.044 1.042 1.039 1.036 1.036 1.036 1.033 1.031 1.03 1.026 1.022 1.022 1.022 1.021 1.017 1.01 1.01 1.01 1.007 1.007 1.004 1 0.999 1 0.999 0.999 0.999 0.998 0.998 0.996 0.994 0.993 0.993 0.989 0.989 0.989 0.986 0.986 0.989 0.988 0.989 0.989 0.988 0.983 0.982 0.982 0.982 0.982 0.975 0.975 0.974 0.974 0.974 0.974 0.974 0.975 0.977 0.975 0.975 0.97 0.97 0.97 0.97 0.97 0.97 0.969 0.964 0.961 0.958 0.958 0.958 0.958 0.959 0.967 0.967 0.967 0.965 0.965 0.965 0.977 0.979 0.979 0.977 0.979 0.98 0.99 0.993 0.994 0.996 0.997 0.998 0.997 0.996 0.998 0.996 0.996 1 1.005 1.003 1.003 1.003 0.988 0.98 0.974 0.967 0.965 0.965 0.964 0.966 0.964 0.966 0.966 0.974 1.024 1.082 1.083 1.083 1.082 1.077 1.075 1.068 1.068 1.068 4.184 4.218 4.233 4.218 4.218 4.204 4.131 3.693 3.653 3.646 3.612 3.601 3.601 3.601 3.601 3.601 3.578 3.551 3.532 3.495 3.463 3.339 3.319 3.299 3.184 3.131 3.103 3.096 3.048 3.044 3.015 2.985 2.975 2.943 2.902 2.888 2.886 2.781 2.78 2.761 2.107 2.048 2.02 2.012 1.989 1.956 1.945 1.932 1.926 1.91 1.901 1.893 1.867 1.854 1.853 1.821 1.806 1.806 1.774 1.733 0.65 0.64 0.64 0.64 0.64 0.637 0.626 0.623 0.62 0.618 0.618 0.617 0.601 0.6 0.598 0.597 0.597 0.596 0.586 0.585 0.585 0.58 0.58 0.579 0.579 0.57 0.569 0.566 0.563 0.56 0.56 0.558 0.556 0.556 0.553 0.553 0.551 0.542 0.546 0.54 0.543 0.54 0.54 0.537 0.536 0.532 0.532 0.531 0.531 0.527 0.526 0.525 0.515 0.515 0.514 0.514 0.514 0.514 0.514 0.508 0.508 0.508 0.512 0.513 0.524 0.531 0.541 0.548 0.556 0.556 0.556 0.552 0.552 0.552 0.553 0.556 0.563 0.577 0.582 0.584 0.605 0.614 0.624 0.688 0.699 0.705 0.719 0.744 0.765 0.775 0.795 0.828 0.835 0.859 0.872 0.872 0.873 0.872 0.87 0.869 0.869 0.869 0.859 0.859 0.856 0.859 0.861 0.861 0.857 0.857 0.857 0.856 0.856 0.856 0.854 0.849 0.847 0.845 0.845 0.847 0.845 0.845 0.847 0.841 0.838 0.838 0.835 0.835 0.835 0.841 0.841 0.841 0.841 0.842 0.839 0.84 0.842 0.842 0.84 0.84 0.84 0.839 0.828 0.572 0.528 0.521 0.521 0.525 0.525 0.536 0.536 0.537 0.54 0.54 0.54 0.55 0.569 0.57 0.57 0.57 0.57 0.568 0.562 0.56 0.56 0.568 0.575 0.59 0.592 0.6 0.6 0.6 0.594 0.588 0.586 0.586 0.585 0.585 0.585 0.673 0.864 0.866 0.869 0.869 0.869 0.869 0.87 0.869 0.87 0.872 0.872 0.872 0.876 0.876 0.876 0.879 0.883 0.883 0.886 0.888 0.894 0.896 0.897 0.897 0.899 0.899 0.908 0.908 0.908 0.908 0.915 0.915 0.916 0.919 0.926 0.927 0.927 0.929 0.935 0.936 
1 1 1 1 1 1 1 1 1 1 1 1 1 1 1 1 1 1 1 1 1 1 1 1 1 1 1 1 1 1 1 1 1 1 1 1 1 1 1 1 1 1 1 1 1 1 0 1 1 1 1 1 1 1 1 1 1 1 1 1 1 1 1 1 1 1 1 1 1 1 1 1 1 1 1 1 1 1 1 1 0 0 0 0 1 1 1 1 1 1 0 1 1 1 1 1 1 1 1 1 1 1 1 1 1 1 1 1 1 1 1 1 1 1 1 1 1 1 1 1 1 1 1 1 1 1 1 1 1 1 1 1 1 1 1 1 1 1 1 1 1 1 1 1 1 1 1 1 1 1 1 1 1 1 1 1 1 1 1 1 1 1 1 1 1 1 1 1 1 1 1 1 1 1 1 1 1 1 1 1 1 1 1 1 1 1 1 1 1 1 1 1 1 1 1 1 1 1 1 1 1 1 1 1 1 1 1 1 1 1 1 1 1 1 1 1 1 1 1 1 1 1 1 1 1 1 1 1 1 1 1 1 1 1 1 1 1 1 1 1 1 1 1 1 1 1 1 1 1 1 1 1 1 1 1 1 1 1 1 1 1 1 1 1 1 1 1 1 1 1 1 1 1 1 1 1 1 1 1 1 1 1 1 1 1 1 1 1 1 1 1 1 1 1 1 1 1 1 1 1 1 1 1 1 1 1 1 1 1 1 1 1 1 1 1 1 1 1 1 1 1 1 1 1 1 1 1 1 1 1 1 1 1 1 1 1 1 1 1 1 1 1 1 1 1 1 1 1 1 1 1 1 1 1 1 1 1 1 1 1 1 1 1 1 1 1 1 1 1 1 1 1 1 1 1 1 1 1 1 1 1 1 1 1 1 1 1 1 1 1 1 1 1 1 1 1 1 1 1 1 1 1 1 1 1 1 1 1 1 1 1 1 1 1 1 1 1 1 1 1 1 1 1 1 1 1 1 1 1 1 1 1 1 1 1 1 1 1 1 1 1 1 1 1 1 1 1 1 1 1 1 1 1 1 1 1 1 1 1 1 1 1 1 1 1 1 1 1 1 1 1 1 1 1 1 1 1 1 1 1 1 1 1 1 1 1 1 1 1 1 1 1 1 1 1 1 1 1 1 1 1 1 1 1 1 1 1 1 1 1 1 1 1 1 1 1 1 1 1 1 1 1 1 1 1 1 1 1 1 1 1 1 1 1 1 1 1 1 1 1 1 1 1 1 1 1 1 1 1 1 1 1 1 1 1 1 1 1 1 1 1 1 1 1 1 1 1 1 1 1 1 1 1 1 1 1 1 1 1 1 1 1 1 1 1 1 1 1 1 1 1 1 1 1 1 1 1 1 1 1 1 1 1 1 1 1 1 1 1 1 1 1 1 1 1 1 1 1 1 1 1 1 1 1 1 1 1 1 1 1 1 1 1 1 1 1 1 1 1 1 1 1 1 1 1 1 1 1 1 1 1 1 1 1 1 1 1 1 1 1 1 1 1 1 1 1 1 1 1 1 1 1 1 1 1 1 1 1 1 1 1 1 
