# This file contains a 2D laser scan observation. 
# Its format is: 
# [aperture] [max_range] [number_of_scans] 
# [vector_of_scans] 
# [vector_of_valid_scans] 
# The aperture of the sensor is in radians, the maximum range 
# and measurements are in meters. '1' means a valid scan, '0' otherwise.
4.1847
5.6
682
0.592 0.591 0.59 0.59 0.59 0.589 0.586 0.586 0.586 0.584 0.583 0.582 0.578 0.578 0.583 0.584 0.601 0.617 0.625 0.643 0.667 0.695 0.713 0.742 0.765 0.8 0.841 0.867 0.9 0.938 0.963 1.005 1.051 1.095 1.148 1.208 1.268 1.344 1.44 1.546 1.679 1.679 1.679 1.383 1.38 1.374 1.374 1.349 1.349 1.349 1.349 1.352 1.354 1.355 1.359 1.361 1.364 1.364 1.364 1.364 1.362 1.359 1.353 1.352 1.347 1.347 1.347 1.347 1.348 1.348 1.348 1.347 1.347 1.344 1.344 1.344 1.342 1.344 1.347 1.35 1.352 1.352 1.356 1.356 1.356 1.359 1.361 1.362 1.376 1.385 1.392 1.392 1.385 1.377 1.371 1.331 1.274 1.269 1.251 1.249 1.244 1.239 1.239 1.231 1.22 1.207 1.193 1.167 1.144 1.132 1.106 1.087 1.069 1.043 1.036 1.01 0.999 0.991 0.977 0.96 0.933 0.931 0.924 0.9 0.897 0.878 0.87 0.86 0.848 0.841 0.837 0.819 0.814 0.807 0.79 0.79 0.779 0.768 0.764 0.745 0.744 0.736 0.725 0.717 0.709 0.704 0.699 0.697 0.682 0.678 0.677 0.666 0.662 0.652 0.645 0.645 0.639 0.636 0.633 0.622 0.619 0.619 0.615 0.6 0.595 0.595 0.592 0.592 0.585 0.579 0.574 0.574 0.573 0.571 0.56 0.558 0.556 0.551 0.546 0.546 0.543 0.543 0.536 0.535 0.535 0.533 0.53 0.529 0.522 0.518 0.518 0.517 0.516 0.51 0.505 0.504 0.504 0.504 0.499 0.498 0.495 0.486 0.486 0.487 0.486 0.473 0.476 0.473 0.473 0.473 0.473 0.473 0.469 0.469 0.468 0.465 0.465 0.463 0.465 0.465 0.459 0.458 0.455 0.454 0.451 0.447 0.447 0.446 0.446 0.446 0.446 0.439 0.446 0.445 0.437 0.443 0.443 0.439 0.439 0.439 0.438 0.433 0.433 0.424 0.424 0.424 0.425 0.425 0.425 0.421 0.42 0.417 0.416 0.417 0.416 0.416 0.411 0.41 0.41 0.41 0.41 0.41 0.409 0.403 0.401 0.401 0.398 0.397 0.397 0.398 0.397 0.396 0.396 0.396 0.394 0.394 0.39 0.39 0.392 0.39 0.391 0.391 0.391 0.391 0.391 0.388 0.386 0.386 0.386 0.386 0.387 0.388 0.387 0.387 0.387 0.385 0.385 0.387 0.388 0.388 0.388 0.386 0.382 0.382 0.38 0.38 0.377 0.377 0.377 0.372 0.372 0.372 0.374 0.37 0.37 0.369 0.369 0.369 0.369 0.37 0.37 0.369 0.37 0.37 0.37 0.376 0.376 0.374 0.372 0.372 0.372 0.374 0.374 0.376 0.377 0.376 0.376 0.376 0.38 0.381 0.384 0.384 0.384 0.387 0.389 0.39 0.394 0.395 0.395 0.398 0.398 0.399 0.4 0.407 0.407 0.408 0.407 0.408 0.411 0.417 0.417 0.422 0.422 0.423 0.423 0.423 0.422 0.422 0.422 0.42 0.42 0.425 0.421 0.421 0.423 0.423 0.423 0.423 0.424 0.426 0.428 0.433 0.437 0.437 0.438 0.439 0.439 0.441 0.443 0.443 0.442 0.442 0.442 0.442 0.438 0.436 0.433 0.433 0.426 0.425 0.417 0.406 0.406 0.406 0.406 0.406 0.408 0.408 0.406 0.407 0.406 0.406 0.407 0.407 0.402 0.403 0.403 0.401 0.401 0.403 0.403 0.403 0.408 0.408 0.408 0.488 0.529 0.535 0.535 0.536 0.536 0.538 0.538 0.54 2.321 2.337 2.348 2.348 2.337 2.337 2.332 2.267 2.267 2.261 2.261 1.953 1.942 1.598 1.58 1.547 1.537 1.527 1.523 1.511 1.506 1.491 1.491 1.486 1.481 1.468 1.461 1.453 1.448 1.446 1.44 1.434 1.422 1.411 1.411 1.407 1.396 1.394 1.386 1.381 1.379 1.361 1.359 1.358 1.352 1.341 1.341 1.337 1.333 1.326 1.315 1.314 1.312 1.304 1.297 1.294 1.293 1.293 1.283 1.276 1.274 1.271 1.27 1.261 1.258 1.251 1.249 1.249 1.244 1.24 1.238 1.236 1.236 1.229 1.224 1.222 1.211 1.21 1.209 1.204 1.203 1.203 1.202 1.199 1.197 1.196 1.195 1.183 1.182 1.182 1.179 1.179 1.178 1.177 1.173 1.173 1.169 1.169 1.168 1.166 1.159 1.165 1.159 1.159 1.159 1.159 1.155 1.152 1.153 1.153 1.153 1.151 1.151 1.148 1.148 1.148 1.148 1.148 1.148 1.148 1.144 1.144 1.145 1.145 1.145 1.15 1.153 1.172 1.172 1.173 1.176 1.176 1.56 1.628 1.637 1.64 1.64 1.641 1.641 1.641 1.644 1.645 1.645 1.643 1.643 1.64 1.613 1.58 1.46 1.373 1.304 1.236 1.178 1.122 1.072 1.028 0.997 0.958 0.926 0.892 0.853 0.826 0.799 0.778 0.749 0.733 0.71 0.694 0.668 0.65 0.636 0.613 0.612 0.591 0.585 0.578 0.553 0.542 0.535 0.53 0.52 0.506 0.504 0.494 0.485 0.479 0.478 0.463 0.457 0.451 0.448 0.443 0.437 0.437 0.436 0.437 0.437 0.437 0.445 0.446 0.447 0.447 0.446 0.446 0.445 0.445 0.451 0.453 0.454 0.459 0.459 0.459 0.462 0.464 0.464 0.464 0.466 0.466 0.466 0.466 0.471 0.471 0.476 0.476 0.479 0.479 0.481 0.481 0.484 0.484 0.487 0.493 0.498 0.498 0.498 0.5 0.5 0.503 0.504 0.504 0.504 0.504 0.504 0.51 0.518 0.518 0.519 0.524 
1 1 1 1 1 1 1 1 1 1 1 1 1 1 1 1 1 1 1 1 1 1 1 1 1 1 1 1 1 1 1 1 1 1 1 1 1 1 1 1 1 1 1 1 1 1 1 1 1 1 1 1 1 1 1 1 1 1 1 1 1 1 1 1 1 1 1 1 1 1 1 1 1 1 1 1 1 1 1 1 1 1 1 1 1 1 1 1 1 1 1 1 1 1 1 1 1 1 1 1 1 1 1 1 1 1 1 1 1 1 1 1 1 1 1 1 1 1 1 1 1 1 1 1 1 1 1 1 1 1 1 1 1 1 1 1 1 1 1 1 1 1 1 1 1 1 1 1 1 1 1 1 1 1 1 1 1 1 1 1 1 1 1 1 1 1 1 1 1 1 1 1 1 1 1 1 1 1 1 1 1 1 1 1 1 1 1 1 1 1 1 1 1 1 1 1 1 1 1 1 1 1 1 1 1 1 1 1 1 1 1 1 1 1 1 1 1 1 1 1 1 1 1 1 1 1 1 1 1 1 1 1 1 1 1 1 1 1 1 1 1 1 1 1 1 1 1 1 1 1 1 1 1 1 1 1 1 1 1 1 1 1 1 1 1 1 1 1 1 1 1 1 1 1 1 1 1 1 1 1 1 1 1 1 1 1 1 1 1 1 1 1 1 1 1 1 1 1 1 1 1 1 1 1 1 1 1 1 1 1 1 1 1 1 1 1 1 1 1 1 1 1 1 1 1 1 1 1 1 1 1 1 1 1 1 1 1 1 1 1 1 1 1 1 1 1 1 1 1 1 1 1 1 1 1 1 1 1 1 1 1 1 1 1 1 1 1 1 1 1 1 1 1 1 1 1 1 1 1 1 1 1 1 1 1 1 1 1 1 1 1 1 1 1 1 1 1 1 1 1 1 1 1 1 1 1 1 1 1 1 1 1 1 1 1 1 1 1 1 1 1 1 1 1 1 1 1 1 1 1 1 1 1 1 1 1 1 1 1 1 1 1 1 1 1 1 1 1 1 1 1 1 1 1 1 1 1 1 1 1 1 1 1 1 1 1 1 1 1 1 1 1 1 1 1 1 1 1 1 1 1 1 1 1 1 1 1 1 1 1 1 1 1 1 1 1 1 1 1 1 1 1 1 1 1 1 1 1 1 1 1 1 1 1 1 1 1 1 1 1 1 1 1 1 1 1 1 1 1 1 1 1 1 1 1 1 1 1 1 1 1 1 1 1 1 1 1 1 1 1 1 1 1 1 1 1 1 1 1 1 1 1 1 1 1 1 1 1 1 1 1 1 1 1 1 1 1 1 1 1 1 1 1 1 1 1 1 1 1 1 1 1 1 1 1 1 1 1 1 1 1 1 1 1 1 1 1 1 1 1 1 1 1 1 1 1 1 1 1 1 1 1 1 1 1 1 1 1 1 1 1 1 1 1 1 1 1 1 1 1 1 1 1 1 1 1 1 1 1 1 1 1 1 1 1 1 1 1 1 1 1 1 1 1 1 1 1 1 1 1 1 1 1 1 1 1 1 1 1 1 1 1 
