# This file contains a 2D laser scan observation. 
# Its format is: 
# [aperture] [max_range] [number_of_scans] 
# [vector_of_scans] 
# [vector_of_valid_scans] 
# The aperture of the sensor is in radians, the maximum range 
# and measurements are in meters. '1' means a valid scan, '0' otherwise.
4.1847
5.6
682
0.581 0.581 0.58 0.58 0.58 0.585 0.583 0.583 0.585 0.583 0.582 0.582 0.582 0.582 0.583 0.585 0.587 0.587 0.587 0.587 0.587 0.587 0.585 0.587 0.587 0.586 0.586 0.586 0.586 0.582 0.582 0.582 0.58 0.58 0.58 0.581 0.581 0.581 0.581 0.582 0.582 0.582 0.585 0.584 0.585 0.584 0.584 0.584 0.588 0.587 0.588 0.588 0.587 0.584 0.584 0.584 0.584 0.585 0.588 0.588 0.588 0.588 0.587 0.587 0.589 0.589 0.587 0.589 0.59 0.595 0.595 0.596 0.596 0.596 0.596 0.598 0.599 0.601 0.601 0.601 0.601 0.601 0.601 0.608 0.608 0.608 0.609 0.609 0.61 0.609 0.609 0.61 0.615 0.615 0.615 0.618 0.621 0.622 0.621 0.622 0.625 0.626 0.625 0.63 0.634 0.636 0.635 0.636 0.638 0.641 0.642 0.646 0.646 0.648 0.649 0.649 0.649 0.649 0.649 0.648 0.648 0.656 0.658 0.658 0.659 0.661 0.659 0.661 0.661 0.661 0.671 0.677 0.678 0.678 0.679 0.679 0.679 0.679 0.687 0.688 0.688 0.688 0.692 0.692 0.695 0.697 0.697 0.701 0.702 0.704 0.707 0.712 0.714 0.719 0.722 0.724 0.725 0.726 0.728 0.734 0.74 0.747 0.747 0.761 0.77 0.776 0.792 0.802 0.802 0.804 0.805 0.811 0.821 0.841 0.846 0.847 0.848 0.864 0.865 0.873 0.873 0.891 0.891 0.893 0.897 0.9 0.908 0.911 0.911 0.915 0.92 0.92 0.92 0.926 0.926 0.936 0.942 0.947 0.955 0.97 0.976 0.993 1.01 1.026 1.057 1.078 1.094 1.101 1.111 1.117 1.122 1.125 1.122 1.122 1.117 1.098 1.098 1.097 1.097 1.09 1.09 1.09 1.09 1.09 1.09 1.094 1.92 1.931 1.931 1.931 1.929 1.917 1.917 1.917 1.917 1.915 1.912 1.898 1.894 1.893 1.884 1.88 1.877 1.876 1.869 1.866 1.863 1.862 1.858 1.856 1.847 1.842 1.841 1.839 1.834 1.832 1.831 1.83 1.829 1.829 1.826 1.823 1.823 1.821 1.812 1.809 1.809 1.809 1.806 1.806 1.808 1.806 1.808 1.809 1.809 1.806 1.805 1.802 1.8 1.799 1.799 1.801 1.799 1.799 1.801 1.799 1.799 1.799 1.799 1.798 1.799 1.799 1.801 1.799 1.801 1.8 1.802 1.803 1.804 1.804 1.805 1.81 1.81 1.81 1.81 1.81 1.814 1.814 1.814 1.818 1.818 1.819 1.819 1.819 1.819 1.822 1.823 1.825 1.823 1.825 1.825 1.835 1.847 1.85 1.85 2.501 2.503 2.508 2.508 2.513 2.513 2.518 2.521 2.537 2.537 2.537 2.538 2.542 2.546 2.553 2.554 2.564 2.564 2.568 2.568 2.564 1.992 1.959 1.956 1.945 1.934 1.914 1.889 1.887 1.887 1.889 1.907 1.907 1.907 1.899 1.894 1.893 1.887 1.845 1.779 1.75 1.75 1.748 1.746 1.669 1.585 1.582 1.581 1.575 1.575 1.489 1.456 1.444 1.389 1.372 1.345 1.342 1.336 1.336 1.329 1.328 1.323 1.322 1.315 1.315 1.248 1.248 1.246 1.246 1.249 1.249 1.246 1.192 1.184 1.182 1.182 1.169 1.163 1.145 1.145 1.145 1.145 1.145 1.078 1.045 1.041 1.041 1.041 1.049 1.055 1.08 1.083 1.084 1.087 1.123 1.133 1.133 1.133 1.113 1.086 1.02 0.987 0.987 0.979 0.978 0.978 0.978 0.973 0.973 0.971 0.97 0.838 0.768 0.752 0.746 0.74 0.738 0.735 0.735 0.734 0.732 0.732 0.734 0.735 0.737 0.738 0.751 0.796 0.797 0.797 0.799 0.799 0.792 0.788 0.696 0.43 0.423 0.416 0.412 0.412 0.41 0.409 0.409 0.409 0.399 0.396 0.391 0.377 0.368 0.362 0.362 0.362 0.36 0.36 0.359 0.357 0.355 0.354 0.353 0.354 0.354 0.353 0.353 0.353 0.351 0.351 0.351 0.351 0.344 0.344 0.344 0.344 0.344 0.344 0.344 0.344 0.342 0.342 0.342 0.342 0.344 0.344 0.348 0.344 0.34 0.339 0.34 0.339 0.337 0.334 0.333 0.333 0.332 0.333 0.338 0.338 0.329 0.325 0.314 0.306 0.3 0.293 0.293 0.298 0.298 0.306 0.306 0.307 0.306 0.297 0.297 0.297 0.297 0.296 0.296 0.295 0.293 0.296 0.296 0.299 0.299 0.309 0.309 0.299 0.299 0.299 0.299 0.314 0.347 0.347 0.347 0.347 0.347 0.345 0.344 0.344 0.344 0.344 0.343 0.343 0.343 0.345 0.345 0.347 0.345 0.343 0.338 0.338 0.338 0.342 0.344 0.344 0.344 0.343 0.343 0.343 0.339 0.339 0.341 0.34 0.34 0.341 0.34 0.34 0.34 0.341 0.341 0.341 0.336 0.341 0.341 0.341 0.344 0.348 0.349 0.349 0.351 0.351 0.351 0.351 0.35 0.349 0.349 0.349 0.354 0.354 0.354 0.354 0.357 0.357 0.357 0.357 0.357 0.359 0.359 0.36 0.364 0.367 0.368 0.369 0.369 0.37 0.37 0.37 0.371 0.378 0.379 0.378 0.374 0.377 0.374 0.374 0.377 0.382 0.383 0.383 0.384 0.385 0.386 0.387 0.392 0.395 0.395 0.398 0.395 0.398 0.402 0.409 0.41 0.41 0.41 0.41 0.411 0.413 0.418 0.419 0.419 0.419 0.42 0.426 0.428 0.429 0.431 0.433 0.434 0.434 0.434 0.436 0.438 0.441 0.445 0.447 0.45 0.456 0.459 0.459 0.463 
1 1 1 1 1 1 1 1 1 1 1 1 1 1 1 1 1 1 1 1 1 1 1 1 1 1 1 1 1 1 1 1 1 1 1 1 1 1 1 1 1 1 1 1 1 1 1 1 1 1 1 1 1 1 1 1 1 1 1 1 1 1 1 1 1 1 1 1 1 1 1 1 1 1 1 1 1 1 1 1 1 1 1 1 1 1 1 1 1 1 1 1 1 1 1 1 1 1 1 1 1 1 1 1 1 1 1 1 1 1 1 1 1 1 1 1 1 1 1 1 1 1 1 1 1 1 1 1 1 1 1 1 1 1 1 1 1 1 1 1 1 1 1 1 1 1 1 1 1 1 1 1 1 1 1 1 1 1 1 1 1 1 1 1 1 1 1 1 1 1 1 1 1 1 1 1 1 1 1 1 1 1 1 1 1 1 1 1 1 1 1 1 1 1 1 1 1 1 1 1 1 1 1 1 1 1 1 1 1 1 1 1 1 1 1 1 1 1 1 1 1 1 1 1 1 1 1 1 1 1 1 1 1 1 1 1 1 1 1 1 1 1 1 1 1 1 1 1 1 1 1 1 1 1 1 1 1 1 1 1 1 1 1 1 1 1 1 1 1 1 1 1 1 1 1 1 1 1 1 1 1 1 1 1 1 1 1 1 1 1 1 1 1 1 1 1 1 1 1 1 1 1 1 1 1 1 1 1 1 1 1 1 1 1 1 1 1 1 1 1 1 1 1 1 1 1 1 1 1 1 1 1 1 1 1 1 1 1 1 1 1 1 1 1 1 1 1 1 1 1 1 1 1 1 1 1 1 1 1 1 1 1 1 1 1 1 1 1 1 1 1 1 1 1 1 1 1 1 1 1 1 1 1 1 1 1 1 1 1 1 1 1 1 1 1 1 1 1 1 1 1 1 1 1 1 1 1 1 1 1 1 1 1 1 1 1 1 1 1 1 1 1 1 1 1 1 1 1 1 1 1 1 1 1 1 1 1 1 1 1 1 1 1 1 1 1 1 1 1 1 1 1 1 1 1 1 1 1 1 1 1 1 1 1 1 1 1 1 1 1 1 1 1 1 1 1 1 1 1 1 1 1 1 1 1 1 1 1 1 1 1 1 1 1 1 1 1 1 1 1 1 1 1 1 1 1 1 1 1 1 1 1 1 1 1 1 1 1 1 1 1 1 1 1 1 1 1 1 1 1 1 1 1 1 1 1 1 1 1 1 1 1 1 1 1 1 1 1 1 1 1 1 1 1 1 1 1 1 1 1 1 1 1 1 1 1 1 1 1 1 1 1 1 1 1 1 1 1 1 1 1 1 1 1 1 1 1 1 1 1 1 1 1 1 1 1 1 1 1 1 1 1 1 1 1 1 1 1 1 1 1 1 1 1 1 1 1 1 1 1 1 1 1 1 1 1 1 1 1 1 1 1 1 1 1 1 1 1 1 1 1 1 1 1 1 1 1 1 1 1 1 1 1 1 1 1 1 1 1 1 1 1 1 1 1 1 1 1 1 1 1 1 1 1 1 1 1 1 1 1 1 1 
