# This file contains a 2D laser scan observation. 
# Its format is: 
# [aperture] [max_range] [number_of_scans] 
# [vector_of_scans] 
# [vector_of_valid_scans] 
# The aperture of the sensor is in radians, the maximum range 
# and measurements are in meters. '1' means a valid scan, '0' otherwise.
4.1847
5.6
682
0.612 0.612 0.613 0.615 0.613 0.613 0.613 0.608 0.608 0.606 0.609 0.606 0.604 0.604 0.602 0.599 0.599 0.602 0.599 0.598 0.602 0.597 0.597 0.597 0.599 0.596 0.595 0.597 0.594 0.594 0.594 0.593 0.593 0.593 0.593 0.594 0.594 0.589 0.594 0.589 0.588 0.587 0.587 0.587 0.587 0.587 0.587 0.588 0.588 0.588 0.586 0.585 0.585 0.585 0.587 0.587 0.592 0.592 0.592 0.595 0.596 0.596 0.595 0.591 0.591 0.591 0.591 0.592 0.592 0.586 0.586 0.591 0.591 0.591 0.591 0.594 0.594 0.593 0.593 0.597 0.597 0.597 0.597 0.597 0.599 0.599 0.599 0.603 0.603 0.608 0.608 0.61 0.612 0.612 0.609 0.611 0.611 0.611 0.613 0.613 0.614 0.614 0.619 0.621 0.621 0.619 0.625 0.616 0.616 0.621 0.627 0.627 0.628 0.628 0.628 0.628 0.628 0.628 0.63 0.632 0.633 0.633 0.636 0.636 0.635 0.635 0.636 0.638 0.638 0.639 0.639 0.643 0.644 0.647 0.649 0.649 0.647 0.647 0.654 0.654 0.657 0.658 0.658 0.658 0.66 0.662 0.664 0.67 0.67 0.673 0.674 0.675 0.685 0.686 0.687 0.688 0.697 0.697 0.708 0.709 0.71 0.717 0.725 0.731 0.732 0.742 0.745 0.748 0.755 0.762 0.764 0.775 0.784 0.787 0.789 0.797 0.799 0.804 0.81 0.814 0.815 0.815 0.828 0.829 0.829 0.836 0.836 0.837 0.841 0.851 0.852 0.852 0.856 0.863 0.864 0.865 0.866 0.866 0.866 0.874 0.885 0.887 0.904 0.908 0.909 0.933 0.936 0.943 0.976 0.989 1.001 1.003 1.022 1.031 1.044 1.044 1.044 1.039 1.033 1.03 1.018 1.015 1.015 1.012 1.008 1.008 1.007 1.008 1.008 1.005 1.005 1.009 1.858 1.861 1.861 1.858 1.854 1.851 1.844 1.838 1.835 1.827 1.827 1.827 1.824 1.824 1.822 1.801 1.798 1.795 1.788 1.783 1.783 1.783 1.776 1.77 1.766 1.765 1.763 1.759 1.756 1.755 1.745 1.745 1.74 1.739 1.739 1.738 1.736 1.736 1.735 1.733 1.727 1.725 1.721 1.721 1.721 1.716 1.716 1.713 1.713 1.712 1.712 1.711 1.711 1.706 1.706 1.704 1.704 1.7 1.7 1.7 1.706 1.701 1.706 1.707 1.709 1.71 1.722 1.728 1.728 1.728 1.728 1.718 1.716 1.7 1.698 1.697 1.697 1.699 1.697 1.695 1.694 1.694 1.692 1.694 1.694 1.695 1.695 1.699 1.701 1.705 1.709 1.709 1.707 1.707 1.707 1.707 1.707 1.707 1.715 1.717 1.718 1.718 1.718 1.721 1.737 1.74 1.749 1.754 2.364 2.4 2.404 2.405 2.408 2.419 2.421 2.428 2.431 2.435 2.44 2.442 2.442 2.456 2.46 2.463 2.463 2.465 2.475 2.475 2.476 2.476 1.89 1.858 1.846 1.845 1.84 1.797 1.796 1.794 1.794 1.794 1.798 1.805 1.805 1.811 1.805 1.791 1.791 1.791 1.74 1.674 1.659 1.656 1.655 1.651 1.651 1.497 1.491 1.487 1.479 1.474 1.47 1.452 1.366 1.359 1.341 1.297 1.292 1.283 1.261 1.252 1.244 1.243 1.242 1.237 1.235 1.233 1.233 1.225 1.183 1.157 1.154 1.154 1.154 1.159 1.159 1.159 1.136 1.103 1.097 1.094 1.089 1.073 1.073 1.062 1.062 1.062 1.059 1.059 1.056 1.055 0.977 0.962 0.957 0.957 0.962 0.966 0.971 0.989 1 1.009 1.013 1.039 1.048 1.053 1.053 1.053 1.032 0.991 0.965 0.921 0.914 0.906 0.906 0.907 0.907 0.907 0.907 0.905 0.905 0.905 0.905 0.905 0.904 0.783 0.766 0.707 0.694 0.682 0.682 0.682 0.682 0.682 0.682 0.679 0.677 0.669 0.665 0.665 0.665 0.666 0.675 0.676 0.721 0.737 0.737 0.741 0.737 0.737 0.737 0.731 0.711 0.711 0.71 0.707 0.711 0.721 0.75 0.783 0.793 0.795 0.795 0.795 0.729 0.7 0.699 0.697 0.696 0.696 0.694 0.687 0.675 0.66 0.408 0.362 0.359 0.357 0.356 0.356 0.356 0.358 0.358 0.359 0.359 0.357 0.354 0.353 0.349 0.349 0.347 0.34 0.323 0.323 0.323 0.323 0.323 0.323 0.323 0.323 0.327 0.327 0.323 0.323 0.323 0.323 0.317 0.323 0.317 0.323 0.323 0.324 0.328 0.333 0.334 0.336 0.336 0.337 0.342 0.347 0.353 0.357 0.36 0.36 0.36 0.357 0.354 0.354 0.351 0.348 0.334 0.332 0.332 0.332 0.332 0.333 0.333 0.333 0.326 0.326 0.326 0.328 0.329 0.329 0.329 0.329 0.325 0.323 0.322 0.32 0.309 0.309 0.305 0.288 0.284 0.284 0.284 0.289 0.291 0.292 0.292 0.292 0.293 0.293 0.293 0.294 0.294 0.294 0.297 0.299 0.297 0.294 0.297 0.291 0.291 0.302 0.302 0.302 0.303 0.304 0.304 0.33 0.348 0.35 0.348 0.348 0.345 0.344 0.344 0.344 0.347 0.348 0.349 0.349 0.352 0.353 0.354 0.355 0.355 0.357 0.357 0.357 0.357 0.357 0.357 0.358 0.358 0.361 0.369 0.369 0.367 0.371 0.368 0.368 0.372 0.375 0.374 0.375 0.38 0.38 0.384 0.384 0.384 0.384 0.384 0.383 0.383 0.39 0.389 0.39 0.396 0.399 0.405 0.407 0.407 0.407 0.407 0.407 0.407 0.408 0.412 0.417 
1 1 1 1 1 1 1 1 1 1 1 1 1 1 1 1 1 1 1 1 1 1 1 1 1 1 1 1 1 1 1 1 1 1 1 1 1 1 1 1 1 1 1 1 1 1 1 1 1 1 1 1 1 1 1 1 1 1 1 1 1 1 1 1 1 1 1 1 1 1 1 1 1 1 1 1 1 1 1 1 1 1 1 1 1 1 1 1 1 1 1 1 1 1 1 1 1 1 1 1 1 1 1 1 1 1 1 1 1 1 1 1 1 1 1 1 1 1 1 1 1 1 1 1 1 1 1 1 1 1 1 1 1 1 1 1 1 1 1 1 1 1 1 1 1 1 1 1 1 1 1 1 1 1 1 1 1 1 1 1 1 1 1 1 1 1 1 1 1 1 1 1 1 1 1 1 1 1 1 1 1 1 1 1 1 1 1 1 1 1 1 1 1 1 1 1 1 1 1 1 1 1 1 1 1 1 1 1 1 1 1 1 1 1 1 1 1 1 1 1 1 1 1 1 1 1 1 1 1 1 1 1 1 1 1 1 1 1 1 1 1 1 1 1 1 1 1 1 1 1 1 1 1 1 1 1 1 1 1 1 1 1 1 1 1 1 1 1 1 1 1 1 1 1 1 1 1 1 1 1 1 1 1 1 1 1 1 1 1 1 1 1 1 1 1 1 1 1 1 1 1 1 1 1 1 1 1 1 1 1 1 1 1 1 1 1 1 1 1 1 1 1 1 1 1 1 1 1 1 1 1 1 1 1 1 1 1 1 1 1 1 1 1 1 1 1 1 1 1 1 1 1 1 1 1 1 1 1 1 1 1 1 1 1 1 1 1 1 1 1 1 1 1 1 1 1 1 1 1 1 1 1 1 1 1 1 1 1 1 1 1 1 1 1 1 1 1 1 1 1 1 1 1 1 1 1 1 1 1 1 1 1 1 1 1 1 1 1 1 1 1 1 1 1 1 1 1 1 1 1 1 1 1 1 1 1 1 1 1 1 1 1 1 1 1 1 1 1 1 1 1 1 1 1 1 1 1 1 1 1 1 1 1 1 1 1 1 1 1 1 1 1 1 1 1 1 1 1 1 1 1 1 1 1 1 1 1 1 1 1 1 1 1 1 1 1 1 1 1 1 1 1 1 1 1 1 1 1 1 1 1 1 1 1 1 1 1 1 1 1 1 1 1 1 1 1 1 1 1 1 1 1 1 1 1 1 1 1 1 1 1 1 1 1 1 1 1 1 1 1 1 1 1 1 1 1 1 1 1 1 1 1 1 1 1 1 1 1 1 1 1 1 1 1 1 1 1 1 1 1 1 1 1 1 1 1 1 1 1 1 1 1 1 1 1 1 1 1 1 1 1 1 1 1 1 1 1 1 1 1 1 1 1 1 1 1 1 1 1 1 1 1 1 1 1 1 1 1 1 1 1 1 1 1 1 1 1 1 1 1 1 1 1 1 1 1 1 1 1 1 1 1 1 1 1 1 1 1 1 1 1 1 1 1 1 1 1 1 1 1 1 1 1 1 1 1 1 1 1 1 1 1 
