# This file contains a 2D laser scan observation. 
# Its format is: 
# [aperture] [max_range] [number_of_scans] 
# [vector_of_scans] 
# [vector_of_valid_scans] 
# The aperture of the sensor is in radians, the maximum range 
# and measurements are in meters. '1' means a valid scan, '0' otherwise.
4.1847
5.6
682
0.735 0.733 0.732 0.731 0.723 0.72 0.72 0.72 0.72 0.719 0.711 0.711 0.711 0.711 0.711 0.711 0.707 0.706 0.705 0.705 0.704 0.705 0.702 0.705 0.702 0.702 0.702 0.702 0.697 0.697 0.697 0.697 0.697 0.697 0.697 0.697 0.695 0.695 0.691 0.693 0.693 0.69 0.688 0.608 0.587 0.566 0.566 0.569 0.569 0.569 0.569 0.569 0.569 0.568 0.566 0.568 0.568 0.623 0.714 0.715 0.719 0.719 0.719 0.719 0.719 0.716 0.716 0.722 0.723 0.722 0.722 0.723 0.725 0.725 0.734 0.737 0.738 1.391 1.5 1.78 1.78 2.157 2.157 2.157 2.158 2.155 2.155 2.16 2.162 2.177 2.208 2.269 2.275 2.276 2.28 2.288 2.288 2.288 2.288 2.289 2.289 2.29 2.289 2.284 2.279 2.279 2.279 2.281 2.282 2.282 2.284 2.285 2.29 2.293 2.298 2.306 2.698 2.703 2.703 2.703 2.705 2.709 2.709 2.713 2.718 2.723 2.724 2.725 2.73 2.737 2.738 2.741 2.743 0 0 0 0 0 0 0.007 2.042 1.974 1.931 1.888 1.857 1.819 1.795 1.76 1.744 1.71 1.676 1.645 1.615 1.589 1.548 1.527 1.51 1.498 1.484 1.453 1.435 1.414 1.401 1.393 1.393 1.384 1.384 1.338 1.33 1.301 1.292 1.278 1.269 1.255 1.244 1.243 1.224 1.208 1.2 1.197 1.184 1.176 1.176 1.142 1.142 1.137 1.122 1.115 1.104 1.097 1.08 1.076 1.068 1.066 1.053 1.051 1.046 1.031 1.03 1.024 1.005 1.004 1.004 0.995 0.991 0.986 0.986 0.983 0.953 0.95 0.943 0.933 0.931 0.924 0.916 0.912 0.908 0.898 0.896 0.888 0.883 0.883 0.878 0.868 0.863 0.859 0.855 0.854 0.847 0.844 0.843 0.837 0.835 0.829 0.827 0.825 0.819 0.817 0.815 0.809 0.804 0.803 0.802 0.796 0.792 0.791 0.787 0.787 0.787 0.783 0.772 0.767 0.765 0.764 0.764 0.761 0.756 0.751 0.751 0.75 0.75 0.745 0.743 0.741 0.738 0.738 0.738 0.738 0.736 0.739 0.739 0.736 0.735 0.73 0.73 0.727 0.724 0.722 0.722 0.72 0.722 0.719 0.716 0.715 0.715 0.713 0.713 0.713 0.709 0.705 0.705 0.704 0.704 0.704 0.704 0.704 0.698 0.698 0.698 0.698 0.698 0.696 0.693 0.692 0.691 0.688 0.691 0.691 0.691 0.691 0.691 0.69 0.69 0.692 0.688 0.688 0.69 0.69 0.688 0.686 0.677 0.677 0.677 0.674 0.674 0.674 0.668 0.668 0.667 0.666 0.664 0.664 0.666 0.668 0.669 0.671 0.674 0.678 0.678 0.68 0.68 0.681 0.681 0.681 0.681 0.681 0.681 0.68 0.681 0.68 0.68 0.68 0.682 0.678 0.674 0.686 0.682 0.678 0.682 0.682 0.679 0.679 0.681 0.681 0.681 0.685 0.682 0.684 0.682 0.682 0.682 0.684 0.68 0.68 0.684 0.684 0.683 0.685 0.686 0.687 0.687 0.687 0.688 0.693 0.693 0.7 0.7 0.702 0.702 0.702 0.701 0.704 0.701 0.701 0.709 0.709 0.697 0.697 0.697 0.697 0.705 0.705 0.708 0.71 0.739 0.739 0.739 0.739 0.739 0.746 0.751 1.404 1.412 1.42 1.42 1.422 1.424 1.438 1.444 1.444 1.45 1.458 1.462 1.462 1.468 1.474 1.479 1.479 1.474 1.47 1.442 1.428 1.409 1.399 1.374 1.37 1.347 1.331 1.317 1.312 1.306 1.286 1.27 1.036 1.008 0.982 0.978 0.972 0.969 0.928 0.921 0.921 0.921 0.92 0.898 0.895 0.895 0.896 0.896 0.896 0.896 0.891 0.891 0.89 0.886 0.873 0.867 0.864 0.858 0.855 0.854 0.854 0.855 0.858 0.861 0.866 0.869 0.876 0.887 0.895 0.897 0.897 0.897 0.895 0.897 0.898 0.898 0.899 0.899 0.896 0.895 0.895 0.895 0.893 0.885 0.885 0.881 0.866 0.844 0.842 0.833 0.828 0.815 0.815 0.814 0.807 0.805 0.805 0.805 0.805 0.805 0.811 0.817 0.819 0.82 0.82 0.82 0.82 0.82 0.82 0.82 0.816 0.81 0.806 0.799 0.793 0.786 0.767 0.765 0.765 0.764 0.76 0.748 0.719 0.719 0.716 0.716 0.708 0.707 0.708 0.707 0.707 0.708 0.712 0.716 0.722 0.723 0.725 0.736 0.741 0.745 0.751 0.766 0.772 0.781 0.783 0.783 0.781 0.775 0.748 0.73 0.717 0.681 0.67 0.668 0.667 0.668 0.67 0.667 0.667 0.672 0.674 0.669 0.669 0.669 0.662 0.652 0.644 0.639 0.638 0.634 0.634 0.633 0.633 0.634 0.634 0.632 0.634 0.644 0.646 0.647 0.655 0.67 0.674 0.674 0.674 0.674 0.669 0.652 0.629 0.629 0.629 0.631 0.689 0.689 0.689 0.643 0.643 0.643 0.643 0.641 0.645 0.654 0.668 0.709 0.723 0.723 0.723 0.723 0.714 0.714 0.713 0.713 0.71 0.667 0.665 0.656 0.647 0.646 0.643 0.646 0.645 0.645 0.646 0.649 0.65 0.673 0.756 0.756 0.756 0.752 0.741 0.741 0.698 0.672 0.67 0.67 0.67 0.67 0.67 0.67 0.672 0.672 0.673 0.674 0.686 0.687 0.691 0.695 0.695 0.695 0.698 0.696 0.696 0.696 0.702 0.709 0.712 0.725 0.73 0.73 0.73 0.728 0.725 0.725 0.725 0.722 0.72 0.721 0.72 0.719 0.716 
1 1 1 1 1 1 1 1 1 1 1 1 1 1 1 1 1 1 1 1 1 1 1 1 1 1 1 1 1 1 1 1 1 1 1 1 1 1 1 1 1 1 1 1 1 1 1 1 1 1 1 1 1 1 1 1 1 1 1 1 1 1 1 1 1 1 1 1 1 1 1 1 1 1 1 1 1 1 1 1 1 1 1 1 1 1 1 1 1 1 1 1 1 1 1 1 1 1 1 1 1 1 1 1 1 1 1 1 1 1 1 1 1 1 1 1 1 1 1 1 1 1 1 1 1 1 1 1 1 1 1 1 1 0 0 0 0 0 0 0 1 1 1 1 1 1 1 1 1 1 1 1 1 1 1 1 1 1 1 1 1 1 1 1 1 1 1 1 1 1 1 1 1 1 1 1 1 1 1 1 1 1 1 1 1 1 1 1 1 1 1 1 1 1 1 1 1 1 1 1 1 1 1 1 1 1 1 1 1 1 1 1 1 1 1 1 1 1 1 1 1 1 1 1 1 1 1 1 1 1 1 1 1 1 1 1 1 1 1 1 1 1 1 1 1 1 1 1 1 1 1 1 1 1 1 1 1 1 1 1 1 1 1 1 1 1 1 1 1 1 1 1 1 1 1 1 1 1 1 1 1 1 1 1 1 1 1 1 1 1 1 1 1 1 1 1 1 1 1 1 1 1 1 1 1 1 1 1 1 1 1 1 1 1 1 1 1 1 1 1 1 1 1 1 1 1 1 1 1 1 1 1 1 1 1 1 1 1 1 1 1 1 1 1 1 1 1 1 1 1 1 1 1 1 1 1 1 1 1 1 1 1 1 1 1 1 1 1 1 1 1 1 1 1 1 1 1 1 1 1 1 1 1 1 1 1 1 1 1 1 1 1 1 1 1 1 1 1 1 1 1 1 1 1 1 1 1 1 1 1 1 1 1 1 1 1 1 1 1 1 1 1 1 1 1 1 1 1 1 1 1 1 1 1 1 1 1 1 1 1 1 1 1 1 1 1 1 1 1 1 1 1 1 1 1 1 1 1 1 1 1 1 1 1 1 1 1 1 1 1 1 1 1 1 1 1 1 1 1 1 1 1 1 1 1 1 1 1 1 1 1 1 1 1 1 1 1 1 1 1 1 1 1 1 1 1 1 1 1 1 1 1 1 1 1 1 1 1 1 1 1 1 1 1 1 1 1 1 1 1 1 1 1 1 1 1 1 1 1 1 1 1 1 1 1 1 1 1 1 1 1 1 1 1 1 1 1 1 1 1 1 1 1 1 1 1 1 1 1 1 1 1 1 1 1 1 1 1 1 1 1 1 1 1 1 1 1 1 1 1 1 1 1 1 1 1 1 1 1 1 1 1 1 1 1 1 1 1 1 1 1 1 1 1 1 1 1 1 1 1 1 1 1 1 1 1 1 1 1 1 1 1 1 1 1 1 1 1 1 1 1 1 1 1 1 1 1 1 1 1 1 1 1 1 1 1 1 1 1 1 1 1 1 1 1 1 1 1 1 1 1 1 1 1 1 1 1 1 1 1 1 1 
