# This file contains a 2D laser scan observation. 
# Its format is: 
# [aperture] [max_range] [number_of_scans] 
# [vector_of_scans] 
# [vector_of_valid_scans] 
# The aperture of the sensor is in radians, the maximum range 
# and measurements are in meters. '1' means a valid scan, '0' otherwise.
4.1847
5.6
682
1.408 1.408 1.39 1.361 1.344 1.321 1.299 1.27 1.255 1.23 1.212 1.178 1.163 1.151 1.13 1.115 1.101 1.09 1.08 1.05 1.036 1.018 0.995 0.962 0.944 0.922 0.904 0.902 0.886 0.884 0.881 0.873 0.866 0.864 0.854 0.844 0.837 0.837 0.836 0.835 0.831 0.82 0.813 0.809 0.806 0.804 0.793 0.79 0.785 0.782 0.781 0.778 0.773 0.763 0.749 0.747 0.742 0.741 0.715 0.711 0.701 0.698 0.689 0.666 0.66 0.655 0.647 0.644 0.64 0.64 0.635 0.628 0.625 0.624 0.624 0.614 0.614 0.613 0.612 0.614 0.612 0.603 0.603 0.599 0.596 0.596 0.595 0.596 0.598 0.598 0.59 0.596 0.593 0.59 0.581 0.584 0.58 0.579 0.572 0.451 0.45 0.44 0.44 0.44 0.44 0.44 0.441 0.443 0.445 0.441 0.441 0.445 0.445 0.445 0.445 0.445 0.448 0.448 0.457 0.507 0.539 0.542 0.547 0.553 0.556 0.557 0.557 0.558 0.563 0.566 0.566 0.571 0.571 0.571 0.571 0.571 0.57 0.57 0.57 0.57 0.57 0.569 0.563 0.563 0.563 0.563 0.563 0.563 0.566 0.566 0.567 0.568 0.568 0.572 0.573 0.576 0.58 0.695 0.733 0.744 0.746 0.748 0.749 0.82 0.846 0.864 0.876 0.881 0.888 0.91 0.92 0.961 1 1.027 1.057 1.073 1.117 1.166 1.192 1.226 1.254 1.288 1.335 1.41 1.486 1.55 1.756 1.932 1.97 1.985 1.985 1.985 1.98 1.977 1.973 1.973 1.973 1.977 1.992 2.021 2.085 2.085 2.085 2.084 2.082 2.079 2.082 2.082 2.082 2.082 2.083 2.084 2.084 2.084 2.091 2.097 2.099 2.104 2.104 2.099 2.097 2.091 2.086 2.086 2.086 2.086 2.088 2.092 2.123 2.49 2.49 2.495 2.495 2.499 2.504 2.505 2.507 2.509 2.514 2.514 2.518 2.522 2.522 2.524 2.527 2.543 2.543 0 0.007 0 0 0 0 1.978 1.852 1.773 1.719 1.678 1.637 1.6 1.58 1.569 1.52 1.499 1.465 1.439 1.399 1.384 1.363 1.349 1.316 1.313 1.292 1.28 1.246 1.214 1.202 1.196 1.194 1.194 1.188 1.18 1.177 1.177 1.13 1.12 1.104 1.089 1.085 1.074 1.062 1.061 1.047 1.043 1.037 1.016 1.014 1.003 0.993 0.98 0.975 0.975 0.963 0.949 0.946 0.934 0.929 0.926 0.922 0.913 0.896 0.881 0.872 0.869 0.869 0.857 0.853 0.847 0.841 0.825 0.821 0.819 0.813 0.808 0.799 0.795 0.788 0.778 0.777 0.777 0.777 0.784 0.784 0.784 0.779 0.772 0.752 0.74 0.736 0.733 0.731 0.726 0.72 0.72 0.716 0.716 0.709 0.7 0.699 0.695 0.695 0.695 0.691 0.687 0.686 0.686 0.681 0.679 0.677 0.672 0.672 0.669 0.669 0.667 0.665 0.663 0.657 0.649 0.647 0.644 0.642 0.64 0.634 0.634 0.634 0.632 0.63 0.628 0.627 0.625 0.622 0.617 0.613 0.608 0.606 0.603 0.602 0.598 0.598 0.595 0.595 0.587 0.587 0.587 0.586 0.586 0.589 0.586 0.586 0.585 0.58 0.574 0.57 0.57 0.57 0.57 0.57 0.57 0.572 0.569 0.569 0.569 0.569 0.569 0.569 0.569 0.569 0.568 0.568 0.568 0.568 0.569 0.569 0.559 0.566 0.561 0.559 0.56 0.561 0.561 0.561 0.562 0.562 0.561 0.561 0.561 0.559 0.555 0.555 0.555 0.559 0.556 0.559 0.56 0.56 0.563 0.563 0.566 0.565 0.563 0.565 0.568 0.568 0.573 0.575 0.587 0.587 0.588 0.596 0.603 0.604 0.614 0.614 0.614 0.614 0.608 0.603 0.601 0.593 0.58 0.578 0.575 0.567 0.567 0.567 0.565 0.565 0.565 0.56 0.56 0.558 0.558 0.558 0.56 0.558 0.556 0.554 0.554 0.554 0.558 0.558 0.558 0.555 0.555 0.555 0.555 0.556 0.559 0.56 0.561 0.561 0.565 0.565 0.566 0.567 0.567 0.567 0.568 0.568 0.569 0.57 0.571 0.57 0.57 0.572 0.572 0.572 0.572 0.574 0.575 0.575 0.575 0.576 0.575 0.576 0.58 0.583 0.588 0.589 0.589 0.589 0.59 0.591 0.591 0.591 0.601 0.602 0.601 0.602 0.602 0.604 0.611 0.612 0.613 0.613 0.612 0.612 0.611 0.611 0.616 0.617 0.624 0.627 0.63 0.63 0.631 0.636 0.64 0.64 0.64 0.644 0.648 0.65 0.651 0.654 0.656 0.663 0.663 0.664 0.669 0.669 0.67 0.679 0.681 0.681 0.686 0.715 0.73 0.732 0.734 0.743 1.352 1.352 1.352 1.347 1.337 1.329 1.326 1.309 1.308 1.291 1.282 1.282 1.278 1.263 1.186 1.072 1.068 1.054 1.028 1.017 1.017 1.016 1.016 1.014 0.982 0.964 0.964 0.964 0.963 0.963 0.948 0.946 0.941 0.941 0.948 0.951 0.951 0.951 0.953 0.952 0.951 0.951 0.926 0.926 0.925 0.923 0.92 0.92 0.92 0.925 0.929 0.94 0.946 0.958 0.972 0.976 0.98 0.98 0.984 0.985 0.986 0.986 0.988 0.988 0.986 0.983 0.988 0.983 0.983 0.983 0.961 0.95 0.949 0.94 0.938 0.933 0.925 0.917 0.913 0.917 0.912 0.912 0.918 0.921 0.928 0.928 0.933 0.941 0.941 0.944 0.944 0.943 0.942 0.942 0.936 0.929 0.921 0.914 0.911 0.907 0.9 
1 1 1 1 1 1 1 1 1 1 1 1 1 1 1 1 1 1 1 1 1 1 1 1 1 1 1 1 1 1 1 1 1 1 1 1 1 1 1 1 1 1 1 1 1 1 1 1 1 1 1 1 1 1 1 1 1 1 1 1 1 1 1 1 1 1 1 1 1 1 1 1 1 1 1 1 1 1 1 1 1 1 1 1 1 1 1 1 1 1 1 1 1 1 1 1 1 1 1 1 1 1 1 1 1 1 1 1 1 1 1 1 1 1 1 1 1 1 1 1 1 1 1 1 1 1 1 1 1 1 1 1 1 1 1 1 1 1 1 1 1 1 1 1 1 1 1 1 1 1 1 1 1 1 1 1 1 1 1 1 1 1 1 1 1 1 1 1 1 1 1 1 1 1 1 1 1 1 1 1 1 1 1 1 1 1 1 1 1 1 1 1 1 1 1 1 1 1 1 1 1 1 1 1 1 1 1 1 1 1 1 1 1 1 1 1 1 1 1 1 1 1 1 1 1 1 1 1 1 1 1 1 1 1 1 1 1 1 1 1 1 1 1 1 1 1 1 0 0 0 0 0 0 1 1 1 1 1 1 1 1 1 1 1 1 1 1 1 1 1 1 1 1 1 1 1 1 1 1 1 1 1 1 1 1 1 1 1 1 1 1 1 1 1 1 1 1 1 1 1 1 1 1 1 1 1 1 1 1 1 1 1 1 1 1 1 1 1 1 1 1 1 1 1 1 1 1 1 1 1 1 1 1 1 1 1 1 1 1 1 1 1 1 1 1 1 1 1 1 1 1 1 1 1 1 1 1 1 1 1 1 1 1 1 1 1 1 1 1 1 1 1 1 1 1 1 1 1 1 1 1 1 1 1 1 1 1 1 1 1 1 1 1 1 1 1 1 1 1 1 1 1 1 1 1 1 1 1 1 1 1 1 1 1 1 1 1 1 1 1 1 1 1 1 1 1 1 1 1 1 1 1 1 1 1 1 1 1 1 1 1 1 1 1 1 1 1 1 1 1 1 1 1 1 1 1 1 1 1 1 1 1 1 1 1 1 1 1 1 1 1 1 1 1 1 1 1 1 1 1 1 1 1 1 1 1 1 1 1 1 1 1 1 1 1 1 1 1 1 1 1 1 1 1 1 1 1 1 1 1 1 1 1 1 1 1 1 1 1 1 1 1 1 1 1 1 1 1 1 1 1 1 1 1 1 1 1 1 1 1 1 1 1 1 1 1 1 1 1 1 1 1 1 1 1 1 1 1 1 1 1 1 1 1 1 1 1 1 1 1 1 1 1 1 1 1 1 1 1 1 1 1 1 1 1 1 1 1 1 1 1 1 1 1 1 1 1 1 1 1 1 1 1 1 1 1 1 1 1 1 1 1 1 1 1 1 1 1 1 1 1 1 1 1 1 1 1 1 1 1 1 1 1 1 1 1 1 1 1 1 1 1 1 1 1 1 1 1 1 1 1 1 1 1 1 1 1 1 1 1 1 1 1 1 1 1 1 1 1 1 1 1 1 1 1 1 1 1 1 1 1 1 
