# This file contains a 2D laser scan observation. 
# Its format is: 
# [aperture] [max_range] [number_of_scans] 
# [vector_of_scans] 
# [vector_of_valid_scans] 
# The aperture of the sensor is in radians, the maximum range 
# and measurements are in meters. '1' means a valid scan, '0' otherwise.
4.1847
5.6
682
1.731 1.714 1.582 1.472 1.45 1.436 1.423 1.422 1.408 1.394 1.387 1.35 1.321 1.308 1.285 1.252 1.232 1.218 1.192 1.167 1.144 1.126 1.118 1.104 1.093 1.071 1.048 1.033 1 0.989 0.945 0.928 0.916 0.898 0.884 0.878 0.876 0.865 0.853 0.851 0.848 0.844 0.839 0.839 0.829 0.827 0.818 0.817 0.807 0.805 0.794 0.791 0.79 0.781 0.778 0.763 0.763 0.76 0.75 0.749 0.748 0.739 0.736 0.724 0.723 0.712 0.697 0.686 0.68 0.669 0.662 0.642 0.639 0.637 0.626 0.623 0.623 0.621 0.619 0.616 0.615 0.61 0.599 0.597 0.596 0.596 0.596 0.59 0.59 0.587 0.591 0.591 0.591 0.585 0.591 0.581 0.578 0.578 0.578 0.576 0.574 0.567 0.565 0.543 0.43 0.425 0.425 0.43 0.425 0.431 0.431 0.431 0.425 0.425 0.424 0.425 0.425 0.427 0.427 0.427 0.427 0.434 0.434 0.434 0.46 0.51 0.514 0.526 0.527 0.539 0.539 0.541 0.546 0.547 0.549 0.549 0.548 0.548 0.549 0.549 0.552 0.553 0.552 0.553 0.557 0.556 0.557 0.557 0.556 0.555 0.555 0.554 0.55 0.55 0.552 0.551 0.552 0.552 0.554 0.551 0.554 0.55 0.557 0.558 0.578 0.721 0.725 0.727 0.732 0.735 0.739 0.797 0.817 0.844 0.855 0.863 0.871 0.882 0.892 0.917 0.969 0.989 1.007 1.051 1.067 1.117 1.162 1.18 1.212 1.236 1.277 1.327 1.396 1.467 1.512 1.662 1.907 1.957 1.967 1.968 1.968 1.967 1.954 1.954 1.954 1.956 1.96 1.968 1.989 2.05 2.066 2.067 2.067 2.066 2.062 2.06 2.06 2.06 2.06 2.062 2.064 2.069 2.072 2.073 2.087 2.087 2.087 2.087 2.086 2.078 2.074 2.068 2.067 2.067 2.067 2.076 2.079 2.084 2.473 2.474 2.477 2.477 2.477 2.479 2.487 2.488 2.492 2.492 2.493 2.495 2.504 2.505 2.506 2.508 2.506 2.506 2.508 2.513 0 0 0 0 0.007 1.975 1.76 1.707 1.661 1.637 1.606 1.57 1.529 1.495 1.473 1.447 1.405 1.391 1.366 1.361 1.341 1.306 1.291 1.276 1.262 1.246 1.233 1.231 1.22 1.202 1.201 1.173 1.17 1.168 1.156 1.155 1.14 1.111 1.1 1.1 1.078 1.068 1.059 1.052 1.043 1.035 1.019 1.014 1.005 0.988 0.98 0.977 0.967 0.963 0.951 0.935 0.933 0.924 0.917 0.907 0.893 0.886 0.871 0.868 0.866 0.866 0.849 0.849 0.839 0.839 0.826 0.823 0.817 0.809 0.804 0.799 0.789 0.784 0.782 0.773 0.769 0.769 0.764 0.769 0.769 0.77 0.77 0.77 0.768 0.764 0.74 0.732 0.727 0.726 0.721 0.721 0.715 0.714 0.707 0.705 0.704 0.7 0.695 0.694 0.686 0.681 0.68 0.679 0.677 0.67 0.668 0.665 0.661 0.659 0.657 0.657 0.655 0.644 0.636 0.635 0.635 0.635 0.625 0.622 0.621 0.621 0.62 0.616 0.611 0.611 0.611 0.611 0.61 0.604 0.595 0.595 0.595 0.595 0.597 0.597 0.597 0.597 0.596 0.593 0.592 0.586 0.585 0.58 0.58 0.58 0.58 0.58 0.58 0.582 0.577 0.577 0.576 0.576 0.575 0.574 0.573 0.574 0.573 0.57 0.57 0.57 0.57 0.568 0.567 0.561 0.567 0.567 0.563 0.563 0.566 0.563 0.563 0.56 0.56 0.558 0.558 0.558 0.558 0.558 0.559 0.559 0.557 0.557 0.557 0.555 0.557 0.555 0.559 0.559 0.559 0.559 0.561 0.561 0.563 0.563 0.566 0.566 0.572 0.572 0.576 0.576 0.579 0.585 0.593 0.598 0.6 0.603 0.603 0.61 0.61 0.608 0.606 0.606 0.596 0.589 0.577 0.571 0.569 0.566 0.56 0.56 0.559 0.557 0.557 0.557 0.555 0.553 0.553 0.553 0.553 0.552 0.553 0.554 0.557 0.557 0.558 0.558 0.558 0.558 0.558 0.562 0.562 0.562 0.562 0.566 0.559 0.562 0.562 0.561 0.561 0.562 0.561 0.567 0.568 0.567 0.568 0.57 0.57 0.568 0.57 0.57 0.57 0.57 0.571 0.571 0.572 0.575 0.579 0.581 0.582 0.588 0.588 0.589 0.588 0.586 0.586 0.589 0.594 0.594 0.594 0.594 0.6 0.594 0.594 0.6 0.6 0.6 0.603 0.606 0.606 0.609 0.609 0.613 0.613 0.622 0.627 0.628 0.628 0.628 0.628 0.628 0.632 0.633 0.636 0.637 0.644 0.644 0.646 0.647 0.648 0.652 0.655 0.661 0.667 0.67 0.67 0.67 0.671 0.674 0.676 0.678 0.68 0.691 0.698 0.7 0.707 0.732 0.737 0.744 0.745 1.357 1.357 1.357 1.354 1.342 1.334 1.321 1.312 1.304 1.299 1.293 1.28 1.279 1.187 1.068 1.066 1.053 1.038 1.033 1.033 1.033 1.033 1.033 0.992 0.98 0.98 0.979 0.979 0.979 0.978 0.951 0.951 0.951 0.952 0.956 0.957 0.964 0.968 0.968 0.968 0.968 0.938 0.938 0.938 0.938 0.938 0.935 0.938 0.938 0.94 0.942 0.948 0.985 0.985 0.985 0.985 0.992 0.999 1.004 1.004 1.004 1.004 1 1 1.005 0.998 0.998 0.996 0.983 0.966 0.955 0.951 0.951 0.95 0.94 0.938 0.937 0.937 0.934 0.934 0.935 0.935 0.938 0.939 0.947 0.949 0.955 0.955 0.957 
1 1 1 1 1 1 1 1 1 1 1 1 1 1 1 1 1 1 1 1 1 1 1 1 1 1 1 1 1 1 1 1 1 1 1 1 1 1 1 1 1 1 1 1 1 1 1 1 1 1 1 1 1 1 1 1 1 1 1 1 1 1 1 1 1 1 1 1 1 1 1 1 1 1 1 1 1 1 1 1 1 1 1 1 1 1 1 1 1 1 1 1 1 1 1 1 1 1 1 1 1 1 1 1 1 1 1 1 1 1 1 1 1 1 1 1 1 1 1 1 1 1 1 1 1 1 1 1 1 1 1 1 1 1 1 1 1 1 1 1 1 1 1 1 1 1 1 1 1 1 1 1 1 1 1 1 1 1 1 1 1 1 1 1 1 1 1 1 1 1 1 1 1 1 1 1 1 1 1 1 1 1 1 1 1 1 1 1 1 1 1 1 1 1 1 1 1 1 1 1 1 1 1 1 1 1 1 1 1 1 1 1 1 1 1 1 1 1 1 1 1 1 1 1 1 1 1 1 1 1 1 1 1 1 1 1 1 1 1 1 1 1 1 1 1 1 1 1 1 1 1 1 1 1 1 1 1 1 0 0 0 0 0 1 1 1 1 1 1 1 1 1 1 1 1 1 1 1 1 1 1 1 1 1 1 1 1 1 1 1 1 1 1 1 1 1 1 1 1 1 1 1 1 1 1 1 1 1 1 1 1 1 1 1 1 1 1 1 1 1 1 1 1 1 1 1 1 1 1 1 1 1 1 1 1 1 1 1 1 1 1 1 1 1 1 1 1 1 1 1 1 1 1 1 1 1 1 1 1 1 1 1 1 1 1 1 1 1 1 1 1 1 1 1 1 1 1 1 1 1 1 1 1 1 1 1 1 1 1 1 1 1 1 1 1 1 1 1 1 1 1 1 1 1 1 1 1 1 1 1 1 1 1 1 1 1 1 1 1 1 1 1 1 1 1 1 1 1 1 1 1 1 1 1 1 1 1 1 1 1 1 1 1 1 1 1 1 1 1 1 1 1 1 1 1 1 1 1 1 1 1 1 1 1 1 1 1 1 1 1 1 1 1 1 1 1 1 1 1 1 1 1 1 1 1 1 1 1 1 1 1 1 1 1 1 1 1 1 1 1 1 1 1 1 1 1 1 1 1 1 1 1 1 1 1 1 1 1 1 1 1 1 1 1 1 1 1 1 1 1 1 1 1 1 1 1 1 1 1 1 1 1 1 1 1 1 1 1 1 1 1 1 1 1 1 1 1 1 1 1 1 1 1 1 1 1 1 1 1 1 1 1 1 1 1 1 1 1 1 1 1 1 1 1 1 1 1 1 1 1 1 1 1 1 1 1 1 1 1 1 1 1 1 1 1 1 1 1 1 1 1 1 1 1 1 1 1 1 1 1 1 1 1 1 1 1 1 1 1 1 1 1 1 1 1 1 1 1 1 1 1 1 1 1 1 1 1 1 1 1 1 1 1 1 1 1 1 1 1 1 1 1 1 1 1 1 1 1 1 1 1 1 1 1 1 1 1 1 1 1 1 1 
