# This file contains a 2D laser scan observation. 
# Its format is: 
# [aperture] [max_range] [number_of_scans] 
# [vector_of_scans] 
# [vector_of_valid_scans] 
# The aperture of the sensor is in radians, the maximum range 
# and measurements are in meters. '1' means a valid scan, '0' otherwise.
4.1847
5.6
682
1.682 1.72 1.755 1.804 1.835 0 0 0 0 2.213 2.2 2.2 2.213 2.277 2.278 2.278 2.277 2.268 2.265 2.265 2.264 2.261 2.26 2.253 2.245 2.242 2.234 2.234 2.238 2.232 2.232 2.238 2.231 2.231 2.231 2.232 2.23 2.23 2.224 2.224 2.221 2.219 2.224 2.222 2.219 2.219 2.217 2.217 2.214 2.212 2.212 2.212 2.212 2.212 2.212 2.213 2.214 2.212 2.214 2.215 2.215 2.218 2.221 2.221 2.222 2.223 2.223 2.223 2.226 2.229 2.229 2.234 0 0 0 0 0 0 1.669 1.668 1.666 1.662 1.66 1.66 1.659 1.653 1.651 1.648 1.647 1.623 1.384 1.36 1.348 1.332 1.329 1.312 1.295 1.281 1.239 1.201 1.179 1.157 1.125 1.109 1.073 1.04 1.032 1.009 0.991 0.974 0.955 0.934 0.902 0.864 0.822 0.8 0.789 0.787 0.762 0.758 0.758 0.744 0.74 0.738 0.734 0.73 0.727 0.715 0.713 0.706 0.699 0.698 0.687 0.685 0.674 0.669 0.664 0.66 0.659 0.645 0.64 0.64 0.64 0.628 0.614 0.613 0.6 0.592 0.591 0.572 0.555 0.549 0.532 0.524 0.511 0.507 0.507 0.495 0.495 0.495 0.489 0.486 0.481 0.481 0.479 0.476 0.468 0.468 0.465 0.465 0.466 0.464 0.463 0.464 0.462 0.46 0.456 0.455 0.453 0.453 0.455 0.451 0.447 0.447 0.447 0.446 0.445 0.426 0.364 0.272 0.263 0.263 0.263 0.263 0.273 0.273 0.263 0.272 0.272 0.267 0.271 0.271 0.271 0.271 0.271 0.274 0.274 0.271 0.271 0.271 0.271 0.272 0.274 0.272 0.274 0.277 0.277 0.286 0.298 0.324 0.341 0.37 0.384 0.387 0.388 0.388 0.391 0.401 0.401 0.401 0.403 0.405 0.412 0.413 0.415 0.416 0.417 0.416 0.419 0.419 0.419 0.418 0.418 0.418 0.413 0.412 0.412 0.415 0.413 0.415 0.415 0.417 0.415 0.417 0.416 0.416 0.416 0.416 0.416 0.416 0.417 0.419 0.419 0.419 0.419 0.418 0.415 0.418 0.415 0.415 0.42 0.425 0.425 0.428 0.429 0.485 0.577 0.589 0.591 0.6 0.609 0.682 0.697 0.721 0.731 0.752 0.754 0.756 0.777 0.834 0.876 0.885 0.907 0.95 0.974 1.027 1.065 1.093 1.126 1.19 1.26 1.334 1.435 1.785 1.845 1.856 1.856 1.856 1.85 1.849 1.837 1.833 1.833 1.833 1.846 1.873 1.944 1.944 1.944 1.944 1.944 1.954 1.954 1.955 1.955 1.982 1.988 1.988 1.988 1.985 1.97 1.963 1.956 1.953 1.944 1.943 1.943 1.943 1.941 1.943 1.944 1.944 1.945 1.951 1.96 1.963 1.964 2.367 2.367 2.369 2.369 2.37 2.372 2.372 2.379 2.379 2.382 2.385 2.393 2.396 2.402 2.403 2.409 2.409 2.418 2.419 2.419 2.418 1.951 1.915 1.876 1.831 1.784 1.755 1.712 1.665 1.639 1.598 1.596 1.55 1.523 1.511 1.49 1.443 1.422 1.422 1.404 1.38 1.375 1.357 1.33 1.32 1.299 1.289 1.286 1.27 1.256 1.245 1.233 1.206 1.198 1.184 1.17 1.161 1.146 1.142 1.124 1.122 1.107 1.099 1.093 1.089 1.08 1.078 1.075 1.048 1.036 1.027 1.014 1.013 1.008 0.998 0.997 0.984 0.979 0.969 0.958 0.953 0.948 0.937 0.937 0.922 0.921 0.911 0.904 0.904 0.894 0.893 0.888 0.875 0.862 0.862 0.862 0.848 0.844 0.839 0.834 0.832 0.83 0.83 0.817 0.815 0.812 0.81 0.802 0.792 0.791 0.79 0.788 0.785 0.78 0.778 0.778 0.772 0.765 0.763 0.76 0.749 0.744 0.744 0.744 0.743 0.736 0.728 0.728 0.736 0.737 0.747 0.747 0.747 0.742 0.74 0.737 0.722 0.697 0.696 0.694 0.694 0.694 0.691 0.686 0.685 0.686 0.685 0.683 0.683 0.682 0.68 0.676 0.675 0.672 0.671 0.67 0.667 0.667 0.667 0.663 0.662 0.663 0.662 0.656 0.656 0.652 0.65 0.652 0.652 0.652 0.652 0.652 0.651 0.65 0.649 0.649 0.643 0.641 0.641 0.641 0.641 0.641 0.636 0.634 0.636 0.634 0.636 0.634 0.636 0.634 0.633 0.63 0.633 0.633 0.63 0.63 0.63 0.626 0.625 0.625 0.625 0.621 0.621 0.621 0.621 0.623 0.624 0.625 0.625 0.625 0.625 0.625 0.627 0.627 0.627 0.626 0.627 0.631 0.631 0.639 0.645 0.645 0.646 0.656 0.66 0.665 0.668 0.677 0.677 0.677 0.671 0.665 0.656 0.651 0.649 0.64 0.64 0.637 0.636 0.639 0.633 0.633 0.633 0.633 0.63 0.63 0.63 0.63 0.63 0.628 0.624 0.627 0.625 0.625 0.625 0.626 0.626 0.626 0.626 0.628 0.628 0.628 0.629 0.63 0.63 0.632 0.634 0.632 0.631 0.634 0.631 0.631 0.635 0.636 0.637 0.638 0.639 0.644 0.644 0.639 0.644 0.644 0.644 0.645 0.646 0.649 0.655 0.655 0.655 0.655 0.659 0.656 0.659 0.659 0.664 0.667 0.67 0.67 0.67 0.67 0.67 0.672 0.671 0.676 0.676 0.678 0.687 0.687 0.69 0.69 0.69 0.694 0.697 0.699 0.701 0.702 0.705 0.709 0.711 0.713 0.714 0.716 0.72 0.722 0.722 0.725 0.727 0.73 0.733 0.741 0.741 0.746 0.748 0.748 0.748 
1 1 1 1 1 0 0 0 0 1 1 1 1 1 1 1 1 1 1 1 1 1 1 1 1 1 1 1 1 1 1 1 1 1 1 1 1 1 1 1 1 1 1 1 1 1 1 1 1 1 1 1 1 1 1 1 1 1 1 1 1 1 1 1 1 1 1 1 1 1 1 1 0 0 0 0 0 0 1 1 1 1 1 1 1 1 1 1 1 1 1 1 1 1 1 1 1 1 1 1 1 1 1 1 1 1 1 1 1 1 1 1 1 1 1 1 1 1 1 1 1 1 1 1 1 1 1 1 1 1 1 1 1 1 1 1 1 1 1 1 1 1 1 1 1 1 1 1 1 1 1 1 1 1 1 1 1 1 1 1 1 1 1 1 1 1 1 1 1 1 1 1 1 1 1 1 1 1 1 1 1 1 1 1 1 1 1 1 1 1 1 1 1 1 1 1 1 1 1 1 1 1 1 1 1 1 1 1 1 1 1 1 1 1 1 1 1 1 1 1 1 1 1 1 1 1 1 1 1 1 1 1 1 1 1 1 1 1 1 1 1 1 1 1 1 1 1 1 1 1 1 1 1 1 1 1 1 1 1 1 1 1 1 1 1 1 1 1 1 1 1 1 1 1 1 1 1 1 1 1 1 1 1 1 1 1 1 1 1 1 1 1 1 1 1 1 1 1 1 1 1 1 1 1 1 1 1 1 1 1 1 1 1 1 1 1 1 1 1 1 1 1 1 1 1 1 1 1 1 1 1 1 1 1 1 1 1 1 1 1 1 1 1 1 1 1 1 1 1 1 1 1 1 1 1 1 1 1 1 1 1 1 1 1 1 1 1 1 1 1 1 1 1 1 1 1 1 1 1 1 1 1 1 1 1 1 1 1 1 1 1 1 1 1 1 1 1 1 1 1 1 1 1 1 1 1 1 1 1 1 1 1 1 1 1 1 1 1 1 1 1 1 1 1 1 1 1 1 1 1 1 1 1 1 1 1 1 1 1 1 1 1 1 1 1 1 1 1 1 1 1 1 1 1 1 1 1 1 1 1 1 1 1 1 1 1 1 1 1 1 1 1 1 1 1 1 1 1 1 1 1 1 1 1 1 1 1 1 1 1 1 1 1 1 1 1 1 1 1 1 1 1 1 1 1 1 1 1 1 1 1 1 1 1 1 1 1 1 1 1 1 1 1 1 1 1 1 1 1 1 1 1 1 1 1 1 1 1 1 1 1 1 1 1 1 1 1 1 1 1 1 1 1 1 1 1 1 1 1 1 1 1 1 1 1 1 1 1 1 1 1 1 1 1 1 1 1 1 1 1 1 1 1 1 1 1 1 1 1 1 1 1 1 1 1 1 1 1 1 1 1 1 1 1 1 1 1 1 1 1 1 1 1 1 1 1 1 1 1 1 1 1 1 1 1 1 1 1 1 1 1 1 1 1 1 1 1 1 1 1 1 1 1 1 1 1 1 1 1 1 1 1 1 1 1 1 1 1 1 1 1 1 1 1 1 1 1 1 1 1 1 1 1 1 1 1 1 1 1 1 1 1 
