# This file contains a 2D laser scan observation. 
# Its format is: 
# [aperture] [max_range] [number_of_scans] 
# [vector_of_scans] 
# [vector_of_valid_scans] 
# The aperture of the sensor is in radians, the maximum range 
# and measurements are in meters. '1' means a valid scan, '0' otherwise.
4.1847
5.6
682
0.652 0.644 0.644 0.639 0.639 0.639 0.63 0.63 0.63 0.634 0.634 0.635 0.639 0.637 0.64 0.64 0.639 0.638 0.638 0.638 0.638 0.641 0.643 0.645 0.646 0.646 0.646 0.648 0.65 0.65 0.65 0.65 0.649 0.649 0.647 0.649 0.652 0.652 0.652 0.656 0.659 0.659 0.661 0.668 0.668 0.665 0.665 0.666 0.666 0.672 0.672 0.672 0.673 0.677 0.677 0.677 0.678 0.679 0.68 0.682 0.687 0.687 0.69 0.687 0.687 0.69 0.692 0.693 0.695 0.696 0.7 0.704 0.704 0.708 0.708 0.711 0.717 0.717 0.718 0.72 0.726 0.727 0.732 0.732 0.732 0.733 0.733 0.736 0.74 0.747 0.748 0.749 0.751 0.751 0.757 0.762 0.77 0.772 0.772 0.772 0.773 0.783 0.786 0.787 0.79 0.793 0.798 0.799 0.807 0.808 0.815 0.819 0.82 0.821 0.821 0.828 0.833 0.834 0.838 0.842 0.859 0.861 0.861 0.862 0.865 0.869 0.871 0.883 0.884 0.898 0.903 0.908 0.915 0.925 0.925 0.933 0.938 0.949 0.954 0.956 0.964 0.975 0.988 0.99 0.994 1.004 1.015 1.029 1.034 1.035 1.038 1.05 1.055 1.096 1.1 1.114 1.133 1.138 1.171 1.174 1.181 1.198 1.206 1.224 1.231 1.256 1.258 1.281 1.292 1.309 1.311 1.332 1.342 1.36 1.381 1.381 1.381 1.377 1.375 1.373 1.356 1.353 1.352 1.346 1.345 1.34 1.337 1.33 1.33 1.329 1.324 1.323 1.317 1.312 1.309 1.307 1.304 1.3 1.297 1.296 1.293 1.285 1.285 1.285 1.284 1.283 1.278 1.279 1.279 1.278 1.278 1.267 1.266 1.266 1.267 1.267 1.265 1.264 1.263 1.26 1.26 1.26 1.255 1.259 1.26 1.259 1.255 1.255 1.247 1.247 1.252 1.252 1.258 1.258 1.253 1.253 1.251 1.248 1.247 1.248 1.249 1.249 1.25 1.25 1.25 1.248 1.248 1.248 1.248 1.248 1.248 1.248 1.248 1.248 1.248 1.248 1.243 1.239 1.239 1.238 1.239 1.24 1.24 1.243 1.243 1.243 1.243 1.244 1.244 1.245 1.245 1.25 1.25 1.251 1.251 1.254 1.252 1.254 1.254 1.254 1.257 1.259 1.26 1.259 1.262 1.262 1.262 1.265 1.272 1.312 1.343 1.364 1.364 1.364 1.364 1.371 1.371 1.371 1.337 1.305 1.305 1.305 1.295 1.288 1.308 1.308 1.308 1.328 1.328 1.342 1.342 1.348 1.355 1.371 1.371 1.439 1.479 1.481 1.49 1.481 1.479 1.471 1.471 1.455 1.413 1.413 1.413 1.451 1.504 1.554 1.504 1.485 1.504 1.509 1.485 1.482 1.509 1.482 1.473 1.449 1.449 1.449 1.449 1.455 1.474 1.474 1.475 1.478 1.485 1.501 1.503 1.504 1.527 1.528 1.534 1.548 1.548 1.559 1.562 1.571 1.59 1.594 1.596 1.61 1.616 1.625 1.629 1.632 1.648 1.651 1.666 1.672 1.688 1.69 1.705 1.716 1.724 1.737 1.744 1.756 1.763 1.782 1.794 1.805 1.821 1.838 1.841 1.844 1.859 1.877 1.89 1.902 1.909 1.931 1.939 1.95 1.975 1.977 2.005 2.011 2.027 2.044 2.061 2.105 2.113 2.123 2.121 2.121 2.121 2.117 2.098 2.091 2.086 2.074 2.067 2.064 2.047 2.047 2.038 2.03 2.027 2.025 2.013 1.999 1.994 1.989 1.989 1.97 1.966 1.964 1.96 1.955 1.95 1.944 1.944 1.925 1.917 1.916 1.912 1.902 1.902 1.894 1.892 1.885 1.877 1.877 1.872 1.863 1.856 1.854 1.852 1.844 1.844 1.844 1.841 1.829 1.826 1.821 1.821 1.817 1.808 1.805 1.804 1.802 1.8 1.799 1.798 1.788 1.783 1.782 1.781 1.781 1.778 1.777 1.769 1.766 1.764 1.764 1.764 1.766 1.91 2.016 2.016 2.039 2.041 2.041 2.041 2.039 2.033 2.031 2.029 1.9 1.749 1.742 1.737 1.728 1.728 1.728 1.728 1.728 1.729 1.73 1.732 1.732 1.732 1.732 1.732 1.732 1.732 1.732 1.732 1.727 1.727 1.723 1.723 1.723 1.723 1.725 1.725 1.725 1.725 1.727 1.727 1.727 1.727 1.727 1.727 1.73 1.73 1.73 1.73 1.733 1.743 1.755 2.056 2.225 2.363 2.366 2.366 2.363 2.339 2.149 2.135 2.112 2.085 2.075 2.07 2.057 2.024 2.023 2.022 1.931 1.931 1.931 1.997 2.075 2.078 2.078 2.087 2.087 2.141 0.007 2.419 2.419 2.419 2.39 2.257 2.257 2.257 2.447 2.457 2.473 2.491 2.496 2.496 2.496 2.501 2.502 2.507 2.512 2.516 2.534 2.534 2.534 0.873 0.873 0.87 0.87 0.868 0.868 0.868 0.868 2.398 2.437 0 0 0 0 0 0 0 0 0 0 0 0 2.806 2.806 2.822 2.851 2.851 2.899 2.939 2.954 2.954 2.904 0 2.904 2.874 2.874 2.939 2.939 2.957 3.107 3.137 3.157 3.157 0 0 0 0 2.225 2.225 2.219 2.215 0.722 0.722 0.722 2.066 2.103 2.103 2.103 0.007 0.006 4.754 4.754 4.754 4.398 1.974 1.97 1.97 1.967 1.95 1.948 1.948 1.936 1.928 1.91 1.91 1.899 1.876 0.679 0.661 0.661 0.679 1.824 1.824 1.824 1.816 1.806 1.806 1.798 1.793 1.793 1.697 1.697 0.007 1.697 1.697 0.015 1.488 1.697 
1 1 1 1 1 1 1 1 1 1 1 1 1 1 1 1 1 1 1 1 1 1 1 1 1 1 1 1 1 1 1 1 1 1 1 1 1 1 1 1 1 1 1 1 1 1 1 1 1 1 1 1 1 1 1 1 1 1 1 1 1 1 1 1 1 1 1 1 1 1 1 1 1 1 1 1 1 1 1 1 1 1 1 1 1 1 1 1 1 1 1 1 1 1 1 1 1 1 1 1 1 1 1 1 1 1 1 1 1 1 1 1 1 1 1 1 1 1 1 1 1 1 1 1 1 1 1 1 1 1 1 1 1 1 1 1 1 1 1 1 1 1 1 1 1 1 1 1 1 1 1 1 1 1 1 1 1 1 1 1 1 1 1 1 1 1 1 1 1 1 1 1 1 1 1 1 1 1 1 1 1 1 1 1 1 1 1 1 1 1 1 1 1 1 1 1 1 1 1 1 1 1 1 1 1 1 1 1 1 1 1 1 1 1 1 1 1 1 1 1 1 1 1 1 1 1 1 1 1 1 1 1 1 1 1 1 1 1 1 1 1 1 1 1 1 1 1 1 1 1 1 1 1 1 1 1 1 1 1 1 1 1 1 1 1 1 1 1 1 1 1 1 1 1 1 1 1 1 1 1 1 1 1 1 1 1 1 1 1 1 1 1 1 1 1 1 1 1 1 1 1 1 1 1 1 1 1 1 1 1 1 1 1 1 1 1 1 1 1 1 1 1 1 1 1 1 1 1 1 1 1 1 1 1 1 1 1 1 1 1 1 1 1 1 1 1 1 1 1 1 1 1 1 1 1 1 1 1 1 1 1 1 1 1 1 1 1 1 1 1 1 1 1 1 1 1 1 1 1 1 1 1 1 1 1 1 1 1 1 1 1 1 1 1 1 1 1 1 1 1 1 1 1 1 1 1 1 1 1 1 1 1 1 1 1 1 1 1 1 1 1 1 1 1 1 1 1 1 1 1 1 1 1 1 1 1 1 1 1 1 1 1 1 1 1 1 1 1 1 1 1 1 1 1 1 1 1 1 1 1 1 1 1 1 1 1 1 1 1 1 1 1 1 1 1 1 1 1 1 1 1 1 1 1 1 1 1 1 1 1 1 1 1 1 1 1 1 1 1 1 1 1 1 1 1 1 1 1 1 1 1 1 1 1 1 1 1 1 1 1 1 1 1 1 1 1 1 1 1 1 1 1 1 1 1 1 1 1 1 1 1 1 1 1 1 1 1 1 1 1 1 1 1 1 1 1 1 1 1 1 1 0 1 1 1 1 1 1 1 1 1 1 1 1 1 1 1 1 1 1 1 1 1 1 1 1 1 1 1 1 1 1 1 1 0 0 0 0 0 0 0 0 0 0 0 0 1 1 1 1 1 1 1 1 1 1 0 1 1 1 1 1 1 1 1 1 1 0 0 0 0 1 1 1 1 1 1 1 1 1 1 1 0 0 1 1 1 1 1 1 1 1 1 1 1 1 1 1 1 1 1 1 1 1 1 1 1 1 1 1 1 1 1 1 1 1 0 1 1 0 1 1 
