# This file contains a 2D laser scan observation. 
# Its format is: 
# [aperture] [max_range] [number_of_scans] 
# [vector_of_scans] 
# [vector_of_valid_scans] 
# The aperture of the sensor is in radians, the maximum range 
# and measurements are in meters. '1' means a valid scan, '0' otherwise.
4.1847
5.6
682
2.985 3.042 3.054 3.056 3.056 3.103 0.007 0.008 0.015 0.015 0.015 0 0 0 2.111 2.082 0.674 0.672 0.672 0.674 1.433 1.433 1.433 1.433 1.652 1.637 1.637 1.637 1.617 1.593 1.578 1.561 1.552 1.516 1.492 1.474 1.457 1.439 1.418 1.416 1.403 1.402 1.399 1.363 1.363 1.357 1.345 1.316 1.316 1.292 1.263 0.701 0.7 0.7 0.701 1.14 1.14 1.14 0.864 0.864 0.864 0.868 0.885 0.918 0.919 0.944 1.098 1.098 1.098 1.097 1.097 1.09 1.07 0.559 0.552 0.552 0.559 0.606 1.009 1.009 1.009 1.005 1.001 0.992 0.986 0.985 0.972 0.963 0.958 0.956 0.953 0.948 0.942 0.937 0.933 0.922 0.92 0.919 0.911 0.909 0.907 0.898 0.893 0.883 0.881 0.876 0.875 0.87 0.868 0.862 0.862 0.862 0.857 0.849 0.749 0.749 0.749 0.837 0.837 0.837 0.834 0.825 0.82 0.818 0.816 0.816 0.815 0.811 0.806 0.801 0.797 0.797 0.795 0.792 0.792 0.79 0.786 0.783 0.782 0.779 0.777 0.773 0.771 0.771 0.768 0.765 0.764 0.764 0.761 0.761 0.761 0.757 0.754 0.751 0.749 0.716 0.413 0.413 0.409 0.401 0.413 0.432 0.432 0.717 0.729 0.73 0.735 0.735 0.735 0.729 0.695 0.672 0.672 0.672 0.686 0.716 0.716 0.717 0.716 0.715 0.704 0.609 0.603 0.602 0.602 0.601 0.599 0.598 0.598 0.598 0.598 0.598 0.597 0.598 0.6 0.604 0.604 0.606 0.606 0.604 0.603 0.603 0.603 0.603 0.603 0.606 0.606 0.606 0.61 0.61 0.61 0.634 0.634 0.634 0.596 0.583 0.58 0.583 0.583 0.599 0.657 0.659 0.659 0.659 0.628 0.612 0.606 0.606 0.606 0.606 0.606 0.611 0.611 0.611 0.612 0.612 0.609 0.609 0.609 0.605 0.605 0.604 0.604 0.605 0.605 0.605 0.608 0.612 0.612 0.611 0.611 0.611 0.611 0.612 0.614 0.615 0.619 0.621 0.623 0.624 0.624 0.624 0.626 0.626 0.626 0.626 0.628 0.628 0.629 0.629 0.629 0.63 0.635 0.635 0.635 0.636 0.641 0.641 0.642 0.642 0.642 0.642 0.651 0.652 0.652 0.657 0.657 0.657 0.66 0.659 0.659 0.666 0.668 0.668 0.669 0.675 0.675 0.675 0.675 0.678 0.679 0.692 0.693 0.696 0.697 0.698 0.704 0.708 0.704 0.708 0.712 0.713 0.716 0.721 0.721 0.728 0.729 0.73 0.734 0.737 0.737 0.737 0.74 0.741 0.748 0.748 0.748 0.746 0.746 0.746 0.746 0.762 0.766 0.769 0.77 0.776 0.776 0.789 0.789 0.789 0.789 0.798 0.804 0.807 0.811 0.813 0.82 0.879 0.886 0.886 0.894 0.989 1.072 1.076 1.085 1.097 1.101 1.11 1.118 1.124 1.143 1.154 1.164 1.167 1.172 1.192 1.195 1.195 1.21 1.219 1.229 1.248 1.25 1.269 1.279 1.29 1.294 1.318 1.328 1.334 1.357 1.37 1.386 1.392 1.414 1.435 1.442 1.463 1.482 1.5 1.512 1.531 1.55 1.578 1.592 1.614 1.643 1.662 1.676 1.711 1.727 1.756 1.77 1.815 1.825 1.861 1.889 1.915 2.992 2.992 2.992 2.985 2.982 2.978 2.972 2.967 2.959 2.958 2.957 2.946 2.943 2.937 2.935 2.926 2.925 2.918 2.916 2.912 2.912 2.912 3.035 3.104 3.193 3.193 3.223 3.227 3.238 3.238 3.238 3.262 3.312 0.007 0 0 0 0 0 0 0 0 0 0 0.007 0 4.259 4.264 4.264 4.259 4.261 4.261 4.261 4.261 4.302 0 0 0.006 0.006 0.006 0.006 0.006 0.006 0.006 0.006 0.006 0.006 0.006 0.007 3.226 3.226 3.226 3.201 3.163 2.951 2.76 2.556 2.4 2.239 2.103 1.982 1.834 1.834 1.734 1.734 0.007 1.693 0.722 0.709 0.706 0.701 0.687 0.662 0.659 0.657 0.657 0.651 0.646 0.646 0.644 0.646 0.646 0.647 0.647 0.647 0.647 0.647 0.643 0.63 0.623 0.603 0.597 0.584 0.575 0.569 0.557 0.546 0.546 0.536 0.527 0.518 0.508 0.499 0.497 0.493 0.487 0.476 0.473 0.472 0.466 0.45 0.45 0.448 0.441 0.436 0.436 0.432 0.428 0.415 0.413 0.412 0.408 0.405 0.401 0.399 0.397 0.388 0.386 0.379 0.372 0.372 0.37 0.366 0.366 0.37 0.371 0.371 0.371 0.353 0.353 0.348 0.353 0.353 0.355 0.355 0.355 0.355 0.357 0.357 0.355 0.355 0.355 0.355 0.355 0.356 0.356 0.358 0.359 0.361 0.361 0.361 0.369 0.37 0.372 0.372 0.372 0.375 0.375 0.375 0.38 0.386 0.386 0.386 0.386 0.386 0.384 0.383 0.383 0.379 0.371 0.371 0.37 0.368 0.364 0.364 0.361 0.361 0.361 0.359 0.358 0.358 0.358 0.358 0.358 0.358 0.358 0.358 0.356 0.356 0.356 0.356 0.356 0.358 0.356 0.356 0.359 0.36 0.36 0.36 0.364 0.364 0.364 0.365 0.366 0.366 0.367 0.367 0.366 0.365 0.365 0.365 0.367 0.368 0.371 0.371 0.374 0.375 0.374 0.374 0.374 0.374 0.374 0.374 0.376 0.376 0.376 0.38 0.382 0.384 0.384 0.387 0.384 0.386 0.387 0.392 0.392 0.392 0.392 0.392 0.39 0.39 0.393 0.393 0.393 
1 1 1 1 1 1 0 0 0 0 0 0 0 0 1 1 1 1 1 1 1 1 1 1 1 1 1 1 1 1 1 1 1 1 1 1 1 1 1 1 1 1 1 1 1 1 1 1 1 1 1 1 1 1 1 1 1 1 1 1 1 1 1 1 1 1 1 1 1 1 1 1 1 1 1 1 1 1 1 1 1 1 1 1 1 1 1 1 1 1 1 1 1 1 1 1 1 1 1 1 1 1 1 1 1 1 1 1 1 1 1 1 1 1 1 1 1 1 1 1 1 1 1 1 1 1 1 1 1 1 1 1 1 1 1 1 1 1 1 1 1 1 1 1 1 1 1 1 1 1 1 1 1 1 1 1 1 1 1 1 1 1 1 1 1 1 1 1 1 1 1 1 1 1 1 1 1 1 1 1 1 1 1 1 1 1 1 1 1 1 1 1 1 1 1 1 1 1 1 1 1 1 1 1 1 1 1 1 1 1 1 1 1 1 1 1 1 1 1 1 1 1 1 1 1 1 1 1 1 1 1 1 1 1 1 1 1 1 1 1 1 1 1 1 1 1 1 1 1 1 1 1 1 1 1 1 1 1 1 1 1 1 1 1 1 1 1 1 1 1 1 1 1 1 1 1 1 1 1 1 1 1 1 1 1 1 1 1 1 1 1 1 1 1 1 1 1 1 1 1 1 1 1 1 1 1 1 1 1 1 1 1 1 1 1 1 1 1 1 1 1 1 1 1 1 1 1 1 1 1 1 1 1 1 1 1 1 1 1 1 1 1 1 1 1 1 1 1 1 1 1 1 1 1 1 1 1 1 1 1 1 1 1 1 1 1 1 1 1 1 1 1 1 1 1 1 1 1 1 1 1 1 1 1 1 1 1 1 1 1 1 1 1 1 1 1 1 1 1 1 1 1 1 1 1 1 1 1 1 1 1 1 1 1 1 1 1 1 1 1 1 1 1 1 1 1 1 1 1 1 1 1 1 1 1 1 1 1 1 1 1 0 0 0 0 0 0 0 0 0 0 0 0 0 1 1 1 1 1 1 1 1 1 0 0 0 0 0 0 0 0 0 0 0 0 0 0 1 1 1 1 1 1 1 1 1 1 1 1 1 1 1 1 0 1 1 1 1 1 1 1 1 1 1 1 1 1 1 1 1 1 1 1 1 1 1 1 1 1 1 1 1 1 1 1 1 1 1 1 1 1 1 1 1 1 1 1 1 1 1 1 1 1 1 1 1 1 1 1 1 1 1 1 1 1 1 1 1 1 1 1 1 1 1 1 1 1 1 1 1 1 1 1 1 1 1 1 1 1 1 1 1 1 1 1 1 1 1 1 1 1 1 1 1 1 1 1 1 1 1 1 1 1 1 1 1 1 1 1 1 1 1 1 1 1 1 1 1 1 1 1 1 1 1 1 1 1 1 1 1 1 1 1 1 1 1 1 1 1 1 1 1 1 1 1 1 1 1 1 1 1 1 1 1 1 1 1 1 1 1 1 1 1 1 1 1 1 1 1 1 1 1 1 1 1 1 1 1 1 1 1 1 
