# This file contains a 2D laser scan observation. 
# Its format is: 
# [aperture] [max_range] [number_of_scans] 
# [vector_of_scans] 
# [vector_of_valid_scans] 
# The aperture of the sensor is in radians, the maximum range 
# and measurements are in meters. '1' means a valid scan, '0' otherwise.
4.1847
5.6
682
0 0 0.015 0.007 0.015 0.015 0.007 0 0 0 1.965 1.833 1.735 1.721 1.684 1.643 1.617 1.596 1.595 1.544 1.526 1.526 1.502 1.452 0.738 0.734 0.734 0.738 1.28 0.007 1.28 1.28 1.281 1.268 1.268 1.281 1.268 1.268 0.007 0.875 0.581 0.558 0.558 0.581 1.122 1.136 1.136 1.123 1.123 1.122 1.111 1.105 1.095 1.08 1.079 1.066 1.058 1.055 1.043 1.039 1.034 1.03 1.024 1.005 1.004 0.988 0.987 0.983 0.964 0.961 0.958 0.951 0.951 0.946 0.943 0.937 0.928 0.919 0.904 0.897 0.895 0.89 0.885 0.876 0.871 0.862 0.85 0.762 0.743 0.743 0.743 0.823 0.831 0.831 0.825 0.823 0.822 0.81 0.81 0.808 0.802 0.801 0.798 0.786 0.786 0.786 0.784 0.784 0.78 0.778 0.769 0.683 0.391 0.391 0.391 0.391 0.391 0.393 0.393 0.744 0.744 0.744 0.739 0.735 0.734 0.731 0.727 0.726 0.726 0.725 0.721 0.72 0.72 0.715 0.709 0.709 0.707 0.707 0.705 0.7 0.7 0.7 0.69 0.645 0.633 0.633 0.645 0.683 0.683 0.683 0.641 0.561 0.556 0.556 0.556 0.554 0.556 0.555 0.555 0.554 0.553 0.553 0.552 0.552 0.55 0.549 0.544 0.546 0.546 0.544 0.546 0.546 0.546 0.547 0.547 0.539 0.539 0.539 0.537 0.537 0.537 0.537 0.537 0.537 0.531 0.531 0.53 0.527 0.524 0.519 0.519 0.519 0.548 0.55 0.553 0.556 0.553 0.553 0.553 0.553 0.546 0.546 0.546 0.553 0.553 0.553 0.555 0.558 0.573 0.573 0.573 0.571 0.554 0.553 0.549 0.553 0.55 0.549 0.549 0.549 0.546 0.546 0.548 0.546 0.548 0.548 0.546 0.545 0.543 0.543 0.542 0.542 0.544 0.547 0.547 0.551 0.551 0.548 0.547 0.548 0.547 0.545 0.544 0.544 0.544 0.55 0.554 0.557 0.558 0.558 0.558 0.558 0.558 0.558 0.556 0.556 0.562 0.563 0.563 0.567 0.568 0.567 0.563 0.567 0.567 0.563 0.567 0.567 0.567 0.569 0.569 0.569 0.579 0.578 0.579 0.581 0.581 0.581 0.582 0.582 0.585 0.585 0.585 0.585 0.589 0.59 0.598 0.598 0.6 0.6 0.606 0.611 0.611 0.611 0.611 0.613 0.613 0.616 0.62 0.624 0.624 0.625 0.628 0.631 0.637 0.641 0.643 0.643 0.645 0.645 0.643 0.645 0.647 0.648 0.654 0.654 0.654 0.667 0.655 0.655 0.662 0.665 0.665 0.674 0.678 0.678 0.679 0.681 0.681 0.695 0.695 0.7 0.7 0.708 0.708 0.711 0.714 0.723 0.726 0.736 0.768 0.785 0.792 0.797 0.798 0.91 0.974 0.987 0.99 1.001 1.005 1.016 1.016 1.026 1.031 1.036 1.053 1.06 1.064 1.08 1.086 1.1 1.103 1.117 1.123 1.132 1.133 1.149 1.159 1.172 1.185 1.191 1.205 1.216 1.233 1.241 1.259 1.268 1.287 1.295 1.312 1.323 1.346 1.353 1.373 1.389 1.401 1.424 1.449 1.462 1.478 1.496 1.516 1.54 1.573 1.593 1.617 1.643 1.665 1.682 1.713 1.736 1.765 1.8 1.823 2.904 2.904 2.904 2.899 2.893 2.888 2.886 2.875 2.874 2.871 2.867 2.857 2.857 2.85 2.85 2.842 2.841 2.841 2.831 2.83 2.83 2.831 2.863 2.97 3.055 3.124 3.134 3.157 3.162 3.162 3.198 3.218 3.218 3.251 3.382 0 0.007 0 0 0 0 0 0 0 0.007 0 4.189 4.193 4.189 4.185 4.185 4.185 4.185 4.177 4.185 4.197 0.006 0.006 0.006 0.006 0.006 0.006 0.006 0.006 0.006 0.006 0.006 0.006 3.159 3.158 3.15 3.15 3.15 3.141 3.065 2.906 2.749 2.61 2.468 2.342 2.228 2.131 2.016 1.926 1.858 1.858 1.754 1.689 1.657 1.653 1.653 1.656 1.656 1.662 1.667 2.23 0.007 2.23 1.976 1.88 1.88 1.874 1.874 0.654 0.645 0.636 0.636 0.631 0.619 0.61 0.61 0.61 0.609 0.609 0.599 0.59 0.589 0.589 0.589 0.589 0.592 0.594 0.597 0.597 0.6 0.6 0.6 0.596 0.593 0.583 0.574 0.569 0.562 0.556 0.549 0.54 0.54 0.529 0.526 0.524 0.521 0.512 0.508 0.505 0.505 0.499 0.49 0.489 0.485 0.477 0.47 0.469 0.467 0.462 0.459 0.453 0.451 0.45 0.443 0.442 0.441 0.44 0.437 0.43 0.426 0.424 0.422 0.42 0.416 0.41 0.408 0.407 0.407 0.407 0.405 0.403 0.403 0.398 0.395 0.389 0.389 0.389 0.381 0.381 0.378 0.38 0.374 0.374 0.371 0.371 0.367 0.364 0.362 0.357 0.357 0.356 0.354 0.354 0.355 0.355 0.362 0.362 0.362 0.354 0.343 0.343 0.343 0.344 0.346 0.346 0.346 0.348 0.349 0.349 0.349 0.349 0.349 0.349 0.349 0.349 0.349 0.35 0.351 0.351 0.351 0.351 0.352 0.352 0.352 0.352 0.353 0.352 0.353 0.353 0.354 0.355 0.358 0.358 0.357 0.357 0.358 0.361 0.362 0.362 0.367 0.368 0.369 0.369 0.37 0.37 0.37 0.37 0.371 0.37 0.371 0.371 0.374 0.376 0.376 0.377 0.379 0.378 0.381 0.382 0.382 0.382 0.385 0.385 0.387 0.387 0.39 0.389 0.39 0.392 0.393 0.393 0.395 
0 0 0 0 0 0 0 0 0 0 1 1 1 1 1 1 1 1 1 1 1 1 1 1 1 1 1 1 1 0 1 1 1 1 1 1 1 1 0 1 1 1 1 1 1 1 1 1 1 1 1 1 1 1 1 1 1 1 1 1 1 1 1 1 1 1 1 1 1 1 1 1 1 1 1 1 1 1 1 1 1 1 1 1 1 1 1 1 1 1 1 1 1 1 1 1 1 1 1 1 1 1 1 1 1 1 1 1 1 1 1 1 1 1 1 1 1 1 1 1 1 1 1 1 1 1 1 1 1 1 1 1 1 1 1 1 1 1 1 1 1 1 1 1 1 1 1 1 1 1 1 1 1 1 1 1 1 1 1 1 1 1 1 1 1 1 1 1 1 1 1 1 1 1 1 1 1 1 1 1 1 1 1 1 1 1 1 1 1 1 1 1 1 1 1 1 1 1 1 1 1 1 1 1 1 1 1 1 1 1 1 1 1 1 1 1 1 1 1 1 1 1 1 1 1 1 1 1 1 1 1 1 1 1 1 1 1 1 1 1 1 1 1 1 1 1 1 1 1 1 1 1 1 1 1 1 1 1 1 1 1 1 1 1 1 1 1 1 1 1 1 1 1 1 1 1 1 1 1 1 1 1 1 1 1 1 1 1 1 1 1 1 1 1 1 1 1 1 1 1 1 1 1 1 1 1 1 1 1 1 1 1 1 1 1 1 1 1 1 1 1 1 1 1 1 1 1 1 1 1 1 1 1 1 1 1 1 1 1 1 1 1 1 1 1 1 1 1 1 1 1 1 1 1 1 1 1 1 1 1 1 1 1 1 1 1 1 1 1 1 1 1 1 1 1 1 1 1 1 1 1 1 1 1 1 1 1 1 1 1 1 1 1 1 1 1 1 1 1 1 1 1 1 1 1 1 1 1 1 1 1 1 1 1 1 1 1 1 1 1 1 1 1 1 1 1 1 1 1 1 1 1 1 1 1 1 1 1 1 1 0 0 0 0 0 0 0 0 0 0 0 1 1 1 1 1 1 1 1 1 1 0 0 0 0 0 0 0 0 0 0 0 0 1 1 1 1 1 1 1 1 1 1 1 1 1 1 1 1 1 1 1 1 1 1 1 1 1 1 1 1 0 1 1 1 1 1 1 1 1 1 1 1 1 1 1 1 1 1 1 1 1 1 1 1 1 1 1 1 1 1 1 1 1 1 1 1 1 1 1 1 1 1 1 1 1 1 1 1 1 1 1 1 1 1 1 1 1 1 1 1 1 1 1 1 1 1 1 1 1 1 1 1 1 1 1 1 1 1 1 1 1 1 1 1 1 1 1 1 1 1 1 1 1 1 1 1 1 1 1 1 1 1 1 1 1 1 1 1 1 1 1 1 1 1 1 1 1 1 1 1 1 1 1 1 1 1 1 1 1 1 1 1 1 1 1 1 1 1 1 1 1 1 1 1 1 1 1 1 1 1 1 1 1 1 1 1 1 1 1 1 1 1 1 1 1 1 1 1 1 1 1 1 1 1 1 1 1 1 1 1 1 
