# This file contains a 2D laser scan observation. 
# Its format is: 
# [aperture] [max_range] [number_of_scans] 
# [vector_of_scans] 
# [vector_of_valid_scans] 
# The aperture of the sensor is in radians, the maximum range 
# and measurements are in meters. '1' means a valid scan, '0' otherwise.
4.1847
5.6
682
0.889 0.889 0.989 0.992 0.992 0.989 0.947 0.946 0.934 0.929 0.916 0.908 0.904 0.902 0.889 0.879 0.86 0.857 0.85 0.837 0.828 0.819 0.819 0.809 0.807 0.802 0.788 0.784 0.774 0.766 0.743 0.57 0.57 0.559 0.552 0.551 0.54 0.539 0.532 0.531 0.527 0.524 0.518 0.519 0.518 0.511 0.509 0.507 0.501 0.497 0.495 0.494 0.486 0.482 0.482 0.486 0.486 0.486 0.491 0.491 0.491 0.49 0.49 0.489 0.482 0.478 0.474 0.474 0.47 0.469 0.467 0.464 0.459 0.459 0.455 0.455 0.451 0.451 0.451 0.451 0.451 0.442 0.437 0.441 0.441 0.439 0.439 0.439 0.434 0.43 0.428 0.427 0.426 0.426 0.426 0.418 0.418 0.418 0.414 0.418 0.414 0.413 0.413 0.413 0.411 0.403 0.403 0.407 0.403 0.407 0.407 0.408 0.407 0.407 0.394 0.394 0.394 0.4 0.4 0.4 0.399 0.399 0.395 0.395 0.389 0.389 0.389 0.389 0.389 0.389 0.388 0.388 0.386 0.381 0.38 0.38 0.379 0.379 0.373 0.373 0.372 0.372 0.372 0.374 0.372 0.372 0.372 0.37 0.369 0.367 0.369 0.369 0.367 0.367 0.367 0.367 0.367 0.365 0.365 0.366 0.365 0.365 0.36 0.36 0.36 0.36 0.364 0.365 0.365 0.365 0.366 0.366 0.366 0.366 0.366 0.372 0.372 0.374 0.406 0.417 0.417 0.417 0.39 0.382 0.378 0.375 0.375 0.375 0.37 0.369 0.369 0.372 0.372 0.372 0.372 0.372 0.372 0.372 0.372 0.372 0.372 0.37 0.36 0.37 0.37 0.365 0.368 0.371 0.371 0.375 0.375 0.376 0.375 0.375 0.376 0.377 0.377 0.377 0.376 0.376 0.376 0.379 0.379 0.38 0.379 0.379 0.379 0.384 0.382 0.382 0.384 0.388 0.382 0.381 0.384 0.384 0.384 0.384 0.384 0.384 0.384 0.384 0.384 0.373 0.373 0.373 0.374 0.379 0.38 0.38 0.38 0.386 0.389 0.39 0.392 0.392 0.392 0.398 0.398 0.398 0.398 0.4 0.4 0.405 0.405 0.405 0.405 0.414 0.414 0.414 0.413 0.413 0.413 0.414 0.42 0.421 0.425 0.425 0.423 0.425 0.431 0.431 0.432 0.432 0.432 0.438 0.446 0.447 0.464 0.5 0.5 0.502 0.502 0.502 0.505 0.512 0.511 0.511 0.517 0.575 0.675 0.685 0.686 0.695 0.698 0.701 0.704 0.705 0.717 0.717 0.719 0.728 0.729 0.733 0.734 0.741 0.746 0.752 0.752 0.763 0.765 0.775 0.775 0.781 0.791 0.797 0.799 0.802 0.809 0.813 0.814 0.826 0.831 0.832 0.84 0.851 0.862 0.865 0.879 0.882 0.898 0.899 0.904 0.909 0.916 0.924 0.934 0.94 0.963 0.964 0.973 0.979 1.005 1.016 1.016 1.03 1.034 1.06 1.071 1.074 1.097 1.115 1.123 1.132 1.158 1.168 1.187 1.207 1.228 1.244 1.257 1.288 1.29 1.324 1.342 1.366 1.386 1.41 1.447 1.461 1.48 1.524 2.596 2.597 2.597 2.596 2.596 2.595 2.589 2.589 2.581 2.575 2.567 2.567 2.562 2.56 2.558 2.557 2.552 2.545 2.545 2.545 2.545 2.665 2.768 2.858 2.858 2.867 2.88 2.88 2.88 2.893 2.911 2.921 3.008 0 0 0 0 0 0 0 0 0 0 0.007 0 3.909 3.912 3.909 3.906 3.909 3.909 3.909 3.912 0.006 0.006 0.006 0.006 0.006 0.006 0.006 0.006 0.006 0.006 0.006 0.006 0.006 0.006 0.006 0.006 0.006 0 2.91 2.91 2.906 2.91 0.007 2.906 2.881 2.787 2.705 2.6 2.506 2.411 2.35 2.274 2.207 2.141 2.107 2.03 1.985 1.937 1.895 1.84 1.806 1.759 1.722 1.683 1.65 1.65 1.605 1.59 1.59 1.481 1.444 1.438 1.429 1.429 1.429 1.433 1.435 1.441 1.45 1.49 1.676 1.678 1.683 1.683 1.684 1.689 1.697 1.707 1.708 1.721 1.728 1.728 1.729 1.739 1.745 1.747 1.756 1.764 1.78 1.784 1.791 1.8 1.813 1.814 1.815 1.831 1.836 1.841 1.857 1.863 1.888 1.894 1.904 1.915 1.922 1.952 1.956 1.973 2.595 2.628 2.628 2.628 0.777 0.764 0.745 0.737 0.733 0.729 0.716 0.71 0.7 0.7 0.7 0.706 0.706 0.706 0.702 0.694 0.687 0.687 0.595 0.509 0.507 0.507 0.507 0.502 0.5 0.498 0.502 0.499 0.499 0.499 0.499 0.496 0.492 0.489 0.489 0.488 0.489 0.489 0.496 0.496 0.496 0.495 0.484 0.479 0.478 0.478 0.478 0.478 0.499 0.5 0.5 0.522 0.522 0.522 0.517 0.512 0.512 0.512 0.512 0.512 0.512 0.51 0.506 0.503 0.499 0.499 0.499 0.496 0.495 0.491 0.489 0.489 0.485 0.489 0.489 0.488 0.482 0.482 0.481 0.481 0.481 0.479 0.477 0.476 0.475 0.474 0.473 0.472 0.469 0.465 0.465 0.465 0.467 0.465 0.467 0.467 0.467 0.461 0.461 0.459 0.458 0.458 0.458 0.457 0.458 0.458 0.458 0.458 0.458 0.457 0.46 0.458 0.458 0.458 0.46 0.458 0.458 0.457 0.456 0.456 0.455 0.453 0.455 0.454 0.454 0.454 0.454 0.454 0.457 0.454 0.457 0.458 0.457 0.457 0.463 0.465 0.465 0.467 0.468 0.469 0.472 0.475 0.475 0.479 0.479 
1 1 1 1 1 1 1 1 1 1 1 1 1 1 1 1 1 1 1 1 1 1 1 1 1 1 1 1 1 1 1 1 1 1 1 1 1 1 1 1 1 1 1 1 1 1 1 1 1 1 1 1 1 1 1 1 1 1 1 1 1 1 1 1 1 1 1 1 1 1 1 1 1 1 1 1 1 1 1 1 1 1 1 1 1 1 1 1 1 1 1 1 1 1 1 1 1 1 1 1 1 1 1 1 1 1 1 1 1 1 1 1 1 1 1 1 1 1 1 1 1 1 1 1 1 1 1 1 1 1 1 1 1 1 1 1 1 1 1 1 1 1 1 1 1 1 1 1 1 1 1 1 1 1 1 1 1 1 1 1 1 1 1 1 1 1 1 1 1 1 1 1 1 1 1 1 1 1 1 1 1 1 1 1 1 1 1 1 1 1 1 1 1 1 1 1 1 1 1 1 1 1 1 1 1 1 1 1 1 1 1 1 1 1 1 1 1 1 1 1 1 1 1 1 1 1 1 1 1 1 1 1 1 1 1 1 1 1 1 1 1 1 1 1 1 1 1 1 1 1 1 1 1 1 1 1 1 1 1 1 1 1 1 1 1 1 1 1 1 1 1 1 1 1 1 1 1 1 1 1 1 1 1 1 1 1 1 1 1 1 1 1 1 1 1 1 1 1 1 1 1 1 1 1 1 1 1 1 1 1 1 1 1 1 1 1 1 1 1 1 1 1 1 1 1 1 1 1 1 1 1 1 1 1 1 1 1 1 1 1 1 1 1 1 1 1 1 1 1 1 1 1 1 1 1 1 1 1 1 1 1 1 1 1 1 1 1 1 1 1 1 1 1 1 1 1 1 1 1 1 1 1 1 1 1 1 1 1 1 1 1 1 1 1 1 1 1 1 1 1 1 1 1 1 1 1 1 1 1 1 1 1 1 1 1 0 0 0 0 0 0 0 0 0 0 0 0 1 1 1 1 1 1 1 1 0 0 0 0 0 0 0 0 0 0 0 0 0 0 0 0 0 0 1 1 1 1 0 1 1 1 1 1 1 1 1 1 1 1 1 1 1 1 1 1 1 1 1 1 1 1 1 1 1 1 1 1 1 1 1 1 1 1 1 1 1 1 1 1 1 1 1 1 1 1 1 1 1 1 1 1 1 1 1 1 1 1 1 1 1 1 1 1 1 1 1 1 1 1 1 1 1 1 1 1 1 1 1 1 1 1 1 1 1 1 1 1 1 1 1 1 1 1 1 1 1 1 1 1 1 1 1 1 1 1 1 1 1 1 1 1 1 1 1 1 1 1 1 1 1 1 1 1 1 1 1 1 1 1 1 1 1 1 1 1 1 1 1 1 1 1 1 1 1 1 1 1 1 1 1 1 1 1 1 1 1 1 1 1 1 1 1 1 1 1 1 1 1 1 1 1 1 1 1 1 1 1 1 1 1 1 1 1 1 1 1 1 1 1 1 1 1 1 1 1 1 1 1 1 1 1 1 1 1 1 1 1 1 1 1 1 1 1 1 1 1 1 1 1 1 1 1 
