# This file contains a 2D laser scan observation. 
# Its format is: 
# [aperture] [max_range] [number_of_scans] 
# [vector_of_scans] 
# [vector_of_valid_scans] 
# The aperture of the sensor is in radians, the maximum range 
# and measurements are in meters. '1' means a valid scan, '0' otherwise.
4.1847
5.6
682
0.601 0.606 0.603 0.603 0.606 0.606 0.603 0.603 0.603 0.603 0.605 0.609 0.609 0.605 0.61 0.604 0.6 0.604 0.604 0.6 0.599 0.599 0.599 0.601 0.603 0.603 0.603 0.604 0.604 0.604 0.604 0.604 0.608 0.609 0.611 0.611 0.611 0.611 0.612 0.613 0.613 0.612 0.611 0.611 0.611 0.611 0.612 0.617 0.615 0.615 0.615 0.617 0.617 0.622 0.622 0.622 0.622 0.622 0.622 0.627 0.632 0.632 0.632 0.633 0.631 0.631 0.631 0.632 0.632 0.634 0.641 0.643 0.645 0.645 0.648 0.65 0.652 0.655 0.655 0.657 0.657 0.657 0.658 0.666 0.666 0.667 0.667 0.671 0.672 0.672 0.674 0.678 0.679 0.681 0.685 0.688 0.692 0.696 0.698 0.7 0.702 0.704 0.706 0.706 0.709 0.718 0.722 0.722 0.723 0.723 0.728 0.732 0.732 0.733 0.733 0.738 0.743 0.743 0.753 0.754 0.755 0.761 0.768 0.769 0.772 0.773 0.778 0.784 0.791 0.791 0.795 0.799 0.805 0.805 0.813 0.815 0.821 0.821 0.821 0.827 0.833 0.837 2.157 2.157 2.157 2.154 2.139 2.134 2.122 2.11 2.101 2.087 2.081 2.074 2.071 2.053 2.046 2.042 2.026 2.017 2.009 2 1.993 1.991 1.981 1.968 1.961 1.952 1.944 1.943 1.933 1.925 1.923 1.908 1.906 1.901 1.9 1.887 1.884 1.878 1.875 1.866 1.858 1.858 1.849 1.843 1.834 1.828 1.826 1.826 1.813 1.811 1.808 1.802 1.798 1.794 1.793 1.792 1.79 1.774 1.774 1.77 1.767 1.762 1.758 1.758 1.753 1.753 1.753 1.771 1.814 1.86 1.86 1.906 1.948 1.982 2.034 2.091 2.098 2.098 2.098 2.092 2.091 2.091 2.092 2.131 2.145 2.151 2.151 2.157 2.157 2.164 2.218 2.242 2.329 2.381 2.426 2.426 2.456 2.533 2.569 2.581 2.581 2.653 2.658 2.696 2.937 3.077 3.077 3.071 3.067 3.068 3.067 3.067 3.067 3.067 3.067 3.068 3.072 3.099 3.171 5.362 5.362 5.362 5.361 5.344 5.344 5.351 5.351 5.351 5.358 5.359 5.359 5.368 5.376 5.383 5.384 5.385 5.384 5.4 5.408 5.4 5.35 2.086 2.085 2.082 2.082 2.082 2.09 2.09 2.09 2.067 1.976 1.917 1.852 1.801 1.746 1.694 1.651 1.611 1.558 1.538 1.487 1.455 1.429 1.39 1.362 1.323 1.3 1.282 1.256 1.219 1.198 1.176 1.155 1.127 1.113 1.089 1.07 1.044 1.043 1.015 1.001 0.991 0.969 0.958 0.954 0.935 0.931 0.922 0.907 0.885 0.878 0.871 0.863 0.848 0.844 0.826 0.822 0.81 0.797 0.796 0.784 0.783 0.777 0.764 0.764 0.748 0.748 0.744 0.717 0.69 0.689 0.687 0.674 0.665 0.658 0.656 0.652 0.645 0.645 0.644 0.644 0.632 0.632 0.632 0.629 0.635 0.635 0.632 0.632 0.635 0.644 0.644 0.644 0.647 0.662 0.67 0.798 0.931 0.935 0.938 0.946 0.953 0.96 0.968 0.97 0.981 0.981 0.984 0.988 0.991 1 1.013 1.022 1.025 1.036 1.049 1.052 1.056 1.064 1.074 1.088 1.107 1.111 1.126 1.137 1.149 1.16 1.177 1.193 1.215 1.233 2.195 2.218 2.244 2.244 2.253 2.273 2.303 2.324 2.345 2.363 2.381 2.409 3.102 3.102 3.102 3.09 3.076 3.06 3.057 3.044 3.04 3.025 3.018 3.016 2.998 2.991 2.98 2.961 2.958 2.958 2.948 2.942 2.229 2.21 2.209 2.193 2.188 2.188 2.176 2.171 2.169 2.167 2.161 2.159 2.153 2.153 2.152 2.152 2.152 2.16 2.166 2.193 2.212 2.229 2.252 2.271 2.311 2.402 2.514 2.565 2.66 2.713 2.757 2.757 2.757 2.752 2.746 2.742 2.742 2.74 2.738 2.737 2.728 2.727 2.725 2.722 2.721 2.719 2.715 2.713 2.713 2.711 2.71 2.344 2.344 2.344 2.547 2.547 2.549 2.549 2.559 2.623 2.694 2.694 2.694 2.69 2.69 2.687 2.583 2.583 2.701 2.701 2.701 2.701 2.699 2.695 2.691 2.649 2.649 2.649 2.575 2.56 1.062 1.01 1.01 1.009 1.009 1.009 1 0.996 0.989 0.954 0.934 0.913 0.889 0.881 0.864 0.858 0.841 0.823 0.807 0.801 0.78 0.778 0.762 0.75 0.738 0.726 0.716 0.708 0.695 0.692 0.673 0.665 0.657 0.655 0.639 0.632 0.618 0.587 0.584 0.583 0.579 0.568 0.561 0.554 0.551 0.541 0.533 0.526 0.525 0.522 0.517 0.508 0.507 0.501 0.495 0.49 0.487 0.487 0.488 0.481 0.481 0.488 0.482 0.482 0.487 0.488 0.488 0.491 0.507 0.908 0.929 0.929 0.929 0.485 0.479 0.465 0.447 0.445 0.445 0.443 0.443 0.44 0.443 0.443 0.443 0.443 0.445 0.445 0.443 0.445 0.445 0.447 0.45 0.45 0.45 0.452 0.455 0.455 0.456 0.456 0.456 0.457 0.457 0.457 0.458 0.461 0.467 0.468 0.468 0.476 0.476 0.478 0.478 0.482 0.511 0.515 0.525 0.526 0.53 0.532 0.532 0.535 0.535 0.538 0.543 0.546 0.549 0.551 0.556 0.558 0.559 0.566 0.571 0.577 0.579 0.58 0.589 0.599 0.605 0.611 0.613 0.613 0.613 0.606 0.575 0.575 0.565 0.565 0.569 0.569 0.565 0.563 0.56 0.56 0.56 0.562 0.562 
1 1 1 1 1 1 1 1 1 1 1 1 1 1 1 1 1 1 1 1 1 1 1 1 1 1 1 1 1 1 1 1 1 1 1 1 1 1 1 1 1 1 1 1 1 1 1 1 1 1 1 1 1 1 1 1 1 1 1 1 1 1 1 1 1 1 1 1 1 1 1 1 1 1 1 1 1 1 1 1 1 1 1 1 1 1 1 1 1 1 1 1 1 1 1 1 1 1 1 1 1 1 1 1 1 1 1 1 1 1 1 1 1 1 1 1 1 1 1 1 1 1 1 1 1 1 1 1 1 1 1 1 1 1 1 1 1 1 1 1 1 1 1 1 1 1 1 1 1 1 1 1 1 1 1 1 1 1 1 1 1 1 1 1 1 1 1 1 1 1 1 1 1 1 1 1 1 1 1 1 1 1 1 1 1 1 1 1 1 1 1 1 1 1 1 1 1 1 1 1 1 1 1 1 1 1 1 1 1 1 1 1 1 1 1 1 1 1 1 1 1 1 1 1 1 1 1 1 1 1 1 1 1 1 1 1 1 1 1 1 1 1 1 1 1 1 1 1 1 1 1 1 1 1 1 1 1 1 1 1 1 1 1 1 1 1 1 1 1 1 1 1 1 1 1 1 1 1 1 1 1 1 1 1 1 1 1 1 1 1 1 1 1 1 1 1 1 1 1 1 1 1 1 1 1 1 1 1 1 1 1 1 1 1 1 1 1 1 1 1 1 1 1 1 1 1 1 1 1 1 1 1 1 1 1 1 1 1 1 1 1 1 1 1 1 1 1 1 1 1 1 1 1 1 1 1 1 1 1 1 1 1 1 1 1 1 1 1 1 1 1 1 1 1 1 1 1 1 1 1 1 1 1 1 1 1 1 1 1 1 1 1 1 1 1 1 1 1 1 1 1 1 1 1 1 1 1 1 1 1 1 1 1 1 1 1 1 1 1 1 1 1 1 1 1 1 1 1 1 1 1 1 1 1 1 1 1 1 1 1 1 1 1 1 1 1 1 1 1 1 1 1 1 1 1 1 1 1 1 1 1 1 1 1 1 1 1 1 1 1 1 1 1 1 1 1 1 1 1 1 1 1 1 1 1 1 1 1 1 1 1 1 1 1 1 1 1 1 1 1 1 1 1 1 1 1 1 1 1 1 1 1 1 1 1 1 1 1 1 1 1 1 1 1 1 1 1 1 1 1 1 1 1 1 1 1 1 1 1 1 1 1 1 1 1 1 1 1 1 1 1 1 1 1 1 1 1 1 1 1 1 1 1 1 1 1 1 1 1 1 1 1 1 1 1 1 1 1 1 1 1 1 1 1 1 1 1 1 1 1 1 1 1 1 1 1 1 1 1 1 1 1 1 1 1 1 1 1 1 1 1 1 1 1 1 1 1 1 1 1 1 1 1 1 1 1 1 1 1 1 1 1 1 1 1 1 1 1 1 1 1 1 1 1 1 1 1 1 1 1 1 1 1 1 1 1 1 1 1 1 1 1 1 1 1 1 1 1 1 1 1 1 1 1 1 1 1 1 1 1 1 1 
