# This file contains a 2D laser scan observation. 
# Its format is: 
# [aperture] [max_range] [number_of_scans] 
# [vector_of_scans] 
# [vector_of_valid_scans] 
# The aperture of the sensor is in radians, the maximum range 
# and measurements are in meters. '1' means a valid scan, '0' otherwise.
4.1847
5.6
682
0.659 0.655 0.655 0.65 0.644 0.642 0.641 0.641 0.641 0.64 0.64 0.643 0.643 0.64 0.637 0.644 0.644 0.639 0.645 0.645 0.645 0.643 0.643 0.643 0.643 0.642 0.642 0.642 0.642 0.645 0.646 0.647 0.647 0.649 0.651 0.651 0.651 0.649 0.651 0.656 0.662 0.663 0.669 0.669 0.664 0.667 0.667 0.667 0.67 0.673 0.673 0.674 0.673 0.674 0.674 0.674 0.674 0.683 0.688 0.688 0.688 0.688 0.69 0.693 0.693 0.693 0.695 0.695 0.697 0.697 0.697 0.699 0.705 0.706 0.706 0.71 0.713 0.713 0.717 0.727 0.728 0.728 0.728 0.728 0.734 0.735 0.736 0.736 0.739 0.745 0.752 0.752 0.752 0.752 0.76 0.765 0.767 0.765 0.77 0.771 0.771 0.783 0.784 0.785 0.787 0.789 0.802 0.803 0.804 0.812 0.813 0.817 0.818 0.823 0.823 0.833 0.837 0.842 0.842 0.849 0.851 0.862 0.863 0.863 0.863 0.872 0.872 0.876 0.877 0.889 0.898 0.907 0.914 0.917 0.934 0.936 0.937 0.946 0.954 0.959 0.964 0.974 0.981 0.989 0.998 1.01 1.019 1.025 1.03 1.034 1.043 1.048 1.063 1.103 1.106 1.12 1.123 1.141 1.162 1.17 1.19 1.208 1.209 1.217 1.236 1.258 1.263 1.278 1.295 1.316 1.319 1.334 1.348 1.358 1.372 1.372 1.374 1.372 1.372 1.363 1.36 1.357 1.349 1.348 1.343 1.335 1.334 1.33 1.33 1.33 1.323 1.323 1.318 1.315 1.311 1.31 1.309 1.302 1.301 1.297 1.291 1.29 1.286 1.286 1.284 1.282 1.281 1.282 1.281 1.277 1.272 1.272 1.272 1.272 1.27 1.26 1.26 1.26 1.26 1.26 1.26 1.259 1.257 1.255 1.255 1.253 1.253 1.253 1.253 1.251 1.251 1.251 1.251 1.251 1.25 1.25 1.25 1.25 1.249 1.251 1.251 1.251 1.251 1.252 1.252 1.252 1.252 1.252 1.25 1.25 1.25 1.25 1.25 1.249 1.249 1.247 1.246 1.246 1.237 1.237 1.237 1.236 1.233 1.238 1.239 1.239 1.24 1.24 1.24 1.245 1.245 1.245 1.247 1.25 1.251 1.251 1.251 1.251 1.253 1.253 1.251 1.259 1.259 1.259 1.26 1.262 1.262 1.267 1.273 1.304 1.337 1.369 1.369 1.362 1.362 1.368 1.362 1.362 1.368 1.338 1.338 0.007 1.326 1.288 1.293 1.293 1.293 1.342 1.342 0 1.368 1.342 1.368 1.376 1.376 1.442 1.478 1.479 1.488 1.479 1.479 1.476 1.476 1.471 1.455 1.455 1.426 1.426 1.451 1.516 1.496 1.496 1.498 1.498 1.496 1.484 1.498 1.484 1.481 1.451 1.448 1.448 1.451 1.452 1.459 1.469 1.476 1.483 1.484 1.497 1.503 1.519 1.525 1.533 1.54 1.544 1.551 1.558 1.568 1.574 1.584 1.588 1.6 1.604 1.616 1.626 1.631 1.636 1.644 1.66 1.663 1.679 1.688 1.697 1.698 1.71 1.728 1.734 1.747 1.755 1.768 1.776 1.796 1.799 1.82 1.838 1.839 1.852 1.859 1.881 1.894 1.9 1.905 1.923 1.937 1.949 1.973 1.988 2.001 2.014 2.027 2.047 2.052 2.09 2.112 2.124 2.114 2.115 2.115 2.114 2.105 2.099 2.091 2.083 2.066 2.058 2.056 2.054 2.045 2.038 2.029 2.019 2.01 2.007 1.989 1.984 1.984 1.976 1.974 1.963 1.962 1.953 1.951 1.944 1.944 1.932 1.923 1.918 1.913 1.906 1.901 1.896 1.891 1.886 1.877 1.876 1.868 1.866 1.863 1.854 1.848 1.846 1.842 1.841 1.835 1.827 1.825 1.823 1.819 1.814 1.813 1.812 1.806 1.805 1.797 1.796 1.795 1.792 1.786 1.784 1.779 1.778 1.777 1.774 1.774 1.774 1.772 1.772 1.774 1.774 1.917 2.025 2.025 2.04 2.043 2.043 2.043 2.038 2.038 2.034 2.027 1.898 1.749 1.747 1.74 1.729 1.729 1.729 1.729 1.73 1.731 1.73 1.73 1.731 1.732 1.731 1.732 1.734 1.734 1.734 1.734 1.733 1.732 1.72 1.732 1.732 1.72 1.721 1.73 1.727 1.727 1.727 1.727 1.727 1.729 1.727 1.727 1.732 1.731 1.731 1.731 1.732 1.746 1.762 2.049 2.226 2.366 2.366 2.366 2.366 2.341 2.145 2.137 2.106 2.09 2.074 2.071 2.057 2.028 2.023 2.02 1.942 1.942 1.942 2.006 2.078 2.08 2.08 2.088 2.088 2.136 0.007 2.424 2.424 2.424 2.391 2.255 2.255 2.255 2.442 2.462 2.473 2.473 2.496 2.496 2.5 2.5 2.503 2.508 2.514 2.515 2.529 2.529 2.529 0.873 0.873 0.873 0.873 0.862 0.862 0.862 0.862 2.419 0.007 0 0 0 0 0 0 0 0 0 0 0 0 2.803 2.803 2.808 2.853 2.853 2.906 2.906 2.958 2.958 2.907 2.958 2.907 2.874 2.874 2.926 2.926 2.946 2.991 3.124 3.15 3.151 0 0.006 0.006 0 2.235 2.235 2.225 2.218 0.721 0.721 0.721 2.073 2.073 2.073 2.073 2.073 4.741 4.741 4.741 4.741 4.413 1.98 1.978 1.978 1.965 1.964 1.961 1.935 1.933 1.928 1.921 1.921 1.921 1.904 1.874 0.681 0.681 0.681 1.82 1.82 1.82 1.812 1.801 1.801 1.801 1.798 0.008 0.007 0.015 0.007 1.713 1.713 0.015 1.479 1.691 
1 1 1 1 1 1 1 1 1 1 1 1 1 1 1 1 1 1 1 1 1 1 1 1 1 1 1 1 1 1 1 1 1 1 1 1 1 1 1 1 1 1 1 1 1 1 1 1 1 1 1 1 1 1 1 1 1 1 1 1 1 1 1 1 1 1 1 1 1 1 1 1 1 1 1 1 1 1 1 1 1 1 1 1 1 1 1 1 1 1 1 1 1 1 1 1 1 1 1 1 1 1 1 1 1 1 1 1 1 1 1 1 1 1 1 1 1 1 1 1 1 1 1 1 1 1 1 1 1 1 1 1 1 1 1 1 1 1 1 1 1 1 1 1 1 1 1 1 1 1 1 1 1 1 1 1 1 1 1 1 1 1 1 1 1 1 1 1 1 1 1 1 1 1 1 1 1 1 1 1 1 1 1 1 1 1 1 1 1 1 1 1 1 1 1 1 1 1 1 1 1 1 1 1 1 1 1 1 1 1 1 1 1 1 1 1 1 1 1 1 1 1 1 1 1 1 1 1 1 1 1 1 1 1 1 1 1 1 1 1 1 1 1 1 1 1 1 1 1 1 1 1 1 1 1 1 1 1 1 1 1 1 1 1 1 1 1 1 1 1 1 1 1 1 1 1 1 1 1 1 1 1 1 1 1 1 1 1 1 1 1 1 1 1 1 1 1 1 1 1 1 0 1 1 1 1 1 1 1 0 1 1 1 1 1 1 1 1 1 1 1 1 1 1 1 1 1 1 1 1 1 1 1 1 1 1 1 1 1 1 1 1 1 1 1 1 1 1 1 1 1 1 1 1 1 1 1 1 1 1 1 1 1 1 1 1 1 1 1 1 1 1 1 1 1 1 1 1 1 1 1 1 1 1 1 1 1 1 1 1 1 1 1 1 1 1 1 1 1 1 1 1 1 1 1 1 1 1 1 1 1 1 1 1 1 1 1 1 1 1 1 1 1 1 1 1 1 1 1 1 1 1 1 1 1 1 1 1 1 1 1 1 1 1 1 1 1 1 1 1 1 1 1 1 1 1 1 1 1 1 1 1 1 1 1 1 1 1 1 1 1 1 1 1 1 1 1 1 1 1 1 1 1 1 1 1 1 1 1 1 1 1 1 1 1 1 1 1 1 1 1 1 1 1 1 1 1 1 1 1 1 1 1 1 1 1 1 1 1 1 1 1 1 1 1 1 1 1 1 1 1 1 1 1 1 1 1 1 1 1 1 1 1 1 1 1 1 1 1 1 1 1 1 1 1 1 1 1 1 1 1 0 1 1 1 1 1 1 1 1 1 1 1 1 1 1 1 1 1 1 1 1 1 1 1 1 1 1 1 1 1 1 1 0 0 0 0 0 0 0 0 0 0 0 0 0 1 1 1 1 1 1 1 1 1 1 1 1 1 1 1 1 1 1 1 1 1 0 0 0 0 1 1 1 1 1 1 1 1 1 1 1 1 1 1 1 1 1 1 1 1 1 1 1 1 1 1 1 1 1 1 1 1 1 1 1 1 1 1 1 1 1 1 0 0 0 0 1 1 0 1 1 
