# This file contains a 2D laser scan observation. 
# Its format is: 
# [aperture] [max_range] [number_of_scans] 
# [vector_of_scans] 
# [vector_of_valid_scans] 
# The aperture of the sensor is in radians, the maximum range 
# and measurements are in meters. '1' means a valid scan, '0' otherwise.
4.1847
5.6
682
0.85 0.849 0.851 0.854 0.856 0.856 0.859 0.859 0.858 0.859 0.865 0.865 0.867 0.871 0.873 0.876 0.878 0.882 0.884 0.886 0.888 0.888 0.897 0.902 0.903 0.903 0.899 0.903 0.904 0.904 0.907 2.663 2.663 2.663 2.634 2.616 2.596 2.581 2.555 2.535 2.513 2.498 2.479 2.464 2.439 2.431 2.404 2.393 2.371 2.363 2.341 2.329 2.309 2.295 2.282 2.258 2.257 2.232 2.229 2.211 2.189 2.179 2.178 2.158 2.15 2.136 2.126 2.112 2.103 2.085 2.072 2.063 2.056 2.046 2.028 2.026 2.004 2 1.985 1.981 1.97 1.955 1.952 1.931 1.931 1.929 1.908 1.904 1.894 1.887 1.884 1.874 1.872 1.865 1.853 1.844 1.836 1.83 1.819 1.814 1.813 1.807 1.792 1.789 1.785 1.78 1.772 1.762 1.76 1.756 1.743 1.74 1.737 1.733 1.73 1.715 1.715 1.715 1.753 1.787 1.807 1.807 1.807 1.832 1.852 1.881 1.914 1.934 1.974 2.008 2.041 2.041 2.041 2.04 2.033 2.033 2.03 2.029 2.03 2.035 2.069 2.08 2.084 2.084 2.085 2.105 2.107 2.143 2.168 0 0 0 0 0 0 0 0 0 0 0 0 0 2.63 2.63 2.63 2.678 2.757 2.963 2.974 2.976 2.976 2.974 2.973 2.971 2.968 2.965 2.965 2.965 2.965 2.965 3.069 0 0 0 0 5.244 5.209 5.209 5.209 5.203 5.203 5.212 5.202 5.202 5.212 5.218 5.218 5.218 1.945 1.945 1.94 1.943 1.933 1.935 1.935 1.935 1.932 1.904 1.764 1.652 1.525 1.443 1.357 1.308 1.235 1.176 1.126 1.087 1.044 1 0.968 0.929 0.912 0.868 0.843 0.815 0.793 0.769 0.746 0.729 0.715 0.697 0.676 0.662 0.645 0.635 0.621 0.603 0.603 0.583 0.561 0.558 0.553 0.536 0.489 0.484 0.478 0.478 0.475 0.459 0.455 0.441 0.441 0.441 0.441 0.441 0.45 0.433 0.428 0.433 0.428 0.425 0.425 0.424 0.424 0.422 0.421 0.422 0.426 0.427 0.429 0.429 0.434 0.436 0.438 0.441 0.447 0.451 0.451 0.453 0.456 0.458 0.535 0.751 0.751 0.751 0.742 0.72 0.72 0.72 0.72 0.721 0.722 0.726 0.73 0.732 0.732 0.741 0.743 0.746 0.749 0.753 0.753 0.76 0.762 0.765 0.765 0.774 0.776 0.778 0.781 0.792 0.795 0.803 0.803 0.81 0.81 0.814 0.82 0.827 0.833 0.847 0.847 0.855 0.863 0.868 0.877 0.877 0.884 0.892 0.898 0.898 0.917 0.932 0.936 0.951 0.971 1.052 1.857 1.879 1.904 1.929 1.931 1.944 1.96 1.979 1.999 2.012 2.026 2.063 2.066 2.087 2.106 2.127 2.15 2.169 2.716 2.735 2.791 2.791 2.816 2.829 2.829 2.829 2.816 2.806 2.793 2.788 2.769 2.762 2.76 2.75 2.739 2.732 2.73 2.719 2.717 2.717 2.707 2.697 2.003 2 1.993 1.979 1.965 1.964 1.956 1.95 1.949 1.944 1.938 1.931 1.929 1.929 1.927 1.927 1.935 1.939 1.947 1.953 1.958 1.983 2.008 2.039 2.061 2.098 2.171 2.359 0.015 0.007 2.547 2.543 2.543 2.543 2.538 2.538 0.007 2.526 2.52 2.523 2.52 2.518 2.518 2.516 2.509 2.509 2.506 2.506 2.506 2.505 2.5 2.499 2.499 2.498 2.496 2.135 2.135 2.135 2.338 2.341 2.344 2.344 2.367 2.438 2.478 2.481 2.483 2.485 2.492 2.492 2.495 2.495 2.496 0.007 2.503 2.499 2.499 2.496 2.496 2.496 2.494 2.352 2.339 2.296 2.078 2.001 1.911 1.885 1.885 1.885 1.746 1.597 1.429 1.274 1.207 1.19 1.181 1.175 1.158 1.12 0.942 0.919 0.913 0.896 0.88 0.879 0.85 0.84 0.836 0.835 0.83 0.826 0.822 0.813 0.805 0.794 0.785 0.782 0.765 0.746 0.745 0.736 0.721 0.714 0.709 0.697 0.697 0.688 0.678 0.671 0.668 0.665 0.655 0.649 0.64 0.634 0.628 0.628 0.617 0.613 0.613 0.605 0.593 0.593 0.587 0.582 0.579 0.579 0.576 0.574 0.562 0.562 0.559 0.554 0.554 0.554 0.541 0.538 0.535 0.534 0.533 0.528 0.525 0.524 0.518 0.514 0.509 0.508 0.507 0.503 0.503 0.503 0.503 0.5 0.495 0.495 0.494 0.479 0.478 0.476 0.455 0.45 0.45 0.453 0.453 0.45 0.448 0.448 0.446 0.432 0.431 0.431 0.429 0.426 0.429 0.433 0.429 0.423 0.428 0.418 0.418 0.418 0.418 0.418 0.42 0.414 0.414 0.408 0.408 0.408 0.406 0.408 0.407 0.407 0.407 0.407 0.407 0.4 0.395 0.392 0.393 0.393 0.395 0.396 0.4 0.4 0.4 0.407 0.422 0.424 0.666 0.666 0.666 0.538 0.437 0.434 0.429 0.429 0.427 0.426 0.426 0.426 0.42 0.412 0.411 0.407 0.401 0.4 0.396 0.396 0.393 0.393 0.395 0.393 0.393 0.388 0.388 0.388 0.39 0.395 0.403 0.405 0.413 0.413 0.413 0.415 0.417 0.422 0.424 0.436 0.436 0.445 0.447 0.452 0.457 0.469 0.5 0.518 0.528 0.55 0.558 0.575 0.588 0.619 0.629 0.637 0.637 0.637 0.624 0.619 0.6 0.596 0.595 0.592 0.592 0.596 0.597 0.599 0.6 0.601 0.605 0.606 
1 1 1 1 1 1 1 1 1 1 1 1 1 1 1 1 1 1 1 1 1 1 1 1 1 1 1 1 1 1 1 1 1 1 1 1 1 1 1 1 1 1 1 1 1 1 1 1 1 1 1 1 1 1 1 1 1 1 1 1 1 1 1 1 1 1 1 1 1 1 1 1 1 1 1 1 1 1 1 1 1 1 1 1 1 1 1 1 1 1 1 1 1 1 1 1 1 1 1 1 1 1 1 1 1 1 1 1 1 1 1 1 1 1 1 1 1 1 1 1 1 1 1 1 1 1 1 1 1 1 1 1 1 1 1 1 1 1 1 1 1 1 1 1 1 1 1 1 1 0 0 0 0 0 0 0 0 0 0 0 0 0 1 1 1 1 1 1 1 1 1 1 1 1 1 1 1 1 1 1 1 0 0 0 0 1 1 1 1 1 1 1 1 1 1 1 1 1 1 1 1 1 1 1 1 1 1 1 1 1 1 1 1 1 1 1 1 1 1 1 1 1 1 1 1 1 1 1 1 1 1 1 1 1 1 1 1 1 1 1 1 1 1 1 1 1 1 1 1 1 1 1 1 1 1 1 1 1 1 1 1 1 1 1 1 1 1 1 1 1 1 1 1 1 1 1 1 1 1 1 1 1 1 1 1 1 1 1 1 1 1 1 1 1 1 1 1 1 1 1 1 1 1 1 1 1 1 1 1 1 1 1 1 1 1 1 1 1 1 1 1 1 1 1 1 1 1 1 1 1 1 1 1 1 1 1 1 1 1 1 1 1 1 1 1 1 1 1 1 1 1 1 1 1 1 1 1 1 1 1 1 1 1 1 1 1 1 1 1 1 1 1 1 1 1 1 1 1 1 1 1 1 1 1 1 1 1 1 1 1 1 1 1 1 1 1 1 1 1 1 1 1 1 1 1 1 1 1 0 0 1 1 1 1 1 1 0 1 1 1 1 1 1 1 1 1 1 1 1 1 1 1 1 1 1 1 1 1 1 1 1 1 1 1 1 1 1 1 1 1 1 1 1 0 1 1 1 1 1 1 1 1 1 1 1 1 1 1 1 1 1 1 1 1 1 1 1 1 1 1 1 1 1 1 1 1 1 1 1 1 1 1 1 1 1 1 1 1 1 1 1 1 1 1 1 1 1 1 1 1 1 1 1 1 1 1 1 1 1 1 1 1 1 1 1 1 1 1 1 1 1 1 1 1 1 1 1 1 1 1 1 1 1 1 1 1 1 1 1 1 1 1 1 1 1 1 1 1 1 1 1 1 1 1 1 1 1 1 1 1 1 1 1 1 1 1 1 1 1 1 1 1 1 1 1 1 1 1 1 1 1 1 1 1 1 1 1 1 1 1 1 1 1 1 1 1 1 1 1 1 1 1 1 1 1 1 1 1 1 1 1 1 1 1 1 1 1 1 1 1 1 1 1 1 1 1 1 1 1 1 1 1 1 1 1 1 1 1 1 1 1 1 1 1 1 1 1 1 1 1 1 1 1 1 1 1 1 1 1 1 1 1 1 1 1 1 1 1 1 1 1 1 
