# This file contains a 2D laser scan observation. 
# Its format is: 
# [aperture] [max_range] [number_of_scans] 
# [vector_of_scans] 
# [vector_of_valid_scans] 
# The aperture of the sensor is in radians, the maximum range 
# and measurements are in meters. '1' means a valid scan, '0' otherwise.
4.1847
5.6
682
0.479 0.473 0.471 0.471 0.471 0.47 0.47 0.467 0.465 0.465 0.463 0.46 0.459 0.46 0.459 0.458 0.458 0.456 0.455 0.455 0.454 0.453 0.454 0.453 0.451 0.45 0.45 0.45 0.45 0.45 0.445 0.451 0.446 0.45 0.446 0.45 0.448 0.448 0.445 0.445 0.445 0.445 0.445 0.445 0.443 0.443 0.442 0.442 0.442 0.443 0.445 0.453 0.453 0.451 0.449 0.451 0.449 0.451 0.452 0.457 0.457 0.46 0.469 0.481 0.488 0.51 0.531 0.567 0.579 0.63 0.808 0.894 0.921 0.921 0.921 0.921 0.921 0.919 0.919 0.918 0.918 0.918 0.913 0.913 0.913 0.909 0.909 0.915 0.909 0.912 0.912 0.912 0.91 0.912 0.91 0.91 0.909 0.909 0.905 0.909 0.91 0.91 0.91 0.91 0.91 0.91 0.913 0.913 0.911 0.908 0.911 0.911 0.912 0.912 0.912 0.912 0.912 0.911 0.911 0.91 0.911 0.911 0.911 0.914 0.914 0.914 0.914 0.918 0.918 0.917 0.919 0.919 0.919 0.919 0.92 0.921 0.92 0.921 0.921 0.921 0.927 0.932 0.934 0.934 0.934 0.934 0.935 0.935 0.938 0.94 0.941 0.942 0.945 0.945 0.947 0.951 0.953 0.953 0.953 0.955 0.962 0.962 0.962 0.964 0.964 0.966 0.973 0.976 0.976 0.978 0.98 0.981 0.982 0.986 0.992 0.996 0.999 1.001 1.004 1.008 1.011 1.015 1.016 1.02 1.023 1.023 1.023 1.033 1.033 1.034 1.036 1.043 1.049 1.05 1.055 1.055 1.059 1.063 1.066 1.076 1.082 1.086 1.089 1.091 1.097 1.101 1.103 1.106 1.123 1.126 1.13 1.136 1.145 1.146 1.146 1.146 1.162 1.172 1.181 1.182 1.183 1.188 1.194 1.207 1.211 1.217 1.217 1.221 1.233 1.246 1.253 1.256 1.274 1.285 1.285 1.615 1.615 1.622 1.622 1.622 1.622 1.622 1.622 1.631 1.634 1.649 1.712 1.833 1.841 1.852 1.87 1.884 1.91 1.951 1.951 1.961 1.951 1.933 1.809 1.787 1.787 1.809 1.811 1.82 1.835 1.835 1.835 1.833 1.832 1.832 1.824 1.819 1.059 1.042 1.03 1.023 1.016 1.008 1.005 0.99 0.988 0.985 0.981 0.98 0.977 0.977 0.973 0.971 0.97 0.967 0.964 0.961 0.96 0.96 0.956 0.957 0.956 0.956 0.957 0.959 0.959 0.959 0.953 0.953 0.953 0.961 0.963 0.965 0.969 0.981 0.982 0.985 0.988 1.007 1.019 1.032 1.041 1.066 1.077 1.095 1.12 1.152 1.164 1.199 1.245 1.263 1.326 1.34 1.354 1.563 1.563 1.567 1.563 1.561 1.56 1.557 1.51 1.5 1.5 1.51 1.554 1.555 1.555 1.554 1.548 1.546 1.546 1.546 1.541 1.548 1.548 1.544 1.541 1.54 1.54 1.544 1.545 1.55 1.553 1.556 1.568 1.568 1.568 1.551 1.547 1.546 1.546 1.547 1.548 1.548 1.548 1.54 1.496 1.186 1.174 1.17 1.161 1.16 1.159 1.159 1.159 1.386 1.391 1.398 1.534 1.555 1.559 1.559 1.562 1.565 1.565 1.566 1.57 1.571 1.571 1.573 1.575 1.582 1.583 1.586 1.583 1.583 1.261 1.259 1.259 1.261 1.468 1.546 1.546 1.546 1.509 1.485 1.455 1.43 1.41 1.372 1.352 1.349 1.315 1.293 1.277 1.253 1.23 1.21 1.193 1.176 1.166 1.135 1.116 1.105 1.085 1.077 1.058 1.057 1.041 1.041 1.024 1.007 0.991 0.975 0.962 0.961 0.95 0.947 0.926 0.924 0.918 0.907 0.892 0.885 0.878 0.865 0.864 0.856 0.854 0.849 0.838 0.837 0.822 0.814 0.808 0.807 0.799 0.789 0.785 0.78 0.78 0.765 0.763 0.756 0.756 0.763 0.755 0.747 0.744 0.726 0.723 0.722 0.719 0.713 0.705 0.701 0.698 0.697 0.688 0.682 0.678 0.674 0.673 0.672 0.672 0.661 0.661 0.661 0.656 0.656 0.647 0.646 0.645 0.645 0.639 0.639 0.628 0.627 0.622 0.622 0.622 0.62 0.613 0.608 0.6 0.6 0.598 0.596 0.596 0.596 0.594 0.592 0.592 0.591 0.588 0.588 0.586 0.586 0.584 0.583 0.544 0.541 0.541 0.541 0.54 0.54 0.54 0.54 0.538 0.536 0.535 0.534 0.53 0.53 0.528 0.528 0.526 0.528 0.526 0.526 0.526 0.528 0.526 0.527 0.527 0.528 0.529 0.536 0.542 0.542 0.542 0.539 0.535 0.529 0.529 0.526 0.526 0.526 0.526 0.525 0.526 0.526 0.526 0.526 0.526 0.526 0.522 0.522 0.53 0.533 0.535 0.535 0.535 0.54 0.54 0.541 0.542 0.544 0.544 0.545 0.547 0.547 0.551 0.551 0.553 0.556 0.556 0.556 0.559 0.559 0.559 0.562 0.57 0.571 0.571 0.573 0.574 0.575 0.583 0.584 0.584 0.587 0.595 0.597 0.601 0.609 0.613 0.619 0.627 0.627 0.629 0.643 0.656 0.658 0.658 0.658 0.557 0.557 0.507 0.48 0.441 0.441 0.441 0.445 0.447 0.45 0.447 0.447 0.447 0.448 0.447 0.448 0.451 0.456 0.457 0.458 0.458 0.458 0.457 0.458 0.458 0.458 0.458 0.463 0.463 0.466 0.466 0.467 0.466 0.466 0.466 0.467 0.466 0.466 0.467 0.467 0.473 0.474 0.476 0.476 0.48 0.48 0.478 0.478 0.482 0.494 0.496 0.499 0.501 0.504 0.506 0.509 0.512 0.512 0.511 0.511 
1 1 1 1 1 1 1 1 1 1 1 1 1 1 1 1 1 1 1 1 1 1 1 1 1 1 1 1 1 1 1 1 1 1 1 1 1 1 1 1 1 1 1 1 1 1 1 1 1 1 1 1 1 1 1 1 1 1 1 1 1 1 1 1 1 1 1 1 1 1 1 1 1 1 1 1 1 1 1 1 1 1 1 1 1 1 1 1 1 1 1 1 1 1 1 1 1 1 1 1 1 1 1 1 1 1 1 1 1 1 1 1 1 1 1 1 1 1 1 1 1 1 1 1 1 1 1 1 1 1 1 1 1 1 1 1 1 1 1 1 1 1 1 1 1 1 1 1 1 1 1 1 1 1 1 1 1 1 1 1 1 1 1 1 1 1 1 1 1 1 1 1 1 1 1 1 1 1 1 1 1 1 1 1 1 1 1 1 1 1 1 1 1 1 1 1 1 1 1 1 1 1 1 1 1 1 1 1 1 1 1 1 1 1 1 1 1 1 1 1 1 1 1 1 1 1 1 1 1 1 1 1 1 1 1 1 1 1 1 1 1 1 1 1 1 1 1 1 1 1 1 1 1 1 1 1 1 1 1 1 1 1 1 1 1 1 1 1 1 1 1 1 1 1 1 1 1 1 1 1 1 1 1 1 1 1 1 1 1 1 1 1 1 1 1 1 1 1 1 1 1 1 1 1 1 1 1 1 1 1 1 1 1 1 1 1 1 1 1 1 1 1 1 1 1 1 1 1 1 1 1 1 1 1 1 1 1 1 1 1 1 1 1 1 1 1 1 1 1 1 1 1 1 1 1 1 1 1 1 1 1 1 1 1 1 1 1 1 1 1 1 1 1 1 1 1 1 1 1 1 1 1 1 1 1 1 1 1 1 1 1 1 1 1 1 1 1 1 1 1 1 1 1 1 1 1 1 1 1 1 1 1 1 1 1 1 1 1 1 1 1 1 1 1 1 1 1 1 1 1 1 1 1 1 1 1 1 1 1 1 1 1 1 1 1 1 1 1 1 1 1 1 1 1 1 1 1 1 1 1 1 1 1 1 1 1 1 1 1 1 1 1 1 1 1 1 1 1 1 1 1 1 1 1 1 1 1 1 1 1 1 1 1 1 1 1 1 1 1 1 1 1 1 1 1 1 1 1 1 1 1 1 1 1 1 1 1 1 1 1 1 1 1 1 1 1 1 1 1 1 1 1 1 1 1 1 1 1 1 1 1 1 1 1 1 1 1 1 1 1 1 1 1 1 1 1 1 1 1 1 1 1 1 1 1 1 1 1 1 1 1 1 1 1 1 1 1 1 1 1 1 1 1 1 1 1 1 1 1 1 1 1 1 1 1 1 1 1 1 1 1 1 1 1 1 1 1 1 1 1 1 1 1 1 1 1 1 1 1 1 1 1 1 1 1 1 1 1 1 1 1 1 1 1 1 1 1 1 1 1 1 1 1 1 1 1 1 1 1 1 1 1 1 1 1 1 1 1 1 1 1 1 1 1 1 1 1 1 1 1 1 1 1 1 1 1 1 1 1 1 1 1 
