# This file contains a 2D laser scan observation. 
# Its format is: 
# [aperture] [max_range] [number_of_scans] 
# [vector_of_scans] 
# [vector_of_valid_scans] 
# The aperture of the sensor is in radians, the maximum range 
# and measurements are in meters. '1' means a valid scan, '0' otherwise.
4.1847
5.6
682
0.656 0.656 0.65 0.648 0.644 0.641 0.64 0.64 0.64 0.639 0.639 0.639 0.637 0.637 0.637 0.64 0.64 0.643 0.643 0.644 0.643 0.639 0.639 0.642 0.637 0.642 0.642 0.642 0.642 0.643 0.643 0.656 0.657 0.657 0.657 0.657 0.652 0.652 0.658 0.663 0.665 0.665 0.665 0.668 0.663 0.663 0.668 0.669 0.672 0.672 0.675 0.678 0.682 0.682 0.678 0.678 0.678 0.678 0.682 0.682 0.687 0.69 0.691 0.693 0.693 0.695 0.695 0.696 0.695 0.699 0.702 0.71 0.711 0.711 0.712 0.712 0.713 0.715 0.716 0.719 0.719 0.72 0.729 0.729 0.729 0.729 0.737 0.738 0.739 0.744 0.744 0.748 0.753 0.755 0.757 0.761 0.758 0.761 0.772 0.773 0.774 0.779 0.782 0.786 0.79 0.798 0.798 0.8 0.8 0.809 0.812 0.819 0.821 0.821 0.822 0.826 0.832 0.841 0.841 0.849 0.851 0.856 0.865 0.866 0.874 0.874 0.874 0.883 0.887 0.899 0.903 0.908 0.917 0.925 0.927 0.93 0.941 0.949 0.958 0.963 0.966 0.978 0.981 0.99 0.993 1.012 1.017 1.028 1.029 1.037 1.043 1.05 1.062 1.097 1.115 1.119 1.123 1.146 1.158 1.174 1.187 1.2 1.211 1.222 1.239 1.25 1.265 1.271 1.288 1.312 1.318 1.327 1.348 1.36 1.369 1.369 1.37 1.369 1.366 1.364 1.358 1.353 1.352 1.348 1.344 1.34 1.339 1.332 1.327 1.326 1.322 1.314 1.314 1.314 1.311 1.31 1.304 1.304 1.293 1.291 1.288 1.288 1.283 1.283 1.279 1.279 1.279 1.279 1.276 1.279 1.272 1.271 1.269 1.268 1.263 1.263 1.26 1.259 1.259 1.259 1.257 1.257 1.257 1.257 1.257 1.26 1.26 1.26 1.255 1.255 1.25 1.25 1.25 1.252 1.252 1.255 1.255 1.25 1.25 1.249 1.249 1.247 1.25 1.25 1.25 1.252 1.252 1.252 1.254 1.254 1.256 1.256 1.253 1.25 1.25 1.249 1.248 1.245 1.241 1.241 1.24 1.238 1.233 1.238 1.237 1.238 1.239 1.244 1.246 1.246 1.246 1.246 1.246 1.246 1.252 1.252 1.253 1.254 1.253 1.258 1.262 1.258 1.262 1.263 1.262 1.264 1.27 1.27 1.271 1.305 1.344 1.367 1.367 1.367 1.368 1.369 1.368 1.368 1.374 1.349 1.349 0.007 1.324 1.299 1.301 1.301 1.301 1.344 1.344 1.346 1.346 1.346 1.355 1.371 1.371 1.415 1.472 1.482 1.49 1.482 1.482 1.475 1.475 1.475 1.448 1.448 1.425 1.425 1.45 1.497 1.477 1.48 1.497 1.504 1.488 1.488 1.504 1.488 1.479 1.447 1.447 1.447 1.449 1.453 1.464 1.47 1.484 1.486 1.491 1.501 1.501 1.516 1.518 1.52 1.543 1.544 1.552 1.557 1.565 1.576 1.581 1.593 1.601 1.602 1.612 1.622 1.632 1.639 1.649 1.653 1.67 1.675 1.686 1.695 1.703 1.712 1.729 1.74 1.745 1.762 1.767 1.787 1.791 1.804 1.817 1.836 1.837 1.844 1.864 1.877 1.895 1.899 1.91 1.935 1.938 1.946 1.97 1.987 2.005 2.01 2.018 2.04 2.066 2.078 2.099 2.114 2.118 2.118 2.118 2.114 2.106 2.09 2.088 2.079 2.067 2.058 2.055 2.046 2.037 2.034 2.027 2.021 2.002 2.001 1.984 1.983 1.983 1.977 1.969 1.965 1.959 1.952 1.946 1.945 1.937 1.928 1.927 1.916 1.913 1.91 1.906 1.894 1.891 1.88 1.876 1.875 1.873 1.865 1.86 1.855 1.851 1.848 1.848 1.84 1.831 1.829 1.825 1.823 1.817 1.813 1.813 1.812 1.807 1.804 1.8 1.793 1.791 1.787 1.783 1.782 1.779 1.779 1.777 1.777 1.771 1.77 1.765 1.765 1.765 1.765 1.914 2.017 2.017 2.042 2.042 2.042 2.041 2.04 2.034 2.03 2.026 1.901 1.747 1.746 1.73 1.721 1.719 1.719 1.719 1.721 1.721 1.736 1.736 1.736 1.737 1.737 1.737 1.734 1.737 1.734 1.734 1.734 1.732 1.73 1.73 1.726 1.726 1.726 1.722 1.722 1.729 1.727 1.727 1.727 1.726 1.726 1.726 1.73 1.736 1.737 1.737 1.739 1.739 1.751 2.056 2.231 2.36 2.364 2.364 2.364 2.349 2.145 2.123 2.106 2.091 2.078 2.075 2.053 2.026 2.021 2.016 1.932 1.932 1.932 1.997 2.082 2.09 2.09 2.095 2.137 2.137 2.148 2.381 2.425 2.425 2.381 2.259 2.259 2.259 2.442 2.465 2.473 2.479 2.493 2.493 2.502 2.503 2.504 2.504 2.504 2.516 2.534 2.534 2.534 0.87 0.87 0.87 0.868 0.866 0.866 0.866 0.866 2.426 0.007 0 0 0 0 0 0 0 0 0 0 0 0 2.799 2.799 2.814 2.881 2.881 2.899 2.936 2.953 2.953 2.909 2.969 2.909 2.858 2.858 2.944 2.944 2.958 3.011 3.121 3.139 3.161 0 0.006 0.006 0 2.234 2.234 2.231 2.199 0.715 0.715 0.715 2.055 2.11 2.11 2.11 0.007 0.006 4.73 4.73 4.73 4.403 1.971 1.969 1.969 1.969 1.956 1.955 1.938 1.927 1.918 1.909 1.909 1.909 1.896 1.874 0.687 0.687 0.687 1.823 1.823 1.823 1.82 1.8 1.8 1.798 1.788 1.788 1.695 1.695 0.007 1.695 1.695 0.015 1.519 1.698 
1 1 1 1 1 1 1 1 1 1 1 1 1 1 1 1 1 1 1 1 1 1 1 1 1 1 1 1 1 1 1 1 1 1 1 1 1 1 1 1 1 1 1 1 1 1 1 1 1 1 1 1 1 1 1 1 1 1 1 1 1 1 1 1 1 1 1 1 1 1 1 1 1 1 1 1 1 1 1 1 1 1 1 1 1 1 1 1 1 1 1 1 1 1 1 1 1 1 1 1 1 1 1 1 1 1 1 1 1 1 1 1 1 1 1 1 1 1 1 1 1 1 1 1 1 1 1 1 1 1 1 1 1 1 1 1 1 1 1 1 1 1 1 1 1 1 1 1 1 1 1 1 1 1 1 1 1 1 1 1 1 1 1 1 1 1 1 1 1 1 1 1 1 1 1 1 1 1 1 1 1 1 1 1 1 1 1 1 1 1 1 1 1 1 1 1 1 1 1 1 1 1 1 1 1 1 1 1 1 1 1 1 1 1 1 1 1 1 1 1 1 1 1 1 1 1 1 1 1 1 1 1 1 1 1 1 1 1 1 1 1 1 1 1 1 1 1 1 1 1 1 1 1 1 1 1 1 1 1 1 1 1 1 1 1 1 1 1 1 1 1 1 1 1 1 1 1 1 1 1 1 1 1 1 1 1 1 1 1 1 1 1 1 1 1 1 1 1 1 1 1 0 1 1 1 1 1 1 1 1 1 1 1 1 1 1 1 1 1 1 1 1 1 1 1 1 1 1 1 1 1 1 1 1 1 1 1 1 1 1 1 1 1 1 1 1 1 1 1 1 1 1 1 1 1 1 1 1 1 1 1 1 1 1 1 1 1 1 1 1 1 1 1 1 1 1 1 1 1 1 1 1 1 1 1 1 1 1 1 1 1 1 1 1 1 1 1 1 1 1 1 1 1 1 1 1 1 1 1 1 1 1 1 1 1 1 1 1 1 1 1 1 1 1 1 1 1 1 1 1 1 1 1 1 1 1 1 1 1 1 1 1 1 1 1 1 1 1 1 1 1 1 1 1 1 1 1 1 1 1 1 1 1 1 1 1 1 1 1 1 1 1 1 1 1 1 1 1 1 1 1 1 1 1 1 1 1 1 1 1 1 1 1 1 1 1 1 1 1 1 1 1 1 1 1 1 1 1 1 1 1 1 1 1 1 1 1 1 1 1 1 1 1 1 1 1 1 1 1 1 1 1 1 1 1 1 1 1 1 1 1 1 1 1 1 1 1 1 1 1 1 1 1 1 1 1 1 1 1 1 1 1 1 1 1 1 1 1 1 1 1 1 1 1 1 1 1 1 1 1 1 1 1 1 1 1 1 1 1 1 1 1 1 0 0 0 0 0 0 0 0 0 0 0 0 0 1 1 1 1 1 1 1 1 1 1 1 1 1 1 1 1 1 1 1 1 1 0 0 0 0 1 1 1 1 1 1 1 1 1 1 1 0 0 1 1 1 1 1 1 1 1 1 1 1 1 1 1 1 1 1 1 1 1 1 1 1 1 1 1 1 1 1 1 1 1 0 1 1 0 1 1 
