# This file contains a 2D laser scan observation. 
# Its format is: 
# [aperture] [max_range] [number_of_scans] 
# [vector_of_scans] 
# [vector_of_valid_scans] 
# The aperture of the sensor is in radians, the maximum range 
# and measurements are in meters. '1' means a valid scan, '0' otherwise.
4.1847
5.6
682
0.784 0.785 0.785 0.793 0.794 0.797 0.797 0.799 0.804 0.805 0.82 0.82 0.821 0.831 0.832 0.834 0.86 0.886 1.326 1.326 1.326 1.315 1.304 1.295 1.279 1.271 1.257 1.247 1.236 1.233 1.216 1.211 1.206 1.192 1.19 1.18 1.169 1.166 1.15 1.144 1.138 1.124 1.123 1.114 1.113 1.105 1.091 1.085 1.08 1.072 1.069 1.061 1.048 1.045 1.044 1.042 1.035 1.032 1.027 1.021 1.018 1.013 1 0.999 0.997 0.997 0.984 0.971 0.961 0.961 0.961 0.961 0.963 0.963 0.957 0.95 0.947 0.945 0.942 0.939 0.938 0.928 0.927 0.924 0.923 0.923 0.92 0.913 0.903 0.902 0.902 0.899 0.899 0.898 0.892 0.886 0.886 0.886 0.882 0.879 0.879 0.876 0.873 0.87 0.87 0.867 0.866 0.866 0.866 0.863 0.856 0.855 0.855 0.855 0.85 0.852 0.85 0.846 0.842 0.842 0.841 0.838 0.838 0.838 0.837 0.837 0.836 0.835 0.832 0.828 0.828 0.826 0.822 0.819 0.819 0.819 0.819 0.822 0.822 0.822 0.822 0.822 0.821 0.818 0.818 0.812 0.808 0.808 0.807 0.807 0.806 0.806 0.806 0.806 0.806 0.803 0.803 0.806 0.807 0.808 0.808 0.808 0.808 0.806 0.804 0.8 0.804 0.8 0.8 0.804 0.805 0.805 0.805 0.805 0.805 0.805 0.805 0.803 0.803 0.809 0.808 0.808 0.808 0.806 0.806 0.806 0.806 0.806 0.806 0.808 0.804 0.804 0.804 0.809 0.812 0.812 0.812 0.812 0.812 0.808 0.813 0.813 0.817 0.817 0.817 0.814 0.814 0.814 0.814 0.815 0.817 0.82 0.82 0.822 0.826 0.828 0.829 0.83 0.83 0.83 0.831 0.835 0.836 0.836 0.836 0.841 0.841 0.842 0.842 0.843 0.843 0.847 0.849 0.849 0.853 0.854 0.86 0.865 0.865 0.863 0.865 0.868 0.87 0.87 0.875 0.875 0.994 1.215 1.229 0 0 0 0 1.308 1.308 1.308 1.308 1.308 1.291 1.195 1.195 1.19 1.187 1.187 1.184 1.17 1.168 1.168 1.168 1.168 1.168 1.168 1.165 1.165 1.168 1.172 1.173 1.173 1.193 1.2 1.355 1.355 1.355 1.34 1.338 1.338 1.337 1.337 0.585 0.542 0.53 0.516 0.512 0.508 0.507 0.503 0.502 0.502 0.496 0.486 0.48 0.48 0.479 0.479 0.473 0.472 0.467 0.467 0.466 0.464 0.463 0.463 0.458 0.458 0.456 0.456 0.455 0.451 0.442 0.441 0.441 0.441 0.44 0.44 0.44 0.439 0.437 0.437 0.434 0.435 0.435 0.434 0.434 0.435 0.433 0.435 0.435 0.433 0.433 0.435 0.432 0.431 0.431 0.431 0.431 0.433 0.434 0.437 0.437 0.437 0.437 0.437 0.441 0.441 0.441 0.442 0.442 0.445 0.449 0.449 0.453 0.454 0.46 0.46 0.462 0.47 0.471 0.472 0.479 0.479 0.482 0.484 0.489 0.495 0.496 0.499 0.502 0.51 0.512 0.513 0.533 0.537 0.542 0.553 0.555 0.558 0.574 0.586 0.612 0.615 0.624 0.63 0.656 0.661 0.663 0.679 0.7 0.729 0.751 0.77 0.776 0.808 0.823 0.923 0.992 0.994 0.994 0.994 0.994 0.994 0.991 0.982 0.945 0.934 0.934 0.934 0.965 0.978 0.98 0.98 0.978 0.956 0.956 0.956 0.976 0.982 0.982 0.982 0.982 0.983 0.99 0.994 0.994 0.994 0.986 0.985 0.985 0.983 0.981 0.983 0.984 0.98 0.981 0.982 0.982 0.981 0.982 0.988 0.988 0.987 0.99 0.989 0.989 0.991 0.991 0.991 0.991 0.991 0.994 0.994 0.994 0.994 0.994 0.995 0.995 1.001 1.001 1.001 1.003 1.003 1.006 1.007 1.008 1.009 1.011 1.015 1.016 1.016 1.016 1.016 1.016 1.014 0.944 0.885 0.877 0.833 0.674 0.674 0.672 0.671 0.671 0.667 0.665 0.665 0.664 0.664 0.664 0.664 0.663 0.666 0.666 0.666 1.048 1.073 1.078 1.08 1.082 1.082 1.086 1.095 1.095 1.099 1.106 1.108 1.111 1.114 1.116 1.119 1.129 1.132 1.129 1.119 1.112 1.089 1.083 1.067 1.052 0.871 0.813 0.811 0.811 0.811 0.807 0.806 0.807 0.811 0.952 0.952 0.952 0.947 0.946 0.94 0.936 0.934 0.92 0.919 0.913 0.899 0.897 0.893 0.884 0.88 0.876 0.867 0.861 0.86 0.854 0.852 0.849 0.842 0.836 0.829 0.815 0.813 0.812 0.812 0.806 0.803 0.795 0.795 0.791 0.788 0.785 0.783 0.78 0.778 0.774 0.768 0.768 0.764 0.757 0.755 0.752 0.748 0.746 0.744 0.742 0.74 0.738 0.731 0.73 0.728 0.725 0.724 0.722 0.716 0.714 0.714 0.715 0.715 0.715 0.715 0.701 0.695 0.693 0.693 0.691 0.686 0.676 0.676 0.676 0.676 0.675 0.675 0.672 0.666 0.666 0.666 0.667 0.669 0.669 0.667 0.663 0.663 0.663 0.655 0.655 0.655 0.652 0.651 0.651 0.651 0.649 0.645 0.642 0.641 0.64 0.64 0.64 0.637 0.633 0.632 0.637 0.637 0.632 0.63 0.634 0.633 0.63 0.629 0.629 0.629 0.626 0.626 0.626 0.625 0.624 0.623 0.623 0.623 0.623 0.625 0.625 0.62 0.622 0.622 0.622 0.622 0.622 0.622 0.622 0.621 0.622 0.622 0.622 0.618 0.628 0.618 0.618 0.628 0.63 0.628 
1 1 1 1 1 1 1 1 1 1 1 1 1 1 1 1 1 1 1 1 1 1 1 1 1 1 1 1 1 1 1 1 1 1 1 1 1 1 1 1 1 1 1 1 1 1 1 1 1 1 1 1 1 1 1 1 1 1 1 1 1 1 1 1 1 1 1 1 1 1 1 1 1 1 1 1 1 1 1 1 1 1 1 1 1 1 1 1 1 1 1 1 1 1 1 1 1 1 1 1 1 1 1 1 1 1 1 1 1 1 1 1 1 1 1 1 1 1 1 1 1 1 1 1 1 1 1 1 1 1 1 1 1 1 1 1 1 1 1 1 1 1 1 1 1 1 1 1 1 1 1 1 1 1 1 1 1 1 1 1 1 1 1 1 1 1 1 1 1 1 1 1 1 1 1 1 1 1 1 1 1 1 1 1 1 1 1 1 1 1 1 1 1 1 1 1 1 1 1 1 1 1 1 1 1 1 1 1 1 1 1 1 1 1 1 1 1 1 1 1 1 1 1 1 1 1 1 1 1 1 1 1 1 1 1 1 1 1 1 1 1 1 1 1 1 1 1 1 1 0 0 0 0 1 1 1 1 1 1 1 1 1 1 1 1 1 1 1 1 1 1 1 1 1 1 1 1 1 1 1 1 1 1 1 1 1 1 1 1 1 1 1 1 1 1 1 1 1 1 1 1 1 1 1 1 1 1 1 1 1 1 1 1 1 1 1 1 1 1 1 1 1 1 1 1 1 1 1 1 1 1 1 1 1 1 1 1 1 1 1 1 1 1 1 1 1 1 1 1 1 1 1 1 1 1 1 1 1 1 1 1 1 1 1 1 1 1 1 1 1 1 1 1 1 1 1 1 1 1 1 1 1 1 1 1 1 1 1 1 1 1 1 1 1 1 1 1 1 1 1 1 1 1 1 1 1 1 1 1 1 1 1 1 1 1 1 1 1 1 1 1 1 1 1 1 1 1 1 1 1 1 1 1 1 1 1 1 1 1 1 1 1 1 1 1 1 1 1 1 1 1 1 1 1 1 1 1 1 1 1 1 1 1 1 1 1 1 1 1 1 1 1 1 1 1 1 1 1 1 1 1 1 1 1 1 1 1 1 1 1 1 1 1 1 1 1 1 1 1 1 1 1 1 1 1 1 1 1 1 1 1 1 1 1 1 1 1 1 1 1 1 1 1 1 1 1 1 1 1 1 1 1 1 1 1 1 1 1 1 1 1 1 1 1 1 1 1 1 1 1 1 1 1 1 1 1 1 1 1 1 1 1 1 1 1 1 1 1 1 1 1 1 1 1 1 1 1 1 1 1 1 1 1 1 1 1 1 1 1 1 1 1 1 1 1 1 1 1 1 1 1 1 1 1 1 1 1 1 1 1 1 1 1 1 1 1 1 1 1 1 1 1 1 1 1 1 1 1 1 1 1 1 1 1 1 1 1 1 1 1 1 1 1 1 1 1 1 1 1 1 1 1 1 1 1 1 1 1 1 1 1 1 1 1 1 1 1 1 1 1 1 1 1 1 1 1 1 1 1 1 1 1 
