# This file contains a 2D laser scan observation. 
# Its format is: 
# [aperture] [max_range] [number_of_scans] 
# [vector_of_scans] 
# [vector_of_valid_scans] 
# The aperture of the sensor is in radians, the maximum range 
# and measurements are in meters. '1' means a valid scan, '0' otherwise.
4.1847
5.6
682
1.278 1.275 1.272 1.272 1.272 1.281 1.283 1.283 1.281 1.283 1.283 1.277 1.283 1.283 1.281 1.278 1.279 1.279 1.279 1.27 1.093 0.972 0.907 0.851 0.834 0.823 0.802 0.788 0.782 0.775 0.757 0.753 0.753 0.751 0.75 0.75 0.746 0.741 0.739 0.738 0.735 0.735 0.734 0.734 0.732 0.732 0.74 0.74 0.74 0.74 0.74 0.74 0.74 0.74 0.742 0.742 0.743 0.743 0.743 0.743 0.743 0.743 0.744 0.75 0.752 0.752 0.752 0.754 0.755 0.761 0.761 0.762 0.763 0.774 0.774 0.775 0.775 0.789 0.804 0.899 1.335 1.355 1.357 1.364 1.371 1.371 1.371 1.371 1.368 1.361 1.336 1.313 1.293 1.279 1.258 1.247 1.223 1.218 1.194 1.187 1.177 1.169 1.149 1.123 1.113 1.112 1.091 1.086 1.074 1.064 1.056 1.042 1.028 1.027 1.022 1.01 1.001 0.987 0.987 0.965 0.96 0.957 0.95 0.941 0.932 0.931 0.918 0.916 0.915 0.898 0.89 0.879 0.878 0.878 0.865 0.862 0.861 0.856 0.85 0.842 0.837 0.835 0.825 0.82 0.818 0.815 0.813 0.808 0.8 0.798 0.787 0.784 0.781 0.779 0.774 0.774 0.772 0.768 0.768 0.757 0.756 0.755 0.745 0.742 0.739 0.738 0.734 0.732 0.729 0.729 0.728 0.717 0.717 0.712 0.712 0.708 0.706 0.704 0.702 0.698 0.691 0.688 0.688 0.687 0.684 0.682 0.68 0.676 0.674 0.674 0.668 0.664 0.664 0.664 0.663 0.663 0.659 0.655 0.654 0.654 0.651 0.65 0.65 0.649 0.648 0.645 0.644 0.641 0.638 0.637 0.635 0.635 0.631 0.63 0.63 0.63 0.629 0.629 0.629 0.625 0.625 0.625 0.619 0.616 0.616 0.616 0.616 0.615 0.615 0.613 0.612 0.612 0.609 0.605 0.605 0.609 0.609 0.609 0.609 0.608 0.605 0.603 0.602 0.594 0.594 0.594 0.596 0.597 0.598 0.597 0.597 0.597 0.601 0.591 0.594 0.597 0.597 0.596 0.596 0.597 0.596 0.593 0.593 0.593 0.592 0.591 0.592 0.591 0.591 0.591 0.594 0.594 0.594 0.594 0.6 0.602 0.602 0.604 0.604 0.602 0.6 0.594 0.594 0.592 0.597 0.593 0.593 0.593 0.595 0.593 0.591 0.595 0.598 0.597 0.598 0.599 0.598 0.597 0.599 0.597 0.597 0.597 0.597 0.597 0.601 0.597 0.602 0.602 0.602 0.602 0.602 0.603 0.603 0.603 0.605 0.605 0.612 0.612 0.612 0.612 0.611 0.611 0.612 0.613 0.612 0.617 0.617 0.618 0.619 0.619 0.62 0.62 0.62 0.623 0.623 0.624 0.628 0.629 0.629 0.629 0.629 0.635 0.635 0.636 0.637 0.637 0.637 0.637 0.642 0.642 0.648 0.648 0.651 0.652 0.652 0.654 0.654 0.654 0.658 0.659 0.669 0.672 0.672 0.672 0.672 0.672 0.682 0.975 1.063 1.074 1.077 1.098 1.108 1.138 1.157 1.216 1.225 1.291 1.396 1.397 1.397 1.396 1.396 1.397 1.419 1.419 1.419 1.328 1.251 1.248 1.236 1.231 1.209 1.208 1.201 1.19 1.183 1.175 1.175 1.171 1.158 1.157 1.152 1.148 1.146 1.146 1.148 1.148 1.153 1.164 1.166 1.176 1.18 1.193 1.205 1.214 1.234 1.248 1.248 1.248 1.241 1.235 1.233 1.22 1.218 1.217 1.21 1.202 1.196 1.188 1.181 1.175 1.167 1.166 1.162 1.159 1.159 1.152 1.149 0.437 0.39 0.375 0.368 0.366 0.365 0.365 0.357 0.357 0.353 0.353 0.353 0.348 0.348 0.348 0.343 0.342 0.342 0.337 0.337 0.338 0.338 0.338 0.341 0.341 0.336 0.336 0.334 0.332 0.327 0.327 0.327 0.327 0.324 0.324 0.324 0.321 0.32 0.32 0.32 0.317 0.317 0.315 0.315 0.315 0.319 0.319 0.319 0.319 0.319 0.312 0.303 0.311 0.311 0.312 0.312 0.313 0.313 0.312 0.311 0.311 0.307 0.308 0.308 0.308 0.308 0.308 0.308 0.306 0.306 0.305 0.305 0.306 0.305 0.305 0.305 0.307 0.305 0.303 0.307 0.304 0.304 0.304 0.304 0.304 0.3 0.299 0.3 0.302 0.302 0.305 0.305 0.307 0.306 0.307 0.307 0.312 0.312 0.313 0.315 0.312 0.313 0.313 0.313 0.313 0.313 0.323 0.323 0.324 0.324 0.326 0.329 0.331 0.335 0.342 0.343 0.352 0.353 0.37 0.408 0.922 0.922 0.927 0.927 0.927 0.929 0.957 0.967 0.967 0.968 0.967 0.967 0.973 0.974 0.974 0.974 0.974 0.977 0.977 0.981 0.981 0.981 0.979 0.981 0.987 0.994 0.992 0.994 0.995 0.999 1.004 1.006 1.006 1.006 1.008 1.009 1.011 1.018 1.017 1.018 1.024 1.026 1.026 1.026 1.029 1.033 1.037 1.043 1.043 1.043 1.045 1.045 1.045 1.056 1.058 1.065 1.068 1.071 1.075 1.078 1.086 1.087 1.09 1.09 1.09 1.044 0.944 0.942 0.941 0.941 0.941 0.941 0.943 0.943 0.999 1.142 1.144 1.144 1.142 1.072 0.751 0.748 0.748 0.748 0.748 0.75 0.756 0.756 0.761 0.763 0.763 0.761 0.761 0.764 0.811 1.19 1.19 1.19 1.189 1.17 1.168 1.159 1.158 1.14 1.139 1.139 1.105 0.942 0.937 0.931 0.929 0.922 0.92 0.92 0.92 0.995 1.055 1.058 1.058 1.055 1.048 1.031 1.029 
1 1 1 1 1 1 1 1 1 1 1 1 1 1 1 1 1 1 1 1 1 1 1 1 1 1 1 1 1 1 1 1 1 1 1 1 1 1 1 1 1 1 1 1 1 1 1 1 1 1 1 1 1 1 1 1 1 1 1 1 1 1 1 1 1 1 1 1 1 1 1 1 1 1 1 1 1 1 1 1 1 1 1 1 1 1 1 1 1 1 1 1 1 1 1 1 1 1 1 1 1 1 1 1 1 1 1 1 1 1 1 1 1 1 1 1 1 1 1 1 1 1 1 1 1 1 1 1 1 1 1 1 1 1 1 1 1 1 1 1 1 1 1 1 1 1 1 1 1 1 1 1 1 1 1 1 1 1 1 1 1 1 1 1 1 1 1 1 1 1 1 1 1 1 1 1 1 1 1 1 1 1 1 1 1 1 1 1 1 1 1 1 1 1 1 1 1 1 1 1 1 1 1 1 1 1 1 1 1 1 1 1 1 1 1 1 1 1 1 1 1 1 1 1 1 1 1 1 1 1 1 1 1 1 1 1 1 1 1 1 1 1 1 1 1 1 1 1 1 1 1 1 1 1 1 1 1 1 1 1 1 1 1 1 1 1 1 1 1 1 1 1 1 1 1 1 1 1 1 1 1 1 1 1 1 1 1 1 1 1 1 1 1 1 1 1 1 1 1 1 1 1 1 1 1 1 1 1 1 1 1 1 1 1 1 1 1 1 1 1 1 1 1 1 1 1 1 1 1 1 1 1 1 1 1 1 1 1 1 1 1 1 1 1 1 1 1 1 1 1 1 1 1 1 1 1 1 1 1 1 1 1 1 1 1 1 1 1 1 1 1 1 1 1 1 1 1 1 1 1 1 1 1 1 1 1 1 1 1 1 1 1 1 1 1 1 1 1 1 1 1 1 1 1 1 1 1 1 1 1 1 1 1 1 1 1 1 1 1 1 1 1 1 1 1 1 1 1 1 1 1 1 1 1 1 1 1 1 1 1 1 1 1 1 1 1 1 1 1 1 1 1 1 1 1 1 1 1 1 1 1 1 1 1 1 1 1 1 1 1 1 1 1 1 1 1 1 1 1 1 1 1 1 1 1 1 1 1 1 1 1 1 1 1 1 1 1 1 1 1 1 1 1 1 1 1 1 1 1 1 1 1 1 1 1 1 1 1 1 1 1 1 1 1 1 1 1 1 1 1 1 1 1 1 1 1 1 1 1 1 1 1 1 1 1 1 1 1 1 1 1 1 1 1 1 1 1 1 1 1 1 1 1 1 1 1 1 1 1 1 1 1 1 1 1 1 1 1 1 1 1 1 1 1 1 1 1 1 1 1 1 1 1 1 1 1 1 1 1 1 1 1 1 1 1 1 1 1 1 1 1 1 1 1 1 1 1 1 1 1 1 1 1 1 1 1 1 1 1 1 1 1 1 1 1 1 1 1 1 1 1 1 1 1 1 1 1 1 1 1 1 1 1 1 1 1 1 1 1 1 1 1 1 1 1 1 1 1 1 1 1 1 1 1 1 1 1 1 1 1 1 1 
