# This file contains a 2D laser scan observation. 
# Its format is: 
# [aperture] [max_range] [number_of_scans] 
# [vector_of_scans] 
# [vector_of_valid_scans] 
# The aperture of the sensor is in radians, the maximum range 
# and measurements are in meters. '1' means a valid scan, '0' otherwise.
4.1847
5.6
682
0.985 0.985 0.979 0.975 0.975 0.975 0.975 0.963 0.958 0.956 0.952 0.952 0.952 0.95 0.949 0.949 0.939 0.938 0.936 0.935 0.931 0.93 0.929 0.925 0.922 0.92 0.919 0.915 0.915 0.913 0.915 0.913 0.91 0.903 0.899 0.897 0.896 0.896 0.891 0.891 0.888 0.888 0.888 0.888 0.885 0.88 0.88 0.88 0.877 0.88 0.88 0.877 0.875 0.874 0.874 0.87 0.867 0.866 0.866 0.866 0.866 0.868 0.868 0.868 0.865 0.864 0.864 0.864 0.992 1.08 1.119 1.119 1.119 0.84 0.84 0.84 0.841 0.841 0.841 0.84 0.837 0.837 0.84 0.845 0.846 0.846 0.846 0.847 0.853 0.853 0.854 0.855 0.857 0.861 0.861 0.862 0.868 0.87 0.871 0.873 0.874 0.876 0.88 0.883 0.885 0.886 0.896 0.899 0.907 0.909 0.918 0.923 0.926 0.933 0.934 0.956 0.957 0.982 0.984 1.001 1.028 1.075 1.184 1.195 1.195 1.184 0.913 0.892 0.891 0.891 0.891 0.892 0.892 0.894 0.902 0.904 0.906 0.906 0.906 0.906 0.907 0.909 0.911 0.915 0.915 0.916 0.916 0.919 0.921 0.941 0.944 0.946 0.947 0.95 0.95 0.951 0.958 0.96 0.96 0.969 0.973 0.973 0.974 0.976 0.976 0.98 0.986 0.988 0.992 0.996 0.998 1.003 1.012 1.013 1.013 1.019 1.022 1.024 1.031 1.031 1.036 1.042 1.048 1.049 1.06 1.065 1.066 1.075 1.076 1.076 1.084 1.087 1.096 1.098 1.112 1.116 1.12 1.122 1.127 1.132 1.139 1.144 1.152 1.156 1.167 1.17 1.184 1.184 1.185 1.19 1.191 1.21 1.212 1.218 1.223 1.235 1.24 1.252 1.264 1.268 1.292 1.331 1.335 1.34 2.518 2.518 2.518 2.501 2.475 2.47 2.457 2.436 2.409 2.399 2.38 2.371 2.352 2.348 2.333 2.31 2.277 2.275 2.267 2.251 2.236 2.228 2.227 2.227 2.228 2.227 2.227 2.227 2.21 2.2 2.2 2.2 2.209 2.238 2.248 2.258 2.258 2.258 2.255 2.23 2.224 2.221 2.207 2.205 2.192 2.192 2.175 2.168 2.159 2.155 2.153 2.148 2.137 2.132 2.127 2.118 2.114 2.112 2.102 2.094 2.083 2.078 2.076 2.072 2.063 2.062 2.055 2.049 2.049 2.044 2.039 2.032 2.026 2.025 2.017 2.008 2.004 2.003 1.995 1.99 1.989 1.986 1.984 1.977 1.97 1.957 0.921 0.914 0.908 0.896 0.889 0.889 0.889 0.889 0.889 0.893 0.883 0.883 0.882 0.885 0.885 0.89 0.889 0.89 0.89 0.89 0.889 0.891 0.891 0.891 0.887 0.888 0.888 0.887 0.886 0.886 0.886 0.885 0.878 0.799 0.674 0.572 0.45 0.42 0.378 0.368 0.357 0.345 0.344 0.343 0.335 0.333 0.331 0.33 0.326 0.324 0.324 0.32 0.32 0.316 0.315 0.315 0.312 0.31 0.309 0.31 0.309 0.308 0.308 0.308 0.302 0.302 0.302 0.302 0.302 0.302 0.303 0.304 0.305 0.306 0.305 0.305 0.306 0.306 0.304 0.304 0.304 0.304 0.303 0.303 0.304 0.304 0.304 0.304 0.304 0.301 0.301 0.301 0.304 0.304 0.306 0.306 0.307 0.307 0.307 0.307 0.307 0.307 0.307 0.307 0.307 0.307 0.298 0.307 0.308 0.309 0.31 0.31 0.311 0.316 0.316 0.323 0.323 0.32 0.312 0.32 0.314 0.32 0.324 0.325 0.325 0.326 0.327 0.327 0.325 0.327 0.325 0.325 0.331 0.332 0.333 0.333 0.333 0.337 0.334 0.335 0.337 0.338 0.348 0.349 0.355 0.357 0.359 0.357 0.357 0.357 0.364 0.364 0.365 0.368 0.371 0.372 0.372 0.38 0.381 0.384 0.385 0.385 0.415 0.781 0.781 0.783 0.781 0.779 0.772 0.768 0.768 0.757 0.749 0.744 0.743 0.742 0.741 0.737 0.732 0.731 0.727 0.722 0.72 0.715 0.715 0.71 0.708 0.701 0.692 0.692 0.69 0.69 0.688 0.682 0.678 0.675 0.669 0.669 0.661 0.661 0.659 0.659 0.659 0.659 0.652 0.65 0.648 0.647 0.641 0.638 0.636 0.633 0.633 0.633 0.628 0.626 0.626 0.621 0.618 0.618 0.618 0.618 0.614 0.614 0.606 0.604 0.604 0.606 0.604 0.605 0.605 0.605 0.6 0.605 0.598 0.594 0.594 0.593 0.59 0.589 0.589 0.587 0.586 0.587 0.587 0.585 0.58 0.58 0.577 0.577 0.575 0.574 0.572 0.571 0.571 0.57 0.571 0.575 0.575 0.572 0.572 0.57 0.569 0.568 0.565 0.565 0.565 0.565 0.563 0.563 0.563 0.562 0.561 0.562 0.562 0.562 0.562 0.562 0.562 0.562 0.561 0.558 0.556 0.556 0.556 0.555 0.554 0.556 0.558 0.559 0.559 0.559 0.559 0.559 0.559 0.562 0.563 0.563 0.562 0.562 0.558 0.556 0.555 0.555 0.556 0.556 0.556 0.556 0.557 0.561 0.561 0.561 0.557 0.557 0.557 0.55 0.557 0.56 0.56 0.557 0.56 0.561 0.561 0.562 0.562 0.562 0.565 0.56 0.56 0.565 0.565 0.568 0.569 0.568 0.568 0.568 0.569 0.569 0.571 0.571 0.576 0.577 0.577 0.578 0.578 0.578 0.58 0.58 0.582 0.585 0.582 0.584 0.584 0.584 0.584 0.586 0.587 0.591 0.593 0.593 0.594 0.594 0.596 0.597 0.597 0.598 0.6 0.602 0.603 0.606 0.613 0.613 
1 1 1 1 1 1 1 1 1 1 1 1 1 1 1 1 1 1 1 1 1 1 1 1 1 1 1 1 1 1 1 1 1 1 1 1 1 1 1 1 1 1 1 1 1 1 1 1 1 1 1 1 1 1 1 1 1 1 1 1 1 1 1 1 1 1 1 1 1 1 1 1 1 1 1 1 1 1 1 1 1 1 1 1 1 1 1 1 1 1 1 1 1 1 1 1 1 1 1 1 1 1 1 1 1 1 1 1 1 1 1 1 1 1 1 1 1 1 1 1 1 1 1 1 1 1 1 1 1 1 1 1 1 1 1 1 1 1 1 1 1 1 1 1 1 1 1 1 1 1 1 1 1 1 1 1 1 1 1 1 1 1 1 1 1 1 1 1 1 1 1 1 1 1 1 1 1 1 1 1 1 1 1 1 1 1 1 1 1 1 1 1 1 1 1 1 1 1 1 1 1 1 1 1 1 1 1 1 1 1 1 1 1 1 1 1 1 1 1 1 1 1 1 1 1 1 1 1 1 1 1 1 1 1 1 1 1 1 1 1 1 1 1 1 1 1 1 1 1 1 1 1 1 1 1 1 1 1 1 1 1 1 1 1 1 1 1 1 1 1 1 1 1 1 1 1 1 1 1 1 1 1 1 1 1 1 1 1 1 1 1 1 1 1 1 1 1 1 1 1 1 1 1 1 1 1 1 1 1 1 1 1 1 1 1 1 1 1 1 1 1 1 1 1 1 1 1 1 1 1 1 1 1 1 1 1 1 1 1 1 1 1 1 1 1 1 1 1 1 1 1 1 1 1 1 1 1 1 1 1 1 1 1 1 1 1 1 1 1 1 1 1 1 1 1 1 1 1 1 1 1 1 1 1 1 1 1 1 1 1 1 1 1 1 1 1 1 1 1 1 1 1 1 1 1 1 1 1 1 1 1 1 1 1 1 1 1 1 1 1 1 1 1 1 1 1 1 1 1 1 1 1 1 1 1 1 1 1 1 1 1 1 1 1 1 1 1 1 1 1 1 1 1 1 1 1 1 1 1 1 1 1 1 1 1 1 1 1 1 1 1 1 1 1 1 1 1 1 1 1 1 1 1 1 1 1 1 1 1 1 1 1 1 1 1 1 1 1 1 1 1 1 1 1 1 1 1 1 1 1 1 1 1 1 1 1 1 1 1 1 1 1 1 1 1 1 1 1 1 1 1 1 1 1 1 1 1 1 1 1 1 1 1 1 1 1 1 1 1 1 1 1 1 1 1 1 1 1 1 1 1 1 1 1 1 1 1 1 1 1 1 1 1 1 1 1 1 1 1 1 1 1 1 1 1 1 1 1 1 1 1 1 1 1 1 1 1 1 1 1 1 1 1 1 1 1 1 1 1 1 1 1 1 1 1 1 1 1 1 1 1 1 1 1 1 1 1 1 1 1 1 1 1 1 1 1 1 1 1 1 1 1 1 1 1 1 1 1 1 1 1 1 1 1 1 1 1 1 1 1 1 1 1 1 1 1 1 1 1 1 1 1 1 1 1 1 1 1 1 1 1 1 
