# This file contains a 2D laser scan observation. 
# Its format is: 
# [aperture] [max_range] [number_of_scans] 
# [vector_of_scans] 
# [vector_of_valid_scans] 
# The aperture of the sensor is in radians, the maximum range 
# and measurements are in meters. '1' means a valid scan, '0' otherwise.
4.1847
5.6
682
1.052 1.048 1.03 1.024 1.023 1.023 1.021 1.011 1.009 1.009 1.001 0.998 0.994 0.993 0.992 0.989 0.983 0.972 0.969 0.963 0.961 0.958 0.958 0.952 0.947 0.943 0.94 0.94 0.94 0.933 0.925 0.924 0.924 0.924 0.924 0.921 0.918 0.918 0.918 0.903 0.903 0.9 0.899 0.889 0.888 0.885 0.884 0.883 0.878 0.876 0.875 0.872 0.876 0.87 0.868 0.87 0.868 0.867 0.865 0.865 0.865 0.864 0.858 0.858 0.857 0.851 0.851 0.852 0.852 0.852 0.852 0.85 0.847 0.846 0.846 0.842 0.838 0.836 0.838 0.838 0.837 0.834 0.837 0.837 0.874 0.915 0.915 0.915 0.914 0.807 0.807 0.807 0.807 0.813 0.813 0.807 0.807 0.813 0.811 0.813 0.814 0.816 0.816 0.82 0.821 0.821 0.823 0.823 0.823 0.823 0.823 0.826 0.826 0.827 0.834 0.834 0.835 0.838 0.84 0.842 0.842 0.845 0.847 0.849 0.852 0.854 0.864 0.866 0.871 0.876 0.886 0.888 0.892 0.899 0.907 0.911 0.923 0.936 0.949 0.977 0.997 1.04 1.153 0.007 1.153 0.866 0.853 0.849 0.848 0.849 0.853 0.852 0.852 0.858 0.858 0.858 0.858 0.858 0.858 0.858 0.856 0.861 0.872 0.871 0.867 0.871 0.872 0.872 0.874 0.881 0.891 0.893 0.893 0.898 0.898 0.899 0.903 0.903 0.908 0.91 0.915 0.915 0.916 0.922 0.928 0.925 0.934 0.936 0.938 0.938 0.941 0.941 0.947 0.955 0.958 0.959 0.959 0.96 0.963 0.966 0.968 0.973 0.977 0.977 0.979 0.982 0.991 1 1.005 1.006 1.008 1.009 1.022 1.023 1.026 1.035 1.039 1.041 1.042 1.047 1.061 1.064 1.068 1.072 1.076 1.09 1.092 1.098 1.099 1.111 1.113 1.117 1.117 1.128 1.129 1.137 1.137 1.149 1.154 1.16 1.166 1.178 1.187 1.188 1.198 1.209 1.239 1.274 1.284 1.29 2.437 2.437 2.437 2.425 2.404 2.387 2.372 2.363 2.36 2.351 2.316 2.313 2.305 2.298 2.275 2.275 2.272 2.257 2.217 2.209 2.192 2.183 2.172 2.162 2.162 2.162 2.164 2.164 2.164 2.164 2.156 2.156 2.156 2.158 2.158 2.18 2.192 2.194 2.194 2.192 2.18 2.166 2.164 2.152 2.146 2.137 2.135 2.134 2.112 2.112 2.109 2.099 2.095 2.085 2.078 2.073 2.071 2.061 2.053 2.053 2.044 2.037 2.029 2.024 2.018 2.012 2.008 2.007 2.002 2 1.998 1.991 1.985 1.978 1.974 1.973 1.963 1.962 1.96 1.96 1.954 1.947 1.943 1.937 1.933 1.928 1.925 1.924 1.919 1.919 1.914 1.903 0.87 0.869 0.86 0.854 0.85 0.844 0.844 0.844 0.844 0.844 0.838 0.834 0.829 0.829 0.829 0.829 0.842 0.851 0.853 0.853 0.851 0.844 0.844 0.843 0.84 0.844 0.84 0.836 0.837 0.837 0.837 0.837 0.837 0.845 0.845 0.839 0.833 0.833 0.807 0.751 0.682 0.619 0.597 0.547 0.495 0.437 0.422 0.4 0.389 0.364 0.346 0.339 0.328 0.321 0.313 0.312 0.304 0.302 0.301 0.296 0.294 0.29 0.286 0.282 0.281 0.281 0.282 0.279 0.28 0.284 0.28 0.278 0.278 0.273 0.272 0.265 0.265 0.264 0.264 0.264 0.262 0.262 0.263 0.262 0.262 0.262 0.262 0.253 0.262 0.262 0.261 0.261 0.261 0.261 0.261 0.26 0.26 0.261 0.261 0.261 0.263 0.267 0.267 0.263 0.263 0.267 0.265 0.265 0.265 0.265 0.265 0.265 0.264 0.265 0.265 0.268 0.27 0.271 0.27 0.272 0.272 0.275 0.278 0.278 0.271 0.275 0.271 0.271 0.275 0.278 0.281 0.281 0.281 0.282 0.281 0.281 0.282 0.281 0.281 0.281 0.281 0.281 0.281 0.281 0.281 0.29 0.29 0.29 0.29 0.29 0.294 0.298 0.298 0.299 0.302 0.303 0.303 0.308 0.308 0.308 0.308 0.308 0.319 0.319 0.319 0.319 0.321 0.324 0.324 0.326 0.326 0.327 0.332 0.334 0.336 0.339 0.344 0.346 0.348 0.35 0.352 0.357 0.372 0.398 0.423 0.477 0.716 0.723 0.727 0.728 0.727 0.723 0.719 0.719 0.717 0.715 0.708 0.706 0.704 0.699 0.699 0.696 0.696 0.696 0.688 0.685 0.683 0.679 0.675 0.675 0.675 0.672 0.672 0.669 0.668 0.668 0.664 0.664 0.663 0.659 0.657 0.657 0.655 0.656 0.655 0.654 0.652 0.652 0.648 0.641 0.639 0.637 0.636 0.636 0.635 0.635 0.633 0.628 0.626 0.626 0.626 0.625 0.625 0.625 0.625 0.625 0.625 0.623 0.618 0.617 0.617 0.617 0.616 0.615 0.612 0.611 0.611 0.611 0.606 0.606 0.606 0.606 0.609 0.609 0.608 0.608 0.605 0.604 0.603 0.601 0.6 0.601 0.6 0.6 0.605 0.605 0.605 0.605 0.601 0.601 0.596 0.595 0.595 0.595 0.595 0.596 0.597 0.598 0.598 0.598 0.6 0.596 0.595 0.596 0.596 0.596 0.6 0.6 0.597 0.6 0.597 0.597 0.597 0.6 0.597 0.6 0.597 0.6 0.6 0.603 0.603 0.603 0.603 0.603 0.603 0.603 0.602 0.602 0.6 0.6 0.6 0.603 0.602 0.603 0.608 0.608 0.608 0.612 0.608 0.613 0.613 0.613 0.611 0.613 0.613 0.612 0.612 0.617 0.62 0.62 
1 1 1 1 1 1 1 1 1 1 1 1 1 1 1 1 1 1 1 1 1 1 1 1 1 1 1 1 1 1 1 1 1 1 1 1 1 1 1 1 1 1 1 1 1 1 1 1 1 1 1 1 1 1 1 1 1 1 1 1 1 1 1 1 1 1 1 1 1 1 1 1 1 1 1 1 1 1 1 1 1 1 1 1 1 1 1 1 1 1 1 1 1 1 1 1 1 1 1 1 1 1 1 1 1 1 1 1 1 1 1 1 1 1 1 1 1 1 1 1 1 1 1 1 1 1 1 1 1 1 1 1 1 1 1 1 1 1 1 1 1 1 1 0 1 1 1 1 1 1 1 1 1 1 1 1 1 1 1 1 1 1 1 1 1 1 1 1 1 1 1 1 1 1 1 1 1 1 1 1 1 1 1 1 1 1 1 1 1 1 1 1 1 1 1 1 1 1 1 1 1 1 1 1 1 1 1 1 1 1 1 1 1 1 1 1 1 1 1 1 1 1 1 1 1 1 1 1 1 1 1 1 1 1 1 1 1 1 1 1 1 1 1 1 1 1 1 1 1 1 1 1 1 1 1 1 1 1 1 1 1 1 1 1 1 1 1 1 1 1 1 1 1 1 1 1 1 1 1 1 1 1 1 1 1 1 1 1 1 1 1 1 1 1 1 1 1 1 1 1 1 1 1 1 1 1 1 1 1 1 1 1 1 1 1 1 1 1 1 1 1 1 1 1 1 1 1 1 1 1 1 1 1 1 1 1 1 1 1 1 1 1 1 1 1 1 1 1 1 1 1 1 1 1 1 1 1 1 1 1 1 1 1 1 1 1 1 1 1 1 1 1 1 1 1 1 1 1 1 1 1 1 1 1 1 1 1 1 1 1 1 1 1 1 1 1 1 1 1 1 1 1 1 1 1 1 1 1 1 1 1 1 1 1 1 1 1 1 1 1 1 1 1 1 1 1 1 1 1 1 1 1 1 1 1 1 1 1 1 1 1 1 1 1 1 1 1 1 1 1 1 1 1 1 1 1 1 1 1 1 1 1 1 1 1 1 1 1 1 1 1 1 1 1 1 1 1 1 1 1 1 1 1 1 1 1 1 1 1 1 1 1 1 1 1 1 1 1 1 1 1 1 1 1 1 1 1 1 1 1 1 1 1 1 1 1 1 1 1 1 1 1 1 1 1 1 1 1 1 1 1 1 1 1 1 1 1 1 1 1 1 1 1 1 1 1 1 1 1 1 1 1 1 1 1 1 1 1 1 1 1 1 1 1 1 1 1 1 1 1 1 1 1 1 1 1 1 1 1 1 1 1 1 1 1 1 1 1 1 1 1 1 1 1 1 1 1 1 1 1 1 1 1 1 1 1 1 1 1 1 1 1 1 1 1 1 1 1 1 1 1 1 1 1 1 1 1 1 1 1 1 1 1 1 1 1 1 1 1 1 1 1 1 1 1 1 1 1 1 1 1 1 1 1 1 1 1 1 1 1 1 1 1 1 1 1 1 1 1 1 1 1 1 1 1 1 1 1 1 1 1 1 
