# This file contains a 2D laser scan observation. 
# Its format is: 
# [aperture] [max_range] [number_of_scans] 
# [vector_of_scans] 
# [vector_of_valid_scans] 
# The aperture of the sensor is in radians, the maximum range 
# and measurements are in meters. '1' means a valid scan, '0' otherwise.
4.1847
5.6
682
0.655 0.651 0.651 0.645 0.645 0.644 0.639 0.639 0.637 0.636 0.636 0.636 0.636 0.637 0.637 0.637 0.636 0.635 0.635 0.636 0.64 0.64 0.641 0.642 0.642 0.642 0.642 0.644 0.646 0.646 0.646 0.646 0.646 0.645 0.65 0.65 0.651 0.651 0.651 0.651 0.652 0.661 0.661 0.662 0.661 0.659 0.659 0.662 0.667 0.671 0.673 0.675 0.675 0.675 0.676 0.676 0.676 0.686 0.688 0.688 0.69 0.693 0.693 0.693 0.693 0.693 0.693 0.695 0.697 0.697 0.7 0.7 0.701 0.702 0.707 0.709 0.711 0.713 0.721 0.721 0.722 0.726 0.727 0.729 0.732 0.732 0.736 0.737 0.743 0.745 0.748 0.75 0.752 0.758 0.762 0.762 0.763 0.768 0.773 0.773 0.775 0.783 0.785 0.791 0.793 0.795 0.797 0.803 0.805 0.813 0.816 0.816 0.823 0.823 0.823 0.823 0.835 0.836 0.839 0.845 0.846 0.856 0.859 0.864 0.866 0.868 0.877 0.879 0.889 0.899 0.904 0.914 0.922 0.924 0.926 0.929 0.945 0.947 0.956 0.958 0.968 0.973 0.988 0.989 1 1.001 1.014 1.031 1.033 1.036 1.037 1.051 1.068 1.096 1.099 1.118 1.125 1.144 1.169 1.17 1.188 1.207 1.21 1.214 1.239 1.247 1.268 1.272 1.291 1.311 1.316 1.339 1.343 1.354 1.375 1.375 1.375 1.373 1.363 1.36 1.355 1.353 1.346 1.345 1.342 1.339 1.334 1.331 1.329 1.328 1.322 1.32 1.316 1.315 1.315 1.306 1.304 1.303 1.294 1.29 1.289 1.289 1.288 1.289 1.289 1.289 1.28 1.28 1.279 1.276 1.275 1.271 1.271 1.268 1.263 1.262 1.261 1.258 1.258 1.26 1.26 1.26 1.26 1.255 1.254 1.254 1.255 1.26 1.26 1.26 1.257 1.256 1.248 1.248 1.248 1.248 1.253 1.253 1.253 1.253 1.251 1.251 1.251 1.252 1.252 1.252 1.25 1.253 1.252 1.252 1.254 1.254 1.252 1.248 1.248 1.246 1.245 1.24 1.239 1.237 1.237 1.236 1.236 1.237 1.237 1.237 1.237 1.237 1.237 1.244 1.244 1.245 1.244 1.247 1.247 1.252 1.253 1.253 1.253 1.253 1.253 1.253 1.266 1.266 1.265 1.265 1.265 1.265 1.275 1.303 1.347 1.365 1.365 1.365 1.365 1.374 1.374 1.374 1.378 1.343 1.343 0.007 1.323 1.292 1.305 1.305 1.305 1.334 1.334 1.337 1.337 1.347 1.365 1.367 1.367 1.425 1.48 1.491 1.498 1.491 1.491 1.48 1.474 1.457 1.422 1.422 1.422 1.442 1.452 1.509 1.497 1.497 1.509 1.509 1.497 1.493 1.509 1.493 1.484 1.453 1.452 1.447 1.452 1.453 1.474 1.478 1.481 1.483 1.492 1.495 1.504 1.515 1.524 1.527 1.536 1.547 1.547 1.557 1.558 1.572 1.586 1.589 1.597 1.604 1.619 1.622 1.63 1.639 1.647 1.657 1.662 1.679 1.681 1.695 1.702 1.717 1.72 1.742 1.748 1.755 1.76 1.783 1.793 1.803 1.821 1.835 1.839 1.855 1.856 1.873 1.897 1.9 1.913 1.921 1.936 1.958 1.975 1.983 2.002 2.01 2.033 2.045 2.061 2.095 2.114 2.121 2.116 2.116 2.116 2.11 2.103 2.092 2.089 2.081 2.076 2.062 2.054 2.045 2.045 2.032 2.027 2.021 2.009 2.001 1.991 1.988 1.988 1.977 1.972 1.965 1.96 1.956 1.946 1.94 1.938 1.926 1.925 1.919 1.91 1.907 1.896 1.894 1.889 1.887 1.881 1.873 1.871 1.866 1.857 1.856 1.852 1.842 1.842 1.841 1.84 1.838 1.823 1.818 1.816 1.812 1.812 1.81 1.804 1.801 1.797 1.796 1.795 1.79 1.784 1.781 1.778 1.775 1.774 1.772 1.764 1.764 1.764 1.764 1.767 1.77 1.915 2.015 2.015 2.034 2.041 2.042 2.042 2.041 2.037 2.031 2.028 1.909 1.746 1.743 1.729 1.729 1.729 1.715 1.73 1.731 1.73 1.731 1.735 1.736 1.736 1.736 1.732 1.732 1.732 1.734 1.735 1.735 1.734 1.729 1.724 1.724 1.724 1.724 1.729 1.731 1.731 1.729 1.729 1.729 1.728 1.729 1.728 1.73 1.727 1.729 1.729 1.736 1.74 1.763 2.052 2.229 2.356 2.36 2.36 2.36 2.351 2.152 2.134 2.113 2.085 2.076 2.069 2.063 2.029 2.022 2.019 1.934 1.934 1.934 2 2.078 2.084 2.093 2.095 2.143 0.006 0.007 2.412 2.412 2.412 2.386 2.262 2.262 2.262 2.444 2.46 2.48 2.499 2.499 2.499 2.499 2.5 2.501 2.508 2.519 2.526 2.531 2.531 2.526 0.872 0.872 0.861 0.861 0.861 0.859 0.859 0.866 2.404 2.411 0 0 0 0 0 0 0 0 0 0 0 0 2.799 2.798 2.799 2.866 2.866 2.897 2.901 2.951 2.951 2.901 2.98 2.896 2.879 2.879 2.934 2.934 2.958 3.109 3.144 3.149 3.149 0 0 0 0 2.227 2.227 2.216 2.205 0.711 0.711 0.711 2.063 2.101 2.101 2.101 0.007 0.006 4.757 4.757 4.757 4.402 1.991 1.981 1.981 1.98 1.959 1.958 1.946 1.929 1.929 1.912 1.912 1.912 1.894 1.884 0.682 0.682 0.682 1.818 1.818 1.818 1.815 1.806 1.806 1.806 1.797 0.015 0.007 0.015 0.007 1.705 1.705 0.015 1.51 1.69 
1 1 1 1 1 1 1 1 1 1 1 1 1 1 1 1 1 1 1 1 1 1 1 1 1 1 1 1 1 1 1 1 1 1 1 1 1 1 1 1 1 1 1 1 1 1 1 1 1 1 1 1 1 1 1 1 1 1 1 1 1 1 1 1 1 1 1 1 1 1 1 1 1 1 1 1 1 1 1 1 1 1 1 1 1 1 1 1 1 1 1 1 1 1 1 1 1 1 1 1 1 1 1 1 1 1 1 1 1 1 1 1 1 1 1 1 1 1 1 1 1 1 1 1 1 1 1 1 1 1 1 1 1 1 1 1 1 1 1 1 1 1 1 1 1 1 1 1 1 1 1 1 1 1 1 1 1 1 1 1 1 1 1 1 1 1 1 1 1 1 1 1 1 1 1 1 1 1 1 1 1 1 1 1 1 1 1 1 1 1 1 1 1 1 1 1 1 1 1 1 1 1 1 1 1 1 1 1 1 1 1 1 1 1 1 1 1 1 1 1 1 1 1 1 1 1 1 1 1 1 1 1 1 1 1 1 1 1 1 1 1 1 1 1 1 1 1 1 1 1 1 1 1 1 1 1 1 1 1 1 1 1 1 1 1 1 1 1 1 1 1 1 1 1 1 1 1 1 1 1 1 1 1 1 1 1 1 1 1 1 1 1 1 1 1 1 1 1 1 1 1 0 1 1 1 1 1 1 1 1 1 1 1 1 1 1 1 1 1 1 1 1 1 1 1 1 1 1 1 1 1 1 1 1 1 1 1 1 1 1 1 1 1 1 1 1 1 1 1 1 1 1 1 1 1 1 1 1 1 1 1 1 1 1 1 1 1 1 1 1 1 1 1 1 1 1 1 1 1 1 1 1 1 1 1 1 1 1 1 1 1 1 1 1 1 1 1 1 1 1 1 1 1 1 1 1 1 1 1 1 1 1 1 1 1 1 1 1 1 1 1 1 1 1 1 1 1 1 1 1 1 1 1 1 1 1 1 1 1 1 1 1 1 1 1 1 1 1 1 1 1 1 1 1 1 1 1 1 1 1 1 1 1 1 1 1 1 1 1 1 1 1 1 1 1 1 1 1 1 1 1 1 1 1 1 1 1 1 1 1 1 1 1 1 1 1 1 1 1 1 1 1 1 1 1 1 1 1 1 1 1 1 1 1 1 1 1 1 1 1 1 1 1 1 1 1 1 1 1 1 1 1 1 1 1 1 1 1 1 1 1 1 1 1 1 1 1 1 1 1 1 1 1 1 1 1 1 1 1 1 0 0 1 1 1 1 1 1 1 1 1 1 1 1 1 1 1 1 1 1 1 1 1 1 1 1 1 1 1 1 1 1 1 1 0 0 0 0 0 0 0 0 0 0 0 0 1 1 1 1 1 1 1 1 1 1 1 1 1 1 1 1 1 1 1 1 1 0 0 0 0 1 1 1 1 1 1 1 1 1 1 1 0 0 1 1 1 1 1 1 1 1 1 1 1 1 1 1 1 1 1 1 1 1 1 1 1 1 1 1 1 1 1 0 0 0 0 1 1 0 1 1 
