# This file contains a 2D laser scan observation. 
# Its format is: 
# [aperture] [max_range] [number_of_scans] 
# [vector_of_scans] 
# [vector_of_valid_scans] 
# The aperture of the sensor is in radians, the maximum range 
# and measurements are in meters. '1' means a valid scan, '0' otherwise.
4.1847
5.6
682
0.818 0.816 0.816 0.816 0.815 0.813 0.813 0.809 0.806 0.805 0.805 0.805 0.805 0.803 0.802 0.801 0.801 0.799 0.799 0.799 0.799 0.799 0.802 0.802 0.797 0.802 0.802 0.803 0.803 0.803 0.803 0.806 0.806 0.806 0.806 0.811 0.812 0.815 0.815 0.815 0.816 0.816 0.816 0.816 0.808 0.718 0.718 0.718 0.722 0.722 0.722 0.722 0.722 0.709 0.704 0.721 0.707 0.701 0.707 0.707 0.707 0.701 0.692 0.692 0.691 0.692 0.692 0.696 0.692 0.692 0.69 0.686 0.676 0.676 0.676 0.695 0.695 0.695 0.694 0.694 0.694 0.695 0.697 0.699 0.699 0.697 0.697 0.696 0.695 0.695 0.693 0.693 0.693 0.7 0.7 0.702 0.7 0.7 0.7 0.702 0.708 0.718 0.725 0.742 0.747 0.751 0.752 0.752 0.752 0.744 0.723 0.722 0.713 0.706 0.702 0.7 0.699 0.693 0.692 0.692 0.692 0.692 0.694 0.696 0.696 0.696 0.697 0.696 0.695 0.695 0.695 0.695 0.7 0.7 0.7 0.7 0.699 0.699 0.699 0.7 0.7 0.707 0.707 0.708 0.708 0.708 0.708 0.707 0.707 0.706 0.707 0.713 0.713 0.718 0.718 0.716 0.716 0.716 0.716 0.73 0.73 0.73 0.731 0.731 0.731 0.731 0.731 0.737 0.738 0.739 0.739 0.744 0.746 0.746 0.746 0.753 0.754 0.754 0.753 0.746 0.746 0.746 0.746 0.747 0.75 0.748 0.75 0.751 0.754 0.763 0.768 0.769 0.769 0.771 0.777 0.778 0.783 0.785 0.786 0.786 0.789 0.79 0.791 0.799 0.806 0.85 0.858 0.864 0.864 0.864 0.865 0.865 0.866 2.592 2.592 2.592 2.577 2.542 2.514 2.491 2.464 2.209 2.186 2.162 2.154 2.14 2.125 2.119 2.109 2.085 2.078 2.051 2.048 2.031 2.023 2.002 1.987 1.976 1.95 1.945 1.924 1.911 1.901 1.88 1.871 1.861 1.849 1.838 1.828 1.816 1.816 1.802 1.788 1.747 1.737 1.725 1.719 1.705 1.702 1.693 1.69 1.69 1.69 1.694 1.694 1.694 1.684 1.684 1.664 1.664 1.676 1.681 1.681 1.695 1.707 1.721 1.721 1.721 1.72 1.714 1.706 1.704 1.688 1.684 1.677 1.668 1.659 1.654 1.652 1.651 1.645 1.638 1.63 1.629 1.619 1.609 1.607 1.603 1.599 1.598 1.585 1.584 1.575 1.573 1.566 1.559 1.556 1.552 1.55 1.544 1.54 1.538 1.533 1.533 1.525 1.523 1.523 1.521 1.51 1.51 1.504 1.504 1.499 1.491 1.486 1.485 1.484 1.482 1.47 1.47 1.468 1.466 1.466 1.466 1.466 1.455 1.453 1.449 1.449 1.446 1.446 1.446 1.445 1.443 1.445 1.435 1.435 1.438 1.438 1.435 1.434 1.434 1.431 1.431 1.427 1.423 1.422 1.421 1.422 1.421 1.421 1.419 1.418 1.416 1.416 1.411 1.408 1.408 1.408 1.385 0.473 0.46 0.436 0.431 0.426 0.426 0.426 0.426 0.426 0.423 0.416 0.415 0.413 0.413 0.405 0.405 0.401 0.398 0.398 0.398 0.398 0.4 0.4 0.4 0.406 0.418 0.42 0.42 0.418 0.406 0.406 0.403 0.403 0.406 0.408 0.408 0.41 0.408 0.408 0.41 0.416 0.431 0.431 0.431 0.428 0.428 0.427 0.428 0.429 0.429 0.429 0.429 0.432 0.432 0.433 0.433 0.43 0.43 0.433 0.434 0.434 0.434 0.436 0.44 0.441 0.441 0.441 0.446 0.446 0.446 0.446 0.448 0.449 0.449 0.449 0.452 0.453 0.454 0.454 0.454 0.454 0.455 0.464 0.464 0.462 0.47 0.463 0.463 0.469 0.47 0.471 0.473 0.475 0.479 0.479 0.48 0.484 0.486 0.484 0.481 0.486 0.481 0.481 0.489 0.489 0.489 0.492 0.493 0.492 0.494 0.492 0.491 0.469 0.329 0.312 0.308 0.303 0.301 0.301 0.303 0.301 0.301 0.298 0.292 0.289 0.288 0.286 0.28 0.28 0.28 0.278 0.278 0.277 0.277 0.277 0.277 0.27 0.27 0.259 0.258 0.258 0.253 0.253 0.25 0.25 0.25 0.254 0.249 0.248 0.24 0.24 0.24 0.24 0.24 0.24 0.234 0.234 0.238 0.234 0.23 0.23 0.229 0.227 0.227 0.227 0.226 0.226 0.226 0.225 0.224 0.222 0.222 0.221 0.222 0.222 0.222 0.22 0.213 0.213 0.211 0.21 0.213 0.21 0.21 0.211 0.211 0.211 0.211 0.211 0.212 0.208 0.208 0.206 0.202 0.202 0.201 0.202 0.204 0.207 0.204 0.204 0.201 0.201 0.2 0.201 0.201 0.205 0.205 0.205 0.204 0.2 0.196 0.196 0.198 0.198 0.2 0.2 0.2 0.2 0.199 0.198 0.198 0.199 0.199 0.201 0.201 0.199 0.201 0.199 0.197 0.194 0.194 0.194 0.197 0.197 0.197 0.197 0.197 0.194 0.194 0.196 0.196 0.2 0.2 0.203 0.203 0.202 0.197 0.198 0.196 0.196 0.196 0.198 0.198 0.198 0.199 0.202 0.202 0.197 0.198 0.198 0.198 0.204 0.204 0.204 0.204 0.198 0.198 0.204 0.205 0.205 0.206 0.206 0.206 0.205 0.206 0.205 0.211 0.205 0.204 0.204 0.204 0.203 0.203 0.203 0.203 0.203 0.208 0.211 0.211 0.211 0.211 0.211 0.211 0.21 0.21 0.21 0.21 0.21 0.21 0.211 0.216 0.216 0.216 0.216 0.216 0.219 0.22 0.225 0.225 0.221 0.22 
1 1 1 1 1 1 1 1 1 1 1 1 1 1 1 1 1 1 1 1 1 1 1 1 1 1 1 1 1 1 1 1 1 1 1 1 1 1 1 1 1 1 1 1 1 1 1 1 1 1 1 1 1 1 1 1 1 1 1 1 1 1 1 1 1 1 1 1 1 1 1 1 1 1 1 1 1 1 1 1 1 1 1 1 1 1 1 1 1 1 1 1 1 1 1 1 1 1 1 1 1 1 1 1 1 1 1 1 1 1 1 1 1 1 1 1 1 1 1 1 1 1 1 1 1 1 1 1 1 1 1 1 1 1 1 1 1 1 1 1 1 1 1 1 1 1 1 1 1 1 1 1 1 1 1 1 1 1 1 1 1 1 1 1 1 1 1 1 1 1 1 1 1 1 1 1 1 1 1 1 1 1 1 1 1 1 1 1 1 1 1 1 1 1 1 1 1 1 1 1 1 1 1 1 1 1 1 1 1 1 1 1 1 1 1 1 1 1 1 1 1 1 1 1 1 1 1 1 1 1 1 1 1 1 1 1 1 1 1 1 1 1 1 1 1 1 1 1 1 1 1 1 1 1 1 1 1 1 1 1 1 1 1 1 1 1 1 1 1 1 1 1 1 1 1 1 1 1 1 1 1 1 1 1 1 1 1 1 1 1 1 1 1 1 1 1 1 1 1 1 1 1 1 1 1 1 1 1 1 1 1 1 1 1 1 1 1 1 1 1 1 1 1 1 1 1 1 1 1 1 1 1 1 1 1 1 1 1 1 1 1 1 1 1 1 1 1 1 1 1 1 1 1 1 1 1 1 1 1 1 1 1 1 1 1 1 1 1 1 1 1 1 1 1 1 1 1 1 1 1 1 1 1 1 1 1 1 1 1 1 1 1 1 1 1 1 1 1 1 1 1 1 1 1 1 1 1 1 1 1 1 1 1 1 1 1 1 1 1 1 1 1 1 1 1 1 1 1 1 1 1 1 1 1 1 1 1 1 1 1 1 1 1 1 1 1 1 1 1 1 1 1 1 1 1 1 1 1 1 1 1 1 1 1 1 1 1 1 1 1 1 1 1 1 1 1 1 1 1 1 1 1 1 1 1 1 1 1 1 1 1 1 1 1 1 1 1 1 1 1 1 1 1 1 1 1 1 1 1 1 1 1 1 1 1 1 1 1 1 1 1 1 1 1 1 1 1 1 1 1 1 1 1 1 1 1 1 1 1 1 1 1 1 1 1 1 1 1 1 1 1 1 1 1 1 1 1 1 1 1 1 1 1 1 1 1 1 1 1 1 1 1 1 1 1 1 1 1 1 1 1 1 1 1 1 1 1 1 1 1 1 1 1 1 1 1 1 1 1 1 1 1 1 1 1 1 1 1 1 1 1 1 1 1 1 1 1 1 1 1 1 1 1 1 1 1 1 1 1 1 1 1 1 1 1 1 1 1 1 1 1 1 1 1 1 1 1 1 1 1 1 1 1 1 1 1 1 1 1 1 1 1 1 1 1 1 1 1 1 1 1 1 1 1 1 1 1 1 1 1 1 1 
