# This file contains a 2D laser scan observation. 
# Its format is: 
# [aperture] [max_range] [number_of_scans] 
# [vector_of_scans] 
# [vector_of_valid_scans] 
# The aperture of the sensor is in radians, the maximum range 
# and measurements are in meters. '1' means a valid scan, '0' otherwise.
4.1847
5.6
682
0.652 0.648 0.647 0.646 0.645 0.64 0.639 0.639 0.637 0.637 0.639 0.641 0.642 0.642 0.642 0.643 0.643 0.64 0.641 0.643 0.643 0.641 0.641 0.64 0.639 0.639 0.64 0.643 0.645 0.649 0.645 0.649 0.649 0.646 0.646 0.652 0.651 0.652 0.657 0.657 0.657 0.662 0.662 0.665 0.665 0.664 0.664 0.665 0.665 0.666 0.668 0.669 0.671 0.671 0.675 0.678 0.68 0.68 0.68 0.684 0.686 0.69 0.69 0.69 0.69 0.691 0.691 0.696 0.697 0.697 0.704 0.707 0.707 0.709 0.709 0.709 0.711 0.717 0.718 0.719 0.722 0.722 0.723 0.723 0.729 0.734 0.736 0.741 0.741 0.741 0.746 0.752 0.755 0.756 0.76 0.762 0.768 0.77 0.772 0.773 0.775 0.775 0.783 0.785 0.794 0.796 0.797 0.799 0.805 0.811 0.811 0.816 0.82 0.822 0.825 0.826 0.829 0.835 0.84 0.847 0.848 0.856 0.863 0.866 0.866 0.874 0.875 0.878 0.889 0.895 0.906 0.907 0.919 0.922 0.929 0.929 0.942 0.949 0.953 0.958 0.971 0.971 0.986 0.986 0.996 1.011 1.018 1.033 1.034 1.04 1.04 1.048 1.062 1.11 1.11 1.113 1.129 1.141 1.168 1.178 1.193 1.203 1.219 1.232 1.244 1.253 1.265 1.273 1.299 1.312 1.317 1.33 1.347 1.355 1.375 1.375 1.375 1.375 1.37 1.365 1.362 1.355 1.352 1.347 1.343 1.341 1.336 1.335 1.325 1.321 1.32 1.319 1.315 1.314 1.312 1.304 1.303 1.303 1.295 1.294 1.293 1.286 1.286 1.286 1.281 1.28 1.279 1.279 1.279 1.277 1.273 1.273 1.27 1.269 1.27 1.27 1.269 1.257 1.257 1.256 1.257 1.258 1.258 1.254 1.254 1.254 1.251 1.251 1.251 1.254 1.252 1.253 1.253 1.253 1.252 1.253 1.254 1.254 1.246 1.254 1.252 1.246 1.249 1.252 1.252 1.251 1.251 1.256 1.256 1.256 1.256 1.257 1.256 1.251 1.251 1.251 1.245 1.245 1.24 1.24 1.24 1.24 1.24 1.241 1.241 1.241 1.238 1.241 1.245 1.245 1.248 1.249 1.249 1.248 1.251 1.26 1.255 1.259 1.259 1.258 1.258 1.259 1.259 1.263 1.263 1.264 1.264 1.266 1.27 1.301 1.345 1.363 1.363 1.363 1.363 1.374 1.374 1.374 1.374 1.343 1.309 1.309 1.298 1.291 1.298 1.309 1.309 1.316 1.316 1.348 1.348 1.346 1.371 1.381 1.381 1.419 1.486 1.494 1.494 1.486 1.485 1.473 1.472 1.456 1.42 1.42 1.42 1.432 1.442 1.514 1.491 1.491 1.498 1.498 1.491 1.483 1.498 1.482 1.48 1.454 1.454 1.453 1.454 1.454 1.458 1.47 1.472 1.479 1.487 1.5 1.502 1.512 1.525 1.535 1.54 1.54 1.545 1.554 1.565 1.567 1.583 1.596 1.598 1.599 1.62 1.622 1.63 1.636 1.652 1.66 1.669 1.675 1.678 1.7 1.705 1.715 1.725 1.73 1.753 1.758 1.764 1.785 1.795 1.806 1.824 1.832 1.839 1.845 1.858 1.88 1.896 1.898 1.905 1.926 1.943 1.955 1.975 1.989 1.998 2.002 2.034 2.039 2.057 2.091 2.12 2.12 2.12 2.12 2.118 2.116 2.105 2.093 2.087 2.083 2.068 2.066 2.061 2.047 2.037 2.036 2.028 2.02 2.006 2.003 1.987 1.984 1.984 1.972 1.969 1.962 1.957 1.95 1.949 1.943 1.942 1.931 1.93 1.919 1.907 1.902 1.9 1.895 1.89 1.884 1.883 1.873 1.866 1.863 1.861 1.854 1.848 1.843 1.843 1.841 1.835 1.832 1.826 1.826 1.823 1.813 1.81 1.809 1.806 1.805 1.802 1.797 1.792 1.792 1.788 1.784 1.783 1.782 1.78 1.778 1.771 1.767 1.767 1.767 1.764 1.767 1.909 2.018 2.018 2.042 2.044 2.044 2.042 2.041 2.038 2.031 2.024 1.906 1.751 1.744 1.739 1.731 1.731 1.729 1.731 1.731 1.733 1.731 1.732 1.735 1.735 1.737 1.738 1.738 1.738 1.736 1.735 1.733 1.731 1.727 1.727 1.727 1.727 1.727 1.729 1.729 1.728 1.726 1.723 1.723 1.723 1.723 1.723 1.727 1.727 1.729 1.73 1.733 1.747 1.756 2.059 2.22 2.354 2.366 2.366 2.366 2.353 2.151 2.138 2.099 2.092 2.075 2.067 2.058 2.025 2.024 2.022 1.931 1.931 1.931 1.993 2.076 2.082 2.092 0.007 0.015 0.015 0.007 2.427 2.427 2.427 2.404 2.264 2.264 2.264 2.442 2.466 2.467 2.479 2.495 2.495 2.497 2.497 2.498 2.501 2.511 2.526 2.528 2.528 2.528 0.868 0.868 0.868 0.868 0.868 0.868 0.868 0.868 2.409 2.425 0 0 0 0 0 0 0 0 0 0 0 0 2.804 2.804 2.811 2.866 2.866 2.888 2.919 2.951 2.951 2.888 2.991 2.884 2.881 2.881 2.933 2.933 3.002 3.12 3.141 3.141 3.16 0 0 0 0 2.229 2.229 2.222 2.198 0.719 0.719 0.719 2.071 2.102 2.102 2.102 0.007 0.006 4.731 4.731 4.731 4.403 1.985 1.973 1.973 1.971 1.953 1.953 1.944 1.936 1.928 1.923 1.923 1.897 1.882 0.696 0.664 0.664 0.696 1.823 1.823 1.823 1.816 1.804 1.804 1.801 1.785 1.785 1.709 1.709 0.007 1.709 1.709 0.015 1.505 1.7 
1 1 1 1 1 1 1 1 1 1 1 1 1 1 1 1 1 1 1 1 1 1 1 1 1 1 1 1 1 1 1 1 1 1 1 1 1 1 1 1 1 1 1 1 1 1 1 1 1 1 1 1 1 1 1 1 1 1 1 1 1 1 1 1 1 1 1 1 1 1 1 1 1 1 1 1 1 1 1 1 1 1 1 1 1 1 1 1 1 1 1 1 1 1 1 1 1 1 1 1 1 1 1 1 1 1 1 1 1 1 1 1 1 1 1 1 1 1 1 1 1 1 1 1 1 1 1 1 1 1 1 1 1 1 1 1 1 1 1 1 1 1 1 1 1 1 1 1 1 1 1 1 1 1 1 1 1 1 1 1 1 1 1 1 1 1 1 1 1 1 1 1 1 1 1 1 1 1 1 1 1 1 1 1 1 1 1 1 1 1 1 1 1 1 1 1 1 1 1 1 1 1 1 1 1 1 1 1 1 1 1 1 1 1 1 1 1 1 1 1 1 1 1 1 1 1 1 1 1 1 1 1 1 1 1 1 1 1 1 1 1 1 1 1 1 1 1 1 1 1 1 1 1 1 1 1 1 1 1 1 1 1 1 1 1 1 1 1 1 1 1 1 1 1 1 1 1 1 1 1 1 1 1 1 1 1 1 1 1 1 1 1 1 1 1 1 1 1 1 1 1 1 1 1 1 1 1 1 1 1 1 1 1 1 1 1 1 1 1 1 1 1 1 1 1 1 1 1 1 1 1 1 1 1 1 1 1 1 1 1 1 1 1 1 1 1 1 1 1 1 1 1 1 1 1 1 1 1 1 1 1 1 1 1 1 1 1 1 1 1 1 1 1 1 1 1 1 1 1 1 1 1 1 1 1 1 1 1 1 1 1 1 1 1 1 1 1 1 1 1 1 1 1 1 1 1 1 1 1 1 1 1 1 1 1 1 1 1 1 1 1 1 1 1 1 1 1 1 1 1 1 1 1 1 1 1 1 1 1 1 1 1 1 1 1 1 1 1 1 1 1 1 1 1 1 1 1 1 1 1 1 1 1 1 1 1 1 1 1 1 1 1 1 1 1 1 1 1 1 1 1 1 1 1 1 1 1 1 1 1 1 1 1 1 1 1 1 1 1 1 1 1 1 1 1 1 1 1 1 1 1 1 1 1 1 1 1 1 1 1 1 1 1 1 1 1 1 1 1 1 1 1 1 1 1 1 1 1 1 1 1 1 1 1 1 1 1 1 1 1 1 1 1 1 1 1 1 1 0 0 0 0 1 1 1 1 1 1 1 1 1 1 1 1 1 1 1 1 1 1 1 1 1 1 1 1 1 1 1 1 1 1 1 1 0 0 0 0 0 0 0 0 0 0 0 0 1 1 1 1 1 1 1 1 1 1 1 1 1 1 1 1 1 1 1 1 1 0 0 0 0 1 1 1 1 1 1 1 1 1 1 1 0 0 1 1 1 1 1 1 1 1 1 1 1 1 1 1 1 1 1 1 1 1 1 1 1 1 1 1 1 1 1 1 1 1 0 1 1 0 1 1 
