# This file contains a 2D laser scan observation. 
# Its format is: 
# [aperture] [max_range] [number_of_scans] 
# [vector_of_scans] 
# [vector_of_valid_scans] 
# The aperture of the sensor is in radians, the maximum range 
# and measurements are in meters. '1' means a valid scan, '0' otherwise.
4.1847
5.6
682
0.981 0.967 0.929 0.914 0.911 0.902 0.895 0.89 0.889 0.888 0.886 0.877 0.875 0.874 0.868 0.864 0.862 0.859 0.856 0.853 0.852 0.849 0.849 0.848 0.844 0.839 0.839 0.839 0.837 0.833 0.833 0.833 0.832 0.83 0.83 0.829 0.83 0.828 0.827 0.827 0.82 0.727 0.72 0.717 0.709 0.706 0.695 0.695 0.692 0.692 0.686 0.684 0.674 0.672 0.67 0.664 0.662 0.662 0.656 0.656 0.656 0.639 0.639 0.649 0.649 0.649 0.651 0.649 0.646 0.646 0.646 0.641 0.636 0.634 0.63 0.625 0.625 0.625 0.615 0.613 0.613 0.613 0.613 0.608 0.613 0.601 0.599 0.599 0.598 0.598 0.598 0.597 0.594 0.593 0.59 0.587 0.587 0.583 0.583 0.58 0.573 0.573 0.572 0.572 0.57 0.57 0.569 0.565 0.565 0.565 0.563 0.565 0.563 0.557 0.557 0.557 0.556 0.556 0.551 0.549 0.549 0.548 0.548 0.548 0.548 0.548 0.541 0.543 0.541 0.54 0.54 0.539 0.539 0.537 0.536 0.537 0.538 0.537 0.536 0.538 0.533 0.533 0.533 0.535 0.533 0.533 0.533 0.53 0.528 0.53 0.53 0.532 0.532 0.534 0.534 0.534 0.532 0.532 0.532 0.526 0.526 0.53 0.53 0.53 0.53 0.534 0.536 0.537 0.542 0.55 0.567 0.578 0.579 0.592 0.592 0.592 0.585 0.581 0.566 0.562 0.551 0.545 0.537 0.534 0.533 0.533 0.534 0.531 0.534 0.534 0.531 0.529 0.511 0.511 0.511 0.511 0.509 0.509 0.509 0.509 0.517 0.517 0.516 0.517 0.516 0.516 0.519 0.519 0.527 0.527 0.526 0.522 0.526 0.522 0.522 0.528 0.53 0.528 0.531 0.531 0.529 0.528 0.529 0.528 0.529 0.528 0.529 0.543 0.543 0.539 0.541 0.541 0.541 0.546 0.569 0.586 0.59 0.591 0.591 0.591 0.591 0.592 0.59 0.59 0.592 0.59 0.59 0.589 0.592 0.592 0.642 0.859 0.862 0.869 0 0 0 0 0 0 0.007 0 0 0.007 0 0 0 2.538 2.496 2.496 2.496 2.475 2.433 2.378 2.331 2.3 2.275 2.248 2.207 2.18 2.158 1.925 1.904 1.861 1.861 1.851 1.843 1.824 1.818 1.805 1.776 1.767 1.748 1.734 1.722 1.708 1.682 1.674 1.662 1.653 1.636 1.622 1.609 1.592 1.588 1.577 1.561 1.543 1.541 1.531 1.518 1.505 1.496 1.492 1.483 1.465 1.438 1.429 1.425 1.425 1.408 1.405 1.39 1.374 1.37 1.364 1.364 1.37 1.371 1.384 1.384 1.384 1.365 1.364 1.345 1.339 1.339 1.339 1.34 1.341 1.359 1.36 1.371 1.386 1.387 1.399 1.399 1.399 1.395 1.392 1.378 1.378 1.375 1.359 1.359 1.358 1.354 1.351 1.341 1.34 1.335 1.327 1.324 1.321 1.319 1.311 1.305 1.298 1.289 1.286 1.284 1.281 1.279 1.274 1.274 1.274 1.268 1.266 1.264 1.258 1.257 1.253 1.253 1.247 1.246 1.239 1.236 1.234 1.232 1.229 1.226 1.225 1.222 1.222 1.22 1.22 1.221 1.215 1.215 1.212 1.209 1.208 1.208 1.198 1.198 1.197 1.191 1.191 1.191 1.186 1.186 1.195 1.186 1.184 1.184 1.184 1.177 1.174 1.174 1.172 1.167 1.167 1.172 1.174 1.174 1.174 1.167 1.165 1.164 1.164 1.164 1.164 1.164 1.162 1.16 1.162 1.164 1.16 1.159 1.164 1.165 1.159 1.165 1.165 1.162 1.162 1.162 1.162 1.161 1.161 1.161 1.163 1.162 1.163 1.163 1.162 1.162 1.162 1.162 1.161 1.159 1.159 1.165 1.162 1.168 1.169 1.168 1.162 1.171 1.173 1.173 1.173 1.173 1.177 1.177 1.178 1.182 1.182 1.18 1.18 1.18 1.18 1.181 1.181 1.181 1.181 1.181 1.182 0.006 0.006 0.006 0 0.007 0 4.362 4.154 4.154 4.136 4.136 4.133 4.133 4.133 4.15 4.156 4.168 4.182 4.182 4.182 3.367 3.336 3.277 3.257 3.192 3.132 3.112 3.06 3.028 3.003 2.954 2.919 2.907 2.872 2.854 2.809 2.786 2.761 2.724 2.71 2.678 2.655 2.623 2.602 2.571 2.56 2.529 2.502 2.482 2.464 2.434 2.421 2.385 2.383 2.358 2.333 2.326 2.302 2.285 2.275 2.249 2.234 2.223 2.196 2.184 2.167 2.149 2.135 2.123 2.123 2.116 2.099 0.26 0.259 0.253 0.253 0.253 0.253 0.251 0.249 0.249 0.248 0.249 0.248 0.249 0.25 0.25 0.25 0.25 0.249 0.248 0.247 0.246 0.245 0.245 0.245 0.242 0.24 0.24 0.233 0.233 0.233 0.229 0.235 0.236 0.236 0.242 0.244 0.244 0.244 0.244 0.245 0.247 0.247 0.247 0.247 0.245 0.243 0.243 0.243 0.243 0.243 0.245 0.243 0.243 0.245 0.246 0.249 0.256 0.256 0.261 0.263 0.263 0.267 0.267 0.27 0.28 0.281 0.28 0.281 0.287 0.29 0.291 0.304 0.335 0.336 0.339 0.342 0.352 0.359 0.36 0.368 0.377 0.383 0.389 0.393 0.413 0.413 0.417 0.421 0.453 0.46 0.465 0.471 0.471 0.48 0.486 0.486 0.531 0.557 0.575 0.577 0.582 0.599 0.631 0.632 0.643 0.662 0.676 0.676 0.719 0.729 0.742 0.744 0.799 0.818 0.865 0.905 0.912 0.916 0.931 0.951 0.951 0.951 
1 1 1 1 1 1 1 1 1 1 1 1 1 1 1 1 1 1 1 1 1 1 1 1 1 1 1 1 1 1 1 1 1 1 1 1 1 1 1 1 1 1 1 1 1 1 1 1 1 1 1 1 1 1 1 1 1 1 1 1 1 1 1 1 1 1 1 1 1 1 1 1 1 1 1 1 1 1 1 1 1 1 1 1 1 1 1 1 1 1 1 1 1 1 1 1 1 1 1 1 1 1 1 1 1 1 1 1 1 1 1 1 1 1 1 1 1 1 1 1 1 1 1 1 1 1 1 1 1 1 1 1 1 1 1 1 1 1 1 1 1 1 1 1 1 1 1 1 1 1 1 1 1 1 1 1 1 1 1 1 1 1 1 1 1 1 1 1 1 1 1 1 1 1 1 1 1 1 1 1 1 1 1 1 1 1 1 1 1 1 1 1 1 1 1 1 1 1 1 1 1 1 1 1 1 1 1 1 1 1 1 1 1 1 1 1 1 1 1 1 1 1 1 1 1 1 1 1 1 1 1 1 1 1 1 1 1 1 1 1 1 1 1 1 1 1 1 1 1 1 1 1 1 1 0 0 0 0 0 0 0 0 0 0 0 0 0 1 1 1 1 1 1 1 1 1 1 1 1 1 1 1 1 1 1 1 1 1 1 1 1 1 1 1 1 1 1 1 1 1 1 1 1 1 1 1 1 1 1 1 1 1 1 1 1 1 1 1 1 1 1 1 1 1 1 1 1 1 1 1 1 1 1 1 1 1 1 1 1 1 1 1 1 1 1 1 1 1 1 1 1 1 1 1 1 1 1 1 1 1 1 1 1 1 1 1 1 1 1 1 1 1 1 1 1 1 1 1 1 1 1 1 1 1 1 1 1 1 1 1 1 1 1 1 1 1 1 1 1 1 1 1 1 1 1 1 1 1 1 1 1 1 1 1 1 1 1 1 1 1 1 1 1 1 1 1 1 1 1 1 1 1 1 1 1 1 1 1 1 1 1 1 1 1 1 1 1 1 1 1 1 1 1 1 1 1 1 1 1 1 1 1 1 1 1 1 1 1 1 1 1 1 1 1 1 1 1 1 1 1 1 1 1 1 1 1 1 1 0 0 0 0 0 0 1 1 1 1 1 1 1 1 1 1 1 1 1 1 1 1 1 1 1 1 1 1 1 1 1 1 1 1 1 1 1 1 1 1 1 1 1 1 1 1 1 1 1 1 1 1 1 1 1 1 1 1 1 1 1 1 1 1 1 1 1 1 1 1 1 1 1 1 1 1 1 1 1 1 1 1 1 1 1 1 1 1 1 1 1 1 1 1 1 1 1 1 1 1 1 1 1 1 1 1 1 1 1 1 1 1 1 1 1 1 1 1 1 1 1 1 1 1 1 1 1 1 1 1 1 1 1 1 1 1 1 1 1 1 1 1 1 1 1 1 1 1 1 1 1 1 1 1 1 1 1 1 1 1 1 1 1 1 1 1 1 1 1 1 1 1 1 1 1 1 1 1 1 1 1 1 1 1 1 1 1 1 1 1 1 1 1 1 
