# This file contains a 2D laser scan observation. 
# Its format is: 
# [aperture] [max_range] [number_of_scans] 
# [vector_of_scans] 
# [vector_of_valid_scans] 
# The aperture of the sensor is in radians, the maximum range 
# and measurements are in meters. '1' means a valid scan, '0' otherwise.
4.1847
5.6
682
0.416 0.416 0.419 0.419 0.419 0.419 0.416 0.413 0.413 0.413 0.417 0.42 0.424 0.426 0.427 0.428 0.431 0.438 0.438 0.439 0.439 0.438 0.439 0.44 0.44 0.449 0.454 0.46 0.463 0.463 0.468 0.469 0.477 0.507 0.513 0.514 0.516 0.525 0.528 0.533 0.537 0.548 0.549 0.551 0.558 0.572 0.579 0.586 0.587 0.592 0.614 0.625 0.625 0.625 0.615 0.585 0.585 0.584 0.583 0.585 0.592 0.594 0.594 0.594 0.583 0.58 0.577 0.577 0.577 0.579 0.591 0.591 0.583 0.584 0.583 0.583 0.583 0.581 0.581 0.583 0.583 0.583 0.585 0.599 0.806 0.915 0.942 0.961 0.006 0.015 0.015 0.006 0 3.578 3.578 3.58 0 0 0 0 0 0 0.007 0 0.008 0.007 4.152 3.715 3.715 3.715 3.766 3.8 3.808 3.812 3.814 3.826 3.826 3.844 3.851 3.884 4.018 4.033 4.033 0 0 0 0 0.007 0 0 0 0.007 0 0 0 0 0 0 0 0 0 0 0 0 0 0 0 4.14 4.137 4.137 4.14 5.085 0 0.007 0.006 0.007 0 0 0 0 0 0 0 0.007 0 2.08 0 0 0 0 0 0 0 0 0 0 0 0 0.007 0 0 0 1.9 1.865 1.855 1.463 1.408 1.408 1.404 1.402 1.356 1.354 1.35 1.337 1.288 1.288 1.285 1.27 1.244 1.217 1.202 1.181 1.17 1.148 1.146 1.135 1.125 1.118 1.101 1.08 1.072 1.056 1.052 1.034 1.027 1.011 1.004 0.995 0.986 0.974 0.942 0.942 0.929 0.922 0.915 0.908 0.891 0.883 0.875 0.874 0.862 0.86 0.852 0.845 0.844 0.844 0.845 0.856 0.857 0.88 0.88 0.88 0.857 0.841 0.841 0.832 0.814 0.814 0.814 0.817 0.817 0.82 0.82 0.82 0.82 0.827 0.832 0.835 0.84 0.846 0.846 0.846 0.86 0.863 0.873 0.877 0.877 0.877 0.873 0.865 0.865 0.863 0.86 0.851 0.848 0.846 0.842 0.84 0.839 0.833 0.833 0.828 0.826 0.823 0.823 0.82 0.816 0.815 0.812 0.812 0.798 0.797 0.797 0.793 0.792 0.79 0.787 0.787 0.787 0.787 0.786 0.783 0.783 0.776 0.776 0.774 0.766 0.765 0.763 0.761 0.76 0.758 0.757 0.751 0.75 0.751 0.75 0.746 0.746 0.745 0.744 0.741 0.741 0.741 0.741 0.732 0.73 0.732 0.731 0.731 0.729 0.729 0.728 0.727 0.726 0.722 0.724 0.723 0.723 0.723 0.723 0.72 0.719 0.719 0.719 0.715 0.715 0.715 0.715 0.714 0.714 0.714 0.711 0.711 0.71 0.711 0.71 0.711 0.711 0.711 0.708 0.712 0.708 0.706 0.706 0.706 0.705 0.706 0.704 0.702 0.704 0.709 0.702 0.702 0.702 0.702 0.702 0.702 0.702 0.705 0.705 0.705 0.704 0.707 0.706 0.706 0.704 0.706 0.706 0.7 0.701 0.701 0.701 0.7 0.701 0.706 0.706 0.704 0.704 0.704 0.704 0.705 0.705 0.706 0.706 0.708 0.711 0.711 0.71 0.71 0.71 0.71 0.71 0.709 0.709 0.709 0.709 0.709 0.713 0.72 0.723 0.723 0.723 0.723 0.722 0.722 0.722 0.723 0.724 0.724 0.724 0.727 0.727 0.731 0.731 0.734 0.734 0.734 0.734 0.738 0.737 0.737 0.739 0.739 0.745 0.746 0.746 0.746 0.746 0.746 0.749 0.756 0.756 0.756 0.758 0.765 0.766 0.77 0.771 0.774 0.774 0.777 0.781 0.779 0.781 0.785 0.786 0.793 0.793 0.795 0.796 0.802 0.802 0.807 0.811 0.814 0.814 0.815 0.816 0.819 0.821 0.823 0.83 0.834 0.836 0.835 0.843 0.843 0.843 0.843 0.844 0.845 2.384 2.384 2.384 2.366 2.345 2.341 2.317 2.311 2.293 2.276 2.259 2.254 2.233 2.231 2.208 2.199 2.181 2.178 2.151 2.151 2.139 2.126 2.113 2.099 2.099 2.09 2.075 2.06 2.054 2.038 2.035 2.022 2.011 2.006 1.994 1.976 1.975 1.972 1.961 1.945 1.934 1.934 1.924 1.911 1.906 1.902 1.901 1.882 1.872 1.868 1.863 1.847 1.846 1.844 1.839 1.837 1.826 1.821 1.805 1.805 1.801 1.798 1.797 1.784 1.782 1.777 1.763 1.759 1.753 1.748 1.742 1.739 1.729 1.726 1.726 1.722 1.72 1.719 1.709 1.709 1.709 1.757 1.779 1.807 1.835 1.88 1.913 1.942 1.983 2.02 2.045 2.052 2.052 2.046 2.045 2.044 2.037 2.037 2.037 2.093 2.093 2.093 2.093 2.093 2.098 2.151 2.172 2.26 2.295 2.328 2.328 2.366 2.398 2.447 2.447 2.483 2.518 2.577 2.61 0 0.007 0 0 0 3.025 3.014 3.012 3.014 3.012 3.012 3.003 3.003 3 2.997 2.997 2.995 2.995 3.03 5.24 5.255 5.255 5.255 5.259 5.265 5.265 5.274 5.28 5.28 5.28 5.275 5.275 5.275 5.302 5.302 5.302 5.28 2.002 2.002 2 2 2.002 2.007 2.01 0.015 0.015 0.015 1.897 1.819 1.749 1.689 1.627 1.565 1.507 1.448 1.408 1.368 1.346 1.302 1.26 1.234 1.196 1.176 1.133 1.11 1.088 1.063 1.047 1.022 0.993 0.981 
1 1 1 1 1 1 1 1 1 1 1 1 1 1 1 1 1 1 1 1 1 1 1 1 1 1 1 1 1 1 1 1 1 1 1 1 1 1 1 1 1 1 1 1 1 1 1 1 1 1 1 1 1 1 1 1 1 1 1 1 1 1 1 1 1 1 1 1 1 1 1 1 1 1 1 1 1 1 1 1 1 1 1 1 1 1 1 1 0 0 0 0 0 1 1 1 0 0 0 0 0 0 0 0 0 0 1 1 1 1 1 1 1 1 1 1 1 1 1 1 1 1 1 0 0 0 0 0 0 0 0 0 0 0 0 0 0 0 0 0 0 0 0 0 0 0 0 1 1 1 1 1 0 0 0 0 0 0 0 0 0 0 0 0 0 1 0 0 0 0 0 0 0 0 0 0 0 0 0 0 0 0 1 1 1 1 1 1 1 1 1 1 1 1 1 1 1 1 1 1 1 1 1 1 1 1 1 1 1 1 1 1 1 1 1 1 1 1 1 1 1 1 1 1 1 1 1 1 1 1 1 1 1 1 1 1 1 1 1 1 1 1 1 1 1 1 1 1 1 1 1 1 1 1 1 1 1 1 1 1 1 1 1 1 1 1 1 1 1 1 1 1 1 1 1 1 1 1 1 1 1 1 1 1 1 1 1 1 1 1 1 1 1 1 1 1 1 1 1 1 1 1 1 1 1 1 1 1 1 1 1 1 1 1 1 1 1 1 1 1 1 1 1 1 1 1 1 1 1 1 1 1 1 1 1 1 1 1 1 1 1 1 1 1 1 1 1 1 1 1 1 1 1 1 1 1 1 1 1 1 1 1 1 1 1 1 1 1 1 1 1 1 1 1 1 1 1 1 1 1 1 1 1 1 1 1 1 1 1 1 1 1 1 1 1 1 1 1 1 1 1 1 1 1 1 1 1 1 1 1 1 1 1 1 1 1 1 1 1 1 1 1 1 1 1 1 1 1 1 1 1 1 1 1 1 1 1 1 1 1 1 1 1 1 1 1 1 1 1 1 1 1 1 1 1 1 1 1 1 1 1 1 1 1 1 1 1 1 1 1 1 1 1 1 1 1 1 1 1 1 1 1 1 1 1 1 1 1 1 1 1 1 1 1 1 1 1 1 1 1 1 1 1 1 1 1 1 1 1 1 1 1 1 1 1 1 1 1 1 1 1 1 1 1 1 1 1 1 1 1 1 1 1 1 1 1 1 1 1 1 1 1 1 1 1 1 1 1 1 1 1 1 1 1 1 1 1 1 1 1 1 1 1 1 1 1 1 1 1 1 1 1 1 1 1 1 1 1 1 1 1 1 1 1 1 1 1 1 1 1 1 1 1 1 1 1 1 1 1 1 1 1 1 1 1 1 1 1 1 1 1 0 0 0 0 0 1 1 1 1 1 1 1 1 1 1 1 1 1 1 1 1 1 1 1 1 1 1 1 1 1 1 1 1 1 1 1 1 1 1 1 1 1 1 1 0 0 0 1 1 1 1 1 1 1 1 1 1 1 1 1 1 1 1 1 1 1 1 1 1 1 1 
