# This file contains a 2D laser scan observation. 
# Its format is: 
# [aperture] [max_range] [number_of_scans] 
# [vector_of_scans] 
# [vector_of_valid_scans] 
# The aperture of the sensor is in radians, the maximum range 
# and measurements are in meters. '1' means a valid scan, '0' otherwise.
4.1847
5.6
682
0.909 0.91 0.912 0.914 0.914 0.915 0.917 0.917 0.915 0.9 0.886 0.873 0.858 0.842 0.831 0.825 0.801 0.8 0.787 0.766 0.755 0.755 0.74 0.736 0.725 0.714 0.708 0.701 0.685 0.677 0.67 0.662 0.648 0.642 0.641 0.638 0.628 0.621 0.616 0.606 0.605 0.603 0.601 0.597 0.586 0.583 0.572 0.569 0.569 0.569 0.557 0.549 0.547 0.545 0.537 0.534 0.533 0.528 0.527 0.526 0.511 0.51 0.508 0.505 0.5 0.5 0.497 0.489 0.489 0.487 0.486 0.48 0.478 0.475 0.471 0.471 0.467 0.467 0.462 0.46 0.458 0.457 0.454 0.452 0.449 0.449 0.445 0.441 0.441 0.439 0.437 0.432 0.432 0.428 0.428 0.424 0.424 0.424 0.423 0.418 0.415 0.414 0.413 0.413 0.412 0.412 0.41 0.406 0.403 0.403 0.403 0.395 0.395 0.394 0.393 0.391 0.388 0.387 0.387 0.386 0.386 0.375 0.375 0.375 0.376 0.376 0.376 0.376 0.373 0.369 0.369 0.367 0.366 0.365 0.364 0.36 0.358 0.357 0.355 0.355 0.355 0.351 0.35 0.347 0.344 0.342 0.342 0.342 0.342 0.339 0.341 0.341 0.339 0.341 0.341 0.338 0.338 0.331 0.331 0.328 0.328 0.328 0.327 0.327 0.328 0.328 0.328 0.333 0.333 0.325 0.325 0.325 0.324 0.324 0.324 0.324 0.325 0.325 0.325 0.325 0.325 0.323 0.323 0.324 0.321 0.321 0.321 0.315 0.315 0.316 0.32 0.32 0.32 0.32 0.321 0.321 0.321 0.321 0.321 0.319 0.319 0.319 0.319 0.32 0.322 0.322 0.322 0.322 0.322 0.321 0.316 0.316 0.323 0.32 0.323 0.324 0.323 0.324 0.324 0.324 0.324 0.324 0.322 0.326 0.321 0.321 0.321 0.323 0.323 0.326 0.323 0.327 0.327 0.326 0.326 0.331 0.331 0.331 0.331 0.33 0.33 0.33 0.33 0.331 0.332 0.334 0.332 0.334 0.336 0.336 0.333 0.337 0.336 0.336 0.339 0.339 0.339 0.339 0.34 0.34 0.339 0.34 0.34 0.342 0.342 0.342 0.342 0.344 0.344 0.347 0.347 0.347 0.347 0.347 0.349 0.35 0.351 0.351 0.352 0.352 0.353 0.357 0.357 0.357 0.357 0.359 0.364 0.365 0.372 0.372 0.372 0.372 0.372 0.372 0.378 0.381 0.381 0.382 0.382 0.383 0.385 0.386 0.386 0.388 0.39 0.39 0.39 0.39 0.385 0.385 0.383 0.383 0.381 0.381 0.383 0.384 1.953 1.953 1.953 1.936 1.93 1.909 1.893 1.88 1.868 1.847 1.838 1.838 1.816 1.811 1.793 1.786 1.77 1.76 1.748 1.745 1.731 1.72 1.713 1.699 1.695 1.69 1.674 1.663 1.661 1.65 1.644 1.627 1.626 1.621 1.616 1.61 1.593 1.584 1.579 1.577 1.575 1.553 1.548 1.54 1.539 1.528 1.522 1.521 1.512 1.507 1.498 1.491 1.487 1.481 1.478 1.475 1.465 1.456 1.455 1.445 1.438 1.436 1.434 1.43 1.427 1.416 1.41 1.409 1.409 1.408 1.4 1.399 1.39 1.384 1.383 1.38 1.377 1.373 1.369 1.369 1.366 1.354 1.354 1.347 1.346 1.342 1.342 1.341 1.337 1.337 1.335 1.333 1.329 1.319 1.319 1.314 1.312 1.312 1.311 1.308 1.307 1.305 1.303 1.303 1.301 1.293 1.29 1.29 1.281 1.281 1.281 1.281 1.297 1.354 1.391 1.439 1.489 1.548 1.616 1.642 1.645 1.645 1.645 1.648 1.649 1.649 1.653 1.653 1.656 0.007 1.725 1.718 1.718 1.718 1.718 1.741 1.772 1.813 0.007 0 0 0.007 0 0 0 0 0 0 0 2.676 2.676 2.689 2.689 2.686 2.689 2.689 2.69 2.691 2.692 2.698 2.703 2.704 2.707 4.967 4.976 4.981 4.981 4.994 4.994 5.006 5.015 5.015 5.015 5.015 5.015 5.015 5.017 5.015 4.986 0 4.608 4.445 4.17 4.096 4.096 4.096 4.103 4.126 4.129 4.129 4.129 4.129 4.143 4.163 4.163 4.163 1.758 1.754 1.754 1.754 1.755 1.754 1.755 1.755 1.764 1.77 1.77 1.77 1.758 1.724 1.697 1.676 1.635 1.632 1.594 1.574 1.55 1.533 1.505 1.481 1.464 1.444 1.421 1.42 1.403 1.371 1.353 1.349 1.319 1.318 1.298 1.28 1.267 1.26 1.243 1.23 1.219 1.209 1.194 1.187 1.171 1.157 1.136 1.135 1.127 1.115 1.106 1.099 1.082 1.081 1.072 1.065 1.048 1.045 1.04 1.039 1.019 1.014 1.004 0.997 0.996 0.982 0.981 0.979 0.968 0.96 0.956 0.954 0.94 0.935 0.934 0.929 0.926 0.909 0.908 0.907 0.9 0.897 0.891 0.881 0.881 0.877 0.873 0.871 0.869 0.861 0.86 0.86 0.852 0.841 0.84 0.833 0.833 0.831 0.83 0.83 0.828 0.828 0.813 0.806 0.803 0.802 0.801 0.797 0.789 0.786 0.786 0.786 0.783 0.783 0.778 0.772 0.771 0.77 0.766 0.761 0.761 0.76 0.752 0.75 0.747 0.747 0.746 0.746 0.745 0.738 0.738 0.738 0.735 0.732 0.732 0.729 0.729 0.728 0.718 0.718 0.723 0.723 0.723 0.723 0.718 0.713 0.71 0.707 0.704 0.701 0.701 0.701 0.705 0.705 0.705 0.702 0.669 0.669 0.659 0.658 0.658 0.672 0.668 0.668 0.668 0.661 0.66 0.66 0.658 0.66 
1 1 1 1 1 1 1 1 1 1 1 1 1 1 1 1 1 1 1 1 1 1 1 1 1 1 1 1 1 1 1 1 1 1 1 1 1 1 1 1 1 1 1 1 1 1 1 1 1 1 1 1 1 1 1 1 1 1 1 1 1 1 1 1 1 1 1 1 1 1 1 1 1 1 1 1 1 1 1 1 1 1 1 1 1 1 1 1 1 1 1 1 1 1 1 1 1 1 1 1 1 1 1 1 1 1 1 1 1 1 1 1 1 1 1 1 1 1 1 1 1 1 1 1 1 1 1 1 1 1 1 1 1 1 1 1 1 1 1 1 1 1 1 1 1 1 1 1 1 1 1 1 1 1 1 1 1 1 1 1 1 1 1 1 1 1 1 1 1 1 1 1 1 1 1 1 1 1 1 1 1 1 1 1 1 1 1 1 1 1 1 1 1 1 1 1 1 1 1 1 1 1 1 1 1 1 1 1 1 1 1 1 1 1 1 1 1 1 1 1 1 1 1 1 1 1 1 1 1 1 1 1 1 1 1 1 1 1 1 1 1 1 1 1 1 1 1 1 1 1 1 1 1 1 1 1 1 1 1 1 1 1 1 1 1 1 1 1 1 1 1 1 1 1 1 1 1 1 1 1 1 1 1 1 1 1 1 1 1 1 1 1 1 1 1 1 1 1 1 1 1 1 1 1 1 1 1 1 1 1 1 1 1 1 1 1 1 1 1 1 1 1 1 1 1 1 1 1 1 1 1 1 1 1 1 1 1 1 1 1 1 1 1 1 1 1 1 1 1 1 1 1 1 1 1 1 1 1 1 1 1 1 1 1 1 1 1 1 1 1 1 1 1 1 1 1 1 1 1 1 1 1 1 1 1 1 1 1 1 1 1 1 1 1 1 1 1 1 1 1 1 1 1 1 1 1 1 1 1 1 1 1 1 1 1 1 1 1 1 1 1 1 1 1 1 1 1 1 1 1 1 1 1 1 1 1 1 1 1 1 1 1 1 1 1 0 1 1 1 1 1 1 1 1 0 0 0 0 0 0 0 0 0 0 0 1 1 1 1 1 1 1 1 1 1 1 1 1 1 1 1 1 1 1 1 1 1 1 1 1 1 1 1 1 1 0 1 1 1 1 1 1 1 1 1 1 1 1 1 1 1 1 1 1 1 1 1 1 1 1 1 1 1 1 1 1 1 1 1 1 1 1 1 1 1 1 1 1 1 1 1 1 1 1 1 1 1 1 1 1 1 1 1 1 1 1 1 1 1 1 1 1 1 1 1 1 1 1 1 1 1 1 1 1 1 1 1 1 1 1 1 1 1 1 1 1 1 1 1 1 1 1 1 1 1 1 1 1 1 1 1 1 1 1 1 1 1 1 1 1 1 1 1 1 1 1 1 1 1 1 1 1 1 1 1 1 1 1 1 1 1 1 1 1 1 1 1 1 1 1 1 1 1 1 1 1 1 1 1 1 1 1 1 1 1 1 1 1 1 1 1 1 1 1 1 1 1 1 1 1 1 1 1 1 1 1 1 1 1 1 1 1 
