# This file contains a 2D laser scan observation. 
# Its format is: 
# [aperture] [max_range] [number_of_scans] 
# [vector_of_scans] 
# [vector_of_valid_scans] 
# The aperture of the sensor is in radians, the maximum range 
# and measurements are in meters. '1' means a valid scan, '0' otherwise.
4.1847
5.6
682
0.395 0.395 0.395 0.395 0.431 0.435 0.435 0.435 0.435 0.435 0.436 0.459 0.462 0.477 0.508 0.513 0.548 0.562 0.565 0.578 0.588 0.609 0.633 0.643 0.651 0.662 0.722 0.753 0.793 0.822 0.845 0.887 0.921 0.956 0.995 1.032 1.065 1.103 1.145 1.18 1.181 1.189 1.195 1.201 1.357 0.007 1.533 1.533 1.652 1.652 1.747 1.948 2.128 3.252 3.256 3.263 3.263 4.301 4.301 4.301 4.254 4.23 4.138 4.126 4.126 4.138 4.182 4.19 4.291 4.291 4.293 4.294 4.294 4.293 4.302 4.304 4.304 4.299 4.299 4.299 4.299 4.303 4.306 4.308 4.31 4.317 4.326 4.327 4.328 4.328 4.332 4.332 4.341 4.343 4.343 4.343 4.341 4.304 4.304 4.304 5.361 5.365 0 5.365 5.361 5.365 3.481 3.422 3.29 3.29 3.277 3.276 3.276 3.25 3.243 3.243 3.243 3.263 3.28 3.286 3.289 3.289 3.289 2.488 2.441 2.407 2.363 2.339 2.292 2.275 2.232 2.204 2.164 2.145 2.121 2.079 2.053 2.03 2.01 1.972 1.954 1.933 1.91 1.885 1.864 1.84 1.823 1.795 1.78 1.765 1.74 1.727 1.693 1.691 1.661 1.643 1.628 1.626 1.599 1.576 1.564 1.547 1.534 1.514 1.506 1.504 1.488 1.466 1.447 1.446 1.438 1.423 1.41 1.397 1.392 1.377 1.365 1.36 1.351 1.343 1.328 1.318 1.313 1.311 1.294 1.28 1.278 1.273 1.255 1.25 1.249 1.248 1.233 1.221 1.214 1.207 1.205 1.196 1.188 1.186 1.181 1.174 1.161 1.156 1.151 1.149 1.145 1.134 1.129 1.126 1.121 1.115 1.109 1.108 1.106 1.094 1.076 1.076 1.076 1.076 1.075 1.066 1.061 1.052 1.052 1.052 1.044 1.041 1.038 1.033 1.033 1.032 1.028 1.023 1.018 1.018 1.01 1.007 1.006 1.005 0.997 0.995 0.987 0.986 0.985 0.983 0.982 0.976 0.975 0.973 0.973 0.966 0.965 0.963 0.961 0.961 0.961 0.954 0.948 0.954 0.945 0.941 0.933 0.933 0.93 0.933 0.938 0.941 0.953 0.984 1.001 1.014 1.029 1.055 1.071 1.097 1.116 1.144 1.177 1.199 1.24 1.252 1.253 1.253 1.272 1.256 1.256 1.256 1.258 1.258 1.258 1.263 1.266 1.264 1.264 1.273 1.335 1.335 1.335 1.335 1.329 1.329 1.346 1.364 1.349 1.364 1.44 1.446 1.446 1.493 1.505 1.53 1.567 1.581 1.611 1.644 1.678 1.718 1.742 1.812 1.84 1.885 1.902 1.951 2.111 2.334 2.335 2.339 2.339 2.335 2.335 2.327 2.32 2.319 2.319 2.315 2.315 2.317 2.318 2.318 4.601 4.603 4.603 4.607 4.607 4.615 4.62 4.625 4.625 4.63 4.633 4.64 4.64 4.658 4.668 0 0 0 0 0 0 0.007 3.833 3.753 3.727 3.727 3.731 3.732 3.732 3.751 3.751 3.752 3.765 3.781 3.784 3.787 3.797 3.804 3.812 3.815 3.812 3.834 3.812 1.367 1.356 1.356 1.355 1.356 1.358 1.367 1.367 1.369 1.37 1.373 1.377 1.377 1.373 1.369 1.348 1.331 1.319 1.306 1.279 1.267 1.251 1.245 1.224 1.208 1.197 1.191 1.168 1.151 1.146 1.133 1.122 1.11 1.105 1.08 1.08 1.068 1.061 1.054 1.042 1.024 1.024 1.018 1.012 1.005 0.991 0.986 0.979 0.966 0.96 0.957 0.946 0.939 0.931 0.931 0.922 0.918 0.907 0.905 0.897 0.897 0.895 0.879 0.874 0.866 0.864 0.863 0.849 0.849 0.844 0.843 0.833 0.831 0.83 0.826 0.825 0.818 0.816 0.81 0.803 0.8 0.794 0.79 0.788 0.787 0.782 0.781 0.772 0.763 0.763 0.763 0.761 0.761 0.761 0.761 0.749 0.747 0.744 0.742 0.741 0.733 0.733 0.728 0.722 0.72 0.72 0.719 0.719 0.719 0.713 0.71 0.71 0.709 0.706 0.705 0.701 0.695 0.694 0.692 0.692 0.691 0.688 0.688 0.681 0.681 0.68 0.678 0.676 0.674 0.673 0.673 0.67 0.665 0.665 0.663 0.659 0.658 0.658 0.658 0.658 0.658 0.654 0.651 0.651 0.651 0.65 0.648 0.648 0.647 0.646 0.645 0.645 0.642 0.642 0.641 0.641 0.642 0.638 0.637 0.637 0.638 0.635 0.63 0.63 0.625 0.625 0.625 0.625 0.627 0.633 0.629 0.629 0.63 0.629 0.629 0.628 0.628 0.628 0.627 0.628 0.628 0.628 0.625 0.628 0.625 0.625 0.624 0.625 0.624 0.624 0.622 0.624 0.624 0.624 0.627 0.627 0.623 0.622 0.622 0.621 0.62 0.621 0.626 0.621 0.626 0.626 0.623 0.621 0.623 0.62 0.623 0.623 0.625 0.623 0.623 0.623 0.625 0.626 0.626 0.627 0.626 0.626 0.625 0.627 0.627 0.627 0.627 0.63 0.63 0.63 0.63 0.63 0.63 0.632 0.635 0.635 0.636 0.64 0.64 0.64 0.639 0.639 0.639 0.641 0.644 0.644 0.644 0.644 0.644 0.637 0.636 0.623 0.622 0.622 0.619 0.619 0.619 0.621 0.63 0.633 0.637 0.637 0.633 0.637 0.637 0.637 0.642 0.646 0.65 0.651 0.657 0.658 1.863 1.863 1.863 1.848 1.836 1.826 1.815 1.811 1.791 1.788 1.778 1.774 1.768 1.766 1.758 1.758 1.752 1.75 1.743 1.741 1.655 1.626 1.623 1.6 1.592 1.592 1.585 
1 1 1 1 1 1 1 1 1 1 1 1 1 1 1 1 1 1 1 1 1 1 1 1 1 1 1 1 1 1 1 1 1 1 1 1 1 1 1 1 1 1 1 1 1 0 1 1 1 1 1 1 1 1 1 1 1 1 1 1 1 1 1 1 1 1 1 1 1 1 1 1 1 1 1 1 1 1 1 1 1 1 1 1 1 1 1 1 1 1 1 1 1 1 1 1 1 1 1 1 1 1 0 1 1 1 1 1 1 1 1 1 1 1 1 1 1 1 1 1 1 1 1 1 1 1 1 1 1 1 1 1 1 1 1 1 1 1 1 1 1 1 1 1 1 1 1 1 1 1 1 1 1 1 1 1 1 1 1 1 1 1 1 1 1 1 1 1 1 1 1 1 1 1 1 1 1 1 1 1 1 1 1 1 1 1 1 1 1 1 1 1 1 1 1 1 1 1 1 1 1 1 1 1 1 1 1 1 1 1 1 1 1 1 1 1 1 1 1 1 1 1 1 1 1 1 1 1 1 1 1 1 1 1 1 1 1 1 1 1 1 1 1 1 1 1 1 1 1 1 1 1 1 1 1 1 1 1 1 1 1 1 1 1 1 1 1 1 1 1 1 1 1 1 1 1 1 1 1 1 1 1 1 1 1 1 1 1 1 1 1 1 1 1 1 1 1 1 1 1 1 1 1 1 1 1 1 1 1 1 1 1 1 1 1 1 1 1 1 1 1 1 1 1 1 1 1 1 1 1 1 1 1 1 1 1 1 1 1 1 1 1 1 1 1 1 1 1 1 1 1 1 1 1 1 0 0 0 0 0 0 0 1 1 1 1 1 1 1 1 1 1 1 1 1 1 1 1 1 1 1 1 1 1 1 1 1 1 1 1 1 1 1 1 1 1 1 1 1 1 1 1 1 1 1 1 1 1 1 1 1 1 1 1 1 1 1 1 1 1 1 1 1 1 1 1 1 1 1 1 1 1 1 1 1 1 1 1 1 1 1 1 1 1 1 1 1 1 1 1 1 1 1 1 1 1 1 1 1 1 1 1 1 1 1 1 1 1 1 1 1 1 1 1 1 1 1 1 1 1 1 1 1 1 1 1 1 1 1 1 1 1 1 1 1 1 1 1 1 1 1 1 1 1 1 1 1 1 1 1 1 1 1 1 1 1 1 1 1 1 1 1 1 1 1 1 1 1 1 1 1 1 1 1 1 1 1 1 1 1 1 1 1 1 1 1 1 1 1 1 1 1 1 1 1 1 1 1 1 1 1 1 1 1 1 1 1 1 1 1 1 1 1 1 1 1 1 1 1 1 1 1 1 1 1 1 1 1 1 1 1 1 1 1 1 1 1 1 1 1 1 1 1 1 1 1 1 1 1 1 1 1 1 1 1 1 1 1 1 1 1 1 1 1 1 1 1 1 1 1 1 1 1 1 1 1 1 1 1 1 1 1 1 1 1 1 1 1 1 1 1 1 1 1 1 1 1 1 1 1 1 1 1 1 1 1 1 1 1 1 1 1 1 1 1 1 1 1 1 1 1 1 
