# This file contains a 2D laser scan observation. 
# Its format is: 
# [aperture] [max_range] [number_of_scans] 
# [vector_of_scans] 
# [vector_of_valid_scans] 
# The aperture of the sensor is in radians, the maximum range 
# and measurements are in meters. '1' means a valid scan, '0' otherwise.
4.1847
5.6
682
1.119 1.148 1.165 1.232 1.267 1.285 1.285 1.285 1.299 1.332 1.417 1.426 1.443 1.443 1.512 1.612 1.68 1.731 1.774 1.847 1.919 2.016 2.117 0.006 0.006 0.006 0.007 3.328 3.299 3.328 3.328 0 0 0 4.394 4.334 4.312 4.234 4.227 4.202 4.202 4.222 4.227 4.252 4.356 4.356 4.356 4.349 4.349 4.348 4.349 4.348 4.348 4.346 4.345 4.345 4.341 4.341 4.341 4.349 4.354 4.354 4.354 4.359 4.361 4.361 4.361 4.365 4.368 4.37 4.37 4.374 4.374 4.343 4.343 5.348 5.348 0.007 5.348 5.348 3.532 3.438 3.29 3.29 3.285 3.265 3.265 3.264 3.264 3.258 3.258 3.258 3.258 2.559 2.503 2.444 2.402 2.358 2.325 2.276 2.245 2.2 2.162 2.129 2.1 2.061 2.031 1.998 1.973 1.94 1.907 1.882 1.853 1.833 1.803 1.775 1.763 1.732 1.719 1.689 1.668 1.647 1.629 1.61 1.586 1.568 1.54 1.528 1.511 1.494 1.474 1.462 1.43 1.43 1.403 1.394 1.38 1.374 1.354 1.335 1.329 1.319 1.301 1.288 1.287 1.279 1.256 1.246 1.245 1.23 1.218 1.21 1.206 1.193 1.177 1.173 1.157 1.155 1.155 1.13 1.12 1.118 1.116 1.103 1.101 1.1 1.092 1.083 1.076 1.062 1.053 1.05 1.049 1.047 1.039 1.03 1.018 1.011 1.007 1 0.996 0.991 0.99 0.98 0.975 0.973 0.962 0.962 0.962 0.958 0.948 0.947 0.947 0.943 0.932 0.93 0.926 0.926 0.919 0.91 0.908 0.907 0.904 0.902 0.896 0.892 0.891 0.891 0.888 0.882 0.883 0.881 0.875 0.872 0.87 0.859 0.859 0.856 0.856 0.856 0.855 0.852 0.849 0.846 0.834 0.823 0.823 0.822 0.822 0.823 0.829 0.853 0.869 0.869 0.881 0.89 0.907 0.908 0.927 0.943 0.954 0.961 0.97 0.979 1.007 1.019 1.039 1.054 1.074 1.097 1.118 1.133 1.133 1.138 1.137 1.134 1.134 1.137 1.134 1.134 1.132 1.137 1.132 1.132 1.132 1.137 1.138 1.156 1.202 1.202 1.202 1.197 1.195 1.195 1.197 1.207 1.227 1.237 1.262 1.264 1.285 1.308 1.325 1.328 1.359 1.374 1.378 1.416 1.42 1.448 1.48 1.499 1.525 1.557 1.574 1.607 1.659 1.701 1.745 0.007 1.907 1.907 2.193 2.193 2.197 2.208 2.204 2.208 2.208 2.208 2.204 2.204 2.2 2.196 2.192 2.188 2.188 2.184 2.188 2.188 4.451 4.451 4.452 4.452 4.453 4.454 4.461 4.464 4.469 4.477 4.485 4.486 4.489 4.501 4.501 4.501 4.515 4.515 0 0 0 0 0 0 3.78 3.68 3.588 3.585 3.585 3.586 3.588 3.609 3.614 3.618 3.621 3.638 3.638 3.65 3.65 3.661 3.669 3.669 3.669 3.669 3.667 1.221 1.21 1.207 1.207 1.207 1.209 1.209 1.216 1.213 1.213 1.216 1.216 1.225 1.231 1.237 1.231 1.227 1.227 1.198 1.192 1.167 1.159 1.146 1.129 1.123 1.111 1.098 1.078 1.07 1.069 1.044 1.035 1.034 1.019 1.014 0.997 0.996 0.987 0.985 0.962 0.951 0.947 0.942 0.93 0.928 0.918 0.917 0.907 0.9 0.896 0.887 0.881 0.868 0.868 0.861 0.858 0.857 0.845 0.84 0.836 0.829 0.828 0.825 0.81 0.809 0.802 0.798 0.794 0.792 0.79 0.785 0.777 0.775 0.77 0.767 0.76 0.755 0.748 0.748 0.748 0.738 0.736 0.736 0.736 0.732 0.728 0.721 0.72 0.72 0.717 0.71 0.709 0.707 0.701 0.701 0.699 0.696 0.693 0.686 0.686 0.685 0.682 0.679 0.679 0.678 0.673 0.673 0.669 0.662 0.661 0.661 0.66 0.655 0.655 0.649 0.646 0.641 0.639 0.638 0.638 0.636 0.636 0.633 0.632 0.631 0.63 0.627 0.626 0.624 0.625 0.624 0.619 0.619 0.618 0.618 0.615 0.614 0.614 0.613 0.612 0.612 0.611 0.609 0.604 0.604 0.602 0.602 0.599 0.597 0.597 0.595 0.585 0.585 0.591 0.589 0.591 0.591 0.591 0.59 0.59 0.587 0.585 0.585 0.585 0.585 0.582 0.582 0.582 0.582 0.582 0.583 0.581 0.579 0.581 0.583 0.577 0.581 0.581 0.579 0.577 0.576 0.573 0.573 0.573 0.573 0.573 0.574 0.574 0.573 0.576 0.576 0.573 0.572 0.573 0.572 0.57 0.57 0.572 0.572 0.572 0.572 0.572 0.572 0.575 0.575 0.575 0.574 0.574 0.574 0.574 0.575 0.575 0.575 0.574 0.573 0.573 0.572 0.572 0.572 0.574 0.574 0.581 0.581 0.581 0.581 0.582 0.582 0.581 0.581 0.579 0.579 0.579 0.579 0.58 0.581 0.588 0.586 0.588 0.589 0.589 0.586 0.589 0.588 0.588 0.591 0.593 0.593 0.593 0.593 0.594 0.599 0.599 0.6 0.6 0.601 0.601 0.603 0.605 0.611 0.612 0.612 0.612 0.613 0.613 0.613 0.615 0.615 0.615 0.617 0.617 0.617 0.618 0.618 0.623 0.632 0.628 0.632 0.632 0.632 0.63 0.633 0.633 0.643 0.644 0.644 0.648 0.649 0.658 0.661 0.661 0.661 0.661 0.646 0.638 0.636 0.638 0.638 0.646 0.648 0.648 0.655 0.66 0.66 0.661 0.663 0.67 0.674 0.675 0.69 0.693 1.652 1.652 1.652 1.639 1.639 1.624 1.622 
1 1 1 1 1 1 1 1 1 1 1 1 1 1 1 1 1 1 1 1 1 1 1 0 0 0 0 1 1 1 1 0 0 0 1 1 1 1 1 1 1 1 1 1 1 1 1 1 1 1 1 1 1 1 1 1 1 1 1 1 1 1 1 1 1 1 1 1 1 1 1 1 1 1 1 1 1 0 1 1 1 1 1 1 1 1 1 1 1 1 1 1 1 1 1 1 1 1 1 1 1 1 1 1 1 1 1 1 1 1 1 1 1 1 1 1 1 1 1 1 1 1 1 1 1 1 1 1 1 1 1 1 1 1 1 1 1 1 1 1 1 1 1 1 1 1 1 1 1 1 1 1 1 1 1 1 1 1 1 1 1 1 1 1 1 1 1 1 1 1 1 1 1 1 1 1 1 1 1 1 1 1 1 1 1 1 1 1 1 1 1 1 1 1 1 1 1 1 1 1 1 1 1 1 1 1 1 1 1 1 1 1 1 1 1 1 1 1 1 1 1 1 1 1 1 1 1 1 1 1 1 1 1 1 1 1 1 1 1 1 1 1 1 1 1 1 1 1 1 1 1 1 1 1 1 1 1 1 1 1 1 1 1 1 1 1 1 1 1 1 1 1 1 1 1 1 1 1 1 1 1 1 1 1 1 1 1 1 1 1 1 1 1 1 1 1 1 1 1 0 1 1 1 1 1 1 1 1 1 1 1 1 1 1 1 1 1 1 1 1 1 1 1 1 1 1 1 1 1 1 1 1 1 1 1 1 1 1 0 0 0 0 0 0 1 1 1 1 1 1 1 1 1 1 1 1 1 1 1 1 1 1 1 1 1 1 1 1 1 1 1 1 1 1 1 1 1 1 1 1 1 1 1 1 1 1 1 1 1 1 1 1 1 1 1 1 1 1 1 1 1 1 1 1 1 1 1 1 1 1 1 1 1 1 1 1 1 1 1 1 1 1 1 1 1 1 1 1 1 1 1 1 1 1 1 1 1 1 1 1 1 1 1 1 1 1 1 1 1 1 1 1 1 1 1 1 1 1 1 1 1 1 1 1 1 1 1 1 1 1 1 1 1 1 1 1 1 1 1 1 1 1 1 1 1 1 1 1 1 1 1 1 1 1 1 1 1 1 1 1 1 1 1 1 1 1 1 1 1 1 1 1 1 1 1 1 1 1 1 1 1 1 1 1 1 1 1 1 1 1 1 1 1 1 1 1 1 1 1 1 1 1 1 1 1 1 1 1 1 1 1 1 1 1 1 1 1 1 1 1 1 1 1 1 1 1 1 1 1 1 1 1 1 1 1 1 1 1 1 1 1 1 1 1 1 1 1 1 1 1 1 1 1 1 1 1 1 1 1 1 1 1 1 1 1 1 1 1 1 1 1 1 1 1 1 1 1 1 1 1 1 1 1 1 1 1 1 1 1 1 1 1 1 1 1 1 1 1 1 1 1 1 1 1 1 1 1 1 1 1 1 1 1 1 1 1 1 1 1 1 1 1 1 1 1 1 1 1 1 1 1 1 1 1 1 1 1 1 1 1 1 1 
