# This file contains a 2D laser scan observation. 
# Its format is: 
# [aperture] [max_range] [number_of_scans] 
# [vector_of_scans] 
# [vector_of_valid_scans] 
# The aperture of the sensor is in radians, the maximum range 
# and measurements are in meters. '1' means a valid scan, '0' otherwise.
4.1847
5.6
682
1.641 1.663 1.72 1.738 1.761 1.794 1.806 1.835 1.868 1.893 1.929 1.954 1.977 2.014 2.046 2.082 2.108 2.163 2.189 2.229 2.266 2.315 2.355 0 0 0 0 0 3.408 3.408 3.406 3.406 3.402 3.402 3.402 3.414 3.418 3.425 3.432 3.6 3.7 0 0 0 0 0.007 4.406 4.405 4.405 4.341 4.299 4.266 4.266 4.299 4.355 4.379 4.391 4.401 4.402 4.401 4.4 4.4 4.39 4.39 4.387 4.387 4.387 4.38 4.377 4.375 4.375 4.368 4.368 4.375 4.367 4.367 4.371 4.373 4.371 4.373 4.373 4.373 4.368 4.368 4.357 4.311 4.311 4.306 3.532 3.532 3.258 3.258 0.007 3.252 2.442 2.337 2.243 2.154 2.035 1.975 1.905 1.848 1.775 1.727 1.663 1.618 1.562 1.51 1.465 1.427 1.393 1.351 1.318 1.293 1.26 1.227 1.203 1.175 1.148 1.122 1.091 1.081 1.059 1.04 1.013 1.003 0.986 0.968 0.947 0.932 0.921 0.899 0.891 0.873 0.866 0.85 0.84 0.832 0.8 0.799 0.793 0.778 0.777 0.765 0.751 0.75 0.742 0.73 0.724 0.716 0.705 0.693 0.691 0.687 0.67 0.668 0.657 0.652 0.65 0.641 0.632 0.627 0.624 0.617 0.602 0.601 0.597 0.595 0.592 0.585 0.58 0.58 0.575 0.572 0.565 0.553 0.551 0.546 0.534 0.513 0.513 0.513 0.52 0.522 0.525 0.526 0.525 0.526 0.528 0.541 0.552 0.557 0.559 0.559 0.565 0.567 0.569 0.573 0.573 0.576 0.578 0.583 0.584 0.589 0.591 0.596 0.6 0.601 0.605 0.605 0.606 0.61 0.612 0.623 0.627 0.627 0.631 0.638 0.643 0.643 0.652 0.654 0.659 0.662 0.666 0.674 0.679 0.686 0.689 0.693 0.701 0.704 0.704 0.721 0.722 0.725 0.731 0.741 0.748 0.749 0.752 0.755 0.772 0.773 0.784 0.784 0.784 0.788 0.779 0.779 0.779 0.779 0.776 0.768 0.766 0.766 0.766 0.766 0.764 0.762 0.76 0.76 0.754 0.754 0.754 0.751 0.754 0.764 0.775 0.775 0.809 0.981 0.981 0.981 0.813 0.809 0.805 0.801 0.8 0.801 0.801 0.806 0.811 0.827 0.829 0.832 0.838 0.847 0.856 0.868 0.869 0.883 0.892 0.894 0.936 0.944 0.961 0.964 0.974 0.992 0.993 1.009 1.017 1.024 1.033 1.047 1.061 1.07 1.086 1.099 1.103 1.119 1.133 1.144 1.168 1.184 1.203 1.213 1.229 1.253 1.281 1.305 1.308 1.309 1.318 1.343 1.481 1.774 1.779 1.779 1.786 1.792 1.792 1.793 1.798 1.802 1.805 1.805 1.802 1.784 1.782 1.78 1.778 1.763 1.763 1.761 1.761 1.761 1.768 4.026 4.029 4.029 4.029 4.032 4.032 4.033 4.036 4.037 4.037 4.05 4.063 4.064 4.067 4.076 4.076 4.076 4.075 4.075 4.075 4.032 3.978 3.66 3.604 3.487 3.388 3.309 3.189 3.161 3.161 3.161 3.173 3.174 3.175 3.175 3.187 3.191 3.204 3.217 3.217 3.226 3.232 3.238 3.239 3.268 3.268 3.268 3.268 3.269 3.286 3.288 3.303 3.311 3.322 3.329 3.353 3.359 3.37 3.372 3.373 3.397 3.4 3.403 3.423 3.425 3.458 3.461 3.461 3.458 0.868 0.844 0.839 0.822 0.821 0.821 0.818 0.821 0.823 0.823 0.823 0.825 0.836 0.837 0.837 0.838 0.84 0.846 0.846 0.85 0.852 0.852 0.873 0.873 0.873 0.869 0.858 0.852 0.837 0.836 0.834 0.822 0.819 0.813 0.809 0.803 0.798 0.794 0.788 0.785 0.772 0.772 0.77 0.768 0.764 0.756 0.754 0.746 0.741 0.741 0.739 0.733 0.731 0.728 0.727 0.723 0.713 0.71 0.709 0.705 0.704 0.699 0.69 0.688 0.687 0.687 0.687 0.676 0.676 0.673 0.671 0.668 0.668 0.659 0.656 0.654 0.652 0.651 0.648 0.646 0.642 0.64 0.637 0.637 0.636 0.636 0.635 0.632 0.632 0.622 0.62 0.62 0.618 0.617 0.615 0.614 0.61 0.609 0.604 0.604 0.604 0.604 0.604 0.602 0.599 0.599 0.596 0.594 0.591 0.591 0.591 0.59 0.591 0.59 0.588 0.586 0.583 0.582 0.579 0.577 0.577 0.576 0.576 0.576 0.576 0.573 0.572 0.571 0.571 0.569 0.567 0.567 0.568 0.568 0.568 0.568 0.568 0.57 0.559 0.559 0.559 0.559 0.558 0.558 0.558 0.557 0.557 0.557 0.557 0.557 0.559 0.554 0.554 0.557 0.551 0.551 0.557 0.557 0.557 0.557 0.557 0.557 0.553 0.553 0.553 0.557 0.553 0.557 0.557 0.556 0.556 0.556 0.555 0.554 0.554 0.554 0.554 0.554 0.555 0.555 0.555 0.558 0.558 0.558 0.558 0.557 0.554 0.554 0.554 0.554 0.555 0.555 0.555 0.555 0.555 0.554 0.555 0.558 0.558 0.554 0.555 0.555 0.555 0.56 0.56 0.561 0.561 0.561 0.56 0.56 0.56 0.558 0.558 0.563 0.565 0.565 0.565 0.569 0.565 0.566 0.566 0.569 0.569 0.569 0.571 0.574 0.574 0.574 0.575 0.577 0.579 0.58 0.579 0.579 0.579 0.582 0.582 0.582 0.582 0.586 0.59 0.595 0.596 0.596 0.597 0.598 0.602 0.602 0.604 0.608 0.608 0.608 0.609 0.61 0.61 0.619 0.619 0.62 0.62 0.623 0.625 0.626 0.626 0.627 
1 1 1 1 1 1 1 1 1 1 1 1 1 1 1 1 1 1 1 1 1 1 1 0 0 0 0 0 1 1 1 1 1 1 1 1 1 1 1 1 1 0 0 0 0 0 1 1 1 1 1 1 1 1 1 1 1 1 1 1 1 1 1 1 1 1 1 1 1 1 1 1 1 1 1 1 1 1 1 1 1 1 1 1 1 1 1 1 1 1 1 1 0 1 1 1 1 1 1 1 1 1 1 1 1 1 1 1 1 1 1 1 1 1 1 1 1 1 1 1 1 1 1 1 1 1 1 1 1 1 1 1 1 1 1 1 1 1 1 1 1 1 1 1 1 1 1 1 1 1 1 1 1 1 1 1 1 1 1 1 1 1 1 1 1 1 1 1 1 1 1 1 1 1 1 1 1 1 1 1 1 1 1 1 1 1 1 1 1 1 1 1 1 1 1 1 1 1 1 1 1 1 1 1 1 1 1 1 1 1 1 1 1 1 1 1 1 1 1 1 1 1 1 1 1 1 1 1 1 1 1 1 1 1 1 1 1 1 1 1 1 1 1 1 1 1 1 1 1 1 1 1 1 1 1 1 1 1 1 1 1 1 1 1 1 1 1 1 1 1 1 1 1 1 1 1 1 1 1 1 1 1 1 1 1 1 1 1 1 1 1 1 1 1 1 1 1 1 1 1 1 1 1 1 1 1 1 1 1 1 1 1 1 1 1 1 1 1 1 1 1 1 1 1 1 1 1 1 1 1 1 1 1 1 1 1 1 1 1 1 1 1 1 1 1 1 1 1 1 1 1 1 1 1 1 1 1 1 1 1 1 1 1 1 1 1 1 1 1 1 1 1 1 1 1 1 1 1 1 1 1 1 1 1 1 1 1 1 1 1 1 1 1 1 1 1 1 1 1 1 1 1 1 1 1 1 1 1 1 1 1 1 1 1 1 1 1 1 1 1 1 1 1 1 1 1 1 1 1 1 1 1 1 1 1 1 1 1 1 1 1 1 1 1 1 1 1 1 1 1 1 1 1 1 1 1 1 1 1 1 1 1 1 1 1 1 1 1 1 1 1 1 1 1 1 1 1 1 1 1 1 1 1 1 1 1 1 1 1 1 1 1 1 1 1 1 1 1 1 1 1 1 1 1 1 1 1 1 1 1 1 1 1 1 1 1 1 1 1 1 1 1 1 1 1 1 1 1 1 1 1 1 1 1 1 1 1 1 1 1 1 1 1 1 1 1 1 1 1 1 1 1 1 1 1 1 1 1 1 1 1 1 1 1 1 1 1 1 1 1 1 1 1 1 1 1 1 1 1 1 1 1 1 1 1 1 1 1 1 1 1 1 1 1 1 1 1 1 1 1 1 1 1 1 1 1 1 1 1 1 1 1 1 1 1 1 1 1 1 1 1 1 1 1 1 1 1 1 1 1 1 1 1 1 1 1 1 1 1 1 1 1 1 1 1 1 1 1 1 1 1 1 1 1 1 1 1 1 1 1 1 1 1 1 1 1 1 1 1 1 1 1 1 1 1 1 1 1 1 1 1 1 
