# This file contains a 2D laser scan observation. 
# Its format is: 
# [aperture] [max_range] [number_of_scans] 
# [vector_of_scans] 
# [vector_of_valid_scans] 
# The aperture of the sensor is in radians, the maximum range 
# and measurements are in meters. '1' means a valid scan, '0' otherwise.
4.1847
5.6
682
0.488 0.487 0.484 0.487 0.481 0.481 0.481 0.485 0.48 0.48 0.476 0.472 0.408 0.342 0.334 0.334 0.334 0.334 0.334 0.333 0.333 0.333 0.336 0.337 0.337 0.337 0.343 0.345 0.341 0.345 0.35 0.351 0.351 0.351 0.35 0.349 0.348 0.348 0.348 0.348 0.35 0.354 0.354 0.354 0.325 0.287 0.286 0.286 0.286 0.284 0.284 0.288 0.284 0.284 0.285 0.285 0.285 0.285 0.285 0.288 0.288 0.288 0.288 0.288 0.288 0.288 0.279 0.279 0.279 0.277 0.277 0.28 0.277 0.277 0.275 0.281 0.28 0.281 0.28 0.283 0.28 0.28 0.28 0.283 0.288 0.288 0.288 0.288 0.281 0.281 0.286 0.287 0.286 0.287 0.291 0.294 0.294 0.294 0.294 0.294 0.286 0.286 0.284 0.284 0.28 0.28 0.279 0.279 0.278 0.277 0.273 0.273 0.273 0.272 0.272 0.272 0.272 0.272 0.273 0.273 0.277 0.278 0.28 0.281 0.286 0.281 0.286 0.281 0.286 0.281 0.285 0.285 0.285 0.285 0.286 0.286 0.286 0.288 0.288 0.289 0.289 0.294 0.297 0.297 0.3 0.297 0.3 0.3 0.3 0.297 0.297 0.293 0.293 0.293 0.3 0.303 0.304 0.304 0.304 0.304 0.304 0.304 0.307 0.307 0.304 0.304 0.304 0.304 0.308 0.315 0.315 0.314 0.314 0.319 0.315 0.317 0.32 0.317 0.315 0.317 0.323 0.329 0.329 0.329 0.329 0.328 0.328 0.33 0.332 0.334 0.335 0.339 0.342 0.345 0.344 0.349 0.349 0.353 0.353 0.353 0.353 0.353 0.353 0.354 0.354 0.369 0.371 0.373 0.373 0.373 0.373 0.375 0.381 0.385 0.387 0.389 0.393 0.394 0.394 0.394 0.394 0.397 0.398 0.403 0.407 0.411 0.418 0.418 0.42 0.42 0.424 0.426 0.433 0.435 0.435 0.435 0.443 0.448 0.448 0.456 0.457 0.457 0.459 0.461 0.469 0.473 0.473 0.473 0.49 0.494 0.495 0.495 0.496 0.501 0.504 0.51 0.524 0.524 0.525 0.527 0.54 0.544 0.55 0.557 0.559 0.565 0.572 0.572 0.584 0.574 0.576 0.576 0.587 0.588 0.593 0.596 0.6 0.623 0.626 0.635 0.639 0.647 0.665 0.692 0.979 0.993 0.993 0.998 1 1 1 1 1 1.005 1.006 1.007 1.014 1.018 1.028 1.029 1.029 1.038 1.041 1.043 1.045 1.045 1.046 1.046 1.042 1.031 1.031 1.028 1.018 1.017 1.015 1.009 1.006 1 0.998 0.994 0.989 0.989 0.989 0.989 0.996 3.282 3.285 3.292 3.291 3.291 3.292 3.3 3.303 3.31 3.312 3.314 3.327 3.33 3.334 3.338 3.338 3.34 3.34 3.332 3.233 3.172 3.081 3.019 2.956 2.89 2.817 2.77 2.703 2.637 2.589 2.589 2.557 2.51 2.445 2.445 2.445 2.465 2.469 2.471 2.471 2.474 2.475 2.481 2.49 2.504 2.51 2.511 2.511 2.529 2.539 2.542 2.544 2.561 2.572 2.575 2.578 2.585 2.586 2.592 2.6 2.621 2.63 2.651 2.651 2.66 2.663 2.667 2.682 2.685 2.699 2.702 2.726 2.726 2.73 2.73 2.76 2.772 2.788 2.79 2.807 2.807 2.813 2.834 2.851 2.866 2.885 2.895 2.896 2.903 2.912 2.932 2.958 2.962 2.979 2.984 2.993 3.013 3.044 3.049 3.055 3.093 3.101 3.12 3.14 3.157 3.17 3.172 3.176 3.189 3.214 3.218 3.218 3.214 3.187 3.165 3.148 3.137 3.111 3.102 3.085 3.068 3.051 3.038 3.025 3.011 2.999 2.982 2.967 2.804 2.804 2.804 0 0 0 0 0 0 0 0 5.586 2.913 2.731 2.385 2.385 2.382 2.381 2.382 2.382 2.382 2.381 2.363 2.325 2.314 2.312 2.312 2.312 2.318 2.32 2.322 2.322 2.32 2.273 2.248 2.246 2.235 2.23 2.225 2.223 2.211 2.211 2.204 2.204 2.214 2.222 2.231 2.237 2.288 2.298 2.34 2.902 2.902 2.902 2.89 2.881 2.455 2.455 2.455 2.51 2.545 2.581 5.537 5.537 0 0.007 1.875 1.857 1.849 1.834 1.821 1.814 1.802 1.802 1.801 1.801 1.79 1.784 1.784 1.784 1.784 1.787 1.787 1.787 1.79 1.814 1.816 1.819 1.822 1.85 1.856 1.856 1.882 0 0 0 2.296 2.296 2.296 2.305 2.325 0.006 0.006 0.006 0.006 0.467 0.426 0.423 0.423 0.418 0.415 0.415 0.415 0.415 0.414 0.413 0.414 0.413 0.413 0.413 0.413 0.406 0.402 0.402 0.402 0.402 0.402 0.402 0.402 0.4 0.4 0.4 0.4 0.405 0.407 0.42 0.503 0.528 0.532 0.534 0.537 0.537 0.539 0.537 0.539 0.54 0.54 0.541 0.544 0.544 0.546 0.546 0.544 0.544 0.545 0.545 0.547 0.548 0.556 0.553 0.556 0.556 0.557 0.556 0.557 0.557 0.557 0.557 0.561 0.561 0.566 0.565 0.566 0.565 0.567 0.574 0.574 0.57 0.574 0.57 0.57 0.578 0.578 0.578 0.581 0.583 0.588 0.588 0.588 0.588 0.588 0.588 0.588 0.593 0.598 0.598 0.6 0.603 0.604 0.604 0.606 0.609 0.617 0.617 0.622 0.625 0.628 0.629 0.63 0.631 0.634 0.636 0.638 0.643 0.643 0.644 0.65 0.655 0.659 0.659 0.661 0.665 0.667 0.674 0.676 0.677 0.68 0.682 0.684 
1 1 1 1 1 1 1 1 1 1 1 1 1 1 1 1 1 1 1 1 1 1 1 1 1 1 1 1 1 1 1 1 1 1 1 1 1 1 1 1 1 1 1 1 1 1 1 1 1 1 1 1 1 1 1 1 1 1 1 1 1 1 1 1 1 1 1 1 1 1 1 1 1 1 1 1 1 1 1 1 1 1 1 1 1 1 1 1 1 1 1 1 1 1 1 1 1 1 1 1 1 1 1 1 1 1 1 1 1 1 1 1 1 1 1 1 1 1 1 1 1 1 1 1 1 1 1 1 1 1 1 1 1 1 1 1 1 1 1 1 1 1 1 1 1 1 1 1 1 1 1 1 1 1 1 1 1 1 1 1 1 1 1 1 1 1 1 1 1 1 1 1 1 1 1 1 1 1 1 1 1 1 1 1 1 1 1 1 1 1 1 1 1 1 1 1 1 1 1 1 1 1 1 1 1 1 1 1 1 1 1 1 1 1 1 1 1 1 1 1 1 1 1 1 1 1 1 1 1 1 1 1 1 1 1 1 1 1 1 1 1 1 1 1 1 1 1 1 1 1 1 1 1 1 1 1 1 1 1 1 1 1 1 1 1 1 1 1 1 1 1 1 1 1 1 1 1 1 1 1 1 1 1 1 1 1 1 1 1 1 1 1 1 1 1 1 1 1 1 1 1 1 1 1 1 1 1 1 1 1 1 1 1 1 1 1 1 1 1 1 1 1 1 1 1 1 1 1 1 1 1 1 1 1 1 1 1 1 1 1 1 1 1 1 1 1 1 1 1 1 1 1 1 1 1 1 1 1 1 1 1 1 1 1 1 1 1 1 1 1 1 1 1 1 1 1 1 1 1 1 1 1 1 1 1 1 1 1 1 1 1 1 1 1 1 1 1 1 1 1 1 1 1 1 1 1 1 1 1 1 1 1 1 1 1 1 1 1 1 1 1 1 1 1 1 1 1 1 1 1 1 1 1 1 1 1 1 1 1 1 1 1 1 1 1 1 1 1 1 1 1 1 1 1 1 1 0 0 0 0 0 0 0 0 1 1 1 1 1 1 1 1 1 1 1 1 1 1 1 1 1 1 1 1 1 1 1 1 1 1 1 1 1 1 1 1 1 1 1 1 1 1 1 1 1 1 1 1 1 1 1 1 1 1 1 1 1 0 0 1 1 1 1 1 1 1 1 1 1 1 1 1 1 1 1 1 1 1 1 1 1 1 1 1 1 1 0 0 0 1 1 1 1 1 0 0 0 0 1 1 1 1 1 1 1 1 1 1 1 1 1 1 1 1 1 1 1 1 1 1 1 1 1 1 1 1 1 1 1 1 1 1 1 1 1 1 1 1 1 1 1 1 1 1 1 1 1 1 1 1 1 1 1 1 1 1 1 1 1 1 1 1 1 1 1 1 1 1 1 1 1 1 1 1 1 1 1 1 1 1 1 1 1 1 1 1 1 1 1 1 1 1 1 1 1 1 1 1 1 1 1 1 1 1 1 1 1 1 1 1 1 1 1 1 1 1 1 1 1 1 1 1 
