# This file contains a 2D laser scan observation. 
# Its format is: 
# [aperture] [max_range] [number_of_scans] 
# [vector_of_scans] 
# [vector_of_valid_scans] 
# The aperture of the sensor is in radians, the maximum range 
# and measurements are in meters. '1' means a valid scan, '0' otherwise.
4.1847
5.6
682
0.878 0.865 0.846 0.838 0.837 0.807 0.799 0.787 0.774 0.766 0.764 0.739 0.739 0.738 0.731 0.716 0.695 0.694 0.676 0.672 0.671 0.658 0.649 0.645 0.645 0.645 0.634 0.621 0.646 0.632 0.622 0.632 0.633 0.632 0.633 0.637 0.637 0.641 0.641 0.645 0.65 0.655 0.655 0.656 0.658 0.666 0.666 0.667 0.67 0.673 0.673 0.673 0.675 0.679 0.685 0.685 0.688 0.693 0.694 0.695 0.696 0.707 0.71 0.719 0.72 0.72 0.72 0.72 0.734 0.734 0.738 0.74 0.749 0.754 0.754 0.757 0.765 0.77 0.774 0.777 0.781 0.79 0.792 0.797 0.807 0.813 0.815 0.818 0.823 0.841 0.843 0.847 0.849 0.859 0.859 0.869 0.87 0.884 0.884 0.895 0.896 0.909 0.909 0.93 0.936 0.944 0.958 0.963 0.971 0.977 0.985 0.996 1.018 1.024 1.025 1.036 1.044 1.063 1.07 1.09 1.092 1.111 1.123 1.125 1.146 1.173 1.183 1.197 1.221 1.235 1.248 1.262 1.281 1.309 1.33 1.339 1.363 1.386 1.409 1.419 1.454 1.471 1.491 1.525 1.548 1.583 1.609 1.639 1.671 1.703 1.736 1.762 1.81 1.868 2.123 2.616 2.616 2.616 2.595 2.595 2.595 2.611 2.641 2.641 2.641 2.641 2.633 2.63 2.63 2.627 2.627 2.627 2.62 2.619 2.616 2.612 2.612 2.611 2.608 2.606 2.606 2.606 2.601 2.601 2.601 2.601 2.601 2.601 2.601 2.6 2.598 2.6 2.598 2.598 2.598 2.6 2.6 2.6 2.6 2.6 2.6 2.599 2.6 2.602 2.599 2.595 2.585 2.566 2.566 2.585 2.546 2.481 1.65 1.643 1.638 1.638 1.638 1.638 1.638 1.638 1.638 1.638 1.638 1.638 1.65 1.656 1.66 1.66 1.66 1.657 1.657 1.657 1.662 1.662 1.663 1.664 1.67 1.679 1.684 1.688 1.689 1.689 1.689 1.691 1.692 1.692 1.7 1.704 1.709 1.717 1.717 1.717 1.712 1.712 1.712 1.718 1.727 1.732 1.743 1.744 1.757 1.763 1.774 1.778 1.779 1.78 1.781 1.786 1.79 1.809 1.809 1.809 1.815 1.817 1.817 1.817 1.827 1.83 1.841 1.866 1.868 1.876 1.892 1.895 1.896 1.896 1.896 1.906 1.912 1.918 1.941 1.944 1.948 1.966 1.976 1.986 1.986 1.992 1.996 2.001 2.001 2.005 2.007 2.037 2.051 2.066 2.091 2.091 2.091 2.103 2.103 2.109 2.136 2.137 2.141 2.148 2.148 2.193 2.198 2.199 2.217 2.238 2.242 2.297 2.297 2.297 2.279 2.279 2.279 2.283 2.308 2.318 2.321 2.321 2.318 2.301 2.283 2.277 2.268 2.254 2.238 2.237 2.219 2.21 2.198 2.19 2.179 2.164 2.157 2.154 2.142 2.126 2.125 2.117 2.102 2.09 2.085 2.076 2.065 1.885 1.88 1.88 1.885 0 0 0 0 0 0 0 0 0 0 0 0 1.854 1.854 1.854 1.854 1.865 1.865 1.882 1.846 1.817 1.495 1.486 1.476 1.475 1.475 1.474 1.475 1.475 1.477 1.486 1.488 1.49 1.49 1.49 1.483 1.46 1.454 1.434 1.422 1.418 1.418 1.42 1.422 1.424 1.437 1.444 1.457 1.457 1.46 1.461 1.464 1.467 1.467 1.467 1.392 1.391 1.389 1.384 1.383 1.38 1.38 1.379 1.377 1.377 1.377 1.37 1.369 1.365 1.365 1.369 1.369 1.369 1.383 1.399 1.4 1.403 1.423 1.496 1.548 2.127 2.131 2.131 2.131 2.119 2.118 2.111 2.1 2.1 1.861 1.861 1.861 1.76 1.76 1.757 1.747 1.747 1.747 1.749 1.749 1.749 1.745 1.745 1.745 1.745 1.745 1.745 1.746 1.745 1.742 1.337 1.257 1.228 1.212 1.201 1.195 1.184 1.18 1.173 1.171 1.171 1.171 1.171 1.171 1.171 1.171 1.165 1.163 1.162 1.162 1.163 1.163 1.162 1.161 1.161 1.161 1.161 1.163 1.164 1.166 1.176 1.177 1.176 1.176 1.177 1.177 1.185 1.191 1.198 1.202 1.206 1.226 1.229 1.267 1.267 1.36 1.61 1.61 1.61 1.596 1.563 1.551 1.533 1.508 1.486 1.477 1.453 1.435 1.413 1.393 1.386 1.372 1.352 1.34 1.322 1.312 1.295 1.286 1.27 1.261 1.242 1.233 1.218 1.21 1.193 1.189 1.174 1.163 1.157 1.135 1.128 1.126 1.11 1.107 1.103 1.08 1.079 1.074 1.061 1.047 1.046 1.03 1.025 1.023 1.012 1.006 1.003 1 0.998 0.987 0.979 0.974 0.968 0.96 0.953 0.952 0.942 0.937 0.936 0.936 0.924 0.921 0.913 0.912 0.911 0.911 0.906 0.89 0.889 0.887 0.884 0.879 0.871 0.868 0.865 0.864 0.864 0.859 0.85 0.85 0.848 0.845 0.841 0.837 0.831 0.826 0.823 0.822 0.819 0.811 0.806 0.806 0.806 0.802 0.801 0.798 0.797 0.796 0.794 0.793 0.791 0.79 0.788 0.782 0.782 0.778 0.773 0.771 0.771 0.768 0.766 0.766 0.763 0.763 0.762 0.757 0.751 0.751 0.751 0.75 0.744 0.744 0.742 0.741 0.743 0.737 0.734 0.737 0.733 0.731 0.731 0.731 0.73 0.724 0.724 0.724 0.721 0.721 0.72 0.72 0.722 0.722 0.722 0.723 0.724 0.724 0.716 0.717 0.716 0.716 0.716 0.713 0.713 0.712 0.71 0.71 0.712 0.709 0.709 
1 1 1 1 1 1 1 1 1 1 1 1 1 1 1 1 1 1 1 1 1 1 1 1 1 1 1 1 1 1 1 1 1 1 1 1 1 1 1 1 1 1 1 1 1 1 1 1 1 1 1 1 1 1 1 1 1 1 1 1 1 1 1 1 1 1 1 1 1 1 1 1 1 1 1 1 1 1 1 1 1 1 1 1 1 1 1 1 1 1 1 1 1 1 1 1 1 1 1 1 1 1 1 1 1 1 1 1 1 1 1 1 1 1 1 1 1 1 1 1 1 1 1 1 1 1 1 1 1 1 1 1 1 1 1 1 1 1 1 1 1 1 1 1 1 1 1 1 1 1 1 1 1 1 1 1 1 1 1 1 1 1 1 1 1 1 1 1 1 1 1 1 1 1 1 1 1 1 1 1 1 1 1 1 1 1 1 1 1 1 1 1 1 1 1 1 1 1 1 1 1 1 1 1 1 1 1 1 1 1 1 1 1 1 1 1 1 1 1 1 1 1 1 1 1 1 1 1 1 1 1 1 1 1 1 1 1 1 1 1 1 1 1 1 1 1 1 1 1 1 1 1 1 1 1 1 1 1 1 1 1 1 1 1 1 1 1 1 1 1 1 1 1 1 1 1 1 1 1 1 1 1 1 1 1 1 1 1 1 1 1 1 1 1 1 1 1 1 1 1 1 1 1 1 1 1 1 1 1 1 1 1 1 1 1 1 1 1 1 1 1 1 1 1 1 1 1 1 1 1 1 1 1 1 1 1 1 1 1 1 1 1 1 1 1 1 1 1 1 1 1 1 1 1 1 1 1 1 1 1 1 1 1 0 0 0 0 0 0 0 0 0 0 0 0 1 1 1 1 1 1 1 1 1 1 1 1 1 1 1 1 1 1 1 1 1 1 1 1 1 1 1 1 1 1 1 1 1 1 1 1 1 1 1 1 1 1 1 1 1 1 1 1 1 1 1 1 1 1 1 1 1 1 1 1 1 1 1 1 1 1 1 1 1 1 1 1 1 1 1 1 1 1 1 1 1 1 1 1 1 1 1 1 1 1 1 1 1 1 1 1 1 1 1 1 1 1 1 1 1 1 1 1 1 1 1 1 1 1 1 1 1 1 1 1 1 1 1 1 1 1 1 1 1 1 1 1 1 1 1 1 1 1 1 1 1 1 1 1 1 1 1 1 1 1 1 1 1 1 1 1 1 1 1 1 1 1 1 1 1 1 1 1 1 1 1 1 1 1 1 1 1 1 1 1 1 1 1 1 1 1 1 1 1 1 1 1 1 1 1 1 1 1 1 1 1 1 1 1 1 1 1 1 1 1 1 1 1 1 1 1 1 1 1 1 1 1 1 1 1 1 1 1 1 1 1 1 1 1 1 1 1 1 1 1 1 1 1 1 1 1 1 1 1 1 1 1 1 1 1 1 1 1 1 1 1 1 1 1 1 1 1 1 1 1 1 1 1 1 1 1 1 1 1 1 1 1 1 1 1 1 1 1 1 1 1 1 1 1 1 1 1 1 1 1 1 1 1 1 1 1 1 
