# This file contains a 2D laser scan observation. 
# Its format is: 
# [aperture] [max_range] [number_of_scans] 
# [vector_of_scans] 
# [vector_of_valid_scans] 
# The aperture of the sensor is in radians, the maximum range 
# and measurements are in meters. '1' means a valid scan, '0' otherwise.
4.1847
5.6
682
0.654 0.652 0.65 0.65 0.649 0.645 0.639 0.639 0.639 0.639 0.639 0.639 0.641 0.639 0.638 0.641 0.638 0.638 0.639 0.644 0.641 0.644 0.644 0.645 0.644 0.645 0.646 0.646 0.648 0.648 0.648 0.649 0.645 0.645 0.649 0.651 0.651 0.658 0.659 0.661 0.662 0.661 0.662 0.662 0.665 0.667 0.672 0.673 0.673 0.674 0.673 0.672 0.672 0.68 0.676 0.676 0.681 0.681 0.683 0.685 0.686 0.69 0.692 0.695 0.693 0.695 0.697 0.699 0.699 0.701 0.704 0.706 0.709 0.709 0.709 0.71 0.71 0.712 0.719 0.721 0.729 0.733 0.733 0.735 0.735 0.735 0.735 0.735 0.735 0.743 0.744 0.746 0.746 0.762 0.762 0.767 0.767 0.769 0.77 0.771 0.778 0.781 0.782 0.785 0.79 0.797 0.799 0.805 0.807 0.81 0.819 0.819 0.82 0.82 0.828 0.828 0.834 0.836 0.841 0.844 0.853 0.86 0.863 0.867 0.868 0.875 0.877 0.879 0.881 0.899 0.911 0.913 0.92 0.926 0.933 0.935 0.942 0.942 0.957 0.964 0.967 0.968 0.969 0.992 0.993 1.006 1.015 1.031 1.032 1.042 1.045 1.055 1.058 1.106 1.106 1.107 1.132 1.148 1.168 1.173 1.182 1.203 1.209 1.229 1.236 1.252 1.266 1.282 1.295 1.308 1.319 1.337 1.345 1.358 1.376 1.376 1.376 1.371 1.367 1.365 1.36 1.358 1.348 1.348 1.348 1.342 1.336 1.331 1.331 1.323 1.321 1.319 1.317 1.316 1.311 1.306 1.305 1.3 1.298 1.298 1.293 1.289 1.288 1.286 1.284 1.283 1.283 1.283 1.282 1.278 1.278 1.281 1.278 1.274 1.271 1.267 1.267 1.266 1.266 1.265 1.265 1.26 1.26 1.259 1.254 1.252 1.252 1.254 1.255 1.255 1.255 1.255 1.255 1.254 1.243 1.255 1.251 1.251 1.251 1.251 1.251 1.251 1.251 1.251 1.251 1.249 1.252 1.249 1.249 1.247 1.244 1.244 1.247 1.247 1.238 1.238 1.238 1.238 1.238 1.238 1.238 1.236 1.236 1.238 1.236 1.236 1.238 1.238 1.247 1.247 1.247 1.25 1.25 1.246 1.246 1.254 1.257 1.257 1.258 1.257 1.258 1.257 1.258 1.262 1.262 1.262 1.262 1.262 1.317 1.319 1.344 1.344 1.354 1.37 1.374 1.379 1.379 1.38 1.38 0.015 0.015 0.015 1.331 1.302 1.302 1.318 1.318 1.345 1.345 1.342 1.345 1.342 1.342 1.35 1.354 1.43 1.485 1.485 1.485 1.485 1.484 1.47 1.466 1.465 1.428 1.428 1.428 1.435 1.456 1.51 1.51 1.51 1.51 1.501 1.493 1.485 1.493 1.485 1.476 1.448 1.448 1.448 1.45 1.456 1.468 1.47 1.477 1.479 1.479 1.492 1.504 1.508 1.521 1.526 1.532 1.546 1.549 1.556 1.567 1.575 1.587 1.59 1.596 1.603 1.616 1.616 1.622 1.633 1.651 1.661 1.665 1.672 1.687 1.689 1.705 1.718 1.72 1.738 1.751 1.759 1.76 1.784 1.788 1.8 1.815 1.833 1.836 1.842 1.868 1.877 1.889 1.899 1.909 1.936 1.958 1.972 1.972 1.981 1.994 2.013 2.023 2.039 2.06 2.077 2.1 2.114 2.116 2.116 2.116 2.114 2.102 2.094 2.089 2.077 2.071 2.067 2.054 2.042 2.041 2.029 2.026 2.014 2.006 1.997 1.985 1.981 1.981 1.979 1.969 1.967 1.959 1.953 1.946 1.941 1.93 1.929 1.926 1.922 1.918 1.903 1.902 1.895 1.893 1.888 1.88 1.878 1.874 1.867 1.863 1.854 1.853 1.853 1.84 1.839 1.837 1.831 1.83 1.826 1.823 1.811 1.809 1.808 1.801 1.799 1.799 1.797 1.797 1.788 1.786 1.782 1.78 1.779 1.776 1.773 1.772 1.771 1.771 1.771 1.767 0.015 0.007 2.033 2.033 2.035 2.033 2.033 2.03 2.023 2.007 1.972 1.947 1.824 1.757 1.75 1.734 1.734 1.729 1.728 1.729 1.731 1.731 1.733 1.734 1.734 1.734 1.733 1.738 1.738 1.738 1.732 1.727 1.727 1.726 1.725 1.725 1.724 1.722 1.724 1.722 1.722 1.727 1.727 1.728 1.729 1.729 1.729 1.729 1.729 1.731 1.73 1.731 1.734 1.742 1.756 2.042 2.229 2.362 2.367 2.367 2.367 2.357 2.149 2.136 2.111 2.094 2.076 2.073 2.063 2.034 2.031 2.025 1.932 1.932 1.932 2.08 2.094 2.094 2.091 2.094 2.142 2.142 0.007 2.418 2.418 2.418 2.366 2.254 2.254 2.254 2.443 2.466 2.479 2.489 2.496 2.499 2.499 2.502 2.504 2.506 2.509 2.521 2.526 2.526 2.521 0.874 0.874 0.871 0.871 0.871 0.871 0.871 0.873 2.418 0.007 0 0.007 0 0 0 0 0 0 0 0 0 0 2.797 2.797 2.823 2.857 2.857 2.905 2.918 2.947 2.947 2.905 2.952 2.893 2.87 2.87 2.933 2.933 2.963 3.125 3.137 3.15 3.15 0 0 0 0 2.232 2.232 2.226 2.213 0.717 0.717 0.717 2.067 2.107 2.107 2.107 0.007 0 4.756 4.756 4.756 4.417 1.987 1.977 1.977 1.97 1.966 1.956 1.945 1.932 1.923 1.916 1.9 1.9 1.881 1.771 0.692 0.692 0.692 1.815 1.82 1.82 1.815 1.803 1.803 1.801 1.794 1.794 1.692 1.692 0.007 1.692 1.692 0.015 1.506 1.694 
1 1 1 1 1 1 1 1 1 1 1 1 1 1 1 1 1 1 1 1 1 1 1 1 1 1 1 1 1 1 1 1 1 1 1 1 1 1 1 1 1 1 1 1 1 1 1 1 1 1 1 1 1 1 1 1 1 1 1 1 1 1 1 1 1 1 1 1 1 1 1 1 1 1 1 1 1 1 1 1 1 1 1 1 1 1 1 1 1 1 1 1 1 1 1 1 1 1 1 1 1 1 1 1 1 1 1 1 1 1 1 1 1 1 1 1 1 1 1 1 1 1 1 1 1 1 1 1 1 1 1 1 1 1 1 1 1 1 1 1 1 1 1 1 1 1 1 1 1 1 1 1 1 1 1 1 1 1 1 1 1 1 1 1 1 1 1 1 1 1 1 1 1 1 1 1 1 1 1 1 1 1 1 1 1 1 1 1 1 1 1 1 1 1 1 1 1 1 1 1 1 1 1 1 1 1 1 1 1 1 1 1 1 1 1 1 1 1 1 1 1 1 1 1 1 1 1 1 1 1 1 1 1 1 1 1 1 1 1 1 1 1 1 1 1 1 1 1 1 1 1 1 1 1 1 1 1 1 1 1 1 1 1 1 1 1 1 1 1 1 1 1 1 1 1 1 1 1 1 1 1 1 1 1 1 1 1 1 1 1 1 1 1 1 1 1 1 1 1 0 0 0 1 1 1 1 1 1 1 1 1 1 1 1 1 1 1 1 1 1 1 1 1 1 1 1 1 1 1 1 1 1 1 1 1 1 1 1 1 1 1 1 1 1 1 1 1 1 1 1 1 1 1 1 1 1 1 1 1 1 1 1 1 1 1 1 1 1 1 1 1 1 1 1 1 1 1 1 1 1 1 1 1 1 1 1 1 1 1 1 1 1 1 1 1 1 1 1 1 1 1 1 1 1 1 1 1 1 1 1 1 1 1 1 1 1 1 1 1 1 1 1 1 1 1 1 1 1 1 1 1 1 1 1 1 1 1 1 1 1 1 1 1 1 1 1 1 1 1 1 1 1 1 1 1 1 1 1 1 1 1 1 1 1 1 1 1 1 1 1 1 1 1 1 1 1 1 1 1 0 0 1 1 1 1 1 1 1 1 1 1 1 1 1 1 1 1 1 1 1 1 1 1 1 1 1 1 1 1 1 1 1 1 1 1 1 1 1 1 1 1 1 1 1 1 1 1 1 1 1 1 1 1 1 1 1 1 1 1 1 1 1 1 1 1 1 1 1 1 1 1 1 1 1 1 1 1 1 1 1 1 0 1 1 1 1 1 1 1 1 1 1 1 1 1 1 1 1 1 1 1 1 1 1 1 1 1 1 1 1 1 1 1 0 0 0 0 0 0 0 0 0 0 0 0 0 1 1 1 1 1 1 1 1 1 1 1 1 1 1 1 1 1 1 1 1 1 0 0 0 0 1 1 1 1 1 1 1 1 1 1 1 0 0 1 1 1 1 1 1 1 1 1 1 1 1 1 1 1 1 1 1 1 1 1 1 1 1 1 1 1 1 1 1 1 1 0 1 1 0 1 1 
