# This file contains a 2D laser scan observation. 
# Its format is: 
# [aperture] [max_range] [number_of_scans] 
# [vector_of_scans] 
# [vector_of_valid_scans] 
# The aperture of the sensor is in radians, the maximum range 
# and measurements are in meters. '1' means a valid scan, '0' otherwise.
4.1847
5.6
682
2.041 2.038 2.036 2.029 2.026 2.023 2.018 2.017 2.01 2.008 2.01 2.007 2.004 2.003 2.003 2.001 2 1.997 1.996 1.989 1.987 1.985 1.985 1.984 1.984 1.982 1.98 1.975 1.974 1.974 1.973 1.973 1.973 1.967 1.97 1.97 1.97 1.97 1.972 1.972 1.966 1.966 1.964 1.964 1.964 1.962 1.967 1.967 1.967 1.968 1.968 1.97 1.968 1.968 1.97 1.972 1.974 1.974 1.974 1.974 1.974 1.978 1.983 1.984 1.984 1.984 1.986 1.99 1.99 1.99 1.992 1.993 1.997 2 2.003 2.006 2.006 2.006 2.009 2.013 2.014 2.02 2.021 2.023 2.029 2.035 2.036 2.036 2.039 2.045 2.048 2.055 2.061 2.066 2.066 2.072 2.073 2.073 2.08 2.082 2.087 2.098 2.101 2.105 2.108 2.113 2.119 2.119 2.119 2.121 2.121 2.13 2.139 2.143 4.127 4.127 4.127 4.069 4.015 3.947 3.901 3.859 3.836 3.836 3.836 3.871 3.892 3.914 3.914 3.914 3.928 3.942 0 0 0 0 0 0 0 0 0 0 0 0 0 0 2.927 2.916 2.887 2.852 2.832 2.811 2.792 2.772 2.772 2.772 2.65 2.557 0 0 0 0 0 2.29 2.246 2.212 2.18 2.148 2.132 2.103 2.103 2.103 2.077 2.044 1.928 1.905 1.873 1.873 1.873 1.873 2.011 2.272 2.272 2.283 2.272 2.256 1.481 1.48 1.47 1.46 1.454 1.452 1.443 1.434 1.428 1.42 1.415 1.408 1.401 1.399 1.385 1.37 1.364 1.364 1.361 1.36 1.345 1.344 1.339 1.334 1.325 1.321 1.32 1.31 1.307 1.301 1.293 1.293 1.287 1.278 1.276 1.275 1.272 1.268 1.259 1.259 1.254 1.25 1.242 1.241 1.239 1.237 1.237 1.233 1.237 1.238 1.238 1.22 1.217 1.213 1.213 1.211 1.211 1.211 1.203 1.196 1.194 1.193 1.192 1.192 1.186 1.184 1.176 1.174 1.171 1.174 1.171 1.17 1.169 1.163 1.161 1.161 1.155 1.153 1.146 1.144 1.146 1.148 1.146 1.141 1.137 1.135 1.132 1.132 1.132 1.133 1.133 1.133 1.131 1.129 1.128 1.128 1.127 1.126 1.125 1.124 1.121 1.121 1.119 1.118 1.113 1.113 1.113 1.116 1.117 1.117 1.116 1.116 1.112 1.112 1.113 1.114 1.114 1.115 1.115 1.116 1.117 1.119 1.119 1.122 1.122 1.122 1.121 1.121 1.12 1.12 1.118 1.118 1.117 1.118 1.118 1.121 1.116 1.116 1.116 1.116 1.116 1.116 1.121 1.121 1.118 1.121 1.121 1.123 1.123 1.125 1.125 1.125 1.125 1.125 1.129 1.129 1.129 1.129 1.134 1.141 1.145 1.145 1.145 1.145 1.15 1.15 1.15 1.153 1.153 1.154 1.155 1.157 1.162 1.164 1.165 1.165 1.165 1.172 1.167 1.172 1.182 1.183 1.183 1.184 1.184 1.189 1.196 1.197 1.199 1.199 1.204 1.309 1.309 1.309 1.298 1.283 1.28 1.28 1.279 1.279 1.283 1.291 1.294 1.299 1.299 1.309 1.317 1.331 1.333 1.343 1.345 1.348 1.362 1.362 1.364 1.364 1.364 1.365 1.372 1.375 1.381 1.381 1.381 0.595 0.581 0.575 0.569 0.561 0.544 0.542 0.535 0.532 0.532 0.532 0.53 0.528 0.528 0.513 0.498 0.496 0.488 0.488 0.488 0.484 0.48 0.484 0.48 0.477 0.48 0.482 0.48 0.473 0.476 0.476 0.476 0.476 0.476 0.446 0.443 0.443 0.441 0.443 0.443 0.443 0.445 0.445 0.445 0.441 0.44 0.438 0.436 0.435 0.43 0.43 0.427 0.426 0.418 0.4 0.4 0.4 0.402 0.403 0.405 0.416 0.416 0.416 0.415 0.414 0.414 0.413 0.407 0.405 0.393 0.389 0.389 0.39 0.386 0.387 0.389 0.389 0.387 0.389 0.389 0.388 0.388 0.388 0.388 0.384 0.378 0.36 0.359 0.358 0.355 0.358 0.358 0.367 0.371 0.371 0.371 0.377 0.377 0.372 0.372 0.367 0.366 0.362 0.358 0.353 0.353 0.353 0.35 0.35 0.348 0.35 0.347 0.347 0.346 0.346 0.345 0.345 0.342 0.342 0.35 0.35 0.345 0.35 0.35 0.354 0.354 0.354 0.353 0.353 0.352 0.353 0.353 0.351 0.351 0.345 0.345 0.345 0.322 0.317 0.317 0.317 0.316 0.317 0.322 0.317 0.317 0.322 0.322 0.322 0.322 0.322 0.311 0.311 0.311 0.316 0.319 0.319 0.316 0.32 0.323 0.332 0.332 0.334 0.335 0.334 0.334 0.335 0.334 0.334 0.334 0.334 0.331 0.334 0.334 0.335 0.335 0.336 0.336 0.337 0.333 0.333 0.33 0.33 0.33 0.354 0.36 0.365 0.366 0.366 0.36 0.367 0.367 0.366 0.366 0.366 0.366 0.366 0.362 0.364 0.359 0.359 0.357 0.359 0.359 0.357 0.355 0.358 0.358 0.358 0.358 0.359 0.367 0.375 0.375 0.381 0.381 0.374 0.371 0.369 0.368 0.368 0.366 0.368 0.362 0.371 0.371 0.372 0.372 0.373 0.374 0.374 0.374 0.378 0.378 0.379 0.382 0.392 0.397 0.401 0.401 0.406 0.408 0.415 0.415 0.415 0.415 0.414 0.384 0.384 0.384 0.385 0.385 0.386 0.386 0.386 0.386 0.386 0.391 0.401 0.421 0.421 0.421 0.422 0.423 0.426 0.428 0.429 0.428 0.436 0.436 0.436 0.436 0.436 
1 1 1 1 1 1 1 1 1 1 1 1 1 1 1 1 1 1 1 1 1 1 1 1 1 1 1 1 1 1 1 1 1 1 1 1 1 1 1 1 1 1 1 1 1 1 1 1 1 1 1 1 1 1 1 1 1 1 1 1 1 1 1 1 1 1 1 1 1 1 1 1 1 1 1 1 1 1 1 1 1 1 1 1 1 1 1 1 1 1 1 1 1 1 1 1 1 1 1 1 1 1 1 1 1 1 1 1 1 1 1 1 1 1 1 1 1 1 1 1 1 1 1 1 1 1 1 1 1 1 1 1 0 0 0 0 0 0 0 0 0 0 0 0 0 0 1 1 1 1 1 1 1 1 1 1 1 1 0 0 0 0 0 1 1 1 1 1 1 1 1 1 1 1 1 1 1 1 1 1 1 1 1 1 1 1 1 1 1 1 1 1 1 1 1 1 1 1 1 1 1 1 1 1 1 1 1 1 1 1 1 1 1 1 1 1 1 1 1 1 1 1 1 1 1 1 1 1 1 1 1 1 1 1 1 1 1 1 1 1 1 1 1 1 1 1 1 1 1 1 1 1 1 1 1 1 1 1 1 1 1 1 1 1 1 1 1 1 1 1 1 1 1 1 1 1 1 1 1 1 1 1 1 1 1 1 1 1 1 1 1 1 1 1 1 1 1 1 1 1 1 1 1 1 1 1 1 1 1 1 1 1 1 1 1 1 1 1 1 1 1 1 1 1 1 1 1 1 1 1 1 1 1 1 1 1 1 1 1 1 1 1 1 1 1 1 1 1 1 1 1 1 1 1 1 1 1 1 1 1 1 1 1 1 1 1 1 1 1 1 1 1 1 1 1 1 1 1 1 1 1 1 1 1 1 1 1 1 1 1 1 1 1 1 1 1 1 1 1 1 1 1 1 1 1 1 1 1 1 1 1 1 1 1 1 1 1 1 1 1 1 1 1 1 1 1 1 1 1 1 1 1 1 1 1 1 1 1 1 1 1 1 1 1 1 1 1 1 1 1 1 1 1 1 1 1 1 1 1 1 1 1 1 1 1 1 1 1 1 1 1 1 1 1 1 1 1 1 1 1 1 1 1 1 1 1 1 1 1 1 1 1 1 1 1 1 1 1 1 1 1 1 1 1 1 1 1 1 1 1 1 1 1 1 1 1 1 1 1 1 1 1 1 1 1 1 1 1 1 1 1 1 1 1 1 1 1 1 1 1 1 1 1 1 1 1 1 1 1 1 1 1 1 1 1 1 1 1 1 1 1 1 1 1 1 1 1 1 1 1 1 1 1 1 1 1 1 1 1 1 1 1 1 1 1 1 1 1 1 1 1 1 1 1 1 1 1 1 1 1 1 1 1 1 1 1 1 1 1 1 1 1 1 1 1 1 1 1 1 1 1 1 1 1 1 1 1 1 1 1 1 1 1 1 1 1 1 1 1 1 1 1 1 1 1 1 1 1 1 1 1 1 1 1 1 1 1 1 1 1 1 1 1 1 1 1 1 1 1 1 1 1 1 1 1 1 1 1 1 1 1 1 
