# This file contains a 2D laser scan observation. 
# Its format is: 
# [aperture] [max_range] [number_of_scans] 
# [vector_of_scans] 
# [vector_of_valid_scans] 
# The aperture of the sensor is in radians, the maximum range 
# and measurements are in meters. '1' means a valid scan, '0' otherwise.
4.1847
5.6
682
1.762 1.762 1.758 1.762 1.762 1.767 1.767 1.777 1.785 1.798 1.809 1.82 2.17 2.17 2.17 2.165 2.16 2.149 2.149 2.153 2.16 2.163 2.179 2.2 2.319 2.319 2.319 2.143 1.929 1.704 1.527 1.399 1.297 1.224 1.148 1.081 1.024 0.982 0.932 0.886 0.835 0.806 0.757 0.727 0.699 0.678 0.646 0.618 0.596 0.591 0.566 0.543 0.533 0.514 0.51 0.501 0.487 0.473 0.454 0.445 0.434 0.403 0.376 0.373 0.372 0.368 0.367 0.353 0.347 0.342 0.339 0.339 0.338 0.336 0.336 0.332 0.323 0.317 0.311 0.311 0.316 0.316 0.315 0.315 0.315 0.315 0.315 0.322 0.324 0.324 0.326 0.326 0.33 0.331 0.331 0.331 0.324 0.324 0.324 0.324 0.327 0.328 0.328 0.328 0.328 0.331 0.331 0.337 0.438 0.485 0.49 0.491 0.492 0.496 0.497 0.502 0.502 0.502 0.505 0.505 0.505 0.509 0.511 0.513 0.515 0.515 0.515 0.52 0.52 0.52 0.524 0.527 0.53 0.53 0.535 0.536 0.536 0.54 0.542 0.544 0.545 0.547 0.556 0.558 0.559 0.565 0.566 0.57 0.571 0.573 0.577 0.58 0.581 0.587 0.588 0.596 0.598 0.598 0.601 0.608 0.613 0.615 0.616 0.617 0.621 0.634 0.635 0.635 0.64 0.645 0.65 0.652 0.657 0.667 0.67 0.671 0.672 0.688 0.691 0.695 0.7 0.702 0.715 0.719 0.728 0.731 0.732 0.734 0.74 0.758 0.76 0.769 0.779 0.785 0.792 0.798 0.816 0.817 0.819 0.825 0.836 0.846 0.859 0.861 0.877 0.885 0.886 0.902 0.904 0.932 0.939 0.949 0.964 0.978 0.988 0.996 1.012 1.03 1.048 1.059 1.088 1.103 1.117 1.136 1.162 1.176 1.198 1.222 1.245 1.266 1.293 1.324 1.348 1.368 1.396 1.427 1.462 1.491 1.531 1.565 1.609 1.639 1.67 1.688 2.437 2.452 2.452 2.453 2.453 2.456 2.477 2.477 2.495 2.495 2.511 0.007 0.015 0.015 0.015 0.015 0.015 0.015 0.015 0 0 0 0 0 0 0 0 0 0 0 0 0 0 0 0 0 0 0 0 0 0 0 0 0 0 0 0.007 0 0 0.006 0 0 0 0 0 0 0 0.007 0 0.007 0 0.007 2.82 2.82 2.754 2.74 2.738 2.738 2.737 2.729 2.711 2.62 2.525 2.473 2.406 2.354 2.295 2.244 2.181 2.145 2.089 2.043 1.993 1.952 1.916 1.875 1.848 1.796 1.796 1.764 1.722 1.71 1.71 1.71 1.71 0.007 1.719 1.719 1.72 1.72 1.737 1.743 1.743 1.747 1.754 1.766 1.772 1.776 1.779 1.794 1.797 1.797 1.803 1.812 1.831 1.837 1.847 1.856 1.859 1.863 1.872 1.885 1.888 1.895 1.904 1.909 1.921 1.925 1.935 1.947 1.949 1.963 1.963 1.979 1.988 1.997 2.002 2.002 2.024 2.035 2.039 2.06 2.068 2.071 2.088 2.098 2.106 2.114 2.12 2.135 2.15 2.156 2.166 2.169 2.177 2.177 2.19 2.194 2.194 2.194 0.785 0.781 0.776 0.773 0.773 0.768 0.768 0.754 0.752 0.747 0.743 0.74 0.736 0.735 0.727 0.727 0.726 0.726 0.726 0.713 0.712 0.711 0.704 0.7 0.696 0.692 0.692 0.688 0.684 0.684 0.68 0.676 0.676 0.676 0.672 0.664 0.664 0.664 0.659 0.657 0.657 0.657 0.65 0.65 0.647 0.643 0.638 0.643 0.638 0.638 0.638 0.63 0.626 0.626 0.624 0.624 0.626 0.623 0.623 0.62 0.619 0.618 0.618 0.614 0.61 0.61 0.61 0.61 0.598 0.518 0.467 0.467 0.467 0.464 0.464 0.464 0.464 0.464 0.474 0.474 0.474 0.474 0.47 0.468 0.468 0.465 0.463 0.463 0.448 0.43 0.415 0.414 0.413 0.413 0.412 0.412 0.412 0.408 0.41 0.41 0.408 0.408 0.406 0.401 0.399 0.396 0.394 0.393 0.392 0.391 0.391 0.391 0.382 0.382 0.379 0.38 0.38 0.382 0.38 0.38 0.38 0.38 0.38 0.38 0.377 0.375 0.374 0.374 0.372 0.37 0.37 0.371 0.37 0.37 0.366 0.362 0.356 0.356 0.356 0.356 0.358 0.358 0.36 0.366 0.366 0.373 0.373 0.373 0.371 0.37 0.37 0.37 0.37 0.37 0.374 0.375 0.374 0.375 0.375 0.374 0.374 0.374 0.374 0.374 0.376 0.373 0.373 0.373 0.373 0.373 0.37 0.37 0.37 0.374 0.378 0.378 0.38 0.381 0.382 0.388 0.391 0.391 0.388 0.386 0.386 0.38 0.379 0.379 0.378 0.378 0.377 0.377 0.377 0.377 0.374 0.374 0.37 0.369 0.369 0.368 0.365 0.361 0.365 0.365 0.365 0.366 0.367 0.369 0.372 0.375 0.376 0.376 0.376 0.377 0.377 0.378 0.378 0.378 0.378 0.378 0.378 0.378 0.381 0.381 0.381 0.381 0.381 0.381 0.381 0.383 0.385 0.388 0.388 0.388 0.387 0.386 0.386 0.387 0.396 0.396 0.396 0.398 0.394 0.394 0.396 0.396 0.396 0.398 0.398 0.399 0.405 0.405 0.408 0.411 0.411 0.411 0.409 0.409 0.409 0.414 0.414 0.416 0.421 0.422 0.422 0.422 0.423 0.423 0.423 0.422 0.424 0.424 0.433 0.436 0.438 0.438 0.442 0.438 
1 1 1 1 1 1 1 1 1 1 1 1 1 1 1 1 1 1 1 1 1 1 1 1 1 1 1 1 1 1 1 1 1 1 1 1 1 1 1 1 1 1 1 1 1 1 1 1 1 1 1 1 1 1 1 1 1 1 1 1 1 1 1 1 1 1 1 1 1 1 1 1 1 1 1 1 1 1 1 1 1 1 1 1 1 1 1 1 1 1 1 1 1 1 1 1 1 1 1 1 1 1 1 1 1 1 1 1 1 1 1 1 1 1 1 1 1 1 1 1 1 1 1 1 1 1 1 1 1 1 1 1 1 1 1 1 1 1 1 1 1 1 1 1 1 1 1 1 1 1 1 1 1 1 1 1 1 1 1 1 1 1 1 1 1 1 1 1 1 1 1 1 1 1 1 1 1 1 1 1 1 1 1 1 1 1 1 1 1 1 1 1 1 1 1 1 1 1 1 1 1 1 1 1 1 1 1 1 1 1 1 1 1 1 1 1 1 1 1 1 1 1 1 1 1 1 1 1 1 1 1 1 1 1 1 1 1 1 1 1 1 1 1 1 1 1 1 1 1 1 1 1 1 1 1 0 0 0 0 0 0 0 0 0 0 0 0 0 0 0 0 0 0 0 0 0 0 0 0 0 0 0 0 0 0 0 0 0 0 0 0 0 0 0 0 0 0 0 0 0 0 0 0 0 0 0 1 1 1 1 1 1 1 1 1 1 1 1 1 1 1 1 1 1 1 1 1 1 1 1 1 1 1 1 1 1 1 1 1 0 1 1 1 1 1 1 1 1 1 1 1 1 1 1 1 1 1 1 1 1 1 1 1 1 1 1 1 1 1 1 1 1 1 1 1 1 1 1 1 1 1 1 1 1 1 1 1 1 1 1 1 1 1 1 1 1 1 1 1 1 1 1 1 1 1 1 1 1 1 1 1 1 1 1 1 1 1 1 1 1 1 1 1 1 1 1 1 1 1 1 1 1 1 1 1 1 1 1 1 1 1 1 1 1 1 1 1 1 1 1 1 1 1 1 1 1 1 1 1 1 1 1 1 1 1 1 1 1 1 1 1 1 1 1 1 1 1 1 1 1 1 1 1 1 1 1 1 1 1 1 1 1 1 1 1 1 1 1 1 1 1 1 1 1 1 1 1 1 1 1 1 1 1 1 1 1 1 1 1 1 1 1 1 1 1 1 1 1 1 1 1 1 1 1 1 1 1 1 1 1 1 1 1 1 1 1 1 1 1 1 1 1 1 1 1 1 1 1 1 1 1 1 1 1 1 1 1 1 1 1 1 1 1 1 1 1 1 1 1 1 1 1 1 1 1 1 1 1 1 1 1 1 1 1 1 1 1 1 1 1 1 1 1 1 1 1 1 1 1 1 1 1 1 1 1 1 1 1 1 1 1 1 1 1 1 1 1 1 1 1 1 1 1 1 1 1 1 1 1 1 1 1 1 1 1 1 1 1 1 1 1 1 1 1 1 1 1 1 1 1 1 1 1 1 1 1 1 1 1 1 1 1 1 1 1 1 1 1 1 1 1 1 
