# This file contains a 2D laser scan observation. 
# Its format is: 
# [aperture] [max_range] [number_of_scans] 
# [vector_of_scans] 
# [vector_of_valid_scans] 
# The aperture of the sensor is in radians, the maximum range 
# and measurements are in meters. '1' means a valid scan, '0' otherwise.
4.1847
5.6
682
0.799 0.799 0.794 0.806 0.794 0.794 0.796 0.799 0.799 0.801 0.801 0.803 0.805 0.805 0.801 0.805 0.801 0.801 0.801 0.804 0.804 0.806 0.806 0.804 0.807 0.807 0.805 0.809 0.809 0.809 0.813 0.814 0.814 0.814 0.813 0.82 0.816 0.816 0.816 0.823 0.825 0.825 0.825 0.825 0.828 0.829 0.83 0.831 0.831 0.834 0.838 0.839 0.839 0.838 0.838 0.84 0.841 0.842 0.845 0.849 0.849 0.85 0.853 0.854 0.854 0.854 0.863 0.863 0.863 0.863 0.87 0.872 0.876 0.88 0.883 0.883 0.884 0.891 0.891 0.896 0.896 0.899 0.9 0.904 0.907 0.912 0.916 0.918 0.919 0.924 0.93 0.931 0.935 0.938 0.939 0.944 0.946 0.947 0.959 0.963 0.968 0.973 0.973 0.978 0.982 0.988 0.994 0.997 0.998 1.007 1.014 1.014 1.02 1.032 1.032 1.033 1.035 1.051 1.051 1.051 1.056 1.056 1.058 1.063 1.076 1.082 1.085 1.102 1.113 1.995 1.995 1.995 1.98 1.972 1.952 1.949 1.943 1.943 1.942 1.932 1.928 1.919 1.914 1.909 1.893 1.886 1.882 1.874 1.87 1.856 1.849 1.848 1.839 1.837 1.819 1.818 1.818 1.814 1.812 1.783 1.766 1.765 1.754 1.753 1.75 1.75 1.734 1.734 1.734 1.841 1.841 1.841 1.765 1.751 1.737 1.737 1.737 1.757 1.777 1.781 1.781 1.781 1.834 1.862 1.89 1.935 1.937 1.937 1.935 1.931 1.929 1.929 1.929 1.926 1.929 1.93 2.184 2.23 2.261 2.261 2.321 4.971 4.971 4.971 4.949 4.949 4.949 0 0 0 4.921 4.905 4.905 4.905 0 0 0 0 0 0 0 0.007 0 0 0 0.007 0 0 0 0 0 0 0 0 0 0 0 0 0.006 0 0.006 0.006 0.006 0.006 0.006 0.007 0 0 0 0 0 0 0 0 1.958 1.911 1.903 1.895 1.835 1.835 1.828 1.828 1.825 1.822 1.822 1.822 1.822 1.822 1.739 1.622 1.499 1.412 1.351 1.282 1.215 1.152 1.098 1.055 1.019 0.977 0.937 0.915 0.888 0.848 0.826 0.794 0.762 0.732 0.725 0.724 0.725 0.732 0.732 0.748 0.748 0.748 0.748 0.748 0.737 0.736 0.735 0.735 0.735 0.728 0.728 0.735 0.736 0.742 0.742 0.736 0.742 0.751 0.751 0.752 0.755 0.762 0.764 0.767 0.769 0.769 0.776 0.782 0.785 0.787 0.787 0.788 0.788 0.793 0.794 0.795 0.796 0.798 0.803 0.811 0.814 0.818 0.82 0.821 0.823 0.823 0.828 0.831 0.832 0.849 0.851 0.865 0.865 0.865 0.866 0.869 0.877 0.885 0.887 0.89 0.894 0.894 0.902 0.908 0.908 0.911 0.914 0.921 0.922 0.931 0.931 0.937 0.939 0.947 0.947 0.961 0.963 0.965 0.97 0.976 0.987 0.996 1.004 1.007 1.018 1.02 1.021 1.039 1.048 1.05 1.057 1.069 1.07 1.077 1.086 1.09 1.103 1.112 1.114 1.129 1.139 1.141 1.154 1.168 1.174 1.186 1.199 1.207 1.214 1.223 1.228 1.232 1.235 1.248 1.262 1.28 1.285 1.29 1.316 1.328 1.332 1.335 1.336 1.358 1.363 1.399 1.411 1.434 1.434 1.466 1.479 1.499 1.522 1.53 1.549 1.574 1.6 1.608 1.647 1.663 1.678 1.7 1.726 1.763 1.782 1.808 1.846 1.867 1.891 1.924 1.961 1.994 2.031 2.061 2.098 2.177 2.312 2.39 2.39 2.394 0.006 0.006 0.006 3.159 3.147 3.137 3.129 3.129 3.129 3.14 3.14 3.14 3.166 3.166 3.311 3.424 3.527 3.527 3.638 3.76 3.874 4.036 4.165 4.165 4.165 4.056 3.996 3.996 3.996 4.008 4.03 4.117 4.141 4.142 4.145 4.142 4.142 4.133 4.133 4.132 4.128 4.127 4.126 4.126 4.123 4.115 4.113 4.112 4.108 4.107 4.107 4.107 4.107 4.108 4.108 4.108 4.108 4.108 4.106 4.111 4.111 4.111 4.101 4.061 4.061 4.043 4.031 3.198 3.013 2.991 2.991 2.982 2.991 2.991 2.947 2.203 2.121 2.03 1.947 1.894 1.835 1.78 1.721 1.671 1.624 1.576 1.535 1.498 1.46 1.424 1.384 1.357 1.334 1.294 1.268 1.243 1.208 1.19 1.16 1.135 1.11 1.093 1.069 1.052 1.031 1.017 0.998 0.987 0.971 0.955 0.942 0.924 0.904 0.899 0.884 0.878 0.862 0.858 0.836 0.831 0.821 0.819 0.802 0.799 0.793 0.78 0.767 0.766 0.756 0.74 0.739 0.733 0.714 0.712 0.706 0.702 0.691 0.687 0.682 0.68 0.663 0.662 0.661 0.657 0.642 0.637 0.633 0.628 0.62 0.619 0.618 0.608 0.603 0.603 0.6 0.6 0.599 0.581 0.58 0.579 0.571 0.57 0.569 0.569 0.553 0.553 0.548 0.545 0.542 0.541 0.537 0.536 0.534 0.534 0.529 0.526 0.522 0.52 0.517 0.513 0.513 0.506 0.504 0.502 0.496 0.496 0.496 0.496 0.488 0.488 0.488 0.487 0.486 0.479 0.475 0.47 0.47 0.471 0.471 0.463 0.463 0.461 0.461 0.459 0.458 0.457 0.457 0.454 0.453 0.451 0.451 0.451 0.449 0.445 0.443 0.441 0.441 0.441 0.438 0.436 0.436 0.436 0.436 0.431 0.429 0.429 0.429 0.429 
1 1 1 1 1 1 1 1 1 1 1 1 1 1 1 1 1 1 1 1 1 1 1 1 1 1 1 1 1 1 1 1 1 1 1 1 1 1 1 1 1 1 1 1 1 1 1 1 1 1 1 1 1 1 1 1 1 1 1 1 1 1 1 1 1 1 1 1 1 1 1 1 1 1 1 1 1 1 1 1 1 1 1 1 1 1 1 1 1 1 1 1 1 1 1 1 1 1 1 1 1 1 1 1 1 1 1 1 1 1 1 1 1 1 1 1 1 1 1 1 1 1 1 1 1 1 1 1 1 1 1 1 1 1 1 1 1 1 1 1 1 1 1 1 1 1 1 1 1 1 1 1 1 1 1 1 1 1 1 1 1 1 1 1 1 1 1 1 1 1 1 1 1 1 1 1 1 1 1 1 1 1 1 1 1 1 1 1 1 1 1 1 1 1 1 1 1 1 1 1 1 1 1 1 1 1 1 0 0 0 1 1 1 1 0 0 0 0 0 0 0 0 0 0 0 0 0 0 0 0 0 0 0 0 0 0 0 0 0 0 0 0 0 0 0 0 0 0 0 0 0 0 0 0 1 1 1 1 1 1 1 1 1 1 1 1 1 1 1 1 1 1 1 1 1 1 1 1 1 1 1 1 1 1 1 1 1 1 1 1 1 1 1 1 1 1 1 1 1 1 1 1 1 1 1 1 1 1 1 1 1 1 1 1 1 1 1 1 1 1 1 1 1 1 1 1 1 1 1 1 1 1 1 1 1 1 1 1 1 1 1 1 1 1 1 1 1 1 1 1 1 1 1 1 1 1 1 1 1 1 1 1 1 1 1 1 1 1 1 1 1 1 1 1 1 1 1 1 1 1 1 1 1 1 1 1 1 1 1 1 1 1 1 1 1 1 1 1 1 1 1 1 1 1 1 1 1 1 1 1 1 1 1 1 1 1 1 1 1 1 1 1 1 1 1 1 1 1 1 1 1 1 1 1 1 1 1 1 1 1 1 1 1 1 1 1 1 1 1 1 1 1 1 1 0 0 0 1 1 1 1 1 1 1 1 1 1 1 1 1 1 1 1 1 1 1 1 1 1 1 1 1 1 1 1 1 1 1 1 1 1 1 1 1 1 1 1 1 1 1 1 1 1 1 1 1 1 1 1 1 1 1 1 1 1 1 1 1 1 1 1 1 1 1 1 1 1 1 1 1 1 1 1 1 1 1 1 1 1 1 1 1 1 1 1 1 1 1 1 1 1 1 1 1 1 1 1 1 1 1 1 1 1 1 1 1 1 1 1 1 1 1 1 1 1 1 1 1 1 1 1 1 1 1 1 1 1 1 1 1 1 1 1 1 1 1 1 1 1 1 1 1 1 1 1 1 1 1 1 1 1 1 1 1 1 1 1 1 1 1 1 1 1 1 1 1 1 1 1 1 1 1 1 1 1 1 1 1 1 1 1 1 1 1 1 1 1 1 1 1 1 1 1 1 1 1 1 1 1 1 1 1 1 1 1 1 1 1 1 1 1 1 1 1 1 1 1 1 1 1 1 1 
