# This file contains a 2D laser scan observation. 
# Its format is: 
# [aperture] [max_range] [number_of_scans] 
# [vector_of_scans] 
# [vector_of_valid_scans] 
# The aperture of the sensor is in radians, the maximum range 
# and measurements are in meters. '1' means a valid scan, '0' otherwise.
4.1847
5.6
682
0.877 0.877 0.882 0.884 0.886 0.886 0.886 0.886 0.886 0.886 0.888 0.888 0.888 0.888 0.89 0.89 0.89 0.891 0.89 0.891 0.891 0.897 0.899 0.899 0.899 0.899 0.904 0.904 0.908 0.908 0.908 0.909 0.916 0.917 0.92 0.921 0.924 0.924 0.926 0.927 0.93 0.929 0.93 0.934 0.938 0.94 0.942 0.944 0.948 0.948 0.95 0.952 0.962 0.963 0.963 0.969 0.971 0.974 0.978 0.978 0.983 0.984 0.985 0.986 0.996 1 1 1.009 1.01 1.009 1.009 1.018 1.023 1.023 1.027 1.028 1.038 1.046 1.051 1.053 1.055 1.055 1.053 1.064 1.071 1.066 1.071 1.077 1.08 1.087 1.095 1.105 1.112 2.07 2.07 2.07 2.048 2.048 2.042 2.039 2.026 2.026 2.021 1.992 1.988 1.961 1.96 1.944 1.923 1.909 1.899 1.879 1.877 1.87 1.865 1.85 1.841 1.825 1.823 1.818 1.806 1.797 1.796 1.792 1.792 1.788 1.787 1.787 1.765 1.763 1.757 1.742 1.736 1.734 1.723 1.722 1.716 1.716 1.716 1.982 1.982 1.982 1.737 1.731 1.703 1.689 1.689 1.689 1.692 1.705 1.706 1.734 1.756 1.811 1.82 1.849 1.871 1.889 1.889 1.891 1.889 1.889 1.886 1.88 1.872 1.88 1.88 1.92 2.051 2.116 2.116 2.153 2.184 2.229 2.282 5.008 0.007 0 0 0 4.943 4.943 4.943 0 0 0 4.868 4.861 4.861 4.868 0 0 0 0.007 0 0 0 0 5.426 5.426 5.426 0 0 0 0 0 0 0 0 0 0 0 0 0 0 0 0 0.007 0 0.007 0.008 0.006 0.006 0 0 0 0 0 1.823 1.822 1.817 1.75 1.749 1.749 1.749 1.74 1.734 1.74 1.733 1.74 0.007 1.728 1.493 1.325 1.176 1.069 0.989 0.924 0.852 0.797 0.739 0.679 0.64 0.638 0.638 0.64 0.645 0.647 0.652 0.658 0.663 0.664 0.664 0.663 0.636 0.634 0.625 0.619 0.619 0.619 0.628 0.628 0.631 0.631 0.634 0.64 0.641 0.641 0.641 0.642 0.642 0.648 0.652 0.658 0.658 0.658 0.658 0.659 0.659 0.67 0.673 0.679 0.681 0.681 0.681 0.684 0.684 0.688 0.688 0.689 0.689 0.689 0.697 0.698 0.699 0.71 0.71 0.713 0.713 0.71 0.713 0.721 0.724 0.724 0.724 0.734 0.748 0.755 0.755 0.756 0.761 0.761 0.761 0.761 0.77 0.769 0.771 0.773 0.781 0.784 0.787 0.787 0.793 0.795 0.796 0.796 0.802 0.807 0.809 0.814 0.814 0.82 0.825 0.826 0.831 0.839 0.842 0.843 0.844 0.85 0.859 0.861 0.869 0.874 0.874 0.882 0.89 0.895 0.898 0.899 0.91 0.912 0.926 0.928 0.934 0.943 0.946 0.947 0.956 0.969 0.971 0.98 0.989 0.992 1.004 1.012 1.028 1.03 1.032 1.038 1.057 1.064 1.078 1.079 1.093 1.105 1.108 1.108 1.113 1.115 1.117 1.141 1.152 1.154 1.171 1.183 1.198 1.209 1.222 1.225 1.231 1.252 1.256 1.279 1.299 1.322 1.322 1.341 1.357 1.381 1.401 1.414 1.433 1.454 1.47 1.499 1.511 1.537 1.558 1.586 1.61 1.638 1.664 1.682 1.711 1.745 1.778 1.799 1.834 1.867 1.907 1.943 1.981 1.994 2.027 2.185 2.295 2.296 0.008 0.008 0.008 3.046 3.042 3.025 3.025 3.025 3.025 3.056 3.056 3.058 3.058 3.059 3.276 3.379 3.491 3.491 3.607 3.734 3.915 4.056 4.056 4.056 4.02 3.913 3.905 3.905 3.913 3.93 3.989 4.053 4.054 4.054 4.053 4.051 4.044 4.039 4.039 4.039 4.039 4.04 4.04 4.041 4.041 4.034 4.03 4.029 4.025 4.025 4.023 4.023 4.025 4.026 4.028 4.031 4.031 4.031 4.036 4.038 4.038 4.031 4.031 4.006 4.006 3.971 3.959 3.959 3.203 3.085 2.91 2.91 2.91 2.909 2.887 2.882 2.882 2.876 2.167 2.087 2.034 1.955 1.926 1.872 1.815 1.773 1.734 1.696 1.652 1.614 1.586 1.557 1.511 1.478 1.457 1.43 1.403 1.371 1.341 1.323 1.3 1.3 1.276 1.255 1.205 1.18 1.167 1.143 1.131 1.106 1.094 1.077 1.059 1.042 1.034 1.015 1.008 0.994 0.979 0.974 0.96 0.945 0.941 0.924 0.911 0.905 0.893 0.891 0.875 0.869 0.867 0.849 0.848 0.83 0.82 0.817 0.813 0.807 0.802 0.798 0.797 0.778 0.775 0.771 0.757 0.755 0.748 0.743 0.742 0.735 0.728 0.721 0.718 0.712 0.71 0.706 0.7 0.696 0.691 0.689 0.677 0.672 0.671 0.666 0.658 0.651 0.65 0.649 0.644 0.633 0.63 0.628 0.626 0.626 0.623 0.622 0.62 0.618 0.617 0.614 0.613 0.603 0.601 0.598 0.593 0.59 0.588 0.587 0.586 0.582 0.581 0.581 0.571 0.571 0.569 0.566 0.565 0.561 0.558 0.557 0.556 0.553 0.552 0.551 0.548 0.548 0.548 0.542 0.54 0.54 0.539 0.538 0.534 0.53 0.528 0.528 0.527 0.527 0.527 0.521 0.521 0.517 0.517 0.517 0.516 0.517 0.516 0.515 0.515 0.516 0.511 0.511 0.511 0.506 0.506 0.506 0.506 0.504 0.503 0.501 0.501 0.499 0.493 0.491 
1 1 1 1 1 1 1 1 1 1 1 1 1 1 1 1 1 1 1 1 1 1 1 1 1 1 1 1 1 1 1 1 1 1 1 1 1 1 1 1 1 1 1 1 1 1 1 1 1 1 1 1 1 1 1 1 1 1 1 1 1 1 1 1 1 1 1 1 1 1 1 1 1 1 1 1 1 1 1 1 1 1 1 1 1 1 1 1 1 1 1 1 1 1 1 1 1 1 1 1 1 1 1 1 1 1 1 1 1 1 1 1 1 1 1 1 1 1 1 1 1 1 1 1 1 1 1 1 1 1 1 1 1 1 1 1 1 1 1 1 1 1 1 1 1 1 1 1 1 1 1 1 1 1 1 1 1 1 1 1 1 1 1 1 1 1 1 1 1 1 1 1 1 1 1 1 0 0 0 0 1 1 1 0 0 0 1 1 1 1 0 0 0 0 0 0 0 0 1 1 1 0 0 0 0 0 0 0 0 0 0 0 0 0 0 0 0 0 0 0 0 0 0 0 0 0 0 0 1 1 1 1 1 1 1 1 1 1 1 1 0 1 1 1 1 1 1 1 1 1 1 1 1 1 1 1 1 1 1 1 1 1 1 1 1 1 1 1 1 1 1 1 1 1 1 1 1 1 1 1 1 1 1 1 1 1 1 1 1 1 1 1 1 1 1 1 1 1 1 1 1 1 1 1 1 1 1 1 1 1 1 1 1 1 1 1 1 1 1 1 1 1 1 1 1 1 1 1 1 1 1 1 1 1 1 1 1 1 1 1 1 1 1 1 1 1 1 1 1 1 1 1 1 1 1 1 1 1 1 1 1 1 1 1 1 1 1 1 1 1 1 1 1 1 1 1 1 1 1 1 1 1 1 1 1 1 1 1 1 1 1 1 1 1 1 1 1 1 1 1 1 1 1 1 1 1 1 1 1 1 1 1 1 1 1 1 1 1 1 1 1 1 1 1 1 1 1 1 1 1 1 1 1 1 1 1 1 1 0 0 0 1 1 1 1 1 1 1 1 1 1 1 1 1 1 1 1 1 1 1 1 1 1 1 1 1 1 1 1 1 1 1 1 1 1 1 1 1 1 1 1 1 1 1 1 1 1 1 1 1 1 1 1 1 1 1 1 1 1 1 1 1 1 1 1 1 1 1 1 1 1 1 1 1 1 1 1 1 1 1 1 1 1 1 1 1 1 1 1 1 1 1 1 1 1 1 1 1 1 1 1 1 1 1 1 1 1 1 1 1 1 1 1 1 1 1 1 1 1 1 1 1 1 1 1 1 1 1 1 1 1 1 1 1 1 1 1 1 1 1 1 1 1 1 1 1 1 1 1 1 1 1 1 1 1 1 1 1 1 1 1 1 1 1 1 1 1 1 1 1 1 1 1 1 1 1 1 1 1 1 1 1 1 1 1 1 1 1 1 1 1 1 1 1 1 1 1 1 1 1 1 1 1 1 1 1 1 1 1 1 1 1 1 1 1 1 1 1 1 1 1 1 1 1 1 1 1 1 1 1 1 1 1 1 1 1 1 1 1 1 1 1 
