# This file contains a 2D laser scan observation. 
# Its format is: 
# [aperture] [max_range] [number_of_scans] 
# [vector_of_scans] 
# [vector_of_valid_scans] 
# The aperture of the sensor is in radians, the maximum range 
# and measurements are in meters. '1' means a valid scan, '0' otherwise.
4.1847
5.6
682
2.45 2.45 2.431 2.422 2.412 2.409 2.401 2.386 2.386 2.379 2.374 2.371 2.367 2.269 2.216 2.2 2.199 2.186 2.186 2.175 2.142 2.175 0 2.142 2.131 0 2.081 2.059 2.027 2.005 1.998 1.981 1.965 1.958 1.942 1.901 1.9 1.888 1.873 1.854 1.854 1.847 1.819 1.813 1.812 1.809 1.79 1.785 1.773 1.767 1.757 1.752 1.743 1.743 1.743 1.763 1.773 1.773 1.773 1.716 1.712 1.712 1.716 1.722 1.729 1.733 1.752 1.777 1.797 1.819 1.836 1.845 1.862 1.88 1.88 1.88 1.879 1.877 1.865 1.864 1.859 1.858 1.858 1.858 1.858 1.891 2.032 2.048 2.074 2.091 2.113 2.137 2.166 2.192 2.21 2.236 2.275 0 0 0 0 0 0 0 0 0 0 0 0 0 0 0 0.511 0.511 0.511 0.511 0.511 0.511 0.511 0.511 0.52 0.52 0.52 0.516 0.515 0.515 0.494 0.481 0.481 0.471 0.473 0.473 0.473 0.472 0.473 0.475 0.477 0.477 0.48 0.477 0.475 0.475 0.476 0.475 0.475 0.476 0.478 0.484 0.484 0.486 0.484 0.484 0.479 0.479 0.479 0.481 0.478 0.478 0.481 0.482 0.484 0.484 0.486 0.486 0.486 0.487 0.487 0.488 0.49 0.496 0.501 0.501 0.501 0.5 0.498 0.494 0.49 0.49 0.488 0.486 0.484 0.486 0.484 0.48 0.48 0.488 0.48 0.486 0.486 0.486 0.485 0.486 0.489 0.491 0.491 0.491 0.491 0.492 0.492 0.49 0.49 0.49 0.49 0.488 0.488 0.488 0.493 0.493 0.5 0.509 0.51 0.51 0.51 0.51 0.51 0.51 0.512 0.512 0.517 0.517 0.517 0.515 0.515 0.515 0.519 0.519 0.521 0.522 0.522 0.522 0.522 0.524 0.528 0.537 0.538 0.538 0.538 0.537 0.539 0.543 0.538 0.54 0.543 0.54 0.54 0.544 0.547 0.547 0.555 0.558 0.557 0.558 0.558 0.56 0.56 0.563 0.566 0.566 0.571 0.573 0.571 0.573 0.577 0.577 0.583 0.583 0.59 0.591 0.591 0.593 0.594 0.595 0.596 0.597 0.606 0.61 0.613 0.614 0.614 0.62 0.623 0.623 0.634 0.636 0.638 0.641 0.642 0.642 0.647 0.651 0.651 0.655 0.661 0.663 0.665 0.666 0.669 0.681 0.685 0.695 0.695 0.698 0.698 0.699 0.71 0.716 0.717 0.723 0.723 0.727 0.727 0.733 0.745 0.746 0.756 0.756 0.761 0.775 0.775 0.783 0.792 0.805 0.805 0.807 0.823 0.823 0.823 0.823 0.828 0.828 0.843 0.844 0.845 0.868 0.877 0.88 0.887 0.898 0.908 0.911 0.928 0.93 0.939 0.946 0.948 0.954 0.958 0.972 0.973 0.981 0.999 1.007 1.041 1.055 1.065 1.074 1.088 1.106 1.122 1.141 1.158 1.173 1.18 1.208 1.223 1.239 1.265 1.276 1.294 1.317 1.347 1.366 1.386 1.428 1.459 1.485 1.515 1.541 1.577 1.61 1.648 1.672 1.673 1.702 1.953 1.987 1.992 2.081 2.75 2.75 2.75 2.75 2.751 2.751 2.793 2.793 2.793 2.773 2.773 2.773 2.964 3.078 3.198 3.198 3.338 3.536 3.718 3.782 3.782 3.782 3.741 3.634 3.634 3.624 3.634 3.654 3.692 3.748 3.778 3.778 3.782 3.778 3.778 3.777 3.777 3.773 3.77 3.77 3.769 3.768 3.769 3.768 3.764 3.768 3.764 3.764 3.764 3.765 3.765 3.766 3.772 3.772 3.772 3.772 3.775 3.773 3.779 3.78 3.78 3.786 3.786 3.786 3.754 3.754 3.753 3.754 3.778 3.778 2.94 2.94 2.858 2.765 2.715 2.712 2.712 2.712 2.712 2.712 2.688 2.688 2.688 2.688 2.688 2.691 2.688 2.684 1.926 1.912 1.871 1.827 1.803 1.766 1.731 1.707 1.668 1.647 1.623 1.588 1.572 1.546 1.519 1.497 1.477 1.453 1.433 1.417 1.396 1.371 1.357 1.337 1.308 1.294 1.291 1.262 1.259 1.239 1.218 1.206 1.193 1.176 1.169 1.151 1.144 1.13 1.115 1.103 1.093 1.085 1.075 1.055 1.053 1.041 1.039 1.033 1.011 1.008 1.001 0.996 0.98 0.972 0.966 0.953 0.951 0.95 0.935 0.926 0.922 0.92 0.909 0.908 0.895 0.892 0.885 0.885 0.873 0.872 0.865 0.855 0.855 0.852 0.846 0.841 0.833 0.83 0.83 0.818 0.818 0.815 0.808 0.802 0.799 0.799 0.791 0.789 0.787 0.786 0.779 0.773 0.771 0.77 0.767 0.76 0.757 0.756 0.753 0.753 0.743 0.742 0.741 0.735 0.734 0.731 0.724 0.724 0.724 0.722 0.717 0.713 0.71 0.706 0.704 0.704 0.701 0.695 0.693 0.693 0.693 0.69 0.69 0.687 0.682 0.682 0.68 0.682 0.68 0.68 0.68 0.674 0.667 0.665 0.664 0.662 0.661 0.659 0.659 0.657 0.657 0.655 0.655 0.649 0.649 0.648 0.647 0.646 0.646 0.644 0.638 0.638 0.638 0.638 0.637 0.638 0.637 0.633 0.633 0.631 0.63 0.63 0.63 0.625 0.625 0.624 0.625 0.619 0.618 0.619 0.619 0.619 0.618 0.618 0.618 0.618 0.618 0.618 0.616 0.616 0.616 0.614 0.614 0.616 0.614 0.614 0.62 0.621 0.62 0.62 0.617 0.616 0.616 0.613 0.613 0.613 0.612 0.612 0.611 0.611 0.611 0.612 0.615 0.619 0.616 0.616 
1 1 1 1 1 1 1 1 1 1 1 1 1 1 1 1 1 1 1 1 1 1 0 1 1 0 1 1 1 1 1 1 1 1 1 1 1 1 1 1 1 1 1 1 1 1 1 1 1 1 1 1 1 1 1 1 1 1 1 1 1 1 1 1 1 1 1 1 1 1 1 1 1 1 1 1 1 1 1 1 1 1 1 1 1 1 1 1 1 1 1 1 1 1 1 1 1 0 0 0 0 0 0 0 0 0 0 0 0 0 0 0 1 1 1 1 1 1 1 1 1 1 1 1 1 1 1 1 1 1 1 1 1 1 1 1 1 1 1 1 1 1 1 1 1 1 1 1 1 1 1 1 1 1 1 1 1 1 1 1 1 1 1 1 1 1 1 1 1 1 1 1 1 1 1 1 1 1 1 1 1 1 1 1 1 1 1 1 1 1 1 1 1 1 1 1 1 1 1 1 1 1 1 1 1 1 1 1 1 1 1 1 1 1 1 1 1 1 1 1 1 1 1 1 1 1 1 1 1 1 1 1 1 1 1 1 1 1 1 1 1 1 1 1 1 1 1 1 1 1 1 1 1 1 1 1 1 1 1 1 1 1 1 1 1 1 1 1 1 1 1 1 1 1 1 1 1 1 1 1 1 1 1 1 1 1 1 1 1 1 1 1 1 1 1 1 1 1 1 1 1 1 1 1 1 1 1 1 1 1 1 1 1 1 1 1 1 1 1 1 1 1 1 1 1 1 1 1 1 1 1 1 1 1 1 1 1 1 1 1 1 1 1 1 1 1 1 1 1 1 1 1 1 1 1 1 1 1 1 1 1 1 1 1 1 1 1 1 1 1 1 1 1 1 1 1 1 1 1 1 1 1 1 1 1 1 1 1 1 1 1 1 1 1 1 1 1 1 1 1 1 1 1 1 1 1 1 1 1 1 1 1 1 1 1 1 1 1 1 1 1 1 1 1 1 1 1 1 1 1 1 1 1 1 1 1 1 1 1 1 1 1 1 1 1 1 1 1 1 1 1 1 1 1 1 1 1 1 1 1 1 1 1 1 1 1 1 1 1 1 1 1 1 1 1 1 1 1 1 1 1 1 1 1 1 1 1 1 1 1 1 1 1 1 1 1 1 1 1 1 1 1 1 1 1 1 1 1 1 1 1 1 1 1 1 1 1 1 1 1 1 1 1 1 1 1 1 1 1 1 1 1 1 1 1 1 1 1 1 1 1 1 1 1 1 1 1 1 1 1 1 1 1 1 1 1 1 1 1 1 1 1 1 1 1 1 1 1 1 1 1 1 1 1 1 1 1 1 1 1 1 1 1 1 1 1 1 1 1 1 1 1 1 1 1 1 1 1 1 1 1 1 1 1 1 1 1 1 1 1 1 1 1 1 1 1 1 1 1 1 1 1 1 1 1 1 1 1 1 1 1 1 1 1 1 1 1 1 1 1 1 1 1 1 1 1 1 1 1 1 1 1 1 1 1 1 1 1 1 1 1 1 1 1 1 1 1 1 1 1 1 1 1 1 1 1 1 1 1 1 1 1 
