# This file contains a 2D laser scan observation. 
# Its format is: 
# [aperture] [max_range] [number_of_scans] 
# [vector_of_scans] 
# [vector_of_valid_scans] 
# The aperture of the sensor is in radians, the maximum range 
# and measurements are in meters. '1' means a valid scan, '0' otherwise.
4.1847
5.6
682
0.595 0.595 0.595 0.595 0.593 0.587 0.572 0.57 0.565 0.565 0.57 0.57 0.571 0.571 0.571 0.573 0.573 0.573 0.573 0.575 0.575 0.571 0.571 0.571 0.571 0.569 0.562 0.558 0.556 0.556 0.556 0.556 0.552 0.55 0.55 0.552 0.552 0.553 0.553 0.553 0.56 0.56 0.56 0.562 0.56 0.561 0.565 0.561 0.561 0.561 0.561 0.561 0.568 0.568 0.57 0.57 0.563 0.555 0.555 0.554 0.55 0.544 0.549 0.549 0.549 0.549 0.549 0.548 0.548 0.541 0.539 0.541 0.547 0.54 0.546 0.547 0.547 0.582 0.583 0.586 0.584 0.583 0.584 0.588 0.588 0.59 0.591 0.596 0.596 0.596 0.596 0.596 0.591 0.591 0.592 0.592 0.592 0.598 0.599 0.6 0.602 0.602 0.606 0.606 0.608 0.608 0.608 0.611 0.606 0.606 0.606 0.615 0.609 0.615 0.617 0.615 0.617 0.618 0.619 0.618 0.62 0.627 0.627 0.628 0.629 0.629 0.633 0.636 0.638 0.642 0.642 0.642 0.642 0.644 0.645 0.647 0.655 0.657 0.658 0.661 0.664 0.665 0.665 0.67 0.672 0.674 0.679 0.685 0.685 0.685 0.686 0.692 0.693 0.694 0.695 0.702 0.705 0.711 0.712 0.715 0.719 0.719 0.725 0.727 0.731 0.731 0.733 0.734 0.736 0.748 0.75 0.757 0.758 0.763 0.766 0.767 0.777 0.778 0.782 0.782 0.787 0.794 0.794 0.799 0.809 0.813 0.814 0.815 0.83 0.834 0.838 0.841 0.852 0.862 0.865 0.866 0.871 0.883 0.887 0.888 0.889 0.903 0.908 0.913 0.914 0.932 0.938 0.945 0.945 0.958 0.962 0.962 0.982 0.982 0.991 0.996 1.047 1.085 1.1 1.114 1.156 1.168 1.175 1.182 1.206 1.21 1.233 1.24 1.241 1.243 1.247 1.263 1.28 1.291 1.319 2.101 2.103 2.103 2.101 2.096 2.09 2.086 2.086 2.077 2.074 2.047 2.044 2.032 2.029 2.027 2.016 2.011 2.011 2.011 2.023 2.038 2.038 2.038 2.034 2.026 2.026 2.026 2.032 2.089 2.164 2.216 2.267 2.326 2.381 2.449 2.507 2.583 2.651 2.72 2.84 2.937 2.97 3.005 3.005 2.97 2.939 2.864 2.862 2.861 2.858 2.858 2.861 2.864 2.961 2.976 2.987 2.987 2.987 2.985 2.982 2.981 2.978 2.977 2.977 2.976 2.975 2.975 2.975 2.975 2.968 2.967 2.963 2.967 2.965 2.965 2.963 2.963 2.96 2.96 2.962 2.962 2.962 2.962 2.962 2.966 2.966 2.966 2.974 2.974 2.974 2.974 2.975 2.977 2.981 2.983 2.984 2.984 2.984 2.984 2.962 2.962 2.965 2.965 2.976 3.876 3.893 3.893 3.876 2.162 2.153 2.103 2.044 2.044 1.968 1.943 1.908 1.908 1.908 1.922 1.925 1.925 1.925 1.904 1.899 1.899 1.899 1.904 1.905 1.906 1.914 1.914 1.919 1.924 1.938 1.946 1.953 1.953 1.957 1.957 1.96 1.96 1.957 1.154 1.145 1.126 1.116 1.116 1.101 1.086 1.076 1.071 1.054 1.047 1.033 1.018 1.01 0.991 0.99 0.984 0.976 0.958 0.947 0.946 0.935 0.92 0.918 0.917 0.902 0.893 0.89 0.882 0.872 0.865 0.864 0.855 0.846 0.84 0.835 0.834 0.822 0.82 0.807 0.806 0.803 0.797 0.792 0.789 0.785 0.777 0.775 0.766 0.763 0.76 0.751 0.751 0.749 0.738 0.734 0.733 0.725 0.725 0.724 0.714 0.713 0.705 0.702 0.698 0.694 0.694 0.694 0.683 0.68 0.68 0.678 0.678 0.67 0.67 0.67 0.664 0.664 0.661 0.66 0.652 0.647 0.647 0.645 0.644 0.636 0.636 0.636 0.634 0.634 0.633 0.627 0.625 0.625 0.622 0.621 0.619 0.613 0.614 0.613 0.613 0.613 0.605 0.598 0.598 0.592 0.597 0.594 0.59 0.589 0.588 0.582 0.579 0.576 0.576 0.575 0.575 0.575 0.576 0.576 0.576 0.576 0.576 0.571 0.57 0.571 0.57 0.568 0.568 0.567 0.563 0.561 0.561 0.559 0.559 0.557 0.552 0.55 0.552 0.552 0.552 0.549 0.554 0.555 0.551 0.551 0.551 0.551 0.547 0.545 0.545 0.551 0.55 0.55 0.55 0.548 0.547 0.547 0.547 0.547 0.547 0.547 0.547 0.542 0.541 0.541 0.54 0.538 0.538 0.539 0.539 0.539 0.54 0.54 0.54 0.539 0.539 0.538 0.533 0.533 0.533 0.533 0.533 0.536 0.533 0.535 0.535 0.536 0.537 0.538 0.538 0.538 0.537 0.534 0.534 0.536 0.536 0.536 0.537 0.537 0.538 0.538 0.538 0.538 0.538 0.538 0.542 0.542 0.542 0.542 0.54 0.537 0.537 0.538 0.538 0.539 0.539 0.541 0.541 0.545 0.545 0.547 0.55 0.55 0.55 0.551 0.551 0.553 0.553 0.553 0.554 0.553 0.553 0.553 0.554 0.554 0.554 0.557 0.56 0.56 0.56 0.562 0.562 0.562 0.562 0.562 0.561 0.56 0.56 0.56 0.566 0.571 0.571 0.571 0.575 0.578 0.581 0.581 0.584 0.584 0.581 0.585 0.585 0.587 0.589 0.591 0.596 0.599 0.599 0.6 0.6 0.602 0.603 0.61 0.61 0.613 0.614 0.616 0.616 0.616 0.624 0.624 0.624 0.628 0.635 0.635 0.635 0.639 0.642 0.647 0.647 0.648 0.648 0.649 0.658 0.66 0.666 0.666 0.671 0.673 0.675 0.675 0.675 0.68 0.683 
1 1 1 1 1 1 1 1 1 1 1 1 1 1 1 1 1 1 1 1 1 1 1 1 1 1 1 1 1 1 1 1 1 1 1 1 1 1 1 1 1 1 1 1 1 1 1 1 1 1 1 1 1 1 1 1 1 1 1 1 1 1 1 1 1 1 1 1 1 1 1 1 1 1 1 1 1 1 1 1 1 1 1 1 1 1 1 1 1 1 1 1 1 1 1 1 1 1 1 1 1 1 1 1 1 1 1 1 1 1 1 1 1 1 1 1 1 1 1 1 1 1 1 1 1 1 1 1 1 1 1 1 1 1 1 1 1 1 1 1 1 1 1 1 1 1 1 1 1 1 1 1 1 1 1 1 1 1 1 1 1 1 1 1 1 1 1 1 1 1 1 1 1 1 1 1 1 1 1 1 1 1 1 1 1 1 1 1 1 1 1 1 1 1 1 1 1 1 1 1 1 1 1 1 1 1 1 1 1 1 1 1 1 1 1 1 1 1 1 1 1 1 1 1 1 1 1 1 1 1 1 1 1 1 1 1 1 1 1 1 1 1 1 1 1 1 1 1 1 1 1 1 1 1 1 1 1 1 1 1 1 1 1 1 1 1 1 1 1 1 1 1 1 1 1 1 1 1 1 1 1 1 1 1 1 1 1 1 1 1 1 1 1 1 1 1 1 1 1 1 1 1 1 1 1 1 1 1 1 1 1 1 1 1 1 1 1 1 1 1 1 1 1 1 1 1 1 1 1 1 1 1 1 1 1 1 1 1 1 1 1 1 1 1 1 1 1 1 1 1 1 1 1 1 1 1 1 1 1 1 1 1 1 1 1 1 1 1 1 1 1 1 1 1 1 1 1 1 1 1 1 1 1 1 1 1 1 1 1 1 1 1 1 1 1 1 1 1 1 1 1 1 1 1 1 1 1 1 1 1 1 1 1 1 1 1 1 1 1 1 1 1 1 1 1 1 1 1 1 1 1 1 1 1 1 1 1 1 1 1 1 1 1 1 1 1 1 1 1 1 1 1 1 1 1 1 1 1 1 1 1 1 1 1 1 1 1 1 1 1 1 1 1 1 1 1 1 1 1 1 1 1 1 1 1 1 1 1 1 1 1 1 1 1 1 1 1 1 1 1 1 1 1 1 1 1 1 1 1 1 1 1 1 1 1 1 1 1 1 1 1 1 1 1 1 1 1 1 1 1 1 1 1 1 1 1 1 1 1 1 1 1 1 1 1 1 1 1 1 1 1 1 1 1 1 1 1 1 1 1 1 1 1 1 1 1 1 1 1 1 1 1 1 1 1 1 1 1 1 1 1 1 1 1 1 1 1 1 1 1 1 1 1 1 1 1 1 1 1 1 1 1 1 1 1 1 1 1 1 1 1 1 1 1 1 1 1 1 1 1 1 1 1 1 1 1 1 1 1 1 1 1 1 1 1 1 1 1 1 1 1 1 1 1 1 1 1 1 1 1 1 1 1 1 1 1 1 1 1 1 1 1 1 1 1 1 1 1 1 1 1 1 1 1 1 1 1 1 1 1 1 1 
