# This file contains a 2D laser scan observation. 
# Its format is: 
# [aperture] [max_range] [number_of_scans] 
# [vector_of_scans] 
# [vector_of_valid_scans] 
# The aperture of the sensor is in radians, the maximum range 
# and measurements are in meters. '1' means a valid scan, '0' otherwise.
4.1847
5.6
682
1.427 1.423 1.422 1.414 1.411 1.407 1.407 1.403 1.399 1.399 1.397 1.397 1.392 1.388 1.383 1.38 1.379 1.377 1.376 1.372 1.376 1.366 1.364 1.033 1.033 1.033 1.037 1.079 1.13 1.15 1.176 1.212 1.229 1.249 1.298 1.354 1.356 1.356 1.356 1.354 1.35 1.348 1.347 1.347 1.344 1.347 1.337 1.346 1.339 1.339 1.338 1.339 1.339 1.339 1.34 1.34 1.343 1.339 1.343 1.337 1.34 1.34 1.34 1.34 1.34 1.336 1.336 1.32 1.307 1.266 1.042 1.009 1.003 1.003 1.003 1.003 1.005 1.338 1.356 1.356 1.356 1.361 1.366 1.366 1.368 1.368 1.369 1.373 1.373 1.373 1.374 1.383 1.385 1.388 1.388 1.391 1.39 1.39 1.397 1.397 1.39 1.389 1.332 1.329 1.292 1.27 1.246 1.211 1.194 1.172 1.143 1.11 1.1 1.08 1.065 1.042 1.02 1.001 0.985 0.975 0.951 0.94 0.931 0.919 0.898 0.892 0.874 0.854 0.839 0.83 0.816 0.811 0.793 0.787 0.77 0.761 0.758 0.754 0.737 0.733 0.726 0.717 0.705 0.704 0.685 0.684 0.679 0.67 0.663 0.659 0.659 0.646 0.646 0.634 0.626 0.621 0.617 0.617 0.609 0.589 0.588 0.586 0.586 0.583 0.577 0.568 0.568 0.563 0.557 0.551 0.55 0.546 0.543 0.54 0.532 0.531 0.527 0.527 0.526 0.517 0.516 0.514 0.511 0.505 0.504 0.499 0.498 0.496 0.493 0.49 0.487 0.487 0.485 0.48 0.478 0.477 0.476 0.473 0.468 0.464 0.461 0.459 0.456 0.456 0.453 0.45 0.449 0.449 0.448 0.447 0.438 0.438 0.438 0.437 0.432 0.436 0.43 0.425 0.425 0.424 0.424 0.422 0.421 0.421 0.41 0.41 0.413 0.414 0.414 0.414 0.413 0.413 0.409 0.405 0.402 0.402 0.402 0.4 0.4 0.4 0.4 0.392 0.392 0.392 0.39 0.391 0.389 0.391 0.391 0.391 0.386 0.385 0.385 0.382 0.38 0.38 0.377 0.377 0.374 0.372 0.372 0.372 0.372 0.372 0.372 0.372 0.372 0.367 0.371 0.368 0.371 0.371 0.371 0.368 0.365 0.365 0.365 0.357 0.359 0.359 0.364 0.359 0.359 0.364 0.36 0.359 0.359 0.357 0.357 0.357 0.357 0.357 0.357 0.36 0.36 0.36 0.36 0.36 0.36 0.364 0.364 0.365 0.364 0.368 0.368 0.369 0.369 0.369 0.373 0.376 0.378 0.387 0.388 0.396 0.398 0.4 0.4 0.398 0.4 0.4 0.394 0.388 0.38 0.379 0.376 0.37 0.368 0.364 0.364 0.362 0.364 0.368 0.368 0.368 0.368 0.366 0.364 0.361 0.361 0.361 0.359 0.357 0.357 0.359 0.361 0.361 0.362 0.362 0.364 0.366 0.366 0.368 0.368 0.368 0.365 0.365 0.365 0.365 0.365 0.368 0.369 0.369 0.372 0.373 0.373 0.373 0.376 0.378 0.377 0.377 0.377 0.376 0.376 0.375 0.375 0.376 0.376 0.376 0.382 0.382 0.382 0.383 0.383 0.39 0.392 0.392 0.393 0.393 0.395 0.395 0.395 0.397 0.402 0.397 0.402 0.402 0.402 0.408 0.408 0.409 0.409 0.41 0.411 0.411 0.411 0.412 0.412 0.412 0.412 0.414 0.42 0.423 0.424 0.425 0.425 0.424 0.429 0.425 0.425 0.429 0.434 0.435 0.435 0.433 0.435 0.435 0.44 0.445 0.447 0.448 0.448 0.448 0.452 0.458 0.453 0.458 0.467 0.469 0.469 0.469 0.474 0.474 0.477 0.488 0.497 0.5 0.503 0.51 0.51 0.524 0.529 0.531 0.538 0.54 0.54 0.544 0.549 0.554 0.558 0.561 0.575 0.575 0.576 0.577 0.587 0.587 0.597 0.599 0.604 0.617 0.622 0.623 0.627 0.638 0.642 0.645 0.649 0.654 0.655 0.661 0.664 0.679 0.682 0.684 0.696 0.707 0.717 0.721 0.725 0.744 0.768 0.778 0.78 0.78 0.78 0.772 0.766 0.766 0.766 0.781 0.798 1.573 1.578 1.582 1.582 1.589 1.589 1.594 1.607 1.621 1.623 1.626 1.638 1.638 1.638 1.649 1.65 1.66 1.66 1.663 1.666 1.673 1.676 1.687 1.692 1.7 1.709 1.724 1.726 1.727 1.728 1.728 1.728 1.728 1.724 1.723 1.723 1.718 1.715 1.714 1.708 1.707 1.706 1.706 1.708 1.706 1.7 1.704 1.701 1.701 1.701 1.704 1.704 1.707 1.707 1.709 1.714 1.719 1.719 1.719 1.719 1.72 1.718 1.718 1.717 1.715 1.714 1.712 1.712 1.712 1.711 1.705 1.702 1.702 1.702 1.702 1.702 1.706 1.707 1.707 1.707 1.709 1.71 1.713 1.73 1.738 1.954 1.986 1.988 1.993 1.995 1.996 2.001 2.002 2.006 2.007 2.009 2.014 2.014 2.015 2.019 2.022 2.023 2.03 2.031 2.034 2.036 2.042 2.042 2.044 2.054 2.055 2.057 2.38 2.392 2.41 2.41 2.434 0 0 0 0 0 0 0.007 0 0 0 0 0 0 0 3.823 3.769 3.766 3.748 3.748 3.748 3.756 3.783 3.787 3.82 3.834 3.835 3.858 3.859 3.877 3.892 3.906 3.933 3.936 3.943 3.962 3.975 3.975 3.975 2.825 2.725 2.712 2.712 2.665 2.613 2.607 2.588 2.537 2.531 2.501 2.484 2.427 2.416 2.394 2.372 2.351 2.336 2.323 2.284 2.27 2.227 2.225 2.199 2.192 2.166 
1 1 1 1 1 1 1 1 1 1 1 1 1 1 1 1 1 1 1 1 1 1 1 1 1 1 1 1 1 1 1 1 1 1 1 1 1 1 1 1 1 1 1 1 1 1 1 1 1 1 1 1 1 1 1 1 1 1 1 1 1 1 1 1 1 1 1 1 1 1 1 1 1 1 1 1 1 1 1 1 1 1 1 1 1 1 1 1 1 1 1 1 1 1 1 1 1 1 1 1 1 1 1 1 1 1 1 1 1 1 1 1 1 1 1 1 1 1 1 1 1 1 1 1 1 1 1 1 1 1 1 1 1 1 1 1 1 1 1 1 1 1 1 1 1 1 1 1 1 1 1 1 1 1 1 1 1 1 1 1 1 1 1 1 1 1 1 1 1 1 1 1 1 1 1 1 1 1 1 1 1 1 1 1 1 1 1 1 1 1 1 1 1 1 1 1 1 1 1 1 1 1 1 1 1 1 1 1 1 1 1 1 1 1 1 1 1 1 1 1 1 1 1 1 1 1 1 1 1 1 1 1 1 1 1 1 1 1 1 1 1 1 1 1 1 1 1 1 1 1 1 1 1 1 1 1 1 1 1 1 1 1 1 1 1 1 1 1 1 1 1 1 1 1 1 1 1 1 1 1 1 1 1 1 1 1 1 1 1 1 1 1 1 1 1 1 1 1 1 1 1 1 1 1 1 1 1 1 1 1 1 1 1 1 1 1 1 1 1 1 1 1 1 1 1 1 1 1 1 1 1 1 1 1 1 1 1 1 1 1 1 1 1 1 1 1 1 1 1 1 1 1 1 1 1 1 1 1 1 1 1 1 1 1 1 1 1 1 1 1 1 1 1 1 1 1 1 1 1 1 1 1 1 1 1 1 1 1 1 1 1 1 1 1 1 1 1 1 1 1 1 1 1 1 1 1 1 1 1 1 1 1 1 1 1 1 1 1 1 1 1 1 1 1 1 1 1 1 1 1 1 1 1 1 1 1 1 1 1 1 1 1 1 1 1 1 1 1 1 1 1 1 1 1 1 1 1 1 1 1 1 1 1 1 1 1 1 1 1 1 1 1 1 1 1 1 1 1 1 1 1 1 1 1 1 1 1 1 1 1 1 1 1 1 1 1 1 1 1 1 1 1 1 1 1 1 1 1 1 1 1 1 1 1 1 1 1 1 1 1 1 1 1 1 1 1 1 1 1 1 1 1 1 1 1 1 1 1 1 1 1 1 1 1 1 1 1 1 1 1 1 1 1 1 1 1 1 1 1 1 1 1 1 1 1 1 1 1 1 1 1 1 1 1 1 1 1 1 1 1 1 1 1 1 1 1 1 1 1 1 1 1 1 1 1 1 1 1 1 1 1 1 1 1 1 1 1 1 1 1 1 1 1 1 1 1 1 1 0 0 0 0 0 0 0 0 0 0 0 0 0 0 1 1 1 1 1 1 1 1 1 1 1 1 1 1 1 1 1 1 1 1 1 1 1 1 1 1 1 1 1 1 1 1 1 1 1 1 1 1 1 1 1 1 1 1 1 1 1 1 1 1 
