# This file contains a 2D laser scan observation. 
# Its format is: 
# [aperture] [max_range] [number_of_scans] 
# [vector_of_scans] 
# [vector_of_valid_scans] 
# The aperture of the sensor is in radians, the maximum range 
# and measurements are in meters. '1' means a valid scan, '0' otherwise.
4.1847
5.6
682
1.438 1.437 1.436 1.436 1.43 1.428 1.426 1.418 1.33 1.096 1.086 1.086 1.086 1.094 1.43 1.438 1.441 1.441 1.441 1.443 1.443 1.444 1.444 1.448 1.447 1.448 1.45 1.453 1.457 1.458 1.458 1.46 1.461 1.461 1.461 1.461 1.469 1.469 1.469 1.441 1.426 1.397 1.39 1.365 1.333 1.3 1.267 1.225 1.191 1.159 1.132 1.096 1.063 1.044 1.022 0.997 0.973 0.95 0.93 0.913 0.899 0.882 0.861 0.836 0.826 0.81 0.789 0.771 0.769 0.755 0.746 0.725 0.708 0.707 0.697 0.686 0.673 0.667 0.666 0.66 0.644 0.63 0.629 0.622 0.617 0.606 0.599 0.595 0.585 0.581 0.577 0.575 0.57 0.561 0.554 0.543 0.542 0.538 0.534 0.531 0.525 0.522 0.522 0.518 0.509 0.506 0.5 0.496 0.493 0.492 0.484 0.475 0.474 0.473 0.471 0.462 0.459 0.455 0.45 0.449 0.45 0.45 0.448 0.436 0.435 0.434 0.431 0.423 0.423 0.42 0.42 0.418 0.415 0.415 0.414 0.408 0.407 0.406 0.397 0.397 0.397 0.394 0.39 0.388 0.388 0.388 0.388 0.381 0.381 0.378 0.369 0.368 0.368 0.361 0.36 0.36 0.359 0.358 0.358 0.351 0.35 0.347 0.348 0.348 0.346 0.346 0.346 0.343 0.34 0.339 0.34 0.34 0.339 0.339 0.336 0.336 0.333 0.325 0.325 0.325 0.325 0.327 0.327 0.324 0.323 0.316 0.315 0.315 0.315 0.312 0.312 0.307 0.312 0.306 0.306 0.306 0.306 0.302 0.302 0.305 0.302 0.305 0.305 0.3 0.3 0.3 0.3 0.296 0.3 0.294 0.295 0.295 0.295 0.294 0.294 0.294 0.292 0.292 0.292 0.292 0.292 0.291 0.291 0.291 0.291 0.29 0.29 0.29 0.29 0.29 0.294 0.294 0.289 0.289 0.29 0.29 0.289 0.29 0.29 0.291 0.288 0.289 0.285 0.289 0.289 0.289 0.29 0.291 0.29 0.29 0.291 0.293 0.297 0.299 0.302 0.306 0.309 0.309 0.311 0.321 0.324 0.324 0.321 0.312 0.31 0.308 0.305 0.303 0.3 0.294 0.294 0.294 0.294 0.294 0.294 0.294 0.294 0.294 0.293 0.293 0.293 0.287 0.287 0.284 0.284 0.287 0.287 0.288 0.29 0.29 0.294 0.295 0.295 0.295 0.295 0.296 0.289 0.289 0.296 0.296 0.296 0.298 0.296 0.297 0.297 0.297 0.296 0.297 0.304 0.304 0.308 0.308 0.306 0.306 0.308 0.307 0.307 0.308 0.308 0.315 0.315 0.315 0.315 0.315 0.315 0.315 0.322 0.315 0.315 0.321 0.321 0.317 0.321 0.321 0.317 0.317 0.32 0.32 0.325 0.326 0.326 0.326 0.322 0.322 0.322 0.33 0.342 0.343 0.343 0.338 0.34 0.338 0.338 0.34 0.341 0.342 0.344 0.344 0.348 0.352 0.352 0.352 0.355 0.355 0.355 0.358 0.365 0.37 0.372 0.372 0.371 0.372 0.372 0.374 0.374 0.38 0.381 0.38 0.381 0.387 0.388 0.396 0.397 0.397 0.398 0.398 0.403 0.406 0.406 0.406 0.406 0.414 0.414 0.415 0.416 0.418 0.421 0.424 0.426 0.428 0.429 0.432 0.434 0.438 0.439 0.448 0.449 0.453 0.456 0.456 0.46 0.462 0.465 0.48 0.482 0.49 0.501 0.512 0.515 0.518 0.531 0.533 0.544 0.545 0.545 0.555 0.557 0.569 0.57 0.571 0.581 0.594 0.597 0.6 0.609 0.613 0.614 0.636 0.641 0.688 0.688 0.688 0.678 0.677 0.675 0.667 0.667 0.67 0.67 0.682 0.685 1.439 1.477 1.482 1.486 1.491 1.493 1.497 1.515 1.52 1.526 1.526 1.528 1.531 1.545 1.547 1.56 1.561 1.563 1.565 1.574 1.579 1.585 1.588 1.593 1.603 1.607 1.621 1.625 1.626 1.631 1.631 1.626 1.624 1.623 1.621 1.621 1.623 1.62 1.62 1.619 1.619 1.614 1.611 1.611 1.611 1.611 1.612 1.613 1.613 1.616 1.619 1.62 1.621 1.621 1.626 1.626 1.626 1.629 1.63 1.626 1.63 1.63 1.623 1.621 1.62 1.62 1.613 1.612 1.609 1.609 1.609 1.609 1.609 1.613 1.61 1.613 1.613 1.614 1.614 1.621 1.622 1.623 1.626 1.626 1.633 1.64 1.658 1.767 1.899 1.904 1.914 1.914 1.918 1.922 1.924 1.926 1.928 1.93 1.931 1.937 1.943 1.944 1.95 1.95 1.952 1.961 1.963 1.963 1.965 1.969 1.977 1.979 1.985 1.991 1.998 2.31 2.325 2.364 0 0 0 0 0.007 0 0 0 0 0 0 0 0 0 3.773 3.735 3.773 3.7 3.7 3.737 3.753 3.753 3.77 3.775 3.807 3.808 3.816 3.828 3.845 3.859 3.893 3.904 3.917 3.917 3.944 3.952 3.969 3.969 3.969 2.708 2.657 2.639 2.639 2.592 2.564 2.556 2.54 2.514 2.488 2.453 2.443 2.43 2.386 2.381 2.354 2.35 2.298 2.278 2.275 2.244 2.226 2.212 2.199 2.172 2.16 2.141 2.122 2.116 2.116 2.116 2.465 2.465 2.465 2.455 2.444 2.426 2.415 2.407 2.383 2.375 2.365 2.353 2.341 2.323 2.317 2.304 2.283 2.281 2.264 2.258 2.241 2.237 2.216 2.216 2.19 2.188 2.186 2.169 2.165 2.153 2.148 2.133 2.119 2.114 2.103 2.093 2.091 2.077 2.076 2.059 2.057 2.049 2.045 
1 1 1 1 1 1 1 1 1 1 1 1 1 1 1 1 1 1 1 1 1 1 1 1 1 1 1 1 1 1 1 1 1 1 1 1 1 1 1 1 1 1 1 1 1 1 1 1 1 1 1 1 1 1 1 1 1 1 1 1 1 1 1 1 1 1 1 1 1 1 1 1 1 1 1 1 1 1 1 1 1 1 1 1 1 1 1 1 1 1 1 1 1 1 1 1 1 1 1 1 1 1 1 1 1 1 1 1 1 1 1 1 1 1 1 1 1 1 1 1 1 1 1 1 1 1 1 1 1 1 1 1 1 1 1 1 1 1 1 1 1 1 1 1 1 1 1 1 1 1 1 1 1 1 1 1 1 1 1 1 1 1 1 1 1 1 1 1 1 1 1 1 1 1 1 1 1 1 1 1 1 1 1 1 1 1 1 1 1 1 1 1 1 1 1 1 1 1 1 1 1 1 1 1 1 1 1 1 1 1 1 1 1 1 1 1 1 1 1 1 1 1 1 1 1 1 1 1 1 1 1 1 1 1 1 1 1 1 1 1 1 1 1 1 1 1 1 1 1 1 1 1 1 1 1 1 1 1 1 1 1 1 1 1 1 1 1 1 1 1 1 1 1 1 1 1 1 1 1 1 1 1 1 1 1 1 1 1 1 1 1 1 1 1 1 1 1 1 1 1 1 1 1 1 1 1 1 1 1 1 1 1 1 1 1 1 1 1 1 1 1 1 1 1 1 1 1 1 1 1 1 1 1 1 1 1 1 1 1 1 1 1 1 1 1 1 1 1 1 1 1 1 1 1 1 1 1 1 1 1 1 1 1 1 1 1 1 1 1 1 1 1 1 1 1 1 1 1 1 1 1 1 1 1 1 1 1 1 1 1 1 1 1 1 1 1 1 1 1 1 1 1 1 1 1 1 1 1 1 1 1 1 1 1 1 1 1 1 1 1 1 1 1 1 1 1 1 1 1 1 1 1 1 1 1 1 1 1 1 1 1 1 1 1 1 1 1 1 1 1 1 1 1 1 1 1 1 1 1 1 1 1 1 1 1 1 1 1 1 1 1 1 1 1 1 1 1 1 1 1 1 1 1 1 1 1 1 1 1 1 1 1 1 1 1 1 1 1 1 1 1 1 1 1 1 1 1 1 1 1 1 1 1 1 1 1 1 1 1 1 1 1 1 1 1 1 1 1 1 1 1 1 1 1 1 1 1 1 1 1 1 1 1 1 1 1 1 1 1 1 1 1 1 1 1 1 1 1 1 1 1 1 1 1 1 1 1 1 1 0 0 0 0 0 0 0 0 0 0 0 0 0 0 1 1 1 1 1 1 1 1 1 1 1 1 1 1 1 1 1 1 1 1 1 1 1 1 1 1 1 1 1 1 1 1 1 1 1 1 1 1 1 1 1 1 1 1 1 1 1 1 1 1 1 1 1 1 1 1 1 1 1 1 1 1 1 1 1 1 1 1 1 1 1 1 1 1 1 1 1 1 1 1 1 1 1 1 1 1 1 1 1 1 1 1 1 1 1 1 1 1 1 
