# This file contains a 2D laser scan observation. 
# Its format is: 
# [aperture] [max_range] [number_of_scans] 
# [vector_of_scans] 
# [vector_of_valid_scans] 
# The aperture of the sensor is in radians, the maximum range 
# and measurements are in meters. '1' means a valid scan, '0' otherwise.
4.1847
5.6
682
1.355 1.354 1.348 1.34 1.339 1.333 1.328 1.328 1.325 1.322 1.322 1.321 1.318 1.315 1.312 1.312 1.307 1.305 1.305 1.305 1.315 1.315 1.315 1.286 1.286 1.285 1.286 1.284 1.284 1.28 1.279 1.276 1.267 1.267 1.267 1.267 1.266 1.264 1.259 1.264 1.26 1.259 1.259 1.26 1.258 1.256 1.254 1.256 1.249 1.248 1.248 1.237 1.23 1.22 1.219 1.199 1.199 1.184 1.171 1.162 1.16 1.151 1.136 1.129 1.129 1.128 1.119 1.104 1.103 1.096 1.089 1.079 1.074 1.072 1.066 1.059 1.049 1.047 1.042 1.04 1.028 1.026 1.017 1.01 1.003 1.001 0.999 0.998 0.989 0.989 0.987 0.977 0.975 0.972 0.971 0.968 0.965 0.952 0.947 0.947 0.946 0.943 0.941 0.94 0.938 0.926 0.926 0.926 0.918 0.912 0.912 0.91 0.907 0.904 0.891 0.891 0.89 0.89 0.89 0.897 0.897 0.897 0.902 0.905 0.905 0.916 0.925 0.939 0.951 0.968 0.985 1 1.006 1.032 1.052 1.054 1.054 1.054 1.056 1.052 1.052 1.048 1.049 1.049 1.054 1.066 1.086 1.087 1.087 1.086 1.083 1.082 1.079 1.078 1.078 1.074 1.071 1.066 1.06 1.06 1.064 1.064 1.064 1.064 1.064 1.058 1.056 1.056 1.056 1.056 1.051 1.049 1.049 1.046 1.049 1.049 1.048 1.048 1.05 1.048 1.05 1.05 1.05 1.044 1.054 1.053 1.055 1.063 1.066 1.066 1.067 1.071 1.072 1.072 1.073 1.075 1.367 1.37 1.373 1.373 1.373 1.374 1.374 1.377 1.374 1.374 1.368 1.369 1.369 1.37 1.37 1.372 1.372 1.374 1.38 1.383 1.399 0 0 0 0.006 0.006 0.006 0.006 0.006 0.006 0.006 0.006 0.006 0.006 0.006 0.007 0 0 0 0 0 0 0 0 0 0 0 0 0 0 0 0 0 0 0 0 0 0 0 2.738 2.729 2.723 2.687 2.687 2.687 2.694 2.695 2.708 2.713 2.723 2.736 2.746 2.746 2.75 2.77 2.781 2.783 2.794 2.807 2.809 2.826 2.841 2.845 2.849 2.858 2.863 2.872 2.892 2.898 2.898 2.898 1.656 1.599 1.582 1.551 1.544 1.528 1.512 1.511 1.505 1.495 1.463 1.461 1.436 1.43 1.427 1.411 1.39 1.379 1.37 1.358 1.351 1.331 1.328 1.322 1.298 1.292 1.283 1.281 1.267 1.261 1.25 1.237 1.217 1.217 1.216 1.192 1.181 1.175 1.174 1.16 1.149 1.127 1.127 1.106 1.105 1.094 1.092 1.079 1.078 1.069 1.06 1.059 1.045 1.042 1.041 1.042 1.045 1.049 1.05 1.053 1.384 1.384 1.384 1.366 1.366 1.363 1.353 1.353 1.349 1.341 1.328 1.324 1.321 1.311 1.307 1.306 1.303 1.298 1.291 1.278 1.278 1.272 1.271 1.269 1.26 1.256 1.249 1.249 1.249 1.248 1.235 1.23 1.22 1.22 1.22 1.22 1.215 1.215 1.212 1.203 1.197 1.194 1.193 1.184 1.182 1.179 1.176 1.176 1.174 1.174 1.173 1.168 1.162 1.156 1.151 1.151 1.154 1.154 1.148 1.152 1.145 1.139 1.137 1.135 1.135 1.135 1.132 1.131 1.131 1.126 1.124 1.124 1.124 1.12 1.113 1.111 1.111 1.111 1.111 1.111 1.105 1.104 1.103 1.098 1.098 1.097 1.097 1.097 1.097 1.095 1.097 1.097 1.095 1.097 1.097 1.086 1.086 1.092 1.091 1.091 1.091 1.086 1.086 1.086 1.091 1.091 1.091 1.084 1.084 1.084 1.084 1.085 1.086 1.085 1.084 1.084 1.084 1.083 1.083 1.083 1.085 1.082 1.091 1.087 1.087 1.084 1.087 1.087 1.089 1.091 1.091 1.089 1.089 1.092 1.092 1.095 1.095 1.095 1.095 1.095 1.099 1.096 1.099 1.101 1.101 1.103 1.103 1.103 1.094 1.086 1.067 1.055 1.024 1.013 0.991 0.957 0.937 0.912 0.891 0.876 0.837 0.822 0.806 0.793 0.769 0.749 0.741 0.718 0.698 0.689 0.677 0.668 0.65 0.639 0.631 0.615 0.604 0.597 0.583 0.579 0.567 0.567 0.568 0.568 0.569 0.57 0.57 0.577 0.577 0.578 0.578 0.578 0.581 0.582 0.585 0.585 0.586 0.586 0.587 0.591 0.596 0.596 0.598 0.6 0.602 0.608 0.614 0.619 0.621 0.624 0.624 0.625 0.625 0.63 0.63 0.63 0.634 0.64 0.641 0.642 0.643 0.646 0.648 0.648 0.648 0.646 0.638 0.638 0.638 0.638 0.642 0.645 0.645 0.652 0.656 0.662 0.665 0.667 0.679 0.681 0.683 0.692 0.693 0.698 0.7 0.702 0.704 0.705 0.706 0.715 0.721 0.732 0.77 0.771 0.777 0.777 0.783 0.794 0.801 0.802 0.807 0.811 0.818 0.818 0.833 0.836 0.848 0.848 0.849 0.864 0.879 1.953 1.979 1.995 1.995 2.008 2.022 2.045 2.069 2.081 2.101 2.122 2.15 2.177 2.199 2.227 2.239 2.242 2.246 2.246 2.249 2.249 2.249 2.275 2.313 2.343 2.382 2.393 0 0 0 0 0 0 0 0 0 0 0 0 0 0 0 0 0 0 0 0 0 0 0 0 0 0 0 0 0 0 0 0 0 0 0 0 0 
1 1 1 1 1 1 1 1 1 1 1 1 1 1 1 1 1 1 1 1 1 1 1 1 1 1 1 1 1 1 1 1 1 1 1 1 1 1 1 1 1 1 1 1 1 1 1 1 1 1 1 1 1 1 1 1 1 1 1 1 1 1 1 1 1 1 1 1 1 1 1 1 1 1 1 1 1 1 1 1 1 1 1 1 1 1 1 1 1 1 1 1 1 1 1 1 1 1 1 1 1 1 1 1 1 1 1 1 1 1 1 1 1 1 1 1 1 1 1 1 1 1 1 1 1 1 1 1 1 1 1 1 1 1 1 1 1 1 1 1 1 1 1 1 1 1 1 1 1 1 1 1 1 1 1 1 1 1 1 1 1 1 1 1 1 1 1 1 1 1 1 1 1 1 1 1 1 1 1 1 1 1 1 1 1 1 1 1 1 1 1 1 1 1 1 1 1 1 1 1 1 1 1 1 1 1 1 1 1 1 1 1 1 1 1 1 1 0 0 0 0 0 0 0 0 0 0 0 0 0 0 0 0 0 0 0 0 0 0 0 0 0 0 0 0 0 0 0 0 0 0 0 0 0 0 1 1 1 1 1 1 1 1 1 1 1 1 1 1 1 1 1 1 1 1 1 1 1 1 1 1 1 1 1 1 1 1 1 1 1 1 1 1 1 1 1 1 1 1 1 1 1 1 1 1 1 1 1 1 1 1 1 1 1 1 1 1 1 1 1 1 1 1 1 1 1 1 1 1 1 1 1 1 1 1 1 1 1 1 1 1 1 1 1 1 1 1 1 1 1 1 1 1 1 1 1 1 1 1 1 1 1 1 1 1 1 1 1 1 1 1 1 1 1 1 1 1 1 1 1 1 1 1 1 1 1 1 1 1 1 1 1 1 1 1 1 1 1 1 1 1 1 1 1 1 1 1 1 1 1 1 1 1 1 1 1 1 1 1 1 1 1 1 1 1 1 1 1 1 1 1 1 1 1 1 1 1 1 1 1 1 1 1 1 1 1 1 1 1 1 1 1 1 1 1 1 1 1 1 1 1 1 1 1 1 1 1 1 1 1 1 1 1 1 1 1 1 1 1 1 1 1 1 1 1 1 1 1 1 1 1 1 1 1 1 1 1 1 1 1 1 1 1 1 1 1 1 1 1 1 1 1 1 1 1 1 1 1 1 1 1 1 1 1 1 1 1 1 1 1 1 1 1 1 1 1 1 1 1 1 1 1 1 1 1 1 1 1 1 1 1 1 1 1 1 1 1 1 1 1 1 1 1 1 1 1 1 1 1 1 1 1 1 1 1 1 1 1 1 1 1 1 1 1 1 1 1 1 1 1 1 1 1 1 1 1 1 1 1 1 1 1 1 1 1 1 1 1 1 1 1 1 1 1 1 1 1 1 1 1 1 1 1 1 1 1 1 1 1 1 1 1 1 1 1 1 1 1 1 1 1 1 1 1 1 0 0 0 0 0 0 0 0 0 0 0 0 0 0 0 0 0 0 0 0 0 0 0 0 0 0 0 0 0 0 0 0 0 0 0 0 0 
