# This file contains a 2D laser scan observation. 
# Its format is: 
# [aperture] [max_range] [number_of_scans] 
# [vector_of_scans] 
# [vector_of_valid_scans] 
# The aperture of the sensor is in radians, the maximum range 
# and measurements are in meters. '1' means a valid scan, '0' otherwise.
4.1847
5.6
682
1.411 1.41 1.404 1.394 1.386 1.376 1.374 1.371 1.37 1.366 1.358 1.358 1.356 1.355 1.352 1.342 1.339 1.336 1.334 1.332 1.331 1.325 1.322 1.321 1.319 1.317 1.316 1.314 1.297 1.279 1.272 1.253 1.236 1.233 1.215 1.202 1.188 1.169 1.167 1.159 1.141 1.137 1.121 1.105 1.101 1.097 1.077 1.073 1.061 1.052 1.043 1.033 1.031 1.027 1.01 1.004 1.003 0.986 0.984 0.967 0.962 0.96 0.947 0.947 0.941 0.94 0.94 0.92 0.919 0.914 0.911 0.905 0.896 0.895 0.895 0.877 0.877 0.876 0.876 0.87 0.87 0.87 0.87 0.87 0.864 0.864 0.864 0.87 0.87 0.874 0.881 0.894 0.895 0.908 0.911 0.912 0.918 0.934 0.934 0.946 0.95 0.96 0.978 0.979 0.989 0.989 0.989 0.988 0.987 0.984 0.982 0.982 0.984 0.986 0.99 1.005 1.016 1.016 1.016 1.016 1.001 0.999 0.998 0.997 0.99 0.985 0.985 0.975 0.975 0.974 0.974 0.973 0.965 0.964 0.961 0.959 0.958 0.957 0.954 0.952 0.948 0.943 0.94 0.937 0.937 0.934 0.934 0.932 0.927 0.924 0.924 0.922 0.918 0.918 0.918 0.918 0.918 0.918 0.918 0.914 0.913 0.905 0.905 0.904 0.904 0.902 0.902 0.905 0.906 0.91 0.962 1.014 1.067 1.117 1.155 1.178 1.205 1.216 1.227 1.227 1.227 1.225 1.225 1.225 1.223 1.222 1.22 1.218 1.211 1.201 1.201 1.198 1.201 1.198 1.202 1.205 1.206 1.206 1.207 1.23 1.237 1.244 1.253 2.323 2.326 2.356 2.36 2.364 0 0 0 0 0 0 0 0.006 0.006 0.006 0.006 0.007 0.006 0.006 0.006 0.006 0.006 0.006 0.006 0.006 0.006 0.006 0.006 0.006 0.006 0.006 0.006 0.006 0 0 0 0 0 0 0 0 0 0 0.007 0 0 0 0 0 0 0 2.614 2.544 2.527 2.503 2.503 2.495 2.49 2.49 2.495 2.495 2.506 2.508 2.518 2.521 2.531 2.539 2.548 2.548 2.564 2.564 2.573 2.58 2.588 2.592 2.603 2.604 2.613 2.627 2.635 2.637 2.637 2.637 1.408 1.359 1.342 1.321 1.307 1.293 1.287 1.275 1.268 1.268 1.252 1.237 1.223 1.212 1.194 1.192 1.176 1.16 1.146 1.144 1.13 1.123 1.112 1.102 1.089 1.082 1.067 1.057 1.051 1.04 1.034 1.022 1.006 0.999 0.996 0.982 0.978 0.97 0.968 0.95 0.947 0.946 0.937 0.93 0.926 0.914 0.907 0.904 0.892 0.878 0.875 0.873 0.861 0.859 0.852 0.849 0.84 0.838 0.836 0.828 0.826 0.822 0.817 0.811 0.809 0.808 0.8 0.8 0.8 0.801 0.814 0.867 1.135 1.135 1.135 1.13 1.127 1.121 1.121 1.117 1.102 1.1 1.099 1.096 1.088 1.085 1.078 1.078 1.069 1.068 1.061 1.06 1.056 1.047 1.046 1.045 1.045 1.041 1.039 1.039 1.03 1.024 1.022 1.022 1.015 1.009 1.007 1.005 0.999 0.995 0.995 0.997 0.997 0.989 0.988 0.981 0.981 0.981 0.979 0.975 0.973 0.972 0.967 0.966 0.965 0.963 0.963 0.955 0.955 0.953 0.953 0.951 0.953 0.953 0.946 0.943 0.942 0.938 0.938 0.937 0.938 0.938 0.938 0.938 0.938 0.936 0.932 0.932 0.932 0.932 0.932 0.932 0.93 0.93 0.922 0.92 0.916 0.916 0.916 0.915 0.914 0.919 0.916 0.916 0.918 0.919 0.918 0.918 0.91 0.91 0.91 0.91 0.91 0.917 0.918 0.911 0.915 0.915 0.915 0.913 0.913 0.913 0.91 0.91 0.91 0.911 0.91 0.911 0.91 0.911 0.914 0.915 0.916 0.917 0.918 0.917 0.916 0.911 0.911 0.907 0.911 0.913 0.914 0.915 0.915 0.915 0.918 0.921 0.921 0.924 0.924 0.924 0.924 0.924 0.928 0.932 0.932 0.933 0.933 0.94 0.933 0.936 0.94 0.936 0.932 0.933 0.933 0.933 0.935 0.94 0.952 0.952 0.953 0.952 0.953 0.955 0.959 0.963 0.963 0.963 0.964 0.967 0.971 0.975 0.975 0.983 0.983 0.987 0.989 0.989 0.989 0.972 0.963 0.947 0.937 0.925 0.914 0.896 0.884 0.882 0.866 0.856 0.846 0.834 0.823 0.815 0.803 0.794 0.789 0.782 0.761 0.758 0.754 0.746 0.74 0.732 0.725 0.724 0.717 0.712 0.711 0.697 0.686 0.684 0.677 0.667 0.662 0.655 0.652 0.652 0.65 0.643 0.636 0.636 0.63 0.628 0.619 0.619 0.619 0.611 0.609 0.598 0.59 0.59 0.587 0.587 0.586 0.581 0.576 0.57 0.565 0.56 0.558 0.558 0.558 0.553 0.546 0.545 0.543 0.543 0.543 0.537 0.537 0.538 0.535 0.536 0.538 0.539 0.538 0.54 0.541 0.542 0.544 0.547 0.554 0.555 0.559 0.56 0.578 0.583 0.584 0.591 0.595 0.595 0.602 0.611 0.614 0.614 0.622 0.628 0.639 0.646 0.655 0.66 0.66 0.66 0.656 0.654 0.651 0.651 0.654 0.66 0.668 0.68 0.685 0.699 0.709 0.718 0.731 0.744 0.747 0.764 0.765 0.844 0.858 0.873 0.882 0.9 0.919 0.921 0.932 2.46 2.46 2.46 2.455 2.449 2.449 2.449 2.447 0 0.007 0 0 0 0 0 
1 1 1 1 1 1 1 1 1 1 1 1 1 1 1 1 1 1 1 1 1 1 1 1 1 1 1 1 1 1 1 1 1 1 1 1 1 1 1 1 1 1 1 1 1 1 1 1 1 1 1 1 1 1 1 1 1 1 1 1 1 1 1 1 1 1 1 1 1 1 1 1 1 1 1 1 1 1 1 1 1 1 1 1 1 1 1 1 1 1 1 1 1 1 1 1 1 1 1 1 1 1 1 1 1 1 1 1 1 1 1 1 1 1 1 1 1 1 1 1 1 1 1 1 1 1 1 1 1 1 1 1 1 1 1 1 1 1 1 1 1 1 1 1 1 1 1 1 1 1 1 1 1 1 1 1 1 1 1 1 1 1 1 1 1 1 1 1 1 1 1 1 1 1 1 1 1 1 1 1 1 1 1 1 1 1 1 1 1 1 1 1 1 1 1 1 1 1 1 1 1 1 1 1 1 1 1 1 0 0 0 0 0 0 0 0 0 0 0 0 0 0 0 0 0 0 0 0 0 0 0 0 0 0 0 0 0 0 0 0 0 0 0 0 0 0 0 0 0 0 0 0 0 0 1 1 1 1 1 1 1 1 1 1 1 1 1 1 1 1 1 1 1 1 1 1 1 1 1 1 1 1 1 1 1 1 1 1 1 1 1 1 1 1 1 1 1 1 1 1 1 1 1 1 1 1 1 1 1 1 1 1 1 1 1 1 1 1 1 1 1 1 1 1 1 1 1 1 1 1 1 1 1 1 1 1 1 1 1 1 1 1 1 1 1 1 1 1 1 1 1 1 1 1 1 1 1 1 1 1 1 1 1 1 1 1 1 1 1 1 1 1 1 1 1 1 1 1 1 1 1 1 1 1 1 1 1 1 1 1 1 1 1 1 1 1 1 1 1 1 1 1 1 1 1 1 1 1 1 1 1 1 1 1 1 1 1 1 1 1 1 1 1 1 1 1 1 1 1 1 1 1 1 1 1 1 1 1 1 1 1 1 1 1 1 1 1 1 1 1 1 1 1 1 1 1 1 1 1 1 1 1 1 1 1 1 1 1 1 1 1 1 1 1 1 1 1 1 1 1 1 1 1 1 1 1 1 1 1 1 1 1 1 1 1 1 1 1 1 1 1 1 1 1 1 1 1 1 1 1 1 1 1 1 1 1 1 1 1 1 1 1 1 1 1 1 1 1 1 1 1 1 1 1 1 1 1 1 1 1 1 1 1 1 1 1 1 1 1 1 1 1 1 1 1 1 1 1 1 1 1 1 1 1 1 1 1 1 1 1 1 1 1 1 1 1 1 1 1 1 1 1 1 1 1 1 1 1 1 1 1 1 1 1 1 1 1 1 1 1 1 1 1 1 1 1 1 1 1 1 1 1 1 1 1 1 1 1 1 1 1 1 1 1 1 1 1 1 1 1 1 1 1 1 1 1 1 1 1 1 1 1 1 1 1 1 1 1 1 1 1 1 1 1 1 1 1 1 1 1 1 1 1 1 1 1 1 1 1 1 1 1 1 1 1 0 0 0 0 0 0 0 
