# This file contains a 2D laser scan observation. 
# Its format is: 
# [aperture] [max_range] [number_of_scans] 
# [vector_of_scans] 
# [vector_of_valid_scans] 
# The aperture of the sensor is in radians, the maximum range 
# and measurements are in meters. '1' means a valid scan, '0' otherwise.
4.1847
5.6
682
1.974 1.964 1.927 1.906 1.89 1.873 1.856 1.83 1.819 1.807 1.781 1.766 1.699 0.998 0.995 0.972 0.972 0.971 0.968 0.964 0.964 0.961 0.959 0.964 0.959 0.957 0.957 0.958 0.957 0.958 0.958 0.952 0.952 0.952 0.952 0.952 0.967 0.967 0.968 0.974 0.976 0.976 0.976 0.963 0.911 0.911 0.909 0.909 0.909 0.912 0.912 0.914 0.915 0.922 0.952 0.952 0.952 0.924 0.9 0.805 0.603 0.601 0.601 0.599 0.599 0.598 0.598 0.595 0.595 0.595 0.595 0.597 0.597 0.6 0.598 0.6 0.6 0.6 0.6 0.601 0.603 0.603 0.606 0.606 0.608 0.608 0.608 0.608 0.608 0.608 0.61 0.614 0.615 0.616 0.615 0.616 0.62 0.618 0.619 0.62 0.62 0.62 0.62 0.621 0.62 0.621 0.621 0.628 0.629 0.632 0.633 0.638 0.633 0.637 0.638 0.638 0.641 0.643 0.648 0.648 0.649 0.65 0.656 0.656 0.656 0.657 0.657 0.657 0.66 0.663 0.663 0.667 0.671 0.672 0.682 0.685 0.699 0.699 0.704 0.704 0.699 0.693 0.683 0.683 0.681 0.68 0.664 0.655 0.651 0.65 0.645 0.622 0.609 0.597 0.595 0.592 0.59 0.585 0.578 0.576 0.574 0.571 0.569 0.567 0.562 0.562 0.557 0.557 0.557 0.555 0.553 0.553 0.553 0.556 0.566 0.567 0.569 0.579 0.579 0.583 0.579 0.579 0.583 0.583 1.969 1.969 1.969 1.959 1.952 1.944 1.933 1.922 1.911 1.905 1.892 1.889 1.882 1.867 1.852 1.843 1.841 1.841 1.826 1.811 1.809 1.802 1.798 1.789 1.782 1.769 1.768 1.765 1.751 1.745 1.744 1.731 1.728 1.724 1.715 1.709 1.706 1.699 1.688 1.687 1.682 1.681 1.673 1.668 1.665 1.665 1.639 1.636 1.627 1.627 1.621 1.615 1.609 1.61 1.61 1.61 1.619 1.629 1.629 1.629 1.621 1.619 1.602 1.602 1.602 1.602 1.606 1.606 1.605 1.602 1.599 1.597 1.597 1.595 1.591 1.581 1.58 1.578 1.554 1.554 1.553 1.553 1.547 1.547 1.542 1.541 1.54 1.54 1.54 0 0 0 0 0 0 0 0 0 0 0 0.007 0 0 0 0 0 0 0 0 0 0 0 0 0.006 0.006 0.006 0.006 0.006 0.006 0.006 0.006 0.006 0.006 0.006 0.007 0.006 0 0.007 5.38 5.362 5.362 5.352 5.32 5.32 5.32 5.326 5.326 5.326 5.271 5.271 5.271 5.405 5.415 5.415 5.418 5.418 0 0 0 0 0 0 0 0 0 0 0 0 0.007 1.652 1.624 1.623 1.623 1.624 0.008 0.008 0.008 1.548 1.548 1.548 1.548 1.548 1.55 1.55 1.555 1.559 1.574 1.586 1.592 1.593 1.595 1.605 1.605 1.606 1.613 1.619 1.623 1.624 1.626 1.635 1.639 1.644 1.652 1.66 1.663 1.664 1.672 1.673 1.678 1.686 1.69 1.691 1.697 1.708 1.715 1.718 1.724 1.727 1.732 1.739 1.745 1.748 1.756 1.766 1.776 1.787 1.788 1.792 1.797 1.809 1.817 1.825 1.833 1.837 1.837 1.837 0.539 0.534 0.534 0.532 0.531 0.489 0.47 0.461 0.457 0.451 0.45 0.449 0.44 0.437 0.435 0.434 0.429 0.426 0.422 0.42 0.416 0.413 0.413 0.408 0.402 0.399 0.399 0.399 0.399 0.398 0.398 0.397 0.38 0.379 0.379 0.373 0.372 0.372 0.379 0.379 0.381 0.393 0.393 0.393 0.38 0.38 0.38 0.376 0.376 0.376 0.37 0.365 0.364 0.362 0.359 0.359 0.359 0.357 0.356 0.352 0.356 0.349 0.349 0.343 0.343 0.34 0.34 0.34 0.34 0.338 0.34 0.333 0.333 0.333 0.33 0.33 0.324 0.33 0.323 0.33 0.323 0.323 0.321 0.321 0.32 0.321 0.32 0.322 0.311 0.31 0.306 0.306 0.306 0.311 0.312 0.312 0.311 0.306 0.306 0.306 0.305 0.305 0.305 0.302 0.3 0.3 0.3 0.3 0.3 0.295 0.291 0.291 0.289 0.289 0.29 0.293 0.293 0.293 0.293 0.293 0.293 0.292 0.291 0.29 0.291 0.29 0.29 0.287 0.284 0.281 0.281 0.281 0.281 0.281 0.284 0.286 0.29 0.29 0.284 0.282 0.282 0.282 0.284 0.287 0.287 0.287 0.287 0.287 0.286 0.291 0.29 0.291 0.29 0.291 0.291 0.292 0.296 0.3 0.307 0.311 0.313 0.313 0.311 0.311 0.308 0.305 0.303 0.301 0.298 0.291 0.291 0.291 0.291 0.291 0.292 0.291 0.291 0.291 0.289 0.286 0.286 0.285 0.285 0.283 0.281 0.281 0.281 0.28 0.286 0.291 0.286 0.288 0.295 0.295 0.292 0.292 0.292 0.292 0.292 0.291 0.293 0.293 0.293 0.296 0.298 0.298 0.304 0.304 0.304 0.304 0.304 0.304 0.304 0.304 0.302 0.301 0.301 0.301 0.301 0.306 0.309 0.306 0.311 0.311 0.308 0.306 0.308 0.306 0.306 0.306 0.306 0.306 0.313 0.311 0.313 0.315 0.32 0.324 0.324 0.32 0.32 0.325 0.319 0.325 0.33 0.331 0.331 0.332 0.332 0.335 0.335 0.332 0.337 0.337 0.337 0.34 0.34 0.343 0.348 0.349 0.349 0.349 0.349 0.354 0.358 0.359 0.359 0.36 0.36 0.36 0.364 0.366 
1 1 1 1 1 1 1 1 1 1 1 1 1 1 1 1 1 1 1 1 1 1 1 1 1 1 1 1 1 1 1 1 1 1 1 1 1 1 1 1 1 1 1 1 1 1 1 1 1 1 1 1 1 1 1 1 1 1 1 1 1 1 1 1 1 1 1 1 1 1 1 1 1 1 1 1 1 1 1 1 1 1 1 1 1 1 1 1 1 1 1 1 1 1 1 1 1 1 1 1 1 1 1 1 1 1 1 1 1 1 1 1 1 1 1 1 1 1 1 1 1 1 1 1 1 1 1 1 1 1 1 1 1 1 1 1 1 1 1 1 1 1 1 1 1 1 1 1 1 1 1 1 1 1 1 1 1 1 1 1 1 1 1 1 1 1 1 1 1 1 1 1 1 1 1 1 1 1 1 1 1 1 1 1 1 1 1 1 1 1 1 1 1 1 1 1 1 1 1 1 1 1 1 1 1 1 1 1 1 1 1 1 1 1 1 1 1 1 1 1 1 1 1 1 1 1 1 1 1 1 1 1 1 1 1 1 1 1 1 1 1 1 1 1 1 1 1 1 1 1 1 1 1 1 1 1 1 1 1 1 1 1 1 1 1 1 1 1 1 1 1 1 1 0 0 0 0 0 0 0 0 0 0 0 0 0 0 0 0 0 0 0 0 0 0 0 0 0 0 0 0 0 0 0 0 0 0 0 0 0 0 0 1 1 1 1 1 1 1 1 1 1 1 1 1 1 1 1 1 1 0 0 0 0 0 0 0 0 0 0 0 0 0 1 1 1 1 1 0 0 0 1 1 1 1 1 1 1 1 1 1 1 1 1 1 1 1 1 1 1 1 1 1 1 1 1 1 1 1 1 1 1 1 1 1 1 1 1 1 1 1 1 1 1 1 1 1 1 1 1 1 1 1 1 1 1 1 1 1 1 1 1 1 1 1 1 1 1 1 1 1 1 1 1 1 1 1 1 1 1 1 1 1 1 1 1 1 1 1 1 1 1 1 1 1 1 1 1 1 1 1 1 1 1 1 1 1 1 1 1 1 1 1 1 1 1 1 1 1 1 1 1 1 1 1 1 1 1 1 1 1 1 1 1 1 1 1 1 1 1 1 1 1 1 1 1 1 1 1 1 1 1 1 1 1 1 1 1 1 1 1 1 1 1 1 1 1 1 1 1 1 1 1 1 1 1 1 1 1 1 1 1 1 1 1 1 1 1 1 1 1 1 1 1 1 1 1 1 1 1 1 1 1 1 1 1 1 1 1 1 1 1 1 1 1 1 1 1 1 1 1 1 1 1 1 1 1 1 1 1 1 1 1 1 1 1 1 1 1 1 1 1 1 1 1 1 1 1 1 1 1 1 1 1 1 1 1 1 1 1 1 1 1 1 1 1 1 1 1 1 1 1 1 1 1 1 1 1 1 1 1 1 1 1 1 1 1 1 1 1 1 1 1 1 1 1 1 1 1 1 1 1 1 1 1 1 1 1 1 1 1 1 1 1 1 1 1 1 1 1 1 1 1 1 1 1 1 1 1 1 1 1 
