# This file contains a 2D laser scan observation. 
# Its format is: 
# [aperture] [max_range] [number_of_scans] 
# [vector_of_scans] 
# [vector_of_valid_scans] 
# The aperture of the sensor is in radians, the maximum range 
# and measurements are in meters. '1' means a valid scan, '0' otherwise.
4.1847
5.6
682
0.676 0.674 0.673 0.67 0.669 0.663 0.663 0.663 0.659 0.659 0.655 0.655 0.655 0.65 0.65 0.648 0.645 0.645 0.639 0.639 0.637 0.637 0.636 0.59 0.442 0.442 0.441 0.435 0.435 0.434 0.433 0.433 0.433 0.433 0.433 0.429 0.42 0.42 0.416 0.415 0.414 0.413 0.414 0.415 0.415 0.415 0.418 0.418 0.423 0.429 0.436 0.442 0.445 0.445 0.452 0.456 0.471 0.479 0.485 0.522 0.561 0.59 0.611 0.639 0.673 0.705 0.725 0.768 0.806 0.849 0.896 0.959 1.007 1.062 1.145 1.252 1.361 1.472 1.608 1.854 2.182 3.435 3.438 3.444 3.438 3.444 3.444 3.442 3.439 3.442 3.439 3.439 3.439 3.432 3.432 3.432 3.436 3.436 3.436 3.436 3.436 3.436 3.444 3.444 3.444 3.444 3.447 3.448 3.454 3.456 3.456 3.457 3.459 3.467 3.47 3.471 3.473 3.473 3.476 3.483 3.485 3.486 3.488 3.494 3.499 3.502 3.503 3.503 3.516 3.523 3.528 3.531 3.531 3.531 3.533 3.539 3.541 3.566 0 0 0 0 0 0.007 0 5.057 2.623 2.615 2.615 2.615 2.586 2.543 2.543 2.543 0 0 0 0 0 2.271 2.25 2.23 2.179 2.147 2.138 2.104 2.065 2.04 2.017 2.002 1.969 1.949 1.897 1.894 1.856 1.834 1.821 1.798 1.77 1.741 1.727 1.69 1.688 1.687 1.683 1.679 1.658 1.641 1.63 1.614 1.602 1.589 1.575 1.565 1.547 1.531 1.521 1.507 1.492 1.477 1.471 1.466 1.456 1.433 1.43 1.414 1.403 1.402 1.391 1.386 1.376 1.367 1.357 1.35 1.34 1.337 1.322 1.32 1.298 1.296 1.283 1.283 1.279 1.271 1.271 1.258 1.244 1.244 1.242 1.242 1.23 1.225 1.22 1.21 1.202 1.194 1.193 1.189 1.179 1.15 1.14 1.138 1.138 1.135 1.126 1.122 1.117 1.116 1.116 1.116 1.116 1.124 1.142 1.158 1.158 1.142 1.112 1.109 1.108 1.108 1.099 1.096 1.094 1.092 1.09 1.087 1.087 1.085 1.085 1.084 1.074 1.072 1.072 1.07 1.068 1.068 1.063 1.059 1.048 1.045 1.045 1.045 1.039 1.032 1.022 1.022 1.02 1.019 1.017 1.017 1.01 1.009 1.006 1.005 1.005 1.005 1.005 1.016 0 0 0 0 0 0 0 0 0 0 0 0 0 0 0 0 0 0 0 0 0 0 0 0 0 0 0 0 0 0 0 0 0 0 0 0 0 0 0 0 0 0 0 0.006 0.006 0.006 0.006 0.006 0 0 5.019 4.934 4.88 4.873 4.856 4.816 4.813 4.799 4.782 4.799 4.782 4.78 4.754 4.754 4.754 4.754 4.752 4.744 4.703 4.703 4.703 4.826 4.832 4.832 4.834 4.85 4.94 4.963 0 0 0 0 0 3.659 3.585 3.585 3.585 0 0 0 0.007 0 0.007 0 1.603 1.466 1.404 1.394 1.344 1.314 1.314 1.314 1.287 1.249 1.146 1.121 1.102 1.094 1.089 1.089 1.089 1.089 1.096 1.096 1.089 1.086 1.057 1.033 1.031 1.031 1.032 1.033 1.032 1.035 1.035 1.041 1.044 1.044 1.044 1.045 1.046 1.047 1.07 1.073 1.085 1.088 1.094 1.096 1.106 1.112 1.112 1.114 1.114 1.119 1.121 1.13 1.137 1.142 1.145 1.152 1.152 1.152 1.16 1.175 1.178 1.18 1.182 1.194 1.198 1.209 1.214 1.22 1.224 1.227 1.23 1.243 1.254 1.254 1.259 1.263 1.274 1.288 1.289 1.291 1.308 1.315 1.321 1.324 1.334 1.347 1.349 1.357 1.359 1.376 1.384 1.394 1.401 1.422 1.424 1.436 1.447 1.461 1.467 1.483 1.488 1.504 1.522 1.535 1.541 1.562 1.562 1.59 1.599 1.615 1.634 1.645 1.666 1.682 1.694 1.694 1.713 1.713 1.655 1.637 1.564 1.564 1.564 1.557 1.557 1.559 1.559 1.551 1.559 1.559 1.551 1.564 1.593 1.593 1.608 1.623 1.667 1.667 1.667 1.661 1.658 1.656 1.651 1.644 1.639 1.637 1.631 1.629 1.626 1.615 1.613 1.609 1.605 1.603 1.603 1.597 1.596 1.589 1.586 1.581 1.572 1.572 1.57 1.568 1.564 1.559 1.551 1.551 1.548 1.548 1.544 1.543 1.542 1.536 1.535 1.526 1.526 1.523 1.522 1.522 1.516 1.516 1.516 1.515 1.515 1.511 1.507 1.499 1.499 1.499 1.499 1.5 1.5 1.5 1.495 1.495 1.49 1.49 1.488 1.492 1.491 1.492 1.493 1.493 1.493 1.493 1.489 1.48 1.481 1.481 1.481 1.481 1.481 1.48 1.48 1.48 1.48 1.48 1.479 1.481 1.479 1.476 1.464 1.435 1.434 1.434 1.434 1.436 1.439 1.444 1.45 1.468 1.471 1.48 1.471 1.471 0.641 0.641 0.627 0.627 0.599 0.578 0.568 0.55 0.527 0.522 0.513 0.497 0.491 0.44 0.429 0.42 0.417 0.417 0.408 0.402 0.387 0.387 0.387 0.387 0.386 0.386 0.373 0.373 0.372 0.364 0.366 0.366 0.366 0.366 0.369 0.372 0.37 0.37 0.37 0.37 0.369 0.369 0.369 0.377 0.378 0.383 0.387 0.39 0.39 0.394 0.394 0.397 0.397 0.403 
1 1 1 1 1 1 1 1 1 1 1 1 1 1 1 1 1 1 1 1 1 1 1 1 1 1 1 1 1 1 1 1 1 1 1 1 1 1 1 1 1 1 1 1 1 1 1 1 1 1 1 1 1 1 1 1 1 1 1 1 1 1 1 1 1 1 1 1 1 1 1 1 1 1 1 1 1 1 1 1 1 1 1 1 1 1 1 1 1 1 1 1 1 1 1 1 1 1 1 1 1 1 1 1 1 1 1 1 1 1 1 1 1 1 1 1 1 1 1 1 1 1 1 1 1 1 1 1 1 1 1 1 1 1 1 1 1 1 0 0 0 0 0 0 0 1 1 1 1 1 1 1 1 1 0 0 0 0 0 1 1 1 1 1 1 1 1 1 1 1 1 1 1 1 1 1 1 1 1 1 1 1 1 1 1 1 1 1 1 1 1 1 1 1 1 1 1 1 1 1 1 1 1 1 1 1 1 1 1 1 1 1 1 1 1 1 1 1 1 1 1 1 1 1 1 1 1 1 1 1 1 1 1 1 1 1 1 1 1 1 1 1 1 1 1 1 1 1 1 1 1 1 1 1 1 1 1 1 1 1 1 1 1 1 1 1 1 1 1 1 1 1 1 1 1 1 1 1 1 1 1 1 1 1 1 1 1 1 1 1 1 1 1 1 1 1 1 1 0 0 0 0 0 0 0 0 0 0 0 0 0 0 0 0 0 0 0 0 0 0 0 0 0 0 0 0 0 0 0 0 0 0 0 0 0 0 0 0 0 0 0 0 0 0 0 0 0 0 1 1 1 1 1 1 1 1 1 1 1 1 1 1 1 1 1 1 1 1 1 1 1 1 1 1 1 1 0 0 0 0 0 1 1 1 1 0 0 0 0 0 0 0 1 1 1 1 1 1 1 1 1 1 1 1 1 1 1 1 1 1 1 1 1 1 1 1 1 1 1 1 1 1 1 1 1 1 1 1 1 1 1 1 1 1 1 1 1 1 1 1 1 1 1 1 1 1 1 1 1 1 1 1 1 1 1 1 1 1 1 1 1 1 1 1 1 1 1 1 1 1 1 1 1 1 1 1 1 1 1 1 1 1 1 1 1 1 1 1 1 1 1 1 1 1 1 1 1 1 1 1 1 1 1 1 1 1 1 1 1 1 1 1 1 1 1 1 1 1 1 1 1 1 1 1 1 1 1 1 1 1 1 1 1 1 1 1 1 1 1 1 1 1 1 1 1 1 1 1 1 1 1 1 1 1 1 1 1 1 1 1 1 1 1 1 1 1 1 1 1 1 1 1 1 1 1 1 1 1 1 1 1 1 1 1 1 1 1 1 1 1 1 1 1 1 1 1 1 1 1 1 1 1 1 1 1 1 1 1 1 1 1 1 1 1 1 1 1 1 1 1 1 1 1 1 1 1 1 1 1 1 1 1 1 1 1 1 1 1 1 1 1 1 1 1 1 1 1 1 1 1 1 1 1 1 1 1 1 1 1 1 1 1 1 1 1 1 1 1 1 1 1 1 1 1 1 1 1 1 1 1 1 1 
