# This file contains a 2D laser scan observation. 
# Its format is: 
# [aperture] [max_range] [number_of_scans] 
# [vector_of_scans] 
# [vector_of_valid_scans] 
# The aperture of the sensor is in radians, the maximum range 
# and measurements are in meters. '1' means a valid scan, '0' otherwise.
4.1847
5.6
682
0.477 0.484 0.487 0.489 0.492 0.493 0.495 0.496 0.508 0.509 0.516 0.517 0.518 0.521 0.53 0.565 0.576 0.582 0.589 0.591 0.595 0.6 0.613 0.617 0.631 0.637 0.641 0.654 0.663 0.668 0.673 0.697 0.699 0.715 0.715 0.719 0.738 0.754 0.765 0.767 0.778 0.797 0.803 0.82 0.836 0.855 0.866 0.884 0.892 0.924 0.939 0.952 0.985 1 1.026 1.051 1.077 1.106 1.136 1.169 1.2 1.229 1.268 1.302 1.342 1.385 1.427 1.479 1.53 1.577 1.631 1.691 1.766 1.844 1.945 2.066 2.186 2.305 2.448 3.438 3.438 3.438 3.438 3.433 3.432 3.428 3.427 3.425 3.422 3.421 3.42 3.417 3.417 3.419 3.419 3.418 3.418 3.412 3.412 3.412 3.41 3.41 3.413 3.414 3.413 3.413 3.414 3.414 3.415 3.416 3.417 3.418 3.417 3.419 3.419 3.424 3.424 3.431 3.431 3.435 3.435 3.435 3.435 3.446 3.446 3.449 3.449 3.454 3.458 3.459 3.462 3.47 3.472 3.472 3.47 3.472 3.482 3.492 0.007 0 0 0 0 0 0 2.592 2.551 2.551 2.551 0 0 0 0.007 0 0 0 0 0 0 0 0.007 2.077 1.998 1.991 1.94 1.915 1.883 1.861 1.827 1.804 1.752 1.716 1.701 1.677 1.677 1.653 1.619 1.618 1.584 1.579 1.575 1.549 1.535 1.507 1.491 1.483 1.472 1.456 1.449 1.425 1.403 1.394 1.379 1.371 1.358 1.335 1.334 1.322 1.316 1.301 1.291 1.28 1.257 1.256 1.251 1.246 1.226 1.225 1.218 1.206 1.199 1.182 1.181 1.178 1.161 1.151 1.146 1.138 1.135 1.123 1.118 1.112 1.105 1.095 1.091 1.091 1.082 1.072 1.07 1.055 1.053 1.049 1.045 1.035 1.015 1.003 0.997 0.987 0.987 0.977 0.977 0.975 0.975 0.971 0.964 0.959 0.959 0.959 0.984 0.998 0.998 0.998 0.985 0.97 0.969 0.958 0.954 0.951 0.944 0.941 0.941 0.929 0.935 0.935 0.933 0.929 0.929 0.929 0.924 0.921 0.919 0.919 0.917 0.91 0.909 0.903 0.898 0.892 0.892 0.892 0.891 0.888 0.868 0.867 0.867 0.862 0.858 0.858 0.86 0.858 0.857 0.857 0.855 0.854 0.85 0.849 0.849 0.843 0.841 0.841 0.843 0.844 0 0 0 0 0 0 0 0 0 0 0 0 0 0 0 0 0 0 0 0 0 0 0 0 0 0 0 0 0 0 0 0 0 0 0 0 0 0 0 0 0 0 0 0 0 5.363 5.363 5.362 5.362 5.367 5.378 5.384 5.387 5.387 5.387 4.872 4.829 4.724 4.719 4.681 4.646 4.636 4.632 4.619 4.609 4.619 4.609 4.605 4.583 4.583 4.583 4.583 4.573 4.555 4.526 4.526 4.526 4.672 4.676 4.684 4.684 4.687 4.687 4.802 4.809 0.006 0.006 0.006 0.006 0 3.516 3.479 3.38 3.341 3.271 3.181 3.181 3.103 3.032 1.546 1.518 1.518 1.51 1.5 1.433 1.372 1.333 1.329 1.304 1.26 1.245 1.243 1.219 1.195 1.169 1.154 1.129 1.107 1.071 1.051 1.039 1.013 1 0.99 0.969 0.962 0.952 0.937 0.937 0.937 0.944 0.944 0.948 0.965 0.965 0.965 0.933 0.911 0.906 0.894 0.894 0.894 0.894 0.894 0.89 0.89 0.89 0.907 0.909 0.911 0.912 0.913 0.914 0.916 0.925 0.936 0.938 0.956 0.957 0.965 0.967 0.968 0.97 0.977 0.985 0.991 0.997 1.006 1.011 1.011 1.018 1.026 1.027 1.027 1.039 1.043 1.045 1.053 1.056 1.067 1.07 1.084 1.088 1.091 1.103 1.105 1.12 1.121 1.122 1.136 1.146 1.15 1.153 1.157 1.174 1.182 1.199 1.21 1.22 1.225 1.227 1.244 1.252 1.258 1.264 1.276 1.285 1.299 1.311 1.32 1.333 1.354 1.359 1.363 1.379 1.403 1.41 1.416 1.435 1.454 1.473 1.486 1.505 1.524 1.545 1.562 1.579 1.6 1.621 1.643 1.643 1.643 1.636 1.597 1.578 1.574 1.573 1.493 1.493 1.493 1.481 1.497 1.497 1.497 1.489 1.497 1.525 1.529 1.529 1.53 1.559 1.591 1.619 1.628 1.628 1.619 1.613 1.61 1.608 1.606 1.598 1.597 1.593 1.593 1.593 1.586 1.585 1.582 1.582 1.572 1.571 1.571 1.568 1.564 1.56 1.56 1.56 1.548 1.548 1.548 1.546 1.548 1.545 1.539 1.534 1.539 1.533 1.533 1.533 1.533 1.53 1.529 1.529 1.528 1.523 1.522 1.521 1.521 1.521 1.516 1.516 1.516 1.515 1.511 1.511 1.511 1.511 1.51 1.504 1.504 1.504 1.504 1.504 1.504 1.507 1.516 1.516 1.516 1.516 1.514 1.51 1.51 1.509 1.509 1.509 1.509 1.513 1.516 1.522 1.522 1.522 1.522 1.521 1.521 1.523 1.523 1.523 1.524 1.523 1.519 1.483 1.476 1.476 1.476 1.489 1.491 1.495 1.509 1.528 1.53 1.544 2.476 2.487 2.487 2.487 2.498 2.504 2.505 2.518 2.519 2.522 2.525 2.532 2.532 2.532 2.529 2.259 2.259 2.259 2.218 2.195 0.738 0.73 0.709 0.709 0.698 0.698 0.698 0.687 0.685 
1 1 1 1 1 1 1 1 1 1 1 1 1 1 1 1 1 1 1 1 1 1 1 1 1 1 1 1 1 1 1 1 1 1 1 1 1 1 1 1 1 1 1 1 1 1 1 1 1 1 1 1 1 1 1 1 1 1 1 1 1 1 1 1 1 1 1 1 1 1 1 1 1 1 1 1 1 1 1 1 1 1 1 1 1 1 1 1 1 1 1 1 1 1 1 1 1 1 1 1 1 1 1 1 1 1 1 1 1 1 1 1 1 1 1 1 1 1 1 1 1 1 1 1 1 1 1 1 1 1 1 1 1 1 1 1 1 1 0 0 0 0 0 0 0 1 1 1 1 0 0 0 0 0 0 0 0 0 0 0 0 1 1 1 1 1 1 1 1 1 1 1 1 1 1 1 1 1 1 1 1 1 1 1 1 1 1 1 1 1 1 1 1 1 1 1 1 1 1 1 1 1 1 1 1 1 1 1 1 1 1 1 1 1 1 1 1 1 1 1 1 1 1 1 1 1 1 1 1 1 1 1 1 1 1 1 1 1 1 1 1 1 1 1 1 1 1 1 1 1 1 1 1 1 1 1 1 1 1 1 1 1 1 1 1 1 1 1 1 1 1 1 1 1 1 1 1 1 1 1 1 1 1 1 1 1 1 1 1 1 1 1 1 1 1 1 1 1 1 1 1 1 0 0 0 0 0 0 0 0 0 0 0 0 0 0 0 0 0 0 0 0 0 0 0 0 0 0 0 0 0 0 0 0 0 0 0 0 0 0 0 0 0 0 0 0 0 1 1 1 1 1 1 1 1 1 1 1 1 1 1 1 1 1 1 1 1 1 1 1 1 1 1 1 1 1 1 1 1 1 1 1 1 1 1 1 1 0 0 0 0 0 1 1 1 1 1 1 1 1 1 1 1 1 1 1 1 1 1 1 1 1 1 1 1 1 1 1 1 1 1 1 1 1 1 1 1 1 1 1 1 1 1 1 1 1 1 1 1 1 1 1 1 1 1 1 1 1 1 1 1 1 1 1 1 1 1 1 1 1 1 1 1 1 1 1 1 1 1 1 1 1 1 1 1 1 1 1 1 1 1 1 1 1 1 1 1 1 1 1 1 1 1 1 1 1 1 1 1 1 1 1 1 1 1 1 1 1 1 1 1 1 1 1 1 1 1 1 1 1 1 1 1 1 1 1 1 1 1 1 1 1 1 1 1 1 1 1 1 1 1 1 1 1 1 1 1 1 1 1 1 1 1 1 1 1 1 1 1 1 1 1 1 1 1 1 1 1 1 1 1 1 1 1 1 1 1 1 1 1 1 1 1 1 1 1 1 1 1 1 1 1 1 1 1 1 1 1 1 1 1 1 1 1 1 1 1 1 1 1 1 1 1 1 1 1 1 1 1 1 1 1 1 1 1 1 1 1 1 1 1 1 1 1 1 1 1 1 1 1 1 1 1 1 1 1 1 1 1 1 1 1 1 1 1 1 1 1 1 1 1 1 1 1 1 1 1 1 1 1 1 1 1 1 1 1 1 1 1 1 1 1 
