# This file contains a 2D laser scan observation. 
# Its format is: 
# [aperture] [max_range] [number_of_scans] 
# [vector_of_scans] 
# [vector_of_valid_scans] 
# The aperture of the sensor is in radians, the maximum range 
# and measurements are in meters. '1' means a valid scan, '0' otherwise.
4.1847
5.6
682
0 0.007 0 0 0 0.008 0.008 0.008 1.644 1.644 1.638 1.636 1.635 1.63 1.63 1.626 1.624 0.5 0.471 0.471 0.471 0.469 0.476 0.476 0.476 0.476 0.476 0.506 0 0 0 0 0 0 0 0 0 0 0 0 0 0 0 0 1.562 1.562 1.559 1.559 1.559 1.553 1.549 1.549 1.549 1.549 1.549 1.547 1.547 1.547 1.547 1.547 1.547 1.547 1.549 1.549 1.549 1.549 1.549 1.549 1.545 1.545 1.545 1.55 1.55 1.553 1.55 1.55 1.553 1.554 1.557 1.559 0 0 0 0 1.572 1.567 1.567 1.572 0 0 0 0 0 0 0 1.586 1.582 1.582 1.581 1.585 1.585 1.589 1.593 1.596 1.596 1.598 1.6 1.601 1.607 1.611 0 0 0 0.853 0.853 0.853 0 0 0 0 0 0 0 0 0 0 0 0 0 0 0 0 0 0 0 0 0 0 0 0 0 0 0.007 0.559 0.516 0.511 0.511 0.511 0.511 0.007 0 0.831 0 0 0 0 0 0 0 0 0 0 0 0 0 0 0 0 0 0 0 0 0 0 0 0 0 0 0 0 0 0 0 0.007 0.809 0.809 0 0 0 0 0 0 0 0 0 0 0 0 0 0 0 0 0 0 0 0 0 0 0 0 0 0 0 0 0 0 0 0 0 0 0 0 0 0 0 0 0 0 0 0 0 0 0 0 2.904 2.891 2.89 2.89 2.865 2.814 2.792 2.74 2.722 2.722 2.722 2.713 2.713 2.713 2.713 2.758 2.758 2.759 2.823 2.823 2.844 2.895 2.941 2.994 3.609 3.635 3.637 3.635 3.635 3.634 3.601 3.547 3.547 3.547 3.602 3.602 3.602 2.452 2.452 2.451 2.45 2.45 2.447 2.44 2.439 2.439 2.439 2.441 2.441 2.441 2.441 2.441 2.438 2.438 2.438 2.44 2.442 2.443 2.443 2.443 2.447 2.447 2.442 1.944 1.938 1.846 1.751 1.746 1.742 1.742 1.742 1.762 1.769 1.774 1.779 1.779 1.779 1.639 1.633 1.633 1.633 1.646 1.668 1.691 1.691 1.693 1.691 1.691 1.687 1.684 1.676 1.675 1.658 1.542 1.538 1.538 1.538 1.564 1.632 1.638 1.64 1.656 1.656 1.656 1.655 1.655 1.655 1.657 1.659 1.659 1.657 1.655 1.64 1.602 1.577 1.569 1.568 1.565 1.565 1.565 1.566 1.579 1.692 1.754 1.759 1.763 1.765 1.772 1.775 1.775 1.772 1.756 1.751 1.735 1.735 1.735 1.881 1.892 1.9 2.663 2.678 2.685 2.685 2.694 2.695 2.706 2.707 2.725 2.729 2.731 3.788 3.788 3.788 3.734 3.734 3.734 3.734 3.734 3.859 3.135 3.109 3.109 2.942 2.915 2.905 2.864 2.864 2.887 2.887 2.947 2.947 2.944 2.947 3.004 3.004 3.036 3.036 3.036 2.991 2.968 2.927 2.875 2.828 2.805 2.774 2.745 2.716 2.711 2.678 2.657 2.625 2.603 2.592 2.574 2.548 2.519 2.495 2.48 2.465 2.463 2.415 2.415 2.39 2.39 0.786 0.775 0.773 0.762 0.76 0.754 0.749 0.749 0.742 0.739 0.728 0.728 0.724 0.723 0.722 0.716 0.713 0.712 0.7 0.695 0.692 0.692 0.688 0.687 0.682 0.678 0.676 0.671 0.667 0.664 0.662 0.66 0.659 0.658 0.658 0.651 0.651 0.648 0.647 0.644 0.642 0.642 0.639 0.633 0.633 0.631 0.631 0.627 0.619 0.627 0.619 0.618 0.615 0.614 0.613 0.611 0.606 0.605 0.605 0.603 0.602 0.599 0.599 0.599 0.599 0.595 0.594 0.592 0.592 0.589 0.589 0.587 0.584 0.579 0.577 0.575 0.569 0.573 0.573 0.575 0.573 0.574 0.574 0.571 0.57 0.571 0.57 0.566 0.566 0.559 0.559 0.558 0.558 0.558 0.559 0.558 0.558 0.551 0.551 0.548 0.551 0.548 0.548 0.548 0.545 0.544 0.544 0.544 0.542 0.544 0.545 0.545 0.545 0.545 0.545 0.545 0.538 0.545 0.54 0.54 0.541 0.542 0.541 0.542 0.541 0.542 0.542 0.542 0.54 0.543 0.54 0.54 0.54 0.54 0.539 0.538 0.539 0.538 0.535 0.535 0.536 0.536 0.537 0.537 0.542 0.542 0.544 0.542 0.542 0.539 0.539 0.539 0.539 0.541 0.541 0.541 0.54 0.541 0.541 0.54 0.542 0.542 0.542 0.542 0.543 0.544 0.544 0.544 0.546 0.55 0.55 0.55 0.551 0.551 0.551 0.551 0.553 0.555 0.556 0.558 0.559 0.56 0.563 0.563 0.563 0.563 0.563 0.563 0.565 0.566 0.566 0.568 0.568 0.568 0.568 0.568 0.571 0.571 0.57 0.571 0.573 0.577 0.583 0.589 0.589 0.592 0.592 0.595 0.601 0.604 0.604 0.604 0.605 0.604 0.603 0.602 0.602 0.602 0.603 0.605 0.608 0.615 0.616 0.617 0.626 0.629 0.634 0.638 0.638 0.638 0.633 0.633 0.633 0.656 0.66 0.663 0.666 0.667 0.67 0.67 0.67 0.676 0.678 0.684 
0 0 0 0 0 0 0 0 1 1 1 1 1 1 1 1 1 1 1 1 1 1 1 1 1 1 1 1 0 0 0 0 0 0 0 0 0 0 0 0 0 0 0 0 1 1 1 1 1 1 1 1 1 1 1 1 1 1 1 1 1 1 1 1 1 1 1 1 1 1 1 1 1 1 1 1 1 1 1 1 0 0 0 0 1 1 1 1 0 0 0 0 0 0 0 1 1 1 1 1 1 1 1 1 1 1 1 1 1 1 0 0 0 1 1 1 0 0 0 0 0 0 0 0 0 0 0 0 0 0 0 0 0 0 0 0 0 0 0 0 0 0 0 1 1 1 1 1 1 0 0 1 0 0 0 0 0 0 0 0 0 0 0 0 0 0 0 0 0 0 0 0 0 0 0 0 0 0 0 0 0 0 0 0 1 1 0 0 0 0 0 0 0 0 0 0 0 0 0 0 0 0 0 0 0 0 0 0 0 0 0 0 0 0 0 0 0 0 0 0 0 0 0 0 0 0 0 0 0 0 0 0 0 0 1 1 1 1 1 1 1 1 1 1 1 1 1 1 1 1 1 1 1 1 1 1 1 1 1 1 1 1 1 1 1 1 1 1 1 1 1 1 1 1 1 1 1 1 1 1 1 1 1 1 1 1 1 1 1 1 1 1 1 1 1 1 1 1 1 1 1 1 1 1 1 1 1 1 1 1 1 1 1 1 1 1 1 1 1 1 1 1 1 1 1 1 1 1 1 1 1 1 1 1 1 1 1 1 1 1 1 1 1 1 1 1 1 1 1 1 1 1 1 1 1 1 1 1 1 1 1 1 1 1 1 1 1 1 1 1 1 1 1 1 1 1 1 1 1 1 1 1 1 1 1 1 1 1 1 1 1 1 1 1 1 1 1 1 1 1 1 1 1 1 1 1 1 1 1 1 1 1 1 1 1 1 1 1 1 1 1 1 1 1 1 1 1 1 1 1 1 1 1 1 1 1 1 1 1 1 1 1 1 1 1 1 1 1 1 1 1 1 1 1 1 1 1 1 1 1 1 1 1 1 1 1 1 1 1 1 1 1 1 1 1 1 1 1 1 1 1 1 1 1 1 1 1 1 1 1 1 1 1 1 1 1 1 1 1 1 1 1 1 1 1 1 1 1 1 1 1 1 1 1 1 1 1 1 1 1 1 1 1 1 1 1 1 1 1 1 1 1 1 1 1 1 1 1 1 1 1 1 1 1 1 1 1 1 1 1 1 1 1 1 1 1 1 1 1 1 1 1 1 1 1 1 1 1 1 1 1 1 1 1 1 1 1 1 1 1 1 1 1 1 1 1 1 1 1 1 1 1 1 1 1 1 1 1 1 1 1 1 1 1 1 1 1 1 1 1 1 1 1 1 1 1 1 1 1 1 1 1 1 1 1 1 1 1 1 1 1 1 1 1 1 1 1 1 1 1 1 1 1 1 1 1 1 1 1 1 1 1 1 1 1 1 1 1 1 1 1 1 1 1 1 1 1 1 1 1 1 1 1 1 1 1 1 1 1 1 1 1 
