# This file contains a 2D laser scan observation. 
# Its format is: 
# [aperture] [max_range] [number_of_scans] 
# [vector_of_scans] 
# [vector_of_valid_scans] 
# The aperture of the sensor is in radians, the maximum range 
# and measurements are in meters. '1' means a valid scan, '0' otherwise.
4.1847
5.6
682
0.558 0.558 0.562 0.562 0.562 0.586 0 0 0 0 0 0 1.646 1.65 1.65 1.65 1.65 1.65 1.657 0.007 0 0 0 0 0.008 0.008 0.008 0.008 0.008 0 0 0 0 0 0 0.007 0 0 0 0 0.007 0 0 0 0 0 0 0 0 0.007 0 0 0 0 0 0 0 0 0 0.007 0 0 0 0 0 0 0 0 0.007 0 0.007 0.758 0.758 0 0 0 0 0 0 0 0 0 0 0 0 0 0 0 0 0 0 0 0 0 0 0 0 0 0 0 0 0 0 0 0 0 0 0 0 0 0 0 0 0 0 0 0 0 0 0 0 0 0 0 0 0 0 0 0 0 0 0 0 0 0 0 0 0 0 0 0 0 5.109 2.38 2.435 2.435 2.435 2.443 2.447 2.477 2.491 2.513 2.524 2.559 2.565 2.593 2.62 2.621 2.671 2.675 2.685 2.698 2.736 2.741 2.741 2.741 2.744 2.744 2.727 2.695 2.695 2.695 2.695 2.695 2.676 2.616 2.576 2.531 2.521 2.513 2.513 2.502 2.502 2.498 2.498 2.507 2.53 2.557 2.559 2.612 2.612 2.626 2.652 2.68 2.718 2.751 2.842 3.294 3.306 3.321 3.366 3.386 3.386 3.386 3.383 3.362 3.195 2.219 2.214 2.202 2.198 2.198 2.198 2.193 2.19 2.19 2.186 2.186 2.184 2.181 2.177 2.174 2.177 2.173 2.173 2.167 2.167 2.167 2.167 2.167 2.17 2.165 2.165 2.165 1.673 1.458 1.454 1.453 1.453 1.453 1.457 1.466 1.468 1.48 1.48 1.48 1.399 1.323 1.323 1.323 1.323 1.326 1.334 1.362 1.368 1.373 1.375 1.375 1.375 1.377 1.377 1.373 1.373 1.365 1.351 1.262 1.225 1.225 1.225 1.227 1.234 1.279 1.305 1.317 1.325 1.326 1.327 1.329 1.33 1.33 1.33 1.333 1.335 1.335 1.335 1.337 1.337 1.325 1.32 1.316 1.28 1.249 1.247 1.246 1.245 1.239 1.239 1.239 1.241 1.241 1.255 1.321 1.406 1.422 1.423 1.428 1.44 1.441 1.443 1.443 1.443 1.435 1.434 1.431 1.41 1.407 1.407 1.407 1.419 1.566 1.568 1.573 1.577 2.351 2.359 2.366 2.377 2.381 2.39 2.396 2.41 2.418 2.418 2.427 2.43 3.452 3.452 3.452 3.428 3.428 3.428 3.497 3.497 3.497 2.841 2.821 2.702 2.64 2.624 2.61 2.603 2.562 2.547 2.562 2.572 2.572 2.585 2.603 2.609 2.62 2.654 2.654 2.714 2.747 2.747 2.747 2.719 2.672 2.659 2.62 2.547 2.529 2.499 2.481 2.469 2.442 2.418 2.401 2.376 2.346 2.333 2.315 2.311 2.287 2.271 2.269 2.236 2.222 2.193 2.183 2.173 2.167 2.12 2.12 2.12 2.121 2.121 2.121 2.106 2.092 2.086 2.079 2.065 2.054 2.047 2.047 2.047 2.047 2.063 2.066 2.082 2.102 2.113 2.143 2.155 2.168 2.184 2.212 2.223 2.248 2.26 2.282 2.282 2.282 0.519 0.507 0.505 0.503 0.502 0.5 0.499 0.499 0.499 0.499 0.49 0.49 0.49 0.486 0.486 0.487 0.482 0.482 0.479 0.476 0.476 0.474 0.474 0.474 0.464 0.464 0.464 0.464 0.462 0.462 0.462 0.462 0.459 0.458 0.458 0.452 0.451 0.45 0.45 0.452 0.45 0.45 0.448 0.447 0.447 0.447 0.442 0.442 0.442 0.443 0.443 0.443 0.443 0.443 0.443 0.438 0.437 0.433 0.433 0.433 0.433 0.434 0.434 0.434 0.434 0.432 0.432 0.432 0.432 0.432 0.433 0.433 0.432 0.433 0.434 0.434 0.432 0.432 0.43 0.43 0.43 0.429 0.427 0.433 0.433 0.428 0.428 0.433 0.428 0.428 0.428 0.428 0.428 0.428 0.428 0.428 0.428 0.428 0.428 0.426 0.426 0.426 0.427 0.426 0.427 0.427 0.428 0.428 0.43 0.428 0.426 0.426 0.427 0.426 0.426 0.427 0.428 0.428 0.43 0.43 0.434 0.434 0.434 0.434 0.434 0.434 0.434 0.435 0.434 0.434 0.434 0.435 0.435 0.44 0.44 0.44 0.44 0.439 0.439 0.441 0.441 0.446 0.446 0.447 0.448 0.447 0.448 0.45 0.45 0.45 0.45 0.45 0.45 0.452 0.453 0.453 0.457 0.459 0.459 0.46 0.464 0.467 0.467 0.467 0.466 0.466 0.466 0.466 0.47 0.471 0.47 0.47 0.467 0.467 0.467 0.476 0.477 0.482 0.485 0.485 0.485 0.489 0.489 0.49 0.49 0.491 0.493 0.495 0.5 0.5 0.506 0.506 0.507 0.506 0.507 0.512 0.512 0.514 0.515 0.515 0.517 0.524 0.524 0.524 0.525 0.531 0.531 0.533 0.536 0.546 0.546 0.546 0.55 0.55 0.55 0.553 0.557 0.559 0.561 0.572 0.573 0.581 0.583 0.583 0.583 0.588 0.589 0.597 0.599 0.606 0.612 0.614 0.614 0.62 0.627 0.632 0.638 0.639 0.644 0.651 0.652 0.656 0.664 0.666 0.67 0.673 0.682 0.687 0.689 0.691 0.705 0.71 0.713 0.725 0.73 0.733 0.744 0.748 
1 1 1 1 1 1 0 0 0 0 0 0 1 1 1 1 1 1 1 0 0 0 0 0 0 0 0 0 0 0 0 0 0 0 0 0 0 0 0 0 0 0 0 0 0 0 0 0 0 0 0 0 0 0 0 0 0 0 0 0 0 0 0 0 0 0 0 0 0 0 0 1 1 0 0 0 0 0 0 0 0 0 0 0 0 0 0 0 0 0 0 0 0 0 0 0 0 0 0 0 0 0 0 0 0 0 0 0 0 0 0 0 0 0 0 0 0 0 0 0 0 0 0 0 0 0 0 0 0 0 0 0 0 0 0 0 0 0 0 0 0 0 1 1 1 1 1 1 1 1 1 1 1 1 1 1 1 1 1 1 1 1 1 1 1 1 1 1 1 1 1 1 1 1 1 1 1 1 1 1 1 1 1 1 1 1 1 1 1 1 1 1 1 1 1 1 1 1 1 1 1 1 1 1 1 1 1 1 1 1 1 1 1 1 1 1 1 1 1 1 1 1 1 1 1 1 1 1 1 1 1 1 1 1 1 1 1 1 1 1 1 1 1 1 1 1 1 1 1 1 1 1 1 1 1 1 1 1 1 1 1 1 1 1 1 1 1 1 1 1 1 1 1 1 1 1 1 1 1 1 1 1 1 1 1 1 1 1 1 1 1 1 1 1 1 1 1 1 1 1 1 1 1 1 1 1 1 1 1 1 1 1 1 1 1 1 1 1 1 1 1 1 1 1 1 1 1 1 1 1 1 1 1 1 1 1 1 1 1 1 1 1 1 1 1 1 1 1 1 1 1 1 1 1 1 1 1 1 1 1 1 1 1 1 1 1 1 1 1 1 1 1 1 1 1 1 1 1 1 1 1 1 1 1 1 1 1 1 1 1 1 1 1 1 1 1 1 1 1 1 1 1 1 1 1 1 1 1 1 1 1 1 1 1 1 1 1 1 1 1 1 1 1 1 1 1 1 1 1 1 1 1 1 1 1 1 1 1 1 1 1 1 1 1 1 1 1 1 1 1 1 1 1 1 1 1 1 1 1 1 1 1 1 1 1 1 1 1 1 1 1 1 1 1 1 1 1 1 1 1 1 1 1 1 1 1 1 1 1 1 1 1 1 1 1 1 1 1 1 1 1 1 1 1 1 1 1 1 1 1 1 1 1 1 1 1 1 1 1 1 1 1 1 1 1 1 1 1 1 1 1 1 1 1 1 1 1 1 1 1 1 1 1 1 1 1 1 1 1 1 1 1 1 1 1 1 1 1 1 1 1 1 1 1 1 1 1 1 1 1 1 1 1 1 1 1 1 1 1 1 1 1 1 1 1 1 1 1 1 1 1 1 1 1 1 1 1 1 1 1 1 1 1 1 1 1 1 1 1 1 1 1 1 1 1 1 1 1 1 1 1 1 1 1 1 1 1 1 1 1 1 1 1 1 1 1 1 1 1 1 1 1 1 1 1 1 1 1 1 1 1 1 1 1 1 1 1 1 1 1 1 1 1 1 1 1 1 1 1 1 1 1 1 1 1 1 1 1 1 1 1 1 
