# This file contains a 2D laser scan observation. 
# Its format is: 
# [aperture] [max_range] [number_of_scans] 
# [vector_of_scans] 
# [vector_of_valid_scans] 
# The aperture of the sensor is in radians, the maximum range 
# and measurements are in meters. '1' means a valid scan, '0' otherwise.
4.1847
5.6
682
0 0 0.007 0 0 0 0 0 0 0 0 0 0 0 0 0 0.845 0.845 0.007 0 0 0.007 0 0 0 0 0 0 0 0 0 0 0 0 0 0 1.159 1.143 1.143 1.159 0 0 0 0 0 0.007 0 0.007 0 0 0 0 0 0 0 0 0 0 0 0 0 0 0 0 0 0 0 0 0 0 0 0 0 0 0 0 0 0 0 0 0 0 0 0 0 0 0 0 0 0 0 0 0 0 0 0 0 0 0 0 0 0 0 0 0 0 0 0 0 0 0 0 0 0 0 0 2.31 2.223 2.223 2.332 2.332 2.38 2.426 2.426 2.445 2.459 2.472 2.5 2.514 2.55 2.563 2.57 2.604 2.612 2.628 2.648 2.669 2.691 2.694 2.702 2.731 2.737 2.737 2.743 2.731 2.727 2.657 2.657 2.657 2.706 2.706 2.706 2.67 2.621 2.547 2.528 2.523 2.52 2.515 2.515 2.508 2.508 2.508 2.513 2.513 2.545 2.575 2.583 2.596 2.637 2.661 2.697 2.728 2.767 2.867 3.299 3.309 3.322 3.359 3.393 3.393 3.393 3.4 3.39 3.368 2.204 2.197 2.196 2.196 2.188 2.188 2.186 2.185 2.182 2.181 2.181 2.181 2.179 2.174 2.174 2.17 2.166 2.164 2.164 2.164 2.164 2.166 2.168 2.168 2.166 1.548 1.453 1.448 1.445 1.445 1.447 1.447 1.457 1.463 1.464 1.464 1.464 1.319 1.314 1.312 1.312 1.315 1.315 1.34 1.358 1.358 1.36 1.365 1.37 1.37 1.37 1.37 1.37 1.361 1.354 1.324 1.221 1.212 1.212 1.212 1.217 1.22 1.289 1.295 1.303 1.305 1.307 1.312 1.314 1.314 1.316 1.316 1.316 1.317 1.317 1.317 1.317 1.317 1.317 1.31 1.298 1.272 1.237 1.228 1.225 1.217 1.215 1.215 1.215 1.215 1.222 1.23 1.278 1.386 1.387 1.402 1.409 1.41 1.421 1.428 1.428 1.424 1.424 1.407 1.405 1.39 1.381 1.381 1.381 1.383 1.417 1.536 1.538 1.54 1.551 2.334 2.336 2.351 2.351 2.354 2.358 2.36 2.368 2.372 2.378 2.389 2.4 2.401 2.404 3.463 3.463 3.463 3.391 3.391 3.391 3.387 3.387 2.861 2.807 2.779 2.605 2.589 2.58 2.566 2.566 2.542 2.531 2.542 2.555 2.555 2.604 2.604 2.586 2.604 2.628 2.628 2.681 2.705 2.721 2.721 2.721 2.663 2.636 2.593 2.553 2.504 2.482 2.455 2.432 2.405 2.392 2.378 2.353 2.333 2.322 2.299 2.279 2.259 2.239 2.229 2.202 2.191 2.16 2.158 2.146 2.138 2.084 2.084 2.084 2.084 2.084 2.08 2.072 2.058 2.056 2.04 2.038 2.019 2.011 2.008 2.008 2.008 2.016 2.027 2.055 2.055 2.072 2.08 2.102 2.129 2.136 2.155 2.184 2.206 2.206 2.206 0.49 0.482 0.481 0.477 0.474 0.47 0.47 0.465 0.463 0.462 0.462 0.457 0.454 0.452 0.451 0.452 0.45 0.45 0.449 0.446 0.443 0.443 0.439 0.436 0.439 0.436 0.438 0.433 0.431 0.424 0.427 0.427 0.427 0.427 0.427 0.424 0.42 0.419 0.42 0.42 0.416 0.414 0.416 0.414 0.414 0.411 0.414 0.411 0.414 0.41 0.409 0.406 0.406 0.405 0.405 0.402 0.402 0.405 0.405 0.402 0.405 0.402 0.401 0.402 0.4 0.395 0.395 0.395 0.395 0.397 0.397 0.395 0.397 0.397 0.395 0.395 0.396 0.396 0.396 0.398 0.399 0.399 0.398 0.399 0.394 0.392 0.392 0.393 0.392 0.393 0.393 0.393 0.397 0.397 0.395 0.397 0.395 0.388 0.388 0.395 0.395 0.395 0.396 0.395 0.396 0.39 0.393 0.392 0.393 0.392 0.392 0.392 0.393 0.391 0.393 0.393 0.393 0.393 0.395 0.397 0.397 0.398 0.398 0.399 0.399 0.399 0.395 0.399 0.399 0.401 0.401 0.401 0.401 0.405 0.403 0.403 0.405 0.405 0.408 0.413 0.413 0.412 0.412 0.412 0.409 0.409 0.409 0.411 0.41 0.411 0.411 0.411 0.415 0.415 0.415 0.415 0.413 0.413 0.414 0.414 0.415 0.42 0.422 0.424 0.424 0.427 0.431 0.431 0.434 0.433 0.433 0.433 0.433 0.433 0.441 0.441 0.441 0.441 0.441 0.445 0.445 0.445 0.447 0.449 0.449 0.45 0.45 0.456 0.457 0.459 0.46 0.462 0.462 0.463 0.463 0.463 0.471 0.471 0.471 0.473 0.476 0.481 0.482 0.485 0.485 0.482 0.485 0.489 0.49 0.493 0.493 0.501 0.501 0.507 0.512 0.513 0.513 0.517 0.517 0.522 0.522 0.522 0.525 0.525 0.535 0.536 0.539 0.539 0.542 0.544 0.55 0.553 0.553 0.554 0.561 0.563 0.57 0.571 0.575 0.582 0.586 0.589 0.593 0.596 0.608 0.612 0.618 0.619 0.629 0.629 0.632 0.638 0.645 0.649 0.651 0.652 0.664 0.675 0.675 0.678 0.688 0.695 0.704 0.708 0.716 0.726 0.727 0.731 0.743 0.746 0.746 0.758 0.775 0.779 0.787 0.789 0.806 0.808 0.825 0.837 0.838 
0 0 0 0 0 0 0 0 0 0 0 0 0 0 0 0 1 1 0 0 0 0 0 0 0 0 0 0 0 0 0 0 0 0 0 0 1 1 1 1 0 0 0 0 0 0 0 0 0 0 0 0 0 0 0 0 0 0 0 0 0 0 0 0 0 0 0 0 0 0 0 0 0 0 0 0 0 0 0 0 0 0 0 0 0 0 0 0 0 0 0 0 0 0 0 0 0 0 0 0 0 0 0 0 0 0 0 0 0 0 0 0 0 0 0 0 1 1 1 1 1 1 1 1 1 1 1 1 1 1 1 1 1 1 1 1 1 1 1 1 1 1 1 1 1 1 1 1 1 1 1 1 1 1 1 1 1 1 1 1 1 1 1 1 1 1 1 1 1 1 1 1 1 1 1 1 1 1 1 1 1 1 1 1 1 1 1 1 1 1 1 1 1 1 1 1 1 1 1 1 1 1 1 1 1 1 1 1 1 1 1 1 1 1 1 1 1 1 1 1 1 1 1 1 1 1 1 1 1 1 1 1 1 1 1 1 1 1 1 1 1 1 1 1 1 1 1 1 1 1 1 1 1 1 1 1 1 1 1 1 1 1 1 1 1 1 1 1 1 1 1 1 1 1 1 1 1 1 1 1 1 1 1 1 1 1 1 1 1 1 1 1 1 1 1 1 1 1 1 1 1 1 1 1 1 1 1 1 1 1 1 1 1 1 1 1 1 1 1 1 1 1 1 1 1 1 1 1 1 1 1 1 1 1 1 1 1 1 1 1 1 1 1 1 1 1 1 1 1 1 1 1 1 1 1 1 1 1 1 1 1 1 1 1 1 1 1 1 1 1 1 1 1 1 1 1 1 1 1 1 1 1 1 1 1 1 1 1 1 1 1 1 1 1 1 1 1 1 1 1 1 1 1 1 1 1 1 1 1 1 1 1 1 1 1 1 1 1 1 1 1 1 1 1 1 1 1 1 1 1 1 1 1 1 1 1 1 1 1 1 1 1 1 1 1 1 1 1 1 1 1 1 1 1 1 1 1 1 1 1 1 1 1 1 1 1 1 1 1 1 1 1 1 1 1 1 1 1 1 1 1 1 1 1 1 1 1 1 1 1 1 1 1 1 1 1 1 1 1 1 1 1 1 1 1 1 1 1 1 1 1 1 1 1 1 1 1 1 1 1 1 1 1 1 1 1 1 1 1 1 1 1 1 1 1 1 1 1 1 1 1 1 1 1 1 1 1 1 1 1 1 1 1 1 1 1 1 1 1 1 1 1 1 1 1 1 1 1 1 1 1 1 1 1 1 1 1 1 1 1 1 1 1 1 1 1 1 1 1 1 1 1 1 1 1 1 1 1 1 1 1 1 1 1 1 1 1 1 1 1 1 1 1 1 1 1 1 1 1 1 1 1 1 1 1 1 1 1 1 1 1 1 1 1 1 1 1 1 1 1 1 1 1 1 1 1 1 1 1 1 1 1 1 1 1 1 1 1 1 1 1 1 1 1 1 1 1 1 1 1 1 1 1 1 1 1 1 1 1 1 1 1 
