# This file contains a 2D laser scan observation. 
# Its format is: 
# [aperture] [max_range] [number_of_scans] 
# [vector_of_scans] 
# [vector_of_valid_scans] 
# The aperture of the sensor is in radians, the maximum range 
# and measurements are in meters. '1' means a valid scan, '0' otherwise.
4.1847
5.6
682
0.974 0.973 0.971 0.957 0.955 0.952 0.94 0.933 0.931 0.931 0.915 0.912 0.912 0.911 0.911 0.894 0.894 0.893 0.888 0.888 0.872 0.87 0.869 0.869 0.866 0.854 0.853 0.852 0.846 0.842 0.842 0.839 0.838 0.832 0.831 0.829 0.822 0.821 0.82 0.817 0.815 0.809 0.809 0.815 0.837 0.838 0.838 0.838 0.838 0.839 0.838 0.838 0.834 0.829 0.825 0.822 0.821 0.82 0.808 0.808 0.805 0.796 0.785 0.772 0.772 0.772 0.772 0.773 0.782 0.782 0.773 0.746 0.746 0.746 0.746 0.756 0.758 0.758 0.764 0.764 0.772 0.772 0.747 0.747 0.755 0.754 0.754 0.754 0.749 0.749 0.744 0.744 0.742 0.737 0.726 0.72 0.713 0.713 0.713 0.72 0.713 0.713 0.712 0.712 0.712 0.712 0.713 0.72 0.72 0.722 0.722 0.72 0.72 0.742 0.749 0.749 0.749 0.749 0.745 0.745 0.749 0.751 0.763 0.763 0.763 0.763 0.751 0.747 0.747 0.751 0.751 0.751 0.751 0.751 0.741 0.738 0.738 0.732 0.726 0.724 0.72 0.72 0.72 0.72 0.726 0.726 0.718 0.717 0.709 0.708 0.709 0.709 0.71 0.71 0.711 0.711 0.711 0.711 0.711 0.713 0.713 0.713 0.716 0.723 0.717 0.723 0.725 0.725 0.725 0.727 0.727 0.728 0.728 0.729 0.729 0.729 0.731 0.738 0.738 0.739 0.739 0.744 0.744 0.747 0.747 0.749 0.755 0.756 0.756 0.756 0.756 0.756 0.761 0.761 0.767 0.769 0.769 0.774 0.774 0.774 0.774 0.775 0.775 0.777 0.782 0.787 0.787 0.787 0.791 0.794 0.799 0.802 0.804 0.808 0.81 0.81 0.812 0.813 0.814 0.815 0.826 0.826 0.828 0.828 0.831 0.838 0.839 0.843 0.845 0.855 0.855 0.857 0.857 0.864 0.867 0.87 0.875 0.878 0.882 0.885 0.888 0.895 0.899 0.902 0.909 0.915 0.915 0.918 0.919 0.928 0.93 0.935 0.944 0.951 0.965 0.968 0.968 0.969 0.969 0.973 0.984 0.985 0.991 0.996 0.996 1.009 1.011 1.018 1.033 1.043 1.043 1.056 1.059 1.069 1.078 1.09 1.092 1.105 1.109 1.12 1.126 1.143 1.15 1.159 1.174 1.179 1.188 1.197 1.201 1.215 1.228 1.246 1.246 1.246 1.245 1.244 1.231 1.229 1.217 1.212 1.206 1.203 1.198 1.19 1.188 1.187 1.183 1.178 1.169 1.167 1.164 1.164 1.158 1.152 1.149 1.148 1.146 1.145 1.137 1.136 1.131 1.131 1.131 1.133 1.133 1.133 1.13 1.122 1.119 1.119 1.119 1.114 1.111 1.111 1.101 1.095 1.093 1.092 1.092 1.09 1.092 1.087 1.087 1.087 1.087 1.084 1.081 1.081 1.081 1.081 1.08 1.074 1.072 1.072 1.07 1.066 1.064 1.063 1.061 1.063 1.063 1.059 1.061 1.062 1.061 1.06 1.06 1.059 1.054 1.054 1.054 1.054 1.054 1.058 1.058 1.058 1.066 1.067 1.078 1.088 1.108 1.114 1.115 1.115 1.12 1.119 1.119 1.117 1.117 1.107 1.102 1.086 1.073 1.072 1.059 1.059 1.059 1.055 1.052 1.052 1.05 1.05 1.05 1.056 1.056 1.056 1.055 1.057 1.055 1.055 1.057 1.058 1.063 1.063 1.063 1.063 1.062 1.059 1.062 1.062 1.097 1.097 1.097 1.097 1.097 1.105 1.367 1.37 1.37 1.37 1.369 1.335 1.312 1.281 1.258 1.221 1.2 1.18 1.138 1.132 1.13 1.128 1.126 1.125 1.126 1.125 1.124 1.112 1.112 1.112 1.12 1.122 1.122 1.122 1.131 1.133 1.137 1.14 1.145 1.151 1.152 1.161 1.162 1.17 1.17 1.177 1.177 1.18 1.185 1.185 1.189 1.194 1.198 1.203 1.206 1.211 1.216 1.227 1.229 1.23 1.233 1.239 1.244 1.252 1.259 1.265 1.266 1.276 1.277 1.283 1.287 1.293 1.296 1.305 1.76 1.76 1.76 1.729 1.729 1.714 1.699 1.685 1.674 1.672 1.593 1.592 1.592 1.593 1.829 1.935 1.94 1.943 2.235 2.267 2.281 2.303 2.317 2.385 0 0 0 0 0 0 0 0 0 0 0 0 0 0 0 0 0 0 0 0 0 0 0 0 0 2.83 2.83 2.83 2.84 2.897 2.898 2.902 0 0 0 0 0 0 0 0 0 0 3.563 3.563 3.547 3.547 3.547 3.518 3.513 3.508 3.495 3.489 3.454 2.288 2.275 2.274 2.272 2.272 2.272 2.272 2.259 2.254 2.241 2.239 2.238 2.235 2.139 2.139 2.139 2.194 2.194 2.194 2.186 2.186 2.184 2.183 2.168 2.168 2.163 2.163 2.159 2.157 2.15 2.138 2.138 2.138 2.134 2.133 2.133 2.133 2.121 2.114 2.114 2.114 2.11 2.105 2.104 2.092 2.091 2.092 2.091 2.091 0.952 0.952 0.948 0.952 0.948 0.955 0.955 1.375 0.006 0.007 1.898 1.898 1.898 1.898 1.901 2.065 2.065 2.067 2.067 2.069 2.069 2.069 2.069 2.066 2.065 2.065 2.065 2.065 2.065 2.065 2.063 2.066 2.068 2.063 2.063 4.898 4.898 2.06 2.065 2.076 2.069 2.067 2.069 2.076 2.069 2.067 4.233 2.083 2.079 2.083 2.084 2.084 0.008 0.008 0.008 4.767 4.767 2.111 2.111 2.111 2.118 2.118 
1 1 1 1 1 1 1 1 1 1 1 1 1 1 1 1 1 1 1 1 1 1 1 1 1 1 1 1 1 1 1 1 1 1 1 1 1 1 1 1 1 1 1 1 1 1 1 1 1 1 1 1 1 1 1 1 1 1 1 1 1 1 1 1 1 1 1 1 1 1 1 1 1 1 1 1 1 1 1 1 1 1 1 1 1 1 1 1 1 1 1 1 1 1 1 1 1 1 1 1 1 1 1 1 1 1 1 1 1 1 1 1 1 1 1 1 1 1 1 1 1 1 1 1 1 1 1 1 1 1 1 1 1 1 1 1 1 1 1 1 1 1 1 1 1 1 1 1 1 1 1 1 1 1 1 1 1 1 1 1 1 1 1 1 1 1 1 1 1 1 1 1 1 1 1 1 1 1 1 1 1 1 1 1 1 1 1 1 1 1 1 1 1 1 1 1 1 1 1 1 1 1 1 1 1 1 1 1 1 1 1 1 1 1 1 1 1 1 1 1 1 1 1 1 1 1 1 1 1 1 1 1 1 1 1 1 1 1 1 1 1 1 1 1 1 1 1 1 1 1 1 1 1 1 1 1 1 1 1 1 1 1 1 1 1 1 1 1 1 1 1 1 1 1 1 1 1 1 1 1 1 1 1 1 1 1 1 1 1 1 1 1 1 1 1 1 1 1 1 1 1 1 1 1 1 1 1 1 1 1 1 1 1 1 1 1 1 1 1 1 1 1 1 1 1 1 1 1 1 1 1 1 1 1 1 1 1 1 1 1 1 1 1 1 1 1 1 1 1 1 1 1 1 1 1 1 1 1 1 1 1 1 1 1 1 1 1 1 1 1 1 1 1 1 1 1 1 1 1 1 1 1 1 1 1 1 1 1 1 1 1 1 1 1 1 1 1 1 1 1 1 1 1 1 1 1 1 1 1 1 1 1 1 1 1 1 1 1 1 1 1 1 1 1 1 1 1 1 1 1 1 1 1 1 1 1 1 1 1 1 1 1 1 1 1 1 1 1 1 1 1 1 1 1 1 1 1 1 1 1 1 1 1 1 1 1 1 1 1 1 1 1 1 1 1 1 1 1 1 1 1 1 1 1 1 1 1 1 1 1 1 1 1 1 1 1 1 1 1 1 1 1 1 1 1 1 1 1 1 1 1 1 1 1 1 1 1 1 0 0 0 0 0 0 0 0 0 0 0 0 0 0 0 0 0 0 0 0 0 0 0 0 0 1 1 1 1 1 1 1 0 0 0 0 0 0 0 0 0 0 1 1 1 1 1 1 1 1 1 1 1 1 1 1 1 1 1 1 1 1 1 1 1 1 1 1 1 1 1 1 1 1 1 1 1 1 1 1 1 1 1 1 1 1 1 1 1 1 1 1 1 1 1 1 1 1 1 1 1 1 1 1 1 1 1 1 1 1 0 0 1 1 1 1 1 1 1 1 1 1 1 1 1 1 1 1 1 1 1 1 1 1 1 1 1 1 1 1 1 1 1 1 1 1 1 1 1 1 1 1 1 1 0 0 0 1 1 1 1 1 1 1 
