# This file contains a 2D laser scan observation. 
# Its format is: 
# [aperture] [max_range] [number_of_scans] 
# [vector_of_scans] 
# [vector_of_valid_scans] 
# The aperture of the sensor is in radians, the maximum range 
# and measurements are in meters. '1' means a valid scan, '0' otherwise.
4.1847
5.6
682
2.682 2.668 2.668 2.682 2.708 2.715 2.743 2.743 2.777 2.809 2.827 2.855 2.888 2.929 3.458 3.469 3.469 3.469 3.469 3.508 3.508 3.508 2.335 2.335 2.332 2.33 2.33 2.317 2.317 2.308 2.308 2.307 2.303 2.301 2.299 2.291 2.29 2.284 2.233 1.584 1.568 1.566 1.563 1.563 1.563 1.563 1.563 1.514 1.412 1.412 1.412 1.413 1.417 1.438 1.441 1.461 1.464 1.471 1.471 1.471 1.471 1.459 1.455 1.311 1.298 1.292 1.292 1.292 1.31 1.359 1.361 1.371 1.374 1.383 1.386 1.393 1.393 1.393 1.386 1.39 1.387 1.387 1.386 1.381 1.381 1.38 1.379 1.343 1.291 1.271 1.265 1.265 1.264 1.262 1.263 1.263 1.263 1.276 1.346 1.432 1.433 1.436 1.443 1.444 1.444 1.45 1.452 1.453 1.452 1.452 1.446 1.438 1.433 1.419 1.397 1.397 1.397 1.398 1.474 1.553 1.559 1.559 1.553 1.553 1.559 1.593 1.73 2.306 2.309 2.31 2.31 2.315 2.321 2.331 2.331 2.334 2.342 2.349 2.357 2.357 2.363 2.366 2.367 2.378 2.379 2.388 2.437 3.276 3.28 3.406 3.441 3.441 3.441 3.431 3.362 3.346 3.344 2.837 2.669 2.577 2.558 2.531 2.531 2.514 2.506 2.506 2.512 2.512 2.512 2.525 2.541 2.566 2.575 2.575 2.541 0.368 0.364 0.355 0.352 0.348 0.346 0.343 0.341 0.334 0.321 0.319 0.316 0.316 0.313 0.307 0.306 0.305 0.302 0.297 0.295 0.291 0.289 0.282 0.281 0.28 0.279 0.276 0.273 0.272 0.268 0.267 0.263 0.263 0.261 0.252 0.254 0.252 0.252 0.25 0.249 0.247 0.244 0.247 0.241 0.242 0.241 0.241 0.241 0.232 0.232 0.231 0.231 0.231 0.229 0.229 0.225 0.225 0.222 0.222 0.222 0.222 0.22 0.22 0.215 0.215 0.215 0.215 0.214 0.213 0.212 0.211 0.211 0.21 0.209 0.206 0.206 0.206 0.208 0.208 0.208 0.204 0.199 0.199 0.202 0.202 0.202 0.202 0.2 0.2 0.2 0.2 0.2 0.199 0.199 0.197 0.194 0.194 0.196 0.194 0.195 0.195 0.195 0.194 0.194 0.194 0.194 0.194 0.192 0.192 0.192 0.191 0.191 0.184 0.184 0.182 0.182 0.18 0.182 0.18 0.18 0.18 0.18 0.179 0.18 0.179 0.179 0.179 0.179 0.179 0.176 0.175 0.175 0.176 0.176 0.176 0.176 0.174 0.172 0.172 0.174 0.174 0.174 0.178 0.174 0.176 0.176 0.17 0.169 0.169 0.169 0.173 0.173 0.177 0.173 0.171 0.171 0.171 0.171 0.172 0.172 0.172 0.171 0.17 0.17 0.17 0.17 0.169 0.169 0.17 0.172 0.17 0.172 0.173 0.172 0.17 0.17 0.17 0.17 0.173 0.173 0.174 0.173 0.171 0.171 0.171 0.171 0.172 0.176 0.176 0.176 0.177 0.177 0.175 0.174 0.174 0.174 0.174 0.176 0.176 0.175 0.175 0.175 0.174 0.175 0.174 0.174 0.171 0.174 0.174 0.177 0.177 0.177 0.176 0.176 0.176 0.176 0.176 0.178 0.176 0.176 0.181 0.182 0.181 0.182 0.181 0.182 0.181 0.181 0.181 0.181 0.181 0.181 0.183 0.184 0.186 0.186 0.186 0.19 0.19 0.188 0.188 0.188 0.185 0.185 0.188 0.189 0.189 0.189 0.189 0.188 0.188 0.188 0.192 0.192 0.192 0.192 0.192 0.192 0.192 0.192 0.192 0.193 0.193 0.194 0.195 0.197 0.203 0.203 0.203 0.203 0.208 0.208 0.209 0.208 0.209 0.211 0.214 0.214 0.216 0.216 0.217 0.22 0.217 0.219 0.22 0.222 0.221 0.222 0.223 0.223 0.223 0.223 0.223 0.234 0.23 0.235 0.235 0.235 0.235 0.236 0.239 0.24 0.242 0.244 0.246 0.247 0.251 0.253 0.259 0.259 0.259 0.259 0.259 0.259 0.267 0.275 0.277 0.278 0.277 0.28 0.281 0.28 0.28 0.284 0.285 0.291 0.294 0.298 0.3 0.308 0.308 0.308 0.308 0.313 0.314 0.315 0.323 0.323 0.333 0.334 0.334 0.339 0.339 0.342 0.344 0.354 0.355 0.355 0.358 0.369 0.369 0.379 0.384 0.384 0.393 0.398 0.401 0.408 0.409 0.412 0.425 0.425 0.428 0.445 0.451 0.463 0.463 0.468 0.468 0.477 0.481 0.496 0.501 0.505 0.516 0.521 0.535 0.541 0.558 0.562 0.567 0.586 0.597 0.601 0.624 0.644 0.657 0.661 0.683 0.694 0.717 0.727 0.736 0.77 0.779 0.798 0.815 0.839 0.874 0.91 0.952 0.984 1.024 1.058 1.097 1.15 1.203 1.251 1.309 1.375 1.492 0 0 0 0 0 0 2.237 2.233 2.229 2.228 2.226 2.224 2.224 2.224 2.226 2.228 2.228 2.228 2.228 2.226 2.224 2.226 2.225 2.226 2.227 2.227 2.227 2.227 2.232 2.232 2.241 2.369 2.369 2.241 1.719 1.657 1.657 1.657 5.17 0.007 0 0 0 0 0 0 0 0 0 0 0 0 0 0 0 0 0 0 0 0 0 0 0 0 3.607 3.607 3.607 3.617 3.647 3.648 3.662 3.662 3.669 3.684 3.685 3.685 3.684 2.589 2.589 2.589 2.597 2.642 2.642 2.607 2.607 2.616 2.616 2.632 2.647 2.647 2.647 2.647 2.683 2.696 2.696 2.696 
1 1 1 1 1 1 1 1 1 1 1 1 1 1 1 1 1 1 1 1 1 1 1 1 1 1 1 1 1 1 1 1 1 1 1 1 1 1 1 1 1 1 1 1 1 1 1 1 1 1 1 1 1 1 1 1 1 1 1 1 1 1 1 1 1 1 1 1 1 1 1 1 1 1 1 1 1 1 1 1 1 1 1 1 1 1 1 1 1 1 1 1 1 1 1 1 1 1 1 1 1 1 1 1 1 1 1 1 1 1 1 1 1 1 1 1 1 1 1 1 1 1 1 1 1 1 1 1 1 1 1 1 1 1 1 1 1 1 1 1 1 1 1 1 1 1 1 1 1 1 1 1 1 1 1 1 1 1 1 1 1 1 1 1 1 1 1 1 1 1 1 1 1 1 1 1 1 1 1 1 1 1 1 1 1 1 1 1 1 1 1 1 1 1 1 1 1 1 1 1 1 1 1 1 1 1 1 1 1 1 1 1 1 1 1 1 1 1 1 1 1 1 1 1 1 1 1 1 1 1 1 1 1 1 1 1 1 1 1 1 1 1 1 1 1 1 1 1 1 1 1 1 1 1 1 1 1 1 1 1 1 1 1 1 1 1 1 1 1 1 1 1 1 1 1 1 1 1 1 1 1 1 1 1 1 1 1 1 1 1 1 1 1 1 1 1 1 1 1 1 1 1 1 1 1 1 1 1 1 1 1 1 1 1 1 1 1 1 1 1 1 1 1 1 1 1 1 1 1 1 1 1 1 1 1 1 1 1 1 1 1 1 1 1 1 1 1 1 1 1 1 1 1 1 1 1 1 1 1 1 1 1 1 1 1 1 1 1 1 1 1 1 1 1 1 1 1 1 1 1 1 1 1 1 1 1 1 1 1 1 1 1 1 1 1 1 1 1 1 1 1 1 1 1 1 1 1 1 1 1 1 1 1 1 1 1 1 1 1 1 1 1 1 1 1 1 1 1 1 1 1 1 1 1 1 1 1 1 1 1 1 1 1 1 1 1 1 1 1 1 1 1 1 1 1 1 1 1 1 1 1 1 1 1 1 1 1 1 1 1 1 1 1 1 1 1 1 1 1 1 1 1 1 1 1 1 1 1 1 1 1 1 1 1 1 1 1 1 1 1 1 1 1 1 1 1 1 1 1 1 1 1 1 1 1 1 1 1 1 1 1 1 1 1 1 1 1 1 1 1 1 1 1 1 1 1 1 1 1 1 1 1 1 1 1 1 1 1 1 1 1 1 1 1 1 1 1 1 1 1 1 1 1 1 1 1 1 1 1 1 1 1 1 1 1 1 1 1 1 1 1 1 1 1 1 1 0 0 0 0 0 0 1 1 1 1 1 1 1 1 1 1 1 1 1 1 1 1 1 1 1 1 1 1 1 1 1 1 1 1 1 1 1 1 1 0 0 0 0 0 0 0 0 0 0 0 0 0 0 0 0 0 0 0 0 0 0 0 0 0 1 1 1 1 1 1 1 1 1 1 1 1 1 1 1 1 1 1 1 1 1 1 1 1 1 1 1 1 1 1 1 1 
