# This file contains a 2D laser scan observation. 
# Its format is: 
# [aperture] [max_range] [number_of_scans] 
# [vector_of_scans] 
# [vector_of_valid_scans] 
# The aperture of the sensor is in radians, the maximum range 
# and measurements are in meters. '1' means a valid scan, '0' otherwise.
4.1847
5.6
682
1.381 1.377 1.372 1.372 1.377 1.412 1.445 1.448 1.454 1.465 1.474 1.474 1.474 1.474 1.472 1.472 1.471 1.471 1.468 1.458 1.456 1.455 1.447 1.393 1.355 1.343 1.337 1.334 1.334 1.334 1.339 1.339 1.356 1.436 1.504 1.509 1.512 1.517 1.523 1.526 1.526 1.527 1.526 1.526 1.521 1.52 1.511 1.502 1.48 1.462 1.462 1.462 1.503 1.631 1.631 1.631 1.617 1.617 1.617 1.629 1.749 1.799 2.358 2.363 2.368 2.368 2.377 2.377 2.382 2.383 2.385 2.392 2.403 2.404 2.405 2.414 2.425 2.426 2.427 2.428 2.436 2.443 2.539 2.539 2.539 0.421 0.412 0.403 0.385 0.384 0.379 0.378 0.371 0.359 0.348 0.344 0.337 0.328 0.323 0.319 0.313 0.306 0.302 0.298 0.293 0.293 0.286 0.277 0.276 0.272 0.272 0.272 0.267 0.267 0.258 0.258 0.253 0.252 0.251 0.242 0.242 0.241 0.238 0.237 0.236 0.235 0.235 0.23 0.229 0.229 0.229 0.222 0.221 0.221 0.218 0.218 0.217 0.212 0.212 0.212 0.21 0.206 0.206 0.206 0.206 0.206 0.202 0.201 0.2 0.193 0.192 0.193 0.193 0.191 0.193 0.193 0.191 0.185 0.185 0.184 0.184 0.183 0.182 0.182 0.181 0.179 0.178 0.176 0.173 0.173 0.172 0.172 0.171 0.17 0.17 0.169 0.169 0.169 0.167 0.167 0.167 0.166 0.165 0.165 0.162 0.162 0.162 0.162 0.162 0.162 0.158 0.155 0.155 0.155 0.153 0.152 0.152 0.151 0.15 0.151 0.15 0.151 0.151 0.151 0.149 0.151 0.151 0.151 0.151 0.153 0.153 0.152 0.152 0.152 0.15 0.148 0.145 0.145 0.148 0.148 0.149 0.149 0.148 0.149 0.146 0.146 0.148 0.148 0.148 0.148 0.146 0.146 0.146 0.146 0.146 0.149 0.149 0.149 0.146 0.146 0.146 0.146 0.15 0.15 0.15 0.15 0.147 0.147 0.147 0.144 0.147 0.149 0.149 0.149 0.149 0.147 0.147 0.147 0.147 0.148 0.148 0.146 0.146 0.146 0.143 0.142 0.142 0.142 0.142 0.144 0.144 0.146 0.144 0.144 0.144 0.143 0.143 0.143 0.141 0.141 0.142 0.141 0.142 0.144 0.142 0.141 0.143 0.143 0.143 0.143 0.143 0.146 0.143 0.143 0.145 0.145 0.143 0.145 0.148 0.146 0.146 0.146 0.146 0.146 0.143 0.143 0.145 0.145 0.145 0.145 0.142 0.141 0.142 0.141 0.141 0.141 0.143 0.141 0.142 0.142 0.142 0.142 0.142 0.143 0.147 0.147 0.147 0.143 0.142 0.141 0.142 0.142 0.142 0.143 0.144 0.144 0.144 0.145 0.144 0.146 0.146 0.142 0.142 0.146 0.142 0.147 0.147 0.147 0.149 0.149 0.149 0.152 0.153 0.153 0.153 0.152 0.151 0.151 0.151 0.151 0.15 0.15 0.15 0.151 0.151 0.151 0.151 0.151 0.15 0.149 0.149 0.15 0.15 0.157 0.157 0.157 0.158 0.158 0.155 0.157 0.157 0.157 0.157 0.157 0.158 0.158 0.157 0.157 0.157 0.154 0.154 0.155 0.154 0.155 0.16 0.164 0.164 0.164 0.164 0.158 0.158 0.158 0.163 0.161 0.161 0.161 0.161 0.161 0.162 0.164 0.171 0.171 0.171 0.172 0.172 0.168 0.172 0.173 0.173 0.173 0.178 0.178 0.179 0.179 0.179 0.187 0.187 0.187 0.187 0.187 0.187 0.189 0.189 0.189 0.192 0.194 0.198 0.199 0.199 0.201 0.202 0.202 0.205 0.208 0.208 0.211 0.214 0.215 0.216 0.216 0.216 0.224 0.224 0.226 0.226 0.231 0.233 0.233 0.234 0.255 0.257 0.257 0.262 0.263 0.269 0.27 0.27 0.272 0.272 0.281 0.284 0.29 0.295 0.298 0.3 0.304 0.304 0.312 0.316 0.319 0.321 0.323 0.332 0.34 0.343 0.344 0.357 0.361 0.362 0.362 0.383 0.386 0.398 0.399 0.405 0.422 0.423 0.428 0.433 0.455 0.459 0.47 0.478 0.496 0.5 0.519 0.528 0.546 0.555 0.57 0.581 0.606 0.621 0.632 0.646 0.668 0.694 0.714 0.727 0.756 0.802 0.843 0.893 0.937 0.983 1.033 1.088 1.152 1.211 1.294 0 0 0 0 0 0 2.156 2.151 2.148 2.148 2.148 2.151 2.151 2.152 2.152 2.152 2.15 2.15 2.15 2.149 2.149 2.149 2.153 2.153 2.153 2.154 2.156 2.161 2.162 2.165 2.262 2.262 2.262 2.165 2.165 2.165 2.148 1.71 0 0 0 0 0 0 0 0 0 0 0 0 0 0 0 0 0 0 0 0 0 0 0 0 0 3.553 3.553 3.553 3.557 3.557 3.586 3.589 3.594 3.617 3.621 3.625 3.632 3.643 3.643 3.643 2.551 2.551 2.551 2.565 2.565 2.565 2.555 2.555 2.555 2.574 2.59 2.613 2.613 2.616 2.616 2.622 2.643 2.654 2.654 2.654 2.641 2.641 2.641 2.636 0 0.007 0 0 0 0 0 0 0 0 0 0 0 0 0 0 0.007 0 0 0 2.616 2.614 2.614 2.614 2.634 2.646 2.646 2.669 2.675 2.679 2.713 0 0 0 0 0 0 0 0 0 0 0 2.772 2.752 2.752 2.752 0 0 0 0 
1 1 1 1 1 1 1 1 1 1 1 1 1 1 1 1 1 1 1 1 1 1 1 1 1 1 1 1 1 1 1 1 1 1 1 1 1 1 1 1 1 1 1 1 1 1 1 1 1 1 1 1 1 1 1 1 1 1 1 1 1 1 1 1 1 1 1 1 1 1 1 1 1 1 1 1 1 1 1 1 1 1 1 1 1 1 1 1 1 1 1 1 1 1 1 1 1 1 1 1 1 1 1 1 1 1 1 1 1 1 1 1 1 1 1 1 1 1 1 1 1 1 1 1 1 1 1 1 1 1 1 1 1 1 1 1 1 1 1 1 1 1 1 1 1 1 1 1 1 1 1 1 1 1 1 1 1 1 1 1 1 1 1 1 1 1 1 1 1 1 1 1 1 1 1 1 1 1 1 1 1 1 1 1 1 1 1 1 1 1 1 1 1 1 1 1 1 1 1 1 1 1 1 1 1 1 1 1 1 1 1 1 1 1 1 1 1 1 1 1 1 1 1 1 1 1 1 1 1 1 1 1 1 1 1 1 1 1 1 1 1 1 1 1 1 1 1 1 1 1 1 1 1 1 1 1 1 1 1 1 1 1 1 1 1 1 1 1 1 1 1 1 1 1 1 1 1 1 1 1 1 1 1 1 1 1 1 1 1 1 1 1 1 1 1 1 1 1 1 1 1 1 1 1 1 1 1 1 1 1 1 1 1 1 1 1 1 1 1 1 1 1 1 1 1 1 1 1 1 1 1 1 1 1 1 1 1 1 1 1 1 1 1 1 1 1 1 1 1 1 1 1 1 1 1 1 1 1 1 1 1 1 1 1 1 1 1 1 1 1 1 1 1 1 1 1 1 1 1 1 1 1 1 1 1 1 1 1 1 1 1 1 1 1 1 1 1 1 1 1 1 1 1 1 1 1 1 1 1 1 1 1 1 1 1 1 1 1 1 1 1 1 1 1 1 1 1 1 1 1 1 1 1 1 1 1 1 1 1 1 1 1 1 1 1 1 1 1 1 1 1 1 1 1 1 1 1 1 1 1 1 1 1 1 1 1 1 1 1 1 1 1 1 1 1 1 1 1 1 1 1 1 1 1 1 1 1 1 1 1 1 1 1 1 1 1 1 1 1 1 1 1 1 1 1 1 1 1 1 1 1 1 1 1 1 1 1 1 1 1 1 1 1 1 1 1 1 1 1 1 0 0 0 0 0 0 1 1 1 1 1 1 1 1 1 1 1 1 1 1 1 1 1 1 1 1 1 1 1 1 1 1 1 1 1 1 1 1 0 0 0 0 0 0 0 0 0 0 0 0 0 0 0 0 0 0 0 0 0 0 0 0 0 1 1 1 1 1 1 1 1 1 1 1 1 1 1 1 1 1 1 1 1 1 1 1 1 1 1 1 1 1 1 1 1 1 1 1 1 1 1 1 0 0 0 0 0 0 0 0 0 0 0 0 0 0 0 0 0 0 0 0 1 1 1 1 1 1 1 1 1 1 1 0 0 0 0 0 0 0 0 0 0 0 1 1 1 1 0 0 0 0 
