# This file contains a 2D laser scan observation. 
# Its format is: 
# [aperture] [max_range] [number_of_scans] 
# [vector_of_scans] 
# [vector_of_valid_scans] 
# The aperture of the sensor is in radians, the maximum range 
# and measurements are in meters. '1' means a valid scan, '0' otherwise.
4.1847
5.6
682
0.247 0.248 0.247 0.247 0.254 0.254 0.247 0.246 0.246 0.241 0.241 0.241 0.241 0.234 0.234 0.239 0.235 0.239 0.239 0.238 0.238 0.238 0.238 0.238 0.235 0.233 0.233 0.232 0.231 0.229 0.229 0.229 0.229 0.229 0.229 0.227 0.226 0.225 0.225 0.225 0.227 0.227 0.227 0.227 0.227 0.227 0.225 0.225 0.225 0.228 0.228 0.229 0.229 0.229 0.229 0.229 0.224 0.224 0.226 0.227 0.227 0.227 0.228 0.229 0.229 0.229 0.231 0.232 0.232 0.232 0.231 0.227 0.227 0.227 0.229 0.229 0.231 0.229 0.224 0.224 0.226 0.226 0.227 0.23 0.23 0.23 0.23 0.227 0.227 0.228 0.228 0.228 0.232 0.229 0.231 0.231 0.231 0.231 0.231 0.231 0.231 0.232 0.232 0.234 0.235 0.237 0.235 0.235 0.235 0.231 0.231 0.233 0.233 0.233 0.237 0.237 0.237 0.238 0.238 0.238 0.238 0.242 0.242 0.244 0.246 0.246 0.246 0.246 0.246 0.242 0.242 0.242 0.245 0.242 0.245 0.251 0.251 0.251 0.252 0.255 0.255 0.255 0.255 0.258 0.258 0.258 0.258 0.258 0.258 0.261 0.261 0.261 0.261 0.264 0.264 0.267 0.267 0.267 0.269 0.273 0.273 0.273 0.274 0.274 0.276 0.278 0.281 0.283 0.284 0.286 0.29 0.293 0.299 0.299 0.299 0.301 0.299 0.301 0.302 0.303 0.306 0.311 0.312 0.319 0.319 0.32 0.321 0.321 0.322 0.329 0.332 0.332 0.332 0.332 0.336 0.336 0.336 0.337 0.34 0.347 0.347 0.351 0.352 0.357 0.359 0.36 0.366 0.374 0.374 0.375 0.379 0.381 0.382 0.389 0.394 0.398 0.401 0.401 0.405 0.406 0.408 0.416 0.418 0.43 0.431 0.435 0.435 0.438 0.438 0.451 0.454 0.456 0.462 0.462 0.462 0.475 0.479 0.48 0.487 0.489 0.497 0.501 0.509 0.512 0.514 0.527 0.539 0.547 0.552 0.557 0.558 0.58 0.58 0.582 0.594 0.595 0.623 0.624 0.632 0.641 0.657 0.66 0.67 0.681 0.69 0.704 0.716 0.723 0.737 0.763 0.768 0.773 0.79 0.809 0.828 0.839 0.853 0.872 0.881 0.907 0.919 0.942 0.968 0.983 1.007 1.848 0.007 0.006 0.007 0.008 0 0.007 0 1.829 1.829 1.829 1.829 0 0 0 0 1.827 1.82 1.82 1.816 1.811 1.81 1.811 1.811 1.811 1.811 1.815 1.815 1.815 1.815 1.813 1.808 1.803 1.808 1.805 1.805 1.805 1.805 1.805 1.805 1.807 1.811 1.811 1.809 1.809 1.813 1.916 1.916 1.916 1.815 1.331 1.268 1.231 1.223 1.223 1.231 4.723 4.746 0 0 0 0 0 0 0 0 0 0 0 0 0 0 0.006 0 0.006 0.006 0 0 0.006 0 0 0.006 0 0 0 0 0 0.007 3.21 3.21 3.225 3.225 3.236 3.242 3.242 3.248 3.262 3.266 3.28 3.282 3.284 3.298 3.298 3.298 2.158 2.158 2.158 2.172 2.184 2.185 2.208 2.213 2.22 2.22 2.213 2.22 2.22 2.235 2.237 2.246 2.26 2.27 2.279 2.279 2.279 2.283 2.302 2.302 2.302 2.299 2.299 2.299 0.008 0.008 0.008 0 0 0 0 0 0.007 0 0 0 0 0 0 0 0 0 0 0 0.007 0 0 0 0 2.284 2.272 2.266 2.266 2.243 2.192 2.192 2.192 2.301 2.352 2.367 2.395 2.403 2.429 2.457 2.477 2.477 2.481 2.496 0 0 0 0 0 0 0 0 2.442 2.442 2.442 2.41 5.122 0.007 0 0 0 0 0 0 0 0 0 0 0 0 0.007 0 0 0 0 0 0 0 0 0 0 0 2.149 2.139 2.138 2.125 2.123 2.123 2.123 0 0 0 0 0.007 0 0 0 0 0 2.041 2.03 2.024 2.02 2.017 2.016 2.01 1.999 1.998 1.989 1.989 1.989 0 0 0 0 0 0 0 0 0 0 0 0 0 0 0 0 0 0 0 0 0 0 0 0 0 0 0 0.008 0.008 0 1.891 1.885 1.881 1.88 1.877 1.877 1.877 1.877 1.873 1.873 1.876 1.872 1.867 1.876 1.878 0 0 0 0 0.007 0 1.87 1.87 1.866 1.866 1.87 1.866 0.008 0.007 1.153 0.788 0.776 0.772 0.769 0.768 0.769 0.772 1.862 1.87 1.872 1.872 1.872 1.872 1.873 1.873 1.874 1.874 1.873 1.877 1.882 1.884 1.886 0 0 0 0 0 1.906 1.905 1.895 1.905 1.906 0 0 0 0 0 0 1.93 1.93 1.93 1.93 1.936 1.946 1.947 1.948 1.956 1.957 1.957 1.969 0 0 0 0 0 0 0 0 0 0 0 0 0 0 0 0 2.066 2.066 2.066 0 0 0 0 0 0 0 0 0 0 0 0 0 0 0 2.197 2.197 2.197 2.207 0 0 0 0 2.264 2.264 
1 1 1 1 1 1 1 1 1 1 1 1 1 1 1 1 1 1 1 1 1 1 1 1 1 1 1 1 1 1 1 1 1 1 1 1 1 1 1 1 1 1 1 1 1 1 1 1 1 1 1 1 1 1 1 1 1 1 1 1 1 1 1 1 1 1 1 1 1 1 1 1 1 1 1 1 1 1 1 1 1 1 1 1 1 1 1 1 1 1 1 1 1 1 1 1 1 1 1 1 1 1 1 1 1 1 1 1 1 1 1 1 1 1 1 1 1 1 1 1 1 1 1 1 1 1 1 1 1 1 1 1 1 1 1 1 1 1 1 1 1 1 1 1 1 1 1 1 1 1 1 1 1 1 1 1 1 1 1 1 1 1 1 1 1 1 1 1 1 1 1 1 1 1 1 1 1 1 1 1 1 1 1 1 1 1 1 1 1 1 1 1 1 1 1 1 1 1 1 1 1 1 1 1 1 1 1 1 1 1 1 1 1 1 1 1 1 1 1 1 1 1 1 1 1 1 1 1 1 1 1 1 1 1 1 1 1 1 1 1 1 1 1 1 1 1 1 1 1 1 1 1 1 1 1 1 1 1 1 1 1 1 1 1 1 1 1 1 1 1 1 1 1 1 1 1 1 1 1 1 1 1 1 1 1 1 0 0 0 0 0 0 0 1 1 1 1 0 0 0 0 1 1 1 1 1 1 1 1 1 1 1 1 1 1 1 1 1 1 1 1 1 1 1 1 1 1 1 1 1 1 1 1 1 1 1 1 1 1 1 1 1 1 0 0 0 0 0 0 0 0 0 0 0 0 0 0 0 0 0 0 0 0 0 0 0 0 0 0 0 0 0 0 1 1 1 1 1 1 1 1 1 1 1 1 1 1 1 1 1 1 1 1 1 1 1 1 1 1 1 1 1 1 1 1 1 1 1 1 1 1 1 1 1 1 1 1 0 0 0 0 0 0 0 0 0 0 0 0 0 0 0 0 0 0 0 0 0 0 0 0 0 1 1 1 1 1 1 1 1 1 1 1 1 1 1 1 1 1 1 1 0 0 0 0 0 0 0 0 1 1 1 1 1 0 0 0 0 0 0 0 0 0 0 0 0 0 0 0 0 0 0 0 0 0 0 0 0 0 1 1 1 1 1 1 1 0 0 0 0 0 0 0 0 0 0 1 1 1 1 1 1 1 1 1 1 1 1 0 0 0 0 0 0 0 0 0 0 0 0 0 0 0 0 0 0 0 0 0 0 0 0 0 0 0 0 0 0 1 1 1 1 1 1 1 1 1 1 1 1 1 1 1 0 0 0 0 0 0 1 1 1 1 1 1 0 0 1 1 1 1 1 1 1 1 1 1 1 1 1 1 1 1 1 1 1 1 1 1 1 0 0 0 0 0 1 1 1 1 1 0 0 0 0 0 0 1 1 1 1 1 1 1 1 1 1 1 1 0 0 0 0 0 0 0 0 0 0 0 0 0 0 0 0 1 1 1 0 0 0 0 0 0 0 0 0 0 0 0 0 0 0 1 1 1 1 0 0 0 0 1 1 
