# This file contains a 2D laser scan observation. 
# Its format is: 
# [aperture] [max_range] [number_of_scans] 
# [vector_of_scans] 
# [vector_of_valid_scans] 
# The aperture of the sensor is in radians, the maximum range 
# and measurements are in meters. '1' means a valid scan, '0' otherwise.
4.1847
5.6
682
0.45 0.45 0.45 0.45 0.452 0.45 0.442 0.443 0.443 0.443 0.449 0.449 0.449 0.449 0.448 0.448 0.448 0.448 0.447 0.447 0.447 0.44 0.441 0.45 0.449 0.442 0.442 0.445 0.443 0.442 0.443 0.445 0.446 0.446 0.446 0.446 0.452 0.452 0.455 0.455 0.455 0.455 0.456 0.453 0.453 0.453 0.453 0.453 0.453 0.461 0.461 0.463 0.459 0.459 0.459 0.461 0.459 0.461 0.466 0.47 0.47 0.471 0.472 0.472 0.472 0.474 0.472 0.474 0.474 0.474 0.474 0.477 0.482 0.482 0.482 0.485 0.485 0.485 0.487 0.487 0.489 0.499 0.5 0.502 0.502 0.502 0.502 0.502 0.503 0.503 0.504 0.504 0.506 0.506 0.509 0.512 0.512 0.513 0.513 0.527 0.525 0.53 0.53 0.532 0.532 0.539 0.54 0.542 0.545 0.548 0.548 0.55 0.55 0.55 0.556 0.557 0.56 0.561 0.566 0.567 0.568 0.569 0.569 0.578 0.581 0.586 0.587 0.589 0.595 0.596 0.599 0.6 0.601 0.61 0.614 0.618 0.618 0.622 0.626 0.635 0.637 0.637 0.64 0.644 0.651 0.651 0.656 0.667 0.672 0.673 0.677 0.681 0.683 0.692 0.697 0.702 0.709 0.709 0.713 0.716 0.727 0.73 0.731 0.738 0.741 0.745 0.766 0.768 0.774 0.776 0.787 0.788 0.793 0.801 0.83 1.655 1.698 1.698 1.698 1.682 1.68 1.677 1.675 1.662 1.654 1.647 1.647 1.654 0 0 0 0 0 0 0.007 0 0 0 1.581 1.581 1.58 1.574 1.57 1.563 1.563 1.558 1.555 1.555 1.55 1.548 1.545 1.537 1.537 1.545 0 0 0 0 1.514 1.513 1.508 1.508 1.505 1.503 1.503 1.496 1.493 1.493 1.493 1.49 1.487 1.483 1.481 1.48 1.478 1.477 1.477 1.473 1.473 1.472 1.471 1.466 1.465 1.465 1.463 1.457 1.456 1.457 1.45 1.449 0.886 0.882 0.882 0.885 0.885 0.885 0.887 0.912 0.985 1.44 1.44 1.44 1.44 1.44 1.446 2.694 2.694 2.694 2.694 2.694 2.748 2.771 2.866 4.389 4.389 4.391 4.39 4.389 4.387 4.39 4.39 4.399 4.404 0 0 0 0 0 0 0 0 0 0 0 0 0 0.006 0.006 0.006 0.006 0.006 0.006 0.006 0 0 0 0 0 0 0 0 0 0 0.007 2.818 2.818 2.834 2.824 2.834 2.843 2.843 2.852 2.858 2.858 2.871 2.872 2.876 2.879 2.879 2.876 1.773 1.738 1.734 1.734 1.738 1.739 1.745 1.76 1.763 1.791 1.807 1.809 1.807 1.809 1.81 1.814 1.818 1.821 1.835 1.843 1.843 1.843 1.846 1.846 1.85 1.85 1.865 1.873 1.895 1.896 1.896 1.896 1.885 1.859 1.841 1.841 1.827 1.571 1.571 0 0 0 0 0 0 0 0 0 0 0 0 0 0 0 0 0 0 0 0 0 1.475 1.475 1.46 1.448 1.448 0 1.65 1.886 1.91 1.91 1.91 1.93 1.934 1.965 1.972 1.989 1.997 2.019 2.029 2.045 2.069 2.075 2.084 2.103 2.103 2.113 2.103 2.061 2.061 2.018 2.018 0.007 2.068 2.065 2.068 2.065 2.065 2.055 2.053 2.044 2.044 2.044 2.044 0 0 0 0 0 0 0 0 0 0 0 0 0 0 0 0 0 0 0 0 0 0 0 0 0 0 1.633 1.633 1.633 0 0 0 0 0 0 0 0 0 0 0 0 1.767 1.766 1.764 1.755 1.753 1.753 1.751 1.751 1.753 0 0 0 0 0 1.725 1.719 1.719 1.716 1.712 1.707 1.707 1.702 1.702 1.7 1.698 1.694 1.69 1.688 1.688 1.687 1.687 1.687 1.687 1.687 0.73 0.726 0.717 0.726 0.73 0 0 0 0 1.152 1.152 1.124 1.152 0.007 0.015 0.007 0 0 0 0 1.673 1.669 1.667 1.669 1.673 0 0 0 0 0 0 0 0 0 0 0 0 0 0 0 0.006 0.006 0 0 0.007 0 1.691 1.691 1.691 1.691 1.694 1.696 0 0 0 0 0 1.703 1.703 1.703 0 0 0 0 0 0 0 1.741 1.737 1.737 1.738 1.741 1.741 1.742 1.745 1.752 1.752 1.762 1.765 1.767 1.774 0 0 0 0.007 0 0 0 0 0 0 0 1.839 1.839 1.839 1.846 1.85 1.854 1.857 1.86 1.87 1.876 1.885 1.887 1.898 1.903 1.907 0 0 0 0 0 0 0 0 0 0 0 0 0 0 0 0 0 0 0 0 0 0 0 0 0 0 0 0 0 0 0 0 0.007 2.244 2.244 0 0 0 0 0 0 0 0 0.007 0 4.395 2.437 2.437 2.437 2.444 2.482 2.482 0 0 0 0.007 0 0 0 5.574 5.574 5.574 0 0 0 0 0 
1 1 1 1 1 1 1 1 1 1 1 1 1 1 1 1 1 1 1 1 1 1 1 1 1 1 1 1 1 1 1 1 1 1 1 1 1 1 1 1 1 1 1 1 1 1 1 1 1 1 1 1 1 1 1 1 1 1 1 1 1 1 1 1 1 1 1 1 1 1 1 1 1 1 1 1 1 1 1 1 1 1 1 1 1 1 1 1 1 1 1 1 1 1 1 1 1 1 1 1 1 1 1 1 1 1 1 1 1 1 1 1 1 1 1 1 1 1 1 1 1 1 1 1 1 1 1 1 1 1 1 1 1 1 1 1 1 1 1 1 1 1 1 1 1 1 1 1 1 1 1 1 1 1 1 1 1 1 1 1 1 1 1 1 1 1 1 1 1 1 1 1 1 1 1 1 1 1 1 1 1 1 1 1 1 1 1 1 0 0 0 0 0 0 0 0 0 0 1 1 1 1 1 1 1 1 1 1 1 1 1 1 1 1 0 0 0 0 1 1 1 1 1 1 1 1 1 1 1 1 1 1 1 1 1 1 1 1 1 1 1 1 1 1 1 1 1 1 1 1 1 1 1 1 1 1 1 1 1 1 1 1 1 1 1 1 1 1 1 1 1 1 1 1 1 1 1 1 1 1 1 1 1 0 0 0 0 0 0 0 0 0 0 0 0 0 0 0 0 0 0 0 0 0 0 0 0 0 0 0 0 0 0 0 1 1 1 1 1 1 1 1 1 1 1 1 1 1 1 1 1 1 1 1 1 1 1 1 1 1 1 1 1 1 1 1 1 1 1 1 1 1 1 1 1 1 1 1 1 1 1 1 1 1 1 1 1 1 1 0 0 0 0 0 0 0 0 0 0 0 0 0 0 0 0 0 0 0 0 0 1 1 1 1 1 0 1 1 1 1 1 1 1 1 1 1 1 1 1 1 1 1 1 1 1 1 1 1 1 1 1 0 1 1 1 1 1 1 1 1 1 1 1 0 0 0 0 0 0 0 0 0 0 0 0 0 0 0 0 0 0 0 0 0 0 0 0 0 0 1 1 1 0 0 0 0 0 0 0 0 0 0 0 0 1 1 1 1 1 1 1 1 1 0 0 0 0 0 1 1 1 1 1 1 1 1 1 1 1 1 1 1 1 1 1 1 1 1 1 1 1 1 1 0 0 0 0 1 1 1 1 0 0 0 0 0 0 0 1 1 1 1 1 0 0 0 0 0 0 0 0 0 0 0 0 0 0 0 0 0 0 0 0 0 1 1 1 1 1 1 0 0 0 0 0 1 1 1 0 0 0 0 0 0 0 1 1 1 1 1 1 1 1 1 1 1 1 1 1 0 0 0 0 0 0 0 0 0 0 0 1 1 1 1 1 1 1 1 1 1 1 1 1 1 1 0 0 0 0 0 0 0 0 0 0 0 0 0 0 0 0 0 0 0 0 0 0 0 0 0 0 0 0 0 0 0 0 0 1 1 0 0 0 0 0 0 0 0 0 0 1 1 1 1 1 1 1 0 0 0 0 0 0 0 1 1 1 0 0 0 0 0 
