# This file contains a 2D laser scan observation. 
# Its format is: 
# [aperture] [max_range] [number_of_scans] 
# [vector_of_scans] 
# [vector_of_valid_scans] 
# The aperture of the sensor is in radians, the maximum range 
# and measurements are in meters. '1' means a valid scan, '0' otherwise.
4.1847
5.6
682
0.543 0.545 0.546 0.546 0.548 0.548 0.546 0.542 0.542 0.542 0.543 0.544 0.546 0.548 0.548 0.548 0.549 0.549 0.545 0.545 0.543 0.542 0.542 0.54 0.542 0.546 0.546 0.547 0.547 0.547 0.547 0.549 0.547 0.548 0.551 0.551 0.548 0.548 0.547 0.547 0.547 0.547 0.55 0.551 0.551 0.551 0.551 0.551 0.553 0.553 0.554 0.559 0.559 0.559 0.559 0.559 0.556 0.558 0.558 0.559 0.559 0.563 0.563 0.57 0.57 0.563 0.57 0.563 0.563 0.571 0.572 0.572 0.578 0.573 0.575 0.578 0.575 0.575 0.58 0.581 0.583 0.583 0.583 0.589 0.593 0.594 0.596 0.596 0.596 0.596 0.596 0.596 0.598 0.599 0.6 0.61 0.612 0.611 0.612 0.615 0.621 0.622 0.622 0.622 0.625 0.628 0.628 0.63 0.633 0.638 0.64 0.641 0.646 0.646 0.65 0.65 0.65 0.656 0.656 0.656 0.656 0.66 0.664 0.665 0.674 0.674 0.679 0.688 0.692 0.692 0.693 0.695 0.699 0.706 0.715 0.717 0.725 0 0 0 0 0 0 0 1.763 1.755 1.739 1.73 1.717 1.712 1.698 1.698 1.698 0 0 0 0 0 0 0.007 0 0 0 0 0 0.861 0.835 0.835 0.861 0 0 0 0 1.509 1.499 1.482 1.478 1.477 1.463 1.463 1.457 1.45 1.437 1.431 1.431 1.429 1.416 1.416 1.406 1.404 1.4 1.395 1.39 1.387 1.376 1.373 1.37 1.37 1.356 1.356 1.356 1.361 0 0 0 0 0 0 1.332 1.324 1.319 1.319 1.316 1.314 1.311 1.301 1.297 1.293 1.293 1.293 1.288 1.286 1.283 1.273 1.271 1.268 1.267 1.151 0.679 0.679 0.679 0.682 0.682 0.682 0.675 0.673 0.673 0.675 0.678 0.686 0.706 0.719 0.739 0.767 0.779 0.839 0.861 0.879 0.879 0.895 0.918 0.92 0.958 0.993 1.02 1.128 1.21 1.215 1.217 1.224 0 0 0 2.476 2.475 2.474 2.474 2.472 2.472 2.472 2.481 2.511 2.518 2.548 2.574 3.109 0.015 0.007 4.152 4.152 4.152 4.152 4.152 4.151 4.151 4.152 4.151 4.15 4.151 4.152 4.212 0 0 0 0 0 0 0 0 0 0 0 0 0 0.006 0.006 0.006 0.006 0.006 0.006 0.006 0 0 0 0 0 0 0 0.006 0.006 0.015 0.007 2.573 2.572 2.573 2.573 2.585 2.587 2.595 2.599 2.602 2.616 2.619 2.62 2.627 2.638 2.641 2.641 2.641 1.518 1.488 1.483 1.482 1.477 1.477 1.477 1.481 1.493 1.511 1.519 1.524 1.538 1.539 1.546 1.546 1.551 1.559 1.562 1.564 1.577 1.58 1.591 1.591 1.591 1.592 1.593 1.593 1.596 1.602 1.605 1.609 1.635 1.635 1.635 1.635 1.633 1.626 1.61 1.597 1.586 1.559 1.559 1.554 1.324 1.324 0 0 0 0 0 0 0 1.255 1.252 1.252 1.252 1.255 0.007 0 0 0 0 0 0 0 0 0 0 0 0.007 1.239 1.235 1.239 1.239 1.239 1.232 1.232 1.232 1.232 1.692 1.707 1.722 1.722 1.722 1.747 1.764 1.766 1.79 1.797 1.819 1.833 1.842 1.875 1.888 1.9 1.9 1.905 1.909 1.9 1.866 1.808 1.808 1.808 1.853 1.853 1.86 1.873 1.863 1.86 1.863 1.863 1.844 1.842 1.828 1.826 1.823 1.81 1.803 1.797 1.792 1.722 1.715 1.657 1.329 1.329 1.319 1.319 0.007 0 0 0 0 0 0 0 0 0 0 0 0 0 0 0 0 0 0 0 0 0 1.465 1.465 1.465 1.638 1.638 1.638 1.638 1.634 1.63 1.63 1.643 0 0 0 0.007 0.008 0.008 0.008 1.064 1.064 1.064 1.101 1.595 1.595 1.598 1.598 1.595 1.587 1.519 1.519 1.519 1.577 1.577 1.577 1.58 1.58 1.58 1.58 1.58 1.581 1.581 1.581 1.579 1.579 1.574 1.575 1.575 1.575 1.572 1.572 1.572 1.572 1.572 1.575 1.575 1.575 1.574 1.575 1.575 1.575 1.575 1.58 1.577 1.579 1.58 1.581 1.594 1.594 1.594 0 0 0 0 0 0 0 1.05 0 0.007 0 0 0 0 0 0 0.008 0 0 0 0 0 0 0 0 0 0.007 0 1.643 1.643 1.643 1.643 0.008 0.008 0.008 0.007 0 0 0 0 0 0 0.007 0 0 0 0 0 1.714 1.714 1.714 1.72 1.72 1.73 0 0 0 0 0 0 0 0 1.79 1.79 1.79 1.793 1.803 1.807 1.812 1.818 1.824 0 0 0 0 0 1.883 1.883 1.883 1.899 0 0 0 0 0 0 0 0 1.996 1.996 1.996 2.004 2.014 2.021 2.031 2.052 0 0 0 0 0 0 0.007 0 0 0 0 0 0 0 0 0 0 0 0 0.007 0 2.342 2.366 2.366 2.366 0 0 0 
1 1 1 1 1 1 1 1 1 1 1 1 1 1 1 1 1 1 1 1 1 1 1 1 1 1 1 1 1 1 1 1 1 1 1 1 1 1 1 1 1 1 1 1 1 1 1 1 1 1 1 1 1 1 1 1 1 1 1 1 1 1 1 1 1 1 1 1 1 1 1 1 1 1 1 1 1 1 1 1 1 1 1 1 1 1 1 1 1 1 1 1 1 1 1 1 1 1 1 1 1 1 1 1 1 1 1 1 1 1 1 1 1 1 1 1 1 1 1 1 1 1 1 1 1 1 1 1 1 1 1 1 1 1 1 1 1 0 0 0 0 0 0 0 1 1 1 1 1 1 1 1 1 0 0 0 0 0 0 0 0 0 0 0 0 1 1 1 1 0 0 0 0 1 1 1 1 1 1 1 1 1 1 1 1 1 1 1 1 1 1 1 1 1 1 1 1 1 1 1 1 1 0 0 0 0 0 0 1 1 1 1 1 1 1 1 1 1 1 1 1 1 1 1 1 1 1 1 1 1 1 1 1 1 1 1 1 1 1 1 1 1 1 1 1 1 1 1 1 1 1 1 1 1 1 1 1 1 1 1 0 0 0 1 1 1 1 1 1 1 1 1 1 1 1 1 0 0 1 1 1 1 1 1 1 1 1 1 1 1 1 0 0 0 0 0 0 0 0 0 0 0 0 0 0 0 0 0 0 0 0 0 0 0 0 0 0 0 0 0 0 0 1 1 1 1 1 1 1 1 1 1 1 1 1 1 1 1 1 1 1 1 1 1 1 1 1 1 1 1 1 1 1 1 1 1 1 1 1 1 1 1 1 1 1 1 1 1 1 1 1 1 1 1 1 1 1 1 1 1 1 1 1 1 1 0 0 0 0 0 0 0 1 1 1 1 1 0 0 0 0 0 0 0 0 0 0 0 0 0 1 1 1 1 1 1 1 1 1 1 1 1 1 1 1 1 1 1 1 1 1 1 1 1 1 1 1 1 1 1 1 1 1 1 1 1 1 1 1 1 1 1 1 1 1 1 1 1 1 1 1 1 1 1 1 1 1 0 0 0 0 0 0 0 0 0 0 0 0 0 0 0 0 0 0 0 0 0 0 1 1 1 1 1 1 1 1 1 1 1 0 0 0 0 0 0 0 1 1 1 1 1 1 1 1 1 1 1 1 1 1 1 1 1 1 1 1 1 1 1 1 1 1 1 1 1 1 1 1 1 1 1 1 1 1 1 1 1 1 1 1 1 1 1 1 1 1 1 0 0 0 0 0 0 0 1 0 0 0 0 0 0 0 0 0 0 0 0 0 0 0 0 0 0 0 0 1 1 1 1 0 0 0 0 0 0 0 0 0 0 0 0 0 0 0 0 1 1 1 1 1 1 0 0 0 0 0 0 0 0 1 1 1 1 1 1 1 1 1 0 0 0 0 0 1 1 1 1 0 0 0 0 0 0 0 0 1 1 1 1 1 1 1 1 0 0 0 0 0 0 0 0 0 0 0 0 0 0 0 0 0 0 0 0 0 1 1 1 1 0 0 0 
