# This file contains a 2D laser scan observation. 
# Its format is: 
# [aperture] [max_range] [number_of_scans] 
# [vector_of_scans] 
# [vector_of_valid_scans] 
# The aperture of the sensor is in radians, the maximum range 
# and measurements are in meters. '1' means a valid scan, '0' otherwise.
4.1847
5.6
682
0.565 0.565 0.565 0.56 0.56 0.56 0.56 0.56 0.56 0.56 0.558 0.558 0.558 0.555 0.555 0.555 0.555 0.552 0.561 0.561 0.556 0.554 0.555 0.555 0.556 0.556 0.556 0.558 0.558 0.561 0.561 0.561 0.56 0.555 0.555 0.555 0.555 0.559 0.559 0.559 0.562 0.562 0.562 0.563 0.563 0.563 0.563 0.567 0.567 0.567 0.569 0.571 0.569 0.569 0.568 0.566 0.566 0.565 0.566 0.576 0.576 0.569 0.571 0.571 0.571 0.574 0.574 0.574 0.574 0.587 0.587 0.587 0.587 0.587 0.587 0.586 0.586 0.587 0.587 0.592 0.592 0.592 0.593 0.594 0.594 0.597 0.598 0.6 0.601 0.608 0.612 0.612 0.612 0.613 0.613 0.614 0.618 0.618 0.618 0.618 0.618 0.618 0.626 0.627 0.634 0.635 0.635 0.635 0.635 0.64 0.641 0.645 0.649 0.65 0.654 0.657 0.659 0.663 0.667 0.668 0.671 0.679 0.679 0.681 0.681 0.684 0.686 0.69 0.693 0.695 0.702 0.707 0 0 0 0 0 0 0 0 0 0 0 0 1.748 1.731 1.718 1.712 1.698 1.69 1.681 1.681 1.681 0 0 0 0 0 0 0 0 0 0.845 0.845 0.845 0 0 0 0 0 1.501 1.484 1.482 1.479 1.477 1.465 1.463 1.452 1.447 1.444 1.434 1.424 1.423 1.396 1.393 1.393 1.393 1.393 1.383 1.381 1.375 1.359 1.358 1.358 1.353 1.349 1.344 1.338 1.327 1.327 1.327 0 0 0 0 0 0 0 1.298 1.289 1.287 1.284 1.282 1.278 1.278 1.277 1.272 1.27 1.261 1.259 1.257 1.252 1.241 1.237 1.208 0.654 0.649 0.649 0.651 0.647 0.651 0.651 0.647 0.646 0.647 0.647 0.648 0.661 0.677 0.694 0.695 0.714 0.736 0.742 0.811 0.842 0.842 0.842 0.848 0.865 0.894 0.907 0.937 0.956 0.968 1.012 1.145 1.177 1.18 1.18 1.182 0 0 0 2.444 2.443 2.443 2.442 2.442 2.442 2.444 2.444 2.463 2.486 2.522 2.522 2.544 3.028 0.015 0.007 4.117 4.117 4.117 4.116 4.115 4.115 4.114 4.109 4.107 4.107 4.107 4.112 0.006 0.006 0.006 0.006 0.006 0.006 0.006 0.006 0.006 0.006 0.006 0.006 0.006 0.006 0.006 0.006 0.006 0.006 0.006 0.006 0.006 0.006 0.006 0 0 0 0 0 0 0 0 0.007 0.01 0.007 0.01 0.007 2.554 2.554 2.563 2.563 2.564 2.564 2.569 2.581 2.583 2.588 2.597 2.598 2.598 2.598 2.601 1.473 1.453 1.441 1.441 1.441 1.453 1.455 1.456 1.459 1.471 1.488 1.495 1.495 1.508 1.508 1.509 1.52 1.521 1.525 1.53 1.533 1.547 1.547 1.552 1.552 1.553 1.557 1.557 1.557 1.568 1.57 1.578 1.589 1.597 1.602 1.602 1.602 1.582 1.578 1.555 1.545 1.545 1.534 1.517 1.255 1.248 1.248 1.248 0 0 0 0 0 0 1.221 1.217 1.187 1.217 1.193 1.181 1.181 1.193 1.193 0 0 0 0 0 0 0 0 1.197 1.197 1.197 1.197 1.197 1.146 1.146 1.146 1.193 1.203 1.218 1.544 1.679 1.69 1.717 1.717 1.727 1.742 1.743 1.762 1.782 1.799 1.818 1.829 1.854 1.875 1.875 1.875 1.893 1.893 0 0 0 0 1.864 1.858 1.858 1.858 1.839 1.837 1.824 1.837 1.824 1.817 1.805 1.798 1.796 1.793 1.777 1.777 1.777 0 0 0.008 0.008 0.008 0.008 0.015 1.295 1.295 0.007 0 0 0 0 0 0 0 0 0 0 0 0 0 0 0 0 0 0.007 0 0 0 0 0 0 0 0 1.624 1.614 1.613 1.612 1.611 1.612 1.613 1.608 1.608 0.984 0.984 0.984 1.051 0.007 0.015 0.007 0.015 0 0 0 1.573 1.57 1.421 1.421 1.421 1.507 1.567 1.568 1.568 1.567 1.568 1.566 1.565 1.565 1.558 1.558 1.558 1.558 1.558 1.56 1.565 1.565 1.565 1.565 1.56 1.56 1.563 1.563 1.567 1.567 1.568 1.568 1.568 1.571 1.571 1.569 1.569 1.568 1.568 1.568 1.568 1.573 1.573 1.584 0.007 0 0 0 0 0 0 0.007 0 0 0 0 0 0 0 0 0.007 0 0 0 0 0 0 0.648 0.626 0.648 0 0 0 0 0 0 0 0 1.662 1.663 0 0 0 0 0 0 0 0 0 0 0 0 0 0 0 1.743 1.743 1.743 1.745 0 0 0 0 0.007 0 0 0 1.807 1.807 1.807 1.814 1.822 1.834 1.839 0 0 0 0 0 1.9 1.9 1.9 1.904 1.918 1.923 1.931 0 0 0 0 0 0 0 0 2.043 2.043 2.043 2.054 2.066 2.082 0 0 0 0 0 0 0 0 0 0 0 0 0 0 0 0 0.007 0 0 0.007 0 
1 1 1 1 1 1 1 1 1 1 1 1 1 1 1 1 1 1 1 1 1 1 1 1 1 1 1 1 1 1 1 1 1 1 1 1 1 1 1 1 1 1 1 1 1 1 1 1 1 1 1 1 1 1 1 1 1 1 1 1 1 1 1 1 1 1 1 1 1 1 1 1 1 1 1 1 1 1 1 1 1 1 1 1 1 1 1 1 1 1 1 1 1 1 1 1 1 1 1 1 1 1 1 1 1 1 1 1 1 1 1 1 1 1 1 1 1 1 1 1 1 1 1 1 1 1 1 1 1 1 1 1 0 0 0 0 0 0 0 0 0 0 0 0 1 1 1 1 1 1 1 1 1 0 0 0 0 0 0 0 0 0 1 1 1 0 0 0 0 0 1 1 1 1 1 1 1 1 1 1 1 1 1 1 1 1 1 1 1 1 1 1 1 1 1 1 1 1 1 1 1 0 0 0 0 0 0 0 1 1 1 1 1 1 1 1 1 1 1 1 1 1 1 1 1 1 1 1 1 1 1 1 1 1 1 1 1 1 1 1 1 1 1 1 1 1 1 1 1 1 1 1 1 1 1 1 1 1 1 1 1 0 0 0 1 1 1 1 1 1 1 1 1 1 1 1 1 1 0 0 1 1 1 1 1 1 1 1 1 1 1 1 0 0 0 0 0 0 0 0 0 0 0 0 0 0 0 0 0 0 0 0 0 0 0 0 0 0 0 0 0 0 0 0 0 0 0 0 1 1 1 1 1 1 1 1 1 1 1 1 1 1 1 1 1 1 1 1 1 1 1 1 1 1 1 1 1 1 1 1 1 1 1 1 1 1 1 1 1 1 1 1 1 1 1 1 1 1 1 1 1 1 1 1 1 1 1 1 1 1 1 0 0 0 0 0 0 1 1 1 1 1 1 1 1 1 0 0 0 0 0 0 0 0 1 1 1 1 1 1 1 1 1 1 1 1 1 1 1 1 1 1 1 1 1 1 1 1 1 1 1 1 1 1 0 0 0 0 1 1 1 1 1 1 1 1 1 1 1 1 1 1 1 1 1 0 0 0 0 0 0 0 1 1 0 0 0 0 0 0 0 0 0 0 0 0 0 0 0 0 0 0 0 0 0 0 0 0 0 0 0 1 1 1 1 1 1 1 1 1 1 1 1 1 0 0 0 0 0 0 0 1 1 1 1 1 1 1 1 1 1 1 1 1 1 1 1 1 1 1 1 1 1 1 1 1 1 1 1 1 1 1 1 1 1 1 1 1 1 1 1 1 1 1 1 0 0 0 0 0 0 0 0 0 0 0 0 0 0 0 0 0 0 0 0 0 0 0 1 1 1 0 0 0 0 0 0 0 0 1 1 0 0 0 0 0 0 0 0 0 0 0 0 0 0 0 1 1 1 1 0 0 0 0 0 0 0 0 1 1 1 1 1 1 1 0 0 0 0 0 1 1 1 1 1 1 1 0 0 0 0 0 0 0 0 1 1 1 1 1 1 0 0 0 0 0 0 0 0 0 0 0 0 0 0 0 0 0 0 0 0 0 
