# This file contains a 2D laser scan observation. 
# Its format is: 
# [aperture] [max_range] [number_of_scans] 
# [vector_of_scans] 
# [vector_of_valid_scans] 
# The aperture of the sensor is in radians, the maximum range 
# and measurements are in meters. '1' means a valid scan, '0' otherwise.
4.1847
5.6
682
0.64 0.637 0.637 0.637 0.634 0.632 0.634 0.627 0.627 0.629 0.629 0.629 0.634 0.634 0.631 0.632 0.631 0.631 0.631 0.625 0.625 0.625 0.623 0.625 0.623 0.622 0.619 0.618 0.617 0.617 0.617 0.617 0.617 0.617 0.618 0.618 0.615 0.612 0.615 0.615 0.617 0.62 0.622 0.62 0.62 0.62 0.62 0.617 0.617 0.619 0.618 0.619 0.619 0.618 0.617 0.617 0.617 0.619 0.619 0.619 0.615 0.615 0.615 0.617 0.624 0.624 0.624 0.626 0.625 0.617 0.619 0.625 0.621 0.621 0.626 0.626 0.626 0.626 0.626 0.626 0.634 0.644 0.644 0.644 0.645 0.649 0.651 0.658 1.687 1.687 1.687 1.687 1.687 0 0 0 0 0 0 0 0 1.43 1.43 0.007 0 0.007 1.37 1.37 0 0 0 0 0 0 0 0 0.007 0 0 0 0 0 0 0 0 0 0 0 0 0 0 0 0.709 0.694 0.694 0.709 0 0 0 0 1.625 1.613 1.594 1.57 1.57 1.57 0 0 0 0 0 0 0 1.445 1.438 1.416 1.415 1.403 1.387 1.379 1.374 1.365 1.355 1.354 1.332 1.32 1.316 1.312 1.296 1.294 1.292 1.279 1.27 1.26 1.259 1.249 1.223 1.221 1.209 1.209 1.209 1.207 1.202 1.188 1.187 1.185 1.084 0.437 0.43 0.43 0.428 0.429 0.43 0.429 0.426 0.429 0.424 0.419 0.415 0.415 0.415 0.415 0.421 0.421 0.425 0.43 0.43 0.438 0.438 0.439 0.442 0.449 0.451 0.458 0.461 0.461 0.461 0.468 0.477 0.485 0.486 0.494 0.496 0.511 0.521 0.532 0.546 0.546 0.561 0.563 0.569 0.575 0.583 0.595 0.597 0.601 0.608 0.627 0.629 0.636 0.643 0.663 0.667 0.677 0.686 0.707 0.716 0.717 0.736 0.752 0.754 0.768 0.789 0.797 0.808 0.828 0.842 0.85 0.88 0.886 0.915 0.917 0.925 0.927 0.934 0.945 0.966 0.987 1.023 1.023 2.199 2.199 2.2 2.199 2.195 2.195 2.195 2.192 2.192 2.184 2.184 2.181 2.181 2.181 2.181 0.007 0.015 2.183 2.189 2.189 2.189 2.264 2.267 2.36 0.007 0.006 3.839 3.839 3.839 3.839 3.839 3.841 3.841 3.841 3.836 3.836 3.835 3.831 3.831 3.831 3.833 3.836 0 0 0 0 0 0 0 0 0 0 0 0 0 0 0 0.006 0.006 0.006 0.006 0.006 0.006 0.006 0.006 0.006 0.006 0.006 0.006 0.006 0.006 0.006 0.006 0 0 0 2.263 0.015 0.007 2.276 2.276 2.285 2.285 2.286 2.289 2.29 2.301 2.305 2.308 2.312 2.323 2.331 2.334 2.335 2.34 2.345 2.355 2.355 2.355 1.202 1.189 1.171 1.171 1.171 1.175 1.175 1.177 1.178 1.179 1.192 1.193 1.196 1.203 1.207 1.222 1.23 1.23 1.235 1.238 1.247 1.248 1.255 1.256 1.265 1.271 1.275 1.28 1.28 1.281 1.28 1.28 1.287 1.298 1.298 1.305 1.307 1.319 1.329 1.329 1.331 1.336 1.336 1.336 1.322 1.321 1.311 1.304 1.289 1.282 1.27 1.259 1.256 1.25 1.24 1.24 1.233 1.228 1.003 1.001 1.001 1.003 1.006 0 0 0 0 0 0 0.996 0.996 0.992 0.996 0.992 0.984 0.984 0.984 0.984 0.989 0.99 0.991 0.991 0.993 1 0 0 0 0 0 0.986 0.984 0.984 0.984 0.984 0.981 0.985 0.007 0 0 0 0 0 0.997 0.997 0.997 1.6 1.628 1.647 1.647 1.676 1.676 1.676 1.698 1.661 1.661 0.007 0 1.614 1.598 1.586 1.586 1.598 1.604 1.647 1.668 1.649 1.649 1.649 1.649 1.64 1.633 1.633 1.631 1.631 1.625 1.622 1.612 1.608 1.607 1.597 1.577 1.565 1.557 1.557 1.555 1.546 1.529 1.51 1.509 1.509 1.509 1.501 1.497 1.16 1.155 1.141 1.138 1.138 1.138 0 0 0 0 0 0 0 0 0 0 0 0 0 0 0 0 0 1.344 1.343 1.332 1.332 1.332 1.332 1.516 1.518 1.52 1.518 1.518 1.518 1.514 1.513 1.514 1.513 1.513 1.513 1.516 1.51 1.515 1.506 1.515 1.506 1.515 1.508 1.518 1.518 1.518 1.508 0.954 0.951 0.951 0.954 0 0 0 0.587 0.587 0.587 0.587 0.587 0.591 0.605 1.517 1.536 1.536 1.532 1.536 1.536 1.539 1.541 1.542 1.546 1.546 1.55 1.554 1.555 1.556 1.558 1.562 1.562 1.568 1.568 1.569 1.57 1.571 1.579 1.579 0 0 0 0 0 0 1.617 1.617 1.616 1.617 1.618 1.623 1.627 1.633 1.643 1.645 1.647 0 0 0 0 0 0 0 0 0 0 0 0 0 1.726 1.726 1.726 1.731 1.737 1.742 0 0 0 0 0 0 0 0 1.819 1.819 1.819 0 0 0 0 0 0 0 0 0 0 0 0 0 0 0 0 0 0 0 0 0 
1 1 1 1 1 1 1 1 1 1 1 1 1 1 1 1 1 1 1 1 1 1 1 1 1 1 1 1 1 1 1 1 1 1 1 1 1 1 1 1 1 1 1 1 1 1 1 1 1 1 1 1 1 1 1 1 1 1 1 1 1 1 1 1 1 1 1 1 1 1 1 1 1 1 1 1 1 1 1 1 1 1 1 1 1 1 1 1 1 1 1 1 1 0 0 0 0 0 0 0 0 1 1 0 0 0 1 1 0 0 0 0 0 0 0 0 0 0 0 0 0 0 0 0 0 0 0 0 0 0 0 0 1 1 1 1 0 0 0 0 1 1 1 1 1 1 0 0 0 0 0 0 0 1 1 1 1 1 1 1 1 1 1 1 1 1 1 1 1 1 1 1 1 1 1 1 1 1 1 1 1 1 1 1 1 1 1 1 1 1 1 1 1 1 1 1 1 1 1 1 1 1 1 1 1 1 1 1 1 1 1 1 1 1 1 1 1 1 1 1 1 1 1 1 1 1 1 1 1 1 1 1 1 1 1 1 1 1 1 1 1 1 1 1 1 1 1 1 1 1 1 1 1 1 1 1 1 1 1 1 1 1 1 1 1 1 1 1 1 1 1 1 1 1 1 1 1 1 1 1 1 1 1 1 1 0 0 1 1 1 1 1 1 1 0 0 1 1 1 1 1 1 1 1 1 1 1 1 1 1 1 1 0 0 0 0 0 0 0 0 0 0 0 0 0 0 0 0 0 0 0 0 0 0 0 0 0 0 0 0 0 0 0 0 0 0 1 0 0 1 1 1 1 1 1 1 1 1 1 1 1 1 1 1 1 1 1 1 1 1 1 1 1 1 1 1 1 1 1 1 1 1 1 1 1 1 1 1 1 1 1 1 1 1 1 1 1 1 1 1 1 1 1 1 1 1 1 1 1 1 1 1 1 1 1 1 1 1 1 1 1 1 1 1 1 1 1 1 1 1 1 1 0 0 0 0 0 0 1 1 1 1 1 1 1 1 1 1 1 1 1 1 1 0 0 0 0 0 1 1 1 1 1 1 1 0 0 0 0 0 0 1 1 1 1 1 1 1 1 1 1 1 1 1 0 0 1 1 1 1 1 1 1 1 1 1 1 1 1 1 1 1 1 1 1 1 1 1 1 1 1 1 1 1 1 1 1 1 1 1 1 1 1 1 1 1 1 1 0 0 0 0 0 0 0 0 0 0 0 0 0 0 0 0 0 1 1 1 1 1 1 1 1 1 1 1 1 1 1 1 1 1 1 1 1 1 1 1 1 1 1 1 1 1 1 1 1 1 1 0 0 0 1 1 1 1 1 1 1 1 1 1 1 1 1 1 1 1 1 1 1 1 1 1 1 1 1 1 1 1 1 1 1 1 0 0 0 0 0 0 1 1 1 1 1 1 1 1 1 1 1 0 0 0 0 0 0 0 0 0 0 0 0 0 1 1 1 1 1 1 0 0 0 0 0 0 0 0 1 1 1 0 0 0 0 0 0 0 0 0 0 0 0 0 0 0 0 0 0 0 0 0 
