# This file contains a 2D laser scan observation. 
# Its format is: 
# [aperture] [max_range] [number_of_scans] 
# [vector_of_scans] 
# [vector_of_valid_scans] 
# The aperture of the sensor is in radians, the maximum range 
# and measurements are in meters. '1' means a valid scan, '0' otherwise.
4.1847
5.6
682
0.431 0.431 0.429 0.42 0.42 0.42 0.42 0.421 0.421 0.413 0.411 0.411 0.411 0.411 0.411 0.408 0.408 0.403 0.403 0.403 0.402 0.4 0.4 0.4 0.4 0.401 0.401 0.398 0.398 0.398 0.397 0.397 0.395 0.394 0.394 0.389 0.388 0.389 0.388 0.389 0.382 0.38 0.378 0.378 0.369 0.367 0.367 0.367 0.365 0.365 0.37 0.37 0.37 0.37 0.371 0.371 0.365 0.364 0.364 0.364 0.367 0.372 0.372 0.373 0.373 0.371 0.371 0.371 0.371 0.373 0.373 0.374 0.377 0.377 0.377 0.377 0.374 0.374 0.374 0.374 0.374 0.374 0.374 0.377 0.377 0.379 0.377 0.376 0.376 0.376 0.376 0.376 0.376 0.376 0.376 0.372 0.372 0.372 0.373 0.372 0.373 0.37 0.373 0.37 0.377 0.377 0.396 0.418 0.427 0.427 0.427 0.427 0.426 0.426 0.426 0.428 0.428 0.429 0.429 0.431 0.431 0.429 0.428 0.423 0.419 0.419 0.418 0.419 0.419 0.422 0.426 1.562 1.575 1.58 1.58 1.582 1.583 1.585 1.591 1.598 1.606 1.607 1.613 1.618 1.623 1.627 1.629 1.632 1.638 1.643 1.651 1.653 1.654 1.657 1.668 1.67 1.674 1.684 1.69 1.699 1.708 1.708 1.71 1.714 1.729 1.74 1.74 1.744 1.758 1.764 1.771 1.772 1.784 1.796 1.802 1.81 1.81 1.825 1.831 1.84 1.844 1.858 1.858 1.858 1.847 1.847 1.847 1.85 1.869 2.582 2.583 2.583 2.582 2.56 2.56 2.554 2.542 2.539 2.538 2.532 2.531 2.531 2.531 2.501 2.475 2.461 2.442 2.44 2.439 2.438 2.438 2.415 2.414 2.407 2.399 2.398 2.399 2.399 2.4 2.4 2.4 2.391 2.379 2.379 2.379 2.404 2.433 2.455 3.002 0.007 4.39 4.39 0 0 0 0 0 4.715 4.704 4.704 4.715 4.715 4.704 1.356 1.354 1.338 1.333 1.331 1.331 1.328 1.318 1.318 1.313 1.312 1.312 1.312 1.312 1.304 1.303 1.297 1.291 1.287 1.28 1.28 1.28 1.278 1.276 1.274 1.268 1.264 1.263 1.262 1.256 1.254 1.256 1.244 1.241 1.237 1.236 1.23 1.227 1.227 1.226 1.224 1.224 1.224 1.224 1.229 1.251 1.289 1.289 1.291 1.289 1.289 1.289 1.293 1.324 1.421 1.444 1.54 1.54 1.593 0 0 0 0.007 0 0.007 0 2.706 2.727 2.727 2.727 2.822 2.883 2.884 2.887 2.887 2.89 2.89 2.885 2.884 2.884 2.869 2.869 2.869 2.869 2.867 2.869 2.869 2.873 2.878 4.854 4.854 4.859 4.859 4.859 4.861 4.868 4.877 4.877 4.868 4.877 4.877 4.88 4.882 4.886 4.888 4.888 4.889 4.907 0 0 0 4.928 4.928 4.928 4.94 4.94 4.944 4.95 4.95 4.94 4.652 4.652 4.652 4.658 4.66 4.661 4.668 4.674 4.699 0 0.007 0 5.1 5.1 5.097 5.095 5.097 5.097 5.083 5.027 1.279 1.275 1.268 1.275 1.275 1.275 1.273 1.277 1.277 1.282 1.284 1.285 1.306 1.308 1.308 1.312 1.312 1.313 1.325 1.331 1.336 1.338 1.342 1.343 1.346 1.347 1.361 1.361 1.362 1.362 1.374 1.383 1.385 1.392 1.394 1.396 1.409 1.414 1.416 1.428 1.432 1.432 1.445 1.449 1.453 1.459 1.46 1.483 1.485 1.485 1.496 1.504 1.512 1.517 1.52 1.535 1.536 1.54 1.56 1.561 1.577 1.577 1.583 1.599 1.6 1.611 1.618 1.636 1.642 1.65 1.663 1.674 1.678 1.689 1.701 1.722 1.726 1.738 1.756 1.765 1.777 1.788 1.805 1.811 1.82 1.836 1.863 1.869 1.885 1.895 1.91 1.931 1.935 1.962 1.973 1.992 1.997 2.02 2.04 2.052 2.076 2.094 2.111 2.125 2.147 2.157 2.188 2.208 2.229 2.246 2.268 2.295 2.312 2.345 2.368 2.383 2.415 2.437 2.454 2.496 2.508 2.551 2.579 2.599 2.638 2.655 2.702 2.728 2.758 2.797 3.762 3.785 3.8 3.785 3.785 3.782 3.778 3.763 3.74 3.738 3.715 3.659 0.369 0.367 0.362 0.361 0.361 0.362 0.362 0.361 0.361 0.369 0.369 0.369 0.369 0.369 0.369 0.361 0.36 0.361 0.369 0.369 0.385 0.54 0.592 0.592 0.592 0.452 0.449 0.449 0.45 0.45 0.455 0.575 0.577 0.587 0.593 0.587 0.594 0.598 0.628 0.691 0.692 0.696 0.713 0.722 0.726 0.726 0.727 0.726 0.727 0.727 0.73 0.727 0.727 0.724 0.722 0.722 0.723 0.723 0.723 0.723 0.723 0.723 0.723 0.723 0.723 0.722 0.725 0.725 0.725 0.722 0.72 0.72 0.72 0.72 0.721 0.725 0.787 0.991 0.994 0.994 0.995 0.995 0.995 0.996 0.995 0.995 0.994 0.846 0.812 0.801 0.797 0.787 0.785 0.779 0.775 0.77 0.766 0.754 0.745 0.744 0.735 0.734 0.727 0.72 0.712 0.704 0.702 0.698 0.692 0.688 0.685 0.681 0.675 0.674 0.667 0.663 0.661 0.655 0.648 0.645 0.644 0.638 0.637 0.637 0.627 0.624 0.624 0.621 0.616 0.612 0.608 0.602 0.601 0.601 0.6 0.601 0.632 0 0 0 0 0.007 0 0 0 0 0 0 0 0 0 0 0.854 0.854 0.85 0.853 0.853 
1 1 1 1 1 1 1 1 1 1 1 1 1 1 1 1 1 1 1 1 1 1 1 1 1 1 1 1 1 1 1 1 1 1 1 1 1 1 1 1 1 1 1 1 1 1 1 1 1 1 1 1 1 1 1 1 1 1 1 1 1 1 1 1 1 1 1 1 1 1 1 1 1 1 1 1 1 1 1 1 1 1 1 1 1 1 1 1 1 1 1 1 1 1 1 1 1 1 1 1 1 1 1 1 1 1 1 1 1 1 1 1 1 1 1 1 1 1 1 1 1 1 1 1 1 1 1 1 1 1 1 1 1 1 1 1 1 1 1 1 1 1 1 1 1 1 1 1 1 1 1 1 1 1 1 1 1 1 1 1 1 1 1 1 1 1 1 1 1 1 1 1 1 1 1 1 1 1 1 1 1 1 1 1 1 1 1 1 1 1 1 1 1 1 1 1 1 1 1 1 1 1 1 1 1 1 1 1 1 1 1 1 1 1 1 1 1 1 1 1 1 1 1 1 1 1 1 1 1 0 1 1 0 0 0 0 0 1 1 1 1 1 1 1 1 1 1 1 1 1 1 1 1 1 1 1 1 1 1 1 1 1 1 1 1 1 1 1 1 1 1 1 1 1 1 1 1 1 1 1 1 1 1 1 1 1 1 1 1 1 1 1 1 1 1 1 1 1 1 1 1 1 0 0 0 0 0 0 0 1 1 1 1 1 1 1 1 1 1 1 1 1 1 1 1 1 1 1 1 1 1 1 1 1 1 1 1 1 1 1 1 1 1 1 1 1 1 1 1 1 1 0 0 0 1 1 1 1 1 1 1 1 1 1 1 1 1 1 1 1 1 1 0 0 0 1 1 1 1 1 1 1 1 1 1 1 1 1 1 1 1 1 1 1 1 1 1 1 1 1 1 1 1 1 1 1 1 1 1 1 1 1 1 1 1 1 1 1 1 1 1 1 1 1 1 1 1 1 1 1 1 1 1 1 1 1 1 1 1 1 1 1 1 1 1 1 1 1 1 1 1 1 1 1 1 1 1 1 1 1 1 1 1 1 1 1 1 1 1 1 1 1 1 1 1 1 1 1 1 1 1 1 1 1 1 1 1 1 1 1 1 1 1 1 1 1 1 1 1 1 1 1 1 1 1 1 1 1 1 1 1 1 1 1 1 1 1 1 1 1 1 1 1 1 1 1 1 1 1 1 1 1 1 1 1 1 1 1 1 1 1 1 1 1 1 1 1 1 1 1 1 1 1 1 1 1 1 1 1 1 1 1 1 1 1 1 1 1 1 1 1 1 1 1 1 1 1 1 1 1 1 1 1 1 1 1 1 1 1 1 1 1 1 1 1 1 1 1 1 1 1 1 1 1 1 1 1 1 1 1 1 1 1 1 1 1 1 1 1 1 1 1 1 1 1 1 1 1 1 1 1 1 1 1 1 1 1 1 1 1 1 1 1 1 1 1 1 1 1 1 1 1 1 1 1 1 1 1 1 1 1 1 0 0 0 0 0 0 0 0 0 0 0 0 0 0 0 1 1 1 1 1 
