# This file contains a 2D laser scan observation. 
# Its format is: 
# [aperture] [max_range] [number_of_scans] 
# [vector_of_scans] 
# [vector_of_valid_scans] 
# The aperture of the sensor is in radians, the maximum range 
# and measurements are in meters. '1' means a valid scan, '0' otherwise.
4.1847
5.6
682
0.903 0.902 0.902 0.898 0.898 0.898 0.902 0.902 0.903 0.903 0.906 0.91 0.91 0.909 0.91 0.911 0.91 0.911 0.913 0.913 0.925 0.928 0.928 0.928 0.928 0.928 0.931 0.934 0.937 0.937 0.939 0.944 0.945 0.945 0.947 0.948 0.952 0.952 0.952 0.89 0.829 0.829 0.825 0.807 0.825 0.814 0.814 0.814 0.814 0.782 0.777 0.777 0.782 0.783 0.783 0.783 0.791 0.781 0.781 0.782 0.782 0.775 0.782 0.797 0.785 0.797 0.797 0.789 0.789 0.827 0.829 0.856 0.895 0.895 0.895 0.888 0.875 0.866 0.865 0.855 0.846 0.84 0.839 0.835 0.816 0.816 0.814 0.803 0.803 0.791 0.791 0.776 0.776 0.773 0.773 0.763 0.757 0.751 0.749 0.745 0.742 0.741 0.733 0.724 0.72 0.717 0.711 0.711 0.708 0.704 0.7 0.698 0.694 0.691 0.686 0.686 0.685 0.672 0.67 0.67 0.667 0.666 0.66 0.655 0.651 0.651 0.65 0.644 0.643 0.639 0.636 0.631 0.631 0.63 0.623 0.622 0.619 0.615 0.613 0.613 0.613 0.611 0.61 0.605 0.603 0.6 0.599 0.597 0.595 0.594 0.592 0.592 0.59 0.588 0.585 0.583 0.579 0.577 0.577 0.572 0.569 0.569 0.568 0.568 0.568 0.567 0.559 0.559 0.559 0.559 0.558 0.559 0.555 0.555 0.555 0.555 0.551 0.551 0.548 0.551 0.547 0.546 0.544 0.541 0.541 0.541 0.541 0.539 0.539 0.539 0.539 0.539 0.538 0.538 0.537 0.537 0.533 0.533 0.533 0.533 0.533 0.529 0.533 0.527 0.527 0.528 0.529 0.529 0.529 0.529 0.529 0.529 0.527 0.526 0.527 0.527 0.52 0.52 0.524 0.524 0.524 0.53 0.53 0.53 0.532 0.53 0.524 0.529 0.526 0.526 0.529 0.529 0.527 0.527 0.527 0.527 0.527 0.527 0.53 0.525 0.53 0.525 0.525 0.524 0.525 0.524 0.525 0.526 0.527 0.529 0.529 0.529 0.529 0.529 0.529 0.529 0.534 0.534 0.534 0.535 0.535 0.535 0.535 0.535 0.534 0.532 0.532 0.532 0.532 0.536 0.537 0.538 0.539 0.539 0.538 0.536 0.532 0.512 0.503 0.5 0.498 0.489 0.487 0.487 0.48 0.48 0.48 0.479 0.477 0.477 0.477 0.477 0.484 0.492 0.501 0.504 0.505 0.505 0.504 0.505 0.509 0.509 0.511 0.528 0.538 0.549 0.551 0.557 0.56 0.566 1.561 1.57 1.573 1.57 1.57 1.265 1.256 1.24 1.231 1.229 1.229 1.218 1.209 1.203 1.197 1.188 1.188 1.188 1.185 1.179 1.173 1.171 1.168 1.165 1.162 1.161 1.154 1.15 1.139 1.138 1.137 1.134 1.134 1.125 1.113 1.113 1.11 1.104 1.102 1.097 1.094 1.091 1.091 1.09 1.082 1.075 1.073 1.069 1.069 1.063 1.063 1.06 1.058 1.058 1.056 1.053 1.053 1.043 1.043 1.037 1.034 1.033 1.031 1.031 1.023 1.01 1.009 1.009 1.009 1.007 1.007 1.005 1.004 1.004 0.988 0.988 0.988 0.988 0.985 0.987 0.985 0.982 0.978 0.982 0.982 1.025 1.031 1.031 1.025 1.011 1.004 0.997 0.995 0.989 0.988 0.988 0.988 0.989 0.998 1.004 1.005 1.005 1.01 1.029 1.043 1.054 1.058 4.072 4.11 4.11 4.11 4.105 4.094 4.083 4.071 4.056 4.009 4.009 4.009 4.013 4.013 4.013 3.999 3.999 3.998 3.993 3.977 3.977 3.967 3.963 3.951 3.948 3.942 3.93 3.916 3.905 3.905 3.904 3.905 3.917 4.666 4.666 4.666 4.651 4.636 4.631 4.63 4.627 4.624 4.595 4.591 4.587 4.583 4.581 4.577 4.577 4.556 4.556 4.556 4.559 4.556 4.554 4.55 4.554 4.554 4.584 4.623 4.627 4.632 4.705 4.705 4.705 4.705 4.733 0 0 0 0 0 1.923 1.92 1.918 1.92 1.921 1.92 1.919 1.919 1.919 1.912 1.912 1.911 1.912 1.908 1.906 1.906 1.909 1.909 1.911 1.912 1.915 1.915 1.915 1.915 1.916 1.919 1.924 1.926 1.926 1.919 1.878 1.809 1.762 1.694 1.639 1.598 1.55 1.5 1.456 1.423 1.308 1.065 1.025 0.951 0.876 0.868 0.865 0.861 0.856 0.855 0.829 0.825 0.789 0.78 0.762 0.751 0.748 0.735 0.72 0.701 0.698 0.682 0.669 0.658 0.655 0.64 0.619 0.613 0.609 0.605 0.586 0.582 0.577 0.571 0.561 0.549 0.547 0.536 0.532 0.53 0.525 0.516 0.507 0.504 0.498 0.488 0.48 0.479 0.479 0.476 0.436 0.436 0.436 0.436 0.436 0.426 0.424 0.414 0.412 0.411 0.408 0.408 0.403 0.395 0.387 0.384 0.38 0.38 0.379 0.374 0.367 0.366 0.365 0.365 0.359 0.358 0.359 0.358 0.355 0.348 0.348 0.345 0.345 0.338 0.337 0.335 0.335 0.33 0.33 0.33 0.344 0.346 0.346 0.346 0.35 0.351 0.351 0.358 0.409 0.456 0.456 0.457 0.457 0.451 0.408 0.371 0.366 0.357 0.355 0.355 0.355 0.353 0.353 0.353 0.352 0.344 0.342 0.336 0.335 0.335 0.333 0.33 0.33 0.329 0.329 0.33 0.331 0.327 0.326 0.33 0.33 0.329 0.329 0.33 0.337 0.339 0.339 0.345 0.345 0.346 0.346 0.346 0.347 0.354 0.364 0.367 0.369 0.369 0.372 0.377 0.382 0.385 0.393 
1 1 1 1 1 1 1 1 1 1 1 1 1 1 1 1 1 1 1 1 1 1 1 1 1 1 1 1 1 1 1 1 1 1 1 1 1 1 1 1 1 1 1 1 1 1 1 1 1 1 1 1 1 1 1 1 1 1 1 1 1 1 1 1 1 1 1 1 1 1 1 1 1 1 1 1 1 1 1 1 1 1 1 1 1 1 1 1 1 1 1 1 1 1 1 1 1 1 1 1 1 1 1 1 1 1 1 1 1 1 1 1 1 1 1 1 1 1 1 1 1 1 1 1 1 1 1 1 1 1 1 1 1 1 1 1 1 1 1 1 1 1 1 1 1 1 1 1 1 1 1 1 1 1 1 1 1 1 1 1 1 1 1 1 1 1 1 1 1 1 1 1 1 1 1 1 1 1 1 1 1 1 1 1 1 1 1 1 1 1 1 1 1 1 1 1 1 1 1 1 1 1 1 1 1 1 1 1 1 1 1 1 1 1 1 1 1 1 1 1 1 1 1 1 1 1 1 1 1 1 1 1 1 1 1 1 1 1 1 1 1 1 1 1 1 1 1 1 1 1 1 1 1 1 1 1 1 1 1 1 1 1 1 1 1 1 1 1 1 1 1 1 1 1 1 1 1 1 1 1 1 1 1 1 1 1 1 1 1 1 1 1 1 1 1 1 1 1 1 1 1 1 1 1 1 1 1 1 1 1 1 1 1 1 1 1 1 1 1 1 1 1 1 1 1 1 1 1 1 1 1 1 1 1 1 1 1 1 1 1 1 1 1 1 1 1 1 1 1 1 1 1 1 1 1 1 1 1 1 1 1 1 1 1 1 1 1 1 1 1 1 1 1 1 1 1 1 1 1 1 1 1 1 1 1 1 1 1 1 1 1 1 1 1 1 1 1 1 1 1 1 1 1 1 1 1 1 1 1 1 1 1 1 1 1 1 1 1 1 1 1 1 1 1 1 1 1 1 1 1 1 1 1 1 1 1 1 1 1 1 1 1 1 1 1 1 1 1 1 1 1 1 1 1 1 1 1 1 1 1 1 1 1 1 1 1 1 1 1 1 1 1 1 1 1 1 1 1 1 1 1 1 1 1 0 0 0 0 0 1 1 1 1 1 1 1 1 1 1 1 1 1 1 1 1 1 1 1 1 1 1 1 1 1 1 1 1 1 1 1 1 1 1 1 1 1 1 1 1 1 1 1 1 1 1 1 1 1 1 1 1 1 1 1 1 1 1 1 1 1 1 1 1 1 1 1 1 1 1 1 1 1 1 1 1 1 1 1 1 1 1 1 1 1 1 1 1 1 1 1 1 1 1 1 1 1 1 1 1 1 1 1 1 1 1 1 1 1 1 1 1 1 1 1 1 1 1 1 1 1 1 1 1 1 1 1 1 1 1 1 1 1 1 1 1 1 1 1 1 1 1 1 1 1 1 1 1 1 1 1 1 1 1 1 1 1 1 1 1 1 1 1 1 1 1 1 1 1 1 1 1 1 1 1 1 1 1 1 1 1 1 1 1 1 1 1 1 1 1 1 1 1 
