# This file contains a 2D laser scan observation. 
# Its format is: 
# [aperture] [max_range] [number_of_scans] 
# [vector_of_scans] 
# [vector_of_valid_scans] 
# The aperture of the sensor is in radians, the maximum range 
# and measurements are in meters. '1' means a valid scan, '0' otherwise.
4.1847
5.6
682
0.369 0.369 0.369 0.369 0.369 0.369 0.369 0.361 0.358 0.358 0.358 0.359 0.359 0.359 0.348 0.343 0.341 0.339 0.339 0.339 0.341 0.339 0.338 0.338 0.338 0.338 0.34 0.342 0.342 0.342 0.342 0.342 0.342 0.353 0.357 0.36 0.36 0.361 0.365 0.369 0.369 0.369 0.372 0.374 0.384 0.41 0.411 0.416 1.638 1.638 1.638 1.633 1.63 1.606 1.605 1.591 1.577 1.562 1.552 1.544 1.532 1.53 1.517 1.516 1.497 1.488 1.481 1.463 1.462 1.457 1.447 1.436 1.427 1.421 1.418 1.406 1.4 1.391 1.388 1.372 1.367 1.361 1.349 1.348 1.341 1.335 1.335 1.341 1.35 1.359 1.369 1.387 2.334 2.334 2.334 2.318 2.318 2.302 2.284 2.201 2.201 2.201 2.219 2.224 2.224 2.219 2.214 2.205 2.203 2.187 2.174 2.168 2.165 2.159 2.158 2.145 2.145 2.121 2.106 2.046 2.046 2.046 2.047 2.074 2.074 2.074 2.091 2.091 2.091 2.082 2.075 2.07 2.061 2.055 2.054 2.053 2.049 2.045 2.032 2.03 2.029 2.026 2.026 2.024 2.02 2.019 2.013 2 1.999 1.997 1.994 1.992 1.988 1.988 1.987 1.979 1.972 1.972 1.971 1.971 1.971 1.945 1.164 1.13 1.13 1.126 1.123 1.119 1.119 1.044 1.044 1.044 1.041 1.041 1.039 1.039 1.039 1.038 1.04 1.043 1.044 1.046 1.046 1.048 1.054 1.054 1.054 1.055 1.057 1.057 1.058 1.058 1.057 1.058 1.057 1.057 1.057 1.058 1.062 1.062 1.062 1.062 1.059 1.058 1.058 1.058 1.056 1.046 0.784 0.78 0.761 0.74 0.738 0.729 0.721 0.713 0.708 0.693 0.693 0.687 0.676 0.676 0.69 0.686 0.686 0.686 0.665 0.656 0.65 0.648 0.643 0.632 0.628 0.625 0.613 0.609 0.608 0.601 0.595 0.588 0.587 0.582 0.582 0.581 0.567 0.561 0.559 0.556 0.555 0.552 0.551 0.535 0.534 0.533 0.533 0.535 0.533 0.533 0.525 0.525 0.522 0.519 0.517 0.517 0.502 0.502 0.496 0.496 0.494 0.489 0.489 0.482 0.482 0.482 0.482 0.479 0.476 0.473 0.466 0.466 0.468 0.468 0.469 0.469 0.469 0.459 0.459 0.457 0.455 0.455 0.448 0.448 0.447 0.446 0.44 0.437 0.436 0.433 0.433 0.428 0.428 0.413 0.411 0.413 0.413 0.412 0.406 0.412 0.406 0.409 0.406 0.405 0.401 0.401 0.401 0.4 0.4 0.4 0.399 0.398 0.395 0.391 0.391 0.385 0.385 0.387 0.389 0.389 0.389 0.389 0.389 0.39 0.388 0.388 0.384 0.377 0.377 0.376 0.376 0.377 0.377 0.377 0.377 0.369 0.369 0.369 0.366 0.366 0.37 0.37 0.37 0.372 0.372 0.37 0.376 0.376 0.398 0.41 0.419 0.419 0.419 0.417 0.402 0.402 0.401 0.398 0.398 0.396 0.393 0.39 0.39 0.389 0.38 0.379 0.369 0.368 0.367 0.366 0.366 0.366 0.367 0.368 0.368 0.368 0.362 0.362 0.36 0.362 0.366 0.366 0.374 0.379 0.379 0.379 0.379 0.387 0.394 0.4 0.402 0.402 0.408 0.411 0.419 0.424 0.429 0.432 0.455 3.362 3.366 3.366 3.366 3.362 3.357 3.351 3.346 3.345 3.325 3.319 3.313 3.313 3.313 3.318 3.322 0 0 0 4.042 4.039 4.039 4.036 4.026 4.017 4.017 4.013 4.004 4.002 4.001 4 3.997 3.991 3.982 3.98 3.98 3.977 3.977 3.981 3.981 3.972 3.981 3.991 4.011 4.016 4.019 4.13 0 0 0 0 0 0 0 0.006 0.006 0.006 0.006 0.006 0.006 0.007 3.51 3.319 3.313 3.307 3.304 3.301 3.191 3.048 3.014 3.014 3.014 0 0 0 0 0 0 0 0 0 0 0 0 0 0 1.396 1.393 1.393 1.391 1.393 1.398 1.401 1.401 1.406 1.408 1.412 1.414 1.422 1.422 1.425 1.425 1.425 1.429 1.432 1.433 1.441 1.442 1.449 1.451 1.452 1.454 1.455 1.456 1.473 1.473 1.478 1.481 1.483 1.489 1.493 1.5 1.518 1.518 1.518 1.494 1.48 1.458 1.445 1.422 1.407 1.392 1.371 1.352 1.341 1.326 1.321 1.299 1.288 1.276 1.27 1.254 1.244 1.224 1.218 1.199 1.191 1.182 1.165 1.156 1.143 1.142 1.128 1.115 1.108 1.099 1.096 1.085 1.07 1.062 1.061 1.051 1.041 1.033 1.024 1.022 1.022 1.008 0.999 0.998 0.991 0.989 0.976 0.969 0.968 0.961 0.955 0.947 0.944 0.939 0.936 0.931 0.925 0.917 0.916 0.916 0.914 0.913 0.895 0.886 0.886 0.882 0.878 0.872 0.868 0.868 0.867 0.86 0.859 0.848 0.842 0.835 0.831 0.767 0.719 0.714 0.714 0.714 0.71 0.699 0.694 0.69 0.693 0.691 0.687 0.687 0.683 0.681 0.675 0.674 0.672 0.672 0.667 0.667 0.662 0.659 0.659 0.651 0.651 0.652 0.652 0.662 0.662 0.655 0.655 0.649 0.649 0.649 0.645 0.645 0.642 0.642 0.642 0.642 0.639 0.637 0.636 0.636 0.634 0.634 0.634 0.633 0.625 0.625 0.622 0.622 0.625 0.626 0.625 0.625 0.625 0.625 0.62 0.619 0.619 0.613 0.613 0.614 0.613 0.613 0.613 0.603 0.603 0.603 0.608 
1 1 1 1 1 1 1 1 1 1 1 1 1 1 1 1 1 1 1 1 1 1 1 1 1 1 1 1 1 1 1 1 1 1 1 1 1 1 1 1 1 1 1 1 1 1 1 1 1 1 1 1 1 1 1 1 1 1 1 1 1 1 1 1 1 1 1 1 1 1 1 1 1 1 1 1 1 1 1 1 1 1 1 1 1 1 1 1 1 1 1 1 1 1 1 1 1 1 1 1 1 1 1 1 1 1 1 1 1 1 1 1 1 1 1 1 1 1 1 1 1 1 1 1 1 1 1 1 1 1 1 1 1 1 1 1 1 1 1 1 1 1 1 1 1 1 1 1 1 1 1 1 1 1 1 1 1 1 1 1 1 1 1 1 1 1 1 1 1 1 1 1 1 1 1 1 1 1 1 1 1 1 1 1 1 1 1 1 1 1 1 1 1 1 1 1 1 1 1 1 1 1 1 1 1 1 1 1 1 1 1 1 1 1 1 1 1 1 1 1 1 1 1 1 1 1 1 1 1 1 1 1 1 1 1 1 1 1 1 1 1 1 1 1 1 1 1 1 1 1 1 1 1 1 1 1 1 1 1 1 1 1 1 1 1 1 1 1 1 1 1 1 1 1 1 1 1 1 1 1 1 1 1 1 1 1 1 1 1 1 1 1 1 1 1 1 1 1 1 1 1 1 1 1 1 1 1 1 1 1 1 1 1 1 1 1 1 1 1 1 1 1 1 1 1 1 1 1 1 1 1 1 1 1 1 1 1 1 1 1 1 1 1 1 1 1 1 1 1 1 1 1 1 1 1 1 1 1 1 1 1 1 1 1 1 1 1 1 1 1 1 1 1 1 1 1 1 1 1 1 1 1 1 1 1 1 1 1 1 1 1 1 1 1 1 1 1 1 1 1 1 1 1 1 1 1 1 1 1 1 1 1 1 1 1 1 1 1 1 1 1 1 1 0 0 0 1 1 1 1 1 1 1 1 1 1 1 1 1 1 1 1 1 1 1 1 1 1 1 1 1 1 1 1 0 0 0 0 0 0 0 0 0 0 0 0 0 0 1 1 1 1 1 1 1 1 1 1 1 0 0 0 0 0 0 0 0 0 0 0 0 0 0 1 1 1 1 1 1 1 1 1 1 1 1 1 1 1 1 1 1 1 1 1 1 1 1 1 1 1 1 1 1 1 1 1 1 1 1 1 1 1 1 1 1 1 1 1 1 1 1 1 1 1 1 1 1 1 1 1 1 1 1 1 1 1 1 1 1 1 1 1 1 1 1 1 1 1 1 1 1 1 1 1 1 1 1 1 1 1 1 1 1 1 1 1 1 1 1 1 1 1 1 1 1 1 1 1 1 1 1 1 1 1 1 1 1 1 1 1 1 1 1 1 1 1 1 1 1 1 1 1 1 1 1 1 1 1 1 1 1 1 1 1 1 1 1 1 1 1 1 1 1 1 1 1 1 1 1 1 1 1 1 1 1 1 1 1 1 1 1 1 1 1 1 1 1 1 1 1 1 1 1 1 1 1 1 1 1 1 1 1 
