# This file contains a 2D laser scan observation. 
# Its format is: 
# [aperture] [max_range] [number_of_scans] 
# [vector_of_scans] 
# [vector_of_valid_scans] 
# The aperture of the sensor is in radians, the maximum range 
# and measurements are in meters. '1' means a valid scan, '0' otherwise.
4.1847
5.6
682
0.334 0.334 0.334 0.347 0.383 0.383 0.383 0.358 0.358 0.355 0.355 0.344 0.344 0.344 0.344 0.342 0.344 0.345 0.345 0.35 0.354 0.359 0.356 0.359 0.356 0.356 0.347 0.346 0.346 0.346 0.346 0.358 0.377 0.379 0.383 0.383 0.383 0.383 0.384 0.384 1.009 1.102 1.132 1.132 1.132 1.132 1.11 1.105 1.1 1.091 1.09 1.09 1.089 1.087 1.085 1.085 1.082 1.081 1.081 1.081 1.081 1.083 1.083 1.087 1.086 1.086 1.089 1.09 1.101 1.105 1.112 1.118 1.119 1.129 1.138 1.144 1.151 1.772 1.87 1.883 1.883 1.883 1.883 1.885 1.885 1.86 1.821 1.762 1.755 1.735 1.72 1.704 1.673 1.654 1.644 1.625 1.621 1.597 1.595 1.566 1.558 1.544 1.525 1.524 1.513 1.5 1.48 1.463 1.454 1.448 1.437 1.421 1.41 1.406 1.398 1.383 1.373 1.358 1.354 1.346 1.329 1.329 1.322 1.317 1.303 1.284 1.281 1.276 1.268 1.261 1.25 1.241 1.241 1.241 1.243 1.253 1.263 1.271 1.274 1.292 2.281 2.296 2.296 2.296 2.29 2.277 2.266 2.255 2.242 2.235 2.22 2.22 2.213 2.194 2.088 2.088 2.088 2.109 2.109 2.111 2.109 2.109 2.107 2.096 2.091 2.056 2.049 2.045 2.036 2.022 2.017 2.008 2.001 1.981 1.92 1.912 1.912 1.912 1.924 1.935 1.943 1.962 1.962 1.962 1.961 1.95 1.937 1.936 1.931 1.928 1.923 1.921 1.917 1.911 1.908 1.902 1.893 1.888 1.883 1.88 1.87 1.865 1.862 1.856 1.854 1.852 1.851 1.843 1.842 1.839 1.838 1.831 1.831 1.821 1.799 1.023 0.988 0.98 0.98 0.98 0.98 0.939 0.893 0.889 0.889 0.889 0.889 0.89 0.89 0.89 0.889 0.889 0.885 0.885 0.885 0.89 0.891 0.893 0.895 0.897 0.897 0.897 0.899 0.899 0.904 0.896 0.899 0.899 0.904 0.899 0.899 0.895 0.895 0.893 0.893 0.897 0.897 0.895 0.895 0.895 0.892 0.892 0.892 0.892 0.863 0.61 0.599 0.594 0.587 0.578 0.573 0.56 0.553 0.549 0.543 0.539 0.538 0.532 0.532 0.516 0.516 0.525 0.525 0.525 0.526 0.526 0.518 0.504 0.494 0.491 0.491 0.482 0.48 0.474 0.471 0.465 0.464 0.463 0.462 0.45 0.447 0.447 0.445 0.439 0.438 0.438 0.432 0.429 0.428 0.425 0.425 0.425 0.415 0.413 0.412 0.408 0.402 0.397 0.397 0.393 0.39 0.388 0.384 0.376 0.374 0.373 0.374 0.374 0.374 0.371 0.369 0.367 0.365 0.36 0.359 0.359 0.359 0.358 0.353 0.351 0.349 0.346 0.344 0.344 0.34 0.339 0.334 0.334 0.334 0.334 0.334 0.337 0.331 0.33 0.327 0.327 0.325 0.316 0.316 0.316 0.316 0.316 0.321 0.321 0.321 0.321 0.316 0.313 0.31 0.307 0.303 0.303 0.301 0.296 0.296 0.296 0.295 0.292 0.292 0.292 0.291 0.291 0.291 0.29 0.288 0.288 0.288 0.294 0.295 0.295 0.294 0.284 0.284 0.284 0.282 0.283 0.283 0.283 0.283 0.283 0.28 0.28 0.28 0.28 0.278 0.278 0.275 0.264 0.259 0.259 0.249 0.249 0.249 0.246 0.246 0.246 0.246 0.252 0.252 0.257 0.257 0.252 0.255 0.255 0.248 0.246 0.248 0.248 0.249 0.249 0.249 0.249 0.245 0.245 0.25 0.25 0.249 0.249 0.248 0.248 0.246 0.248 0.249 0.25 0.25 0.252 0.252 0.254 0.254 0.263 0.264 0.27 0.27 0.27 0.274 0.27 0.267 0.267 0.268 0.267 0.262 0.257 0.253 0.253 0.253 0.253 0.255 0.256 0.255 0.255 0.255 0.253 0.252 0.252 0.252 0.248 0.248 0.246 0.246 0.246 0.246 0.245 0.246 0.252 0.252 0.251 0.251 0.251 0.251 0.251 0.252 0.253 0.267 0.287 0.296 0.303 0.303 0.302 0.302 0.302 0.295 0.295 0.297 0.304 0.297 0.299 0.299 0.299 0.299 0.299 0.299 0.304 0.303 0.296 0.295 0.297 0.292 0.287 0.292 0.296 0.296 0.297 0.305 0.306 0.306 0.305 0.296 0.295 0.288 0.284 0.284 0.288 0.29 0.313 0.313 0.313 0.313 3.515 3.515 0 3.515 3.4 3.301 3.299 3.294 3.294 3.292 3.292 3.05 2.998 2.998 2.998 3.033 3.051 3.319 3.351 3.354 0 0 0 0 0 0 1.8 1.757 1.724 1.676 1.66 1.614 1.585 1.542 1.526 1.481 1.462 1.462 1.432 1.415 1.403 1.41 1.41 1.413 1.413 1.414 1.415 1.415 1.422 1.433 1.433 1.435 1.437 1.444 1.45 1.451 1.464 1.465 1.474 1.474 1.477 1.479 1.49 1.498 1.498 1.504 1.508 1.519 1.522 1.529 1.535 1.54 1.541 1.57 1.57 1.57 1.553 1.547 1.517 1.507 1.502 1.475 1.458 1.455 1.44 1.42 1.41 1.394 1.388 1.378 1.359 1.351 1.344 1.329 1.323 1.314 1.302 1.296 1.281 1.269 1.266 1.26 1.252 1.244 1.242 1.226 1.215 1.208 1.205 1.184 1.181 1.177 1.176 1.159 1.151 1.15 1.146 1.13 1.129 1.122 1.118 1.107 1.099 1.099 1.097 1.086 1.085 1.079 1.073 1.069 1.063 1.054 1.05 1.05 1.043 1.042 1.034 1.033 1.023 1.023 1.021 1.013 1.008 1.007 1.006 
1 1 1 1 1 1 1 1 1 1 1 1 1 1 1 1 1 1 1 1 1 1 1 1 1 1 1 1 1 1 1 1 1 1 1 1 1 1 1 1 1 1 1 1 1 1 1 1 1 1 1 1 1 1 1 1 1 1 1 1 1 1 1 1 1 1 1 1 1 1 1 1 1 1 1 1 1 1 1 1 1 1 1 1 1 1 1 1 1 1 1 1 1 1 1 1 1 1 1 1 1 1 1 1 1 1 1 1 1 1 1 1 1 1 1 1 1 1 1 1 1 1 1 1 1 1 1 1 1 1 1 1 1 1 1 1 1 1 1 1 1 1 1 1 1 1 1 1 1 1 1 1 1 1 1 1 1 1 1 1 1 1 1 1 1 1 1 1 1 1 1 1 1 1 1 1 1 1 1 1 1 1 1 1 1 1 1 1 1 1 1 1 1 1 1 1 1 1 1 1 1 1 1 1 1 1 1 1 1 1 1 1 1 1 1 1 1 1 1 1 1 1 1 1 1 1 1 1 1 1 1 1 1 1 1 1 1 1 1 1 1 1 1 1 1 1 1 1 1 1 1 1 1 1 1 1 1 1 1 1 1 1 1 1 1 1 1 1 1 1 1 1 1 1 1 1 1 1 1 1 1 1 1 1 1 1 1 1 1 1 1 1 1 1 1 1 1 1 1 1 1 1 1 1 1 1 1 1 1 1 1 1 1 1 1 1 1 1 1 1 1 1 1 1 1 1 1 1 1 1 1 1 1 1 1 1 1 1 1 1 1 1 1 1 1 1 1 1 1 1 1 1 1 1 1 1 1 1 1 1 1 1 1 1 1 1 1 1 1 1 1 1 1 1 1 1 1 1 1 1 1 1 1 1 1 1 1 1 1 1 1 1 1 1 1 1 1 1 1 1 1 1 1 1 1 1 1 1 1 1 1 1 1 1 1 1 1 1 1 1 1 1 1 1 1 1 1 1 1 1 1 1 1 1 1 1 1 1 1 1 1 1 1 1 1 1 1 1 1 1 1 1 1 1 1 1 1 1 1 1 1 1 1 1 1 1 1 1 1 1 1 1 1 1 1 1 1 1 1 1 1 1 1 1 1 1 1 1 1 1 1 1 1 1 1 1 1 1 1 1 1 1 1 1 1 1 1 1 1 1 1 1 1 1 1 1 1 1 1 1 1 1 1 1 1 1 1 1 1 1 1 1 1 1 1 1 1 1 1 0 1 1 1 1 1 1 1 1 1 1 1 1 1 1 1 1 1 0 0 0 0 0 0 1 1 1 1 1 1 1 1 1 1 1 1 1 1 1 1 1 1 1 1 1 1 1 1 1 1 1 1 1 1 1 1 1 1 1 1 1 1 1 1 1 1 1 1 1 1 1 1 1 1 1 1 1 1 1 1 1 1 1 1 1 1 1 1 1 1 1 1 1 1 1 1 1 1 1 1 1 1 1 1 1 1 1 1 1 1 1 1 1 1 1 1 1 1 1 1 1 1 1 1 1 1 1 1 1 1 1 1 1 1 1 1 1 1 1 1 1 1 1 
