# This file contains a 2D laser scan observation. 
# Its format is: 
# [aperture] [max_range] [number_of_scans] 
# [vector_of_scans] 
# [vector_of_valid_scans] 
# The aperture of the sensor is in radians, the maximum range 
# and measurements are in meters. '1' means a valid scan, '0' otherwise.
4.1847
5.6
682
0.416 0.416 0.416 0.413 0.413 0.413 0.416 0.43 0.433 0.438 0.438 0.439 0.44 0.44 0.448 0.45 0.45 0.45 0.454 0.455 0.458 0.462 0.463 0.466 0.466 0.468 0.473 0.477 0.478 0.478 0.478 0.481 0.489 0.489 0.497 0.497 0.499 0.5 0.504 0.505 0.512 0.514 0.519 0.531 0.535 0.535 0.538 0.544 0.547 0.549 0.551 0.558 0.558 0.569 0.569 0.574 0.583 0.584 0.594 0.602 0.602 0.609 0.611 0.629 0.631 0.633 0.634 0.646 0.651 0.663 0.676 0.676 0.679 0.691 0.693 0.702 0.711 0.724 0.726 0.737 0.753 0.771 0.772 0.787 0.804 0.813 0.818 0.831 0.839 0.861 0.882 0.888 0.896 0.913 0.934 0.939 0.949 0.967 0.985 1.003 1.031 1.051 1.055 1.075 1.083 1.116 1.136 1.154 1.198 1.223 1.25 1.287 1.32 1.336 1.362 1.399 1.475 1.488 1.489 1.489 1.488 1.488 1.485 1.482 1.478 1.477 1.477 1.478 1.474 1.479 1.479 1.473 1.473 1.468 1.465 0.936 0.928 0.914 0.9 0.893 0.883 0.882 0.867 0.86 0.858 0.857 0.852 0.852 0.85 0.847 0.845 0.841 0.841 0.839 0.839 0.839 0.839 0.838 0.838 0.839 0.839 0.839 0.839 0.842 0.842 0.842 0.845 0.848 0.851 0.854 0.854 0.855 0.856 0.861 0.867 0.867 0.883 0.884 0.905 0.917 0.95 1.502 1.504 1.505 1.505 1.506 1.517 1.519 1.52 1.521 1.52 1.523 0.007 1.532 1.454 1.532 1.532 1.541 1.543 1.544 1.554 1.556 1.562 1.564 0.015 0.015 0.015 1.487 1.457 1.444 1.422 1.394 1.387 1.354 1.334 1.302 1.292 1.292 1.247 1.228 1.222 1.203 1.185 1.165 1.15 1.137 1.123 1.105 1.098 1.092 1.077 1.06 1.041 1.035 1.028 1.017 1.012 0.992 0.982 0.969 0.959 0.956 0.937 0.928 0.92 0.911 0.894 0.889 0.888 0.879 0.865 0.864 0.861 0.861 0.857 0.857 0.86 0.861 0.862 0.869 0.876 0.876 0.877 0.888 0.89 0.908 0.94 1 1.99 2.02 2.032 2.032 2.032 2.016 1.994 1.989 1.981 1.964 1.954 1.935 1.924 1.915 1.903 1.885 1.881 1.88 1.862 1.838 1.833 1.831 1.815 1.802 1.796 1.782 1.721 1.658 1.658 1.658 1.674 1.687 1.688 1.688 1.688 1.687 1.674 1.671 1.669 1.65 1.646 1.627 1.622 1.621 1.621 1.62 1.611 1.608 1.6 1.6 1.59 1.57 1.501 1.466 1.466 1.482 1.482 1.505 1.51 1.518 1.536 1.54 1.54 1.536 1.511 1.495 1.494 1.493 1.486 1.482 1.478 1.474 1.468 1.467 1.465 1.458 1.455 1.45 1.443 1.437 1.437 1.434 1.432 1.43 1.425 1.425 1.425 1.418 1.415 1.414 1.406 1.406 1.404 1.404 1.399 1.394 1.393 1.387 1.381 1.379 1.375 1.375 1.375 1.372 1.367 1.367 1.367 1.364 1.362 1.362 1.359 1.334 0.612 0.612 0.609 0.601 0.599 0.581 0.581 0.581 0.588 0.59 0.59 0.59 0.59 0.59 0.589 0.573 0.558 0.492 0.492 0.491 0.49 0.49 0.49 0.49 0.489 0.489 0.489 0.489 0.489 0.492 0.492 0.497 0.498 0.497 0.497 0.496 0.496 0.496 0.496 0.496 0.496 0.492 0.492 0.492 0.493 0.494 0.5 0.502 0.509 0.511 0.511 0.511 0.511 0.511 0.511 0.511 0.513 0.514 0.518 0.519 0.526 0.526 0.526 0.525 0.525 0.525 0.522 0.522 0.522 0.522 0.522 0.526 0.526 0.529 0.529 0.531 0.536 0.538 0.538 0.542 0.542 0.539 0.543 0.546 0.546 0.544 0.546 0.546 0.546 0.546 0.546 0.546 0.539 0.539 0.553 0.556 0.556 0.556 0.557 0.563 0.575 0.575 0.575 0.573 0.571 0.569 0.569 0.569 0.569 0.571 0.572 0.577 0.577 0.577 0.577 0.58 0.582 0.582 0.582 0.585 0.588 0.588 0.596 0.597 0.601 0.601 0.601 0.6 0.599 0.597 0.597 0.599 0.594 0.602 0.602 0.602 0.603 0.61 0.65 0.706 0.714 0.714 0.706 0.684 0.682 0.668 0.665 0.647 0.375 0.31 0.306 0.303 0.297 0.295 0.296 0.293 0.286 0.284 0.283 0.283 0.283 0.287 0.287 0.287 0.287 0.283 0.282 0.283 0.28 0.278 0.28 0.28 0.279 0.279 0.279 0.279 0.28 0.28 0.278 0.278 0.276 0.275 0.274 0.271 0.27 0.264 0.264 0.264 0.262 0.262 0.262 0.262 0.262 0.269 0.269 0.269 0.269 0.267 0.264 0.264 0.264 0.264 0.264 0.268 0.267 0.267 0.268 0.267 0.267 0.261 0.263 0.263 0.263 0.258 0.256 0.255 0.255 0.255 0.253 0.253 0.259 0.261 0.256 0.261 0.264 0.268 0.271 0.272 0.277 0.28 0.28 0.28 0.28 0.278 0.278 0.281 0.285 0.285 0.285 0.28 0.278 0.278 0.28 0.286 0.291 0.291 0.286 0.288 0.287 0.284 0.281 0.286 0.286 0.283 0.286 0.288 0.288 0.288 0.289 0.289 0.288 0.288 0.282 0.282 0.28 0.282 0.282 0.287 0.288 0.289 0.292 0.292 0.292 0.292 0.292 0.294 0.294 0.294 0.294 0.297 0.297 0.298 0.298 0.301 0.298 0.301 0.301 0.306 0.301 0.307 0.305 0.307 0.312 0.313 0.313 0.313 0.313 0.311 0.311 0.314 0.315 0.315 
1 1 1 1 1 1 1 1 1 1 1 1 1 1 1 1 1 1 1 1 1 1 1 1 1 1 1 1 1 1 1 1 1 1 1 1 1 1 1 1 1 1 1 1 1 1 1 1 1 1 1 1 1 1 1 1 1 1 1 1 1 1 1 1 1 1 1 1 1 1 1 1 1 1 1 1 1 1 1 1 1 1 1 1 1 1 1 1 1 1 1 1 1 1 1 1 1 1 1 1 1 1 1 1 1 1 1 1 1 1 1 1 1 1 1 1 1 1 1 1 1 1 1 1 1 1 1 1 1 1 1 1 1 1 1 1 1 1 1 1 1 1 1 1 1 1 1 1 1 1 1 1 1 1 1 1 1 1 1 1 1 1 1 1 1 1 1 1 1 1 1 1 1 1 1 1 1 1 1 1 1 1 1 1 1 1 1 1 1 1 1 1 0 1 1 1 1 1 1 1 1 1 1 1 0 0 0 1 1 1 1 1 1 1 1 1 1 1 1 1 1 1 1 1 1 1 1 1 1 1 1 1 1 1 1 1 1 1 1 1 1 1 1 1 1 1 1 1 1 1 1 1 1 1 1 1 1 1 1 1 1 1 1 1 1 1 1 1 1 1 1 1 1 1 1 1 1 1 1 1 1 1 1 1 1 1 1 1 1 1 1 1 1 1 1 1 1 1 1 1 1 1 1 1 1 1 1 1 1 1 1 1 1 1 1 1 1 1 1 1 1 1 1 1 1 1 1 1 1 1 1 1 1 1 1 1 1 1 1 1 1 1 1 1 1 1 1 1 1 1 1 1 1 1 1 1 1 1 1 1 1 1 1 1 1 1 1 1 1 1 1 1 1 1 1 1 1 1 1 1 1 1 1 1 1 1 1 1 1 1 1 1 1 1 1 1 1 1 1 1 1 1 1 1 1 1 1 1 1 1 1 1 1 1 1 1 1 1 1 1 1 1 1 1 1 1 1 1 1 1 1 1 1 1 1 1 1 1 1 1 1 1 1 1 1 1 1 1 1 1 1 1 1 1 1 1 1 1 1 1 1 1 1 1 1 1 1 1 1 1 1 1 1 1 1 1 1 1 1 1 1 1 1 1 1 1 1 1 1 1 1 1 1 1 1 1 1 1 1 1 1 1 1 1 1 1 1 1 1 1 1 1 1 1 1 1 1 1 1 1 1 1 1 1 1 1 1 1 1 1 1 1 1 1 1 1 1 1 1 1 1 1 1 1 1 1 1 1 1 1 1 1 1 1 1 1 1 1 1 1 1 1 1 1 1 1 1 1 1 1 1 1 1 1 1 1 1 1 1 1 1 1 1 1 1 1 1 1 1 1 1 1 1 1 1 1 1 1 1 1 1 1 1 1 1 1 1 1 1 1 1 1 1 1 1 1 1 1 1 1 1 1 1 1 1 1 1 1 1 1 1 1 1 1 1 1 1 1 1 1 1 1 1 1 1 1 1 1 1 1 1 1 1 1 1 1 1 1 1 1 1 1 1 1 1 1 1 1 1 1 1 1 1 1 1 1 1 1 1 1 1 1 
