# This file contains a 2D laser scan observation. 
# Its format is: 
# [aperture] [max_range] [number_of_scans] 
# [vector_of_scans] 
# [vector_of_valid_scans] 
# The aperture of the sensor is in radians, the maximum range 
# and measurements are in meters. '1' means a valid scan, '0' otherwise.
4.1847
5.6
682
0.421 0.421 0.421 0.422 0.434 0.437 0.438 0.439 0.442 0.442 0.443 0.445 0.454 0.457 0.457 0.457 0.458 0.463 0.463 0.463 0.466 0.466 0.467 0.469 0.473 0.473 0.473 0.477 0.487 0.481 0.487 0.488 0.488 0.495 0.495 0.498 0.5 0.507 0.51 0.511 0.512 0.514 0.52 0.53 0.532 0.532 0.534 0.538 0.539 0.543 0.548 0.551 0.559 0.566 0.569 0.571 0.571 0.577 0.581 0.586 0.589 0.597 0.611 0.615 0.615 0.621 0.628 0.629 0.637 0.644 0.65 0.661 0.662 0.663 0.673 0.681 0.692 0.697 0.701 0.705 0.722 0.727 0.734 0.746 0.747 0.762 0.766 0.781 0.785 0.796 0.811 0.816 0.828 0.85 0.863 0.869 0.874 0.889 0.905 0.916 0.934 0.944 0.969 0.981 0.994 1.025 1.033 1.036 1.062 1.078 1.094 1.115 1.14 1.171 1.2 1.225 1.246 1.293 1.307 1.325 1.356 1.402 1.425 1.459 1.468 1.468 1.474 1.474 1.465 1.464 1.458 1.458 1.458 1.455 1.451 1.45 1.45 1.45 1.45 0.906 0.89 0.872 0.867 0.848 0.844 0.844 0.835 0.834 0.832 0.828 0.826 0.818 0.816 0.813 0.809 0.808 0.805 0.804 0.804 0.804 0.804 0.804 0.805 0.805 0.805 0.805 0.806 0.806 0.807 0.807 0.807 0.808 0.809 0.812 0.812 0.817 0.821 0.821 0.821 0.822 0.825 0.835 0.836 0.838 0.839 0.847 0.855 0.863 0.888 0.911 1.483 1.483 1.484 1.484 1.486 1.489 1.491 1.493 1.494 0.015 0.015 0.015 1.513 1.509 1.509 1.513 1.513 1.518 1.522 1.523 1.523 1.523 1.523 1.473 1.459 1.437 1.437 1.42 1.391 1.374 1.343 1.315 1.293 1.275 1.257 1.249 1.226 1.201 1.192 1.175 1.152 1.151 1.129 1.107 1.103 1.091 1.08 1.068 1.057 1.048 1.018 1.016 0.999 0.998 0.985 0.966 0.953 0.945 0.935 0.919 0.906 0.899 0.893 0.887 0.88 0.866 0.864 0.861 0.847 0.84 0.828 0.827 0.825 0.827 0.825 0.825 0.83 0.832 0.836 0.84 0.846 0.86 0.866 0.868 0.88 0.898 0.916 1.975 1.996 2.007 2.002 2.002 2.002 1.981 1.965 1.957 1.942 1.935 1.919 1.9 1.895 1.877 1.87 1.866 1.848 1.837 1.821 1.817 1.804 1.796 1.781 1.779 1.772 1.754 1.739 1.624 1.619 1.619 1.619 1.637 1.66 1.66 1.66 1.658 1.653 1.637 1.637 1.636 1.624 1.6 1.598 1.597 1.589 1.589 1.577 1.569 1.559 1.557 1.557 1.548 1.524 1.433 1.428 1.428 1.433 1.455 1.466 1.468 1.468 1.476 1.487 1.488 1.488 1.488 1.473 1.467 1.467 1.465 1.455 1.451 1.449 1.439 1.438 1.437 1.435 1.431 1.427 1.425 1.423 1.413 1.413 1.407 1.404 1.401 1.4 1.396 1.391 1.39 1.381 1.38 1.38 1.369 1.369 1.369 1.363 1.363 1.362 1.359 1.359 1.355 1.351 1.351 1.351 1.348 1.348 1.342 1.341 1.34 1.34 1.339 1.332 1.332 1.329 1.328 1.305 1.282 0.61 0.608 0.598 0.598 0.587 0.559 0.554 0.554 0.554 0.554 0.562 0.572 0.573 0.572 0.572 0.559 0.558 0.557 0.536 0.486 0.469 0.468 0.465 0.463 0.463 0.463 0.463 0.464 0.465 0.465 0.467 0.467 0.468 0.468 0.469 0.469 0.473 0.473 0.476 0.477 0.477 0.477 0.477 0.474 0.472 0.471 0.472 0.472 0.474 0.478 0.48 0.488 0.494 0.494 0.491 0.491 0.491 0.491 0.492 0.493 0.495 0.499 0.5 0.503 0.506 0.506 0.51 0.511 0.511 0.511 0.512 0.511 0.507 0.506 0.506 0.506 0.506 0.506 0.511 0.514 0.52 0.52 0.52 0.52 0.52 0.522 0.526 0.528 0.528 0.528 0.527 0.53 0.529 0.529 0.527 0.529 0.529 0.528 0.531 0.535 0.539 0.541 0.543 0.549 0.551 0.557 0.558 0.558 0.558 0.56 0.56 0.56 0.56 0.562 0.565 0.565 0.566 0.574 0.578 0.578 0.578 0.58 0.58 0.58 0.58 0.58 0.58 0.584 0.595 0.599 0.599 0.599 0.599 0.601 0.601 0.601 0.601 0.596 0.596 0.601 0.601 0.601 0.694 0.702 0.702 0.702 0.7 0.687 0.685 0.684 0.673 0.672 0.67 0.663 0.661 0.659 0.659 0.651 0.645 0.634 0.633 0.549 0.314 0.302 0.297 0.297 0.302 0.302 0.297 0.302 0.292 0.292 0.293 0.296 0.293 0.296 0.296 0.296 0.295 0.295 0.295 0.295 0.294 0.294 0.294 0.292 0.292 0.292 0.292 0.292 0.293 0.293 0.293 0.29 0.288 0.288 0.287 0.287 0.282 0.282 0.281 0.277 0.277 0.277 0.278 0.279 0.279 0.279 0.279 0.279 0.278 0.278 0.278 0.289 0.291 0.293 0.295 0.294 0.294 0.294 0.294 0.29 0.288 0.288 0.288 0.287 0.287 0.281 0.281 0.273 0.273 0.273 0.275 0.275 0.277 0.284 0.281 0.284 0.284 0.292 0.298 0.298 0.298 0.302 0.301 0.296 0.301 0.302 0.302 0.311 0.311 0.304 0.306 0.305 0.305 0.306 0.308 0.309 0.309 0.31 0.309 0.308 0.308 0.308 0.308 0.306 0.306 0.313 0.306 0.313 0.315 0.315 0.314 0.32 0.321 0.321 0.321 0.321 0.321 0.321 0.321 0.32 0.319 0.319 0.319 0.328 
1 1 1 1 1 1 1 1 1 1 1 1 1 1 1 1 1 1 1 1 1 1 1 1 1 1 1 1 1 1 1 1 1 1 1 1 1 1 1 1 1 1 1 1 1 1 1 1 1 1 1 1 1 1 1 1 1 1 1 1 1 1 1 1 1 1 1 1 1 1 1 1 1 1 1 1 1 1 1 1 1 1 1 1 1 1 1 1 1 1 1 1 1 1 1 1 1 1 1 1 1 1 1 1 1 1 1 1 1 1 1 1 1 1 1 1 1 1 1 1 1 1 1 1 1 1 1 1 1 1 1 1 1 1 1 1 1 1 1 1 1 1 1 1 1 1 1 1 1 1 1 1 1 1 1 1 1 1 1 1 1 1 1 1 1 1 1 1 1 1 1 1 1 1 1 1 1 1 1 1 1 1 1 1 1 1 1 1 1 1 1 1 1 1 1 1 1 1 1 0 0 0 1 1 1 1 1 1 1 1 1 1 1 1 1 1 1 1 1 1 1 1 1 1 1 1 1 1 1 1 1 1 1 1 1 1 1 1 1 1 1 1 1 1 1 1 1 1 1 1 1 1 1 1 1 1 1 1 1 1 1 1 1 1 1 1 1 1 1 1 1 1 1 1 1 1 1 1 1 1 1 1 1 1 1 1 1 1 1 1 1 1 1 1 1 1 1 1 1 1 1 1 1 1 1 1 1 1 1 1 1 1 1 1 1 1 1 1 1 1 1 1 1 1 1 1 1 1 1 1 1 1 1 1 1 1 1 1 1 1 1 1 1 1 1 1 1 1 1 1 1 1 1 1 1 1 1 1 1 1 1 1 1 1 1 1 1 1 1 1 1 1 1 1 1 1 1 1 1 1 1 1 1 1 1 1 1 1 1 1 1 1 1 1 1 1 1 1 1 1 1 1 1 1 1 1 1 1 1 1 1 1 1 1 1 1 1 1 1 1 1 1 1 1 1 1 1 1 1 1 1 1 1 1 1 1 1 1 1 1 1 1 1 1 1 1 1 1 1 1 1 1 1 1 1 1 1 1 1 1 1 1 1 1 1 1 1 1 1 1 1 1 1 1 1 1 1 1 1 1 1 1 1 1 1 1 1 1 1 1 1 1 1 1 1 1 1 1 1 1 1 1 1 1 1 1 1 1 1 1 1 1 1 1 1 1 1 1 1 1 1 1 1 1 1 1 1 1 1 1 1 1 1 1 1 1 1 1 1 1 1 1 1 1 1 1 1 1 1 1 1 1 1 1 1 1 1 1 1 1 1 1 1 1 1 1 1 1 1 1 1 1 1 1 1 1 1 1 1 1 1 1 1 1 1 1 1 1 1 1 1 1 1 1 1 1 1 1 1 1 1 1 1 1 1 1 1 1 1 1 1 1 1 1 1 1 1 1 1 1 1 1 1 1 1 1 1 1 1 1 1 1 1 1 1 1 1 1 1 1 1 1 1 1 1 1 1 1 1 1 1 1 1 1 1 1 1 1 1 1 1 1 1 1 1 1 1 1 1 1 1 1 1 1 1 1 1 1 1 1 1 1 
