# This file contains a 2D laser scan observation. 
# Its format is: 
# [aperture] [max_range] [number_of_scans] 
# [vector_of_scans] 
# [vector_of_valid_scans] 
# The aperture of the sensor is in radians, the maximum range 
# and measurements are in meters. '1' means a valid scan, '0' otherwise.
4.1847
5.6
682
0.536 0.542 0.542 0.545 0.545 0.545 0.547 0.546 0.546 0.551 0.551 0.551 0.551 0.553 0.555 0.559 0.562 0.562 0.563 0.566 0.567 0.567 0.569 0.571 0.571 0.575 0.58 0.58 0.58 0.58 0.58 0.58 0.588 0.589 0.596 0.597 0.602 0.602 0.608 0.609 0.612 0.613 0.613 0.617 0.62 0.621 0.621 0.621 0.624 0.631 0.632 0.633 0.638 0.642 0.652 0.654 0.66 0.66 0.66 0.661 0.661 0.678 0.679 0.679 0.679 0.691 0.692 0.7 0.706 0.706 0.71 0.711 0.712 0.722 0.726 0.74 0.746 0.749 0.751 0.754 0.755 0.761 0.767 0.77 0.775 0.783 0.784 0.795 0.802 0.804 0.811 0.814 0.827 0.831 0.839 0.844 0.847 0.855 0.863 0.879 0.884 0.896 0.904 0.908 0.913 0.931 0.936 0.95 0.959 0.965 0.973 0.979 0.998 1.01 1.012 1.036 1.048 1.059 1.078 1.081 1.097 1.111 1.124 1.139 1.153 1.17 1.19 1.203 1.221 1.229 1.254 1.278 1.292 1.304 1.331 1.355 1.365 1.365 1.365 0.768 0.752 0.741 0.722 0.722 0.718 0.715 0.711 0.707 0.702 0.698 0.695 0.693 0.687 0.687 0.686 0.684 0.68 0.68 0.679 0.68 0.678 0.674 0.674 0.674 0.673 0.672 0.671 0.67 0.67 0.67 0.67 0.672 0.672 0.672 0.672 0.672 0.672 0.677 0.681 0.683 0.689 0.689 0.691 0.692 0.692 0.693 0.693 0.692 0.693 0.701 0.706 0.708 0.709 0.718 0.722 0.734 0.753 0.793 1.295 1.295 1.299 1.295 1.295 1.3 1.3 1.301 1.301 1.301 1.303 1.303 1.308 1.309 1.31 1.309 1.309 1.309 1.309 1.234 1.234 1.225 1.234 1.236 1.291 1.318 1.326 1.326 1.327 1.333 1.333 1.333 1.337 1.337 1.337 1.332 1.312 1.3 1.3 1.279 1.273 1.251 1.21 1.194 1.169 1.144 1.123 1.117 1.089 1.042 1.037 1.027 0.992 0.989 0.972 0.965 0.965 0.941 0.937 0.897 0.889 0.888 0.863 0.834 0.828 0.82 0.805 0.796 0.768 0.764 0.74 0.733 0.731 0.718 0.712 0.704 0.692 0.684 0.677 0.67 0.666 0.655 0.644 0.644 0.641 0.638 0.637 0.632 0.636 0.636 0.636 0.636 0.636 0.636 0.636 0.636 0.637 0.641 0.644 0.648 0.657 0.658 0.658 0.667 0.672 0.69 0.708 0.722 0.728 1.683 1.742 1.762 1.769 1.788 1.794 1.794 1.794 1.768 1.76 1.749 1.734 1.724 1.712 1.701 1.688 1.681 1.669 1.66 1.648 1.631 1.626 1.621 1.61 1.601 1.596 1.58 1.579 1.563 1.561 1.532 1.532 1.519 1.422 1.416 1.411 1.411 1.411 1.425 1.44 1.444 1.444 1.444 1.436 1.43 1.425 1.419 1.413 1.407 1.398 1.398 1.392 1.387 1.383 1.379 1.378 1.363 1.357 1.355 1.355 1.337 1.337 1.334 1.309 1.236 1.229 1.228 1.229 1.236 1.25 1.258 1.26 1.262 1.276 1.282 1.282 1.282 1.279 1.278 1.272 1.269 1.263 1.259 1.259 1.254 1.252 1.25 1.248 1.243 1.24 1.234 1.234 1.233 1.23 1.228 1.226 1.22 1.22 1.22 1.218 1.214 1.213 1.212 1.208 1.206 1.204 1.202 1.196 1.196 1.196 1.196 1.196 1.196 1.186 1.183 1.183 1.186 1.183 1.183 1.182 1.182 1.18 1.176 1.176 1.176 1.175 1.174 1.173 1.171 1.17 1.171 1.17 1.17 1.169 1.17 1.169 1.17 1.169 1.167 1.167 1.166 1.166 1.166 1.169 1.172 1.172 1.175 1.175 1.175 1.167 1.166 1.162 1.158 1.075 1.057 1.053 1.037 0.931 0.773 0.749 0.737 0.737 0.737 0.731 0.73 0.705 0.7 0.673 0.628 0.591 0.535 0.478 0.453 0.453 0.453 0.462 0.462 0.463 0.462 0.458 0.458 0.435 0.427 0.425 0.425 0.427 0.427 0.422 0.428 0.428 0.428 0.428 0.429 0.431 0.431 0.433 0.433 0.425 0.425 0.433 0.433 0.437 0.438 0.438 0.438 0.405 0.394 0.392 0.39 0.39 0.386 0.384 0.381 0.371 0.364 0.361 0.352 0.352 0.352 0.343 0.343 0.343 0.351 0.352 0.352 0.351 0.353 0.353 0.351 0.357 0.361 0.361 0.361 0.364 0.366 0.369 0.371 0.371 0.372 0.372 0.376 0.379 0.379 0.383 0.384 0.383 0.384 0.387 0.393 0.406 0.416 0.416 0.417 0.417 0.416 0.418 0.419 0.419 0.432 0.436 0.439 0.449 0.45 0.45 0.45 0.45 0.451 0.455 0.451 0.456 0.456 0.456 0.458 0.466 0.473 0.474 0.481 0.487 0.49 0.492 0.495 0.496 0.497 0.5 0.5 0.501 0.502 0.503 0.511 0.514 0.534 0.541 0.547 0.549 0.55 0.552 0.554 0.552 0.554 0.556 0.557 0.557 0.562 0.567 0.569 0.569 0.582 0.584 0.602 0.604 0.613 0.615 0.616 0.616 0.616 0.616 0.618 0.621 0.621 0.69 0.706 0.706 0.706 0.705 0.7 0.7 0.699 0.698 0.697 0.691 0.689 0.689 0.691 0.687 0.687 0.688 0.688 0.687 0.687 0.68 0.68 0.675 0.674 0.676 0.674 0.673 0.673 0.666 0.666 0.666 0.666 0.667 0.671 0.667 0.667 0.666 0.664 0.664 0.664 0.664 0.66 0.657 0.655 0.655 0.655 0.659 0.659 0.659 0.654 0.65 0.646 0.646 0.645 0.645 0.645 
1 1 1 1 1 1 1 1 1 1 1 1 1 1 1 1 1 1 1 1 1 1 1 1 1 1 1 1 1 1 1 1 1 1 1 1 1 1 1 1 1 1 1 1 1 1 1 1 1 1 1 1 1 1 1 1 1 1 1 1 1 1 1 1 1 1 1 1 1 1 1 1 1 1 1 1 1 1 1 1 1 1 1 1 1 1 1 1 1 1 1 1 1 1 1 1 1 1 1 1 1 1 1 1 1 1 1 1 1 1 1 1 1 1 1 1 1 1 1 1 1 1 1 1 1 1 1 1 1 1 1 1 1 1 1 1 1 1 1 1 1 1 1 1 1 1 1 1 1 1 1 1 1 1 1 1 1 1 1 1 1 1 1 1 1 1 1 1 1 1 1 1 1 1 1 1 1 1 1 1 1 1 1 1 1 1 1 1 1 1 1 1 1 1 1 1 1 1 1 1 1 1 1 1 1 1 1 1 1 1 1 1 1 1 1 1 1 1 1 1 1 1 1 1 1 1 1 1 1 1 1 1 1 1 1 1 1 1 1 1 1 1 1 1 1 1 1 1 1 1 1 1 1 1 1 1 1 1 1 1 1 1 1 1 1 1 1 1 1 1 1 1 1 1 1 1 1 1 1 1 1 1 1 1 1 1 1 1 1 1 1 1 1 1 1 1 1 1 1 1 1 1 1 1 1 1 1 1 1 1 1 1 1 1 1 1 1 1 1 1 1 1 1 1 1 1 1 1 1 1 1 1 1 1 1 1 1 1 1 1 1 1 1 1 1 1 1 1 1 1 1 1 1 1 1 1 1 1 1 1 1 1 1 1 1 1 1 1 1 1 1 1 1 1 1 1 1 1 1 1 1 1 1 1 1 1 1 1 1 1 1 1 1 1 1 1 1 1 1 1 1 1 1 1 1 1 1 1 1 1 1 1 1 1 1 1 1 1 1 1 1 1 1 1 1 1 1 1 1 1 1 1 1 1 1 1 1 1 1 1 1 1 1 1 1 1 1 1 1 1 1 1 1 1 1 1 1 1 1 1 1 1 1 1 1 1 1 1 1 1 1 1 1 1 1 1 1 1 1 1 1 1 1 1 1 1 1 1 1 1 1 1 1 1 1 1 1 1 1 1 1 1 1 1 1 1 1 1 1 1 1 1 1 1 1 1 1 1 1 1 1 1 1 1 1 1 1 1 1 1 1 1 1 1 1 1 1 1 1 1 1 1 1 1 1 1 1 1 1 1 1 1 1 1 1 1 1 1 1 1 1 1 1 1 1 1 1 1 1 1 1 1 1 1 1 1 1 1 1 1 1 1 1 1 1 1 1 1 1 1 1 1 1 1 1 1 1 1 1 1 1 1 1 1 1 1 1 1 1 1 1 1 1 1 1 1 1 1 1 1 1 1 1 1 1 1 1 1 1 1 1 1 1 1 1 1 1 1 1 1 1 1 1 1 1 1 1 1 1 1 1 1 1 1 1 1 1 1 1 1 1 1 1 1 1 1 1 1 1 1 1 1 1 1 1 1 1 1 1 1 1 1 
