# This file contains a 2D laser scan observation. 
# Its format is: 
# [aperture] [max_range] [number_of_scans] 
# [vector_of_scans] 
# [vector_of_valid_scans] 
# The aperture of the sensor is in radians, the maximum range 
# and measurements are in meters. '1' means a valid scan, '0' otherwise.
4.1847
5.6
682
0.515 0.517 0.52 0.521 0.522 0.522 0.524 0.526 0.526 0.526 0.527 0.532 0.537 0.53 0.537 0.543 0.543 0.537 0.543 0.55 0.546 0.55 0.552 0.554 0.554 0.554 0.554 0.561 0.562 0.568 0.57 0.571 0.577 0.577 0.584 0.586 0.587 0.591 0.591 0.591 0.592 0.592 0.6 0.602 0.603 0.611 0.611 0.611 0.614 0.616 0.627 0.627 0.629 0.629 0.642 0.646 0.646 0.646 0.647 0.651 0.665 0.669 0.669 0.669 0.68 0.681 0.687 0.689 0.691 0.704 0.707 0.711 0.718 0.721 0.726 0.726 0.741 0.746 0.752 0.76 0.766 0.769 0.771 0.775 0.788 0.796 0.804 0.808 0.826 0.834 0.835 0.836 0.846 0.853 0.867 0.872 0.879 0.89 0.9 0.911 0.918 0.937 0.937 0.947 0.959 0.972 0.979 1 1.015 1.03 1.039 1.048 1.064 1.084 1.093 1.114 1.13 1.134 1.158 1.174 1.192 1.214 1.232 1.246 1.262 1.296 1.314 1.342 1.347 1.347 1.343 1.343 1.336 0.851 0.745 0.736 0.724 0.713 0.699 0.699 0.697 0.69 0.688 0.685 0.684 0.683 0.683 0.683 0.676 0.674 0.668 0.668 0.668 0.672 0.672 0.672 0.672 0.669 0.667 0.662 0.662 0.661 0.661 0.66 0.668 0.663 0.665 0.665 0.665 0.665 0.665 0.665 0.665 0.668 0.67 0.67 0.675 0.676 0.679 0.68 0.681 0.681 0.684 0.687 0.693 0.693 0.696 0.697 0.698 0.698 0.711 0.711 0.733 0.76 0.871 1.293 1.3 1.3 1.301 1.302 1.307 1.306 1.307 1.313 1.313 1.308 1.312 1.312 1.312 1.312 1.312 1.307 1.237 1.198 1.237 1.307 1.326 1.334 1.334 1.338 1.34 1.341 1.341 1.346 1.341 1.347 0.007 0.015 0.015 0.007 1.295 1.267 1.23 1.212 1.179 1.169 1.141 1.124 1.105 1.096 1.079 1.055 1.04 1.022 1.013 0.994 0.972 0.964 0.957 0.937 0.923 0.919 0.909 0.902 0.885 0.875 0.843 0.841 0.838 0.832 0.815 0.799 0.79 0.777 0.769 0.765 0.75 0.744 0.729 0.725 0.716 0.707 0.7 0.697 0.695 0.695 0.683 0.678 0.669 0.666 0.663 0.663 0.661 0.661 0.659 0.661 0.659 0.667 0.668 0.668 0.668 0.67 0.67 0.67 0.686 0.693 0.697 0.697 0.718 0.738 0.76 1.816 1.816 1.816 1.811 1.799 1.793 1.773 1.762 1.758 1.752 1.735 1.721 1.72 1.701 1.696 1.685 1.681 1.665 1.655 1.647 1.639 1.629 1.619 1.602 1.597 1.597 1.583 1.572 1.564 1.447 1.441 1.441 1.447 1.458 1.471 1.49 1.49 1.49 1.486 1.48 1.479 1.465 1.455 1.446 1.445 1.438 1.437 1.427 1.418 1.418 1.417 1.412 1.408 1.405 1.4 1.397 1.376 1.369 1.315 1.286 1.281 1.279 1.279 1.279 1.294 1.299 1.305 1.312 1.315 1.325 1.325 1.325 1.321 1.319 1.318 1.314 1.311 1.309 1.309 1.302 1.293 1.292 1.292 1.288 1.287 1.284 1.282 1.28 1.274 1.271 1.271 1.271 1.266 1.264 1.26 1.257 1.257 1.251 1.25 1.247 1.25 1.247 1.247 1.247 1.242 1.242 1.236 1.236 1.236 1.235 1.235 1.231 1.231 1.225 1.223 1.222 1.22 1.22 1.222 1.223 1.223 1.223 1.223 1.219 1.218 1.212 1.212 1.212 1.214 1.214 1.214 1.214 1.214 1.214 1.216 1.216 1.216 1.221 1.221 1.221 1.221 1.221 1.218 1.211 1.153 1.13 1.13 1.114 1.088 0.835 0.796 0.779 0.778 0.76 0.753 0.743 0.717 0.668 0.593 0.521 0.512 0.512 0.51 0.512 0.514 0.514 0.51 0.514 0.501 0.486 0.486 0.479 0.474 0.475 0.475 0.474 0.475 0.475 0.475 0.474 0.474 0.473 0.471 0.471 0.471 0.482 0.482 0.482 0.479 0.439 0.436 0.435 0.435 0.433 0.428 0.41 0.403 0.398 0.398 0.398 0.4 0.4 0.4 0.399 0.399 0.399 0.402 0.405 0.405 0.402 0.402 0.402 0.402 0.405 0.412 0.417 0.418 0.419 0.419 0.424 0.424 0.424 0.425 0.425 0.425 0.431 0.442 0.446 0.452 0.455 0.456 0.456 0.458 0.458 0.458 0.459 0.467 0.477 0.478 0.478 0.486 0.486 0.486 0.488 0.488 0.488 0.489 0.494 0.494 0.494 0.498 0.505 0.508 0.513 0.513 0.513 0.524 0.524 0.527 0.53 0.53 0.53 0.531 0.53 0.532 0.535 0.536 0.544 0.56 0.566 0.567 0.57 0.576 0.576 0.577 0.58 0.583 0.584 0.584 0.586 0.594 0.595 0.603 0.603 0.608 0.613 0.614 0.629 0.634 0.634 0.634 0.639 0.636 0.634 0.636 0.636 0.636 0.649 0.701 0.738 0.738 0.738 0.738 0.737 0.733 0.724 0.718 0.718 0.717 0.712 0.709 0.708 0.706 0.706 0.702 0.702 0.702 0.696 0.696 0.694 0.69 0.69 0.687 0.687 0.679 0.679 0.679 0.679 0.678 0.679 0.677 0.68 0.682 0.682 0.669 0.673 0.669 0.667 0.667 0.667 0.667 0.668 0.668 0.665 0.651 0.651 0.635 0.493 0.402 0.402 0.399 0.395 0.39 0.387 0.387 0.387 0.39 0.396 0.396 0.396 0.392 0.396 0.396 0.393 0.396 0.399 0.4 0.405 0.406 0.406 0.409 0.409 0.409 0.409 0.408 0.408 0.408 0.403 0.403 0.403 0.411 
1 1 1 1 1 1 1 1 1 1 1 1 1 1 1 1 1 1 1 1 1 1 1 1 1 1 1 1 1 1 1 1 1 1 1 1 1 1 1 1 1 1 1 1 1 1 1 1 1 1 1 1 1 1 1 1 1 1 1 1 1 1 1 1 1 1 1 1 1 1 1 1 1 1 1 1 1 1 1 1 1 1 1 1 1 1 1 1 1 1 1 1 1 1 1 1 1 1 1 1 1 1 1 1 1 1 1 1 1 1 1 1 1 1 1 1 1 1 1 1 1 1 1 1 1 1 1 1 1 1 1 1 1 1 1 1 1 1 1 1 1 1 1 1 1 1 1 1 1 1 1 1 1 1 1 1 1 1 1 1 1 1 1 1 1 1 1 1 1 1 1 1 1 1 1 1 1 1 1 1 1 1 1 1 1 1 1 1 1 1 1 1 1 1 1 1 1 1 1 1 1 1 1 1 1 1 1 1 1 1 1 1 1 1 1 1 1 1 1 1 1 1 1 1 1 1 0 0 0 0 1 1 1 1 1 1 1 1 1 1 1 1 1 1 1 1 1 1 1 1 1 1 1 1 1 1 1 1 1 1 1 1 1 1 1 1 1 1 1 1 1 1 1 1 1 1 1 1 1 1 1 1 1 1 1 1 1 1 1 1 1 1 1 1 1 1 1 1 1 1 1 1 1 1 1 1 1 1 1 1 1 1 1 1 1 1 1 1 1 1 1 1 1 1 1 1 1 1 1 1 1 1 1 1 1 1 1 1 1 1 1 1 1 1 1 1 1 1 1 1 1 1 1 1 1 1 1 1 1 1 1 1 1 1 1 1 1 1 1 1 1 1 1 1 1 1 1 1 1 1 1 1 1 1 1 1 1 1 1 1 1 1 1 1 1 1 1 1 1 1 1 1 1 1 1 1 1 1 1 1 1 1 1 1 1 1 1 1 1 1 1 1 1 1 1 1 1 1 1 1 1 1 1 1 1 1 1 1 1 1 1 1 1 1 1 1 1 1 1 1 1 1 1 1 1 1 1 1 1 1 1 1 1 1 1 1 1 1 1 1 1 1 1 1 1 1 1 1 1 1 1 1 1 1 1 1 1 1 1 1 1 1 1 1 1 1 1 1 1 1 1 1 1 1 1 1 1 1 1 1 1 1 1 1 1 1 1 1 1 1 1 1 1 1 1 1 1 1 1 1 1 1 1 1 1 1 1 1 1 1 1 1 1 1 1 1 1 1 1 1 1 1 1 1 1 1 1 1 1 1 1 1 1 1 1 1 1 1 1 1 1 1 1 1 1 1 1 1 1 1 1 1 1 1 1 1 1 1 1 1 1 1 1 1 1 1 1 1 1 1 1 1 1 1 1 1 1 1 1 1 1 1 1 1 1 1 1 1 1 1 1 1 1 1 1 1 1 1 1 1 1 1 1 1 1 1 1 1 1 1 1 1 1 1 1 1 1 1 1 1 1 1 1 1 1 1 1 1 1 1 1 1 1 1 1 1 1 1 1 1 1 1 1 1 1 1 1 1 1 1 1 1 
