# This file contains a 2D laser scan observation. 
# Its format is: 
# [aperture] [max_range] [number_of_scans] 
# [vector_of_scans] 
# [vector_of_valid_scans] 
# The aperture of the sensor is in radians, the maximum range 
# and measurements are in meters. '1' means a valid scan, '0' otherwise.
4.1847
5.6
682
0.543 0.548 0.551 0.551 0.554 0.559 0.559 0.56 0.563 0.566 0.569 0.57 0.573 0.577 0.58 0.584 0.592 0.601 0.603 0.609 0.609 0.61 0.61 0.61 0.61 0.626 0.626 0.628 0.635 0.635 0.636 0.645 0.657 0.658 0.66 0.664 0.67 0.673 0.677 0.682 0.69 0.69 0.698 0.709 0.71 0.715 0.719 0.732 0.735 0.74 0.741 0.752 0.765 0.77 0.773 0.784 0.785 0.802 0.807 0.816 0.821 0.84 0.845 0.852 0.865 0.873 0.886 0.902 0.904 0.929 0.929 0.936 0.958 0.966 0.971 0.984 1.004 1.017 1.02 1.033 1.05 1.065 1.083 1.099 1.106 1.128 1.141 1.156 1.173 1.206 1.216 1.231 1.264 1.278 1.3 1.316 1.347 1.381 1.404 1.404 1.404 1.404 1.402 1.4 1.402 1.395 1.392 0.835 0.812 0.788 0.78 0.774 0.758 0.755 0.754 0.754 0.752 0.752 0.746 0.742 0.742 0.739 0.739 0.733 0.733 0.732 0.732 0.726 0.726 0.725 0.726 0.726 0.731 0.728 0.728 0.728 0.728 0.724 0.724 0.723 0.723 0.723 0.724 0.724 0.73 0.728 0.728 0.73 0.73 0.73 0.732 0.732 0.734 0.74 0.746 0.748 0.749 0.751 0.757 0.761 0.764 0.786 0.806 0.821 1.375 1.377 1.381 1.381 1.383 1.383 1.387 1.387 1.387 1.387 1.387 1.379 1.387 1.379 1.368 1.301 1.368 1.368 1.402 1.404 1.406 1.407 1.412 1.416 1.423 1.425 1.425 1.423 1.401 1.356 1.335 1.335 1.335 1.31 1.298 1.264 1.246 1.228 1.196 1.181 1.179 1.156 1.129 1.092 1.092 1.076 1.046 1.044 1.026 1.009 0.988 0.982 0.979 0.955 0.949 0.932 0.907 0.905 0.903 0.89 0.867 0.857 0.853 0.834 0.829 0.816 0.814 0.793 0.793 0.787 0.769 0.768 0.765 0.755 0.746 0.741 0.736 0.73 0.729 0.721 0.721 0.721 0.729 0.731 0.734 0.737 0.737 0.738 0.738 0.74 0.748 0.761 0.761 0.762 0.804 0.805 0.822 1.769 1.883 1.898 1.921 1.941 1.921 1.898 1.868 1.857 1.836 1.835 1.815 1.8 1.789 1.772 1.766 1.763 1.747 1.734 1.726 1.716 1.711 1.698 1.686 1.679 1.672 1.662 1.645 1.644 1.619 1.522 1.514 1.514 1.514 1.526 1.541 1.541 1.55 1.55 1.55 1.545 1.521 1.52 1.511 1.505 1.502 1.499 1.489 1.487 1.482 1.476 1.473 1.468 1.449 1.446 1.446 1.438 1.422 1.337 1.329 1.327 1.329 1.337 1.358 1.359 1.364 1.377 1.377 1.378 1.378 1.378 1.372 1.368 1.368 1.363 1.361 1.355 1.355 1.348 1.348 1.341 1.336 1.334 1.327 1.326 1.325 1.321 1.32 1.314 1.31 1.309 1.306 1.304 1.304 1.304 1.301 1.3 1.294 1.293 1.292 1.291 1.288 1.285 1.283 1.28 1.277 1.274 1.274 1.273 1.273 1.273 1.27 1.264 1.264 1.264 1.263 1.258 1.258 1.258 1.257 1.251 1.251 1.251 1.251 1.251 1.251 1.251 1.251 1.245 1.245 1.25 1.242 1.241 1.241 1.241 1.241 1.24 1.24 1.238 1.16 0.863 0.784 0.534 0.534 0.533 0.534 0.537 0.537 0.533 0.497 0.495 0.493 0.492 0.488 0.488 0.492 0.492 0.498 0.498 0.496 0.496 0.493 0.493 0.493 0.493 0.493 0.493 0.454 0.449 0.448 0.437 0.412 0.412 0.412 0.406 0.406 0.406 0.406 0.406 0.401 0.41 0.41 0.411 0.414 0.416 0.416 0.417 0.417 0.418 0.417 0.421 0.419 0.422 0.422 0.425 0.425 0.427 0.427 0.427 0.427 0.427 0.434 0.435 0.435 0.443 0.447 0.45 0.45 0.45 0.45 0.453 0.453 0.456 0.456 0.458 0.46 0.466 0.466 0.467 0.471 0.47 0.472 0.474 0.474 0.474 0.475 0.476 0.475 0.479 0.479 0.486 0.486 0.491 0.498 0.503 0.509 0.509 0.509 0.509 0.509 0.509 0.509 0.51 0.512 0.512 0.512 0.512 0.512 0.514 0.515 0.516 0.517 0.531 0.538 0.548 0.548 0.549 0.55 0.556 0.556 0.556 0.556 0.553 0.553 0.551 0.553 0.558 0.563 0.565 0.569 0.571 0.575 0.578 0.583 0.592 0.593 0.601 0.605 0.61 0.61 0.605 0.605 0.605 0.605 0.605 0.608 0.61 0.611 0.697 0.698 0.698 0.701 0.701 0.694 0.692 0.691 0.683 0.682 0.682 0.682 0.673 0.672 0.673 0.67 0.665 0.662 0.661 0.656 0.656 0.652 0.646 0.644 0.641 0.644 0.639 0.639 0.639 0.639 0.636 0.631 0.631 0.631 0.631 0.626 0.626 0.621 0.619 0.618 0.618 0.617 0.612 0.349 0.349 0.346 0.346 0.349 0.349 0.346 0.346 0.344 0.341 0.341 0.341 0.343 0.343 0.343 0.343 0.338 0.338 0.338 0.34 0.34 0.345 0.345 0.345 0.346 0.345 0.344 0.344 0.344 0.343 0.34 0.34 0.337 0.337 0.34 0.342 0.343 0.345 0.343 0.346 0.346 0.346 0.34 0.346 0.336 0.345 0.341 0.341 0.341 0.342 0.342 0.342 0.346 0.346 0.348 0.349 0.349 0.346 0.349 0.354 0.354 0.354 0.354 0.359 0.359 0.372 0.373 0.376 0.377 0.377 0.377 0.378 0.382 0.378 0.381 0.381 0.387 0.381 0.383 0.387 0.387 0.383 0.39 0.39 0.39 0.384 0.398 0.398 0.402 0.402 
1 1 1 1 1 1 1 1 1 1 1 1 1 1 1 1 1 1 1 1 1 1 1 1 1 1 1 1 1 1 1 1 1 1 1 1 1 1 1 1 1 1 1 1 1 1 1 1 1 1 1 1 1 1 1 1 1 1 1 1 1 1 1 1 1 1 1 1 1 1 1 1 1 1 1 1 1 1 1 1 1 1 1 1 1 1 1 1 1 1 1 1 1 1 1 1 1 1 1 1 1 1 1 1 1 1 1 1 1 1 1 1 1 1 1 1 1 1 1 1 1 1 1 1 1 1 1 1 1 1 1 1 1 1 1 1 1 1 1 1 1 1 1 1 1 1 1 1 1 1 1 1 1 1 1 1 1 1 1 1 1 1 1 1 1 1 1 1 1 1 1 1 1 1 1 1 1 1 1 1 1 1 1 1 1 1 1 1 1 1 1 1 1 1 1 1 1 1 1 1 1 1 1 1 1 1 1 1 1 1 1 1 1 1 1 1 1 1 1 1 1 1 1 1 1 1 1 1 1 1 1 1 1 1 1 1 1 1 1 1 1 1 1 1 1 1 1 1 1 1 1 1 1 1 1 1 1 1 1 1 1 1 1 1 1 1 1 1 1 1 1 1 1 1 1 1 1 1 1 1 1 1 1 1 1 1 1 1 1 1 1 1 1 1 1 1 1 1 1 1 1 1 1 1 1 1 1 1 1 1 1 1 1 1 1 1 1 1 1 1 1 1 1 1 1 1 1 1 1 1 1 1 1 1 1 1 1 1 1 1 1 1 1 1 1 1 1 1 1 1 1 1 1 1 1 1 1 1 1 1 1 1 1 1 1 1 1 1 1 1 1 1 1 1 1 1 1 1 1 1 1 1 1 1 1 1 1 1 1 1 1 1 1 1 1 1 1 1 1 1 1 1 1 1 1 1 1 1 1 1 1 1 1 1 1 1 1 1 1 1 1 1 1 1 1 1 1 1 1 1 1 1 1 1 1 1 1 1 1 1 1 1 1 1 1 1 1 1 1 1 1 1 1 1 1 1 1 1 1 1 1 1 1 1 1 1 1 1 1 1 1 1 1 1 1 1 1 1 1 1 1 1 1 1 1 1 1 1 1 1 1 1 1 1 1 1 1 1 1 1 1 1 1 1 1 1 1 1 1 1 1 1 1 1 1 1 1 1 1 1 1 1 1 1 1 1 1 1 1 1 1 1 1 1 1 1 1 1 1 1 1 1 1 1 1 1 1 1 1 1 1 1 1 1 1 1 1 1 1 1 1 1 1 1 1 1 1 1 1 1 1 1 1 1 1 1 1 1 1 1 1 1 1 1 1 1 1 1 1 1 1 1 1 1 1 1 1 1 1 1 1 1 1 1 1 1 1 1 1 1 1 1 1 1 1 1 1 1 1 1 1 1 1 1 1 1 1 1 1 1 1 1 1 1 1 1 1 1 1 1 1 1 1 1 1 1 1 1 1 1 1 1 1 1 1 1 1 1 1 1 1 1 1 1 1 1 1 1 1 1 1 1 1 1 1 1 1 1 1 1 1 1 
