# This file contains a 2D laser scan observation. 
# Its format is: 
# [aperture] [max_range] [number_of_scans] 
# [vector_of_scans] 
# [vector_of_valid_scans] 
# The aperture of the sensor is in radians, the maximum range 
# and measurements are in meters. '1' means a valid scan, '0' otherwise.
4.1847
5.6
682
0.649 0.658 0.666 0.673 0.674 0.674 0.691 0.692 0.705 0.712 0.713 0.713 0.723 0.737 0.739 0.75 0.756 0.763 0.78 0.796 0.801 0.809 0.826 0.832 0.838 0.84 0.855 0.873 0.881 0.89 0.908 0.922 0.937 0.951 0.956 0.98 0.99 1.013 1.021 1.051 1.056 1.063 1.092 1.102 1.118 1.135 1.165 1.194 1.198 1.233 1.256 1.265 1.307 1.337 1.345 1.38 1.415 1.491 1.493 1.494 1.494 1.494 1.494 1.488 1.486 1.482 1.481 1.478 1.477 1.476 1.474 1.476 1.474 1.443 0.923 0.904 0.89 0.885 0.871 0.865 0.861 0.861 0.85 0.848 0.846 0.84 0.84 0.84 0.836 0.833 0.83 0.83 0.83 0.826 0.83 0.829 0.829 0.831 0.831 0.831 0.831 0.831 0.83 0.831 0.831 0.833 0.834 0.839 0.845 0.846 0.851 0.854 0.865 0.865 0.867 0.875 0.889 0.898 0.9 0.915 1.478 1.489 1.491 1.491 1.493 1.494 1.497 1.5 1.501 1.502 1.501 1.5 1.507 1.445 1.404 1.445 1.518 1.518 1.521 1.526 1.534 1.535 1.542 1.543 1.543 1.552 0.007 1.485 1.435 1.435 1.42 1.402 1.372 1.347 1.312 1.287 1.274 1.272 1.229 1.207 1.194 1.183 1.168 1.148 1.136 1.127 1.1 1.089 1.078 1.065 1.058 1.032 1.029 1.024 1.001 0.987 0.973 0.961 0.941 0.94 0.924 0.918 0.908 0.896 0.89 0.879 0.87 0.861 0.845 0.845 0.839 0.828 0.828 0.828 0.833 0.833 0.833 0.842 0.849 0.849 0.852 0.852 0.852 0.863 0.881 0.908 0.924 1.934 1.959 1.976 1.976 1.98 2.001 2.001 2.001 1.998 1.975 1.96 1.948 1.93 1.923 1.911 1.895 1.882 1.868 1.859 1.843 1.842 1.829 1.822 1.805 1.801 1.786 1.776 1.765 1.762 1.735 1.639 1.625 1.625 1.625 1.65 1.656 1.656 1.656 1.655 1.632 1.63 1.626 1.608 1.597 1.595 1.584 1.581 1.581 1.573 1.573 1.566 1.561 1.536 1.532 1.523 1.434 1.42 1.419 1.419 1.42 1.452 1.455 1.47 1.472 1.476 1.476 1.476 1.473 1.47 1.463 1.459 1.455 1.451 1.44 1.434 1.431 1.429 1.427 1.42 1.418 1.414 1.41 1.406 1.404 1.397 1.395 1.391 1.389 1.386 1.381 1.378 1.375 1.374 1.37 1.367 1.36 1.359 1.356 1.354 1.348 1.347 1.347 1.341 1.346 1.34 1.334 1.333 1.334 1.333 1.333 1.33 1.324 1.323 1.323 1.318 1.312 0.593 0.59 0.589 0.589 0.55 0.55 0.549 0.55 0.55 0.553 0.551 0.553 0.553 0.553 0.551 0.542 0.538 0.502 0.45 0.449 0.449 0.447 0.449 0.449 0.453 0.455 0.455 0.455 0.458 0.458 0.452 0.458 0.457 0.452 0.457 0.458 0.466 0.468 0.468 0.467 0.467 0.467 0.464 0.464 0.467 0.467 0.467 0.468 0.47 0.479 0.479 0.48 0.48 0.482 0.482 0.482 0.479 0.479 0.479 0.479 0.482 0.488 0.489 0.49 0.495 0.49 0.49 0.489 0.489 0.489 0.489 0.486 0.486 0.486 0.491 0.491 0.493 0.493 0.496 0.5 0.502 0.504 0.506 0.509 0.511 0.511 0.511 0.509 0.507 0.506 0.504 0.504 0.504 0.504 0.504 0.504 0.506 0.506 0.506 0.507 0.51 0.514 0.515 0.526 0.529 0.53 0.531 0.531 0.532 0.536 0.536 0.536 0.538 0.538 0.538 0.539 0.539 0.54 0.544 0.544 0.545 0.546 0.546 0.549 0.55 0.555 0.557 0.558 0.558 0.571 0.574 0.574 0.575 0.575 0.575 0.575 0.574 0.574 0.574 0.574 0.574 0.578 0.578 0.584 0.603 0.675 0.678 0.678 0.678 0.675 0.668 0.663 0.659 0.649 0.642 0.637 0.637 0.634 0.634 0.623 0.617 0.601 0.359 0.276 0.275 0.275 0.271 0.264 0.262 0.256 0.256 0.256 0.256 0.256 0.256 0.256 0.258 0.258 0.255 0.258 0.255 0.255 0.255 0.257 0.255 0.253 0.257 0.252 0.252 0.255 0.255 0.255 0.255 0.251 0.246 0.246 0.246 0.243 0.243 0.243 0.243 0.241 0.243 0.243 0.24 0.24 0.243 0.243 0.243 0.243 0.242 0.242 0.242 0.239 0.242 0.242 0.244 0.246 0.246 0.244 0.246 0.241 0.241 0.241 0.24 0.238 0.236 0.236 0.238 0.243 0.243 0.243 0.243 0.243 0.243 0.243 0.243 0.242 0.235 0.235 0.233 0.233 0.235 0.236 0.247 0.248 0.254 0.256 0.261 0.261 0.261 0.261 0.263 0.269 0.269 0.269 0.27 0.27 0.27 0.27 0.269 0.263 0.262 0.261 0.261 0.262 0.268 0.272 0.272 0.273 0.273 0.272 0.272 0.272 0.27 0.27 0.274 0.27 0.277 0.277 0.277 0.274 0.277 0.277 0.28 0.28 0.28 0.282 0.283 0.282 0.285 0.292 0.292 0.288 0.288 0.292 0.288 0.288 0.292 0.292 0.292 0.292 0.291 0.291 0.291 0.297 0.301 0.301 0.301 0.301 0.301 0.301 0.301 0.309 0.309 0.31 0.311 0.311 0.323 0.323 0.324 0.323 0.322 0.322 0.327 0.322 0.327 0.329 0.329 0.33 0.33 0.33 0.33 0.334 0.334 0.337 0.34 0.339 0.34 0.341 0.348 0.351 0.352 0.356 0.358 0.361 0.361 0.367 0.369 0.369 0.367 0.372 0.372 0.373 0.377 0.383 0.385 0.385 0.385 
1 1 1 1 1 1 1 1 1 1 1 1 1 1 1 1 1 1 1 1 1 1 1 1 1 1 1 1 1 1 1 1 1 1 1 1 1 1 1 1 1 1 1 1 1 1 1 1 1 1 1 1 1 1 1 1 1 1 1 1 1 1 1 1 1 1 1 1 1 1 1 1 1 1 1 1 1 1 1 1 1 1 1 1 1 1 1 1 1 1 1 1 1 1 1 1 1 1 1 1 1 1 1 1 1 1 1 1 1 1 1 1 1 1 1 1 1 1 1 1 1 1 1 1 1 1 1 1 1 1 1 1 1 1 1 1 1 1 1 1 1 1 1 1 1 1 0 1 1 1 1 1 1 1 1 1 1 1 1 1 1 1 1 1 1 1 1 1 1 1 1 1 1 1 1 1 1 1 1 1 1 1 1 1 1 1 1 1 1 1 1 1 1 1 1 1 1 1 1 1 1 1 1 1 1 1 1 1 1 1 1 1 1 1 1 1 1 1 1 1 1 1 1 1 1 1 1 1 1 1 1 1 1 1 1 1 1 1 1 1 1 1 1 1 1 1 1 1 1 1 1 1 1 1 1 1 1 1 1 1 1 1 1 1 1 1 1 1 1 1 1 1 1 1 1 1 1 1 1 1 1 1 1 1 1 1 1 1 1 1 1 1 1 1 1 1 1 1 1 1 1 1 1 1 1 1 1 1 1 1 1 1 1 1 1 1 1 1 1 1 1 1 1 1 1 1 1 1 1 1 1 1 1 1 1 1 1 1 1 1 1 1 1 1 1 1 1 1 1 1 1 1 1 1 1 1 1 1 1 1 1 1 1 1 1 1 1 1 1 1 1 1 1 1 1 1 1 1 1 1 1 1 1 1 1 1 1 1 1 1 1 1 1 1 1 1 1 1 1 1 1 1 1 1 1 1 1 1 1 1 1 1 1 1 1 1 1 1 1 1 1 1 1 1 1 1 1 1 1 1 1 1 1 1 1 1 1 1 1 1 1 1 1 1 1 1 1 1 1 1 1 1 1 1 1 1 1 1 1 1 1 1 1 1 1 1 1 1 1 1 1 1 1 1 1 1 1 1 1 1 1 1 1 1 1 1 1 1 1 1 1 1 1 1 1 1 1 1 1 1 1 1 1 1 1 1 1 1 1 1 1 1 1 1 1 1 1 1 1 1 1 1 1 1 1 1 1 1 1 1 1 1 1 1 1 1 1 1 1 1 1 1 1 1 1 1 1 1 1 1 1 1 1 1 1 1 1 1 1 1 1 1 1 1 1 1 1 1 1 1 1 1 1 1 1 1 1 1 1 1 1 1 1 1 1 1 1 1 1 1 1 1 1 1 1 1 1 1 1 1 1 1 1 1 1 1 1 1 1 1 1 1 1 1 1 1 1 1 1 1 1 1 1 1 1 1 1 1 1 1 1 1 1 1 1 1 1 1 1 1 1 1 1 1 1 1 1 1 1 1 1 1 1 1 1 1 1 1 1 1 1 1 1 1 1 1 1 1 1 1 1 1 1 1 1 1 1 1 1 1 1 1 
