# This file contains a 2D laser scan observation. 
# Its format is: 
# [aperture] [max_range] [number_of_scans] 
# [vector_of_scans] 
# [vector_of_valid_scans] 
# The aperture of the sensor is in radians, the maximum range 
# and measurements are in meters. '1' means a valid scan, '0' otherwise.
4.1847
5.6
682
0.674 0.688 0.697 0.701 0.706 0.714 0.722 0.726 0.728 0.749 0.755 0.76 0.774 0.781 0.788 0.793 0.809 0.818 0.834 0.847 0.858 0.861 0.875 0.895 0.906 0.915 0.935 0.941 0.963 0.97 0.997 1.018 1.019 1.043 1.072 1.074 1.079 1.117 1.123 1.138 1.162 1.197 1.202 1.224 1.258 1.291 1.307 1.341 1.361 1.389 1.444 1.5 1.508 1.508 1.505 1.505 1.502 1.501 1.501 1.501 1.5 1.5 1.497 1.494 1.494 1.494 1.493 1.49 0.962 0.946 0.921 0.909 0.898 0.887 0.88 0.879 0.87 0.865 0.865 0.861 0.858 0.847 0.847 0.847 0.847 0.846 0.846 0.846 0.845 0.845 0.845 0.845 0.846 0.846 0.846 0.846 0.846 0.853 0.853 0.855 0.855 0.856 0.858 0.859 0.861 0.871 0.872 0.875 0.886 0.891 0.905 0.919 0.923 0.949 1.502 1.506 1.51 1.51 1.51 1.513 1.516 1.517 1.519 1.525 1.526 1.526 1.526 1.525 1.45 1.45 1.525 1.544 1.545 1.55 1.552 1.559 1.562 1.562 1.562 1.509 1.464 1.434 1.434 1.434 1.402 1.391 1.357 1.326 1.31 1.293 1.282 1.249 1.226 1.212 1.2 1.18 1.164 1.145 1.129 1.113 1.097 1.088 1.085 1.073 1.041 1.036 1.034 1.023 1.013 0.992 0.965 0.964 0.943 0.936 0.934 0.923 0.91 0.908 0.892 0.878 0.874 0.862 0.857 0.844 0.844 0.844 0.85 0.851 0.851 0.853 0.857 0.863 0.867 0.869 0.88 0.882 0.896 0.919 0.935 1.944 1.966 1.989 1.989 1.995 2.006 2.021 2.021 2.021 2.002 1.984 1.974 1.96 1.945 1.934 1.92 1.901 1.901 1.889 1.865 1.854 1.851 1.827 1.822 1.818 1.799 1.798 1.778 1.768 1.765 1.655 1.642 1.642 1.655 1.658 1.678 1.678 1.678 1.664 1.657 1.655 1.647 1.638 1.616 1.612 1.611 1.601 1.594 1.588 1.585 1.583 1.574 1.557 1.538 1.501 1.463 1.45 1.444 1.444 1.45 1.464 1.475 1.476 1.487 1.504 1.504 1.504 1.487 1.473 1.473 1.468 1.467 1.464 1.459 1.45 1.447 1.441 1.44 1.434 1.431 1.429 1.421 1.416 1.414 1.412 1.41 1.406 1.403 1.397 1.395 1.394 1.387 1.384 1.383 1.377 1.377 1.373 1.368 1.368 1.364 1.354 1.354 1.353 1.351 1.349 1.349 1.349 1.348 1.346 1.339 1.337 1.326 1.224 0.61 0.599 0.597 0.597 0.555 0.555 0.555 0.561 0.561 0.566 0.566 0.567 0.561 0.561 0.554 0.551 0.506 0.46 0.458 0.458 0.46 0.462 0.462 0.462 0.463 0.463 0.461 0.463 0.463 0.464 0.464 0.465 0.465 0.465 0.467 0.469 0.471 0.469 0.469 0.468 0.468 0.464 0.468 0.469 0.469 0.469 0.478 0.482 0.488 0.488 0.488 0.488 0.487 0.486 0.484 0.484 0.484 0.485 0.492 0.493 0.495 0.498 0.498 0.498 0.5 0.496 0.496 0.497 0.5 0.497 0.5 0.5 0.501 0.499 0.501 0.502 0.503 0.503 0.503 0.503 0.507 0.507 0.507 0.511 0.516 0.516 0.515 0.515 0.51 0.51 0.51 0.51 0.513 0.513 0.513 0.513 0.513 0.517 0.52 0.525 0.525 0.528 0.529 0.536 0.537 0.537 0.538 0.539 0.539 0.541 0.541 0.54 0.539 0.54 0.539 0.54 0.539 0.54 0.543 0.543 0.543 0.547 0.548 0.548 0.552 0.553 0.557 0.559 0.566 0.569 0.571 0.577 0.577 0.576 0.576 0.576 0.569 0.569 0.576 0.576 0.576 0.576 0.58 0.587 0.659 0.674 0.674 0.674 0.668 0.665 0.661 0.649 0.643 0.636 0.631 0.579 0.28 0.268 0.267 0.256 0.256 0.256 0.256 0.256 0.257 0.256 0.254 0.254 0.249 0.249 0.249 0.249 0.249 0.249 0.249 0.247 0.248 0.248 0.248 0.242 0.242 0.242 0.241 0.24 0.24 0.24 0.24 0.24 0.233 0.238 0.235 0.233 0.235 0.236 0.235 0.235 0.235 0.235 0.23 0.233 0.233 0.233 0.233 0.234 0.234 0.232 0.231 0.229 0.227 0.226 0.226 0.229 0.229 0.229 0.229 0.229 0.229 0.225 0.229 0.231 0.231 0.231 0.232 0.232 0.232 0.232 0.232 0.232 0.23 0.23 0.23 0.232 0.229 0.229 0.225 0.223 0.219 0.221 0.221 0.223 0.228 0.238 0.241 0.243 0.243 0.243 0.248 0.248 0.243 0.249 0.249 0.248 0.248 0.249 0.248 0.248 0.249 0.249 0.246 0.246 0.246 0.245 0.246 0.249 0.251 0.251 0.251 0.251 0.251 0.251 0.253 0.253 0.253 0.253 0.254 0.254 0.255 0.255 0.256 0.255 0.256 0.257 0.26 0.259 0.262 0.259 0.262 0.26 0.26 0.259 0.26 0.26 0.261 0.275 0.275 0.271 0.275 0.272 0.271 0.272 0.275 0.275 0.275 0.275 0.287 0.29 0.282 0.282 0.29 0.282 0.282 0.286 0.286 0.284 0.286 0.288 0.288 0.288 0.29 0.293 0.293 0.29 0.298 0.298 0.298 0.297 0.298 0.302 0.303 0.305 0.307 0.31 0.319 0.31 0.31 0.31 0.312 0.312 0.323 0.327 0.327 0.327 0.331 0.331 0.336 0.336 0.336 0.34 0.341 0.341 0.346 0.344 0.349 0.349 0.349 0.349 0.349 0.353 0.356 0.356 0.356 0.365 0.371 0.371 0.375 0.375 0.378 0.379 0.385 0.385 
1 1 1 1 1 1 1 1 1 1 1 1 1 1 1 1 1 1 1 1 1 1 1 1 1 1 1 1 1 1 1 1 1 1 1 1 1 1 1 1 1 1 1 1 1 1 1 1 1 1 1 1 1 1 1 1 1 1 1 1 1 1 1 1 1 1 1 1 1 1 1 1 1 1 1 1 1 1 1 1 1 1 1 1 1 1 1 1 1 1 1 1 1 1 1 1 1 1 1 1 1 1 1 1 1 1 1 1 1 1 1 1 1 1 1 1 1 1 1 1 1 1 1 1 1 1 1 1 1 1 1 1 1 1 1 1 1 1 1 1 1 1 1 1 1 1 1 1 1 1 1 1 1 1 1 1 1 1 1 1 1 1 1 1 1 1 1 1 1 1 1 1 1 1 1 1 1 1 1 1 1 1 1 1 1 1 1 1 1 1 1 1 1 1 1 1 1 1 1 1 1 1 1 1 1 1 1 1 1 1 1 1 1 1 1 1 1 1 1 1 1 1 1 1 1 1 1 1 1 1 1 1 1 1 1 1 1 1 1 1 1 1 1 1 1 1 1 1 1 1 1 1 1 1 1 1 1 1 1 1 1 1 1 1 1 1 1 1 1 1 1 1 1 1 1 1 1 1 1 1 1 1 1 1 1 1 1 1 1 1 1 1 1 1 1 1 1 1 1 1 1 1 1 1 1 1 1 1 1 1 1 1 1 1 1 1 1 1 1 1 1 1 1 1 1 1 1 1 1 1 1 1 1 1 1 1 1 1 1 1 1 1 1 1 1 1 1 1 1 1 1 1 1 1 1 1 1 1 1 1 1 1 1 1 1 1 1 1 1 1 1 1 1 1 1 1 1 1 1 1 1 1 1 1 1 1 1 1 1 1 1 1 1 1 1 1 1 1 1 1 1 1 1 1 1 1 1 1 1 1 1 1 1 1 1 1 1 1 1 1 1 1 1 1 1 1 1 1 1 1 1 1 1 1 1 1 1 1 1 1 1 1 1 1 1 1 1 1 1 1 1 1 1 1 1 1 1 1 1 1 1 1 1 1 1 1 1 1 1 1 1 1 1 1 1 1 1 1 1 1 1 1 1 1 1 1 1 1 1 1 1 1 1 1 1 1 1 1 1 1 1 1 1 1 1 1 1 1 1 1 1 1 1 1 1 1 1 1 1 1 1 1 1 1 1 1 1 1 1 1 1 1 1 1 1 1 1 1 1 1 1 1 1 1 1 1 1 1 1 1 1 1 1 1 1 1 1 1 1 1 1 1 1 1 1 1 1 1 1 1 1 1 1 1 1 1 1 1 1 1 1 1 1 1 1 1 1 1 1 1 1 1 1 1 1 1 1 1 1 1 1 1 1 1 1 1 1 1 1 1 1 1 1 1 1 1 1 1 1 1 1 1 1 1 1 1 1 1 1 1 1 1 1 1 1 1 1 1 1 1 1 1 1 1 1 1 1 1 1 1 1 1 1 1 1 1 1 1 1 1 1 1 1 1 1 1 1 1 1 1 1 1 1 1 1 1 1 1 1 1 1 1 
