# This file contains a 2D laser scan observation. 
# Its format is: 
# [aperture] [max_range] [number_of_scans] 
# [vector_of_scans] 
# [vector_of_valid_scans] 
# The aperture of the sensor is in radians, the maximum range 
# and measurements are in meters. '1' means a valid scan, '0' otherwise.
4.1847
5.6
682
1.185 1.182 1.175 1.155 1.153 1.139 1.124 1.113 1.099 1.094 1.08 1.077 1.073 1.067 1.049 1.041 1.026 1.025 1.009 1.005 0.992 0.99 0.973 0.961 0.955 0.951 0.947 0.947 0.947 0.943 0.939 0.925 0.917 0.915 0.909 0.904 0.9 0.891 0.886 0.876 0.875 0.869 0.867 0.862 0.855 0.849 0.848 0.844 0.834 0.834 0.832 0.828 0.82 0.817 0.816 0.808 0.8 0.8 0.8 0.795 0.793 0.79 0.787 0.781 0.78 0.78 0.778 0.777 0.77 0.764 0.757 0.756 0.755 0.755 0.754 0.754 0.748 0.744 0.743 0.739 0.739 0.737 0.737 0.737 0.735 0.729 0.728 0.728 0.723 0.716 0.716 0.714 0.713 0.714 0.713 0.71 0.709 0.706 0.704 0.706 0.698 0.698 0.7 0.701 0.7 0.7 0.689 0.689 0.689 0.689 0.686 0.685 0.686 0.685 0.678 0.678 0.678 0.674 0.674 0.674 0.673 0.67 0.669 0.668 0.665 0.665 0.664 0.663 0.661 0.663 0.663 0.663 0.662 0.662 0.661 0.661 0.662 0.675 0.677 0.677 0.677 0.677 0.674 0.674 0.669 0.674 0.675 0.677 0.701 0.701 0.701 0.691 0.684 0.67 0.67 0.669 0.669 0.673 0.68 0.679 0.684 0.685 0.685 0.71 0.71 0.71 0.697 0.694 0.68 0.678 0.678 0.67 0.67 0.672 0.676 0.672 0.672 0.671 0.669 0.665 0.661 0.661 0.659 0.659 0.649 0.649 0.649 0.651 0.65 0.65 0.65 0.65 0.65 0.65 0.65 0.652 0.652 0.655 0.652 0.656 0.658 0.658 0.658 0.662 0.664 0.662 0.662 0.667 0.667 0.664 0.667 0.673 0.673 0.673 0.674 0.674 0.677 0.68 0.683 0.683 0.683 0.683 0.683 0.684 0.685 0.686 0.687 0.687 0.692 0.692 0.694 0.698 0.698 0.704 0.704 0.704 0.709 0.711 0.713 0.717 0.717 0.718 0.724 0.726 0.726 0.728 0.729 0.733 0.735 0.74 0.744 0.745 0.746 0.747 0.749 0.75 0.751 0.762 0.762 0.772 0.776 0.776 0.776 0.776 0.782 0.782 0.782 0.782 0.787 0.787 1.332 1.332 1.332 1.225 1.187 1.187 1.187 1.191 1.201 1.248 1.35 1.621 1.621 1.621 1.568 1.056 1.054 1.053 1.052 1.053 1.054 1.371 1.381 1.401 1.407 1.734 1.756 1.775 1.775 1.786 1.896 0.007 0 0 0 0 0 0 0 0 0 0 0 1.647 1.647 1.643 1.643 0.007 0 0 0 0 0 0 0 0 0 0 0 0 0 0 0 0.007 2.362 2.362 2.362 2.362 2.371 2.38 2.815 2.862 2.87 2.87 2.923 2.964 3 3.044 3.066 3.066 3.066 3.066 3.058 3.056 3.041 3.035 3.027 3.024 3.02 3.016 2.997 2.984 2.975 2.97 2.96 2.944 2.935 2.935 2.932 2.925 1.817 1.812 1.809 1.806 1.806 1.806 1.805 1.799 1.798 1.799 1.796 1.795 1.793 1.787 1.787 1.785 1.779 1.779 1.779 1.774 1.77 1.769 1.769 1.77 0.015 0.015 0.015 0.015 0.015 0.015 0.015 0.015 1.754 1.753 1.745 1.743 1.743 1.747 1.741 1.742 1.742 1.742 1.741 1.738 1.737 1.737 1.737 1.737 1.734 1.734 1.733 1.732 1.733 1.73 1.733 1.734 1.734 1.741 1.741 1.737 1.734 1.734 1.734 1.734 1.737 1.737 1.739 1.739 1.739 1.742 1.742 1.743 1.745 1.745 1.744 1.744 1.744 1.743 1.744 0.007 0.015 0.015 0.015 1.762 1.762 1.762 1.763 1.764 1.771 1.773 1.773 1.773 1.777 1.773 1.773 0.007 0.015 1.804 1.804 1.796 1.796 1.796 1.787 0.811 0.811 0.811 1.822 1.83 1.832 1.832 1.838 1.838 1.842 0.007 1.839 1.523 0.686 0.68 0.68 0.68 0.68 0.681 0.681 0.683 0.683 0.683 0.687 1.927 1.94 1.94 1.94 1.945 1.945 1.945 1.962 1.808 1.808 1.967 4.454 1.967 4.876 1.967 4.876 0.007 2.053 2.053 2.061 2.061 2.063 2.079 2.098 2.099 2.099 2.099 2.098 2.098 2.076 2.044 2.044 5.004 5.004 0.007 0.015 5.004 2.231 2.231 2.231 2.242 0.006 0.015 0.015 0.015 0.007 0 2.282 2.282 2.234 2.234 2.234 2.234 2.258 2.261 2.279 2.326 2.331 2.331 2.331 2.366 2.401 2.401 2.402 2.433 2.456 2.468 2.479 0.006 0.006 0.006 0 2.634 2.634 2.619 2.619 1.075 1.075 1.069 1.075 1.075 1.079 1.079 3.036 3.061 3.099 3.126 3.15 3.174 3.211 3.237 3.28 3.302 3.328 3.376 3.43 3.438 3.486 3.525 3.552 3.597 3.64 3.676 3.717 3.75 4.929 4.929 4.929 4.899 4.884 4.861 4.855 4.849 2.06 2.054 2.01 2.01 1.979 1.94 1.914 1.891 1.867 1.867 1.831 1.809 1.809 1.791 1.781 1.781 1.773 1.77 1.768 1.765 1.762 1.759 1.755 1.751 1.749 1.748 1.747 1.744 1.742 1.733 1.732 1.731 1.731 1.727 1.724 1.722 1.716 1.716 1.715 1.715 1.713 1.711 1.709 1.711 1.709 1.704 1.704 1.704 1.704 1.707 1.707 1.712 1.714 1.72 1.724 1.727 1.728 1.728 1.727 1.727 1.724 1.714 1.711 1.709 1.708 1.709 1.711 1.711 1.711 1.711 1.713 1.71 
1 1 1 1 1 1 1 1 1 1 1 1 1 1 1 1 1 1 1 1 1 1 1 1 1 1 1 1 1 1 1 1 1 1 1 1 1 1 1 1 1 1 1 1 1 1 1 1 1 1 1 1 1 1 1 1 1 1 1 1 1 1 1 1 1 1 1 1 1 1 1 1 1 1 1 1 1 1 1 1 1 1 1 1 1 1 1 1 1 1 1 1 1 1 1 1 1 1 1 1 1 1 1 1 1 1 1 1 1 1 1 1 1 1 1 1 1 1 1 1 1 1 1 1 1 1 1 1 1 1 1 1 1 1 1 1 1 1 1 1 1 1 1 1 1 1 1 1 1 1 1 1 1 1 1 1 1 1 1 1 1 1 1 1 1 1 1 1 1 1 1 1 1 1 1 1 1 1 1 1 1 1 1 1 1 1 1 1 1 1 1 1 1 1 1 1 1 1 1 1 1 1 1 1 1 1 1 1 1 1 1 1 1 1 1 1 1 1 1 1 1 1 1 1 1 1 1 1 1 1 1 1 1 1 1 1 1 1 1 1 1 1 1 1 1 1 1 1 1 1 1 1 1 1 1 1 1 1 1 1 1 1 1 1 1 1 1 1 1 1 1 1 1 1 1 1 1 1 1 1 1 1 1 1 1 1 1 1 1 1 1 1 1 1 1 1 1 1 1 1 1 0 0 0 0 0 0 0 0 0 0 0 0 1 1 1 1 0 0 0 0 0 0 0 0 0 0 0 0 0 0 0 0 0 1 1 1 1 1 1 1 1 1 1 1 1 1 1 1 1 1 1 1 1 1 1 1 1 1 1 1 1 1 1 1 1 1 1 1 1 1 1 1 1 1 1 1 1 1 1 1 1 1 1 1 1 1 1 1 1 1 1 1 1 0 0 0 0 0 0 0 0 1 1 1 1 1 1 1 1 1 1 1 1 1 1 1 1 1 1 1 1 1 1 1 1 1 1 1 1 1 1 1 1 1 1 1 1 1 1 1 1 1 1 1 1 1 1 1 0 0 0 0 1 1 1 1 1 1 1 1 1 1 1 1 0 0 1 1 1 1 1 1 1 1 1 1 1 1 1 1 1 1 0 1 1 1 1 1 1 1 1 1 1 1 1 1 1 1 1 1 1 1 1 1 1 1 1 1 1 1 1 1 0 1 1 1 1 1 1 1 1 1 1 1 1 1 1 1 1 1 0 0 1 1 1 1 1 0 0 0 0 0 0 1 1 1 1 1 1 1 1 1 1 1 1 1 1 1 1 1 1 1 1 1 0 0 0 0 1 1 1 1 1 1 1 1 1 1 1 1 1 1 1 1 1 1 1 1 1 1 1 1 1 1 1 1 1 1 1 1 1 1 1 1 1 1 1 1 1 1 1 1 1 1 1 1 1 1 1 1 1 1 1 1 1 1 1 1 1 1 1 1 1 1 1 1 1 1 1 1 1 1 1 1 1 1 1 1 1 1 1 1 1 1 1 1 1 1 1 1 1 1 1 1 1 1 1 1 1 1 1 1 1 1 1 1 1 1 1 1 1 
