# This file contains a 2D laser scan observation. 
# Its format is: 
# [aperture] [max_range] [number_of_scans] 
# [vector_of_scans] 
# [vector_of_valid_scans] 
# The aperture of the sensor is in radians, the maximum range 
# and measurements are in meters. '1' means a valid scan, '0' otherwise.
4.1847
5.6
682
1.283 1.284 1.39 1.478 1.478 1.539 1.539 1.539 0.007 1.613 1.613 1.624 1.624 1.624 1.634 1.634 1.631 1.63 1.63 1.629 1.627 1.629 1.627 1.625 1.625 1.626 1.626 1.63 1.632 1.632 1.632 1.633 1.634 1.636 1.637 1.637 1.638 1.639 1.639 1.62 1.126 1.092 1.092 1.09 1.076 1.069 1.067 1.063 1.058 1.05 1.048 1.046 1.043 1.04 1.039 1.036 1.036 1.035 1.034 1.034 1.035 1.036 1.036 1.04 1.04 1.045 1.049 1.056 1.058 1.065 1.07 1.079 1.08 1.107 1.128 1.741 1.749 1.753 1.753 1.767 1.767 1.767 1.767 1.767 1.771 1.782 1.787 1.788 1.788 1.794 1.801 1.788 1.759 1.693 1.665 1.632 1.611 1.604 1.562 1.547 1.535 1.522 1.492 1.476 1.463 1.443 1.436 1.41 1.403 1.392 1.377 1.353 1.339 1.338 1.32 1.316 1.292 1.288 1.271 1.262 1.251 1.236 1.226 1.217 1.205 1.191 1.186 1.176 1.168 1.154 1.148 1.132 1.121 1.118 1.101 1.101 1.101 1.106 1.109 1.112 1.113 1.129 1.139 1.153 1.171 2.253 2.259 2.259 2.253 2.231 2.216 2.215 2.192 2.183 2.164 2.162 2.141 2.139 2.124 2.114 2.1 2.087 2.082 2.071 2.054 2.043 1.921 1.921 1.921 1.941 1.941 1.943 1.941 1.943 1.943 1.931 1.917 1.911 1.906 1.903 1.9 1.875 1.872 1.864 1.854 1.854 1.851 1.821 1.745 1.745 1.745 1.753 1.765 1.773 1.777 1.791 1.791 1.791 1.786 1.777 1.769 1.761 1.761 1.752 1.749 1.744 1.733 1.728 1.725 1.724 1.724 1.718 1.708 1.706 1.702 1.695 1.693 1.688 1.679 1.676 1.675 1.665 1.664 1.66 1.66 1.656 1.634 0.851 0.838 0.809 0.809 0.809 0.809 0.809 0.751 0.72 0.716 0.715 0.716 0.716 0.716 0.721 0.721 0.721 0.719 0.714 0.714 0.714 0.713 0.713 0.716 0.718 0.718 0.723 0.724 0.724 0.724 0.723 0.724 0.727 0.727 0.728 0.728 0.728 0.728 0.728 0.724 0.723 0.72 0.719 0.72 0.72 0.721 0.722 0.723 0.731 0.731 0.731 0.729 0.723 0.723 0.722 0.721 0.72 0.72 0.718 0.72 0.72 0.722 0.726 0.726 0.722 0.434 0.425 0.421 0.416 0.414 0.409 0.407 0.401 0.393 0.388 0.381 0.38 0.373 0.373 0.37 0.369 0.364 0.356 0.354 0.346 0.346 0.344 0.337 0.337 0.337 0.334 0.335 0.339 0.336 0.336 0.343 0.343 0.343 0.343 0.343 0.341 0.331 0.324 0.32 0.317 0.314 0.311 0.303 0.303 0.303 0.303 0.303 0.303 0.299 0.291 0.29 0.289 0.286 0.286 0.285 0.285 0.284 0.284 0.277 0.277 0.277 0.271 0.271 0.27 0.264 0.264 0.27 0.272 0.272 0.272 0.272 0.27 0.258 0.255 0.255 0.255 0.255 0.252 0.251 0.249 0.248 0.248 0.247 0.246 0.245 0.245 0.244 0.242 0.242 0.236 0.236 0.236 0.236 0.233 0.232 0.23 0.229 0.229 0.229 0.229 0.229 0.229 0.23 0.231 0.231 0.23 0.225 0.22 0.22 0.22 0.222 0.222 0.222 0.219 0.217 0.216 0.216 0.215 0.215 0.215 0.215 0.215 0.213 0.21 0.21 0.21 0.21 0.211 0.211 0.211 0.214 0.214 0.214 0.214 0.203 0.203 0.203 0.203 0.201 0.203 0.203 0.203 0.203 0.204 0.203 0.201 0.202 0.202 0.201 0.2 0.202 0.202 0.202 0.203 0.203 0.203 0.203 0.201 0.2 0.2 0.196 0.198 0.199 0.198 0.198 0.199 0.199 0.2 0.201 0.201 0.2 0.201 0.201 0.203 0.204 0.204 0.205 0.204 0.204 0.205 0.208 0.21 0.21 0.21 0.21 0.207 0.202 0.197 0.201 0.197 0.197 0.201 0.201 0.204 0.204 0.2 0.197 0.2 0.2 0.2 0.202 0.202 0.202 0.202 0.202 0.202 0.202 0.202 0.202 0.202 0.201 0.202 0.202 0.203 0.202 0.203 0.206 0.208 0.211 0.211 0.211 0.211 0.211 0.21 0.21 0.208 0.207 0.207 0.206 0.206 0.207 0.207 0.207 0.208 0.213 0.213 0.218 0.218 0.216 0.219 0.218 0.218 0.218 0.221 0.219 0.221 0.219 0.224 0.219 0.217 0.217 0.217 0.213 0.21 0.21 0.21 0.212 0.212 0.213 0.212 0.212 0.206 0.201 0.201 0.206 0.211 0.212 0.214 0.214 0.22 0.228 0.23 0.23 0.227 0.227 0.227 0.227 0.229 0.231 0.231 0.232 0.232 0.235 0.232 0.235 0.232 0.236 0.236 0.237 0.238 0.245 0.246 0.246 0.246 0.246 0.246 0.246 0.249 0.251 0.256 0.257 0.257 0.257 0.257 0.258 0.259 0.262 0.263 0.263 0.265 0.273 0.273 0.273 0.274 0.274 0.282 0.282 0.286 0.282 0.282 0.288 0.293 0.3 0.347 0.353 0.353 0.353 0.353 0.343 0.343 0.342 0.342 0.345 0.346 0.348 0.348 0.349 0.352 0.352 0.435 1.59 1.616 1.619 1.626 1.63 1.644 1.653 1.668 1.668 1.668 1.668 1.651 1.638 1.622 1.619 1.593 1.586 1.577 1.555 1.552 1.54 1.531 1.507 1.506 1.489 1.486 1.463 1.456 1.453 1.445 1.433 1.428 1.414 1.401 1.388 1.386 1.379 1.373 1.359 1.356 1.349 1.343 1.329 1.316 1.314 1.306 1.303 1.299 1.291 1.282 
1 1 1 1 1 1 1 1 0 1 1 1 1 1 1 1 1 1 1 1 1 1 1 1 1 1 1 1 1 1 1 1 1 1 1 1 1 1 1 1 1 1 1 1 1 1 1 1 1 1 1 1 1 1 1 1 1 1 1 1 1 1 1 1 1 1 1 1 1 1 1 1 1 1 1 1 1 1 1 1 1 1 1 1 1 1 1 1 1 1 1 1 1 1 1 1 1 1 1 1 1 1 1 1 1 1 1 1 1 1 1 1 1 1 1 1 1 1 1 1 1 1 1 1 1 1 1 1 1 1 1 1 1 1 1 1 1 1 1 1 1 1 1 1 1 1 1 1 1 1 1 1 1 1 1 1 1 1 1 1 1 1 1 1 1 1 1 1 1 1 1 1 1 1 1 1 1 1 1 1 1 1 1 1 1 1 1 1 1 1 1 1 1 1 1 1 1 1 1 1 1 1 1 1 1 1 1 1 1 1 1 1 1 1 1 1 1 1 1 1 1 1 1 1 1 1 1 1 1 1 1 1 1 1 1 1 1 1 1 1 1 1 1 1 1 1 1 1 1 1 1 1 1 1 1 1 1 1 1 1 1 1 1 1 1 1 1 1 1 1 1 1 1 1 1 1 1 1 1 1 1 1 1 1 1 1 1 1 1 1 1 1 1 1 1 1 1 1 1 1 1 1 1 1 1 1 1 1 1 1 1 1 1 1 1 1 1 1 1 1 1 1 1 1 1 1 1 1 1 1 1 1 1 1 1 1 1 1 1 1 1 1 1 1 1 1 1 1 1 1 1 1 1 1 1 1 1 1 1 1 1 1 1 1 1 1 1 1 1 1 1 1 1 1 1 1 1 1 1 1 1 1 1 1 1 1 1 1 1 1 1 1 1 1 1 1 1 1 1 1 1 1 1 1 1 1 1 1 1 1 1 1 1 1 1 1 1 1 1 1 1 1 1 1 1 1 1 1 1 1 1 1 1 1 1 1 1 1 1 1 1 1 1 1 1 1 1 1 1 1 1 1 1 1 1 1 1 1 1 1 1 1 1 1 1 1 1 1 1 1 1 1 1 1 1 1 1 1 1 1 1 1 1 1 1 1 1 1 1 1 1 1 1 1 1 1 1 1 1 1 1 1 1 1 1 1 1 1 1 1 1 1 1 1 1 1 1 1 1 1 1 1 1 1 1 1 1 1 1 1 1 1 1 1 1 1 1 1 1 1 1 1 1 1 1 1 1 1 1 1 1 1 1 1 1 1 1 1 1 1 1 1 1 1 1 1 1 1 1 1 1 1 1 1 1 1 1 1 1 1 1 1 1 1 1 1 1 1 1 1 1 1 1 1 1 1 1 1 1 1 1 1 1 1 1 1 1 1 1 1 1 1 1 1 1 1 1 1 1 1 1 1 1 1 1 1 1 1 1 1 1 1 1 1 1 1 1 1 1 1 1 1 1 1 1 1 1 1 1 1 1 1 1 1 1 1 1 1 1 1 1 1 1 1 1 1 1 1 1 1 1 1 1 1 1 1 1 1 1 1 1 1 
