# This file contains a 2D laser scan observation. 
# Its format is: 
# [aperture] [max_range] [number_of_scans] 
# [vector_of_scans] 
# [vector_of_valid_scans] 
# The aperture of the sensor is in radians, the maximum range 
# and measurements are in meters. '1' means a valid scan, '0' otherwise.
4.1847
5.6
682
0.797 0.797 0.797 0.792 0.792 0.793 0.79 0.788 0.788 0.783 0.781 0.781 0.774 0.774 0.771 0.77 0.77 0.771 0.773 0.779 0.779 0.775 0.774 0.775 0.775 0.778 0.779 0.803 0.82 0.825 0.825 0.82 0.809 0.809 0.809 0.809 0.809 0.806 0.802 0.802 0.802 0.806 0.814 0.814 0.814 0.768 0.762 0.754 0.754 0.753 0.751 0.751 0.748 0.738 0.738 0.725 0.725 0.725 0.734 0.741 0.742 0.743 0.743 0.744 0.749 0.75 0.749 0.75 0.751 0.751 0.751 0.751 0.751 0.747 0.747 0.739 0.736 0.735 0.734 0.734 0.734 0.734 0.734 0.734 0.733 0.732 0.73 0.726 0.725 0.725 0.725 0.726 0.731 0.734 0.734 0.733 0.735 0.733 0.732 0.732 0.735 0.734 0.738 0.739 0.738 0.738 0.739 0.738 0.738 0.743 0.743 0.745 0.747 0.747 0.747 0.747 0.746 0.746 0.75 0.75 0.752 0.752 0.753 0.763 0.763 0.764 0.764 0.764 0.765 0.769 0.772 0.772 0.773 0.77 0.773 0.773 0.776 0.782 0.783 0.783 0.791 0.802 0.816 1.473 1.482 1.482 1.473 1.21 1.202 1.186 1.176 1.175 1.171 1.166 1.16 1.16 1.158 1.152 1.144 1.158 1.158 1.17 1.186 1.186 1.186 1.186 1.023 1.023 1.021 1.02 1.021 1.021 1.563 1.578 1.585 1.585 1.585 1.585 1.524 1.365 1.363 1.363 1.365 1.669 1.671 1.676 1.676 1.68 1.706 1.716 1.733 1.735 1.778 1.838 1.845 0 0 0 0 0 0 0 0 0 1.589 1.587 1.583 1.583 1.583 1.583 1.582 1.587 1.597 1.597 0 0 0 0 0 0 0 0 0 0 0 0 0 2.265 2.247 2.247 2.247 2.255 2.266 2.271 2.266 2.271 2.271 2.684 2.692 2.751 2.751 2.794 2.812 2.862 2.897 2.933 2.955 2.968 2.976 2.977 2.977 2.977 2.953 2.945 2.935 2.929 2.922 2.922 2.922 2.922 2.892 2.89 2.886 2.874 2.837 2.837 1.71 1.697 1.695 1.697 1.691 1.691 1.687 1.687 1.685 1.685 1.684 1.678 1.675 1.664 1.661 1.66 1.656 1.652 1.651 1.644 1.644 1.643 1.644 0.007 1.619 1.619 1.626 1.622 1.626 1.626 1.626 1.622 1.611 1.611 1.609 1.607 1.606 1.606 1.605 1.605 1.597 1.595 1.594 1.594 1.594 1.594 1.591 1.591 1.593 1.593 1.591 1.591 1.584 1.584 1.581 1.581 1.581 1.578 1.567 1.606 1.577 1.577 1.583 1.606 1.62 1.62 1.62 1.62 1.616 1.603 1.582 1.582 1.58 1.582 1.582 1.586 1.582 1.586 1.587 1.586 1.573 1.587 4.292 1.344 0.006 0.007 1.427 1.427 1.6 1.599 1.6 1.6 1.6 1.603 1.603 1.603 1.603 1.603 1.585 1.585 1.603 1.603 1.606 1.614 1.606 1.606 0.663 0.645 0.645 0.663 1.641 1.648 1.653 1.653 1.654 1.661 1.663 1.664 1.673 1.674 1.674 1.673 0.52 0.514 0.509 0.509 0.509 0.519 0.528 0.528 0.528 0.514 0.51 0.51 0.51 0.52 1.747 1.752 1.764 1.764 1.77 1.775 1.782 1.782 1.775 1.621 1.621 1.611 1.611 1.621 0.015 4.381 0.015 0.007 0.015 0.007 0.015 1.887 1.893 1.893 1.893 1.908 1.911 1.925 1.936 1.945 1.954 1.971 1.971 1.971 1.976 1.979 0.007 1.979 0.775 0.757 0.757 0.775 2.064 2.083 2.083 2.083 2.087 2.101 0.006 0.008 0.008 0.008 0.006 0.006 0.867 0.867 0.867 2.079 2.102 2.106 2.106 2.119 2.164 2.183 2.199 2.199 2.224 2.249 2.26 2.26 2.26 2.293 2.294 2.31 2.331 2.34 2.367 2.379 2.388 2.388 2.412 0.007 2.529 2.529 2.542 2.542 2.579 2.588 2.588 2.579 0.935 0.934 0.934 0.934 0.934 0.934 0.936 0.937 3.158 3.195 3.243 3.243 3.265 3.307 3.339 3.397 3.424 3.477 3.515 3.567 3.613 3.658 4.758 4.758 4.758 4.758 4.739 4.728 4.714 4.708 4.697 4.696 4.674 4.674 4.66 1.938 1.927 1.922 1.89 1.855 1.841 1.807 1.786 1.766 1.742 1.717 1.7 1.673 1.661 1.661 1.655 1.655 1.655 1.652 1.649 1.649 1.646 1.646 1.642 1.641 1.64 1.639 1.633 1.632 1.63 1.63 1.63 1.63 1.629 1.621 1.618 1.618 1.619 1.618 1.618 1.619 1.619 1.619 1.619 1.622 1.626 1.631 1.629 1.631 1.632 1.632 1.632 1.632 1.629 1.629 1.625 1.627 1.625 1.622 1.622 1.622 1.617 1.616 1.616 1.616 1.616 1.618 1.618 1.622 1.619 1.622 1.622 1.631 1.632 1.632 1.631 1.63 1.63 1.63 1.632 1.635 1.636 1.639 1.641 1.642 1.642 1.648 1.656 1.656 1.658 1.656 1.656 1.66 1.661 1.667 1.667 1.667 1.675 1.677 1.679 1.681 1.683 1.693 1.694 1.7 1.7 1.704 1.705 1.705 1.711 1.727 1.732 1.732 1.735 1.741 1.748 1.752 1.756 1.762 1.765 1.766 1.767 1.782 1.784 1.791 1.796 1.8 1.801 1.811 1.821 1.846 1.847 1.85 1.854 1.869 1.872 1.881 1.89 1.89 1.899 1.914 1.918 1.92 1.93 1.936 1.942 1.956 1.97 1.973 1.98 1.995 2.001 2.006 2.006 2.006 
1 1 1 1 1 1 1 1 1 1 1 1 1 1 1 1 1 1 1 1 1 1 1 1 1 1 1 1 1 1 1 1 1 1 1 1 1 1 1 1 1 1 1 1 1 1 1 1 1 1 1 1 1 1 1 1 1 1 1 1 1 1 1 1 1 1 1 1 1 1 1 1 1 1 1 1 1 1 1 1 1 1 1 1 1 1 1 1 1 1 1 1 1 1 1 1 1 1 1 1 1 1 1 1 1 1 1 1 1 1 1 1 1 1 1 1 1 1 1 1 1 1 1 1 1 1 1 1 1 1 1 1 1 1 1 1 1 1 1 1 1 1 1 1 1 1 1 1 1 1 1 1 1 1 1 1 1 1 1 1 1 1 1 1 1 1 1 1 1 1 1 1 1 1 1 1 1 1 1 1 1 1 1 1 1 1 1 1 1 1 1 1 1 1 1 0 0 0 0 0 0 0 0 0 1 1 1 1 1 1 1 1 1 1 0 0 0 0 0 0 0 0 0 0 0 0 0 1 1 1 1 1 1 1 1 1 1 1 1 1 1 1 1 1 1 1 1 1 1 1 1 1 1 1 1 1 1 1 1 1 1 1 1 1 1 1 1 1 1 1 1 1 1 1 1 1 1 1 1 1 1 1 1 1 1 1 1 1 1 0 1 1 1 1 1 1 1 1 1 1 1 1 1 1 1 1 1 1 1 1 1 1 1 1 1 1 1 1 1 1 1 1 1 1 1 1 1 1 1 1 1 1 1 1 1 1 1 1 1 1 1 1 1 1 1 1 1 1 1 1 0 0 1 1 1 1 1 1 1 1 1 1 1 1 1 1 1 1 1 1 1 1 1 1 1 1 1 1 1 1 1 1 1 1 1 1 1 1 1 1 1 1 1 1 1 1 1 1 1 1 1 1 1 1 1 1 1 1 1 1 1 1 1 1 1 1 0 1 0 0 0 0 0 1 1 1 1 1 1 1 1 1 1 1 1 1 1 1 0 1 1 1 1 1 1 1 1 1 1 1 0 0 0 0 0 0 1 1 1 1 1 1 1 1 1 1 1 1 1 1 1 1 1 1 1 1 1 1 1 1 1 1 1 0 1 1 1 1 1 1 1 1 1 1 1 1 1 1 1 1 1 1 1 1 1 1 1 1 1 1 1 1 1 1 1 1 1 1 1 1 1 1 1 1 1 1 1 1 1 1 1 1 1 1 1 1 1 1 1 1 1 1 1 1 1 1 1 1 1 1 1 1 1 1 1 1 1 1 1 1 1 1 1 1 1 1 1 1 1 1 1 1 1 1 1 1 1 1 1 1 1 1 1 1 1 1 1 1 1 1 1 1 1 1 1 1 1 1 1 1 1 1 1 1 1 1 1 1 1 1 1 1 1 1 1 1 1 1 1 1 1 1 1 1 1 1 1 1 1 1 1 1 1 1 1 1 1 1 1 1 1 1 1 1 1 1 1 1 1 1 1 1 1 1 1 1 1 1 1 1 1 1 1 1 1 1 1 1 1 1 1 1 1 1 1 1 1 1 1 1 1 1 
