# This file contains a 2D laser scan observation. 
# Its format is: 
# [aperture] [max_range] [number_of_scans] 
# [vector_of_scans] 
# [vector_of_valid_scans] 
# The aperture of the sensor is in radians, the maximum range 
# and measurements are in meters. '1' means a valid scan, '0' otherwise.
4.1847
5.6
682
0.528 0.537 0.547 0.559 0.571 0.576 0.588 0.6 0.619 0.624 0.641 0.651 0.665 0.685 0.704 0.728 0.728 0.756 0.768 0.796 0.815 0.846 0.863 0.898 0.931 0.967 0.993 1.027 1.076 1.129 1.167 1.222 1.267 1.323 1.346 1.346 1.346 1.342 1.341 1.341 1.341 1.339 1.338 1.328 0.844 0.829 0.817 0.81 0.807 0.807 0.81 0.81 0.813 0.814 1.384 1.39 1.39 1.39 1.394 1.399 1.403 1.403 1.404 1.404 1.396 1.396 1.391 1.391 1.389 1.387 1.388 1.387 1.384 1.384 1.384 1.384 1.385 1.387 1.388 1.388 1.388 1.376 1.285 1.279 1.276 1.275 1.275 1.275 1.385 1.387 1.398 1.398 1.398 1.401 1.402 1.405 1.407 1.407 1.413 1.414 1.415 1.418 1.419 1.421 1.421 1.421 1.428 1.433 1.436 1.444 1.444 1.449 1.45 1.457 1.457 1.461 1.461 1.461 1.461 1.442 1.436 1.434 1.434 1.442 1.434 1.432 0.706 0.705 0.705 0.706 0.705 0.706 0.71 0.71 0.71 0.715 0.715 1.186 1.196 3.594 3.625 3.625 3.594 1.515 1.51 1.509 1.462 1.37 1.218 1.172 1.161 1.157 1.157 1.157 1.196 1.227 1.286 1.352 1.473 1.523 1.527 1.543 1.543 1.546 1.547 1.546 1.546 1.542 1.539 1.501 1.494 1.378 1.378 1.343 1.301 1.292 1.255 1.251 1.25 1.251 1.255 1.265 1.269 1.273 1.275 1.282 1.283 1.283 1.283 1.282 1.282 1.282 1.336 0.007 0.006 0.007 2.076 2.076 2.083 2.083 2.098 2.105 2.131 2.151 2.155 2.178 2.193 2.198 2.222 2.229 2.261 2.278 2.279 2.279 2.296 2.306 3.184 3.184 3.184 3.18 3.163 3.162 3.161 3.146 3.125 3.106 3.098 3.086 3.08 3.076 3.06 3.043 3.024 3.023 3.013 2.993 2.99 2.974 2.865 2.865 2.865 2.875 2.909 2.912 2.912 2.912 2.905 2.889 2.888 2.879 2.867 2.859 2.856 2.853 2.843 2.839 2.834 2.826 2.826 2.823 2.822 2.81 2.805 2.792 2.776 2.769 2.755 2.755 2.755 2.754 2.763 2.763 2.842 2.842 2.923 2.923 3.51 3.51 3.51 3.499 3.497 3.487 3.487 3.47 3.469 3.455 3.453 3.447 3.438 3.434 3.428 3.415 3.405 3.402 3.399 3.398 3.394 3.393 3.39 3.383 3.379 3.378 3.374 3.374 3.378 3.435 3.435 3.436 3.436 3.439 3.437 3.437 3.437 3.436 3.434 3.434 3.436 3.444 4.903 4.922 0 0 0.006 0.006 0.006 0.006 0.007 2.865 2.688 2.687 2.679 2.675 2.673 2.675 2.494 2.494 0.007 2.346 2.346 0 1.428 1.335 1.093 1.051 1.01 0.988 0.952 0.924 0.893 0.877 0.84 0.84 0.83 0.793 0.782 0.778 0.76 0.76 0.76 0.767 0.769 0.77 0.77 0.77 0.771 0.775 0.777 0.777 0.78 0.78 0.78 0.783 0.783 0.783 0.785 0.786 0.789 0.789 0.788 0.789 0.789 0.791 0.795 0.796 0.795 0.797 0.799 0.806 0.807 0.81 0.808 0.811 0.811 0.813 0.814 0.821 0.822 0.826 0.826 0.827 0.829 0.829 0.829 0.843 0.843 0.844 0.844 0.845 0.851 0.853 0.86 0.864 0.865 0.865 0.87 0.872 0.875 0.876 0.897 0.897 0.897 0.887 0.883 0.865 0.863 0.857 0.855 0.843 0.84 0.832 0.827 0.826 0.819 0.812 0.808 0.802 0.801 0.801 0.793 0.778 0.777 0.763 0.76 0.76 0.746 0.746 0.744 0.732 0.731 0.727 0.727 0.725 0.721 0.72 0.71 0.71 0.707 0.7 0.699 0.695 0.695 0.693 0.69 0.679 0.679 0.678 0.678 0.666 0.663 0.663 0.661 0.66 0.656 0.656 0.652 0.649 0.647 0.646 0.642 0.633 0.632 0.63 0.629 0.629 0.629 0.626 0.619 0.618 0.617 0.614 0.614 0.612 0.609 0.606 0.602 0.606 0.602 0.6 0.596 0.595 0.595 0.591 0.589 0.588 0.588 0.587 0.587 0.586 0.581 0.58 0.579 0.58 0.577 0.575 0.575 0.574 0.572 0.569 0.569 0.569 0.569 0.569 0.569 0.563 0.563 0.56 0.56 0.56 0.56 0.559 0.557 0.555 0.555 0.552 0.551 0.552 0.55 0.552 0.55 0.55 0.545 0.542 0.539 0.539 0.539 0.54 0.541 0.541 0.541 0.541 0.541 0.541 0.541 0.537 0.537 0.541 0.54 0.538 0.538 0.54 0.538 0.538 0.534 0.543 0.543 0.543 0.543 0.544 0.543 0.543 0.539 0.539 0.538 0.539 0.538 0.538 0.539 0.539 0.54 0.543 0.54 0.536 0.536 0.536 0.536 0.536 0.536 0.538 0.538 0.538 0.541 0.541 0.537 0.537 0.541 0.537 0.541 0.541 0.541 0.542 0.542 0.54 0.542 0.542 0.542 0.542 0.542 0.542 0.542 0.543 0.543 0.543 0.546 0.547 0.547 0.547 0.546 0.547 0.547 0.548 0.548 0.548 0.549 0.552 0.553 0.553 0.554 0.554 0.554 0.554 0.555 0.566 0.566 0.568 0.568 0.568 0.566 0.568 0.569 0.569 0.569 0.569 0.579 0.579 0.58 0.58 0.58 0.579 0.527 0.501 0.491 0.482 0.476 0.474 0.474 0.474 0.475 0.484 0.484 0.485 0.489 0.489 0.489 0.489 0.49 0.492 0.494 0.494 0.496 0.5 0.505 0.505 0.505 0.509 0.509 0.509 0.511 0.512 0.514 0.519 0.527 0.527 
1 1 1 1 1 1 1 1 1 1 1 1 1 1 1 1 1 1 1 1 1 1 1 1 1 1 1 1 1 1 1 1 1 1 1 1 1 1 1 1 1 1 1 1 1 1 1 1 1 1 1 1 1 1 1 1 1 1 1 1 1 1 1 1 1 1 1 1 1 1 1 1 1 1 1 1 1 1 1 1 1 1 1 1 1 1 1 1 1 1 1 1 1 1 1 1 1 1 1 1 1 1 1 1 1 1 1 1 1 1 1 1 1 1 1 1 1 1 1 1 1 1 1 1 1 1 1 1 1 1 1 1 1 1 1 1 1 1 1 1 1 1 1 1 1 1 1 1 1 1 1 1 1 1 1 1 1 1 1 1 1 1 1 1 1 1 1 1 1 1 1 1 1 1 1 1 1 1 1 1 1 1 1 1 1 1 1 1 1 1 1 1 1 0 0 0 1 1 1 1 1 1 1 1 1 1 1 1 1 1 1 1 1 1 1 1 1 1 1 1 1 1 1 1 1 1 1 1 1 1 1 1 1 1 1 1 1 1 1 1 1 1 1 1 1 1 1 1 1 1 1 1 1 1 1 1 1 1 1 1 1 1 1 1 1 1 1 1 1 1 1 1 1 1 1 1 1 1 1 1 1 1 1 1 1 1 1 1 1 1 1 1 1 1 1 1 1 1 1 1 1 1 1 1 1 1 1 1 1 1 1 1 1 1 1 1 1 1 1 1 0 0 0 0 0 0 0 1 1 1 1 1 1 1 1 1 0 1 1 0 1 1 1 1 1 1 1 1 1 1 1 1 1 1 1 1 1 1 1 1 1 1 1 1 1 1 1 1 1 1 1 1 1 1 1 1 1 1 1 1 1 1 1 1 1 1 1 1 1 1 1 1 1 1 1 1 1 1 1 1 1 1 1 1 1 1 1 1 1 1 1 1 1 1 1 1 1 1 1 1 1 1 1 1 1 1 1 1 1 1 1 1 1 1 1 1 1 1 1 1 1 1 1 1 1 1 1 1 1 1 1 1 1 1 1 1 1 1 1 1 1 1 1 1 1 1 1 1 1 1 1 1 1 1 1 1 1 1 1 1 1 1 1 1 1 1 1 1 1 1 1 1 1 1 1 1 1 1 1 1 1 1 1 1 1 1 1 1 1 1 1 1 1 1 1 1 1 1 1 1 1 1 1 1 1 1 1 1 1 1 1 1 1 1 1 1 1 1 1 1 1 1 1 1 1 1 1 1 1 1 1 1 1 1 1 1 1 1 1 1 1 1 1 1 1 1 1 1 1 1 1 1 1 1 1 1 1 1 1 1 1 1 1 1 1 1 1 1 1 1 1 1 1 1 1 1 1 1 1 1 1 1 1 1 1 1 1 1 1 1 1 1 1 1 1 1 1 1 1 1 1 1 1 1 1 1 1 1 1 1 1 1 1 1 1 1 1 1 1 1 1 1 1 1 1 1 1 1 1 1 1 1 1 1 1 1 1 1 1 1 1 1 1 1 1 1 1 1 1 1 1 1 1 1 1 1 1 1 1 1 1 1 
