# This file contains a 2D laser scan observation. 
# Its format is: 
# [aperture] [max_range] [number_of_scans] 
# [vector_of_scans] 
# [vector_of_valid_scans] 
# The aperture of the sensor is in radians, the maximum range 
# and measurements are in meters. '1' means a valid scan, '0' otherwise.
4.1847
5.6
682
0.332 0.337 0.472 0.685 0.725 0.725 0.725 0.726 0.726 0.76 0.896 0.904 0.908 0.911 0.911 0.911 0.919 0.923 0.929 0.931 0.931 0.94 0.943 0.946 0.952 0.954 0.956 0.96 0.964 0.965 0.973 0.974 0.975 0.976 0.986 0.992 1.005 1.007 1.013 1.013 1.015 1.015 1.023 1.024 1.03 1.038 1.041 1.055 1.056 1.065 1.065 1.069 1.081 1.086 1.087 1.092 1.095 1.105 1.12 1.125 1.136 1.141 1.158 1.158 1.158 1.151 1.137 1.131 1.124 1.118 1.11 1.109 1.109 1.11 1.116 1.121 1.129 1.129 1.129 1.12 1.103 1.1 1.1 1.098 1.091 1.089 1.082 1.073 1.069 1.069 1.065 1.061 1.054 1.053 1.053 1.044 1.037 1.035 1.031 1.029 1.023 1.022 1.013 1.012 1.004 1.001 0.936 0.871 0.854 0.854 0.852 0.851 0.851 0.851 0.853 0.919 0.964 0.964 0.964 0.963 0.957 0.957 0.957 0.954 0.952 0.944 0.941 0.939 0.937 0.936 0.934 0.934 0.929 0.929 0.92 0.92 0.919 0.919 0.915 0.912 0.911 0.91 0.91 0.908 0.908 0.908 0.908 0.909 0.909 0.9 0.9 0.9 0.9 0.896 0.897 0.893 0.892 0.892 0.892 0.886 0.886 0.883 0.883 0.88 0.863 0.594 0.594 0.594 0.594 0.594 0.592 0.592 0.592 0.589 0.589 0.587 0.587 0.587 0.588 1.043 1.043 1.043 1.015 0.505 0.501 0.494 0.494 0.494 0.492 0.492 0.492 0.492 0.493 0.494 0.494 0.494 0.494 0.493 0.493 0.492 0.492 0.494 0.494 0.494 0.496 0.496 0.493 0.488 0.488 0.487 0.488 0.488 0.491 0.488 0.488 0.491 0.491 0.52 0.52 0.52 0.513 0.497 0.494 0.487 0.487 0.482 0.482 0.49 0.494 0.494 0.494 0.495 0.494 0.494 0.494 0.499 0.495 0.495 0.495 0.495 0.495 0.494 0.494 0.494 0.488 0.487 0.487 0.495 0.496 0.496 0.496 0.49 0.49 0.487 0.49 0.49 0.488 0.488 0.488 0.488 0.494 0.496 0.494 0.494 0.494 0.49 0.49 0.49 0.49 0.49 0.492 0.493 0.493 0.494 0.497 0.497 0.497 0.498 0.5 0.502 0.506 0.506 0.502 0.506 0.507 0.507 0.508 0.511 0.513 0.513 0.514 0.513 0.518 0.519 0.519 0.519 0.519 0.521 0.521 0.521 0.527 0.527 0.528 0.529 0.529 0.529 0.535 0.536 0.537 0.536 0.537 0.542 0.542 0.542 0.545 0.545 0.545 0.545 0.577 1.143 1.21 1.227 1.227 1.246 1.252 1.253 1.256 1.262 1.267 1.291 1.294 1.308 1.31 1.316 1.327 1.345 1.353 1.365 1.365 1.387 1.391 1.408 1.423 1.427 1.435 1.456 1.467 1.49 1.49 1.49 1.474 1.474 1.474 1.481 2.419 2.419 2.419 2.404 2.403 2.402 2.397 2.396 2.374 2.369 2.358 2.356 2.345 2.336 2.329 2.317 2.314 2.306 2.295 2.292 2.282 2.271 2.271 2.258 2.255 2.251 2.246 2.153 2.119 2.119 2.119 2.138 2.181 2.183 2.183 2.183 2.181 2.167 2.162 2.159 2.159 2.151 2.151 2.146 2.141 2.138 2.136 2.134 2.129 2.125 2.125 2.122 2.115 2.114 2.108 2.104 2.103 2.103 2.103 2.102 2.093 2.093 2.087 2.081 2.067 2.067 2.066 2.063 2.063 2.063 2.077 2.077 2.077 2.077 2.323 2.811 2.812 2.811 2.811 2.805 2.805 2.804 2.804 2.797 2.799 2.797 2.793 2.79 2.79 2.789 2.789 2.784 2.776 2.776 2.776 2.775 2.775 2.775 2.778 2.771 2.771 2.778 2.778 2.779 2.787 2.787 2.782 2.779 2.782 2.782 2.824 2.834 2.836 2.914 3.013 3.069 3.615 0 0.007 0 3.615 0.006 5.221 5.221 5.223 5.228 5.228 5.24 5.262 5.265 5.277 5.308 5.313 5.316 5.348 5.348 5.348 5.348 2.547 2.391 2.328 2.286 2.252 2.21 2.199 2.199 2.199 2.203 2.203 2.206 2.206 2.206 2.207 2.221 2.23 2.23 2.23 1.985 1.983 1.974 1.945 1.939 1.939 1.939 1.943 2.002 2.332 2.335 2.342 2.342 2.342 2.342 2.323 2.285 2.265 2.229 2.202 2.184 2.143 2.132 2.104 2.086 2.067 2.042 2.021 2 1.977 1.958 1.934 1.919 1.905 1.888 1.867 1.85 1.829 1.814 1.799 1.789 1.77 1.752 1.741 1.714 1.712 1.69 1.68 1.68 1.662 1.644 1.055 1.053 1.044 1.029 1.023 1.016 1.009 0.999 0.996 0.983 0.981 0.977 0.971 0.965 0.959 0.953 0.946 0.943 0.931 0.93 0.923 0.918 0.91 0.91 0.906 0.895 0.892 0.891 0.879 0.878 0.876 0.873 0.864 0.863 0.86 0.859 0.849 0.845 0.844 0.843 0.843 0.838 0.834 0.82 0.818 0.817 0.812 0.812 0.809 0.807 0.805 0.803 0.801 0.793 0.792 0.786 0.786 0.786 0.786 0.786 0.783 0.779 0.777 0.773 0.771 0.766 0.766 0.765 0.763 0.763 0.761 0.755 0.755 0.749 0.746 0.742 0.74 0.74 0.738 0.738 0.738 0.738 0.738 0.735 0.731 0.729 0.728 0.723 0.723 0.724 0.723 0.721 0.716 0.716 0.715 0.713 0.713 0.714 0.714 0.713 0.713 0.714 0.713 0.71 0.709 0.709 0.706 0.706 0.704 0.698 0.698 0.698 0.699 0.699 0.712 0.765 0.869 0.91 0.938 0.953 
1 1 1 1 1 1 1 1 1 1 1 1 1 1 1 1 1 1 1 1 1 1 1 1 1 1 1 1 1 1 1 1 1 1 1 1 1 1 1 1 1 1 1 1 1 1 1 1 1 1 1 1 1 1 1 1 1 1 1 1 1 1 1 1 1 1 1 1 1 1 1 1 1 1 1 1 1 1 1 1 1 1 1 1 1 1 1 1 1 1 1 1 1 1 1 1 1 1 1 1 1 1 1 1 1 1 1 1 1 1 1 1 1 1 1 1 1 1 1 1 1 1 1 1 1 1 1 1 1 1 1 1 1 1 1 1 1 1 1 1 1 1 1 1 1 1 1 1 1 1 1 1 1 1 1 1 1 1 1 1 1 1 1 1 1 1 1 1 1 1 1 1 1 1 1 1 1 1 1 1 1 1 1 1 1 1 1 1 1 1 1 1 1 1 1 1 1 1 1 1 1 1 1 1 1 1 1 1 1 1 1 1 1 1 1 1 1 1 1 1 1 1 1 1 1 1 1 1 1 1 1 1 1 1 1 1 1 1 1 1 1 1 1 1 1 1 1 1 1 1 1 1 1 1 1 1 1 1 1 1 1 1 1 1 1 1 1 1 1 1 1 1 1 1 1 1 1 1 1 1 1 1 1 1 1 1 1 1 1 1 1 1 1 1 1 1 1 1 1 1 1 1 1 1 1 1 1 1 1 1 1 1 1 1 1 1 1 1 1 1 1 1 1 1 1 1 1 1 1 1 1 1 1 1 1 1 1 1 1 1 1 1 1 1 1 1 1 1 1 1 1 1 1 1 1 1 1 1 1 1 1 1 1 1 1 1 1 1 1 1 1 1 1 1 1 1 1 1 1 1 1 1 1 1 1 1 1 1 1 1 1 1 1 1 1 1 1 1 1 1 1 1 1 1 1 1 1 1 1 1 1 1 1 1 1 1 1 1 1 1 1 1 1 1 1 1 1 1 1 1 1 1 1 1 1 1 1 1 1 1 1 1 1 1 1 1 1 1 1 1 1 1 1 1 1 1 1 1 1 1 1 1 1 1 1 1 1 1 1 1 1 0 0 0 1 0 1 1 1 1 1 1 1 1 1 1 1 1 1 1 1 1 1 1 1 1 1 1 1 1 1 1 1 1 1 1 1 1 1 1 1 1 1 1 1 1 1 1 1 1 1 1 1 1 1 1 1 1 1 1 1 1 1 1 1 1 1 1 1 1 1 1 1 1 1 1 1 1 1 1 1 1 1 1 1 1 1 1 1 1 1 1 1 1 1 1 1 1 1 1 1 1 1 1 1 1 1 1 1 1 1 1 1 1 1 1 1 1 1 1 1 1 1 1 1 1 1 1 1 1 1 1 1 1 1 1 1 1 1 1 1 1 1 1 1 1 1 1 1 1 1 1 1 1 1 1 1 1 1 1 1 1 1 1 1 1 1 1 1 1 1 1 1 1 1 1 1 1 1 1 1 1 1 1 1 1 1 1 1 1 1 1 1 1 1 1 1 1 1 1 1 1 1 1 1 1 1 1 1 1 1 1 
