# This file contains a 2D laser scan observation. 
# Its format is: 
# [aperture] [max_range] [number_of_scans] 
# [vector_of_scans] 
# [vector_of_valid_scans] 
# The aperture of the sensor is in radians, the maximum range 
# and measurements are in meters. '1' means a valid scan, '0' otherwise.
4.1847
5.6
682
0.897 0.899 0.899 0.899 0.898 0.898 0.898 0.898 0.898 0.902 0.908 0.911 0.928 0.935 1.463 1.521 1.525 1.533 1.533 1.536 1.536 1.536 1.536 1.536 1.307 1.3 1.292 1.288 1.288 1.288 1.284 1.277 1.268 1.244 1.242 1.242 1.243 1.243 1.221 1.168 1.139 1.125 1.123 1.123 1.123 1.631 1.641 1.648 1.648 1.655 1.659 1.659 1.665 1.665 1.659 1.64 1.466 1.447 1.447 1.447 1.556 1.738 1.745 1.748 1.75 1.759 1.767 1.768 1.77 1.799 1.805 1.808 1.819 1.884 1.913 0 0 0 0 0 0 0 0 1.659 1.652 1.646 1.652 1.652 1.666 1.666 1.666 1.666 1.666 0 0 0 0 0 0 0 0 0 0 0 0 0 2.344 2.344 2.336 2.326 2.326 2.326 2.304 2.294 2.294 2.278 2.278 2.294 2.321 2.328 2.633 2.648 2.684 2.702 2.746 2.755 2.768 2.818 2.837 2.882 2.893 2.919 2.948 2.953 2.974 2.988 2.988 2.988 2.957 2.948 2.948 2.941 2.925 1.703 1.692 1.687 1.687 1.687 1.679 1.679 1.666 1.665 1.659 1.656 1.654 1.644 1.641 1.641 1.629 1.629 0.007 1.609 1.597 1.597 1.597 1.594 1.594 1.593 1.588 1.588 1.588 1.588 0.007 1.569 1.569 1.569 1.565 1.563 1.563 1.556 1.551 1.551 1.541 1.537 1.534 1.534 1.534 1.534 1.534 1.529 1.529 1.529 1.529 1.519 1.519 0.007 1.509 1.509 0.015 0.015 0.015 0.015 1.506 1.506 1.506 1.504 1.497 1.499 1.499 1.497 1.498 1.498 1.498 1.493 1.487 1.487 1.481 1.479 1.481 1.482 1.482 1.482 1.482 0.571 0.541 0.541 0.542 0.571 0.679 0.679 0.679 0.393 0.387 0.382 0.387 0.387 0.388 0.395 0.401 0.414 0.414 0.414 0.399 0.395 0.387 0.387 0.387 0.389 0.393 0.461 1.485 1.5 1.504 1.507 1.507 1.508 1.51 1.51 1.519 1.523 1.525 1.526 1.528 1.528 1.528 1.53 0.007 1.217 1.217 1.533 1.533 1.552 1.552 1.552 0.007 1.568 1.565 1.568 1.568 1.571 1.572 1.581 1.583 1.585 1.592 1.595 1.604 1.604 1.604 1.604 0.868 0.868 0.868 1.454 1.485 4.212 1.485 1.454 1.485 4.212 1.655 0.015 0.007 0.015 0.015 0.015 1.697 1.697 1.697 1.703 1.703 1.703 1.651 0.623 0.583 0.581 0.583 0.623 1.777 1.786 1.786 1.786 1.786 1.786 1.786 4.637 0.015 4.637 0.015 0.007 1.876 1.876 1.881 1.881 1.881 1.881 0.697 0.693 0.693 0.697 0 0 0 2 1.991 1.976 1.89 1.889 1.889 1.889 1.904 1.906 1.918 1.938 1.949 1.951 1.98 1.993 1.996 2.051 2.064 2.073 2.073 2.073 2.092 2.103 2.122 2.139 2.15 2.167 2.167 2.167 0.94 0.94 0.94 2.281 2.305 2.311 2.311 2.313 2.319 2.319 2.319 0.741 0.741 0.741 0.744 0.744 0.748 0.744 0.744 0.748 2.906 2.925 2.963 2.963 2.996 3.019 3.064 3.087 3.13 3.162 3.196 3.237 3.28 3.308 3.359 3.393 3.446 4.585 4.585 4.585 4.561 4.561 4.554 4.538 4.536 4.519 4.508 4.507 4.487 4.482 4.477 4.47 1.747 1.737 1.728 1.7 1.677 1.654 1.629 1.606 1.591 1.576 1.563 1.535 1.509 1.499 1.474 1.474 1.469 1.462 1.466 1.466 1.455 1.454 1.454 1.454 1.451 1.454 1.445 1.445 1.442 1.441 1.438 1.437 1.437 1.434 1.433 1.433 1.433 1.433 1.434 1.438 1.438 1.438 1.438 1.437 1.437 1.437 1.445 1.451 1.453 1.454 1.457 1.457 1.454 1.45 1.445 1.444 1.445 1.444 1.437 1.437 1.434 1.434 1.433 1.433 1.434 1.434 1.435 1.437 1.435 1.435 1.439 1.441 1.441 1.443 1.442 1.443 1.446 1.446 1.449 1.455 1.456 1.456 1.462 1.462 1.457 1.462 1.462 1.462 1.465 1.465 1.472 1.472 1.477 1.477 1.477 1.478 1.479 1.479 1.484 1.495 1.498 1.5 1.501 1.504 1.507 1.51 1.514 1.519 1.52 1.526 1.527 1.528 1.528 1.537 1.548 1.549 1.553 1.553 1.556 1.561 1.568 1.574 1.584 1.592 1.593 1.6 1.604 1.609 1.616 1.623 1.624 1.627 1.638 1.644 1.647 1.649 1.665 1.67 1.673 1.674 1.678 1.686 1.707 1.722 1.725 1.73 1.743 1.753 1.764 1.768 1.782 1.784 1.802 1.812 1.815 1.817 1.818 1.831 1.849 1.86 1.867 1.875 1.885 1.886 1.91 1.91 1.91 1.905 1.897 1.884 1.864 1.849 1.842 1.833 1.82 1.806 1.794 1.783 1.772 1.768 1.746 1.745 1.719 1.707 1.699 1.686 1.683 1.665 1.663 1.653 1.648 1.644 1.629 1.625 1.618 1.603 1.592 1.592 1.579 1.574 1.569 1.554 1.545 1.544 1.532 1.526 1.521 1.511 1.5 1.5 1.492 1.485 1.48 1.477 1.464 1.46 1.457 1.455 1.444 1.44 1.44 1.432 1.425 1.423 1.418 1.417 1.409 1.406 1.397 1.393 1.386 1.38 1.376 1.376 1.376 1.376 1.379 1.405 1.416 1.419 1.419 1.416 1.426 1.419 1.41 1.419 1.419 1.419 0.007 1.332 1.318 1.332 1.332 0 0 0 0 0.015 
1 1 1 1 1 1 1 1 1 1 1 1 1 1 1 1 1 1 1 1 1 1 1 1 1 1 1 1 1 1 1 1 1 1 1 1 1 1 1 1 1 1 1 1 1 1 1 1 1 1 1 1 1 1 1 1 1 1 1 1 1 1 1 1 1 1 1 1 1 1 1 1 1 1 1 0 0 0 0 0 0 0 0 1 1 1 1 1 1 1 1 1 1 0 0 0 0 0 0 0 0 0 0 0 0 0 1 1 1 1 1 1 1 1 1 1 1 1 1 1 1 1 1 1 1 1 1 1 1 1 1 1 1 1 1 1 1 1 1 1 1 1 1 1 1 1 1 1 1 1 1 1 1 1 1 1 1 1 1 1 0 1 1 1 1 1 1 1 1 1 1 1 0 1 1 1 1 1 1 1 1 1 1 1 1 1 1 1 1 1 1 1 1 1 1 0 1 1 0 0 0 0 1 1 1 1 1 1 1 1 1 1 1 1 1 1 1 1 1 1 1 1 1 1 1 1 1 1 1 1 1 1 1 1 1 1 1 1 1 1 1 1 1 1 1 1 1 1 1 1 1 1 1 1 1 1 1 1 1 1 1 1 1 1 1 1 0 1 1 1 1 1 1 1 0 1 1 1 1 1 1 1 1 1 1 1 1 1 1 1 1 1 1 1 1 1 1 1 1 1 1 0 0 0 0 0 1 1 1 1 1 1 1 1 1 1 1 1 1 1 1 1 1 1 1 1 0 1 0 0 1 1 1 1 1 1 1 1 1 1 0 0 0 1 1 1 1 1 1 1 1 1 1 1 1 1 1 1 1 1 1 1 1 1 1 1 1 1 1 1 1 1 1 1 1 1 1 1 1 1 1 1 1 1 1 1 1 1 1 1 1 1 1 1 1 1 1 1 1 1 1 1 1 1 1 1 1 1 1 1 1 1 1 1 1 1 1 1 1 1 1 1 1 1 1 1 1 1 1 1 1 1 1 1 1 1 1 1 1 1 1 1 1 1 1 1 1 1 1 1 1 1 1 1 1 1 1 1 1 1 1 1 1 1 1 1 1 1 1 1 1 1 1 1 1 1 1 1 1 1 1 1 1 1 1 1 1 1 1 1 1 1 1 1 1 1 1 1 1 1 1 1 1 1 1 1 1 1 1 1 1 1 1 1 1 1 1 1 1 1 1 1 1 1 1 1 1 1 1 1 1 1 1 1 1 1 1 1 1 1 1 1 1 1 1 1 1 1 1 1 1 1 1 1 1 1 1 1 1 1 1 1 1 1 1 1 1 1 1 1 1 1 1 1 1 1 1 1 1 1 1 1 1 1 1 1 1 1 1 1 1 1 1 1 1 1 1 1 1 1 1 1 1 1 1 1 1 1 1 1 1 1 1 1 1 1 1 1 1 1 1 1 1 1 1 1 1 1 1 1 1 1 1 1 1 1 1 1 1 1 1 1 1 1 1 1 1 1 1 1 1 1 1 1 1 1 1 1 1 1 1 1 1 1 1 1 1 1 1 1 1 1 0 1 1 1 1 0 0 0 0 0 
