# This file contains a 2D laser scan observation. 
# Its format is: 
# [aperture] [max_range] [number_of_scans] 
# [vector_of_scans] 
# [vector_of_valid_scans] 
# The aperture of the sensor is in radians, the maximum range 
# and measurements are in meters. '1' means a valid scan, '0' otherwise.
4.1847
5.6
682
0.509 0.508 0.495 0.495 0.495 0.493 0.491 0.489 0.486 0.484 0.482 0.474 0.472 0.464 0.463 0.463 0.458 0.453 0.451 0.449 0.446 0.436 0.433 0.433 0.43 0.426 0.423 0.42 0.418 0.42 0.42 0.421 0.421 0.421 0.421 0.417 0.403 0.403 0.405 0.403 0.403 0.4 0.398 0.398 0.394 0.393 0.393 0.394 0.394 0.393 0.392 0.39 0.39 0.387 0.387 0.374 0.373 0.372 0.371 0.37 0.369 0.368 0.368 0.368 0.367 0.366 0.362 0.362 0.359 0.354 0.354 0.354 0.354 0.354 0.354 0.348 0.348 0.348 0.351 0.351 0.351 0.349 0.349 0.349 0.343 0.343 0.348 0.348 0.345 0.348 0.351 0.351 0.348 0.349 0.348 0.347 0.346 0.343 0.343 0.343 0.342 0.34 0.341 0.341 0.334 0.338 0.341 0.34 0.34 0.34 0.344 0.345 0.345 0.349 0.367 0.374 0.385 0.397 0.399 0.434 0.441 0.468 0.484 0.51 0.533 0.568 0.593 0.595 2.293 2.299 2.306 2.305 2.306 2.308 2.31 2.31 2.314 2.314 2.316 2.319 2.69 2.691 2.697 2.697 2.698 2.697 2.697 0.795 0.795 0.795 0.795 0.803 0.807 0.809 0.815 0.838 0.845 0.845 0.845 0.847 0.846 0.846 0.854 0.854 0.854 0.854 0.856 0.856 0.86 0.863 0.867 0.867 0.868 0.868 0.87 0.875 0.875 0.88 0.883 0.885 0.887 0.885 0.893 0.893 0.895 0.897 0.904 0.904 0.91 0.913 0.915 0.918 0.921 0.922 0.925 0.926 0.929 0.938 0.938 0.943 0.945 0.945 0.945 0.955 0.96 0.964 0.964 0.967 0.967 0.967 0.979 0.98 0.985 0.994 0.995 0.999 1 1.012 1.022 1.025 1.029 1.036 1.04 1.041 1.053 1.057 1.061 1.067 1.069 1.077 1.077 1.089 1.096 1.1 1.105 1.116 1.117 1.124 1.143 1.144 1.152 1.152 1.152 1.132 1.132 1.132 1.136 1.144 1.145 0 0 0 0.007 0 0 0 0 2.129 2.094 2.086 2.086 2.078 2.069 2.054 2.053 2.051 2.042 2.034 2.028 2.011 2.005 2 1.994 1.984 1.979 1.962 1.959 1.953 1.941 1.934 1.92 1.918 1.913 1.908 1.906 1.892 1.877 1.868 1.863 1.74 1.728 1.728 1.74 1.746 1.753 1.784 1.806 1.806 1.806 1.802 1.793 1.786 1.786 1.78 1.776 1.776 1.775 1.769 1.766 1.761 1.761 1.752 1.751 1.748 1.746 1.745 1.744 1.741 1.734 1.73 1.728 1.728 1.724 1.719 1.716 1.714 1.713 1.712 1.71 1.709 1.708 1.705 1.695 1.682 1.682 1.681 1.68 1.679 1.679 1.679 1.68 1.685 1.685 1.685 1.694 1.695 1.814 0.007 2.447 2.445 2.445 2.442 2.442 2.44 2.44 2.439 2.432 2.429 2.428 2.427 2.424 2.42 2.419 2.418 2.415 2.411 2.409 2.406 2.406 2.403 2.406 2.408 2.412 2.412 2.412 2.412 2.412 2.41 2.41 2.416 2.418 2.418 2.418 2.418 2.414 2.414 2.414 2.441 2.479 2.49 2.49 2.494 2.497 2.502 2.503 2.506 2.506 2.512 2.512 2.513 2.516 2.518 4.893 4.896 4.908 4.904 4.904 4.908 4.945 4.945 0 0 4.945 0 0.007 0.006 0.006 0.006 0.006 0.006 0.006 0 2.082 2.044 2.02 1.99 1.959 1.928 1.928 1.902 1.873 1.866 1.864 1.86 1.86 1.863 1.863 1.863 1.869 1.876 1.877 1.899 1.917 1.917 1.926 1.939 1.939 1.939 1.663 1.649 1.645 1.627 1.624 1.621 1.596 1.596 1.596 1.66 2.042 2.042 2.042 2.03 2.021 1.988 1.979 1.959 1.941 1.92 1.9 1.885 1.866 1.848 1.842 1.815 1.797 1.789 1.772 1.755 1.744 1.733 1.721 1.713 1.685 1.681 1.671 1.65 1.647 1.633 1.626 1.611 1.603 1.585 1.584 1.567 1.554 1.554 1.533 1.526 1.513 1.505 1.498 1.487 1.481 1.467 1.46 1.451 1.446 1.434 1.433 1.427 1.418 1.41 1.401 1.395 1.385 1.384 1.37 1.368 1.36 1.349 1.348 1.341 1.333 1.324 1.322 1.313 1.306 1.304 1.304 1.293 1.29 1.284 1.284 1.279 1.266 0.87 0.858 0.855 0.854 0.845 0.844 0.842 0.837 0.836 0.834 0.834 0.833 0.829 0.828 0.819 0.819 0.819 0.819 0.811 0.811 0.811 0.81 0.807 0.807 0.807 0.798 0.797 0.797 0.796 0.795 0.791 0.79 0.79 0.788 0.788 0.784 0.788 0.775 0.775 0.775 0.775 0.775 0.777 0.777 0.782 0.782 0.77 0.77 0.77 0.77 0.77 0.77 0.764 0.763 0.763 0.763 0.763 0.763 0.763 0.763 0.763 0.762 0.762 0.761 0.757 0.755 0.755 0.755 0.755 0.755 0.755 0.755 0.755 0.755 0.755 0.761 0.761 0.761 0.761 0.761 0.761 0.762 0.767 0.767 0.777 0.777 0.781 0.783 0.781 0.781 0.781 0.781 0.776 0.766 0.762 0.762 0.762 0.761 0.757 0.757 0.757 0.753 0.755 0.758 0.755 0.753 0.755 0.752 0.752 0.76 0.76 0.76 0.76 0.76 0.756 0.755 0.755 0.76 0.76 0.761 0.761 0.761 0.762 0.762 0.766 0.767 0.767 0.766 0.766 0.765 0.765 0.772 0.774 0.774 0.777 0.778 0.777 0.778 0.783 0.784 0.784 0.785 1.148 1.15 1.151 1.151 1.169 
1 1 1 1 1 1 1 1 1 1 1 1 1 1 1 1 1 1 1 1 1 1 1 1 1 1 1 1 1 1 1 1 1 1 1 1 1 1 1 1 1 1 1 1 1 1 1 1 1 1 1 1 1 1 1 1 1 1 1 1 1 1 1 1 1 1 1 1 1 1 1 1 1 1 1 1 1 1 1 1 1 1 1 1 1 1 1 1 1 1 1 1 1 1 1 1 1 1 1 1 1 1 1 1 1 1 1 1 1 1 1 1 1 1 1 1 1 1 1 1 1 1 1 1 1 1 1 1 1 1 1 1 1 1 1 1 1 1 1 1 1 1 1 1 1 1 1 1 1 1 1 1 1 1 1 1 1 1 1 1 1 1 1 1 1 1 1 1 1 1 1 1 1 1 1 1 1 1 1 1 1 1 1 1 1 1 1 1 1 1 1 1 1 1 1 1 1 1 1 1 1 1 1 1 1 1 1 1 1 1 1 1 1 1 1 1 1 1 1 1 1 1 1 1 1 1 1 1 1 1 1 1 1 1 1 1 1 1 1 1 1 1 1 1 1 1 1 1 1 0 0 0 0 0 0 0 0 1 1 1 1 1 1 1 1 1 1 1 1 1 1 1 1 1 1 1 1 1 1 1 1 1 1 1 1 1 1 1 1 1 1 1 1 1 1 1 1 1 1 1 1 1 1 1 1 1 1 1 1 1 1 1 1 1 1 1 1 1 1 1 1 1 1 1 1 1 1 1 1 1 1 1 1 1 1 1 1 1 1 1 1 1 1 1 1 1 1 0 1 1 1 1 1 1 1 1 1 1 1 1 1 1 1 1 1 1 1 1 1 1 1 1 1 1 1 1 1 1 1 1 1 1 1 1 1 1 1 1 1 1 1 1 1 1 1 1 1 1 1 1 1 1 1 1 1 1 1 1 1 1 0 0 1 0 0 0 0 0 0 0 0 0 1 1 1 1 1 1 1 1 1 1 1 1 1 1 1 1 1 1 1 1 1 1 1 1 1 1 1 1 1 1 1 1 1 1 1 1 1 1 1 1 1 1 1 1 1 1 1 1 1 1 1 1 1 1 1 1 1 1 1 1 1 1 1 1 1 1 1 1 1 1 1 1 1 1 1 1 1 1 1 1 1 1 1 1 1 1 1 1 1 1 1 1 1 1 1 1 1 1 1 1 1 1 1 1 1 1 1 1 1 1 1 1 1 1 1 1 1 1 1 1 1 1 1 1 1 1 1 1 1 1 1 1 1 1 1 1 1 1 1 1 1 1 1 1 1 1 1 1 1 1 1 1 1 1 1 1 1 1 1 1 1 1 1 1 1 1 1 1 1 1 1 1 1 1 1 1 1 1 1 1 1 1 1 1 1 1 1 1 1 1 1 1 1 1 1 1 1 1 1 1 1 1 1 1 1 1 1 1 1 1 1 1 1 1 1 1 1 1 1 1 1 1 1 1 1 1 1 1 1 1 1 1 1 1 1 1 1 1 1 1 1 1 1 1 1 1 1 1 1 1 1 1 1 1 1 1 1 1 1 1 
