# This file contains a 2D laser scan observation. 
# Its format is: 
# [aperture] [max_range] [number_of_scans] 
# [vector_of_scans] 
# [vector_of_valid_scans] 
# The aperture of the sensor is in radians, the maximum range 
# and measurements are in meters. '1' means a valid scan, '0' otherwise.
4.1847
5.6
682
0.823 0.947 0.972 0.972 0.972 0.969 0.968 0.968 0.963 0.963 0.963 0.961 0.961 0.961 0.958 0.954 0.948 0.948 0.95 0.95 0.951 0.951 0.954 0.954 0.954 0.999 0.007 0 0.999 0.815 0.815 0.814 0.812 0.803 0.799 0.799 0.799 0.806 0.813 0.823 0.825 0.825 0.823 0.82 0.817 0.813 0.803 0.803 0.802 0.802 0.798 0.796 0.791 0.79 0.788 0.786 0.784 0.783 0.778 0.778 0.774 0.769 0.769 0.769 0.766 0.765 0.765 0.758 0.757 0.755 0.755 0.754 0.754 0.752 0.752 0.752 0.752 0.75 0.744 0.741 0.736 0.735 0.735 0.733 0.734 0.731 0.731 0.731 0.731 0.73 0.73 0.729 0.725 0.725 0.725 0.728 0.727 0.727 0.727 0.721 0.721 0.717 0.72 0.72 0.718 0.716 0.713 0.712 0.71 0.71 0.71 0.709 0.709 0.709 0.708 0.708 0.708 0.708 0.708 0.702 0.7 0.7 0.7 0.704 0.707 0.714 0.714 0.722 0.722 0.724 0.724 0.737 0.739 0.739 0.744 0.747 0.749 0.747 0.747 0.745 0.744 0.732 0.732 0.73 0.728 0.725 0.721 0.721 0.718 0.716 0.716 0.718 0.716 0.713 0.712 0.712 0.709 0.709 0.706 0.706 0.706 0.706 0.706 0.711 0.706 0.708 0.712 0.712 0.716 0.716 0.716 0.717 0.72 0.72 0.717 0.717 0.689 0.689 0.689 0.695 0.695 0.695 0.687 0.687 0.687 2.36 2.36 2.36 2.355 2.351 2.351 2.351 2.351 2.593 2.668 2.69 2.699 2.707 2.715 2.715 2.715 2.693 2.659 2.659 2.639 2.593 2.442 2.407 2.406 2.39 2.376 2.376 2.376 2.383 2.384 2.399 2.403 2.416 2.42 2.421 2.425 2.445 2.45 2.45 2.462 2.469 3.332 3.351 3.37 3.383 3.387 3.403 3.42 3.43 3.458 3.464 3.487 3.491 3.508 3.509 3.543 3.549 3.555 3.603 3.609 3.613 3.613 3.627 3.627 3.627 1.533 1.491 1.485 1.485 1.461 1.448 1.448 1.446 1.442 1.442 1.43 1.422 1.414 1.409 1.398 1.383 1.372 1.367 1.356 1.346 1.335 1.333 1.328 1.317 1.306 1.301 1.288 1.284 1.27 1.269 1.259 1.253 1.251 1.24 1.226 1.045 1.045 1.045 1.068 1.079 1.081 1.085 1.085 1.096 1.096 1.102 1.11 1.125 1.138 1.15 1.15 1.15 1.142 1.14 1.136 1.133 1.126 1.124 1.122 1.116 1.116 1.113 1.104 1.099 1.098 1.098 1.094 1.088 1.088 1.087 1.087 1.081 1.079 1.077 1.074 1.074 1.07 1.063 1.058 1.053 1.053 1.049 1.048 1.047 1.047 1.047 1.043 1.038 1.042 1.04 1.033 1.036 1.036 1.033 1.029 1.027 1.027 1.027 1.027 1.021 1.021 1.021 1.019 1.019 1.015 1.014 1.009 1.003 0.997 0.988 0.987 0.988 0.987 0.987 0.985 0.987 0.985 0.987 0.985 0.982 0.982 0.984 0.984 0.997 0.997 1.004 1.004 1.004 0.997 1.004 1.006 1.199 1.753 1.758 1.758 1.76 1.76 1.758 1.757 1.752 1.75 1.744 1.744 1.744 1.744 1.744 1.742 1.742 1.742 1.742 1.739 1.739 1.74 1.74 1.74 1.74 1.74 1.74 1.74 1.738 1.739 1.738 1.738 1.739 1.74 1.744 1.745 1.746 1.747 1.752 1.753 1.755 1.756 1.756 1.76 1.763 1.774 1.776 1.776 1.774 1.773 1.768 1.768 1.768 1.777 1.818 1.848 1.862 1.863 1.867 1.87 1.872 1.872 1.881 1.884 1.893 1.896 1.901 1.901 1.903 1.905 1.907 1.907 5.098 5.1 5.104 5.104 5.12 5.12 5.123 5.12 5.043 4.537 4.535 4.506 4.506 4.491 4.479 4.479 4.445 4.442 4.337 4.284 4.211 4.08 3.964 3.949 3.948 3.948 3.883 3.857 3.823 3.79 3.79 3.79 3.751 3.7 1.512 1.498 1.487 1.473 1.46 1.446 1.439 1.423 1.408 1.399 1.394 1.378 1.36 1.356 1.346 1.334 1.327 1.322 1.322 1.322 1.327 1.332 1.332 1.338 1.346 1.346 1.349 1.356 1.36 1.37 1.374 1.387 1.412 1.434 1.441 1.447 1.455 1.475 1.477 1.492 1.509 1.515 1.535 1.544 1.551 1.555 1.555 1.555 1.238 1.201 1.198 1.194 1.189 1.181 1.181 1.181 1.183 1.183 1.183 1.161 1.161 1.161 1.165 1.267 1.481 1.481 1.481 1.473 1.468 1.464 1.453 1.449 1.444 1.438 1.431 1.425 1.417 1.417 1.415 1.408 1.399 1.396 1.389 1.389 1.384 1.383 1.376 1.365 1.364 1.36 1.352 1.346 1.345 1.341 1.341 1.334 1.332 1.328 1.324 1.319 1.318 1.314 1.311 1.303 1.303 1.298 1.298 1.294 1.292 1.291 1.29 1.286 1.276 1.276 1.275 1.274 1.274 1.274 1.272 1.269 1.266 1.266 1.264 1.261 1.261 1.259 1.251 1.251 1.252 1.248 1.247 1.25 1.25 1.243 1.245 1.245 1.239 1.238 1.239 1.236 1.233 1.232 1.232 1.232 1.232 1.231 1.23 1.23 1.229 1.229 1.227 1.225 1.225 1.225 1.225 1.224 1.224 1.224 1.224 1.221 1.221 1.22 1.22 1.22 1.22 1.22 1.218 1.223 1.223 1.224 1.225 1.225 1.224 1.222 1.222 1.222 1.227 1.227 1.228 1.228 1.232 1.229 1.23 1.23 1.23 1.23 1.233 1.233 1.238 1.238 1.238 1.244 1.244 1.238 1.238 
1 1 1 1 1 1 1 1 1 1 1 1 1 1 1 1 1 1 1 1 1 1 1 1 1 1 0 0 1 1 1 1 1 1 1 1 1 1 1 1 1 1 1 1 1 1 1 1 1 1 1 1 1 1 1 1 1 1 1 1 1 1 1 1 1 1 1 1 1 1 1 1 1 1 1 1 1 1 1 1 1 1 1 1 1 1 1 1 1 1 1 1 1 1 1 1 1 1 1 1 1 1 1 1 1 1 1 1 1 1 1 1 1 1 1 1 1 1 1 1 1 1 1 1 1 1 1 1 1 1 1 1 1 1 1 1 1 1 1 1 1 1 1 1 1 1 1 1 1 1 1 1 1 1 1 1 1 1 1 1 1 1 1 1 1 1 1 1 1 1 1 1 1 1 1 1 1 1 1 1 1 1 1 1 1 1 1 1 1 1 1 1 1 1 1 1 1 1 1 1 1 1 1 1 1 1 1 1 1 1 1 1 1 1 1 1 1 1 1 1 1 1 1 1 1 1 1 1 1 1 1 1 1 1 1 1 1 1 1 1 1 1 1 1 1 1 1 1 1 1 1 1 1 1 1 1 1 1 1 1 1 1 1 1 1 1 1 1 1 1 1 1 1 1 1 1 1 1 1 1 1 1 1 1 1 1 1 1 1 1 1 1 1 1 1 1 1 1 1 1 1 1 1 1 1 1 1 1 1 1 1 1 1 1 1 1 1 1 1 1 1 1 1 1 1 1 1 1 1 1 1 1 1 1 1 1 1 1 1 1 1 1 1 1 1 1 1 1 1 1 1 1 1 1 1 1 1 1 1 1 1 1 1 1 1 1 1 1 1 1 1 1 1 1 1 1 1 1 1 1 1 1 1 1 1 1 1 1 1 1 1 1 1 1 1 1 1 1 1 1 1 1 1 1 1 1 1 1 1 1 1 1 1 1 1 1 1 1 1 1 1 1 1 1 1 1 1 1 1 1 1 1 1 1 1 1 1 1 1 1 1 1 1 1 1 1 1 1 1 1 1 1 1 1 1 1 1 1 1 1 1 1 1 1 1 1 1 1 1 1 1 1 1 1 1 1 1 1 1 1 1 1 1 1 1 1 1 1 1 1 1 1 1 1 1 1 1 1 1 1 1 1 1 1 1 1 1 1 1 1 1 1 1 1 1 1 1 1 1 1 1 1 1 1 1 1 1 1 1 1 1 1 1 1 1 1 1 1 1 1 1 1 1 1 1 1 1 1 1 1 1 1 1 1 1 1 1 1 1 1 1 1 1 1 1 1 1 1 1 1 1 1 1 1 1 1 1 1 1 1 1 1 1 1 1 1 1 1 1 1 1 1 1 1 1 1 1 1 1 1 1 1 1 1 1 1 1 1 1 1 1 1 1 1 1 1 1 1 1 1 1 1 1 1 1 1 1 1 1 1 1 1 1 1 1 1 1 1 1 1 1 1 1 1 1 1 1 1 1 1 1 1 1 1 1 1 1 1 1 1 1 1 1 1 1 1 1 1 1 1 1 1 1 1 1 1 1 1 1 1 1 1 
