# This file contains a 2D laser scan observation. 
# Its format is: 
# [aperture] [max_range] [number_of_scans] 
# [vector_of_scans] 
# [vector_of_valid_scans] 
# The aperture of the sensor is in radians, the maximum range 
# and measurements are in meters. '1' means a valid scan, '0' otherwise.
4.1847
5.6
682
0.789 0.789 0.787 0.781 0.78 0.774 0.772 0.771 0.771 0.766 0.766 0.766 0.763 0.758 0.757 0.756 0.756 0.747 0.744 0.744 0.742 0.742 0.742 0.742 0.742 0.739 0.731 0.726 0.692 0.691 0.688 0.686 0.68 0.677 0.677 0.68 0.683 0.69 2.224 2.245 2.257 0 0 0 0 1.205 1.203 1.203 1.198 1.198 1.197 1.187 1.186 1.187 1.197 1.193 1.193 1.193 1.193 1.19 1.187 1.187 1.181 1.173 1.171 1.165 1.165 1.165 1.164 1.165 1.164 1.164 1.164 1.17 0.008 0.008 0.008 2.624 2.557 2.557 2.594 2.624 2.594 2.594 1.184 1.054 1.054 1.054 1.138 2.603 2.611 2.611 2.603 2.58 2.552 2.544 2.544 2.539 2.529 2.529 2.532 2.532 2.533 2.534 2.536 2.534 2.533 2.258 2.256 2.252 2.252 2.254 2.251 2.245 2.251 2.254 2.551 2.554 2.562 2.562 2.569 2.571 2.572 2.573 2.582 2.587 2.588 2.588 2.588 2.536 2.44 2.296 2.256 2.255 2.229 2.224 2.219 2.219 2.224 2.229 2.232 2.234 2.235 2.239 2.251 2.254 2.257 2.267 2.267 2.271 2.282 2.283 3.09 3.103 3.105 3.105 3.118 3.13 3.144 3.145 3.148 3.145 3.144 1.257 1.244 1.22 1.203 1.203 1.203 1.195 1.194 1.184 1.168 1.156 1.146 1.123 1.105 1.092 1.085 1.069 1.062 1.051 1.036 0.959 0.78 0.776 0.776 0.78 0.781 0.788 0.789 0.798 0.798 0.798 0.797 0.797 0.796 0.796 0.796 0.806 0.807 0.808 0.812 0.815 0.817 0.829 0.831 0.834 0.837 0.838 0.838 0.834 0.832 0.83 0.821 0.82 0.816 0.811 0.804 0.8 0.797 0.796 0.791 0.789 0.788 0.781 0.773 0.772 0.77 0.767 0.763 0.76 0.756 0.756 0.756 0.748 0.74 0.739 0.736 0.736 0.733 0.729 0.725 0.725 0.724 0.723 0.716 0.714 0.711 0.706 0.706 0.701 0.7 0.7 0.7 0.7 0.695 0.694 0.69 0.69 0.688 0.684 0.683 0.681 0.681 0.673 0.672 0.673 0.672 0.672 0.671 0.668 0.668 0.668 0.667 0.666 0.665 0.666 0.665 0.665 0.665 0.663 0.658 0.656 0.649 0.649 0.647 0.636 0.634 0.632 0.631 0.631 0.622 0.622 0.622 0.622 0.625 0.625 0.621 0.621 0.62 0.62 0.62 0.617 0.617 0.617 0.617 0.62 0.62 0.62 0.621 0.621 0.631 0.633 0.633 0.633 0.633 0.631 0.629 0.63 0.629 0.628 0.627 0.628 0.628 0.638 0.701 0.798 1.358 1.358 1.358 1.357 1.353 1.35 1.348 1.348 1.347 1.346 1.347 1.347 1.347 1.346 1.346 1.344 1.343 1.338 1.338 1.338 1.338 1.338 1.338 1.338 1.333 1.333 1.333 1.334 1.334 1.334 1.331 1.331 1.331 1.33 1.33 1.333 1.333 1.329 1.329 1.331 1.329 1.329 1.33 1.331 1.333 1.337 1.336 1.337 1.338 1.346 1.35 1.351 1.359 1.359 1.359 1.359 1.359 1.359 1.366 1.368 1.37 1.37 1.371 1.371 1.369 1.369 1.37 1.37 1.39 1.431 1.466 1.467 1.473 1.474 1.478 1.478 1.483 1.487 1.487 1.501 1.501 1.505 1.514 1.516 1.516 1.521 1.524 1.529 1.539 1.54 4.145 4.145 4.145 4.133 4.133 4.119 4.119 4.107 4.09 4.058 4.042 3.986 3.938 3.867 3.789 3.694 3.682 3.627 3.626 3.626 3.585 3.579 3.527 3.501 3.48 3.45 3.393 3.379 3.379 3.379 3.377 2.635 2.624 2.599 2.581 2.559 2.55 2.498 2.481 2.468 2.452 2.437 2.401 2.387 2.358 2.353 2.341 2.297 2.243 1.202 1.2 1.191 1.182 1.174 1.163 1.162 1.162 1.149 1.148 1.143 1.126 1.123 1.119 1.115 1.107 1.097 1.092 1.09 1.084 1.077 1.069 1.068 1.062 1.062 1.057 1.054 1.054 1.057 1.057 1.064 1.07 1.077 1.077 1.077 1.083 1.088 1.089 1.115 1.118 1.126 1.135 1.164 1.189 1.208 1.231 1.246 1.25 1.267 1.289 1.311 1.322 1.338 1.354 1.37 1.372 1.383 1.383 1.383 1.379 1.368 1.366 1.366 1.36 1.347 1.345 1.343 1.338 1.323 1.011 0.995 0.995 0.995 1 1 1.007 1.007 1.007 0.995 1.006 0.999 0.999 0.992 0.99 0.99 0.99 0.99 0.996 1.253 1.275 1.275 1.275 1.272 1.267 1.266 1.257 1.257 1.257 1.256 1.256 1.251 1.25 1.25 1.25 1.25 1.25 1.247 1.246 1.246 1.245 1.245 1.244 1.244 1.243 1.239 1.243 1.238 1.235 1.235 1.235 1.234 1.234 1.231 1.234 1.232 1.234 1.232 1.235 1.235 1.235 1.233 1.233 1.231 1.231 1.231 1.227 1.231 1.238 1.232 1.232 1.232 1.229 1.229 1.229 1.231 1.232 1.234 1.237 1.237 1.237 1.238 1.241 1.243 1.243 1.243 1.241 1.241 1.241 1.245 1.245 1.246 1.246 1.247 1.247 1.247 1.247 1.254 1.255 1.261 1.261 1.261 1.262 1.268 1.269 1.274 1.274 1.274 1.274 1.274 1.274 1.274 1.274 1.281 1.282 1.287 1.287 1.294 1.296 1.297 1.303 1.31 1.317 1.318 1.32 1.323 1.324 1.324 1.324 1.332 1.332 1.333 1.341 1.345 1.347 1.349 1.35 1.359 1.368 1.368 1.376 1.376 1.376 1.355 1.342 1.323 
1 1 1 1 1 1 1 1 1 1 1 1 1 1 1 1 1 1 1 1 1 1 1 1 1 1 1 1 1 1 1 1 1 1 1 1 1 1 1 1 1 0 0 0 0 1 1 1 1 1 1 1 1 1 1 1 1 1 1 1 1 1 1 1 1 1 1 1 1 1 1 1 1 1 0 0 0 1 1 1 1 1 1 1 1 1 1 1 1 1 1 1 1 1 1 1 1 1 1 1 1 1 1 1 1 1 1 1 1 1 1 1 1 1 1 1 1 1 1 1 1 1 1 1 1 1 1 1 1 1 1 1 1 1 1 1 1 1 1 1 1 1 1 1 1 1 1 1 1 1 1 1 1 1 1 1 1 1 1 1 1 1 1 1 1 1 1 1 1 1 1 1 1 1 1 1 1 1 1 1 1 1 1 1 1 1 1 1 1 1 1 1 1 1 1 1 1 1 1 1 1 1 1 1 1 1 1 1 1 1 1 1 1 1 1 1 1 1 1 1 1 1 1 1 1 1 1 1 1 1 1 1 1 1 1 1 1 1 1 1 1 1 1 1 1 1 1 1 1 1 1 1 1 1 1 1 1 1 1 1 1 1 1 1 1 1 1 1 1 1 1 1 1 1 1 1 1 1 1 1 1 1 1 1 1 1 1 1 1 1 1 1 1 1 1 1 1 1 1 1 1 1 1 1 1 1 1 1 1 1 1 1 1 1 1 1 1 1 1 1 1 1 1 1 1 1 1 1 1 1 1 1 1 1 1 1 1 1 1 1 1 1 1 1 1 1 1 1 1 1 1 1 1 1 1 1 1 1 1 1 1 1 1 1 1 1 1 1 1 1 1 1 1 1 1 1 1 1 1 1 1 1 1 1 1 1 1 1 1 1 1 1 1 1 1 1 1 1 1 1 1 1 1 1 1 1 1 1 1 1 1 1 1 1 1 1 1 1 1 1 1 1 1 1 1 1 1 1 1 1 1 1 1 1 1 1 1 1 1 1 1 1 1 1 1 1 1 1 1 1 1 1 1 1 1 1 1 1 1 1 1 1 1 1 1 1 1 1 1 1 1 1 1 1 1 1 1 1 1 1 1 1 1 1 1 1 1 1 1 1 1 1 1 1 1 1 1 1 1 1 1 1 1 1 1 1 1 1 1 1 1 1 1 1 1 1 1 1 1 1 1 1 1 1 1 1 1 1 1 1 1 1 1 1 1 1 1 1 1 1 1 1 1 1 1 1 1 1 1 1 1 1 1 1 1 1 1 1 1 1 1 1 1 1 1 1 1 1 1 1 1 1 1 1 1 1 1 1 1 1 1 1 1 1 1 1 1 1 1 1 1 1 1 1 1 1 1 1 1 1 1 1 1 1 1 1 1 1 1 1 1 1 1 1 1 1 1 1 1 1 1 1 1 1 1 1 1 1 1 1 1 1 1 1 1 1 1 1 1 1 1 1 1 1 1 1 1 1 1 1 1 1 1 1 1 1 1 1 1 1 1 1 1 1 1 1 1 1 1 1 1 1 1 1 1 1 1 1 1 1 1 1 
