# This file contains a 2D laser scan observation. 
# Its format is: 
# [aperture] [max_range] [number_of_scans] 
# [vector_of_scans] 
# [vector_of_valid_scans] 
# The aperture of the sensor is in radians, the maximum range 
# and measurements are in meters. '1' means a valid scan, '0' otherwise.
4.1847
5.6
682
0.46 0.458 0.454 0.448 0.446 0.446 0.437 0.437 0.428 0.425 0.424 0.402 0.401 0.4 0.389 0.38 0.379 0.358 0.356 0.354 0.354 0.351 0.342 0.341 0.34 0.339 0.338 0.338 0.336 0.331 0.329 0.324 0.322 0.315 0.31 0.302 0.3 0.299 0.29 0.277 0.276 0.273 0.271 0.264 0.259 0.259 0.259 0.254 0.251 0.245 0.241 0.237 0.237 0.235 0.235 0.234 0.234 0.233 0.231 0.228 0.227 0.227 0.226 0.226 0.218 0.221 0.221 0.216 0.214 0.214 0.214 0.21 0.205 0.205 0.203 0.202 0.202 0.199 0.196 0.192 0.189 0.189 0.185 0.18 0.18 0.175 0.174 0.174 0.174 0.17 0.17 0.167 0.165 0.164 0.165 0.165 0.164 0.164 0.163 0.159 0.157 0.157 0.157 0.157 0.157 0.152 0.152 0.152 0.147 0.147 0.149 0.149 0.146 0.146 0.142 0.137 0.137 0.142 0.142 0.142 0.142 0.142 0.135 0.135 0.133 0.133 0.133 0.133 0.136 0.137 0.137 0.137 0.137 0.137 0.137 0.134 0.132 0.13 0.13 0.13 0.13 0.13 0.166 0.166 0.166 0.149 0.145 0.142 0.142 0.142 0.145 0.147 0.147 0.148 0.153 0.154 0.175 0.185 0.188 0.198 0.199 0.199 0 0 0 0 0 0 0 0 0 0 0 0 2.88 2.842 2.842 2.785 2.782 2.779 2.767 2.763 2.761 2.758 2.758 2.748 0.384 0.384 0.386 0.386 0.4 0.405 0.424 0.47 0.499 0.522 0.542 0.557 0.557 0.557 0.403 0.403 0.403 0.414 0.459 0.501 0.77 1.007 1.101 1.624 1.636 1.636 1.636 1.636 1.636 1.634 1.634 1.639 1.671 2.424 2.441 2.445 2.445 2.445 2.447 2.451 2.451 2.455 2.456 2.466 2.466 2.466 2.467 2.466 2.467 2.473 2.476 2.476 2.479 2.481 2.484 2.488 2.491 2.495 2.497 2.498 2.504 2.508 2.512 2.513 2.516 2.519 2.523 2.529 2.534 2.537 2.547 2.551 2.554 2.555 2.558 2.566 2.569 2.572 2.583 2.61 0.007 3.286 3.286 3.299 3.299 3.3 3.314 3.321 3.337 3.337 3.337 3.291 3.229 2.963 2.772 2.756 2.739 2.735 2.712 2.69 2.69 2.69 2.698 2.708 2.708 2.708 2.691 2.679 2.584 2.573 2.569 2.567 2.503 2.427 2.41 2.407 2.327 2.32 2.202 2.194 2.194 2.194 2.194 2.194 2.186 2.174 2.142 2.136 2.136 2.113 2.079 2.073 2.071 2.065 2.057 2.045 1.959 1.958 1.958 1.958 1.959 1.959 1.965 1.965 1.965 1.952 1.863 1.819 1.813 1.809 1.809 1.802 1.564 1.193 1.185 1.16 1.151 1.142 1.141 1.135 1.132 1.122 1.11 1.106 1.099 1.092 1.083 1.082 1.08 1.062 1.061 1.053 1.049 1.047 1.047 1.042 1.033 1.025 1.022 1.02 1.02 1.01 1 0.999 0.996 0.993 0.988 0.983 0.982 0.982 0.978 0.973 0.965 0.958 0.953 0.955 0.952 0.947 0.947 0.945 0.942 0.941 0.939 0.925 0.925 0.925 0.924 0.923 0.921 0.917 0.913 0.913 0.911 0.908 0.899 0.899 0.899 0.899 0.899 0.892 0.891 0.888 0.883 0.882 0.883 0.882 0.882 0.882 0.882 0.874 0.874 0.869 0.869 0.866 0.868 0.867 0.867 0.867 0.867 0.864 0.864 0.864 0.86 0.858 0.858 0.853 0.852 0.852 0.852 0.852 0.852 0.852 0.852 0.853 0.852 0.853 0.853 0.853 0.852 0.847 0.847 0.845 0.847 0.845 0.846 0.845 0.846 0.839 0.839 0.839 0.846 0.846 0.85 0.853 0.853 0.856 0.859 0.869 0.87 0.876 0.886 0.886 0.886 0.882 0.875 0.857 0.856 0.85 0.856 0.85 0.85 0.85 0.85 0.847 0.847 0.846 0.846 0.844 0.844 0.844 0.842 0.842 0.842 0.842 0.845 0.845 0.845 0.848 0.848 0.849 0.849 0.849 0.85 0.85 0.869 0.869 0.872 0.877 0.877 0.89 1.349 1.35 1.35 1.349 1.325 1.288 1.264 1.239 1.215 1.196 1.177 1.156 1.142 1.113 1.093 1.078 1.056 1.035 1.023 1.007 0.988 0.962 0.955 0.946 0.926 0.909 0.903 0.899 0.882 0.874 0.864 0.859 0.843 0.828 0.825 0.815 0.804 0.803 0.791 0.784 0.782 0.765 0.763 0.747 0.743 0.733 0.729 0.728 0.716 0.713 0.701 0.689 0.686 0.685 0.677 0.67 0.67 0.657 0.656 0.648 0.643 0.641 0.637 0.631 0.628 0.625 0.622 0.611 0.611 0.606 0.605 0.603 0.592 0.587 0.585 0.585 0.576 0.576 0.573 0.567 0.563 0.562 0.562 0.561 0.548 0.547 0.547 0.544 0.541 0.536 0.536 0.531 0.531 0.529 0.526 0.517 0.517 0.517 0.514 0.509 0.508 0.507 0.506 0.505 0.502 0.502 0.502 0.502 0.493 0.491 0.492 0.489 0.482 0.484 0.48 0.477 0.476 0.472 0.472 0.472 0.472 0.472 0.47 0.469 0.46 0.46 0.46 0.458 0.455 0.455 0.455 0.454 0.452 0.452 0.451 0.45 0.45 0.449 0.447 0.439 0.439 0.439 0.439 0.439 0.439 0.439 0.438 0.438 0.432 0.432 0.432 0.435 0.435 0.435 0.435 0.428 0.428 0.428 0.43 0.43 0.43 0.43 0.425 0.425 0.425 0.425 0.421 0.418 0.418 0.418 0.418 0.418 0.416 0.419 0.416 0.421 
1 1 1 1 1 1 1 1 1 1 1 1 1 1 1 1 1 1 1 1 1 1 1 1 1 1 1 1 1 1 1 1 1 1 1 1 1 1 1 1 1 1 1 1 1 1 1 1 1 1 1 1 1 1 1 1 1 1 1 1 1 1 1 1 1 1 1 1 1 1 1 1 1 1 1 1 1 1 1 1 1 1 1 1 1 1 1 1 1 1 1 1 1 1 1 1 1 1 1 1 1 1 1 1 1 1 1 1 1 1 1 1 1 1 1 1 1 1 1 1 1 1 1 1 1 1 1 1 1 1 1 1 1 1 1 1 1 1 1 1 1 1 1 1 1 1 1 1 1 1 1 1 1 1 1 1 1 1 1 1 1 1 0 0 0 0 0 0 0 0 0 0 0 0 1 1 1 1 1 1 1 1 1 1 1 1 1 1 1 1 1 1 1 1 1 1 1 1 1 1 1 1 1 1 1 1 1 1 1 1 1 1 1 1 1 1 1 1 1 1 1 1 1 1 1 1 1 1 1 1 1 1 1 1 1 1 1 1 1 1 1 1 1 1 1 1 1 1 1 1 1 1 1 1 1 1 1 1 1 1 1 1 1 1 1 1 0 1 1 1 1 1 1 1 1 1 1 1 1 1 1 1 1 1 1 1 1 1 1 1 1 1 1 1 1 1 1 1 1 1 1 1 1 1 1 1 1 1 1 1 1 1 1 1 1 1 1 1 1 1 1 1 1 1 1 1 1 1 1 1 1 1 1 1 1 1 1 1 1 1 1 1 1 1 1 1 1 1 1 1 1 1 1 1 1 1 1 1 1 1 1 1 1 1 1 1 1 1 1 1 1 1 1 1 1 1 1 1 1 1 1 1 1 1 1 1 1 1 1 1 1 1 1 1 1 1 1 1 1 1 1 1 1 1 1 1 1 1 1 1 1 1 1 1 1 1 1 1 1 1 1 1 1 1 1 1 1 1 1 1 1 1 1 1 1 1 1 1 1 1 1 1 1 1 1 1 1 1 1 1 1 1 1 1 1 1 1 1 1 1 1 1 1 1 1 1 1 1 1 1 1 1 1 1 1 1 1 1 1 1 1 1 1 1 1 1 1 1 1 1 1 1 1 1 1 1 1 1 1 1 1 1 1 1 1 1 1 1 1 1 1 1 1 1 1 1 1 1 1 1 1 1 1 1 1 1 1 1 1 1 1 1 1 1 1 1 1 1 1 1 1 1 1 1 1 1 1 1 1 1 1 1 1 1 1 1 1 1 1 1 1 1 1 1 1 1 1 1 1 1 1 1 1 1 1 1 1 1 1 1 1 1 1 1 1 1 1 1 1 1 1 1 1 1 1 1 1 1 1 1 1 1 1 1 1 1 1 1 1 1 1 1 1 1 1 1 1 1 1 1 1 1 1 1 1 1 1 1 1 1 1 1 1 1 1 1 1 1 1 1 1 1 1 1 1 1 1 1 1 1 1 1 1 1 1 1 1 1 1 1 1 1 1 1 1 1 1 1 1 1 1 1 1 1 1 1 1 1 1 1 1 1 
