# This file contains a 2D laser scan observation. 
# Its format is: 
# [aperture] [max_range] [number_of_scans] 
# [vector_of_scans] 
# [vector_of_valid_scans] 
# The aperture of the sensor is in radians, the maximum range 
# and measurements are in meters. '1' means a valid scan, '0' otherwise.
4.1847
5.6
682
0.478 0.478 0.476 0.474 0.476 0.474 0.474 0.473 0.471 0.467 0.467 0.467 0.467 0.464 0.464 0.463 0.463 0.463 0.462 0.462 0.462 0.462 0.461 0.464 0.461 0.462 0.461 0.461 0.458 0.458 0.456 0.456 0.453 0.453 0.451 0.451 0.451 0.451 0.451 0.453 0.456 0.456 0.456 0.45 0.448 0.448 0.45 0.45 0.448 0.448 0.443 0.443 0.443 0.443 0.448 0.448 0.448 0.451 0.451 0.451 0.449 0.449 0.446 0.446 0.446 0.446 0.446 0.448 0.449 0.449 0.451 0.451 0.449 0.449 0.449 0.449 0.449 0.451 0.451 0.454 0.457 0.457 0.457 0.457 0.457 0.455 0.453 0.454 0.454 0.455 0.459 0.459 0.461 0.461 0.456 0.456 0.456 0.456 0.458 0.459 0.46 0.462 0.462 0.464 0.466 0.467 0.469 0.471 0.471 0.467 0.47 0.467 0.467 0.468 0.469 0.468 0.469 0.47 0.47 0.47 0.472 0.475 0.474 0.475 0.478 0.478 0.478 0.478 0.479 0.482 0.482 0.484 0.484 0.482 0.484 0.486 0.488 0.492 0.492 0.492 0.493 0.494 0.499 0.499 0.499 0.5 0.503 0.507 0.507 0.507 0.509 0.51 0.511 0.511 0.512 0.514 0.519 0.52 0.52 0.524 0.524 0.524 0.522 0.529 0.529 0.529 0.532 0.534 0.54 0.54 0.541 0.543 0.544 0.549 0.549 0.552 0.553 0.559 0.562 0.571 0.571 0.572 0.578 0.581 0.583 0.584 0.59 0.595 0.6 0.6 0.604 0.605 0.61 0.618 0.619 0.624 0.635 0.635 0.635 0.642 0.645 0.644 0.652 0.655 0.664 0.666 0.671 0.679 0.682 0.687 0.689 0.699 0.707 0.71 0.713 0.714 0.733 0.737 0.747 0.749 0.758 0.774 0.776 0.779 0.785 0.796 0.797 0.809 0.809 0.816 0.818 0.818 0.821 0.818 0.818 0.819 0.819 0.816 0.816 0.815 0.806 0.806 0.806 0.806 0.809 0.809 0.809 0.817 0.817 0.817 0.818 0.929 1.616 1.629 1.63 1.634 1.634 1.629 1.624 1.619 1.619 1.619 1.619 1.618 1.618 1.601 1.6 1.595 1.593 1.593 1.587 1.585 1.583 1.58 1.579 1.574 1.574 1.574 1.564 1.564 1.562 1.556 1.556 1.555 1.554 1.553 1.55 1.55 1.548 1.55 1.547 1.547 1.547 1.543 1.542 1.543 1.541 1.539 1.539 1.547 1.547 1.547 1.547 1.546 1.541 1.538 1.534 1.533 1.53 1.526 1.526 1.526 1.528 1.53 1.531 1.531 1.53 1.531 1.53 1.53 1.53 1.532 1.528 1.528 1.528 1.528 1.528 1.528 1.528 1.526 1.526 1.526 1.53 1.529 1.529 1.53 1.531 1.531 1.533 1.541 1.541 1.542 1.544 1.544 1.551 1.552 1.552 1.552 1.558 1.559 1.559 1.559 1.56 1.565 1.566 1.566 1.569 1.579 1.58 1.584 1.587 1.591 1.594 1.598 1.622 1.624 1.641 1.641 2.294 2.306 2.314 2.315 2.318 2.328 2.334 2.34 2.345 2.357 2.36 2.364 2.366 2.366 2.366 2.351 2.312 2.285 2.228 1.866 1.866 1.795 1.792 1.769 1.76 1.753 1.741 1.723 1.708 1.703 1.703 1.703 1.703 1.715 1.722 1.722 1.723 1.723 1.722 1.719 1.709 1.695 1.637 1.6 1.593 1.584 1.584 1.584 1.585 1.584 1.584 1.576 1.443 1.434 1.429 1.429 1.429 1.422 1.417 1.359 1.332 1.326 1.323 1.292 1.229 1.211 1.207 1.201 1.201 1.207 1.217 1.217 1.219 1.219 1.219 1.219 1.219 1.219 1.216 1.201 1.172 1.166 1.166 1.166 1.17 1.17 1.17 1.146 1.117 1.112 1.112 1.112 1.112 1.108 1.108 1.107 1.107 1.103 1.097 1.097 1.097 1.097 1.096 1.07 1.026 1.026 1.012 1.026 1.026 1.031 1.033 1.034 1.038 1.04 1.04 1.041 1.041 1.062 1.064 1.065 1.065 1.064 1.054 1.032 0.996 0.99 0.986 0.98 0.975 0.94 0.938 0.938 0.938 0.938 0.938 0.94 0.945 0.945 0.943 0.945 0.945 0.946 0.947 0.951 0.962 0.966 0.966 0.966 0.951 0.899 0.823 0.819 0.805 0.802 0.775 0.754 0.75 0.746 0.738 0.736 0.736 0.737 0.738 0.737 0.737 0.734 0.733 0.732 0.732 0.734 0.737 0.804 0.805 0.814 0.814 0.805 0.805 0.79 0.79 0.789 0.789 0.796 0.873 0.873 0.873 0.866 0.811 0.804 0.804 0.8 0.8 0.796 0.792 0.792 0.792 0.81 0.81 0.81 0.81 0.815 0.815 0.81 0.809 0.809 0.809 0.809 0.808 0.811 0.811 0.851 0.852 0.855 0.904 0.93 0.933 0.933 0.93 0.898 0.892 0.892 0.891 0.871 0.891 0.891 0.851 0.533 0.499 0.493 0.487 0.487 0.487 0.487 0.487 0.491 0.491 0.492 0.494 0.495 0.495 0.495 0.485 0.478 0.475 0.475 0.473 0.472 0.472 0.472 0.472 0.472 0.476 0.479 0.479 0.479 0.481 0.479 0.479 0.476 0.481 0.481 0.485 0.485 0.485 0.487 0.492 0.492 0.492 0.494 0.494 0.492 0.492 0.492 0.492 0.494 0.495 0.495 0.503 0.503 0.503 0.503 0.501 0.494 0.477 0.473 0.473 0.477 0.478 0.486 0.488 0.494 0.496 0.501 0.516 0.522 0.524 0.529 0.535 0.537 0.537 0.537 0.544 0.544 0.544 0.547 0.548 0.55 0.553 0.554 0.555 0.555 0.558 0.558 0.565 0.569 
1 1 1 1 1 1 1 1 1 1 1 1 1 1 1 1 1 1 1 1 1 1 1 1 1 1 1 1 1 1 1 1 1 1 1 1 1 1 1 1 1 1 1 1 1 1 1 1 1 1 1 1 1 1 1 1 1 1 1 1 1 1 1 1 1 1 1 1 1 1 1 1 1 1 1 1 1 1 1 1 1 1 1 1 1 1 1 1 1 1 1 1 1 1 1 1 1 1 1 1 1 1 1 1 1 1 1 1 1 1 1 1 1 1 1 1 1 1 1 1 1 1 1 1 1 1 1 1 1 1 1 1 1 1 1 1 1 1 1 1 1 1 1 1 1 1 1 1 1 1 1 1 1 1 1 1 1 1 1 1 1 1 1 1 1 1 1 1 1 1 1 1 1 1 1 1 1 1 1 1 1 1 1 1 1 1 1 1 1 1 1 1 1 1 1 1 1 1 1 1 1 1 1 1 1 1 1 1 1 1 1 1 1 1 1 1 1 1 1 1 1 1 1 1 1 1 1 1 1 1 1 1 1 1 1 1 1 1 1 1 1 1 1 1 1 1 1 1 1 1 1 1 1 1 1 1 1 1 1 1 1 1 1 1 1 1 1 1 1 1 1 1 1 1 1 1 1 1 1 1 1 1 1 1 1 1 1 1 1 1 1 1 1 1 1 1 1 1 1 1 1 1 1 1 1 1 1 1 1 1 1 1 1 1 1 1 1 1 1 1 1 1 1 1 1 1 1 1 1 1 1 1 1 1 1 1 1 1 1 1 1 1 1 1 1 1 1 1 1 1 1 1 1 1 1 1 1 1 1 1 1 1 1 1 1 1 1 1 1 1 1 1 1 1 1 1 1 1 1 1 1 1 1 1 1 1 1 1 1 1 1 1 1 1 1 1 1 1 1 1 1 1 1 1 1 1 1 1 1 1 1 1 1 1 1 1 1 1 1 1 1 1 1 1 1 1 1 1 1 1 1 1 1 1 1 1 1 1 1 1 1 1 1 1 1 1 1 1 1 1 1 1 1 1 1 1 1 1 1 1 1 1 1 1 1 1 1 1 1 1 1 1 1 1 1 1 1 1 1 1 1 1 1 1 1 1 1 1 1 1 1 1 1 1 1 1 1 1 1 1 1 1 1 1 1 1 1 1 1 1 1 1 1 1 1 1 1 1 1 1 1 1 1 1 1 1 1 1 1 1 1 1 1 1 1 1 1 1 1 1 1 1 1 1 1 1 1 1 1 1 1 1 1 1 1 1 1 1 1 1 1 1 1 1 1 1 1 1 1 1 1 1 1 1 1 1 1 1 1 1 1 1 1 1 1 1 1 1 1 1 1 1 1 1 1 1 1 1 1 1 1 1 1 1 1 1 1 1 1 1 1 1 1 1 1 1 1 1 1 1 1 1 1 1 1 1 1 1 1 1 1 1 1 1 1 1 1 1 1 1 1 1 1 1 1 1 1 1 1 1 1 1 1 1 1 1 1 1 1 1 1 1 1 1 1 1 1 1 1 1 1 1 1 1 1 1 1 1 1 1 1 1 
