# This file contains a 2D laser scan observation. 
# Its format is: 
# [aperture] [max_range] [number_of_scans] 
# [vector_of_scans] 
# [vector_of_valid_scans] 
# The aperture of the sensor is in radians, the maximum range 
# and measurements are in meters. '1' means a valid scan, '0' otherwise.
4.1847
5.6
682
0.645 0.645 0.643 0.643 0.643 0.643 0.642 0.642 0.642 0.631 0.641 0.638 0.638 0.631 0.631 0.63 0.626 0.624 0.624 0.624 0.624 0.623 0.622 0.623 0.623 0.619 0.618 0.616 0.614 0.614 0.614 0.613 0.613 0.613 0.613 0.613 0.613 0.613 0.606 0.606 0.605 0.603 0.597 0.59 0.585 0.529 0.512 0.509 0.506 0.504 0.504 0.506 0.502 0.506 0.506 0.506 0.496 0.504 0.497 0.501 0.501 0.504 0.601 0.644 0.656 0.66 0.662 0.662 0.661 0.66 0.66 0.66 0.66 0.662 0.666 0.666 0.667 0.667 0.668 0.681 0.702 2.229 2.23 2.23 2.229 2.224 2.218 2.218 2.218 2.222 2.226 2.228 2.236 2.238 2.238 2.243 2.247 2.247 2.245 2.247 2.248 2.26 2.276 2.334 2.659 2.666 2.668 2.67 2.676 2.677 2.685 2.685 2.694 2.697 2.699 2.702 2.707 2.717 2.718 2.718 0 0 0 0 0 0.007 2.117 2.049 2 1.983 1.941 1.916 1.889 1.86 1.83 1.781 1.751 1.729 1.705 1.664 1.634 1.623 1.604 1.589 1.561 1.554 1.531 1.517 1.503 1.486 1.463 1.453 1.433 1.418 1.406 1.395 1.395 1.395 1.385 1.383 1.331 1.319 1.319 1.288 1.285 1.277 1.276 1.257 1.253 1.24 1.232 1.222 1.213 1.206 1.19 1.187 1.175 1.171 1.167 1.146 1.142 1.141 1.128 1.12 1.109 1.108 1.099 1.093 1.091 1.071 1.065 1.062 1.055 1.051 1.046 1.041 1.027 1.024 1.015 1.011 1.011 1.011 1.006 1.006 1.006 1.005 0.968 0.965 0.96 0.96 0.947 0.946 0.944 0.939 0.935 0.924 0.921 0.918 0.91 0.91 0.905 0.903 0.902 0.898 0.887 0.887 0.885 0.881 0.881 0.875 0.873 0.869 0.865 0.865 0.862 0.857 0.851 0.85 0.845 0.845 0.845 0.845 0.839 0.838 0.835 0.833 0.83 0.829 0.823 0.822 0.821 0.815 0.812 0.812 0.812 0.812 0.81 0.804 0.804 0.804 0.803 0.801 0.8 0.8 0.797 0.794 0.793 0.793 0.792 0.791 0.791 0.796 0.795 0.795 0.795 0.793 0.783 0.778 0.778 0.778 0.776 0.778 0.778 0.778 0.777 0.777 0.774 0.77 0.77 0.769 0.764 0.764 0.764 0.764 0.764 0.765 0.765 0.765 0.765 0.764 0.764 0.766 0.766 0.766 0.767 0.766 0.764 0.757 0.757 0.756 0.756 0.755 0.755 0.746 0.755 0.753 0.753 0.754 0.755 0.756 0.757 0.756 0.757 0.757 0.757 0.757 0.757 0.757 0.76 0.757 0.757 0.757 0.756 0.756 0.756 0.756 0.756 0.756 0.756 0.756 0.756 0.754 0.754 0.754 0.757 0.758 0.758 0.758 0.758 0.764 0.763 0.763 0.764 0.763 0.763 0.764 0.764 0.764 0.774 0.774 0.774 0.776 0.774 0.774 0.776 0.776 0.773 0.773 0.773 0.772 0.773 0.781 0.781 0.775 0.777 0.777 0.777 0.779 0.78 0.791 0.792 0.793 0.793 0.794 0.795 0.797 0.798 0.803 0.821 0.826 0.826 0.831 0.831 0.836 0.837 1.503 1.521 1.535 1.548 1.548 1.552 1.562 1.564 1.576 1.578 1.583 1.586 1.589 1.589 1.589 1.568 1.545 1.524 1.502 1.483 1.478 1.462 1.442 1.435 1.42 1.42 1.409 1.39 1.13 1.085 1.079 1.073 1.061 1.03 1.022 1.021 1.017 1.014 0.986 0.986 0.986 0.992 0.992 0.992 0.99 0.989 0.986 0.986 0.957 0.956 0.954 0.954 0.953 0.953 0.953 0.953 0.957 0.961 0.961 0.981 0.986 0.991 0.991 0.991 0.991 0.995 0.995 0.995 0.995 0.992 0.987 0.987 0.986 0.981 0.976 0.969 0.941 0.92 0.92 0.909 0.905 0.905 0.905 0.904 0.904 0.904 0.9 0.9 0.9 0.899 0.9 0.905 0.905 0.903 0.904 0.903 0.903 0.902 0.893 0.889 0.887 0.861 0.855 0.85 0.847 0.84 0.801 0.797 0.797 0.795 0.795 0.795 0.793 0.793 0.795 0.796 0.796 0.798 0.806 0.814 0.819 0.825 0.827 0.832 0.836 0.847 0.847 0.847 0.751 0.742 0.742 0.738 0.741 0.742 0.743 0.743 0.754 0.762 0.762 0.762 0.721 0.717 0.698 0.697 0.696 0.696 0.689 0.689 0.698 0.698 0.698 0.698 0.687 0.667 0.667 0.667 0.667 0.669 0.669 0.669 0.669 0.669 0.705 0.707 0.709 0.713 0.713 0.713 0.713 0.712 0.711 0.711 0.712 0.775 0.789 0.793 0.794 0.793 0.789 0.779 0.724 0.71 0.705 0.704 0.704 0.701 0.701 0.701 0.725 0.726 0.741 0.742 0.754 0.754 0.758 0.754 0.754 0.726 0.705 0.702 0.702 0.705 0.707 0.71 0.712 0.72 0.73 0.734 0.735 0.735 0.737 0.739 0.739 0.74 0.743 0.747 0.763 0.764 0.775 0.775 0.775 0.773 0.763 0.76 0.753 0.745 0.736 0.734 0.719 0.718 0.718 0.715 0.715 0.713 0.713 0.713 0.717 0.719 0.775 0.792 0.816 0.819 0.819 0.82 0.821 0.821 0.817 0.816 0.815 0.813 0.805 0.801 0.801 0.801 0.798 0.796 0.798 0.798 0.801 0.802 0.802 0.802 0.797 0.794 0.794 0.789 0.795 0.795 0.795 0.795 0.795 0.795 0.795 0.807 0.819 0.826 0.855 0.868 0.872 0.88 0.883 0.887 0.887 0.89 0.893 0.918 0.928 
1 1 1 1 1 1 1 1 1 1 1 1 1 1 1 1 1 1 1 1 1 1 1 1 1 1 1 1 1 1 1 1 1 1 1 1 1 1 1 1 1 1 1 1 1 1 1 1 1 1 1 1 1 1 1 1 1 1 1 1 1 1 1 1 1 1 1 1 1 1 1 1 1 1 1 1 1 1 1 1 1 1 1 1 1 1 1 1 1 1 1 1 1 1 1 1 1 1 1 1 1 1 1 1 1 1 1 1 1 1 1 1 1 1 1 1 1 1 1 1 0 0 0 0 0 0 1 1 1 1 1 1 1 1 1 1 1 1 1 1 1 1 1 1 1 1 1 1 1 1 1 1 1 1 1 1 1 1 1 1 1 1 1 1 1 1 1 1 1 1 1 1 1 1 1 1 1 1 1 1 1 1 1 1 1 1 1 1 1 1 1 1 1 1 1 1 1 1 1 1 1 1 1 1 1 1 1 1 1 1 1 1 1 1 1 1 1 1 1 1 1 1 1 1 1 1 1 1 1 1 1 1 1 1 1 1 1 1 1 1 1 1 1 1 1 1 1 1 1 1 1 1 1 1 1 1 1 1 1 1 1 1 1 1 1 1 1 1 1 1 1 1 1 1 1 1 1 1 1 1 1 1 1 1 1 1 1 1 1 1 1 1 1 1 1 1 1 1 1 1 1 1 1 1 1 1 1 1 1 1 1 1 1 1 1 1 1 1 1 1 1 1 1 1 1 1 1 1 1 1 1 1 1 1 1 1 1 1 1 1 1 1 1 1 1 1 1 1 1 1 1 1 1 1 1 1 1 1 1 1 1 1 1 1 1 1 1 1 1 1 1 1 1 1 1 1 1 1 1 1 1 1 1 1 1 1 1 1 1 1 1 1 1 1 1 1 1 1 1 1 1 1 1 1 1 1 1 1 1 1 1 1 1 1 1 1 1 1 1 1 1 1 1 1 1 1 1 1 1 1 1 1 1 1 1 1 1 1 1 1 1 1 1 1 1 1 1 1 1 1 1 1 1 1 1 1 1 1 1 1 1 1 1 1 1 1 1 1 1 1 1 1 1 1 1 1 1 1 1 1 1 1 1 1 1 1 1 1 1 1 1 1 1 1 1 1 1 1 1 1 1 1 1 1 1 1 1 1 1 1 1 1 1 1 1 1 1 1 1 1 1 1 1 1 1 1 1 1 1 1 1 1 1 1 1 1 1 1 1 1 1 1 1 1 1 1 1 1 1 1 1 1 1 1 1 1 1 1 1 1 1 1 1 1 1 1 1 1 1 1 1 1 1 1 1 1 1 1 1 1 1 1 1 1 1 1 1 1 1 1 1 1 1 1 1 1 1 1 1 1 1 1 1 1 1 1 1 1 1 1 1 1 1 1 1 1 1 1 1 1 1 1 1 1 1 1 1 1 1 1 1 1 1 1 1 1 1 1 1 1 1 1 1 1 1 1 1 1 1 1 1 1 1 1 1 1 1 1 1 1 1 1 1 1 1 1 1 1 1 1 1 1 1 1 1 1 1 1 1 1 1 1 
