# This file contains a 2D laser scan observation. 
# Its format is: 
# [aperture] [max_range] [number_of_scans] 
# [vector_of_scans] 
# [vector_of_valid_scans] 
# The aperture of the sensor is in radians, the maximum range 
# and measurements are in meters. '1' means a valid scan, '0' otherwise.
4.1847
5.6
682
0.684 0.681 0.683 0.674 0.674 0.674 0.674 0.671 0.662 0.662 0.66 0.662 0.658 0.657 0.657 0.645 0.643 0.642 0.642 0.642 0.641 0.639 0.639 0.633 0.631 0.631 0.628 0.626 0.622 0.622 0.62 0.62 0.62 0.618 0.617 0.615 0.615 0.614 0.609 0.602 0.582 0.494 0.493 0.491 0.488 0.491 0.491 0.487 0.487 0.49 0.487 0.49 0.49 0.487 0.487 0.493 0.495 0.503 0.585 0.6 0.61 0.614 0.614 0.615 0.618 0.623 0.626 0.626 0.626 0.626 0.631 0.634 0.631 0.633 0.634 0.633 0.63 0.632 0.627 0.627 0.629 0.629 0.629 0.63 0.634 0.639 0.639 0.64 0.643 0.958 1.038 1.106 1.153 1.225 1.271 1.306 1.362 1.451 1.584 1.907 2.046 2.051 2.051 2.052 2.052 2.05 2.05 2.052 2.054 2.078 2.094 2.159 2.162 2.162 2.164 2.164 2.169 2.169 2.178 2.179 2.18 2.18 2.182 2.183 2.182 2.179 2.177 2.177 2.173 2.173 2.171 2.168 2.168 2.171 2.177 2.186 2.189 2.202 2.475 2.586 2.588 2.591 2.591 2.597 2.599 2.599 2.609 2.609 2.609 2.611 2.62 2.62 2.623 2.633 2.635 0 0 0 0 0 0 0 1.928 1.881 1.834 1.789 1.765 1.744 1.719 1.699 1.669 1.625 1.603 1.583 1.541 1.521 1.482 1.467 1.437 1.417 1.407 1.388 1.371 1.348 1.324 1.318 1.298 1.298 1.288 1.279 1.277 1.276 1.249 1.229 1.199 1.194 1.178 1.173 1.167 1.15 1.13 1.125 1.122 1.106 1.093 1.092 1.077 1.066 1.064 1.057 1.039 1.036 1.026 1.021 1.007 0.999 0.992 0.99 0.97 0.97 0.969 0.95 0.946 0.934 0.931 0.93 0.913 0.911 0.908 0.902 0.9 0.886 0.88 0.88 0.884 0.884 0.89 0.89 0.89 0.862 0.847 0.839 0.829 0.827 0.825 0.821 0.821 0.82 0.819 0.805 0.801 0.8 0.793 0.791 0.786 0.783 0.774 0.77 0.77 0.768 0.767 0.765 0.761 0.749 0.749 0.747 0.747 0.742 0.742 0.738 0.738 0.738 0.736 0.73 0.727 0.726 0.724 0.714 0.714 0.713 0.713 0.713 0.713 0.704 0.704 0.704 0.698 0.698 0.698 0.692 0.684 0.684 0.683 0.68 0.68 0.68 0.678 0.677 0.674 0.673 0.666 0.666 0.664 0.658 0.658 0.658 0.658 0.658 0.665 0.668 0.668 0.665 0.65 0.648 0.647 0.647 0.647 0.649 0.655 0.655 0.649 0.648 0.645 0.645 0.645 0.645 0.645 0.645 0.645 0.645 0.644 0.644 0.644 0.642 0.64 0.64 0.64 0.639 0.632 0.632 0.632 0.632 0.633 0.633 0.633 0.633 0.633 0.633 0.633 0.633 0.633 0.632 0.637 0.636 0.636 0.635 0.636 0.636 0.636 0.636 0.636 0.636 0.636 0.635 0.635 0.634 0.634 0.63 0.63 0.63 0.63 0.63 0.627 0.627 0.627 0.627 0.623 0.623 0.627 0.627 0.627 0.631 0.631 0.627 0.625 0.627 0.627 0.627 0.627 0.627 0.627 0.627 0.624 0.623 0.621 0.618 0.618 0.616 0.616 0.614 0.614 0.614 0.615 0.619 0.625 0.625 0.628 0.628 0.631 0.63 0.63 0.634 0.635 0.635 0.641 0.636 0.636 0.641 0.641 0.642 0.643 0.645 0.645 0.647 0.647 0.647 0.649 0.649 0.649 0.65 0.652 0.652 0.656 0.659 0.659 0.662 0.662 0.663 0.662 0.664 0.668 0.672 0.679 0.682 0.684 0.687 0.687 0.69 0.688 0.688 0.688 0.69 0.696 0.696 0.698 0.698 0.698 0.706 0.735 0.738 0.738 0.741 0.743 0.753 1.492 1.492 1.492 1.489 1.477 1.462 1.442 1.43 1.416 1.414 1.398 1.39 1.37 1.358 1.346 1.343 1.327 1.322 1.306 1.304 1.285 1.274 1.271 1.063 1.044 1.025 1.012 1.012 1.012 1.009 0.989 0.952 0.951 0.951 0.949 0.949 0.943 0.925 0.92 0.92 0.925 0.931 0.931 0.939 0.939 0.935 0.933 0.933 0.909 0.907 0.903 0.903 0.902 0.899 0.902 0.902 0.899 0.905 0.91 0.915 0.939 0.941 0.948 0.949 0.949 0.953 0.954 0.955 0.955 0.955 0.955 0.954 0.951 0.948 0.948 0.942 0.942 0.929 0.914 0.908 0.898 0.897 0.888 0.882 0.874 0.872 0.872 0.874 0.875 0.877 0.877 0.877 0.882 0.883 0.89 0.892 0.892 0.892 0.891 0.891 0.89 0.886 0.878 0.876 0.873 0.87 0.851 0.844 0.844 0.84 0.836 0.83 0.825 0.81 0.8 0.795 0.795 0.795 0.795 0.798 0.802 0.799 0.804 0.806 0.811 0.812 0.819 0.83 0.831 0.848 0.856 0.866 0.869 0.877 0.877 0.877 0.839 0.778 0.763 0.763 0.756 0.763 0.764 0.765 0.768 0.789 0.789 0.789 0.789 0.756 0.755 0.739 0.738 0.735 0.732 0.732 0.731 0.731 0.728 0.728 0.728 0.737 0.737 0.737 0.737 0.711 0.711 0.711 0.711 0.711 0.718 0.719 0.721 0.741 0.748 0.752 0.757 0.762 0.762 0.767 0.786 0.835 0.844 0.844 0.844 0.843 0.826 0.785 0.77 0.768 0.765 0.765 0.767 0.767 0.775 0.805 0.815 0.816 0.842 0.853 0.853 0.853 0.836 0.784 0.778 0.778 0.778 0.782 0.786 0.791 0.793 0.806 0.806 0.809 0.809 0.811 0.82 0.823 
1 1 1 1 1 1 1 1 1 1 1 1 1 1 1 1 1 1 1 1 1 1 1 1 1 1 1 1 1 1 1 1 1 1 1 1 1 1 1 1 1 1 1 1 1 1 1 1 1 1 1 1 1 1 1 1 1 1 1 1 1 1 1 1 1 1 1 1 1 1 1 1 1 1 1 1 1 1 1 1 1 1 1 1 1 1 1 1 1 1 1 1 1 1 1 1 1 1 1 1 1 1 1 1 1 1 1 1 1 1 1 1 1 1 1 1 1 1 1 1 1 1 1 1 1 1 1 1 1 1 1 1 1 1 1 1 1 1 1 1 1 1 1 1 1 1 1 1 1 1 1 1 1 1 1 0 0 0 0 0 0 0 1 1 1 1 1 1 1 1 1 1 1 1 1 1 1 1 1 1 1 1 1 1 1 1 1 1 1 1 1 1 1 1 1 1 1 1 1 1 1 1 1 1 1 1 1 1 1 1 1 1 1 1 1 1 1 1 1 1 1 1 1 1 1 1 1 1 1 1 1 1 1 1 1 1 1 1 1 1 1 1 1 1 1 1 1 1 1 1 1 1 1 1 1 1 1 1 1 1 1 1 1 1 1 1 1 1 1 1 1 1 1 1 1 1 1 1 1 1 1 1 1 1 1 1 1 1 1 1 1 1 1 1 1 1 1 1 1 1 1 1 1 1 1 1 1 1 1 1 1 1 1 1 1 1 1 1 1 1 1 1 1 1 1 1 1 1 1 1 1 1 1 1 1 1 1 1 1 1 1 1 1 1 1 1 1 1 1 1 1 1 1 1 1 1 1 1 1 1 1 1 1 1 1 1 1 1 1 1 1 1 1 1 1 1 1 1 1 1 1 1 1 1 1 1 1 1 1 1 1 1 1 1 1 1 1 1 1 1 1 1 1 1 1 1 1 1 1 1 1 1 1 1 1 1 1 1 1 1 1 1 1 1 1 1 1 1 1 1 1 1 1 1 1 1 1 1 1 1 1 1 1 1 1 1 1 1 1 1 1 1 1 1 1 1 1 1 1 1 1 1 1 1 1 1 1 1 1 1 1 1 1 1 1 1 1 1 1 1 1 1 1 1 1 1 1 1 1 1 1 1 1 1 1 1 1 1 1 1 1 1 1 1 1 1 1 1 1 1 1 1 1 1 1 1 1 1 1 1 1 1 1 1 1 1 1 1 1 1 1 1 1 1 1 1 1 1 1 1 1 1 1 1 1 1 1 1 1 1 1 1 1 1 1 1 1 1 1 1 1 1 1 1 1 1 1 1 1 1 1 1 1 1 1 1 1 1 1 1 1 1 1 1 1 1 1 1 1 1 1 1 1 1 1 1 1 1 1 1 1 1 1 1 1 1 1 1 1 1 1 1 1 1 1 1 1 1 1 1 1 1 1 1 1 1 1 1 1 1 1 1 1 1 1 1 1 1 1 1 1 1 1 1 1 1 1 1 1 1 1 1 1 1 1 1 1 1 1 1 1 1 1 1 1 1 1 1 1 1 1 1 1 1 1 1 1 1 1 1 1 1 
