# This file contains a 2D laser scan observation. 
# Its format is: 
# [aperture] [max_range] [number_of_scans] 
# [vector_of_scans] 
# [vector_of_valid_scans] 
# The aperture of the sensor is in radians, the maximum range 
# and measurements are in meters. '1' means a valid scan, '0' otherwise.
4.1847
5.6
682
0.537 0.536 0.536 0.533 0.531 0.531 0.533 0.536 0.537 0.537 0.54 0.541 0.544 0.544 0.547 0.552 1.315 1.323 1.33 1.33 1.33 1.34 1.35 1.402 1.402 1.402 1.399 1.39 1.377 1.368 1.363 1.347 1.337 1.332 1.327 1.318 1.303 1.302 1.299 1.28 1.276 1.275 1.258 1.249 1.249 1.244 1.24 1.225 1.221 1.214 1.206 1.203 1.199 1.192 1.172 1.17 1.168 1.168 1.16 1.16 1.16 1.175 1.178 1.179 1.179 1.182 1.187 1.191 1.207 1.229 1.235 1.241 1.258 1.275 1.281 1.285 1.314 1.336 1.338 1.354 1.368 1.381 1.393 1.407 1.429 1.445 1.465 1.492 1.509 1.522 1.548 1.561 1.576 1.604 1.627 1.666 1.684 1.714 1.753 1.783 1.802 1.834 1.877 1.919 0 0 0 0.007 2.277 2.269 2.269 2.266 2.259 2.258 2.256 2.247 2.247 2.241 2.233 2.232 2.225 2.22 2.219 2.216 2.216 2.213 2.212 2.212 2.212 2.207 2.201 2.201 2.2 2.199 2.2 2.198 2.197 2.197 2.197 2.185 2.185 2.185 2.182 2.182 2.182 2.18 2.177 2.174 2.174 2.175 2.175 2.173 2.175 2.173 2.173 2.175 2.175 2.175 2.175 2.175 2.177 2.178 2.178 2.178 2.178 2.182 2.186 2.186 0 0 0 0 0 0 0 0 0 0 0 0 0 0 5.331 5.331 1.381 1.312 1.261 1.222 1.192 1.145 1.122 1.073 1.039 1.012 0.989 0.959 0.945 0.92 0.885 0.866 0.848 0.829 0.816 0.792 0.757 0.744 0.723 0.71 0.701 0.671 0.655 0.644 0.626 0.622 0.605 0.597 0.593 0.584 0.57 0.561 0.555 0.55 0.539 0.534 0.528 0.521 0.518 0.509 0.495 0.494 0.49 0.482 0.47 0.466 0.464 0.461 0.457 0.452 0.447 0.439 0.436 0.434 0.426 0.422 0.412 0.412 0.411 0.407 0.399 0.398 0.394 0.394 0.386 0.386 0.381 0.364 0.362 0.346 0.284 0.202 0.175 0.175 0.172 0.175 0.175 0.176 0.168 0.171 0.171 0.173 0.173 0.174 0.175 0.175 0.175 0.178 0.177 0.175 0.177 0.179 0.179 0.179 0.179 0.181 0.179 0.179 0.179 0.181 0.181 0.183 0.183 0.183 0.182 0.18 0.18 0.182 0.182 0.188 0.19 0.19 0.188 0.19 0.19 0.21 0.212 0.221 0.223 0.233 0.235 0.251 0.252 0.257 0.27 0.273 0.279 0.281 0.283 0.284 0.291 0.291 0.291 0.291 0.294 0.292 0.296 0.296 0.296 0.296 0.296 0.299 0.302 0.301 0.301 0.301 0.301 0.301 0.302 0.302 0.302 0.301 0.301 0.301 0.305 0.305 0.305 0.305 0.305 0.306 0.306 0.306 0.306 0.306 0.308 0.308 0.301 0.303 0.301 0.301 0.299 0.299 0.299 0.299 0.302 0.302 0.302 0.297 0.297 0.297 0.297 0.296 0.296 0.296 0.296 0.302 0.306 0.307 0.308 0.308 0.308 0.308 0.307 0.306 0.306 0.307 0.306 0.31 0.31 0.31 0.349 0.555 0.616 0.621 0.643 0.651 0.674 0.71 0.765 0.789 0.811 0.832 0.9 0.941 0.969 1.005 1.053 1.132 1.233 1.745 1.763 1.769 1.763 1.763 1.759 1.746 1.744 1.744 1.746 1.746 1.754 1.781 1.846 1.849 1.853 1.854 1.856 1.871 1.879 1.879 1.879 1.879 1.876 1.858 1.857 1.855 1.854 1.847 1.845 1.844 1.843 1.844 1.845 1.849 1.849 1.85 1.852 1.852 1.853 1.854 1.854 1.865 1.875 1.878 1.884 2.282 2.282 2.283 2.291 2.296 2.303 2.305 2.308 2.308 2.312 2.312 2.321 2.33 2.331 2.333 2.334 2.342 2.344 2.346 2.348 0 0 0 0 1.799 1.739 1.695 1.669 1.635 1.609 1.582 1.562 1.526 1.51 1.478 1.474 1.447 1.422 1.42 1.398 1.37 1.351 1.34 1.326 1.311 1.296 1.291 1.273 1.258 1.247 1.232 1.222 1.212 1.197 1.183 1.176 1.162 1.151 1.142 1.128 1.121 1.108 1.098 1.095 1.083 1.072 1.069 1.059 1.057 1.046 1.041 1.035 1.028 1.024 1.021 1.021 1.004 0.991 0.98 0.973 0.971 0.963 0.955 0.949 0.948 0.938 0.93 0.927 0.913 0.909 0.9 0.897 0.895 0.884 0.877 0.873 0.868 0.867 0.864 0.86 0.852 0.845 0.845 0.835 0.834 0.826 0.826 0.812 0.809 0.802 0.802 0.801 0.8 0.799 0.795 0.794 0.791 0.789 0.782 0.777 0.776 0.774 0.774 0.773 0.764 0.761 0.758 0.755 0.755 0.749 0.745 0.749 0.744 0.742 0.738 0.738 0.728 0.724 0.722 0.72 0.72 0.72 0.72 0.72 0.721 0.721 0.732 0.732 0.732 0.731 0.731 0.728 0.722 0.717 0.697 0.694 0.692 0.689 0.689 0.692 0.692 0.689 0.691 0.691 0.69 0.69 0.69 0.684 0.68 0.68 0.68 0.679 0.674 0.674 0.674 0.674 0.674 0.676 0.676 0.676 0.676 0.672 0.668 0.666 0.663 0.661 0.661 0.663 0.661 0.661 0.663 0.661 0.661 0.661 0.661 0.661 0.66 0.66 0.662 0.662 0.657 0.66 0.66 0.66 0.661 0.665 0.669 0.671 0.672 0.674 0.674 0.677 0.677 0.683 0.698 0.7 0.704 0.707 0.707 0.704 0.701 0.7 0.691 0.691 0.687 0.685 0.675 0.673 0.668 
1 1 1 1 1 1 1 1 1 1 1 1 1 1 1 1 1 1 1 1 1 1 1 1 1 1 1 1 1 1 1 1 1 1 1 1 1 1 1 1 1 1 1 1 1 1 1 1 1 1 1 1 1 1 1 1 1 1 1 1 1 1 1 1 1 1 1 1 1 1 1 1 1 1 1 1 1 1 1 1 1 1 1 1 1 1 1 1 1 1 1 1 1 1 1 1 1 1 1 1 1 1 1 1 0 0 0 0 1 1 1 1 1 1 1 1 1 1 1 1 1 1 1 1 1 1 1 1 1 1 1 1 1 1 1 1 1 1 1 1 1 1 1 1 1 1 1 1 1 1 1 1 1 1 1 1 1 1 1 1 1 1 1 1 1 1 1 1 0 0 0 0 0 0 0 0 0 0 0 0 0 0 1 1 1 1 1 1 1 1 1 1 1 1 1 1 1 1 1 1 1 1 1 1 1 1 1 1 1 1 1 1 1 1 1 1 1 1 1 1 1 1 1 1 1 1 1 1 1 1 1 1 1 1 1 1 1 1 1 1 1 1 1 1 1 1 1 1 1 1 1 1 1 1 1 1 1 1 1 1 1 1 1 1 1 1 1 1 1 1 1 1 1 1 1 1 1 1 1 1 1 1 1 1 1 1 1 1 1 1 1 1 1 1 1 1 1 1 1 1 1 1 1 1 1 1 1 1 1 1 1 1 1 1 1 1 1 1 1 1 1 1 1 1 1 1 1 1 1 1 1 1 1 1 1 1 1 1 1 1 1 1 1 1 1 1 1 1 1 1 1 1 1 1 1 1 1 1 1 1 1 1 1 1 1 1 1 1 1 1 1 1 1 1 1 1 1 1 1 1 1 1 1 1 1 1 1 1 1 1 1 1 1 1 1 1 1 1 1 1 1 1 1 1 1 1 1 1 1 1 1 1 1 1 1 1 1 1 1 1 1 1 1 1 1 1 1 1 1 1 1 1 1 1 1 1 1 1 1 1 1 1 1 1 1 1 1 1 1 1 1 1 1 1 1 1 1 1 1 1 1 1 1 1 1 1 1 1 1 1 1 1 1 0 0 0 0 1 1 1 1 1 1 1 1 1 1 1 1 1 1 1 1 1 1 1 1 1 1 1 1 1 1 1 1 1 1 1 1 1 1 1 1 1 1 1 1 1 1 1 1 1 1 1 1 1 1 1 1 1 1 1 1 1 1 1 1 1 1 1 1 1 1 1 1 1 1 1 1 1 1 1 1 1 1 1 1 1 1 1 1 1 1 1 1 1 1 1 1 1 1 1 1 1 1 1 1 1 1 1 1 1 1 1 1 1 1 1 1 1 1 1 1 1 1 1 1 1 1 1 1 1 1 1 1 1 1 1 1 1 1 1 1 1 1 1 1 1 1 1 1 1 1 1 1 1 1 1 1 1 1 1 1 1 1 1 1 1 1 1 1 1 1 1 1 1 1 1 1 1 1 1 1 1 1 1 1 1 1 1 1 1 1 1 1 1 1 1 1 1 1 1 1 1 1 1 1 1 1 1 1 1 
