# This file contains a 2D laser scan observation. 
# Its format is: 
# [aperture] [max_range] [number_of_scans] 
# [vector_of_scans] 
# [vector_of_valid_scans] 
# The aperture of the sensor is in radians, the maximum range 
# and measurements are in meters. '1' means a valid scan, '0' otherwise.
4.1847
5.6
682
0.992 0.605 0.573 0.569 0.561 0.374 0.331 0.33 0.322 0.315 0.315 0.315 0.32 0.328 0.341 0.351 0.351 0.351 0.342 0.33 0.327 0.315 0.315 0.315 0.315 0.325 0.325 0.334 1.779 1.808 1.808 1.779 0.906 0.84 0.84 0.84 1.611 1.691 0.015 1.691 1.68 1.68 1.677 1.677 1.677 1.662 0.814 0.814 0.814 1.353 0.007 1.598 1.592 1.592 1.582 1.574 1.566 1.563 1.558 1.551 1.55 1.543 1.528 1.528 1.528 1.515 1.449 1.449 1.426 1.426 1.459 1.465 1.465 1.465 1.465 1.469 1.462 1.45 1.435 1.431 1.429 1.429 1.429 1.428 1.426 1.424 1.422 1.418 1.403 1.402 1.401 1.389 1.353 0.423 0.423 0.423 0.422 0.422 0.422 0.422 0.422 1.351 1.352 1.352 1.352 1.352 1.352 1.354 1.35 1.343 0.717 0.71 0.71 0.717 1.137 1.161 1.161 1.156 1.156 1.156 1.156 1.155 1.149 1.323 0.015 1.126 1.126 0.861 0.861 0.861 1.298 1.303 1.305 1.303 1.303 1.3 1.3 1.299 1.299 1.275 1.275 1.09 1.012 1.09 1.295 1.288 1.295 1.295 1.292 1.29 1.29 1.289 1.289 1.286 1.285 1.285 1.287 1.287 1.287 1.289 1.291 1.292 1.291 1.294 0.007 1.287 1.287 1.287 1.279 1.064 1.064 1.064 1.268 1.277 1.29 1.299 1.3 1.3 1.301 1.302 1.304 1.304 1.305 1.306 1.309 1.31 1.31 1.317 1.317 1.319 1.325 1.325 1.33 1.33 1.331 1.331 1.326 1.326 1.334 1.334 1.338 1.338 1.34 1.34 1.338 1.225 1.225 1.225 1.225 1.225 1.226 1.226 1.225 1.225 1.243 1.243 1.245 1.252 1.255 1.26 1.26 1.265 1.277 1.283 1.286 1.287 1.296 1.297 1.297 1.309 1.309 1.313 1.314 1.316 1.319 1.322 1.335 1.336 1.338 1.342 1.348 1.359 1.359 1.361 1.367 1.375 1.379 1.384 1.389 1.402 1.404 1.404 1.412 1.418 1.419 1.43 1.439 1.447 1.452 1.452 1.463 1.467 1.478 1.485 1.485 1.494 1.502 1.503 1.504 1.505 1.51 1.515 1.529 1.546 1.554 1.555 1.569 1.579 1.582 1.631 1.656 1.666 1.774 1.833 1.844 1.864 1.872 1.883 1.892 1.918 1.921 1.932 1.934 1.961 1.982 1.988 2.007 2.016 2.034 2.049 2.064 2.08 2.104 2.111 2.123 2.14 2.163 2.179 2.197 2.217 2.227 2.248 2.27 2.282 2.302 2.33 2.346 2.369 2.39 2.413 2.435 2.45 2.483 2.505 2.534 2.556 2.58 2.603 2.638 3.747 3.747 3.747 0.85 0.839 0.833 0.819 0.818 0.792 0.778 0.754 0.745 0.734 0.718 0.713 0.699 0.684 0.682 0.662 0.661 0.651 0.639 0.635 0.632 0.594 0.593 0.578 0.572 0.571 0.571 0.571 0.573 0.575 0.576 0.578 0.576 0.576 0.561 0.561 0.561 0.563 0.563 0.567 0.57 0.571 0.571 0.571 0.569 0.567 0.562 0.566 0.563 0.561 0.561 0.561 0.561 0.554 0.554 0.56 0.554 0.554 0.557 0.557 0.556 0.556 0.557 0.56 0.559 0.56 0.561 0.563 0.566 0.573 0.573 0.581 0.585 0.589 0.589 0.596 0.597 0.597 0.597 0.597 0.597 0.597 0.595 0.589 0.585 0.576 0.576 0.573 0.573 0.571 0.561 0.558 0.557 0.557 0.556 0.557 0.557 0.555 0.555 0.555 0.554 0.551 0.551 0.551 0.553 0.554 0.555 0.555 0.555 0.555 0.555 0.556 0.556 0.555 0.555 0.558 0.558 0.558 0.565 0.565 0.565 0.566 0.566 0.561 0.563 0.563 0.563 0.566 0.567 0.575 0.572 0.575 0.575 0.58 0.58 0.58 0.579 0.578 0.578 0.575 0.575 0.582 0.584 0.589 0.591 0.592 0.592 0.595 0.598 0.599 0.598 0.6 0.602 0.603 0.604 0.606 0.606 0.608 0.61 0.612 0.613 0.616 0.618 0.621 0.622 0.622 0.626 0.628 0.629 0.634 0.635 0.641 0.641 0.642 0.642 0.652 0.655 0.655 0.655 0.658 0.664 0.67 0.67 0.673 0.673 0.675 0.678 0.678 0.678 0.686 0.687 0.701 0.704 0.708 0.712 0.713 0.713 0.721 0.722 0.722 0.724 0.729 0.732 0.734 0.736 0.743 0.745 0.75 0.753 0.761 0.769 0.772 0.773 0.778 0.783 0.791 0.798 0.798 0.799 0.806 0.81 0.814 0.815 0.821 0.838 0.841 0.851 0.854 0.863 0.868 0.874 0.879 0.888 0.889 0.889 0.906 0.913 0.924 0.939 0.94 0.94 0.94 0.962 0.967 0.985 1.006 1.011 1.019 1.033 1.042 1.048 1.066 1.073 1.087 1.101 1.115 1.143 1.143 1.149 1.153 1.173 1.218 1.246 1.257 1.284 1.308 1.311 1.338 1.347 1.365 1.4 1.435 1.447 1.484 1.505 1.512 1.512 1.512 1.508 1.508 1.504 1.503 1.498 1.496 1.493 1.488 1.488 1.488 1.482 1.48 1.473 1.472 1.47 1.465 1.462 1.462 1.461 1.461 1.461 1.451 1.45 1.449 1.447 1.441 1.441 1.441 1.44 1.441 1.444 1.444 1.444 1.444 1.444 1.444 1.445 1.468 1.468 1.468 1.444 1.444 1.434 1.434 1.434 1.433 1.429 1.428 1.428 1.428 1.422 1.418 1.418 1.418 1.418 1.418 1.418 1.418 1.417 1.418 1.417 1.417 1.42 1.42 1.42 1.423 1.423 1.418 1.418 1.418 1.418 1.422 
1 1 1 1 1 1 1 1 1 1 1 1 1 1 1 1 1 1 1 1 1 1 1 1 1 1 1 1 1 1 1 1 1 1 1 1 1 1 0 1 1 1 1 1 1 1 1 1 1 1 0 1 1 1 1 1 1 1 1 1 1 1 1 1 1 1 1 1 1 1 1 1 1 1 1 1 1 1 1 1 1 1 1 1 1 1 1 1 1 1 1 1 1 1 1 1 1 1 1 1 1 1 1 1 1 1 1 1 1 1 1 1 1 1 1 1 1 1 1 1 1 1 1 1 0 1 1 1 1 1 1 1 1 1 1 1 1 1 1 1 1 1 1 1 1 1 1 1 1 1 1 1 1 1 1 1 1 1 1 1 1 1 1 1 0 1 1 1 1 1 1 1 1 1 1 1 1 1 1 1 1 1 1 1 1 1 1 1 1 1 1 1 1 1 1 1 1 1 1 1 1 1 1 1 1 1 1 1 1 1 1 1 1 1 1 1 1 1 1 1 1 1 1 1 1 1 1 1 1 1 1 1 1 1 1 1 1 1 1 1 1 1 1 1 1 1 1 1 1 1 1 1 1 1 1 1 1 1 1 1 1 1 1 1 1 1 1 1 1 1 1 1 1 1 1 1 1 1 1 1 1 1 1 1 1 1 1 1 1 1 1 1 1 1 1 1 1 1 1 1 1 1 1 1 1 1 1 1 1 1 1 1 1 1 1 1 1 1 1 1 1 1 1 1 1 1 1 1 1 1 1 1 1 1 1 1 1 1 1 1 1 1 1 1 1 1 1 1 1 1 1 1 1 1 1 1 1 1 1 1 1 1 1 1 1 1 1 1 1 1 1 1 1 1 1 1 1 1 1 1 1 1 1 1 1 1 1 1 1 1 1 1 1 1 1 1 1 1 1 1 1 1 1 1 1 1 1 1 1 1 1 1 1 1 1 1 1 1 1 1 1 1 1 1 1 1 1 1 1 1 1 1 1 1 1 1 1 1 1 1 1 1 1 1 1 1 1 1 1 1 1 1 1 1 1 1 1 1 1 1 1 1 1 1 1 1 1 1 1 1 1 1 1 1 1 1 1 1 1 1 1 1 1 1 1 1 1 1 1 1 1 1 1 1 1 1 1 1 1 1 1 1 1 1 1 1 1 1 1 1 1 1 1 1 1 1 1 1 1 1 1 1 1 1 1 1 1 1 1 1 1 1 1 1 1 1 1 1 1 1 1 1 1 1 1 1 1 1 1 1 1 1 1 1 1 1 1 1 1 1 1 1 1 1 1 1 1 1 1 1 1 1 1 1 1 1 1 1 1 1 1 1 1 1 1 1 1 1 1 1 1 1 1 1 1 1 1 1 1 1 1 1 1 1 1 1 1 1 1 1 1 1 1 1 1 1 1 1 1 1 1 1 1 1 1 1 1 1 1 1 1 1 1 1 1 1 1 1 1 1 1 1 1 1 1 1 1 1 1 1 1 1 1 1 1 1 1 1 1 1 1 1 1 1 1 1 1 1 1 1 1 1 1 1 1 1 1 1 1 1 1 1 
