# This file contains a 2D laser scan observation. 
# Its format is: 
# [aperture] [max_range] [number_of_scans] 
# [vector_of_scans] 
# [vector_of_valid_scans] 
# The aperture of the sensor is in radians, the maximum range 
# and measurements are in meters. '1' means a valid scan, '0' otherwise.
4.1847
5.6
682
0.822 0.861 0.864 0.864 0.861 0.856 0.853 0.843 0.832 0.822 0.813 0.812 0.809 0.801 0.793 0.785 0.777 0.776 0.77 0.763 0.758 0.753 0.751 0.744 0.74 0.739 0.734 0.726 0.724 0.723 0.71 0.708 0.706 0.7 0.697 0.691 0.688 0.678 0.678 0.677 0.672 0.662 0.617 0.544 0.515 0.512 0.508 0.499 0.496 0.496 0.496 0.496 0.49 0.489 0.486 0.48 0.48 0.478 0.478 0.474 0.474 0.472 0.469 0.469 0.466 0.465 0.46 0.46 0.453 0.457 0.454 0.454 0.452 0.452 0.451 0.446 0.446 0.445 0.435 0.437 0.437 0.437 0.445 0.448 0.456 0.456 0.456 0.447 0.447 0.446 0.439 0.44 0.437 0.437 0.437 0.437 0.437 0.437 0.437 0.435 0.433 0.432 0.432 0.432 0.427 0.425 0.427 0.427 0.427 0.427 0.427 0.423 0.423 0.421 0.421 0.421 0.42 0.413 0.413 0.417 0.417 0.417 0.417 0.417 0.417 0.416 0.416 0.411 0.41 0.41 0.41 0.41 0.41 0.41 0.41 0.41 0.409 0.409 0.409 0.409 0.409 0.41 0.408 0.408 0.402 0.41 0.408 0.408 0.407 0.408 0.408 0.409 0.41 0.41 0.41 0.412 0.417 0.42 0.431 0.431 0.431 0.421 0.419 0.412 0.411 0.411 0.411 0.41 0.407 0.406 0.403 0.403 0.403 0.407 0.407 0.407 0.408 0.407 0.407 0.407 0.41 0.41 0.411 0.411 0.411 0.411 0.41 0.41 0.41 0.41 0.411 0.415 0.416 0.417 0.42 0.42 0.418 0.418 0.418 0.418 0.418 0.419 0.419 0.416 0.414 0.416 0.416 0.417 0.427 0.427 0.427 0.427 0.431 0.431 0.431 0.431 0.43 0.427 0.427 0.427 0.437 0.441 0.441 0.441 0.442 0.442 0.442 0.442 0.442 0.442 0.443 0.446 0.448 0.454 0.455 0.456 0.456 0.457 0.457 0.457 0.457 0.457 0.457 0.461 0.461 0.462 0.465 0.469 0.469 0.477 0.469 0.479 0.479 0.473 0.472 0.473 0.473 0.473 0.469 0.472 0.472 0.472 0.472 0.478 0.478 0.482 0.485 0.491 0.491 0.493 0.493 0.495 0.496 0.496 0.498 0.503 0.512 0.513 0.514 0.517 0.518 0.527 0.527 0.529 0.533 0.534 0.546 0.575 0.613 0.613 0.613 0.614 0.615 0.615 0.777 0.793 0.808 0.81 0.817 0.817 0.82 0.827 0.839 0.839 0.841 0.844 0.855 0.866 0.87 0.88 0.883 0.897 0.9 0.917 0.923 0.923 0.935 0.943 0.954 0.956 0.96 0.972 0.979 0.985 1.005 1.005 1.018 1.02 1.04 1.059 1.072 1.083 1.097 1.103 1.118 1.134 1.143 1.168 1.173 1.19 1.21 1.218 1.237 1.252 1.267 1.286 1.305 1.322 1.345 1.366 1.392 1.407 1.438 1.46 1.491 1.511 1.54 1.564 1.603 1.63 1.661 2.718 2.718 2.718 2.707 2.707 2.705 2.701 2.697 2.692 2.688 2.686 2.68 2.676 2.673 2.67 2.668 2.667 2.666 2.666 2.666 2.703 2.817 2.894 2.987 3.004 0.015 3.004 3.004 3.048 3.052 3.052 3.101 0 0 0 0 0 0 0 0 0 0.007 0 4.034 4.034 4.03 4.028 4.025 4.025 4.025 4.026 4.048 0.006 0.006 0.006 0.006 0.006 0.006 0.006 0.006 0.006 0.006 0.006 0.006 0.006 0.006 0.006 0.006 3.007 3.007 3.007 3.01 3.01 3.01 2.941 2.845 2.733 2.618 2.509 2.428 2.333 2.25 2.181 2.118 2.055 2.003 1.95 1.895 1.842 1.803 1.742 1.702 1.645 1.573 1.546 1.543 1.525 1.525 1.525 1.529 1.54 1.543 1.546 1.583 1.777 1.779 1.78 1.78 1.78 1.785 1.787 1.796 1.803 1.807 1.807 1.822 1.823 1.824 1.826 1.84 1.845 1.848 1.851 1.858 1.868 1.876 1.886 1.896 1.9 1.909 1.922 1.926 1.947 1.947 1.947 0.855 0.809 0.809 0.806 0.797 0.681 0.56 0.56 0.56 0.561 0.561 0.561 0.556 0.552 0.551 0.54 0.536 0.529 0.529 0.529 0.534 0.543 0.543 0.543 0.535 0.533 0.531 0.528 0.528 0.528 0.531 0.535 0.537 0.541 0.544 0.546 0.55 0.55 0.546 0.546 0.543 0.541 0.536 0.536 0.531 0.529 0.528 0.526 0.521 0.521 0.509 0.509 0.508 0.506 0.504 0.502 0.499 0.498 0.496 0.494 0.491 0.49 0.487 0.487 0.487 0.485 0.482 0.481 0.476 0.475 0.474 0.474 0.474 0.468 0.468 0.466 0.463 0.462 0.462 0.462 0.459 0.458 0.456 0.451 0.449 0.449 0.449 0.448 0.449 0.448 0.446 0.445 0.442 0.441 0.441 0.439 0.439 0.439 0.439 0.436 0.435 0.434 0.434 0.434 0.434 0.431 0.431 0.431 0.429 0.429 0.425 0.424 0.424 0.422 0.424 0.424 0.425 0.425 0.426 0.425 0.425 0.421 0.421 0.421 0.421 0.421 0.421 0.416 0.416 0.414 0.414 0.414 0.414 0.414 0.412 0.412 0.411 0.412 0.411 0.412 0.411 0.417 0.418 0.418 0.406 0.403 0.401 0.401 0.401 0.401 0.401 0.403 0.403 0.403 0.403 0.405 0.409 0.409 0.413 0.415 0.42 0.42 0.422 0.422 0.423 0.427 0.431 0.437 0.441 0.445 0.445 0.447 0.447 0.453 0.453 0.455 0.457 0.458 0.461 0.461 0.461 0.465 0.473 0.48 0.482 0.484 
1 1 1 1 1 1 1 1 1 1 1 1 1 1 1 1 1 1 1 1 1 1 1 1 1 1 1 1 1 1 1 1 1 1 1 1 1 1 1 1 1 1 1 1 1 1 1 1 1 1 1 1 1 1 1 1 1 1 1 1 1 1 1 1 1 1 1 1 1 1 1 1 1 1 1 1 1 1 1 1 1 1 1 1 1 1 1 1 1 1 1 1 1 1 1 1 1 1 1 1 1 1 1 1 1 1 1 1 1 1 1 1 1 1 1 1 1 1 1 1 1 1 1 1 1 1 1 1 1 1 1 1 1 1 1 1 1 1 1 1 1 1 1 1 1 1 1 1 1 1 1 1 1 1 1 1 1 1 1 1 1 1 1 1 1 1 1 1 1 1 1 1 1 1 1 1 1 1 1 1 1 1 1 1 1 1 1 1 1 1 1 1 1 1 1 1 1 1 1 1 1 1 1 1 1 1 1 1 1 1 1 1 1 1 1 1 1 1 1 1 1 1 1 1 1 1 1 1 1 1 1 1 1 1 1 1 1 1 1 1 1 1 1 1 1 1 1 1 1 1 1 1 1 1 1 1 1 1 1 1 1 1 1 1 1 1 1 1 1 1 1 1 1 1 1 1 1 1 1 1 1 1 1 1 1 1 1 1 1 1 1 1 1 1 1 1 1 1 1 1 1 1 1 1 1 1 1 1 1 1 1 1 1 1 1 1 1 1 1 1 1 1 1 1 1 1 1 1 1 1 1 1 1 1 1 1 1 1 1 1 1 1 1 1 1 1 1 1 1 1 1 1 1 1 1 1 1 1 1 1 1 1 1 1 1 1 1 1 1 1 1 1 1 1 1 1 1 1 1 1 1 1 1 1 1 1 0 1 1 1 1 1 1 0 0 0 0 0 0 0 0 0 0 0 1 1 1 1 1 1 1 1 1 0 0 0 0 0 0 0 0 0 0 0 0 0 0 0 0 1 1 1 1 1 1 1 1 1 1 1 1 1 1 1 1 1 1 1 1 1 1 1 1 1 1 1 1 1 1 1 1 1 1 1 1 1 1 1 1 1 1 1 1 1 1 1 1 1 1 1 1 1 1 1 1 1 1 1 1 1 1 1 1 1 1 1 1 1 1 1 1 1 1 1 1 1 1 1 1 1 1 1 1 1 1 1 1 1 1 1 1 1 1 1 1 1 1 1 1 1 1 1 1 1 1 1 1 1 1 1 1 1 1 1 1 1 1 1 1 1 1 1 1 1 1 1 1 1 1 1 1 1 1 1 1 1 1 1 1 1 1 1 1 1 1 1 1 1 1 1 1 1 1 1 1 1 1 1 1 1 1 1 1 1 1 1 1 1 1 1 1 1 1 1 1 1 1 1 1 1 1 1 1 1 1 1 1 1 1 1 1 1 1 1 1 1 1 1 1 1 1 1 1 1 1 1 1 1 1 1 1 1 1 1 1 1 1 1 1 1 1 1 1 1 1 1 1 1 1 1 1 1 1 1 1 1 1 1 1 1 1 1 1 1 1 1 1 1 1 1 1 1 
