# This file contains a 2D laser scan observation. 
# Its format is: 
# [aperture] [max_range] [number_of_scans] 
# [vector_of_scans] 
# [vector_of_valid_scans] 
# The aperture of the sensor is in radians, the maximum range 
# and measurements are in meters. '1' means a valid scan, '0' otherwise.
4.1847
5.6
682
0.645 0.645 0.645 0.644 0.644 0.644 0.644 0.644 0.641 0.641 0.641 0.643 0.642 0.642 0.643 0.643 0.647 0.649 0.649 0.647 0.645 0.644 0.644 0.645 0.645 0.643 0.65 0.65 0.648 0.648 0.65 0.65 0.65 0.656 0.656 0.656 0.656 0.656 0.654 0.657 0.658 0.66 0.658 0.66 0.664 0.664 0.664 0.664 0.664 0.664 0.664 0.664 0.664 0.664 0.664 0.668 0.67 0.672 0.674 0.674 0.674 0.681 0.683 0.686 0.688 0.69 0.69 0.69 0.692 0.692 0.693 0.696 0.698 0.706 0.706 0.706 0.706 0.712 0.712 0.715 0.721 0.728 0.728 0.724 0.724 0.731 0.733 0.734 0.736 0.739 0.739 0.744 0.746 0.746 0.755 0.756 0.758 0.76 0.764 0.769 0.771 0.774 0.779 0.779 0.78 0.786 0.793 0.794 0.794 0.797 0.803 0.803 0.804 0.81 2.293 2.293 2.293 2.277 2.265 2.252 2.238 2.226 2.216 2.192 2.181 2.17 2.157 2.146 2.129 2.123 2.108 2.101 2.095 2.076 2.055 2.047 2.044 2.034 2.029 2.006 2.006 1.991 1.982 1.976 1.96 1.958 1.946 1.937 1.925 1.919 1.911 1.904 1.895 1.887 1.877 1.87 1.868 1.853 1.851 1.839 1.836 1.834 1.833 1.814 1.803 1.802 1.798 1.79 1.79 1.784 1.776 1.771 1.766 1.759 1.758 1.747 1.74 1.738 1.735 1.734 1.723 1.722 1.716 1.706 1.705 1.704 1.699 1.696 1.683 1.682 1.682 1.68 1.679 1.679 1.679 1.721 1.749 1.79 1.817 1.846 1.885 1.915 1.963 2.009 2.015 2.017 2.019 2.017 2.019 2.019 2.019 2.024 2.025 2.064 2.064 2.064 2.064 2.064 2.082 2.124 2.183 2.251 2.3 2.3 2.313 2.353 2.374 2.421 2.454 2.497 2.517 2.553 2.579 2.59 2.676 2.752 2.752 2.972 2.985 2.985 2.984 2.978 2.978 2.976 2.976 2.973 2.976 2.977 2.977 2.997 3.007 5.237 5.237 5.25 5.252 5.252 5.245 5.245 5.245 5.245 5.247 5.247 5.247 5.247 5.247 5.281 5.281 5.284 5.281 5.281 5.279 5.215 1.997 1.985 1.985 1.985 1.986 1.991 1.991 1.986 1.962 1.874 1.805 1.739 1.686 1.636 1.586 1.542 1.497 1.454 1.412 1.378 1.353 1.308 1.283 1.246 1.218 1.192 1.161 1.145 1.111 1.089 1.063 1.053 1.035 1.014 0.996 0.971 0.97 0.954 0.939 0.918 0.894 0.892 0.869 0.862 0.851 0.842 0.833 0.823 0.811 0.796 0.786 0.777 0.769 0.761 0.749 0.741 0.738 0.73 0.72 0.719 0.706 0.704 0.687 0.678 0.674 0.668 0.667 0.654 0.65 0.64 0.634 0.632 0.606 0.578 0.578 0.576 0.576 0.573 0.562 0.56 0.553 0.546 0.545 0.545 0.545 0.539 0.536 0.536 0.533 0.531 0.531 0.531 0.532 0.532 0.537 0.537 0.538 0.537 0.538 0.54 0.552 0.557 0.56 0.56 0.565 0.685 0.843 0.846 0.846 0.861 0.866 0.869 0.872 0.882 0.883 0.89 0.897 0.897 0.902 0.913 0.923 0.924 0.933 0.949 0.951 0.971 0.974 0.981 0.995 1.005 1.015 1.019 1.047 1.052 1.077 1.081 1.101 1.121 2.133 2.179 2.197 2.197 2.215 2.235 2.256 2.279 2.306 2.327 2.995 2.995 2.995 2.991 2.979 2.978 2.962 2.95 2.947 2.937 2.93 2.918 2.914 2.912 2.901 2.889 2.886 2.873 2.873 2.87 2.851 2.143 2.14 2.129 2.12 2.118 2.112 2.106 2.105 2.092 2.09 2.09 2.09 2.079 2.079 2.079 2.079 2.08 2.082 2.091 2.093 2.122 2.141 2.161 2.181 2.23 2.301 2.417 2.516 2.573 2.679 2.687 2.688 2.693 2.693 2.688 2.681 2.681 2.679 2.677 2.673 2.671 2.671 2.671 2.671 2.664 2.662 2.658 2.657 2.657 2.658 2.657 2.649 2.296 2.296 2.296 2.396 2.495 2.496 2.5 2.517 2.622 2.648 2.651 2.651 2.65 2.651 2.65 2.65 0.007 2.652 2.652 2.652 2.652 2.656 2.656 2.65 2.611 2.595 2.591 2.427 2.427 2.427 2.427 4.505 4.505 1.66 1.348 1.337 1.322 1.314 1.293 1.284 1.277 1.264 1.252 1.246 1.239 1.237 1.228 1.121 1.05 1.05 1.027 1.022 1.005 0.998 0.993 0.992 0.975 0.968 0.939 0.924 0.919 0.893 0.89 0.875 0.864 0.846 0.836 0.827 0.816 0.797 0.796 0.786 0.771 0.753 0.75 0.746 0.735 0.73 0.715 0.706 0.697 0.687 0.682 0.673 0.664 0.662 0.647 0.64 0.639 0.628 0.624 0.616 0.59 0.582 0.577 0.576 0.57 0.56 0.557 0.555 0.553 0.547 0.537 0.537 0.532 0.53 0.526 0.516 0.515 0.51 0.505 0.5 0.498 0.498 0.493 0.495 0.495 0.489 0.491 0.495 0.491 0.491 0.491 0.495 0.506 0.514 0.71 0.806 0.806 0.806 0.521 0.505 0.5 0.496 0.488 0.48 0.468 0.464 0.463 0.461 0.461 0.461 0.461 0.462 0.463 0.463 0.463 0.463 0.469 0.473 0.474 0.474 0.478 0.482 0.482 0.482 0.484 0.49 0.494 0.494 0.5 0.499 0.494 0.499 0.5 0.51 0.51 0.519 0.52 0.55 0.552 0.557 0.566 0.568 0.573 0.578 0.58 0.584 0.598 0.598 0.604 0.616 0.618 0.629 0.629 0.643 0.656 0.67 0.67 
1 1 1 1 1 1 1 1 1 1 1 1 1 1 1 1 1 1 1 1 1 1 1 1 1 1 1 1 1 1 1 1 1 1 1 1 1 1 1 1 1 1 1 1 1 1 1 1 1 1 1 1 1 1 1 1 1 1 1 1 1 1 1 1 1 1 1 1 1 1 1 1 1 1 1 1 1 1 1 1 1 1 1 1 1 1 1 1 1 1 1 1 1 1 1 1 1 1 1 1 1 1 1 1 1 1 1 1 1 1 1 1 1 1 1 1 1 1 1 1 1 1 1 1 1 1 1 1 1 1 1 1 1 1 1 1 1 1 1 1 1 1 1 1 1 1 1 1 1 1 1 1 1 1 1 1 1 1 1 1 1 1 1 1 1 1 1 1 1 1 1 1 1 1 1 1 1 1 1 1 1 1 1 1 1 1 1 1 1 1 1 1 1 1 1 1 1 1 1 1 1 1 1 1 1 1 1 1 1 1 1 1 1 1 1 1 1 1 1 1 1 1 1 1 1 1 1 1 1 1 1 1 1 1 1 1 1 1 1 1 1 1 1 1 1 1 1 1 1 1 1 1 1 1 1 1 1 1 1 1 1 1 1 1 1 1 1 1 1 1 1 1 1 1 1 1 1 1 1 1 1 1 1 1 1 1 1 1 1 1 1 1 1 1 1 1 1 1 1 1 1 1 1 1 1 1 1 1 1 1 1 1 1 1 1 1 1 1 1 1 1 1 1 1 1 1 1 1 1 1 1 1 1 1 1 1 1 1 1 1 1 1 1 1 1 1 1 1 1 1 1 1 1 1 1 1 1 1 1 1 1 1 1 1 1 1 1 1 1 1 1 1 1 1 1 1 1 1 1 1 1 1 1 1 1 1 1 1 1 1 1 1 1 1 1 1 1 1 1 1 1 1 1 1 1 1 1 1 1 1 1 1 1 1 1 1 1 1 1 1 1 1 1 1 1 1 1 1 1 1 1 1 1 1 1 1 1 1 1 1 1 1 1 1 1 1 1 1 1 1 1 1 1 1 1 1 1 1 1 1 1 1 1 1 1 1 1 1 1 1 1 1 1 1 1 1 1 1 1 1 1 1 1 1 1 1 1 1 1 1 1 1 1 1 1 1 1 1 1 1 1 1 1 1 1 1 1 1 1 0 1 1 1 1 1 1 1 1 1 1 1 1 1 1 1 1 1 1 1 1 1 1 1 1 1 1 1 1 1 1 1 1 1 1 1 1 1 1 1 1 1 1 1 1 1 1 1 1 1 1 1 1 1 1 1 1 1 1 1 1 1 1 1 1 1 1 1 1 1 1 1 1 1 1 1 1 1 1 1 1 1 1 1 1 1 1 1 1 1 1 1 1 1 1 1 1 1 1 1 1 1 1 1 1 1 1 1 1 1 1 1 1 1 1 1 1 1 1 1 1 1 1 1 1 1 1 1 1 1 1 1 1 1 1 1 1 1 1 1 1 1 1 1 1 1 1 1 1 1 1 1 1 1 1 1 1 1 1 1 1 1 1 1 1 1 1 1 1 1 1 1 1 
