# This file contains a 2D laser scan observation. 
# Its format is: 
# [aperture] [max_range] [number_of_scans] 
# [vector_of_scans] 
# [vector_of_valid_scans] 
# The aperture of the sensor is in radians, the maximum range 
# and measurements are in meters. '1' means a valid scan, '0' otherwise.
4.1847
5.6
682
0.768 0.768 0.768 0.768 0.768 0.769 0.768 0.769 0.769 0.771 0.773 0.774 0.777 0.777 0.781 0.785 0.785 0.786 0.79 0.791 0.791 0.794 0.794 0.794 0.796 0.796 0.8 0.801 0.802 0.805 0.813 0.814 0.815 0.816 0.818 0.818 0.822 0.827 0.828 0.834 0.834 0.834 0.84 0.84 0.84 0.84 0.84 0.842 0.838 0.838 0.846 2.597 2.597 2.597 2.565 2.547 2.526 2.497 2.486 2.469 2.446 2.432 2.419 2.389 2.381 2.368 2.344 2.321 2.31 2.303 2.289 2.27 2.247 2.238 2.221 2.204 2.195 2.178 2.166 2.15 2.134 2.122 2.112 2.094 2.077 2.073 2.068 2.057 2.04 2.036 2.017 2.003 2.003 1.988 1.977 1.963 1.961 1.946 1.931 1.928 1.928 1.911 1.897 1.887 1.879 1.879 1.87 1.852 1.85 1.848 1.836 1.819 1.816 1.807 1.805 1.796 1.789 1.787 1.769 1.765 1.76 1.759 1.74 1.74 1.738 1.734 1.722 1.721 1.712 1.705 1.699 1.699 1.697 1.688 1.678 1.675 1.671 1.668 1.66 1.66 1.66 1.676 1.708 1.73 1.755 1.793 1.816 1.839 1.863 1.903 1.937 1.968 1.984 1.989 1.989 1.984 1.988 1.982 1.982 1.984 1.988 2.042 2.042 2.042 2.029 2.029 2.029 2.044 2.07 2.112 2.129 0 0 0 0 0 0 0 0 0 0 0 0 0 2.624 2.624 2.653 2.763 2.763 2.94 2.94 2.943 2.94 2.938 2.934 2.935 2.933 2.932 2.926 2.926 2.926 2.944 0 0 0 0 5.184 5.177 5.171 5.175 5.177 5.175 5.173 5.175 5.177 5.175 5.177 5.177 5.184 5.177 5.177 1.917 1.917 1.916 1.911 1.911 1.911 1.911 1.911 1.908 1.897 1.805 1.703 1.626 1.532 1.472 1.404 1.358 1.307 1.251 1.204 1.172 1.129 1.103 1.06 1.035 1.003 0.973 0.941 0.919 0.904 0.869 0.848 0.847 0.821 0.797 0.774 0.774 0.75 0.734 0.732 0.712 0.697 0.682 0.679 0.655 0.65 0.632 0.631 0.622 0.612 0.602 0.586 0.576 0.571 0.568 0.565 0.551 0.548 0.532 0.529 0.528 0.481 0.465 0.465 0.462 0.462 0.46 0.46 0.452 0.443 0.438 0.438 0.438 0.438 0.438 0.43 0.43 0.418 0.418 0.418 0.418 0.425 0.435 0.425 0.417 0.417 0.417 0.417 0.418 0.418 0.42 0.421 0.421 0.435 0.435 0.438 0.439 0.44 0.443 0.448 0.453 0.584 0.716 0.724 0.724 0.726 0.744 0.745 0.746 0.746 0.747 0.747 0.756 0.756 0.762 0.766 0.773 0.773 0.778 0.785 0.794 0.794 0.795 0.806 0.811 0.814 0.825 0.829 0.831 0.84 0.847 0.858 0.86 0.872 0.875 0.888 0.894 0.895 0.914 0.919 0.937 0.941 0.951 0.976 0.995 1.025 1.986 2.01 2.034 2.052 2.069 2.089 2.114 2.14 2.156 2.18 2.211 2.849 2.871 2.871 2.864 2.864 2.852 2.846 2.84 2.832 2.816 2.813 2.802 2.796 2.778 2.774 2.769 2.763 2.762 2.749 2.749 2.729 2.719 2.057 2.02 2.018 2 1.998 1.991 1.987 1.974 1.973 1.965 1.959 1.958 1.957 1.956 1.955 1.953 1.947 1.947 1.953 1.958 1.967 1.983 2.009 2.023 2.03 2.076 2.141 2.238 2.373 2.449 2.505 2.58 2.584 2.584 2.58 2.573 2.57 2.567 2.564 2.563 2.563 2.557 2.556 2.555 2.555 2.555 2.551 2.551 2.55 2.547 2.547 2.547 2.547 2.547 2.542 2.175 2.175 2.175 2.239 2.381 2.386 2.389 2.402 2.535 2.545 2.545 2.545 2.545 2.544 2.544 2.544 2.548 0.007 2.559 2.558 2.558 2.558 2.558 2.555 2.546 2.478 2.457 2.457 2.435 2.375 2.375 2.1 2.066 2.1 1.804 1.708 1.558 1.504 1.42 1.265 1.259 1.236 1.229 1.212 1.201 1.185 1.177 1.166 1.165 1.158 1.149 1.142 1.141 1.138 1.138 1.124 1.121 1.005 0.976 0.963 0.95 0.942 0.932 0.911 0.911 0.911 0.907 0.907 0.902 0.889 0.88 0.866 0.858 0.848 0.837 0.827 0.809 0.802 0.798 0.787 0.782 0.767 0.758 0.754 0.741 0.738 0.725 0.712 0.711 0.707 0.696 0.691 0.688 0.674 0.669 0.665 0.662 0.652 0.648 0.645 0.639 0.636 0.625 0.625 0.623 0.61 0.609 0.608 0.593 0.593 0.592 0.59 0.583 0.58 0.575 0.571 0.57 0.565 0.563 0.554 0.553 0.551 0.544 0.527 0.527 0.527 0.513 0.508 0.507 0.507 0.507 0.507 0.501 0.498 0.497 0.497 0.491 0.491 0.486 0.485 0.48 0.48 0.477 0.474 0.472 0.465 0.468 0.466 0.468 0.467 0.467 0.466 0.458 0.457 0.453 0.451 0.451 0.451 0.459 0.459 0.463 0.467 0.471 0.488 0.69 0.753 0.753 0.753 0.486 0.482 0.48 0.48 0.476 0.466 0.46 0.46 0.459 0.455 0.453 0.45 0.449 0.445 0.439 0.438 0.438 0.437 0.437 0.446 0.447 0.447 0.457 0.459 0.459 0.463 0.464 0.465 0.466 0.471 0.482 0.491 0.494 0.494 0.494 0.496 0.515 0.52 0.558 0.562 0.563 0.575 0.587 0.597 0.614 0.628 0.666 0.675 0.676 0.676 0.676 0.675 0.649 0.646 0.64 0.644 0.644 0.644 0.644 
1 1 1 1 1 1 1 1 1 1 1 1 1 1 1 1 1 1 1 1 1 1 1 1 1 1 1 1 1 1 1 1 1 1 1 1 1 1 1 1 1 1 1 1 1 1 1 1 1 1 1 1 1 1 1 1 1 1 1 1 1 1 1 1 1 1 1 1 1 1 1 1 1 1 1 1 1 1 1 1 1 1 1 1 1 1 1 1 1 1 1 1 1 1 1 1 1 1 1 1 1 1 1 1 1 1 1 1 1 1 1 1 1 1 1 1 1 1 1 1 1 1 1 1 1 1 1 1 1 1 1 1 1 1 1 1 1 1 1 1 1 1 1 1 1 1 1 1 1 1 1 1 1 1 1 1 1 1 1 1 1 1 1 1 1 1 1 1 1 1 1 0 0 0 0 0 0 0 0 0 0 0 0 0 1 1 1 1 1 1 1 1 1 1 1 1 1 1 1 1 1 1 0 0 0 0 1 1 1 1 1 1 1 1 1 1 1 1 1 1 1 1 1 1 1 1 1 1 1 1 1 1 1 1 1 1 1 1 1 1 1 1 1 1 1 1 1 1 1 1 1 1 1 1 1 1 1 1 1 1 1 1 1 1 1 1 1 1 1 1 1 1 1 1 1 1 1 1 1 1 1 1 1 1 1 1 1 1 1 1 1 1 1 1 1 1 1 1 1 1 1 1 1 1 1 1 1 1 1 1 1 1 1 1 1 1 1 1 1 1 1 1 1 1 1 1 1 1 1 1 1 1 1 1 1 1 1 1 1 1 1 1 1 1 1 1 1 1 1 1 1 1 1 1 1 1 1 1 1 1 1 1 1 1 1 1 1 1 1 1 1 1 1 1 1 1 1 1 1 1 1 1 1 1 1 1 1 1 1 1 1 1 1 1 1 1 1 1 1 1 1 1 1 1 1 1 1 1 1 1 1 1 1 1 1 1 1 1 1 1 1 1 1 1 1 1 1 1 1 1 1 1 1 1 1 1 1 1 1 1 1 1 1 1 1 1 1 1 1 1 1 1 1 1 1 1 1 1 1 1 1 1 1 1 1 1 1 1 1 1 1 1 0 1 1 1 1 1 1 1 1 1 1 1 1 1 1 1 1 1 1 1 1 1 1 1 1 1 1 1 1 1 1 1 1 1 1 1 1 1 1 1 1 1 1 1 1 1 1 1 1 1 1 1 1 1 1 1 1 1 1 1 1 1 1 1 1 1 1 1 1 1 1 1 1 1 1 1 1 1 1 1 1 1 1 1 1 1 1 1 1 1 1 1 1 1 1 1 1 1 1 1 1 1 1 1 1 1 1 1 1 1 1 1 1 1 1 1 1 1 1 1 1 1 1 1 1 1 1 1 1 1 1 1 1 1 1 1 1 1 1 1 1 1 1 1 1 1 1 1 1 1 1 1 1 1 1 1 1 1 1 1 1 1 1 1 1 1 1 1 1 1 1 1 1 1 1 1 1 1 1 1 1 1 1 1 1 1 1 1 1 1 1 1 1 1 1 1 1 1 1 1 1 1 1 1 1 1 1 1 1 1 
