# This file contains a 2D laser scan observation. 
# Its format is: 
# [aperture] [max_range] [number_of_scans] 
# [vector_of_scans] 
# [vector_of_valid_scans] 
# The aperture of the sensor is in radians, the maximum range 
# and measurements are in meters. '1' means a valid scan, '0' otherwise.
4.1847
5.6
682
2.078 2.065 2.051 2.047 2.033 2.01 2.005 2.004 1.985 1.976 1.965 1.955 1.942 1.939 1.922 1.917 1.905 1.896 1.884 1.869 1.869 1.846 1.846 1.839 1.832 1.829 1.814 1.804 1.804 1.784 1.784 1.784 1.777 1.775 1.754 1.754 1.754 1.79 1.8 1.817 1.839 1.865 1.877 1.907 1.926 1.933 1.967 1.981 2.008 2.038 2.053 2.057 2.057 2.053 2.047 2.044 2.036 2.036 2.036 2.036 2.087 2.087 2.093 2.093 2.093 2.097 2.11 2.118 2.138 2.168 2.199 2.222 2.23 2.249 2.26 2.28 2.3 2.33 2.346 2.381 2.421 2.519 0 0.007 0 2.617 2.619 2.619 2.619 2.63 2.681 2.951 2.951 2.951 2.949 2.947 2.939 2.938 2.935 2.93 2.929 2.929 2.928 2.924 0.334 0.313 0.302 0.305 0.305 0.305 0.306 0.306 0.306 0.306 0.303 0.303 0.31 0.314 0.314 0.314 0.315 0.315 0.315 0.315 0.323 0.323 0.322 0.322 0.32 0.319 0.319 0.32 0.325 0.328 0.328 0.328 0.321 0.32 0.317 0.317 0.317 0.333 0.333 0.343 0.344 0.355 0.384 0.386 0.778 1.051 1.051 1.052 1.052 1.052 1.052 1.07 1.078 1.08 1.08 1.083 1.084 1.084 1.083 1.083 0.865 0.847 0.846 0.816 0.794 0.791 0.79 0.781 0.746 0.713 0.687 0.686 0.679 0.674 0.656 0.62 0.613 0.602 0.592 0.582 0.558 0.558 0.558 0.558 0.561 0.561 0.561 0.562 0.563 0.566 0.567 0.568 0.571 0.571 0.571 0.574 0.576 0.576 0.579 0.579 0.582 0.582 0.584 0.59 0.592 0.597 0.598 0.602 0.602 0.603 0.603 0.603 0.611 0.611 0.614 0.619 0.621 0.621 0.62 0.62 0.624 0.626 0.63 0.632 0.647 0.649 0.651 0.652 0.652 0.657 0.659 0.663 0.665 0.665 0.671 0.684 0.686 0.69 0.695 0.699 0.705 0.709 0.71 0.712 0.714 0.726 0.728 0.729 0.732 0.741 0.754 0.767 0.79 0.821 1.522 1.546 1.565 1.575 1.582 1.594 1.611 1.62 1.636 1.641 1.655 1.67 1.68 1.701 1.715 1.728 1.74 1.759 1.765 1.786 1.807 1.811 1.831 1.847 1.866 1.872 1.899 1.919 1.935 1.949 1.972 2.3 2.32 2.45 2.45 2.552 2.594 2.625 2.625 2.625 2.625 2.625 2.61 2.601 2.448 2.433 2.429 2.433 2.433 2.436 2.442 2.443 2.449 2.449 2.459 2.459 2.459 2.441 1.788 1.787 1.766 1.762 1.759 1.744 1.742 1.735 1.726 1.725 1.725 1.725 1.719 1.719 1.717 1.717 1.717 1.719 1.721 1.728 1.735 1.736 1.75 1.768 1.774 1.798 1.829 1.853 1.889 1.963 2.019 2.064 2.114 2.325 2.329 2.329 2.325 2.313 2.313 2.313 2.317 2.317 2.317 2.312 2.31 2.309 2.308 2.306 2.299 2.299 2.298 2.298 2.295 2.293 2.293 2.293 2.292 2.291 2.286 2.271 1.924 1.904 1.904 1.904 1.973 2.112 2.124 2.124 2.144 2.241 2.289 2.289 2.289 2.289 2.29 2.294 2.29 2.29 2.287 1.975 1.975 1.975 2.29 2.296 2.296 2.296 2.299 2.296 2.288 2.091 2.031 1.996 1.923 1.823 1.823 1.733 1.684 1.567 1.536 1.502 1.468 1.404 1.363 1.323 1.287 1.272 1.241 1.214 1.183 1.158 1.113 1.034 1.019 0.997 0.993 0.986 0.975 0.965 0.96 0.947 0.942 0.94 0.937 0.934 0.934 0.928 0.926 0.917 0.915 0.911 0.907 0.907 0.902 0.898 0.897 0.893 0.884 0.869 0.801 0.778 0.775 0.762 0.749 0.746 0.739 0.732 0.727 0.718 0.701 0.699 0.699 0.697 0.697 0.697 0.697 0.694 0.681 0.672 0.669 0.658 0.654 0.654 0.65 0.641 0.64 0.632 0.631 0.625 0.617 0.614 0.611 0.599 0.598 0.594 0.592 0.59 0.587 0.584 0.579 0.572 0.571 0.569 0.567 0.562 0.552 0.549 0.549 0.549 0.542 0.54 0.539 0.539 0.533 0.529 0.526 0.529 0.526 0.519 0.518 0.519 0.516 0.511 0.511 0.509 0.505 0.503 0.501 0.5 0.498 0.498 0.494 0.482 0.482 0.479 0.479 0.482 0.484 0.477 0.477 0.476 0.476 0.476 0.476 0.475 0.475 0.47 0.468 0.467 0.466 0.459 0.459 0.457 0.457 0.453 0.452 0.457 0.456 0.452 0.452 0.452 0.452 0.446 0.441 0.441 0.441 0.441 0.441 0.44 0.44 0.44 0.436 0.436 0.434 0.432 0.43 0.432 0.432 0.432 0.432 0.434 0.432 0.432 0.431 0.418 0.418 0.401 0.4 0.4 0.397 0.396 0.397 0.397 0.397 0.397 0.402 0.402 0.4 0.4 0.4 0.4 0.399 0.402 0.399 0.399 0.399 0.402 0.395 0.399 0.401 0.401 0.401 0.401 0.401 0.394 0.394 0.393 0.394 0.393 0.394 0.394 0.402 0.402 0.403 0.403 0.403 0.41 0.413 0.416 0.423 0.423 0.423 0.421 0.42 0.416 0.415 0.413 0.403 0.403 0.403 0.403 0.406 0.45 0.45 0.45 0.449 0.443 0.443 0.449 0.449 0.446 0.452 0.45 0.45 0.45 0.45 0.45 0.449 0.436 0.434 0.433 0.431 0.431 0.431 0.431 0.433 0.433 0.429 0.433 0.433 0.437 0.481 0.651 0.66 0.663 0.663 0.665 0.675 0.675 0.675 0.675 0.678 0.681 0.683 0.693 0.694 0.694 
1 1 1 1 1 1 1 1 1 1 1 1 1 1 1 1 1 1 1 1 1 1 1 1 1 1 1 1 1 1 1 1 1 1 1 1 1 1 1 1 1 1 1 1 1 1 1 1 1 1 1 1 1 1 1 1 1 1 1 1 1 1 1 1 1 1 1 1 1 1 1 1 1 1 1 1 1 1 1 1 1 1 0 0 0 1 1 1 1 1 1 1 1 1 1 1 1 1 1 1 1 1 1 1 1 1 1 1 1 1 1 1 1 1 1 1 1 1 1 1 1 1 1 1 1 1 1 1 1 1 1 1 1 1 1 1 1 1 1 1 1 1 1 1 1 1 1 1 1 1 1 1 1 1 1 1 1 1 1 1 1 1 1 1 1 1 1 1 1 1 1 1 1 1 1 1 1 1 1 1 1 1 1 1 1 1 1 1 1 1 1 1 1 1 1 1 1 1 1 1 1 1 1 1 1 1 1 1 1 1 1 1 1 1 1 1 1 1 1 1 1 1 1 1 1 1 1 1 1 1 1 1 1 1 1 1 1 1 1 1 1 1 1 1 1 1 1 1 1 1 1 1 1 1 1 1 1 1 1 1 1 1 1 1 1 1 1 1 1 1 1 1 1 1 1 1 1 1 1 1 1 1 1 1 1 1 1 1 1 1 1 1 1 1 1 1 1 1 1 1 1 1 1 1 1 1 1 1 1 1 1 1 1 1 1 1 1 1 1 1 1 1 1 1 1 1 1 1 1 1 1 1 1 1 1 1 1 1 1 1 1 1 1 1 1 1 1 1 1 1 1 1 1 1 1 1 1 1 1 1 1 1 1 1 1 1 1 1 1 1 1 1 1 1 1 1 1 1 1 1 1 1 1 1 1 1 1 1 1 1 1 1 1 1 1 1 1 1 1 1 1 1 1 1 1 1 1 1 1 1 1 1 1 1 1 1 1 1 1 1 1 1 1 1 1 1 1 1 1 1 1 1 1 1 1 1 1 1 1 1 1 1 1 1 1 1 1 1 1 1 1 1 1 1 1 1 1 1 1 1 1 1 1 1 1 1 1 1 1 1 1 1 1 1 1 1 1 1 1 1 1 1 1 1 1 1 1 1 1 1 1 1 1 1 1 1 1 1 1 1 1 1 1 1 1 1 1 1 1 1 1 1 1 1 1 1 1 1 1 1 1 1 1 1 1 1 1 1 1 1 1 1 1 1 1 1 1 1 1 1 1 1 1 1 1 1 1 1 1 1 1 1 1 1 1 1 1 1 1 1 1 1 1 1 1 1 1 1 1 1 1 1 1 1 1 1 1 1 1 1 1 1 1 1 1 1 1 1 1 1 1 1 1 1 1 1 1 1 1 1 1 1 1 1 1 1 1 1 1 1 1 1 1 1 1 1 1 1 1 1 1 1 1 1 1 1 1 1 1 1 1 1 1 1 1 1 1 1 1 1 1 1 1 1 1 1 1 1 1 1 1 1 1 1 1 1 1 1 1 1 1 1 1 1 1 1 1 1 1 1 1 1 1 1 1 1 1 1 1 1 1 1 
