# This file contains a 2D laser scan observation. 
# Its format is: 
# [aperture] [max_range] [number_of_scans] 
# [vector_of_scans] 
# [vector_of_valid_scans] 
# The aperture of the sensor is in radians, the maximum range 
# and measurements are in meters. '1' means a valid scan, '0' otherwise.
4.1847
5.6
682
0.537 0.535 0.535 0.533 0.533 0.533 0.533 0.538 0.538 0.533 0.533 0.531 0.531 0.531 0.531 0.532 0.534 0.532 0.536 0.536 0.536 0.536 0.54 0.54 0.547 0.547 0.557 0.562 0.563 0.566 0.571 0.587 0.589 0.594 0.601 0.615 0.634 0.646 0.658 0.682 0.843 0.993 0.995 0.995 0.993 0.992 0.989 0.989 0.989 0.989 0.989 0.987 0.986 0.983 0.983 0.977 0.969 0.965 0.963 0.963 0.961 0.96 0.96 0.959 0.959 0.958 0.955 0.954 0.954 0.951 0.948 0.948 0.948 0.939 0.939 0.939 0.942 0.946 0.946 0.944 0.942 0.939 0.937 0.937 0.936 0.936 0.932 0.932 0.931 0.93 0.931 0.931 0.931 0.93 0.929 0.929 0.929 0.929 0.929 0.929 0.929 0.929 0.929 0.929 0.929 0.928 0.928 0.928 0.928 0.928 0.928 0.928 0.926 0.926 0.931 0.93 0.93 0.93 0.93 0.93 0.931 0.931 0.932 0.931 0.931 0.933 0.933 0.933 0.937 0.937 0.937 0.937 0.941 0.941 0.941 0.941 0.944 0.941 0.944 0.944 0.944 0.949 0.949 0.949 0.955 0.951 0.955 0.955 0.955 0.956 0.959 0.959 0.959 0.959 0.958 0.958 0.965 0.967 0.967 0.97 0.976 0.978 0.983 0.985 0.985 0.985 0.986 0.986 0.987 0.991 0.993 0.997 1 1.006 1.012 1.012 1.011 1.012 1.018 1.018 1.022 1.026 1.027 1.028 1.029 1.039 1.044 1.046 1.048 1.054 1.067 1.068 1.068 1.068 1.07 1.078 1.084 1.086 1.089 1.093 1.094 1.1 1.102 1.108 1.113 1.116 1.117 1.118 1.125 1.126 1.141 1.143 1.149 1.159 1.165 1.167 1.172 1.178 1.181 1.194 1.195 1.197 1.552 1.552 1.552 1.552 1.536 1.536 1.536 1.536 1.523 1.496 1.471 1.471 1.471 1.496 1.503 1.535 1.58 1.709 1.737 1.747 1.75 1.769 1.773 1.798 1.812 1.839 1.839 1.839 1.508 1.508 1.508 1.508 1.508 1.512 1.495 1.495 1.495 1.495 0.972 0.938 0.918 0.917 0.899 0.896 0.895 0.891 0.888 0.878 0.877 0.871 0.869 0.867 0.867 0.862 0.86 0.857 0.856 0.854 0.854 0.848 0.847 0.847 0.847 0.846 0.841 0.841 0.841 0.841 0.841 0.841 0.842 0.845 0.845 0.848 0.852 0.848 0.854 0.854 0.859 0.86 0.863 0.868 0.869 0.876 0.881 0.9 0.911 0.92 0.926 0.936 0.955 0.962 0.982 0.998 1.022 1.045 1.059 1.082 1.105 1.116 1.156 1.179 1.197 1.218 1.319 1.42 1.421 1.423 1.423 1.423 1.418 1.413 1.384 1.384 1.384 1.384 1.384 1.396 1.396 1.393 1.396 1.396 1.396 1.396 1.396 1.396 1.395 1.393 1.393 1.394 1.393 1.393 1.394 1.395 1.392 1.394 1.395 1.395 1.396 1.4 1.401 1.426 1.426 1.426 1.403 1.398 1.393 1.391 1.391 1.391 1.391 1.387 1.381 1.036 1.024 1.021 1.013 1.011 1.01 1.009 1.009 1.01 1.245 1.248 1.25 1.28 1.4 1.405 1.406 1.407 1.406 1.407 1.407 1.413 1.414 1.418 1.418 1.422 1.423 1.423 1.426 1.426 1.428 1.437 1.437 1.437 1.112 1.109 1.107 1.107 1.109 1.4 1.4 1.4 1.38 1.366 1.337 1.32 1.292 1.264 1.247 1.226 1.208 1.185 1.185 1.16 1.137 1.108 1.097 1.08 1.059 1.056 1.033 1.017 1.014 0.99 0.989 0.969 0.961 0.95 0.946 0.934 0.922 0.913 0.9 0.896 0.889 0.889 0.871 0.865 0.859 0.85 0.84 0.833 0.816 0.814 0.806 0.798 0.792 0.791 0.785 0.777 0.769 0.769 0.758 0.749 0.745 0.743 0.732 0.725 0.725 0.724 0.719 0.715 0.7 0.7 0.699 0.698 0.694 0.679 0.678 0.667 0.665 0.662 0.661 0.661 0.656 0.654 0.649 0.645 0.639 0.638 0.638 0.638 0.636 0.636 0.636 0.618 0.617 0.617 0.617 0.609 0.605 0.604 0.598 0.596 0.589 0.586 0.584 0.581 0.58 0.575 0.574 0.574 0.565 0.565 0.565 0.562 0.56 0.56 0.559 0.559 0.558 0.551 0.549 0.549 0.549 0.547 0.543 0.542 0.54 0.538 0.538 0.538 0.537 0.535 0.531 0.528 0.526 0.525 0.525 0.525 0.521 0.52 0.518 0.515 0.513 0.51 0.51 0.51 0.51 0.508 0.51 0.51 0.51 0.51 0.51 0.508 0.504 0.504 0.504 0.504 0.501 0.5 0.501 0.501 0.513 0.526 0.526 0.526 0.499 0.463 0.463 0.463 0.463 0.463 0.463 0.463 0.462 0.463 0.463 0.469 0.475 0.479 0.479 0.479 0.478 0.477 0.471 0.468 0.468 0.468 0.465 0.464 0.465 0.464 0.464 0.463 0.463 0.463 0.466 0.466 0.466 0.466 0.464 0.464 0.467 0.468 0.467 0.468 0.472 0.472 0.472 0.472 0.473 0.473 0.474 0.477 0.477 0.48 0.481 0.481 0.487 0.487 0.487 0.488 0.488 0.491 0.495 0.495 0.502 0.506 0.506 0.502 0.507 0.507 0.506 0.507 0.513 0.517 0.52 0.521 0.531 0.531 0.533 0.537 0.541 0.544 0.547 0.552 0.557 0.562 0.572 0.581 0.584 0.596 0.611 0.64 0.673 0.816 0.817 0.817 0.816 0.816 0.816 0.816 0.811 0.649 0.539 0.535 0.522 0.513 0.513 0.513 0.509 0.514 0.517 0.515 0.517 0.519 
1 1 1 1 1 1 1 1 1 1 1 1 1 1 1 1 1 1 1 1 1 1 1 1 1 1 1 1 1 1 1 1 1 1 1 1 1 1 1 1 1 1 1 1 1 1 1 1 1 1 1 1 1 1 1 1 1 1 1 1 1 1 1 1 1 1 1 1 1 1 1 1 1 1 1 1 1 1 1 1 1 1 1 1 1 1 1 1 1 1 1 1 1 1 1 1 1 1 1 1 1 1 1 1 1 1 1 1 1 1 1 1 1 1 1 1 1 1 1 1 1 1 1 1 1 1 1 1 1 1 1 1 1 1 1 1 1 1 1 1 1 1 1 1 1 1 1 1 1 1 1 1 1 1 1 1 1 1 1 1 1 1 1 1 1 1 1 1 1 1 1 1 1 1 1 1 1 1 1 1 1 1 1 1 1 1 1 1 1 1 1 1 1 1 1 1 1 1 1 1 1 1 1 1 1 1 1 1 1 1 1 1 1 1 1 1 1 1 1 1 1 1 1 1 1 1 1 1 1 1 1 1 1 1 1 1 1 1 1 1 1 1 1 1 1 1 1 1 1 1 1 1 1 1 1 1 1 1 1 1 1 1 1 1 1 1 1 1 1 1 1 1 1 1 1 1 1 1 1 1 1 1 1 1 1 1 1 1 1 1 1 1 1 1 1 1 1 1 1 1 1 1 1 1 1 1 1 1 1 1 1 1 1 1 1 1 1 1 1 1 1 1 1 1 1 1 1 1 1 1 1 1 1 1 1 1 1 1 1 1 1 1 1 1 1 1 1 1 1 1 1 1 1 1 1 1 1 1 1 1 1 1 1 1 1 1 1 1 1 1 1 1 1 1 1 1 1 1 1 1 1 1 1 1 1 1 1 1 1 1 1 1 1 1 1 1 1 1 1 1 1 1 1 1 1 1 1 1 1 1 1 1 1 1 1 1 1 1 1 1 1 1 1 1 1 1 1 1 1 1 1 1 1 1 1 1 1 1 1 1 1 1 1 1 1 1 1 1 1 1 1 1 1 1 1 1 1 1 1 1 1 1 1 1 1 1 1 1 1 1 1 1 1 1 1 1 1 1 1 1 1 1 1 1 1 1 1 1 1 1 1 1 1 1 1 1 1 1 1 1 1 1 1 1 1 1 1 1 1 1 1 1 1 1 1 1 1 1 1 1 1 1 1 1 1 1 1 1 1 1 1 1 1 1 1 1 1 1 1 1 1 1 1 1 1 1 1 1 1 1 1 1 1 1 1 1 1 1 1 1 1 1 1 1 1 1 1 1 1 1 1 1 1 1 1 1 1 1 1 1 1 1 1 1 1 1 1 1 1 1 1 1 1 1 1 1 1 1 1 1 1 1 1 1 1 1 1 1 1 1 1 1 1 1 1 1 1 1 1 1 1 1 1 1 1 1 1 1 1 1 1 1 1 1 1 1 1 1 1 1 1 1 1 1 1 1 1 1 1 1 1 1 1 1 1 1 1 1 1 1 1 1 1 1 1 1 1 1 1 1 1 1 1 1 1 1 1 1 1 1 1 1 
