# This file contains a 2D laser scan observation. 
# Its format is: 
# [aperture] [max_range] [number_of_scans] 
# [vector_of_scans] 
# [vector_of_valid_scans] 
# The aperture of the sensor is in radians, the maximum range 
# and measurements are in meters. '1' means a valid scan, '0' otherwise.
4.1847
5.6
682
0.815 0.816 0.819 0.821 0.835 0.839 0.854 0.863 0.889 1.368 1.368 1.368 1.355 1.346 1.338 1.317 1.307 1.305 1.291 1.28 1.266 1.25 1.241 1.235 1.22 1.213 1.204 1.183 1.179 1.174 1.159 1.145 1.144 1.135 1.126 1.109 1.107 1.1 1.099 1.08 1.073 1.069 1.065 1.058 1.052 1.046 1.033 1.032 1.031 1.024 1.011 1.006 1.005 0.988 0.988 0.979 0.979 0.976 0.976 0.967 0.966 0.966 0.954 0.949 0.945 0.943 0.935 0.926 0.925 0.925 0.919 0.918 0.917 0.917 0.913 0.904 0.897 0.888 0.888 0.884 0.882 0.882 0.88 0.878 0.875 0.873 0.867 0.865 0.863 0.862 0.858 0.849 0.846 0.843 0.843 0.842 0.84 0.84 0.84 0.84 0.839 0.834 0.829 0.829 0.829 0.829 0.827 0.815 0.814 0.814 0.814 0.813 0.811 0.807 0.804 0.804 0.803 0.802 0.802 0.801 0.797 0.797 0.795 0.795 0.793 0.793 0.789 0.786 0.784 0.781 0.784 0.783 0.781 0.781 0.779 0.778 0.777 0.777 0.773 0.773 0.771 0.77 0.769 0.769 0.767 0.767 0.769 0.77 0.77 0.77 0.77 0.771 0.764 0.764 0.764 0.767 0.764 0.762 0.762 0.764 0.762 0.758 0.758 0.758 0.758 0.758 0.763 0.763 0.763 0.763 0.762 0.762 0.761 0.758 0.761 0.762 0.762 0.762 0.762 0.762 0.763 0.757 0.763 0.763 0.763 0.762 0.763 0.763 0.763 0.762 0.766 0.764 0.764 0.766 0.766 0.766 0.766 0.769 0.769 0.766 0.766 0.766 0.766 0.766 0.769 0.769 0.772 0.772 0.772 0.773 0.778 0.781 0.782 0.782 0.783 0.783 0.782 0.782 0.782 0.782 0.789 0.789 0.789 0.79 0.79 0.79 0.796 0.796 0.796 0.798 0.8 0.8 0.8 0.801 0.804 0.814 0.814 0.814 0.814 0.815 0.814 0.815 0.82 0.83 1.13 1.158 1.158 1.158 1.136 1.132 1.132 1.136 1.146 1.146 1.146 1.137 1.135 1.133 1.133 1.127 1.126 1.123 1.114 1.084 1.059 1.02 1.012 1.012 1.012 1.015 1.017 1.021 1.037 1.068 1.068 1.069 1.096 1.114 1.124 1.134 1.224 1.291 1.291 1.291 1.288 1.288 1.288 1.288 1.288 0.51 0.485 0.482 0.467 0.459 0.454 0.453 0.451 0.441 0.439 0.433 0.433 0.433 0.433 0.424 0.418 0.418 0.417 0.418 0.418 0.415 0.413 0.412 0.41 0.409 0.406 0.406 0.395 0.395 0.394 0.392 0.392 0.392 0.391 0.391 0.391 0.389 0.389 0.387 0.385 0.383 0.383 0.383 0.376 0.376 0.375 0.375 0.381 0.381 0.383 0.383 0.382 0.38 0.379 0.379 0.377 0.377 0.377 0.381 0.378 0.382 0.382 0.382 0.382 0.384 0.382 0.382 0.38 0.38 0.38 0.386 0.39 0.39 0.388 0.39 0.394 0.395 0.395 0.395 0.395 0.399 0.403 0.406 0.406 0.407 0.414 0.415 0.416 0.419 0.424 0.425 0.427 0.432 0.439 0.44 0.453 0.456 0.459 0.464 0.476 0.479 0.487 0.49 0.494 0.503 0.515 0.524 0.551 0.582 0.593 0.594 0.643 0.672 0.681 0.688 0.69 0.734 0.772 0.787 0.798 0.803 0.944 0.953 0.953 0.949 0.953 0.95 0.949 0.949 0.903 0.903 0.903 0.912 0.941 0.942 0.952 0.952 0.952 0.952 0.915 0.915 0.915 0.959 0.959 0.959 0.951 0.942 0.942 0.942 0.942 0.942 0.944 0.942 0.944 0.944 0.942 0.942 0.942 0.942 0.948 0.948 0.948 0.957 0.958 0.957 0.958 0.958 0.956 0.956 0.959 0.96 0.96 0.96 0.96 0.962 0.965 0.965 0.969 0.969 0.97 0.971 0.971 0.971 0.971 0.972 0.972 0.974 0.975 0.976 0.977 0.98 0.982 0.983 0.992 0.993 0.993 0.999 0.993 0.999 0.991 0.991 0.987 0.865 0.853 0.853 0.852 0.853 0.852 0.851 0.658 0.655 0.655 0.655 0.655 0.656 0.658 0.658 0.652 0.651 0.651 0.647 0.647 0.647 0.647 0.647 1.073 1.081 1.081 1.081 1.083 1.091 1.093 1.103 1.103 1.104 1.119 1.122 1.123 1.122 1.119 1.122 1.088 1.078 1.053 1.04 1.037 1.037 1.005 0.812 0.806 0.802 0.801 0.801 0.801 0.797 0.801 0.803 0.941 0.944 0.944 0.941 0.93 0.93 0.922 0.922 0.916 0.909 0.903 0.899 0.887 0.885 0.873 0.871 0.87 0.861 0.861 0.86 0.85 0.844 0.842 0.836 0.83 0.828 0.828 0.825 0.819 0.815 0.811 0.811 0.811 0.8 0.791 0.79 0.787 0.781 0.781 0.781 0.779 0.779 0.772 0.767 0.768 0.766 0.764 0.764 0.76 0.753 0.753 0.752 0.746 0.743 0.743 0.739 0.737 0.737 0.736 0.731 0.728 0.726 0.726 0.728 0.724 0.72 0.72 0.719 0.709 0.708 0.708 0.709 0.709 0.701 0.699 0.697 0.697 0.699 0.697 0.693 0.693 0.686 0.686 0.686 0.686 0.687 0.687 0.687 0.687 0.682 0.676 0.676 0.676 0.676 0.675 0.672 0.672 0.672 0.67 0.669 0.666 0.666 0.666 0.663 0.663 0.663 0.663 0.663 0.661 0.661 0.66 0.661 0.661 0.658 0.654 0.658 0.654 0.658 0.658 0.658 0.656 0.659 0.659 0.656 0.656 0.656 0.656 0.656 0.656 0.663 0.663 0.66 0.663 0.665 0.66 0.665 
1 1 1 1 1 1 1 1 1 1 1 1 1 1 1 1 1 1 1 1 1 1 1 1 1 1 1 1 1 1 1 1 1 1 1 1 1 1 1 1 1 1 1 1 1 1 1 1 1 1 1 1 1 1 1 1 1 1 1 1 1 1 1 1 1 1 1 1 1 1 1 1 1 1 1 1 1 1 1 1 1 1 1 1 1 1 1 1 1 1 1 1 1 1 1 1 1 1 1 1 1 1 1 1 1 1 1 1 1 1 1 1 1 1 1 1 1 1 1 1 1 1 1 1 1 1 1 1 1 1 1 1 1 1 1 1 1 1 1 1 1 1 1 1 1 1 1 1 1 1 1 1 1 1 1 1 1 1 1 1 1 1 1 1 1 1 1 1 1 1 1 1 1 1 1 1 1 1 1 1 1 1 1 1 1 1 1 1 1 1 1 1 1 1 1 1 1 1 1 1 1 1 1 1 1 1 1 1 1 1 1 1 1 1 1 1 1 1 1 1 1 1 1 1 1 1 1 1 1 1 1 1 1 1 1 1 1 1 1 1 1 1 1 1 1 1 1 1 1 1 1 1 1 1 1 1 1 1 1 1 1 1 1 1 1 1 1 1 1 1 1 1 1 1 1 1 1 1 1 1 1 1 1 1 1 1 1 1 1 1 1 1 1 1 1 1 1 1 1 1 1 1 1 1 1 1 1 1 1 1 1 1 1 1 1 1 1 1 1 1 1 1 1 1 1 1 1 1 1 1 1 1 1 1 1 1 1 1 1 1 1 1 1 1 1 1 1 1 1 1 1 1 1 1 1 1 1 1 1 1 1 1 1 1 1 1 1 1 1 1 1 1 1 1 1 1 1 1 1 1 1 1 1 1 1 1 1 1 1 1 1 1 1 1 1 1 1 1 1 1 1 1 1 1 1 1 1 1 1 1 1 1 1 1 1 1 1 1 1 1 1 1 1 1 1 1 1 1 1 1 1 1 1 1 1 1 1 1 1 1 1 1 1 1 1 1 1 1 1 1 1 1 1 1 1 1 1 1 1 1 1 1 1 1 1 1 1 1 1 1 1 1 1 1 1 1 1 1 1 1 1 1 1 1 1 1 1 1 1 1 1 1 1 1 1 1 1 1 1 1 1 1 1 1 1 1 1 1 1 1 1 1 1 1 1 1 1 1 1 1 1 1 1 1 1 1 1 1 1 1 1 1 1 1 1 1 1 1 1 1 1 1 1 1 1 1 1 1 1 1 1 1 1 1 1 1 1 1 1 1 1 1 1 1 1 1 1 1 1 1 1 1 1 1 1 1 1 1 1 1 1 1 1 1 1 1 1 1 1 1 1 1 1 1 1 1 1 1 1 1 1 1 1 1 1 1 1 1 1 1 1 1 1 1 1 1 1 1 1 1 1 1 1 1 1 1 1 1 1 1 1 1 1 1 1 1 1 1 1 1 1 1 1 1 1 1 1 1 1 1 1 1 1 1 1 1 1 1 1 1 1 1 1 1 1 1 1 1 1 1 1 1 1 1 1 1 1 1 1 1 1 1 
