# This file contains a 2D laser scan observation. 
# Its format is: 
# [aperture] [max_range] [number_of_scans] 
# [vector_of_scans] 
# [vector_of_valid_scans] 
# The aperture of the sensor is in radians, the maximum range 
# and measurements are in meters. '1' means a valid scan, '0' otherwise.
4.1847
5.6
682
0 0 0.007 2.76 2.76 2.74 2.728 2.658 2.597 2.595 2.587 2.574 2.574 2.574 2.58 2.58 2.58 2.579 2.579 2.579 2.598 2.602 2.606 2.61 2.61 2.61 2.6 2.597 2.582 2.573 2.57 2.564 2.556 2.548 2.542 2.527 2.525 2.52 2.509 2.498 2.497 2.489 2.477 2.472 2.46 2.451 2.45 2.449 2.441 2.431 2.431 2.431 2.421 2.403 2.397 2.396 2.395 2.39 2.385 2.381 2.381 2.377 2.365 2.359 2.359 2.359 2.358 1.293 1.281 1.274 1.272 1.266 1.262 1.256 1.258 1.253 1.253 1.254 1.258 1.254 1.254 1.254 1.254 1.254 1.256 1.256 1.256 0.835 0.755 0.739 0.734 0.724 0.715 0.7 0.7 0.695 0.693 0.693 0.693 0.69 0.689 0.688 0.684 0.686 0.686 0.686 0.686 0.686 0.683 0.68 0.68 0.678 0.678 0.676 0.675 0.675 0.679 0.679 0.679 0.681 0.681 0.681 0.683 0.683 0.683 0.682 0.683 0.687 0.688 0.689 0.689 0.689 0.687 0.687 0.686 0.687 0.687 0.695 0.691 0.695 0.696 0.698 0.698 0.707 0.716 0.726 0.755 0.829 1.263 1.267 1.268 1.267 1.267 1.267 1.269 1.273 1.273 1.276 1.276 1.276 1.279 1.284 1.284 1.284 1.283 1.281 1.257 1.238 1.22 1.194 1.184 1.164 1.151 1.113 1.113 1.093 1.08 1.076 1.063 1.042 1.026 1.003 0.998 0.987 0.97 0.96 0.945 0.936 0.929 0.92 0.907 0.898 0.887 0.874 0.874 0.865 0.844 0.832 0.829 0.821 0.814 0.813 0.8 0.793 0.792 0.785 0.78 0.779 0.767 0.756 0.751 0.741 0.735 0.734 0.733 0.725 0.718 0.707 0.704 0.698 0.697 0.696 0.689 0.68 0.679 0.674 0.673 0.665 0.661 0.661 0.66 0.645 0.645 0.644 0.636 0.635 0.633 0.633 0.632 0.62 0.618 0.613 0.612 0.611 0.608 0.603 0.601 0.595 0.593 0.588 0.583 0.581 0.581 0.581 0.577 0.577 0.573 0.57 0.568 0.568 0.566 0.565 0.563 0.558 0.551 0.551 0.551 0.552 0.551 0.542 0.534 0.539 0.532 0.53 0.532 0.529 0.529 0.529 0.527 0.521 0.52 0.52 0.52 0.52 0.52 0.52 0.52 0.516 0.514 0.512 0.511 0.511 0.51 0.508 0.505 0.507 0.505 0.504 0.5 0.499 0.499 0.495 0.493 0.493 0.493 0.496 0.496 0.498 0.496 0.496 0.494 0.493 0.491 0.49 0.488 0.488 0.486 0.484 0.484 0.484 0.476 0.478 0.476 0.478 0.478 0.478 0.477 0.477 0.476 0.476 0.474 0.474 0.476 0.474 0.474 0.474 0.474 0.472 0.471 0.47 0.468 0.467 0.467 0.466 0.467 0.47 0.473 0.473 0.473 0.473 0.469 0.469 0.468 0.468 0.468 0.47 0.472 0.472 0.472 0.469 0.469 0.463 0.463 0.47 0.488 0.517 0.581 0.581 0.581 0.482 0.475 0.466 0.464 0.464 0.464 0.463 0.463 0.463 0.465 0.465 0.465 0.465 0.465 0.464 0.464 0.463 0.464 0.468 0.468 0.468 0.468 0.469 0.466 0.465 0.464 0.465 0.465 0.464 0.469 0.469 0.471 0.469 0.472 0.472 0.472 0.471 0.471 0.471 0.471 0.471 0.471 0.479 0.481 0.481 0.481 0.481 0.477 0.475 0.477 0.482 0.484 0.484 0.486 0.486 0.482 0.482 0.482 0.482 0.484 0.484 0.49 0.492 0.495 0.495 0.494 0.495 0.494 0.494 0.5 0.501 0.501 0.502 0.503 0.506 0.509 0.51 0.51 0.511 0.511 0.516 0.518 0.518 0.518 0.522 0.524 0.524 0.527 0.527 0.531 0.534 0.534 0.534 0.535 0.537 0.544 0.547 0.547 0.547 0.549 0.549 0.554 0.555 0.558 0.558 0.565 0.566 0.568 0.568 0.577 0.577 0.58 0.582 0.584 0.587 0.587 0.587 1.312 1.352 1.369 1.352 1.352 1.343 1.2 1.188 1.186 1.18 1.162 1.16 1.158 1.158 1.158 1.158 1.158 1.143 1.122 1.112 1.108 1.097 1.09 1.089 1.089 1.085 1.082 1.081 1.082 1.085 1.104 1.112 1.115 1.131 1.14 1.149 1.164 1.201 1.208 1.208 1.208 1.202 1.192 1.19 1.187 1.183 1.168 1.166 1.164 1.163 1.158 1.154 1.14 1.14 1.138 1.136 1.129 1.127 1.123 1.121 1.119 1.115 1.109 1.1 1.099 1.098 1.098 1.097 1.097 1.092 1.086 1.085 1.085 1.083 1.073 1.072 1.07 1.065 1.062 1.061 1.058 1.052 1.051 1.051 1.051 1.05 1.047 1.047 1.045 1.045 1.031 1.031 1.03 1.025 0.43 0.416 0.4 0.393 0.392 0.38 0.38 0.375 0.375 0.373 0.375 0.373 0.369 0.369 0.367 0.367 0.367 0.369 0.369 0.371 0.371 0.368 0.368 0.368 0.366 0.366 0.359 0.359 0.359 0.359 0.36 0.36 0.358 0.358 0.358 0.357 0.354 0.354 0.354 0.355 0.354 0.355 0.355 0.356 0.353 0.35 0.35 0.35 0.35 0.35 0.349 0.352 0.347 0.346 0.345 0.345 0.345 0.345 0.347 0.349 0.349 0.349 0.349 0.349 0.35 0.35 0.348 0.35 0.353 0.349 0.352 0.352 0.352 0.352 0.353 0.358 0.358 0.358 0.358 0.358 0.358 0.359 0.358 0.356 0.358 0.368 0.366 0.368 0.368 0.366 0.366 0.37 0.372 0.372 0.375 0.375 0.375 0.377 0.378 0.382 0.382 0.384 
0 0 0 1 1 1 1 1 1 1 1 1 1 1 1 1 1 1 1 1 1 1 1 1 1 1 1 1 1 1 1 1 1 1 1 1 1 1 1 1 1 1 1 1 1 1 1 1 1 1 1 1 1 1 1 1 1 1 1 1 1 1 1 1 1 1 1 1 1 1 1 1 1 1 1 1 1 1 1 1 1 1 1 1 1 1 1 1 1 1 1 1 1 1 1 1 1 1 1 1 1 1 1 1 1 1 1 1 1 1 1 1 1 1 1 1 1 1 1 1 1 1 1 1 1 1 1 1 1 1 1 1 1 1 1 1 1 1 1 1 1 1 1 1 1 1 1 1 1 1 1 1 1 1 1 1 1 1 1 1 1 1 1 1 1 1 1 1 1 1 1 1 1 1 1 1 1 1 1 1 1 1 1 1 1 1 1 1 1 1 1 1 1 1 1 1 1 1 1 1 1 1 1 1 1 1 1 1 1 1 1 1 1 1 1 1 1 1 1 1 1 1 1 1 1 1 1 1 1 1 1 1 1 1 1 1 1 1 1 1 1 1 1 1 1 1 1 1 1 1 1 1 1 1 1 1 1 1 1 1 1 1 1 1 1 1 1 1 1 1 1 1 1 1 1 1 1 1 1 1 1 1 1 1 1 1 1 1 1 1 1 1 1 1 1 1 1 1 1 1 1 1 1 1 1 1 1 1 1 1 1 1 1 1 1 1 1 1 1 1 1 1 1 1 1 1 1 1 1 1 1 1 1 1 1 1 1 1 1 1 1 1 1 1 1 1 1 1 1 1 1 1 1 1 1 1 1 1 1 1 1 1 1 1 1 1 1 1 1 1 1 1 1 1 1 1 1 1 1 1 1 1 1 1 1 1 1 1 1 1 1 1 1 1 1 1 1 1 1 1 1 1 1 1 1 1 1 1 1 1 1 1 1 1 1 1 1 1 1 1 1 1 1 1 1 1 1 1 1 1 1 1 1 1 1 1 1 1 1 1 1 1 1 1 1 1 1 1 1 1 1 1 1 1 1 1 1 1 1 1 1 1 1 1 1 1 1 1 1 1 1 1 1 1 1 1 1 1 1 1 1 1 1 1 1 1 1 1 1 1 1 1 1 1 1 1 1 1 1 1 1 1 1 1 1 1 1 1 1 1 1 1 1 1 1 1 1 1 1 1 1 1 1 1 1 1 1 1 1 1 1 1 1 1 1 1 1 1 1 1 1 1 1 1 1 1 1 1 1 1 1 1 1 1 1 1 1 1 1 1 1 1 1 1 1 1 1 1 1 1 1 1 1 1 1 1 1 1 1 1 1 1 1 1 1 1 1 1 1 1 1 1 1 1 1 1 1 1 1 1 1 1 1 1 1 1 1 1 1 1 1 1 1 1 1 1 1 1 1 1 1 1 1 1 1 1 1 1 1 1 1 1 1 1 1 1 1 1 1 1 1 1 1 1 1 1 1 1 1 1 1 1 1 1 1 1 1 1 1 1 1 1 1 1 1 1 1 1 1 1 1 1 1 1 1 1 1 1 1 1 1 1 
