# This file contains a 2D laser scan observation. 
# Its format is: 
# [aperture] [max_range] [number_of_scans] 
# [vector_of_scans] 
# [vector_of_valid_scans] 
# The aperture of the sensor is in radians, the maximum range 
# and measurements are in meters. '1' means a valid scan, '0' otherwise.
4.1847
5.6
682
0.591 0.591 0.595 0.597 0.597 0.598 0.599 0.6 0.601 0.601 0.601 0.601 0.601 0.599 0.601 0.603 0.603 0.603 0.603 0.603 0.606 0.606 0.606 0.61 0.61 0.613 0.61 0.613 0.613 0.619 0.619 0.62 0.624 0.624 0.624 0.623 0.623 0.622 0.623 0.623 0.623 0.623 0.629 0.63 0.63 0.63 0.629 0.629 0.629 0.629 0.632 0.636 0.639 0.642 0.644 0.645 0.646 0.646 0.648 0.651 0.651 0.65 0.651 0.657 0.657 0.658 0.662 0.662 0.663 0.668 0.67 0.671 0.679 0.681 0.681 0.687 0.687 0.688 0.688 0.692 0.698 0.698 0.698 0.705 0.711 0.711 0.712 0.714 0.72 0.726 0.726 0.73 0.734 0.736 0.736 0.739 0.745 0.749 0.754 0.754 0.76 0.762 0.765 0.767 0.768 0.773 0.774 0.781 0.784 0.795 0.796 0.801 0.801 0.803 0.807 0.808 0.811 0.822 0.835 0.839 0.845 0.851 0.857 0.86 0.862 0.868 0.872 0.875 0.882 0.887 0.89 0.907 0.908 0.919 0.928 0.933 0.938 0.95 0.959 0.965 0.968 0.971 0.978 0.979 1.007 1.04 1.045 1.048 1.063 1.084 1.105 1.108 1.123 1.139 1.143 1.163 1.174 1.188 1.197 1.22 1.222 1.243 1.251 1.27 1.272 1.293 1.311 1.311 1.311 1.31 1.305 1.304 1.298 1.296 1.29 1.283 1.279 1.278 1.277 1.272 1.269 1.268 1.261 1.254 1.254 1.253 1.252 1.249 1.246 1.246 1.245 1.244 1.24 1.239 1.233 1.233 1.229 1.228 1.227 1.223 1.222 1.217 1.217 1.217 1.213 1.213 1.219 1.213 1.213 1.212 1.211 1.21 1.207 1.207 1.199 1.207 1.204 1.204 1.202 1.204 1.204 1.202 1.206 1.206 1.206 1.204 1.204 1.204 1.204 1.204 1.201 1.204 1.203 1.201 1.201 1.203 1.203 1.201 1.204 1.206 1.206 1.206 1.206 1.206 1.203 1.203 1.2 1.201 1.201 1.198 1.197 1.197 1.195 1.195 1.192 1.192 1.191 1.192 1.19 1.192 1.19 1.195 1.194 1.195 1.199 1.2 1.199 1.201 1.199 1.201 1.202 1.204 1.207 1.21 1.214 1.219 1.219 1.219 1.219 1.219 1.219 1.219 1.221 1.221 1.221 1.221 1.301 0.007 1.35 1.339 1.339 1.339 1.326 1.326 1.313 1.299 1.293 1.248 1.248 1.248 1.297 0.007 0 0.008 0.008 0 0.007 0 0.007 0 0.007 1.445 1.429 1.445 1.445 1.457 1.457 1.457 1.446 1.432 1.424 1.402 1.402 1.402 0 0 0 0 1.538 1.508 1.488 1.488 1.464 1.464 1.488 1.463 1.462 1.435 1.43 1.43 1.435 1.444 1.446 1.461 1.47 1.474 1.474 1.477 1.48 1.507 1.519 1.52 1.532 1.543 1.554 1.554 1.56 1.561 1.575 1.586 1.592 1.607 1.617 1.619 1.627 1.637 1.646 1.651 1.664 1.677 1.693 1.695 1.716 1.726 1.729 1.739 1.768 1.773 1.785 1.798 1.804 1.82 1.836 1.848 1.849 1.873 1.879 1.895 1.916 1.932 1.935 1.952 1.964 1.987 1.999 2.024 2.038 2.056 2.07 2.099 2.125 2.14 2.135 2.135 2.135 2.127 2.115 2.105 2.099 2.086 2.08 2.07 2.066 2.064 2.057 2.045 2.033 2.03 2.019 2.011 2.009 2 2 2 1.994 1.991 1.979 1.979 1.974 1.965 1.96 1.955 1.946 1.942 1.939 1.926 1.925 1.923 1.922 1.916 1.907 1.906 1.903 1.893 1.886 1.883 1.879 1.879 1.876 1.873 1.869 1.869 1.865 1.858 1.852 1.847 1.846 1.845 1.841 1.84 1.838 1.832 1.826 1.826 1.825 1.819 1.818 1.816 1.814 1.814 1.81 1.808 1.808 1.808 1.808 1.833 1.849 2.066 2.066 2.066 2.061 2.058 2.047 2.023 1.992 1.955 1.889 1.804 1.797 1.786 1.786 1.783 1.783 1.782 1.782 1.782 1.785 1.782 1.781 1.783 1.781 1.78 1.781 1.781 1.775 1.769 1.772 1.772 1.772 1.772 1.774 1.774 1.774 1.774 1.774 1.774 1.779 1.779 1.781 1.782 1.786 1.786 1.786 1.787 1.79 1.79 1.79 1.803 1.886 2.285 2.423 2.424 2.424 2.423 2.225 2.189 2.188 2.156 2.138 2.126 2.126 2.126 2.097 2.077 2.058 1.994 1.994 1.994 2.072 2.14 2.141 2.147 2.147 2.182 2.197 2.277 2.374 2.374 2.374 2.299 2.299 2.299 2.51 2.538 2.538 2.545 2.564 2.566 2.566 2.573 2.573 2.578 2.583 2.592 2.601 2.642 2.667 2.667 2.667 0.928 0.928 0.928 0.93 0.93 0.93 0.93 0.93 0 0 0 0 0 0 0 0 0 0 0 0 2.907 2.907 2.965 3.007 2.965 2.996 3.007 2.996 2.934 2.934 2.934 2.934 2.961 2.993 3.035 3.172 3.208 3.208 0 0 0 0 0 2.299 2.299 2.299 2.279 2.241 0.785 0.785 0.785 2.151 0.007 0 0.007 4.753 4.753 4.753 4.753 0.007 2.058 2.055 2.055 2.026 2.012 2.009 1.995 1.991 1.987 1.971 1.963 1.963 1.952 1.91 0.736 0.736 0.736 1.893 1.893 1.893 1.893 1.88 1.87 1.87 4.515 1.215 1.121 4.515 1.613 1.613 0.007 1.771 1.771 1.782 1.771 1.771 0.5 0.499 0.498 0.492 0.492 0.492 0.511 
1 1 1 1 1 1 1 1 1 1 1 1 1 1 1 1 1 1 1 1 1 1 1 1 1 1 1 1 1 1 1 1 1 1 1 1 1 1 1 1 1 1 1 1 1 1 1 1 1 1 1 1 1 1 1 1 1 1 1 1 1 1 1 1 1 1 1 1 1 1 1 1 1 1 1 1 1 1 1 1 1 1 1 1 1 1 1 1 1 1 1 1 1 1 1 1 1 1 1 1 1 1 1 1 1 1 1 1 1 1 1 1 1 1 1 1 1 1 1 1 1 1 1 1 1 1 1 1 1 1 1 1 1 1 1 1 1 1 1 1 1 1 1 1 1 1 1 1 1 1 1 1 1 1 1 1 1 1 1 1 1 1 1 1 1 1 1 1 1 1 1 1 1 1 1 1 1 1 1 1 1 1 1 1 1 1 1 1 1 1 1 1 1 1 1 1 1 1 1 1 1 1 1 1 1 1 1 1 1 1 1 1 1 1 1 1 1 1 1 1 1 1 1 1 1 1 1 1 1 1 1 1 1 1 1 1 1 1 1 1 1 1 1 1 1 1 1 1 1 1 1 1 1 1 1 1 1 1 1 1 1 1 1 1 1 1 1 1 1 1 1 1 1 1 1 1 1 1 1 1 1 1 1 1 1 1 1 0 1 1 1 1 1 1 1 1 1 1 1 1 1 0 0 0 0 0 0 0 0 0 0 1 1 1 1 1 1 1 1 1 1 1 1 1 0 0 0 0 1 1 1 1 1 1 1 1 1 1 1 1 1 1 1 1 1 1 1 1 1 1 1 1 1 1 1 1 1 1 1 1 1 1 1 1 1 1 1 1 1 1 1 1 1 1 1 1 1 1 1 1 1 1 1 1 1 1 1 1 1 1 1 1 1 1 1 1 1 1 1 1 1 1 1 1 1 1 1 1 1 1 1 1 1 1 1 1 1 1 1 1 1 1 1 1 1 1 1 1 1 1 1 1 1 1 1 1 1 1 1 1 1 1 1 1 1 1 1 1 1 1 1 1 1 1 1 1 1 1 1 1 1 1 1 1 1 1 1 1 1 1 1 1 1 1 1 1 1 1 1 1 1 1 1 1 1 1 1 1 1 1 1 1 1 1 1 1 1 1 1 1 1 1 1 1 1 1 1 1 1 1 1 1 1 1 1 1 1 1 1 1 1 1 1 1 1 1 1 1 1 1 1 1 1 1 1 1 1 1 1 1 1 1 1 1 1 1 1 1 1 1 1 1 1 1 1 1 1 1 1 1 1 1 1 1 1 1 1 1 1 1 1 1 1 1 1 1 1 1 1 1 1 1 1 1 1 1 1 0 0 0 0 0 0 0 0 0 0 0 0 1 1 1 1 1 1 1 1 1 1 1 1 1 1 1 1 1 1 0 0 0 0 0 1 1 1 1 1 1 1 1 1 0 0 0 1 1 1 1 0 1 1 1 1 1 1 1 1 1 1 1 1 1 1 1 1 1 1 1 1 1 1 1 1 1 1 1 1 1 1 0 1 1 1 1 1 1 1 1 1 1 1 1 
