# This file contains a 2D laser scan observation. 
# Its format is: 
# [aperture] [max_range] [number_of_scans] 
# [vector_of_scans] 
# [vector_of_valid_scans] 
# The aperture of the sensor is in radians, the maximum range 
# and measurements are in meters. '1' means a valid scan, '0' otherwise.
4.1847
5.6
682
0.42 0.421 0.428 0.513 0.543 0.544 0.545 0.547 0.547 0.547 0.549 0.554 0.562 0.57 0.575 0.577 0.577 0.58 0.59 0.592 0.596 0.596 0.597 0.597 0.6 0.606 0.608 0.613 0.622 0.628 0.633 0.634 0.643 0.73 0.988 0.988 0.988 0.985 0.977 0.967 0.965 0.954 0.953 0.947 0.946 0.945 0.936 0.933 0.931 0.929 0.918 0.914 0.911 0.89 0.887 0.887 0.887 0.874 0.874 0.868 0.862 0.861 0.856 0.856 0.852 0.849 0.845 0.839 0.832 0.831 0.827 0.822 0.822 0.816 0.816 0.805 0.802 0.801 0.798 0.798 0.797 0.797 0.796 0.792 0.785 0.785 0.785 0.781 0.782 0.781 0.779 0.768 0.771 0.766 0.765 0.763 0.758 0.758 0.758 0.755 0.753 0.747 0.753 0.747 0.746 0.747 0.744 0.744 0.741 0.737 0.737 0.738 0.735 0.731 0.731 0.731 0.726 0.725 0.725 0.724 0.723 0.723 0.717 0.717 0.716 0.715 0.715 0.711 0.709 0.709 0.709 0.709 0.707 0.707 0.707 0.705 0.704 0.704 0.704 0.701 0.701 0.7 0.699 0.696 0.696 0.696 0.695 0.695 0.695 0.695 0.695 0.691 0.691 0.694 0.69 0.69 0.693 0.693 0.693 0.694 0.694 0.694 0.694 0.694 0.694 0.69 0.697 0.697 0.894 0.991 0.991 0.998 0.998 0.989 0.977 0.694 0.663 0.66 0.66 0.663 0.668 0.668 0.669 0.67 0.669 0.67 0.67 0.67 0.67 0.672 0.676 0.676 0.677 0.676 0.68 0.685 0.69 0.69 0.691 0.693 0.693 0.692 0.698 0.701 0.701 0.702 0.704 0.706 0.713 0.719 0.721 0.725 0.726 0.73 0.735 0.739 0.74 0.745 0.756 0.762 0.769 0.771 0.777 0.793 0.793 0.819 0.846 0.891 1.051 1.053 1.053 1.053 1.056 1.056 1.053 1.053 0.792 0.785 0.772 0.769 0.768 0.767 0.763 0.763 0.766 0.767 0.767 0.767 0.774 0.775 0.776 0.776 0.782 0.786 0.788 0.788 0.79 0.794 0.797 0.802 0.808 0.808 0.81 0.82 0.836 0.836 0.836 0.836 0.842 0.843 0.845 0.849 0.853 0.866 0.866 0.868 0.87 0.875 0.882 0.883 0.89 0.894 0.898 0.904 0.907 0.909 0.913 0.916 0.922 0.927 0.929 0.932 0.936 0.947 0.953 0.959 0.968 0.976 0.979 0.985 0.986 0.998 1.003 1.011 1.025 1.027 1.034 1.035 1.051 1.052 1.058 1.059 1.066 1.078 1.087 1.097 1.108 1.115 1.122 1.138 1.143 1.146 1.146 1.159 1.171 1.189 1.189 1.19 1.214 1.229 1.276 1.298 2.305 2.308 2.308 2.308 2.307 2.307 2.289 2.284 2.243 2.229 2.227 2.216 2.211 2.209 2.209 2.209 2.213 2.213 2.213 2.213 2.213 2.203 2.221 2.23 2.23 2.245 2.245 2.246 2.246 2.244 2.234 2.224 2.217 2.211 2.209 2.204 2.195 2.185 2.182 2.175 2.174 2.168 2.154 2.152 2.149 2.148 2.136 2.136 2.135 2.121 2.115 2.114 2.113 2.113 2.109 2.094 2.092 2.092 2.091 2.08 2.078 2.073 2.07 2.068 2.063 2.062 2.06 2.052 2.05 2.049 2.048 2.048 2.046 2.043 2.041 2.038 2.035 2.026 2.025 2.026 2.025 2.015 2.015 2.015 2.015 2.014 2.013 2.009 2.006 2.006 2.004 2.006 1.998 1.994 0.983 0.973 0.969 0.966 0.964 0.961 0.95 0.95 0.948 0.95 0.954 0.96 0.959 0.959 0.959 0.965 0.959 0.967 0.97 0.967 0.965 0.97 0.97 0.971 0.972 0.972 0.974 0.972 0.974 0.975 0.975 0.975 0.975 0.975 0.973 0.973 0.973 0.874 0.874 0.872 0.789 0.761 0.749 0.716 0.695 0.685 0.658 0.652 0.634 0.628 0.615 0.603 0.589 0.575 0.574 0.565 0.562 0.554 0.543 0.542 0.535 0.526 0.519 0.512 0.512 0.512 0.503 0.503 0.502 0.499 0.485 0.485 0.482 0.48 0.482 0.48 0.474 0.473 0.473 0.467 0.467 0.463 0.463 0.46 0.459 0.456 0.456 0.459 0.459 0.457 0.46 0.457 0.455 0.452 0.453 0.453 0.453 0.453 0.454 0.457 0.458 0.458 0.458 0.461 0.461 0.461 0.466 0.466 0.467 0.471 0.471 0.469 0.471 0.471 0.471 0.472 0.476 0.478 0.478 0.482 0.488 0.489 0.49 0.489 0.488 0.49 0.49 0.489 0.489 0.497 0.498 0.498 0.505 0.511 0.511 0.521 0.522 0.522 0.522 0.525 0.536 0.537 0.543 0.545 0.551 0.551 0.555 0.561 0.58 0.922 0.922 0.922 0.921 0.918 0.908 0.905 0.905 0.899 0.89 0.89 0.889 0.889 0.885 0.882 0.869 0.868 0.867 0.867 0.862 0.862 0.852 0.849 0.846 0.846 0.844 0.842 0.838 0.833 0.832 0.83 0.83 0.816 0.816 0.814 0.814 0.812 0.811 0.806 0.803 0.801 0.8 0.797 0.794 0.794 0.794 0.792 0.788 0.786 0.782 0.782 0.78 0.777 0.777 0.773 0.773 0.773 0.773 0.77 0.77 0.765 0.763 0.763 0.761 0.761 0.758 0.758 0.752 0.75 0.75 0.752 0.75 0.75 0.75 0.75 0.75 0.751 0.751 0.748 0.743 0.742 0.741 0.734 0.734 0.737 0.737 0.737 0.737 0.737 0.737 0.74 0.737 0.737 0.735 0.735 0.725 0.725 0.726 0.726 0.727 0.727 0.729 0.727 0.727 0.725 0.725 0.725 
1 1 1 1 1 1 1 1 1 1 1 1 1 1 1 1 1 1 1 1 1 1 1 1 1 1 1 1 1 1 1 1 1 1 1 1 1 1 1 1 1 1 1 1 1 1 1 1 1 1 1 1 1 1 1 1 1 1 1 1 1 1 1 1 1 1 1 1 1 1 1 1 1 1 1 1 1 1 1 1 1 1 1 1 1 1 1 1 1 1 1 1 1 1 1 1 1 1 1 1 1 1 1 1 1 1 1 1 1 1 1 1 1 1 1 1 1 1 1 1 1 1 1 1 1 1 1 1 1 1 1 1 1 1 1 1 1 1 1 1 1 1 1 1 1 1 1 1 1 1 1 1 1 1 1 1 1 1 1 1 1 1 1 1 1 1 1 1 1 1 1 1 1 1 1 1 1 1 1 1 1 1 1 1 1 1 1 1 1 1 1 1 1 1 1 1 1 1 1 1 1 1 1 1 1 1 1 1 1 1 1 1 1 1 1 1 1 1 1 1 1 1 1 1 1 1 1 1 1 1 1 1 1 1 1 1 1 1 1 1 1 1 1 1 1 1 1 1 1 1 1 1 1 1 1 1 1 1 1 1 1 1 1 1 1 1 1 1 1 1 1 1 1 1 1 1 1 1 1 1 1 1 1 1 1 1 1 1 1 1 1 1 1 1 1 1 1 1 1 1 1 1 1 1 1 1 1 1 1 1 1 1 1 1 1 1 1 1 1 1 1 1 1 1 1 1 1 1 1 1 1 1 1 1 1 1 1 1 1 1 1 1 1 1 1 1 1 1 1 1 1 1 1 1 1 1 1 1 1 1 1 1 1 1 1 1 1 1 1 1 1 1 1 1 1 1 1 1 1 1 1 1 1 1 1 1 1 1 1 1 1 1 1 1 1 1 1 1 1 1 1 1 1 1 1 1 1 1 1 1 1 1 1 1 1 1 1 1 1 1 1 1 1 1 1 1 1 1 1 1 1 1 1 1 1 1 1 1 1 1 1 1 1 1 1 1 1 1 1 1 1 1 1 1 1 1 1 1 1 1 1 1 1 1 1 1 1 1 1 1 1 1 1 1 1 1 1 1 1 1 1 1 1 1 1 1 1 1 1 1 1 1 1 1 1 1 1 1 1 1 1 1 1 1 1 1 1 1 1 1 1 1 1 1 1 1 1 1 1 1 1 1 1 1 1 1 1 1 1 1 1 1 1 1 1 1 1 1 1 1 1 1 1 1 1 1 1 1 1 1 1 1 1 1 1 1 1 1 1 1 1 1 1 1 1 1 1 1 1 1 1 1 1 1 1 1 1 1 1 1 1 1 1 1 1 1 1 1 1 1 1 1 1 1 1 1 1 1 1 1 1 1 1 1 1 1 1 1 1 1 1 1 1 1 1 1 1 1 1 1 1 1 1 1 1 1 1 1 1 1 1 1 1 1 1 1 1 1 1 1 1 1 1 1 1 1 1 1 1 1 1 1 1 1 1 1 1 1 1 1 1 1 1 1 1 1 1 1 1 1 1 1 1 1 1 1 1 1 1 1 1 1 
