# This file contains a 2D laser scan observation. 
# Its format is: 
# [aperture] [max_range] [number_of_scans] 
# [vector_of_scans] 
# [vector_of_valid_scans] 
# The aperture of the sensor is in radians, the maximum range 
# and measurements are in meters. '1' means a valid scan, '0' otherwise.
4.1847
5.6
682
0.57 0.569 0.565 0.565 0.565 0.563 0.559 0.559 0.558 0.555 0.554 0.55 0.55 0.548 0.547 0.546 0.547 0.543 0.543 0.546 0.546 0.546 0.546 0.546 0.545 0.545 0.543 0.543 0.54 0.539 0.539 0.538 0.539 0.539 0.539 0.539 0.539 0.54 0.54 0.543 0.543 0.543 0.544 0.543 0.546 0.544 0.544 0.541 0.544 0.511 0.452 0.442 0.437 0.435 0.435 0.428 0.427 0.426 0.426 0.426 0.424 0.424 0.423 0.423 0.423 0.423 0.422 0.422 0.422 0.422 0.419 0.418 0.415 0.413 0.413 0.407 0.407 0.406 0.401 0.401 0.401 0.4 0.4 0.399 0.397 0.395 0.395 0.394 0.394 0.394 0.384 0.382 0.382 0.382 0.382 0.382 0.388 0.391 0.394 0.394 0.398 0.398 0.403 0.399 0.399 0.399 0.399 0.399 0.398 0.398 0.392 0.392 0.391 0.389 0.391 0.391 0.391 0.389 0.391 0.391 0.392 0.394 0.394 0.394 0.39 0.387 0.387 0.387 0.388 0.388 0.393 0.393 0.393 0.393 0.394 0.394 0.394 0.396 0.397 0.397 0.405 0.421 0.433 0.441 0.441 0.446 0.446 0.446 0.438 0.43 0.418 0.412 0.403 0.4 0.395 0.391 0.387 0.387 0.383 0.383 0.38 0.376 0.375 0.375 0.375 0.378 0.378 0.378 0.378 0.384 0.384 0.384 0.384 0.384 0.386 0.386 0.386 0.386 0.39 0.39 0.39 0.39 0.39 0.39 0.395 0.395 0.395 0.396 0.395 0.397 0.4 0.4 0.398 0.398 0.398 0.398 0.398 0.402 0.403 0.403 0.405 0.405 0.405 0.405 0.407 0.407 0.407 0.409 0.409 0.41 0.413 0.414 0.417 0.418 0.419 0.42 0.422 0.422 0.424 0.426 0.428 0.428 0.43 0.43 0.43 0.43 0.43 0.432 0.432 0.434 0.439 0.439 0.44 0.441 0.441 0.443 0.446 0.446 0.446 0.452 0.456 0.457 0.457 0.458 0.458 0.467 0.468 0.467 0.468 0.471 0.471 0.473 0.473 0.479 0.48 0.481 0.481 0.484 0.487 0.492 0.498 0.501 0.501 0.501 0.506 0.506 0.513 0.53 0.53 0.519 0.519 0.519 0.515 0.511 0.511 0.511 0.511 0.514 0.519 0.526 0.528 0.53 0.532 0.535 0.537 0.545 0.548 0.554 0.554 0.557 0.561 0.569 0.574 0.574 0.578 0.579 0.594 0.643 0.647 0.657 0.657 1.717 1.717 1.717 1.715 1.712 1.697 1.694 1.684 1.68 1.66 1.657 1.647 1.643 1.636 1.618 1.611 1.599 1.587 1.583 1.571 1.561 1.56 1.55 1.542 1.535 1.528 1.528 1.528 1.563 1.563 1.563 1.546 1.543 1.527 1.526 1.526 1.527 1.544 1.549 1.556 1.586 1.609 1.609 1.609 1.603 1.601 1.594 1.591 1.589 1.587 1.579 1.575 1.564 1.563 1.561 1.559 1.548 1.547 1.546 1.546 1.543 1.541 1.53 1.528 1.527 1.527 1.525 1.524 1.517 1.511 1.507 1.507 1.506 1.506 1.505 1.502 1.502 1.501 1.501 1.493 1.488 1.486 1.48 1.48 1.479 1.475 1.475 1.475 1.475 1.475 1.475 1.47 1.47 1.469 1.465 1.464 1.464 1.464 1.464 1.46 1.456 1.456 1.459 1.456 1.456 1.455 1.455 1.454 1.454 1.454 1.454 1.448 1.448 1.447 1.452 1.45 1.45 1.445 1.45 1.45 1.453 1.453 1.455 1.455 1.453 1.453 1.456 1.453 1.456 1.456 1.456 1.456 1.457 1.456 1.457 1.457 1.46 1.46 1.461 1.461 1.465 1.463 1.467 1.468 1.47 1.471 1.475 1.479 1.48 1.48 1.48 1.48 1.48 1.486 1.486 1.49 1.49 1.49 1.498 1.498 1.498 0 0 0 0 0 0.007 0 4.468 4.472 4.472 4.472 4.505 4.516 0 4.516 4.516 3.672 3.605 3.568 3.525 3.461 3.428 3.372 3.332 3.285 3.261 3.199 3.174 3.144 3.097 3.065 3.045 3.011 2.987 2.964 2.928 2.928 2.901 2.882 0.558 0.558 0.558 0.562 0.562 0.562 0.557 0.548 0.543 0.543 0.543 0.531 0.542 0.543 0.542 0.538 0.538 0.537 0.537 0.537 0.539 0.542 0.543 0.543 0.543 0.545 0.553 0.553 0.556 0.553 0.558 0.57 0.574 0.574 0.576 0.576 0.596 0.601 0.603 0.603 0.606 0.608 0.611 0.618 0.619 0.623 0.627 0.629 0.633 0.639 0.642 0.643 0.658 0.658 0.661 0.661 0.664 0.668 0.676 0.689 0.695 0.696 0.705 0.706 0.708 0.713 0.72 0.731 0.731 0.731 0.733 0.737 0.748 0.756 0.764 0.776 0.781 0.782 0.788 0.788 0.788 0.785 0.59 0.59 0.589 0.589 0.585 0.582 0.581 0.579 0.579 0.581 0.579 0.571 0.568 0.571 0.569 0.569 0.568 0.568 0.563 0.561 0.561 0.558 0.559 0.559 0.553 0.553 0.552 0.547 0.547 0.552 0.546 0.552 0.552 0.544 0.544 0.544 0.544 0.544 0.543 0.542 0.542 0.541 0.541 0.541 0.542 0.541 0.539 0.541 0.541 0.539 0.539 0.537 0.537 0.536 0.534 0.533 0.533 0.533 0.533 0.533 0.531 0.531 0.531 0.531 0.531 0.535 0.538 0.538 0.539 0.539 0.539 0.532 0.536 0.535 0.535 0.535 0.535 0.534 0.533 0.533 0.534 0.535 0.535 0.535 0.54 0.54 0.536 0.536 0.537 0.537 0.536 0.537 0.537 0.538 0.536 0.538 0.541 0.541 0.538 
1 1 1 1 1 1 1 1 1 1 1 1 1 1 1 1 1 1 1 1 1 1 1 1 1 1 1 1 1 1 1 1 1 1 1 1 1 1 1 1 1 1 1 1 1 1 1 1 1 1 1 1 1 1 1 1 1 1 1 1 1 1 1 1 1 1 1 1 1 1 1 1 1 1 1 1 1 1 1 1 1 1 1 1 1 1 1 1 1 1 1 1 1 1 1 1 1 1 1 1 1 1 1 1 1 1 1 1 1 1 1 1 1 1 1 1 1 1 1 1 1 1 1 1 1 1 1 1 1 1 1 1 1 1 1 1 1 1 1 1 1 1 1 1 1 1 1 1 1 1 1 1 1 1 1 1 1 1 1 1 1 1 1 1 1 1 1 1 1 1 1 1 1 1 1 1 1 1 1 1 1 1 1 1 1 1 1 1 1 1 1 1 1 1 1 1 1 1 1 1 1 1 1 1 1 1 1 1 1 1 1 1 1 1 1 1 1 1 1 1 1 1 1 1 1 1 1 1 1 1 1 1 1 1 1 1 1 1 1 1 1 1 1 1 1 1 1 1 1 1 1 1 1 1 1 1 1 1 1 1 1 1 1 1 1 1 1 1 1 1 1 1 1 1 1 1 1 1 1 1 1 1 1 1 1 1 1 1 1 1 1 1 1 1 1 1 1 1 1 1 1 1 1 1 1 1 1 1 1 1 1 1 1 1 1 1 1 1 1 1 1 1 1 1 1 1 1 1 1 1 1 1 1 1 1 1 1 1 1 1 1 1 1 1 1 1 1 1 1 1 1 1 1 1 1 1 1 1 1 1 1 1 1 1 1 1 1 1 1 1 1 1 1 1 1 1 1 1 1 1 1 1 1 1 1 1 1 1 1 1 1 1 1 1 1 1 1 1 1 1 1 1 1 1 1 1 1 1 1 1 1 1 1 1 1 1 1 1 1 1 1 1 1 1 1 1 1 1 1 1 1 1 1 1 1 1 1 1 1 1 1 1 1 1 1 1 1 1 1 1 1 1 1 1 1 1 1 1 1 1 1 1 0 0 0 0 0 0 0 1 1 1 1 1 1 0 1 1 1 1 1 1 1 1 1 1 1 1 1 1 1 1 1 1 1 1 1 1 1 1 1 1 1 1 1 1 1 1 1 1 1 1 1 1 1 1 1 1 1 1 1 1 1 1 1 1 1 1 1 1 1 1 1 1 1 1 1 1 1 1 1 1 1 1 1 1 1 1 1 1 1 1 1 1 1 1 1 1 1 1 1 1 1 1 1 1 1 1 1 1 1 1 1 1 1 1 1 1 1 1 1 1 1 1 1 1 1 1 1 1 1 1 1 1 1 1 1 1 1 1 1 1 1 1 1 1 1 1 1 1 1 1 1 1 1 1 1 1 1 1 1 1 1 1 1 1 1 1 1 1 1 1 1 1 1 1 1 1 1 1 1 1 1 1 1 1 1 1 1 1 1 1 1 1 1 1 1 1 1 1 1 1 1 1 1 1 1 1 1 1 1 1 1 1 1 1 1 1 1 1 1 1 
