# This file contains a 2D laser scan observation. 
# Its format is: 
# [aperture] [max_range] [number_of_scans] 
# [vector_of_scans] 
# [vector_of_valid_scans] 
# The aperture of the sensor is in radians, the maximum range 
# and measurements are in meters. '1' means a valid scan, '0' otherwise.
4.1847
5.6
682
4.378 4.363 4.046 3.959 3.959 3.959 3.99 3.994 4.002 4.04 4.04 0.007 4.301 4.208 4.301 4.208 4.208 0.007 0 0 0 0.007 0 0 0 0 0 0 0 0 0 0 0 0 0.007 3.077 3.07 3.07 3.07 3.07 0 0.006 0.006 0 0.008 0.015 0 0 0 0 0 0 0.008 0.008 0.008 0 0 0 0 0 0 0 0 0 0 0 0 0 0 0.007 1.517 1.515 1.515 1.492 1.429 1.402 1.353 1.326 1.302 1.286 1.28 1.274 1.243 1.225 1.201 1.19 1.17 1.16 1.126 1.09 1.058 1.052 1.051 1.038 1.03 1.009 1.003 0.986 0.972 0.965 0.964 0.964 0.965 0.965 0.975 0.975 0.975 0.956 0.932 0.926 0.911 0.911 0.911 0.913 0.921 0.922 0.923 0.925 0.929 0.931 0.931 0.936 0.94 0.936 0.936 0.94 0.961 0.961 0.961 0.947 0.941 0.935 0.934 0.923 0.911 0.897 0.897 0.894 0.884 0.878 0.877 0.875 0.866 0.865 0.856 0.853 0.852 0.836 0.834 0.833 0.828 0.817 0.813 0.812 0.81 0.805 0.801 0.8 0.791 0.784 0.784 0.784 0.78 0.773 0.772 0.768 0.765 0.762 0.753 0.753 0.753 0.746 0.745 0.743 0.742 0.732 0.732 0.729 0.728 0.722 0.715 0.715 0.715 0.71 0.708 0.71 0.708 0.708 0.708 0.701 0.696 0.694 0.694 0.693 0.69 0.686 0.686 0.686 0.686 0.679 0.678 0.678 0.674 0.678 0.673 0.669 0.669 0.669 0.669 0.669 0.666 0.666 0.666 0.659 0.657 0.657 0.655 0.654 0.654 0.655 0.654 0.651 0.648 0.649 0.641 0.641 0.643 0.644 0.643 0.643 0.636 0.636 0.634 0.633 0.633 0.633 0.633 0.633 0.633 0.633 0.631 0.629 0.629 0.63 0.63 0.626 0.626 0.626 0.619 0.625 0.619 0.623 0.621 0.623 0.623 0.625 0.625 0.625 0.625 0.625 0.625 0.621 0.621 0.621 0.623 0.621 0.621 0.619 0.617 0.617 0.617 0.614 0.617 0.622 0.616 0.617 0.618 0.617 0.617 0.618 0.621 0.621 0.621 0.621 0.621 0.62 0.622 0.619 0.622 0.619 0.617 0.617 0.62 0.62 0.62 0.621 0.621 0.621 0.626 0.626 0.623 0.626 0.623 0.623 0.63 0.63 0.627 0.627 0.626 0.626 0.626 0.631 0.632 0.632 0.633 0.633 0.635 0.635 0.637 0.639 0.64 0.64 0.64 0.64 0.64 0.641 0.641 0.645 0.655 0.655 0.655 0.652 0.652 0.651 0.652 0.658 0.659 0.659 0.66 0.66 0.659 0.661 0.661 0.661 0.663 0.668 0.67 0.675 0.675 0.675 0.675 0.675 0.68 0.682 0.682 0.682 0.682 0.68 0.678 0.676 0.678 0.68 2.539 2.539 2.539 2.519 2.499 2.476 2.442 2.424 2.412 2.384 2.36 2.349 2.341 2.31 2.298 2.278 2.266 2.238 2.228 2.212 2.192 2.173 2.16 2.15 2.124 2.113 2.098 2.084 2.063 2.05 2.032 2.029 2.01 2.006 1.989 1.979 1.968 1.954 1.937 1.932 1.917 1.903 1.892 1.884 1.884 1.857 1.847 1.837 1.836 1.828 1.815 1.805 1.791 1.781 1.776 1.772 1.75 1.745 1.733 1.732 1.728 1.718 1.709 1.698 1.692 1.691 1.679 1.676 1.665 1.661 1.66 1.653 1.641 1.635 1.625 1.623 1.618 1.612 1.607 1.603 1.59 1.583 1.58 1.58 1.571 1.568 1.558 1.554 1.554 1.545 1.538 1.533 1.531 1.53 1.521 1.518 1.512 1.51 1.506 1.504 1.492 1.486 1.479 1.476 1.476 1.476 1.492 1.526 1.555 1.572 1.609 1.634 1.653 1.691 1.722 1.758 1.793 1.824 1.824 1.824 1.817 1.817 1.816 1.816 1.816 1.816 1.816 1.84 1.869 1.874 1.874 1.874 1.879 1.89 1.916 1.932 1.973 2.033 2.073 2.087 2.11 2.187 0.007 0 2.293 0 0 2.406 2.406 0 2.536 2.536 2.617 2.811 2.811 2.811 2.811 2.811 2.806 2.805 2.8 2.797 2.794 2.791 2.791 2.789 2.791 2.838 5.047 5.052 5.054 5.054 5.054 5.054 5.055 5.055 5.065 5.069 5.069 5.072 5.075 5.075 5.075 5.083 5.094 5.094 5.094 5.095 5.079 4.995 4.629 1.802 1.802 1.802 1.802 1.81 1.81 1.805 1.805 1.815 1.805 1.803 1.747 1.689 1.639 1.59 1.551 1.517 1.481 1.445 1.419 1.377 1.345 1.317 1.297 1.254 1.232 1.213 1.185 1.166 1.131 1.122 1.09 1.083 1.056 1.036 1.028 1.011 0.99 0.972 0.956 0.948 0.937 0.919 0.903 0.898 0.889 0.877 0.868 0.848 0.847 0.836 0.82 0.817 0.808 0.789 0.781 0.778 0.767 0.764 0.748 0.739 0.739 0.728 0.727 0.709 0.709 0.7 0.696 0.693 0.688 0.679 0.672 0.662 0.652 0.65 0.642 0.64 0.639 0.639 0.629 0.626 0.624 0.622 0.608 0.608 0.603 0.602 0.599 0.594 0.59 0.583 0.578 0.573 0.573 0.56 0.554 0.553 0.553 0.552 0.547 0.545 0.543 0.542 0.537 0.534 0.532 0.529 0.527 0.522 0.521 0.518 0.518 0.516 0.513 0.507 0.505 0.476 0.475 0.473 0.473 0.471 0.47 0.466 0.464 0.459 0.458 0.458 0.453 0.448 
1 1 1 1 1 1 1 1 1 1 1 0 1 1 1 1 1 0 0 0 0 0 0 0 0 0 0 0 0 0 0 0 0 0 0 1 1 1 1 1 0 0 0 0 0 0 0 0 0 0 0 0 0 0 0 0 0 0 0 0 0 0 0 0 0 0 0 0 0 0 1 1 1 1 1 1 1 1 1 1 1 1 1 1 1 1 1 1 1 1 1 1 1 1 1 1 1 1 1 1 1 1 1 1 1 1 1 1 1 1 1 1 1 1 1 1 1 1 1 1 1 1 1 1 1 1 1 1 1 1 1 1 1 1 1 1 1 1 1 1 1 1 1 1 1 1 1 1 1 1 1 1 1 1 1 1 1 1 1 1 1 1 1 1 1 1 1 1 1 1 1 1 1 1 1 1 1 1 1 1 1 1 1 1 1 1 1 1 1 1 1 1 1 1 1 1 1 1 1 1 1 1 1 1 1 1 1 1 1 1 1 1 1 1 1 1 1 1 1 1 1 1 1 1 1 1 1 1 1 1 1 1 1 1 1 1 1 1 1 1 1 1 1 1 1 1 1 1 1 1 1 1 1 1 1 1 1 1 1 1 1 1 1 1 1 1 1 1 1 1 1 1 1 1 1 1 1 1 1 1 1 1 1 1 1 1 1 1 1 1 1 1 1 1 1 1 1 1 1 1 1 1 1 1 1 1 1 1 1 1 1 1 1 1 1 1 1 1 1 1 1 1 1 1 1 1 1 1 1 1 1 1 1 1 1 1 1 1 1 1 1 1 1 1 1 1 1 1 1 1 1 1 1 1 1 1 1 1 1 1 1 1 1 1 1 1 1 1 1 1 1 1 1 1 1 1 1 1 1 1 1 1 1 1 1 1 1 1 1 1 1 1 1 1 1 1 1 1 1 1 1 1 1 1 1 1 1 1 1 1 1 1 1 1 1 1 1 1 1 1 1 1 1 1 1 1 1 1 1 1 1 1 1 1 1 1 1 1 1 1 1 1 1 1 1 1 1 1 1 1 1 1 1 1 1 1 1 1 1 1 1 1 1 1 1 1 1 1 1 1 1 1 1 1 1 1 1 1 1 1 1 1 1 1 1 1 1 1 1 1 1 1 1 1 1 1 1 1 1 1 1 1 1 1 0 0 1 0 0 1 1 0 1 1 1 1 1 1 1 1 1 1 1 1 1 1 1 1 1 1 1 1 1 1 1 1 1 1 1 1 1 1 1 1 1 1 1 1 1 1 1 1 1 1 1 1 1 1 1 1 1 1 1 1 1 1 1 1 1 1 1 1 1 1 1 1 1 1 1 1 1 1 1 1 1 1 1 1 1 1 1 1 1 1 1 1 1 1 1 1 1 1 1 1 1 1 1 1 1 1 1 1 1 1 1 1 1 1 1 1 1 1 1 1 1 1 1 1 1 1 1 1 1 1 1 1 1 1 1 1 1 1 1 1 1 1 1 1 1 1 1 1 1 1 1 1 1 1 1 1 1 1 1 1 1 1 1 1 1 1 1 1 1 1 1 1 1 1 1 1 1 1 
