# This file contains a 2D laser scan observation. 
# Its format is: 
# [aperture] [max_range] [number_of_scans] 
# [vector_of_scans] 
# [vector_of_valid_scans] 
# The aperture of the sensor is in radians, the maximum range 
# and measurements are in meters. '1' means a valid scan, '0' otherwise.
4.1847
5.6
682
0.596 0.593 0.593 0.597 0.601 0.601 0.601 0.598 0.597 0.597 0.598 0.599 0.601 0.601 0.601 0.601 0.601 0.601 0.6 0.602 0.608 0.608 0.609 0.61 0.61 0.61 0.61 0.61 0.61 0.618 0.618 0.619 0.619 0.619 0.619 0.62 0.623 0.626 0.626 0.626 0.63 0.63 0.631 0.636 0.636 0.636 0.636 0.632 0.628 0.632 0.632 0.635 0.639 0.639 0.639 0.643 0.643 0.644 0.646 0.65 0.65 0.65 0.65 0.655 0.657 0.663 0.663 0.664 0.664 0.669 0.669 0.669 0.674 0.676 0.681 0.682 0.683 0.693 0.695 0.696 0.7 0.702 0.705 0.707 0.707 0.709 0.714 0.715 0.717 0.72 0.721 0.727 0.731 0.731 0.733 0.737 0.744 0.752 0.752 0.752 0.753 0.753 0.753 0.762 0.765 0.773 0.777 0.777 0.779 0.794 0.796 0.799 0.799 0.802 0.803 0.81 0.816 0.817 0.825 0.837 0.84 0.843 0.846 0.854 0.87 0.87 0.877 0.878 0.887 0.898 0.903 0.91 0.918 0.92 0.923 0.933 0.945 0.951 0.961 0.963 0.968 0.97 0.98 0.983 1.004 1.04 1.044 1.045 1.061 1.084 1.104 1.117 1.118 1.14 1.145 1.16 1.169 1.184 1.195 1.215 1.232 1.247 1.252 1.273 1.276 1.293 1.309 1.316 1.316 1.316 1.311 1.307 1.3 1.299 1.287 1.278 1.277 1.277 1.275 1.274 1.27 1.267 1.263 1.258 1.253 1.252 1.252 1.252 1.252 1.251 1.245 1.239 1.238 1.236 1.234 1.23 1.229 1.228 1.224 1.223 1.222 1.218 1.221 1.218 1.217 1.218 1.213 1.213 1.212 1.212 1.212 1.213 1.212 1.208 1.213 1.207 1.2 1.205 1.205 1.205 1.205 1.205 1.204 1.204 1.203 1.201 1.201 1.203 1.203 1.205 1.205 1.202 1.202 1.202 1.201 1.202 1.208 1.207 1.208 1.208 1.207 1.207 1.206 1.206 1.203 1.203 1.198 1.203 1.198 1.198 1.198 1.196 1.195 1.195 1.192 1.192 1.187 1.187 1.192 1.192 1.194 1.194 1.194 1.194 1.197 1.197 1.2 1.204 1.2 1.2 1.204 1.204 1.204 1.208 1.212 1.212 1.219 1.219 1.22 1.221 1.223 1.223 1.223 1.214 1.214 1.214 1.301 0.007 1.359 1.338 1.338 1.338 1.338 1.327 1.317 1.317 1.301 1.247 1.247 1.247 1.307 0.007 0 0 0 0 0.007 0 0.007 0 0.007 0 1.426 1.455 1.455 1.455 1.455 1.455 1.455 1.434 1.425 1.401 1.38 1.38 1.38 0 0 0 1.53 1.498 1.481 1.481 1.469 1.462 1.481 1.462 1.455 1.426 1.426 1.426 1.437 1.443 1.458 1.462 1.466 1.469 1.475 1.488 1.492 1.498 1.514 1.523 1.523 1.541 1.545 1.549 1.563 1.576 1.58 1.587 1.599 1.61 1.615 1.623 1.628 1.644 1.648 1.656 1.665 1.684 1.692 1.705 1.715 1.724 1.734 1.75 1.759 1.776 1.787 1.791 1.816 1.823 1.831 1.841 1.861 1.876 1.878 1.901 1.909 1.928 1.944 1.957 1.965 1.996 2.003 2.02 2.025 2.049 2.071 2.106 2.133 2.138 2.133 2.133 2.132 2.125 2.122 2.114 2.098 2.087 2.078 2.078 2.067 2.066 2.051 2.049 2.037 2.034 2.027 2.021 2.002 2 2 2.002 1.996 1.991 1.976 1.973 1.97 1.962 1.96 1.959 1.948 1.94 1.936 1.928 1.927 1.922 1.92 1.909 1.907 1.903 1.898 1.892 1.891 1.888 1.883 1.879 1.876 1.876 1.874 1.868 1.864 1.86 1.857 1.848 1.847 1.836 1.836 1.836 1.834 1.833 1.825 1.825 1.824 1.824 1.823 1.82 1.815 1.815 1.812 1.81 1.809 1.809 1.809 1.835 1.851 2.064 2.066 2.066 2.066 2.059 2.048 2.031 1.99 1.95 1.89 1.802 1.8 1.788 1.781 1.779 1.779 1.779 1.779 1.779 1.777 1.777 1.777 1.777 1.775 1.777 1.777 1.777 1.777 1.777 1.777 1.777 1.774 1.779 1.779 1.778 1.776 1.778 1.778 1.778 1.778 1.781 1.778 1.778 1.778 1.782 1.786 1.786 1.789 1.79 1.791 1.806 1.888 2.28 2.416 2.423 2.423 2.423 2.222 2.188 2.182 2.172 2.136 2.129 2.129 2.129 2.129 2.085 2.065 1.992 1.992 1.992 2.083 2.131 2.147 2.15 2.157 2.174 2.19 2.28 2.387 2.387 2.387 2.303 2.303 2.303 2.516 2.525 2.532 2.54 2.546 2.557 2.563 2.567 2.568 2.575 2.576 2.589 2.594 2.659 2.666 2.666 2.666 0.932 0.932 0.932 0.938 0.938 0.938 0.938 0.938 0 0 0 0 0 0 0 0 0 0 0 1.044 1.044 1.044 2.89 2.986 2.986 2.993 3.003 2.993 2.938 2.938 2.938 2.938 2.969 2.992 3.01 3.188 3.199 3.215 3.215 0 0 0 0 2.304 2.303 2.303 2.276 2.244 0.791 0.791 0.791 2.136 0.007 0 0.007 0 0 0.007 0 0.007 2.049 2.043 2.043 2.035 2.017 2.01 2.006 2 1.98 1.968 1.962 1.962 1.948 1.905 0.74 0.74 0.74 1.894 1.894 1.894 1.894 1.882 1.866 1.866 4.532 1.216 1.121 4.532 1.619 1.619 0.007 1.781 1.771 1.781 1.771 1.771 0.502 0.502 0.492 0.492 0.492 0.492 0.512 
1 1 1 1 1 1 1 1 1 1 1 1 1 1 1 1 1 1 1 1 1 1 1 1 1 1 1 1 1 1 1 1 1 1 1 1 1 1 1 1 1 1 1 1 1 1 1 1 1 1 1 1 1 1 1 1 1 1 1 1 1 1 1 1 1 1 1 1 1 1 1 1 1 1 1 1 1 1 1 1 1 1 1 1 1 1 1 1 1 1 1 1 1 1 1 1 1 1 1 1 1 1 1 1 1 1 1 1 1 1 1 1 1 1 1 1 1 1 1 1 1 1 1 1 1 1 1 1 1 1 1 1 1 1 1 1 1 1 1 1 1 1 1 1 1 1 1 1 1 1 1 1 1 1 1 1 1 1 1 1 1 1 1 1 1 1 1 1 1 1 1 1 1 1 1 1 1 1 1 1 1 1 1 1 1 1 1 1 1 1 1 1 1 1 1 1 1 1 1 1 1 1 1 1 1 1 1 1 1 1 1 1 1 1 1 1 1 1 1 1 1 1 1 1 1 1 1 1 1 1 1 1 1 1 1 1 1 1 1 1 1 1 1 1 1 1 1 1 1 1 1 1 1 1 1 1 1 1 1 1 1 1 1 1 1 1 1 1 1 1 1 1 1 1 1 1 1 1 1 1 1 1 1 1 1 1 1 0 1 1 1 1 1 1 1 1 1 1 1 1 1 0 0 0 0 0 0 0 0 0 0 0 1 1 1 1 1 1 1 1 1 1 1 1 1 0 0 0 1 1 1 1 1 1 1 1 1 1 1 1 1 1 1 1 1 1 1 1 1 1 1 1 1 1 1 1 1 1 1 1 1 1 1 1 1 1 1 1 1 1 1 1 1 1 1 1 1 1 1 1 1 1 1 1 1 1 1 1 1 1 1 1 1 1 1 1 1 1 1 1 1 1 1 1 1 1 1 1 1 1 1 1 1 1 1 1 1 1 1 1 1 1 1 1 1 1 1 1 1 1 1 1 1 1 1 1 1 1 1 1 1 1 1 1 1 1 1 1 1 1 1 1 1 1 1 1 1 1 1 1 1 1 1 1 1 1 1 1 1 1 1 1 1 1 1 1 1 1 1 1 1 1 1 1 1 1 1 1 1 1 1 1 1 1 1 1 1 1 1 1 1 1 1 1 1 1 1 1 1 1 1 1 1 1 1 1 1 1 1 1 1 1 1 1 1 1 1 1 1 1 1 1 1 1 1 1 1 1 1 1 1 1 1 1 1 1 1 1 1 1 1 1 1 1 1 1 1 1 1 1 1 1 1 1 1 1 1 1 1 1 1 1 1 1 1 1 1 1 1 1 1 1 1 1 1 1 1 0 0 0 0 0 0 0 0 0 0 0 1 1 1 1 1 1 1 1 1 1 1 1 1 1 1 1 1 1 1 1 0 0 0 0 1 1 1 1 1 1 1 1 1 0 0 0 0 0 0 0 0 1 1 1 1 1 1 1 1 1 1 1 1 1 1 1 1 1 1 1 1 1 1 1 1 1 1 1 1 1 1 0 1 1 1 1 1 1 1 1 1 1 1 1 
