# This file contains a 2D laser scan observation. 
# Its format is: 
# [aperture] [max_range] [number_of_scans] 
# [vector_of_scans] 
# [vector_of_valid_scans] 
# The aperture of the sensor is in radians, the maximum range 
# and measurements are in meters. '1' means a valid scan, '0' otherwise.
4.1847
5.6
682
0.378 0.376 0.371 0.371 0.371 0.373 0.373 0.373 0.376 0.372 0.372 0.379 0.379 0.379 0.379 0.379 0.377 0.377 0.375 0.375 0.375 0.375 0.37 0.361 0.331 0.331 0.33 0.32 0.32 0.319 0.317 0.317 0.317 0.315 0.315 0.315 0.315 0.313 0.312 0.312 0.312 0.312 0.312 0.311 0.307 0.311 0.307 0.302 0.307 0.307 0.306 0.302 0.3 0.3 0.3 0.301 0.301 0.301 0.3 0.3 0.296 0.291 0.296 0.298 0.298 0.298 0.298 0.293 0.292 0.291 0.291 0.292 0.291 0.29 0.297 0.297 0.297 0.298 0.302 0.304 0.304 0.304 0.301 0.289 0.289 0.283 0.283 0.283 0.284 0.283 0.284 0.284 0.284 0.287 0.294 0.298 0.319 0.344 0.359 0.359 0.359 0.348 0.337 0.314 0.31 0.309 0.309 0.309 0.307 0.309 0.316 0.307 0.307 0.307 0.306 0.306 0.303 0.302 0.302 0.302 0.302 0.302 0.303 0.304 0.303 0.3 0.3 0.3 0.297 0.295 0.295 0.299 0.299 0.302 0.302 0.302 0.303 0.303 0.303 0.304 0.304 0.304 0.302 0.301 0.301 0.301 0.301 0.302 0.309 0.312 0.312 0.317 0.317 0.315 0.316 0.315 0.314 0.314 0.314 0.314 0.314 0.316 0.317 0.32 0.321 0.321 0.321 0.321 0.321 0.322 0.322 0.322 0.329 0.324 0.329 0.332 0.336 0.336 0.336 0.336 0.336 0.338 0.344 0.345 0.345 0.345 0.346 0.351 0.354 0.356 0.356 0.356 0.356 0.357 0.36 0.36 0.36 0.36 0.36 0.36 0.36 0.367 0.374 0.377 0.377 0.376 0.378 0.376 0.376 0.385 0.386 0.387 0.394 0.388 0.395 0.399 0.399 0.399 0.4 0.413 0.413 0.413 0.414 0.415 0.42 0.425 0.425 0.425 0.428 0.434 0.435 0.435 0.44 0.443 0.446 0.448 0.449 0.449 0.454 0.457 0.465 0.468 0.472 0.472 0.475 0.477 0.477 0.478 0.482 0.486 0.491 0.502 0.504 0.509 0.51 0.516 0.518 0.529 0.54 0.547 0.547 0.547 0.547 0.547 0.538 0.538 0.549 0.549 0.551 0.568 0.57 0.571 0.577 0.588 0.596 0.602 0.602 0.615 0.63 0.669 0.942 0.944 0.946 0.948 0.948 0.948 0.949 0.949 0.949 0.947 0.946 0.945 0.946 0.946 0.953 0.953 0.959 0.959 0.962 0.969 0.969 0.969 0.975 0.978 0.982 0.988 0.988 0.99 0.994 0.994 0.994 0.994 0.985 0.984 0.98 0.975 0.973 0.973 0.967 0.954 0.953 0.953 0.949 0.949 0.949 0.96 3.232 3.232 3.236 3.236 3.239 3.239 3.244 3.247 3.25 3.255 3.258 3.258 3.265 3.266 3.28 3.282 3.286 3.288 3.288 3.288 3.251 3.207 3.155 3.09 3.001 2.945 2.887 2.814 2.758 2.686 2.628 2.581 2.54 2.49 2.441 2.4 2.4 2.4 2.405 2.411 2.413 2.415 2.42 2.42 2.424 2.432 2.442 2.45 2.461 2.468 2.47 2.482 2.483 2.494 2.5 2.504 2.512 2.521 2.525 2.537 2.541 2.547 2.55 2.559 2.57 2.571 2.576 2.599 2.611 2.612 2.625 2.628 2.648 2.651 2.657 2.658 2.677 2.686 2.698 2.722 2.724 2.734 2.742 2.753 2.758 2.762 2.792 2.796 2.819 2.823 2.834 2.843 2.858 2.859 2.864 2.894 2.912 2.921 2.944 2.951 2.956 2.984 2.995 2.995 3.022 3.044 3.069 3.092 3.094 3.121 3.131 3.142 3.143 3.163 3.173 3.177 3.177 3.177 3.137 3.109 3.1 3.078 3.058 3.046 3.037 3.013 3.011 2.994 2.981 2.962 2.948 2.937 2.922 2.773 2.773 2.773 0 0 0 0 0 0 0 0 0 2.897 2.798 2.345 2.34 2.34 2.34 2.341 2.344 2.344 2.344 2.342 2.329 2.306 2.297 2.282 2.28 2.28 2.276 2.28 2.281 2.281 2.276 2.275 2.214 2.214 2.212 2.205 2.198 2.195 2.178 2.174 2.174 2.174 2.178 2.182 2.184 2.194 2.229 2.264 2.27 2.324 2.856 2.857 2.857 2.856 2.833 2.426 2.426 2.426 2.482 2.533 2.58 0 0 0 0 0 1.828 1.823 1.806 1.794 1.787 1.786 1.781 1.766 1.76 1.757 1.757 1.764 1.757 1.745 1.754 1.754 1.754 1.758 1.759 1.772 1.794 1.797 1.808 1.808 1.823 1.827 1.839 1.893 0 0 0 2.285 2.285 2.285 2.305 2.378 2.67 2.67 2.67 1.588 1.351 1.198 1.069 0.974 0.879 0.804 0.731 0.686 0.638 0.593 0.558 0.458 0.441 0.44 0.421 0.417 0.403 0.402 0.399 0.389 0.389 0.388 0.388 0.388 0.388 0.388 0.388 0.39 0.387 0.385 0.388 0.388 0.388 0.389 0.389 0.389 0.387 0.387 0.387 0.387 0.389 0.389 0.39 0.39 0.383 0.383 0.386 0.386 0.459 0.52 0.527 0.528 0.531 0.531 0.531 0.532 0.532 0.529 0.529 0.532 0.533 0.539 0.54 0.541 0.541 0.544 0.544 0.544 0.544 0.545 0.548 0.548 0.548 0.548 0.549 0.549 0.549 0.551 0.556 0.56 0.561 0.56 0.568 0.57 0.572 0.573 0.573 0.577 0.577 0.579 0.579 0.581 0.582 0.583 0.583 0.583 0.585 0.594 0.595 0.602 0.603 0.606 0.606 0.608 0.609 0.614 0.619 0.624 0.624 0.624 0.625 0.63 0.641 0.641 
1 1 1 1 1 1 1 1 1 1 1 1 1 1 1 1 1 1 1 1 1 1 1 1 1 1 1 1 1 1 1 1 1 1 1 1 1 1 1 1 1 1 1 1 1 1 1 1 1 1 1 1 1 1 1 1 1 1 1 1 1 1 1 1 1 1 1 1 1 1 1 1 1 1 1 1 1 1 1 1 1 1 1 1 1 1 1 1 1 1 1 1 1 1 1 1 1 1 1 1 1 1 1 1 1 1 1 1 1 1 1 1 1 1 1 1 1 1 1 1 1 1 1 1 1 1 1 1 1 1 1 1 1 1 1 1 1 1 1 1 1 1 1 1 1 1 1 1 1 1 1 1 1 1 1 1 1 1 1 1 1 1 1 1 1 1 1 1 1 1 1 1 1 1 1 1 1 1 1 1 1 1 1 1 1 1 1 1 1 1 1 1 1 1 1 1 1 1 1 1 1 1 1 1 1 1 1 1 1 1 1 1 1 1 1 1 1 1 1 1 1 1 1 1 1 1 1 1 1 1 1 1 1 1 1 1 1 1 1 1 1 1 1 1 1 1 1 1 1 1 1 1 1 1 1 1 1 1 1 1 1 1 1 1 1 1 1 1 1 1 1 1 1 1 1 1 1 1 1 1 1 1 1 1 1 1 1 1 1 1 1 1 1 1 1 1 1 1 1 1 1 1 1 1 1 1 1 1 1 1 1 1 1 1 1 1 1 1 1 1 1 1 1 1 1 1 1 1 1 1 1 1 1 1 1 1 1 1 1 1 1 1 1 1 1 1 1 1 1 1 1 1 1 1 1 1 1 1 1 1 1 1 1 1 1 1 1 1 1 1 1 1 1 1 1 1 1 1 1 1 1 1 1 1 1 1 1 1 1 1 1 1 1 1 1 1 1 1 1 1 1 1 1 1 1 1 1 1 1 1 1 1 1 1 1 1 1 1 1 1 1 1 1 1 1 1 1 1 1 1 1 1 1 1 1 1 1 1 1 1 1 1 1 1 1 1 1 1 1 1 1 1 1 1 1 1 1 1 1 1 1 1 0 0 0 0 0 0 0 0 0 1 1 1 1 1 1 1 1 1 1 1 1 1 1 1 1 1 1 1 1 1 1 1 1 1 1 1 1 1 1 1 1 1 1 1 1 1 1 1 1 1 1 1 1 1 1 1 1 1 1 1 1 0 0 0 0 0 1 1 1 1 1 1 1 1 1 1 1 1 1 1 1 1 1 1 1 1 1 1 1 1 1 1 1 1 0 0 0 1 1 1 1 1 1 1 1 1 1 1 1 1 1 1 1 1 1 1 1 1 1 1 1 1 1 1 1 1 1 1 1 1 1 1 1 1 1 1 1 1 1 1 1 1 1 1 1 1 1 1 1 1 1 1 1 1 1 1 1 1 1 1 1 1 1 1 1 1 1 1 1 1 1 1 1 1 1 1 1 1 1 1 1 1 1 1 1 1 1 1 1 1 1 1 1 1 1 1 1 1 1 1 1 1 1 1 1 1 1 1 1 1 1 1 1 1 1 1 1 1 1 1 
