# This file contains a 2D laser scan observation. 
# Its format is: 
# [aperture] [max_range] [number_of_scans] 
# [vector_of_scans] 
# [vector_of_valid_scans] 
# The aperture of the sensor is in radians, the maximum range 
# and measurements are in meters. '1' means a valid scan, '0' otherwise.
4.1847
5.6
682
0.635 0.641 0.641 0.641 0.641 0.643 0.645 0.648 0.648 0.651 0.657 0.657 0.661 0.661 0.663 0.668 0.668 0.67 0.672 0.673 0.675 0.676 0.678 0.681 0.682 0.687 0.688 0.691 0.694 0.709 0.711 0.713 0.714 0.717 0.717 0.717 0.717 0.72 0.731 0.735 0.736 0.737 0.742 0.745 0.748 0.757 0.757 0.763 0.763 0.769 0.774 0.778 0.785 0.79 0.791 0.793 0.799 0.802 0.803 0.817 0.819 0.829 0.833 0.843 0.848 0.852 0.852 0.854 0.857 0.867 0.869 0.874 0.878 0.883 0.895 0.9 0.909 0.918 0.922 0.923 0.944 0.948 0.958 0.958 0.97 0.987 0.987 0.991 1.003 1.018 1.02 1.034 1.049 1.053 1.072 1.075 1.082 1.099 1.108 1.13 1.132 1.146 1.158 1.179 1.181 1.206 1.217 1.237 1.247 1.269 1.281 1.306 1.333 1.366 1.375 1.403 1.418 1.442 1.452 1.468 1.481 1.613 1.698 1.756 1.768 1.844 2.235 2.268 2.263 2.263 2.263 2.238 2.238 2.238 2.238 2.28 2.281 2.282 2.282 2.282 2.28 2.266 2.262 2.261 2.255 2.255 2.254 2.251 2.249 2.247 2.245 2.245 2.244 2.244 2.24 2.236 2.236 2.233 2.231 2.23 2.229 2.227 2.226 2.226 2.226 2.226 2.228 2.228 2.226 2.224 2.224 2.222 2.219 2.219 2.218 2.218 2.218 2.218 2.218 2.219 2.22 2.22 2.223 2.226 2.226 2.22 2.198 2.193 2.19 2.193 2.198 2.127 2.051 1.253 1.246 1.245 1.245 1.242 1.235 1.235 1.235 1.246 1.246 1.246 1.242 1.241 1.24 1.24 1.24 1.243 1.252 1.253 1.253 1.255 1.255 1.253 1.253 1.251 1.251 1.26 1.26 1.255 1.264 1.264 1.264 1.267 1.28 1.283 1.284 1.288 1.288 1.288 1.288 1.288 1.292 1.292 1.303 1.304 1.305 1.307 1.311 1.322 1.326 1.326 1.326 1.316 1.316 1.316 1.316 1.333 1.335 1.34 1.341 1.345 1.359 1.365 1.386 1.387 1.397 1.406 1.406 1.406 1.406 1.406 1.406 1.411 1.434 1.434 1.434 1.429 1.429 1.429 1.445 1.461 1.461 1.466 1.471 1.489 1.503 1.513 1.515 1.533 1.538 1.541 1.542 1.543 1.543 1.552 1.552 1.552 1.586 1.601 1.603 1.61 1.632 1.648 1.65 1.65 1.652 1.655 1.659 1.659 1.662 1.672 1.7 1.718 1.729 1.766 1.766 1.766 1.778 1.778 1.778 1.822 1.825 1.827 1.829 1.83 1.842 1.89 1.892 1.901 1.922 1.938 1.948 1.951 1.985 1.985 1.994 1.994 1.994 1.997 2.027 2.039 2.045 2.056 2.056 2.056 2.023 2.01 2.008 2.005 1.993 1.99 1.978 1.977 1.971 1.957 1.954 1.952 1.938 1.928 1.92 1.912 1.911 1.909 1.898 1.89 1.883 1.882 1.879 1.875 1.866 1.862 1.856 1.851 1.838 1.828 1.828 1.822 1.675 1.669 1.669 1.675 0 0 0 0 0 0 0 0 0 0 0 0 0 1.726 1.71 1.704 1.704 1.694 1.688 1.675 1.65 1.65 1.651 1.651 1.653 1.653 1.651 1.618 1.589 1.379 1.332 1.326 1.323 1.323 1.323 1.329 1.331 1.334 1.344 1.355 1.355 1.356 1.356 1.365 1.365 1.365 1.362 1.358 1.356 1.345 1.342 1.34 1.339 1.336 1.336 1.336 1.336 1.34 1.343 1.35 1.35 1.36 1.365 1.376 1.38 1.386 1.386 1.386 1.374 1.374 1.343 1.331 1.324 1.324 1.324 1.327 1.327 1.327 1.325 1.325 1.325 1.329 1.329 1.329 1.331 1.332 1.332 1.34 1.344 1.352 1.38 1.391 1.682 1.682 1.691 1.682 1.664 1.664 1.738 1.738 1.745 1.75 1.751 1.759 1.759 1.76 1.761 1.769 1.771 1.773 1.782 1.782 1.788 1.79 1.79 1.797 1.803 1.808 1.811 1.816 1.818 1.823 1.832 1.832 1.832 1.393 1.357 1.326 1.303 1.3 1.296 1.293 1.28 1.277 1.273 1.264 1.26 1.256 1.256 1.256 1.254 1.251 1.251 1.251 1.254 1.254 1.26 1.262 1.263 1.264 1.265 1.264 1.265 1.265 1.275 1.276 1.278 1.281 1.282 1.286 1.299 1.301 1.319 1.339 1.362 1.406 1.672 1.672 1.672 1.669 1.657 1.644 1.629 1.615 1.61 1.596 1.578 1.571 1.566 1.549 1.533 1.523 1.516 1.502 1.489 1.488 1.483 1.468 1.458 1.455 1.437 1.434 1.427 1.415 1.405 1.399 1.396 1.383 1.381 1.368 1.367 1.354 1.347 1.343 1.34 1.332 1.318 1.317 1.312 1.302 1.299 1.292 1.29 1.283 1.278 1.272 1.269 1.262 1.256 1.251 1.24 1.239 1.239 1.239 1.234 1.222 1.219 1.217 1.211 1.206 1.203 1.203 1.195 1.194 1.191 1.191 1.181 1.181 1.179 1.174 1.172 1.167 1.165 1.162 1.158 1.152 1.152 1.149 1.148 1.148 1.143 1.132 1.132 1.128 1.132 1.128 1.121 1.12 1.12 1.118 1.118 1.118 1.118 1.107 1.111 1.107 1.103 1.103 1.1 1.1 1.092 1.092 1.092 1.092 1.086 1.088 1.088 1.086 1.086 1.088 1.086 1.086 1.085 1.085 1.079 1.077 1.077 1.075 1.073 1.071 1.071 1.071 1.07 1.065 1.065 1.063 1.063 1.063 1.063 1.06 1.061 1.061 1.06 1.06 1.06 1.06 1.06 1.062 
1 1 1 1 1 1 1 1 1 1 1 1 1 1 1 1 1 1 1 1 1 1 1 1 1 1 1 1 1 1 1 1 1 1 1 1 1 1 1 1 1 1 1 1 1 1 1 1 1 1 1 1 1 1 1 1 1 1 1 1 1 1 1 1 1 1 1 1 1 1 1 1 1 1 1 1 1 1 1 1 1 1 1 1 1 1 1 1 1 1 1 1 1 1 1 1 1 1 1 1 1 1 1 1 1 1 1 1 1 1 1 1 1 1 1 1 1 1 1 1 1 1 1 1 1 1 1 1 1 1 1 1 1 1 1 1 1 1 1 1 1 1 1 1 1 1 1 1 1 1 1 1 1 1 1 1 1 1 1 1 1 1 1 1 1 1 1 1 1 1 1 1 1 1 1 1 1 1 1 1 1 1 1 1 1 1 1 1 1 1 1 1 1 1 1 1 1 1 1 1 1 1 1 1 1 1 1 1 1 1 1 1 1 1 1 1 1 1 1 1 1 1 1 1 1 1 1 1 1 1 1 1 1 1 1 1 1 1 1 1 1 1 1 1 1 1 1 1 1 1 1 1 1 1 1 1 1 1 1 1 1 1 1 1 1 1 1 1 1 1 1 1 1 1 1 1 1 1 1 1 1 1 1 1 1 1 1 1 1 1 1 1 1 1 1 1 1 1 1 1 1 1 1 1 1 1 1 1 1 1 1 1 1 1 1 1 1 1 1 1 1 1 1 1 1 1 1 1 1 1 1 1 1 1 1 1 1 1 1 1 1 1 1 1 1 1 1 1 1 1 1 1 1 1 1 1 1 1 1 1 1 1 1 1 1 1 1 1 1 1 1 1 1 1 0 0 0 0 0 0 0 0 0 0 0 0 0 1 1 1 1 1 1 1 1 1 1 1 1 1 1 1 1 1 1 1 1 1 1 1 1 1 1 1 1 1 1 1 1 1 1 1 1 1 1 1 1 1 1 1 1 1 1 1 1 1 1 1 1 1 1 1 1 1 1 1 1 1 1 1 1 1 1 1 1 1 1 1 1 1 1 1 1 1 1 1 1 1 1 1 1 1 1 1 1 1 1 1 1 1 1 1 1 1 1 1 1 1 1 1 1 1 1 1 1 1 1 1 1 1 1 1 1 1 1 1 1 1 1 1 1 1 1 1 1 1 1 1 1 1 1 1 1 1 1 1 1 1 1 1 1 1 1 1 1 1 1 1 1 1 1 1 1 1 1 1 1 1 1 1 1 1 1 1 1 1 1 1 1 1 1 1 1 1 1 1 1 1 1 1 1 1 1 1 1 1 1 1 1 1 1 1 1 1 1 1 1 1 1 1 1 1 1 1 1 1 1 1 1 1 1 1 1 1 1 1 1 1 1 1 1 1 1 1 1 1 1 1 1 1 1 1 1 1 1 1 1 1 1 1 1 1 1 1 1 1 1 1 1 1 1 1 1 1 1 1 1 1 1 1 1 1 1 1 1 1 1 1 1 1 1 1 1 1 1 1 1 1 1 1 1 1 1 1 1 1 1 1 1 1 1 1 
