# This file contains a 2D laser scan observation. 
# Its format is: 
# [aperture] [max_range] [number_of_scans] 
# [vector_of_scans] 
# [vector_of_valid_scans] 
# The aperture of the sensor is in radians, the maximum range 
# and measurements are in meters. '1' means a valid scan, '0' otherwise.
4.1847
5.6
682
1.411 1.41 1.402 1.4 1.398 1.394 1.394 1.393 1.391 1.383 1.357 1.357 1.356 1.354 1.354 1.353 1.351 1.351 1.351 1.353 1.353 1.353 1.345 1.342 1.34 1.335 1.333 1.326 1.324 1.316 1.316 1.318 1.316 1.313 1.313 1.314 1.313 1.311 1.311 1.297 1.282 1.28 1.28 1.28 1.284 1.284 1.284 1.281 1.281 1.281 1.294 1.302 1.302 1.305 1.302 1.296 1.296 1.291 1.287 1.285 1.285 1.285 1.285 1.285 1.287 1.29 1.287 1.287 1.266 1.265 1.265 1.265 1.267 1.267 1.267 1.274 1.275 1.275 1.276 1.277 1.293 1.301 1.303 1.301 1.3 1.3 1.3 1.299 1.299 1.299 1.302 1.299 1.295 1.28 1.28 1.28 1.292 1.306 1.307 1.308 1.309 1.315 1.318 1.319 1.329 1.331 1.331 1.332 1.332 1.332 1.329 1.321 1.321 1.321 1.321 1.321 1.313 1.313 1.313 1.333 1.342 1.345 1.351 1.359 1.375 1.38 1.384 1.384 1.384 1.383 1.366 1.366 1.366 1.379 1.391 1.392 1.402 1.402 1.402 1.398 1.398 1.398 1.398 1.402 1.42 1.445 1.445 1.445 1.442 1.442 1.442 1.448 1.471 1.471 1.471 1.478 1.48 1.51 1.526 1.526 1.526 1.488 1.488 1.488 1.491 1.491 1.493 1.504 1.512 1.516 1.52 1.526 1.529 1.529 1.526 1.524 1.495 1.478 1.477 1.46 1.446 1.431 1.43 1.41 1.406 1.4 1.387 1.385 1.367 1.365 1.364 1.352 1.327 1.322 1.318 1.313 1.307 1.294 1.283 1.279 1.272 1.27 1.27 1.253 1.248 1.046 1.038 1.038 1.038 1.049 1.06 1.072 1.075 1.089 1.092 1.094 1.106 1.119 1.13 1.136 1.149 1.162 1.162 1.167 1.173 1.183 1.183 1.183 1.145 1.094 1.045 0.993 0.96 0.944 0.933 0.931 0.927 0.918 0.915 0.857 0.654 0.65 0.65 0.644 0.65 0.655 0.655 0.655 0.656 0.655 0.656 0.657 0.656 0.657 0.66 0.664 0.661 0.661 0.661 0.664 0.662 0.664 0.664 0.664 0.667 0.669 0.669 0.67 0.67 0.67 0.67 0.67 0.67 0.668 0.668 0.661 0.659 0.655 0.649 0.642 0.641 0.639 0.634 0.632 0.631 0.624 0.624 0.624 0.624 0.624 0.624 0.626 0.62 0.62 0.623 0.623 0.623 0.624 0.625 0.626 0.625 0.629 0.633 0.635 0.635 0.636 0.636 0.641 0.641 0.641 0.648 0.648 0.648 0.651 0.651 0.651 0.656 0.662 0.665 0.665 0.665 0.665 0.664 0.663 0.66 0.659 0.638 0.626 0.608 0.605 0.598 0.594 0.592 0.592 0.592 0.594 0.594 0.594 0.591 0.591 0.591 0.594 0.597 0.597 0.595 0.595 0.594 0.594 0.594 0.592 0.592 0.594 0.594 0.594 0.596 0.597 0.597 0.597 0.597 0.6 0.6 0.603 0.603 0.604 0.606 0.611 0.611 0.611 0.611 0.611 0.611 0.616 0.632 0.633 0.64 0.642 0.643 0.647 0.839 0.839 0.844 0.853 0.851 0.851 0.853 0.945 1.01 1.012 1.012 1.01 1.01 1.011 1.011 1.023 1.033 1.034 1.034 1.038 1.038 1.039 1.045 1.049 1.051 1.051 1.051 1.058 1.059 1.068 1.068 1.077 1.08 1.085 1.09 1.09 1.094 1.095 1.097 1.109 1.113 1.115 1.116 1.13 1.141 1.141 1.135 1.148 1.145 1.145 1.15 1.161 1.164 1.164 1.178 1.181 1.185 1.202 1.205 1.209 1.21 1.21 1.209 1.008 0.868 0.777 0.773 0.761 0.746 0.741 0.74 0.733 0.726 0.721 0.721 0.717 0.716 0.713 0.708 0.705 0.702 0.698 0.698 0.693 0.691 0.691 0.69 0.689 0.69 0.689 0.684 0.684 0.684 0.684 0.684 0.681 0.681 0.681 0.68 0.68 0.68 0.684 0.68 0.686 0.686 0.691 0.69 0.69 0.691 0.694 0.695 0.697 0.698 0.707 0.709 0.713 0.717 0.717 0.723 0.724 0.726 0.731 0.743 0.751 0.764 0.776 0.793 0.802 0.835 1.076 1.076 1.076 1.073 1.072 1.066 1.065 1.061 1.057 1.057 1.057 1.054 1.053 1.046 1.046 1.04 1.043 1.038 1.031 1.026 1.026 1.026 1.025 1.026 1.026 1.017 1.017 1.017 1.017 1.015 1.013 1.013 1.01 1.01 1.007 1.007 1.007 1.007 1.003 1.003 0.999 0.991 0.992 0.992 0.996 0.992 0.992 0.993 0.992 0.992 0.992 0.992 0.991 0.983 0.983 0.982 0.986 0.986 0.987 0.987 0.987 0.987 0.986 0.98 0.978 0.978 0.978 0.978 0.981 0.981 0.983 0.987 0.983 0.983 0.983 0.981 0.981 0.981 0.977 0.981 0.983 0.984 0.984 0.984 0.982 0.982 0.982 0.984 0.986 0.986 0.986 0.987 0.987 0.987 0.987 0.987 0.987 0.988 0.991 0.994 0.994 0.994 0.994 0.994 0.996 0.999 1.001 1.001 1.001 1.001 1.007 1.007 1.01 1.01 1.01 1.012 1.013 1.014 1.014 1.019 1.02 1.026 1.026 1.027 1.029 1.029 1.031 1.032 1.034 1.034 1.034 1.044 1.045 1.051 1.051 1.051 1.052 1.063 1.064 1.066 1.068 1.069 1.07 1.07 1.077 1.083 1.084 1.089 1.092 1.093 1.1 1.102 1.107 1.109 1.112 1.116 1.125 1.127 1.129 1.131 1.135 1.136 1.14 1.148 1.148 1.149 1.154 1.164 1.167 1.173 1.181 1.181 1.186 1.192 1.194 
1 1 1 1 1 1 1 1 1 1 1 1 1 1 1 1 1 1 1 1 1 1 1 1 1 1 1 1 1 1 1 1 1 1 1 1 1 1 1 1 1 1 1 1 1 1 1 1 1 1 1 1 1 1 1 1 1 1 1 1 1 1 1 1 1 1 1 1 1 1 1 1 1 1 1 1 1 1 1 1 1 1 1 1 1 1 1 1 1 1 1 1 1 1 1 1 1 1 1 1 1 1 1 1 1 1 1 1 1 1 1 1 1 1 1 1 1 1 1 1 1 1 1 1 1 1 1 1 1 1 1 1 1 1 1 1 1 1 1 1 1 1 1 1 1 1 1 1 1 1 1 1 1 1 1 1 1 1 1 1 1 1 1 1 1 1 1 1 1 1 1 1 1 1 1 1 1 1 1 1 1 1 1 1 1 1 1 1 1 1 1 1 1 1 1 1 1 1 1 1 1 1 1 1 1 1 1 1 1 1 1 1 1 1 1 1 1 1 1 1 1 1 1 1 1 1 1 1 1 1 1 1 1 1 1 1 1 1 1 1 1 1 1 1 1 1 1 1 1 1 1 1 1 1 1 1 1 1 1 1 1 1 1 1 1 1 1 1 1 1 1 1 1 1 1 1 1 1 1 1 1 1 1 1 1 1 1 1 1 1 1 1 1 1 1 1 1 1 1 1 1 1 1 1 1 1 1 1 1 1 1 1 1 1 1 1 1 1 1 1 1 1 1 1 1 1 1 1 1 1 1 1 1 1 1 1 1 1 1 1 1 1 1 1 1 1 1 1 1 1 1 1 1 1 1 1 1 1 1 1 1 1 1 1 1 1 1 1 1 1 1 1 1 1 1 1 1 1 1 1 1 1 1 1 1 1 1 1 1 1 1 1 1 1 1 1 1 1 1 1 1 1 1 1 1 1 1 1 1 1 1 1 1 1 1 1 1 1 1 1 1 1 1 1 1 1 1 1 1 1 1 1 1 1 1 1 1 1 1 1 1 1 1 1 1 1 1 1 1 1 1 1 1 1 1 1 1 1 1 1 1 1 1 1 1 1 1 1 1 1 1 1 1 1 1 1 1 1 1 1 1 1 1 1 1 1 1 1 1 1 1 1 1 1 1 1 1 1 1 1 1 1 1 1 1 1 1 1 1 1 1 1 1 1 1 1 1 1 1 1 1 1 1 1 1 1 1 1 1 1 1 1 1 1 1 1 1 1 1 1 1 1 1 1 1 1 1 1 1 1 1 1 1 1 1 1 1 1 1 1 1 1 1 1 1 1 1 1 1 1 1 1 1 1 1 1 1 1 1 1 1 1 1 1 1 1 1 1 1 1 1 1 1 1 1 1 1 1 1 1 1 1 1 1 1 1 1 1 1 1 1 1 1 1 1 1 1 1 1 1 1 1 1 1 1 1 1 1 1 1 1 1 1 1 1 1 1 1 1 1 1 1 1 1 1 1 1 1 1 1 1 1 1 1 1 1 1 1 1 1 1 1 1 1 1 1 1 1 1 1 1 1 1 1 1 1 1 1 1 1 1 1 
