# This file contains a 2D laser scan observation. 
# Its format is: 
# [aperture] [max_range] [number_of_scans] 
# [vector_of_scans] 
# [vector_of_valid_scans] 
# The aperture of the sensor is in radians, the maximum range 
# and measurements are in meters. '1' means a valid scan, '0' otherwise.
4.1847
5.6
682
2.227 2.226 2.205 2.205 2.18 2.145 2.139 2.136 2.095 2.083 2.057 2.033 2.028 2.006 1.993 1.986 1.985 1.985 1.985 2.32 2.32 2.32 2.312 2.311 2.289 2.289 2.288 2.287 2.267 2.262 2.261 2.255 2.238 2.229 1.647 1.641 1.631 1.627 1.625 1.615 1.613 1.61 1.609 1.609 1.608 1.604 1.593 1.593 1.585 1.584 1.584 1.584 1.582 1.578 1.575 1.574 1.568 1.566 1.559 1.556 1.548 1.548 1.547 1.546 1.544 1.543 1.542 1.541 1.537 1.53 1.53 1.53 1.529 1.529 1.527 1.525 1.522 1.517 1.512 1.517 1.517 1.517 1.517 1.517 1.517 1.514 1.511 1.506 1.502 1.502 1.502 1.496 1.497 1.497 1.497 1.497 1.5 1.502 1.505 1.505 1.505 1.505 1.505 1.504 1.502 1.502 1.503 1.503 1.503 1.503 1.503 1.506 1.507 1.509 1.509 1.509 1.509 1.509 1.509 1.511 1.51 1.513 1.515 1.518 1.516 1.518 1.518 1.518 1.526 1.53 1.53 1.53 1.536 1.536 1.537 1.537 1.539 1.537 1.537 1.54 1.543 1.55 1.551 1.552 1.556 1.556 1.562 1.564 1.568 1.573 1.573 1.576 1.579 1.581 1.587 1.588 1.59 1.593 1.602 1.604 1.61 1.613 1.616 1.619 1.622 1.624 1.627 1.634 1.641 1.65 1.654 1.654 1.661 1.662 1.667 1.673 1.674 1.679 1.697 1.698 1.701 1.704 1.712 1.72 1.727 1.827 1.827 1.827 1.826 1.826 1.826 1.829 1.835 1.846 1.868 1.882 1.895 1.9 1.908 1.916 1.918 1.923 1.928 1.939 1.944 1.961 2.035 2.084 2.282 2.084 2.084 1.083 1.073 1.059 1.05 1.048 1.047 1.036 1.026 1.014 1.012 1.001 0.999 0.996 0.995 0.986 0.981 0.953 0.952 0.947 0.944 0.937 0.935 0.933 0.928 0.911 0.911 0.911 0.911 0.911 0.908 0.905 0.905 0.899 0.889 0.884 0.863 0.862 0.86 0.862 0.862 0.86 0.846 0.842 0.841 0.84 0.834 0.834 0.834 0.834 0.833 0.833 0.797 0.796 0.789 0.789 0.789 0.789 0.786 0.786 0.786 0.786 0.785 0.776 0.776 0.773 0.771 0.771 0.778 0.78 0.78 0.78 0.78 0.774 0.774 0.771 0.771 0.773 0.773 0.771 0.769 0.768 0.764 0.754 0.743 0.741 0.741 0.742 0.742 0.742 0.742 0.741 0.74 0.74 0.74 0.74 0.74 0.737 0.712 0.71 0.709 0.707 0.705 0.705 0.705 0.715 0.717 0.717 0.717 0.712 0.71 0.71 0.705 0.705 0.702 0.702 0.705 0.706 0.706 0.711 0.715 0.722 0.722 0.723 0.722 0.719 0.719 0.715 0.715 0.717 0.715 0.717 0.717 0.717 0.716 0.717 0.716 0.715 0.709 0.708 0.708 0.708 0.707 0.704 0.704 0.689 0.68 0.68 0.678 0.68 0.685 0.704 0.704 0.711 0.711 0.71 0.711 0.714 0.714 0.714 0.714 0.713 0.713 0.71 0.71 0.713 0.715 0.715 0.724 0.725 0.725 0.725 0.719 0.719 0.718 0.718 0.718 0.72 0.72 0.72 0.714 0.701 0.695 0.695 0.701 0.705 0.708 0.716 0.716 0.716 0.702 0.702 0.702 0.702 0.706 0.714 0.714 0.715 0.724 0.724 0.725 0.728 0.728 0.729 0.73 0.731 0.731 0.736 0.733 0.739 0.741 0.741 0.748 0.751 0.754 0.761 0.761 0.761 0.749 0.746 0.746 0.746 0.746 0.746 0.748 0.748 0.753 0.772 0.775 0.781 0.787 0.789 0.789 0.789 0.788 0.787 0.786 0.783 0.783 0.783 0.783 0.786 0.79 0.795 0.821 0.826 0.826 0.829 0.826 0.829 0.826 0.829 0.831 0.84 0.84 0.859 0.864 0.868 0.868 0.868 0.857 0.857 0.857 0.88 0.904 0.913 0.913 0.913 0.908 0.896 0.894 0.894 0.894 0.896 0.896 0.897 0.898 0.907 0.913 0.919 0.921 0.925 0.931 0.932 0.933 0.939 0.944 0.945 0.953 1.001 1.001 1.001 0.933 0.928 0.926 0.921 0.917 0.908 0.907 0.906 0.905 0.895 0.89 0.88 0.878 0.876 0.876 0.874 0.872 0.871 0.866 0.863 0.863 0.863 0.854 0.852 0.852 0.843 0.843 0.842 0.838 0.839 0.836 0.835 0.834 0.829 0.822 0.819 0.821 0.817 0.816 0.814 0.814 0.808 0.808 0.808 0.808 0.803 0.802 0.796 0.793 0.793 0.793 0.793 0.789 0.788 0.785 0.785 0.784 0.784 0.779 0.779 0.779 0.779 0.774 0.773 0.773 0.769 0.769 0.769 0.769 0.768 0.768 0.767 0.76 0.76 0.76 0.76 0.76 0.761 0.769 0.776 0.777 0.804 0.844 0.857 0.857 0.857 0.622 0.611 0.61 0.61 0.609 0.611 0.611 0.684 0.684 0.684 0.661 0.622 0.593 0.593 0.593 0.578 0.576 0.576 0.576 0.576 0.574 0.573 0.57 0.569 0.569 0.569 0 0 0 0 0 0 0 0 0 0 0.723 0.723 0.723 0.761 0.761 0.761 0.681 0.669 0.658 0.656 0.655 0.652 0.652 0.651 0.651 0.651 0.652 0.657 0.664 0.755 0.755 0.755 0.731 0.731 0.718 0.715 0.712 0.694 0.686 0.681 0.681 0.679 0.681 0.682 0.683 0.683 0.684 0.689 0.697 0.699 0.705 0.705 0.705 0.706 0.705 0.705 0.705 0.682 0.682 0.677 0.671 0.677 0.671 0.669 0.669 0.662 0.662 0.662 
1 1 1 1 1 1 1 1 1 1 1 1 1 1 1 1 1 1 1 1 1 1 1 1 1 1 1 1 1 1 1 1 1 1 1 1 1 1 1 1 1 1 1 1 1 1 1 1 1 1 1 1 1 1 1 1 1 1 1 1 1 1 1 1 1 1 1 1 1 1 1 1 1 1 1 1 1 1 1 1 1 1 1 1 1 1 1 1 1 1 1 1 1 1 1 1 1 1 1 1 1 1 1 1 1 1 1 1 1 1 1 1 1 1 1 1 1 1 1 1 1 1 1 1 1 1 1 1 1 1 1 1 1 1 1 1 1 1 1 1 1 1 1 1 1 1 1 1 1 1 1 1 1 1 1 1 1 1 1 1 1 1 1 1 1 1 1 1 1 1 1 1 1 1 1 1 1 1 1 1 1 1 1 1 1 1 1 1 1 1 1 1 1 1 1 1 1 1 1 1 1 1 1 1 1 1 1 1 1 1 1 1 1 1 1 1 1 1 1 1 1 1 1 1 1 1 1 1 1 1 1 1 1 1 1 1 1 1 1 1 1 1 1 1 1 1 1 1 1 1 1 1 1 1 1 1 1 1 1 1 1 1 1 1 1 1 1 1 1 1 1 1 1 1 1 1 1 1 1 1 1 1 1 1 1 1 1 1 1 1 1 1 1 1 1 1 1 1 1 1 1 1 1 1 1 1 1 1 1 1 1 1 1 1 1 1 1 1 1 1 1 1 1 1 1 1 1 1 1 1 1 1 1 1 1 1 1 1 1 1 1 1 1 1 1 1 1 1 1 1 1 1 1 1 1 1 1 1 1 1 1 1 1 1 1 1 1 1 1 1 1 1 1 1 1 1 1 1 1 1 1 1 1 1 1 1 1 1 1 1 1 1 1 1 1 1 1 1 1 1 1 1 1 1 1 1 1 1 1 1 1 1 1 1 1 1 1 1 1 1 1 1 1 1 1 1 1 1 1 1 1 1 1 1 1 1 1 1 1 1 1 1 1 1 1 1 1 1 1 1 1 1 1 1 1 1 1 1 1 1 1 1 1 1 1 1 1 1 1 1 1 1 1 1 1 1 1 1 1 1 1 1 1 1 1 1 1 1 1 1 1 1 1 1 1 1 1 1 1 1 1 1 1 1 1 1 1 1 1 1 1 1 1 1 1 1 1 1 1 1 1 1 1 1 1 1 1 1 1 1 1 1 1 1 1 1 1 1 1 1 1 1 1 1 1 1 1 1 1 1 1 1 1 1 1 1 1 1 1 1 1 1 1 1 1 1 1 1 1 1 1 1 1 1 1 1 1 1 1 1 1 1 1 1 1 1 1 1 1 1 1 1 1 1 1 1 1 1 1 1 1 1 1 1 1 1 1 1 1 1 1 1 1 1 0 0 0 0 0 0 0 0 0 0 1 1 1 1 1 1 1 1 1 1 1 1 1 1 1 1 1 1 1 1 1 1 1 1 1 1 1 1 1 1 1 1 1 1 1 1 1 1 1 1 1 1 1 1 1 1 1 1 1 1 1 1 1 1 1 1 1 1 
