# This file contains a 2D laser scan observation. 
# Its format is: 
# [aperture] [max_range] [number_of_scans] 
# [vector_of_scans] 
# [vector_of_valid_scans] 
# The aperture of the sensor is in radians, the maximum range 
# and measurements are in meters. '1' means a valid scan, '0' otherwise.
4.1847
5.6
682
2.009 2.019 2.019 2.02 2.023 2.023 2.032 2.039 2.044 3.84 3.864 3.864 3.864 3.864 0 0 0 0 0 0 0 0 0 0 0 0 0 0 0 0 0 0 0 0 2.904 2.899 2.877 2.852 2.829 2.816 2.792 2.783 2.766 2.75 2.729 2.571 2.531 2.531 2.531 2.518 2.48 2.403 2.377 2.336 2.307 2.292 2.254 2.248 2.221 2.221 2.184 2.184 2.159 2.141 2.12 2.12 2.12 2.095 2.082 2.012 1.979 1.971 1.96 1.945 1.928 1.928 1.928 1.944 2.286 2.286 2.286 2.283 2.265 2.263 2.25 2.244 2.238 2.225 2.213 2.154 1.578 1.574 1.562 1.554 1.547 1.536 1.532 1.531 1.531 1.523 1.515 1.514 1.509 1.509 1.498 1.497 1.498 1.497 1.495 1.485 1.481 1.477 1.469 1.466 1.466 1.458 1.457 1.456 1.451 1.438 1.437 1.436 1.435 1.431 1.431 1.429 1.425 1.417 1.411 1.41 1.409 1.409 1.408 1.408 1.406 1.406 1.398 1.396 1.389 1.389 1.392 1.389 1.389 1.378 1.378 1.375 1.372 1.371 1.368 1.368 1.368 1.369 1.369 1.37 1.369 1.375 1.367 1.367 1.367 1.367 1.367 1.367 1.369 1.369 1.367 1.367 1.365 1.365 1.365 1.362 1.362 1.365 1.365 1.36 1.362 1.365 1.365 1.362 1.365 1.365 1.364 1.363 1.364 1.364 1.364 1.366 1.366 1.366 1.366 1.366 1.366 1.366 1.366 1.37 1.372 1.373 1.374 1.376 1.379 1.379 1.379 1.379 1.386 1.388 1.388 1.39 1.39 1.39 1.391 1.39 1.398 1.4 1.4 1.4 1.401 1.402 1.404 1.405 1.411 1.414 1.42 1.421 1.421 1.422 1.422 1.422 1.429 1.435 1.441 1.445 1.451 1.45 1.45 1.451 1.453 1.465 1.465 1.467 1.469 1.473 1.474 1.483 1.484 1.494 1.495 1.502 1.503 1.505 1.509 1.512 1.513 1.517 1.518 1.52 1.535 1.637 1.637 1.637 1.629 1.626 1.626 1.626 1.627 1.629 1.64 1.651 1.67 1.676 1.686 1.687 1.697 1.706 1.708 1.711 1.713 1.722 1.73 1.733 1.748 1.811 1.826 1.826 1.826 0.892 0.885 0.878 0.866 0.864 0.859 0.859 0.856 0.843 0.816 0.81 0.81 0.807 0.803 0.803 0.801 0.799 0.798 0.798 0.768 0.763 0.763 0.758 0.763 0.758 0.76 0.754 0.745 0.739 0.734 0.727 0.727 0.727 0.74 0.74 0.74 0.733 0.724 0.724 0.712 0.711 0.711 0.711 0.71 0.681 0.68 0.68 0.68 0.688 0.688 0.688 0.687 0.676 0.673 0.668 0.666 0.665 0.657 0.657 0.658 0.658 0.658 0.658 0.654 0.651 0.649 0.633 0.612 0.612 0.612 0.612 0.612 0.614 0.614 0.614 0.615 0.616 0.619 0.622 0.622 0.622 0.604 0.602 0.599 0.599 0.598 0.598 0.597 0.598 0.598 0.609 0.612 0.614 0.612 0.609 0.608 0.604 0.604 0.602 0.602 0.603 0.603 0.602 0.596 0.596 0.595 0.588 0.588 0.588 0.581 0.579 0.576 0.576 0.576 0.578 0.578 0.578 0.578 0.572 0.572 0.576 0.576 0.576 0.58 0.583 0.589 0.589 0.589 0.585 0.556 0.555 0.555 0.55 0.554 0.55 0.55 0.549 0.55 0.55 0.552 0.554 0.559 0.559 0.56 0.56 0.559 0.557 0.552 0.552 0.551 0.549 0.551 0.55 0.55 0.55 0.554 0.554 0.568 0.57 0.577 0.577 0.577 0.578 0.58 0.58 0.581 0.581 0.58 0.579 0.579 0.578 0.578 0.58 0.58 0.577 0.58 0.58 0.586 0.588 0.588 0.588 0.588 0.585 0.584 0.581 0.579 0.579 0.581 0.583 0.583 0.583 0.571 0.558 0.558 0.558 0.563 0.567 0.568 0.59 0.59 0.59 0.59 0.59 0.59 0.59 0.591 0.591 0.591 0.591 0.595 0.595 0.597 0.601 0.601 0.606 0.609 0.616 0.617 0.619 0.62 0.62 0.62 0.62 0.621 0.621 0.631 0.631 0.631 0.627 0.618 0.617 0.612 0.617 0.618 0.625 0.631 0.64 0.64 0.634 0.634 0.634 0.634 0.634 0.637 0.641 0.643 0.648 0.659 0.667 0.667 0.676 0.689 0.689 0.689 0.688 0.686 0.686 0.688 0.688 0.7 0.708 0.726 0.728 0.728 0.726 0.723 0.712 0.712 0.716 0.716 0.718 0.719 0.723 0.74 0.761 0.771 0.772 0.775 0.775 0.775 0.775 0.775 0.775 0.775 0.775 0.782 0.785 0.821 0.821 0.821 0.822 0.822 0.829 0.834 0.837 0.849 0.871 0.875 0.879 0.879 0.879 0.881 0.892 0.931 0.931 0.931 0.923 0.922 0.919 0.919 0.919 0.916 0.919 0.925 0.936 0.953 0.958 0.96 0.965 0.969 0.971 0.98 0.982 1.036 1.055 1.055 1.055 0.972 0.965 0.96 0.96 0.957 0.957 0.957 0.957 0.955 0.95 0.948 0.946 0.945 0.944 0.942 0.935 0.934 0.934 0.93 0.929 0.929 0.93 0.929 0.928 0.928 0.916 0.912 0.912 0.91 0.908 0.907 0.905 0.905 0.902 0.902 0.902 0.902 0.9 0.9 0.899 0.898 0.894 0.894 0.894 0.895 0.897 0.897 0.897 0.896 0.892 0.889 0.889 0.889 0.889 0.889 0.889 0.888 0.888 0.887 0.884 0.887 0.884 0.884 0.885 0.888 0.885 0.888 0.888 0.893 0.893 0.894 0.898 
1 1 1 1 1 1 1 1 1 1 1 1 1 1 0 0 0 0 0 0 0 0 0 0 0 0 0 0 0 0 0 0 0 0 1 1 1 1 1 1 1 1 1 1 1 1 1 1 1 1 1 1 1 1 1 1 1 1 1 1 1 1 1 1 1 1 1 1 1 1 1 1 1 1 1 1 1 1 1 1 1 1 1 1 1 1 1 1 1 1 1 1 1 1 1 1 1 1 1 1 1 1 1 1 1 1 1 1 1 1 1 1 1 1 1 1 1 1 1 1 1 1 1 1 1 1 1 1 1 1 1 1 1 1 1 1 1 1 1 1 1 1 1 1 1 1 1 1 1 1 1 1 1 1 1 1 1 1 1 1 1 1 1 1 1 1 1 1 1 1 1 1 1 1 1 1 1 1 1 1 1 1 1 1 1 1 1 1 1 1 1 1 1 1 1 1 1 1 1 1 1 1 1 1 1 1 1 1 1 1 1 1 1 1 1 1 1 1 1 1 1 1 1 1 1 1 1 1 1 1 1 1 1 1 1 1 1 1 1 1 1 1 1 1 1 1 1 1 1 1 1 1 1 1 1 1 1 1 1 1 1 1 1 1 1 1 1 1 1 1 1 1 1 1 1 1 1 1 1 1 1 1 1 1 1 1 1 1 1 1 1 1 1 1 1 1 1 1 1 1 1 1 1 1 1 1 1 1 1 1 1 1 1 1 1 1 1 1 1 1 1 1 1 1 1 1 1 1 1 1 1 1 1 1 1 1 1 1 1 1 1 1 1 1 1 1 1 1 1 1 1 1 1 1 1 1 1 1 1 1 1 1 1 1 1 1 1 1 1 1 1 1 1 1 1 1 1 1 1 1 1 1 1 1 1 1 1 1 1 1 1 1 1 1 1 1 1 1 1 1 1 1 1 1 1 1 1 1 1 1 1 1 1 1 1 1 1 1 1 1 1 1 1 1 1 1 1 1 1 1 1 1 1 1 1 1 1 1 1 1 1 1 1 1 1 1 1 1 1 1 1 1 1 1 1 1 1 1 1 1 1 1 1 1 1 1 1 1 1 1 1 1 1 1 1 1 1 1 1 1 1 1 1 1 1 1 1 1 1 1 1 1 1 1 1 1 1 1 1 1 1 1 1 1 1 1 1 1 1 1 1 1 1 1 1 1 1 1 1 1 1 1 1 1 1 1 1 1 1 1 1 1 1 1 1 1 1 1 1 1 1 1 1 1 1 1 1 1 1 1 1 1 1 1 1 1 1 1 1 1 1 1 1 1 1 1 1 1 1 1 1 1 1 1 1 1 1 1 1 1 1 1 1 1 1 1 1 1 1 1 1 1 1 1 1 1 1 1 1 1 1 1 1 1 1 1 1 1 1 1 1 1 1 1 1 1 1 1 1 1 1 1 1 1 1 1 1 1 1 1 1 1 1 1 1 1 1 1 1 1 1 1 1 1 1 1 1 1 1 1 1 1 1 1 1 1 1 1 1 1 1 1 1 1 1 1 1 1 1 1 1 1 1 1 1 1 1 1 1 1 1 1 
