# This file contains a 2D laser scan observation. 
# Its format is: 
# [aperture] [max_range] [number_of_scans] 
# [vector_of_scans] 
# [vector_of_valid_scans] 
# The aperture of the sensor is in radians, the maximum range 
# and measurements are in meters. '1' means a valid scan, '0' otherwise.
4.1847
5.6
682
0.562 0.56 0.56 0.56 0.56 0.559 0.559 0.558 0.556 0.556 0.553 0.545 0.548 0.542 0.542 0.542 0.548 0.547 0.549 0.549 0.547 0.545 0.542 0.54 0.54 0.54 0.536 0.534 0.533 0.526 0.525 0.525 0.524 0.524 0.524 0.524 0.519 0.518 0.515 0.513 0.513 0.508 0.513 0.515 0.515 0.515 0.515 0.515 0.51 0.51 0.509 0.509 0.507 0.508 0.507 0.506 0.501 0.501 0.501 0.501 0.501 0.501 0.501 0.501 0.501 0.501 0.501 0.501 0.503 0.503 0.503 0.503 0.5 0.499 0.499 0.499 0.499 0.499 0.499 0.499 0.497 0.497 0.503 0.503 0.503 0.503 0.503 0.503 0.503 0.503 0.503 0.503 0.504 0.508 0.508 0.512 0.512 0.512 0.512 0.511 0.508 0.504 0.503 0.503 0.503 0.503 0.499 0.499 0.498 0.498 0.498 0.5 0.5 0.501 0.501 0.501 0.502 0.502 0.502 0.503 0.5 0.497 0.499 0.499 0.499 0.5 0.508 0.508 0.504 0.504 0.504 0.504 0.504 0.507 0.504 0.508 0.508 0.508 0.508 0.513 0.515 0.513 0.514 0.515 0.515 0.518 0.52 0.52 0.52 0.519 0.519 0.519 0.524 0.518 0.518 0.53 0.527 0.525 0.527 0.53 0.53 0.535 0.535 0.536 0.539 0.539 0.545 0.545 0.552 0.552 0.552 0.552 0.555 0.555 0.555 0.556 0.556 0.556 0.556 0.558 0.559 0.569 0.574 0.575 0.575 0.575 0.575 0.573 0.573 0.573 0.572 0.572 0.574 0.575 0.575 0.58 0.585 0.585 0.589 0.592 0.594 0.595 0.599 0.599 0.599 0.601 0.602 0.609 0.614 0.617 0.622 0.625 0.626 0.629 0.635 0.642 0.641 0.642 0.642 0.644 0.643 0.644 0.658 0.66 0.663 0.663 0.667 0.67 0.671 0.672 0.679 0.684 0.686 0.692 0.692 0.696 0.7 0.739 0.74 0.749 0.753 0.756 0.76 0.765 0.769 0.777 0.777 0.785 0.792 0.811 0.811 0.811 0.817 0.817 0.832 0.836 0.851 0.851 0.852 0.854 0.876 0.876 0.891 0.9 0.904 0.92 0.921 0.928 0.937 0.948 0.955 0.975 0.982 1.005 1.008 1.014 1.023 1.038 1.061 1.069 1.075 1.106 1.122 1.136 1.155 1.168 1.18 1.204 1.21 1.241 1.257 1.278 1.282 1.315 1.325 1.33 0.007 1.579 1.579 1.632 1.632 1.652 1.656 1.656 1.711 1.735 2.435 2.435 2.438 2.435 2.421 2.42 2.421 2.421 2.452 2.452 2.452 2.452 2.452 2.452 2.518 2.594 2.678 2.678 2.778 2.881 3.009 3.109 3.282 3.409 3.409 3.409 3.404 3.339 3.28 3.276 3.276 3.28 3.286 3.337 3.342 3.433 3.433 3.438 3.433 3.433 3.43 3.433 3.43 3.428 3.425 3.423 3.423 3.425 3.425 3.422 3.423 3.421 3.421 3.423 3.423 3.422 3.422 3.422 3.421 3.422 3.422 3.422 3.424 3.425 3.425 3.427 3.433 3.433 3.436 3.436 3.44 3.44 3.44 3.427 3.421 3.421 3.421 3.444 4.339 0.007 4.339 2.615 2.557 2.511 2.459 2.379 2.374 2.365 2.365 2.365 2.368 2.368 2.368 2.347 2.347 2.347 2.352 2.362 2.362 2.363 2.368 2.383 2.386 2.386 2.383 1.566 1.565 1.548 1.548 1.509 1.482 1.465 1.448 1.413 1.399 1.389 1.366 1.349 1.321 1.31 1.298 1.274 1.262 1.243 1.232 1.22 1.199 1.188 1.169 1.169 1.138 1.131 1.123 1.1 1.098 1.091 1.078 1.071 1.057 1.047 1.034 1.026 1.025 1.013 1.009 0.994 0.989 0.985 0.968 0.965 0.954 0.954 0.94 0.938 0.933 0.926 0.91 0.907 0.906 0.894 0.891 0.887 0.886 0.881 0.864 0.86 0.854 0.853 0.847 0.844 0.838 0.836 0.833 0.822 0.815 0.81 0.808 0.805 0.798 0.795 0.787 0.786 0.78 0.774 0.772 0.772 0.771 0.768 0.765 0.758 0.757 0.754 0.74 0.74 0.739 0.737 0.736 0.734 0.731 0.728 0.728 0.715 0.713 0.713 0.713 0.708 0.708 0.704 0.7 0.696 0.695 0.692 0.692 0.689 0.686 0.684 0.684 0.68 0.679 0.672 0.669 0.668 0.667 0.665 0.664 0.663 0.66 0.659 0.658 0.656 0.652 0.652 0.651 0.647 0.645 0.646 0.645 0.645 0.643 0.64 0.636 0.636 0.636 0.636 0.639 0.639 0.633 0.633 0.631 0.626 0.626 0.626 0.626 0.623 0.623 0.621 0.62 0.62 0.619 0.619 0.619 0.619 0.618 0.618 0.615 0.615 0.615 0.613 0.613 0.613 0.613 0.612 0.611 0.611 0.61 0.611 0.608 0.609 0.605 0.604 0.604 0.606 0.604 0.606 0.606 0.604 0.603 0.603 0.602 0.603 0.603 0.602 0.602 0.604 0.604 0.604 0.604 0.604 0.603 0.603 0.603 0.603 0.603 0.6 0.6 0.603 0.603 0.604 0.606 0.608 0.606 0.609 0.609 0.606 0.604 0.605 0.604 0.603 0.603 0.603 0.602 0.603 0.603 0.603 0.606 0.606 0.606 0.606 0.606 0.606 0.606 0.606 0.608 0.611 0.611 0.608 0.61 0.61 0.61 0.611 0.611 0.612 0.613 0.612 0.616 0.617 0.62 0.62 0.622 0.627 0.627 0.627 0.629 0.629 0.629 0.631 0.631 0.632 0.632 0.637 0.637 0.64 0.64 0.64 0.64 0.643 0.645 0.65 0.65 0.65 0.656 0.656 0.659 0.659 0.661 0.662 
1 1 1 1 1 1 1 1 1 1 1 1 1 1 1 1 1 1 1 1 1 1 1 1 1 1 1 1 1 1 1 1 1 1 1 1 1 1 1 1 1 1 1 1 1 1 1 1 1 1 1 1 1 1 1 1 1 1 1 1 1 1 1 1 1 1 1 1 1 1 1 1 1 1 1 1 1 1 1 1 1 1 1 1 1 1 1 1 1 1 1 1 1 1 1 1 1 1 1 1 1 1 1 1 1 1 1 1 1 1 1 1 1 1 1 1 1 1 1 1 1 1 1 1 1 1 1 1 1 1 1 1 1 1 1 1 1 1 1 1 1 1 1 1 1 1 1 1 1 1 1 1 1 1 1 1 1 1 1 1 1 1 1 1 1 1 1 1 1 1 1 1 1 1 1 1 1 1 1 1 1 1 1 1 1 1 1 1 1 1 1 1 1 1 1 1 1 1 1 1 1 1 1 1 1 1 1 1 1 1 1 1 1 1 1 1 1 1 1 1 1 1 1 1 1 1 1 1 1 1 1 1 1 1 1 1 1 1 1 1 1 1 1 1 1 1 1 1 1 1 1 1 1 1 1 1 1 1 1 1 1 1 1 1 1 1 1 1 1 1 1 1 1 1 1 1 1 1 1 1 1 1 1 1 1 1 1 1 1 1 1 1 1 1 1 1 0 1 1 1 1 1 1 1 1 1 1 1 1 1 1 1 1 1 1 1 1 1 1 1 1 1 1 1 1 1 1 1 1 1 1 1 1 1 1 1 1 1 1 1 1 1 1 1 1 1 1 1 1 1 1 1 1 1 1 1 1 1 1 1 1 1 1 1 1 1 1 1 1 1 1 1 1 1 1 1 1 1 1 1 1 1 1 1 1 0 1 1 1 1 1 1 1 1 1 1 1 1 1 1 1 1 1 1 1 1 1 1 1 1 1 1 1 1 1 1 1 1 1 1 1 1 1 1 1 1 1 1 1 1 1 1 1 1 1 1 1 1 1 1 1 1 1 1 1 1 1 1 1 1 1 1 1 1 1 1 1 1 1 1 1 1 1 1 1 1 1 1 1 1 1 1 1 1 1 1 1 1 1 1 1 1 1 1 1 1 1 1 1 1 1 1 1 1 1 1 1 1 1 1 1 1 1 1 1 1 1 1 1 1 1 1 1 1 1 1 1 1 1 1 1 1 1 1 1 1 1 1 1 1 1 1 1 1 1 1 1 1 1 1 1 1 1 1 1 1 1 1 1 1 1 1 1 1 1 1 1 1 1 1 1 1 1 1 1 1 1 1 1 1 1 1 1 1 1 1 1 1 1 1 1 1 1 1 1 1 1 1 1 1 1 1 1 1 1 1 1 1 1 1 1 1 1 1 1 1 1 1 1 1 1 1 1 1 1 1 1 1 1 1 1 1 1 1 1 1 1 1 1 1 1 1 1 1 1 1 1 1 1 1 1 1 1 1 1 1 1 1 1 1 1 1 1 1 1 1 1 1 1 1 1 1 1 1 1 1 1 1 1 1 1 1 1 1 1 1 1 1 1 1 1 1 
