# This file contains a 2D laser scan observation. 
# Its format is: 
# [aperture] [max_range] [number_of_scans] 
# [vector_of_scans] 
# [vector_of_valid_scans] 
# The aperture of the sensor is in radians, the maximum range 
# and measurements are in meters. '1' means a valid scan, '0' otherwise.
4.1847
5.6
682
0.639 0.637 0.637 0.637 0.637 0.635 0.631 0.632 0.63 0.626 0.626 0.624 0.623 0.622 0.622 0.619 0.617 0.618 0.618 0.617 0.612 0.606 0.606 0.606 0.604 0.604 0.603 0.603 0.602 0.602 0.602 0.601 0.6 0.6 0.6 0.594 0.594 0.594 0.594 0.592 0.594 0.592 0.592 0.59 0.593 0.59 0.59 0.589 0.588 0.588 0.589 0.588 0.592 0.592 0.584 0.584 0.584 0.584 0.584 0.586 0.586 0.586 0.584 0.587 0.584 0.584 0.584 0.585 0.584 0.585 0.585 0.586 0.586 0.586 0.585 0.585 0.585 0.583 0.585 0.585 0.586 0.585 0.586 0.585 0.585 0.584 0.584 0.584 0.584 0.586 0.587 0.589 0.587 0.589 0.594 0.59 0.59 0.59 0.59 0.59 0.589 0.594 0.594 0.594 0.594 0.594 0.595 0.595 0.595 0.597 0.597 0.597 0.598 0.598 0.598 0.598 0.6 0.601 0.601 0.601 0.601 0.601 0.603 0.603 0.605 0.606 0.608 0.608 0.609 0.611 0.613 0.615 0.617 0.619 0.62 0.622 0.625 0.626 0.626 0.626 0.619 0.605 0.598 0.593 0.598 0.598 0.598 0.599 0.6 0.6 0.61 0.611 0.611 0.611 0.614 0.617 0.617 0.628 0.632 0.633 0.637 0.647 0.681 0.688 0.688 0.698 0.702 0.702 0.7 0.7 0.702 0.71 0.71 0.711 0.726 0.728 0.731 0.732 0.733 0.738 0.744 0.746 0.747 0.748 0.754 0.76 0.764 0.764 0.772 0.772 0.773 0.78 0.789 0.79 0.795 0.795 0.795 0.799 0.795 0.795 0.801 0.81 0.811 0.815 0.823 0.826 0.837 0.842 0.842 0.847 0.854 0.86 1.805 1.805 1.805 1.805 1.802 1.784 1.779 1.775 1.755 1.75 1.734 1.721 1.719 1.713 1.703 1.701 1.679 1.678 1.664 1.662 1.655 1.651 1.638 1.633 1.62 1.619 1.603 1.602 1.59 1.587 1.578 1.569 1.556 1.55 1.529 1.524 1.518 1.511 1.506 1.503 1.503 1.493 1.49 1.483 1.483 1.483 1.493 1.522 1.522 1.503 1.503 1.501 1.488 1.475 1.473 1.473 1.473 1.475 1.5 1.539 1.539 1.605 1.634 1.665 1.699 1.731 1.755 1.797 1.824 1.866 1.892 1.944 1.992 2.021 2.067 2.111 2.161 2.213 2.265 2.322 2.392 2.45 2.45 2.45 2.445 2.416 2.414 2.408 2.314 2.314 2.314 2.323 2.323 2.329 2.332 2.339 2.456 2.456 2.45 2.45 2.449 2.448 2.447 2.444 2.441 2.439 2.438 2.436 2.432 2.431 2.429 2.427 2.427 2.427 2.427 2.427 2.425 2.419 2.418 2.418 2.419 2.421 2.421 2.421 2.421 2.417 2.417 2.417 2.417 2.416 2.418 2.418 2.418 2.419 2.421 2.421 2.422 2.422 2.423 2.426 2.426 2.426 2.429 2.432 2.437 2.44 2.441 2.442 2.443 2.443 2.443 2.443 2.438 2.418 2.418 2.418 2.429 2.471 0.007 3.389 3.387 3.389 3.389 3.397 3.403 3.403 3.403 1.627 1.623 1.593 1.589 1.556 1.525 1.501 1.47 1.402 1.402 1.388 1.38 1.349 1.345 1.345 1.349 1.353 1.362 1.37 1.371 1.371 1.521 1.521 1.346 1.346 1.353 1.351 1.353 1.354 1.358 1.364 1.364 1.366 1.371 1.375 1.376 1.385 1.386 1.411 1.411 1.414 1.417 1.429 1.433 1.439 1.439 1.447 1.45 1.457 1.461 1.465 1.474 1.474 1.479 1.492 1.499 1.505 1.506 1.519 1.52 1.52 1.535 1.545 1.545 1.556 1.563 1.571 1.571 1.584 1.595 1.597 1.599 1.611 1.611 1.611 0.72 0.709 0.706 0.701 0.69 0.68 0.68 0.679 0.677 0.671 0.665 0.665 0.665 0.665 0.668 0.671 0.671 0.668 0.664 0.663 0.661 0.656 0.652 0.649 0.649 0.64 0.637 0.635 0.631 0.63 0.626 0.626 0.626 0.625 0.624 0.618 0.611 0.61 0.61 0.61 0.602 0.601 0.597 0.597 0.597 0.595 0.593 0.593 0.589 0.587 0.587 0.587 0.586 0.585 0.578 0.578 0.577 0.577 0.572 0.571 0.569 0.568 0.568 0.566 0.566 0.562 0.562 0.561 0.555 0.555 0.551 0.551 0.551 0.551 0.551 0.551 0.548 0.548 0.544 0.544 0.539 0.544 0.539 0.539 0.539 0.539 0.539 0.539 0.539 0.538 0.537 0.537 0.534 0.532 0.532 0.531 0.532 0.531 0.528 0.526 0.528 0.528 0.528 0.53 0.53 0.53 0.527 0.527 0.524 0.524 0.524 0.524 0.524 0.52 0.52 0.525 0.52 0.52 0.519 0.517 0.516 0.517 0.517 0.518 0.518 0.519 0.519 0.526 0.526 0.526 0.526 0.52 0.52 0.525 0.525 0.519 0.519 0.518 0.518 0.518 0.518 0.518 0.518 0.52 0.525 0.525 0.525 0.525 0.519 0.519 0.525 0.528 0.528 0.53 0.528 0.525 0.525 0.525 0.524 0.524 0.524 0.524 0.521 0.521 0.527 0.527 0.527 0.528 0.528 0.528 0.529 0.529 0.529 0.53 0.53 0.532 0.533 0.538 0.539 0.539 0.539 0.536 0.536 0.536 0.537 0.538 0.539 0.54 0.543 0.543 0.543 0.548 0.548 0.547 0.548 0.549 0.553 0.556 0.556 0.555 0.556 0.559 0.56 0.561 0.561 0.562 0.562 0.567 0.57 0.573 0.574 0.574 0.575 0.577 0.577 0.579 0.582 0.584 0.588 0.588 0.588 0.59 0.59 0.594 0.598 0.603 0.605 0.606 
1 1 1 1 1 1 1 1 1 1 1 1 1 1 1 1 1 1 1 1 1 1 1 1 1 1 1 1 1 1 1 1 1 1 1 1 1 1 1 1 1 1 1 1 1 1 1 1 1 1 1 1 1 1 1 1 1 1 1 1 1 1 1 1 1 1 1 1 1 1 1 1 1 1 1 1 1 1 1 1 1 1 1 1 1 1 1 1 1 1 1 1 1 1 1 1 1 1 1 1 1 1 1 1 1 1 1 1 1 1 1 1 1 1 1 1 1 1 1 1 1 1 1 1 1 1 1 1 1 1 1 1 1 1 1 1 1 1 1 1 1 1 1 1 1 1 1 1 1 1 1 1 1 1 1 1 1 1 1 1 1 1 1 1 1 1 1 1 1 1 1 1 1 1 1 1 1 1 1 1 1 1 1 1 1 1 1 1 1 1 1 1 1 1 1 1 1 1 1 1 1 1 1 1 1 1 1 1 1 1 1 1 1 1 1 1 1 1 1 1 1 1 1 1 1 1 1 1 1 1 1 1 1 1 1 1 1 1 1 1 1 1 1 1 1 1 1 1 1 1 1 1 1 1 1 1 1 1 1 1 1 1 1 1 1 1 1 1 1 1 1 1 1 1 1 1 1 1 1 1 1 1 1 1 1 1 1 1 1 1 1 1 1 1 1 1 1 1 1 1 1 1 1 1 1 1 1 1 1 1 1 1 1 1 1 1 1 1 1 1 1 1 1 1 1 1 1 1 1 1 1 1 1 1 1 1 1 1 1 1 1 1 1 1 1 1 1 1 1 1 1 1 1 1 1 1 1 1 1 1 1 1 1 1 1 1 1 1 1 1 0 1 1 1 1 1 1 1 1 1 1 1 1 1 1 1 1 1 1 1 1 1 1 1 1 1 1 1 1 1 1 1 1 1 1 1 1 1 1 1 1 1 1 1 1 1 1 1 1 1 1 1 1 1 1 1 1 1 1 1 1 1 1 1 1 1 1 1 1 1 1 1 1 1 1 1 1 1 1 1 1 1 1 1 1 1 1 1 1 1 1 1 1 1 1 1 1 1 1 1 1 1 1 1 1 1 1 1 1 1 1 1 1 1 1 1 1 1 1 1 1 1 1 1 1 1 1 1 1 1 1 1 1 1 1 1 1 1 1 1 1 1 1 1 1 1 1 1 1 1 1 1 1 1 1 1 1 1 1 1 1 1 1 1 1 1 1 1 1 1 1 1 1 1 1 1 1 1 1 1 1 1 1 1 1 1 1 1 1 1 1 1 1 1 1 1 1 1 1 1 1 1 1 1 1 1 1 1 1 1 1 1 1 1 1 1 1 1 1 1 1 1 1 1 1 1 1 1 1 1 1 1 1 1 1 1 1 1 1 1 1 1 1 1 1 1 1 1 1 1 1 1 1 1 1 1 1 1 1 1 1 1 1 1 1 1 1 1 1 1 1 1 1 1 1 1 1 1 1 1 1 1 1 1 1 1 1 1 1 1 1 1 1 1 1 1 1 1 1 1 1 1 1 1 1 1 1 1 1 1 1 1 
