# This file contains a 2D laser scan observation. 
# Its format is: 
# [aperture] [max_range] [number_of_scans] 
# [vector_of_scans] 
# [vector_of_valid_scans] 
# The aperture of the sensor is in radians, the maximum range 
# and measurements are in meters. '1' means a valid scan, '0' otherwise.
4.1847
5.6
682
0.649 0.649 0.649 0.65 0.649 0.645 0.644 0.644 0.644 0.639 0.639 0.638 0.637 0.635 0.634 0.633 0.63 0.63 0.63 0.629 0.625 0.623 0.623 0.625 0.625 0.625 0.625 0.621 0.62 0.618 0.618 0.618 0.618 0.618 0.613 0.613 0.612 0.613 0.613 0.611 0.609 0.611 0.606 0.606 0.605 0.605 0.604 0.604 0.604 0.604 0.604 0.611 0.604 0.601 0.6 0.6 0.6 0.599 0.603 0.603 0.604 0.601 0.604 0.604 0.604 0.601 0.601 0.601 0.596 0.596 0.602 0.603 0.603 0.603 0.605 0.608 0.608 0.606 0.605 0.606 0.605 0.604 0.604 0.608 0.608 0.61 0.61 0.611 0.61 0.61 0.608 0.6 0.596 0.581 0.573 0.572 0.569 0.567 0.567 0.568 0.568 0.576 0.584 0.586 0.587 0.59 0.59 0.587 0.582 0.582 0.582 0.586 0.593 0.593 0.595 0.595 0.595 0.618 0.636 0.641 0.644 0.655 0.655 0.655 0.655 0.655 0.649 0.649 0.648 0.648 0.647 0.648 0.652 0.656 0.659 0.668 0.675 0.676 0.675 0.675 0.675 0.681 0.686 0.687 0.687 0.687 0.686 0.687 0.687 0.696 0.701 0.701 0.712 0.709 0.712 0.712 0.714 0.715 0.715 0.715 0.715 0.715 0.716 0.716 0.718 0.72 0.721 0.725 0.727 0.735 0.736 0.737 0.743 0.745 0.745 0.748 0.75 0.761 0.762 0.762 0.767 0.77 2.45 2.45 2.469 2.45 2.422 1.824 1.806 1.805 1.79 1.79 1.763 1.753 1.75 1.735 1.735 1.716 1.704 1.694 1.674 1.668 1.664 1.651 1.631 1.626 1.62 1.613 1.607 1.604 1.59 1.569 1.561 1.56 1.544 1.535 1.53 1.528 1.522 1.499 1.491 1.49 1.484 1.463 1.46 1.459 1.452 1.44 1.439 1.428 1.408 1.399 1.392 1.388 1.383 1.383 1.369 1.354 1.351 1.35 1.346 1.344 1.344 1.35 1.371 1.371 1.371 1.359 1.358 1.353 1.344 1.341 1.341 1.34 1.337 1.34 1.38 1.38 1.401 1.455 1.47 1.496 1.519 1.541 1.573 1.596 1.625 1.64 1.685 1.715 1.744 1.767 1.809 1.833 1.877 1.911 1.95 1.991 2.039 2.072 2.121 2.17 2.221 2.274 2.34 2.34 2.341 2.341 2.242 2.238 2.198 2.193 2.185 2.173 2.178 2.173 2.178 2.178 2.19 2.202 2.26 2.302 2.302 2.302 2.3 2.299 2.298 2.297 2.295 2.286 2.286 2.286 2.284 2.283 2.283 2.282 2.28 2.277 2.272 2.272 2.27 2.272 2.272 2.274 2.274 2.274 2.266 2.266 2.265 2.262 2.262 2.265 2.267 2.267 2.269 2.269 2.269 2.269 2.269 2.269 2.27 2.27 2.274 2.274 2.274 2.274 2.274 2.276 2.276 2.278 2.285 2.285 2.285 2.285 2.287 2.291 2.294 2.297 2.297 2.294 2.27 2.27 2.27 2.283 2.3 2.318 2.329 3.221 3.232 3.236 3.236 3.238 3.252 3.256 3.256 3.262 3.252 1.464 1.451 1.448 1.415 1.394 1.364 1.341 1.325 1.304 1.262 1.262 1.243 1.243 0.007 1.209 1.194 1.19 1.19 1.194 1.211 1.216 1.227 1.315 1.315 1.483 0.007 1.2 1.2 1.205 1.2 1.205 1.212 1.214 1.217 1.217 1.223 1.223 1.224 1.229 1.233 1.233 1.236 1.262 1.274 1.274 1.274 1.279 1.281 1.295 1.296 1.296 1.3 1.305 1.31 1.316 1.326 1.33 1.332 1.347 1.349 1.36 1.363 1.374 1.374 1.383 1.383 1.392 1.408 1.409 1.413 1.413 1.423 1.424 1.44 1.452 1.453 1.46 1.472 1.476 1.483 1.491 1.505 1.519 1.519 1.526 1.53 1.531 1.542 1.554 1.566 1.576 1.589 1.595 1.595 1.595 0.643 0.604 0.595 0.589 0.588 0.578 0.576 0.576 0.572 0.57 0.568 0.56 0.558 0.558 0.557 0.555 0.548 0.548 0.547 0.548 0.555 0.562 0.567 0.567 0.567 0.567 0.567 0.563 0.563 0.563 0.557 0.556 0.557 0.554 0.554 0.553 0.552 0.545 0.545 0.543 0.543 0.542 0.542 0.541 0.535 0.535 0.533 0.533 0.533 0.533 0.532 0.532 0.531 0.531 0.53 0.526 0.525 0.524 0.524 0.522 0.52 0.52 0.52 0.519 0.519 0.519 0.519 0.519 0.518 0.517 0.513 0.514 0.512 0.511 0.511 0.511 0.51 0.508 0.51 0.51 0.51 0.51 0.51 0.505 0.504 0.503 0.503 0.5 0.5 0.5 0.502 0.501 0.502 0.502 0.502 0.508 0.508 0.505 0.505 0.505 0.502 0.502 0.502 0.502 0.502 0.502 0.502 0.502 0.503 0.503 0.502 0.503 0.503 0.501 0.501 0.503 0.503 0.501 0.501 0.503 0.503 0.504 0.506 0.506 0.504 0.503 0.503 0.503 0.503 0.503 0.503 0.505 0.505 0.503 0.506 0.506 0.506 0.506 0.506 0.506 0.508 0.511 0.511 0.511 0.511 0.511 0.511 0.508 0.511 0.513 0.51 0.514 0.514 0.516 0.516 0.52 0.517 0.519 0.52 0.519 0.519 0.519 0.519 0.518 0.519 0.518 0.518 0.52 0.52 0.527 0.529 0.53 0.53 0.533 0.534 0.535 0.535 0.536 0.54 0.541 0.547 0.547 0.547 0.543 0.543 0.543 0.551 0.552 0.554 0.554 0.556 0.555 0.556 0.557 0.565 0.565 0.566 0.572 0.575 0.576 0.576 0.576 0.576 0.576 0.581 0.589 0.589 0.592 0.592 0.595 
1 1 1 1 1 1 1 1 1 1 1 1 1 1 1 1 1 1 1 1 1 1 1 1 1 1 1 1 1 1 1 1 1 1 1 1 1 1 1 1 1 1 1 1 1 1 1 1 1 1 1 1 1 1 1 1 1 1 1 1 1 1 1 1 1 1 1 1 1 1 1 1 1 1 1 1 1 1 1 1 1 1 1 1 1 1 1 1 1 1 1 1 1 1 1 1 1 1 1 1 1 1 1 1 1 1 1 1 1 1 1 1 1 1 1 1 1 1 1 1 1 1 1 1 1 1 1 1 1 1 1 1 1 1 1 1 1 1 1 1 1 1 1 1 1 1 1 1 1 1 1 1 1 1 1 1 1 1 1 1 1 1 1 1 1 1 1 1 1 1 1 1 1 1 1 1 1 1 1 1 1 1 1 1 1 1 1 1 1 1 1 1 1 1 1 1 1 1 1 1 1 1 1 1 1 1 1 1 1 1 1 1 1 1 1 1 1 1 1 1 1 1 1 1 1 1 1 1 1 1 1 1 1 1 1 1 1 1 1 1 1 1 1 1 1 1 1 1 1 1 1 1 1 1 1 1 1 1 1 1 1 1 1 1 1 1 1 1 1 1 1 1 1 1 1 1 1 1 1 1 1 1 1 1 1 1 1 1 1 1 1 1 1 1 1 1 1 1 1 1 1 1 1 1 1 1 1 1 1 1 1 1 1 1 1 1 1 1 1 1 1 1 1 1 1 1 1 1 1 1 1 1 1 1 1 1 1 1 1 1 1 1 1 1 1 1 1 1 1 1 1 1 1 1 1 1 1 1 1 1 1 1 1 1 1 1 1 1 1 1 1 1 1 1 1 1 1 1 1 1 1 1 1 1 1 1 1 1 1 1 0 1 1 1 1 1 1 1 1 1 1 1 0 1 1 1 1 1 1 1 1 1 1 1 1 1 1 1 1 1 1 1 1 1 1 1 1 1 1 1 1 1 1 1 1 1 1 1 1 1 1 1 1 1 1 1 1 1 1 1 1 1 1 1 1 1 1 1 1 1 1 1 1 1 1 1 1 1 1 1 1 1 1 1 1 1 1 1 1 1 1 1 1 1 1 1 1 1 1 1 1 1 1 1 1 1 1 1 1 1 1 1 1 1 1 1 1 1 1 1 1 1 1 1 1 1 1 1 1 1 1 1 1 1 1 1 1 1 1 1 1 1 1 1 1 1 1 1 1 1 1 1 1 1 1 1 1 1 1 1 1 1 1 1 1 1 1 1 1 1 1 1 1 1 1 1 1 1 1 1 1 1 1 1 1 1 1 1 1 1 1 1 1 1 1 1 1 1 1 1 1 1 1 1 1 1 1 1 1 1 1 1 1 1 1 1 1 1 1 1 1 1 1 1 1 1 1 1 1 1 1 1 1 1 1 1 1 1 1 1 1 1 1 1 1 1 1 1 1 1 1 1 1 1 1 1 1 1 1 1 1 1 1 1 1 1 1 1 1 1 1 1 1 1 1 1 1 1 1 1 1 1 1 1 1 1 1 1 1 1 1 1 
