# This file contains a 2D laser scan observation. 
# Its format is: 
# [aperture] [max_range] [number_of_scans] 
# [vector_of_scans] 
# [vector_of_valid_scans] 
# The aperture of the sensor is in radians, the maximum range 
# and measurements are in meters. '1' means a valid scan, '0' otherwise.
4.1847
5.6
682
1.376 1.388 1.389 1.389 1.395 1.403 1.41 1.413 1.42 1.429 1.436 1.439 1.445 1.462 1.465 1.479 1.483 1.498 1.504 1.507 1.517 1.53 1.533 1.548 1.557 1.571 1.575 1.59 1.591 1.608 1.614 1.622 1.633 1.65 1.654 1.672 1.674 1.697 1.704 1.717 1.733 1.746 1.749 1.767 1.785 1.791 1.792 1.812 1.812 1.805 1.792 1.74 1.695 1.689 1.689 1.689 1.67 1.67 1.67 1.67 1.681 1.681 1.691 1.704 1.704 1.72 1.739 1.778 1.778 1.778 1.772 1.76 1.755 1.753 1.748 1.735 1.733 1.73 1.721 1.716 1.708 1.697 1.694 1.69 1.682 1.679 1.674 1.674 1.672 1.663 1.653 1.643 1.638 1.636 1.634 1.631 1.63 1.618 1.617 1.615 1.61 1.609 1.608 1.607 1.599 1.592 1.59 1.588 1.581 1.574 1.572 1.571 1.564 1.562 1.562 1.56 1.552 1.525 0.405 0.371 0.368 0.368 0.366 0.368 0.366 0.366 0.365 0.365 0.365 0.366 0.371 0.375 0.375 0.382 0.382 0.381 0.381 0.381 0.381 0.382 0.39 0.397 0.401 0.401 0.399 0.397 0.399 0.399 0.388 0.388 0.375 0.328 0.323 0.323 0.323 0.323 0.323 0.325 0.325 0.329 0.331 0.334 0.341 0.369 0.374 0.39 0.392 0.399 0.399 0.399 0.392 0.379 0.372 0.365 0.35 0.333 0.328 0.328 0.328 0.328 0.328 0.329 0.32 0.32 0.32 0.32 0.319 0.319 0.325 0.329 0.33 0.332 0.33 0.33 0.332 0.326 0.324 0.324 0.324 0.324 0.33 0.33 0.33 0.33 0.328 0.326 0.326 0.328 0.328 0.328 0.338 0.34 0.328 0.334 0.335 0.335 0.335 0.34 0.353 0.354 0.354 0.353 0.359 0.36 0.358 0.359 0.359 0.358 0.357 0.357 0.356 0.357 0.357 0.361 0.365 0.369 0.369 0.366 0.369 0.369 0.366 0.371 0.372 0.378 0.378 0.378 0.381 0.38 0.38 0.384 0.384 0.387 0.388 0.388 0.388 0.389 0.392 0.398 0.398 0.398 0.398 0.398 0.398 0.408 0.408 0.411 0.411 0.412 0.412 0.414 0.414 0.418 0.418 0.422 0.422 0.423 0.422 0.422 0.423 0.434 0.436 0.443 0.443 0.445 0.445 0.446 0.446 0.449 0.454 0.456 0.46 0.463 0.464 0.47 0.473 0.473 0.474 0.478 0.478 0.478 0.489 0.493 0.493 0.496 0.502 0.505 0.506 0.507 0.514 0.517 0.52 0.522 0.525 0.528 0.533 0.535 0.543 0.547 0.547 0.553 0.563 0.568 0.568 0.572 0.572 0.583 0.585 0.586 0.604 0.605 0.609 0.616 0.616 0.627 0.63 0.646 0.655 0.655 0.662 0.655 0.657 0.657 0.667 0.667 0.67 0.676 0.693 0.701 0.708 0.724 0.728 0.734 0.755 1.536 1.554 1.58 1.58 1.616 1.637 1.664 1.694 1.713 1.713 1.713 1.705 1.699 1.699 1.687 1.685 1.684 1.682 1.676 1.676 1.676 1.676 1.669 1.658 1.658 1.654 1.654 1.652 1.649 1.649 1.644 1.642 1.64 1.635 1.633 1.633 1.631 1.63 1.624 1.624 1.62 1.617 1.615 1.617 1.617 1.615 1.613 1.61 1.61 1.609 1.609 1.609 1.608 1.606 1.606 1.609 1.607 1.609 1.609 1.616 1.608 1.609 1.609 1.62 0 0 0 0 0 0 0 0 0 0 0 0 0 0 0 0 0 0 0 0 0 0 0 0 0 0 0.007 0 0 0 0 3.68 3.68 3.68 3.687 3.694 3.695 3.702 3.716 3.727 3.729 3.732 3.738 3.747 3.751 3.759 3.765 3.77 3.784 3.794 3.797 3.801 3.811 3.815 3.825 3.842 3.85 3.862 3.876 3.883 3.883 3.884 3.907 0 0 0 0 0 0 0 0 0 0.007 3.375 3.272 3.248 3.202 3.193 3.122 3.09 3.076 3.02 2.974 2.965 2.938 2.894 2.859 2.835 2.806 2.78 2.74 2.728 2.676 2.663 2.637 2.617 2.583 2.563 2.557 2.504 2.488 2.469 2.443 2.428 2.397 2.373 2.341 2.34 2.32 2.305 2.283 2.269 2.248 2.239 2.225 2.202 2.196 2.192 2.16 2.149 2.14 2.14 2.14 2.158 2.173 2.185 2.202 2.203 2.227 2.234 2.246 2.262 2.278 2.293 2.313 2.325 2.342 2.367 2.371 2.394 2.394 2.394 2.365 2.356 2.342 2.334 2.323 2.311 2.306 2.29 2.284 2.276 2.271 2.257 2.248 2.242 2.227 2.22 2.216 2.208 2.198 2.198 2.198 2.167 2.167 1.08 1.08 1.05 1.046 0.636 0.634 0.634 0.633 0.631 0.625 0.625 0.624 0.619 0.619 0.617 0.616 0.617 0.617 0.609 0.609 0.608 0.608 0.608 0.602 0.602 0.6 0.6 0.6 0.6 0.594 0.592 0.59 0.588 0.588 0.588 0.585 0.583 0.583 0.582 0.582 0.581 0.582 0.582 0.582 0.581 0.584 0.583 0.581 0.581 0.578 0.578 0.578 0.575 0.575 0.575 0.571 0.571 0.571 0.571 0.571 0.571 0.567 0.567 0.566 0.566 0.567 0.571 0.571 0.578 0.578 0.578 0.581 0.581 0.581 0.585 0.589 0.589 0.589 0.595 0.596 0.595 0.595 0.59 0.586 0.586 0.59 0.597 0.597 0.597 0.587 0.507 0.45 0.45 0.45 0.419 0.418 0.414 0.399 0.39 0.39 
1 1 1 1 1 1 1 1 1 1 1 1 1 1 1 1 1 1 1 1 1 1 1 1 1 1 1 1 1 1 1 1 1 1 1 1 1 1 1 1 1 1 1 1 1 1 1 1 1 1 1 1 1 1 1 1 1 1 1 1 1 1 1 1 1 1 1 1 1 1 1 1 1 1 1 1 1 1 1 1 1 1 1 1 1 1 1 1 1 1 1 1 1 1 1 1 1 1 1 1 1 1 1 1 1 1 1 1 1 1 1 1 1 1 1 1 1 1 1 1 1 1 1 1 1 1 1 1 1 1 1 1 1 1 1 1 1 1 1 1 1 1 1 1 1 1 1 1 1 1 1 1 1 1 1 1 1 1 1 1 1 1 1 1 1 1 1 1 1 1 1 1 1 1 1 1 1 1 1 1 1 1 1 1 1 1 1 1 1 1 1 1 1 1 1 1 1 1 1 1 1 1 1 1 1 1 1 1 1 1 1 1 1 1 1 1 1 1 1 1 1 1 1 1 1 1 1 1 1 1 1 1 1 1 1 1 1 1 1 1 1 1 1 1 1 1 1 1 1 1 1 1 1 1 1 1 1 1 1 1 1 1 1 1 1 1 1 1 1 1 1 1 1 1 1 1 1 1 1 1 1 1 1 1 1 1 1 1 1 1 1 1 1 1 1 1 1 1 1 1 1 1 1 1 1 1 1 1 1 1 1 1 1 1 1 1 1 1 1 1 1 1 1 1 1 1 1 1 1 1 1 1 1 1 1 1 1 1 1 1 1 1 1 1 1 1 1 1 1 1 1 1 1 1 1 1 1 1 1 1 1 1 1 1 1 1 1 1 1 1 1 1 1 1 1 1 1 1 1 1 1 1 1 1 1 1 1 1 1 1 1 1 1 1 1 1 1 1 1 1 1 1 1 1 1 1 1 1 1 1 1 1 1 1 1 1 1 0 0 0 0 0 0 0 0 0 0 0 0 0 0 0 0 0 0 0 0 0 0 0 0 0 0 0 0 0 0 0 1 1 1 1 1 1 1 1 1 1 1 1 1 1 1 1 1 1 1 1 1 1 1 1 1 1 1 1 1 1 1 1 0 0 0 0 0 0 0 0 0 0 1 1 1 1 1 1 1 1 1 1 1 1 1 1 1 1 1 1 1 1 1 1 1 1 1 1 1 1 1 1 1 1 1 1 1 1 1 1 1 1 1 1 1 1 1 1 1 1 1 1 1 1 1 1 1 1 1 1 1 1 1 1 1 1 1 1 1 1 1 1 1 1 1 1 1 1 1 1 1 1 1 1 1 1 1 1 1 1 1 1 1 1 1 1 1 1 1 1 1 1 1 1 1 1 1 1 1 1 1 1 1 1 1 1 1 1 1 1 1 1 1 1 1 1 1 1 1 1 1 1 1 1 1 1 1 1 1 1 1 1 1 1 1 1 1 1 1 1 1 1 1 1 1 1 1 1 1 1 1 1 1 1 1 1 1 1 1 1 1 1 1 1 1 1 1 1 1 1 1 1 1 1 1 1 1 1 1 1 1 1 1 1 
