# This file contains a 2D laser scan observation. 
# Its format is: 
# [aperture] [max_range] [number_of_scans] 
# [vector_of_scans] 
# [vector_of_valid_scans] 
# The aperture of the sensor is in radians, the maximum range 
# and measurements are in meters. '1' means a valid scan, '0' otherwise.
4.1847
5.6
682
0.478 0.482 0.485 0.482 0.487 0.488 0.49 0.489 0.49 0.493 0.493 0.492 0.493 0.493 0.493 0.498 0.501 0.512 0.516 0.519 0.526 0.537 0.538 0.538 0.538 0.538 0.537 0.533 0.529 0.51 0.507 0.501 0.496 0.493 0.493 0.491 0.488 0.482 0.482 0.482 0.482 0.484 0.489 0.509 0.786 0.786 0.786 0.786 0.786 0.786 0.786 0.786 0.786 0.783 0.783 0.79 0.79 0.791 0.791 0.791 0.793 0.793 0.793 0.795 0.794 0.795 0.795 0.797 0.804 0.805 0.804 0.809 0.808 0.809 0.809 0.814 0.816 0.817 0.82 0.82 0.822 0.821 0.822 0.826 0.829 0.828 0.829 0.83 0.829 0.83 0.847 0.842 0.847 0.851 0.851 0.851 0.851 0.852 0.852 0.859 0.859 0.86 0.86 0.869 0.869 0.871 0.873 0.878 0.881 0.886 0.889 0.892 0.899 0.899 0.9 0.904 0.909 0.91 0.916 0.919 0.93 0.933 0.933 0.935 0.941 0.942 0.943 0.949 0.961 0.961 0.962 0.962 0.968 0.977 0.991 0.994 0.995 0.996 1.005 1.006 1.016 1.02 1.023 1.031 1.036 1.038 1.048 1.054 1.059 1.064 1.066 1.082 1.087 1.087 1.087 1.059 0.996 0.98 0.973 0.955 0.954 0.948 0.947 0.937 0.936 0.934 0.928 0.928 0.926 0.928 0.924 0.922 0.922 0.922 0.922 0.919 0.919 0.919 0.919 0.922 0.93 0.93 0.934 0.94 0.942 0.943 0.952 0.956 0.961 0.979 1.003 1.052 1.091 1.098 1.098 1.091 1.09 1.086 1.085 1.078 1.075 1.07 1.07 1.066 1.059 1.055 1.055 1.055 1.047 1.045 1.043 1.034 1.034 1.034 1.034 1.034 1.033 1.028 1.023 1.023 1.02 1.018 1.018 1.016 1.011 1.006 1.005 1.005 1.005 1.003 0.99 0.99 0.99 0.99 0.99 0.99 0.988 0.992 0.988 0.987 0.986 0.983 0.983 0.982 0.982 0.982 0.982 0.982 0.985 1.014 1.038 1.092 1.12 1.172 1.198 1.261 1.316 2.963 2.972 2.972 2.972 2.973 0 0 0 0 0 2.969 2.966 2.966 2.966 2.966 0 0 0 2.974 2.97 2.967 2.967 2.968 2.968 2.971 2.974 2.975 2.975 2.978 2.978 2.982 2.982 2.99 2.99 2.996 2.997 2.999 2.999 2.999 3.002 3.002 2.998 2.545 2.545 2.545 3.011 3.018 3.027 3.027 3.034 3.035 3.046 3.049 3.051 3.051 3.051 3.028 2.919 2.744 2.739 2.734 2.734 2.739 2.748 2.753 2.757 2.761 2.766 2.769 2.769 2.775 2.777 2.792 2.796 2.798 2.809 2.811 2.821 2.823 2.825 2.844 3.25 3.255 3.255 3.25 3.212 3.191 3.173 3.119 3.091 3.073 3.018 3 2.972 2.913 2.878 2.838 2.791 2.768 2.723 2.704 2.678 2.633 2.614 2.584 2.57 2.532 2.503 2.496 2.458 2.427 2.414 2.389 2.363 2.353 2.329 2.312 2.293 2.266 2.246 2.233 2.205 2.194 2.176 2.154 2.131 2.116 2.109 2.091 2.069 2.048 2.043 2.026 2.008 1.988 1.982 1.969 1.946 1.939 1.926 1.92 1.906 1.889 1.87 1.864 1.859 1.843 1.831 1.83 1.808 1.802 1.777 1.776 1.755 1.743 1.735 1.735 1.732 1.708 1.702 1.698 1.69 1.667 1.663 1.659 1.648 1.637 1.635 1.623 1.587 1.575 1.575 1.575 1.582 1.599 1.611 1.628 1.641 1.648 1.667 1.686 1.698 1.713 1.734 1.742 1.773 1.792 1.803 1.817 1.853 1.865 1.88 1.901 1.901 1.901 1.865 1.854 1.849 1.844 1.843 1.835 1.83 1.815 1.815 1.805 1.804 1.803 1.803 1.791 1.788 1.786 1.772 1.772 1.771 1.765 1.762 1.761 1.753 1.751 1.748 1.748 1.745 1.742 1.74 1.739 1.739 1.737 1.73 1.726 1.725 1.717 1.714 1.712 1.711 1.708 1.708 1.705 1.705 1.7 1.7 1.696 1.696 1.693 1.69 1.69 1.685 1.668 1.661 1.646 1.644 1.615 1.61 1.597 1.584 1.573 1.564 1.549 1.535 1.52 1.516 1.505 1.497 1.477 1.474 1.456 1.451 1.432 1.428 1.42 1.417 1.39 1.39 1.384 1.364 1.362 1.352 1.351 1.339 1.326 1.271 1.265 1.247 1.175 1.04 0.899 0.788 0.783 0.779 0.779 0.763 0.76 0.76 0.756 0.76 0.76 0.764 0.764 0.764 0.761 0.761 0.758 0.758 0.761 0.762 0.762 0.762 0.762 0.762 0.766 0.761 0.766 0.766 0.766 0.771 0.772 0.771 0.767 0.774 0.775 0.772 0.777 0.78 0.78 0.781 0.781 0.785 0.784 0.784 0.787 0.787 0.784 0.775 0.775 0.775 0.787 0.802 0.803 0.803 0.802 0.781 0.78 0.771 0.76 0.749 0.742 0.734 0.714 0.708 0.698 0.692 0.683 0.675 0.669 0.654 0.652 0.649 0.643 0.631 0.625 0.624 0.613 0.604 0.599 0.595 0.588 0.583 0.578 0.578 0.576 0.571 0.561 0.557 0.555 0.541 0.54 0.538 0.536 0.532 0.521 0.521 0.521 0.516 0.512 0.508 0.507 0.501 0.501 0.501 0.501 0.501 0.495 0.495 0.496 0.498 0.498 0.498 0.503 0.503 0.506 0.51 0.513 0.514 0.517 0.522 0.525 0.53 0.53 0.54 0.544 0.546 0.551 0.551 0.553 0.557 0.56 0.562 0.571 0.576 0.576 0.581 0.581 0.581 0.597 0.6 0.601 
1 1 1 1 1 1 1 1 1 1 1 1 1 1 1 1 1 1 1 1 1 1 1 1 1 1 1 1 1 1 1 1 1 1 1 1 1 1 1 1 1 1 1 1 1 1 1 1 1 1 1 1 1 1 1 1 1 1 1 1 1 1 1 1 1 1 1 1 1 1 1 1 1 1 1 1 1 1 1 1 1 1 1 1 1 1 1 1 1 1 1 1 1 1 1 1 1 1 1 1 1 1 1 1 1 1 1 1 1 1 1 1 1 1 1 1 1 1 1 1 1 1 1 1 1 1 1 1 1 1 1 1 1 1 1 1 1 1 1 1 1 1 1 1 1 1 1 1 1 1 1 1 1 1 1 1 1 1 1 1 1 1 1 1 1 1 1 1 1 1 1 1 1 1 1 1 1 1 1 1 1 1 1 1 1 1 1 1 1 1 1 1 1 1 1 1 1 1 1 1 1 1 1 1 1 1 1 1 1 1 1 1 1 1 1 1 1 1 1 1 1 1 1 1 1 1 1 1 1 1 1 1 1 1 1 1 1 1 1 1 1 1 1 1 1 1 1 1 1 1 1 1 1 1 1 1 1 1 1 1 1 1 0 0 0 0 0 1 1 1 1 1 0 0 0 1 1 1 1 1 1 1 1 1 1 1 1 1 1 1 1 1 1 1 1 1 1 1 1 1 1 1 1 1 1 1 1 1 1 1 1 1 1 1 1 1 1 1 1 1 1 1 1 1 1 1 1 1 1 1 1 1 1 1 1 1 1 1 1 1 1 1 1 1 1 1 1 1 1 1 1 1 1 1 1 1 1 1 1 1 1 1 1 1 1 1 1 1 1 1 1 1 1 1 1 1 1 1 1 1 1 1 1 1 1 1 1 1 1 1 1 1 1 1 1 1 1 1 1 1 1 1 1 1 1 1 1 1 1 1 1 1 1 1 1 1 1 1 1 1 1 1 1 1 1 1 1 1 1 1 1 1 1 1 1 1 1 1 1 1 1 1 1 1 1 1 1 1 1 1 1 1 1 1 1 1 1 1 1 1 1 1 1 1 1 1 1 1 1 1 1 1 1 1 1 1 1 1 1 1 1 1 1 1 1 1 1 1 1 1 1 1 1 1 1 1 1 1 1 1 1 1 1 1 1 1 1 1 1 1 1 1 1 1 1 1 1 1 1 1 1 1 1 1 1 1 1 1 1 1 1 1 1 1 1 1 1 1 1 1 1 1 1 1 1 1 1 1 1 1 1 1 1 1 1 1 1 1 1 1 1 1 1 1 1 1 1 1 1 1 1 1 1 1 1 1 1 1 1 1 1 1 1 1 1 1 1 1 1 1 1 1 1 1 1 1 1 1 1 1 1 1 1 1 1 1 1 1 1 1 1 1 1 1 1 1 1 1 1 1 1 1 1 1 1 1 1 1 1 1 1 1 1 1 1 1 1 1 1 1 1 1 1 1 1 1 1 1 1 1 1 1 1 1 1 1 1 1 1 1 1 1 1 1 1 1 1 1 1 1 1 1 1 1 1 1 1 1 1 1 1 1 
