# This file contains a 2D laser scan observation. 
# Its format is: 
# [aperture] [max_range] [number_of_scans] 
# [vector_of_scans] 
# [vector_of_valid_scans] 
# The aperture of the sensor is in radians, the maximum range 
# and measurements are in meters. '1' means a valid scan, '0' otherwise.
4.1847
5.6
682
0.951 0.948 0.948 0.948 0.947 0.947 0.947 0.941 0.941 0.939 0.939 0.942 0.943 0.943 0.943 0.943 0.94 0.94 0.94 0.935 0.935 0.939 0.934 0.939 0.939 0.929 0.929 0.929 0.929 0.929 0.933 0.933 0.933 0.933 0.933 0.933 0.933 0.93 0.932 0.932 0.933 0.932 0.933 0.935 0.935 0.935 0.936 0.935 0.937 0.937 0.938 0.935 0.94 0.936 0.936 0.936 0.942 0.939 0.939 0.942 0.942 0.946 0.946 0.95 0.95 0.95 0.948 0.95 0.953 0.953 0.953 0.954 0.954 0.955 0.955 0.96 0.96 0.96 0.96 0.964 0.965 0.968 0.97 0.975 0.975 0.975 0.881 0.842 0.828 0.821 0.807 0.802 0.795 0.793 0.792 0.792 0.786 0.786 0.784 0.784 0.778 0.773 0.773 0.773 0.775 0.775 0.775 0.778 0.772 0.772 0.772 0.775 0.775 0.778 0.776 0.778 0.778 0.779 0.783 0.787 0.789 0.792 0.795 0.8 0.8 0.825 0.843 0.877 0.919 0.919 0.919 0.898 0.895 0.884 0.874 0.871 0.864 0.862 0.85 0.842 0.836 0.829 0.82 0.819 0.81 0.807 0.795 0.792 0.787 0.778 0.778 0.772 0.766 0.758 0.758 0.753 0.75 0.749 0.74 0.739 0.732 0.731 0.726 0.722 0.712 0.701 0.701 0.701 0.699 0.697 0.689 0.688 0.687 0.678 0.672 0.672 0.672 0.665 0.665 0.665 0.654 0.651 0.651 0.649 0.643 0.643 0.643 0.634 0.634 0.631 0.629 0.631 0.639 0.639 0.641 0.647 0.647 0.662 0.668 0.675 0.678 0.689 0.69 0.692 0.694 0.713 0.714 0.719 0.738 0.742 0.751 0.758 0.772 0.782 0.785 0.798 0.811 0.819 0.831 0.843 0.855 0.868 0.88 0.882 0.899 0.918 0.923 0.933 0.95 0.974 0.981 0.986 1.013 1.029 1.036 2.569 2.569 2.569 2.569 2.562 2.556 2.552 2.537 2.537 2.537 2.537 2.555 2.587 2.587 2.587 2.582 2.578 2.576 2.576 2.578 0 0 0 0 0 0 2.559 2.551 2.547 2.547 2.544 2.547 2.547 0 0 0 2.542 2.54 2.535 2.535 2.537 2.537 2.537 2.537 2.533 2.533 2.53 2.53 2.53 2.53 2.532 2.532 2.535 2.535 2.535 2.532 2.536 2.536 2.54 2.541 2.541 2.541 2.541 2.541 2.548 2.548 2.548 2.548 2.048 2.048 2.048 2.093 2.55 2.558 2.56 2.565 2.568 2.569 2.571 2.573 2.579 2.587 2.587 2.587 2.587 2.587 2.578 2.564 2.272 2.27 2.27 2.27 2.27 2.273 2.28 2.284 2.289 2.289 2.296 2.297 2.299 2.303 2.313 2.315 2.315 2.324 2.325 2.326 2.328 2.335 2.34 2.34 2.352 2.355 2.36 2.368 2.778 2.782 2.785 2.785 2.785 2.785 2.715 2.708 2.703 2.677 2.639 2.585 2.543 2.499 2.467 2.44 2.42 2.376 2.359 2.338 2.303 2.295 2.268 2.238 2.216 2.194 2.172 2.156 2.135 2.105 2.09 2.073 2.058 2.034 2.013 1.997 1.973 1.954 1.938 1.933 1.916 1.891 1.871 1.858 1.841 1.832 1.827 1.803 1.786 1.77 1.758 1.745 1.731 1.72 1.715 1.7 1.687 1.674 1.668 1.641 1.635 1.627 1.613 1.604 1.598 1.581 1.573 1.565 1.552 1.542 1.536 1.528 1.516 1.501 1.501 1.49 1.483 1.474 1.465 1.45 1.445 1.436 1.435 1.422 1.417 1.406 1.405 1.395 1.379 1.375 1.37 1.362 1.361 1.356 1.352 1.345 1.335 1.332 1.331 1.32 1.313 1.309 1.302 1.301 1.294 1.288 1.287 1.281 1.278 1.269 1.265 1.259 1.256 1.251 1.251 1.247 1.242 1.234 1.228 1.227 1.221 1.22 1.211 1.188 1.177 1.176 1.176 1.176 1.188 1.204 1.214 1.236 1.248 1.272 1.292 1.314 1.333 1.351 1.372 1.404 1.424 1.454 1.48 1.503 1.521 1.537 1.537 1.537 1.515 1.512 1.51 1.505 1.505 1.505 1.5 1.497 1.497 1.494 1.492 1.494 1.492 1.491 1.49 1.486 1.486 1.481 1.479 1.479 1.479 1.478 1.479 1.478 1.476 1.476 1.476 1.476 1.48 1.481 1.481 1.481 1.481 1.492 1.492 1.492 1.492 1.492 1.491 1.497 1.497 1.491 1.491 1.486 1.482 1.482 1.482 1.482 1.482 1.473 1.473 1.473 1.473 1.473 1.476 1.476 1.477 1.477 1.48 1.477 1.48 1.477 1.474 1.471 1.465 1.46 1.457 1.452 1.441 1.438 1.43 1.419 1.415 1.409 1.401 1.397 1.393 1.39 1.387 1.38 1.375 1.371 1.366 1.366 1.364 1.358 1.347 1.336 1.335 1.332 1.325 1.323 1.317 1.316 1.303 1.297 1.296 1.293 1.293 1.291 1.284 1.283 1.279 1.274 1.269 1.269 1.263 1.26 1.257 1.254 1.249 1.245 1.222 1.212 1.198 1.19 1.168 1.148 1.134 1.124 1.116 1.096 1.088 1.076 1.06 1.055 1.039 1.032 1.015 1.007 0.996 0.994 0.977 0.97 0.964 0.951 0.934 0.932 0.918 0.915 0.91 0.908 0.896 0.889 0.874 0.869 0.869 0.864 0.857 0.852 0.843 0.833 0.828 0.82 0.819 0.811 0.804 0.8 0.797 0.791 0.783 0.783 0.783 0.787 0.787 0.787 0.78 0.776 0.776 0.78 0.78 0.78 0.789 0.79 0.79 0.8 0.805 0.805 0.808 0.808 0.821 0.835 0.836 
1 1 1 1 1 1 1 1 1 1 1 1 1 1 1 1 1 1 1 1 1 1 1 1 1 1 1 1 1 1 1 1 1 1 1 1 1 1 1 1 1 1 1 1 1 1 1 1 1 1 1 1 1 1 1 1 1 1 1 1 1 1 1 1 1 1 1 1 1 1 1 1 1 1 1 1 1 1 1 1 1 1 1 1 1 1 1 1 1 1 1 1 1 1 1 1 1 1 1 1 1 1 1 1 1 1 1 1 1 1 1 1 1 1 1 1 1 1 1 1 1 1 1 1 1 1 1 1 1 1 1 1 1 1 1 1 1 1 1 1 1 1 1 1 1 1 1 1 1 1 1 1 1 1 1 1 1 1 1 1 1 1 1 1 1 1 1 1 1 1 1 1 1 1 1 1 1 1 1 1 1 1 1 1 1 1 1 1 1 1 1 1 1 1 1 1 1 1 1 1 1 1 1 1 1 1 1 1 1 1 1 1 1 1 1 1 1 1 1 1 1 1 1 1 1 1 1 1 1 1 1 1 1 1 1 1 1 1 1 1 1 1 1 1 1 1 1 1 1 1 1 1 1 1 1 0 0 0 0 0 0 1 1 1 1 1 1 1 0 0 0 1 1 1 1 1 1 1 1 1 1 1 1 1 1 1 1 1 1 1 1 1 1 1 1 1 1 1 1 1 1 1 1 1 1 1 1 1 1 1 1 1 1 1 1 1 1 1 1 1 1 1 1 1 1 1 1 1 1 1 1 1 1 1 1 1 1 1 1 1 1 1 1 1 1 1 1 1 1 1 1 1 1 1 1 1 1 1 1 1 1 1 1 1 1 1 1 1 1 1 1 1 1 1 1 1 1 1 1 1 1 1 1 1 1 1 1 1 1 1 1 1 1 1 1 1 1 1 1 1 1 1 1 1 1 1 1 1 1 1 1 1 1 1 1 1 1 1 1 1 1 1 1 1 1 1 1 1 1 1 1 1 1 1 1 1 1 1 1 1 1 1 1 1 1 1 1 1 1 1 1 1 1 1 1 1 1 1 1 1 1 1 1 1 1 1 1 1 1 1 1 1 1 1 1 1 1 1 1 1 1 1 1 1 1 1 1 1 1 1 1 1 1 1 1 1 1 1 1 1 1 1 1 1 1 1 1 1 1 1 1 1 1 1 1 1 1 1 1 1 1 1 1 1 1 1 1 1 1 1 1 1 1 1 1 1 1 1 1 1 1 1 1 1 1 1 1 1 1 1 1 1 1 1 1 1 1 1 1 1 1 1 1 1 1 1 1 1 1 1 1 1 1 1 1 1 1 1 1 1 1 1 1 1 1 1 1 1 1 1 1 1 1 1 1 1 1 1 1 1 1 1 1 1 1 1 1 1 1 1 1 1 1 1 1 1 1 1 1 1 1 1 1 1 1 1 1 1 1 1 1 1 1 1 1 1 1 1 1 1 1 1 1 1 1 1 1 1 1 1 1 1 1 1 1 1 1 1 1 1 1 1 1 1 1 1 1 1 1 1 1 1 1 1 1 1 1 1 1 1 1 1 
