# This file contains a 2D laser scan observation. 
# Its format is: 
# [aperture] [max_range] [number_of_scans] 
# [vector_of_scans] 
# [vector_of_valid_scans] 
# The aperture of the sensor is in radians, the maximum range 
# and measurements are in meters. '1' means a valid scan, '0' otherwise.
4.1847
5.6
682
0.984 0.983 0.983 0.984 0.988 0.988 0.988 0.993 0.995 1.003 1.02 1.025 1.036 1.045 1.146 1.233 1.245 1.245 1.243 1.243 1.243 1.243 1.244 1.245 1.246 1.25 1.25 1.252 1.252 1.25 1.251 1.254 1.251 1.251 1.254 1.258 1.26 1.264 1.267 1.267 1.267 1.267 1.267 1.269 1.269 1.273 1.274 1.277 1.278 1.279 1.281 1.282 1.291 1.295 1.295 1.295 1.295 1.297 1.301 1.302 1.308 1.311 1.311 1.314 1.325 1.327 1.327 1.329 1.329 1.332 1.337 1.338 1.341 1.349 1.349 1.361 1.364 1.365 1.369 1.376 1.376 1.383 1.387 1.392 1.397 1.4 1.4 1.41 1.41 1.412 1.424 1.432 1.432 1.44 1.448 1.451 1.453 1.464 1.474 1.475 1.48 1.489 1.489 1.492 1.505 1.511 1.523 1.523 1.532 1.535 1.541 1.551 1.558 1.566 1.581 1.584 1.592 1.606 1.603 1.606 1.625 1.625 1.635 1.638 1.648 0 0 0 0.861 0.856 0.856 0.861 0 0 0 0 0 1.718 0 0.007 0 1.718 1.692 1.678 1.673 1.664 1.652 1.645 1.635 1.628 1.616 1.609 1.6 1.6 1.6 1.653 1.653 1.653 1.648 1.629 1.623 1.621 1.617 1.604 1.602 1.594 1.591 1.586 1.579 1.578 1.573 1.565 1.553 1.551 1.544 1.543 1.541 1.527 1.526 1.52 1.514 1.509 1.505 1.502 1.499 1.499 1.496 1.488 1.485 1.48 1.476 1.468 1.464 1.464 1.464 1.457 1.451 1.446 1.446 1.445 1.437 1.433 1.427 1.427 1.427 1.427 1.425 1.425 1.414 1.408 1.408 1.403 1.399 1.396 1.399 1.4 1.396 1.392 1.392 1.388 1.386 1.388 1.386 1.386 1.38 1.386 1.38 1.38 1.379 1.378 1.371 1.371 0.859 0.856 0.85 0.85 0.85 0.84 0.841 0.841 0.841 0.858 1.36 1.361 1.372 1.361 1.36 1.361 1.365 1.361 1.365 1.365 1.363 1.363 1.363 1.363 1.367 1.367 1.367 1.366 1.361 1.361 1.36 1.358 1.358 1.36 1.359 1.36 1.367 1.362 1.368 1.369 1.369 1.365 1.368 1.368 1.368 1.37 1.37 1.37 1.363 1.344 1.245 1.04 1.026 1.026 1.026 1.03 1.03 1.03 1.025 1.025 1.025 1.027 1.032 1.034 1.034 1.034 1.034 1.039 1.039 1.045 1.045 1.043 1.045 1.045 1.048 1.051 1.052 1.056 1.051 1.053 1.053 1.053 1.053 1.059 1.059 1.067 1.072 1.078 1.078 1.078 1.078 1.078 1.083 1.087 1.087 1.087 1.087 1.088 1.093 1.094 1.097 1.1 1.103 1.103 1.104 1.113 1.116 1.119 1.122 1.127 1.135 1.57 1.57 1.57 1.537 1.521 1.509 1.499 1.482 1.466 1.449 1.447 1.422 1.407 1.386 1.385 1.376 1.358 1.352 1.344 1.319 1.309 1.3 1.291 1.278 1.271 1.252 1.252 1.242 1.232 1.22 1.211 1.203 1.19 1.186 1.18 1.179 1.169 1.164 1.149 1.142 1.14 1.135 1.133 1.121 1.113 1.101 1.1 1.099 1.086 1.075 1.068 1.061 1.059 1.054 1.053 1.05 1.049 1.033 1.032 1.019 1.015 1.011 1.005 1.001 0.993 0.992 0.992 0.981 0.972 0.972 0.972 0.972 0.961 0.959 0.956 0.95 0.948 0.942 0.935 0.934 0.927 0.927 0.924 0.921 0.921 0.918 0.91 0.91 0.908 0.9 0.899 0.896 0.89 0.889 0.888 0.882 0.881 0.88 0.876 0.875 0.873 0.871 0.866 0.861 0.861 0.86 0.858 0.858 0.856 0.849 0.849 0.848 0.847 0.847 0.845 0.84 0.838 0.838 0.838 0.834 0.831 0.83 0.826 0.822 0.822 0.826 0.82 0.82 0.82 0.82 0.815 0.818 0.818 0.818 0.815 0.815 0.814 0.814 0.808 0.805 0.805 0.805 0.805 0.805 0.805 0.796 0.805 0.802 0.802 0.796 0.802 0.794 0.794 0.794 0.799 0.799 0.799 0.799 0.796 0.791 0.791 0.791 0.793 0.796 0.798 0.802 0.803 0.804 0.807 0.812 0.815 0.827 0.827 0.832 0.83 0.83 0.831 0.831 0.83 0.821 0.815 0.812 0.807 0.807 0.797 0.797 0.797 0.796 0.795 0.796 0.796 0.795 0.795 0.798 0.798 0.795 0.8 0.8 0.796 0.796 0.798 0.798 0.798 0.798 0.798 0.798 0.798 0.8 0.805 0.804 0.812 0.81 0.81 0.81 0.81 0.81 0.81 0.813 0.81 0.814 0.815 0.815 0.819 0.822 0.822 0.826 0.826 0.826 0.828 0.828 0.828 0.829 0.832 0.833 0.835 0.835 0.835 0.835 0.838 0.845 0.85 0.85 0.85 0.857 0.857 0.857 0.866 0.866 0.866 0.868 0.869 0.873 0.875 0.877 0.877 0.881 0.884 0.887 0.889 0.89 0.905 0.906 0.912 0.914 0.914 0.914 0.916 0.928 0.93 0.933 0.933 0.933 0.934 0.942 0.945 0.947 0.952 0.962 0.966 0.967 0.968 0.97 0.982 0.982 0.984 0.994 1.003 1.006 1.018 1.018 1.018 1.012 1.012 1.012 1.015 1.019 1.019 1.581 1.609 1.611 1.611 1.627 1.632 1.64 1.661 1.665 1.683 1.701 1.711 1.716 1.736 1.752 1.756 1.759 1.76 1.761 1.761 1.77 1.77 1.774 1.774 1.774 1.782 1.783 1.784 1.783 1.784 1.786 1.79 1.796 1.802 1.806 1.814 1.814 1.814 1.813 1.813 1.813 1.826 
1 1 1 1 1 1 1 1 1 1 1 1 1 1 1 1 1 1 1 1 1 1 1 1 1 1 1 1 1 1 1 1 1 1 1 1 1 1 1 1 1 1 1 1 1 1 1 1 1 1 1 1 1 1 1 1 1 1 1 1 1 1 1 1 1 1 1 1 1 1 1 1 1 1 1 1 1 1 1 1 1 1 1 1 1 1 1 1 1 1 1 1 1 1 1 1 1 1 1 1 1 1 1 1 1 1 1 1 1 1 1 1 1 1 1 1 1 1 1 1 1 1 1 1 1 0 0 0 1 1 1 1 0 0 0 0 0 1 0 0 0 1 1 1 1 1 1 1 1 1 1 1 1 1 1 1 1 1 1 1 1 1 1 1 1 1 1 1 1 1 1 1 1 1 1 1 1 1 1 1 1 1 1 1 1 1 1 1 1 1 1 1 1 1 1 1 1 1 1 1 1 1 1 1 1 1 1 1 1 1 1 1 1 1 1 1 1 1 1 1 1 1 1 1 1 1 1 1 1 1 1 1 1 1 1 1 1 1 1 1 1 1 1 1 1 1 1 1 1 1 1 1 1 1 1 1 1 1 1 1 1 1 1 1 1 1 1 1 1 1 1 1 1 1 1 1 1 1 1 1 1 1 1 1 1 1 1 1 1 1 1 1 1 1 1 1 1 1 1 1 1 1 1 1 1 1 1 1 1 1 1 1 1 1 1 1 1 1 1 1 1 1 1 1 1 1 1 1 1 1 1 1 1 1 1 1 1 1 1 1 1 1 1 1 1 1 1 1 1 1 1 1 1 1 1 1 1 1 1 1 1 1 1 1 1 1 1 1 1 1 1 1 1 1 1 1 1 1 1 1 1 1 1 1 1 1 1 1 1 1 1 1 1 1 1 1 1 1 1 1 1 1 1 1 1 1 1 1 1 1 1 1 1 1 1 1 1 1 1 1 1 1 1 1 1 1 1 1 1 1 1 1 1 1 1 1 1 1 1 1 1 1 1 1 1 1 1 1 1 1 1 1 1 1 1 1 1 1 1 1 1 1 1 1 1 1 1 1 1 1 1 1 1 1 1 1 1 1 1 1 1 1 1 1 1 1 1 1 1 1 1 1 1 1 1 1 1 1 1 1 1 1 1 1 1 1 1 1 1 1 1 1 1 1 1 1 1 1 1 1 1 1 1 1 1 1 1 1 1 1 1 1 1 1 1 1 1 1 1 1 1 1 1 1 1 1 1 1 1 1 1 1 1 1 1 1 1 1 1 1 1 1 1 1 1 1 1 1 1 1 1 1 1 1 1 1 1 1 1 1 1 1 1 1 1 1 1 1 1 1 1 1 1 1 1 1 1 1 1 1 1 1 1 1 1 1 1 1 1 1 1 1 1 1 1 1 1 1 1 1 1 1 1 1 1 1 1 1 1 1 1 1 1 1 1 1 1 1 1 1 1 1 1 1 1 1 1 1 1 1 1 1 1 1 1 1 1 1 1 1 1 1 1 1 1 1 1 1 1 1 1 1 1 1 1 1 1 1 1 1 1 1 
