# This file contains a 2D laser scan observation. 
# Its format is: 
# [aperture] [max_range] [number_of_scans] 
# [vector_of_scans] 
# [vector_of_valid_scans] 
# The aperture of the sensor is in radians, the maximum range 
# and measurements are in meters. '1' means a valid scan, '0' otherwise.
4.1847
5.6
682
0.959 0.959 0.958 0.958 0.958 0.958 0.961 0.962 0.963 0.971 0.979 0.991 1 1.006 1.004 1.004 1 0.993 0.988 0.98 0.932 0.932 0.924 0.919 0.918 0.916 0.916 0.916 0.916 0.919 0.935 1.029 1.029 1.029 1.023 1.023 1.022 1.018 1.003 0.996 0.979 0.966 0.965 0.961 0.955 0.948 0.822 0.64 0.64 0.64 0.642 0.869 0.869 0.869 0.621 0.619 0.619 0.613 0.61 0.606 0.605 0.605 0.605 0.606 1.092 1.092 1.093 1.092 1.083 1.083 1.085 1.085 1.126 1.126 1.126 1.124 1.123 1.121 1.121 1.121 1.122 1.122 1.122 0.952 0.858 0.855 0.844 0.843 0.843 0.842 0.843 0.843 0.847 1.186 1.193 1.194 1.194 1.205 1.211 1.213 1.233 1.244 1.246 1.267 1.324 1.33 1.352 1.378 1.378 1.378 1.378 1.378 0.015 0.015 0.015 1.278 1.256 1.24 1.24 1.24 1.254 1.283 1.283 1.283 1.28 1.28 1.28 1.28 1.28 1.188 1.142 1.14 1.14 1.14 1.141 1.164 1.458 1.458 1.461 1.461 1.461 1.481 1.497 1.537 1.554 1.586 1.586 1.586 1.576 1.572 1.568 1.568 1.56 1.549 0.622 0.605 0.602 0.601 0.6 0.594 0.594 0.592 0.588 0.588 0.597 0.598 0.623 0.75 1.392 1.449 1.454 1.457 1.457 1.457 1.455 1.446 1.434 1.434 1.434 0 0 0 0 0 0.426 0.412 0.411 0.407 0.4 0.396 0.396 0.392 0.386 0.386 0.391 0.387 0.389 0.389 0.389 0.389 0.39 0.392 0.395 0.397 0.397 0.397 0.397 0.397 0.399 0.397 0.394 0.391 0.391 0.387 0.391 0.387 0.392 0.387 0.39 0.39 0.39 0.39 0.39 0.394 0.395 0.398 0.398 0.398 0.391 0.385 0.382 0.385 0.385 0.395 0.395 0.395 0.4 0.407 0.409 0 0 0 0 0 0 0.387 0.379 0.374 0.374 0.379 0.38 0.38 0.386 0.386 0.388 0.388 0.388 0.388 0.385 0.385 0.392 0.387 0.387 0.392 0.392 0.39 0.39 0.39 0.387 0.387 0.386 0.387 0.39 0.391 0.391 0.391 0.391 0.386 0.386 0.378 0.383 0.386 0.387 0.387 0.39 0.395 0.399 0.395 0.397 0.397 0.397 0.397 0.4 0.405 0.414 0.405 0.405 0.414 0.414 0.411 0.411 0.411 0.409 0.409 0.405 0.405 0.405 0.405 0.402 0.412 0.413 0.421 0.421 0.421 0.42 0.415 0.415 0.415 0.42 0.426 0.44 0.442 0.442 0.449 0.449 0.447 0.447 0.447 0.443 0.443 0.448 0.447 0.448 0.455 0 0 0 0 0.486 0.486 0.486 0.486 0.487 0.487 0.487 0.479 0.479 0.479 0.479 0.487 0.487 0.49 0.49 0.499 0.499 0.499 0.499 0.509 0 0 0 0 0.007 0.008 0.008 0.008 0.008 0.561 0.561 0.561 0.558 0.558 0.558 0.558 0.561 0.573 0.573 0.573 0.573 0.584 0.585 0 0.007 0.606 0.605 0.606 0.606 0 0 0 0 0 0 0 0 0 0 0 0 0 0 0 0 0 0 0 0 0 0 0 0 0 0 0 0 0 0.007 0 0 0 0 0 0 0 0 0 0 0 0 0 0 0 0 0 0 0 0 0 0 0 0 0 0 0 0 0 0 0 0 0 0 0 0 0 0 0 0 0 0 0 0 0 0 0 0 0 0.007 0 0 0 0 0 0 0 0 0 0 0 0 0 0 0 0 0 0 0 0.007 0 1.709 0 0 0 0 0 0 0.007 0 0 0 0 0 0 0 0 0 0 0 0 0 0 0 0 0 1.176 1.173 1.173 1.17 1.17 1.18 0 0 0 0 0 0 0 0 0 0 0 0 0 0 0 0 0 0 0 0 0 0 0 0 0 0 0 0 0 0 0 0 0 0 0.007 0 0 0 0 0 0 0 0 0 0 0 1.915 1.905 1.341 1.325 1.318 1.318 1.318 1.322 1.327 0 0 0 0 0.315 0.312 0.3 0.298 0.294 0.292 0.292 0.293 0.292 0.292 0.292 0.292 0.292 0.293 0.291 0.291 0.293 0.291 0.291 0.297 0.304 0.304 0.307 0.304 0.307 0.307 0.313 0.314 0.325 2.663 2.683 2.69 2.69 2.69 2.695 2.719 2.738 2.746 2.759 2.781 2.804 2.807 2.827 2.851 2.87 2.88 2.88 2.88 2.864 2.851 2.826 2.826 2.809 2.803 2.776 2.776 2.776 2.801 2.809 2.828 2.846 2.846 2.846 2.863 2.877 2.895 2.91 2.938 2.951 2.966 2.977 3.006 3.013 3.044 3.069 3.087 3.103 3.143 3.181 3.188 3.22 3.24 3.286 3.286 3.314 3.34 0 0 0 0 0 0 0 2.37 2.358 2.353 2.353 2.348 2.338 0.685 0.678 0.677 0.671 0.672 
1 1 1 1 1 1 1 1 1 1 1 1 1 1 1 1 1 1 1 1 1 1 1 1 1 1 1 1 1 1 1 1 1 1 1 1 1 1 1 1 1 1 1 1 1 1 1 1 1 1 1 1 1 1 1 1 1 1 1 1 1 1 1 1 1 1 1 1 1 1 1 1 1 1 1 1 1 1 1 1 1 1 1 1 1 1 1 1 1 1 1 1 1 1 1 1 1 1 1 1 1 1 1 1 1 1 1 1 1 1 1 1 0 0 0 1 1 1 1 1 1 1 1 1 1 1 1 1 1 1 1 1 1 1 1 1 1 1 1 1 1 1 1 1 1 1 1 1 1 1 1 1 1 1 1 1 1 1 1 1 1 1 1 1 1 1 1 1 1 1 1 1 1 1 1 1 1 1 1 0 0 0 0 0 1 1 1 1 1 1 1 1 1 1 1 1 1 1 1 1 1 1 1 1 1 1 1 1 1 1 1 1 1 1 1 1 1 1 1 1 1 1 1 1 1 1 1 1 1 1 1 1 1 1 1 1 1 1 1 0 0 0 0 0 0 1 1 1 1 1 1 1 1 1 1 1 1 1 1 1 1 1 1 1 1 1 1 1 1 1 1 1 1 1 1 1 1 1 1 1 1 1 1 1 1 1 1 1 1 1 1 1 1 1 1 1 1 1 1 1 1 1 1 1 1 1 1 1 1 1 1 1 1 1 1 1 1 1 1 1 1 1 1 1 1 1 1 1 1 1 1 1 1 1 0 0 0 0 1 1 1 1 1 1 1 1 1 1 1 1 1 1 1 1 1 1 1 1 0 0 0 0 0 0 0 0 0 1 1 1 1 1 1 1 1 1 1 1 1 1 1 0 0 1 1 1 1 0 0 0 0 0 0 0 0 0 0 0 0 0 0 0 0 0 0 0 0 0 0 0 0 0 0 0 0 0 0 0 0 0 0 0 0 0 0 0 0 0 0 0 0 0 0 0 0 0 0 0 0 0 0 0 0 0 0 0 0 0 0 0 0 0 0 0 0 0 0 0 0 0 0 0 0 0 0 0 0 0 0 0 0 0 0 0 0 0 0 0 0 0 0 0 0 0 0 0 0 0 1 0 0 0 0 0 0 0 0 0 0 0 0 0 0 0 0 0 0 0 0 0 0 0 0 1 1 1 1 1 1 0 0 0 0 0 0 0 0 0 0 0 0 0 0 0 0 0 0 0 0 0 0 0 0 0 0 0 0 0 0 0 0 0 0 0 0 0 0 0 0 0 0 0 0 0 0 1 1 1 1 1 1 1 1 1 0 0 0 0 1 1 1 1 1 1 1 1 1 1 1 1 1 1 1 1 1 1 1 1 1 1 1 1 1 1 1 1 1 1 1 1 1 1 1 1 1 1 1 1 1 1 1 1 1 1 1 1 1 1 1 1 1 1 1 1 1 1 1 1 1 1 1 1 1 1 1 1 1 1 1 1 1 1 1 1 1 1 1 1 1 1 1 1 1 1 0 0 0 0 0 0 0 1 1 1 1 1 1 1 1 1 1 1 
