# This file contains a 2D laser scan observation. 
# Its format is: 
# [aperture] [max_range] [number_of_scans] 
# [vector_of_scans] 
# [vector_of_valid_scans] 
# The aperture of the sensor is in radians, the maximum range 
# and measurements are in meters. '1' means a valid scan, '0' otherwise.
4.1847
5.6
682
1.089 1.088 1.081 1.07 1.049 0.752 0.705 0.705 0.705 0.705 0.697 0.673 0.673 0.673 0.99 0.99 0.99 0.686 0.671 0.671 0.671 1.081 1.082 1.084 1.09 1.091 1.096 1.161 1.161 1.163 1.163 1.157 1.136 1.134 1.134 1.134 1.144 1.174 1.174 1.174 1.171 1.166 1.162 1.157 0.963 0.895 0.879 0.875 0.875 0.876 0.878 0.878 0.884 0.929 1.294 1.294 1.294 1.252 1.244 1.244 1.244 1.244 1.244 1.245 1.258 1.273 1.283 1.285 1.291 1.345 1.363 1.37 1.37 1.37 1.391 1.255 1.252 1.252 1.239 1.239 1.247 1.247 1.248 1.259 1.267 1.3 1.309 1.309 1.309 1.298 1.291 1.288 1.238 1.161 1.161 1.157 1.157 1.161 1.17 1.242 1.402 1.477 1.477 1.493 1.477 1.459 0.616 0.616 0.613 0.603 0.603 0.594 0.594 0.594 0.594 0.594 0.599 0.6 0.631 0.634 1.533 0 0 0 0.007 0 0 0 0 0 0.396 0.396 0.395 0.395 0.392 0.398 0.381 0.388 0.386 0.388 0.386 0.386 0.383 0.383 0.382 0.382 0.372 0.37 0.37 0.361 0.361 0.361 0.361 0.351 0.349 0.349 0.349 0.352 0.357 0.358 0.361 0.364 0.364 0.364 0.366 0.362 0.362 0.364 0.365 0.365 0.368 0.368 0.368 0.358 0.357 0.353 0.353 0.357 0.37 0.375 0.376 0.39 0 0 0 0 0 0 0 0.367 0.364 0.343 0.333 0.331 0.33 0.326 0.328 0.32 0.317 0.317 0.328 0.334 0.339 0.339 0.339 0.335 0.339 0.339 0.339 0.339 0.339 0.339 0.339 0.339 0.338 0.341 0.34 0.34 0.34 0.342 0.342 0.342 0.342 0.342 0.34 0.339 0.337 0.337 0.337 0.337 0.337 0.342 0.342 0.342 0.339 0.342 0.339 0.339 0.342 0.343 0.343 0.345 0.345 0.345 0.342 0.342 0.342 0.347 0.338 0.344 0.347 0.347 0.344 0.344 0.341 0.34 0.339 0.339 0.339 0.35 0.35 0.35 0.349 0.349 0.349 0.353 0.353 0.353 0.353 0.353 0.353 0.354 0.354 0.354 0.354 0.354 0.374 0.374 0.374 0.37 0.37 0.37 0.37 0.372 0.377 0.377 0.379 0.383 0.392 0.389 0.39 0.389 0.39 0.39 0 0 0 0 0 0 0.405 0.405 0.411 0.405 0.405 0.407 0.411 0.407 0.416 0.416 0.395 0.395 0.415 0.41 0.415 0.421 0.423 0.423 0.423 0.421 0.42 0.42 0.421 0.431 0 0 0 0 0 0 0 0.015 0.015 0.015 0.015 0.008 0.472 0.472 0.472 0.472 0.472 0.471 0.471 0.471 0.469 0.469 0.482 0.482 0.482 0.482 0.501 0.503 0 0.007 0.511 0.511 0.516 0.516 0.52 0.522 0.529 0 0 0 0 0.007 0 0.007 0 0 0 0 0 0 0 0 0 0 0 0 0 0 0 0 0 0 0 0 0 0 0 0 0 0.007 0 0 0 0 0 0 0 0 0 0 0 0 0 0 0 0 0 0 0 0 0 0 0 0 0 0 0 0 0 0 0 0 0 0 0 0 0 0 0 0 0 0 0 0 0 0 0 0 0 0.007 1.67 1.67 1.683 1.67 1.683 1.683 1.683 0.007 0 0 0.007 0 0 0 0 0.007 0 0 0 0.007 0 0 0 0.007 0 0.007 0 0.007 0 0 0 0 0.007 0 0 0 0 0 0 0 0 0 0 0 0 0 0 0.007 0 0 0 0 0 0 1.108 1.107 1.1 1.1 1.104 1.104 1.106 0 0 0 0 0.007 0 0 0.007 0 0 0 0 0 0 0 0 0 0 0 0 0 0 0 0 0 0 0 0 0 0 0 0 0 0 0 0 0 0 0 0 0 0 0 0.007 0 0 0 0 0 1.29 1.282 1.27 1.27 1.27 1.273 1.279 3.152 3.152 3.167 3.167 3.152 3.074 0 0 3.074 3.01 0 0 0 0 0 2.825 2.81 2.801 2.795 2.747 2.742 2.724 2.694 2.661 2.638 2.613 2.592 2.592 2.592 2.608 2.618 2.639 2.669 2.68 2.718 2.746 2.746 2.746 0.293 0.285 0.281 0.271 0.271 0.267 0.264 0.258 0.258 0.258 0.258 0.259 0.259 0.259 0.259 0.26 0.26 0.26 0.259 0.259 0.256 0.256 0.259 0.259 0.261 0.261 0.263 0.271 0.271 0.275 0.283 0.29 3.022 3.023 3.047 3.047 3.065 3.078 3.11 3.141 3.166 3.193 3.231 3.259 3.294 3.306 3.353 0 0 0 0 0 0 0 0 0 0 2.369 2.367 2.361 2.352 2.337 2.333 2.333 2.33 2.323 2.321 2.315 2.312 2.303 2.103 2.023 2.006 1.996 1.996 1.993 1.984 0.687 0.687 0.684 0.684 0.684 0.685 
1 1 1 1 1 1 1 1 1 1 1 1 1 1 1 1 1 1 1 1 1 1 1 1 1 1 1 1 1 1 1 1 1 1 1 1 1 1 1 1 1 1 1 1 1 1 1 1 1 1 1 1 1 1 1 1 1 1 1 1 1 1 1 1 1 1 1 1 1 1 1 1 1 1 1 1 1 1 1 1 1 1 1 1 1 1 1 1 1 1 1 1 1 1 1 1 1 1 1 1 1 1 1 1 1 1 1 1 1 1 1 1 1 1 1 1 1 1 1 1 1 0 0 0 0 0 0 0 0 0 1 1 1 1 1 1 1 1 1 1 1 1 1 1 1 1 1 1 1 1 1 1 1 1 1 1 1 1 1 1 1 1 1 1 1 1 1 1 1 1 1 1 1 1 1 1 1 1 1 1 1 1 0 0 0 0 0 0 0 1 1 1 1 1 1 1 1 1 1 1 1 1 1 1 1 1 1 1 1 1 1 1 1 1 1 1 1 1 1 1 1 1 1 1 1 1 1 1 1 1 1 1 1 1 1 1 1 1 1 1 1 1 1 1 1 1 1 1 1 1 1 1 1 1 1 1 1 1 1 1 1 1 1 1 1 1 1 1 1 1 1 1 1 1 1 1 1 1 1 1 1 1 1 1 1 1 1 1 1 1 1 1 1 1 0 0 0 0 0 0 1 1 1 1 1 1 1 1 1 1 1 1 1 1 1 1 1 1 1 1 1 1 1 1 0 0 0 0 0 0 0 0 0 0 0 0 1 1 1 1 1 1 1 1 1 1 1 1 1 1 1 1 0 0 1 1 1 1 1 1 1 0 0 0 0 0 0 0 0 0 0 0 0 0 0 0 0 0 0 0 0 0 0 0 0 0 0 0 0 0 0 0 0 0 0 0 0 0 0 0 0 0 0 0 0 0 0 0 0 0 0 0 0 0 0 0 0 0 0 0 0 0 0 0 0 0 0 0 0 0 0 0 0 0 0 0 0 0 0 0 0 0 0 0 1 1 1 1 1 1 1 0 0 0 0 0 0 0 0 0 0 0 0 0 0 0 0 0 0 0 0 0 0 0 0 0 0 0 0 0 0 0 0 0 0 0 0 0 0 0 0 0 0 0 0 0 0 0 1 1 1 1 1 1 1 0 0 0 0 0 0 0 0 0 0 0 0 0 0 0 0 0 0 0 0 0 0 0 0 0 0 0 0 0 0 0 0 0 0 0 0 0 0 0 0 0 0 0 0 0 0 0 0 0 1 1 1 1 1 1 1 1 1 1 1 1 1 0 0 1 1 0 0 0 0 0 1 1 1 1 1 1 1 1 1 1 1 1 1 1 1 1 1 1 1 1 1 1 1 1 1 1 1 1 1 1 1 1 1 1 1 1 1 1 1 1 1 1 1 1 1 1 1 1 1 1 1 1 1 1 1 1 1 1 1 1 1 1 1 1 1 1 1 1 1 1 0 0 0 0 0 0 0 0 0 0 1 1 1 1 1 1 1 1 1 1 1 1 1 1 1 1 1 1 1 1 1 1 1 1 1 1 
