# This file contains a 2D laser scan observation. 
# Its format is: 
# [aperture] [max_range] [number_of_scans] 
# [vector_of_scans] 
# [vector_of_valid_scans] 
# The aperture of the sensor is in radians, the maximum range 
# and measurements are in meters. '1' means a valid scan, '0' otherwise.
4.1847
5.6
682
0 0 0 0 0 0 0 0 0 0 0 0 0 0 0 0 0.007 0.418 0.402 0.396 0.396 0.396 0.391 0.381 0.374 0.374 0.381 0 0 0 0 0 0 0 0 0 0 0 0 0 0.007 0 0 0 0 0 0 0 0 0 0 0 0 0 0 0 0 0 0 0 0 0 0.287 0.273 0.273 0.271 0.271 0.272 0.272 0.272 0 0 0 0 0 0.267 0.254 0.254 0.245 0.245 0.249 0.257 0.264 0.276 0.287 0.007 0 0 0 0 0 0 0.007 0.257 0.251 0.248 0.248 0.251 0.255 0.263 0.265 0 0 0 0 0 0 0 0.256 0.236 0.228 0.22 0.217 0.217 0.22 0.22 0.225 0.244 0 0 0 0 0 0.242 0.226 0.226 0.212 0.212 0.212 0.215 0.223 0.23 0 0 0 0 0 0 0.225 0.218 0.216 0.216 0.216 0.218 0.216 0.213 0.215 0.215 0.213 0.215 0.215 0.219 0.219 0.232 0.235 0 0 0 0 0 0 0 0 0.212 0.212 0.212 0.213 0.223 0.231 0.223 0.223 0.217 0.217 0.214 0.214 0.218 0.218 0.202 0.201 0.201 0.201 0.201 0.201 0.203 0.203 0.204 0.211 0.235 0.235 0.235 0.235 0.219 0.215 0.212 0.212 0.211 0.211 0.206 0.202 0.201 0.198 0.198 0.198 0.209 0.209 0.216 0.239 0 0 0 0 0 0.248 0.245 0.245 0.245 0.237 0.237 0.238 0.228 0.225 0.236 0.225 0.225 0.225 0.236 0.007 0.234 0.234 0.234 0.234 0.234 0.227 0.226 0.226 0.226 0.226 0.226 0.224 0.228 0.224 0.224 0.23 0.235 0 0 0 0 0 0.235 0.235 0.235 0.235 0.235 0.241 0.241 0.252 0 0 0 0 0 0 0 0.252 0.245 0.237 0.236 0.236 0.236 0.236 0.246 0.261 0.27 0.27 0.278 0 0 0 0 0 0.276 0.268 0.268 0.268 0.285 0 0 0 0.276 0.257 0.257 0.257 0.264 0.269 0.007 0 0 0 0 0 0 0 0 0 0 0 0 0 0.322 0.322 0.007 0 0.007 0 0 0 0 0 0 0 0 0 0 0 0 0 0 0 0 0 0 0 0 0 0 0 0 0 0 0 0 0.007 0 0 0 0 0 0 0 0 0.442 0.442 0.442 0 0 0 0 0 0.462 0.462 0.462 0.472 0 0.007 0 0 0 0.007 0 0 0 0 0 0 0 0 0 0 0 0 0 0 0 0 0 0 0 0 0 0 0 0 0 0 0 0 0 0 0 0 0 0 0 0 0 0 0 0 0 0 0 0 0 0 1.38 1.38 1.38 1.386 1.393 1.407 1.409 1.409 1.393 1.392 1.361 1.361 1.369 1.369 1.375 1.375 1.376 1.375 1.375 1.379 1.384 1.384 1.405 1.405 1.405 1.385 1.385 1.385 1.389 1.389 0 1.389 1.389 1.394 1.394 1.385 1.394 1.394 1.394 0.007 0 0.007 0 0 0.007 0 0.007 1.403 1.391 1.391 1.39 1.39 1.397 1.397 1.399 0 0 0 0 0 0.007 0 0 0 0.007 0 0.007 0 0 0 0.007 0 0 0.007 0 1.426 0.932 0.914 0.911 0.909 0.908 0.909 0.908 0.909 0.913 0 0 0 0 0 0 0.007 0 0 0 0.007 0 0.007 0 0 0 0 0 0 0 0 0 0 0 0 0 0 0 0 0 0 0 0 0 0 0 0 0 0 0 0 0 0 0 2.948 2.929 2.925 2.925 2.882 2.869 1.167 1.165 1.153 1.153 1.153 1.154 1.155 1.169 2.65 2.65 2.65 2.629 2.627 2.599 2.583 2.549 2.542 2.522 2.518 2.514 2.518 2.518 2.531 2.566 2.573 2.61 2.614 2.631 2.659 2.68 2.696 2.718 2.73 2.761 2.795 2.822 2.822 2.822 2.808 2.804 2.804 2.784 2.748 2.74 2.74 2.73 2.73 2.746 2.794 2.779 2.794 2.797 2.797 2.813 2.832 2.856 2.875 2.905 2.934 2.947 2.994 3.012 3.029 3.064 3.099 3.127 3.163 3.2 3.223 3.257 3.257 3.297 3.329 0 0 0 0 0 0 0 0 0 0 0.007 0 0.007 0 4.82 2.401 2.397 2.396 2.384 2.382 2.381 2.379 2.376 2.376 2.376 2.368 2.367 2.357 2.355 2.355 2.349 2.134 2.084 2.076 2.068 2.064 2.064 2.064 2.064 2.064 2.041 2.017 2.017 2.017 2.051 2.138 2.184 2.207 2.207 2.207 2.143 2.102 2.096 2.096 2.091 2.078 2.078 2.078 2.198 
0 0 0 0 0 0 0 0 0 0 0 0 0 0 0 0 0 1 1 1 1 1 1 1 1 1 1 0 0 0 0 0 0 0 0 0 0 0 0 0 0 0 0 0 0 0 0 0 0 0 0 0 0 0 0 0 0 0 0 0 0 0 1 1 1 1 1 1 1 1 0 0 0 0 0 1 1 1 1 1 1 1 1 1 1 0 0 0 0 0 0 0 0 1 1 1 1 1 1 1 1 0 0 0 0 0 0 0 1 1 1 1 1 1 1 1 1 1 0 0 0 0 0 1 1 1 1 1 1 1 1 1 0 0 0 0 0 0 1 1 1 1 1 1 1 1 1 1 1 1 1 1 1 1 1 0 0 0 0 0 0 0 0 1 1 1 1 1 1 1 1 1 1 1 1 1 1 1 1 1 1 1 1 1 1 1 1 1 1 1 1 1 1 1 1 1 1 1 1 1 1 1 1 1 1 1 1 0 0 0 0 0 1 1 1 1 1 1 1 1 1 1 1 1 1 1 0 1 1 1 1 1 1 1 1 1 1 1 1 1 1 1 1 1 0 0 0 0 0 1 1 1 1 1 1 1 1 0 0 0 0 0 0 0 1 1 1 1 1 1 1 1 1 1 1 1 0 0 0 0 0 1 1 1 1 1 0 0 0 1 1 1 1 1 1 0 0 0 0 0 0 0 0 0 0 0 0 0 0 1 1 0 0 0 0 0 0 0 0 0 0 0 0 0 0 0 0 0 0 0 0 0 0 0 0 0 0 0 0 0 0 0 0 0 0 0 0 0 0 0 0 1 1 1 0 0 0 0 0 1 1 1 1 0 0 0 0 0 0 0 0 0 0 0 0 0 0 0 0 0 0 0 0 0 0 0 0 0 0 0 0 0 0 0 0 0 0 0 0 0 0 0 0 0 0 0 0 0 0 0 0 0 0 0 0 1 1 1 1 1 1 1 1 1 1 1 1 1 1 1 1 1 1 1 1 1 1 1 1 1 1 1 1 1 1 0 1 1 1 1 1 1 1 1 0 0 0 0 0 0 0 0 1 1 1 1 1 1 1 1 0 0 0 0 0 0 0 0 0 0 0 0 0 0 0 0 0 0 0 0 1 1 1 1 1 1 1 1 1 1 0 0 0 0 0 0 0 0 0 0 0 0 0 0 0 0 0 0 0 0 0 0 0 0 0 0 0 0 0 0 0 0 0 0 0 0 0 0 0 0 0 0 0 0 1 1 1 1 1 1 1 1 1 1 1 1 1 1 1 1 1 1 1 1 1 1 1 1 1 1 1 1 1 1 1 1 1 1 1 1 1 1 1 1 1 1 1 1 1 1 1 1 1 1 1 1 1 1 1 1 1 1 1 1 1 1 1 1 1 1 1 1 1 1 1 1 1 1 1 1 1 1 1 0 0 0 0 0 0 0 0 0 0 0 0 0 0 1 1 1 1 1 1 1 1 1 1 1 1 1 1 1 1 1 1 1 1 1 1 1 1 1 1 1 1 1 1 1 1 1 1 1 1 1 1 1 1 1 1 1 1 1 
