# This file contains a 2D laser scan observation. 
# Its format is: 
# [aperture] [max_range] [number_of_scans] 
# [vector_of_scans] 
# [vector_of_valid_scans] 
# The aperture of the sensor is in radians, the maximum range 
# and measurements are in meters. '1' means a valid scan, '0' otherwise.
4.1847
5.6
682
0 0 0 0 0 0 0.418 0.409 0.401 0.396 0.401 0.396 0.396 0.403 0 0 0 0 0 0 0 0 0.007 0 0 0 0 0 0 0 0 0 0 0 0 0 0 0 0 0 0 0 0 0 0 0.295 0.274 0.274 0.272 0.271 0.272 0.283 0.302 0 0 0 0 0.277 0.277 0.268 0.268 0.278 0.279 0.279 0.28 0 0 0 0 0 0 0 0.26 0.26 0.26 0.257 0.257 0.257 0.262 0.271 0.273 0 0 0 0 0 0 0.255 0.244 0.237 0.237 0.237 0.237 0.25 0.25 0.253 0.274 0 0 0 0 0.007 0.242 0.236 0.23 0.226 0.226 0.226 0.235 0 0 0 0 0 0 0 0 0.22 0.218 0.215 0.218 0.218 0.215 0.217 0.217 0.215 0.215 0.215 0.211 0.211 0.217 0.241 0.241 0 0 0 0 0 0 0 0 0.216 0.216 0.216 0.209 0.22 0.22 0.209 0.209 0.207 0.205 0.205 0.205 0.218 0.223 0.223 0.218 0.217 0.217 0.216 0.217 0.222 0.222 0.222 0.222 0.212 0.205 0.212 0.205 0.199 0.199 0.199 0.199 0.213 0.221 0.229 0.229 0.229 0.007 0.24 0.221 0.202 0.202 0.202 0.202 0.202 0.208 0.21 0 0 0 0.22 0.219 0.213 0.209 0.209 0.204 0.189 0.198 0.198 0.198 0.198 0.2 0.211 0.211 0.207 0.207 0.206 0.206 0.204 0.206 0.222 0.227 0.227 0.23 0.23 0.23 0.217 0.212 0.212 0.217 0.217 0.217 0.217 0.22 0.007 0 0 0 0 0 0.224 0.221 0.22 0.22 0.22 0.22 0.22 0.222 0.222 0.245 0 0 0 0 0 0 0 0.228 0.222 0.22 0.22 0.216 0.211 0.216 0.221 0.221 0.222 0.222 0.231 0 0 0 0 0 0 0 0.267 0.264 0.236 0.236 0.236 0.264 0.264 0 0.007 0 0.256 0.238 0.238 0.237 0.237 0.239 0.244 0 0 0 0 0 0 0 0 0 0 0 0 0 0.31 0.31 0.31 0.32 0.007 0 0 0 0 0 0 0 0 0 0 0 0 0 0 0 0 0 0 0 0 0 0 0 0 0 0 0 0 0 0 0 0 0 0 0 0 0 0 0 0 0 0 0 0.415 0.415 0.415 0 0 0 0 0 0.433 0.433 0.433 0.437 0.454 0.475 0 0.478 0 0.007 0 0 0 0 0 0 0 0.007 0 0 0 0 0 0 0 0 0 0 0 0 0 0 0 0 0.007 0 0 0 0.007 0 0 0 0 0 0 0 0 0 0 0 0 0 0 0 0 0 0 0 1.357 1.357 1.357 1.365 1.376 1.376 1.377 1.379 1.377 1.37 1.377 1.37 1.352 1.353 1.353 1.352 1.353 1.364 1.364 1.349 1.364 1.374 1.349 1.374 1.381 0 0 0 0.007 1.359 1.354 1.359 1.354 1.353 1.354 1.376 1.376 0 0 0 0.007 0 0 0.007 0 0 0 0.007 1.388 1.381 1.388 1.388 1.366 1.386 1.388 1.388 1.388 1.392 0 0 0 0 0 0 0.007 0 0 0 0.007 0 0 0 0.007 0 0.007 0 0 0.007 1.408 0.914 0.896 0.89 0.885 0.885 0.89 0.892 0.896 0.909 0 0 0 0 0 0 0 0 0 0.007 0 0 0 0 0 0 0 0 0 0 0 0 0 0 0 0 0 0 0 0 0 0 0 0 0 0 0 0 0 0 0 0 0 2.923 2.904 2.892 2.881 2.881 2.881 2.829 2.791 1.151 1.15 1.143 1.143 1.143 1.144 1.146 2.611 2.611 2.611 2.611 2.59 2.574 2.574 2.535 2.529 2.507 2.507 2.507 2.533 2.544 2.555 2.577 2.601 2.627 2.642 2.666 2.681 2.694 2.714 2.746 2.778 2.799 2.808 2.808 2.808 2.79 2.784 2.764 2.738 2.738 2.722 2.722 2.722 2.752 2.781 2.794 2.781 2.793 2.794 2.794 2.822 2.845 2.867 2.891 2.932 2.94 2.96 2.999 3 3.046 3.077 3.122 3.161 3.183 3.196 3.263 3.309 3.326 3.362 0 0 0 0 0 0 0 0 0 0 0 0 0 0 0 0 2.409 2.397 2.393 2.384 2.384 2.381 2.378 2.378 2.376 2.371 2.37 2.366 2.363 2.358 2.355 2.347 2.137 2.082 2.077 2.07 2.068 2.068 2.069 2.065 2.065 2.035 2.028 2.028 2.028 2.124 2.148 2.22 2.249 2.249 2.249 2.114 2.106 2.106 2.103 2.096 2.088 2.088 2.088 2.199 2.199 2.199 
0 0 0 0 0 0 1 1 1 1 1 1 1 1 0 0 0 0 0 0 0 0 0 0 0 0 0 0 0 0 0 0 0 0 0 0 0 0 0 0 0 0 0 0 0 1 1 1 1 1 1 1 1 0 0 0 0 1 1 1 1 1 1 1 1 0 0 0 0 0 0 0 1 1 1 1 1 1 1 1 1 0 0 0 0 0 0 1 1 1 1 1 1 1 1 1 1 0 0 0 0 0 1 1 1 1 1 1 1 0 0 0 0 0 0 0 0 1 1 1 1 1 1 1 1 1 1 1 1 1 1 1 1 0 0 0 0 0 0 0 0 1 1 1 1 1 1 1 1 1 1 1 1 1 1 1 1 1 1 1 1 1 1 1 1 1 1 1 1 1 1 1 1 1 1 1 1 1 0 1 1 1 1 1 1 1 1 1 0 0 0 1 1 1 1 1 1 1 1 1 1 1 1 1 1 1 1 1 1 1 1 1 1 1 1 1 1 1 1 1 1 1 1 1 1 0 0 0 0 0 0 1 1 1 1 1 1 1 1 1 1 0 0 0 0 0 0 0 1 1 1 1 1 1 1 1 1 1 1 1 0 0 0 0 0 0 0 1 1 1 1 1 1 1 0 0 0 1 1 1 1 1 1 1 0 0 0 0 0 0 0 0 0 0 0 0 0 1 1 1 1 0 0 0 0 0 0 0 0 0 0 0 0 0 0 0 0 0 0 0 0 0 0 0 0 0 0 0 0 0 0 0 0 0 0 0 0 0 0 0 0 0 0 0 0 1 1 1 0 0 0 0 0 1 1 1 1 1 1 0 1 0 0 0 0 0 0 0 0 0 0 0 0 0 0 0 0 0 0 0 0 0 0 0 0 0 0 0 0 0 0 0 0 0 0 0 0 0 0 0 0 0 0 0 0 0 0 0 0 0 0 1 1 1 1 1 1 1 1 1 1 1 1 1 1 1 1 1 1 1 1 1 1 1 1 1 0 0 0 0 1 1 1 1 1 1 1 1 0 0 0 0 0 0 0 0 0 0 0 1 1 1 1 1 1 1 1 1 1 0 0 0 0 0 0 0 0 0 0 0 0 0 0 0 0 0 0 0 0 1 1 1 1 1 1 1 1 1 1 0 0 0 0 0 0 0 0 0 0 0 0 0 0 0 0 0 0 0 0 0 0 0 0 0 0 0 0 0 0 0 0 0 0 0 0 0 0 0 0 0 0 0 1 1 1 1 1 1 1 1 1 1 1 1 1 1 1 1 1 1 1 1 1 1 1 1 1 1 1 1 1 1 1 1 1 1 1 1 1 1 1 1 1 1 1 1 1 1 1 1 1 1 1 1 1 1 1 1 1 1 1 1 1 1 1 1 1 1 1 1 1 1 1 1 1 1 1 1 1 1 0 0 0 0 0 0 0 0 0 0 0 0 0 0 0 0 1 1 1 1 1 1 1 1 1 1 1 1 1 1 1 1 1 1 1 1 1 1 1 1 1 1 1 1 1 1 1 1 1 1 1 1 1 1 1 1 1 1 1 1 1 1 
