# This file contains a 2D laser scan observation. 
# Its format is: 
# [aperture] [max_range] [number_of_scans] 
# [vector_of_scans] 
# [vector_of_valid_scans] 
# The aperture of the sensor is in radians, the maximum range 
# and measurements are in meters. '1' means a valid scan, '0' otherwise.
4.1847
5.6
682
0 0 0 0 0 0 0 0 0 0.007 0 0 0 0 0 0 0.007 0 0 0 0 0 0 0 0 0.007 0 0.007 0 0 0 0 0 0 0 0 0 0 0 0 0.257 0.221 0.221 0.219 0.221 0.221 0.234 0.238 0 0 0 0 0 0 0 0 0 0 0.235 0.235 0.233 0.235 0.25 0 0 0 0 0 0 0 0 0 0 0 0 0 0.189 0.187 0.18 0.18 0.18 0.187 0.206 0.207 0.212 0.219 0.219 0.219 0.219 0.219 0.239 0 0 0 0 0 0 0.007 0 0 0.007 0 0 0 0 0.227 0.193 0.18 0.18 0.18 0 0 0 0 0 0 0 0 0 0.195 0.195 0.195 0.2 0.2 0.2 0.199 0.199 0.199 0 0 0 0 0 0 0 0 0 0.007 0 0.195 0 0 0.203 0 0.007 0.203 0.203 0.201 0.186 0.186 0.186 0.187 0.191 0.194 0.194 0.196 0.202 0.202 0.202 0.214 0.007 0 0.007 0.207 0.197 0.162 0.161 0.148 0.161 0.162 0.186 0 0 0 0 0 0 0 0 0 0.198 0.193 0.17 0.17 0.17 0.17 0.168 0.168 0.168 0.168 0.172 0.172 0.172 0.171 0.171 0.171 0.177 0.188 0.201 0.205 0.205 0.205 0.193 0.165 0.165 0.165 0.179 0.213 0.007 0 0 0 0 0 0 0 0 0 0 0.222 0.212 0.212 0.212 0 0 0 0 0 0 0 0 0.199 0.193 0.193 0.199 0.193 0.204 0.204 0.191 0.191 0.197 0.197 0.205 0.218 0.223 0.251 0 0 0 0 0 0 0 0 0 0 0 0 0 0 0 0 0 0 0 0 0 0 0 0 0 0 0 0 0 0 0 0 0 0 0 0 0 0 0 0 0 0 0 0 0 0 0 0 0 0 0 0 0 0 0 0 0 0 0 0 0 0 0 0 0 0 0 0.325 0.325 0.325 0 0 0 0 0 0 0 0 0 0.348 0.339 0.339 0.342 0.342 0.348 0 0 0 0 0 0 0 0 0 0 0 0 0 0 0.007 0.422 0.422 0.445 0.445 0.449 0 0 0 0.007 0 0 0 0 0 0 0 0.007 0 0 0 0 0 0 0 0.007 0 0 0 0 0 0.007 0 0 0 0 0 0 0 0 0 0 0 0 0 0 0 0 0 0 1.25 1.25 1.25 1.256 1.271 1.278 1.278 1.278 1.272 1.268 1.265 1.254 1.25 1.247 1.247 1.247 1.247 1.245 1.255 1.259 1.255 1.246 1.264 1.263 1.263 1.271 1.278 0 0 0 0 0.007 1.259 1.248 1.248 1.248 1.248 1.248 1.248 1.257 1.251 1.251 1.257 1.263 0.007 1.279 1.279 0 0 0 0 0 0.007 0 0.007 1.29 1.29 1.275 1.262 1.275 1.275 1.273 1.273 1.273 1.273 0.007 0 0.007 0 0.007 0 0.007 0 0.007 0 0 0 0 0 0 0.007 0 0 0.007 0 0 0.007 0 0.007 1.312 0.827 0.821 0.812 0.812 0.812 0.812 0.812 0.815 0.823 0.828 0 0 0 0.007 0 0 0 0 0 0 0 0 0 0 0 0 0 0 0 0 0 0 0 0 0 0 0.007 0 0 0 0 0 0 0 0 0 0 0 0 0 2.77 2.77 0.007 0 2.716 2.657 2.643 2.634 2.633 2.607 1.105 1.088 1.088 1.088 1.088 1.089 1.093 1.101 2.457 2.457 2.457 2.457 2.457 2.487 2.501 2.528 2.557 2.564 2.588 2.634 2.634 2.672 2.694 2.72 2.739 2.758 2.779 2.779 2.779 2.769 2.769 2.769 2.751 2.729 2.719 2.704 2.695 2.695 2.695 2.729 2.742 2.769 2.795 2.795 2.801 2.809 2.844 2.858 2.877 2.901 2.93 2.967 2.976 3.024 3.05 3.09 3.136 3.17 3.208 3.246 3.246 3.283 3.316 0 0 0 0 0 0 0 0.007 0 0 0 0 0 0.006 0.006 0.006 0.006 2.424 2.412 2.393 2.393 2.389 2.386 2.386 2.385 2.385 2.385 2.385 2.377 2.377 2.376 2.369 2.366 2.365 2.344 2.12 2.092 2.092 2.078 2.078 2.078 2.078 2.097 2.097 2.097 2.053 2.046 2.018 2.018 2.046 2.153 2.319 2.319 2.319 2.167 2.141 2.139 2.137 2.131 2.131 2.111 2.111 0.007 2.12 2.114 2.114 1.954 1.954 1.954 1.954 1.954 1.953 1.875 1.875 
0 0 0 0 0 0 0 0 0 0 0 0 0 0 0 0 0 0 0 0 0 0 0 0 0 0 0 0 0 0 0 0 0 0 0 0 0 0 0 0 1 1 1 1 1 1 1 1 0 0 0 0 0 0 0 0 0 0 1 1 1 1 1 0 0 0 0 0 0 0 0 0 0 0 0 0 1 1 1 1 1 1 1 1 1 1 1 1 1 1 1 0 0 0 0 0 0 0 0 0 0 0 0 0 0 1 1 1 1 1 0 0 0 0 0 0 0 0 0 1 1 1 1 1 1 1 1 1 0 0 0 0 0 0 0 0 0 0 0 1 0 0 1 0 0 1 1 1 1 1 1 1 1 1 1 1 1 1 1 1 0 0 0 1 1 1 1 1 1 1 1 0 0 0 0 0 0 0 0 0 1 1 1 1 1 1 1 1 1 1 1 1 1 1 1 1 1 1 1 1 1 1 1 1 1 1 1 1 0 0 0 0 0 0 0 0 0 0 0 1 1 1 1 0 0 0 0 0 0 0 0 1 1 1 1 1 1 1 1 1 1 1 1 1 1 1 0 0 0 0 0 0 0 0 0 0 0 0 0 0 0 0 0 0 0 0 0 0 0 0 0 0 0 0 0 0 0 0 0 0 0 0 0 0 0 0 0 0 0 0 0 0 0 0 0 0 0 0 0 0 0 0 0 0 0 0 0 0 0 0 0 0 0 1 1 1 0 0 0 0 0 0 0 0 0 1 1 1 1 1 1 0 0 0 0 0 0 0 0 0 0 0 0 0 0 0 1 1 1 1 1 0 0 0 0 0 0 0 0 0 0 0 0 0 0 0 0 0 0 0 0 0 0 0 0 0 0 0 0 0 0 0 0 0 0 0 0 0 0 0 0 0 0 0 0 1 1 1 1 1 1 1 1 1 1 1 1 1 1 1 1 1 1 1 1 1 1 1 1 1 1 1 0 0 0 0 0 1 1 1 1 1 1 1 1 1 1 1 1 0 1 1 0 0 0 0 0 0 0 0 1 1 1 1 1 1 1 1 1 1 0 0 0 0 0 0 0 0 0 0 0 0 0 0 0 0 0 0 0 0 0 0 0 0 1 1 1 1 1 1 1 1 1 1 1 0 0 0 0 0 0 0 0 0 0 0 0 0 0 0 0 0 0 0 0 0 0 0 0 0 0 0 0 0 0 0 0 0 0 0 0 0 0 0 0 1 1 0 0 1 1 1 1 1 1 1 1 1 1 1 1 1 1 1 1 1 1 1 1 1 1 1 1 1 1 1 1 1 1 1 1 1 1 1 1 1 1 1 1 1 1 1 1 1 1 1 1 1 1 1 1 1 1 1 1 1 1 1 1 1 1 1 1 1 1 1 1 1 0 0 0 0 0 0 0 0 0 0 0 0 0 0 0 0 0 1 1 1 1 1 1 1 1 1 1 1 1 1 1 1 1 1 1 1 1 1 1 1 1 1 1 1 1 1 1 1 1 1 1 1 1 1 1 1 1 1 1 1 1 1 0 1 1 1 1 1 1 1 1 1 1 1 
