# This file contains a 2D laser scan observation. 
# Its format is: 
# [aperture] [max_range] [number_of_scans] 
# [vector_of_scans] 
# [vector_of_valid_scans] 
# The aperture of the sensor is in radians, the maximum range 
# and measurements are in meters. '1' means a valid scan, '0' otherwise.
4.1847
5.6
682
0.543 0.517 0.508 0.49 0.48 0.473 0.461 0.445 0.433 0.415 0.409 0.409 0.409 0.41 0.413 0.413 0.413 0.41 0.401 0.397 0.396 0.397 0.396 0.391 0.394 0.394 0.39 0.389 0.389 0.389 0.39 0.391 0.392 0.392 0.395 0.396 0.396 0.396 0.397 0.397 0.397 0.403 0.402 0.403 0.403 0.409 0.412 0.42 0.425 0.426 0.427 0.429 0.427 0.429 0.431 0.435 0.437 0.437 0.435 0.435 0.439 0.433 0.434 0.434 0.432 0.432 0.432 0.432 0.432 0.433 0.441 0.442 0.443 0.446 0.446 0.452 0.457 0.458 0.459 0.46 0.46 0.46 0.46 0.463 0.465 0.465 0.466 0.475 0.475 0.476 0.478 0.485 0.487 0.492 0.494 0.494 0.501 0.502 0.507 0.51 0.51 0.51 0.522 0.525 0.526 0.526 0.529 0.529 0.539 0.541 0.544 0.547 0.554 0.559 0.559 0.559 0.563 0.567 0.572 0.574 0.579 0.592 0.593 0.598 0.617 0.622 0.623 0.623 0.626 0.626 0.631 0.632 0.633 0.643 0.652 0.684 0.684 0.684 0.685 0.685 0.686 0.695 0.695 0.711 0.735 0.744 0.748 0.753 0.754 0.755 0.767 0.772 0.785 0.797 0.803 0.807 0.828 0.829 0.842 0.853 0.87 0.885 0.893 0.908 0.924 0.943 0.961 0.984 1.01 1.012 1.022 1.036 1.048 1.048 1.048 1.055 1.053 1.046 1.046 1.045 1.044 1.042 1.041 1.034 1.029 1.028 1.027 1.021 1.015 1.015 1.013 1.012 1.011 1.006 0.996 0.995 0.994 0.993 0.993 0.991 0.983 0.983 0.991 0.992 0.994 0.994 0.994 0.996 0.996 0.996 0.997 1 1.004 1.004 1.004 1.004 1.012 1.014 1.012 1.014 1.015 1.015 1.017 1.021 1.023 1.04 1.04 1.04 1.029 1.02 1.019 1.017 1.017 1.014 1.011 1.011 1.01 1.01 1.008 1.013 1.006 0.999 0.997 0.997 0.991 0.991 0.991 0.982 0.982 0.982 0.982 0.986 0.986 0.99 0.99 0.99 0.99 0.991 0.992 0.994 0.998 1.004 1.005 1.009 1.01 1.055 0.015 0.007 1.117 1.116 1.117 1.117 1.116 1.117 1.117 1.117 1.125 1.136 1.144 1.145 1.145 1.144 1.141 1.141 1.141 1.148 1.149 1.151 1.151 1.153 1.155 1.16 1.16 1.16 1.16 1.165 1.171 1.177 1.184 1.189 1.191 1.191 1.191 1.193 1.2 1.201 1.205 1.208 1.211 1.217 1.223 1.223 1.233 1.234 1.243 1.246 1.257 1.258 1.261 1.265 1.265 1.268 1.268 1.282 1.291 1.293 1.297 1.307 1.311 1.316 1.317 1.336 1.338 1.341 1.346 1.347 1.362 1.366 1.372 1.384 1.394 1.397 1.405 1.405 1.408 1.429 1.442 1.446 1.45 1.454 1.461 1.464 1.474 1.488 1.497 1.499 1.509 1.516 1.526 1.543 1.549 1.565 1.567 1.58 1.595 1.604 1.617 1.627 1.637 1.649 1.663 1.678 1.682 1.703 1.708 1.729 1.743 1.774 1.774 1.788 1.799 1.805 1.821 0 0 0 0 0 0 0 0 0 0 0 0 0 0 0 0 0 0 0 0 0 0 0 0 2.391 2.391 2.391 2.44 2.486 2.514 2.547 2.581 2.613 2.674 2.685 2.686 2.76 0.007 0.015 2.942 3.004 3.004 3.004 3.024 3.059 3.11 3.179 3.261 3.301 3.481 0 0.007 0 0 0.007 0 0 0.007 0 0.007 0 4.35 0 0 0 0 0 0 0 0 0 0 0 0 0 0 0 0.729 0.729 0.722 0.722 0.722 0.723 0.723 0.728 0.877 4.118 4.118 4.118 1.075 1.069 1.068 1.069 1.075 4.145 4.145 4.145 4.145 4.166 0 0 0 0 0 0 0 0 0 0 0 0 0 0 1.348 1.347 1.341 1.341 1.341 1.356 1.635 1.65 1.653 1.653 1.653 1.653 1.272 1.272 1.272 1.28 2.507 2.521 2.523 2.533 2.533 2.535 2.535 2.539 2.541 2.547 2.557 2.558 2.558 2.558 1.057 0.956 0.408 0.398 0.397 0.397 0.397 0.397 0.394 0.388 0.394 0.401 0.407 0.407 0.407 0.398 0.398 0.395 0.398 0.397 0.397 0.396 0.396 0.396 0.396 1.359 1.39 2.044 1.514 1.514 1.514 1.512 1.51 1.502 1.476 1.159 1.154 1.154 1.156 1.159 1.953 0.007 2.18 2.18 2.19 2.19 2.191 2.208 2.215 2.218 2.227 2.235 2.235 2.235 1.673 1.673 1.673 1.76 1.76 1.76 0.832 0.827 0.826 0.826 0.822 0.822 0.822 1.895 1.895 1.895 1.876 1.863 1.853 1.847 1.842 1.842 1.816 1.323 0.768 0.763 0.762 0.762 0.763 0.763 0.765 1.862 0.007 1.991 1.976 1.976 1.966 1.949 1.947 1.932 1.92 1.915 1.902 1.888 1.886 1.863 1.857 1.84 1.835 1.825 1.822 1.809 1.809 1.799 1.779 1.063 1.062 1.062 1.062 1.076 1.709 1.709 1.709 1.708 1.705 1.692 1.679 1.679 1.676 1.656 0.74 0.376 0.288 0.287 0.285 0.285 0.285 0.284 0.284 0.284 0.284 0.285 0.287 0.288 0.288 0.288 0.288 0.288 0.288 0.284 0.284 0.284 1.525 1.525 1.525 1.517 1.514 1.513 1.513 1.506 1.491 0.645 
1 1 1 1 1 1 1 1 1 1 1 1 1 1 1 1 1 1 1 1 1 1 1 1 1 1 1 1 1 1 1 1 1 1 1 1 1 1 1 1 1 1 1 1 1 1 1 1 1 1 1 1 1 1 1 1 1 1 1 1 1 1 1 1 1 1 1 1 1 1 1 1 1 1 1 1 1 1 1 1 1 1 1 1 1 1 1 1 1 1 1 1 1 1 1 1 1 1 1 1 1 1 1 1 1 1 1 1 1 1 1 1 1 1 1 1 1 1 1 1 1 1 1 1 1 1 1 1 1 1 1 1 1 1 1 1 1 1 1 1 1 1 1 1 1 1 1 1 1 1 1 1 1 1 1 1 1 1 1 1 1 1 1 1 1 1 1 1 1 1 1 1 1 1 1 1 1 1 1 1 1 1 1 1 1 1 1 1 1 1 1 1 1 1 1 1 1 1 1 1 1 1 1 1 1 1 1 1 1 1 1 1 1 1 1 1 1 1 1 1 1 1 1 1 1 1 1 1 1 1 1 1 1 1 1 1 1 1 1 1 1 1 1 1 1 1 1 1 1 1 1 1 1 1 1 1 1 1 1 1 1 1 1 1 1 1 0 0 1 1 1 1 1 1 1 1 1 1 1 1 1 1 1 1 1 1 1 1 1 1 1 1 1 1 1 1 1 1 1 1 1 1 1 1 1 1 1 1 1 1 1 1 1 1 1 1 1 1 1 1 1 1 1 1 1 1 1 1 1 1 1 1 1 1 1 1 1 1 1 1 1 1 1 1 1 1 1 1 1 1 1 1 1 1 1 1 1 1 1 1 1 1 1 1 1 1 1 1 1 1 1 1 1 1 1 1 1 1 1 1 1 1 1 0 0 0 0 0 0 0 0 0 0 0 0 0 0 0 0 0 0 0 0 0 0 0 0 1 1 1 1 1 1 1 1 1 1 1 1 1 0 0 1 1 1 1 1 1 1 1 1 1 1 0 0 0 0 0 0 0 0 0 0 0 1 0 0 0 0 0 0 0 0 0 0 0 0 0 0 0 1 1 1 1 1 1 1 1 1 1 1 1 1 1 1 1 1 1 1 1 1 1 0 0 0 0 0 0 0 0 0 0 0 0 0 0 1 1 1 1 1 1 1 1 1 1 1 1 1 1 1 1 1 1 1 1 1 1 1 1 1 1 1 1 1 1 1 1 1 1 1 1 1 1 1 1 1 1 1 1 1 1 1 1 1 1 1 1 1 1 1 1 1 1 1 1 1 1 1 1 1 1 1 1 1 1 1 0 1 1 1 1 1 1 1 1 1 1 1 1 1 1 1 1 1 1 1 1 1 1 1 1 1 1 1 1 1 1 1 1 1 1 1 1 1 1 1 1 1 1 1 1 0 1 1 1 1 1 1 1 1 1 1 1 1 1 1 1 1 1 1 1 1 1 1 1 1 1 1 1 1 1 1 1 1 1 1 1 1 1 1 1 1 1 1 1 1 1 1 1 1 1 1 1 1 1 1 1 1 1 1 1 1 1 1 1 1 1 1 1 1 1 
