# This file contains a 2D laser scan observation. 
# Its format is: 
# [aperture] [max_range] [number_of_scans] 
# [vector_of_scans] 
# [vector_of_valid_scans] 
# The aperture of the sensor is in radians, the maximum range 
# and measurements are in meters. '1' means a valid scan, '0' otherwise.
4.1847
5.6
682
0.568 0.568 0.568 0.591 0.632 0.638 0.638 0.635 0.632 0.631 0.62 0.62 0.629 0.629 0.62 0.615 0.615 0.615 0.649 0.684 0.687 0.687 0.684 0.623 0.618 0.618 0.623 0.65 0.662 0.721 0.721 0.721 0.728 0.728 0.713 0.692 0.692 0.67 0.666 0.65 0.666 0.666 0.697 0.713 0.713 0.713 0.706 0.532 0.513 0.502 0.492 0.492 0.492 0.492 0.5 0.516 0.537 0.603 0.614 0.652 0.679 0.679 0.679 0.665 0.614 0.614 0.611 0.611 0.611 0.616 0.611 0.61 0.61 0.624 0.626 0.646 0.648 0.648 0.646 0.64 0.633 0.633 0.63 0.629 0.624 0.624 0.624 0.623 0.623 0.619 0.61 0.609 0.606 0.605 0.605 0.603 0.595 0.592 0.591 0.591 0.591 0.589 0.589 0.589 0.587 0.584 0.582 0.578 0.575 0.573 0.572 0.571 0.567 0.558 0.558 0.558 0.558 0.553 0.551 0.551 0.553 0.554 0.555 0.555 0.555 0.549 0.542 0.542 0.542 0.542 0.543 0.543 0.543 0.542 0.542 0.542 0.542 0.542 0.544 0.544 0.544 0.544 0.532 0.532 0.529 0.528 0.527 0.527 0.526 0.526 0.527 0.528 0.528 0.531 0.531 0.531 0.526 0.526 0.522 0.526 0.527 0.527 0.525 0.527 0.528 0.525 0.524 0.528 0.528 0.546 0.546 0.55 0.566 0.566 1.414 0.006 0.007 4.791 1.425 1.45 1.431 1.439 1.439 1.443 1.439 1.443 1.443 1.443 1.445 1.445 1.456 1.456 1.456 1.455 1.441 1.441 1.441 1.441 1.441 1.441 1.435 1.43 1.435 1.435 1.435 1.434 1.436 1.434 1.43 1.432 1.43 1.43 1.43 1.432 1.432 1.434 1.437 1.441 1.443 1.448 1.448 1.455 1.455 1.456 1.46 1.459 1.459 1.46 1.463 1.465 1.465 1.465 1.464 1.464 1.464 1.463 1.465 1.469 1.47 1.473 1.474 1.489 1.516 1.541 1.64 1.64 1.642 1.642 1.643 1.659 1.659 1.665 1.673 1.674 1.675 1.676 1.681 1.688 1.69 1.694 1.701 1.706 1.719 1.726 1.726 1.736 1.739 1.739 1.747 1.749 1.76 1.763 1.764 1.782 1.791 1.807 1.817 1.819 1.822 1.822 1.83 1.833 1.853 1.86 1.866 1.887 1.901 1.904 1.904 1.905 1.91 1.931 1.935 1.942 1.951 1.962 1.979 1.995 1.996 2.014 2.026 2.031 2.047 2.065 2.067 2.085 2.093 2.103 2.109 2.13 2.137 2.154 2.173 2.181 2.193 2.215 2.229 2.235 2.265 2.266 2.294 2.307 2.312 2.318 2.337 0 0 0 0 0 0 0 0 0 0 0 0 0 0 0 0 0 0 0 0 0 0 0 2.887 2.887 2.887 2.934 2.957 2.997 3.085 3.126 3.166 3.166 3.166 3.169 3.169 3.169 1.175 1.175 1.17 1.17 1.175 3.56 3.56 3.56 0.761 0.761 0.756 0.758 0.758 0.765 0.765 0.769 0.769 0.765 0.5 0.498 0.498 0.5 0.504 0.504 0.504 0.504 0.503 0.503 0.503 0.509 0.84 0.845 0.848 0.848 4.618 4.618 4.618 4.568 4.568 4.562 4.557 4.557 4.557 4.541 4.528 1.732 1.724 1.718 1.692 1.04 1.036 1.031 1.03 1.03 1.03 1.986 1.986 1.986 1.976 1.4 1.399 1.399 1.4 0 0 0 0 3.136 3.06 3.044 3.038 2.821 2.804 2.804 2.8 2.802 2.802 2.802 2.8 2.8 2.8 2.8 2.8 2.817 2.819 2.82 2.82 2.82 1.017 1 0.995 0.987 0.982 0.894 0.894 0.891 0.891 0.894 0.905 1.718 1.731 2.378 2.378 0.007 2.378 2.273 2.272 2.272 2.272 2.279 2.279 2.282 0.007 2.294 2.227 2.227 2.203 2.203 2.116 2.115 2.203 1.817 1.798 1.817 1.817 1.798 0.586 0.584 0.584 0.586 0.586 0.589 0.589 0.589 0.589 0.592 0.752 0.762 0.765 2.268 2.334 2.412 2.334 2.334 1.066 1.063 1.061 1.061 1.066 1.939 0.007 2.228 2.191 2.191 2.174 2.174 2.146 2.072 2.052 2.031 2.008 2.008 1.986 1.959 1.946 1.921 1.901 1.886 1.864 1.844 1.83 1.811 1.796 1.774 1.759 1.747 1.724 1.711 1.699 1.682 1.664 1.647 1.64 1.621 1.605 1.594 1.581 1.57 1.559 1.543 1.527 1.516 1.501 1.493 1.475 1.471 1.451 1.438 1.433 1.418 1.409 1.402 1.384 1.38 1.374 1.366 1.365 1.346 1.335 1.33 1.323 1.316 1.309 1.297 1.293 1.289 1.273 1.262 0.812 0.785 0.785 0.785 0.789 0.789 0.794 1.201 1.201 1.201 1.192 1.191 1.183 1.181 1.176 1.165 1.163 1.158 1.158 1.15 1.14 1.136 1.131 1.13 1.127 1.124 1.117 1.112 1.109 1.101 1.098 1.098 1.059 1.042 1.041 1.041 1.042 1.053 1.063 1.063 1.063 1.061 1.059 1.051 1.051 1.051 1.049 1.045 1.039 1.037 1.033 1.028 1.027 1.024 1.019 1.016 1 0.999 0.991 0.958 0.461 0.424 0.414 0.414 0.407 0.407 0.407 0.408 0.407 0.407 0.407 0.396 0.396 0.396 0.394 0.389 0.387 0.386 0.386 0.384 0.384 0.384 0.382 0.382 0.385 0.392 0.393 0.4 0.401 0.402 0.407 0.412 0.414 0.416 0.416 0.417 0.417 0.42 0.424 0.426 0.427 0.427 
1 1 1 1 1 1 1 1 1 1 1 1 1 1 1 1 1 1 1 1 1 1 1 1 1 1 1 1 1 1 1 1 1 1 1 1 1 1 1 1 1 1 1 1 1 1 1 1 1 1 1 1 1 1 1 1 1 1 1 1 1 1 1 1 1 1 1 1 1 1 1 1 1 1 1 1 1 1 1 1 1 1 1 1 1 1 1 1 1 1 1 1 1 1 1 1 1 1 1 1 1 1 1 1 1 1 1 1 1 1 1 1 1 1 1 1 1 1 1 1 1 1 1 1 1 1 1 1 1 1 1 1 1 1 1 1 1 1 1 1 1 1 1 1 1 1 1 1 1 1 1 1 1 1 1 1 1 1 1 1 1 1 1 1 1 1 1 1 1 1 1 1 1 1 1 0 0 1 1 1 1 1 1 1 1 1 1 1 1 1 1 1 1 1 1 1 1 1 1 1 1 1 1 1 1 1 1 1 1 1 1 1 1 1 1 1 1 1 1 1 1 1 1 1 1 1 1 1 1 1 1 1 1 1 1 1 1 1 1 1 1 1 1 1 1 1 1 1 1 1 1 1 1 1 1 1 1 1 1 1 1 1 1 1 1 1 1 1 1 1 1 1 1 1 1 1 1 1 1 1 1 1 1 1 1 1 1 1 1 1 1 1 1 1 1 1 1 1 1 1 1 1 1 1 1 1 1 1 1 1 1 1 1 1 1 1 1 1 1 1 1 1 1 1 1 0 0 0 0 0 0 0 0 0 0 0 0 0 0 0 0 0 0 0 0 0 0 0 1 1 1 1 1 1 1 1 1 1 1 1 1 1 1 1 1 1 1 1 1 1 1 1 1 1 1 1 1 1 1 1 1 1 1 1 1 1 1 1 1 1 1 1 1 1 1 1 1 1 1 1 1 1 1 1 1 1 1 1 1 1 1 1 1 1 1 1 1 1 1 1 1 1 1 1 1 0 0 0 0 1 1 1 1 1 1 1 1 1 1 1 1 1 1 1 1 1 1 1 1 1 1 1 1 1 1 1 1 1 1 1 1 1 1 1 1 0 1 1 1 1 1 1 1 1 0 1 1 1 1 1 1 1 1 1 1 1 1 1 1 1 1 1 1 1 1 1 1 1 1 1 1 1 1 1 1 1 1 1 1 1 1 1 0 1 1 1 1 1 1 1 1 1 1 1 1 1 1 1 1 1 1 1 1 1 1 1 1 1 1 1 1 1 1 1 1 1 1 1 1 1 1 1 1 1 1 1 1 1 1 1 1 1 1 1 1 1 1 1 1 1 1 1 1 1 1 1 1 1 1 1 1 1 1 1 1 1 1 1 1 1 1 1 1 1 1 1 1 1 1 1 1 1 1 1 1 1 1 1 1 1 1 1 1 1 1 1 1 1 1 1 1 1 1 1 1 1 1 1 1 1 1 1 1 1 1 1 1 1 1 1 1 1 1 1 1 1 1 1 1 1 1 1 1 1 1 1 1 1 1 1 1 1 1 1 1 1 1 1 1 1 1 1 1 1 1 1 1 1 1 1 1 1 
