# This file contains a 2D laser scan observation. 
# Its format is: 
# [aperture] [max_range] [number_of_scans] 
# [vector_of_scans] 
# [vector_of_valid_scans] 
# The aperture of the sensor is in radians, the maximum range 
# and measurements are in meters. '1' means a valid scan, '0' otherwise.
4.1847
5.6
682
0.358 0.362 0.364 0.364 0.364 0.349 0.345 0.344 0.345 0.345 0.344 0.344 0.343 0.337 0.341 0.337 0.337 0.337 0.337 0.334 0.334 0.325 0.322 0.322 0.325 0.327 0.328 0.328 0 0.007 0.015 0.015 0.015 0.008 0 0.336 0.306 0.299 0.295 0.295 0.294 0.294 0.294 0.294 0.294 0.294 0.293 0.293 0.293 0.284 0.282 0.273 0.268 0.268 0.268 0.27 0.275 0.278 0.278 0.278 0.277 0.277 0.275 0.277 0.281 0.281 0.281 0.281 0.278 0.278 0.278 0.276 0.273 0.273 0.271 0.271 0.271 0.274 0.274 0.274 0.274 0.267 0.267 0.267 0.268 0.268 0.275 0.275 0.271 0.271 0.271 0.271 0.273 0.273 0.27 0.265 0.265 0.265 0 0 0 0 0 0 0.275 0.274 0.269 0.268 0.269 0.269 0.268 0.263 0.261 0.256 0.256 0.256 0.256 0.256 0.258 0.258 0.257 0.251 0.257 0.257 0.257 0.015 0.007 0.274 0.265 0.265 0.265 0.265 0.265 0.268 0.268 0.267 0.267 0.268 0.268 0.271 0.271 0.268 0.267 0.267 0.264 0.264 0.264 0.264 0.26 0.264 0.268 0.268 0.268 0.271 0.273 0.273 0.273 0.273 0.263 0.263 0.263 0.269 0.273 0.275 0.273 0.273 0.273 0.273 0.273 0.276 0.285 0 0 0 0 0.278 0.278 0.278 0.279 0.279 0.282 0.288 0.289 0.289 0.289 0.289 0.007 0.294 0.293 0.293 0.293 0.292 0.289 0.291 0.292 0.292 0 0 0 0 0.295 0.295 0.295 0.295 0.313 0.313 0.313 0.313 0.313 0.313 0.324 0.326 0.326 0.326 0.321 0.313 0.313 0.321 0.344 0.007 0 0.344 0.34 0.34 0.34 0 0 0 0.351 0.351 0.351 0.351 0.35 0.35 0.35 0.35 0.35 0.342 0.351 0.35 0.34 0.34 0.35 0.35 0.36 0.362 0.369 0.362 0.36 0.36 0.356 0.356 0.36 0.368 0.371 0.373 0.375 0.393 0.401 0.393 0.391 0.393 0.401 0.409 0.007 0.42 0.42 0.426 0.42 0.42 0.426 0.439 0.439 0.441 0.446 0.452 0.452 0.452 0.452 0.452 0 0 0.481 0.481 0.492 0.492 0.481 0.492 0.498 0.498 0.498 0.499 0.5 0.505 0.509 0.509 0.514 0.53 0.539 0.544 0.561 0 0 0 0.617 0.61 0.61 0.617 0.627 0.634 0 0 0 0 0 0 0 0 0 0 1.617 1.617 1.617 1.647 1.682 1.709 1.74 1.766 1.807 1.836 1.899 1.959 1.959 1.959 1.959 1.95 1.95 1.942 1.942 1.942 1.937 1.927 1.92 1.917 1.917 1.917 1.917 1.917 1.917 1.918 1.966 2.019 2.019 2.05 2.05 2.109 2.167 2.167 2.229 2.285 2.36 2.501 2.585 0 5.266 5.276 5.276 5.266 5.26 5.253 5.248 5.244 5.244 5.245 5.246 5.245 5.245 5.236 5.235 5.235 5.235 5.238 5.24 5.24 5.242 5.242 5.245 5.245 5.247 5.253 5.253 5.257 5.26 5.267 5.27 5.27 0 0.007 0 0.007 4.239 4.091 4.09 4.088 3.972 3.292 3.204 3.088 3.088 3.088 3.001 2.909 1.931 1.931 1.93 1.931 1.931 1.931 1.931 1.933 1.935 1.951 1.956 1.957 1.96 1.964 1.965 1.969 1.98 1.98 1.983 1.985 1.988 1.997 2.006 2.007 2.012 2.014 2.019 2.019 2.019 2.019 1.937 1.791 1.775 1.768 1.767 1.767 1.767 1.771 1.773 1.782 1.794 1.883 1.932 2.089 2.112 2.131 2.132 2.142 2.147 2.147 2.147 2.149 2.165 2.187 2.195 2.195 2.195 2.17 0.473 0.471 0.466 0.466 0.46 0.457 0.457 0.457 0.456 0.451 0.451 0.455 0.455 0.457 0.458 0.46 0.461 0.465 0.465 1.7 1.714 1.739 1.739 2.014 2.473 2.473 2.473 2.473 2.473 2.002 1.953 1.901 1.901 1.901 2.506 2.515 2.522 2.522 2.522 2.523 2.526 2.529 2.53 2.53 2.531 2.532 2.532 2.536 2.538 2.538 2.538 2.538 2.542 2.544 2.547 2.547 2.548 2.548 2.557 2.557 2.559 2.568 2.572 2.574 2.575 2.578 2.583 2.589 2.594 2.595 2.595 2.596 2.6 2.605 2.618 2.62 2.62 2.624 2.624 2.624 2.618 2.609 2.565 2.512 2.452 2.452 2.411 2.363 2.232 2.232 2.232 2.606 2.686 2.687 2.687 2.687 2.636 2.613 2.613 2.613 2.617 2.617 2.617 2.6 2.579 2.579 2.579 2.607 2.607 2.607 2.512 1.239 1.233 1.233 1.233 1.237 1.24 2.562 2.574 2.574 2.562 2.558 2.552 2.536 2.535 2.532 2.529 2.448 2.448 2.448 2.455 2.48 2.485 2.485 2.483 2.483 2.413 2.413 2.413 2.428 2.444 2.453 2.453 2.454 2.454 2.457 2.452 2.457 2.45 2.454 2.45 2.45 2.396 2.396 2.396 2.388 2.393 2.407 2.407 2.407 2.407 2.407 2.003 1.995 1.995 2.003 2.03 2.03 5.11 5.11 1.97 1.19 1.186 1.185 1.185 1.185 1.19 2.018 2.101 2.255 2.242 2.242 2.242 2.242 2.242 2.26 2.344 2.496 2.503 2.503 2.496 2.503 0.271 0.271 0.271 0.271 0.268 0.267 0.267 0.267 0.267 0.264 0.267 0.265 0.267 0.265 0.265 0.259 0.255 0.255 0.255 0.257 
1 1 1 1 1 1 1 1 1 1 1 1 1 1 1 1 1 1 1 1 1 1 1 1 1 1 1 1 0 0 0 0 0 0 0 1 1 1 1 1 1 1 1 1 1 1 1 1 1 1 1 1 1 1 1 1 1 1 1 1 1 1 1 1 1 1 1 1 1 1 1 1 1 1 1 1 1 1 1 1 1 1 1 1 1 1 1 1 1 1 1 1 1 1 1 1 1 1 0 0 0 0 0 0 1 1 1 1 1 1 1 1 1 1 1 1 1 1 1 1 1 1 1 1 1 0 0 1 1 1 1 1 1 1 1 1 1 1 1 1 1 1 1 1 1 1 1 1 1 1 1 1 1 1 1 1 1 1 1 1 1 1 1 1 1 1 1 1 1 1 1 0 0 0 0 1 1 1 1 1 1 1 1 1 1 1 0 1 1 1 1 1 1 1 1 1 0 0 0 0 1 1 1 1 1 1 1 1 1 1 1 1 1 1 1 1 1 1 1 0 0 1 1 1 1 0 0 0 1 1 1 1 1 1 1 1 1 1 1 1 1 1 1 1 1 1 1 1 1 1 1 1 1 1 1 1 1 1 1 1 1 1 1 1 0 1 1 1 1 1 1 1 1 1 1 1 1 1 1 1 0 0 1 1 1 1 1 1 1 1 1 1 1 1 1 1 1 1 1 1 1 0 0 0 1 1 1 1 1 1 0 0 0 0 0 0 0 0 0 0 1 1 1 1 1 1 1 1 1 1 1 1 1 1 1 1 1 1 1 1 1 1 1 1 1 1 1 1 1 1 1 1 1 1 1 1 1 1 1 1 1 1 1 0 1 1 1 1 1 1 1 1 1 1 1 1 1 1 1 1 1 1 1 1 1 1 1 1 1 1 1 1 1 1 1 1 0 0 0 0 1 1 1 1 1 1 1 1 1 1 1 1 1 1 1 1 1 1 1 1 1 1 1 1 1 1 1 1 1 1 1 1 1 1 1 1 1 1 1 1 1 1 1 1 1 1 1 1 1 1 1 1 1 1 1 1 1 1 1 1 1 1 1 1 1 1 1 1 1 1 1 1 1 1 1 1 1 1 1 1 1 1 1 1 1 1 1 1 1 1 1 1 1 1 1 1 1 1 1 1 1 1 1 1 1 1 1 1 1 1 1 1 1 1 1 1 1 1 1 1 1 1 1 1 1 1 1 1 1 1 1 1 1 1 1 1 1 1 1 1 1 1 1 1 1 1 1 1 1 1 1 1 1 1 1 1 1 1 1 1 1 1 1 1 1 1 1 1 1 1 1 1 1 1 1 1 1 1 1 1 1 1 1 1 1 1 1 1 1 1 1 1 1 1 1 1 1 1 1 1 1 1 1 1 1 1 1 1 1 1 1 1 1 1 1 1 1 1 1 1 1 1 1 1 1 1 1 1 1 1 1 1 1 1 1 1 1 1 1 1 1 1 1 1 1 1 1 1 1 1 1 1 1 1 1 1 1 1 1 1 1 1 1 1 1 1 1 1 1 1 1 1 1 1 1 1 1 1 1 1 1 1 
