# This file contains a 2D laser scan observation. 
# Its format is: 
# [aperture] [max_range] [number_of_scans] 
# [vector_of_scans] 
# [vector_of_valid_scans] 
# The aperture of the sensor is in radians, the maximum range 
# and measurements are in meters. '1' means a valid scan, '0' otherwise.
4.1847
5.6
682
0.353 0.353 0.007 0 0.345 0.333 0.333 0.333 0.334 0 0 0 0 0.326 0.324 0.324 0.326 0 0 0 0.312 0.3 0.3 0.312 0.316 0.316 0.329 0.334 0.329 0.304 0.294 0.294 0.294 0.298 0.298 0.298 0.288 0.284 0.284 0.283 0.288 0.283 0.276 0.276 0.291 0.287 0.287 0.287 0.283 0.282 0.275 0.275 0.272 0.28 0.272 0.277 0.277 0.277 0.272 0.272 0.267 0.265 0.262 0.265 0.265 0.276 0.278 0.28 0.278 0.276 0.276 0.272 0.251 0.251 0.251 0.26 0.274 0.276 0.296 0.303 0 0.007 0 0.303 0.271 0.26 0.256 0.254 0.26 0.26 0.255 0.264 0.264 0.256 0.256 0.265 0.262 0.262 0.262 0.256 0.256 0.248 0.25 0.25 0.248 0.244 0.248 0.248 0.254 0.257 0.258 0.258 0.258 0.259 0.259 0.261 0.26 0.26 0.262 0.262 0.264 0.264 0.264 0.267 0.267 0.26 0.258 0.258 0.258 0.258 0.261 0.262 0.262 0.254 0.251 0.245 0.245 0.245 0.246 0.257 0.258 0.26 0.26 0.261 0.262 0.262 0.263 0.263 0.262 0.262 0.265 0.268 0 0 0 0.299 0.277 0.265 0.263 0.265 0.275 0.265 0.275 0.007 0 0.007 0 0 0 0.285 0.265 0.264 0.264 0.264 0.276 0.28 0.282 0.287 0.297 0 0 0 0.276 0.276 0.276 0.276 0.276 0.288 0.282 0.282 0.282 0.282 0.28 0.28 0.28 0.316 0 0 0 0.296 0.294 0.294 0.296 0 0 0 0 0 0 0 0 0 0.007 0 0.007 0 0.007 0 0.331 0.331 0.326 0.326 0.331 0 0 0 0.336 0.327 0.327 0.336 0.336 0.336 0.336 0.338 0.338 0.336 0.338 0.338 0.34 0.34 0.344 0.344 0.356 0.358 0.365 0.365 0.374 0.374 0.374 0.364 0.364 0.364 0.371 0.374 0.386 0.394 0.394 0.394 0.395 0.395 0.395 0.436 0.433 0.433 0.436 0.436 0.433 0.435 0.435 0.435 0.442 0.442 0.446 0 0 0.458 0 0.007 0 0.007 0.485 0.482 0.482 0.48 0.48 0.48 0.48 0.495 0.504 0.508 0.508 0.509 0.525 0 0 0 0 0 0.596 0.595 0.595 0.595 0.595 0.596 0.598 0.007 0 0 0 0 0 0 0 0 0 1.553 1.553 1.553 1.58 1.607 1.648 1.681 1.706 1.735 1.803 1.842 1.902 1.902 1.921 1.924 1.924 1.924 1.921 1.918 1.915 1.91 1.908 1.897 1.892 1.892 1.885 1.885 1.885 1.884 1.884 1.884 1.887 1.932 1.989 1.994 2.005 2.005 2.088 2.131 2.131 2.2 2.262 2.329 2.397 2.472 0 0 0 5.233 5.229 5.229 5.229 5.226 5.226 5.208 5.208 5.206 5.208 5.206 5.204 5.204 5.201 5.201 5.204 5.208 5.208 5.21 5.208 5.21 5.21 5.214 5.219 5.226 5.226 5.228 5.234 5.238 5.238 5.238 5.154 5.154 5.148 4.275 4.063 4.063 4.063 4.056 4.056 3.215 3.113 3.017 3.017 3.017 2.937 2.858 1.903 1.903 1.902 1.902 1.902 1.913 1.911 1.914 1.923 1.929 1.929 1.933 1.935 1.938 1.943 1.947 1.947 1.95 1.954 1.958 1.97 1.972 1.976 1.979 1.982 1.987 1.988 2.003 2.004 2.004 2.003 1.766 1.766 1.752 1.741 1.74 1.736 1.736 1.741 1.751 1.763 1.906 1.994 2.096 2.096 2.098 2.109 2.11 2.125 2.133 2.133 2.133 2.139 2.146 2.16 2.16 2.185 2.188 2.188 2.212 2.212 2.212 1.991 1.899 0.448 0.447 0.445 0.439 0.437 0.435 0.435 0.435 0.434 0.434 0.438 0.438 0.438 0.438 0.438 0.44 0.44 0.442 0.45 2.487 2.504 5.11 2.504 2.487 1.953 1.912 1.832 1.832 1.832 2.495 2.501 2.504 2.504 2.508 2.508 2.507 2.508 2.508 2.509 2.513 2.514 2.521 2.521 2.521 2.524 2.524 2.524 2.524 2.526 2.527 2.532 2.539 2.539 2.545 2.546 2.547 2.55 2.556 2.557 2.558 2.563 2.565 2.568 2.579 2.581 2.589 2.589 2.591 2.593 2.598 2.61 2.611 2.613 2.613 2.613 2.601 2.576 2.517 2.456 2.444 2.391 2.314 2.221 2.221 2.221 2.234 2.678 2.679 2.679 2.679 2.677 2.605 2.605 2.605 2.623 2.623 2.623 2.607 2.584 2.584 2.584 2.585 2.595 2.595 2.595 2.595 2.585 2.551 1.235 1.229 1.229 1.229 1.234 1.268 2.551 2.551 2.551 2.543 2.537 2.532 2.53 2.488 2.452 2.452 2.452 2.456 2.466 2.479 2.479 2.479 2.455 2.418 2.418 2.418 2.437 2.448 2.449 2.451 2.452 2.457 2.458 2.457 2.457 2.453 2.453 2.451 2.449 2.382 2.382 2.377 2.382 2.397 2.411 2.411 2.425 2.411 2.411 2.004 2.004 1.994 2.004 2.004 2.013 2.013 2.098 2.013 2.002 1.195 1.19 1.189 1.189 1.189 1.19 1.262 2.036 2.167 2.168 2.204 2.204 2.222 2.263 2.388 2.479 2.485 2.488 2.495 2.518 2.518 2.518 2.497 2.455 2.451 2.451 2.451 2.545 2.549 2.549 2.549 0.287 0.285 0.281 0.281 0.281 0.28 0.28 0.28 0.279 0.279 
1 1 0 0 1 1 1 1 1 0 0 0 0 1 1 1 1 0 0 0 1 1 1 1 1 1 1 1 1 1 1 1 1 1 1 1 1 1 1 1 1 1 1 1 1 1 1 1 1 1 1 1 1 1 1 1 1 1 1 1 1 1 1 1 1 1 1 1 1 1 1 1 1 1 1 1 1 1 1 1 0 0 0 1 1 1 1 1 1 1 1 1 1 1 1 1 1 1 1 1 1 1 1 1 1 1 1 1 1 1 1 1 1 1 1 1 1 1 1 1 1 1 1 1 1 1 1 1 1 1 1 1 1 1 1 1 1 1 1 1 1 1 1 1 1 1 1 1 1 1 1 1 0 0 0 1 1 1 1 1 1 1 1 0 0 0 0 0 0 1 1 1 1 1 1 1 1 1 1 0 0 0 1 1 1 1 1 1 1 1 1 1 1 1 1 1 0 0 0 1 1 1 1 0 0 0 0 0 0 0 0 0 0 0 0 0 0 0 1 1 1 1 1 0 0 0 1 1 1 1 1 1 1 1 1 1 1 1 1 1 1 1 1 1 1 1 1 1 1 1 1 1 1 1 1 1 1 1 1 1 1 1 1 1 1 1 1 1 1 1 1 1 1 0 0 1 0 0 0 0 1 1 1 1 1 1 1 1 1 1 1 1 1 0 0 0 0 0 1 1 1 1 1 1 1 0 0 0 0 0 0 0 0 0 0 1 1 1 1 1 1 1 1 1 1 1 1 1 1 1 1 1 1 1 1 1 1 1 1 1 1 1 1 1 1 1 1 1 1 1 1 1 1 1 1 1 1 1 1 1 0 0 0 1 1 1 1 1 1 1 1 1 1 1 1 1 1 1 1 1 1 1 1 1 1 1 1 1 1 1 1 1 1 1 1 1 1 1 1 1 1 1 1 1 1 1 1 1 1 1 1 1 1 1 1 1 1 1 1 1 1 1 1 1 1 1 1 1 1 1 1 1 1 1 1 1 1 1 1 1 1 1 1 1 1 1 1 1 1 1 1 1 1 1 1 1 1 1 1 1 1 1 1 1 1 1 1 1 1 1 1 1 1 1 1 1 1 1 1 1 1 1 1 1 1 1 1 1 1 1 1 1 1 1 1 1 1 1 1 1 1 1 1 1 1 1 1 1 1 1 1 1 1 1 1 1 1 1 1 1 1 1 1 1 1 1 1 1 1 1 1 1 1 1 1 1 1 1 1 1 1 1 1 1 1 1 1 1 1 1 1 1 1 1 1 1 1 1 1 1 1 1 1 1 1 1 1 1 1 1 1 1 1 1 1 1 1 1 1 1 1 1 1 1 1 1 1 1 1 1 1 1 1 1 1 1 1 1 1 1 1 1 1 1 1 1 1 1 1 1 1 1 1 1 1 1 1 1 1 1 1 1 1 1 1 1 1 1 1 1 1 1 1 1 1 1 1 1 1 1 1 1 1 1 1 1 1 1 1 1 1 1 1 1 1 1 1 1 1 1 1 1 1 1 1 1 1 1 1 1 1 1 1 1 1 1 1 1 1 1 1 1 
