# This file contains a 2D laser scan observation. 
# Its format is: 
# [aperture] [max_range] [number_of_scans] 
# [vector_of_scans] 
# [vector_of_valid_scans] 
# The aperture of the sensor is in radians, the maximum range 
# and measurements are in meters. '1' means a valid scan, '0' otherwise.
4.1847
5.6
682
0.304 0.304 0.304 0.306 0.306 0.306 0.309 0.31 0.309 0.309 0.309 0.309 0.309 0.306 0.304 0.306 0.304 0.304 0.306 0.015 0.015 0.015 0.007 0.301 0.29 0.29 0.288 0.288 0.288 0.294 0.286 0.294 0.294 0.294 0.29 0.294 0.29 0.29 0.288 0.288 0.288 0.288 0.288 0.283 0.283 0.28 0.28 0.279 0.277 0.279 0.283 0.282 0.282 0.283 0.284 0.283 0.283 0.283 0.283 0.283 0.282 0.282 0.282 0.282 0.282 0.284 0.284 0.284 0.271 0.271 0.271 0.276 0.276 0.276 0.276 0.279 0.29 0.29 0.29 0.285 0.285 0.285 0.285 0.285 0.284 0.284 0.282 0.277 0.277 0.277 0.277 0.284 0.284 0.289 0.291 0.289 0.289 0.289 0.286 0.284 0.274 0.271 0.271 0.271 0.274 0.277 0.287 0.291 0.291 0.291 0.291 0.283 0.283 0.283 0.285 0.292 0.292 0.288 0.288 0.288 0.283 0.276 0.276 0.276 0.282 0.286 0.29 0.297 0.29 0.295 0.295 0.282 0.28 0.28 0.279 0.28 0.28 0.28 0.28 0.28 0.28 0.284 0.298 0.298 0.308 0.298 0.307 0.307 0.307 0.307 0.308 0.313 0.327 0.328 0.333 0.333 0 0 0 0.007 0 0 0 0 0 0 0 0 0 0 0.368 0.368 0.366 0.368 0.368 0.373 0.373 0.373 0.37 0.37 0.369 0.366 0.348 0.348 0.348 0.352 0.359 0.365 0.365 0.365 0.374 0.377 0.381 0.381 0.384 0.386 0.386 0.395 0.397 0.41 0.41 0.41 0.418 0.418 0.418 0.418 0.418 0.419 0.419 0.419 0.007 0 0 0.007 0 0 0 0 1.373 1.371 1.366 1.362 1.357 1.349 1.34 1.337 1.33 1.322 1.317 1.309 1.303 1.3 1.299 1.295 1.292 1.279 1.273 1.271 1.271 1.258 1.258 1.245 1.245 1.243 1.238 1.238 1.225 1.223 1.219 1.217 1.217 1.219 1.226 1.242 1.256 1.274 1.299 1.318 1.337 1.34 1.361 1.396 1.405 1.428 1.439 1.477 1.482 1.502 1.53 1.561 1.595 1.623 1.623 1.625 1.625 1.62 1.62 1.62 1.609 1.607 1.601 1.596 1.579 1.579 1.579 1.579 1.579 1.572 1.572 1.569 1.569 1.569 1.583 1.694 0.007 1.694 1.673 1.671 1.671 1.671 1.709 1.736 1.755 1.798 1.841 1.875 1.92 1.988 2.037 2.109 2.155 2.215 4.963 4.963 4.963 4.928 4.922 4.915 4.915 4.915 4.913 4.908 4.906 4.903 4.902 4.902 4.903 4.902 4.902 4.89 4.881 4.879 4.877 4.876 4.876 4.877 4.877 4.882 4.886 4.89 4.905 4.909 4.922 4.922 4.922 4.922 4.928 4.928 4.922 4.922 4.812 4.805 3.906 3.75 3.748 3.748 3.75 3.748 3.748 2.953 2.866 2.789 2.719 2.652 2.578 2.578 2.578 2.519 2.436 1.581 1.581 1.578 1.578 1.578 1.578 1.577 1.577 1.579 1.579 1.579 1.58 1.609 1.611 1.612 1.615 1.615 1.615 1.627 1.632 1.633 1.635 1.635 1.644 1.646 1.653 1.655 1.658 1.668 1.673 1.677 1.679 1.683 1.69 1.69 1.69 1.695 1.695 1.666 1.444 1.435 1.422 1.422 1.422 1.423 1.427 1.431 1.436 1.437 1.437 1.467 1.482 1.525 1.551 1.559 1.562 1.562 1.562 1.57 1.575 1.587 1.59 1.597 1.609 1.678 1.884 1.911 1.911 1.924 1.939 1.947 1.947 1.947 1.669 1.669 1.669 1.679 1.726 1.726 1.726 1.726 1.665 1.657 1.445 1.445 1.445 1.495 1.581 1.581 1.581 1.574 1.569 1.569 1.569 2.224 2.247 5.016 2.247 2.247 5.016 2.192 2.132 1.75 1.678 1.647 1.465 1.465 1.465 1.512 1.582 2.263 2.279 2.274 2.274 2.274 2.268 2.234 1.975 2.234 2.234 2.287 2.304 2.311 2.318 2.321 2.323 2.325 2.328 2.33 2.338 2.339 2.34 2.351 2.353 2.354 2.36 2.371 2.372 2.376 2.38 2.38 2.381 2.385 2.385 2.378 2.377 2.376 2.376 2.376 2.382 2.391 2.391 2.391 2.321 2.299 2.276 2.244 2.235 2.206 2.188 2.157 2.152 2.141 2.136 2.07 2.07 2.07 2.081 2.474 2.474 2.474 2.474 2.474 2.484 2.492 2.492 2.492 2.481 2.459 2.459 2.459 2.469 2.51 2.51 2.51 0.232 0.231 0.231 0.231 0.231 0.231 0.23 0.226 0.226 0.226 0.221 0.221 0.219 0.221 0.221 0.222 0.223 0.226 0.233 0.234 0.233 0.234 0.233 0.237 0.231 0.231 0.231 0.234 0.234 0.234 0.234 0.232 0.232 0.232 2.419 2.422 2.425 2.423 2.423 2.425 2.425 2.425 2.425 2.425 2.408 2.38 2.379 2.378 2.378 2.379 2.378 2.378 2.381 2.279 2.191 2.191 2.191 2.173 2.073 2.002 1.999 1.999 2.002 2.002 2.046 2.047 2.052 2.051 2.051 2.052 2.052 2.266 2.266 5.193 2.384 2.384 2.218 2.218 2.218 2.218 2.312 2.502 2.555 2.555 2.555 1.257 1.235 1.232 1.232 1.235 1.24 1.265 2.546 2.546 2.546 2.538 2.538 2.538 2.255 2.603 2.628 2.628 2.628 2.669 2.669 2.679 2.679 2.686 2.707 2.707 2.686 5.58 2.805 2.805 2.805 2.805 2.768 2.754 2.754 2.754 2.762 2.774 2.796 2.824 0 0 0 0 
1 1 1 1 1 1 1 1 1 1 1 1 1 1 1 1 1 1 1 0 0 0 0 1 1 1 1 1 1 1 1 1 1 1 1 1 1 1 1 1 1 1 1 1 1 1 1 1 1 1 1 1 1 1 1 1 1 1 1 1 1 1 1 1 1 1 1 1 1 1 1 1 1 1 1 1 1 1 1 1 1 1 1 1 1 1 1 1 1 1 1 1 1 1 1 1 1 1 1 1 1 1 1 1 1 1 1 1 1 1 1 1 1 1 1 1 1 1 1 1 1 1 1 1 1 1 1 1 1 1 1 1 1 1 1 1 1 1 1 1 1 1 1 1 1 1 1 1 1 1 1 1 1 1 1 1 0 0 0 0 0 0 0 0 0 0 0 0 0 0 1 1 1 1 1 1 1 1 1 1 1 1 1 1 1 1 1 1 1 1 1 1 1 1 1 1 1 1 1 1 1 1 1 1 1 1 1 1 1 1 0 0 0 0 0 0 0 0 1 1 1 1 1 1 1 1 1 1 1 1 1 1 1 1 1 1 1 1 1 1 1 1 1 1 1 1 1 1 1 1 1 1 1 1 1 1 1 1 1 1 1 1 1 1 1 1 1 1 1 1 1 1 1 1 1 1 1 1 1 1 1 1 1 1 1 1 1 1 1 1 1 1 1 1 0 1 1 1 1 1 1 1 1 1 1 1 1 1 1 1 1 1 1 1 1 1 1 1 1 1 1 1 1 1 1 1 1 1 1 1 1 1 1 1 1 1 1 1 1 1 1 1 1 1 1 1 1 1 1 1 1 1 1 1 1 1 1 1 1 1 1 1 1 1 1 1 1 1 1 1 1 1 1 1 1 1 1 1 1 1 1 1 1 1 1 1 1 1 1 1 1 1 1 1 1 1 1 1 1 1 1 1 1 1 1 1 1 1 1 1 1 1 1 1 1 1 1 1 1 1 1 1 1 1 1 1 1 1 1 1 1 1 1 1 1 1 1 1 1 1 1 1 1 1 1 1 1 1 1 1 1 1 1 1 1 1 1 1 1 1 1 1 1 1 1 1 1 1 1 1 1 1 1 1 1 1 1 1 1 1 1 1 1 1 1 1 1 1 1 1 1 1 1 1 1 1 1 1 1 1 1 1 1 1 1 1 1 1 1 1 1 1 1 1 1 1 1 1 1 1 1 1 1 1 1 1 1 1 1 1 1 1 1 1 1 1 1 1 1 1 1 1 1 1 1 1 1 1 1 1 1 1 1 1 1 1 1 1 1 1 1 1 1 1 1 1 1 1 1 1 1 1 1 1 1 1 1 1 1 1 1 1 1 1 1 1 1 1 1 1 1 1 1 1 1 1 1 1 1 1 1 1 1 1 1 1 1 1 1 1 1 1 1 1 1 1 1 1 1 1 1 1 1 1 1 1 1 1 1 1 1 1 1 1 1 1 1 1 1 1 1 1 1 1 1 1 1 1 1 1 1 1 1 1 1 1 1 1 1 1 1 1 1 1 1 1 1 1 1 1 1 1 1 1 1 1 1 1 0 0 0 0 
