# This file contains a 2D laser scan observation. 
# Its format is: 
# [aperture] [max_range] [number_of_scans] 
# [vector_of_scans] 
# [vector_of_valid_scans] 
# The aperture of the sensor is in radians, the maximum range 
# and measurements are in meters. '1' means a valid scan, '0' otherwise.
4.1847
5.6
682
0.373 0.373 0.373 0.373 0.376 0.378 0.378 0.383 0.394 0.398 0.406 0 0.007 0 0 0 0 0 0 0 0 0 0 0 0 0 0 0 0 0 0 0 0 0 0 0 0 0 0 0 0 0 0 0 0 3.684 3.684 3.684 0.006 0.006 0.006 0.006 0.006 0.006 0.006 0.006 0.006 0.006 0.006 0.006 0.006 0.006 0.006 0.006 0.006 0.006 0.006 0.006 0.006 0.006 0.006 0.006 0.006 0.006 0 0 0 0 0.007 3.418 3.312 3.245 3.186 3.136 3.136 3.136 3.184 3.291 0 3.291 3.184 2.974 2.974 2.937 2.818 2.62 2.62 2.62 0 0 0 2.252 2.252 2.243 2.243 0.007 0 0 0 0 0.007 0 1.9 0 0 1.774 1.728 1.645 1.645 1.645 1.596 1.594 1.546 1.545 1.521 1.481 1.481 1.447 1.425 1.362 1.348 1.314 1.307 1.292 1.273 1.267 1.253 1.253 1.228 1.213 1.213 1.212 1.203 1.161 1.15 1.15 1.15 1.112 1.095 1.093 1.084 1.082 1.071 1.058 1.053 1.041 1.039 1.024 1.018 1.012 0.999 0.987 0.982 0.979 0.971 0.965 0.948 0.945 0.943 0.929 0.923 0.894 0.894 0.894 0.894 0.894 0.884 0.882 0.877 0.875 0.865 0.863 0.857 0.857 0.857 0.859 0.869 0.87 0.877 0.879 0.885 0.885 0.896 0.909 0.916 0.918 0.925 0.931 0.939 0.94 0.951 0.955 0.956 0.968 0.977 0.979 0.994 0.995 1.006 1.018 1.019 1.029 1.046 1.048 1.061 1.075 1.083 1.092 1.101 1.113 1.13 1.144 1.148 1.163 1.167 1.202 1.203 1.203 1.202 1.195 1.185 1.184 1.184 1.184 1.18 1.178 1.173 1.167 1.149 1.149 1.134 1.134 1.128 1.128 1.128 1.118 1.115 1.115 1.117 1.111 1.111 1.111 1.11 1.11 1.11 1.119 1.15 1.182 1.193 1.193 1.193 1.193 1.193 1.193 1.198 1.222 1.235 1.244 1.272 1.294 1.306 1.321 1.342 1.372 1.386 1.405 1.436 1.46 1.491 1.509 1.534 1.566 1.588 1.613 1.655 1.679 1.704 1.74 1.77 1.822 3.38 0.007 4.475 4.471 4.471 4.461 4.46 4.457 4.457 4.455 4.449 4.441 4.435 4.431 4.431 4.431 4.43 4.427 4.423 4.423 4.423 4.423 4.413 4.399 4.391 4.389 4.373 4.363 4.363 4.373 4.393 4.394 4.395 4.396 4.415 4.422 4.422 4.424 4.426 4.437 4.44 4.44 4.441 4.441 4.42 4.311 4.307 4.298 3.486 3.338 3.265 3.265 3.265 3.265 3.265 3.265 3.258 2.474 2.455 2.38 2.317 2.25 2.198 2.15 2.094 2.044 1.995 1.942 1.889 1.839 1.794 1.123 1.09 1.074 1.068 1.068 1.068 1.068 1.064 1.064 1.064 1.07 1.07 1.073 1.086 1.089 1.089 1.086 1.086 1.089 1.104 1.106 1.116 1.116 1.116 1.132 1.133 1.135 1.138 1.139 1.142 1.143 1.145 1.154 1.16 1.162 1.162 1.169 1.176 1.179 1.181 1.182 1.183 1.189 1.193 1.201 1.201 1.205 1.216 1.219 1.219 1.228 1.231 1.235 1.238 1.252 1.256 1.256 1.252 1.162 1.039 0.989 0.985 0.985 0.982 0.977 0.974 0.974 0.973 0.973 0.974 0.975 0.985 0.988 0.989 0.993 0.993 1.001 1.026 1.11 1.199 1.368 1.199 1.154 1.179 1.179 1.179 1.252 1.275 1.287 1.34 1.464 1.506 1.528 1.538 1.545 1.56 1.583 1.585 1.585 1.585 1.33 1.295 1.275 1.271 1.271 1.27 1.271 1.276 1.296 1.296 1.296 1.278 1.278 1.278 1.375 1.83 1.83 1.83 1.304 1.29 1.27 1.167 1.064 1.064 1.064 1.093 1.195 1.197 1.197 1.198 1.199 1.198 1.198 1.198 1.195 1.132 1.13 1.13 1.132 1.132 1.207 1.293 1.322 1.322 1.322 1.318 1.318 1.318 2.012 2.026 2.026 2.012 1.206 1.19 1.184 1.163 1.163 1.163 2.091 2.108 2.12 2.12 2.123 2.137 2.143 2.149 2.154 2.164 2.171 2.173 2.187 2.2 2.204 2.212 2.226 2.233 2.244 2.245 2.245 2.245 2.231 2.211 2.195 2.182 2.162 2.14 2.122 2.105 2.098 2.086 2.075 2.046 2.042 2.022 2.015 1.998 1.995 1.961 1.911 1.911 1.911 2.023 2.353 2.353 2.353 2.342 2.325 2.319 2.319 2.319 2.377 2.379 2.379 2.377 2.367 2.36 2.333 2.309 2.308 2.308 2.308 2.336 2.392 2.397 2.397 2.397 2.395 2.395 2.395 2.398 2.398 2.398 2.391 2.323 2.323 2.323 2.341 2.383 2.394 2.394 2.394 2.394 2.352 2.347 2.347 2.347 2.378 2.388 2.401 2.41 2.426 2.428 2.429 2.438 2.439 2.442 2.455 2.455 2.455 2.414 2.414 2.414 2.424 2.425 2.429 2.467 2.481 2.481 2.487 2.487 2.474 2.474 2.096 2.089 1.192 1.182 1.182 1.182 1.185 1.188 2.084 2.084 2.087 2.087 2.141 2.143 2.158 2.169 2.171 2.172 2.191 2.207 2.262 2.262 2.343 2.656 2.656 2.664 2.664 2.664 2.742 2.742 2.742 2.731 2.711 2.711 2.711 2.783 2.796 0.006 0.006 0.006 0.006 0.007 2.888 2.88 2.888 2.88 2.877 2.751 2.551 
1 1 1 1 1 1 1 1 1 1 1 0 0 0 0 0 0 0 0 0 0 0 0 0 0 0 0 0 0 0 0 0 0 0 0 0 0 0 0 0 0 0 0 0 0 1 1 1 0 0 0 0 0 0 0 0 0 0 0 0 0 0 0 0 0 0 0 0 0 0 0 0 0 0 0 0 0 0 0 1 1 1 1 1 1 1 1 1 0 1 1 1 1 1 1 1 1 1 0 0 0 1 1 1 1 0 0 0 0 0 0 0 1 0 0 1 1 1 1 1 1 1 1 1 1 1 1 1 1 1 1 1 1 1 1 1 1 1 1 1 1 1 1 1 1 1 1 1 1 1 1 1 1 1 1 1 1 1 1 1 1 1 1 1 1 1 1 1 1 1 1 1 1 1 1 1 1 1 1 1 1 1 1 1 1 1 1 1 1 1 1 1 1 1 1 1 1 1 1 1 1 1 1 1 1 1 1 1 1 1 1 1 1 1 1 1 1 1 1 1 1 1 1 1 1 1 1 1 1 1 1 1 1 1 1 1 1 1 1 1 1 1 1 1 1 1 1 1 1 1 1 1 1 1 1 1 1 1 1 1 1 1 1 1 1 1 1 1 1 1 1 1 1 1 1 1 1 1 1 1 1 1 1 1 1 1 1 1 1 1 1 0 1 1 1 1 1 1 1 1 1 1 1 1 1 1 1 1 1 1 1 1 1 1 1 1 1 1 1 1 1 1 1 1 1 1 1 1 1 1 1 1 1 1 1 1 1 1 1 1 1 1 1 1 1 1 1 1 1 1 1 1 1 1 1 1 1 1 1 1 1 1 1 1 1 1 1 1 1 1 1 1 1 1 1 1 1 1 1 1 1 1 1 1 1 1 1 1 1 1 1 1 1 1 1 1 1 1 1 1 1 1 1 1 1 1 1 1 1 1 1 1 1 1 1 1 1 1 1 1 1 1 1 1 1 1 1 1 1 1 1 1 1 1 1 1 1 1 1 1 1 1 1 1 1 1 1 1 1 1 1 1 1 1 1 1 1 1 1 1 1 1 1 1 1 1 1 1 1 1 1 1 1 1 1 1 1 1 1 1 1 1 1 1 1 1 1 1 1 1 1 1 1 1 1 1 1 1 1 1 1 1 1 1 1 1 1 1 1 1 1 1 1 1 1 1 1 1 1 1 1 1 1 1 1 1 1 1 1 1 1 1 1 1 1 1 1 1 1 1 1 1 1 1 1 1 1 1 1 1 1 1 1 1 1 1 1 1 1 1 1 1 1 1 1 1 1 1 1 1 1 1 1 1 1 1 1 1 1 1 1 1 1 1 1 1 1 1 1 1 1 1 1 1 1 1 1 1 1 1 1 1 1 1 1 1 1 1 1 1 1 1 1 1 1 1 1 1 1 1 1 1 1 1 1 1 1 1 1 1 1 1 1 1 1 1 1 1 1 1 1 1 1 1 1 1 1 1 1 1 1 1 1 1 1 1 1 1 1 1 1 1 1 1 1 1 1 1 1 1 0 0 0 0 0 1 1 1 1 1 1 1 
