# This file contains a 2D laser scan observation. 
# Its format is: 
# [aperture] [max_range] [number_of_scans] 
# [vector_of_scans] 
# [vector_of_valid_scans] 
# The aperture of the sensor is in radians, the maximum range 
# and measurements are in meters. '1' means a valid scan, '0' otherwise.
4.1847
5.6
682
0.423 0 0 0 0 0 0 0 0 0 0 0 0 0 0 0 0 0 0 0 0 0 0 0 0 0 0 0 0 0 0 0 0 0 0 0 0 0 0 0 0 3.702 3.701 3.694 3.694 3.686 3.686 3.69 3.69 3.698 0.006 0.006 0.006 0.006 0.006 0.006 0.006 0.006 0.006 0.006 0.006 0.006 0.006 0.006 0.006 0.006 0.006 0.006 0.006 0.006 0.006 0.006 0.006 0.006 0.006 0 0 0 0 0 0.007 0 3.359 3.179 3.135 3.135 3.135 3.175 3.262 0 3.262 3.175 3.075 3.075 2.866 2.856 3.075 0 0 0 0 0 2.243 2.243 0.007 0 0 0 0 1.891 1.829 1.829 1.824 1.762 1.675 1.653 1.653 1.617 1.585 1.545 1.533 1.527 1.525 1.474 1.439 1.421 1.404 1.33 1.308 1.305 1.283 1.266 1.241 1.233 1.226 1.205 1.188 1.187 1.18 1.187 1.18 1.18 0.007 0.015 1.134 1.077 1.066 1.061 1.053 1.05 1.037 1.023 1.018 1.011 1 0.994 0.977 0.971 0.971 0.954 0.949 0.948 0.936 0.922 0.919 0.906 0.897 0.876 0.872 0.871 0.869 0.865 0.861 0.85 0.846 0.837 0.835 0.829 0.829 0.831 0.831 0.833 0.837 0.838 0.844 0.849 0.851 0.852 0.865 0.869 0.876 0.878 0.884 0.886 0.895 0.899 0.905 0.914 0.922 0.929 0.929 0.929 0.935 0.942 0.956 0.971 0.971 0.972 0.988 0.997 1 1.009 1.02 1.028 1.028 1.038 1.061 1.062 1.072 1.078 1.095 1.098 1.116 1.118 1.153 1.161 1.161 1.161 1.154 1.152 1.15 1.142 1.135 1.133 1.133 1.131 1.13 1.127 1.123 1.09 1.083 1.083 1.09 1.09 1.083 1.079 1.075 1.074 1.064 1.064 1.064 1.064 1.064 1.066 1.066 1.073 1.082 1.111 1.161 1.161 1.161 1.159 1.151 1.151 1.151 1.154 1.173 1.188 1.194 1.21 1.233 1.262 1.273 1.294 1.314 1.337 1.355 1.378 1.402 1.416 1.442 1.46 1.492 1.504 1.542 1.569 1.593 1.632 1.664 1.688 1.72 1.747 1.793 3.236 3.333 4.417 4.417 4.417 4.412 4.409 4.407 4.398 4.392 4.392 4.391 4.389 4.388 4.386 4.383 4.383 4.381 4.379 4.375 4.379 4.375 4.371 4.351 4.337 4.335 4.335 4.327 4.327 4.335 4.336 4.341 4.342 4.342 4.368 4.371 4.371 4.373 4.378 4.379 4.383 4.383 4.383 4.379 4.336 4.273 4.273 4.258 4.24 4.24 3.413 3.24 3.223 3.223 3.218 3.223 3.223 3.192 2.437 2.389 2.323 2.265 2.194 2.155 2.101 2.041 2.007 1.945 1.899 1.851 1.811 1.765 1.729 1.082 1.043 1.028 1.021 1.018 1.018 1.018 1.018 1.018 1.032 1.027 1.027 1.032 1.034 1.038 1.043 1.043 1.038 1.043 1.053 1.054 1.069 1.069 1.072 1.076 1.08 1.08 1.083 1.088 1.091 1.091 1.098 1.103 1.103 1.104 1.118 1.123 1.124 1.124 1.127 1.129 1.13 1.131 1.134 1.142 1.154 1.158 1.166 1.169 1.172 1.173 1.176 1.181 1.185 1.195 1.199 1.202 1.204 1.218 1.218 1.218 1.092 0.982 0.958 0.954 0.954 0.942 0.942 0.941 0.942 0.942 0.941 0.938 0.938 0.938 0.945 0.946 0.946 0.951 0.958 0.958 1.08 1.082 1.34 1.129 1.1 1.116 1.129 1.129 1.155 1.179 1.212 1.269 1.437 1.484 1.51 1.518 1.529 1.548 1.557 1.567 1.567 1.567 1.328 1.328 1.242 1.224 1.228 1.228 1.228 1.247 1.72 1.72 1.72 1.253 1.253 1.253 1.272 1.802 1.802 1.802 1.287 1.265 1.252 1.235 1.226 1.11 1.056 1.056 1.056 1.177 1.177 1.177 1.174 1.174 1.173 1.173 1.175 1.175 1.173 1.102 1.099 1.099 1.099 1.145 1.299 1.302 1.302 1.299 1.295 1.295 1.295 2.012 2.024 2.024 2.012 1.178 1.163 1.161 1.161 1.144 1.144 1.144 2.094 2.118 2.121 2.121 2.132 2.138 2.152 2.16 2.164 2.172 2.182 2.193 2.204 2.211 2.226 2.233 2.233 2.233 2.229 2.209 2.192 2.189 2.158 2.157 2.128 2.113 2.1 2.092 2.075 2.071 2.051 2.036 2.026 2.015 1.998 1.986 1.975 1.922 1.914 1.914 1.914 2.252 2.33 2.33 2.33 2.32 2.32 2.32 2.348 2.372 2.372 2.372 2.37 2.357 2.346 2.326 2.307 2.3 2.3 2.3 2.366 2.394 2.394 2.395 2.394 2.393 2.393 2.393 2.393 2.393 2.391 2.369 2.335 2.335 2.335 2.356 2.382 2.4 2.4 2.4 2.367 2.35 2.35 2.35 2.366 2.4 2.406 2.417 2.428 2.436 2.442 2.444 2.444 2.446 2.458 2.462 2.462 2.462 2.425 2.425 2.425 2.428 2.43 2.459 2.497 2.497 2.497 2.503 2.497 2.486 2.114 2.114 2.114 2.114 2.078 1.227 1.196 1.192 1.192 1.192 1.196 1.208 2.163 2.186 2.186 2.186 2.189 2.193 2.205 2.21 2.21 2.337 2.337 2.671 2.671 2.683 2.683 2.685 2.767 2.767 2.767 2.741 2.733 2.733 2.733 2.806 2.819 0.006 0.006 0.006 0.015 0.006 0.006 
1 0 0 0 0 0 0 0 0 0 0 0 0 0 0 0 0 0 0 0 0 0 0 0 0 0 0 0 0 0 0 0 0 0 0 0 0 0 0 0 0 1 1 1 1 1 1 1 1 1 0 0 0 0 0 0 0 0 0 0 0 0 0 0 0 0 0 0 0 0 0 0 0 0 0 0 0 0 0 0 0 0 1 1 1 1 1 1 1 0 1 1 1 1 1 1 1 0 0 0 0 0 1 1 0 0 0 0 0 1 1 1 1 1 1 1 1 1 1 1 1 1 1 1 1 1 1 1 1 1 1 1 1 1 1 1 1 1 1 1 1 1 0 0 1 1 1 1 1 1 1 1 1 1 1 1 1 1 1 1 1 1 1 1 1 1 1 1 1 1 1 1 1 1 1 1 1 1 1 1 1 1 1 1 1 1 1 1 1 1 1 1 1 1 1 1 1 1 1 1 1 1 1 1 1 1 1 1 1 1 1 1 1 1 1 1 1 1 1 1 1 1 1 1 1 1 1 1 1 1 1 1 1 1 1 1 1 1 1 1 1 1 1 1 1 1 1 1 1 1 1 1 1 1 1 1 1 1 1 1 1 1 1 1 1 1 1 1 1 1 1 1 1 1 1 1 1 1 1 1 1 1 1 1 1 1 1 1 1 1 1 1 1 1 1 1 1 1 1 1 1 1 1 1 1 1 1 1 1 1 1 1 1 1 1 1 1 1 1 1 1 1 1 1 1 1 1 1 1 1 1 1 1 1 1 1 1 1 1 1 1 1 1 1 1 1 1 1 1 1 1 1 1 1 1 1 1 1 1 1 1 1 1 1 1 1 1 1 1 1 1 1 1 1 1 1 1 1 1 1 1 1 1 1 1 1 1 1 1 1 1 1 1 1 1 1 1 1 1 1 1 1 1 1 1 1 1 1 1 1 1 1 1 1 1 1 1 1 1 1 1 1 1 1 1 1 1 1 1 1 1 1 1 1 1 1 1 1 1 1 1 1 1 1 1 1 1 1 1 1 1 1 1 1 1 1 1 1 1 1 1 1 1 1 1 1 1 1 1 1 1 1 1 1 1 1 1 1 1 1 1 1 1 1 1 1 1 1 1 1 1 1 1 1 1 1 1 1 1 1 1 1 1 1 1 1 1 1 1 1 1 1 1 1 1 1 1 1 1 1 1 1 1 1 1 1 1 1 1 1 1 1 1 1 1 1 1 1 1 1 1 1 1 1 1 1 1 1 1 1 1 1 1 1 1 1 1 1 1 1 1 1 1 1 1 1 1 1 1 1 1 1 1 1 1 1 1 1 1 1 1 1 1 1 1 1 1 1 1 1 1 1 1 1 1 1 1 1 1 1 1 1 1 1 1 1 1 1 1 1 1 1 1 1 1 1 1 1 1 1 1 1 1 1 1 1 1 1 1 1 1 1 1 1 1 1 1 1 1 1 1 1 1 1 1 1 1 1 1 1 1 1 1 1 1 1 1 1 1 1 1 1 1 1 1 1 1 1 1 1 1 1 1 1 1 1 0 0 0 0 0 0 
