# This file contains a 2D laser scan observation. 
# Its format is: 
# [aperture] [max_range] [number_of_scans] 
# [vector_of_scans] 
# [vector_of_valid_scans] 
# The aperture of the sensor is in radians, the maximum range 
# and measurements are in meters. '1' means a valid scan, '0' otherwise.
4.1847
5.6
682
0 0 0 0 0 0 0 0 0 0 0 0 0 0 0 0 0 0 0 0 0 0 0 0 0 0 0 0 0 0 0 0 0 0 0 0 0 3.737 3.724 3.724 3.716 3.715 3.711 3.71 3.702 3.701 3.696 3.695 3.693 3.693 3.693 0 0 0 0 0 0 0 0 0 0.006 0.006 0.006 0.006 0.006 0.006 0.006 0.006 0.006 0.006 0.006 0.006 0.006 0.006 0.006 0.006 0.006 0.007 0 0 0 0 3.304 3.257 3.187 3.149 3.082 3.082 3.082 3.205 0.007 0 0 0.007 3.043 2.848 3.043 3.043 0 0 0 2.228 2.2 2.2 2.2 0 0 0 1.875 1.826 1.783 1.783 1.783 0 0 0 0.007 1.528 1.513 1.511 1.496 1.441 1.391 1.369 1.341 1.314 1.267 1.238 1.237 1.199 1.197 1.182 1.158 1.153 1.153 1.153 1.152 0.015 0.007 0.015 1.113 1.038 1.036 1.032 1.032 1.008 0.995 0.987 0.98 0.964 0.959 0.95 0.939 0.928 0.922 0.911 0.909 0.893 0.884 0.878 0.87 0.843 0.842 0.834 0.832 0.83 0.829 0.82 0.809 0.808 0.805 0.791 0.785 0.785 0.785 0.785 0.79 0.793 0.802 0.804 0.807 0.809 0.819 0.828 0.831 0.832 0.839 0.841 0.841 0.847 0.854 0.858 0.862 0.87 0.871 0.871 0.879 0.887 0.89 0.894 0.898 0.909 0.916 0.919 0.925 0.931 0.943 0.952 0.956 0.956 0.969 0.98 0.984 0.991 0.998 1.001 1.005 1.027 1.034 1.04 1.044 1.058 1.061 1.096 1.105 1.105 1.105 1.102 1.092 1.089 1.089 1.078 1.077 1.076 1.076 1.066 1.066 1.063 1.053 1.045 1.032 1.032 1.03 1.026 1.022 1.02 1.015 1.011 1.011 1.01 1.01 1.01 1.005 1.005 1.005 1.005 1.014 1.032 1.05 1.092 1.092 1.092 1.092 1.089 1.083 1.083 1.083 1.089 1.114 1.131 1.141 1.158 1.166 1.197 1.21 1.218 1.251 1.268 1.28 1.307 1.319 1.333 1.358 1.383 1.409 1.432 1.449 1.47 1.503 1.523 1.55 1.582 1.614 1.648 1.672 1.71 3.157 3.262 4.345 4.345 4.345 4.345 4.343 4.335 4.334 4.329 4.329 4.323 4.323 4.322 4.316 4.315 4.311 4.311 4.311 4.311 4.307 4.307 4.303 4.303 4.299 4.278 4.274 4.266 4.248 4.248 4.248 4.254 4.259 4.261 4.261 4.268 4.291 4.3 4.304 4.308 4.308 4.308 4.314 4.317 4.325 4.325 4.325 4.204 4.204 4.186 4.183 3.353 3.21 3.152 3.152 3.152 3.15 3.15 3.165 3.15 3.006 2.355 2.29 2.228 2.176 2.123 2.075 2.025 1.979 1.931 1.881 1.837 1.799 1.752 1.712 1.712 1.678 1.646 0.987 0.968 0.956 0.954 0.952 0.954 0.955 0.955 0.955 0.956 0.962 0.967 0.968 0.971 0.971 0.982 0.982 0.967 0.967 0.967 0.967 1.007 1.008 1.012 1.012 1.013 1.018 1.021 1.024 1.029 1.036 1.038 1.039 1.041 1.045 1.052 1.054 1.06 1.064 1.073 1.073 1.075 1.075 1.076 1.08 1.088 1.091 1.092 1.106 1.112 1.113 1.117 1.119 1.12 1.134 1.135 1.139 1.141 1.144 1.156 1.159 1.165 1.17 1.17 1.17 0.951 0.924 0.911 0.905 0.897 0.896 0.896 0.896 0.895 0.892 0.891 0.891 0.891 0.894 0.897 0.898 0.902 0.905 0.908 0.908 0.924 1.024 1.051 1.134 1.054 1.063 1.076 1.076 1.076 1.077 1.121 1.298 1.451 1.47 1.491 1.491 1.504 1.517 1.527 1.547 1.547 1.547 1.222 1.222 1.2 1.187 1.2 1.207 1.188 1.207 1.22 1.22 1.211 1.211 1.211 1.211 1.217 1.803 1.803 1.803 1.24 1.231 1.226 1.211 1.201 1.201 1.184 1.18 1.046 1.046 1.046 1.144 1.144 1.144 1.141 1.141 1.141 1.143 1.202 1.202 1.202 1.068 1.068 1.068 1.118 1.26 1.274 1.274 1.274 1.252 1.252 1.252 2.014 2.04 2.04 2.014 1.123 1.121 1.121 1.12 1.12 1.12 1.12 1.12 2.112 2.137 2.138 2.138 2.142 2.164 2.165 2.17 2.186 2.203 2.217 2.229 2.229 2.229 2.215 2.185 2.173 2.161 2.142 2.134 2.12 2.108 2.089 2.078 2.064 2.052 2.043 2.028 2.017 2.003 1.996 1.982 1.976 1.951 1.895 1.895 1.895 2.336 2.336 2.336 2.328 2.325 2.325 2.328 2.371 2.376 2.377 2.376 2.371 2.358 2.348 2.322 2.308 2.308 2.322 2.322 2.394 2.405 2.408 2.408 2.405 2.405 2.405 2.405 2.405 2.405 2.385 2.343 2.343 2.343 2.361 2.396 2.411 2.411 2.411 2.404 2.366 2.366 2.366 2.384 2.406 2.419 2.44 2.442 2.45 2.45 2.456 2.458 2.471 2.478 2.478 2.478 2.456 2.447 2.447 2.447 2.455 2.463 2.473 2.49 2.523 2.523 2.523 2.512 2.458 2.151 2.138 2.138 2.138 2.193 2.37 2.376 2.376 2.37 1.255 1.225 1.225 1.225 1.225 1.235 2.191 2.226 2.232 2.232 2.233 2.247 2.248 2.352 2.564 2.7 2.708 2.714 2.801 2.801 2.801 2.776 2.774 2.774 2.776 
0 0 0 0 0 0 0 0 0 0 0 0 0 0 0 0 0 0 0 0 0 0 0 0 0 0 0 0 0 0 0 0 0 0 0 0 0 1 1 1 1 1 1 1 1 1 1 1 1 1 1 0 0 0 0 0 0 0 0 0 0 0 0 0 0 0 0 0 0 0 0 0 0 0 0 0 0 0 0 0 0 0 1 1 1 1 1 1 1 1 0 0 0 0 1 1 1 1 0 0 0 1 1 1 1 0 0 0 1 1 1 1 1 0 0 0 0 1 1 1 1 1 1 1 1 1 1 1 1 1 1 1 1 1 1 1 1 0 0 0 1 1 1 1 1 1 1 1 1 1 1 1 1 1 1 1 1 1 1 1 1 1 1 1 1 1 1 1 1 1 1 1 1 1 1 1 1 1 1 1 1 1 1 1 1 1 1 1 1 1 1 1 1 1 1 1 1 1 1 1 1 1 1 1 1 1 1 1 1 1 1 1 1 1 1 1 1 1 1 1 1 1 1 1 1 1 1 1 1 1 1 1 1 1 1 1 1 1 1 1 1 1 1 1 1 1 1 1 1 1 1 1 1 1 1 1 1 1 1 1 1 1 1 1 1 1 1 1 1 1 1 1 1 1 1 1 1 1 1 1 1 1 1 1 1 1 1 1 1 1 1 1 1 1 1 1 1 1 1 1 1 1 1 1 1 1 1 1 1 1 1 1 1 1 1 1 1 1 1 1 1 1 1 1 1 1 1 1 1 1 1 1 1 1 1 1 1 1 1 1 1 1 1 1 1 1 1 1 1 1 1 1 1 1 1 1 1 1 1 1 1 1 1 1 1 1 1 1 1 1 1 1 1 1 1 1 1 1 1 1 1 1 1 1 1 1 1 1 1 1 1 1 1 1 1 1 1 1 1 1 1 1 1 1 1 1 1 1 1 1 1 1 1 1 1 1 1 1 1 1 1 1 1 1 1 1 1 1 1 1 1 1 1 1 1 1 1 1 1 1 1 1 1 1 1 1 1 1 1 1 1 1 1 1 1 1 1 1 1 1 1 1 1 1 1 1 1 1 1 1 1 1 1 1 1 1 1 1 1 1 1 1 1 1 1 1 1 1 1 1 1 1 1 1 1 1 1 1 1 1 1 1 1 1 1 1 1 1 1 1 1 1 1 1 1 1 1 1 1 1 1 1 1 1 1 1 1 1 1 1 1 1 1 1 1 1 1 1 1 1 1 1 1 1 1 1 1 1 1 1 1 1 1 1 1 1 1 1 1 1 1 1 1 1 1 1 1 1 1 1 1 1 1 1 1 1 1 1 1 1 1 1 1 1 1 1 1 1 1 1 1 1 1 1 1 1 1 1 1 1 1 1 1 1 1 1 1 1 1 1 1 1 1 1 1 1 1 1 1 1 1 1 1 1 1 1 1 1 1 1 1 1 1 1 1 1 1 1 1 1 1 1 1 1 1 1 1 1 1 1 1 1 1 1 1 1 1 1 1 1 1 1 1 1 1 1 1 1 1 1 1 1 1 1 1 1 1 1 1 1 1 1 
