# This file contains a 2D laser scan observation. 
# Its format is: 
# [aperture] [max_range] [number_of_scans] 
# [vector_of_scans] 
# [vector_of_valid_scans] 
# The aperture of the sensor is in radians, the maximum range 
# and measurements are in meters. '1' means a valid scan, '0' otherwise.
4.1847
5.6
682
0 0 0 0 0 0 0 0 0 0 0 0 0 0 0 0 0 0 0 0 0 3.868 3.868 3.871 3.871 3.871 0.007 3.838 3.828 3.828 3.82 3.818 3.817 3.806 3.798 3.797 3.782 3.781 3.779 3.775 3.771 3.759 3.755 3.753 3.741 3.74 3.737 3.736 3.731 3.723 3.711 3.711 3.711 0 0 0 0 0 0 0 0 0 0 0 0 0 0 0 0 0 0.006 0.006 0.006 0.006 0.006 0.006 0.006 0.006 0.006 0 0 0 0 0 0 0 3.076 3.076 3.076 3.087 3.087 3.087 2.871 2.761 2.522 2.416 2.299 2.299 2.299 2.18 2.065 0 0 0 0 0 0 1.444 1.405 1.321 1.317 1.262 1.186 1.186 1.128 1.099 1.099 1.076 1.076 1.024 0.981 0.96 0.96 0.949 0.949 0.875 0.866 0.854 0.833 0.823 0.815 0.815 0.791 0.789 0.789 0.744 0.74 0.74 0.74 0.728 0.698 0.684 0.683 0.683 0.683 0.684 0.684 0.684 0.687 0.687 0.694 0.699 0.704 0.705 0.705 0.705 0.705 0.705 0.709 0.71 0.711 0.715 0.716 0.717 0.722 0.724 0.724 0.726 0.729 0.729 0.737 0.737 0.743 0.744 0.746 0.747 0.754 0.754 0.755 0.761 0.763 0.763 0.771 0.777 0.774 0.777 0.781 0.782 0.785 0.794 0.796 0.798 0.798 0.808 0.813 0.82 0.822 0.828 0.831 0.831 0.837 0.841 0.846 0.853 0.854 0.862 0.867 0.868 0.873 0.884 0.889 0.891 0.893 0.913 0.935 0.935 0.935 0.925 0.924 0.922 0.921 0.917 0.912 0.899 0.898 0.898 0.892 0.89 0.88 0.877 0.861 0.849 0.844 0.84 0.84 0.84 0.839 0.836 0.832 0.83 0.82 0.82 0.819 0.818 0.818 0.817 0.812 0.812 0.809 0.809 0.812 0.816 0.823 0.837 0.84 0.873 0.889 0.9 0.9 0.9 0.893 0.889 0.882 0.882 0.885 0.885 0.888 0.899 0.908 0.914 0.93 0.935 0.947 0.969 0.97 0.989 0.992 1.007 1.029 1.04 1.058 1.059 1.068 1.095 1.107 1.123 1.143 1.155 1.168 1.184 1.206 1.226 1.242 1.261 1.289 1.31 1.329 1.353 1.368 1.39 1.424 1.439 1.459 1.497 1.523 2.782 2.863 2.943 3.051 3.148 4.125 4.125 4.125 4.121 4.116 4.116 4.115 4.115 4.114 4.105 4.097 4.097 4.097 4.093 4.093 4.089 4.087 4.085 4.081 4.081 4.081 4.079 4.077 4.06 4.057 4.055 4.022 4.016 4.016 4.022 4.048 4.056 4.059 4.061 4.07 4.087 4.087 4.087 4.087 4.089 4.096 4.097 4.104 4.108 4.108 4.108 3.973 3.973 3.968 3.968 3.968 3.183 3.024 2.956 2.947 2.947 2.947 2.947 2.947 2.958 2.935 2.918 2.153 2.103 2.054 2.008 1.959 1.912 1.871 1.835 1.787 1.761 1.716 1.674 1.645 1.607 1.571 1.531 1.507 1.482 1.443 1.418 1.394 1.372 1.346 1.346 1.312 1.301 0.833 0.801 0.785 0.769 0.768 0.766 0.765 0.765 0.765 0.765 0.765 0.765 0.767 0.767 0.767 0.767 0.769 0.781 0.781 0.783 0.783 0.788 0.801 0.785 0.791 0.793 0.793 0.793 0.812 0.818 0.818 0.818 0.833 0.834 0.834 0.839 0.839 0.841 0.843 0.845 0.854 0.861 0.863 0.863 0.869 0.875 0.882 0.882 0.883 0.885 0.891 0.897 0.903 0.905 0.913 0.919 0.922 0.925 0.931 0.934 0.942 0.944 0.955 0.958 0.963 0.973 0.981 0.986 0.988 0.994 0.995 1.009 1.014 1.016 1.026 1.032 1.039 1.042 1.049 1.049 1.049 0.804 0.79 0.786 0.774 0.769 0.761 0.761 0.76 0.758 0.76 0.76 0.755 0.754 0.755 0.754 0.755 0.761 0.761 0.763 0.764 0.77 0.774 0.78 0.78 0.787 0.846 0.903 0.904 0.904 0.914 0.936 0.938 0.96 1.055 1.468 1.485 1.505 1.53 1.53 1.53 1.245 1.093 1.093 1.091 1.083 1.091 1.111 1.111 1.711 1.711 1.711 1.117 1.11 1.11 1.11 1.127 1.56 1.56 1.56 1.134 1.13 1.118 1.112 1.109 1.104 1.09 1.082 1.074 1.074 1.068 1.052 1.05 1.068 1.068 1.064 1.07 1.071 1.071 1.071 1.231 1.231 1.231 1.223 1.216 1.206 1.204 1.201 1.196 1.184 1.184 1.184 2.079 2.096 2.102 2.096 2.079 1.189 1.111 1.076 1.068 1.067 1.067 1.053 1.053 1.053 1.058 1.094 1.163 1.171 1.241 1.457 1.785 1.785 1.785 1.783 1.783 1.783 1.788 1.806 1.817 1.833 1.844 1.862 1.862 1.889 1.896 1.9 1.903 1.912 1.912 1.912 2.26 2.321 2.333 2.357 2.392 2.395 2.395 2.395 2.392 2.37 2.352 2.35 2.338 2.338 2.338 2.42 2.44 2.44 2.44 2.44 2.442 2.443 2.445 2.445 2.445 2.435 2.386 2.386 2.386 2.424 2.455 2.466 2.466 2.466 2.436 2.419 2.419 2.419 2.454 2.489 2.491 2.502 2.504 2.521 2.534 2.536 2.542 2.543 2.543 2.543 2.527 2.527 2.527 2.527 2.528 2.552 2.566 2.597 2.601 2.601 2.601 2.586 2.529 2.504 2.236 2.233 2.233 2.236 2.333 2.377 2.377 2.377 
0 0 0 0 0 0 0 0 0 0 0 0 0 0 0 0 0 0 0 0 0 1 1 1 1 1 0 1 1 1 1 1 1 1 1 1 1 1 1 1 1 1 1 1 1 1 1 1 1 1 1 1 1 0 0 0 0 0 0 0 0 0 0 0 0 0 0 0 0 0 0 0 0 0 0 0 0 0 0 0 0 0 0 0 0 0 1 1 1 1 1 1 1 1 1 1 1 1 1 1 1 0 0 0 0 0 0 1 1 1 1 1 1 1 1 1 1 1 1 1 1 1 1 1 1 1 1 1 1 1 1 1 1 1 1 1 1 1 1 1 1 1 1 1 1 1 1 1 1 1 1 1 1 1 1 1 1 1 1 1 1 1 1 1 1 1 1 1 1 1 1 1 1 1 1 1 1 1 1 1 1 1 1 1 1 1 1 1 1 1 1 1 1 1 1 1 1 1 1 1 1 1 1 1 1 1 1 1 1 1 1 1 1 1 1 1 1 1 1 1 1 1 1 1 1 1 1 1 1 1 1 1 1 1 1 1 1 1 1 1 1 1 1 1 1 1 1 1 1 1 1 1 1 1 1 1 1 1 1 1 1 1 1 1 1 1 1 1 1 1 1 1 1 1 1 1 1 1 1 1 1 1 1 1 1 1 1 1 1 1 1 1 1 1 1 1 1 1 1 1 1 1 1 1 1 1 1 1 1 1 1 1 1 1 1 1 1 1 1 1 1 1 1 1 1 1 1 1 1 1 1 1 1 1 1 1 1 1 1 1 1 1 1 1 1 1 1 1 1 1 1 1 1 1 1 1 1 1 1 1 1 1 1 1 1 1 1 1 1 1 1 1 1 1 1 1 1 1 1 1 1 1 1 1 1 1 1 1 1 1 1 1 1 1 1 1 1 1 1 1 1 1 1 1 1 1 1 1 1 1 1 1 1 1 1 1 1 1 1 1 1 1 1 1 1 1 1 1 1 1 1 1 1 1 1 1 1 1 1 1 1 1 1 1 1 1 1 1 1 1 1 1 1 1 1 1 1 1 1 1 1 1 1 1 1 1 1 1 1 1 1 1 1 1 1 1 1 1 1 1 1 1 1 1 1 1 1 1 1 1 1 1 1 1 1 1 1 1 1 1 1 1 1 1 1 1 1 1 1 1 1 1 1 1 1 1 1 1 1 1 1 1 1 1 1 1 1 1 1 1 1 1 1 1 1 1 1 1 1 1 1 1 1 1 1 1 1 1 1 1 1 1 1 1 1 1 1 1 1 1 1 1 1 1 1 1 1 1 1 1 1 1 1 1 1 1 1 1 1 1 1 1 1 1 1 1 1 1 1 1 1 1 1 1 1 1 1 1 1 1 1 1 1 1 1 1 1 1 1 1 1 1 1 1 1 1 1 1 1 1 1 1 1 1 1 1 1 1 1 1 1 1 1 1 1 1 1 1 1 1 1 1 1 1 1 1 1 1 1 1 1 1 1 1 1 1 1 1 1 1 1 1 1 1 1 1 1 1 1 1 1 1 1 1 1 1 1 1 1 1 1 1 
