# This file contains a 2D laser scan observation. 
# Its format is: 
# [aperture] [max_range] [number_of_scans] 
# [vector_of_scans] 
# [vector_of_valid_scans] 
# The aperture of the sensor is in radians, the maximum range 
# and measurements are in meters. '1' means a valid scan, '0' otherwise.
4.1847
5.6
682
0.458 0.455 0.453 0.45 0.45 0.448 0.448 0.442 0.442 0.442 0.445 0.446 0.446 0.445 0.44 0.44 0.44 0.44 0.44 0.441 0.439 0.433 0.429 0.429 0.429 0.429 0.429 0.426 0.426 0.426 0.424 0.424 0.422 0.422 0.422 0.422 0.422 0.423 0.423 0.423 0.423 0.421 0.415 0.415 0.415 0.415 0.418 0.418 0.415 0.415 0.415 0.415 0.415 0.415 0.415 0.417 0.42 0.42 0.42 0.42 0.42 0.42 0.42 0.422 0.423 0.426 0.428 0.431 0.433 0.443 0.452 0.462 0.463 0.464 0.464 0.464 0.461 0.46 0.442 0.435 0.433 0.428 0.427 0.425 0.42 0.42 0.42 0.42 0.42 0.42 0.418 0.417 0.417 0.417 0.418 0.418 0.419 0.42 0.419 0.419 0.419 0.419 0.415 0.419 0.419 0.425 0.425 0.425 0.425 0.425 0.427 0.427 0.427 0.427 0.429 0.429 0.429 0.43 0.432 0.43 0.43 0.432 0.434 0.549 0.69 0.69 0.692 0.692 0.692 0.697 0.697 0.697 0.701 0.702 0.702 0.706 0.706 0.72 0.72 0.72 0.72 0.72 0.724 0.734 0.735 0.736 0.736 0.736 0.739 0.739 0.746 0.748 0.748 0.752 0.753 0.756 0.758 0.774 0.775 0.78 0.781 0.783 0.787 0.789 0.789 0.796 0.805 0.805 0.81 0.81 0.816 0.82 0.821 0.822 0.832 0.832 0.836 0.836 0.838 0.838 0.853 0.858 0.863 0.867 0.867 0.879 0.883 0.888 0.898 0.902 0.908 0.912 0.917 0.93 0.93 0.936 0.945 0.948 0.953 0.955 0.962 0.976 0.981 0.995 0.998 1.005 1.018 1.021 1.037 1.04 1.049 1.06 1.062 1.08 1.086 1.102 1.108 1.118 1.121 1.14 1.156 1.167 1.183 1.192 1.196 1.211 1.227 1.244 1.252 1.277 1.292 1.293 1.311 1.325 1.346 1.357 1.375 1.375 1.387 1.407 1.436 1.461 1.48 1.498 1.518 1.54 1.568 1.593 1.607 1.641 1.66 1.682 1.713 1.749 1.772 1.799 1.828 1.87 1.902 2.879 2.879 2.879 2.872 2.871 2.868 2.861 2.857 2.852 2.845 2.845 2.841 2.834 2.831 2.828 2.822 2.819 2.818 2.815 2.808 2.807 2.803 2.798 2.797 2.796 2.787 2.784 2.777 2.777 2.776 2.774 2.769 2.768 2.768 2.765 2.761 2.76 2.757 2.757 2.751 2.749 2.746 2.744 2.739 2.737 2.733 2.729 2.725 2.725 2.72 2.72 2.72 2.725 2.727 2.727 2.728 2.729 2.729 2.73 2.73 2.73 2.73 2.739 2.742 2.743 2.744 2.744 2.746 2.747 2.748 2.749 2.754 2.764 2.765 2.765 2.765 2.765 2.684 2.667 2.667 2.667 2.672 2.68 2.685 2.853 2.853 2.853 1.864 1.834 1.834 1.744 1.685 1.632 1.605 1.603 1.603 1.603 1.606 1.607 1.616 1.617 1.628 1.628 1.628 1.612 1.609 1.607 1.603 1.604 1.603 1.603 1.604 1.607 1.607 1.607 1.61 1.61 1.605 1.605 1.6 1.591 1.591 1.543 0.888 0.877 0.86 0.847 0.826 0.825 0.823 0.821 0.821 0.806 0.8 0.793 0.783 0.78 0.77 0.764 0.756 0.749 0.74 0.734 0.731 0.72 0.714 0.709 0.7 0.692 0.69 0.688 0.676 0.668 0.666 0.663 0.657 0.645 0.644 0.644 0.637 0.632 0.628 0.628 0.618 0.612 0.606 0.601 0.597 0.597 0.592 0.586 0.579 0.579 0.578 0.575 0.572 0.571 0.567 0.561 0.559 0.553 0.549 0.549 0.546 0.545 0.542 0.542 0.532 0.526 0.526 0.525 0.525 0.521 0.52 0.517 0.516 0.514 0.512 0.508 0.506 0.502 0.5 0.5 0.497 0.492 0.492 0.487 0.486 0.482 0.482 0.481 0.481 0.481 0.475 0.474 0.472 0.469 0.469 0.464 0.464 0.464 0.462 0.456 0.451 0.451 0.451 0.449 0.445 0.443 0.443 0.445 0.445 0.445 0.445 0.44 0.437 0.435 0.435 0.435 0.431 0.431 0.431 0.431 0.431 0.431 0.43 0.43 0.43 0.422 0.422 0.422 0.422 0.422 0.42 0.418 0.418 0.413 0.413 0.413 0.411 0.411 0.411 0.411 0.407 0.407 0.41 0.407 0.405 0.407 0.405 0.405 0.405 0.405 0.405 0.405 0.4 0.4 0.4 0.4 0.4 0.4 0.4 0.398 0.398 0.398 0.395 0.395 0.396 0.396 0.396 0.398 0.398 0.393 0.393 0.393 0.393 0.396 0.396 0.395 0.396 0.395 0.394 0.39 0.394 0.388 0.392 0.392 0.392 0.392 0.393 0.397 0.397 0.395 0.395 0.395 0.394 0.392 0.392 0.392 0.392 0.391 0.392 0.392 0.391 0.395 0.395 0.391 0.391 0.397 0.396 0.397 0.398 0.399 0.399 0.399 0.399 0.399 0.402 0.402 0.406 0.406 0.402 0.402 0.402 0.402 0.402 0.402 0.406 0.406 0.406 0.405 0.405 0.405 0.405 0.405 0.413 0.413 0.411 0.411 0.411 0.411 0.411 0.411 0.411 0.411 0.411 0.411 0.415 0.416 0.418 0.418 0.422 0.422 0.421 0.422 0.422 0.424 0.424 0.428 0.429 0.434 0.434 0.431 0.431 0.434 0.436 0.436 0.437 0.437 0.437 0.437 0.439 0.44 0.44 0.442 0.445 0.45 0.45 0.451 0.451 0.454 0.456 0.458 0.461 0.464 0.466 0.47 0.473 0.473 0.474 0.478 0.479 0.48 0.486 0.486 0.489 0.489 0.488 0.492 0.492 0.498 0.498 0.498 
1 1 1 1 1 1 1 1 1 1 1 1 1 1 1 1 1 1 1 1 1 1 1 1 1 1 1 1 1 1 1 1 1 1 1 1 1 1 1 1 1 1 1 1 1 1 1 1 1 1 1 1 1 1 1 1 1 1 1 1 1 1 1 1 1 1 1 1 1 1 1 1 1 1 1 1 1 1 1 1 1 1 1 1 1 1 1 1 1 1 1 1 1 1 1 1 1 1 1 1 1 1 1 1 1 1 1 1 1 1 1 1 1 1 1 1 1 1 1 1 1 1 1 1 1 1 1 1 1 1 1 1 1 1 1 1 1 1 1 1 1 1 1 1 1 1 1 1 1 1 1 1 1 1 1 1 1 1 1 1 1 1 1 1 1 1 1 1 1 1 1 1 1 1 1 1 1 1 1 1 1 1 1 1 1 1 1 1 1 1 1 1 1 1 1 1 1 1 1 1 1 1 1 1 1 1 1 1 1 1 1 1 1 1 1 1 1 1 1 1 1 1 1 1 1 1 1 1 1 1 1 1 1 1 1 1 1 1 1 1 1 1 1 1 1 1 1 1 1 1 1 1 1 1 1 1 1 1 1 1 1 1 1 1 1 1 1 1 1 1 1 1 1 1 1 1 1 1 1 1 1 1 1 1 1 1 1 1 1 1 1 1 1 1 1 1 1 1 1 1 1 1 1 1 1 1 1 1 1 1 1 1 1 1 1 1 1 1 1 1 1 1 1 1 1 1 1 1 1 1 1 1 1 1 1 1 1 1 1 1 1 1 1 1 1 1 1 1 1 1 1 1 1 1 1 1 1 1 1 1 1 1 1 1 1 1 1 1 1 1 1 1 1 1 1 1 1 1 1 1 1 1 1 1 1 1 1 1 1 1 1 1 1 1 1 1 1 1 1 1 1 1 1 1 1 1 1 1 1 1 1 1 1 1 1 1 1 1 1 1 1 1 1 1 1 1 1 1 1 1 1 1 1 1 1 1 1 1 1 1 1 1 1 1 1 1 1 1 1 1 1 1 1 1 1 1 1 1 1 1 1 1 1 1 1 1 1 1 1 1 1 1 1 1 1 1 1 1 1 1 1 1 1 1 1 1 1 1 1 1 1 1 1 1 1 1 1 1 1 1 1 1 1 1 1 1 1 1 1 1 1 1 1 1 1 1 1 1 1 1 1 1 1 1 1 1 1 1 1 1 1 1 1 1 1 1 1 1 1 1 1 1 1 1 1 1 1 1 1 1 1 1 1 1 1 1 1 1 1 1 1 1 1 1 1 1 1 1 1 1 1 1 1 1 1 1 1 1 1 1 1 1 1 1 1 1 1 1 1 1 1 1 1 1 1 1 1 1 1 1 1 1 1 1 1 1 1 1 1 1 1 1 1 1 1 1 1 1 1 1 1 1 1 1 1 1 1 1 1 1 1 1 1 1 1 1 1 1 1 1 1 1 1 1 1 1 1 1 1 1 1 1 1 1 1 1 1 1 1 1 1 1 1 1 1 1 1 1 1 1 1 1 1 1 1 1 1 1 1 1 1 1 
