# This file contains a 2D laser scan observation. 
# Its format is: 
# [aperture] [max_range] [number_of_scans] 
# [vector_of_scans] 
# [vector_of_valid_scans] 
# The aperture of the sensor is in radians, the maximum range 
# and measurements are in meters. '1' means a valid scan, '0' otherwise.
4.1847
5.6
682
0.477 0.468 0.468 0.467 0.463 0.463 0.461 0.459 0.455 0.455 0.455 0.454 0.454 0.454 0.45 0.439 0.439 0.432 0.432 0.432 0.431 0.431 0.43 0.429 0.429 0.429 0.429 0.423 0.422 0.416 0.416 0.416 0.415 0.415 0.415 0.415 0.414 0.414 0.409 0.406 0.403 0.403 0.403 0.405 0.403 0.403 0.401 0.397 0.397 0.397 0.393 0.393 0.396 0.393 0.393 0.393 0.393 0.389 0.389 0.389 0.389 0.393 0.393 0.388 0.388 0.388 0.387 0.383 0.382 0.381 0.381 0.38 0.381 0.38 0.38 0.38 0.381 0.379 0.379 0.382 0.382 0.379 0.379 0.382 0.379 0.378 0.378 0.374 0.374 0.374 0.374 0.382 0.383 0.383 0.383 0.384 0.381 0.381 0.381 0.378 0.378 0.381 0.385 0.391 0.393 0.398 0.4 0.414 0.414 0.414 0.419 0.419 0.416 0.414 0.406 0.399 0.392 0.385 0.385 0.383 0.383 0.383 0.379 0.377 0.377 0.377 0.376 0.375 0.374 0.374 0.374 0.374 0.375 0.375 0.375 0.373 0.373 0.373 0.375 0.375 0.378 0.378 0.375 0.378 0.38 0.382 0.382 0.382 0.383 0.379 0.376 0.374 0.374 0.374 0.376 0.379 0.38 0.382 0.384 0.384 0.384 0.384 0.384 0.384 0.383 0.384 0.389 0.39 0.39 0.396 0.397 0.397 0.397 0.397 0.398 0.399 0.399 0.397 0.399 0.4 0.4 0.41 0.41 0.41 0.406 0.403 0.403 0.403 0.406 0.408 0.415 0.419 0.419 0.419 0.419 0.419 0.419 0.43 0.43 0.431 0.431 0.432 0.432 0.433 0.438 0.438 0.439 0.442 0.442 0.439 0.442 0.445 0.445 0.454 0.454 0.457 0.457 0.459 0.459 0.465 0.466 0.47 0.473 0.473 0.473 0.474 0.478 0.487 0.488 0.49 0.49 0.491 0.491 0.502 0.502 0.507 0.507 0.507 0.514 0.514 0.514 0.518 0.519 0.529 0.532 0.535 0.544 0.627 0.628 0.628 0.629 0.629 0.633 0.633 0.633 0.633 0.633 0.63 0.626 0.626 0.626 0.626 0.625 0.617 0.615 0.615 0.617 0.618 0.618 0.618 0.611 0.611 0.611 0.61 0.606 0.606 0.605 0.605 0.605 0.605 0.605 0.605 0.605 0.604 0.604 0.604 0.604 0.604 0.6 0.6 0.594 0.594 0.594 0.598 0.598 0.6 0.598 0.597 0.595 0.597 0.595 0.595 0.595 0.595 0.595 0.595 0.595 0.598 0.601 0.598 0.598 0.598 0.593 0.593 0.6 0.6 0.597 0.597 0.596 0.596 0.596 0.597 0.599 0.6 0.6 0.6 0.6 0.6 0.6 0.6 0.601 0.601 0.603 0.603 0.604 0.604 0.606 0.608 0.609 0.611 0.611 0.612 0.612 0.612 0.612 0.613 0.613 0.622 0.623 0.625 0.625 0.626 0.626 0.625 0.622 0.622 0.622 0.629 0.629 0.632 0.634 0.634 0.639 0.639 0.641 0.641 0.641 0.645 0.65 0.659 0.659 0.66 0.66 0.662 0.673 0.673 0.676 0.684 0.687 0.688 0.688 0.69 0.706 0.711 2.145 2.145 2.145 2.132 2.119 2.089 2.083 2.083 2.083 2.083 2.086 2.086 2.104 2.148 2.158 2.167 2.184 2.186 2.19 2.19 2.196 2.21 2.216 2.217 2.234 2.251 2.253 2.253 2.251 2.053 2.041 2.04 2.019 1.997 1.996 1.968 1.966 1.943 1.941 1.92 1.908 1.896 1.874 1.868 1.85 1.846 1.825 1.809 1.793 1.787 1.768 1.761 1.719 1.714 1.711 1.672 1.646 1.646 1.615 1.568 1.563 1.549 1.542 1.536 1.525 1.517 1.503 1.491 1.49 1.481 1.467 1.461 1.449 1.446 1.444 1.428 1.424 1.421 1.412 1.398 1.398 1.395 1.381 1.369 1.369 1.347 1.33 0.604 0.602 0.6 0.598 0.596 0.596 0.596 0.594 0.592 0.59 0.583 0.583 0.583 0.583 0.585 0.585 0.579 0.578 0.578 0.578 0.577 0.576 0.576 0.578 0.578 0.578 0.578 0.573 0.573 0.568 0.568 0.566 0.566 0.573 0.573 0.567 0.571 0.569 0.567 0.567 0.566 0.566 0.566 0.566 0.566 0.566 0.566 0.566 0.566 0.566 0.566 0.562 0.562 0.561 0.562 0.561 0.561 0.565 0.565 0.565 0.566 0.566 0.563 0.563 0.563 0.562 0.562 0.56 0.56 0.56 0.559 0.559 0.559 0.559 0.559 0.559 0.559 0.559 0.559 0.556 0.557 0.557 0.562 0.56 0.562 0.563 0.563 0.566 0.567 0.566 0.566 0.566 0.565 0.565 0.565 0.565 0.565 0.565 0.567 0.567 0.567 0.565 0.568 0.568 0.571 0.571 0.571 0.57 0.57 0.567 0.566 0.566 0.566 0.566 1.231 1.231 1.231 1.186 1.127 1.096 1.054 1.012 0.982 0.96 0.928 0.903 0.881 0.852 0.838 0.802 0.788 0.77 0.746 0.741 0.73 0.7 0.689 0.675 0.661 0.649 0.642 0.633 0.613 0.604 0.594 0.587 0.576 0.556 0.553 0.545 0.54 0.529 0.525 0.509 0.507 0.504 0.48 0.474 0.471 0.468 0.467 0.465 0.461 0.451 0.446 0.445 0.442 0.422 0.419 0.419 0.416 0.377 0.371 0.367 0.367 0.361 0.359 0.358 0.358 0.358 0.358 0.356 0.356 0.349 0.34 0.337 0.33 0.317 0.317 0.317 0.316 0.316 0.316 0.313 0.313 0.313 0.313 0.308 0.308 0.307 0.307 0.307 0.307 0.307 0.309 0.308 0.309 0.31 0.312 0.317 0.319 
1 1 1 1 1 1 1 1 1 1 1 1 1 1 1 1 1 1 1 1 1 1 1 1 1 1 1 1 1 1 1 1 1 1 1 1 1 1 1 1 1 1 1 1 1 1 1 1 1 1 1 1 1 1 1 1 1 1 1 1 1 1 1 1 1 1 1 1 1 1 1 1 1 1 1 1 1 1 1 1 1 1 1 1 1 1 1 1 1 1 1 1 1 1 1 1 1 1 1 1 1 1 1 1 1 1 1 1 1 1 1 1 1 1 1 1 1 1 1 1 1 1 1 1 1 1 1 1 1 1 1 1 1 1 1 1 1 1 1 1 1 1 1 1 1 1 1 1 1 1 1 1 1 1 1 1 1 1 1 1 1 1 1 1 1 1 1 1 1 1 1 1 1 1 1 1 1 1 1 1 1 1 1 1 1 1 1 1 1 1 1 1 1 1 1 1 1 1 1 1 1 1 1 1 1 1 1 1 1 1 1 1 1 1 1 1 1 1 1 1 1 1 1 1 1 1 1 1 1 1 1 1 1 1 1 1 1 1 1 1 1 1 1 1 1 1 1 1 1 1 1 1 1 1 1 1 1 1 1 1 1 1 1 1 1 1 1 1 1 1 1 1 1 1 1 1 1 1 1 1 1 1 1 1 1 1 1 1 1 1 1 1 1 1 1 1 1 1 1 1 1 1 1 1 1 1 1 1 1 1 1 1 1 1 1 1 1 1 1 1 1 1 1 1 1 1 1 1 1 1 1 1 1 1 1 1 1 1 1 1 1 1 1 1 1 1 1 1 1 1 1 1 1 1 1 1 1 1 1 1 1 1 1 1 1 1 1 1 1 1 1 1 1 1 1 1 1 1 1 1 1 1 1 1 1 1 1 1 1 1 1 1 1 1 1 1 1 1 1 1 1 1 1 1 1 1 1 1 1 1 1 1 1 1 1 1 1 1 1 1 1 1 1 1 1 1 1 1 1 1 1 1 1 1 1 1 1 1 1 1 1 1 1 1 1 1 1 1 1 1 1 1 1 1 1 1 1 1 1 1 1 1 1 1 1 1 1 1 1 1 1 1 1 1 1 1 1 1 1 1 1 1 1 1 1 1 1 1 1 1 1 1 1 1 1 1 1 1 1 1 1 1 1 1 1 1 1 1 1 1 1 1 1 1 1 1 1 1 1 1 1 1 1 1 1 1 1 1 1 1 1 1 1 1 1 1 1 1 1 1 1 1 1 1 1 1 1 1 1 1 1 1 1 1 1 1 1 1 1 1 1 1 1 1 1 1 1 1 1 1 1 1 1 1 1 1 1 1 1 1 1 1 1 1 1 1 1 1 1 1 1 1 1 1 1 1 1 1 1 1 1 1 1 1 1 1 1 1 1 1 1 1 1 1 1 1 1 1 1 1 1 1 1 1 1 1 1 1 1 1 1 1 1 1 1 1 1 1 1 1 1 1 1 1 1 1 1 1 1 1 1 1 1 1 1 1 1 1 1 1 1 1 1 1 1 1 1 1 1 1 1 1 1 1 1 1 1 1 1 1 1 1 
