# This file contains a 2D laser scan observation. 
# Its format is: 
# [aperture] [max_range] [number_of_scans] 
# [vector_of_scans] 
# [vector_of_valid_scans] 
# The aperture of the sensor is in radians, the maximum range 
# and measurements are in meters. '1' means a valid scan, '0' otherwise.
4.1847
5.6
682
0.581 0.583 0.587 0.599 0.599 0.599 0.599 0.599 0.602 0.593 0.595 0.593 0.583 0.582 0.574 0.573 0.573 0.573 0.687 0.727 0.737 0.737 0.737 0.726 0.725 0.723 0.712 0.706 0.704 0.692 0.685 0.68 0.68 0.671 0.657 0.648 0.639 0.636 0.629 0.625 0.617 0.612 0.604 0.596 0.594 0.585 0.585 0.572 0.568 0.566 0.555 0.554 0.553 0.552 0.545 0.543 0.53 0.527 0.519 0.514 0.514 0.509 0.499 0.499 0.498 0.493 0.491 0.485 0.481 0.48 0.479 0.475 0.474 0.471 0.468 0.465 0.463 0.459 0.454 0.454 0.454 0.447 0.445 0.445 0.443 0.443 0.437 0.433 0.432 0.432 0.429 0.428 0.427 0.424 0.424 0.422 0.42 0.418 0.418 0.415 0.413 0.41 0.409 0.409 0.403 0.402 0.4 0.398 0.398 0.398 0.398 0.398 0.393 0.393 0.393 0.393 0.39 0.392 0.387 0.386 0.385 0.384 0.383 0.383 0.381 0.381 0.378 0.376 0.376 0.376 0.376 0.37 0.366 0.36 0.357 0.36 0.36 0.36 0.356 0.355 0.355 0.355 0.355 0.36 0.36 0.362 0.359 0.366 0.359 0.359 0.354 0.352 0.352 0.351 0.352 0.353 0.353 0.351 0.352 0.349 0.349 0.348 0.349 0.345 0.346 0.345 0.346 0.346 0.347 0.348 0.348 0.348 0.348 0.348 0.347 0.348 0.347 0.346 0.345 0.345 0.345 0.349 0.35 0.352 0.354 0.354 0.354 0.355 0.355 0.356 0.356 0.357 0.359 0.359 0.359 0.359 0.359 0.359 0.358 0.359 0.362 0.364 0.366 0.366 0.37 0.372 0.372 0.372 0.372 0.372 0.372 0.379 0.38 0.38 0.383 0.39 0.391 0.394 0.396 0.414 0.422 1.576 1.623 1.997 2.31 2.31 2.317 2.324 2.325 2.325 2.326 2.326 2.326 2.324 2.321 2.242 2.234 2.234 2.234 2.234 2.24 2.241 2.241 2.241 2.241 2.114 2.114 2.114 2.261 2.266 2.266 2.266 2.213 2.181 2.172 2.172 2.164 2.155 1.701 1.701 1.701 1.99 1.99 1.99 1.962 1.929 1.928 1.891 1.791 1.764 1.754 1.741 1.688 1.688 1.688 1.706 1.706 1.706 1.706 1.706 1.716 1.755 1.77 1.778 1.786 1.789 1.798 1.799 1.8 1.801 1.802 1.812 1.814 1.82 1.823 1.841 1.848 1.856 1.859 1.859 1.856 1.666 1.645 1.639 1.638 1.622 1.6 1.6 1.574 1.566 1.557 1.537 1.527 1.526 1.507 1.491 1.486 1.472 1.457 1.45 1.437 1.428 1.425 1.399 1.388 1.363 1.359 1.353 1.349 1.324 1.316 1.306 1.281 1.275 1.249 1.233 1.215 1.18 1.161 1.155 1.146 1.131 1.128 1.121 1.114 1.106 1.103 1.094 1.088 1.085 1.077 1.075 1.072 1.06 1.057 1.053 1.04 1.04 1.036 1.03 1.025 1.025 1.019 1.013 1.013 1.012 1.006 0.993 0.99 0.988 0.988 0.98 0.972 0.968 0.964 0.962 0.961 0.958 0.949 0.949 0.948 0.948 0.944 0.94 0.938 0.938 0.933 0.932 0.927 0.926 0.925 0.917 0.913 0.911 0.91 0.908 0.906 0.906 0.898 0.898 0.895 0.897 0.892 0.891 0.891 0.889 0.888 0.884 0.877 0.873 0.869 0.86 0.852 0.817 0.273 0.22 0.212 0.212 0.211 0.211 0.211 0.211 0.21 0.21 0.216 0.209 0.209 0.208 0.208 0.206 0.204 0.204 0.204 0.202 0.204 0.206 0.213 0.213 0.213 0.213 0.212 0.21 0.212 0.213 0.212 0.21 0.21 0.201 0.2 0.2 0.2 0.201 0.205 0.21 0.211 0.211 0.213 0.211 0.214 0.21 0.214 0.214 0.214 0.212 0.213 0.212 0.212 0.212 0.213 0.214 0.214 0.214 0.216 0.216 0.213 0.213 0.213 0.212 0.213 0.217 0.217 0.209 0.209 0.209 0.209 0.213 0.213 0.214 0.213 0.215 0.215 0.215 0.215 0.222 0.222 0.223 0.223 0.214 0.214 0.214 0.214 0.215 0.218 0.227 0.227 0.228 0.227 0.227 0.225 0.227 0.227 0.227 0.227 0.228 0.228 0.23 0.23 0.23 0.232 0.237 0.237 0.237 0.241 0.241 0.245 0.245 0.242 0.239 0.241 0.239 0.237 0.239 0.241 0.25 0.25 0.254 0.254 0.259 0.259 0.259 0.259 0.259 0.26 0.261 0.261 0.261 0.261 0.261 0.269 0.271 0.274 0.274 0.274 0.274 0.277 0.279 0.285 0.288 0.288 0.289 0.289 0.291 0.291 0.291 0.291 0.299 0.301 0.303 0.303 0.304 0.308 0.309 0.319 0.319 0.319 0.317 0.317 0.317 0.329 0.329 0.329 0.333 0.333 0.335 0.341 0.343 0.344 0.344 0.354 0.355 0.358 0.364 0.364 0.365 0.369 0.372 0.376 0.38 0.383 0.386 0.391 0.392 0.396 0.407 0.409 0.413 0.419 0.419 0.42 0.42 0.42 0.423 0.424 0.466 0.562 0.563 0.563 0.562 0.562 0.556 0.556 0.556 0.555 0.553 0.55 0.548 0.548 0.543 0.541 0.539 0.53 0.53 0.53 0.529 0.529 0.527 0.525 0.525 0.525 0.52 0.515 0.513 0.513 0.513 0.513 0.512 0.512 0.512 0.512 0.507 0.507 0.507 0.507 0.507 0.506 0.506 0.501 0.498 0.498 0.499 0.498 0.499 0.499 0.492 0.492 0.492 0.492 0.492 0.494 0.494 0.49 0.49 0.49 0.49 0.49 0.486 0.481 0.481 0.48 0.481 0.481 0.481 
1 1 1 1 1 1 1 1 1 1 1 1 1 1 1 1 1 1 1 1 1 1 1 1 1 1 1 1 1 1 1 1 1 1 1 1 1 1 1 1 1 1 1 1 1 1 1 1 1 1 1 1 1 1 1 1 1 1 1 1 1 1 1 1 1 1 1 1 1 1 1 1 1 1 1 1 1 1 1 1 1 1 1 1 1 1 1 1 1 1 1 1 1 1 1 1 1 1 1 1 1 1 1 1 1 1 1 1 1 1 1 1 1 1 1 1 1 1 1 1 1 1 1 1 1 1 1 1 1 1 1 1 1 1 1 1 1 1 1 1 1 1 1 1 1 1 1 1 1 1 1 1 1 1 1 1 1 1 1 1 1 1 1 1 1 1 1 1 1 1 1 1 1 1 1 1 1 1 1 1 1 1 1 1 1 1 1 1 1 1 1 1 1 1 1 1 1 1 1 1 1 1 1 1 1 1 1 1 1 1 1 1 1 1 1 1 1 1 1 1 1 1 1 1 1 1 1 1 1 1 1 1 1 1 1 1 1 1 1 1 1 1 1 1 1 1 1 1 1 1 1 1 1 1 1 1 1 1 1 1 1 1 1 1 1 1 1 1 1 1 1 1 1 1 1 1 1 1 1 1 1 1 1 1 1 1 1 1 1 1 1 1 1 1 1 1 1 1 1 1 1 1 1 1 1 1 1 1 1 1 1 1 1 1 1 1 1 1 1 1 1 1 1 1 1 1 1 1 1 1 1 1 1 1 1 1 1 1 1 1 1 1 1 1 1 1 1 1 1 1 1 1 1 1 1 1 1 1 1 1 1 1 1 1 1 1 1 1 1 1 1 1 1 1 1 1 1 1 1 1 1 1 1 1 1 1 1 1 1 1 1 1 1 1 1 1 1 1 1 1 1 1 1 1 1 1 1 1 1 1 1 1 1 1 1 1 1 1 1 1 1 1 1 1 1 1 1 1 1 1 1 1 1 1 1 1 1 1 1 1 1 1 1 1 1 1 1 1 1 1 1 1 1 1 1 1 1 1 1 1 1 1 1 1 1 1 1 1 1 1 1 1 1 1 1 1 1 1 1 1 1 1 1 1 1 1 1 1 1 1 1 1 1 1 1 1 1 1 1 1 1 1 1 1 1 1 1 1 1 1 1 1 1 1 1 1 1 1 1 1 1 1 1 1 1 1 1 1 1 1 1 1 1 1 1 1 1 1 1 1 1 1 1 1 1 1 1 1 1 1 1 1 1 1 1 1 1 1 1 1 1 1 1 1 1 1 1 1 1 1 1 1 1 1 1 1 1 1 1 1 1 1 1 1 1 1 1 1 1 1 1 1 1 1 1 1 1 1 1 1 1 1 1 1 1 1 1 1 1 1 1 1 1 1 1 1 1 1 1 1 1 1 1 1 1 1 1 1 1 1 1 1 1 1 1 1 1 1 1 1 1 1 1 1 1 1 1 1 1 1 1 1 1 1 1 1 1 1 1 1 1 1 1 1 1 1 1 1 1 1 1 1 1 1 1 1 1 1 1 1 1 1 
