# This file contains a 2D laser scan observation. 
# Its format is: 
# [aperture] [max_range] [number_of_scans] 
# [vector_of_scans] 
# [vector_of_valid_scans] 
# The aperture of the sensor is in radians, the maximum range 
# and measurements are in meters. '1' means a valid scan, '0' otherwise.
4.1847
5.6
682
0.569 0.569 0.569 0.565 0.565 0.565 0.565 0.57 0.57 0.566 0.566 0.57 0.572 0.572 0.573 0.574 0.578 0.578 0.58 0.589 0.65 0.677 0.686 0.696 0.702 0.708 0.713 0.73 0.732 0.732 0.732 0.731 0.72 0.705 0.689 0.68 0.675 0.673 0.662 0.655 0.635 0.634 0.62 0.615 0.611 0.608 0.595 0.581 0.579 0.574 0.557 0.555 0.554 0.55 0.54 0.532 0.53 0.522 0.516 0.51 0.506 0.501 0.5 0.5 0.496 0.493 0.49 0.48 0.476 0.472 0.471 0.471 0.465 0.462 0.456 0.456 0.456 0.45 0.448 0.447 0.434 0.43 0.43 0.428 0.424 0.423 0.419 0.417 0.417 0.413 0.413 0.406 0.406 0.402 0.402 0.398 0.397 0.397 0.396 0.392 0.392 0.386 0.386 0.383 0.383 0.383 0.375 0.375 0.375 0.375 0.373 0.373 0.373 0.365 0.362 0.362 0.361 0.361 0.36 0.36 0.358 0.354 0.354 0.352 0.353 0.353 0.351 0.35 0.347 0.347 0.348 0.342 0.342 0.342 0.34 0.339 0.333 0.332 0.33 0.33 0.328 0.328 0.327 0.328 0.328 0.322 0.322 0.321 0.319 0.319 0.319 0.319 0.319 0.319 0.319 0.319 0.319 0.319 0.323 0.319 0.319 0.319 0.316 0.315 0.315 0.315 0.315 0.316 0.316 0.315 0.315 0.313 0.312 0.311 0.309 0.311 0.308 0.311 0.309 0.309 0.309 0.309 0.309 0.311 0.311 0.311 0.311 0.311 0.309 0.311 0.313 0.319 0.319 0.319 0.321 0.322 0.321 0.321 0.322 0.323 0.322 0.322 0.32 0.32 0.32 0.32 0.323 0.323 0.323 0.323 0.326 0.329 0.329 0.329 0.328 0.328 0.328 0.329 0.335 0.337 0.337 0.337 0.337 0.337 0.337 0.347 0.348 0.351 0.351 0.368 0.374 2.257 0.007 2.257 1.583 1.583 1.583 2.262 2.277 2.277 2.275 2.275 2.277 2.285 2.286 2.289 2.289 2.289 2.289 2.23 2.195 2.195 2.194 2.194 2.194 2.195 2.197 2.201 2.197 2.197 2 1.996 1.969 1.926 1.897 1.883 1.845 1.822 1.796 1.78 1.756 1.727 1.662 1.654 1.654 1.654 1.949 1.949 1.949 1.923 1.904 1.871 1.853 1.8 1.722 1.706 1.701 1.69 1.646 1.646 1.646 1.66 1.66 1.664 1.664 1.692 1.718 1.718 1.718 1.734 1.735 1.739 1.744 1.754 1.758 1.758 1.76 1.761 1.765 1.772 1.774 1.791 1.796 1.806 1.816 1.826 1.826 1.826 1.609 1.605 1.596 1.583 1.571 1.554 1.552 1.521 1.509 1.502 1.489 1.478 1.467 1.451 1.444 1.433 1.423 1.414 1.403 1.402 1.391 1.372 1.365 1.354 1.339 1.314 1.313 1.306 1.297 1.268 1.262 1.256 1.243 1.228 1.217 1.194 1.181 1.146 1.118 1.118 1.107 1.091 1.084 1.073 1.072 1.061 1.059 1.054 1.051 1.04 1.038 1.037 1.03 1.024 1.01 1.01 1.01 1.01 1.001 0.993 0.99 0.982 0.982 0.978 0.973 0.972 0.969 0.966 0.959 0.951 0.951 0.951 0.946 0.939 0.937 0.932 0.932 0.929 0.927 0.926 0.92 0.917 0.915 0.912 0.911 0.91 0.904 0.9 0.898 0.898 0.894 0.89 0.89 0.885 0.885 0.883 0.882 0.882 0.873 0.871 0.868 0.868 0.867 0.867 0.867 0.867 0.863 0.861 0.858 0.858 0.854 0.854 0.854 0.85 0.848 0.848 0.846 0.846 0.845 0.846 0.846 0.844 0.843 0.843 0.839 0.838 0.839 0.843 0.843 0.843 0.843 0.84 0.84 0.84 0.845 0.847 0.847 0.847 0.84 0.84 0.834 0.782 0.196 0.189 0.189 0.189 0.189 0.19 0.19 0.19 0.19 0.19 0.19 0.187 0.187 0.19 0.191 0.196 0.196 0.191 0.189 0.188 0.182 0.182 0.186 0.186 0.186 0.186 0.186 0.184 0.183 0.183 0.183 0.183 0.184 0.188 0.189 0.189 0.188 0.189 0.187 0.187 0.189 0.189 0.189 0.194 0.194 0.191 0.191 0.186 0.186 0.186 0.189 0.191 0.192 0.193 0.193 0.193 0.193 0.193 0.193 0.193 0.193 0.194 0.194 0.194 0.2 0.195 0.196 0.196 0.196 0.196 0.199 0.203 0.203 0.203 0.204 0.204 0.204 0.204 0.204 0.204 0.205 0.206 0.207 0.207 0.211 0.211 0.211 0.212 0.212 0.212 0.213 0.219 0.223 0.226 0.226 0.226 0.223 0.223 0.222 0.223 0.228 0.229 0.229 0.231 0.231 0.231 0.234 0.234 0.239 0.239 0.239 0.239 0.243 0.238 0.243 0.256 0.256 0.257 0.259 0.259 0.259 0.259 0.262 0.262 0.267 0.268 0.269 0.271 0.273 0.273 0.274 0.281 0.281 0.283 0.29 0.293 0.293 0.293 0.293 0.294 0.294 0.302 0.305 0.305 0.313 0.315 0.315 0.316 0.319 0.319 0.324 0.325 0.335 0.337 0.339 0.339 0.337 0.348 0.351 0.352 0.359 0.365 0.366 0.369 0.375 0.378 0.382 0.382 0.389 0.393 0.401 0.403 0.411 0.412 0.428 0.429 0.43 0.43 0.432 0.435 0.436 0.439 0.45 0.499 0.579 0.579 0.579 0.579 0.578 0.574 0.57 0.57 0.57 0.57 0.57 0.57 0.567 0.561 0.559 0.559 0.555 0.553 0.553 0.552 0.553 0.551 0.55 0.55 0.55 0.548 0.548 0.544 0.54 0.539 0.538 0.538 0.536 0.536 0.533 0.533 0.532 0.532 
1 1 1 1 1 1 1 1 1 1 1 1 1 1 1 1 1 1 1 1 1 1 1 1 1 1 1 1 1 1 1 1 1 1 1 1 1 1 1 1 1 1 1 1 1 1 1 1 1 1 1 1 1 1 1 1 1 1 1 1 1 1 1 1 1 1 1 1 1 1 1 1 1 1 1 1 1 1 1 1 1 1 1 1 1 1 1 1 1 1 1 1 1 1 1 1 1 1 1 1 1 1 1 1 1 1 1 1 1 1 1 1 1 1 1 1 1 1 1 1 1 1 1 1 1 1 1 1 1 1 1 1 1 1 1 1 1 1 1 1 1 1 1 1 1 1 1 1 1 1 1 1 1 1 1 1 1 1 1 1 1 1 1 1 1 1 1 1 1 1 1 1 1 1 1 1 1 1 1 1 1 1 1 1 1 1 1 1 1 1 1 1 1 1 1 1 1 1 1 1 1 1 1 1 1 1 1 1 1 1 1 1 1 1 1 1 1 1 1 1 1 1 1 1 1 1 1 1 1 1 1 1 0 1 1 1 1 1 1 1 1 1 1 1 1 1 1 1 1 1 1 1 1 1 1 1 1 1 1 1 1 1 1 1 1 1 1 1 1 1 1 1 1 1 1 1 1 1 1 1 1 1 1 1 1 1 1 1 1 1 1 1 1 1 1 1 1 1 1 1 1 1 1 1 1 1 1 1 1 1 1 1 1 1 1 1 1 1 1 1 1 1 1 1 1 1 1 1 1 1 1 1 1 1 1 1 1 1 1 1 1 1 1 1 1 1 1 1 1 1 1 1 1 1 1 1 1 1 1 1 1 1 1 1 1 1 1 1 1 1 1 1 1 1 1 1 1 1 1 1 1 1 1 1 1 1 1 1 1 1 1 1 1 1 1 1 1 1 1 1 1 1 1 1 1 1 1 1 1 1 1 1 1 1 1 1 1 1 1 1 1 1 1 1 1 1 1 1 1 1 1 1 1 1 1 1 1 1 1 1 1 1 1 1 1 1 1 1 1 1 1 1 1 1 1 1 1 1 1 1 1 1 1 1 1 1 1 1 1 1 1 1 1 1 1 1 1 1 1 1 1 1 1 1 1 1 1 1 1 1 1 1 1 1 1 1 1 1 1 1 1 1 1 1 1 1 1 1 1 1 1 1 1 1 1 1 1 1 1 1 1 1 1 1 1 1 1 1 1 1 1 1 1 1 1 1 1 1 1 1 1 1 1 1 1 1 1 1 1 1 1 1 1 1 1 1 1 1 1 1 1 1 1 1 1 1 1 1 1 1 1 1 1 1 1 1 1 1 1 1 1 1 1 1 1 1 1 1 1 1 1 1 1 1 1 1 1 1 1 1 1 1 1 1 1 1 1 1 1 1 1 1 1 1 1 1 1 1 1 1 1 1 1 1 1 1 1 1 1 1 1 1 1 1 1 1 1 1 1 1 1 1 1 1 1 1 1 1 1 1 1 1 1 1 1 1 1 1 1 1 1 1 1 1 1 1 1 1 1 1 1 1 1 1 1 1 1 1 1 1 1 1 
