# This file contains a 2D laser scan observation. 
# Its format is: 
# [aperture] [max_range] [number_of_scans] 
# [vector_of_scans] 
# [vector_of_valid_scans] 
# The aperture of the sensor is in radians, the maximum range 
# and measurements are in meters. '1' means a valid scan, '0' otherwise.
4.1847
5.6
682
1.019 1.019 1.026 1.042 1.043 1.05 1.052 1.05 1.05 1.049 1.049 1.049 1.054 1.055 1.057 1.061 1.066 1.066 1.061 1.042 1.031 1.029 1.017 1.016 1.011 1.011 1 0.986 0.984 0.983 0.961 0.946 0.935 0.926 0.92 0.917 0.897 0.891 0.884 0.881 0.854 0.851 0.833 0.825 0.818 0.805 0.805 0.796 0.794 0.794 0.79 0.784 0.769 0.762 0.758 0.747 0.746 0.737 0.727 0.727 0.713 0.713 0.713 0.709 0.704 0.69 0.686 0.681 0.68 0.678 0.678 0.677 0.674 0.673 0.671 0.671 0.668 0.661 0.661 0.654 0.654 0.652 0.649 0.651 0.644 0.639 0.638 0.638 0.638 0.639 0.638 0.642 0.642 0.634 0.632 0.632 0.632 0.64 0.652 0.678 0.682 0.682 0.682 0.67 0.67 0.67 0.67 0.671 0.673 0.673 0.681 0.692 0.692 0.692 0.689 0.686 0.676 0.676 0.675 0.675 0.675 0.681 0.679 0.682 0.687 0.687 0.682 0.682 0.677 0.673 0.667 0.667 0.664 0.664 0.651 0.651 0.651 0.65 0.65 0.649 0.649 0.649 0.648 0.648 0.647 0.642 0.642 0.638 0.636 0.636 0.636 0.634 0.634 0.633 0.632 0.632 0.632 0.651 0.651 0.651 0.645 0.645 0.645 0.658 0.658 0.658 0.637 0.631 0.625 0.623 0.623 0.625 0.625 0.625 0.627 0.627 0.627 0.627 0.631 0.637 0.637 0.637 0.646 0.622 0.622 0.658 0.664 0.658 0.658 0.647 0.645 0.644 0.643 0.637 0.634 0.634 0.627 0.627 0.626 0.622 0.622 0.622 0.675 0.675 0.675 0.671 0.67 0.661 0.661 0.642 0.639 0.641 0.641 0.64 0.639 0.639 0.637 0.637 0.637 0.637 0.636 0.636 0.635 0.635 0.635 0.644 0.644 0.644 0.643 0.642 0.642 0.642 0.642 0.645 0.645 0.646 0.646 0.654 0.657 0.661 0.661 0.663 0.672 0.668 0.668 0.668 0.668 0.668 0.668 0.668 0.67 0.673 0.674 0.674 0.674 0.674 0.675 0.677 0.678 0.69 0.69 0.692 0.692 0.689 0.689 0.692 0.694 0.694 0.698 0.698 0.705 0.706 0.706 0.721 0.726 0.728 0.729 0.733 0.736 0.733 0.736 0.735 0.735 0.735 0.737 0.743 0.743 0.743 0.743 0.745 0.745 0.751 0.752 0.753 0.77 0.77 0.771 0.78 0.78 0.781 0.785 0.793 0.795 0.796 0.797 0.806 0.809 0.811 0.821 0.822 0.826 0.828 0.828 0.832 0.832 0.837 0.837 0.847 0.859 0.869 0.873 0.884 0.885 0.89 0.892 0.906 0.912 0.914 0.924 0.938 0.938 0.94 0.947 0.949 0.969 0.975 0.977 1.005 1.012 1.019 1.019 1.019 1.036 1.038 1.047 1.062 0 0 0 0 0 0 0 0 0 0 0 0 0 0 0 0 0 0 0 0 0 0 0 0 0 0 0 0 0 0 0 0 0 0 1.649 1.649 1.649 1.656 1.67 1.701 1.741 1.775 1.814 1.856 1.885 1.951 1.977 1.987 2.105 2.149 2.177 2.177 2.204 2.281 2.442 2.516 2.576 2.576 2.576 2.669 2.754 2.819 0.007 0 0.007 0 0 0.007 0 0 0 0 0 3.469 3.442 3.414 3.397 3.397 3.397 0 0 0 0 0 0 0 0 3.529 3.529 3.529 3.574 3.574 3.574 3.56 3.498 3.498 3.498 3.579 3.586 3.592 3.598 3.615 3.615 3.615 3.573 3.541 3.541 3.541 3.573 3.601 3.605 3.605 3.601 3.54 3.54 3.54 3.54 3.54 3.543 3.55 3.588 0 0 0 0 0 0 2.27 2.27 2.27 2.273 0 0 0 0 0 0 0 0 0 0 0 0 0 0 0.007 0 0 0 0 0 0 0 0 0 0 0 0 2.177 2.177 2.134 2.112 2.086 2.086 2.086 2.091 2.097 2.106 2.113 2.115 2.129 2.132 2.139 2.139 2.153 2.153 2.165 2.166 2.176 2.188 2.191 2.194 2.209 2.209 2.209 2.205 1.246 1.238 1.232 1.232 1.238 2.258 2.287 2.287 2.287 2.252 0.957 0.955 0.946 0.945 0.881 0.641 0.633 0.633 0.638 0.639 0.639 0.639 0.639 0.639 1.945 1.945 1.945 1.936 1.931 1.931 1.92 1.902 0.948 0.947 0.938 0.941 0.941 0.947 1.842 1.859 1.872 1.872 1.893 1.895 1.911 1.932 1.932 1.932 1.9 1.9 1.9 2.006 2.014 2.014 2.014 1.872 1.872 1.872 2.116 2.128 2.159 2.151 2.151 2.151 1.373 1.362 1.361 1.302 1.221 1.221 1.214 1.204 0.882 0.877 0.877 0.877 0.877 0.88 1.648 1.648 1.648 1.629 1.627 1.627 1.629 1.959 1.959 1.959 1.931 1.904 1.876 1.875 1.875 1.875 1.875 1.875 1.891 1.078 1.068 0.4 0.399 0.398 0.396 0.396 0.396 0.396 0.396 0.396 0.394 0.393 0.392 0.392 0.392 0.398 1.416 1.416 1.418 1.418 1.418 1.425 1.665 1.678 1.678 1.678 1.634 1.608 1.588 1.547 1.533 1.519 1.478 1.449 1.435 1.421 1.421 1.406 1.38 0.736 0.732 0.732 0.732 0.732 0.732 0.735 1.353 1.356 1.356 1.353 0.957 0.957 
1 1 1 1 1 1 1 1 1 1 1 1 1 1 1 1 1 1 1 1 1 1 1 1 1 1 1 1 1 1 1 1 1 1 1 1 1 1 1 1 1 1 1 1 1 1 1 1 1 1 1 1 1 1 1 1 1 1 1 1 1 1 1 1 1 1 1 1 1 1 1 1 1 1 1 1 1 1 1 1 1 1 1 1 1 1 1 1 1 1 1 1 1 1 1 1 1 1 1 1 1 1 1 1 1 1 1 1 1 1 1 1 1 1 1 1 1 1 1 1 1 1 1 1 1 1 1 1 1 1 1 1 1 1 1 1 1 1 1 1 1 1 1 1 1 1 1 1 1 1 1 1 1 1 1 1 1 1 1 1 1 1 1 1 1 1 1 1 1 1 1 1 1 1 1 1 1 1 1 1 1 1 1 1 1 1 1 1 1 1 1 1 1 1 1 1 1 1 1 1 1 1 1 1 1 1 1 1 1 1 1 1 1 1 1 1 1 1 1 1 1 1 1 1 1 1 1 1 1 1 1 1 1 1 1 1 1 1 1 1 1 1 1 1 1 1 1 1 1 1 1 1 1 1 1 1 1 1 1 1 1 1 1 1 1 1 1 1 1 1 1 1 1 1 1 1 1 1 1 1 1 1 1 1 1 1 1 1 1 1 1 1 1 1 1 1 1 1 1 1 1 1 1 1 1 1 1 1 1 1 1 1 1 1 1 1 1 1 1 1 1 1 1 1 1 1 1 1 1 1 1 1 1 1 1 1 1 1 1 1 1 1 1 1 1 1 0 0 0 0 0 0 0 0 0 0 0 0 0 0 0 0 0 0 0 0 0 0 0 0 0 0 0 0 0 0 0 0 0 0 1 1 1 1 1 1 1 1 1 1 1 1 1 1 1 1 1 1 1 1 1 1 1 1 1 1 1 1 0 0 0 0 0 0 0 0 0 0 0 1 1 1 1 1 1 0 0 0 0 0 0 0 0 1 1 1 1 1 1 1 1 1 1 1 1 1 1 1 1 1 1 1 1 1 1 1 1 1 1 1 1 1 1 1 1 1 1 0 0 0 0 0 0 1 1 1 1 0 0 0 0 0 0 0 0 0 0 0 0 0 0 0 0 0 0 0 0 0 0 0 0 0 0 0 1 1 1 1 1 1 1 1 1 1 1 1 1 1 1 1 1 1 1 1 1 1 1 1 1 1 1 1 1 1 1 1 1 1 1 1 1 1 1 1 1 1 1 1 1 1 1 1 1 1 1 1 1 1 1 1 1 1 1 1 1 1 1 1 1 1 1 1 1 1 1 1 1 1 1 1 1 1 1 1 1 1 1 1 1 1 1 1 1 1 1 1 1 1 1 1 1 1 1 1 1 1 1 1 1 1 1 1 1 1 1 1 1 1 1 1 1 1 1 1 1 1 1 1 1 1 1 1 1 1 1 1 1 1 1 1 1 1 1 1 1 1 1 1 1 1 1 1 1 1 1 1 1 1 1 1 1 1 1 1 1 1 1 1 1 1 1 1 1 1 1 1 1 1 1 1 1 1 
