# This file contains a 2D laser scan observation. 
# Its format is: 
# [aperture] [max_range] [number_of_scans] 
# [vector_of_scans] 
# [vector_of_valid_scans] 
# The aperture of the sensor is in radians, the maximum range 
# and measurements are in meters. '1' means a valid scan, '0' otherwise.
4.1847
5.6
682
1.067 1.067 1.067 1.068 1.071 1.074 1.078 1.079 1.08 1.081 1.082 1.086 1.087 1.091 1.093 1.095 1.095 1.095 1.098 1.101 1.101 1.106 1.109 1.114 1.114 1.118 1.118 1.118 1.118 1.118 1.123 1.128 1.131 1.139 1.142 1.144 1.152 1.152 1.156 1.16 1.162 1.162 1.168 1.168 1.171 1.171 1.171 1.171 2.993 2.993 2.993 2.965 2.965 2.936 2.902 2.902 2.908 2.908 2.921 2.921 2.921 2.918 2.918 2.918 2.931 2.941 2.957 2.96 2.974 2.994 2.999 3.011 3.028 3.034 3.051 3.054 3.068 3.079 3.079 3.079 3.001 2.295 2.282 2.255 2.236 2.233 2.227 2.219 2.2 2.199 2.175 2.168 2.149 2.141 2.13 2.116 2.103 2.092 2.075 2.073 2.055 2.054 2.036 2.026 2.019 2.007 1.994 1.987 1.974 1.964 1.962 1.948 1.935 1.924 1.916 1.91 1.905 1.898 1.887 1.879 1.869 1.862 1.851 1.847 1.842 1.833 1.824 1.823 1.81 1.806 1.803 1.789 1.786 1.782 1.767 1.763 1.757 1.756 1.754 1.736 1.73 1.725 1.717 1.712 1.711 1.706 1.7 1.695 1.691 1.69 1.683 1.682 1.667 1.667 1.66 1.652 1.651 1.644 1.642 1.637 1.637 1.636 1.622 1.622 1.616 1.616 1.616 1.606 1.598 1.597 1.597 1.596 1.596 1.584 1.578 1.578 1.576 1.576 1.576 1.566 1.562 1.561 1.561 1.561 1.558 1.556 1.545 1.543 1.543 1.543 1.547 1.547 1.549 1.547 1.549 1.545 1.541 1.541 1.539 1.528 0.353 0.351 0.342 0.333 0.331 0.329 0.331 0.329 0.329 0.329 0.332 0.332 0.335 0.343 0.344 0.348 0.349 0.357 0.357 0.36 0.379 0.385 0.385 0.379 0.378 0.374 0.368 0.369 0.357 0.354 0.333 0.329 0.329 0.329 0.329 0.338 0.341 0.345 0.348 0.348 0.348 0.349 0.343 0.343 0.348 0.348 0.346 0.348 0.348 0.346 0.344 0.343 0.307 0.3 0.3 0.298 0.298 0.3 0.302 0.298 0.298 0.296 0.296 0.294 0.294 0.296 0.299 0.303 0.303 0.304 0.304 0.304 0.304 0.304 0.306 0.306 0.31 0.321 0.334 0.338 0.34 0.342 0.342 0.342 0.33 0.319 0.317 0.312 0.312 0.305 0.305 0.305 0.301 0.301 0.301 0.3 0.3 0.301 0.299 0.302 0.302 0.302 0.302 0.307 0.309 0.309 0.31 0.309 0.308 0.307 0.308 0.307 0.304 0.304 0.304 0.304 0.304 0.305 0.308 0.309 0.308 0.305 0.309 0.308 0.308 0.31 0.31 0.313 0.317 0.313 0.313 0.313 0.315 0.313 0.315 0.316 0.321 0.321 0.321 0.316 0.312 0.311 0.311 0.311 0.313 0.323 0.33 0.332 0.332 0.33 0.33 0.328 0.328 0.325 0.325 0.33 0.331 0.332 0.333 0.336 0.336 0.337 0.34 0.341 0.341 0.341 0.341 0.343 0.343 0.345 0.35 0.35 0.349 0.351 0.353 0.353 0.357 0.358 0.358 0.36 0.36 0.367 0.372 0.372 0.372 0.372 0.372 0.376 0.376 0.376 0.376 0.379 0.379 0.385 0.387 0.387 0.387 0.388 0.39 0.396 0.398 0.398 0.398 0.401 0.407 0.407 0.407 0.41 0.421 0.421 0.421 0.422 0.424 0.424 0.43 0.43 0.43 0.435 0.438 0.441 0.443 0.443 0.446 0.447 0.451 0.453 0.455 0.47 0.471 0.473 0.474 0.474 0.476 0.478 0.489 0.49 0.491 0.495 0.507 0.507 0.51 0.518 0.535 0.535 0.542 0.542 0.545 0.548 0.552 0.559 0.56 0.561 0.57 0.579 0.587 0.591 0.593 0.608 0.614 0.616 0.624 0.633 0.637 0.657 0.659 0.661 0.667 0.682 0.687 0.701 0.704 0.716 0.72 0.83 0.835 0.835 0.835 0.828 0.827 0.827 0.828 0.828 0.828 0.834 0.834 0.829 0.829 0.835 0.832 0.829 0.832 0.835 0.832 0.834 0.834 0.834 0.834 0.834 0.839 0.839 0.842 0.839 0.843 0.843 0.843 0.84 0.84 0.836 0.836 0.836 0.839 0.84 0.842 0.846 0.846 0.843 0.843 0.843 0.843 0.844 0.847 0.849 0.853 0.853 0.856 0.86 0.863 0.864 0.864 0.866 0.866 0.868 0.874 0.874 0.869 0.875 0.875 0.881 0.881 0.882 0.884 0.884 0.89 0.896 0.9 0.9 0.902 0.905 0.915 0.917 0.917 0.922 0.924 0.924 0.931 0.933 0.944 0.95 0.951 0.953 0.964 0.976 0.992 2.341 2.35 2.38 2.35 2.38 2.389 2.39 2.419 2.436 2.442 2.467 2.468 2.476 2.48 2.487 2.487 2.502 2.511 2.523 2.523 2.523 2.413 2.326 2.323 2.299 2.282 2.254 2.232 2.231 2.203 2.193 2.178 2.169 2.147 2.14 2.118 2.112 2.109 2.076 2.061 2.055 2.014 2.013 1.983 1.983 1.964 1.921 1.863 1.83 1.822 1.816 1.8 1.795 1.777 1.771 1.755 1.755 1.737 1.705 0.868 0.86 0.857 0.857 0.85 0.85 0.849 0.845 0.836 0.836 0.832 0.832 0.829 0.828 0.825 0.822 0.822 0.822 0.818 0.818 0.812 0.809 0.807 0.807 0.803 0.803 0.803 0.795 0.795 0.795 0.794 0.793 0.793 0.793 0.791 0.791 0.791 0.791 0.787 0.782 0.78 0.782 0.781 0.781 0.778 0.779 0.779 0.778 0.771 0.775 0.771 0.768 0.766 0.766 0.766 0.765 0.765 0.765 0.765 0.764 
1 1 1 1 1 1 1 1 1 1 1 1 1 1 1 1 1 1 1 1 1 1 1 1 1 1 1 1 1 1 1 1 1 1 1 1 1 1 1 1 1 1 1 1 1 1 1 1 1 1 1 1 1 1 1 1 1 1 1 1 1 1 1 1 1 1 1 1 1 1 1 1 1 1 1 1 1 1 1 1 1 1 1 1 1 1 1 1 1 1 1 1 1 1 1 1 1 1 1 1 1 1 1 1 1 1 1 1 1 1 1 1 1 1 1 1 1 1 1 1 1 1 1 1 1 1 1 1 1 1 1 1 1 1 1 1 1 1 1 1 1 1 1 1 1 1 1 1 1 1 1 1 1 1 1 1 1 1 1 1 1 1 1 1 1 1 1 1 1 1 1 1 1 1 1 1 1 1 1 1 1 1 1 1 1 1 1 1 1 1 1 1 1 1 1 1 1 1 1 1 1 1 1 1 1 1 1 1 1 1 1 1 1 1 1 1 1 1 1 1 1 1 1 1 1 1 1 1 1 1 1 1 1 1 1 1 1 1 1 1 1 1 1 1 1 1 1 1 1 1 1 1 1 1 1 1 1 1 1 1 1 1 1 1 1 1 1 1 1 1 1 1 1 1 1 1 1 1 1 1 1 1 1 1 1 1 1 1 1 1 1 1 1 1 1 1 1 1 1 1 1 1 1 1 1 1 1 1 1 1 1 1 1 1 1 1 1 1 1 1 1 1 1 1 1 1 1 1 1 1 1 1 1 1 1 1 1 1 1 1 1 1 1 1 1 1 1 1 1 1 1 1 1 1 1 1 1 1 1 1 1 1 1 1 1 1 1 1 1 1 1 1 1 1 1 1 1 1 1 1 1 1 1 1 1 1 1 1 1 1 1 1 1 1 1 1 1 1 1 1 1 1 1 1 1 1 1 1 1 1 1 1 1 1 1 1 1 1 1 1 1 1 1 1 1 1 1 1 1 1 1 1 1 1 1 1 1 1 1 1 1 1 1 1 1 1 1 1 1 1 1 1 1 1 1 1 1 1 1 1 1 1 1 1 1 1 1 1 1 1 1 1 1 1 1 1 1 1 1 1 1 1 1 1 1 1 1 1 1 1 1 1 1 1 1 1 1 1 1 1 1 1 1 1 1 1 1 1 1 1 1 1 1 1 1 1 1 1 1 1 1 1 1 1 1 1 1 1 1 1 1 1 1 1 1 1 1 1 1 1 1 1 1 1 1 1 1 1 1 1 1 1 1 1 1 1 1 1 1 1 1 1 1 1 1 1 1 1 1 1 1 1 1 1 1 1 1 1 1 1 1 1 1 1 1 1 1 1 1 1 1 1 1 1 1 1 1 1 1 1 1 1 1 1 1 1 1 1 1 1 1 1 1 1 1 1 1 1 1 1 1 1 1 1 1 1 1 1 1 1 1 1 1 1 1 1 1 1 1 1 1 1 1 1 1 1 1 1 1 1 1 1 1 1 1 1 1 1 1 1 1 1 1 1 1 1 1 1 1 1 1 1 1 1 1 1 1 1 1 1 1 1 
