# This file contains a 2D laser scan observation. 
# Its format is: 
# [aperture] [max_range] [number_of_scans] 
# [vector_of_scans] 
# [vector_of_valid_scans] 
# The aperture of the sensor is in radians, the maximum range 
# and measurements are in meters. '1' means a valid scan, '0' otherwise.
4.1847
5.6
682
0.889 0.893 0.893 0.896 0.897 0.898 0.905 0.922 0.922 0.922 0.919 0.918 0.918 0.918 0.918 0.905 0.885 0.885 0.878 0.877 0.878 0.877 0.877 0.881 0.881 0.881 0.881 0.882 0.883 0.895 0.895 0.895 0.895 0.895 0.895 0.898 0.898 0.898 0.898 0.898 0.902 0.902 0.898 0.902 0.906 0.909 0.906 0.911 0.908 0.908 0.908 0.908 0.908 0.919 0.919 0.913 0.914 0.914 0.914 0.919 0.924 0.925 0.927 0.929 0.932 0.932 0.932 0.932 0.933 0.933 0.939 0.939 0.945 0.953 0.955 0.959 0.959 0.959 0.959 0.966 0.972 0.972 0.972 0.973 0.979 0.983 0.985 0.986 0.987 0.995 0.996 0.998 1.003 1.005 1.006 1.007 1.012 1.012 1.022 1.023 1.027 1.032 1.035 1.04 1.044 1.044 1.059 1.063 1.068 1.069 1.069 1.068 1.069 1.073 2.805 2.822 2.84 2.84 2.841 2.86 2.863 2.881 2.882 2.9 2.902 2.919 2.924 2.943 2.958 2.978 2.983 3.006 3.015 3.027 3.038 3.052 3.066 3.066 3.066 2.207 2.199 2.184 2.166 2.163 2.162 2.147 2.136 2.121 2.115 2.106 2.086 2.08 2.072 2.059 2.046 2.035 2.034 2.033 2.011 2.006 1.993 1.982 1.982 1.965 1.957 1.944 1.939 1.926 1.926 1.922 1.905 1.902 1.899 1.89 1.884 1.869 1.868 1.855 1.853 1.837 1.833 1.831 1.828 1.822 1.818 1.814 1.811 1.797 1.789 1.788 1.773 1.773 1.772 1.77 1.757 1.754 1.749 1.745 1.74 1.736 1.726 1.722 1.719 1.715 1.711 1.71 1.7 1.699 1.691 1.689 1.689 1.687 1.682 1.678 1.676 1.67 1.67 1.662 1.661 1.653 1.652 1.635 1.634 1.628 1.626 1.625 1.624 1.614 1.613 1.611 1.613 1.61 1.61 1.61 1.608 1.602 1.602 1.597 1.598 1.597 1.597 1.59 1.588 1.588 1.587 1.581 1.576 1.576 1.576 1.583 1.588 1.588 1.588 1.588 1.588 1.585 1.583 1.582 1.582 1.582 1.582 1.581 1.581 1.581 1.581 1.584 1.584 1.588 1.584 1.584 1.582 1.598 1.581 1.585 1.584 1.585 1.585 1.585 1.584 1.553 1.499 1.494 1.478 1.473 1.473 1.472 1.473 1.474 1.478 1.481 1.481 1.481 0.667 0.666 0.662 0.662 0.662 0.632 0.625 0.596 0.577 0.516 0.479 0.476 0.474 0.473 0.47 0.47 0.453 0.448 0.441 0.431 0.431 0.431 0.428 0.428 0.41 0.41 0.41 0.41 0.415 0.415 0.417 0.418 0.418 0.418 0.418 0.418 0.418 0.418 0.418 0.419 0.421 0.421 0.421 0.421 0.421 0.424 0.429 0.43 0.435 0.438 0.442 0.446 0.448 0.451 0.451 0.452 0.454 0.455 0.461 0.467 0.652 0.652 0.652 0.446 0.426 0.425 0.418 0.418 0.418 0.418 0.422 0.423 0.423 0.425 0.426 0.433 0.435 0.435 0.437 0.435 0.434 0.431 0.431 0.431 0.431 0.434 0.435 0.435 0.435 0.435 0.435 0.438 0.438 0.443 0.443 0.446 0.446 0.446 0.45 0.451 0.452 0.452 0.452 0.452 0.45 0.45 0.449 0.45 0.458 0.458 0.458 0.462 0.458 0.462 0.463 0.463 0.465 0.468 0.468 0.473 0.473 0.473 0.474 0.475 0.476 0.476 0.48 0.477 0.482 0.485 0.489 0.489 0.49 0.49 0.494 0.496 0.498 0.499 0.501 0.504 0.504 0.507 0.511 0.513 0.513 0.516 0.52 0.52 0.52 0.521 0.528 0.532 0.542 0.542 0.543 0.544 0.547 0.548 0.552 0.553 0.56 0.562 0.571 0.571 0.571 0.572 0.581 0.585 0.59 0.593 0.597 0.598 0.598 0.609 0.609 0.613 0.621 0.621 0.622 0.626 0.634 0.637 0.644 0.645 0.652 0.662 0.665 0.668 0.675 0.68 0.682 0.689 0.689 0.696 0.701 0.704 0.72 0.723 0.727 0.736 0.739 0.744 0.764 0.768 0.771 0.784 0.789 0.791 0.804 0.808 0.822 0.835 0.838 0.855 0.869 0.869 0.923 0.984 0.984 0.984 0.978 0.978 0.977 0.978 0.975 0.977 0.975 0.974 0.973 0.973 0.973 0.973 0.973 0.973 0.975 0.976 0.975 0.976 0.976 0.979 0.976 0.976 0.975 0.976 0.976 0.978 0.979 0.979 0.979 0.979 0.979 0.979 0.983 0.983 0.978 0.982 0.982 0.982 0.985 0.986 0.988 0.99 0.99 0.993 0.993 0.997 0.997 1.005 1.005 1.005 1.005 1.009 1.009 1.014 1.014 1.014 1.014 1.012 1.012 1.018 1.019 1.031 1.033 1.035 1.038 1.04 1.042 1.043 1.046 1.047 1.051 1.059 1.061 1.066 1.067 1.084 1.104 1.107 2.469 0.007 2.699 2.689 2.689 2.663 2.636 2.571 2.521 2.513 2.481 2.481 2.481 2.473 2.481 2.488 2.518 2.537 2.545 2.558 2.56 2.567 2.575 2.581 2.581 2.593 2.609 2.619 2.619 2.627 2.619 2.42 2.399 2.379 2.363 2.345 2.327 2.291 2.272 2.262 2.236 2.223 2.198 2.196 2.196 2.137 2.13 2.072 2.034 0.919 0.919 0.917 0.912 0.905 0.904 0.897 0.895 0.89 0.888 0.882 0.873 0.867 0.865 0.864 0.862 0.86 0.857 0.853 0.851 0.845 0.841 0.835 0.832 0.832 0.83 0.829 0.823 0.823 0.822 0.82 0.817 0.809 0.798 0.798 0.797 0.798 0.799 0.799 0.794 0.793 0.792 0.787 
1 1 1 1 1 1 1 1 1 1 1 1 1 1 1 1 1 1 1 1 1 1 1 1 1 1 1 1 1 1 1 1 1 1 1 1 1 1 1 1 1 1 1 1 1 1 1 1 1 1 1 1 1 1 1 1 1 1 1 1 1 1 1 1 1 1 1 1 1 1 1 1 1 1 1 1 1 1 1 1 1 1 1 1 1 1 1 1 1 1 1 1 1 1 1 1 1 1 1 1 1 1 1 1 1 1 1 1 1 1 1 1 1 1 1 1 1 1 1 1 1 1 1 1 1 1 1 1 1 1 1 1 1 1 1 1 1 1 1 1 1 1 1 1 1 1 1 1 1 1 1 1 1 1 1 1 1 1 1 1 1 1 1 1 1 1 1 1 1 1 1 1 1 1 1 1 1 1 1 1 1 1 1 1 1 1 1 1 1 1 1 1 1 1 1 1 1 1 1 1 1 1 1 1 1 1 1 1 1 1 1 1 1 1 1 1 1 1 1 1 1 1 1 1 1 1 1 1 1 1 1 1 1 1 1 1 1 1 1 1 1 1 1 1 1 1 1 1 1 1 1 1 1 1 1 1 1 1 1 1 1 1 1 1 1 1 1 1 1 1 1 1 1 1 1 1 1 1 1 1 1 1 1 1 1 1 1 1 1 1 1 1 1 1 1 1 1 1 1 1 1 1 1 1 1 1 1 1 1 1 1 1 1 1 1 1 1 1 1 1 1 1 1 1 1 1 1 1 1 1 1 1 1 1 1 1 1 1 1 1 1 1 1 1 1 1 1 1 1 1 1 1 1 1 1 1 1 1 1 1 1 1 1 1 1 1 1 1 1 1 1 1 1 1 1 1 1 1 1 1 1 1 1 1 1 1 1 1 1 1 1 1 1 1 1 1 1 1 1 1 1 1 1 1 1 1 1 1 1 1 1 1 1 1 1 1 1 1 1 1 1 1 1 1 1 1 1 1 1 1 1 1 1 1 1 1 1 1 1 1 1 1 1 1 1 1 1 1 1 1 1 1 1 1 1 1 1 1 1 1 1 1 1 1 1 1 1 1 1 1 1 1 1 1 1 1 1 1 1 1 1 1 1 1 1 1 1 1 1 1 1 1 1 1 1 1 1 1 1 1 1 1 1 1 1 1 1 1 1 1 1 1 1 1 1 1 1 1 1 1 1 1 1 1 1 1 1 1 1 1 1 1 1 1 1 1 1 1 1 1 1 1 1 1 1 1 1 1 1 1 1 1 1 1 1 1 1 1 1 1 1 1 1 1 1 1 1 1 1 1 1 1 1 1 1 1 1 1 1 1 1 1 1 1 1 1 1 1 1 1 1 0 1 1 1 1 1 1 1 1 1 1 1 1 1 1 1 1 1 1 1 1 1 1 1 1 1 1 1 1 1 1 1 1 1 1 1 1 1 1 1 1 1 1 1 1 1 1 1 1 1 1 1 1 1 1 1 1 1 1 1 1 1 1 1 1 1 1 1 1 1 1 1 1 1 1 1 1 1 1 1 1 1 1 1 1 1 1 1 1 1 1 
