# This file contains a 2D laser scan observation. 
# Its format is: 
# [aperture] [max_range] [number_of_scans] 
# [vector_of_scans] 
# [vector_of_valid_scans] 
# The aperture of the sensor is in radians, the maximum range 
# and measurements are in meters. '1' means a valid scan, '0' otherwise.
4.1847
5.6
682
0.946 0.944 0.94 0.935 0.935 0.933 0.933 0.922 0.921 0.92 0.914 0.909 0.909 0.902 0.902 0.903 0.902 0.899 0.896 0.895 0.892 0.892 0.891 0.891 0.89 0.87 0.87 0.87 0.87 0.87 0.87 0.866 0.863 0.863 0.863 0.86 0.86 0.86 0.86 0.859 0.858 0.857 0.855 0.854 0.851 0.846 0.843 0.843 0.841 0.841 0.84 0.84 0.839 0.839 0.836 0.835 0.835 0.835 0.835 0.835 0.829 0.829 0.829 0.829 0.828 0.823 0.823 0.814 0.814 0.81 0.814 0.816 0.822 0.822 0.822 0.822 0.817 0.814 0.814 0.811 0.811 0.811 0.82 0.82 0.82 0.821 0.821 0.821 0.821 0.822 0.822 0.822 0.822 0.818 0.817 0.818 0.818 0.819 0.819 0.821 0.82 0.823 0.828 0.828 0.828 0.83 0.83 0.83 0.83 0.829 0.829 0.83 0.83 0.831 0.831 0.832 0.833 0.834 0.834 0.836 0.834 0.836 0.835 0.836 0.837 0.837 0.838 0.839 0.84 0.84 0.849 0.849 0.849 0.85 0.852 0.852 0.856 0.856 0.864 0.864 0.863 0.861 0.861 0.859 0.861 0.861 0.861 0.869 0.872 0.881 0.881 0.881 0.881 0.884 0.888 0.891 0.891 0.891 0.891 0.893 0.898 0.904 0.904 0.905 0.909 0.914 0.917 0.918 0.918 0.925 0.925 0.934 0.935 0.939 0.939 0.942 0.944 0.944 0.944 0.944 0.944 2.674 2.674 2.675 2.675 2.687 2.706 2.707 2.707 2.711 2.711 2.711 2.732 2.732 2.74 2.751 2.762 2.77 2.778 2.799 2.818 2.825 2.838 2.838 2.841 2.859 2.866 2.886 2.896 2.912 2.917 2.932 2.932 2.932 2.082 2.071 2.057 2.04 2.03 2.022 2.017 2.009 1.99 1.98 1.977 1.966 1.952 1.943 1.935 1.923 1.915 1.892 1.889 1.878 1.877 1.869 1.862 1.856 1.844 1.834 1.821 1.816 1.801 1.799 1.784 1.784 1.777 1.771 1.758 1.755 1.75 1.739 1.738 1.724 1.723 1.721 1.714 1.707 1.702 1.688 1.687 1.68 1.673 1.673 1.664 1.66 1.652 1.651 1.642 1.641 1.639 1.634 1.628 1.622 1.621 1.607 1.606 1.604 1.595 1.594 1.593 1.585 1.581 1.577 1.575 1.571 1.571 1.566 1.56 1.555 1.554 1.553 1.548 1.542 1.541 1.535 1.532 1.53 1.524 1.524 1.523 1.515 1.514 1.51 1.502 1.491 1.491 1.49 1.49 1.487 1.486 1.485 1.481 1.475 1.475 1.473 1.469 1.467 1.467 1.467 1.462 1.457 1.462 1.462 1.454 1.452 1.454 1.452 1.452 1.452 1.452 1.452 1.451 1.451 1.451 1.448 1.448 1.454 1.455 1.457 1.457 1.457 1.457 1.459 1.457 1.46 1.46 1.46 1.462 1.463 1.462 1.462 1.462 1.462 1.462 1.462 1.462 1.462 1.462 1.466 1.468 1.471 1.471 1.471 1.471 1.471 1.469 1.469 1.465 1.437 1.374 1.373 1.359 1.355 1.355 1.355 1.355 1.356 1.359 1.361 1.371 1.375 1.377 1.504 1.636 1.636 1.641 1.645 1.646 1.646 1.646 1.645 1.644 1.644 1.644 1.628 0.613 0.602 0.583 0.57 0.566 0.556 0.566 0.566 0.56 0.556 0.544 0.542 0.525 0.524 0.508 0.505 0.5 0.485 0.484 0.48 0.475 0.465 0.463 0.456 0.448 0.447 0.395 0.394 0.393 0.389 0.388 0.388 0.388 0.388 0.382 0.378 0.378 0.375 0.373 0.362 0.359 0.355 0.353 0.346 0.343 0.343 0.343 0.344 0.344 0.344 0.344 0.347 0.347 0.347 0.344 0.338 0.332 0.327 0.327 0.327 0.327 0.33 0.33 0.33 0.33 0.33 0.333 0.336 0.336 0.343 0.344 0.345 0.345 0.349 0.349 0.349 0.349 0.353 0.356 0.359 0.36 0.365 0.367 0.379 0.382 0.382 0.384 0.389 0.393 0.406 0.419 0.62 0.654 0.654 0.654 0.391 0.386 0.385 0.384 0.38 0.377 0.373 0.368 0.367 0.367 0.367 0.369 0.369 0.37 0.375 0.381 0.382 0.382 0.387 0.389 0.389 0.389 0.391 0.393 0.398 0.398 0.398 0.398 0.4 0.398 0.4 0.409 0.41 0.417 0.417 0.418 0.418 0.418 0.417 0.418 0.43 0.43 0.435 0.437 0.438 0.446 0.447 0.447 0.45 0.45 0.45 0.457 0.457 0.457 0.465 0.466 0.47 0.47 0.472 0.472 0.48 0.485 0.485 0.487 0.494 0.496 0.505 0.506 0.506 0.508 0.511 0.514 0.527 0.529 0.534 0.54 0.544 0.544 0.551 0.555 0.56 0.563 0.573 0.576 0.579 0.587 0.587 0.588 0.596 0.605 0.618 0.622 0.624 0.643 0.647 0.648 0.66 0.66 0.67 0.685 0.686 0.696 0.709 0.717 0.72 0.737 0.741 0.751 0.757 0.772 0.788 0.795 0.806 0.819 0.843 0.854 0.871 0.882 0.904 0.916 0.939 0.956 0.961 1.051 1.054 1.054 1.058 1.062 1.062 1.062 1.059 1.059 1.059 1.06 1.061 1.062 1.062 1.062 1.064 1.066 1.066 1.066 1.066 1.067 1.067 1.067 1.067 1.067 1.067 1.071 1.074 1.075 1.076 1.076 1.082 1.082 1.083 1.088 1.088 1.09 1.094 1.096 1.096 1.096 1.096 1.096 1.107 1.108 1.111 1.111 1.111 1.117 1.118 1.121 1.124 1.131 1.133 1.142 1.142 1.143 1.155 1.158 1.158 1.161 1.163 1.164 1.171 1.172 1.185 1.191 1.194 
1 1 1 1 1 1 1 1 1 1 1 1 1 1 1 1 1 1 1 1 1 1 1 1 1 1 1 1 1 1 1 1 1 1 1 1 1 1 1 1 1 1 1 1 1 1 1 1 1 1 1 1 1 1 1 1 1 1 1 1 1 1 1 1 1 1 1 1 1 1 1 1 1 1 1 1 1 1 1 1 1 1 1 1 1 1 1 1 1 1 1 1 1 1 1 1 1 1 1 1 1 1 1 1 1 1 1 1 1 1 1 1 1 1 1 1 1 1 1 1 1 1 1 1 1 1 1 1 1 1 1 1 1 1 1 1 1 1 1 1 1 1 1 1 1 1 1 1 1 1 1 1 1 1 1 1 1 1 1 1 1 1 1 1 1 1 1 1 1 1 1 1 1 1 1 1 1 1 1 1 1 1 1 1 1 1 1 1 1 1 1 1 1 1 1 1 1 1 1 1 1 1 1 1 1 1 1 1 1 1 1 1 1 1 1 1 1 1 1 1 1 1 1 1 1 1 1 1 1 1 1 1 1 1 1 1 1 1 1 1 1 1 1 1 1 1 1 1 1 1 1 1 1 1 1 1 1 1 1 1 1 1 1 1 1 1 1 1 1 1 1 1 1 1 1 1 1 1 1 1 1 1 1 1 1 1 1 1 1 1 1 1 1 1 1 1 1 1 1 1 1 1 1 1 1 1 1 1 1 1 1 1 1 1 1 1 1 1 1 1 1 1 1 1 1 1 1 1 1 1 1 1 1 1 1 1 1 1 1 1 1 1 1 1 1 1 1 1 1 1 1 1 1 1 1 1 1 1 1 1 1 1 1 1 1 1 1 1 1 1 1 1 1 1 1 1 1 1 1 1 1 1 1 1 1 1 1 1 1 1 1 1 1 1 1 1 1 1 1 1 1 1 1 1 1 1 1 1 1 1 1 1 1 1 1 1 1 1 1 1 1 1 1 1 1 1 1 1 1 1 1 1 1 1 1 1 1 1 1 1 1 1 1 1 1 1 1 1 1 1 1 1 1 1 1 1 1 1 1 1 1 1 1 1 1 1 1 1 1 1 1 1 1 1 1 1 1 1 1 1 1 1 1 1 1 1 1 1 1 1 1 1 1 1 1 1 1 1 1 1 1 1 1 1 1 1 1 1 1 1 1 1 1 1 1 1 1 1 1 1 1 1 1 1 1 1 1 1 1 1 1 1 1 1 1 1 1 1 1 1 1 1 1 1 1 1 1 1 1 1 1 1 1 1 1 1 1 1 1 1 1 1 1 1 1 1 1 1 1 1 1 1 1 1 1 1 1 1 1 1 1 1 1 1 1 1 1 1 1 1 1 1 1 1 1 1 1 1 1 1 1 1 1 1 1 1 1 1 1 1 1 1 1 1 1 1 1 1 1 1 1 1 1 1 1 1 1 1 1 1 1 1 1 1 1 1 1 1 1 1 1 1 1 1 1 1 1 1 1 1 1 1 1 1 1 1 1 1 1 1 1 1 1 1 1 1 1 1 1 1 1 1 1 1 1 1 1 1 1 1 1 1 
