# This file contains a 2D laser scan observation. 
# Its format is: 
# [aperture] [max_range] [number_of_scans] 
# [vector_of_scans] 
# [vector_of_valid_scans] 
# The aperture of the sensor is in radians, the maximum range 
# and measurements are in meters. '1' means a valid scan, '0' otherwise.
4.1847
5.6
682
0.956 0.943 0.933 0.932 0.928 0.927 0.924 0.908 0.905 0.902 0.899 0.895 0.885 0.879 0.875 0.874 0.872 0.865 0.856 0.856 0.855 0.852 0.85 0.842 0.842 0.831 0.827 0.825 0.82 0.819 0.813 0.808 0.806 0.8 0.8 0.799 0.797 0.788 0.785 0.777 0.772 0.772 0.764 0.762 0.749 0.743 0.743 0.741 0.741 0.739 0.734 0.732 0.732 0.726 0.726 0.73 0.733 0.73 0.73 0.732 0.732 0.728 0.728 0.727 0.726 0.726 0.719 0.719 0.718 0.712 0.711 0.712 0.712 0.712 0.711 0.706 0.706 0.702 0.702 0.701 0.701 0.697 0.693 0.693 0.693 0.693 0.693 0.693 0.69 0.688 0.688 0.689 0.686 0.686 0.686 0.682 0.681 0.681 0.681 0.681 0.679 0.677 0.677 0.671 0.668 0.668 0.671 0.671 0.673 0.673 0.671 0.67 0.67 0.669 0.669 0.669 0.667 0.663 0.663 0.663 0.663 0.664 0.664 0.664 0.664 0.662 0.661 0.661 0.66 0.66 0.661 0.661 0.661 0.663 0.663 0.663 0.663 0.662 0.66 0.66 0.66 0.662 0.663 0.663 0.662 0.662 0.664 0.664 0.664 0.664 0.664 0.664 0.663 0.664 0.667 0.67 0.67 0.67 0.67 0.67 0.67 0.67 0.672 0.673 0.673 0.674 0.676 0.676 0.676 0.676 0.675 0.675 0.675 0.675 0.676 0.677 0.68 0.677 0.676 0.675 0.674 0.674 0.674 0.676 3.404 3.404 3.404 3.404 3.405 3.41 3.434 3.443 3.443 3.443 3.445 3.656 3.656 3.656 3.656 3.654 3.654 3.655 3.655 3.654 2.509 2.459 2.459 2.459 2.465 2.48 2.481 2.481 2.48 2.431 2.405 2.384 2.376 2.376 2.376 2.381 2.389 2.413 2.413 2.413 2.413 2.405 2.405 2.415 2.434 2.434 2.437 2.44 2.448 2.465 2.467 2.478 2.486 2.496 2.506 2.515 2.518 2.53 2.541 2.55 2.564 2.571 2.571 2.571 1.772 1.727 1.723 1.714 1.691 1.683 1.678 1.673 1.67 1.655 1.652 1.634 1.627 1.615 1.605 1.598 1.591 1.58 1.561 1.56 1.547 1.541 1.532 1.528 1.523 1.514 1.505 1.499 1.496 1.482 1.471 1.466 1.452 1.449 1.443 1.439 1.423 1.418 1.412 1.404 1.403 1.401 1.388 1.384 1.377 1.372 1.371 1.366 1.363 1.349 1.343 1.336 1.335 1.33 1.324 1.319 1.307 1.306 1.301 1.301 1.299 1.299 1.29 1.285 1.283 1.276 1.275 1.27 1.266 1.263 1.256 1.253 1.251 1.251 1.247 1.239 1.238 1.236 1.236 1.236 1.227 1.217 1.211 1.211 1.211 1.211 1.208 1.2 1.199 1.199 1.199 1.197 1.197 1.19 1.185 1.181 1.18 1.178 1.178 1.177 1.176 1.176 1.172 1.171 1.167 1.167 1.161 1.155 1.155 1.157 1.156 1.156 1.156 1.14 1.135 1.135 1.134 1.133 1.13 1.131 1.13 1.129 1.13 1.13 1.129 1.126 1.126 1.123 1.123 1.118 1.114 1.114 1.114 1.115 1.117 1.117 1.116 1.119 1.116 1.116 1.119 1.12 1.119 1.119 1.117 1.114 1.114 1.114 1.114 1.114 1.114 1.118 1.118 1.118 1.121 1.128 1.135 1.128 1.132 1.138 1.132 1.132 1.132 1.138 1.139 1.148 1.148 1.148 1.148 1.148 1.145 1.15 1.15 1.15 1.15 1.15 1.152 1.153 1.154 1.159 1.16 1.162 1.167 1.167 1.167 1.169 1.169 1.174 1.174 1.174 1.174 1.158 1.148 1.14 1.119 1.098 1.097 1.094 1.081 1.08 1.08 1.081 1.083 1.085 1.086 1.086 1.096 1.111 1.111 1.115 1.117 1.238 1.378 1.39 1.392 1.397 1.399 1.404 1.411 1.415 1.422 1.435 1.436 1.436 1.438 1.445 1.445 1.454 1.454 1.459 1.467 1.472 1.483 1.491 2.284 2.295 2.296 2.296 2.297 2.304 2.318 2.333 2.365 2.384 2.384 2.384 2.374 2.374 2.374 2.398 2.401 2.457 2.457 2.476 2.476 2.476 2.477 2.503 2.545 2.549 2.549 2.55 2.553 2.556 2.577 2.651 2.678 2.678 2.684 2.684 2.684 2.69 2.76 2.758 2.76 2.772 2.772 2.822 2.838 2.863 2.889 2.889 2.889 0.475 0.468 0.459 0.456 0.455 0.451 0.446 0.446 0.446 0.445 0.443 0.443 0.434 0.432 0.432 0.431 0.427 0.425 0.419 0.415 0.413 0.405 0.402 0.4 0.4 0.4 0.401 0.405 0.406 0.406 0.416 0.418 0.418 0.418 0.418 0.418 0.418 0.418 0.418 0.416 0.416 0.416 0.416 0.412 0.411 0.408 0.408 0.408 0.402 0.402 0.402 0.399 0.399 0.399 0.397 0.397 0.395 0.395 0.395 0.395 0.395 0.395 0.395 0.389 0.395 0.389 0.389 0.387 0.39 0.387 0.39 0.387 0.388 0.385 0.385 0.385 0.383 0.383 0.383 0.385 0.385 0.385 0.379 0.386 0.384 0.384 0.384 0.384 0.382 0.382 0.381 0.382 0.383 0.383 0.383 0.383 0.376 0.368 0.352 0.352 0.352 0.355 0.359 0.359 0.355 0.354 0.349 0.349 0.352 0.352 0.358 0.36 0.36 0.358 0.358 0.358 0.358 0.36 0.362 0.365 0.365 0.365 0.37 0.371 0.374 0.374 0.371 0.361 0.359 0.359 0.361 0.362 0.362 0.362 0.362 0.362 0.362 0.365 0.365 0.369 0.369 0.377 0.377 0.377 0.376 0.377 0.379 0.38 0.381 0.433 0.475 
1 1 1 1 1 1 1 1 1 1 1 1 1 1 1 1 1 1 1 1 1 1 1 1 1 1 1 1 1 1 1 1 1 1 1 1 1 1 1 1 1 1 1 1 1 1 1 1 1 1 1 1 1 1 1 1 1 1 1 1 1 1 1 1 1 1 1 1 1 1 1 1 1 1 1 1 1 1 1 1 1 1 1 1 1 1 1 1 1 1 1 1 1 1 1 1 1 1 1 1 1 1 1 1 1 1 1 1 1 1 1 1 1 1 1 1 1 1 1 1 1 1 1 1 1 1 1 1 1 1 1 1 1 1 1 1 1 1 1 1 1 1 1 1 1 1 1 1 1 1 1 1 1 1 1 1 1 1 1 1 1 1 1 1 1 1 1 1 1 1 1 1 1 1 1 1 1 1 1 1 1 1 1 1 1 1 1 1 1 1 1 1 1 1 1 1 1 1 1 1 1 1 1 1 1 1 1 1 1 1 1 1 1 1 1 1 1 1 1 1 1 1 1 1 1 1 1 1 1 1 1 1 1 1 1 1 1 1 1 1 1 1 1 1 1 1 1 1 1 1 1 1 1 1 1 1 1 1 1 1 1 1 1 1 1 1 1 1 1 1 1 1 1 1 1 1 1 1 1 1 1 1 1 1 1 1 1 1 1 1 1 1 1 1 1 1 1 1 1 1 1 1 1 1 1 1 1 1 1 1 1 1 1 1 1 1 1 1 1 1 1 1 1 1 1 1 1 1 1 1 1 1 1 1 1 1 1 1 1 1 1 1 1 1 1 1 1 1 1 1 1 1 1 1 1 1 1 1 1 1 1 1 1 1 1 1 1 1 1 1 1 1 1 1 1 1 1 1 1 1 1 1 1 1 1 1 1 1 1 1 1 1 1 1 1 1 1 1 1 1 1 1 1 1 1 1 1 1 1 1 1 1 1 1 1 1 1 1 1 1 1 1 1 1 1 1 1 1 1 1 1 1 1 1 1 1 1 1 1 1 1 1 1 1 1 1 1 1 1 1 1 1 1 1 1 1 1 1 1 1 1 1 1 1 1 1 1 1 1 1 1 1 1 1 1 1 1 1 1 1 1 1 1 1 1 1 1 1 1 1 1 1 1 1 1 1 1 1 1 1 1 1 1 1 1 1 1 1 1 1 1 1 1 1 1 1 1 1 1 1 1 1 1 1 1 1 1 1 1 1 1 1 1 1 1 1 1 1 1 1 1 1 1 1 1 1 1 1 1 1 1 1 1 1 1 1 1 1 1 1 1 1 1 1 1 1 1 1 1 1 1 1 1 1 1 1 1 1 1 1 1 1 1 1 1 1 1 1 1 1 1 1 1 1 1 1 1 1 1 1 1 1 1 1 1 1 1 1 1 1 1 1 1 1 1 1 1 1 1 1 1 1 1 1 1 1 1 1 1 1 1 1 1 1 1 1 1 1 1 1 1 1 1 1 1 1 1 1 1 1 1 1 1 1 1 1 1 1 1 1 1 1 1 1 1 1 1 1 1 1 1 1 1 1 1 1 1 1 1 1 1 1 
