# This file contains a 2D laser scan observation. 
# Its format is: 
# [aperture] [max_range] [number_of_scans] 
# [vector_of_scans] 
# [vector_of_valid_scans] 
# The aperture of the sensor is in radians, the maximum range 
# and measurements are in meters. '1' means a valid scan, '0' otherwise.
4.1847
5.6
682
0.958 0.948 0.92 0.919 0.906 0.879 0.866 0.844 0.843 0.832 0.831 0.831 0.831 0.829 0.829 0.8 0.796 0.777 0.757 0.757 0.747 0.736 0.736 0.735 0.733 0.728 0.712 0.7 0.695 0.692 0.665 0.665 0.665 0.709 0.007 0.709 0.693 0.693 0.693 0.7 0.7 0.705 0.706 0.706 0.706 0.704 0.704 0.704 0.704 0.704 0.704 0.699 0.699 0.696 0.696 0.694 0.694 0.689 0.682 0.681 0.679 0.679 0.679 0.68 0.689 0.689 0.689 0.676 0.672 0.663 0.662 0.657 0.649 0.647 0.64 0.639 0.638 0.633 0.631 0.629 0.629 0.625 0.622 0.622 0.62 0.609 0.609 0.606 0.606 0.605 0.605 0.605 0.605 0.605 0.611 0.613 0.613 0.608 0.608 0.603 0.598 0.598 0.585 0.584 0.581 0.58 0.58 0.573 0.573 0.573 0.573 0.573 0.573 0.571 0.562 0.57 0.57 0.57 0.57 0.57 0.561 0.559 0.559 0.561 0.555 0.559 0.56 0.56 0.559 0.559 0.558 0.554 0.553 0.551 0.549 0.547 0.547 0.547 0.547 0.55 0.55 0.55 0.55 0.55 0.55 0.546 0.545 0.545 0.542 0.536 0.532 0.536 0.536 0.539 0.541 0.541 0.541 0.541 0.538 0.537 0.537 0.537 0.537 0.537 0.542 0.545 0.547 0.551 0.559 0.582 0.587 0.596 0.596 0.596 0.594 0.581 0.57 0.558 0.536 0.536 0.536 0.535 0.536 0.536 0.536 0.536 0.539 0.543 0.543 0.545 0.545 0.545 0.541 0.54 0.54 0.541 0.542 0.543 0.543 0.542 0.545 0.54 0.539 0.54 0.54 0.54 0.541 0.543 0.544 0.544 0.544 0.547 0.547 0.547 0.552 0.553 0.553 0.553 0.554 0.554 0.554 0.554 0.554 0.554 0.56 0.558 0.558 0.558 0.555 0.555 0.555 0.565 0.581 0.582 0.584 0.584 0.585 0.585 0.585 0.585 0.585 0.584 0.584 0.584 0.583 0.583 0.583 0.583 0.584 0.588 0.588 0.593 0.593 0.591 0.591 0.593 0.596 0.601 0.608 0.608 0.608 0.606 0.608 0.608 0.609 0.614 0.616 0.619 0.622 0.622 0.623 0.63 0.633 0.633 0.634 0.636 0.639 0.64 0.641 0.645 0.655 0.655 0.655 0.655 0.655 0.658 0.661 0.661 0.672 0.678 0.678 0.678 0.678 0.678 0.688 0.698 0.701 0.704 0.712 0.714 0.715 0.717 0.726 0.729 0.732 0.738 0.74 0.742 0.742 0.757 0.765 0.767 0.767 0.77 0.78 0.781 0.784 0.797 0.804 0.816 0.827 0.837 0.837 0.842 0.85 0.851 0.857 0.858 0.866 0.866 0.88 0 0 0 0 0 0 0 0 0 0 0 0 0 0 0 0 0 0 0 0 0.007 0 0 0 0.007 0 0 0.007 0 0 0 0 0 0 0 0 0 0 0 1.448 1.448 1.448 1.474 1.49 1.507 1.526 1.544 1.589 1.629 1.641 1.683 1.71 1.768 1.822 0.015 0.015 0.015 2.095 2.095 2.095 2.182 2.268 2.352 2.419 2.419 2.51 2.617 0.007 0 0 0.007 0.015 0.015 0.015 0.015 3.515 3.515 3.512 3.512 3.501 3.475 3.291 3.291 3.291 0 0 0 0 0 0.007 0 3.321 3.338 3.338 3.338 3.372 3.408 3.412 3.412 3.408 3.388 3.388 3.388 3.513 0.007 3.513 3.46 3.407 3.383 3.381 3.381 3.381 3.375 3.381 3.385 3.402 3.454 3.466 3.466 3.454 3.408 3.4 3.392 3.386 3.386 3.386 3.386 3.386 3.437 3.478 0 0 0 0 0 0 0 0 0 2.124 2.124 2.124 2.124 2.131 0 0 0 0 0 0 0 0 0 0 0 0 0 0 0 0 0 0 0 0 0 0 0 0 0 0 0 0 0 2.04 2.01 1.979 1.97 1.97 1.97 1.982 1.984 1.991 2.003 2.01 2.018 2.022 2.03 2.04 2.041 2.052 2.059 2.062 2.072 2.085 2.086 2.1 2.107 2.118 2.132 2.133 2.138 2.155 2.167 2.177 2.183 2.203 2.21 2.21 2.21 2.214 2.204 2.183 1.149 1.148 1.148 1.148 1.158 2.009 2.009 2.009 1.998 1.984 1.971 1.96 1.947 1.936 1.924 1.908 1.865 0.913 0.889 0.886 0.886 0.882 0.88 0.883 0.883 0.883 0.892 1.787 1.787 1.803 1.787 1.787 1.415 1.415 1.415 1.452 1.849 1.868 1.868 1.868 0.586 0.584 0.584 0.584 0.586 0.59 0.59 0.587 0.59 0.59 1.784 2.128 2.15 2.15 2.179 2.199 2.224 2.291 2.291 2.293 2.308 2.291 2.275 1.352 1.352 1.351 1.348 1.347 1.332 1.219 1.214 1.214 1.219 2.17 2.17 2.17 1.638 1.638 1.638 1.638 0.007 0.006 1.556 0.893 0.879 0.877 0.877 0.879 0.894 2.102 2.102 2.104 2.102 2.102 0.007 2.064 2.064 2.064 2.026 1.143 1.12 1.12 1.12 1.136 2.039 2.039 2.039 2.036 2.033 2.031 2.028 2.014 2 1.477 1.477 1.477 1.49 1.972 1.983 1.987 1.989 1.988 1.988 1.987 1.986 1.984 1.98 1.973 1.971 1.971 1.973 1.97 1.97 1.97 1.97 1.97 1.97 1.97 1.971 
1 1 1 1 1 1 1 1 1 1 1 1 1 1 1 1 1 1 1 1 1 1 1 1 1 1 1 1 1 1 1 1 1 1 0 1 1 1 1 1 1 1 1 1 1 1 1 1 1 1 1 1 1 1 1 1 1 1 1 1 1 1 1 1 1 1 1 1 1 1 1 1 1 1 1 1 1 1 1 1 1 1 1 1 1 1 1 1 1 1 1 1 1 1 1 1 1 1 1 1 1 1 1 1 1 1 1 1 1 1 1 1 1 1 1 1 1 1 1 1 1 1 1 1 1 1 1 1 1 1 1 1 1 1 1 1 1 1 1 1 1 1 1 1 1 1 1 1 1 1 1 1 1 1 1 1 1 1 1 1 1 1 1 1 1 1 1 1 1 1 1 1 1 1 1 1 1 1 1 1 1 1 1 1 1 1 1 1 1 1 1 1 1 1 1 1 1 1 1 1 1 1 1 1 1 1 1 1 1 1 1 1 1 1 1 1 1 1 1 1 1 1 1 1 1 1 1 1 1 1 1 1 1 1 1 1 1 1 1 1 1 1 1 1 1 1 1 1 1 1 1 1 1 1 1 1 1 1 1 1 1 1 1 1 1 1 1 1 1 1 1 1 1 1 1 1 1 1 1 1 1 1 1 1 1 1 1 1 1 1 1 1 1 1 1 1 1 1 1 1 1 1 1 1 1 1 1 1 1 1 1 1 1 1 1 1 1 1 1 1 1 1 1 1 1 1 1 1 1 1 1 0 0 0 0 0 0 0 0 0 0 0 0 0 0 0 0 0 0 0 0 0 0 0 0 0 0 0 0 0 0 0 0 0 0 0 0 0 0 0 1 1 1 1 1 1 1 1 1 1 1 1 1 1 1 0 0 0 1 1 1 1 1 1 1 1 1 1 0 0 0 0 0 0 0 0 1 1 1 1 1 1 1 1 1 0 0 0 0 0 0 0 1 1 1 1 1 1 1 1 1 1 1 1 1 0 1 1 1 1 1 1 1 1 1 1 1 1 1 1 1 1 1 1 1 1 1 1 1 1 1 0 0 0 0 0 0 0 0 0 1 1 1 1 1 0 0 0 0 0 0 0 0 0 0 0 0 0 0 0 0 0 0 0 0 0 0 0 0 0 0 0 0 0 1 1 1 1 1 1 1 1 1 1 1 1 1 1 1 1 1 1 1 1 1 1 1 1 1 1 1 1 1 1 1 1 1 1 1 1 1 1 1 1 1 1 1 1 1 1 1 1 1 1 1 1 1 1 1 1 1 1 1 1 1 1 1 1 1 1 1 1 1 1 1 1 1 1 1 1 1 1 1 1 1 1 1 1 1 1 1 1 1 1 1 1 1 1 1 1 1 1 1 1 1 1 1 1 1 1 1 1 1 1 1 1 1 1 1 1 1 1 1 0 0 1 1 1 1 1 1 1 1 1 1 1 1 0 1 1 1 1 1 1 1 1 1 1 1 1 1 1 1 1 1 1 1 1 1 1 1 1 1 1 1 1 1 1 1 1 1 1 1 1 1 1 1 1 1 1 1 1 
