# This file contains a 2D laser scan observation. 
# Its format is: 
# [aperture] [max_range] [number_of_scans] 
# [vector_of_scans] 
# [vector_of_valid_scans] 
# The aperture of the sensor is in radians, the maximum range 
# and measurements are in meters. '1' means a valid scan, '0' otherwise.
4.1847
5.6
682
0.548 0.545 0.54 0.539 0.538 0.534 0.53 0.526 0.521 0.521 0.52 0.52 0.52 0.515 0.513 0.513 0.503 0.502 0.5 0.496 0.493 0.492 0.49 0.486 0.481 0.481 0.48 0.478 0.478 0.475 0.473 0.469 0.466 0.464 0.464 0.464 0.461 0.462 0.461 0.456 0.461 0.455 0.454 0.454 0.454 0.447 0.447 0.446 0.446 0.44 0.437 0.434 0.434 0.431 0.434 0.431 0.431 0.429 0.429 0.426 0.423 0.423 0.426 0.431 0.431 0.431 0.431 0.419 0.419 0.418 0.413 0.413 0.411 0.411 0.414 0.414 0.408 0.407 0.402 0.402 0.407 0.413 0.42 0.428 0.456 0.456 0.479 0.479 0.479 0.488 0.491 0.493 0.493 0.495 0.55 0.557 0.572 0.572 0.687 0.687 0.687 0.676 0.676 0.676 0.684 0.749 0.843 0.847 0.847 0.847 0.938 0.933 0.933 0.933 0.903 0.9 0.899 0.896 0.896 0.896 0.909 0.953 0.956 0.961 0.969 0.976 0.977 0.977 0.976 0.961 0.956 0.951 0.951 0.951 0.951 0.953 0.958 0.972 0.993 0.998 0.998 0.994 0.993 0.986 0.986 0.984 0.986 0.989 0.989 0.999 1.015 1.041 1.043 1.043 1.043 1.043 1.047 1.046 1.046 1.046 1.045 1.045 1.045 1.051 1.062 1.062 1.064 1.062 1.059 1.059 1.056 1.051 1.046 1.044 1.044 1.046 1.098 1.098 1.098 1.094 1.094 1.091 1.087 1.084 1.084 1.084 1.086 1.089 1.092 1.094 1.097 1.102 1.113 1.114 1.125 1.13 1.144 1.146 1.161 1.164 1.168 1.168 1.168 1.134 1.098 1.095 1.095 1.095 1.098 1.14 1.14 1.14 1.143 1.143 1.184 1.206 1.216 1.216 1.216 1.212 1.202 1.202 1.202 1.202 1.204 1.21 1.214 1.217 1.218 1.248 1.264 1.265 1.266 1.276 1.276 1.279 1.279 1.276 1.279 1.279 1.279 1.279 1.28 1.282 1.304 1.371 1.389 1.402 1.411 1.412 1.412 1.411 1.408 1.371 1.338 1.336 1.336 1.336 1.362 1.418 1.489 1.489 1.489 1.488 1.485 1.485 1.485 1.513 1.561 1.567 1.574 1.577 1.579 1.577 1.581 1.581 1.582 1.584 1.596 1.61 1.613 1.62 1.698 1.707 1.708 1.708 1.71 1.711 1.714 1.724 1.728 1.741 1.77 2.634 2.634 2.634 2.597 2.597 2.597 2.597 2.589 2.518 2.444 2.444 2.444 2.462 2.47 2.483 2.483 2.483 2.442 2.423 2.402 2.36 2.328 2.328 2.328 2.333 2.34 2.348 2.348 2.348 2.237 2.237 2.237 2.237 2.237 2.274 2.274 2.274 2.285 2.285 2.285 2.274 2.25 2.232 2.224 2.212 2.204 2.195 2.174 2.163 2.163 2.163 2.176 2.178 2.178 2.179 2.179 2.188 2.304 2.319 2.321 2.321 2.319 2.312 2.31 2.306 2.299 2.292 2.29 2.29 2.29 2.29 2.288 2.122 2.116 2.102 2.086 2.076 2.045 2.038 2.03 2.03 2.03 2.03 2.017 2.013 2.001 2.001 2.001 2.001 2.001 2.052 2.09 2.165 2.256 2.262 2.263 2.262 2.256 2.262 2.262 2.262 0.007 2.262 0.667 0.667 0.664 0.65 0.609 0.566 0.517 0.489 0.477 0.45 0.416 0.394 0.394 0.394 0.395 0.395 0.395 0.395 0.395 0.395 0.402 0.406 0.412 0.414 0.414 0.408 0.411 0.408 0.408 0.411 0.411 0.408 0.408 0.408 0.408 0.415 0.417 0.417 0.418 0.417 0.417 0.418 0.421 0.421 0.422 0.424 0.424 0.424 0.423 0.426 0.424 0.431 0.432 0.432 0.431 0.432 0.433 0.431 0.438 0.438 0.443 0.441 0.443 0.443 0.445 0.445 0.449 0.445 0.449 0.451 0.451 0.451 0.452 0.451 0.452 0.457 0.457 0.46 0.46 0.46 0.462 0.462 0.462 0.464 0.464 0.462 0.462 0.464 0.467 0.47 0.474 0.476 0.478 0.478 0.478 0.481 0.487 0.488 0.489 0.489 0.491 0.493 0.494 0.496 0.505 0.508 0.508 0.508 0.508 0.514 0.519 0.52 0.52 0.531 0.531 0.532 0.533 0.535 0.537 0.539 0.54 0.548 0.55 0.551 0.554 0.555 0.558 0.561 0.563 0.568 0.573 0.583 0.587 0.592 0.594 0.596 0.611 0.612 0.612 0.612 0.615 0.63 0.631 0.635 0.638 0.642 0.648 0.648 0.657 0.661 0.671 0.671 0.671 0.485 0.383 0.375 0.374 0.373 0.373 0.374 0.372 0.372 0.372 0.372 0.371 0.371 0.371 0.374 0.374 0.374 0.374 0.375 0.376 0.374 0.374 0.372 0.372 0.368 0.368 0.371 0.375 0.371 0.371 0.375 0.375 0.375 0.379 0.38 0.382 0.398 0.401 0.414 0.418 0.418 0.418 0.413 0.396 0.394 0.388 0.377 0.375 0.374 0.373 0.373 0.373 0.373 0.373 0.373 0.379 0.373 0.371 0.369 0.369 0.369 0.369 0.373 0.373 0.373 0.37 0.37 0.367 0.37 0.37 0.372 0.372 0.376 0.373 0.376 0.377 0.376 0.376 0.376 0.376 0.373 0.373 0.375 0.375 0.38 0.38 0.379 0.379 0.379 0.379 0.379 0.379 0.379 0.379 0.379 0.379 0.386 0.386 0.388 0.39 0.389 0.389 0.391 0.394 0.394 0.395 0.397 0.397 0.395 0.396 0.397 0.4 0.401 0.403 0.405 0.407 0.409 0.409 0.41 0.41 0.411 0.412 0.412 0.415 0.417 0.417 0.417 0.417 0.417 0.417 0.42 0.425 0.429 
1 1 1 1 1 1 1 1 1 1 1 1 1 1 1 1 1 1 1 1 1 1 1 1 1 1 1 1 1 1 1 1 1 1 1 1 1 1 1 1 1 1 1 1 1 1 1 1 1 1 1 1 1 1 1 1 1 1 1 1 1 1 1 1 1 1 1 1 1 1 1 1 1 1 1 1 1 1 1 1 1 1 1 1 1 1 1 1 1 1 1 1 1 1 1 1 1 1 1 1 1 1 1 1 1 1 1 1 1 1 1 1 1 1 1 1 1 1 1 1 1 1 1 1 1 1 1 1 1 1 1 1 1 1 1 1 1 1 1 1 1 1 1 1 1 1 1 1 1 1 1 1 1 1 1 1 1 1 1 1 1 1 1 1 1 1 1 1 1 1 1 1 1 1 1 1 1 1 1 1 1 1 1 1 1 1 1 1 1 1 1 1 1 1 1 1 1 1 1 1 1 1 1 1 1 1 1 1 1 1 1 1 1 1 1 1 1 1 1 1 1 1 1 1 1 1 1 1 1 1 1 1 1 1 1 1 1 1 1 1 1 1 1 1 1 1 1 1 1 1 1 1 1 1 1 1 1 1 1 1 1 1 1 1 1 1 1 1 1 1 1 1 1 1 1 1 1 1 1 1 1 1 1 1 1 1 1 1 1 1 1 1 1 1 1 1 1 1 1 1 1 1 1 1 1 1 1 1 1 1 1 1 1 1 1 1 1 1 1 1 1 1 1 1 1 1 1 1 1 1 1 1 1 1 1 1 1 1 1 1 1 1 1 1 1 1 1 1 1 1 1 1 1 1 1 1 1 1 1 1 1 1 1 1 1 1 1 1 1 1 1 1 1 1 1 1 1 1 1 1 1 1 1 1 1 1 1 1 1 1 1 1 1 1 0 1 1 1 1 1 1 1 1 1 1 1 1 1 1 1 1 1 1 1 1 1 1 1 1 1 1 1 1 1 1 1 1 1 1 1 1 1 1 1 1 1 1 1 1 1 1 1 1 1 1 1 1 1 1 1 1 1 1 1 1 1 1 1 1 1 1 1 1 1 1 1 1 1 1 1 1 1 1 1 1 1 1 1 1 1 1 1 1 1 1 1 1 1 1 1 1 1 1 1 1 1 1 1 1 1 1 1 1 1 1 1 1 1 1 1 1 1 1 1 1 1 1 1 1 1 1 1 1 1 1 1 1 1 1 1 1 1 1 1 1 1 1 1 1 1 1 1 1 1 1 1 1 1 1 1 1 1 1 1 1 1 1 1 1 1 1 1 1 1 1 1 1 1 1 1 1 1 1 1 1 1 1 1 1 1 1 1 1 1 1 1 1 1 1 1 1 1 1 1 1 1 1 1 1 1 1 1 1 1 1 1 1 1 1 1 1 1 1 1 1 1 1 1 1 1 1 1 1 1 1 1 1 1 1 1 1 1 1 1 1 1 1 1 1 1 1 1 1 1 1 1 1 1 1 1 1 1 1 1 1 1 1 1 1 1 1 1 1 1 1 1 1 1 1 1 1 1 1 1 1 1 1 1 1 1 1 1 
