# This file contains a 2D laser scan observation. 
# Its format is: 
# [aperture] [max_range] [number_of_scans] 
# [vector_of_scans] 
# [vector_of_valid_scans] 
# The aperture of the sensor is in radians, the maximum range 
# and measurements are in meters. '1' means a valid scan, '0' otherwise.
4.1847
5.6
682
0.805 0.796 0.794 0.796 0.796 0.796 0.796 0.814 0.815 0.817 0.822 0.827 0.828 0.831 0.831 0.831 0.825 0.81 0.807 0.775 0.769 0.768 0.765 0.761 0.761 0.761 0.762 0.763 0.767 0.768 0.779 0.779 0.779 0.747 0.746 0.738 0.735 0.732 0.732 0.729 0.732 0.732 0.729 0.727 0.727 0.727 0.727 0.748 0.748 0.748 0.747 0.742 0.732 0.73 0.727 0.725 0.712 0.691 0.691 0.691 0.693 0.695 0.699 0.7 0.7 0.7 0.697 0.695 0.685 0.685 0.671 0.646 0.64 0.635 0.635 0.637 0.64 0.668 0.671 0.672 0.674 0.674 0.672 0.67 0.669 0.666 0.659 0.637 0.637 0.629 0.628 0.623 0.619 0.616 0.616 0.613 0.608 0.608 0.608 0.608 0.608 0.604 0.604 0.603 0.603 0.601 0.601 0.609 0.609 0.609 0.611 0.609 0.602 0.601 0.602 0.602 0.603 0.609 0.609 0.609 0.605 0.605 0.59 0.526 0.525 0.516 0.513 0.508 0.508 0.508 0.518 0.518 0.52 0.521 0.535 0.537 0.538 0.542 0.544 0.544 0.541 0.541 0.539 0.539 0.539 0.539 0.539 0.542 0.542 0.543 0.546 0.581 0.586 0.595 0.595 0.592 0.587 0.591 0.587 0.591 0.589 0.59 0.59 0.593 0.591 0.591 0.591 0.582 0.58 0.546 0.544 0.544 0.544 0.551 0.551 0.551 0.551 0.552 0.553 0.552 0.552 0.548 0.548 0.548 0.547 0.547 0.547 0.541 0.538 0.538 0.541 0.547 0.559 0.57 0.573 0.576 0.58 0.58 0.58 0.584 0.579 0.578 0.578 0.579 0.579 0.579 0.579 0.58 0.58 0.581 0.582 0.582 0.581 0.581 0.579 0.574 0.574 0.568 0.568 0.568 0.567 0.567 0.561 0.561 0.561 0.561 0.561 0.561 0.56 0.56 0.567 0.62 0.629 0.629 0.63 0.632 0.633 0.632 0.633 0.634 0.636 0.638 0.647 0.655 0.663 0.664 0.664 0.671 0.671 0.664 0.662 0.662 0.66 0.655 0.652 0.589 0.579 0.575 0.575 0.575 0.584 0.584 0.584 0.581 0.58 0.58 0.58 0.599 0.633 0.646 0.65 0.651 0.664 0.672 0.698 0.713 0.714 0.715 0.715 0.715 0.714 0.708 0.708 0.708 0.704 0.708 0.713 0.713 0.713 0.724 0.726 0.74 0.757 0.775 0.775 0.778 0.778 0.775 0.775 0.777 0.777 0.78 0.78 0.782 0.785 0.787 0.789 0.789 0.798 0.798 0.798 0.798 0.798 0.807 0.808 0.817 0.821 0.823 0.823 0.826 0.828 0.914 0.914 0.914 0.91 0.906 0.902 0.9 0.9 0.902 0.91 0.912 0.92 0.92 0.929 0.937 0.943 0.949 0.96 0.979 1.758 1.8 1.81 1.812 1.82 1.829 1.833 1.833 1.833 1.67 1.67 1.67 1.671 1.683 1.688 1.699 1.713 1.73 1.751 1.751 1.751 1.663 1.663 1.663 1.663 1.663 1.62 1.546 1.546 1.546 1.548 1.567 1.571 1.578 1.588 1.598 1.615 1.622 1.622 1.622 1.499 1.496 1.491 1.491 1.496 1.561 1.561 1.561 1.497 1.497 1.497 1.531 1.571 1.571 1.571 1.562 1.533 1.529 1.524 1.515 1.514 1.505 1.504 1.504 1.5 1.5 1.496 1.494 1.472 1.468 1.455 1.446 1.445 1.445 1.445 1.487 1.487 1.487 1.487 1.49 1.49 1.502 1.641 1.641 1.642 1.641 1.647 1.647 1.652 1.652 1.652 1.643 1.64 1.639 1.639 1.639 1.643 1.648 1.652 1.652 1.652 1.652 1.652 1.649 1.584 1.483 1.481 1.481 1.481 1.478 1.478 1.457 1.457 1.457 1.479 1.479 1.479 1.415 1.415 1.415 1.415 1.417 1.424 1.431 1.437 1.437 1.437 1.421 1.412 1.406 1.406 1.406 1.406 1.406 1.532 1.534 1.538 1.618 1.618 1.618 1.586 1.57 1.542 1.491 1.468 1.459 1.436 1.432 1.432 1.436 1.563 1.62 1.62 1.62 1.613 1.613 1.604 1.582 1.566 1.566 1.566 1.572 1.577 1.577 1.577 1.579 1.582 1.59 1.638 1.668 1.687 1.69 1.693 1.831 1.925 1.938 1.955 1.956 1.968 1.968 1.97 1.97 1.576 0.924 0.922 0.916 0.895 0.892 0.887 0.879 0.87 0.865 0.863 0.863 0.863 0.863 0.863 1.983 1.983 1.983 1.997 1.997 1.997 2.046 2.065 2.065 2.065 2.034 2.034 2.034 2.041 2.041 2.041 2.042 2.042 2.074 2.158 2.158 2.158 2.158 2.158 2.166 2.253 2.259 2.331 2.335 2.335 2.335 2.335 2.335 2.335 2.486 2.487 2.505 2.547 2.572 2.572 2.572 2.632 2.687 2.687 2.687 2.694 2.694 2.694 2.787 2.787 2.787 2.732 2.732 2.732 2.741 2.743 2.743 2.743 2.743 1.858 1.858 1.856 1.85 1.818 1.766 1.762 1.756 1.749 1.749 1.749 1.755 1.756 1.758 1.758 1.766 1.799 1.799 1.799 1.783 1.735 1.693 1.69 1.685 1.69 1.685 1.685 1.685 1.685 1.682 1.68 1.68 1.665 1.658 0.569 0.569 0.569 0.569 0.569 0.561 0.56 0.56 0.558 0.558 0.558 0.557 0.554 0.553 0.553 0.553 0.553 0.553 0.553 0.553 0.553 0.553 0.553 0.552 0.547 0.547 0.541 0.541 0.541 0.544 0.544 0.544 0.542 0.537 0.537 0.532 0.531 0.531 0.531 0.531 0.531 0.532 0.533 0.539 0.539 0.55 0.55 0.554 0.55 0.549 0.549 0.549 
1 1 1 1 1 1 1 1 1 1 1 1 1 1 1 1 1 1 1 1 1 1 1 1 1 1 1 1 1 1 1 1 1 1 1 1 1 1 1 1 1 1 1 1 1 1 1 1 1 1 1 1 1 1 1 1 1 1 1 1 1 1 1 1 1 1 1 1 1 1 1 1 1 1 1 1 1 1 1 1 1 1 1 1 1 1 1 1 1 1 1 1 1 1 1 1 1 1 1 1 1 1 1 1 1 1 1 1 1 1 1 1 1 1 1 1 1 1 1 1 1 1 1 1 1 1 1 1 1 1 1 1 1 1 1 1 1 1 1 1 1 1 1 1 1 1 1 1 1 1 1 1 1 1 1 1 1 1 1 1 1 1 1 1 1 1 1 1 1 1 1 1 1 1 1 1 1 1 1 1 1 1 1 1 1 1 1 1 1 1 1 1 1 1 1 1 1 1 1 1 1 1 1 1 1 1 1 1 1 1 1 1 1 1 1 1 1 1 1 1 1 1 1 1 1 1 1 1 1 1 1 1 1 1 1 1 1 1 1 1 1 1 1 1 1 1 1 1 1 1 1 1 1 1 1 1 1 1 1 1 1 1 1 1 1 1 1 1 1 1 1 1 1 1 1 1 1 1 1 1 1 1 1 1 1 1 1 1 1 1 1 1 1 1 1 1 1 1 1 1 1 1 1 1 1 1 1 1 1 1 1 1 1 1 1 1 1 1 1 1 1 1 1 1 1 1 1 1 1 1 1 1 1 1 1 1 1 1 1 1 1 1 1 1 1 1 1 1 1 1 1 1 1 1 1 1 1 1 1 1 1 1 1 1 1 1 1 1 1 1 1 1 1 1 1 1 1 1 1 1 1 1 1 1 1 1 1 1 1 1 1 1 1 1 1 1 1 1 1 1 1 1 1 1 1 1 1 1 1 1 1 1 1 1 1 1 1 1 1 1 1 1 1 1 1 1 1 1 1 1 1 1 1 1 1 1 1 1 1 1 1 1 1 1 1 1 1 1 1 1 1 1 1 1 1 1 1 1 1 1 1 1 1 1 1 1 1 1 1 1 1 1 1 1 1 1 1 1 1 1 1 1 1 1 1 1 1 1 1 1 1 1 1 1 1 1 1 1 1 1 1 1 1 1 1 1 1 1 1 1 1 1 1 1 1 1 1 1 1 1 1 1 1 1 1 1 1 1 1 1 1 1 1 1 1 1 1 1 1 1 1 1 1 1 1 1 1 1 1 1 1 1 1 1 1 1 1 1 1 1 1 1 1 1 1 1 1 1 1 1 1 1 1 1 1 1 1 1 1 1 1 1 1 1 1 1 1 1 1 1 1 1 1 1 1 1 1 1 1 1 1 1 1 1 1 1 1 1 1 1 1 1 1 1 1 1 1 1 1 1 1 1 1 1 1 1 1 1 1 1 1 1 1 1 1 1 1 1 1 1 1 1 1 1 1 1 1 1 1 1 1 1 1 1 1 1 1 1 1 1 1 1 1 1 1 1 1 1 1 1 1 1 1 1 1 1 1 1 1 1 1 1 
