# This file contains a 2D laser scan observation. 
# Its format is: 
# [aperture] [max_range] [number_of_scans] 
# [vector_of_scans] 
# [vector_of_valid_scans] 
# The aperture of the sensor is in radians, the maximum range 
# and measurements are in meters. '1' means a valid scan, '0' otherwise.
4.1847
5.6
682
0.768 0.781 0.781 0.781 0.779 0.773 0.705 0.688 0.675 0.663 0.559 0.554 0.552 0.548 0.547 0.547 0.546 0.546 0.546 0.548 0.546 0.548 0.542 0.542 0.54 0.54 0.537 0.519 0.514 0.514 0.515 0.515 0.515 0.516 0.527 0.544 0.573 0.576 0.576 0.573 0.566 0.565 0.55 0.548 0.541 0.537 0.53 0.528 0.472 0.472 0.469 0.467 0.461 0.456 0.452 0.448 0.428 0.427 0.425 0.425 0.425 0.425 0.426 0.426 0.425 0.421 0.425 0.425 0.425 0.423 0.426 0.428 0.428 0.428 0.429 0.428 0.426 0.424 0.424 0.419 0.419 0.419 0.411 0.411 0.403 0.403 0.403 0.398 0.395 0.389 0.389 0.378 0.372 0.372 0.364 0.354 0.335 0.332 0.33 0.321 0.321 0.319 0.319 0.32 0.319 0.316 0.32 0.316 0.316 0.324 0.331 0.337 0.389 0.394 0.394 0.394 0.394 0.394 0.385 0.385 0.385 0.384 0.382 0.378 0.375 0.374 0.374 0.372 0.366 0.365 0.365 0.365 0.36 0.354 0.349 0.349 0.349 0.349 0.349 0.35 0.349 0.348 0.348 0.348 0.348 0.355 0.355 0.355 0.353 0.351 0.35 0.35 0.349 0.337 0.257 0.245 0.242 0.239 0.239 0.234 0.233 0.233 0.239 0.239 0.239 0.239 0.239 0.24 0.241 0.242 0.242 0.244 0.242 0.237 0.237 0.245 0.238 0.243 0.245 0.248 0.252 0.254 0.259 0.259 0.259 0.268 0.268 0.279 0.279 0.279 0.277 0.277 0.277 0.279 0.28 0.288 0.289 0.29 0.292 0.292 0.29 0.292 0.289 0.289 0.291 0.293 0.293 0.293 0.297 0.303 0.306 0.308 0.311 0.309 0.309 0.309 0.312 0.312 0.314 0.319 0.319 0.325 0.333 0.339 0.34 0.34 0.34 0.34 0.34 0.342 0.34 0.339 0.338 0.339 0.337 0.337 0.335 0.334 0.334 0.33 0.33 0.33 0.317 0.317 0.317 0.321 0.321 0.321 0.324 0.321 0.321 0.324 0.325 0.328 0.328 0.328 0.326 0.326 0.326 0.334 0.336 0.339 0.339 0.343 0.346 0.347 0.35 0.352 0.364 0.364 0.369 0.377 0.384 0.384 0.384 0.385 0.385 0.385 0.385 0.385 0.385 0.384 0.382 0.382 0.373 0.373 0.373 0.378 0.381 0.381 0.378 0.378 0.382 0.382 0.382 0.382 0.379 0.377 0.377 0.379 0.381 0.381 0.381 0.382 0.386 0.386 0.386 0.386 0.387 0.387 0.387 0.386 0.391 0.386 0.391 0.391 0.397 0.402 0.406 0.411 0.411 0.414 0.416 0.416 0.416 0.416 0.416 0.422 0.422 0.418 0.418 0.418 0.418 0.478 0.517 0.517 0.517 0.51 0.507 0.507 0.507 0.507 0.507 0.502 0.502 0.497 0.496 0.493 0.494 0.494 0.496 0.505 0.507 0.508 0.513 0.518 0.518 0.518 0.525 0.526 0.53 0.535 0.538 0.539 0.539 0.544 0.547 0.553 0.558 1.37 1.385 1.395 1.395 1.414 1.414 1.414 1.248 1.218 1.213 1.213 1.218 1.237 1.24 1.254 1.264 1.266 1.282 1.294 1.312 1.334 1.334 1.334 1.199 1.199 1.199 1.228 1.244 1.257 1.257 1.257 1.21 1.15 1.146 1.143 1.142 1.142 1.143 1.15 1.153 1.156 1.166 1.175 1.193 1.196 1.207 1.216 1.216 1.235 1.235 1.235 1.099 1.095 1.091 1.084 1.084 1.084 1.094 1.179 1.179 1.179 1.117 1.111 1.109 1.111 1.111 1.143 1.165 1.173 1.173 1.165 1.154 1.151 1.151 1.145 1.145 1.142 1.142 1.142 1.142 1.135 1.129 1.125 1.125 1.125 1.13 1.13 1.13 1.123 1.105 1.105 1.101 1.097 1.096 1.087 1.087 1.084 1.087 1.089 1.133 1.136 1.139 1.14 1.141 1.145 1.204 1.298 1.301 1.306 1.31 1.311 1.314 1.314 1.31 1.311 1.311 1.311 1.311 1.315 1.319 1.32 1.323 1.336 1.343 1.343 1.343 1.343 1.348 1.352 1.353 1.358 1.359 1.359 1.358 1.253 1.19 1.19 1.19 1.192 1.208 1.208 1.208 1.193 1.172 1.172 1.172 1.194 1.202 1.208 1.211 1.211 1.208 1.179 1.159 1.157 1.157 1.159 1.168 1.174 1.18 1.192 1.195 1.201 1.201 1.201 1.19 1.179 1.179 1.178 1.169 1.169 1.169 1.346 1.346 1.346 1.335 1.326 1.307 1.3 1.275 1.267 1.263 1.259 1.252 1.241 1.239 1.226 1.22 1.207 1.207 1.207 1.282 1.305 1.309 1.32 1.369 1.381 1.381 1.409 1.413 1.423 1.423 1.468 1.528 1.562 1.842 1.847 1.875 1.886 1.9 1.903 1.903 1.903 1.882 1.781 1.776 1.765 1.765 1.765 1.77 1.8 1.8 1.8 1.79 1.79 1.79 1.827 1.883 1.923 1.973 1.999 1.999 1.999 1.972 1.972 1.972 1.995 1.995 2.009 2.009 2.047 2.129 2.13 2.131 2.168 2.247 2.247 2.247 2.305 2.114 2.016 0.88 0.872 0.868 0.868 0.864 0.859 0.856 0.851 0.848 0.84 0.848 0.843 0.838 0.843 0.843 0.836 0.833 0.828 0.823 0.823 0.823 0.825 0 0 0 3.113 3.113 3.113 3.136 3.138 3.138 3.138 1.953 1.952 1.951 1.952 1.951 1.94 1.9 1.865 1.863 1.863 1.863 1.865 1.873 1.876 1.877 1.88 1.88 1.926 1.926 1.926 1.924 1.914 1.886 1.825 1.823 1.819 1.819 1.821 1.821 1.832 
1 1 1 1 1 1 1 1 1 1 1 1 1 1 1 1 1 1 1 1 1 1 1 1 1 1 1 1 1 1 1 1 1 1 1 1 1 1 1 1 1 1 1 1 1 1 1 1 1 1 1 1 1 1 1 1 1 1 1 1 1 1 1 1 1 1 1 1 1 1 1 1 1 1 1 1 1 1 1 1 1 1 1 1 1 1 1 1 1 1 1 1 1 1 1 1 1 1 1 1 1 1 1 1 1 1 1 1 1 1 1 1 1 1 1 1 1 1 1 1 1 1 1 1 1 1 1 1 1 1 1 1 1 1 1 1 1 1 1 1 1 1 1 1 1 1 1 1 1 1 1 1 1 1 1 1 1 1 1 1 1 1 1 1 1 1 1 1 1 1 1 1 1 1 1 1 1 1 1 1 1 1 1 1 1 1 1 1 1 1 1 1 1 1 1 1 1 1 1 1 1 1 1 1 1 1 1 1 1 1 1 1 1 1 1 1 1 1 1 1 1 1 1 1 1 1 1 1 1 1 1 1 1 1 1 1 1 1 1 1 1 1 1 1 1 1 1 1 1 1 1 1 1 1 1 1 1 1 1 1 1 1 1 1 1 1 1 1 1 1 1 1 1 1 1 1 1 1 1 1 1 1 1 1 1 1 1 1 1 1 1 1 1 1 1 1 1 1 1 1 1 1 1 1 1 1 1 1 1 1 1 1 1 1 1 1 1 1 1 1 1 1 1 1 1 1 1 1 1 1 1 1 1 1 1 1 1 1 1 1 1 1 1 1 1 1 1 1 1 1 1 1 1 1 1 1 1 1 1 1 1 1 1 1 1 1 1 1 1 1 1 1 1 1 1 1 1 1 1 1 1 1 1 1 1 1 1 1 1 1 1 1 1 1 1 1 1 1 1 1 1 1 1 1 1 1 1 1 1 1 1 1 1 1 1 1 1 1 1 1 1 1 1 1 1 1 1 1 1 1 1 1 1 1 1 1 1 1 1 1 1 1 1 1 1 1 1 1 1 1 1 1 1 1 1 1 1 1 1 1 1 1 1 1 1 1 1 1 1 1 1 1 1 1 1 1 1 1 1 1 1 1 1 1 1 1 1 1 1 1 1 1 1 1 1 1 1 1 1 1 1 1 1 1 1 1 1 1 1 1 1 1 1 1 1 1 1 1 1 1 1 1 1 1 1 1 1 1 1 1 1 1 1 1 1 1 1 1 1 1 1 1 1 1 1 1 1 1 1 1 1 1 1 1 1 1 1 1 1 1 1 1 1 1 1 1 1 1 1 1 1 1 1 1 1 1 1 1 1 1 1 1 1 1 1 1 1 1 1 1 1 1 1 1 1 1 1 1 1 1 1 1 1 1 1 1 1 1 1 1 1 1 1 1 1 1 1 1 1 1 1 1 1 1 1 1 1 1 1 1 1 1 1 1 1 1 1 1 1 1 1 1 0 0 0 1 1 1 1 1 1 1 1 1 1 1 1 1 1 1 1 1 1 1 1 1 1 1 1 1 1 1 1 1 1 1 1 1 1 1 1 1 
