# This file contains a 2D laser scan observation. 
# Its format is: 
# [aperture] [max_range] [number_of_scans] 
# [vector_of_scans] 
# [vector_of_valid_scans] 
# The aperture of the sensor is in radians, the maximum range 
# and measurements are in meters. '1' means a valid scan, '0' otherwise.
4.1847
5.6
682
0.577 0.605 0.613 0.62 0.62 0.618 0.618 0.596 0.508 0.504 0.503 0.493 0.469 0.462 0.462 0.462 0.462 0.462 0.457 0.455 0.455 0.455 0.454 0.455 0.454 0.454 0.451 0.454 0.451 0.446 0.445 0.445 0.43 0.426 0.42 0.409 0.372 0.329 0.328 0.328 0.329 0.33 0.33 0.331 0.332 0.331 0.331 0.334 0.334 0.371 0.405 0.417 0.417 0.411 0.414 0.411 0.401 0.401 0.401 0.397 0.394 0.388 0.381 0.377 0.377 0.37 0.37 0.36 0.358 0.346 0.345 0.282 0.228 0.228 0.224 0.222 0.222 0.222 0.222 0.224 0.224 0.224 0.223 0.22 0.215 0.218 0.215 0.215 0.218 0.218 0.218 0.218 0.218 0.217 0.217 0.22 0.223 0.223 0.223 0.222 0.222 0.222 0.224 0.227 0.227 0.227 0.225 0.225 0.225 0.225 0.225 0.226 0.225 0.23 0.23 0.227 0.227 0.227 0.227 0.227 0.229 0.229 0.227 0.226 0.225 0.224 0.224 0.224 0.222 0.22 0.22 0.22 0.222 0.22 0.219 0.222 0.222 0.222 0.222 0.226 0.226 0.225 0.226 0.227 0.225 0.227 0.227 0.227 0.224 0.227 0.234 0.235 0.235 0.235 0.235 0.235 0.235 0.235 0.232 0.232 0.236 0.235 0.24 0.242 0.245 0.249 0.251 0.252 0.252 0.251 0.249 0.249 0.249 0.249 0.253 0.253 0.253 0.255 0.253 0.255 0.249 0.247 0.243 0.243 0.243 0.237 0.236 0.236 0.233 0.231 0.23 0.23 0.23 0.228 0.225 0.219 0.219 0.219 0.219 0.22 0.22 0.217 0.217 0.22 0.217 0.217 0.219 0.217 0.217 0.219 0.219 0.22 0.22 0.22 0.219 0.214 0.214 0.219 0.222 0.223 0.23 0.23 0.23 0.229 0.229 0.229 0.23 0.23 0.231 0.232 0.235 0.238 0.239 0.242 0.249 0.25 0.254 0.256 0.257 0.257 0.257 0.258 0.258 0.262 0.262 0.264 0.264 0.264 0.26 0.26 0.26 0.261 0.26 0.261 0.261 0.26 0.256 0.256 0.252 0.249 0.249 0.251 0.251 0.255 0.255 0.255 0.253 0.249 0.249 0.249 0.242 0.249 0.251 0.243 0.251 0.255 0.255 0.255 0.255 0.253 0.252 0.251 0.248 0.248 0.248 0.248 0.25 0.25 0.25 0.254 0.254 0.254 0.251 0.254 0.254 0.253 0.253 0.253 0.253 0.253 0.254 0.255 0.255 0.255 0.256 0.273 0.273 0.273 0.271 0.271 0.271 0.278 0.278 0.279 0.279 0.279 0.278 0.279 0.277 0.283 0.277 0.281 0.281 0.283 0.281 0.281 0.286 0.279 0.279 0.276 0.276 0.276 0.276 0.332 0.408 0.41 0.41 0.408 0.389 0.383 0.382 0.382 0.373 0.373 0.372 0.371 0.372 0.372 0.372 0.373 0.373 0.374 0.373 0.365 0.364 0.365 0.365 0.37 0.375 0.375 0.377 0.379 0.386 0.387 0.39 0.392 0.39 0.392 0.392 0.402 0.406 0.407 0.409 0.411 0.411 0.412 0.413 0.421 0.429 0.434 1.279 1.279 1.279 1.088 1.088 1.088 1.098 1.104 1.115 1.125 1.126 1.128 1.145 1.155 1.162 1.171 1.208 1.224 1.224 1.224 1.159 1.08 1.08 1.08 1.105 1.138 1.15 1.151 1.151 1.15 1.039 1.029 1.027 1.027 1.028 1.029 1.032 1.032 1.033 1.036 1.044 1.057 1.073 1.078 1.086 1.106 1.108 1.115 1.117 1.117 1.117 1.117 1.001 0.977 0.977 0.974 0.976 0.976 0.977 0.99 1.074 1.074 1.074 1.007 1.001 0.999 0.999 0.999 0.999 1.085 1.085 1.085 1.067 1.063 1.062 1.057 1.052 1.045 1.043 1.045 1.043 1.043 1.043 1.04 1.04 1.04 1.04 1.042 1.042 1.042 1.042 1.035 1.034 1.03 1.024 1.024 1.016 1.004 1.003 1.003 1.003 0.99 0.99 1.007 1.012 1.052 1.054 1.055 1.064 1.074 1.092 1.227 1.227 1.227 1.233 1.235 1.235 1.235 1.235 1.238 1.239 1.243 1.247 1.252 1.252 1.261 1.261 1.263 1.263 1.274 1.277 1.281 1.283 1.286 1.287 1.289 1.291 1.292 1.295 1.295 1.295 1.121 1.119 1.119 1.121 1.132 1.154 1.154 1.154 1.116 1.116 1.116 1.127 1.127 1.129 1.136 1.145 1.157 1.157 1.157 1.106 1.106 1.106 1.111 1.117 1.125 1.129 1.149 1.149 1.149 1.135 1.12 1.12 1.12 1.129 1.132 1.132 1.129 1.132 1.134 1.293 1.293 1.293 1.283 1.273 1.253 1.24 1.234 1.229 1.226 1.221 1.213 1.207 1.204 1.198 1.195 1.185 1.185 1.185 1.185 1.297 1.301 1.303 1.337 1.394 1.4 1.409 1.41 1.479 1.851 1.868 1.887 1.891 1.925 1.925 1.925 1.802 1.78 1.769 1.769 1.769 1.769 1.78 1.818 1.818 1.818 1.79 1.79 1.79 1.895 1.941 2.01 2.01 2.01 1.985 1.985 1.985 1.998 2.004 2.006 2.011 2.028 2.146 2.149 2.162 2.233 2.332 2.347 2.347 2.348 2.354 2.458 2.557 2.588 2.659 2.695 2.695 2.72 2.726 2.695 2.677 2.761 2.632 2.583 0.905 0.892 0.882 0.887 0.882 0.882 0.88 0.882 0.882 0.882 0.876 0.876 0.872 0.871 0.872 0.876 0.872 0.876 0.876 0.869 0.869 0.881 0.986 1.87 1.894 1.906 1.906 1.912 1.916 1.913 1.917 1.919 1.941 1.941 1.945 1.945 1.965 1.992 
1 1 1 1 1 1 1 1 1 1 1 1 1 1 1 1 1 1 1 1 1 1 1 1 1 1 1 1 1 1 1 1 1 1 1 1 1 1 1 1 1 1 1 1 1 1 1 1 1 1 1 1 1 1 1 1 1 1 1 1 1 1 1 1 1 1 1 1 1 1 1 1 1 1 1 1 1 1 1 1 1 1 1 1 1 1 1 1 1 1 1 1 1 1 1 1 1 1 1 1 1 1 1 1 1 1 1 1 1 1 1 1 1 1 1 1 1 1 1 1 1 1 1 1 1 1 1 1 1 1 1 1 1 1 1 1 1 1 1 1 1 1 1 1 1 1 1 1 1 1 1 1 1 1 1 1 1 1 1 1 1 1 1 1 1 1 1 1 1 1 1 1 1 1 1 1 1 1 1 1 1 1 1 1 1 1 1 1 1 1 1 1 1 1 1 1 1 1 1 1 1 1 1 1 1 1 1 1 1 1 1 1 1 1 1 1 1 1 1 1 1 1 1 1 1 1 1 1 1 1 1 1 1 1 1 1 1 1 1 1 1 1 1 1 1 1 1 1 1 1 1 1 1 1 1 1 1 1 1 1 1 1 1 1 1 1 1 1 1 1 1 1 1 1 1 1 1 1 1 1 1 1 1 1 1 1 1 1 1 1 1 1 1 1 1 1 1 1 1 1 1 1 1 1 1 1 1 1 1 1 1 1 1 1 1 1 1 1 1 1 1 1 1 1 1 1 1 1 1 1 1 1 1 1 1 1 1 1 1 1 1 1 1 1 1 1 1 1 1 1 1 1 1 1 1 1 1 1 1 1 1 1 1 1 1 1 1 1 1 1 1 1 1 1 1 1 1 1 1 1 1 1 1 1 1 1 1 1 1 1 1 1 1 1 1 1 1 1 1 1 1 1 1 1 1 1 1 1 1 1 1 1 1 1 1 1 1 1 1 1 1 1 1 1 1 1 1 1 1 1 1 1 1 1 1 1 1 1 1 1 1 1 1 1 1 1 1 1 1 1 1 1 1 1 1 1 1 1 1 1 1 1 1 1 1 1 1 1 1 1 1 1 1 1 1 1 1 1 1 1 1 1 1 1 1 1 1 1 1 1 1 1 1 1 1 1 1 1 1 1 1 1 1 1 1 1 1 1 1 1 1 1 1 1 1 1 1 1 1 1 1 1 1 1 1 1 1 1 1 1 1 1 1 1 1 1 1 1 1 1 1 1 1 1 1 1 1 1 1 1 1 1 1 1 1 1 1 1 1 1 1 1 1 1 1 1 1 1 1 1 1 1 1 1 1 1 1 1 1 1 1 1 1 1 1 1 1 1 1 1 1 1 1 1 1 1 1 1 1 1 1 1 1 1 1 1 1 1 1 1 1 1 1 1 1 1 1 1 1 1 1 1 1 1 1 1 1 1 1 1 1 1 1 1 1 1 1 1 1 1 1 1 1 1 1 1 1 1 1 1 1 1 1 1 1 1 1 1 1 1 1 1 1 1 1 1 1 1 1 1 1 1 1 1 1 1 1 1 1 1 1 1 
