# This file contains a 2D laser scan observation. 
# Its format is: 
# [aperture] [max_range] [number_of_scans] 
# [vector_of_scans] 
# [vector_of_valid_scans] 
# The aperture of the sensor is in radians, the maximum range 
# and measurements are in meters. '1' means a valid scan, '0' otherwise.
4.1847
5.6
682
0.509 0.503 0.502 0.498 0.49 0.488 0.475 0.475 0.475 0.474 0.472 0.471 0.47 0.469 0.463 0.461 0.454 0.452 0.45 0.449 0.445 0.44 0.44 0.44 0.436 0.435 0.435 0.435 0.431 0.431 0.427 0.426 0.425 0.423 0.421 0.418 0.418 0.418 0.417 0.417 0.417 0.415 0.414 0.413 0.414 0.413 0.413 0.409 0.409 0.409 0.402 0.402 0.401 0.401 0.4 0.399 0.396 0.396 0.396 0.396 0.396 0.393 0.393 0.391 0.391 0.387 0.387 0.381 0.381 0.385 0.385 0.381 0.385 0.38 0.38 0.385 0.385 0.379 0.379 0.378 0.378 0.374 0.378 0.378 0.378 0.378 0.38 0.378 0.38 0.38 0.381 0.382 0.382 0.375 0.383 0.374 0.372 0.369 0.369 0.369 0.368 0.369 0.371 0.371 0.371 0.371 0.373 0.371 0.371 0.373 0.376 0.38 0.38 0.383 0.388 0.395 0.409 0.41 0.414 0.41 0.414 0.414 0.416 0.41 0.405 0.403 0.393 0.388 0.385 0.382 0.377 0.374 0.374 0.373 0.374 0.373 0.37 0.37 0.37 0.37 0.369 0.371 0.369 0.371 0.371 0.372 0.373 0.375 0.375 0.373 0.378 0.372 0.372 0.372 0.369 0.369 0.372 0.37 0.37 0.372 0.373 0.373 0.379 0.383 0.385 0.383 0.384 0.387 0.387 0.387 0.39 0.39 0.39 0.39 0.395 0.395 0.402 0.402 0.399 0.398 0.398 0.398 0.398 0.398 0.398 0.397 0.401 0.401 0.403 0.403 0.406 0.406 0.408 0.408 0.408 0.41 0.411 0.414 0.415 0.419 0.419 0.43 0.007 0.393 0.393 0.394 0.393 0.394 0.394 0.394 0.392 0.392 0.392 0.392 0.396 0.411 0.411 0.418 0.418 0.411 0.409 0.411 0.411 0.414 0.418 0.433 0.433 0.433 0.433 0.435 0.431 0.431 0.435 0.438 0.438 0.443 0.499 0.614 0.614 0.614 0.606 0.585 0.568 0.568 0.521 0.498 0.498 0.511 0.511 0.513 0.53 0.53 0.531 0.53 0.531 0.531 0.53 0.53 0.53 0.53 0.533 0.548 0.55 0.554 0.555 0.559 0.563 0.576 0.581 0.617 0.618 0.641 0.659 0.712 0.741 0.772 0.787 0.798 0.799 0.802 0.802 0.807 0.802 0.801 0.798 0.797 0.791 0.785 0.781 0.775 0.781 0.774 0.768 0.753 0.753 0.749 0.749 0.766 0 0 0 0 0 0 0 0 0 0 0.874 0.874 0.874 0.879 0.9 0.914 0.935 0.947 0.962 0.972 0.996 1.015 1.034 1.052 1.065 1.077 1.101 1.125 1.143 1.163 1.191 1.214 1.241 1.304 0.007 1.401 1.401 1.429 1.429 1.461 1.512 1.55 1.62 1.679 1.78 1.88 1.88 1.947 2.045 2.045 2.116 2.133 0 0 0 0 2.888 2.888 2.888 2.888 2.888 2.825 2.757 2.738 2.725 2.719 2.715 2.714 2.714 2.714 2.708 2.728 0 0 0 0 0 0 0 2.821 2.821 2.821 2.858 2.88 2.883 2.883 2.88 2.869 2.847 2.83 2.83 2.83 2.91 2.91 2.91 2.902 2.893 2.889 2.889 2.889 2.882 2.882 2.877 2.875 2.875 2.877 2.948 2.949 2.961 2.961 2.948 2.948 2.919 2.919 2.919 2.919 2.919 2.92 2.904 2.904 3.007 3.008 3.008 3.013 3.016 3.016 3.026 0.007 2.338 2.226 2.162 2.106 2.106 2.066 2.035 1.947 1.907 1.882 1.83 1.8 1.78 1.74 1.727 1.681 1.668 1.66 1.66 1.66 1.664 1.664 1.664 1.66 1.654 1.647 1.647 1.647 0 0 0 0 0 0 0 0 0 0 0 0 0 0 0 0 0 0 0 0 0 0 0 1.285 1.264 1.264 1.285 0 0 0 0 0 0 0 0 0 0 1.624 1.606 1.606 1.606 1.612 1.628 1.636 1.644 1.654 1.658 1.677 1.687 1.696 1.705 1.726 1.738 1.75 1.752 1.766 1.784 1.787 1.805 1.818 1.828 1.845 1.861 1.87 1.891 1.895 1.913 1.928 1.945 1.945 1.945 1.943 1.934 1.924 1.908 1.905 1.886 1.883 1.866 1.851 1.838 1.829 1.819 1.802 1.8 1.789 1.777 1.777 1.765 1.757 1.748 1.743 1.732 1.731 1.727 1.72 1.714 1.704 1.704 1.704 1.697 1.696 1.69 1.69 1.684 1.684 1.677 1.677 1.675 1.669 1.661 1.66 1.658 1.637 0.971 0.96 0.956 0.954 0.956 0.96 1.758 1.801 1.826 1.826 1.851 1.882 1.882 1.882 1.916 1.689 1.674 1.308 1.308 1.308 1.311 1.597 1.694 1.703 1.709 1.709 1.709 1.709 1.706 1.706 1.706 1.701 1.699 1.696 1.695 1.688 1.683 1.681 1.681 1.676 1.666 0.821 0.812 0.802 0.802 0.802 0.807 0.811 0.811 0.811 0.815 0.82 1.282 1.282 1.282 1.272 1.261 1.26 1.26 1.26 1.259 1.258 0.889 0.889 0.889 0.889 0.893 0.898 2.146 2.149 2.149 2.146 2.146 2.144 2.144 2.145 2.145 2.147 2.149 2.153 2.155 2.155 2.162 2.164 2.164 2.164 2.164 2.164 2.16 2.16 0.007 0.015 1.636 4.147 1.258 1.254 1.012 1.011 1.01 1.01 1.01 1.139 1.22 1.22 1.22 1.203 1.138 0.674 0.669 0.668 0.665 0.665 0.665 0.665 
1 1 1 1 1 1 1 1 1 1 1 1 1 1 1 1 1 1 1 1 1 1 1 1 1 1 1 1 1 1 1 1 1 1 1 1 1 1 1 1 1 1 1 1 1 1 1 1 1 1 1 1 1 1 1 1 1 1 1 1 1 1 1 1 1 1 1 1 1 1 1 1 1 1 1 1 1 1 1 1 1 1 1 1 1 1 1 1 1 1 1 1 1 1 1 1 1 1 1 1 1 1 1 1 1 1 1 1 1 1 1 1 1 1 1 1 1 1 1 1 1 1 1 1 1 1 1 1 1 1 1 1 1 1 1 1 1 1 1 1 1 1 1 1 1 1 1 1 1 1 1 1 1 1 1 1 1 1 1 1 1 1 1 1 1 1 1 1 1 1 1 1 1 1 1 1 1 1 1 1 1 1 1 1 1 1 1 1 1 1 1 1 1 1 1 1 1 1 1 1 1 1 0 1 1 1 1 1 1 1 1 1 1 1 1 1 1 1 1 1 1 1 1 1 1 1 1 1 1 1 1 1 1 1 1 1 1 1 1 1 1 1 1 1 1 1 1 1 1 1 1 1 1 1 1 1 1 1 1 1 1 1 1 1 1 1 1 1 1 1 1 1 1 1 1 1 1 1 1 1 1 1 1 1 1 1 1 1 1 1 1 1 1 1 1 1 1 1 0 0 0 0 0 0 0 0 0 0 1 1 1 1 1 1 1 1 1 1 1 1 1 1 1 1 1 1 1 1 1 1 1 1 0 1 1 1 1 1 1 1 1 1 1 1 1 1 1 1 1 1 0 0 0 0 1 1 1 1 1 1 1 1 1 1 1 1 1 1 1 1 0 0 0 0 0 0 0 1 1 1 1 1 1 1 1 1 1 1 1 1 1 1 1 1 1 1 1 1 1 1 1 1 1 1 1 1 1 1 1 1 1 1 1 1 1 1 1 1 1 1 1 1 1 1 1 0 1 1 1 1 1 1 1 1 1 1 1 1 1 1 1 1 1 1 1 1 1 1 1 1 1 1 1 1 0 0 0 0 0 0 0 0 0 0 0 0 0 0 0 0 0 0 0 0 0 0 0 1 1 1 1 0 0 0 0 0 0 0 0 0 0 1 1 1 1 1 1 1 1 1 1 1 1 1 1 1 1 1 1 1 1 1 1 1 1 1 1 1 1 1 1 1 1 1 1 1 1 1 1 1 1 1 1 1 1 1 1 1 1 1 1 1 1 1 1 1 1 1 1 1 1 1 1 1 1 1 1 1 1 1 1 1 1 1 1 1 1 1 1 1 1 1 1 1 1 1 1 1 1 1 1 1 1 1 1 1 1 1 1 1 1 1 1 1 1 1 1 1 1 1 1 1 1 1 1 1 1 1 1 1 1 1 1 1 1 1 1 1 1 1 1 1 1 1 1 1 1 1 1 1 1 1 1 1 1 1 1 1 1 1 1 1 1 1 1 1 1 1 1 1 1 1 1 1 1 1 1 1 0 0 1 1 1 1 1 1 1 1 1 1 1 1 1 1 1 1 1 1 1 1 1 1 
