# This file contains a 2D laser scan observation. 
# Its format is: 
# [aperture] [max_range] [number_of_scans] 
# [vector_of_scans] 
# [vector_of_valid_scans] 
# The aperture of the sensor is in radians, the maximum range 
# and measurements are in meters. '1' means a valid scan, '0' otherwise.
4.1847
5.6
682
0.557 0.56 0.562 0.565 0.568 0.581 0.582 0.593 0.593 0.593 0.596 0.595 0.596 0.599 0.606 0.608 0.613 0.615 0.615 0.615 0.616 0.616 0.618 0.625 0.624 0.624 0.624 0.623 0.623 0.623 0.624 0.624 0.63 0.63 0.648 0.649 0.657 0.657 0.648 0.635 0.63 0.63 0.63 0.63 0.639 0.641 0.678 0.69 0.696 0.697 0.707 0.709 0.713 0.719 0.723 0.724 0.731 0.735 0.745 0.746 0.754 0.755 0.762 0.766 0.776 0.82 0.854 0.854 0.854 0.839 0.762 0.742 0.742 0.742 0.738 0.741 0.741 0.741 0.778 0.779 0.789 0.789 0.789 0.799 0.799 0.802 0.802 0.801 0.798 0.796 0.796 0.779 0.765 0.756 0.755 0.754 0.75 0.749 0.75 0.75 0.749 0.75 0.762 0.763 0.766 0.769 0.769 0.769 0.763 0.763 0.761 0.761 0.761 0.758 0.757 0.758 0.758 0.757 0.757 0.757 0.757 0.757 0.764 0.779 0.779 0.779 0.784 0.782 0.781 0.781 0.781 0.774 0.773 0.77 0.768 0.746 0.745 0.745 0.745 0.746 0.757 0.76 0.764 0.767 0.767 0.766 0.764 0.76 0.753 0.751 0.736 0.736 0.732 0.728 0.725 0.725 0.728 0.765 0.768 0.769 0.769 0.768 0.768 0.766 0.765 0.757 0.753 0.752 0.751 0.742 0.739 0.739 0.739 0.739 0.738 0.738 0.737 0.737 0.737 0.737 0.737 0.74 0.738 0.738 0.74 0.742 0.742 0.743 0.743 0.748 0.751 0.761 0.764 0.767 0.768 0.769 0.774 0.774 0.775 0.775 0.77 0.745 0.701 0.698 0.697 0.697 0.696 0.696 0.696 0.706 0.725 0.726 0.726 0.726 0.729 0.733 0.733 0.735 0.735 0.74 0.786 0.8 0.8 0.8 0.802 0.8 0.8 0.798 0.798 0.796 0.777 0.776 0.776 0.775 0.774 0.775 0.776 0.776 0.785 0.785 0.785 0.785 0.785 0.783 0.783 0.794 0.799 0.805 0.818 0.818 0.823 0.827 0.829 0.831 0.833 0.831 0.834 0.837 0.834 0.835 0.84 0.835 0.835 0.835 0.833 0.83 0.828 0.828 0.828 0.828 0.828 0.844 0.886 0.905 0.909 0.909 0.923 0.931 0.948 0.948 0.948 0.948 0.944 0.942 0.934 0.9 0.879 0.873 0.868 0.868 0.87 0.871 0.871 0.875 0.927 0.94 0.962 1.003 1.004 1.005 1.006 1.006 1.007 1.006 1.006 1.005 1.014 1.017 1.035 1.069 1.084 1.089 1.089 1.089 1.086 1.086 1.086 1.09 1.094 1.099 1.102 1.105 1.108 1.116 1.124 1.128 1.13 1.136 1.137 1.171 1.22 1.22 1.221 1.22 1.219 1.219 1.221 1.234 1.243 1.244 1.249 1.257 1.259 1.283 2.111 2.123 2.142 2.138 2.138 2.147 2.148 2.147 2.147 2.033 1.989 1.989 1.989 2.003 2.014 2.035 2.045 2.045 2.045 1.981 1.981 1.981 1.981 1.981 1.869 1.869 1.869 1.872 1.873 1.886 1.894 1.909 1.909 1.909 1.899 1.797 1.797 1.797 1.803 1.805 1.805 1.806 1.806 1.806 1.856 1.856 1.856 1.852 1.834 1.821 1.811 1.802 1.798 1.798 1.797 1.786 1.785 1.77 1.764 1.743 1.737 1.737 1.743 1.754 1.766 1.772 1.774 1.774 1.775 1.8 1.917 1.917 1.92 1.917 1.918 1.918 1.918 1.917 1.911 1.911 1.908 1.907 1.908 1.903 1.902 1.902 1.902 1.898 1.841 1.742 1.742 1.742 1.742 1.731 1.72 1.72 1.709 1.709 1.691 1.659 1.659 1.659 1.665 1.669 1.671 1.671 1.671 1.646 1.639 1.636 1.636 1.639 1.68 1.766 1.766 1.781 1.781 1.876 1.876 1.876 1.816 1.737 1.681 1.681 1.681 1.682 1.79 1.796 1.8 1.815 1.815 1.815 1.803 1.796 1.758 1.749 1.744 1.734 1.744 1.749 1.744 1.734 1.106 1.082 1.042 1.041 1.041 1.041 1.84 1.855 1.878 2.059 2.059 0.007 2.074 2.074 2.089 2.089 2.1 2.1 2.1 2.117 2.124 2.125 2.125 2.125 2.068 1.998 1.994 1.994 1.994 2.008 2.008 2.008 1.973 1.973 1.973 2.008 2.039 2.046 2.047 2.07 2.086 2.113 2.156 2.156 2.156 2.133 2.133 2.133 2.119 2.119 2.119 2.085 2 2 1.966 1.942 0.546 0.543 0.539 0.538 0.537 0.528 0.521 0.516 0.512 0.512 0.509 0.507 0.507 0.497 0.497 0.495 0.49 0.48 0.479 0.477 0.477 0.475 0.463 0.462 0.451 0.451 0.448 0.445 0.442 0.445 0.448 0.456 0.458 0.458 0.458 0.454 0.452 0.451 0.45 0.443 0.438 0.438 0.433 0.436 0.436 0.436 0.432 0.432 0.429 0.427 0.427 0.424 0.424 0.424 0.421 0.419 0.417 0.414 0.413 0.412 0.411 0.409 0.409 0.408 0.408 0.408 0.399 0.399 0.395 0.399 0.395 0.394 0.394 0.394 0.393 0.393 0.393 0.391 0.392 0.391 0.391 0.391 0.385 0.385 0.385 0.385 0.385 0.385 0.383 0.383 0.378 0.378 0.374 0.374 0.374 0.377 0.376 0.376 0.376 0.373 0.373 0.369 0.369 0.369 0.366 0.366 0.366 0.366 0.366 0.368 0.369 0.369 0.368 0.368 0.365 0.365 0.365 0.365 0.365 0.365 0.362 0.364 0.362 0.361 0.355 0.353 0.35 0.35 0.35 0.35 0.348 0.348 0.348 0.348 0.348 0.353 0.396 0.41 0.42 0.467 
1 1 1 1 1 1 1 1 1 1 1 1 1 1 1 1 1 1 1 1 1 1 1 1 1 1 1 1 1 1 1 1 1 1 1 1 1 1 1 1 1 1 1 1 1 1 1 1 1 1 1 1 1 1 1 1 1 1 1 1 1 1 1 1 1 1 1 1 1 1 1 1 1 1 1 1 1 1 1 1 1 1 1 1 1 1 1 1 1 1 1 1 1 1 1 1 1 1 1 1 1 1 1 1 1 1 1 1 1 1 1 1 1 1 1 1 1 1 1 1 1 1 1 1 1 1 1 1 1 1 1 1 1 1 1 1 1 1 1 1 1 1 1 1 1 1 1 1 1 1 1 1 1 1 1 1 1 1 1 1 1 1 1 1 1 1 1 1 1 1 1 1 1 1 1 1 1 1 1 1 1 1 1 1 1 1 1 1 1 1 1 1 1 1 1 1 1 1 1 1 1 1 1 1 1 1 1 1 1 1 1 1 1 1 1 1 1 1 1 1 1 1 1 1 1 1 1 1 1 1 1 1 1 1 1 1 1 1 1 1 1 1 1 1 1 1 1 1 1 1 1 1 1 1 1 1 1 1 1 1 1 1 1 1 1 1 1 1 1 1 1 1 1 1 1 1 1 1 1 1 1 1 1 1 1 1 1 1 1 1 1 1 1 1 1 1 1 1 1 1 1 1 1 1 1 1 1 1 1 1 1 1 1 1 1 1 1 1 1 1 1 1 1 1 1 1 1 1 1 1 1 1 1 1 1 1 1 1 1 1 1 1 1 1 1 1 1 1 1 1 1 1 1 1 1 1 1 1 1 1 1 1 1 1 1 1 1 1 1 1 1 1 1 1 1 1 1 1 1 1 1 1 1 1 1 1 1 1 1 1 1 1 1 1 1 1 1 1 1 1 1 1 1 1 1 1 1 1 1 1 1 1 1 1 1 1 1 1 1 1 1 1 1 1 1 1 1 1 1 1 1 1 1 1 1 1 1 1 1 1 1 1 1 1 1 1 1 1 1 1 1 1 1 1 1 1 1 1 1 1 1 1 1 1 1 1 1 1 1 1 1 1 1 1 1 1 1 1 1 1 1 1 1 1 1 1 1 1 1 1 1 1 1 1 1 1 1 0 1 1 1 1 1 1 1 1 1 1 1 1 1 1 1 1 1 1 1 1 1 1 1 1 1 1 1 1 1 1 1 1 1 1 1 1 1 1 1 1 1 1 1 1 1 1 1 1 1 1 1 1 1 1 1 1 1 1 1 1 1 1 1 1 1 1 1 1 1 1 1 1 1 1 1 1 1 1 1 1 1 1 1 1 1 1 1 1 1 1 1 1 1 1 1 1 1 1 1 1 1 1 1 1 1 1 1 1 1 1 1 1 1 1 1 1 1 1 1 1 1 1 1 1 1 1 1 1 1 1 1 1 1 1 1 1 1 1 1 1 1 1 1 1 1 1 1 1 1 1 1 1 1 1 1 1 1 1 1 1 1 1 1 1 1 1 1 1 1 1 1 1 1 1 1 1 1 1 1 1 1 1 1 1 
