# This file contains a 2D laser scan observation. 
# Its format is: 
# [aperture] [max_range] [number_of_scans] 
# [vector_of_scans] 
# [vector_of_valid_scans] 
# The aperture of the sensor is in radians, the maximum range 
# and measurements are in meters. '1' means a valid scan, '0' otherwise.
4.1847
5.6
682
0.358 0.357 0.352 0.352 0.347 0.347 0.347 0.347 0.341 0.341 0.348 0.349 0.349 0.349 0.349 0.342 0.337 0.337 0.329 0.329 0.325 0.325 0.319 0.319 0.317 0.317 0.317 0.323 0.323 0.323 0.327 0.328 0.328 0.333 0.328 0.328 0.328 0.328 0.328 0.329 0.33 0.33 0.331 0.331 0.343 0.348 0.349 0.352 0.358 0.358 0.354 0.354 0.36 0.36 0.361 0.367 0.367 0.367 0.369 0.372 0.373 0.414 0.419 0.42 0.425 0.436 0.437 0.44 0.441 0.446 0.45 0.45 0.456 0.458 0.466 0.471 0.475 0.48 0.489 0.489 0.506 0.506 0.512 0.512 0.506 0.503 0.497 0.488 0.488 0.486 0.486 0.486 0.481 0.479 0.477 0.477 0.476 0.475 0.475 0.475 0.475 0.475 0.473 0.472 0.467 0.467 0.466 0.464 0.464 0.466 0.463 0.463 0.463 0.466 0.466 0.466 0.466 0.466 0.465 0.464 0.462 0.459 0.456 0.454 0.452 0.454 0.452 0.452 0.452 0.456 0.454 0.456 0.456 0.456 0.454 0.454 0.448 0.446 0.448 0.448 0.447 0.445 0.447 0.445 0.447 0.448 0.449 0.448 0.448 0.447 0.447 0.446 0.447 0.447 0.447 0.447 0.447 0.447 0.445 0.445 0.447 0.448 0.449 0.449 0.449 0.448 0.449 0.447 0.446 0.442 0.446 0.446 0.446 0.445 0.449 0.445 0.442 0.443 0.442 0.44 0.442 0.44 0.44 0.441 0.441 0.441 0.442 0.445 0.448 0.453 0.457 0.457 0.457 0.457 0.456 0.456 0.455 0.455 0.455 0.458 0.462 0.604 0.83 1.075 1.08 1.083 1.085 1.085 1.087 1.091 1.096 1.099 1.103 1.146 1.154 1.16 1.162 1.162 1.161 1.161 1.153 1.153 1.153 1.177 1.19 1.193 1.194 1.194 1.193 1.191 1.184 1.183 1.183 1.183 1.2 1.238 1.238 1.238 1.236 1.235 1.233 1.233 1.233 1.233 1.24 1.243 1.255 1.264 1.272 1.284 1.294 1.311 1.326 1.327 1.327 1.326 1.325 1.278 1.258 1.258 1.258 1.26 1.309 1.309 1.315 1.334 1.397 1.397 1.397 1.384 1.384 1.384 1.388 1.398 1.402 1.404 1.409 1.433 1.454 1.46 1.462 1.475 1.478 1.482 1.482 1.482 1.482 1.489 1.489 1.489 1.6 1.62 1.62 1.621 1.621 1.618 1.564 1.552 1.552 1.552 1.557 1.692 1.7 1.7 1.705 1.718 1.718 1.731 1.781 1.785 1.787 1.793 1.793 1.8 1.803 1.815 1.817 1.831 1.838 1.843 1.93 1.933 1.94 1.94 1.94 1.95 1.95 1.976 2.003 2.783 2.803 2.804 2.819 2.819 2.819 2.696 2.686 2.686 2.686 2.707 2.707 2.707 2.694 2.671 2.668 2.631 2.554 2.554 2.554 2.574 2.579 2.579 2.579 2.574 2.481 2.481 2.473 2.473 2.481 2.508 2.508 2.515 2.515 2.515 2.504 2.484 2.472 2.45 2.445 2.43 2.423 2.402 2.402 2.402 2.421 2.421 2.422 2.422 2.442 2.558 2.558 2.558 2.549 2.545 2.544 2.543 2.541 2.541 2.537 2.537 2.525 2.525 2.359 2.33 2.32 2.32 2.267 2.254 2.249 2.239 2.235 2.235 2.235 2.229 2.229 2.229 2.229 2.229 2.3 2.3 2.3 0.869 0.646 0.643 0.64 0.643 0.64 0.643 0.64 0.643 0.64 0.639 0.639 0.64 0.64 0.641 0.641 0.641 0.641 0.64 0.64 0.64 0.642 0.642 0.642 0.642 0.645 0.645 0.642 0.642 0.641 0.639 0.639 0.639 0.64 0.643 0.643 0.643 0.646 0.645 0.645 0.646 0.654 0.659 0.659 0.659 0.655 0.655 0.655 0.655 0.654 0.655 0.655 0.655 0.655 0.662 0.664 0.664 0.664 0.664 0.664 0.668 0.668 0.668 0.671 0.672 0.679 0.68 0.679 0.679 0.679 0.679 0.679 0.684 0.684 0.684 0.691 0.694 0.696 0.696 0.696 0.696 0.698 0.7 0.7 0.7 0.593 0.506 0.501 0.496 0.495 0.492 0.49 0.488 0.486 0.482 0.482 0.48 0.48 0.471 0.471 0.467 0.465 0.464 0.464 0.464 0.463 0.462 0.461 0.461 0.455 0.452 0.452 0.452 0.452 0.452 0.452 0.448 0.446 0.437 0.436 0.436 0.435 0.434 0.434 0.43 0.43 0.427 0.425 0.426 0.427 0.426 0.423 0.423 0.417 0.412 0.417 0.412 0.409 0.41 0.41 0.409 0.41 0.41 0.409 0.405 0.403 0.402 0.402 0.403 0.402 0.402 0.4 0.4 0.395 0.394 0.394 0.394 0.394 0.396 0.396 0.396 0.396 0.396 0.393 0.393 0.393 0.393 0.393 0.386 0.384 0.384 0.384 0.388 0.388 0.388 0.388 0.388 0.387 0.386 0.386 0.386 0.383 0.383 0.384 0.387 0.388 0.388 0.388 0.384 0.379 0.379 0.381 0.382 0.382 0.387 0.387 0.387 0.39 0.388 0.39 0.392 0.403 0.403 0.408 0.408 0.42 0.42 0.413 0.412 0.412 0.41 0.409 0.397 0.39 0.39 0.39 0.39 0.386 0.386 0.386 0.387 0.387 0.387 0.388 0.385 0.384 0.384 0.383 0.382 0.383 0.382 0.383 0.385 0.385 0.389 0.389 0.384 0.384 0.384 0.384 0.386 0.386 0.386 0.39 0.39 0.39 0.395 0.395 0.395 0.396 0.396 0.396 0.395 0.396 0.395 0.398 0.406 0.406 0.402 0.402 0.402 0.402 0.402 0.402 0.402 0.402 0.402 0.405 0.406 0.413 0.413 
1 1 1 1 1 1 1 1 1 1 1 1 1 1 1 1 1 1 1 1 1 1 1 1 1 1 1 1 1 1 1 1 1 1 1 1 1 1 1 1 1 1 1 1 1 1 1 1 1 1 1 1 1 1 1 1 1 1 1 1 1 1 1 1 1 1 1 1 1 1 1 1 1 1 1 1 1 1 1 1 1 1 1 1 1 1 1 1 1 1 1 1 1 1 1 1 1 1 1 1 1 1 1 1 1 1 1 1 1 1 1 1 1 1 1 1 1 1 1 1 1 1 1 1 1 1 1 1 1 1 1 1 1 1 1 1 1 1 1 1 1 1 1 1 1 1 1 1 1 1 1 1 1 1 1 1 1 1 1 1 1 1 1 1 1 1 1 1 1 1 1 1 1 1 1 1 1 1 1 1 1 1 1 1 1 1 1 1 1 1 1 1 1 1 1 1 1 1 1 1 1 1 1 1 1 1 1 1 1 1 1 1 1 1 1 1 1 1 1 1 1 1 1 1 1 1 1 1 1 1 1 1 1 1 1 1 1 1 1 1 1 1 1 1 1 1 1 1 1 1 1 1 1 1 1 1 1 1 1 1 1 1 1 1 1 1 1 1 1 1 1 1 1 1 1 1 1 1 1 1 1 1 1 1 1 1 1 1 1 1 1 1 1 1 1 1 1 1 1 1 1 1 1 1 1 1 1 1 1 1 1 1 1 1 1 1 1 1 1 1 1 1 1 1 1 1 1 1 1 1 1 1 1 1 1 1 1 1 1 1 1 1 1 1 1 1 1 1 1 1 1 1 1 1 1 1 1 1 1 1 1 1 1 1 1 1 1 1 1 1 1 1 1 1 1 1 1 1 1 1 1 1 1 1 1 1 1 1 1 1 1 1 1 1 1 1 1 1 1 1 1 1 1 1 1 1 1 1 1 1 1 1 1 1 1 1 1 1 1 1 1 1 1 1 1 1 1 1 1 1 1 1 1 1 1 1 1 1 1 1 1 1 1 1 1 1 1 1 1 1 1 1 1 1 1 1 1 1 1 1 1 1 1 1 1 1 1 1 1 1 1 1 1 1 1 1 1 1 1 1 1 1 1 1 1 1 1 1 1 1 1 1 1 1 1 1 1 1 1 1 1 1 1 1 1 1 1 1 1 1 1 1 1 1 1 1 1 1 1 1 1 1 1 1 1 1 1 1 1 1 1 1 1 1 1 1 1 1 1 1 1 1 1 1 1 1 1 1 1 1 1 1 1 1 1 1 1 1 1 1 1 1 1 1 1 1 1 1 1 1 1 1 1 1 1 1 1 1 1 1 1 1 1 1 1 1 1 1 1 1 1 1 1 1 1 1 1 1 1 1 1 1 1 1 1 1 1 1 1 1 1 1 1 1 1 1 1 1 1 1 1 1 1 1 1 1 1 1 1 1 1 1 1 1 1 1 1 1 1 1 1 1 1 1 1 1 1 1 1 1 1 1 1 1 1 1 1 1 1 1 1 1 1 1 1 1 1 1 1 1 1 1 1 1 1 1 1 1 1 1 1 1 
