# This file contains a 2D laser scan observation. 
# Its format is: 
# [aperture] [max_range] [number_of_scans] 
# [vector_of_scans] 
# [vector_of_valid_scans] 
# The aperture of the sensor is in radians, the maximum range 
# and measurements are in meters. '1' means a valid scan, '0' otherwise.
4.1847
5.6
682
0.647 0.647 0.632 0.627 0.623 0.617 0.611 0.605 0.595 0.594 0.592 0.587 0.584 0.583 0.576 0.572 0.566 0.565 0.565 0.561 0.554 0.545 0.544 0.544 0.544 0.542 0.54 0.529 0.529 0.525 0.519 0.519 0.518 0.517 0.517 0.516 0.496 0.347 0.337 0.336 0.336 0.336 0.334 0.334 0.333 0.325 0.325 0.325 0.325 0.325 0.325 0.325 0.325 0.319 0.309 0.309 0.309 0.312 0.313 0.315 0.315 0.315 0.315 0.315 0.327 0.327 0.327 0.315 0.313 0.312 0.307 0.307 0.301 0.301 0.304 0.304 0.304 0.304 0.301 0.301 0.301 0.3 0.3 0.3 0.3 0.306 0.306 0.315 0.315 0.314 0.314 0.315 0.315 0.331 0.331 0.337 0.347 0.349 0.356 0.357 0.357 0.364 0.365 0.366 0.37 0.392 0.434 0.436 0.45 0.459 0.471 0.482 0.494 0.509 0.519 0.527 0.527 0.527 0.503 0.5 0.5 0.503 0.499 0.502 0.502 0.5 0.498 0.5 0.499 0.499 0.501 0.503 0.503 0.503 0.503 0.503 0.498 0.498 0.495 0.495 0.498 0.498 0.498 0.498 0.503 0.495 0.495 0.501 0.504 0.501 0.501 0.496 0.496 0.492 0.496 0.497 0.498 0.498 0.499 0.499 0.498 0.496 0.496 0.496 0.496 0.493 0.491 0.491 0.491 0.491 0.492 0.492 0.494 0.494 0.494 0.494 0.494 0.495 0.496 0.496 0.496 0.502 0.502 0.502 0.502 0.505 0.505 0.505 0.505 0.501 0.501 0.504 0.507 0.506 0.509 0.509 0.506 0.506 0.507 0.506 0.507 0.511 0.51 0.511 0.511 0.513 0.51 0.514 0.509 0.51 0.51 0.515 0.515 0.525 0.525 0.525 0.527 0.527 0.527 0.527 0.53 0.53 0.533 0.54 1.071 1.199 1.219 1.219 1.234 1.241 1.275 1.279 1.279 1.279 1.279 1.278 1.275 1.275 1.277 1.277 1.309 1.32 1.327 1.327 1.327 1.327 1.328 1.33 1.336 1.341 1.349 1.353 1.371 1.385 1.407 1.41 1.429 1.435 1.435 1.435 1.406 1.371 1.358 1.358 1.358 1.401 1.41 1.41 1.463 1.487 1.487 1.489 1.489 1.489 1.498 1.501 1.512 1.517 1.519 1.567 1.569 1.582 1.585 1.59 1.591 1.592 1.592 1.594 1.594 1.597 1.647 1.718 1.733 1.733 1.733 1.726 1.686 1.661 1.661 1.661 1.734 1.812 1.812 1.812 1.818 1.821 1.844 1.884 1.894 1.9 1.9 1.904 1.911 1.917 1.928 1.94 1.942 1.943 2.009 2.04 2.043 2.051 2.051 2.055 2.064 2.086 2.873 2.914 2.92 2.92 2.92 2.92 2.86 2.784 2.784 2.784 2.813 2.813 2.813 2.799 2.781 2.742 2.724 2.666 2.666 2.666 2.671 2.676 2.676 2.676 2.633 2.626 2.626 2.57 2.585 2.626 2.636 2.63 2.63 2.63 2.606 2.601 2.577 2.565 2.55 2.537 2.534 2.511 2.511 2.511 2.523 2.523 2.536 2.536 2.6 2.659 2.659 2.659 2.659 2.654 2.646 2.641 2.638 2.638 2.638 2.635 2.635 0.007 2.464 2.427 2.389 2.349 2.341 2.34 2.313 2.313 2.313 2.313 2.305 0.724 0.724 0.724 0.725 0.728 0.728 0.728 0.726 0.726 0.726 0.732 0.732 0.733 0.733 0.732 0.728 0.727 0.725 0.727 0.728 0.73 0.73 0.731 0.731 0.731 0.731 0.73 0.73 0.732 0.732 0.731 0.731 0.729 0.729 0.729 0.729 0.73 0.73 0.734 0.734 0.734 0.734 0.734 0.735 0.735 0.737 0.737 0.738 0.739 0.739 0.739 0.739 0.741 0.746 0.746 0.748 0.748 0.748 0.749 0.752 0.756 0.757 0.757 0.76 0.76 0.757 0.757 0.757 0.696 0.578 0.569 0.566 0.562 0.558 0.557 0.548 0.543 0.542 0.539 0.529 0.527 0.526 0.524 0.519 0.517 0.512 0.51 0.504 0.5 0.497 0.496 0.493 0.493 0.492 0.487 0.487 0.482 0.479 0.479 0.477 0.477 0.472 0.465 0.464 0.463 0.464 0.463 0.46 0.45 0.45 0.449 0.45 0.45 0.442 0.437 0.442 0.442 0.442 0.442 0.442 0.436 0.433 0.426 0.425 0.425 0.426 0.425 0.425 0.425 0.425 0.417 0.417 0.414 0.411 0.411 0.411 0.409 0.409 0.409 0.409 0.407 0.407 0.401 0.401 0.401 0.398 0.398 0.398 0.398 0.395 0.394 0.39 0.39 0.388 0.393 0.39 0.39 0.39 0.39 0.39 0.39 0.388 0.385 0.385 0.385 0.385 0.385 0.381 0.382 0.381 0.381 0.381 0.38 0.379 0.379 0.379 0.379 0.379 0.373 0.372 0.371 0.371 0.371 0.37 0.371 0.372 0.372 0.372 0.372 0.371 0.367 0.366 0.367 0.367 0.368 0.368 0.37 0.372 0.371 0.372 0.373 0.372 0.373 0.373 0.373 0.373 0.374 0.378 0.378 0.385 0.385 0.384 0.386 0.388 0.398 0.398 0.398 0.394 0.392 0.391 0.391 0.382 0.38 0.374 0.374 0.374 0.373 0.371 0.371 0.37 0.371 0.371 0.373 0.373 0.373 0.371 0.371 0.371 0.367 0.367 0.369 0.369 0.369 0.369 0.369 0.369 0.371 0.371 0.37 0.37 0.371 0.375 0.378 0.378 0.377 0.377 0.378 0.378 0.378 0.378 0.38 0.383 0.384 0.384 0.385 0.385 0.385 0.385 0.386 0.386 0.385 0.39 0.385 0.385 0.39 0.39 0.392 0.396 0.396 0.389 0.391 0.389 0.389 
1 1 1 1 1 1 1 1 1 1 1 1 1 1 1 1 1 1 1 1 1 1 1 1 1 1 1 1 1 1 1 1 1 1 1 1 1 1 1 1 1 1 1 1 1 1 1 1 1 1 1 1 1 1 1 1 1 1 1 1 1 1 1 1 1 1 1 1 1 1 1 1 1 1 1 1 1 1 1 1 1 1 1 1 1 1 1 1 1 1 1 1 1 1 1 1 1 1 1 1 1 1 1 1 1 1 1 1 1 1 1 1 1 1 1 1 1 1 1 1 1 1 1 1 1 1 1 1 1 1 1 1 1 1 1 1 1 1 1 1 1 1 1 1 1 1 1 1 1 1 1 1 1 1 1 1 1 1 1 1 1 1 1 1 1 1 1 1 1 1 1 1 1 1 1 1 1 1 1 1 1 1 1 1 1 1 1 1 1 1 1 1 1 1 1 1 1 1 1 1 1 1 1 1 1 1 1 1 1 1 1 1 1 1 1 1 1 1 1 1 1 1 1 1 1 1 1 1 1 1 1 1 1 1 1 1 1 1 1 1 1 1 1 1 1 1 1 1 1 1 1 1 1 1 1 1 1 1 1 1 1 1 1 1 1 1 1 1 1 1 1 1 1 1 1 1 1 1 1 1 1 1 1 1 1 1 1 1 1 1 1 1 1 1 1 1 1 1 1 1 1 1 1 1 1 1 1 1 1 1 1 1 1 1 1 1 1 1 1 1 1 1 1 1 1 1 1 1 1 1 1 1 1 1 1 1 1 1 1 1 1 1 1 1 1 1 1 1 1 1 1 1 1 1 1 1 1 1 1 1 1 1 1 1 1 1 1 1 1 1 1 1 1 1 1 1 1 1 1 1 1 1 1 1 1 1 1 0 1 1 1 1 1 1 1 1 1 1 1 1 1 1 1 1 1 1 1 1 1 1 1 1 1 1 1 1 1 1 1 1 1 1 1 1 1 1 1 1 1 1 1 1 1 1 1 1 1 1 1 1 1 1 1 1 1 1 1 1 1 1 1 1 1 1 1 1 1 1 1 1 1 1 1 1 1 1 1 1 1 1 1 1 1 1 1 1 1 1 1 1 1 1 1 1 1 1 1 1 1 1 1 1 1 1 1 1 1 1 1 1 1 1 1 1 1 1 1 1 1 1 1 1 1 1 1 1 1 1 1 1 1 1 1 1 1 1 1 1 1 1 1 1 1 1 1 1 1 1 1 1 1 1 1 1 1 1 1 1 1 1 1 1 1 1 1 1 1 1 1 1 1 1 1 1 1 1 1 1 1 1 1 1 1 1 1 1 1 1 1 1 1 1 1 1 1 1 1 1 1 1 1 1 1 1 1 1 1 1 1 1 1 1 1 1 1 1 1 1 1 1 1 1 1 1 1 1 1 1 1 1 1 1 1 1 1 1 1 1 1 1 1 1 1 1 1 1 1 1 1 1 1 1 1 1 1 1 1 1 1 1 1 1 1 1 1 1 1 1 1 1 1 1 1 1 1 1 1 1 1 1 1 1 1 1 1 1 1 1 1 1 1 1 
