# This file contains a 2D laser scan observation. 
# Its format is: 
# [aperture] [max_range] [number_of_scans] 
# [vector_of_scans] 
# [vector_of_valid_scans] 
# The aperture of the sensor is in radians, the maximum range 
# and measurements are in meters. '1' means a valid scan, '0' otherwise.
4.1847
5.6
682
0.635 0.635 0.634 0.634 0.634 0.634 0.624 0.614 0.612 0.604 0.604 0.599 0.598 0.596 0.588 0.582 0.579 0.578 0.574 0.561 0.561 0.561 0.558 0.557 0.556 0.55 0.544 0.544 0.543 0.537 0.535 0.533 0.526 0.522 0.52 0.52 0.517 0.514 0.512 0.512 0.51 0.507 0.503 0.502 0.49 0.44 0.343 0.335 0.334 0.333 0.33 0.33 0.329 0.327 0.325 0.324 0.324 0.322 0.317 0.312 0.311 0.311 0.311 0.307 0.307 0.305 0.305 0.312 0.317 0.317 0.317 0.312 0.312 0.312 0.313 0.313 0.319 0.313 0.313 0.311 0.313 0.306 0.312 0.306 0.307 0.306 0.307 0.307 0.308 0.308 0.308 0.307 0.305 0.305 0.305 0.305 0.305 0.315 0.315 0.316 0.32 0.324 0.332 0.333 0.345 0.351 0.352 0.356 0.358 0.361 0.361 0.373 0.373 0.431 0.458 0.46 0.486 0.493 0.498 0.516 0.529 0.529 0.529 0.522 0.517 0.51 0.51 0.51 0.51 0.51 0.511 0.511 0.513 0.509 0.509 0.507 0.507 0.507 0.507 0.508 0.508 0.507 0.505 0.505 0.505 0.509 0.509 0.51 0.51 0.508 0.508 0.507 0.507 0.507 0.507 0.503 0.503 0.502 0.502 0.502 0.503 0.503 0.503 0.503 0.503 0.503 0.509 0.502 0.509 0.502 0.502 0.502 0.507 0.507 0.507 0.508 0.51 0.51 0.511 0.511 0.511 0.511 0.511 0.511 0.507 0.516 0.511 0.516 0.511 0.516 0.511 0.511 0.511 0.514 0.514 0.518 0.518 0.527 0.527 0.519 0.519 0.52 0.52 0.524 0.524 0.52 0.518 0.518 0.517 0.517 0.517 0.518 0.519 0.52 0.522 0.534 0.538 0.54 0.54 0.54 0.54 0.54 0.54 0.546 0.551 0.551 0.557 1.236 1.274 1.296 1.296 1.296 1.298 1.3 1.3 1.298 1.293 1.29 1.29 1.29 1.318 1.345 1.348 1.348 1.348 1.349 1.348 1.349 1.35 1.36 1.368 1.368 1.387 1.407 1.427 1.434 1.448 1.448 1.448 1.442 1.41 1.385 1.383 1.383 1.383 1.422 1.427 1.441 1.511 1.511 1.511 1.509 1.509 1.509 1.517 1.526 1.53 1.53 1.555 1.583 1.592 1.602 1.602 1.604 1.608 1.608 1.615 1.617 1.625 1.628 1.748 1.751 1.752 1.752 1.752 1.701 1.688 1.688 1.688 1.712 1.829 1.829 1.831 1.831 1.838 1.861 1.899 1.913 1.916 1.92 1.927 1.933 1.934 1.957 1.959 1.96 1.971 2.036 2.054 2.06 2.068 2.069 2.079 2.088 2.099 2.904 2.921 2.946 2.946 2.946 2.946 2.869 2.809 2.809 2.809 2.825 2.825 2.825 2.809 2.809 2.793 2.77 2.681 2.681 2.681 2.699 2.7 2.7 2.7 2.596 2.596 2.596 2.596 2.606 2.639 2.639 2.646 2.646 2.646 2.622 2.613 2.581 2.57 2.562 2.557 2.533 2.533 2.533 2.547 2.547 2.547 2.56 2.56 2.684 2.684 2.684 2.675 2.669 2.667 2.663 2.659 2.654 2.65 2.647 2.642 2.478 2.452 2.442 2.426 2.372 2.369 2.361 2.34 2.34 2.328 2.326 0.746 0.745 0.745 0.746 0.747 0.747 0.747 0.748 0.748 0.748 0.75 0.75 0.748 0.752 0.745 0.743 0.743 0.745 0.743 0.745 0.746 0.745 0.743 0.741 0.741 0.741 0.741 0.744 0.744 0.744 0.741 0.744 0.744 0.747 0.748 0.75 0.75 0.75 0.75 0.75 0.75 0.75 0.75 0.753 0.754 0.754 0.754 0.754 0.754 0.754 0.756 0.756 0.76 0.76 0.764 0.764 0.766 0.766 0.766 0.767 0.77 0.77 0.772 0.77 0.769 0.762 0.719 0.582 0.576 0.574 0.573 0.572 0.568 0.558 0.554 0.546 0.545 0.543 0.539 0.539 0.536 0.531 0.527 0.524 0.519 0.509 0.508 0.506 0.502 0.501 0.501 0.497 0.495 0.491 0.484 0.484 0.484 0.484 0.478 0.477 0.473 0.469 0.468 0.468 0.467 0.466 0.463 0.462 0.455 0.455 0.454 0.452 0.441 0.441 0.441 0.436 0.435 0.432 0.432 0.432 0.432 0.432 0.432 0.424 0.423 0.421 0.421 0.421 0.417 0.417 0.413 0.412 0.412 0.41 0.409 0.412 0.412 0.406 0.406 0.406 0.406 0.405 0.4 0.397 0.397 0.397 0.397 0.396 0.393 0.393 0.391 0.391 0.39 0.39 0.388 0.39 0.387 0.387 0.387 0.387 0.384 0.383 0.381 0.381 0.381 0.381 0.379 0.379 0.379 0.378 0.375 0.375 0.375 0.375 0.376 0.376 0.376 0.376 0.373 0.373 0.372 0.372 0.372 0.369 0.366 0.366 0.366 0.364 0.364 0.371 0.371 0.373 0.373 0.371 0.371 0.371 0.371 0.365 0.362 0.362 0.362 0.364 0.365 0.366 0.366 0.366 0.369 0.37 0.373 0.376 0.382 0.384 0.387 0.388 0.39 0.39 0.39 0.39 0.396 0.39 0.39 0.382 0.38 0.375 0.372 0.372 0.372 0.374 0.372 0.371 0.372 0.372 0.371 0.371 0.369 0.366 0.366 0.366 0.366 0.367 0.367 0.367 0.367 0.366 0.366 0.367 0.367 0.367 0.367 0.367 0.367 0.367 0.368 0.368 0.372 0.376 0.372 0.377 0.377 0.376 0.373 0.374 0.374 0.374 0.377 0.381 0.381 0.377 0.381 0.382 0.379 0.382 0.383 0.386 0.386 0.386 0.388 0.388 0.388 0.388 0.391 0.391 0.391 0.393 0.393 0.394 
1 1 1 1 1 1 1 1 1 1 1 1 1 1 1 1 1 1 1 1 1 1 1 1 1 1 1 1 1 1 1 1 1 1 1 1 1 1 1 1 1 1 1 1 1 1 1 1 1 1 1 1 1 1 1 1 1 1 1 1 1 1 1 1 1 1 1 1 1 1 1 1 1 1 1 1 1 1 1 1 1 1 1 1 1 1 1 1 1 1 1 1 1 1 1 1 1 1 1 1 1 1 1 1 1 1 1 1 1 1 1 1 1 1 1 1 1 1 1 1 1 1 1 1 1 1 1 1 1 1 1 1 1 1 1 1 1 1 1 1 1 1 1 1 1 1 1 1 1 1 1 1 1 1 1 1 1 1 1 1 1 1 1 1 1 1 1 1 1 1 1 1 1 1 1 1 1 1 1 1 1 1 1 1 1 1 1 1 1 1 1 1 1 1 1 1 1 1 1 1 1 1 1 1 1 1 1 1 1 1 1 1 1 1 1 1 1 1 1 1 1 1 1 1 1 1 1 1 1 1 1 1 1 1 1 1 1 1 1 1 1 1 1 1 1 1 1 1 1 1 1 1 1 1 1 1 1 1 1 1 1 1 1 1 1 1 1 1 1 1 1 1 1 1 1 1 1 1 1 1 1 1 1 1 1 1 1 1 1 1 1 1 1 1 1 1 1 1 1 1 1 1 1 1 1 1 1 1 1 1 1 1 1 1 1 1 1 1 1 1 1 1 1 1 1 1 1 1 1 1 1 1 1 1 1 1 1 1 1 1 1 1 1 1 1 1 1 1 1 1 1 1 1 1 1 1 1 1 1 1 1 1 1 1 1 1 1 1 1 1 1 1 1 1 1 1 1 1 1 1 1 1 1 1 1 1 1 1 1 1 1 1 1 1 1 1 1 1 1 1 1 1 1 1 1 1 1 1 1 1 1 1 1 1 1 1 1 1 1 1 1 1 1 1 1 1 1 1 1 1 1 1 1 1 1 1 1 1 1 1 1 1 1 1 1 1 1 1 1 1 1 1 1 1 1 1 1 1 1 1 1 1 1 1 1 1 1 1 1 1 1 1 1 1 1 1 1 1 1 1 1 1 1 1 1 1 1 1 1 1 1 1 1 1 1 1 1 1 1 1 1 1 1 1 1 1 1 1 1 1 1 1 1 1 1 1 1 1 1 1 1 1 1 1 1 1 1 1 1 1 1 1 1 1 1 1 1 1 1 1 1 1 1 1 1 1 1 1 1 1 1 1 1 1 1 1 1 1 1 1 1 1 1 1 1 1 1 1 1 1 1 1 1 1 1 1 1 1 1 1 1 1 1 1 1 1 1 1 1 1 1 1 1 1 1 1 1 1 1 1 1 1 1 1 1 1 1 1 1 1 1 1 1 1 1 1 1 1 1 1 1 1 1 1 1 1 1 1 1 1 1 1 1 1 1 1 1 1 1 1 1 1 1 1 1 1 1 1 1 1 1 1 1 1 1 1 1 1 1 1 1 1 1 1 1 1 1 1 1 1 1 1 1 1 1 1 1 1 1 1 1 1 
