# This file contains a 2D laser scan observation. 
# Its format is: 
# [aperture] [max_range] [number_of_scans] 
# [vector_of_scans] 
# [vector_of_valid_scans] 
# The aperture of the sensor is in radians, the maximum range 
# and measurements are in meters. '1' means a valid scan, '0' otherwise.
4.1847
5.6
682
0.456 0.452 0.452 0.452 0.449 0.445 0.441 0.441 0.441 0.438 0.441 0.433 0.431 0.431 0.431 0.428 0.428 0.428 0.428 0.427 0.418 0.412 0.412 0.411 0.411 0.411 0.413 0.413 0.413 0.409 0.406 0.403 0.403 0.406 0.403 0.403 0.399 0.399 0.399 0.399 0.397 0.397 0.397 0.394 0.394 0.391 0.391 0.391 0.392 0.392 0.392 0.386 0.386 0.386 0.386 0.386 0.393 0.393 0.386 0.384 0.384 0.38 0.383 0.38 0.38 0.378 0.378 0.378 0.376 0.376 0.374 0.378 0.38 0.38 0.38 0.38 0.381 0.381 0.381 0.378 0.374 0.371 0.374 0.374 0.378 0.378 0.378 0.377 0.376 0.375 0.375 0.376 0.376 0.381 0.382 0.382 0.381 0.381 0.376 0.376 0.376 0.376 0.376 0.38 0.38 0.38 0.38 0.38 0.379 0.379 0.383 0.383 0.38 0.385 0.38 0.379 0.378 0.377 0.374 0.374 0.374 0.376 0.377 0.378 0.378 0.38 0.38 0.38 0.379 0.376 0.376 0.376 0.373 0.373 0.373 0.373 0.376 0.376 0.379 0.373 0.378 0.373 0.378 0.378 0.388 0.388 0.389 0.389 0.381 0.344 0.343 0.343 0.343 0.349 0.352 0.353 0.357 0.357 0.366 0.367 0.368 0.368 0.373 0.374 0.373 0.373 0.373 0.374 0.372 0.376 0.376 0.376 0.376 0.377 0.381 0.381 0.381 0.38 0.38 0.38 0.38 0.38 0.387 0.387 0.38 0.387 0.387 0.391 0.396 0.549 0.554 0.556 0.554 0.553 0.556 0.556 0.558 0.558 0.558 0.555 0.555 0.555 0.555 0.555 0.555 0.555 0.54 0.54 0.54 0.958 0 0.007 0 0.958 0.491 0.463 0.461 0.454 0.454 0.453 0.453 0.453 0.459 0.462 0.464 0.464 0.467 0.473 0.473 0.474 0.478 0.488 0.496 0.53 0.562 0.602 0.656 0.696 0.724 0.729 0.731 0.735 0.75 0.752 0.752 0.752 0.75 0.738 0.737 0.738 0.737 0.732 0.731 0.718 0.716 0.715 0.713 0.709 0.709 0.702 0.702 0.699 0.695 0.695 0.694 0.694 0.676 0.685 0.677 0.677 0.668 0.662 0.658 0.658 0.662 0 0 0 0.007 0.726 0.726 0.738 0.738 0.779 0.781 0.783 0.783 0.788 0.799 0.808 0.819 0.827 0.836 0.859 0.861 0.881 0.889 0.924 0.933 0.951 0.951 0.97 0.982 0.99 1.004 1.032 1.033 1.06 1.081 1.098 1.116 1.149 1.161 1.198 1.224 1.266 1.281 1.305 1.339 1.352 1.397 1.433 1.525 1.533 1.598 1.598 1.683 1.732 1.801 1.873 1.873 1.981 0.007 2.148 2.148 0 2.45 2.535 0 2.81 2.81 0.007 2.81 2.703 2.651 2.644 2.628 2.628 2.607 2.605 2.603 2.599 2.599 2.598 2.598 2.602 2.614 2.627 0 0 0 0 0 2.729 2.729 2.729 2.767 2.767 2.774 2.774 2.767 2.738 2.73 2.73 2.73 2.77 2.81 2.81 2.81 2.804 2.793 2.787 2.787 2.787 2.779 2.779 2.779 2.778 2.778 2.778 2.845 2.855 2.86 2.864 2.864 2.864 2.809 2.809 2.809 2.819 2.819 2.819 2.809 2.809 2.809 2.911 2.915 2.92 2.92 2.93 2.93 2.93 2.944 2.284 2.23 2.044 2.006 1.973 1.94 1.882 1.864 1.85 1.802 1.779 1.753 1.721 1.673 1.664 1.634 1.631 1.631 1.586 1.575 1.561 1.561 1.561 1.567 1.567 1.567 1.563 1.552 1.549 1.539 1.539 1.539 0 0 0 0 0 0 0 0 0 0 0 0 0 0 0 0 0 0 0.007 0 0 0 0 0 1.207 1.194 1.193 1.194 1.207 0 0 0 0 0 0 0 0 0 0 1.528 1.527 1.527 1.527 1.53 1.55 1.554 1.564 1.588 1.593 1.595 1.608 1.619 1.635 1.65 1.656 1.673 1.685 1.689 1.709 1.722 1.742 1.75 1.769 1.78 1.798 1.808 1.825 1.84 1.859 1.873 1.875 1.875 1.875 1.867 1.858 1.851 1.842 1.842 1.821 1.814 1.812 1.791 1.788 1.77 1.765 1.746 1.741 1.731 1.73 1.719 1.711 1.709 1.702 1.695 1.688 1.687 1.686 1.672 1.667 1.666 1.666 1.665 1.657 1.651 1.649 1.646 1.64 1.64 1.638 1.638 1.638 1.632 1.626 1.624 1.623 1.622 1.622 1.617 1.611 1.611 1.611 1.617 1.653 0.007 1.653 0.93 0.918 0.914 0.914 0.914 0.921 1.665 1.666 2.162 2.162 2.202 2.202 2.202 1.285 1.279 1.279 1.279 1.818 1.818 1.818 1.773 1.772 1.75 1.718 1.707 1.701 1.686 1.686 1.686 1.686 1.676 1.676 1.675 1.675 1.679 1.679 1.674 1.679 1.677 1.677 1.677 1.677 1.677 1.671 1.665 0.809 0.806 0.805 0.806 0.806 0.813 0.813 0.813 0.811 0.811 0.811 1.278 1.278 1.278 1.252 1.252 1.252 1.25 1.249 0.9 0.897 0.897 0.897 0.897 0.897 2.167 2.167 2.168 2.168 2.168 2.179 2.179 2.179 2.181 2.182 2.182 2.182 2.182 1.687 1.687 1.687 0 0 0 1.288 1.288 1.288 1.287 1.287 1.274 1.041 1.041 1.037 1.037 1.044 1.081 1.303 1.303 1.303 1.284 1.268 1.238 1.2 1.15 1.111 1.091 1.081 
1 1 1 1 1 1 1 1 1 1 1 1 1 1 1 1 1 1 1 1 1 1 1 1 1 1 1 1 1 1 1 1 1 1 1 1 1 1 1 1 1 1 1 1 1 1 1 1 1 1 1 1 1 1 1 1 1 1 1 1 1 1 1 1 1 1 1 1 1 1 1 1 1 1 1 1 1 1 1 1 1 1 1 1 1 1 1 1 1 1 1 1 1 1 1 1 1 1 1 1 1 1 1 1 1 1 1 1 1 1 1 1 1 1 1 1 1 1 1 1 1 1 1 1 1 1 1 1 1 1 1 1 1 1 1 1 1 1 1 1 1 1 1 1 1 1 1 1 1 1 1 1 1 1 1 1 1 1 1 1 1 1 1 1 1 1 1 1 1 1 1 1 1 1 1 1 1 1 1 1 1 1 1 1 1 1 1 1 1 1 1 1 1 1 1 1 1 1 1 1 1 1 1 1 1 1 1 1 1 1 0 0 0 1 1 1 1 1 1 1 1 1 1 1 1 1 1 1 1 1 1 1 1 1 1 1 1 1 1 1 1 1 1 1 1 1 1 1 1 1 1 1 1 1 1 1 1 1 1 1 1 1 1 1 1 1 1 1 1 1 1 1 1 1 1 0 0 0 0 1 1 1 1 1 1 1 1 1 1 1 1 1 1 1 1 1 1 1 1 1 1 1 1 1 1 1 1 1 1 1 1 1 1 1 1 1 1 1 1 1 1 1 1 1 1 1 1 1 1 1 1 1 0 1 1 0 1 1 0 1 1 0 1 1 1 1 1 1 1 1 1 1 1 1 1 1 1 1 0 0 0 0 0 1 1 1 1 1 1 1 1 1 1 1 1 1 1 1 1 1 1 1 1 1 1 1 1 1 1 1 1 1 1 1 1 1 1 1 1 1 1 1 1 1 1 1 1 1 1 1 1 1 1 1 1 1 1 1 1 1 1 1 1 1 1 1 1 1 1 1 1 1 1 1 1 1 1 1 1 1 1 1 1 1 1 0 0 0 0 0 0 0 0 0 0 0 0 0 0 0 0 0 0 0 0 0 0 0 0 1 1 1 1 1 0 0 0 0 0 0 0 0 0 0 1 1 1 1 1 1 1 1 1 1 1 1 1 1 1 1 1 1 1 1 1 1 1 1 1 1 1 1 1 1 1 1 1 1 1 1 1 1 1 1 1 1 1 1 1 1 1 1 1 1 1 1 1 1 1 1 1 1 1 1 1 1 1 1 1 1 1 1 1 1 1 1 1 1 1 1 1 1 1 1 1 1 1 1 0 1 1 1 1 1 1 1 1 1 1 1 1 1 1 1 1 1 1 1 1 1 1 1 1 1 1 1 1 1 1 1 1 1 1 1 1 1 1 1 1 1 1 1 1 1 1 1 1 1 1 1 1 1 1 1 1 1 1 1 1 1 1 1 1 1 1 1 1 1 1 1 1 1 1 1 1 1 1 1 1 1 1 1 1 1 1 1 0 0 0 1 1 1 1 1 1 1 1 1 1 1 1 1 1 1 1 1 1 1 1 1 1 1 
