# This file contains a 2D laser scan observation. 
# Its format is: 
# [aperture] [max_range] [number_of_scans] 
# [vector_of_scans] 
# [vector_of_valid_scans] 
# The aperture of the sensor is in radians, the maximum range 
# and measurements are in meters. '1' means a valid scan, '0' otherwise.
4.1847
5.6
682
1.53 1.492 1.451 1.422 1.399 1.371 1.341 1.314 1.294 1.273 1.24 1.216 1.201 1.18 1.168 1.144 1.13 1.112 1.083 1.061 1.056 1.033 1.026 1.001 0.983 0.978 0.963 0.945 0.936 0.931 0.909 0.908 0.89 0.882 0.88 0.862 0.854 0.849 0.834 0.827 0.818 0.809 0.786 0.782 0.778 0.775 0.764 0.729 0.717 0.711 0.707 0.69 0.684 0.682 0.673 0.671 0.666 0.656 0.652 0.648 0.648 0.646 0.635 0.629 0.628 0.617 0.616 0.612 0.605 0.597 0.595 0.583 0.581 0.579 0.579 0.57 0.57 0.568 0.568 0.567 0.558 0.557 0.553 0.551 0.547 0.547 0.541 0.54 0.538 0.534 0.532 0.532 0.525 0.524 0.524 0.519 0.517 0.517 0.514 0.514 0.514 0.522 0.522 0.522 0.522 0.519 0.511 0.511 0.51 0.506 0.504 0.503 0.503 0.498 0.495 0.495 0.492 0.49 0.489 0.489 0.481 0.48 0.48 0.476 0.473 0.47 0.47 0.469 0.465 0.464 0.465 0.465 0.465 0.463 0.463 0.461 0.461 0.46 0.456 0.45 0.45 0.45 0.45 0.45 0.448 0.447 0.445 0.447 0.445 0.44 0.44 0.44 0.439 0.439 0.437 0.436 0.435 0.433 0.429 0.428 0.425 0.425 0.425 0.425 0.425 0.427 0.425 0.421 0.425 0.426 0.421 0.422 0.422 0.417 0.417 0.417 0.417 0.417 0.417 0.417 0.417 0.417 0.416 0.416 0.417 0.417 0.418 0.418 0.418 0.419 0.418 0.409 0.409 0.342 0.313 0.312 0.309 0.291 0.275 0.275 0.275 0.277 0.278 0.28 0.284 0.293 0.294 0.308 0.309 0.319 0.32 0.319 0.32 0.32 0.335 0.335 0.335 0.333 0.32 0.312 0.308 0.304 0.293 0.287 0.285 0.284 0.284 0.281 0.281 0.281 0.274 0.274 0.274 0.274 0.285 0.287 0.291 0.294 0.295 0.297 0.295 0.295 0.294 0.294 0.294 0.294 0.294 0.297 0.298 0.301 0.301 0.305 0.305 0.305 0.308 0.343 0.53 0.542 0.542 0.549 0.549 0.55 0.55 0.55 0.55 0.55 0.552 0.553 0.556 0.556 0.559 0.559 0.563 0.563 0.561 0.561 0.569 0.566 0.571 0.571 0.572 0.572 0.572 0.572 0.584 0.584 0.585 0.584 0.584 0.584 0.587 0.593 0.594 0.597 0.597 0.597 0.594 0.591 0.591 0.594 0.601 0.604 0.605 0.605 0.61 0.61 0.612 0.613 0.617 0.627 0.627 0.627 0.628 0.629 0.633 0.634 0.637 0.644 0.651 0.651 0.654 0.655 0.661 0.662 1.447 1.46 1.479 1.479 1.5 1.51 1.534 1.559 1.568 1.571 1.571 1.571 1.525 1.52 1.52 1.52 1.568 1.57 1.584 1.662 1.662 1.662 1.657 1.657 1.657 1.658 1.666 1.671 1.733 1.734 1.751 1.756 1.757 1.757 1.762 1.766 1.766 1.819 1.893 1.898 1.904 1.904 1.898 1.857 1.852 1.852 1.857 1.959 1.996 2.012 2.012 2.012 2.069 2.072 2.084 2.1 2.101 2.102 2.111 2.12 2.125 2.174 2.218 2.227 2.239 2.242 2.245 2.251 2.295 3.067 3.087 3.096 3.096 3.096 2.952 2.952 2.952 2.98 2.98 2.98 2.975 2.947 2.923 2.886 2.856 2.856 2.856 2.863 2.863 2.863 2.844 2.784 2.784 2.759 2.771 2.784 2.824 2.818 2.818 2.818 2.788 2.776 2.757 2.744 2.737 2.733 2.711 2.711 2.711 2.716 2.716 2.73 2.73 2.765 2.852 2.852 2.852 2.85 2.839 2.834 2.834 2.834 2.834 0.015 0.015 0.015 2.81 2.665 2.646 2.618 2.607 2.607 2.563 2.563 2.559 2.557 0.917 0.913 0.912 0.913 0.916 0.912 0.913 0.916 0.915 0.913 0.915 0.915 0.915 0.915 0.915 0.915 0.913 0.913 0.913 0.912 0.912 0.914 0.911 0.914 0.914 0.915 0.915 0.915 0.911 0.916 0.911 0.911 0.913 0.914 0.914 0.916 0.921 0.921 0.923 0.921 0.92 0.92 0.922 0.922 0.925 0.925 0.928 0.929 0.928 0.928 0.928 0.916 0.758 0.737 0.734 0.721 0.719 0.71 0.708 0.707 0.692 0.691 0.675 0.675 0.673 0.672 0.672 0.669 0.656 0.652 0.646 0.646 0.639 0.638 0.633 0.619 0.618 0.605 0.604 0.599 0.596 0.596 0.596 0.593 0.593 0.58 0.58 0.577 0.576 0.566 0.566 0.56 0.556 0.55 0.549 0.547 0.543 0.542 0.54 0.539 0.539 0.537 0.529 0.519 0.515 0.515 0.513 0.511 0.508 0.511 0.508 0.505 0.508 0.505 0.502 0.502 0.5 0.497 0.493 0.492 0.49 0.49 0.488 0.486 0.484 0.479 0.478 0.478 0.475 0.474 0.474 0.474 0.469 0.467 0.467 0.464 0.46 0.459 0.457 0.457 0.457 0.455 0.459 0.459 0.454 0.453 0.453 0.451 0.449 0.447 0.445 0.445 0.445 0.445 0.445 0.441 0.445 0.445 0.439 0.439 0.439 0.439 0.439 0.439 0.439 0.437 0.435 0.437 0.432 0.428 0.428 0.429 0.428 0.424 0.424 0.424 0.423 0.423 0.421 0.421 0.421 0.424 0.424 0.427 0.425 0.424 0.421 0.423 0.421 0.421 0.421 0.418 0.418 0.417 0.417 0.417 0.417 0.417 0.422 0.422 0.417 0.417 0.421 0.421 0.421 0.422 0.422 0.425 0.428 0.428 0.433 0.436 0.438 0.438 0.438 0.443 0.443 0.441 0.441 0.441 0.44 0.439 
1 1 1 1 1 1 1 1 1 1 1 1 1 1 1 1 1 1 1 1 1 1 1 1 1 1 1 1 1 1 1 1 1 1 1 1 1 1 1 1 1 1 1 1 1 1 1 1 1 1 1 1 1 1 1 1 1 1 1 1 1 1 1 1 1 1 1 1 1 1 1 1 1 1 1 1 1 1 1 1 1 1 1 1 1 1 1 1 1 1 1 1 1 1 1 1 1 1 1 1 1 1 1 1 1 1 1 1 1 1 1 1 1 1 1 1 1 1 1 1 1 1 1 1 1 1 1 1 1 1 1 1 1 1 1 1 1 1 1 1 1 1 1 1 1 1 1 1 1 1 1 1 1 1 1 1 1 1 1 1 1 1 1 1 1 1 1 1 1 1 1 1 1 1 1 1 1 1 1 1 1 1 1 1 1 1 1 1 1 1 1 1 1 1 1 1 1 1 1 1 1 1 1 1 1 1 1 1 1 1 1 1 1 1 1 1 1 1 1 1 1 1 1 1 1 1 1 1 1 1 1 1 1 1 1 1 1 1 1 1 1 1 1 1 1 1 1 1 1 1 1 1 1 1 1 1 1 1 1 1 1 1 1 1 1 1 1 1 1 1 1 1 1 1 1 1 1 1 1 1 1 1 1 1 1 1 1 1 1 1 1 1 1 1 1 1 1 1 1 1 1 1 1 1 1 1 1 1 1 1 1 1 1 1 1 1 1 1 1 1 1 1 1 1 1 1 1 1 1 1 1 1 1 1 1 1 1 1 1 1 1 1 1 1 1 1 1 1 1 1 1 1 1 1 1 1 1 1 1 1 1 1 1 1 1 1 1 1 1 1 1 1 1 1 1 1 1 1 1 1 1 1 1 1 1 1 1 1 1 1 1 1 1 1 1 1 1 1 1 1 1 1 1 1 1 1 1 1 1 1 1 1 1 1 1 1 1 1 1 1 1 1 1 1 1 1 1 1 1 1 1 1 1 1 1 1 1 1 1 1 1 1 1 1 1 1 1 0 0 0 1 1 1 1 1 1 1 1 1 1 1 1 1 1 1 1 1 1 1 1 1 1 1 1 1 1 1 1 1 1 1 1 1 1 1 1 1 1 1 1 1 1 1 1 1 1 1 1 1 1 1 1 1 1 1 1 1 1 1 1 1 1 1 1 1 1 1 1 1 1 1 1 1 1 1 1 1 1 1 1 1 1 1 1 1 1 1 1 1 1 1 1 1 1 1 1 1 1 1 1 1 1 1 1 1 1 1 1 1 1 1 1 1 1 1 1 1 1 1 1 1 1 1 1 1 1 1 1 1 1 1 1 1 1 1 1 1 1 1 1 1 1 1 1 1 1 1 1 1 1 1 1 1 1 1 1 1 1 1 1 1 1 1 1 1 1 1 1 1 1 1 1 1 1 1 1 1 1 1 1 1 1 1 1 1 1 1 1 1 1 1 1 1 1 1 1 1 1 1 1 1 1 1 1 1 1 1 1 1 1 1 1 1 1 1 1 1 1 1 1 1 1 1 1 1 1 1 1 1 1 1 1 
