# This file contains a 2D laser scan observation. 
# Its format is: 
# [aperture] [max_range] [number_of_scans] 
# [vector_of_scans] 
# [vector_of_valid_scans] 
# The aperture of the sensor is in radians, the maximum range 
# and measurements are in meters. '1' means a valid scan, '0' otherwise.
4.1847
5.6
682
1.902 1.889 1.848 1.812 1.789 1.753 1.736 1.71 1.681 1.666 1.638 1.616 1.597 1.581 1.552 1.533 1.501 1.501 1.475 1.428 1.418 1.399 1.396 1.38 1.363 1.353 1.327 1.31 1.304 1.287 1.267 1.261 1.242 1.235 1.223 1.219 1.2 1.192 1.174 1.17 1.163 1.152 1.135 1.121 1.12 1.107 1.091 1.08 1.076 1.072 1.066 1.049 1.048 1.034 1.023 1.015 1.014 1.007 0.997 0.983 0.979 0.976 0.972 0.957 0.953 0.95 0.953 0.954 0.954 0.978 0.984 0.984 0.994 1.001 1.003 1.013 1.017 1.026 1.031 1.034 1.038 1.047 1.048 1.059 1.076 1.08 1.086 1.105 1.106 1.106 1.113 1.12 1.136 1.148 1.157 1.167 1.175 1.179 1.202 1.203 1.224 1.23 1.239 1.251 1.268 1.286 1.293 1.3 1.316 1.328 1.343 1.352 1.367 1.387 1.408 1.423 1.435 1.458 1.466 1.487 1.503 1.521 1.542 1.563 1.586 1.596 1.598 1.619 1.653 2.766 2.769 2.769 2.766 2.762 2.75 2.735 2.517 2.496 2.49 2.486 2.386 2.317 2.305 2.283 2.283 2.28 2.283 2.285 2.309 2.315 2.315 2.315 2.315 2.315 2.315 2.315 2.315 2.412 2.412 2.412 2.412 2.412 2.413 2.437 2.5 2.517 2.544 2.589 2.644 2.676 2.716 2.759 2.789 2.846 2.874 2.918 2.951 2.999 3.07 3.255 3.257 3.26 3.26 3.26 3.257 3.256 3.253 3.249 3.249 3.25 3.25 3.25 3.25 3.251 3.25 3.25 3.25 3.25 3.244 3.244 3.241 3.244 3.241 3.244 3.241 3.244 3.25 3.254 3.25 3.25 2.253 2.244 2.244 2.243 2.249 2.243 2.241 2.139 2.105 2.102 2.102 2.102 2.113 2.114 2.117 2.125 2.125 2.117 1.277 1.26 1.239 1.202 1.17 1.148 1.106 1.078 1.055 1.033 1.006 0.984 0.953 0.932 0.919 0.899 0.878 0.867 0.851 0.832 0.826 0.799 0.795 0.787 0.766 0.753 0.743 0.727 0.723 0.715 0.696 0.683 0.68 0.667 0.654 0.649 0.638 0.627 0.612 0.606 0.6 0.598 0.596 0.583 0.579 0.573 0.554 0.553 0.55 0.549 0.533 0.527 0.521 0.517 0.513 0.502 0.495 0.493 0.489 0.481 0.479 0.478 0.475 0.471 0.464 0.461 0.458 0.456 0.453 0.453 0.447 0.433 0.432 0.431 0.427 0.425 0.423 0.414 0.414 0.414 0.41 0.41 0.407 0.395 0.394 0.392 0.389 0.386 0.382 0.382 0.376 0.376 0.375 0.373 0.371 0.357 0.344 0.34 0.334 0.334 0.333 0.333 0.333 0.325 0.322 0.322 0.322 0.32 0.316 0.313 0.313 0.313 0.312 0.311 0.311 0.311 0.306 0.305 0.302 0.299 0.297 0.297 0.297 0.297 0.296 0.296 0.296 0.296 0.296 0.294 0.294 0.294 0.287 0.287 0.287 0.287 0.277 0.274 0.273 0.273 0.273 0.273 0.273 0.273 0.274 0.275 0.273 0.275 0.275 0.275 0.273 0.275 0.27 0.272 0.267 0.268 0.267 0.267 0.265 0.265 0.262 0.262 0.265 0.26 0.252 0.252 0.252 0.252 0.256 0.256 0.259 0.259 0.259 0.259 0.259 0.259 0.253 0.253 0.251 0.251 0.251 0.251 0.251 0.251 0.248 0.247 0.247 0.247 0.244 0.244 0.244 0.244 0.244 0.245 0.244 0.245 0.244 0.244 0.244 0.244 0.244 0.247 0.248 0.248 0.248 0.248 0.249 0.246 0.246 0.243 0.244 0.244 0.244 0.244 0.244 0.244 0.244 0.24 0.245 0.245 0.245 0.245 0.245 0.245 0.243 0.245 0.243 0.243 0.243 0.248 0.244 0.244 0.245 0.245 0.245 0.246 0.247 0.247 0.246 0.246 0.246 0.24 0.24 0.24 0.242 0.244 0.244 0.244 0.244 0.244 0.244 0.244 0.244 0.247 0.241 0.244 0.244 0.244 0.242 0.242 0.242 0.242 0.242 0.242 0.242 0.241 0.241 0.241 0.244 0.244 0.244 0.242 0.242 0.242 0.242 0.242 0.25 0.253 0.26 0.26 0.26 0.259 0.259 0.252 0.254 0.259 0.254 0.254 0.26 0.262 0.262 0.267 0.267 0.265 0.265 0.265 0.265 0.265 0.267 0.267 0.267 0.267 0.269 0.272 0.272 0.272 0.274 0.274 0.274 0.279 0.279 0.279 0.279 0.272 0.272 0.285 0.272 0.285 0.285 0.287 0.285 0.288 0.288 0.291 0.291 0.293 0.299 0.299 0.299 0.301 0.304 0.303 0.303 0.306 0.307 0.307 0.308 0.311 0.312 0.312 0.312 0.312 0.323 0.323 0.324 0.324 0.324 0.324 0.33 0.33 0.335 0.335 0.335 0.336 0.339 0.341 0.344 0.348 0.355 0.356 0.358 0.358 0.364 0.364 0.368 0.368 0.369 0.369 0.374 0.377 0.381 0.385 0.385 0.394 0.395 0.397 0.4 0.403 0.403 0.409 0.409 0.412 0.421 0.427 0.427 0.427 0.415 0.409 0.409 0.411 0.409 0.411 0.413 0.411 0.407 0.407 0.407 0.407 0.408 0.408 0.408 0.4 0.4 0.396 0.395 0.395 0.391 0.388 0.387 0.387 0.387 0.387 0.39 0.39 0.39 0.39 0.39 0.39 0.39 0.39 0.39 0.389 0.384 0.389 0.389 0.389 0.387 0.388 0.387 0.387 0.387 0.388 0.395 0.406 0.412 0.418 0.433 0.434 3.124 3.124 3.124 3.124 3.079 3.079 3.082 3.154 3.111 3.111 3.111 3.094 3.082 3.069 3.069 3.057 
1 1 1 1 1 1 1 1 1 1 1 1 1 1 1 1 1 1 1 1 1 1 1 1 1 1 1 1 1 1 1 1 1 1 1 1 1 1 1 1 1 1 1 1 1 1 1 1 1 1 1 1 1 1 1 1 1 1 1 1 1 1 1 1 1 1 1 1 1 1 1 1 1 1 1 1 1 1 1 1 1 1 1 1 1 1 1 1 1 1 1 1 1 1 1 1 1 1 1 1 1 1 1 1 1 1 1 1 1 1 1 1 1 1 1 1 1 1 1 1 1 1 1 1 1 1 1 1 1 1 1 1 1 1 1 1 1 1 1 1 1 1 1 1 1 1 1 1 1 1 1 1 1 1 1 1 1 1 1 1 1 1 1 1 1 1 1 1 1 1 1 1 1 1 1 1 1 1 1 1 1 1 1 1 1 1 1 1 1 1 1 1 1 1 1 1 1 1 1 1 1 1 1 1 1 1 1 1 1 1 1 1 1 1 1 1 1 1 1 1 1 1 1 1 1 1 1 1 1 1 1 1 1 1 1 1 1 1 1 1 1 1 1 1 1 1 1 1 1 1 1 1 1 1 1 1 1 1 1 1 1 1 1 1 1 1 1 1 1 1 1 1 1 1 1 1 1 1 1 1 1 1 1 1 1 1 1 1 1 1 1 1 1 1 1 1 1 1 1 1 1 1 1 1 1 1 1 1 1 1 1 1 1 1 1 1 1 1 1 1 1 1 1 1 1 1 1 1 1 1 1 1 1 1 1 1 1 1 1 1 1 1 1 1 1 1 1 1 1 1 1 1 1 1 1 1 1 1 1 1 1 1 1 1 1 1 1 1 1 1 1 1 1 1 1 1 1 1 1 1 1 1 1 1 1 1 1 1 1 1 1 1 1 1 1 1 1 1 1 1 1 1 1 1 1 1 1 1 1 1 1 1 1 1 1 1 1 1 1 1 1 1 1 1 1 1 1 1 1 1 1 1 1 1 1 1 1 1 1 1 1 1 1 1 1 1 1 1 1 1 1 1 1 1 1 1 1 1 1 1 1 1 1 1 1 1 1 1 1 1 1 1 1 1 1 1 1 1 1 1 1 1 1 1 1 1 1 1 1 1 1 1 1 1 1 1 1 1 1 1 1 1 1 1 1 1 1 1 1 1 1 1 1 1 1 1 1 1 1 1 1 1 1 1 1 1 1 1 1 1 1 1 1 1 1 1 1 1 1 1 1 1 1 1 1 1 1 1 1 1 1 1 1 1 1 1 1 1 1 1 1 1 1 1 1 1 1 1 1 1 1 1 1 1 1 1 1 1 1 1 1 1 1 1 1 1 1 1 1 1 1 1 1 1 1 1 1 1 1 1 1 1 1 1 1 1 1 1 1 1 1 1 1 1 1 1 1 1 1 1 1 1 1 1 1 1 1 1 1 1 1 1 1 1 1 1 1 1 1 1 1 1 1 1 1 1 1 1 1 1 1 1 1 1 1 1 1 1 1 1 1 1 1 1 1 1 1 1 1 1 1 1 1 1 1 1 1 1 1 1 1 1 
