# This file contains a 2D laser scan observation. 
# Its format is: 
# [aperture] [max_range] [number_of_scans] 
# [vector_of_scans] 
# [vector_of_valid_scans] 
# The aperture of the sensor is in radians, the maximum range 
# and measurements are in meters. '1' means a valid scan, '0' otherwise.
4.1847
5.6
682
0.755 0.756 0.757 0.758 0.758 0.773 0.777 0.782 0.786 0.79 0.838 0.852 0.856 0.857 0.859 0.861 0.862 3.071 3.071 3.071 3.07 2.966 2.888 2.8 2.8 2.73 2.73 0.007 0 2.558 2.445 2.38 2.324 2.277 2.201 2.169 2.116 2.057 1.994 1.98 1.932 1.887 1.854 1.826 1.811 1.773 1.74 1.706 1.677 1.653 1.623 1.601 1.58 1.553 1.534 1.504 1.49 1.465 1.446 1.424 1.416 1.368 1.343 1.328 1.32 1.314 1.303 1.277 1.268 1.247 1.234 1.232 1.211 1.194 1.187 1.17 1.155 1.149 1.127 1.124 1.118 1.101 1.091 1.081 1.067 1.062 1.047 1.041 1.032 1.022 1.017 1.011 1.005 0.996 0.994 0.981 0.966 0.957 0.956 0.946 0.94 0.94 0.934 0.927 0.92 0.919 0.899 0.889 0.884 0.881 0.88 0.881 0.881 0.906 0.906 0.91 0.918 0.925 0.93 0.931 0.932 0.934 0.935 0.94 0.957 0.958 0.973 0.977 0.984 0.992 0.996 1 1.005 1.022 1.022 1.025 1.036 1.047 1.055 1.068 1.069 1.085 1.086 1.101 1.108 1.122 1.136 1.138 1.161 1.162 1.175 1.189 1.194 1.204 1.231 1.239 1.248 1.27 1.278 1.29 1.298 1.315 1.331 1.34 1.348 1.376 1.387 1.408 1.424 1.451 1.464 1.473 1.506 1.512 1.522 1.524 1.573 2.685 2.686 2.686 2.686 2.686 2.681 2.673 2.521 2.439 2.423 2.414 2.372 2.254 2.234 2.222 2.214 2.213 2.212 2.213 2.213 2.213 2.241 2.243 2.247 2.247 2.247 2.245 2.245 2.245 2.246 2.329 2.329 2.34 2.357 2.357 2.372 2.405 2.447 2.468 2.502 2.553 2.596 2.635 2.669 2.705 2.759 2.798 2.841 2.885 2.903 2.964 3.194 3.194 3.194 3.194 3.194 3.192 3.192 3.192 3.19 3.189 3.188 3.187 3.188 3.187 3.185 3.181 3.185 3.183 3.183 3.181 3.181 3.179 3.179 3.179 3.179 3.179 3.18 3.185 3.18 3.19 3.19 3.173 2.191 2.191 2.188 2.187 2.185 2.185 2.184 2.179 2.119 2.078 2.048 2.047 2.047 2.047 2.05 2.062 2.069 2.069 2.069 2.034 2.034 2.023 1.301 1.216 1.215 1.203 1.174 1.128 1.112 1.094 1.064 1.042 1.022 1.007 0.98 0.972 0.965 0.938 0.925 0.902 0.887 0.869 0.859 0.859 0.837 0.829 0.817 0.806 0.788 0.785 0.774 0.766 0.766 0.747 0.729 0.718 0.716 0.712 0.7 0.686 0.684 0.683 0.671 0.659 0.654 0.654 0.639 0.638 0.62 0.62 0.615 0.606 0.594 0.592 0.59 0.588 0.586 0.574 0.568 0.563 0.563 0.56 0.544 0.543 0.537 0.535 0.534 0.527 0.526 0.519 0.517 0.516 0.508 0.508 0.5 0.495 0.492 0.485 0.485 0.484 0.479 0.473 0.473 0.472 0.472 0.463 0.462 0.454 0.454 0.452 0.448 0.442 0.44 0.439 0.439 0.434 0.434 0.431 0.431 0.427 0.418 0.418 0.417 0.417 0.414 0.413 0.408 0.405 0.405 0.403 0.394 0.394 0.393 0.394 0.393 0.39 0.386 0.386 0.379 0.375 0.375 0.375 0.375 0.375 0.375 0.375 0.369 0.367 0.366 0.366 0.364 0.361 0.345 0.344 0.34 0.339 0.339 0.339 0.339 0.339 0.339 0.337 0.337 0.336 0.329 0.329 0.329 0.327 0.325 0.322 0.322 0.322 0.322 0.321 0.321 0.321 0.321 0.319 0.317 0.317 0.317 0.317 0.317 0.321 0.321 0.321 0.312 0.312 0.309 0.31 0.31 0.315 0.313 0.313 0.313 0.31 0.31 0.305 0.305 0.31 0.305 0.305 0.308 0.309 0.309 0.309 0.309 0.309 0.303 0.303 0.303 0.304 0.306 0.306 0.304 0.304 0.303 0.3 0.299 0.299 0.299 0.299 0.299 0.299 0.298 0.299 0.299 0.298 0.297 0.296 0.295 0.295 0.295 0.295 0.295 0.296 0.295 0.298 0.297 0.297 0.297 0.298 0.299 0.299 0.299 0.3 0.3 0.3 0.298 0.301 0.301 0.301 0.298 0.3 0.3 0.296 0.296 0.296 0.296 0.294 0.296 0.294 0.294 0.293 0.293 0.293 0.293 0.3 0.3 0.297 0.297 0.301 0.301 0.301 0.302 0.302 0.302 0.302 0.302 0.302 0.303 0.303 0.303 0.299 0.303 0.303 0.299 0.299 0.299 0.299 0.299 0.299 0.301 0.306 0.306 0.312 0.312 0.311 0.312 0.315 0.311 0.312 0.312 0.312 0.311 0.312 0.315 0.316 0.315 0.316 0.316 0.314 0.314 0.312 0.312 0.313 0.317 0.32 0.325 0.33 0.338 0.341 0.344 0.345 0.345 0.345 0.345 0.345 0.346 0.351 0.353 0.353 0.352 0.352 0.352 0.352 0.357 0.357 0.357 0.357 0.357 0.364 0.366 0.367 0.367 0.367 0.372 0.376 0.376 0.378 0.379 0.379 0.38 0.382 0.384 0.384 0.391 0.391 0.391 0.394 0.396 0.4 0.402 0.402 0.402 0.407 0.407 0.407 0.412 0.416 0.419 0.42 0.42 0.421 0.421 0.421 0.421 0.425 0.433 0.434 0.435 0.45 0.45 0.45 0.451 0.451 0.452 0.458 0.466 0.466 0.469 0.481 0.484 0.485 0.485 0.485 0.489 0.502 0.504 0.504 0.504 0.498 0.493 0.493 0.491 0.491 0.492 0.492 0.48 0.492 0.485 0.48 0.48 0.48 0.48 0.476 0.475 0.475 0.475 0.475 0.473 0.47 
1 1 1 1 1 1 1 1 1 1 1 1 1 1 1 1 1 1 1 1 1 1 1 1 1 1 1 0 0 1 1 1 1 1 1 1 1 1 1 1 1 1 1 1 1 1 1 1 1 1 1 1 1 1 1 1 1 1 1 1 1 1 1 1 1 1 1 1 1 1 1 1 1 1 1 1 1 1 1 1 1 1 1 1 1 1 1 1 1 1 1 1 1 1 1 1 1 1 1 1 1 1 1 1 1 1 1 1 1 1 1 1 1 1 1 1 1 1 1 1 1 1 1 1 1 1 1 1 1 1 1 1 1 1 1 1 1 1 1 1 1 1 1 1 1 1 1 1 1 1 1 1 1 1 1 1 1 1 1 1 1 1 1 1 1 1 1 1 1 1 1 1 1 1 1 1 1 1 1 1 1 1 1 1 1 1 1 1 1 1 1 1 1 1 1 1 1 1 1 1 1 1 1 1 1 1 1 1 1 1 1 1 1 1 1 1 1 1 1 1 1 1 1 1 1 1 1 1 1 1 1 1 1 1 1 1 1 1 1 1 1 1 1 1 1 1 1 1 1 1 1 1 1 1 1 1 1 1 1 1 1 1 1 1 1 1 1 1 1 1 1 1 1 1 1 1 1 1 1 1 1 1 1 1 1 1 1 1 1 1 1 1 1 1 1 1 1 1 1 1 1 1 1 1 1 1 1 1 1 1 1 1 1 1 1 1 1 1 1 1 1 1 1 1 1 1 1 1 1 1 1 1 1 1 1 1 1 1 1 1 1 1 1 1 1 1 1 1 1 1 1 1 1 1 1 1 1 1 1 1 1 1 1 1 1 1 1 1 1 1 1 1 1 1 1 1 1 1 1 1 1 1 1 1 1 1 1 1 1 1 1 1 1 1 1 1 1 1 1 1 1 1 1 1 1 1 1 1 1 1 1 1 1 1 1 1 1 1 1 1 1 1 1 1 1 1 1 1 1 1 1 1 1 1 1 1 1 1 1 1 1 1 1 1 1 1 1 1 1 1 1 1 1 1 1 1 1 1 1 1 1 1 1 1 1 1 1 1 1 1 1 1 1 1 1 1 1 1 1 1 1 1 1 1 1 1 1 1 1 1 1 1 1 1 1 1 1 1 1 1 1 1 1 1 1 1 1 1 1 1 1 1 1 1 1 1 1 1 1 1 1 1 1 1 1 1 1 1 1 1 1 1 1 1 1 1 1 1 1 1 1 1 1 1 1 1 1 1 1 1 1 1 1 1 1 1 1 1 1 1 1 1 1 1 1 1 1 1 1 1 1 1 1 1 1 1 1 1 1 1 1 1 1 1 1 1 1 1 1 1 1 1 1 1 1 1 1 1 1 1 1 1 1 1 1 1 1 1 1 1 1 1 1 1 1 1 1 1 1 1 1 1 1 1 1 1 1 1 1 1 1 1 1 1 1 1 1 1 1 1 1 1 1 1 1 1 1 1 1 1 1 1 1 1 1 1 1 1 1 1 1 1 1 1 1 1 1 1 1 1 1 1 1 1 1 1 1 1 1 1 1 1 
