# This file contains a 2D laser scan observation. 
# Its format is: 
# [aperture] [max_range] [number_of_scans] 
# [vector_of_scans] 
# [vector_of_valid_scans] 
# The aperture of the sensor is in radians, the maximum range 
# and measurements are in meters. '1' means a valid scan, '0' otherwise.
4.1847
5.6
682
2.365 2.394 2.426 2.448 2.478 2.501 2.537 2.551 2.584 2.626 2.649 2.699 2.733 2.765 2.8 2.839 2.89 2.925 2.97 3.026 3.07 3.119 3.119 3.119 3.108 3.09 3.085 3.085 3.085 3.085 3.087 0 0 0 0 0 0 0 0 0 0 0 0 0 0 0 0.59 0.59 0.587 0.587 0.583 0.583 0.583 0.583 0.586 0.586 0.586 0.586 0.586 0.589 0.589 0.587 0.586 0.584 0.584 0.584 0.584 0.585 0.585 0.585 0.584 0.584 0.583 0.583 0.582 0.583 0.585 0.585 0.585 0.586 0.586 0.585 0.586 0.586 0.585 0.584 0.583 0.583 0.582 0.583 0.584 0.584 0.583 0.583 0.583 0.583 0.587 0.587 0.587 0.587 0.587 0.589 0.584 0.584 0.584 0.586 0.584 0.586 0.59 0.59 0.59 0.59 0.591 0.59 0.591 0.596 0.597 0.597 0.597 0.597 0.597 0.597 0.597 0.599 0.6 0.601 0.601 0.603 0.603 0.601 0.606 0.608 0.61 0.609 0.61 0.613 0.613 0.613 0.615 0.617 0.618 0.621 0.621 0.622 0.622 0.625 0.626 0.627 0.633 0.633 0.637 0.637 0.638 0.638 0.641 0.642 0.642 0.642 0.643 0.647 0.654 0.655 0.655 0.656 0.657 0.659 0.663 0.669 0.671 0.675 0.675 0.676 0.676 0.682 0.683 0.683 0.686 0.689 0.695 0.696 0.7 0.7 0.704 0.706 0.714 0.716 0.719 0.722 0.723 0.726 0.726 0.73 0.741 0.743 0.745 0.748 0.752 0.754 0.757 0.76 0.762 0.765 0.772 0.777 0.778 0.779 0.784 0.792 0.796 0.806 0.81 0.814 0.819 0.82 0.825 0.833 0.833 0.843 0.843 0.846 0.843 0.84 0.84 0.846 0.846 0.873 0.883 0.883 0.89 0.902 0.92 0.927 2.828 2.853 2.853 2.828 2.819 2.819 2.818 2.814 2.818 2.814 2.798 2.136 2.113 2.093 2.088 2.072 2.071 2.064 2.052 2.047 2.036 2.03 2.03 2.017 2.017 2.014 2.005 1.741 1.725 1.714 1.623 1.528 1.528 1.519 1.502 1.495 1.489 1.489 1.488 1.483 1.483 1.483 1.497 1.533 1.533 1.533 1.534 1.537 1.534 1.534 1.527 1.517 1.517 1.516 1.516 1.516 1.521 1.536 1.609 1.609 1.609 1.609 1.609 1.627 1.647 1.665 1.677 1.703 1.724 1.739 1.767 1.783 1.824 1.829 1.855 1.875 1.917 1.934 1.96 1.984 2.012 2.041 2.08 2.104 2.136 2.176 2.202 2.29 2.49 2.49 2.49 2.484 2.484 2.484 2.48 2.475 2.474 2.472 2.468 2.469 2.468 2.466 2.466 2.466 2.462 2.457 2.462 2.467 2.467 2.467 2.467 2.467 2.467 2.473 2.474 2.476 2.476 2.478 2.481 2.481 2.485 2.482 2.482 2.482 2.489 2.492 2.492 2.492 2.493 2.493 2.497 2.498 0.007 0 2.497 1.475 1.467 1.467 1.466 1.467 1.474 1.476 1.478 1.482 1.483 1.483 1.482 1.482 1.42 1.401 1.35 1.349 1.339 1.339 1.345 1.346 1.346 1.346 1.352 1.361 1.362 1.371 1.371 1.371 1.364 1.341 1.341 1.341 1.341 1.347 1.35 1.353 1.359 1.364 1.364 1.364 1.364 1.373 1.374 1.374 1.381 1.384 1.386 1.389 1.392 1.395 1.399 1.407 1.409 1.411 1.417 1.422 1.423 1.433 1.433 1.434 1.433 1.433 0.667 0.655 0.641 0.637 0.628 0.626 0.625 0.613 0.605 0.593 0.592 0.592 0.593 0.594 0.596 0.596 0.594 0.593 0.59 0.584 0.58 0.579 0.579 0.566 0.565 0.56 0.556 0.555 0.555 0.551 0.549 0.546 0.545 0.544 0.534 0.533 0.528 0.525 0.525 0.524 0.521 0.516 0.51 0.505 0.505 0.505 0.505 0.5 0.489 0.489 0.489 0.489 0.487 0.481 0.477 0.481 0.477 0.475 0.475 0.473 0.472 0.472 0.472 0.468 0.465 0.463 0.461 0.459 0.459 0.453 0.453 0.453 0.452 0.451 0.456 0.448 0.447 0.441 0.438 0.438 0.435 0.435 0.435 0.434 0.431 0.428 0.428 0.429 0.428 0.429 0.429 0.427 0.427 0.427 0.425 0.424 0.424 0.422 0.42 0.416 0.416 0.416 0.414 0.416 0.414 0.416 0.414 0.406 0.406 0.406 0.405 0.405 0.405 0.405 0.405 0.401 0.401 0.401 0.398 0.398 0.401 0.402 0.397 0.397 0.401 0.397 0.397 0.398 0.398 0.398 0.398 0.392 0.39 0.392 0.392 0.39 0.393 0.393 0.389 0.388 0.388 0.388 0.388 0.388 0.392 0.393 0.393 0.393 0.393 0.391 0.39 0.39 0.39 0.39 0.39 0.389 0.39 0.391 0.388 0.388 0.39 0.388 0.388 0.388 0.388 0.388 0.387 0.386 0.387 0.387 0.387 0.391 0.393 0.393 0.393 0.394 0.394 0.391 0.393 0.394 0.394 0.393 0.396 0.397 0.396 0.397 0.397 0.396 0.396 0.397 0.396 0.395 0.397 0.395 0.395 0.4 0.4 0.399 0.4 0.399 0.399 0.403 0.406 0.406 0.406 0.406 0.406 0.406 0.402 0.406 0.406 0.409 0.409 0.409 0.41 0.41 0.41 0.406 0.409 0.409 0.412 0.409 0.412 0.417 0.417 0.419 0.421 0.421 0.421 0.421 0.424 0.425 0.426 0.429 0.429 0.43 0.432 0.433 0.435 0.436 0.436 0.435 0.436 0.434 0.434 0.437 0.438 0.438 0.448 0.448 0.448 0.448 
1 1 1 1 1 1 1 1 1 1 1 1 1 1 1 1 1 1 1 1 1 1 1 1 1 1 1 1 1 1 1 0 0 0 0 0 0 0 0 0 0 0 0 0 0 0 1 1 1 1 1 1 1 1 1 1 1 1 1 1 1 1 1 1 1 1 1 1 1 1 1 1 1 1 1 1 1 1 1 1 1 1 1 1 1 1 1 1 1 1 1 1 1 1 1 1 1 1 1 1 1 1 1 1 1 1 1 1 1 1 1 1 1 1 1 1 1 1 1 1 1 1 1 1 1 1 1 1 1 1 1 1 1 1 1 1 1 1 1 1 1 1 1 1 1 1 1 1 1 1 1 1 1 1 1 1 1 1 1 1 1 1 1 1 1 1 1 1 1 1 1 1 1 1 1 1 1 1 1 1 1 1 1 1 1 1 1 1 1 1 1 1 1 1 1 1 1 1 1 1 1 1 1 1 1 1 1 1 1 1 1 1 1 1 1 1 1 1 1 1 1 1 1 1 1 1 1 1 1 1 1 1 1 1 1 1 1 1 1 1 1 1 1 1 1 1 1 1 1 1 1 1 1 1 1 1 1 1 1 1 1 1 1 1 1 1 1 1 1 1 1 1 1 1 1 1 1 1 1 1 1 1 1 1 1 1 1 1 1 1 1 1 1 1 1 1 1 1 1 1 1 1 1 1 1 1 1 1 1 1 1 1 1 1 1 1 1 1 1 1 1 1 1 1 1 1 1 1 1 1 1 1 1 1 1 1 1 1 1 1 1 1 1 1 1 1 1 1 1 1 1 1 1 1 1 1 1 1 1 1 1 1 1 1 0 0 1 1 1 1 1 1 1 1 1 1 1 1 1 1 1 1 1 1 1 1 1 1 1 1 1 1 1 1 1 1 1 1 1 1 1 1 1 1 1 1 1 1 1 1 1 1 1 1 1 1 1 1 1 1 1 1 1 1 1 1 1 1 1 1 1 1 1 1 1 1 1 1 1 1 1 1 1 1 1 1 1 1 1 1 1 1 1 1 1 1 1 1 1 1 1 1 1 1 1 1 1 1 1 1 1 1 1 1 1 1 1 1 1 1 1 1 1 1 1 1 1 1 1 1 1 1 1 1 1 1 1 1 1 1 1 1 1 1 1 1 1 1 1 1 1 1 1 1 1 1 1 1 1 1 1 1 1 1 1 1 1 1 1 1 1 1 1 1 1 1 1 1 1 1 1 1 1 1 1 1 1 1 1 1 1 1 1 1 1 1 1 1 1 1 1 1 1 1 1 1 1 1 1 1 1 1 1 1 1 1 1 1 1 1 1 1 1 1 1 1 1 1 1 1 1 1 1 1 1 1 1 1 1 1 1 1 1 1 1 1 1 1 1 1 1 1 1 1 1 1 1 1 1 1 1 1 1 1 1 1 1 1 1 1 1 1 1 1 1 1 1 1 1 1 1 1 1 1 1 1 1 1 1 1 1 1 1 1 1 1 1 1 1 1 1 1 1 1 1 1 1 1 1 1 1 1 1 1 1 1 1 1 1 1 1 1 
