# This file contains a 2D laser scan observation. 
# Its format is: 
# [aperture] [max_range] [number_of_scans] 
# [vector_of_scans] 
# [vector_of_valid_scans] 
# The aperture of the sensor is in radians, the maximum range 
# and measurements are in meters. '1' means a valid scan, '0' otherwise.
4.1847
5.6
682
0.671 0.671 0.67 0.668 0.663 0.663 0.661 0.66 0.659 0.657 0.657 0.657 0.655 0.652 0.652 0.652 0.652 0.645 0.645 0.642 0.642 0.64 0.638 0.638 0.637 0.637 0.637 0.634 0.634 0.633 0.63 0.63 0.63 0.626 0.626 0.626 0.626 0.626 0.626 0.626 0.626 0.621 0.626 0.621 0.621 0.621 0.622 0.62 0.62 0.618 0.618 0.618 0.618 0.618 0.618 0.618 0.617 0.617 0.62 0.62 0.616 0.618 0.616 0.613 0.613 0.613 0.613 0.613 0.615 0.615 0.615 0.615 0.614 0.612 0.614 0.615 0.615 0.617 0.617 0.617 0.62 0.62 0.616 0.616 0.616 0.616 0.615 0.615 0.616 0.615 0.615 0.62 0.622 0.62 0.62 0.619 0.619 0.619 0.621 0.626 0.626 0.626 0.628 0.628 0.628 0.628 0.628 0.631 0.632 0.632 0.632 0.633 0.634 0.634 0.634 0.635 0.638 0.638 0.638 0.639 0.639 0.64 0.639 0.64 0.64 0.644 0.65 0.65 0.651 0.651 0.651 0.655 0.655 0.663 0.664 0.664 0.664 0.664 0.664 0.667 0.667 0.667 0.672 0.673 0.674 0.679 0.682 0.682 0.682 0.685 0.688 0.689 0.691 0.695 0.695 0.695 0.683 0.682 0.681 0.682 0.682 0.684 0.694 0.697 0.7 0.706 0.706 0.711 0.711 0.716 0.716 0.718 0.718 0.738 0.741 0.742 3.301 3.335 3.335 3.301 3.276 3.238 3.209 3.192 3.151 3.129 3.106 3.09 3.06 3.045 3.028 3.004 2.998 2.977 2.957 2.942 2.926 2.899 2.893 2.864 2.853 2.832 2.826 2.813 2.788 2.78 2.762 2.738 2.659 2.634 2.634 2.638 2.628 2.638 2.638 2.595 1.889 1.873 1.858 1.853 1.836 1.832 1.818 1.807 1.806 1.802 1.787 1.778 1.771 1.76 1.733 1.469 1.361 1.272 1.266 1.264 1.234 1.233 1.232 1.221 1.213 1.212 1.207 1.207 1.212 1.213 1.216 1.22 1.244 1.253 1.253 1.256 1.258 1.258 1.258 1.245 1.245 1.235 1.232 1.229 1.228 1.229 1.232 1.232 1.255 1.27 1.313 1.317 1.317 1.313 1.313 1.314 1.314 1.324 1.344 1.353 1.367 1.383 1.39 1.412 1.421 1.45 1.462 1.474 1.49 1.515 1.531 1.546 1.568 1.583 1.608 1.624 1.642 1.663 1.695 1.703 1.728 1.749 1.776 1.796 1.825 1.853 1.871 1.913 1.927 2.192 2.195 2.195 2.192 2.188 2.185 2.183 2.181 2.18 2.18 2.177 2.175 2.174 2.173 2.173 2.17 2.167 2.167 2.173 2.168 2.171 2.173 2.173 2.173 2.178 2.178 2.173 2.171 2.166 2.166 2.166 2.17 2.17 2.173 2.173 2.173 2.174 2.176 2.174 2.177 2.177 2.179 2.179 2.186 2.186 2.186 2.183 2.183 2.183 2.183 2.19 2.198 2.199 2.199 2.198 1.166 1.156 1.156 1.156 1.157 1.157 1.157 1.155 1.155 1.155 1.159 1.159 1.159 1.159 1.159 1.159 1.158 1.103 1.089 1.084 1.064 1.046 1.043 1.027 1.027 1.027 1.027 1.028 1.031 1.033 1.035 1.038 1.048 1.051 1.062 1.064 1.069 1.069 1.069 1.056 1.049 1.044 1.044 1.046 1.049 1.053 1.053 1.053 1.053 1.056 1.063 1.063 1.063 1.069 1.072 1.073 1.079 1.081 1.082 1.084 1.09 1.096 1.105 1.105 1.105 1.107 1.117 1.119 1.12 1.122 1.125 1.131 1.138 1.14 1.142 1.148 1.156 1.159 1.16 1.169 1.174 1.174 1.181 1.182 1.191 1.193 1.208 1.212 1.214 1.217 1.222 1.232 1.241 1.245 1.249 1.256 1.259 1.27 1.277 1.279 1.287 1.3 1.304 1.312 1.317 1.319 1.334 1.343 1.354 1.359 1.371 1.383 1.383 1.383 1.373 0.461 0.423 0.422 0.417 0.415 0.412 0.407 0.407 0.401 0.401 0.401 0.401 0.401 0.401 0.397 0.394 0.393 0.392 0.388 0.388 0.387 0.384 0.377 0.375 0.373 0.373 0.365 0.364 0.364 0.364 0.364 0.366 0.369 0.369 0.369 0.369 0.369 0.372 0.372 0.377 0.377 0.377 0.377 0.377 0.376 0.374 0.372 0.371 0.371 0.371 0.371 0.371 0.375 0.373 0.365 0.367 0.367 0.367 0.367 0.368 0.368 0.368 0.368 0.359 0.358 0.358 0.357 0.358 0.358 0.359 0.357 0.356 0.356 0.356 0.354 0.356 0.353 0.35 0.353 0.354 0.352 0.354 0.354 0.354 0.354 0.354 0.354 0.354 0.351 0.354 0.354 0.348 0.348 0.351 0.348 0.348 0.35 0.35 0.35 0.35 0.351 0.351 0.353 0.351 0.351 0.348 0.351 0.35 0.35 0.352 0.352 0.351 0.352 0.352 0.352 0.354 0.354 0.354 0.352 0.351 0.349 0.349 0.352 0.352 0.355 0.355 0.355 0.355 0.355 0.355 0.355 0.355 0.355 0.355 0.355 0.353 0.353 0.355 0.355 0.355 0.358 0.358 0.36 0.36 0.361 0.364 0.367 0.367 0.367 0.367 0.367 0.368 0.369 0.369 0.368 0.368 0.371 0.368 0.37 0.371 0.37 0.37 0.37 0.371 0.371 0.377 0.377 0.377 0.373 0.373 0.373 0.373 0.375 0.376 0.378 0.381 0.383 0.386 0.386 0.387 0.387 0.387 0.385 0.386 0.386 0.392 0.391 0.395 0.398 0.398 0.398 0.4 0.4 0.4 0.402 0.402 0.409 0.411 0.411 0.411 0.414 0.414 0.414 0.414 0.416 0.419 0.418 
1 1 1 1 1 1 1 1 1 1 1 1 1 1 1 1 1 1 1 1 1 1 1 1 1 1 1 1 1 1 1 1 1 1 1 1 1 1 1 1 1 1 1 1 1 1 1 1 1 1 1 1 1 1 1 1 1 1 1 1 1 1 1 1 1 1 1 1 1 1 1 1 1 1 1 1 1 1 1 1 1 1 1 1 1 1 1 1 1 1 1 1 1 1 1 1 1 1 1 1 1 1 1 1 1 1 1 1 1 1 1 1 1 1 1 1 1 1 1 1 1 1 1 1 1 1 1 1 1 1 1 1 1 1 1 1 1 1 1 1 1 1 1 1 1 1 1 1 1 1 1 1 1 1 1 1 1 1 1 1 1 1 1 1 1 1 1 1 1 1 1 1 1 1 1 1 1 1 1 1 1 1 1 1 1 1 1 1 1 1 1 1 1 1 1 1 1 1 1 1 1 1 1 1 1 1 1 1 1 1 1 1 1 1 1 1 1 1 1 1 1 1 1 1 1 1 1 1 1 1 1 1 1 1 1 1 1 1 1 1 1 1 1 1 1 1 1 1 1 1 1 1 1 1 1 1 1 1 1 1 1 1 1 1 1 1 1 1 1 1 1 1 1 1 1 1 1 1 1 1 1 1 1 1 1 1 1 1 1 1 1 1 1 1 1 1 1 1 1 1 1 1 1 1 1 1 1 1 1 1 1 1 1 1 1 1 1 1 1 1 1 1 1 1 1 1 1 1 1 1 1 1 1 1 1 1 1 1 1 1 1 1 1 1 1 1 1 1 1 1 1 1 1 1 1 1 1 1 1 1 1 1 1 1 1 1 1 1 1 1 1 1 1 1 1 1 1 1 1 1 1 1 1 1 1 1 1 1 1 1 1 1 1 1 1 1 1 1 1 1 1 1 1 1 1 1 1 1 1 1 1 1 1 1 1 1 1 1 1 1 1 1 1 1 1 1 1 1 1 1 1 1 1 1 1 1 1 1 1 1 1 1 1 1 1 1 1 1 1 1 1 1 1 1 1 1 1 1 1 1 1 1 1 1 1 1 1 1 1 1 1 1 1 1 1 1 1 1 1 1 1 1 1 1 1 1 1 1 1 1 1 1 1 1 1 1 1 1 1 1 1 1 1 1 1 1 1 1 1 1 1 1 1 1 1 1 1 1 1 1 1 1 1 1 1 1 1 1 1 1 1 1 1 1 1 1 1 1 1 1 1 1 1 1 1 1 1 1 1 1 1 1 1 1 1 1 1 1 1 1 1 1 1 1 1 1 1 1 1 1 1 1 1 1 1 1 1 1 1 1 1 1 1 1 1 1 1 1 1 1 1 1 1 1 1 1 1 1 1 1 1 1 1 1 1 1 1 1 1 1 1 1 1 1 1 1 1 1 1 1 1 1 1 1 1 1 1 1 1 1 1 1 1 1 1 1 1 1 1 1 1 1 1 1 1 1 1 1 1 1 1 1 1 1 1 1 1 1 1 1 1 1 1 1 1 1 1 1 1 1 1 1 1 1 1 1 1 1 1 1 1 1 
