# This file contains a 2D laser scan observation. 
# Its format is: 
# [aperture] [max_range] [number_of_scans] 
# [vector_of_scans] 
# [vector_of_valid_scans] 
# The aperture of the sensor is in radians, the maximum range 
# and measurements are in meters. '1' means a valid scan, '0' otherwise.
4.1847
5.6
682
0.733 0.733 0.737 0.737 0.738 0.738 0.738 0.741 0.741 0.741 0.757 0.777 0.854 0.854 0.854 0.854 0.851 0.849 0.845 0.845 0.845 0.879 0.937 0.007 0 0 0 1.327 1.327 1.327 1.33 1.338 1.342 1.714 1.833 1.839 1.839 2.721 2.726 2.732 2.732 2.733 2.734 2.734 2.734 2.738 2.739 2.739 2.749 2.755 2.755 2.757 2.757 2.76 2.76 2.764 2.77 2.773 2.775 2.778 2.781 2.785 2.786 2.793 2.8 2.807 3.177 3.199 3.205 3.205 3.213 3.219 3.219 3.219 3.224 3.203 3.162 3.162 0 3.053 3.033 2.771 2.703 2.684 2.684 2.684 2.684 2.684 2.684 2.685 2.706 2.711 2.732 2.747 2.808 3.424 3.424 3.424 3.393 3.361 3.316 3.273 3.248 3.17 3.157 3.105 3.104 3.072 3.036 3.002 2.985 2.934 2.905 2.881 2.85 2.828 2.796 2.778 2.777 0.982 0.978 0.967 0.953 0.947 0.925 0.918 0.916 0.914 0.905 0.905 0.905 0.906 0.912 0.912 0.914 0.921 0.928 0.928 0.929 0.929 0.929 0.92 0.92 0.915 0.915 0.9 0.896 0.886 0.884 0.884 0.884 0.879 0.878 0.878 0.878 0.879 0.881 0.886 0.889 0.905 0.911 0.929 0.932 0.944 0.944 0.944 0.933 0.924 0.924 0.924 0.924 0.93 0.935 0.939 0.94 0.953 0.96 0.969 0.969 0.974 0.975 0.976 0.982 0.986 0.99 1 1.007 1.013 1.014 1.03 1.031 1.039 1.042 1.056 1.062 1.063 1.07 1.088 1.092 1.095 1.099 1.107 1.113 1.122 1.124 1.14 1.148 1.164 1.17 1.172 1.192 1.193 1.211 1.226 1.244 1.245 1.246 1.263 1.28 1.292 1.299 1.313 1.32 1.339 1.355 1.359 1.384 1.39 1.406 1.419 1.438 1.46 1.476 1.682 1.721 1.721 1.721 1.72 1.719 1.712 1.711 1.708 1.705 1.7 1.7 1.696 1.694 1.693 1.691 1.691 1.691 1.691 1.682 1.676 1.676 1.676 1.675 1.675 1.675 1.672 1.672 1.67 1.662 1.662 1.662 1.666 1.666 1.666 1.662 1.662 1.661 1.661 1.662 1.67 1.67 1.67 1.67 1.67 1.67 1.668 1.674 1.674 1.673 1.673 1.673 1.671 1.671 1.671 1.665 1.667 1.667 1.667 1.665 1.664 1.663 1.661 1.656 1.66 1.66 1.66 1.656 0.699 0.67 0.654 0.654 0.654 0.654 0.654 0.654 0.656 0.656 0.651 0.647 0.641 0.641 0.641 0.645 0.648 0.648 0.65 0.65 0.65 0.65 0.65 0.65 0.654 0.654 0.656 0.654 0.651 0.635 0.584 0.581 0.576 0.573 0.569 0.566 0.552 0.549 0.545 0.545 0.542 0.533 0.531 0.531 0.528 0.524 0.528 0.528 0.524 0.524 0.528 0.528 0.531 0.532 0.533 0.533 0.538 0.539 0.539 0.542 0.548 0.551 0.554 0.555 0.556 0.56 0.563 0.573 0.583 0.704 0.704 0.704 0.575 0.555 0.551 0.548 0.539 0.539 0.539 0.543 0.544 0.549 0.556 0.556 0.558 0.558 0.558 0.565 0.57 0.57 0.57 0.57 0.57 0.57 0.579 0.589 0.589 0.589 0.589 0.589 0.595 0.595 0.597 0.597 0.605 0.616 0.619 0.619 0.62 0.622 0.627 0.629 0.634 0.634 0.634 0.636 0.645 0.655 0.656 0.656 0.659 0.659 0.665 0.667 0.673 0.682 0.687 0.689 0.69 0.691 0.701 0.702 0.714 0.716 0.72 0.72 0.733 0.737 0.737 0.748 0.752 0.753 0.765 0.773 0.774 0.782 0.785 0.799 0.799 0.808 0.81 0.825 0.828 0.835 0.856 0.856 0.862 0.868 0.88 0.894 0.904 0.905 0.92 0.922 0.942 0.952 0.957 0.968 0.988 0.999 1.003 1.023 1.036 1.045 1.063 1.111 1.173 1.173 1.173 1.173 1.167 1.165 1.165 1.162 1.156 1.156 1.154 1.148 1.148 1.145 1.143 1.143 1.143 1.143 1.136 1.135 1.133 1.133 1.133 1.128 1.121 1.121 1.121 1.121 1.121 1.121 1.119 1.116 1.109 1.107 1.107 1.107 1.109 1.112 1.132 1.135 1.139 0 0 0 0 0 0 2.65 2.65 2.653 2.653 2.65 2.653 3.359 3.359 3.359 3.359 3.359 3.36 3.36 3.359 3.36 3.363 0 0 0 3.037 3.025 3.025 3.025 3.018 3.018 3.02 3.02 3.02 3.026 3.047 3.078 0 0.007 3.407 3.407 3.412 3.412 0 0 0 0 0 0 0 0 0 0 0 0 0 0 0 0 0 3.507 3.507 3.507 3.517 3.517 3.534 3.543 3.554 3.558 3.559 3.573 3.578 3.578 3.603 3.607 3.615 3.624 3.625 3.639 3.654 0 0 0 0.007 0 3.462 0 3.389 3.389 0.84 0.827 0.822 0.81 0.804 0.791 0.787 0.78 0.764 0.754 0.748 0.741 0.738 0.728 0.727 0.711 0.707 0.699 0.699 0.684 0.674 0.668 0.667 0.667 0.66 0.649 0.644 0.64 0.638 0.631 0.618 0.618 0.614 0.608 0.606 0.602 0.601 0.599 0.593 0.587 0.582 0.581 0.576 0.568 0.557 0.509 0.397 0.383 0.38 0.38 0.374 0.371 0.371 0.368 0.351 0.351 0.35 0.344 0.337 0.334 0.333 0.331 0.331 0.33 0.33 0.328 0.327 0.327 0.327 0.323 0.321 0.321 0.315 0.315 0.315 
1 1 1 1 1 1 1 1 1 1 1 1 1 1 1 1 1 1 1 1 1 1 1 0 0 0 0 1 1 1 1 1 1 1 1 1 1 1 1 1 1 1 1 1 1 1 1 1 1 1 1 1 1 1 1 1 1 1 1 1 1 1 1 1 1 1 1 1 1 1 1 1 1 1 1 1 1 1 0 1 1 1 1 1 1 1 1 1 1 1 1 1 1 1 1 1 1 1 1 1 1 1 1 1 1 1 1 1 1 1 1 1 1 1 1 1 1 1 1 1 1 1 1 1 1 1 1 1 1 1 1 1 1 1 1 1 1 1 1 1 1 1 1 1 1 1 1 1 1 1 1 1 1 1 1 1 1 1 1 1 1 1 1 1 1 1 1 1 1 1 1 1 1 1 1 1 1 1 1 1 1 1 1 1 1 1 1 1 1 1 1 1 1 1 1 1 1 1 1 1 1 1 1 1 1 1 1 1 1 1 1 1 1 1 1 1 1 1 1 1 1 1 1 1 1 1 1 1 1 1 1 1 1 1 1 1 1 1 1 1 1 1 1 1 1 1 1 1 1 1 1 1 1 1 1 1 1 1 1 1 1 1 1 1 1 1 1 1 1 1 1 1 1 1 1 1 1 1 1 1 1 1 1 1 1 1 1 1 1 1 1 1 1 1 1 1 1 1 1 1 1 1 1 1 1 1 1 1 1 1 1 1 1 1 1 1 1 1 1 1 1 1 1 1 1 1 1 1 1 1 1 1 1 1 1 1 1 1 1 1 1 1 1 1 1 1 1 1 1 1 1 1 1 1 1 1 1 1 1 1 1 1 1 1 1 1 1 1 1 1 1 1 1 1 1 1 1 1 1 1 1 1 1 1 1 1 1 1 1 1 1 1 1 1 1 1 1 1 1 1 1 1 1 1 1 1 1 1 1 1 1 1 1 1 1 1 1 1 1 1 1 1 1 1 1 1 1 1 1 1 1 1 1 1 1 1 1 1 1 1 1 1 1 1 1 1 1 1 1 1 1 1 1 1 1 1 1 1 1 1 1 1 1 1 1 1 1 1 1 1 1 1 1 1 1 1 1 1 1 1 1 1 1 1 1 1 1 1 1 1 1 1 1 1 1 1 1 1 1 1 1 1 1 1 1 1 1 1 1 1 1 1 1 1 1 1 1 1 0 0 0 0 0 0 1 1 1 1 1 1 1 1 1 1 1 1 1 1 1 1 0 0 0 1 1 1 1 1 1 1 1 1 1 1 1 0 0 1 1 1 1 0 0 0 0 0 0 0 0 0 0 0 0 0 0 0 0 0 1 1 1 1 1 1 1 1 1 1 1 1 1 1 1 1 1 1 1 1 0 0 0 0 0 1 0 1 1 1 1 1 1 1 1 1 1 1 1 1 1 1 1 1 1 1 1 1 1 1 1 1 1 1 1 1 1 1 1 1 1 1 1 1 1 1 1 1 1 1 1 1 1 1 1 1 1 1 1 1 1 1 1 1 1 1 1 1 1 1 1 1 1 1 1 1 1 1 1 1 1 1 1 1 
