# This file contains a 2D laser scan observation. 
# Its format is: 
# [aperture] [max_range] [number_of_scans] 
# [vector_of_scans] 
# [vector_of_valid_scans] 
# The aperture of the sensor is in radians, the maximum range 
# and measurements are in meters. '1' means a valid scan, '0' otherwise.
4.1847
5.6
682
2.809 2.809 2.81 2.815 2.821 2.852 2.895 3.541 3.541 3.541 1.096 1.066 1.054 1.054 1.038 1.021 1.018 1.018 1.018 1.013 1.026 1.026 1.024 1.024 1.026 1.024 1.024 1.019 1.008 1.008 0.99 0.985 0.964 0.961 0.961 0.961 0.955 0.954 0.955 0.955 0.956 0.956 0.961 0.968 0.975 0.987 0.992 1.003 1.024 1.024 1.024 0.988 0.984 0.977 0.977 0.984 0.984 0.987 0.994 0.994 0.997 1.001 1.001 1.006 1.008 1.015 1.02 1.021 1.029 1.029 1.03 1.03 1.04 1.041 1.048 1.054 1.059 1.062 1.062 1.067 1.069 1.08 1.086 1.086 1.09 1.097 1.105 1.109 1.109 1.114 1.116 1.123 1.126 1.141 1.141 1.146 1.153 1.163 1.169 1.175 1.179 1.184 1.197 1.198 1.207 1.214 1.223 1.227 1.236 1.247 1.247 1.258 1.258 1.277 1.281 1.282 1.288 1.309 1.314 1.323 1.326 1.345 1.347 1.36 1.376 1.38 1.393 1.402 1.417 1.477 1.684 1.684 1.684 1.682 1.68 1.674 1.67 1.661 1.654 1.652 1.651 1.648 1.64 1.636 1.632 1.632 1.63 1.626 1.621 1.613 1.612 1.606 1.605 1.6 1.599 1.597 1.596 1.591 1.59 1.588 1.582 1.58 1.578 1.578 1.578 1.569 1.568 0.534 0.533 0.517 0.52 0.52 0.517 0.513 0.513 0.513 0.513 0.508 0.513 0.513 0.513 0.524 0.524 0.524 0.52 0.517 0.515 0.513 0.513 0.515 0.515 0.513 0.513 0.506 0.504 0.5 0.473 0.433 0.379 0.375 0.374 0.367 0.364 0.367 0.367 0.372 0.374 0.374 0.374 0.371 0.371 0.368 0.366 0.364 0.358 0.358 0.354 0.354 0.354 0.354 0.354 0.355 0.355 0.356 0.355 0.351 0.351 0.356 0.356 0.356 0.36 0.365 0.366 0.366 0.367 0.367 0.368 0.367 0.368 0.376 0.376 0.378 0.381 0.381 0.381 0.381 0.391 0.511 0.511 0.511 0.369 0.364 0.347 0.345 0.339 0.339 0.34 0.34 0.341 0.341 0.341 0.346 0.346 0.348 0.348 0.348 0.343 0.348 0.348 0.348 0.35 0.351 0.352 0.352 0.352 0.348 0.348 0.348 0.35 0.35 0.351 0.356 0.356 0.362 0.368 0.37 0.372 0.372 0.373 0.373 0.373 0.368 0.37 0.37 0.37 0.376 0.379 0.383 0.383 0.383 0.383 0.383 0.386 0.387 0.394 0.395 0.395 0.396 0.395 0.393 0.393 0.397 0.399 0.399 0.403 0.405 0.407 0.409 0.409 0.413 0.417 0.418 0.418 0.418 0.418 0.42 0.428 0.429 0.429 0.432 0.433 0.434 0.435 0.437 0.437 0.438 0.447 0.449 0.449 0.456 0.456 0.462 0.462 0.462 0.464 0.474 0.476 0.476 0.482 0.485 0.486 0.486 0.49 0.493 0.496 0.498 0.501 0.503 0.507 0.512 0.518 0.521 0.536 0.536 0.538 0.538 0.539 0.555 0.556 0.557 0.559 0.57 0.574 0.577 0.58 0.588 0.591 0.593 0.601 0.604 0.61 0.623 0.629 0.629 0.636 0.652 0.658 0.662 0.666 0.677 0.683 0.693 0.694 0.702 0.71 0.727 0.728 0.743 0.75 0.756 0.765 0.778 0.783 0.79 0.813 0.821 0.831 0.88 0.935 0.945 0.945 0.939 0.937 0.937 0.937 0.937 0.93 0.93 0.927 0.927 0.923 0.927 0.923 0.92 0.919 0.92 0.919 0.919 0.919 0.917 0.917 0.917 0.917 0.917 0.913 0.911 0.909 0.909 0.911 0.909 0.911 0.911 0.905 0.905 0.912 0.905 0.905 0.892 0.892 0.892 0.9 0.9 0.9 0.904 0.904 0.904 0.921 2.442 0.007 3.168 3.168 3.168 3.168 3.168 3.168 3.168 3.166 3.166 3.166 3.168 3.168 3.17 3.178 0 0 0 0 2.884 2.876 2.871 2.872 2.86 2.86 2.872 0 0 0 0 3.235 3.234 3.234 3.235 3.244 0 0 0 0 0 0 0 0 0 0 0 0 0 0 0 0 0 0 0 0 3.377 3.377 3.377 3.393 3.394 3.407 3.409 3.415 3.434 3.441 3.453 3.454 3.469 3.483 3.496 3.496 3.496 3.492 3.43 3.43 3.43 3.408 3.382 3.223 3.223 3.184 3.184 2.358 2.343 2.319 2.318 2.295 2.295 2.295 2.297 0 0 0 2.702 2.702 2.694 2.694 2.694 2.648 2.648 2.648 2.653 2.669 2.679 2.686 2.699 2.718 2.725 2.744 2.758 2.772 2.794 2.794 2.794 0.751 0.749 0.747 0.735 0.731 0.729 0.729 0.717 0.716 0.713 0.712 0.712 0.706 0.696 0.696 0.695 0.686 0.682 0.676 0.676 0.676 0.674 0.665 0.663 0.662 0.659 0.643 0.643 0.642 0.642 0.638 0.637 0.633 0.63 0.627 0.624 0.623 0.617 0.614 0.612 0.609 0.606 0.606 0.601 0.598 0.598 0.598 0.597 0.597 0.593 0.588 0.588 0.588 0.587 0.587 0.583 0.578 0.578 0.575 0.574 0.575 0.574 0.574 0.573 0.569 0.565 0.562 0.562 0.562 0.557 0.556 0.554 0.553 0.548 0.546 0.548 0.546 0.545 0.546 0.545 0.544 0.541 0.538 0.538 0.539 0.538 0.538 0.537 0.536 0.533 0.533 0.533 0.529 0.529 0.529 0.526 0.525 0.522 0.521 0.521 0.521 0.522 0.518 0.518 0.412 0.393 0.392 0.391 0.392 0.392 
1 1 1 1 1 1 1 1 1 1 1 1 1 1 1 1 1 1 1 1 1 1 1 1 1 1 1 1 1 1 1 1 1 1 1 1 1 1 1 1 1 1 1 1 1 1 1 1 1 1 1 1 1 1 1 1 1 1 1 1 1 1 1 1 1 1 1 1 1 1 1 1 1 1 1 1 1 1 1 1 1 1 1 1 1 1 1 1 1 1 1 1 1 1 1 1 1 1 1 1 1 1 1 1 1 1 1 1 1 1 1 1 1 1 1 1 1 1 1 1 1 1 1 1 1 1 1 1 1 1 1 1 1 1 1 1 1 1 1 1 1 1 1 1 1 1 1 1 1 1 1 1 1 1 1 1 1 1 1 1 1 1 1 1 1 1 1 1 1 1 1 1 1 1 1 1 1 1 1 1 1 1 1 1 1 1 1 1 1 1 1 1 1 1 1 1 1 1 1 1 1 1 1 1 1 1 1 1 1 1 1 1 1 1 1 1 1 1 1 1 1 1 1 1 1 1 1 1 1 1 1 1 1 1 1 1 1 1 1 1 1 1 1 1 1 1 1 1 1 1 1 1 1 1 1 1 1 1 1 1 1 1 1 1 1 1 1 1 1 1 1 1 1 1 1 1 1 1 1 1 1 1 1 1 1 1 1 1 1 1 1 1 1 1 1 1 1 1 1 1 1 1 1 1 1 1 1 1 1 1 1 1 1 1 1 1 1 1 1 1 1 1 1 1 1 1 1 1 1 1 1 1 1 1 1 1 1 1 1 1 1 1 1 1 1 1 1 1 1 1 1 1 1 1 1 1 1 1 1 1 1 1 1 1 1 1 1 1 1 1 1 1 1 1 1 1 1 1 1 1 1 1 1 1 1 1 1 1 1 1 1 1 1 1 1 1 1 1 1 1 1 1 1 1 1 1 1 1 1 1 1 1 1 1 1 1 1 1 1 1 1 1 1 1 1 1 1 1 1 1 1 1 1 1 1 1 1 1 1 1 1 1 1 1 1 1 1 1 1 1 1 1 1 1 1 1 1 1 0 1 1 1 1 1 1 1 1 1 1 1 1 1 1 0 0 0 0 1 1 1 1 1 1 1 0 0 0 0 1 1 1 1 1 0 0 0 0 0 0 0 0 0 0 0 0 0 0 0 0 0 0 0 0 1 1 1 1 1 1 1 1 1 1 1 1 1 1 1 1 1 1 1 1 1 1 1 1 1 1 1 1 1 1 1 1 1 1 1 0 0 0 1 1 1 1 1 1 1 1 1 1 1 1 1 1 1 1 1 1 1 1 1 1 1 1 1 1 1 1 1 1 1 1 1 1 1 1 1 1 1 1 1 1 1 1 1 1 1 1 1 1 1 1 1 1 1 1 1 1 1 1 1 1 1 1 1 1 1 1 1 1 1 1 1 1 1 1 1 1 1 1 1 1 1 1 1 1 1 1 1 1 1 1 1 1 1 1 1 1 1 1 1 1 1 1 1 1 1 1 1 1 1 1 1 1 1 1 1 1 1 1 1 1 1 1 1 1 1 1 1 1 1 
