# This file contains a 2D laser scan observation. 
# Its format is: 
# [aperture] [max_range] [number_of_scans] 
# [vector_of_scans] 
# [vector_of_valid_scans] 
# The aperture of the sensor is in radians, the maximum range 
# and measurements are in meters. '1' means a valid scan, '0' otherwise.
4.1847
5.6
682
1.053 1.053 1.053 1.059 1.059 1.056 1.056 1.055 1.04 1.028 1.02 0.997 0.993 0.986 0.986 0.986 0.984 0.986 0.987 0.987 0.99 1.005 1.008 1.02 1.034 1.035 1.042 1.042 1.042 1.035 1.031 1.011 1.011 1.026 1.026 1.026 1.026 1.027 1.028 1.03 1.038 1.041 1.046 1.046 1.046 1.046 1.056 1.06 1.065 1.065 1.066 1.066 1.066 1.08 1.084 1.085 1.092 1.092 1.095 1.1 1.105 1.114 1.115 1.115 1.122 1.128 1.129 1.132 1.137 1.137 1.148 1.156 1.157 1.165 1.176 1.184 1.187 1.197 1.198 1.201 1.213 1.219 1.225 1.226 1.237 1.238 1.249 1.259 1.26 1.262 1.278 1.282 1.288 1.295 1.306 1.315 1.319 1.332 1.336 1.347 1.35 1.363 1.377 1.385 1.394 1.41 1.423 1.427 1.496 1.708 1.708 1.708 1.697 1.692 1.68 1.678 1.677 1.663 1.663 1.66 1.653 1.652 1.648 1.643 1.636 1.634 1.632 1.626 1.622 1.616 1.613 1.611 1.601 1.598 1.598 1.597 1.596 0.532 0.526 0.521 0.521 0.52 0.513 0.513 0.518 0.511 0.517 0.518 0.522 0.517 0.517 0.511 0.511 0.509 0.507 0.5 0.499 0.498 0.498 0.499 0.493 0.493 0.433 0.362 0.354 0.337 0.337 0.337 0.34 0.344 0.345 0.347 0.347 0.347 0.358 0.362 0.359 0.377 0.377 0.369 0.362 0.369 0.369 0.377 0.377 0.377 0.377 0.362 0.361 0.361 0.354 0.348 0.342 0.342 0.342 0.345 0.349 0.355 0.355 0.355 0.352 0.352 0.35 0.352 0.352 0.352 0.352 0.355 0.357 0.355 0.357 0.358 0.362 0.365 0.365 0.365 0.336 0.325 0.322 0.316 0.322 0.322 0.317 0.322 0.322 0.322 0.319 0.321 0.319 0.319 0.319 0.321 0.319 0.322 0.322 0.323 0.323 0.323 0.323 0.325 0.325 0.325 0.326 0.326 0.326 0.325 0.325 0.325 0.329 0.329 0.329 0.329 0.333 0.333 0.333 0.335 0.335 0.335 0.335 0.337 0.338 0.338 0.338 0.339 0.339 0.338 0.342 0.343 0.343 0.347 0.347 0.347 0.347 0.351 0.354 0.355 0.356 0.354 0.358 0.358 0.359 0.359 0.359 0.359 0.361 0.366 0.369 0.37 0.37 0.37 0.37 0.37 0.37 0.374 0.375 0.377 0.378 0.382 0.385 0.389 0.389 0.389 0.391 0.391 0.396 0.391 0.396 0.397 0.397 0.401 0.406 0.406 0.406 0.412 0.415 0.416 0.416 0.422 0.423 0.423 0.426 0.43 0.43 0.434 0.436 0.439 0.441 0.447 0.451 0.451 0.452 0.456 0.458 0.463 0.464 0.465 0.465 0.47 0.475 0.478 0.48 0.486 0.487 0.487 0.496 0.505 0.505 0.511 0.513 0.515 0.521 0.532 0.536 0.537 0.54 0.542 0.542 0.545 0.552 0.562 0.57 0.57 0.573 0.583 0.587 0.593 0.596 0.599 0.605 0.619 0.62 0.627 0.636 0.648 0.649 0.651 0.662 0.682 0.682 0.683 0.694 0.711 0.712 0.723 0.739 0.747 0.755 0.769 0.769 0.794 0.797 0.857 0.893 0.895 0.895 0.895 0.891 0.889 0.889 0.889 0.889 0.887 0.887 0.887 0.886 0.884 0.884 0.884 0.881 0.876 0.876 0.876 0.873 0.873 0.873 0.873 0.873 0.871 0.868 0.868 0.868 0.864 0.864 0.863 0.862 0.862 0.863 0.864 0.864 0.866 0.869 0.869 0.869 0.855 0.855 0.855 0.866 0.866 0.866 0.871 0.872 0.872 0.007 3.106 3.106 3.112 3.112 3.115 3.115 3.115 3.122 3.122 3.122 3.123 3.123 3.126 3.128 3.129 0 0 0 0 0 2.849 2.825 2.825 2.825 2.827 2.838 2.849 0 0 0 0 3.195 3.195 3.195 3.195 0 0 0 0 0 0 0 0 0 0 0 0 0 0 0 0 0 0 0 0 0 3.353 3.353 3.353 3.355 3.359 3.376 3.38 3.387 3.402 3.406 3.414 3.43 3.441 3.46 3.467 3.468 3.468 3.468 3.402 3.402 3.402 0 0 0 0 3.162 3.072 2.362 2.31 2.281 2.278 2.238 2.204 2.201 2.18 2.165 2.165 2.165 2.199 2.388 2.523 2.541 2.555 2.555 2.556 2.586 2.601 2.611 2.638 2.638 2.653 2.677 2.679 2.707 2.72 2.729 2.739 2.763 2.777 2.792 2.81 0 0 0 0.007 2.888 0.733 0.723 0.717 0.717 0.711 0.709 0.701 0.699 0.698 0.697 0.692 0.688 0.682 0.679 0.678 0.673 0.667 0.667 0.664 0.661 0.655 0.655 0.655 0.649 0.648 0.639 0.639 0.637 0.635 0.633 0.633 0.629 0.619 0.618 0.618 0.616 0.614 0.614 0.612 0.608 0.605 0.603 0.602 0.602 0.601 0.599 0.591 0.589 0.589 0.589 0.589 0.585 0.585 0.585 0.583 0.58 0.579 0.577 0.573 0.573 0.568 0.567 0.567 0.565 0.563 0.563 0.563 0.559 0.559 0.557 0.556 0.553 0.553 0.551 0.553 0.552 0.545 0.55 0.55 0.545 0.545 0.545 0.545 0.543 0.544 0.54 0.54 0.537 0.533 0.531 0.533 0.537 0.537 0.541 0.541 0.537 0.534 0.531 0.531 0.53 0.531 0.531 0.524 0.524 0.524 0.524 0.534 0.541 0.578 0.608 0.627 0.627 0.627 0.419 0.411 0.401 0.401 
1 1 1 1 1 1 1 1 1 1 1 1 1 1 1 1 1 1 1 1 1 1 1 1 1 1 1 1 1 1 1 1 1 1 1 1 1 1 1 1 1 1 1 1 1 1 1 1 1 1 1 1 1 1 1 1 1 1 1 1 1 1 1 1 1 1 1 1 1 1 1 1 1 1 1 1 1 1 1 1 1 1 1 1 1 1 1 1 1 1 1 1 1 1 1 1 1 1 1 1 1 1 1 1 1 1 1 1 1 1 1 1 1 1 1 1 1 1 1 1 1 1 1 1 1 1 1 1 1 1 1 1 1 1 1 1 1 1 1 1 1 1 1 1 1 1 1 1 1 1 1 1 1 1 1 1 1 1 1 1 1 1 1 1 1 1 1 1 1 1 1 1 1 1 1 1 1 1 1 1 1 1 1 1 1 1 1 1 1 1 1 1 1 1 1 1 1 1 1 1 1 1 1 1 1 1 1 1 1 1 1 1 1 1 1 1 1 1 1 1 1 1 1 1 1 1 1 1 1 1 1 1 1 1 1 1 1 1 1 1 1 1 1 1 1 1 1 1 1 1 1 1 1 1 1 1 1 1 1 1 1 1 1 1 1 1 1 1 1 1 1 1 1 1 1 1 1 1 1 1 1 1 1 1 1 1 1 1 1 1 1 1 1 1 1 1 1 1 1 1 1 1 1 1 1 1 1 1 1 1 1 1 1 1 1 1 1 1 1 1 1 1 1 1 1 1 1 1 1 1 1 1 1 1 1 1 1 1 1 1 1 1 1 1 1 1 1 1 1 1 1 1 1 1 1 1 1 1 1 1 1 1 1 1 1 1 1 1 1 1 1 1 1 1 1 1 1 1 1 1 1 1 1 1 1 1 1 1 1 1 1 1 1 1 1 1 1 1 1 1 1 1 1 1 1 1 1 1 1 1 1 1 1 1 1 1 1 1 1 1 1 1 1 1 1 1 1 1 1 1 1 1 1 1 1 1 1 1 1 1 1 1 0 1 1 1 1 1 1 1 1 1 1 1 1 1 1 1 0 0 0 0 0 1 1 1 1 1 1 1 0 0 0 0 1 1 1 1 0 0 0 0 0 0 0 0 0 0 0 0 0 0 0 0 0 0 0 0 0 1 1 1 1 1 1 1 1 1 1 1 1 1 1 1 1 1 1 1 1 1 0 0 0 0 1 1 1 1 1 1 1 1 1 1 1 1 1 1 1 1 1 1 1 1 1 1 1 1 1 1 1 1 1 1 1 1 1 1 1 1 0 0 0 0 1 1 1 1 1 1 1 1 1 1 1 1 1 1 1 1 1 1 1 1 1 1 1 1 1 1 1 1 1 1 1 1 1 1 1 1 1 1 1 1 1 1 1 1 1 1 1 1 1 1 1 1 1 1 1 1 1 1 1 1 1 1 1 1 1 1 1 1 1 1 1 1 1 1 1 1 1 1 1 1 1 1 1 1 1 1 1 1 1 1 1 1 1 1 1 1 1 1 1 1 1 1 1 1 1 1 1 1 1 1 1 1 1 1 1 1 1 1 
