# This file contains a 2D laser scan observation. 
# Its format is: 
# [aperture] [max_range] [number_of_scans] 
# [vector_of_scans] 
# [vector_of_valid_scans] 
# The aperture of the sensor is in radians, the maximum range 
# and measurements are in meters. '1' means a valid scan, '0' otherwise.
4.1847
5.6
682
0.572 0.572 0.573 0.601 0.648 0.648 0.648 0.628 0.628 0.628 0.628 0.624 0.629 0.629 0.624 0.619 0.619 0.619 0.634 0.689 0.69 0.69 0.689 0.622 0.622 0.622 0.622 0.662 0.667 0.722 0.722 0.722 0.728 0.728 0.708 0.691 0.691 0.673 0.672 0.652 0.672 0.672 0.702 0.714 0.714 0.714 0.7 0.525 0.506 0.505 0.493 0.493 0.497 0.497 0.498 0.518 0.545 0.603 0.61 0.661 0.675 0.675 0.675 0.664 0.616 0.614 0.611 0.611 0.614 0.616 0.616 0.616 0.616 0.622 0.623 0.646 0.646 0.646 0.638 0.638 0.636 0.636 0.634 0.627 0.621 0.615 0.615 0.619 0.619 0.619 0.619 0.609 0.601 0.601 0.6 0.599 0.594 0.594 0.594 0.593 0.592 0.591 0.59 0.59 0.59 0.59 0.578 0.578 0.578 0.576 0.576 0.57 0.569 0.569 0.566 0.565 0.562 0.562 0.56 0.56 0.555 0.554 0.555 0.555 0.554 0.545 0.545 0.544 0.545 0.548 0.548 0.544 0.548 0.543 0.543 0.545 0.546 0.546 0.546 0.546 0.541 0.541 0.537 0.533 0.533 0.531 0.528 0.527 0.527 0.527 0.527 0.529 0.53 0.53 0.53 0.53 0.525 0.524 0.524 0.524 0.524 0.526 0.526 0.526 0.529 0.529 0.529 0.529 0.529 0.548 0.548 0.551 0.565 0.565 1.413 0.006 0.007 4.793 1.429 1.444 1.441 1.444 1.441 1.444 1.441 1.444 1.446 1.447 1.45 1.451 1.454 1.454 1.454 1.451 1.451 1.443 1.443 1.443 1.434 1.438 1.438 1.434 1.433 1.435 1.433 1.433 1.433 1.433 1.433 1.433 1.433 1.434 1.433 1.434 1.435 1.435 1.441 1.444 1.446 1.449 1.45 1.451 1.452 1.457 1.457 1.458 1.46 1.461 1.462 1.463 1.463 1.464 1.463 1.463 1.466 1.468 1.467 1.468 1.473 1.472 1.473 1.486 1.5 1.517 1.627 1.63 1.642 1.642 1.642 1.657 1.666 1.669 1.67 1.673 1.674 1.677 1.687 1.689 1.692 1.701 1.704 1.707 1.722 1.73 1.732 1.733 1.734 1.734 1.743 1.744 1.758 1.766 1.78 1.782 1.789 1.811 1.813 1.814 1.826 1.828 1.838 1.846 1.852 1.855 1.866 1.89 1.895 1.903 1.904 1.904 1.913 1.934 1.936 1.945 1.956 1.964 1.979 2 2 2.016 2.023 2.037 2.054 2.055 2.071 2.079 2.094 2.104 2.114 2.135 2.144 2.156 2.169 2.175 2.203 2.207 2.228 2.237 2.257 2.269 2.286 2.308 2.312 2.32 2.337 0 0 0 0 0 0 0 0 0 0 0 0 0 0 0 0 0 0 0 0 0 0 0 2.891 2.891 2.891 2.935 2.964 2.989 3.047 3.091 3.134 3.164 3.164 3.165 3.165 3.165 1.173 1.172 1.172 1.172 1.173 3.568 3.568 3.568 0.769 0.765 0.764 0.76 0.76 0.761 0.761 0.762 0.762 0.761 0.505 0.498 0.498 0.505 0.505 0.505 0.507 0.508 0.507 0.508 0.509 0.515 0.845 0.846 0.858 0.86 0 0 0 4.569 4.567 4.566 4.566 4.566 4.566 4.54 4.524 1.728 1.721 1.72 1.683 1.044 1.038 1.036 1.036 1.036 1.036 1.997 1.997 1.997 1.985 1.404 1.403 1.403 1.403 0 0 0 0 3.138 3.058 3.037 3.036 2.822 2.805 2.804 2.803 2.803 2.804 2.805 2.805 2.805 2.805 2.805 2.805 2.814 2.815 2.817 2.817 2.817 1.018 1.004 0.997 0.997 0.989 0.9 0.9 0.898 0.9 0.902 0.909 1.718 1.727 2.381 2.381 0.007 2.381 2.277 2.277 2.272 2.277 2.278 2.278 2.28 0.007 2.287 2.23 2.23 2.208 2.208 2.117 2.112 2.208 1.819 1.798 1.819 1.819 1.798 0.586 0.586 0.586 0.588 0.588 0.589 0.589 0.588 0.589 0.593 0.762 0.763 0.771 2.278 2.332 2.406 2.332 2.332 1.066 1.065 1.064 1.064 1.064 1.941 0.007 2.229 2.182 2.182 2.17 2.17 2.152 2.07 2.051 2.029 2.003 2.003 1.988 1.959 1.951 1.925 1.905 1.883 1.861 1.845 1.833 1.818 1.795 1.771 1.759 1.739 1.725 1.716 1.695 1.674 1.665 1.651 1.64 1.628 1.611 1.595 1.588 1.571 1.551 1.541 1.534 1.519 1.502 1.49 1.473 1.472 1.458 1.435 1.433 1.426 1.407 1.404 1.393 1.381 1.376 1.364 1.357 1.351 1.334 1.331 1.318 1.316 1.305 1.302 1.289 1.285 1.271 1.255 0.817 0.794 0.792 0.79 0.79 0.79 0.8 1.198 1.198 1.198 1.194 1.191 1.191 1.185 1.167 1.165 1.16 1.154 1.153 1.139 1.136 1.135 1.135 1.133 1.133 1.12 1.12 1.108 1.104 1.1 1.094 1.092 1.06 1.049 1.044 1.044 1.049 1.052 1.06 1.065 1.065 1.06 1.058 1.057 1.052 1.049 1.042 1.041 1.032 1.031 1.031 1.03 1.028 1.027 1.021 1.019 1.007 0.999 0.991 0.932 0.446 0.415 0.415 0.412 0.412 0.412 0.41 0.402 0.403 0.402 0.401 0.4 0.4 0.394 0.394 0.394 0.393 0.393 0.393 0.387 0.384 0.384 0.382 0.382 0.382 0.388 0.391 0.397 0.399 0.402 0.41 0.411 0.411 0.411 0.412 0.418 0.418 0.42 0.42 0.424 0.43 0.432 
1 1 1 1 1 1 1 1 1 1 1 1 1 1 1 1 1 1 1 1 1 1 1 1 1 1 1 1 1 1 1 1 1 1 1 1 1 1 1 1 1 1 1 1 1 1 1 1 1 1 1 1 1 1 1 1 1 1 1 1 1 1 1 1 1 1 1 1 1 1 1 1 1 1 1 1 1 1 1 1 1 1 1 1 1 1 1 1 1 1 1 1 1 1 1 1 1 1 1 1 1 1 1 1 1 1 1 1 1 1 1 1 1 1 1 1 1 1 1 1 1 1 1 1 1 1 1 1 1 1 1 1 1 1 1 1 1 1 1 1 1 1 1 1 1 1 1 1 1 1 1 1 1 1 1 1 1 1 1 1 1 1 1 1 1 1 1 1 1 1 1 1 1 1 1 0 0 1 1 1 1 1 1 1 1 1 1 1 1 1 1 1 1 1 1 1 1 1 1 1 1 1 1 1 1 1 1 1 1 1 1 1 1 1 1 1 1 1 1 1 1 1 1 1 1 1 1 1 1 1 1 1 1 1 1 1 1 1 1 1 1 1 1 1 1 1 1 1 1 1 1 1 1 1 1 1 1 1 1 1 1 1 1 1 1 1 1 1 1 1 1 1 1 1 1 1 1 1 1 1 1 1 1 1 1 1 1 1 1 1 1 1 1 1 1 1 1 1 1 1 1 1 1 1 1 1 1 1 1 1 1 1 1 1 1 1 1 1 1 1 1 1 1 1 1 0 0 0 0 0 0 0 0 0 0 0 0 0 0 0 0 0 0 0 0 0 0 0 1 1 1 1 1 1 1 1 1 1 1 1 1 1 1 1 1 1 1 1 1 1 1 1 1 1 1 1 1 1 1 1 1 1 1 1 1 1 1 1 1 1 1 1 1 1 1 1 0 0 0 1 1 1 1 1 1 1 1 1 1 1 1 1 1 1 1 1 1 1 1 1 1 1 1 1 1 0 0 0 0 1 1 1 1 1 1 1 1 1 1 1 1 1 1 1 1 1 1 1 1 1 1 1 1 1 1 1 1 1 1 1 1 1 1 1 1 0 1 1 1 1 1 1 1 1 0 1 1 1 1 1 1 1 1 1 1 1 1 1 1 1 1 1 1 1 1 1 1 1 1 1 1 1 1 1 1 1 1 1 1 1 1 1 0 1 1 1 1 1 1 1 1 1 1 1 1 1 1 1 1 1 1 1 1 1 1 1 1 1 1 1 1 1 1 1 1 1 1 1 1 1 1 1 1 1 1 1 1 1 1 1 1 1 1 1 1 1 1 1 1 1 1 1 1 1 1 1 1 1 1 1 1 1 1 1 1 1 1 1 1 1 1 1 1 1 1 1 1 1 1 1 1 1 1 1 1 1 1 1 1 1 1 1 1 1 1 1 1 1 1 1 1 1 1 1 1 1 1 1 1 1 1 1 1 1 1 1 1 1 1 1 1 1 1 1 1 1 1 1 1 1 1 1 1 1 1 1 1 1 1 1 1 1 1 1 1 1 1 1 1 1 1 1 1 1 1 1 1 1 1 1 1 1 
