# This file contains a 2D laser scan observation. 
# Its format is: 
# [aperture] [max_range] [number_of_scans] 
# [vector_of_scans] 
# [vector_of_valid_scans] 
# The aperture of the sensor is in radians, the maximum range 
# and measurements are in meters. '1' means a valid scan, '0' otherwise.
4.1847
5.6
682
0.885 0.888 0.89 0.892 0.892 0.892 0.892 0.892 0.893 0.889 0.893 0.895 0.906 0.942 0.945 0.956 0.962 0.976 0.982 0.999 1.013 1.026 1.038 1.053 1.069 1.076 1.098 1.118 1.142 0 0 0 0.007 0 0 0 0 1.337 1.337 1.337 1.338 1.35 0 0 0 0 0 1.326 1.324 1.321 1.321 1.32 1.314 1.314 1.295 1.286 1.285 1.283 1.278 1.274 1.274 1.273 1.273 1.273 1.271 1.271 1.27 1.267 1.262 1.262 1.258 1.256 1.255 1.255 1.258 1.262 1.262 1.262 1.262 1.259 1.255 1.255 1.258 1.259 1.261 1.261 1.261 1.261 1.263 1.264 1.266 1.266 1.264 1.261 1.261 1.26 1.26 1.261 1.26 1.258 1.257 1.26 1.259 1.257 1.257 1.257 1.257 1.256 1.254 1.255 1.256 1.256 1.255 1.255 1.259 1.259 1.259 1.261 1.268 1.283 1.289 1.292 1.294 1.295 1.296 1.297 1.299 1.302 1.302 1.305 1.314 1.305 1.254 1.056 1.056 1.056 1.089 1.089 1.089 1.063 1.038 1.017 0.984 0.962 0.935 0.92 0.884 0.831 0.823 0.822 0.819 0.823 0.823 0.819 0.818 0.818 0.812 0.812 0.812 0 0 0 0 0 0 0 0.821 0.821 0.821 0.829 0.829 0.831 0.836 0.836 0.839 0.841 0.841 0.848 0.849 0.85 0.851 0.851 0.853 0.859 0.861 0.863 0.863 0.869 0.869 0.872 0.873 0.883 0.885 0.891 0.891 0.892 0.9 0.907 0.911 0.912 0.912 0.92 0.922 0.929 0.933 0.946 0.946 0.947 0.948 0.976 0.987 1.021 1.066 1.066 1.066 1.061 1.053 1.038 1.032 1.032 1.024 1.014 1.005 1.005 1.005 1.016 0 0 0 0 0 0 0 0 0 0 0 0 0 0 0 0 0 0 0.007 0 0 0.007 0 0 0 0 0 0 0 0 0 0 0.007 1.419 1.416 1.416 1.413 1.412 1.41 1.41 1.41 1.428 1.442 1.445 1.462 1.476 1.532 1.626 1.626 1.626 1.621 1.614 1.607 1.606 1.606 1.594 1.586 1.585 1.585 1.577 1.572 1.57 1.562 1.532 1.236 1.204 1.187 1.166 1.162 1.155 1.149 1.148 1.148 1.123 1.118 1.118 1.122 1.122 1.125 1.125 1.125 1.121 1.121 1.118 1.118 1.118 1.13 1.13 1.13 1.13 1.133 1.136 1.136 1.139 1.154 1.154 1.154 1.158 1.16 0 0 0 1.471 1.471 1.468 1.462 1.462 1.461 1.462 1.462 1.463 1.459 1.459 1.459 1.458 1.458 1.461 0 0 0 0 0 0 0 0 0 0 0 0 0 0 0 0 0.007 0 0 0 0 0 0 0 0 0 0 0.007 0 0 0 0 0 0 0 0 0 0 0 0 0 0 0 0 0 0 0 0 0 1.508 1.508 1.507 1.508 1.509 1.516 1.517 1.519 1.522 1.529 1.532 1.536 1.539 1.544 1.548 1.548 1.548 1.552 1.554 1.556 1.566 1.567 1.569 1.575 1.578 1.578 1.587 1.593 1.597 1.602 1.602 1.604 1.611 1.618 1.626 1.634 1.641 1.647 1.648 1.65 1.65 1.65 1.637 1.615 1.6 1.581 1.568 1.547 1.534 1.52 1.494 1.49 1.481 1.456 1.442 1.43 1.413 1.402 1.39 1.371 1.361 1.349 1.339 1.323 1.315 1.308 1.291 1.275 1.272 1.262 1.25 1.238 1.222 1.218 1.21 1.197 1.195 0.604 0.53 0.517 0.515 0.513 0.514 0.514 0.512 0.514 0.518 0.518 0.518 0.556 1.063 1.067 1.067 1.067 1.057 1.052 1.039 1.039 1.035 1.024 0.542 0.541 0.541 0.541 0.538 0.535 0.535 0.525 0.521 0.518 0.518 0.514 0.511 0.511 0.51 0.509 0.508 0.505 0.505 0.505 0.503 0.499 0.498 0.493 0.493 0.489 0.489 0.489 0.487 0.487 0.487 0.482 0.482 0.479 0.479 0.478 0.477 0.475 0.475 0.47 0.47 0.47 0.463 0.461 0.461 0.459 0.459 0.459 0.459 0.459 0.457 0.456 0.456 0.456 0.453 0.451 0.451 0.45 0.45 0.448 0.448 0.447 0.446 0.446 0.443 0.439 0.439 0.44 0.44 0.44 0.44 0.437 0.432 0.432 0.432 0.432 0.431 0.432 0.432 0.433 0.433 0.438 0.438 0.438 0.433 0.433 0.432 0.432 0.432 0.429 0.429 0.429 0.429 0.429 0.429 0.432 0.432 0.433 0.433 0.433 0.433 0.434 0.434 0.434 0.434 0.434 0.435 0.439 0.439 0.441 0.438 0.441 0.441 0.446 0.446 0.446 0.442 0.442 0.442 0.446 0.446 0.446 0.446 0.443 0.437 0.437 0.438 0.438 0.438 0.438 0.437 0.437 0.434 0.433 0.431 0.431 0.431 0.43 0.431 0.432 0.43 0.432 0.432 0.428 0.425 0.428 0.427 0.427 0.427 0.43 0.43 0.432 0.432 0.436 0.436 0.433 0.433 0.433 0.433 0.436 0.438 0.436 0.436 0.44 0.44 0.439 0.442 0.442 0.442 0.439 0.442 0.447 0.448 0.448 0.448 0.448 0.448 0.446 0.448 0.449 0.449 0.449 0.452 0.449 0.452 0.453 0.453 0.457 0.459 0.459 
1 1 1 1 1 1 1 1 1 1 1 1 1 1 1 1 1 1 1 1 1 1 1 1 1 1 1 1 1 0 0 0 0 0 0 0 0 1 1 1 1 1 0 0 0 0 0 1 1 1 1 1 1 1 1 1 1 1 1 1 1 1 1 1 1 1 1 1 1 1 1 1 1 1 1 1 1 1 1 1 1 1 1 1 1 1 1 1 1 1 1 1 1 1 1 1 1 1 1 1 1 1 1 1 1 1 1 1 1 1 1 1 1 1 1 1 1 1 1 1 1 1 1 1 1 1 1 1 1 1 1 1 1 1 1 1 1 1 1 1 1 1 1 1 1 1 1 1 1 1 1 1 1 1 1 1 1 1 1 0 0 0 0 0 0 0 1 1 1 1 1 1 1 1 1 1 1 1 1 1 1 1 1 1 1 1 1 1 1 1 1 1 1 1 1 1 1 1 1 1 1 1 1 1 1 1 1 1 1 1 1 1 1 1 1 1 1 1 1 1 1 1 1 1 1 1 0 0 0 0 0 0 0 0 0 0 0 0 0 0 0 0 0 0 0 0 0 0 0 0 0 0 0 0 0 0 0 0 0 1 1 1 1 1 1 1 1 1 1 1 1 1 1 1 1 1 1 1 1 1 1 1 1 1 1 1 1 1 1 1 1 1 1 1 1 1 1 1 1 1 1 1 1 1 1 1 1 1 1 1 1 1 1 1 1 1 1 1 1 1 1 1 1 1 1 0 0 0 1 1 1 1 1 1 1 1 1 1 1 1 1 1 1 0 0 0 0 0 0 0 0 0 0 0 0 0 0 0 0 0 0 0 0 0 0 0 0 0 0 0 0 0 0 0 0 0 0 0 0 0 0 0 0 0 0 0 0 0 0 0 0 0 1 1 1 1 1 1 1 1 1 1 1 1 1 1 1 1 1 1 1 1 1 1 1 1 1 1 1 1 1 1 1 1 1 1 1 1 1 1 1 1 1 1 1 1 1 1 1 1 1 1 1 1 1 1 1 1 1 1 1 1 1 1 1 1 1 1 1 1 1 1 1 1 1 1 1 1 1 1 1 1 1 1 1 1 1 1 1 1 1 1 1 1 1 1 1 1 1 1 1 1 1 1 1 1 1 1 1 1 1 1 1 1 1 1 1 1 1 1 1 1 1 1 1 1 1 1 1 1 1 1 1 1 1 1 1 1 1 1 1 1 1 1 1 1 1 1 1 1 1 1 1 1 1 1 1 1 1 1 1 1 1 1 1 1 1 1 1 1 1 1 1 1 1 1 1 1 1 1 1 1 1 1 1 1 1 1 1 1 1 1 1 1 1 1 1 1 1 1 1 1 1 1 1 1 1 1 1 1 1 1 1 1 1 1 1 1 1 1 1 1 1 1 1 1 1 1 1 1 1 1 1 1 1 1 1 1 1 1 1 1 1 1 1 1 1 1 1 1 1 1 1 1 1 1 1 1 1 1 1 1 1 1 1 1 1 1 1 1 1 1 1 1 1 1 1 1 1 1 1 1 1 1 1 1 1 1 1 1 1 1 
