# This file contains a 2D laser scan observation. 
# Its format is: 
# [aperture] [max_range] [number_of_scans] 
# [vector_of_scans] 
# [vector_of_valid_scans] 
# The aperture of the sensor is in radians, the maximum range 
# and measurements are in meters. '1' means a valid scan, '0' otherwise.
4.1847
5.6
682
1.177 1.194 1.2 1.212 1.219 1.23 1.257 1.258 1.274 1.281 1.297 1.312 1.312 1.312 1.034 1.011 1.011 1.009 1 0.997 0.995 0.991 0.988 0.987 0.987 0.987 0.987 0.985 0.978 0.975 0.971 0.965 0.958 0.958 0.958 0.958 0.958 0.95 0.957 0.947 0.947 0.947 0.944 0.944 0.944 0.943 0.94 0.938 0.937 0.935 0.935 0.933 0.932 0.932 0.926 0.924 0.924 0.924 0.923 0.924 0.918 0.918 0.918 0.918 0.914 0.918 0.914 0.911 0.911 0.911 0.911 0.914 0.914 0.913 0.913 0.913 0.909 0.913 0.914 0.915 0.916 0.916 0.916 0.918 0.918 0.918 0.921 0.926 0.927 0.942 0.948 0.948 0.948 0.922 0.922 0.922 1.394 1.4 1.4 1.4 1.401 1.404 1.412 1.413 1.412 1.412 1.413 1.413 1.43 1.448 2.425 2.45 2.453 2.47 2.5 2.58 4.455 4.47 4.474 4.474 4.474 4.481 4.481 4.484 4.493 4.495 4.497 4.502 4.504 4.516 4.519 4.519 4.519 4.544 4.929 4.953 4.958 4.979 4.981 4.997 0 0 0 0 4.49 4.476 4.476 4.476 4.487 4.498 4.498 4.498 2.648 2.619 2.619 2.615 2.615 2.612 2.612 2.605 2.555 2.555 2.555 2.555 2.576 2.576 2.576 2.566 2.564 2.563 2.563 2.564 2.564 2.572 2.577 2.577 2.588 2.588 2.588 1.724 1.694 1.612 1.601 1.564 1.564 1.539 1.518 1.507 1.485 1.468 1.451 1.437 1.423 1.414 1.396 1.38 1.369 1.347 1.33 1.325 1.306 1.297 1.281 1.27 1.267 1.25 1.236 1.225 1.22 1.199 1.196 1.124 0.804 0.792 0.777 0.775 0.766 0.764 0.762 0.749 0.744 0.742 0.734 0.734 0.729 0.729 0.725 0.717 0.716 0.714 0.711 0.698 0.698 0.698 0.698 0.698 0.694 0.683 0.681 0.681 0.675 0.674 0.67 0.669 0.664 0.661 0.656 0.656 0.652 0.652 0.647 0.642 0.642 0.638 0.636 0.634 0.633 0.633 0.632 0.632 0.63 0.629 0.62 0.617 0.61 0.61 0.61 0.61 0.61 0.61 0.599 0.599 0.598 0.596 0.596 0.598 0.594 0.598 0.598 0.594 0.589 0.589 0.586 0.585 0.586 0.586 0.586 0.587 0.587 0.583 0.583 0.583 0.583 0.594 0.63 0.641 0.646 0.662 0.679 0.693 0.696 0.717 0.737 0.75 0.764 0.771 0.793 0.81 0.829 0.847 0.869 0.884 0.903 0.914 0.939 0.948 0.954 0.973 0.973 1.05 1.05 1.05 1.05 1.049 1.049 1.048 1.044 1.044 1.042 1.041 1.037 1.037 1.037 1.035 1.034 1.032 1.032 1.034 1.072 0 0.007 0 0 0 0 1.032 1.027 1.027 1.031 1.032 1.031 1.034 1.034 1.031 1.031 1.031 1.031 1.031 1.028 1.028 1.023 1.022 1.018 1.018 1.011 1.011 1.012 1.012 1.012 1.012 1.009 1.009 1.013 1.013 0 0 0 0 0 0 0 0 0 0 0 0 0 0 0 0 0 0 0 1.042 1.042 1.047 1.047 1.042 1.047 1.054 1.058 1.067 1.067 1.061 1.061 1.064 1.064 1.073 1.077 1.081 1.082 1.082 1.084 1.084 1.084 1.084 1.04 1.04 1.04 1.125 1.129 1.13 1.139 1.139 1.144 1.149 1.15 1.152 1.152 1.15 1.138 1.074 1.071 1.068 1.06 1.056 1.033 1.027 1.026 1.007 1.001 0.986 0.975 0.97 0.959 0.959 0.959 0 0 0 0 0.895 0.888 0.886 0.873 0.87 0.86 0.853 0.851 0.842 0.829 0.825 0.822 0.814 0.809 0.808 0.794 0.789 0.786 0.784 0.781 0.781 0.781 0.76 0.749 0.748 0.745 0.743 0.737 0.737 0.741 0.741 0.741 0.741 0.741 0.741 0.739 0.739 0.742 0.742 0.754 0.757 0.76 0.766 0.766 0.768 0.773 0.782 0.786 0.791 0.792 0.801 0.812 0.815 0.83 0.833 0.834 0.845 0.845 0.861 0.868 0.869 0.878 0.878 0.878 0.877 0.845 0.649 0.547 0.547 0.547 0.552 0 0 0 1.089 1.087 1.087 1.075 1.075 1.074 1.074 1.065 1.062 1.062 1.062 1.068 0 0 0 0 0 0 0 0 1.294 1.294 1.294 0 0 0 0 0 0 0 0 0 1.533 1.533 1.533 1.578 1.588 1.674 1.674 1.749 1.749 1.749 1.748 1.748 1.744 1.74 1.74 1.737 1.726 1.729 1.726 1.726 1.724 1.724 1.722 1.721 1.71 1.709 1.607 1.432 1.407 1.393 1.369 1.353 1.351 1.336 1.336 1.332 1.331 1.32 1.316 1.316 1.316 1.312 1.312 1.308 1.306 1.308 1.309 1.309 1.311 1.316 1.318 1.323 1.328 1.329 1.34 1.35 1.353 1.364 1.368 1.386 1.409 1.416 1.461 1.572 1.696 1.696 1.698 1.699 1.697 1.699 1.705 1.705 1.705 1.71 1.711 1.711 1.711 1.713 1.715 1.715 1.715 1.716 1.716 1.72 1.723 1.727 1.728 1.727 1.729 1.731 1.738 1.742 1.744 1.744 1.75 1.751 1.751 1.754 1.763 1.763 1.764 1.77 1.771 1.778 1.778 1.779 1.788 1.79 1.798 1.807 1.808 1.814 1.817 1.821 1.827 1.829 1.832 1.833 1.838 1.838 1.844 1.856 1.856 1.869 1.875 
1 1 1 1 1 1 1 1 1 1 1 1 1 1 1 1 1 1 1 1 1 1 1 1 1 1 1 1 1 1 1 1 1 1 1 1 1 1 1 1 1 1 1 1 1 1 1 1 1 1 1 1 1 1 1 1 1 1 1 1 1 1 1 1 1 1 1 1 1 1 1 1 1 1 1 1 1 1 1 1 1 1 1 1 1 1 1 1 1 1 1 1 1 1 1 1 1 1 1 1 1 1 1 1 1 1 1 1 1 1 1 1 1 1 1 1 1 1 1 1 1 1 1 1 1 1 1 1 1 1 1 1 1 1 1 1 1 1 1 1 0 0 0 0 1 1 1 1 1 1 1 1 1 1 1 1 1 1 1 1 1 1 1 1 1 1 1 1 1 1 1 1 1 1 1 1 1 1 1 1 1 1 1 1 1 1 1 1 1 1 1 1 1 1 1 1 1 1 1 1 1 1 1 1 1 1 1 1 1 1 1 1 1 1 1 1 1 1 1 1 1 1 1 1 1 1 1 1 1 1 1 1 1 1 1 1 1 1 1 1 1 1 1 1 1 1 1 1 1 1 1 1 1 1 1 1 1 1 1 1 1 1 1 1 1 1 1 1 1 1 1 1 1 1 1 1 1 1 1 1 1 1 1 1 1 1 1 1 1 1 1 1 1 1 1 1 1 1 1 1 1 1 1 1 1 1 1 1 1 1 1 1 1 1 1 1 1 1 1 1 1 1 1 1 1 1 1 1 1 1 1 1 1 1 1 1 1 1 1 0 0 0 0 0 0 1 1 1 1 1 1 1 1 1 1 1 1 1 1 1 1 1 1 1 1 1 1 1 1 1 1 1 1 1 0 0 0 0 0 0 0 0 0 0 0 0 0 0 0 0 0 0 0 1 1 1 1 1 1 1 1 1 1 1 1 1 1 1 1 1 1 1 1 1 1 1 1 1 1 1 1 1 1 1 1 1 1 1 1 1 1 1 1 1 1 1 1 1 1 1 1 1 1 1 1 1 1 0 0 0 0 1 1 1 1 1 1 1 1 1 1 1 1 1 1 1 1 1 1 1 1 1 1 1 1 1 1 1 1 1 1 1 1 1 1 1 1 1 1 1 1 1 1 1 1 1 1 1 1 1 1 1 1 1 1 1 1 1 1 1 1 1 1 1 1 1 1 1 1 1 1 1 0 0 0 1 1 1 1 1 1 1 1 1 1 1 1 0 0 0 0 0 0 0 0 1 1 1 0 0 0 0 0 0 0 0 0 1 1 1 1 1 1 1 1 1 1 1 1 1 1 1 1 1 1 1 1 1 1 1 1 1 1 1 1 1 1 1 1 1 1 1 1 1 1 1 1 1 1 1 1 1 1 1 1 1 1 1 1 1 1 1 1 1 1 1 1 1 1 1 1 1 1 1 1 1 1 1 1 1 1 1 1 1 1 1 1 1 1 1 1 1 1 1 1 1 1 1 1 1 1 1 1 1 1 1 1 1 1 1 1 1 1 1 1 1 1 1 1 1 1 1 1 1 1 1 1 1 1 1 1 1 
