# This file contains a 2D laser scan observation. 
# Its format is: 
# [aperture] [max_range] [number_of_scans] 
# [vector_of_scans] 
# [vector_of_valid_scans] 
# The aperture of the sensor is in radians, the maximum range 
# and measurements are in meters. '1' means a valid scan, '0' otherwise.
4.1847
5.6
682
0.929 0.929 0.923 0.923 0.926 0.923 0.921 0.919 0.919 0.918 0.919 0.918 0.916 0.915 0.916 0.914 0.908 0.902 0.902 0.902 0.892 0.893 0.892 0.893 0.893 0.895 0.897 0.897 0.895 0.895 0.893 0.893 0.893 0.893 0.893 0.893 0.889 0.89 0.89 0.89 0.893 0.893 0.893 0.893 0.89 0.89 0.893 0.891 0.893 0.893 0.894 0.898 0.898 0.898 0.9 0.898 0.897 0.897 0.897 0.895 0.895 0.898 0.902 0.902 0.902 0.902 0.902 0.902 0.902 0.907 0.912 0.912 0.907 0.875 0.833 0.819 0.785 0.768 0.745 0.718 0.69 0.67 0.647 0.619 0.595 0.586 0.567 0.555 0.537 0.528 0.524 0.499 0.493 0.481 0.474 0.466 0.456 0.453 0.445 0.434 0.431 0.425 0.419 0.412 0.412 0.412 0.405 0.392 0.39 0.381 0.375 0.373 0.371 0.371 0.358 0.356 0.352 0.344 0.339 0.337 0.333 0.331 0.33 0.322 0.321 0.321 0.322 0.321 0.321 0.322 0.324 0.324 0.324 0.324 0.321 0.321 0.321 0.321 0.321 0.321 0.316 0.316 0.322 0.322 0.317 0.322 0.32 0.32 0.326 0.331 0.333 0.333 0.333 0.333 0.332 0.332 0.332 0.336 0.342 0.343 0.343 0.348 0.348 0.349 0.349 0.352 0.353 0.356 0.359 0.364 0.366 0.366 0.368 0.373 0.376 0.379 0.381 0.385 0.385 0.388 0.389 0.392 0.395 0.402 0.406 0.408 0.41 0.413 0.419 0.424 0.424 0.425 0.433 0.437 0.437 0.441 0.441 0.445 0.453 0.454 0.463 0.463 0.463 0.472 0.472 0.475 0.481 0.485 0.489 0.498 0.505 0.508 0.515 0.518 0.525 0.539 0.548 0.553 0.56 0.567 0.572 0.584 0.584 0.585 0.588 0.611 0.612 0.626 0.627 0.641 0.649 0.658 0.658 0.708 0.723 0.723 0.726 0.723 0.719 0.713 0.698 0.698 0.698 0.698 0.7 0.704 0.704 0.708 0.704 0.692 0.688 0.688 0.688 0.688 0.688 0.69 0.69 0.691 0.69 0.69 0.687 0.687 0.687 0.69 0.71 0.714 0.718 0.724 0.731 0.788 1.669 1.706 1.713 1.713 1.71 1.71 1.71 1.709 1.709 1.705 1.704 1.704 1.703 1.703 1.702 1.699 1.699 1.699 1.698 1.682 1.682 1.682 1.683 1.69 1.691 1.691 1.694 1.694 1.703 1.714 1.806 1.821 1.825 2.313 2.314 2.314 2.314 2.314 2.784 0.007 3.689 3.685 3.689 3.689 3.693 3.698 3.704 3.705 3.706 3.71 3.711 3.717 3.72 3.723 3.726 3.726 3.733 3.736 3.739 3.739 3.751 3.754 4.112 4.128 4.147 4.151 4.154 4.154 4.176 4.176 4.179 0.007 0 3.899 3.69 3.69 3.69 3.69 3.692 3.695 3.712 3.712 3.712 1.883 1.883 1.848 1.848 1.826 1.826 1.826 1.833 1.833 1.833 1.834 1.826 1.808 1.768 1.762 1.762 1.762 1.763 1.768 1.782 1.787 1.787 1.787 1.78 1.769 1.769 1.769 1.776 1.776 1.786 1.787 1.789 1.789 1.798 1.802 1.803 1.808 1.812 1.812 1.812 1.817 1.826 1.829 1.831 1.847 1.851 1.851 1.857 1.861 1.868 1.868 1.868 0.933 0.93 0.928 0.918 0.912 0.907 0.904 0.856 0.835 0.832 0.828 0.823 0.816 0.81 0.797 0.792 0.791 0.785 0.776 0.773 0.771 0.765 0.757 0.755 0.749 0.747 0.738 0.735 0.729 0.728 0.724 0.722 0.717 0.714 0.713 0.71 0.71 0.701 0.698 0.687 0.684 0.68 0.68 0.673 0.669 0.669 0.669 0.666 0.663 0.662 0.652 0.652 0.65 0.642 0.642 0.638 0.636 0.635 0.635 0.633 0.632 0.626 0.626 0.624 0.623 0.619 0.617 0.611 0.61 0.609 0.609 0.608 0.601 0.595 0.595 0.595 0.595 0.593 0.593 0.589 0.586 0.582 0.582 0.579 0.579 0.575 0.575 0.567 0.565 0.565 0.567 0.569 0.569 0.569 0.563 0.556 0.556 0.556 0.556 0.557 0.557 0.555 0.555 0.555 0.551 0.551 0.551 0.548 0.546 0.545 0.543 0.544 0.543 0.543 0.541 0.541 0.54 0.541 0.538 0.533 0.533 0.535 0.535 0.535 0.537 0.537 0.536 0.531 0.529 0.527 0.527 0.529 0.529 0.535 0.535 0.532 0.532 0.532 0.524 0.524 0.527 0.529 0.527 0.527 0.527 0.525 0.525 0.53 0.53 0.533 0.533 0.534 0.547 0.551 0.553 0.555 0.555 0.561 0.561 0.558 0.55 0.55 0.546 0.541 0.54 0.539 0.538 0.535 0.531 0.531 0.531 0.531 0.531 0.531 0.758 0.769 0.774 0.779 0.779 0.779 0.779 0.778 0.778 0.772 0.723 0.717 0.708 0.706 0.697 0.697 0.665 0.664 0.649 0.641 0.633 0.613 0.6 0.585 0.572 0.566 0.565 0.544 0.539 0.521 0.513 0.507 0.499 0.499 0.488 0.48 0.474 0.468 0.451 0.45 0.445 0.438 0.43 0.426 0.415 0.409 0.408 0.405 0.39 0.387 0.385 0.384 0.382 0.373 0.369 0.344 0.325 0.325 0.325 0.325 0.325 0.325 0.325 0.337 0.337 0.335 0.335 0.328 0.328 0.328 0.328 0.328 0.331 0.333 0.334 0.339 0.344 0.344 0.344 0.344 0.332 0.33 0.33 0.332 0.335 0.335 0.336 0.335 0.331 0.33 0.331 0.325 0.323 0.323 0.325 0.325 0.333 0.334 0.337 0.337 0.338 0.342 0.342 
1 1 1 1 1 1 1 1 1 1 1 1 1 1 1 1 1 1 1 1 1 1 1 1 1 1 1 1 1 1 1 1 1 1 1 1 1 1 1 1 1 1 1 1 1 1 1 1 1 1 1 1 1 1 1 1 1 1 1 1 1 1 1 1 1 1 1 1 1 1 1 1 1 1 1 1 1 1 1 1 1 1 1 1 1 1 1 1 1 1 1 1 1 1 1 1 1 1 1 1 1 1 1 1 1 1 1 1 1 1 1 1 1 1 1 1 1 1 1 1 1 1 1 1 1 1 1 1 1 1 1 1 1 1 1 1 1 1 1 1 1 1 1 1 1 1 1 1 1 1 1 1 1 1 1 1 1 1 1 1 1 1 1 1 1 1 1 1 1 1 1 1 1 1 1 1 1 1 1 1 1 1 1 1 1 1 1 1 1 1 1 1 1 1 1 1 1 1 1 1 1 1 1 1 1 1 1 1 1 1 1 1 1 1 1 1 1 1 1 1 1 1 1 1 1 1 1 1 1 1 1 1 1 1 1 1 1 1 1 1 1 1 1 1 1 1 1 1 1 1 1 1 1 1 1 1 1 1 1 1 1 1 1 1 1 1 1 1 1 1 1 1 1 1 1 1 1 1 1 1 1 1 1 1 1 1 1 1 1 1 1 1 1 1 1 1 1 1 1 1 1 1 1 1 1 1 1 1 1 0 1 1 1 1 1 1 1 1 1 1 1 1 1 1 1 1 1 1 1 1 1 1 1 1 1 1 1 1 1 1 1 0 0 1 1 1 1 1 1 1 1 1 1 1 1 1 1 1 1 1 1 1 1 1 1 1 1 1 1 1 1 1 1 1 1 1 1 1 1 1 1 1 1 1 1 1 1 1 1 1 1 1 1 1 1 1 1 1 1 1 1 1 1 1 1 1 1 1 1 1 1 1 1 1 1 1 1 1 1 1 1 1 1 1 1 1 1 1 1 1 1 1 1 1 1 1 1 1 1 1 1 1 1 1 1 1 1 1 1 1 1 1 1 1 1 1 1 1 1 1 1 1 1 1 1 1 1 1 1 1 1 1 1 1 1 1 1 1 1 1 1 1 1 1 1 1 1 1 1 1 1 1 1 1 1 1 1 1 1 1 1 1 1 1 1 1 1 1 1 1 1 1 1 1 1 1 1 1 1 1 1 1 1 1 1 1 1 1 1 1 1 1 1 1 1 1 1 1 1 1 1 1 1 1 1 1 1 1 1 1 1 1 1 1 1 1 1 1 1 1 1 1 1 1 1 1 1 1 1 1 1 1 1 1 1 1 1 1 1 1 1 1 1 1 1 1 1 1 1 1 1 1 1 1 1 1 1 1 1 1 1 1 1 1 1 1 1 1 1 1 1 1 1 1 1 1 1 1 1 1 1 1 1 1 1 1 1 1 1 1 1 1 1 1 1 1 1 1 1 1 1 1 1 1 1 1 1 1 1 1 1 1 1 1 1 1 1 1 1 1 1 1 1 1 1 1 1 1 1 1 1 1 1 1 1 1 1 1 1 1 1 1 
