# This file contains a 2D laser scan observation. 
# Its format is: 
# [aperture] [max_range] [number_of_scans] 
# [vector_of_scans] 
# [vector_of_valid_scans] 
# The aperture of the sensor is in radians, the maximum range 
# and measurements are in meters. '1' means a valid scan, '0' otherwise.
4.1847
5.6
682
0.409 0.409 0.408 0.401 0.401 0.401 0.401 0.4 0.4 0.4 0.4 0.4 0.4 0.399 0.399 0.4 0.401 0.401 0.401 0.405 0.401 0.403 0.398 0.403 0.403 0.403 0.408 0.408 0.409 0.413 0.413 0.415 0.416 0.421 0.428 0.428 0.436 0.436 0.436 0.438 0.438 0.436 0.436 0.432 0.43 0.424 0.411 0.409 0.407 0.406 0.406 0.399 0.399 0.399 0.399 0.399 0.399 0.399 0.399 0.401 0.401 0.401 0.399 0.399 0.398 0.399 0.402 0.402 0.402 0.402 0.402 0.402 0.402 0.402 0.402 0.402 0.403 0.407 0.407 0.407 0.407 0.407 0.407 0.409 0.409 0.411 0.411 0.411 0.41 0.412 0.412 0.415 0.417 0.424 0.424 0.424 0.421 0.425 0.421 0.424 0.424 0.425 0.424 0.425 0.429 0.472 0.496 0.496 0.496 0.489 0.488 0.477 0.471 0.466 0.459 0.455 0.454 0.446 0.414 0.393 0.392 0.391 0.39 0.387 0.387 0.385 0.38 0.377 0.376 0.375 0.369 0.362 0.361 0.349 0.346 0.345 0.345 0.345 0.345 0.345 0.343 0.342 0.342 0.342 0.342 0.339 0.338 0.338 0.338 0.334 0.334 0.334 0.334 0.334 0.335 0.339 0.343 0.35 0.348 0.351 0.351 0.353 0.353 0.353 0.353 0.35 0.349 0.35 0.35 0.35 0.351 0.355 0.355 0.355 0.361 0.364 0.366 0.368 0.372 0.378 0.378 0.383 0.007 3.111 3.111 3.125 3.111 3.111 1.544 1.542 1.534 1.525 1.515 1.508 1.506 1.506 1.501 1.491 1.477 1.476 1.464 1.458 1.455 1.446 1.44 1.436 1.436 1.426 1.419 1.418 1.412 1.411 1.407 1.397 1.391 1.387 1.385 1.379 1.374 1.373 1.366 1.365 1.361 1.361 1.352 1.348 1.343 1.336 1.332 1.33 1.329 1.327 1.326 1.314 1.312 1.312 1.307 1.302 1.302 1.298 1.295 1.294 1.284 1.278 1.278 1.276 1.276 1.276 1.278 1.276 1.276 1.277 1.274 1.272 1.272 1.267 1.266 1.265 1.262 1.262 1.256 1.254 1.251 1.248 1.247 1.242 1.242 1.242 1.237 1.236 1.236 1.222 1.217 1.217 1.213 1.217 1.216 1.219 1.216 1.216 1.215 1.215 1.215 1.219 1.224 1.23 1.275 1.337 1.341 1.355 1.355 1.357 0.007 0.008 0 0 0 0 0 0 2.144 2.144 0.007 0 0.007 3.221 3.216 3.221 3.221 3.222 3.222 3.222 3.222 3.223 3.236 3.237 3.237 3.238 3.241 3.244 3.246 3.246 3.25 3.25 3.26 3.26 3.261 3.263 3.276 3.278 3.279 3.345 3.664 3.675 3.681 3.683 3.691 3.697 3.707 3.707 3.707 3.548 3.465 3.42 3.352 3.306 3.215 3.206 3.204 3.204 3.206 3.217 3.22 3.227 3.283 3.818 3.821 3.821 3.821 1.413 1.384 1.358 1.358 1.341 1.335 1.332 1.332 1.335 1.335 1.343 1.343 1.343 1.333 1.33 1.326 1.311 1.283 1.274 1.27 1.269 1.269 1.269 1.272 1.273 1.287 1.299 1.31 1.317 1.317 1.317 1.317 1.301 1.301 1.295 1.301 1.304 1.304 1.308 1.312 1.317 1.318 1.321 1.321 1.324 1.33 1.338 1.338 1.341 1.346 1.348 1.348 1.354 1.359 1.359 1.366 1.377 1.379 1.385 1.39 1.391 1.398 1.409 1.411 1.412 1.418 1.427 1.431 1.431 1.448 1.451 1.456 1.467 1.468 1.469 1.48 1.485 1.495 1.502 1.502 1.512 1.515 1.525 1.539 1.541 1.552 1.56 1.571 1.571 1.582 1.596 1.605 1.611 1.616 1.632 1.633 1.642 1.654 1.658 1.66 1.66 1.658 0.728 0.719 0.579 0.556 0.55 0.546 0.546 0.539 0.539 0.536 0.539 0.536 0.536 0.536 0.533 0.533 0.532 0.532 0.531 0.531 0.531 0.534 0.531 0.529 0.525 0.525 0.524 0.478 0.478 0.477 0.477 0.476 0.478 0.476 0.475 0.473 0.473 0.47 0.47 0.468 0.463 0.463 0.462 0.457 0.456 0.455 0.455 0.452 0.452 0.454 0.455 0.456 0.456 0.454 0.456 0.442 0.439 0.442 0.446 0.446 0.45 0.45 0.45 0.451 0.45 0.447 0.447 0.448 0.447 0.447 0.445 0.437 0.437 0.436 0.439 0.438 0.438 0.437 0.438 0.438 0.438 0.438 0.438 0.436 0.435 0.435 0.435 0.432 0.431 0.431 0.431 0.434 0.437 0.437 0.438 0.441 0.442 0.45 0.452 0.456 0.466 0.469 0.469 0.469 0.47 0.469 0.469 0.465 0.462 0.451 0.443 0.441 0.441 0.441 0.439 0.441 0.441 0.439 0.439 0.437 0.437 0.437 0.43 0.43 0.44 0.438 0.44 0.44 0.44 0.438 0.44 0.437 0.437 0.437 0.439 0.436 0.439 0.439 0.439 0.439 0.442 0.442 0.443 0.443 0.442 0.442 0.442 0.442 0.448 0.449 0.453 0.453 0.453 0.452 0.452 0.452 0.452 0.454 0.455 0.456 0.459 0.46 0.46 0.46 0.46 0.463 0.464 0.464 0.464 0.467 0.468 0.469 0.469 0.468 0.468 0.468 0.468 0.475 0.477 0.477 0.477 0.478 0.478 0.478 0.478 0.481 0.489 0.49 0.491 0.491 0.494 0.498 0.498 0.498 0.498 0.498 0.498 0.504 0.507 0.51 0.51 0.511 0.514 0.516 0.517 0.522 0.522 0.522 0.527 0.527 0.529 0.53 0.53 0.535 0.537 0.544 0.549 0.549 0.551 0.558 0.559 
1 1 1 1 1 1 1 1 1 1 1 1 1 1 1 1 1 1 1 1 1 1 1 1 1 1 1 1 1 1 1 1 1 1 1 1 1 1 1 1 1 1 1 1 1 1 1 1 1 1 1 1 1 1 1 1 1 1 1 1 1 1 1 1 1 1 1 1 1 1 1 1 1 1 1 1 1 1 1 1 1 1 1 1 1 1 1 1 1 1 1 1 1 1 1 1 1 1 1 1 1 1 1 1 1 1 1 1 1 1 1 1 1 1 1 1 1 1 1 1 1 1 1 1 1 1 1 1 1 1 1 1 1 1 1 1 1 1 1 1 1 1 1 1 1 1 1 1 1 1 1 1 1 1 1 1 1 1 1 1 1 1 1 1 1 1 1 1 1 1 1 1 1 1 1 1 1 1 1 1 1 1 0 1 1 1 1 1 1 1 1 1 1 1 1 1 1 1 1 1 1 1 1 1 1 1 1 1 1 1 1 1 1 1 1 1 1 1 1 1 1 1 1 1 1 1 1 1 1 1 1 1 1 1 1 1 1 1 1 1 1 1 1 1 1 1 1 1 1 1 1 1 1 1 1 1 1 1 1 1 1 1 1 1 1 1 1 1 1 1 1 1 1 1 1 1 1 1 1 1 1 1 1 1 1 1 1 1 1 1 1 1 0 0 0 0 0 0 0 0 1 1 0 0 0 1 1 1 1 1 1 1 1 1 1 1 1 1 1 1 1 1 1 1 1 1 1 1 1 1 1 1 1 1 1 1 1 1 1 1 1 1 1 1 1 1 1 1 1 1 1 1 1 1 1 1 1 1 1 1 1 1 1 1 1 1 1 1 1 1 1 1 1 1 1 1 1 1 1 1 1 1 1 1 1 1 1 1 1 1 1 1 1 1 1 1 1 1 1 1 1 1 1 1 1 1 1 1 1 1 1 1 1 1 1 1 1 1 1 1 1 1 1 1 1 1 1 1 1 1 1 1 1 1 1 1 1 1 1 1 1 1 1 1 1 1 1 1 1 1 1 1 1 1 1 1 1 1 1 1 1 1 1 1 1 1 1 1 1 1 1 1 1 1 1 1 1 1 1 1 1 1 1 1 1 1 1 1 1 1 1 1 1 1 1 1 1 1 1 1 1 1 1 1 1 1 1 1 1 1 1 1 1 1 1 1 1 1 1 1 1 1 1 1 1 1 1 1 1 1 1 1 1 1 1 1 1 1 1 1 1 1 1 1 1 1 1 1 1 1 1 1 1 1 1 1 1 1 1 1 1 1 1 1 1 1 1 1 1 1 1 1 1 1 1 1 1 1 1 1 1 1 1 1 1 1 1 1 1 1 1 1 1 1 1 1 1 1 1 1 1 1 1 1 1 1 1 1 1 1 1 1 1 1 1 1 1 1 1 1 1 1 1 1 1 1 1 1 1 1 1 1 1 1 1 1 1 1 1 1 1 1 1 1 1 1 1 1 1 1 1 1 1 1 1 1 1 1 1 1 1 1 1 1 1 1 1 1 1 1 1 1 1 1 1 1 1 1 1 1 1 1 
