# This file contains a 2D laser scan observation. 
# Its format is: 
# [aperture] [max_range] [number_of_scans] 
# [vector_of_scans] 
# [vector_of_valid_scans] 
# The aperture of the sensor is in radians, the maximum range 
# and measurements are in meters. '1' means a valid scan, '0' otherwise.
4.1847
5.6
682
0.418 0.419 0.418 0.418 0.419 0.419 0.413 0.417 0.412 0.41 0.41 0.413 0.411 0.413 0.413 0.413 0.413 0.414 0.413 0.409 0.413 0.411 0.411 0.412 0.412 0.412 0.413 0.413 0.411 0.413 0.417 0.418 0.428 0.429 0.431 0.435 0.442 0.446 0.449 0.45 0.45 0.446 0.441 0.436 0.433 0.431 0.426 0.425 0.421 0.42 0.41 0.409 0.409 0.407 0.407 0.407 0.408 0.407 0.407 0.408 0.408 0.407 0.406 0.408 0.41 0.405 0.402 0.407 0.407 0.403 0.407 0.407 0.408 0.406 0.406 0.406 0.412 0.412 0.412 0.412 0.412 0.414 0.416 0.42 0.416 0.417 0.416 0.417 0.417 0.418 0.422 0.422 0.422 0.423 0.423 0.437 0.504 0.504 0.504 0.492 0.482 0.482 0.481 0.47 0.464 0.46 0.452 0.436 0.434 0.391 0.391 0.387 0.384 0.38 0.38 0.376 0.375 0.375 0.366 0.364 0.361 0.357 0.354 0.347 0.346 0.342 0.337 0.336 0.336 0.336 0.338 0.34 0.34 0.338 0.326 0.326 0.325 0.326 0.33 0.331 0.331 0.331 0.331 0.332 0.336 0.339 0.34 0.342 0.34 0.34 0.34 0.34 0.34 0.34 0.339 0.339 0.336 0.336 0.34 0.34 0.34 0.344 0.347 0.349 0.351 0.356 0.356 0.358 0.359 0.359 0.359 0.359 0.359 0.365 0.369 2.928 2.946 2.952 2.952 2.959 2.997 3.029 3.053 3.053 3.053 1.538 1.536 1.529 1.523 1.504 1.495 1.494 1.493 1.493 1.474 1.466 1.462 1.457 1.449 1.438 1.436 1.433 1.421 1.418 1.417 1.406 1.402 1.401 1.392 1.389 1.385 1.377 1.375 1.371 1.37 1.362 1.358 1.354 1.347 1.34 1.337 1.336 1.332 1.328 1.324 1.321 1.314 1.314 1.313 1.299 1.298 1.297 1.293 1.292 1.293 1.289 1.286 1.286 1.281 1.28 1.275 1.275 1.271 1.268 1.262 1.262 1.258 1.258 1.256 1.253 1.246 1.246 1.246 1.245 1.244 1.242 1.241 1.238 1.236 1.235 1.232 1.232 1.232 1.232 1.23 1.227 1.221 1.217 1.213 1.212 1.2 1.2 1.2 1.2 1.2 1.201 1.2 1.204 1.201 1.201 1.201 1.201 1.201 1.207 1.212 1.305 1.322 1.323 1.324 1.323 1.324 0.007 0.008 0 0 0 0 0 1.883 1.883 1.883 2.095 2.298 2.308 2.326 3.19 3.192 3.192 3.192 3.198 3.198 3.2 3.204 3.206 3.207 3.211 3.212 3.213 3.219 3.22 3.222 3.223 3.229 3.233 3.238 3.244 3.248 3.248 3.251 3.251 3.259 3.264 3.637 3.657 3.658 3.668 3.676 3.691 3.691 3.691 3.644 3.525 3.443 3.387 3.31 3.258 3.195 3.194 3.187 3.187 3.187 3.19 3.19 3.201 3.223 3.795 3.806 3.816 3.816 3.816 1.393 1.369 1.339 1.321 1.314 1.307 1.307 1.314 1.319 1.32 1.322 1.322 1.322 1.31 1.299 1.298 1.27 1.26 1.251 1.251 1.252 1.246 1.252 1.252 1.26 1.268 1.279 1.283 1.303 1.303 1.303 1.292 1.274 1.274 1.274 1.275 1.277 1.278 1.284 1.285 1.288 1.293 1.3 1.301 1.306 1.313 1.314 1.32 1.321 1.324 1.324 1.334 1.337 1.338 1.339 1.351 1.353 1.355 1.365 1.37 1.371 1.384 1.386 1.396 1.398 1.403 1.403 1.416 1.421 1.422 1.426 1.433 1.438 1.451 1.452 1.467 1.469 1.471 1.478 1.482 1.498 1.508 1.511 1.513 1.524 1.537 1.541 1.546 1.555 1.566 1.575 1.588 1.592 1.593 1.611 1.622 1.625 1.633 1.649 1.653 1.662 1.662 1.662 0.764 0.723 0.72 0.711 0.544 0.539 0.534 0.534 0.534 0.53 0.529 0.529 0.529 0.528 0.521 0.521 0.52 0.519 0.52 0.517 0.517 0.517 0.517 0.51 0.51 0.512 0.508 0.508 0.504 0.504 0.486 0.475 0.465 0.462 0.457 0.464 0.464 0.462 0.464 0.464 0.464 0.462 0.461 0.458 0.457 0.45 0.448 0.447 0.447 0.446 0.44 0.44 0.443 0.443 0.443 0.445 0.443 0.44 0.44 0.44 0.438 0.44 0.443 0.443 0.443 0.443 0.441 0.438 0.435 0.435 0.435 0.435 0.442 0.442 0.442 0.431 0.431 0.431 0.424 0.431 0.426 0.428 0.428 0.432 0.432 0.433 0.434 0.434 0.434 0.434 0.432 0.432 0.432 0.431 0.431 0.436 0.443 0.447 0.452 0.459 0.466 0.466 0.466 0.463 0.463 0.46 0.447 0.44 0.439 0.437 0.435 0.433 0.433 0.435 0.433 0.434 0.434 0.433 0.432 0.431 0.431 0.432 0.435 0.435 0.435 0.43 0.429 0.429 0.43 0.431 0.431 0.434 0.433 0.437 0.433 0.434 0.434 0.436 0.435 0.436 0.436 0.437 0.439 0.44 0.44 0.44 0.44 0.438 0.438 0.438 0.443 0.443 0.446 0.443 0.443 0.45 0.453 0.45 0.453 0.454 0.457 0.459 0.459 0.459 0.459 0.459 0.46 0.46 0.461 0.464 0.464 0.467 0.467 0.468 0.468 0.471 0.471 0.473 0.474 0.473 0.473 0.473 0.473 0.473 0.475 0.477 0.487 0.487 0.49 0.493 0.497 0.495 0.497 0.497 0.497 0.499 0.499 0.499 0.504 0.505 0.508 0.509 0.512 0.521 0.524 0.525 0.525 0.528 0.529 0.533 0.534 0.534 0.537 0.538 0.546 0.549 0.55 0.551 0.551 
1 1 1 1 1 1 1 1 1 1 1 1 1 1 1 1 1 1 1 1 1 1 1 1 1 1 1 1 1 1 1 1 1 1 1 1 1 1 1 1 1 1 1 1 1 1 1 1 1 1 1 1 1 1 1 1 1 1 1 1 1 1 1 1 1 1 1 1 1 1 1 1 1 1 1 1 1 1 1 1 1 1 1 1 1 1 1 1 1 1 1 1 1 1 1 1 1 1 1 1 1 1 1 1 1 1 1 1 1 1 1 1 1 1 1 1 1 1 1 1 1 1 1 1 1 1 1 1 1 1 1 1 1 1 1 1 1 1 1 1 1 1 1 1 1 1 1 1 1 1 1 1 1 1 1 1 1 1 1 1 1 1 1 1 1 1 1 1 1 1 1 1 1 1 1 1 1 1 1 1 1 1 1 1 1 1 1 1 1 1 1 1 1 1 1 1 1 1 1 1 1 1 1 1 1 1 1 1 1 1 1 1 1 1 1 1 1 1 1 1 1 1 1 1 1 1 1 1 1 1 1 1 1 1 1 1 1 1 1 1 1 1 1 1 1 1 1 1 1 1 1 1 1 1 1 1 1 1 1 1 1 1 1 1 1 1 1 1 1 1 1 1 1 1 1 1 1 1 1 1 1 1 1 1 1 1 1 1 1 1 1 0 0 0 0 0 0 0 1 1 1 1 1 1 1 1 1 1 1 1 1 1 1 1 1 1 1 1 1 1 1 1 1 1 1 1 1 1 1 1 1 1 1 1 1 1 1 1 1 1 1 1 1 1 1 1 1 1 1 1 1 1 1 1 1 1 1 1 1 1 1 1 1 1 1 1 1 1 1 1 1 1 1 1 1 1 1 1 1 1 1 1 1 1 1 1 1 1 1 1 1 1 1 1 1 1 1 1 1 1 1 1 1 1 1 1 1 1 1 1 1 1 1 1 1 1 1 1 1 1 1 1 1 1 1 1 1 1 1 1 1 1 1 1 1 1 1 1 1 1 1 1 1 1 1 1 1 1 1 1 1 1 1 1 1 1 1 1 1 1 1 1 1 1 1 1 1 1 1 1 1 1 1 1 1 1 1 1 1 1 1 1 1 1 1 1 1 1 1 1 1 1 1 1 1 1 1 1 1 1 1 1 1 1 1 1 1 1 1 1 1 1 1 1 1 1 1 1 1 1 1 1 1 1 1 1 1 1 1 1 1 1 1 1 1 1 1 1 1 1 1 1 1 1 1 1 1 1 1 1 1 1 1 1 1 1 1 1 1 1 1 1 1 1 1 1 1 1 1 1 1 1 1 1 1 1 1 1 1 1 1 1 1 1 1 1 1 1 1 1 1 1 1 1 1 1 1 1 1 1 1 1 1 1 1 1 1 1 1 1 1 1 1 1 1 1 1 1 1 1 1 1 1 1 1 1 1 1 1 1 1 1 1 1 1 1 1 1 1 1 1 1 1 1 1 1 1 1 1 1 1 1 1 1 1 1 1 1 1 1 1 1 1 1 1 1 1 1 1 1 1 1 1 1 1 1 1 1 1 1 1 1 
