# This file contains a 2D laser scan observation. 
# Its format is: 
# [aperture] [max_range] [number_of_scans] 
# [vector_of_scans] 
# [vector_of_valid_scans] 
# The aperture of the sensor is in radians, the maximum range 
# and measurements are in meters. '1' means a valid scan, '0' otherwise.
4.1847
5.6
682
0.482 0.482 0.481 0.481 0.477 0.477 0.475 0.477 0.475 0.473 0.475 0.478 0.487 0.506 0.537 0.567 0.567 0.567 0.35 0.346 0.343 0.342 0.342 0.342 0.342 0.342 0.344 0.344 0.353 0.355 0.359 0.371 0.373 0.383 0.383 0.378 0.378 0.345 0.344 0.333 0.333 0.333 0.367 0.367 0.367 0.358 0.348 0.345 0.345 0.337 0.335 0.331 0.331 0.331 0.331 0.331 0.325 0.325 0.325 0.325 0.322 0.322 0.322 0.32 0.32 0.32 0.327 0.327 0.328 0.33 0.337 2.82 2.82 2.82 2.773 2.733 2.713 2.689 2.66 2.633 2.622 2.602 2.572 2.554 2.533 2.528 2.492 2.49 2.451 2.438 2.427 2.401 2.388 2.374 2.355 2.335 2.319 2.299 2.299 2.299 2.289 2.306 2.306 2.246 2.22 2.22 2.22 2.224 2.231 2.233 2.256 2.256 2.266 2.277 2.277 2.283 2.297 2.298 2.306 2.314 2.322 2.324 2.326 2.329 2.351 2.354 2.361 3.459 3.474 3.49 3.49 3.497 3.517 3.537 0 0 0 5.054 5.054 5.054 5.093 0 0 0 0 0 0 0 0 0 0 0 0 0 0 0 0 0 0 0 2.839 2.811 1.411 1.406 1.402 1.39 1.385 1.371 1.362 1.355 1.35 1.335 1.33 1.316 1.31 1.299 1.299 1.295 1.291 1.281 1.273 1.269 1.255 1.255 1.246 1.245 1.243 1.236 1.231 1.222 1.221 1.221 1.206 1.204 1.195 1.192 1.192 1.177 1.172 1.171 1.171 1.166 1.16 1.159 1.158 1.157 1.152 1.139 1.137 1.135 1.127 1.125 1.124 1.124 1.118 1.11 1.109 1.107 1.104 1.098 1.094 1.085 1.082 1.081 1.081 1.081 1.079 1.08 1.079 1.074 1.069 1.068 1.061 1.061 1.057 1.052 1.049 1.049 1.049 1.044 1.043 1.039 1.039 1.039 1.039 1.038 1.032 1.03 1.025 1.02 1.02 1.015 0.999 0.993 0.993 0.999 0.999 0.999 0.999 0.997 0.994 0.992 0.992 0.992 0.989 0.986 0.982 0.986 0.986 1.003 1.023 1.085 1.121 1.121 1.121 1.113 1.113 1.113 1.12 1.142 1.167 1.203 1.308 1.376 1.423 1.423 1.423 1.484 1.53 1.591 1.601 1.604 1.899 0 0.007 2.113 2.113 2.968 2.968 2.974 2.975 2.974 2.974 2.974 2.976 2.973 2.978 2.979 2.979 2.982 2.982 2.982 2.983 2.985 2.991 2.995 2.995 2.995 3.004 3.005 3.005 3.011 3.017 3.017 3.017 3.022 3.027 3.031 3.036 3.408 3.425 3.425 3.429 3.441 3.444 3.461 3.461 3.461 3.453 3.313 3.204 3.178 3.147 3.067 2.992 2.968 2.96 2.96 2.96 2.965 2.97 2.97 2.975 2.996 3.58 3.587 3.59 3.61 3.61 3.61 1.168 1.137 1.122 1.122 1.101 1.091 1.086 1.084 1.081 1.081 1.082 1.082 1.086 1.095 1.095 1.095 1.089 1.088 1.08 1.06 1.054 1.046 1.034 1.032 1.031 1.023 1.018 1.023 1.024 1.024 1.032 1.033 1.042 1.059 1.064 1.064 1.077 1.077 1.077 1.065 1.055 1.051 1.051 1.055 1.059 1.061 1.063 1.063 1.072 1.078 1.082 1.082 1.089 1.089 1.091 1.09 1.091 1.094 1.103 1.109 1.112 1.116 1.119 1.122 1.127 1.135 1.135 1.138 1.148 1.155 1.156 1.161 1.166 1.177 1.178 1.179 1.187 1.191 1.192 1.198 1.199 1.215 1.216 1.227 1.238 1.238 1.243 1.246 1.247 1.261 1.267 1.276 1.283 1.288 1.293 1.296 1.3 1.32 1.322 1.331 1.332 1.352 1.356 1.369 1.377 1.389 1.399 1.402 1.422 1.433 1.441 1.446 1.456 1.474 1.48 1.502 1.748 1.749 1.749 1.748 1.74 1.738 1.728 1.723 1.721 1.717 1.712 1.708 1.708 1.703 1.699 1.698 1.691 1.689 1.682 1.674 1.671 1.664 1.66 1.658 1.651 1.651 1.65 1.646 1.624 0.649 0.58 0.58 0.579 0.576 0.57 0.569 0.57 0.576 0.575 0.589 0.606 0.589 0.575 0.572 0.556 0.555 0.555 0.555 0.555 0.555 0.553 0.553 0.549 0.535 0.448 0.415 0.415 0.406 0.411 0.405 0.411 0.405 0.411 0.413 0.417 0.417 0.429 0.436 0.445 0.445 0.447 0.448 0.447 0.437 0.433 0.432 0.422 0.419 0.417 0.41 0.398 0.398 0.398 0.401 0.414 0.414 0.418 0.414 0.414 0.414 0.414 0.414 0.416 0.418 0.418 0.421 0.421 0.421 0.415 0.415 0.406 0.395 0.386 0.381 0.382 0.382 0.381 0.381 0.381 0.379 0.379 0.379 0.379 0.372 0.372 0.372 0.377 0.384 0.384 0.384 0.384 0.38 0.38 0.383 0.38 0.38 0.38 0.38 0.38 0.382 0.382 0.384 0.384 0.39 0.391 0.391 0.391 0.391 0.391 0.391 0.391 0.393 0.395 0.395 0.395 0.396 0.396 0.399 0.399 0.398 0.398 0.402 0.402 0.402 0.402 0.406 0.406 0.406 0.406 0.407 0.407 0.407 0.407 0.409 0.411 0.416 0.416 0.419 0.419 0.419 0.421 0.421 0.423 0.427 0.427 0.428 0.43 0.431 0.434 0.434 0.434 0.434 0.435 0.435 0.435 0.448 0.448 0.449 0.449 0.449 0.453 0.459 0.459 0.462 0.462 0.465 0.466 0.465 0.47 0.47 0.48 0.482 0.482 0.484 0.487 0.487 
1 1 1 1 1 1 1 1 1 1 1 1 1 1 1 1 1 1 1 1 1 1 1 1 1 1 1 1 1 1 1 1 1 1 1 1 1 1 1 1 1 1 1 1 1 1 1 1 1 1 1 1 1 1 1 1 1 1 1 1 1 1 1 1 1 1 1 1 1 1 1 1 1 1 1 1 1 1 1 1 1 1 1 1 1 1 1 1 1 1 1 1 1 1 1 1 1 1 1 1 1 1 1 1 1 1 1 1 1 1 1 1 1 1 1 1 1 1 1 1 1 1 1 1 1 1 1 1 1 1 1 1 1 1 0 0 0 1 1 1 1 0 0 0 0 0 0 0 0 0 0 0 0 0 0 0 0 0 0 0 1 1 1 1 1 1 1 1 1 1 1 1 1 1 1 1 1 1 1 1 1 1 1 1 1 1 1 1 1 1 1 1 1 1 1 1 1 1 1 1 1 1 1 1 1 1 1 1 1 1 1 1 1 1 1 1 1 1 1 1 1 1 1 1 1 1 1 1 1 1 1 1 1 1 1 1 1 1 1 1 1 1 1 1 1 1 1 1 1 1 1 1 1 1 1 1 1 1 1 1 1 1 1 1 1 1 1 1 1 1 1 1 1 1 1 1 1 1 1 1 1 1 1 1 1 1 1 1 1 1 1 1 1 0 0 1 1 1 1 1 1 1 1 1 1 1 1 1 1 1 1 1 1 1 1 1 1 1 1 1 1 1 1 1 1 1 1 1 1 1 1 1 1 1 1 1 1 1 1 1 1 1 1 1 1 1 1 1 1 1 1 1 1 1 1 1 1 1 1 1 1 1 1 1 1 1 1 1 1 1 1 1 1 1 1 1 1 1 1 1 1 1 1 1 1 1 1 1 1 1 1 1 1 1 1 1 1 1 1 1 1 1 1 1 1 1 1 1 1 1 1 1 1 1 1 1 1 1 1 1 1 1 1 1 1 1 1 1 1 1 1 1 1 1 1 1 1 1 1 1 1 1 1 1 1 1 1 1 1 1 1 1 1 1 1 1 1 1 1 1 1 1 1 1 1 1 1 1 1 1 1 1 1 1 1 1 1 1 1 1 1 1 1 1 1 1 1 1 1 1 1 1 1 1 1 1 1 1 1 1 1 1 1 1 1 1 1 1 1 1 1 1 1 1 1 1 1 1 1 1 1 1 1 1 1 1 1 1 1 1 1 1 1 1 1 1 1 1 1 1 1 1 1 1 1 1 1 1 1 1 1 1 1 1 1 1 1 1 1 1 1 1 1 1 1 1 1 1 1 1 1 1 1 1 1 1 1 1 1 1 1 1 1 1 1 1 1 1 1 1 1 1 1 1 1 1 1 1 1 1 1 1 1 1 1 1 1 1 1 1 1 1 1 1 1 1 1 1 1 1 1 1 1 1 1 1 1 1 1 1 1 1 1 1 1 1 1 1 1 1 1 1 1 1 1 1 1 1 1 1 1 1 1 1 1 1 1 1 1 1 1 1 1 1 1 1 1 1 1 1 1 1 1 1 1 1 1 1 1 1 1 1 
