# This file contains a 2D laser scan observation. 
# Its format is: 
# [aperture] [max_range] [number_of_scans] 
# [vector_of_scans] 
# [vector_of_valid_scans] 
# The aperture of the sensor is in radians, the maximum range 
# and measurements are in meters. '1' means a valid scan, '0' otherwise.
4.1847
5.6
682
1.648 1.681 1.718 1.767 1.824 1.89 2.06 2.135 2.184 2.19 2.194 2.194 2.197 2.194 2.194 2.197 2.198 4.982 4.982 4.982 4.982 4.97 4.957 4.957 0 4.769 0 0.007 0 0 0 4.942 3.21 3.099 3.091 3.091 3.088 3.091 3.092 3.092 3.092 3.097 3.092 3.098 3.098 3.082 2.996 2.898 2.863 2.833 2.764 2.724 2.697 2.656 2.633 2.586 2.555 2.533 2.482 2.458 2.431 2.396 2.381 2.355 2.332 2.305 2.305 2.304 2.302 2.244 2.216 2.216 2.213 2.213 2.217 2.218 2.218 2.228 2.229 2.229 2.245 2.245 2.247 2.249 2.252 2.266 2.267 2.271 2.274 2.274 2.276 2.28 2.293 2.3 2.311 2.318 3.201 3.222 3.241 3.248 3.256 3.265 3.27 3.283 3.289 3.302 3.314 3.315 3.315 3.314 1.26 1.254 1.229 1.222 1.201 1.189 1.163 1.157 1.144 1.139 1.114 1.102 1.098 1.086 1.08 1.057 1.045 1.045 1.039 1.023 1.019 1 0.991 0.984 0.973 0.966 0.958 0.948 0.944 0.937 0.931 0.931 0.92 0.916 0.903 0.898 0.882 0.88 0.878 0.87 0.865 0.862 0.848 0.846 0.84 0.839 0.839 0.835 0.823 0.821 0.809 0.806 0.803 0.796 0.791 0.784 0.783 0.778 0.773 0.772 0.763 0.763 0.762 0.751 0.745 0.745 0.744 0.737 0.737 0.732 0.731 0.726 0.719 0.719 0.718 0.717 0.712 0.709 0.709 0.702 0.701 0.671 0.668 0.668 0.668 0.664 0.664 0.664 0.663 0.662 0.661 0.658 0.65 0.648 0.646 0.646 0.646 0.646 0.652 0.652 0.644 0.641 0.637 0.634 0.634 0.633 0.634 0.642 0.647 0.65 0.651 0.652 0.662 0.673 0.673 0.706 0.731 0.766 0.766 0.766 0.742 0.74 0.74 0.737 0.722 0.722 0.722 0.724 0.731 0.74 0.747 0.756 0.757 0.77 0.778 0.798 0.812 0.814 0.82 0.856 0.889 0.9 0.913 0.923 0.931 0.948 0.957 0.972 0.973 0.99 1.007 1.03 1.038 1.053 1.069 1.076 1.11 1.132 1.155 1.166 1.174 1.176 1.202 1.237 1.27 1.27 1.397 1.434 1.455 1.457 2.534 2.551 2.551 2.534 2.531 2.531 2.531 2.543 2.547 2.547 2.547 2.543 2.543 2.54 2.54 2.54 2.541 2.542 2.544 2.547 2.547 2.547 2.552 2.552 2.552 2.553 2.554 2.561 2.562 2.562 2.562 2.562 2.562 2.569 2.569 2.569 2.569 2.569 2.575 2.575 2.579 2.579 2.586 2.586 2.594 2.597 2.961 2.976 2.977 2.984 2.986 2.987 3.002 3.003 3.003 3.003 2.99 2.948 2.901 2.901 2.884 2.884 2.594 2.52 2.498 2.493 2.493 2.493 2.493 2.496 2.498 2.498 2.498 2.505 2.508 2.529 2.604 3.145 3.161 3.18 3.161 3.161 3.16 3.126 3.051 3.028 2.996 2.963 2.963 2.913 2.889 0.745 0.719 0.691 0.686 0.686 0.675 0.675 0.657 0.652 0.652 0.649 0.648 0.648 0.648 0.648 0.661 0.662 0.662 0.662 0.664 0.664 0.667 0.669 0.674 0.674 0.667 0.667 0.666 0.663 0.66 0.655 0.651 0.651 0.647 0.642 0.625 0.625 0.624 0.622 0.622 0.62 0.616 0.611 0.602 0.602 0.605 0.603 0.605 0.605 0.606 0.606 0.608 0.611 0.616 0.627 0.63 0.64 0.652 0.664 0.669 0.67 0.685 0.685 0.685 0.677 0.67 0.655 0.652 0.652 0.652 0.654 0.659 0.665 0.667 0.67 0.674 0.676 0.679 0.679 0.684 0.688 0.691 0.691 0.693 0.698 0.707 0.71 0.71 0.713 0.719 0.726 0.729 0.732 0.74 0.742 0.746 0.751 0.752 0.753 0.757 0.767 0.774 0.782 0.789 0.791 0.792 0.797 0.799 0.806 0.815 0.818 0.829 0.835 0.839 0.846 0.849 0.855 0.872 0.873 0.879 0.892 0.894 0.909 0.917 0.925 0.932 0.938 0.953 0.954 0.969 0.979 0.983 0.998 1.01 1.025 1.037 1.054 1.054 1.076 1.09 1.104 1.117 1.125 1.14 1.149 1.175 1.194 1.202 1.227 1.453 1.453 1.457 1.457 1.457 1.454 1.454 1.45 1.45 1.45 1.447 1.449 1.449 1.445 1.445 1.445 1.445 1.443 1.442 1.442 1.438 1.438 1.438 1.438 1.445 1.449 1.452 1.457 1.46 1.468 1.499 1.499 1.499 1.495 1.491 1.474 1.457 1.453 1.453 1.452 1.452 1.452 1.446 1.445 1.442 1.442 1.442 1.449 1.449 1.449 1.446 1.446 1.446 1.446 1.453 1.455 1.457 1.457 1.461 1.459 1.458 1.459 1.461 1.461 1.461 1.463 1.469 1.469 1.469 1.473 1.475 1.475 1.477 1.482 1.484 1.488 1.488 1.493 1.495 1.505 1.506 1.508 1.508 1.519 2.666 2.666 2.666 1.915 1.875 1.835 1.796 1.755 1.714 1.714 1.714 1.714 1.731 1.732 1.734 1.735 1.739 1.74 1.74 1.746 1.747 1.764 2.363 2.373 2.387 2.387 2.387 2.389 2.389 2.387 0.563 0.551 0.543 0.543 0.53 0.529 0.525 0.516 0.509 0.504 0.501 0.501 0.5 0.5 0.506 0.511 0.511 0.514 0.514 0.514 0.514 0.515 0.514 0.515 0.514 0.515 0.516 0.521 0.528 0.532 0.535 0.538 0.542 0.544 0.545 0.546 0.546 0.551 0.557 0.561 0.565 0.567 0.57 0.57 0.567 0.557 0.554 0.553 
1 1 1 1 1 1 1 1 1 1 1 1 1 1 1 1 1 1 1 1 1 1 1 1 0 1 0 0 0 0 0 1 1 1 1 1 1 1 1 1 1 1 1 1 1 1 1 1 1 1 1 1 1 1 1 1 1 1 1 1 1 1 1 1 1 1 1 1 1 1 1 1 1 1 1 1 1 1 1 1 1 1 1 1 1 1 1 1 1 1 1 1 1 1 1 1 1 1 1 1 1 1 1 1 1 1 1 1 1 1 1 1 1 1 1 1 1 1 1 1 1 1 1 1 1 1 1 1 1 1 1 1 1 1 1 1 1 1 1 1 1 1 1 1 1 1 1 1 1 1 1 1 1 1 1 1 1 1 1 1 1 1 1 1 1 1 1 1 1 1 1 1 1 1 1 1 1 1 1 1 1 1 1 1 1 1 1 1 1 1 1 1 1 1 1 1 1 1 1 1 1 1 1 1 1 1 1 1 1 1 1 1 1 1 1 1 1 1 1 1 1 1 1 1 1 1 1 1 1 1 1 1 1 1 1 1 1 1 1 1 1 1 1 1 1 1 1 1 1 1 1 1 1 1 1 1 1 1 1 1 1 1 1 1 1 1 1 1 1 1 1 1 1 1 1 1 1 1 1 1 1 1 1 1 1 1 1 1 1 1 1 1 1 1 1 1 1 1 1 1 1 1 1 1 1 1 1 1 1 1 1 1 1 1 1 1 1 1 1 1 1 1 1 1 1 1 1 1 1 1 1 1 1 1 1 1 1 1 1 1 1 1 1 1 1 1 1 1 1 1 1 1 1 1 1 1 1 1 1 1 1 1 1 1 1 1 1 1 1 1 1 1 1 1 1 1 1 1 1 1 1 1 1 1 1 1 1 1 1 1 1 1 1 1 1 1 1 1 1 1 1 1 1 1 1 1 1 1 1 1 1 1 1 1 1 1 1 1 1 1 1 1 1 1 1 1 1 1 1 1 1 1 1 1 1 1 1 1 1 1 1 1 1 1 1 1 1 1 1 1 1 1 1 1 1 1 1 1 1 1 1 1 1 1 1 1 1 1 1 1 1 1 1 1 1 1 1 1 1 1 1 1 1 1 1 1 1 1 1 1 1 1 1 1 1 1 1 1 1 1 1 1 1 1 1 1 1 1 1 1 1 1 1 1 1 1 1 1 1 1 1 1 1 1 1 1 1 1 1 1 1 1 1 1 1 1 1 1 1 1 1 1 1 1 1 1 1 1 1 1 1 1 1 1 1 1 1 1 1 1 1 1 1 1 1 1 1 1 1 1 1 1 1 1 1 1 1 1 1 1 1 1 1 1 1 1 1 1 1 1 1 1 1 1 1 1 1 1 1 1 1 1 1 1 1 1 1 1 1 1 1 1 1 1 1 1 1 1 1 1 1 1 1 1 1 1 1 1 1 1 1 1 1 1 1 1 1 1 1 1 1 1 1 1 1 1 1 1 1 1 1 1 1 1 1 1 1 1 1 1 1 1 1 1 1 1 1 1 1 1 1 1 1 1 1 1 1 1 1 1 1 1 
