# This file contains a 2D laser scan observation. 
# Its format is: 
# [aperture] [max_range] [number_of_scans] 
# [vector_of_scans] 
# [vector_of_valid_scans] 
# The aperture of the sensor is in radians, the maximum range 
# and measurements are in meters. '1' means a valid scan, '0' otherwise.
4.1847
5.6
682
0.4 0.398 0.398 0.398 0.392 0.392 0.395 0.395 0.396 0.396 0.395 0.393 0.391 0.387 0.386 0.382 0.382 0.382 0.382 0.381 0.382 0.381 0.371 0.371 0.378 0.378 0.382 0.382 0.386 0.386 0.386 0.381 0.381 0.381 0.381 0.381 0.382 0.382 0.38 0.375 0.373 0.36 0.336 0.333 0.333 0.333 0.332 0.33 0.33 0.329 0.329 0.328 0.328 0.323 0.328 0.325 0.323 0.325 0.325 0.32 0.32 0.32 0.32 0.32 0.32 0.317 0.317 0.316 0.316 0.316 0.316 0.316 0.314 0.314 0.309 0.309 0.31 0.313 0.31 0.313 0.311 0.314 0.311 0.315 0.311 0.315 0.316 0.316 0.316 0.316 0.314 0.314 0.317 0.314 0.314 0.315 0.315 0.315 0.316 0.34 0.34 0.34 0.331 0.331 0.331 0.329 0.325 0.311 0.306 0.298 0.298 0.298 0.301 0.302 0.302 0.302 0.294 0.294 0.294 0.294 0.294 0.295 0.295 0.298 0.298 0.295 0.298 0.298 0.292 0.298 0.298 0.297 0.297 0.297 0.297 0.297 0.297 0.297 0.298 0.298 0.298 0.298 0.298 0.3 0.3 0.302 0.302 0.303 0.303 0.303 0.303 0.303 0.304 0.305 0.308 0.308 0.308 0.308 0.31 0.31 0.314 0.314 0.314 0.316 0.316 0.313 0.311 0.317 0.311 0.311 0.314 0.319 0.319 0.319 0.328 0.328 0.328 0.328 0.328 0.327 0.327 0.336 0.336 0.336 0.336 0.337 0.333 0.333 0.338 0.34 0.34 0.346 0.347 0.348 0.347 0.348 0.348 0.349 0.349 0.354 0.354 0.355 0.356 0.361 0.361 0.361 0.362 0.369 0.37 0.37 0.37 0.37 0.373 0.373 0.373 0.375 0.383 0.384 0.391 0.393 0.393 0.397 0.397 0.398 0.398 0.398 0.398 0.411 0.414 0.414 0.414 0.418 0.419 0.419 0.421 0.421 0.421 0.435 0.437 0.437 0.446 0.448 0.451 0.452 0.452 0.458 0.461 0.462 0.463 0.465 0.474 0.475 0.481 0.488 0.49 0.509 0.517 0.518 0.519 0.527 0.532 0.533 0.541 0.544 0.544 0.549 0.56 0.572 0.575 0.576 0.647 0.719 0.721 0.721 0.721 0.721 0.724 0.726 0.726 0.73 0.73 0.73 0.739 0.74 0.741 0.746 0.751 0.758 1.94 1.994 2.059 2.059 2.118 2.169 2.209 2.209 2.209 1.852 1.852 0.932 0.916 0.912 0.912 0.912 1.831 1.834 1.838 1.834 1.832 1.832 1.829 1.824 1.824 1.824 1.824 1.824 1.821 1.821 1.82 1.82 1.82 1.82 1.82 1.82 1.815 1.813 1.815 1.815 1.838 1.838 1.838 1.835 1.821 1.821 1.821 1.818 1.818 1.818 1.817 1.817 1.817 1.817 1.819 1.821 1.821 1.823 1.824 1.826 1.826 1.826 1.826 1.828 1.831 1.833 1.833 1.836 1.833 1.833 1.841 1.842 1.845 1.847 1.847 1.847 1.848 1.855 1.856 1.856 1.86 2.251 2.26 2.269 2.269 2.28 2.281 2.284 2.29 2.292 2.293 2.293 2.293 2.122 2.072 2.023 2.009 1.985 1.963 1.913 1.863 1.821 1.802 1.778 1.766 1.752 1.745 1.743 1.738 1.733 1.728 1.726 1.724 1.723 1.723 1.723 1.723 1.723 1.73 1.733 1.734 1.747 1.753 1.76 1.765 1.782 1.786 1.923 2.378 2.378 2.378 2.361 2.34 2.324 2.294 2.272 2.247 2.212 2.208 2.204 2.182 2.166 2.122 2.116 2.102 2.095 2.069 2.051 2.039 2.028 2.012 2 1.993 1.955 1.913 1.894 1.888 1.881 1.865 1.865 1.854 1.843 1.84 1.829 1.775 1.768 1.761 1.761 1.761 1.755 1.741 1.741 1.72 1.715 1.692 1.646 1.646 1.626 1.626 1.626 1.626 1.624 1.62 1.616 1.504 1.504 1.504 1.504 1.504 1.504 1.504 1.538 1.538 1.538 1.498 1.473 1.473 1.462 1.454 0.823 0.79 0.779 0.776 0.772 0.767 0.758 0.754 0.746 0.741 0.741 0.741 0.734 0.734 0.731 0.724 0.717 0.717 0.717 0.715 0.715 0.704 0.702 0.702 0.702 0.702 0.7 0.693 0.692 0.691 0.686 0.69 0.686 0.686 0.679 0.681 0.681 0.68 0.68 0.68 0.675 0.675 0.675 0.67 0.67 0.667 0.666 0.665 0.665 0.662 0.662 0.661 0.661 0.66 0.66 0.655 0.655 0.655 0.655 0.655 0.65 0.65 0.65 0.65 0.65 0.648 0.648 0.647 0.647 0.647 0.647 0.647 0.649 0.65 0.649 0.649 0.65 0.65 0.649 0.649 0.446 0.437 0.437 0.437 0.44 0.437 0.44 0.439 0.439 0.433 0.435 0.433 0.433 0.433 0.431 0.428 0.431 0.429 0.431 0.433 0.433 0.436 0.439 0.448 0.459 0.466 1.177 1.194 1.228 1.223 1.223 1.223 1.195 1.163 1.129 1.081 1.03 0.918 0.905 0.871 0.833 0.795 0.73 0.694 0.579 0.565 0.548 0.513 0.438 0.358 0.351 0.346 0.346 0.346 0.338 0.338 0.34 0.337 0.337 0.304 0.299 0.296 0.296 0.296 0.295 0.295 0.295 0.295 0.291 0.291 0.291 0.289 0.289 0.29 0.289 0.289 0.29 0.29 0.29 0.292 0.294 0.296 0.296 0.296 0.3 0.303 0.303 0.3 0.301 0.301 0.3 0.299 0.299 0.299 0.299 0.295 0.295 0.295 0.298 0.298 0.301 0.301 0.302 0.301 0.302 0.303 0.303 0.303 0.305 0.305 0.307 0.312 0.314 0.314 0.314 
1 1 1 1 1 1 1 1 1 1 1 1 1 1 1 1 1 1 1 1 1 1 1 1 1 1 1 1 1 1 1 1 1 1 1 1 1 1 1 1 1 1 1 1 1 1 1 1 1 1 1 1 1 1 1 1 1 1 1 1 1 1 1 1 1 1 1 1 1 1 1 1 1 1 1 1 1 1 1 1 1 1 1 1 1 1 1 1 1 1 1 1 1 1 1 1 1 1 1 1 1 1 1 1 1 1 1 1 1 1 1 1 1 1 1 1 1 1 1 1 1 1 1 1 1 1 1 1 1 1 1 1 1 1 1 1 1 1 1 1 1 1 1 1 1 1 1 1 1 1 1 1 1 1 1 1 1 1 1 1 1 1 1 1 1 1 1 1 1 1 1 1 1 1 1 1 1 1 1 1 1 1 1 1 1 1 1 1 1 1 1 1 1 1 1 1 1 1 1 1 1 1 1 1 1 1 1 1 1 1 1 1 1 1 1 1 1 1 1 1 1 1 1 1 1 1 1 1 1 1 1 1 1 1 1 1 1 1 1 1 1 1 1 1 1 1 1 1 1 1 1 1 1 1 1 1 1 1 1 1 1 1 1 1 1 1 1 1 1 1 1 1 1 1 1 1 1 1 1 1 1 1 1 1 1 1 1 1 1 1 1 1 1 1 1 1 1 1 1 1 1 1 1 1 1 1 1 1 1 1 1 1 1 1 1 1 1 1 1 1 1 1 1 1 1 1 1 1 1 1 1 1 1 1 1 1 1 1 1 1 1 1 1 1 1 1 1 1 1 1 1 1 1 1 1 1 1 1 1 1 1 1 1 1 1 1 1 1 1 1 1 1 1 1 1 1 1 1 1 1 1 1 1 1 1 1 1 1 1 1 1 1 1 1 1 1 1 1 1 1 1 1 1 1 1 1 1 1 1 1 1 1 1 1 1 1 1 1 1 1 1 1 1 1 1 1 1 1 1 1 1 1 1 1 1 1 1 1 1 1 1 1 1 1 1 1 1 1 1 1 1 1 1 1 1 1 1 1 1 1 1 1 1 1 1 1 1 1 1 1 1 1 1 1 1 1 1 1 1 1 1 1 1 1 1 1 1 1 1 1 1 1 1 1 1 1 1 1 1 1 1 1 1 1 1 1 1 1 1 1 1 1 1 1 1 1 1 1 1 1 1 1 1 1 1 1 1 1 1 1 1 1 1 1 1 1 1 1 1 1 1 1 1 1 1 1 1 1 1 1 1 1 1 1 1 1 1 1 1 1 1 1 1 1 1 1 1 1 1 1 1 1 1 1 1 1 1 1 1 1 1 1 1 1 1 1 1 1 1 1 1 1 1 1 1 1 1 1 1 1 1 1 1 1 1 1 1 1 1 1 1 1 1 1 1 1 1 1 1 1 1 1 1 1 1 1 1 1 1 1 1 1 1 1 1 1 1 1 1 1 1 1 1 1 1 1 1 1 1 1 1 1 1 1 1 1 1 1 1 1 1 1 1 1 1 1 1 1 1 1 1 1 1 1 1 1 1 1 1 1 1 1 
