# This file contains a 2D laser scan observation. 
# Its format is: 
# [aperture] [max_range] [number_of_scans] 
# [vector_of_scans] 
# [vector_of_valid_scans] 
# The aperture of the sensor is in radians, the maximum range 
# and measurements are in meters. '1' means a valid scan, '0' otherwise.
4.1847
5.6
682
0.348 0.347 0.347 0.347 0.345 0.343 0.343 0.342 0.342 0.338 0.338 0.337 0.337 0.334 0.334 0.334 0.333 0.334 0.333 0.332 0.332 0.33 0.329 0.327 0.329 0.327 0.327 0.327 0.327 0.327 0.325 0.325 0.319 0.316 0.316 0.316 0.314 0.314 0.315 0.315 0.316 0.316 0.316 0.316 0.314 0.314 0.32 0.32 0.32 0.32 0.32 0.317 0.316 0.313 0.313 0.31 0.309 0.31 0.31 0.309 0.312 0.313 0.313 0.311 0.311 0.311 0.31 0.307 0.307 0.31 0.304 0.311 0.311 0.311 0.32 0.323 0.324 0.328 0.339 0.349 0.369 0.369 0.374 0.374 0.362 0.336 0.326 0.324 0.31 0.308 0.306 0.306 0.306 0.299 0.312 0.312 0.312 0.312 0.312 0.312 0.312 0.304 0.312 0.312 0.31 0.304 0.306 0.306 0.31 0.311 0.311 0.311 0.306 0.306 0.306 0.306 0.312 0.312 0.312 0.311 0.311 0.309 0.309 0.309 0.309 0.311 0.312 0.315 0.321 0.321 0.317 0.317 0.321 0.323 0.326 0.326 0.326 0.33 0.323 0.323 0.326 0.332 0.34 0.34 0.34 0.34 0.341 0.341 0.341 0.347 0.348 0.348 0.347 0.348 0.349 0.35 0.351 0.353 0.353 0.353 0.353 0.362 0.364 0.364 0.36 0.364 0.362 0.362 0.368 0.368 0.368 0.368 0.371 0.374 0.377 0.379 0.379 0.381 0.381 0.382 0.386 0.397 0.645 0.695 0.699 0.705 0.711 0.755 0.771 0.78 0.786 0.789 0.791 0.796 0.796 0.809 0.819 0.83 0.83 0.83 0.83 0.83 0.518 0.516 0.515 0.514 0.515 0.514 0.514 0.514 0.519 0.518 0.519 0.521 0.521 0.522 0.522 0.521 0.52 0.52 0.52 0.522 0.522 0.524 0.525 0.532 0.535 0.709 0.945 1.107 1.126 1.131 1.146 1.165 1.185 1.194 1.215 1.245 1.26 1.265 1.288 1.31 1.323 1.345 1.367 1.394 1.399 1.432 1.432 1.432 1.422 0.68 0.679 0.674 0.673 0.673 0.677 0.677 0.695 1.826 1.873 1.892 1.873 1.873 1.604 1.597 1.595 1.595 1.593 1.588 1.581 1.579 1.578 1.577 1.575 1.575 1.575 1.573 1.573 1.57 1.56 1.559 1.556 1.555 1.551 1.549 1.548 1.548 1.546 1.546 1.549 1.549 1.549 1.549 1.549 1.543 1.543 1.542 1.542 1.542 1.542 1.542 1.544 1.542 1.544 1.547 1.556 1.564 1.582 1.582 1.582 1.557 1.553 1.551 1.551 1.552 1.553 1.552 1.552 1.554 1.552 1.548 1.551 1.551 1.548 1.551 1.552 1.552 1.548 1.552 1.548 1.548 1.547 1.558 1.55 1.562 1.562 1.563 1.563 1.566 1.569 1.571 1.574 1.575 1.575 1.575 1.575 1.575 1.588 1.959 1.976 1.986 1.988 1.988 1.994 2 2.006 2.009 2.014 2.014 2.006 1.895 1.829 1.784 1.754 1.723 1.697 1.673 1.649 1.615 1.587 1.547 1.534 1.514 1.498 1.486 1.469 1.46 1.451 1.447 1.441 1.436 1.427 1.421 1.418 1.418 1.416 1.416 1.416 1.417 1.417 1.419 1.424 1.424 1.425 1.431 1.439 1.444 1.45 1.461 1.463 1.479 1.492 1.499 1.534 2.069 2.069 2.069 2.051 2.034 2.007 1.946 1.928 1.928 1.934 1.934 1.918 1.934 1.911 1.894 1.833 1.833 1.806 1.811 1.811 1.806 1.805 1.778 1.746 1.739 1.735 1.728 1.696 1.662 1.649 1.644 1.639 1.637 1.632 1.613 1.612 1.598 1.598 1.593 1.577 1.574 1.53 1.523 1.523 1.523 1.523 1.523 1.511 1.505 1.501 1.493 1.482 1.478 1.47 1.463 1.442 1.404 1.404 1.381 1.404 1.413 1.413 1.409 1.409 1.393 1.378 1.365 1.362 1.313 1.275 1.275 1.274 1.275 1.282 1.282 1.288 1.315 1.315 1.298 1.298 1.29 1.289 1.281 1.27 1.27 1.27 1.271 1.273 1.274 1.273 1.271 1.271 1.264 1.26 1.259 1.249 1.246 1.207 1.184 1.184 1.179 1.184 1.184 1.154 0.657 0.647 0.637 0.631 0.628 0.62 0.617 0.617 0.614 0.613 0.609 0.608 0.606 0.605 0.601 0.598 0.595 0.595 0.595 0.595 0.593 0.591 0.585 0.585 0.585 0.585 0.585 0.585 0.579 0.577 0.579 0.578 0.578 0.575 0.578 0.576 0.575 0.573 0.576 0.573 0.571 0.573 0.569 0.569 0.573 0.573 0.568 0.573 0.57 0.57 0.571 0.571 0.57 0.57 0.569 0.566 0.566 0.569 0.569 0.565 0.572 0.569 0.565 0.569 0.569 0.563 0.563 0.576 0.563 0.57 0.576 0.57 0.568 0.57 0.572 0.568 0.572 0.573 0.572 0.573 0.574 0.573 0.574 0.574 0.57 0.57 0.577 0.574 0.574 0.577 0.578 0.583 0.583 0.586 0.586 0.586 0.589 0.593 0.589 0.588 0.588 0.588 0.588 0.591 0.596 0.599 0.599 0.601 0.604 0.611 1.061 1.061 1.061 1.045 1.011 1.008 0.99 0.968 0.955 0.932 0.923 0.91 0.889 0.874 0.871 0.851 0.839 0.81 0.81 0.709 0.49 0.488 0.485 0.484 0.478 0.477 0.474 0.468 0.464 0.463 0.454 0.453 0.453 0.452 0.448 0.439 0.439 0.439 0.44 0.445 0.447 0.448 0.448 0.447 0.447 0.448 0.448 0.448 0.452 0.457 0.457 0.47 0.567 0.567 0.567 0.566 0.563 0.56 0.557 0.55 0.544 0.544 0.544 
1 1 1 1 1 1 1 1 1 1 1 1 1 1 1 1 1 1 1 1 1 1 1 1 1 1 1 1 1 1 1 1 1 1 1 1 1 1 1 1 1 1 1 1 1 1 1 1 1 1 1 1 1 1 1 1 1 1 1 1 1 1 1 1 1 1 1 1 1 1 1 1 1 1 1 1 1 1 1 1 1 1 1 1 1 1 1 1 1 1 1 1 1 1 1 1 1 1 1 1 1 1 1 1 1 1 1 1 1 1 1 1 1 1 1 1 1 1 1 1 1 1 1 1 1 1 1 1 1 1 1 1 1 1 1 1 1 1 1 1 1 1 1 1 1 1 1 1 1 1 1 1 1 1 1 1 1 1 1 1 1 1 1 1 1 1 1 1 1 1 1 1 1 1 1 1 1 1 1 1 1 1 1 1 1 1 1 1 1 1 1 1 1 1 1 1 1 1 1 1 1 1 1 1 1 1 1 1 1 1 1 1 1 1 1 1 1 1 1 1 1 1 1 1 1 1 1 1 1 1 1 1 1 1 1 1 1 1 1 1 1 1 1 1 1 1 1 1 1 1 1 1 1 1 1 1 1 1 1 1 1 1 1 1 1 1 1 1 1 1 1 1 1 1 1 1 1 1 1 1 1 1 1 1 1 1 1 1 1 1 1 1 1 1 1 1 1 1 1 1 1 1 1 1 1 1 1 1 1 1 1 1 1 1 1 1 1 1 1 1 1 1 1 1 1 1 1 1 1 1 1 1 1 1 1 1 1 1 1 1 1 1 1 1 1 1 1 1 1 1 1 1 1 1 1 1 1 1 1 1 1 1 1 1 1 1 1 1 1 1 1 1 1 1 1 1 1 1 1 1 1 1 1 1 1 1 1 1 1 1 1 1 1 1 1 1 1 1 1 1 1 1 1 1 1 1 1 1 1 1 1 1 1 1 1 1 1 1 1 1 1 1 1 1 1 1 1 1 1 1 1 1 1 1 1 1 1 1 1 1 1 1 1 1 1 1 1 1 1 1 1 1 1 1 1 1 1 1 1 1 1 1 1 1 1 1 1 1 1 1 1 1 1 1 1 1 1 1 1 1 1 1 1 1 1 1 1 1 1 1 1 1 1 1 1 1 1 1 1 1 1 1 1 1 1 1 1 1 1 1 1 1 1 1 1 1 1 1 1 1 1 1 1 1 1 1 1 1 1 1 1 1 1 1 1 1 1 1 1 1 1 1 1 1 1 1 1 1 1 1 1 1 1 1 1 1 1 1 1 1 1 1 1 1 1 1 1 1 1 1 1 1 1 1 1 1 1 1 1 1 1 1 1 1 1 1 1 1 1 1 1 1 1 1 1 1 1 1 1 1 1 1 1 1 1 1 1 1 1 1 1 1 1 1 1 1 1 1 1 1 1 1 1 1 1 1 1 1 1 1 1 1 1 1 1 1 1 1 1 1 1 1 1 1 1 1 1 1 1 1 1 1 1 1 1 1 1 1 1 1 1 1 1 1 1 1 1 1 1 1 1 1 1 1 1 1 1 1 1 1 1 1 
