# This file contains a 2D laser scan observation. 
# Its format is: 
# [aperture] [max_range] [number_of_scans] 
# [vector_of_scans] 
# [vector_of_valid_scans] 
# The aperture of the sensor is in radians, the maximum range 
# and measurements are in meters. '1' means a valid scan, '0' otherwise.
4.1847
5.6
682
0.698 0.695 0.692 0.692 0.692 0.692 0.692 0.69 0.688 0.688 0.687 0.688 0.687 0.687 0.686 0.686 0.686 0.686 0.686 0.688 0.688 0.687 0.687 0.687 0.687 0.687 0.687 0.687 0.63 0.466 0.454 0.451 0.451 0.448 0.445 0.441 0.439 0.438 0.438 0.436 0.436 0.436 0.436 0.436 0.431 0.427 0.427 0.427 0.426 0.425 0.426 0.426 0.427 0.427 0.427 0.427 0.43 0.569 0.644 0.658 0.672 0.695 0.7 0.7 0.7 0.7 0.702 0.702 0.705 0.707 0.712 0.712 0.709 0.711 0.709 0.709 0.711 0.714 0.715 0.716 0.716 0.717 0.729 0.729 0.729 0.729 0.735 0.735 0.735 0.733 0.733 0.733 0.74 0.74 0.74 0.742 0.747 0.742 0.742 0.687 0.67 0.67 0.669 0.669 0.669 0.669 0.669 0.671 0.671 0.669 0.671 0.671 0.668 0.668 0.668 0.663 0.61 0.451 0.447 0.447 0.451 0.449 0.449 0.452 0.449 0.449 0.45 0.457 0.457 0.457 0.458 0.46 0.463 0.468 0.471 0.471 0.474 0.475 0.482 0.497 0.876 0.882 0.889 0.889 0.891 0.893 0.893 0.905 0.907 0.907 0.92 0.927 0.931 0.933 0.942 0.947 0.954 0.968 0.974 0.974 0.988 0.99 0.997 0.998 0.999 1.015 1.02 1.034 1.039 1.054 1.056 1.058 1.066 1.076 1.09 1.095 1.107 1.117 1.121 1.127 1.14 1.158 1.165 1.187 1.192 1.207 1.21 1.234 1.242 1.251 1.267 1.275 1.285 1.304 1.31 1.33 1.347 1.361 1.375 1.396 1.412 1.423 1.447 1.447 1.447 1.274 1.269 1.269 1.264 1.264 1.263 1.256 1.256 1.252 1.251 1.246 1.234 1.23 1.229 1.227 1.223 1.217 1.217 1.217 1.215 1.214 1.214 1.21 1.21 1.205 1.198 1.197 1.197 1.192 1.192 1.186 1.185 1.185 1.185 1.183 1.174 1.172 1.172 1.172 1.171 1.168 1.168 1.162 1.162 1.162 1.159 1.159 1.159 1.159 1.154 1.152 1.152 1.152 1.152 1.15 1.15 1.15 1.149 1.146 1.144 1.143 1.135 1.135 1.135 1.135 1.144 1.148 1.148 1.148 1.144 1.143 1.143 1.143 1.14 1.143 1.139 1.139 1.144 1.145 1.144 1.145 1.145 1.141 1.141 1.138 1.138 1.138 1.139 1.139 1.139 1.14 1.139 1.14 1.144 1.144 1.144 1.144 1.144 1.144 1.149 1.144 1.149 1.151 1.153 1.153 1.153 1.154 1.149 1.149 1.159 1.542 1.552 1.553 1.553 1.553 1.558 1.56 1.562 1.564 1.566 1.566 1.574 1.574 1.574 1.574 1.583 1.586 1.586 1.586 1.586 1.479 1.437 1.383 1.378 1.354 1.338 1.326 1.325 1.287 1.259 1.216 1.189 1.161 1.139 1.123 1.09 1.086 1.07 1.065 1.05 1.044 1.029 1.028 1.025 1.023 1.021 1.017 1.017 1.017 1.015 1.012 1.011 1.01 1.01 1.01 1.01 1.012 1.014 1.015 1.016 1.02 1.023 1.029 1.029 1.031 1.036 1.042 1.047 1.053 1.063 1.075 1.087 1.099 1.132 1.643 1.643 1.643 1.629 1.626 1.612 1.589 1.581 1.578 1.562 1.544 1.532 1.53 1.524 1.521 1.518 1.503 1.496 1.476 1.466 1.458 1.448 1.439 1.43 1.426 1.413 1.402 1.399 1.391 1.374 1.372 1.368 1.365 1.345 1.326 1.326 1.322 1.322 1.285 1.281 1.278 1.263 1.26 1.26 1.244 1.238 1.236 1.23 1.228 1.228 1.228 1.223 1.218 1.217 1.213 1.21 1.201 1.201 1.195 1.187 1.125 1.125 1.125 1.16 1.16 1.16 1.152 1.148 1.135 1.135 1.139 1.139 1.137 1.137 1.133 1.125 1.119 1.119 1.111 1.108 1.106 1.081 1.037 1.037 1.037 1.045 1.057 1.064 1.065 1.065 1.065 1.062 1.044 1.044 1.044 1.051 1.051 1.053 1.053 1.052 1.052 1.052 1.049 0.947 0.947 0.947 0.962 0.968 0.977 0.977 0.977 0.981 0.981 0.983 0.993 0.997 1.011 1.011 1.011 0.999 0.99 0.985 0.99 0.985 0.985 0.992 0.997 0.997 0.998 0.998 0.998 1.007 1.011 1.011 1.013 1.011 1.011 0.999 0.998 0.992 0.987 0.98 0.968 0.968 0.946 0.946 0.963 0.988 0.963 1.006 1.006 0.983 0.954 0.983 0.983 0.997 1.004 1.004 1.004 0.977 0.973 0.968 0.968 0.977 1.006 1.009 1.009 1.008 1.006 1.007 1.007 1.007 1.009 1.011 1.014 1.015 1.015 1.015 1.014 1.01 1.005 1.007 1.007 1.007 1.007 1.007 1.007 0.999 0.999 0.985 0.88 0.7 0.62 0.588 0.571 0.553 0.541 0.535 0.531 0.527 0.525 0.515 0.514 0.514 0.514 0.514 0.514 0.513 0.508 0.502 0.502 0.502 0.502 0.497 0.497 0.495 0.495 0.495 0.495 0.495 0.495 0.494 0.494 0.493 0.493 0.493 0.493 0.493 0.492 0.492 0.493 0.494 0.495 0.495 0.496 0.496 0.496 0.496 0.496 0.496 0.497 0.498 0.5 0.5 0.501 0.501 0.501 0.501 0.501 0.502 0.505 0.506 0.511 0.511 0.515 0.515 0.516 0.516 0.517 0.521 0.521 0.525 0.526 0.532 0.533 0.536 0.536 0.536 0.537 0.537 0.543 0.553 0.556 0.556 0.556 0.563 0.565 0.566 0.569 0.572 0.576 0.578 0.584 0.584 0.589 0.59 0.591 0.596 0.603 0.605 0.613 0.617 0.622 
1 1 1 1 1 1 1 1 1 1 1 1 1 1 1 1 1 1 1 1 1 1 1 1 1 1 1 1 1 1 1 1 1 1 1 1 1 1 1 1 1 1 1 1 1 1 1 1 1 1 1 1 1 1 1 1 1 1 1 1 1 1 1 1 1 1 1 1 1 1 1 1 1 1 1 1 1 1 1 1 1 1 1 1 1 1 1 1 1 1 1 1 1 1 1 1 1 1 1 1 1 1 1 1 1 1 1 1 1 1 1 1 1 1 1 1 1 1 1 1 1 1 1 1 1 1 1 1 1 1 1 1 1 1 1 1 1 1 1 1 1 1 1 1 1 1 1 1 1 1 1 1 1 1 1 1 1 1 1 1 1 1 1 1 1 1 1 1 1 1 1 1 1 1 1 1 1 1 1 1 1 1 1 1 1 1 1 1 1 1 1 1 1 1 1 1 1 1 1 1 1 1 1 1 1 1 1 1 1 1 1 1 1 1 1 1 1 1 1 1 1 1 1 1 1 1 1 1 1 1 1 1 1 1 1 1 1 1 1 1 1 1 1 1 1 1 1 1 1 1 1 1 1 1 1 1 1 1 1 1 1 1 1 1 1 1 1 1 1 1 1 1 1 1 1 1 1 1 1 1 1 1 1 1 1 1 1 1 1 1 1 1 1 1 1 1 1 1 1 1 1 1 1 1 1 1 1 1 1 1 1 1 1 1 1 1 1 1 1 1 1 1 1 1 1 1 1 1 1 1 1 1 1 1 1 1 1 1 1 1 1 1 1 1 1 1 1 1 1 1 1 1 1 1 1 1 1 1 1 1 1 1 1 1 1 1 1 1 1 1 1 1 1 1 1 1 1 1 1 1 1 1 1 1 1 1 1 1 1 1 1 1 1 1 1 1 1 1 1 1 1 1 1 1 1 1 1 1 1 1 1 1 1 1 1 1 1 1 1 1 1 1 1 1 1 1 1 1 1 1 1 1 1 1 1 1 1 1 1 1 1 1 1 1 1 1 1 1 1 1 1 1 1 1 1 1 1 1 1 1 1 1 1 1 1 1 1 1 1 1 1 1 1 1 1 1 1 1 1 1 1 1 1 1 1 1 1 1 1 1 1 1 1 1 1 1 1 1 1 1 1 1 1 1 1 1 1 1 1 1 1 1 1 1 1 1 1 1 1 1 1 1 1 1 1 1 1 1 1 1 1 1 1 1 1 1 1 1 1 1 1 1 1 1 1 1 1 1 1 1 1 1 1 1 1 1 1 1 1 1 1 1 1 1 1 1 1 1 1 1 1 1 1 1 1 1 1 1 1 1 1 1 1 1 1 1 1 1 1 1 1 1 1 1 1 1 1 1 1 1 1 1 1 1 1 1 1 1 1 1 1 1 1 1 1 1 1 1 1 1 1 1 1 1 1 1 1 1 1 1 1 1 1 1 1 1 1 1 1 1 1 1 1 1 1 1 1 1 1 1 1 1 1 1 1 1 1 1 1 1 1 1 1 1 1 1 1 1 1 1 1 1 1 1 1 1 1 1 1 1 1 1 
