# This file contains a 2D laser scan observation. 
# Its format is: 
# [aperture] [max_range] [number_of_scans] 
# [vector_of_scans] 
# [vector_of_valid_scans] 
# The aperture of the sensor is in radians, the maximum range 
# and measurements are in meters. '1' means a valid scan, '0' otherwise.
4.1847
5.6
682
0.49 0.485 0.48 0.48 0.479 0.477 0.474 0.468 0.466 0.462 0.46 0.462 0.46 0.462 0.462 0.464 0.462 0.462 0.462 0.465 0.594 0.672 0.676 0.679 0.679 0.679 0.677 0.677 0.677 0.677 0.682 0.682 0.685 0.682 0.682 0.688 0.698 0.721 0.721 0.722 0.722 0.724 0.724 0.724 0.724 0.726 0.725 0.725 0.728 0.725 0.725 0.729 0.729 0.729 0.729 0.729 0.729 0.732 0.732 0.733 0.733 0.734 0.733 0.733 0.734 0.734 0.733 0.738 0.738 0.738 0.738 0.741 0.741 0.734 0.726 0.672 0.662 0.658 0.494 0.442 0.442 0.434 0.442 0.446 0.446 0.441 0.445 0.445 0.445 0.446 0.449 0.449 0.45 0.45 0.455 0.456 0.456 0.456 0.459 0.46 0.46 0.462 0.464 0.467 0.468 0.474 0.769 0.797 0.799 0.801 0.811 0.817 0.819 0.821 0.828 0.834 0.835 0.835 0.835 0.835 0.838 0.841 0.849 0.852 0.855 0.856 0.861 0.862 0.865 0.869 0.87 0.878 0.882 0.887 0.888 0.89 0.894 0.902 0.903 0.903 0.912 0.912 0.912 0.926 0.928 0.943 0.945 0.946 0.952 0.962 0.967 0.972 0.973 0.982 0.986 0.988 0.997 1.009 1.012 1.019 1.026 1.029 1.033 1.047 1.048 1.049 1.059 1.068 1.079 1.09 1.094 1.103 1.112 1.122 1.127 1.141 1.144 1.161 1.171 1.173 1.187 1.198 1.21 1.223 1.231 1.244 1.261 1.272 1.288 1.299 1.311 1.329 1.333 1.351 1.351 1.351 1.252 1.197 1.197 1.196 1.195 1.182 1.176 1.175 1.174 1.169 1.166 1.162 1.161 1.154 1.152 1.15 1.146 1.143 1.138 1.136 1.136 1.133 1.129 1.128 1.126 1.121 1.116 1.109 1.109 1.104 1.104 1.104 1.098 1.098 1.096 1.096 1.092 1.091 1.091 1.091 1.091 1.09 1.08 1.072 1.071 1.071 1.068 1.068 1.068 1.068 1.062 1.062 1.06 1.06 1.06 1.06 1.054 1.052 1.052 1.052 1.05 1.052 1.052 1.05 1.049 1.047 1.044 1.045 1.044 1.045 1.044 1.044 1.043 1.044 1.041 1.041 1.041 1.048 1.041 1.042 1.041 1.041 1.041 1.041 1.041 1.041 1.041 1.042 1.042 1.049 1.049 1.049 1.047 1.046 1.037 1.037 1.034 1.034 1.034 1.034 1.034 1.04 1.04 1.037 1.039 1.039 1.037 1.039 1.043 1.044 1.043 1.048 1.048 1.049 1.049 1.049 1.053 1.053 1.053 1.383 1.431 1.433 1.436 1.436 1.441 1.45 1.45 1.453 1.454 1.454 1.456 1.456 1.456 1.458 1.461 1.469 1.472 1.474 1.474 1.472 1.39 1.377 1.303 1.27 1.255 1.238 1.231 1.226 1.226 1.193 1.155 1.122 1.101 1.072 1.049 1.034 1.012 0.993 0.97 0.955 0.949 0.947 0.943 0.933 0.927 0.925 0.923 0.922 0.919 0.917 0.915 0.912 0.91 0.904 0.904 0.904 0.906 0.906 0.906 0.91 0.906 0.909 0.909 0.909 0.909 0.912 0.913 0.922 0.928 0.928 0.93 0.93 0.93 0.948 0.95 0.96 0.965 0.988 0.996 1.028 1.521 1.521 1.521 1.507 1.502 1.492 1.473 1.459 1.454 1.433 1.432 1.432 1.43 1.419 1.414 1.405 1.401 1.394 1.377 1.369 1.364 1.361 1.345 1.338 1.325 1.324 1.323 1.308 1.299 1.295 1.287 1.283 1.275 1.273 1.267 1.253 1.245 1.239 1.236 1.226 1.217 1.203 1.192 1.187 1.187 1.164 1.158 1.158 1.158 1.145 1.145 1.144 1.143 1.143 1.143 1.137 1.137 1.128 1.126 1.12 1.118 1.118 1.112 1.104 1.092 1.087 1.028 1.028 1.028 1.089 1.089 1.089 1.073 1.066 1.051 1.051 1.061 1.061 1.06 1.06 1.057 1.053 1.051 1.049 1.045 1.043 1.035 1.031 1.03 1 0.969 0.969 0.967 0.967 0.972 0.972 0.983 0.984 0.984 0.983 0.984 0.983 0.983 0.983 0.983 0.983 0.984 0.984 0.984 0.988 0.988 0.982 0.982 0.982 0.939 0.92 0.888 0.92 0.927 0.927 0.927 0.933 0.933 0.936 0.936 0.937 0.937 0.942 0.943 0.943 0.958 0.958 0.958 0.931 0.95 0.944 0.944 0.95 0.96 0.962 0.969 0.965 0.975 0.978 0.975 0.965 0.965 0.965 0.96 0.965 0.96 0.958 0.948 0.947 0.938 0.928 0.912 0.912 0.912 0.915 0.917 0.92 0.92 0.943 0.943 0.943 0.938 0.943 0.951 0.951 0.951 0.951 0.949 0.938 0.938 0.938 0.953 0.955 0.987 0.989 0.99 0.99 0.993 0.997 0.996 0.996 0.997 0.997 0.998 0.998 0.998 0.991 0.991 0.99 0.99 0.997 0.997 0.997 0.997 0.997 0.996 0.996 0.996 1.013 1.013 1.02 1.02 1.026 1.026 1.026 1.023 1.023 0.834 0.656 0.633 0.616 0.593 0.586 0.578 0.565 0.561 0.558 0.549 0.547 0.544 0.544 0.541 0.539 0.532 0.53 0.529 0.525 0.525 0.522 0.522 0.522 0.525 0.519 0.511 0.511 0.511 0.511 0.512 0.512 0.517 0.517 0.516 0.514 0.514 0.514 0.514 0.513 0.513 0.514 0.513 0.514 0.515 0.515 0.516 0.519 0.517 0.516 0.517 0.518 0.518 0.521 0.522 0.524 0.526 0.526 0.526 0.528 0.534 0.535 0.536 0.539 0.539 0.543 0.544 0.551 0.551 0.553 0.555 0.555 0.559 0.568 
1 1 1 1 1 1 1 1 1 1 1 1 1 1 1 1 1 1 1 1 1 1 1 1 1 1 1 1 1 1 1 1 1 1 1 1 1 1 1 1 1 1 1 1 1 1 1 1 1 1 1 1 1 1 1 1 1 1 1 1 1 1 1 1 1 1 1 1 1 1 1 1 1 1 1 1 1 1 1 1 1 1 1 1 1 1 1 1 1 1 1 1 1 1 1 1 1 1 1 1 1 1 1 1 1 1 1 1 1 1 1 1 1 1 1 1 1 1 1 1 1 1 1 1 1 1 1 1 1 1 1 1 1 1 1 1 1 1 1 1 1 1 1 1 1 1 1 1 1 1 1 1 1 1 1 1 1 1 1 1 1 1 1 1 1 1 1 1 1 1 1 1 1 1 1 1 1 1 1 1 1 1 1 1 1 1 1 1 1 1 1 1 1 1 1 1 1 1 1 1 1 1 1 1 1 1 1 1 1 1 1 1 1 1 1 1 1 1 1 1 1 1 1 1 1 1 1 1 1 1 1 1 1 1 1 1 1 1 1 1 1 1 1 1 1 1 1 1 1 1 1 1 1 1 1 1 1 1 1 1 1 1 1 1 1 1 1 1 1 1 1 1 1 1 1 1 1 1 1 1 1 1 1 1 1 1 1 1 1 1 1 1 1 1 1 1 1 1 1 1 1 1 1 1 1 1 1 1 1 1 1 1 1 1 1 1 1 1 1 1 1 1 1 1 1 1 1 1 1 1 1 1 1 1 1 1 1 1 1 1 1 1 1 1 1 1 1 1 1 1 1 1 1 1 1 1 1 1 1 1 1 1 1 1 1 1 1 1 1 1 1 1 1 1 1 1 1 1 1 1 1 1 1 1 1 1 1 1 1 1 1 1 1 1 1 1 1 1 1 1 1 1 1 1 1 1 1 1 1 1 1 1 1 1 1 1 1 1 1 1 1 1 1 1 1 1 1 1 1 1 1 1 1 1 1 1 1 1 1 1 1 1 1 1 1 1 1 1 1 1 1 1 1 1 1 1 1 1 1 1 1 1 1 1 1 1 1 1 1 1 1 1 1 1 1 1 1 1 1 1 1 1 1 1 1 1 1 1 1 1 1 1 1 1 1 1 1 1 1 1 1 1 1 1 1 1 1 1 1 1 1 1 1 1 1 1 1 1 1 1 1 1 1 1 1 1 1 1 1 1 1 1 1 1 1 1 1 1 1 1 1 1 1 1 1 1 1 1 1 1 1 1 1 1 1 1 1 1 1 1 1 1 1 1 1 1 1 1 1 1 1 1 1 1 1 1 1 1 1 1 1 1 1 1 1 1 1 1 1 1 1 1 1 1 1 1 1 1 1 1 1 1 1 1 1 1 1 1 1 1 1 1 1 1 1 1 1 1 1 1 1 1 1 1 1 1 1 1 1 1 1 1 1 1 1 1 1 1 1 1 1 1 1 1 1 1 1 1 1 1 1 1 1 1 1 1 1 1 1 1 1 1 1 1 1 1 1 1 1 1 1 1 1 1 1 1 1 1 1 1 1 1 
