# This file contains a 2D laser scan observation. 
# Its format is: 
# [aperture] [max_range] [number_of_scans] 
# [vector_of_scans] 
# [vector_of_valid_scans] 
# The aperture of the sensor is in radians, the maximum range 
# and measurements are in meters. '1' means a valid scan, '0' otherwise.
4.1847
5.6
682
0.709 0.708 0.708 0.708 0.708 0.707 0.707 0.707 0.7 0.7 0.7 0.7 0.7 0.7 0.7 0.697 0.693 0.693 0.508 0.469 0.466 0.466 0.464 0.464 0.459 0.453 0.453 0.449 0.449 0.447 0.442 0.442 0.439 0.441 0.441 0.438 0.435 0.433 0.433 0.433 0.434 0.434 0.434 0.434 0.434 0.547 0.658 0.659 0.66 0.66 0.661 0.661 0.661 0.698 0.698 0.699 0.706 0.708 0.709 0.716 0.716 0.716 0.716 0.712 0.712 0.712 0.713 0.717 0.717 0.717 0.721 0.725 0.725 0.722 0.725 0.725 0.725 0.729 0.729 0.73 0.73 0.73 0.734 0.736 0.736 0.738 0.736 0.738 0.743 0.743 0.743 0.743 0.699 0.671 0.671 0.67 0.671 0.672 0.672 0.671 0.671 0.669 0.661 0.661 0.654 0.647 0.647 0.456 0.449 0.448 0.449 0.448 0.447 0.447 0.447 0.447 0.449 0.449 0.449 0.454 0.457 0.457 0.459 0.465 0.466 0.468 0.468 0.47 0.474 0.476 0.485 0.693 0.84 0.853 0.86 0.861 0.862 0.869 0.875 0.877 0.877 0.894 0.896 0.902 0.903 0.91 0.912 0.914 0.914 0.931 0.935 0.937 0.938 0.939 0.945 0.955 0.958 0.967 0.975 0.977 0.981 0.994 0.997 1.005 1.008 1.019 1.023 1.028 1.033 1.047 1.061 1.067 1.071 1.084 1.087 1.091 1.108 1.111 1.125 1.135 1.154 1.161 1.174 1.182 1.187 1.206 1.212 1.219 1.235 1.253 1.261 1.263 1.284 1.297 1.319 1.331 1.35 1.356 1.374 1.386 1.409 1.425 1.425 1.425 1.257 1.255 1.254 1.247 1.244 1.233 1.232 1.229 1.226 1.229 1.226 1.223 1.219 1.219 1.217 1.2 1.198 1.197 1.196 1.194 1.193 1.186 1.186 1.186 1.182 1.182 1.182 1.178 1.171 1.17 1.17 1.164 1.164 1.164 1.155 1.151 1.15 1.15 1.149 1.138 1.138 1.137 1.137 1.138 1.138 1.138 1.138 1.138 1.138 1.138 1.136 1.134 1.132 1.126 1.126 1.122 1.122 1.12 1.12 1.12 1.118 1.116 1.118 1.116 1.114 1.114 1.12 1.12 1.12 1.12 1.12 1.115 1.115 1.115 1.111 1.111 1.111 1.111 1.117 1.12 1.125 1.126 1.126 1.126 1.121 1.119 1.116 1.116 1.116 1.117 1.117 1.117 1.117 1.118 1.117 1.119 1.12 1.12 1.121 1.123 1.123 1.121 1.12 1.12 1.12 1.12 1.121 1.128 1.129 1.133 1.134 1.141 1.521 1.521 1.523 1.521 1.523 1.523 1.533 1.533 1.538 1.539 1.544 1.544 1.546 1.548 1.549 1.555 1.555 1.555 1.549 1.496 1.433 1.38 1.334 1.317 1.298 1.293 1.29 1.29 1.279 1.207 1.173 1.16 1.124 1.111 1.088 1.07 1.046 1.046 1.025 1.025 1.019 1.011 1 0.996 0.995 0.995 0.995 0.995 0.985 0.984 0.98 0.979 0.98 0.979 0.979 0.979 0.981 0.981 0.982 0.984 0.985 0.986 0.986 0.987 0.991 0.997 1.006 1.009 1.009 1.019 1.024 1.025 1.039 1.057 1.067 1.086 1.121 1.603 1.603 1.603 1.59 1.588 1.569 1.548 1.541 1.529 1.506 1.506 1.506 1.495 1.49 1.48 1.465 1.463 1.447 1.441 1.413 1.403 1.392 1.392 1.392 1.348 1.348 1.347 1.347 1.344 1.34 1.331 1.326 1.324 1.314 1.308 1.305 1.295 1.276 1.26 1.255 1.24 1.237 1.236 1.234 1.232 1.228 1.228 1.216 1.212 1.212 1.197 1.197 1.196 1.196 1.189 1.187 1.186 1.181 1.168 1.141 1.096 1.096 1.096 1.14 1.14 1.14 1.13 1.13 1.127 1.127 1.127 1.126 1.122 1.121 1.116 1.115 1.106 1.106 1.101 1.097 1.082 1.063 1.042 1.031 1.031 1.036 1.042 1.04 1.062 1.062 1.04 1.039 1.038 1.038 1.039 1.035 1.034 1.043 1.043 1.04 1.04 1.04 1.035 0.942 0.942 0.942 0.945 0.954 0.954 0.954 0.969 0.995 0.969 0.98 0.98 0.998 0.992 0.992 0.998 0.992 0.986 0.981 0.981 0.976 0.981 0.981 0.991 0.991 0.991 0.991 0.991 0.995 0.998 0.998 0.998 1.004 0.998 0.998 0.994 0.989 0.982 0.976 0.967 0.943 0.943 0.943 0.923 0.972 0.972 0.94 0.94 0.941 0.941 0.965 0.981 0.981 0.981 0.984 0.981 0.977 0.969 0.962 0.962 0.969 0.993 0.999 1 1 1 1.003 1.008 1.01 1.01 1.01 1.01 1.01 1.009 1.009 1.009 1.004 1.003 1.004 1.004 1.003 1.006 1.006 1.006 0.994 1.019 1.019 1.019 0.988 0.706 0.624 0.591 0.576 0.558 0.555 0.545 0.538 0.531 0.526 0.526 0.517 0.516 0.516 0.516 0.512 0.506 0.506 0.505 0.505 0.505 0.498 0.497 0.497 0.497 0.493 0.497 0.497 0.497 0.497 0.499 0.497 0.499 0.501 0.501 0.501 0.501 0.499 0.497 0.497 0.494 0.493 0.494 0.494 0.494 0.494 0.494 0.494 0.501 0.502 0.506 0.503 0.503 0.505 0.505 0.504 0.505 0.505 0.504 0.506 0.507 0.512 0.512 0.516 0.516 0.516 0.518 0.525 0.526 0.527 0.527 0.534 0.529 0.534 0.538 0.546 0.549 0.553 0.557 0.557 0.557 0.557 0.563 0.57 0.57 0.57 0.576 0.577 0.582 0.589 0.596 0.596 0.598 0.6 0.602 0.603 0.609 
1 1 1 1 1 1 1 1 1 1 1 1 1 1 1 1 1 1 1 1 1 1 1 1 1 1 1 1 1 1 1 1 1 1 1 1 1 1 1 1 1 1 1 1 1 1 1 1 1 1 1 1 1 1 1 1 1 1 1 1 1 1 1 1 1 1 1 1 1 1 1 1 1 1 1 1 1 1 1 1 1 1 1 1 1 1 1 1 1 1 1 1 1 1 1 1 1 1 1 1 1 1 1 1 1 1 1 1 1 1 1 1 1 1 1 1 1 1 1 1 1 1 1 1 1 1 1 1 1 1 1 1 1 1 1 1 1 1 1 1 1 1 1 1 1 1 1 1 1 1 1 1 1 1 1 1 1 1 1 1 1 1 1 1 1 1 1 1 1 1 1 1 1 1 1 1 1 1 1 1 1 1 1 1 1 1 1 1 1 1 1 1 1 1 1 1 1 1 1 1 1 1 1 1 1 1 1 1 1 1 1 1 1 1 1 1 1 1 1 1 1 1 1 1 1 1 1 1 1 1 1 1 1 1 1 1 1 1 1 1 1 1 1 1 1 1 1 1 1 1 1 1 1 1 1 1 1 1 1 1 1 1 1 1 1 1 1 1 1 1 1 1 1 1 1 1 1 1 1 1 1 1 1 1 1 1 1 1 1 1 1 1 1 1 1 1 1 1 1 1 1 1 1 1 1 1 1 1 1 1 1 1 1 1 1 1 1 1 1 1 1 1 1 1 1 1 1 1 1 1 1 1 1 1 1 1 1 1 1 1 1 1 1 1 1 1 1 1 1 1 1 1 1 1 1 1 1 1 1 1 1 1 1 1 1 1 1 1 1 1 1 1 1 1 1 1 1 1 1 1 1 1 1 1 1 1 1 1 1 1 1 1 1 1 1 1 1 1 1 1 1 1 1 1 1 1 1 1 1 1 1 1 1 1 1 1 1 1 1 1 1 1 1 1 1 1 1 1 1 1 1 1 1 1 1 1 1 1 1 1 1 1 1 1 1 1 1 1 1 1 1 1 1 1 1 1 1 1 1 1 1 1 1 1 1 1 1 1 1 1 1 1 1 1 1 1 1 1 1 1 1 1 1 1 1 1 1 1 1 1 1 1 1 1 1 1 1 1 1 1 1 1 1 1 1 1 1 1 1 1 1 1 1 1 1 1 1 1 1 1 1 1 1 1 1 1 1 1 1 1 1 1 1 1 1 1 1 1 1 1 1 1 1 1 1 1 1 1 1 1 1 1 1 1 1 1 1 1 1 1 1 1 1 1 1 1 1 1 1 1 1 1 1 1 1 1 1 1 1 1 1 1 1 1 1 1 1 1 1 1 1 1 1 1 1 1 1 1 1 1 1 1 1 1 1 1 1 1 1 1 1 1 1 1 1 1 1 1 1 1 1 1 1 1 1 1 1 1 1 1 1 1 1 1 1 1 1 1 1 1 1 1 1 1 1 1 1 1 1 1 1 1 1 1 1 1 1 1 1 1 1 1 1 1 1 1 1 1 1 1 1 1 1 1 1 1 1 1 1 1 1 1 
