# This file contains a 2D laser scan observation. 
# Its format is: 
# [aperture] [max_range] [number_of_scans] 
# [vector_of_scans] 
# [vector_of_valid_scans] 
# The aperture of the sensor is in radians, the maximum range 
# and measurements are in meters. '1' means a valid scan, '0' otherwise.
4.1847
5.6
682
0.312 0.312 0.312 0.312 0.313 0.313 0.308 0.307 0.307 0.303 0.301 0.299 0.299 0.3 0.3 0.298 0.295 0.295 0.295 0.295 0.299 0.299 0.299 0.297 0.297 0.297 0.296 0.296 0.296 0.296 0.295 0.294 0.293 0.293 0.289 0.285 0.285 0.291 0.285 0.287 0.287 0.287 0.287 0.29 0.293 0.293 0.293 0.293 0.292 0.291 0.292 0.292 0.292 0.291 0.291 0.291 0.291 0.3 0.305 0.305 0.321 0.326 0.329 0.336 0.336 0.336 0.326 0.308 0.307 0.294 0.293 0.293 0.293 0.293 0.293 0.291 0.291 0.286 0.291 0.291 0.291 0.29 0.29 0.289 0.284 0.284 0.289 0.29 0.292 0.293 0.292 0.292 0.292 0.292 0.292 0.293 0.297 0.297 0.297 0.297 0.297 0.296 0.296 0.295 0.295 0.297 0.297 0.297 0.302 0.302 0.302 0.302 0.302 0.302 0.302 0.302 0.302 0.301 0.301 0.3 0.302 0.3 0.302 0.301 0.302 0.302 0.303 0.306 0.308 0.312 0.312 0.312 0.312 0.304 0.304 0.311 0.311 0.313 0.32 0.322 0.322 0.322 0.322 0.322 0.319 0.319 0.321 0.321 0.326 0.327 0.327 0.328 0.33 0.333 0.333 0.338 0.338 0.338 0.339 0.339 0.339 0.34 0.347 0.35 0.353 0.353 0.355 0.357 0.355 0.357 0.357 0.357 0.36 0.362 0.364 0.367 0.369 0.372 0.377 0.379 0.377 0.377 0.377 0.374 0.374 0.379 0.385 0.392 0.397 0.401 0.403 0.413 0.413 0.418 0.418 0.424 0.429 0.429 0.433 0.438 0.439 0.439 0.439 0.44 0.44 0.453 0.456 0.456 0.464 0.466 0.472 0.474 0.476 0.481 0.546 0.999 1.02 1.036 1.036 1.036 0.92 0.919 0.716 0.619 0.619 0.618 0.617 0.618 0.619 0.618 0.619 0.623 0.624 0.625 0.63 0.633 0.638 0.638 0.641 0.641 0.643 0.65 1.489 1.56 1.603 1.603 1.653 1.686 1.734 1.802 1.863 1.916 1.975 2.001 2.053 2.053 2.053 0.809 0.805 0.801 0.801 0.805 1.715 1.715 1.715 1.715 1.715 1.713 1.713 1.711 1.712 1.711 1.712 1.712 1.712 1.712 1.712 1.712 1.708 1.708 1.708 1.7 1.7 1.7 1.7 1.7 1.7 1.698 1.7 1.7 1.707 1.71 1.733 1.736 1.736 1.736 1.718 1.709 1.706 1.705 1.706 1.705 1.704 1.703 1.703 1.703 1.703 1.699 1.699 1.706 1.702 1.706 1.713 1.713 1.713 1.714 1.714 1.714 1.714 1.716 1.718 1.718 1.719 1.72 1.726 1.726 1.726 1.726 1.726 1.736 1.736 1.737 1.741 1.761 1.762 2.132 2.148 2.154 2.156 2.16 2.162 2.171 2.172 2.175 2.175 2.175 2.02 1.983 1.931 1.913 1.896 1.866 1.841 1.786 1.757 1.716 1.697 1.678 1.671 1.648 1.642 1.633 1.619 1.615 1.604 1.602 1.593 1.593 1.593 1.593 1.593 1.591 1.591 1.595 1.598 1.603 1.605 1.613 1.62 1.623 1.628 1.645 1.648 1.663 1.667 2.26 2.26 2.26 2.23 2.212 2.198 2.152 2.101 2.092 2.092 2.092 2.085 2.085 2.032 2.012 2.009 1.965 1.974 1.974 1.965 1.963 1.936 1.93 1.903 1.889 1.889 1.88 1.828 1.817 1.789 1.781 1.777 1.777 1.754 1.749 1.744 1.744 1.738 1.678 1.678 1.673 1.677 1.677 1.673 1.657 1.645 1.64 1.636 1.629 1.61 1.546 1.546 1.546 1.544 1.55 1.55 1.544 1.543 1.528 1.522 1.522 1.421 1.399 1.399 1.404 1.399 1.404 1.416 1.456 1.456 1.456 1.419 1.41 1.407 1.393 1.393 1.393 1.403 1.403 1.403 1.398 1.396 0.885 0.757 0.735 0.725 0.723 0.715 0.709 0.708 0.705 0.697 0.697 0.697 0.697 0.691 0.689 0.682 0.68 0.676 0.672 0.67 0.67 0.67 0.667 0.666 0.666 0.661 0.657 0.661 0.657 0.657 0.656 0.649 0.649 0.648 0.648 0.648 0.648 0.649 0.649 0.645 0.644 0.639 0.637 0.636 0.636 0.637 0.635 0.632 0.639 0.632 0.632 0.632 0.634 0.629 0.634 0.632 0.632 0.631 0.631 0.629 0.629 0.629 0.62 0.62 0.621 0.621 0.626 0.626 0.628 0.626 0.625 0.621 0.623 0.623 0.623 0.623 0.623 0.627 0.627 0.627 0.625 0.625 0.623 0.625 0.625 0.625 0.625 0.625 0.625 0.629 0.637 0.75 0.75 0.764 0.796 0.796 0.859 0.955 1.13 1.165 1.165 1.13 0.481 0.464 0.461 0.44 0.437 0.431 0.431 0.431 0.429 0.429 0.432 0.429 0.432 0.432 0.432 0.433 0.436 0.436 0.433 0.434 0.434 0.434 0.438 0.44 0.441 0.486 0.667 0.667 0.667 0.659 0.641 0.639 0.612 0.599 0.586 0.58 0.57 0.558 0.548 0.546 0.534 0.526 0.519 0.519 0.506 0.494 0.487 0.484 0.48 0.47 0.465 0.455 0.453 0.447 0.413 0.386 0.386 0.38 0.378 0.377 0.376 0.375 0.375 0.371 0.371 0.369 0.365 0.362 0.354 0.352 0.341 0.34 0.338 0.336 0.335 0.335 0.335 0.337 0.337 0.337 0.328 0.328 0.328 0.334 0.336 0.336 0.336 0.336 0.336 0.336 0.339 0.344 0.344 0.347 0.351 0.354 0.354 0.351 0.362 0.347 0.347 0.347 0.348 0.348 0.353 0.348 0.353 0.353 0.352 0.352 0.358 0.358 0.361 
1 1 1 1 1 1 1 1 1 1 1 1 1 1 1 1 1 1 1 1 1 1 1 1 1 1 1 1 1 1 1 1 1 1 1 1 1 1 1 1 1 1 1 1 1 1 1 1 1 1 1 1 1 1 1 1 1 1 1 1 1 1 1 1 1 1 1 1 1 1 1 1 1 1 1 1 1 1 1 1 1 1 1 1 1 1 1 1 1 1 1 1 1 1 1 1 1 1 1 1 1 1 1 1 1 1 1 1 1 1 1 1 1 1 1 1 1 1 1 1 1 1 1 1 1 1 1 1 1 1 1 1 1 1 1 1 1 1 1 1 1 1 1 1 1 1 1 1 1 1 1 1 1 1 1 1 1 1 1 1 1 1 1 1 1 1 1 1 1 1 1 1 1 1 1 1 1 1 1 1 1 1 1 1 1 1 1 1 1 1 1 1 1 1 1 1 1 1 1 1 1 1 1 1 1 1 1 1 1 1 1 1 1 1 1 1 1 1 1 1 1 1 1 1 1 1 1 1 1 1 1 1 1 1 1 1 1 1 1 1 1 1 1 1 1 1 1 1 1 1 1 1 1 1 1 1 1 1 1 1 1 1 1 1 1 1 1 1 1 1 1 1 1 1 1 1 1 1 1 1 1 1 1 1 1 1 1 1 1 1 1 1 1 1 1 1 1 1 1 1 1 1 1 1 1 1 1 1 1 1 1 1 1 1 1 1 1 1 1 1 1 1 1 1 1 1 1 1 1 1 1 1 1 1 1 1 1 1 1 1 1 1 1 1 1 1 1 1 1 1 1 1 1 1 1 1 1 1 1 1 1 1 1 1 1 1 1 1 1 1 1 1 1 1 1 1 1 1 1 1 1 1 1 1 1 1 1 1 1 1 1 1 1 1 1 1 1 1 1 1 1 1 1 1 1 1 1 1 1 1 1 1 1 1 1 1 1 1 1 1 1 1 1 1 1 1 1 1 1 1 1 1 1 1 1 1 1 1 1 1 1 1 1 1 1 1 1 1 1 1 1 1 1 1 1 1 1 1 1 1 1 1 1 1 1 1 1 1 1 1 1 1 1 1 1 1 1 1 1 1 1 1 1 1 1 1 1 1 1 1 1 1 1 1 1 1 1 1 1 1 1 1 1 1 1 1 1 1 1 1 1 1 1 1 1 1 1 1 1 1 1 1 1 1 1 1 1 1 1 1 1 1 1 1 1 1 1 1 1 1 1 1 1 1 1 1 1 1 1 1 1 1 1 1 1 1 1 1 1 1 1 1 1 1 1 1 1 1 1 1 1 1 1 1 1 1 1 1 1 1 1 1 1 1 1 1 1 1 1 1 1 1 1 1 1 1 1 1 1 1 1 1 1 1 1 1 1 1 1 1 1 1 1 1 1 1 1 1 1 1 1 1 1 1 1 1 1 1 1 1 1 1 1 1 1 1 1 1 1 1 1 1 1 1 1 1 1 1 1 1 1 1 1 1 1 1 1 1 1 1 1 1 1 1 1 1 1 1 1 1 1 1 1 1 1 1 1 1 1 1 1 1 
