# This file contains a 2D laser scan observation. 
# Its format is: 
# [aperture] [max_range] [number_of_scans] 
# [vector_of_scans] 
# [vector_of_valid_scans] 
# The aperture of the sensor is in radians, the maximum range 
# and measurements are in meters. '1' means a valid scan, '0' otherwise.
4.1847
5.6
682
0.367 0.369 0.37 0.37 0.372 0.371 0.376 0.373 0.374 0.374 0.376 0.376 0.376 0.376 0.376 0.376 0.376 0.376 0.378 0.378 0.379 0.379 0.382 0.382 0.385 0.399 0.4 0.4 0.4 0.408 0.408 0.407 0.408 0.407 0.407 0.41 0.434 0.532 0.532 0.532 0.501 0.411 0.39 0.389 0.389 0.385 0.385 0.385 0.385 0.385 0.385 0.385 0.385 0.385 0.388 0.389 0.393 0.393 0.396 0.398 0.398 0.397 0.398 0.398 0.399 0.402 0.402 0.407 0.407 0.407 0.411 0.412 0.414 0.415 0.415 0.417 0.418 0.422 0.423 0.423 0.424 0.425 0.425 0.43 0.43 0.43 0.43 0.431 0.431 0.435 0.438 0.438 0.438 0.44 0.44 0.445 0.447 0.447 0.449 0.457 0.458 0.46 0.464 0.467 0.467 0.471 0.476 0.48 0.484 0.485 0.486 0.49 0.49 0.498 0.498 0.5 0.502 0.508 0.514 0.519 0.52 0.531 0.535 0.535 0.538 0.538 0.548 0.551 0.562 0.563 0.572 0.575 0.59 0.596 0.609 0.618 0.645 0.7 0.822 0.822 0.828 0.828 0.8 0.8 0.8 0.781 0.758 0.753 0.753 0.753 0.749 0.745 0.744 0.744 0.744 0.747 0.77 0.784 0.785 0.788 0.812 0.817 0.83 0.888 0.963 0.968 0.982 0.983 0.987 0.995 0.996 0.998 1.011 2.115 2.116 2.121 2.12 2.121 2.12 2.12 1.196 1.196 1.196 2.104 2.104 2.104 2.104 2.104 2.103 2.103 2.103 2.109 2.107 2.107 2.1 2.105 2.1 2.099 2.099 2.105 2.106 2.106 2.106 2.104 2.104 2.099 2.098 2.104 2.099 2.099 2.099 2.104 2.104 2.104 2.107 2.11 2.11 2.11 2.111 2.111 2.111 2.115 2.115 2.115 2.115 2.115 2.125 2.129 2.129 2.13 2.133 2.136 2.137 2.137 2.144 2.155 2.524 2.534 2.539 2.541 2.547 2.552 2.553 2.566 2.57 2.57 2.57 2.445 2.381 2.363 2.351 2.326 2.216 2.123 2.078 2.046 2.045 2.036 2.023 2.019 2.012 2.008 2.006 2.005 2.005 2.006 2.006 2.009 2.011 2.019 2.031 2.031 2.032 2.043 2.119 2.738 2.738 2.738 2.689 2.656 2.63 2.602 2.57 2.547 2.518 2.485 2.453 2.45 2.445 2.417 2.4 2.373 2.343 2.326 2.314 2.28 2.268 2.248 2.214 2.205 2.173 2.171 2.137 2.123 2.102 2.095 2.078 2.056 2.022 2.018 2 1.993 1.975 1.963 1.908 1.896 1.868 1.854 1.868 1.868 1.829 0.991 0.962 0.945 0.942 0.935 0.917 0.906 0.902 0.894 0.893 0.885 0.88 0.874 0.871 0.866 0.864 0.858 0.846 0.846 0.845 0.839 0.837 0.827 0.825 0.814 0.812 0.692 0.692 0.586 0.574 0.574 0.375 0.371 0.36 0.359 0.359 0.359 0.358 0.358 0.357 0.352 0.349 0.342 0.334 0.331 0.331 0.331 0.326 0.324 0.323 0.323 0.323 0.322 0.321 0.316 0.315 0.314 0.314 0.314 0.315 0.314 0.314 0.312 0.311 0.309 0.308 0.308 0.308 0.308 0.308 0.308 0.303 0.3 0.299 0.298 0.298 0.298 0.301 0.301 0.303 0.303 0.304 0.305 0.305 0.306 0.311 0.319 0.32 0.321 0.325 0.344 0.348 0.352 0.353 0.361 0.368 0.369 0.37 0.372 0.372 0.371 0.371 0.371 0.362 0.362 0.364 0.37 0.37 0.374 0.374 0.374 0.374 0.374 0.373 0.373 0.369 0.369 0.369 0.365 0.362 0.361 0.358 0.361 0.357 0.361 0.364 0.364 0.357 0.358 0.358 0.358 0.358 0.365 0.388 0.396 0.415 0.415 0.401 0.401 0.374 0.374 0.374 0.442 0.461 0.464 0.466 0.466 0.466 0.466 0.466 0.472 0.507 0.804 0.808 0.886 1.032 1.102 1.18 1.258 1.328 1.367 1.381 1.39 1.399 1.406 1.407 1.415 1.415 1.416 1.417 1.417 1.423 1.423 1.423 1.423 1.423 1.428 1.43 1.43 1.437 1.447 1.447 1.447 1.45 1.454 1.458 1.46 1.465 1.47 1.472 1.473 1.473 1.478 1.48 1.482 1.488 1.491 1.495 1.499 1.499 1.504 1.508 1.515 1.519 1.526 1.529 1.535 1.54 1.545 1.547 1.548 1.557 1.563 1.569 1.571 1.572 1.586 1.586 1.587 1.592 1.6 1.602 1.609 1.612 1.622 1.638 1.647 1.649 1.662 1.664 1.672 1.886 1.892 1.895 1.904 1.904 1.907 1.917 1.923 1.928 1.94 1.947 1.952 1.956 1.981 2.611 2.657 2.665 2.681 2.691 2.707 2.719 2.733 2.751 2.752 2.772 2.789 2.804 2.816 2.838 2.84 2.864 2.874 2.899 2.899 2.928 2.942 2.956 2.986 3 3.015 3.03 3.049 3.083 3.096 3.119 3.146 3.159 3.201 3.225 3.247 3.279 3.291 3.333 3.36 3.396 3.429 3.44 3.473 3.496 3.528 3.576 3.583 3.621 3.663 3.717 3.717 3.717 0.856 0.85 0.847 0.843 0.838 0.823 0.819 0.817 0.814 0.813 0.811 0.809 0.811 0.809 0.809 0.811 0.812 0.82 0.821 0.827 0.855 0.86 0.862 0.871 0.872 0.891 0.894 0.894 0.895 0.894 0.894 0.892 0.87 0.87 0.865 0.865 0.861 0.86 0.857 0.859 0.859 0.859 0.857 0.857 0.857 0.857 0.85 0.856 0.854 0.854 0.856 0.864 0.879 0.932 0.949 0.949 0.953 0.949 0.947 0.947 0.953 0.967 1.036 
1 1 1 1 1 1 1 1 1 1 1 1 1 1 1 1 1 1 1 1 1 1 1 1 1 1 1 1 1 1 1 1 1 1 1 1 1 1 1 1 1 1 1 1 1 1 1 1 1 1 1 1 1 1 1 1 1 1 1 1 1 1 1 1 1 1 1 1 1 1 1 1 1 1 1 1 1 1 1 1 1 1 1 1 1 1 1 1 1 1 1 1 1 1 1 1 1 1 1 1 1 1 1 1 1 1 1 1 1 1 1 1 1 1 1 1 1 1 1 1 1 1 1 1 1 1 1 1 1 1 1 1 1 1 1 1 1 1 1 1 1 1 1 1 1 1 1 1 1 1 1 1 1 1 1 1 1 1 1 1 1 1 1 1 1 1 1 1 1 1 1 1 1 1 1 1 1 1 1 1 1 1 1 1 1 1 1 1 1 1 1 1 1 1 1 1 1 1 1 1 1 1 1 1 1 1 1 1 1 1 1 1 1 1 1 1 1 1 1 1 1 1 1 1 1 1 1 1 1 1 1 1 1 1 1 1 1 1 1 1 1 1 1 1 1 1 1 1 1 1 1 1 1 1 1 1 1 1 1 1 1 1 1 1 1 1 1 1 1 1 1 1 1 1 1 1 1 1 1 1 1 1 1 1 1 1 1 1 1 1 1 1 1 1 1 1 1 1 1 1 1 1 1 1 1 1 1 1 1 1 1 1 1 1 1 1 1 1 1 1 1 1 1 1 1 1 1 1 1 1 1 1 1 1 1 1 1 1 1 1 1 1 1 1 1 1 1 1 1 1 1 1 1 1 1 1 1 1 1 1 1 1 1 1 1 1 1 1 1 1 1 1 1 1 1 1 1 1 1 1 1 1 1 1 1 1 1 1 1 1 1 1 1 1 1 1 1 1 1 1 1 1 1 1 1 1 1 1 1 1 1 1 1 1 1 1 1 1 1 1 1 1 1 1 1 1 1 1 1 1 1 1 1 1 1 1 1 1 1 1 1 1 1 1 1 1 1 1 1 1 1 1 1 1 1 1 1 1 1 1 1 1 1 1 1 1 1 1 1 1 1 1 1 1 1 1 1 1 1 1 1 1 1 1 1 1 1 1 1 1 1 1 1 1 1 1 1 1 1 1 1 1 1 1 1 1 1 1 1 1 1 1 1 1 1 1 1 1 1 1 1 1 1 1 1 1 1 1 1 1 1 1 1 1 1 1 1 1 1 1 1 1 1 1 1 1 1 1 1 1 1 1 1 1 1 1 1 1 1 1 1 1 1 1 1 1 1 1 1 1 1 1 1 1 1 1 1 1 1 1 1 1 1 1 1 1 1 1 1 1 1 1 1 1 1 1 1 1 1 1 1 1 1 1 1 1 1 1 1 1 1 1 1 1 1 1 1 1 1 1 1 1 1 1 1 1 1 1 1 1 1 1 1 1 1 1 1 1 1 1 1 1 1 1 1 1 1 1 1 1 1 1 1 1 1 1 1 1 1 1 1 1 1 1 1 1 1 1 1 1 1 1 1 1 1 1 1 1 1 1 1 1 
