# This file contains a 2D laser scan observation. 
# Its format is: 
# [aperture] [max_range] [number_of_scans] 
# [vector_of_scans] 
# [vector_of_valid_scans] 
# The aperture of the sensor is in radians, the maximum range 
# and measurements are in meters. '1' means a valid scan, '0' otherwise.
4.1847
5.6
682
0.38 0.378 0.38 0.382 0.385 0.385 0.385 0.382 0.381 0.379 0.381 0.381 0.381 0.381 0.382 0.383 0.382 0.379 0.379 0.377 0.376 0.374 0.374 0.371 0.371 0.371 0.375 0.377 0.377 0.386 0.388 0.401 0.415 0.416 0.417 0.419 0.422 0.422 0.422 0.421 0.419 0.401 0.401 0.383 0.382 0.378 0.378 0.375 0.374 0.373 0.375 0.373 0.373 0.373 0.37 0.37 0.37 0.37 0.37 0.371 0.371 0.371 0.374 0.374 0.374 0.377 0.377 0.377 0.38 0.382 0.382 0.382 0.383 0.382 0.381 0.381 0.384 0.381 0.384 0.384 0.384 0.384 0.385 0.385 0.385 0.385 0.384 0.384 0.388 0.388 0.388 0.388 0.392 0.392 0.392 0.393 0.403 0.403 0.403 0.403 0.401 0.401 0.401 0.402 0.401 0.402 0.406 0.406 0.408 0.408 0.408 0.408 0.408 0.408 0.41 0.414 0.415 0.415 0.415 0.415 0.416 0.422 0.416 0.422 0.423 0.424 0.424 0.43 0.43 0.43 0.432 0.435 0.435 0.439 0.441 0.443 0.446 0.448 0.448 0.449 0.449 0.45 0.455 0.457 0.459 0.465 0.465 0.469 0.47 0.473 0.476 0.48 0.48 0.481 0.484 0.489 0.489 0.489 0.493 0.496 0.497 0.5 0.503 0.505 0.508 0.509 0.512 0.521 0.521 0.522 0.524 0.528 0.549 0.776 0.783 0.786 0.786 0.784 0.783 0.777 0.777 0.777 0.776 0.776 0.775 0.771 0.77 0.771 0.771 0.758 0.758 0.758 0.758 0.758 0.757 0.754 0.754 0.752 0.749 0.748 0.743 0.743 0.743 0.744 0.743 0.736 0.736 0.735 0.735 0.732 0.731 0.731 0.731 0.731 0.733 0.733 0.733 0.731 0.727 0.726 0.725 0.724 0.723 0.723 0.715 0.714 0.712 0.711 0.711 0.711 0.716 0.717 0.718 0.718 0.718 0.718 0.72 0.719 0.719 0.719 0.719 0.719 0.712 0.719 0.718 0.712 0.716 0.718 0.718 0.716 0.716 0.718 0.718 0.718 0.718 0.722 0.722 0.719 0.718 0.718 0.718 0.717 0.717 0.718 0.718 0.717 0.718 0.719 0.72 0.721 0.721 0.72 0.72 0.713 0.713 0.719 0.719 0.721 0.721 0.721 0.722 0.723 0.723 0.724 0.724 0.725 0.725 0.725 0.726 0.725 0.726 0.73 0.733 0.731 0.735 0.735 0.735 0.735 0.736 0.739 0.739 0.742 0.742 0.743 0.744 0.746 0.748 0.752 0.753 0.753 0.755 0.755 0.757 0.757 0.757 0.757 0.757 0.755 0.755 0.755 0.76 0.757 0.76 0.761 0.762 0.762 0.762 0.765 0.767 0.768 0.768 0.772 0.775 0.778 0.783 0.784 0.796 0.799 0.808 0.809 0.811 0.815 0.818 0.821 0.823 0.823 0.823 0.829 0.833 0.835 0.894 1.072 1.072 1.072 1.064 1.045 1.04 1.04 1.045 1.048 1.051 1.058 1.065 1.07 1.072 1.077 1.081 1.089 1.09 1.092 1.092 1.093 1.111 1.111 1.112 1.899 1.958 1.966 1.977 1.99 1.998 2.012 2.025 2.031 2.047 2.058 2.077 2.086 2.103 2.117 2.12 2.138 2.163 2.164 2.183 2.197 2.224 2.226 2.247 2.253 2.276 2.297 2.305 2.329 2.341 2.365 2.386 2.4 2.42 2.447 2.467 2.478 2.501 2.518 2.543 2.555 2.58 2.604 2.645 2.687 2.707 2.722 2.765 2.814 2.892 3.19 3.217 3.241 3.223 3.223 3.225 3.225 3.223 3.221 3.221 3.211 3.209 3.204 3.204 3.209 3.221 3.818 3.822 3.818 3.818 3.811 3.799 3.796 3.778 3.773 3.76 3.753 3.744 3.734 3.726 3.718 3.707 3.705 3.7 3.695 3.693 3.682 3.681 3.681 3.681 3.671 1.188 1.186 1.116 1.097 1.092 1.088 1.088 1.088 1.088 1.086 1.086 1.085 1.085 1.081 1.072 1.072 1.07 1.072 1.073 1.073 1.073 1.073 1.073 1.073 1.067 1.074 1.074 1.069 1.062 1.069 1.062 1.062 1.059 1.059 0.884 0.868 0.857 0.848 0.846 0.835 0.834 0.83 0.82 0.817 0.816 0.813 0.813 0.809 0.809 0.809 0.808 0.808 0.812 0.812 0.81 0.812 0.81 0.81 0.815 0.815 0.815 0.817 0.818 0.822 0.825 0.827 0.834 0.836 0.845 0.846 0.853 0.871 0.876 0.897 0.921 1.134 1.134 1.134 1.103 1.083 1.044 1.015 0.998 0.967 0.948 0.928 0.903 0.872 0.857 0.829 0.82 0.811 0.8 0.774 0.754 0.741 0.732 0.72 0.704 0.69 0.68 0.669 0.655 0.651 0.645 0.628 0.618 0.613 0.601 0.6 0.591 0.585 0.571 0.567 0.549 0.547 0.537 0.532 0.532 0.52 0.509 0.508 0.501 0.5 0.497 0.488 0.486 0.485 0.476 0.469 0.465 0.459 0.441 0.414 0.414 0.412 0.411 0.41 0.405 0.402 0.402 0.399 0.398 0.397 0.393 0.386 0.38 0.374 0.373 0.37 0.366 0.366 0.366 0.366 0.365 0.37 0.371 0.368 0.368 0.368 0.365 0.364 0.362 0.362 0.364 0.364 0.364 0.364 0.364 0.364 0.365 0.365 0.368 0.375 0.376 0.381 0.381 0.377 0.376 0.376 0.376 0.376 0.38 0.382 0.383 0.385 0.386 0.39 0.39 0.394 0.397 0.4 0.402 0.413 0.552 0.602 0 0 0 0 1.632 1.618 1.616 1.615 1.6 1.597 1.584 1.583 1.581 1.568 1.564 1.563 1.556 1.545 1.543 1.535 
1 1 1 1 1 1 1 1 1 1 1 1 1 1 1 1 1 1 1 1 1 1 1 1 1 1 1 1 1 1 1 1 1 1 1 1 1 1 1 1 1 1 1 1 1 1 1 1 1 1 1 1 1 1 1 1 1 1 1 1 1 1 1 1 1 1 1 1 1 1 1 1 1 1 1 1 1 1 1 1 1 1 1 1 1 1 1 1 1 1 1 1 1 1 1 1 1 1 1 1 1 1 1 1 1 1 1 1 1 1 1 1 1 1 1 1 1 1 1 1 1 1 1 1 1 1 1 1 1 1 1 1 1 1 1 1 1 1 1 1 1 1 1 1 1 1 1 1 1 1 1 1 1 1 1 1 1 1 1 1 1 1 1 1 1 1 1 1 1 1 1 1 1 1 1 1 1 1 1 1 1 1 1 1 1 1 1 1 1 1 1 1 1 1 1 1 1 1 1 1 1 1 1 1 1 1 1 1 1 1 1 1 1 1 1 1 1 1 1 1 1 1 1 1 1 1 1 1 1 1 1 1 1 1 1 1 1 1 1 1 1 1 1 1 1 1 1 1 1 1 1 1 1 1 1 1 1 1 1 1 1 1 1 1 1 1 1 1 1 1 1 1 1 1 1 1 1 1 1 1 1 1 1 1 1 1 1 1 1 1 1 1 1 1 1 1 1 1 1 1 1 1 1 1 1 1 1 1 1 1 1 1 1 1 1 1 1 1 1 1 1 1 1 1 1 1 1 1 1 1 1 1 1 1 1 1 1 1 1 1 1 1 1 1 1 1 1 1 1 1 1 1 1 1 1 1 1 1 1 1 1 1 1 1 1 1 1 1 1 1 1 1 1 1 1 1 1 1 1 1 1 1 1 1 1 1 1 1 1 1 1 1 1 1 1 1 1 1 1 1 1 1 1 1 1 1 1 1 1 1 1 1 1 1 1 1 1 1 1 1 1 1 1 1 1 1 1 1 1 1 1 1 1 1 1 1 1 1 1 1 1 1 1 1 1 1 1 1 1 1 1 1 1 1 1 1 1 1 1 1 1 1 1 1 1 1 1 1 1 1 1 1 1 1 1 1 1 1 1 1 1 1 1 1 1 1 1 1 1 1 1 1 1 1 1 1 1 1 1 1 1 1 1 1 1 1 1 1 1 1 1 1 1 1 1 1 1 1 1 1 1 1 1 1 1 1 1 1 1 1 1 1 1 1 1 1 1 1 1 1 1 1 1 1 1 1 1 1 1 1 1 1 1 1 1 1 1 1 1 1 1 1 1 1 1 1 1 1 1 1 1 1 1 1 1 1 1 1 1 1 1 1 1 1 1 1 1 1 1 1 1 1 1 1 1 1 1 1 1 1 1 1 1 1 1 1 1 1 1 1 1 1 1 1 1 1 1 1 1 1 1 1 1 1 1 1 1 1 1 1 1 1 1 1 1 1 1 1 1 1 1 1 1 1 1 1 1 1 1 1 1 1 1 1 1 1 1 1 1 1 1 1 0 0 0 0 1 1 1 1 1 1 1 1 1 1 1 1 1 1 1 1 
