# This file contains a 2D laser scan observation. 
# Its format is: 
# [aperture] [max_range] [number_of_scans] 
# [vector_of_scans] 
# [vector_of_valid_scans] 
# The aperture of the sensor is in radians, the maximum range 
# and measurements are in meters. '1' means a valid scan, '0' otherwise.
4.1847
5.6
682
0.343 0.342 0.342 0.339 0.339 0.339 0.384 0.398 0.398 0.398 0.398 0.393 0.393 0.389 0.386 0.379 0.376 0.376 0.376 0.372 0.37 0.37 0.37 0.37 0.394 0.421 0.421 0.421 0.421 0.417 0.413 0.413 0.412 0.412 0.408 0.408 0.407 0.4 0.4 0.4 0.453 0.453 0.453 0.452 0.447 0.447 0.447 0.447 0.447 0.449 0.449 0.452 0.49 0.49 0.49 0.484 0.484 0.481 0.481 0.481 0.477 0.477 0.481 0.495 0.495 0.495 0.502 0.504 0.512 0.513 0.522 1.244 1.282 1.297 1.282 1.282 1.275 1.274 1.268 1.268 1.263 1.26 1.25 1.248 1.247 1.244 1.242 1.231 1.231 1.231 1.228 1.227 1.226 1.224 1.217 1.216 1.215 1.21 1.208 1.208 1.207 1.203 1.198 1.198 1.198 1.194 1.194 1.193 1.192 1.19 1.188 1.181 1.181 1.179 0.783 0.741 0.736 0.736 0.741 0.742 0.752 0.754 0.754 0.756 0.755 0.755 0.755 0.755 0.754 0.753 0.753 0.753 0.753 0.75 0.756 0.756 0.75 0.748 0.748 0.748 0.747 0.75 0.75 0.75 0.75 0.751 0.753 0.753 0.753 0.753 0.753 0.748 0.748 0.748 0.751 0.748 0.747 0.747 0.747 0.747 0.747 0.747 0.753 0.754 0.75 0.751 0.751 0.75 0.75 0.75 0.75 0.749 0.751 0.752 0.754 0.755 0.755 0.757 0.757 0.757 0.757 0.758 0.758 0.758 0.765 0.769 0.769 0.769 0.771 0.769 0.771 0.772 0.772 0.775 0.775 0.775 0.777 0.777 0.778 0.779 0.778 0.779 0.788 0.788 0.788 0.788 0.787 0.787 0.787 0.793 0.796 0.796 0.797 0.797 0.801 0.802 0.802 0.813 0.815 0.815 0.815 0.817 0.817 0.819 0.825 0.825 0.825 0.835 0.835 0.836 0.84 0.843 0.844 0.845 0.847 0.847 0.856 0.86 0.861 0.864 0.868 0.869 0.875 0.877 0.877 0.88 0.881 0.885 0.889 0.899 0.9 0.902 0.907 0.907 0.91 0.923 0.924 0.926 0.93 0.934 0.937 0.948 0.955 0.956 0.957 0.97 0.974 0.978 0.983 0.984 0.991 1 1.008 1.016 1.021 1.023 1.027 1.033 1.037 1.042 1.05 1.059 1.064 1.072 1.085 1.088 1.097 1.108 1.113 1.124 1.125 1.141 1.141 1.155 1.167 1.17 1.185 1.197 1.21 1.211 1.218 1.245 1.248 1.251 1.273 1.283 1.292 1.301 1.314 1.326 1.337 1.356 1.363 1.377 1.386 1.406 1.42 1.444 1.452 1.471 1.495 1.503 1.521 1.544 1.565 1.58 1.598 1.624 1.642 1.666 1.676 1.711 1.74 1.778 1.849 1.886 1.925 1.95 1.966 2.018 2.018 2.018 2.021 2.021 2.047 0.007 2.661 2.661 2.661 2.652 2.646 2.644 2.643 2.636 2.63 2.619 2.619 2.609 2.609 2.607 2.607 2.603 2.598 2.597 2.588 2.582 2.575 2.573 2.571 2.571 2.565 2.565 2.561 2.557 2.556 2.553 2.549 2.548 2.548 2.543 2.538 2.537 2.538 2.537 2.535 2.533 2.531 2.528 2.527 2.527 2.527 2.524 2.52 2.519 2.519 2.52 2.519 2.519 2.521 2.521 2.519 2.521 2.521 2.521 2.516 2.521 2.526 2.526 2.525 2.526 2.526 2.529 2.529 2.529 2.529 2.529 2.529 2.529 2.529 2.534 2.54 2.542 2.543 2.547 2.551 2.551 2.551 2.551 2.551 0 0 0 0 0.797 0.797 0.797 0.801 0.803 0.813 0.805 0.805 0.808 0.808 0.808 0.808 0.808 0.808 0.808 0.807 0.807 0.804 0.803 0.804 0.804 0 0 0 0 0.806 0.806 0.801 0.805 0.806 0.806 0.808 0.815 0.821 0 0 0 0 0 1.242 1.241 1.241 1.242 1.246 1.247 1.252 1.258 1.267 1.268 1.268 1.279 1.28 1.281 1.282 1.285 1.289 1.308 1.31 1.316 1.32 1.322 1.327 1.328 1.336 1.344 1.346 1.355 1.368 1.37 1.373 1.381 1.422 1.422 1.422 1.405 1.397 1.377 1.371 1.362 1.342 1.333 1.328 1.322 1.305 1.285 1.279 1.276 1.263 1.259 1.256 1.256 1.246 1.246 1.237 1.208 0.422 0.417 0.417 0.413 0.409 0.41 0.405 0.405 0.4 0.398 0.396 0.392 0.392 0.387 0.386 0.386 0.386 0.383 0.382 0.38 0.376 0.375 0.375 0.375 0.374 0.371 0.37 0.367 0.364 0.364 0.361 0.36 0.36 0.358 0.355 0.355 0.354 0.354 0.351 0.351 0.351 0.351 0.349 0.343 0.343 0.34 0.34 0.344 0.344 0.34 0.343 0.34 0.338 0.34 0.34 0.338 0.334 0.334 0.334 0.337 0.337 0.337 0.327 0.327 0.327 0.338 0.343 0.345 0.351 0.355 0.355 0.362 0.365 0.37 0.382 0.383 0.394 0.411 0.417 0.44 0.454 0.457 0.489 0.505 0.539 0.548 0.553 0.554 0.581 0.599 0.627 0.691 0.707 0.793 0.82 0.82 0.828 0.828 0.828 0.837 0.854 0.854 0.854 0.854 0.859 0.85 0.85 0.374 0.373 0.373 0.374 0.374 0.375 0.379 0.418 0.542 0.642 0.696 0.8 0.805 0.843 0.854 0.855 0.855 0.855 0.853 0.665 0.66 0.66 0.66 0.674 0.722 0.728 0.728 0.734 0.734 0.734 0.741 0.741 0.741 0.667 0.667 0.667 0.694 0.696 0.696 0.694 0.683 0.609 0.578 0.574 0.574 0.575 0.575 
1 1 1 1 1 1 1 1 1 1 1 1 1 1 1 1 1 1 1 1 1 1 1 1 1 1 1 1 1 1 1 1 1 1 1 1 1 1 1 1 1 1 1 1 1 1 1 1 1 1 1 1 1 1 1 1 1 1 1 1 1 1 1 1 1 1 1 1 1 1 1 1 1 1 1 1 1 1 1 1 1 1 1 1 1 1 1 1 1 1 1 1 1 1 1 1 1 1 1 1 1 1 1 1 1 1 1 1 1 1 1 1 1 1 1 1 1 1 1 1 1 1 1 1 1 1 1 1 1 1 1 1 1 1 1 1 1 1 1 1 1 1 1 1 1 1 1 1 1 1 1 1 1 1 1 1 1 1 1 1 1 1 1 1 1 1 1 1 1 1 1 1 1 1 1 1 1 1 1 1 1 1 1 1 1 1 1 1 1 1 1 1 1 1 1 1 1 1 1 1 1 1 1 1 1 1 1 1 1 1 1 1 1 1 1 1 1 1 1 1 1 1 1 1 1 1 1 1 1 1 1 1 1 1 1 1 1 1 1 1 1 1 1 1 1 1 1 1 1 1 1 1 1 1 1 1 1 1 1 1 1 1 1 1 1 1 1 1 1 1 1 1 1 1 1 1 1 1 1 1 1 1 1 1 1 1 1 1 1 1 1 1 1 1 1 1 1 1 1 1 1 1 1 1 1 1 1 1 1 1 1 1 1 1 1 1 1 1 1 1 1 1 1 1 1 1 1 1 1 1 1 1 1 1 1 1 1 1 1 1 1 1 1 1 1 0 1 1 1 1 1 1 1 1 1 1 1 1 1 1 1 1 1 1 1 1 1 1 1 1 1 1 1 1 1 1 1 1 1 1 1 1 1 1 1 1 1 1 1 1 1 1 1 1 1 1 1 1 1 1 1 1 1 1 1 1 1 1 1 1 1 1 1 1 1 1 1 1 1 1 1 1 1 1 1 1 1 1 1 0 0 0 0 1 1 1 1 1 1 1 1 1 1 1 1 1 1 1 1 1 1 1 1 1 0 0 0 0 1 1 1 1 1 1 1 1 1 0 0 0 0 0 1 1 1 1 1 1 1 1 1 1 1 1 1 1 1 1 1 1 1 1 1 1 1 1 1 1 1 1 1 1 1 1 1 1 1 1 1 1 1 1 1 1 1 1 1 1 1 1 1 1 1 1 1 1 1 1 1 1 1 1 1 1 1 1 1 1 1 1 1 1 1 1 1 1 1 1 1 1 1 1 1 1 1 1 1 1 1 1 1 1 1 1 1 1 1 1 1 1 1 1 1 1 1 1 1 1 1 1 1 1 1 1 1 1 1 1 1 1 1 1 1 1 1 1 1 1 1 1 1 1 1 1 1 1 1 1 1 1 1 1 1 1 1 1 1 1 1 1 1 1 1 1 1 1 1 1 1 1 1 1 1 1 1 1 1 1 1 1 1 1 1 1 1 1 1 1 1 1 1 1 1 1 1 1 1 1 1 1 1 1 1 1 1 1 1 1 1 1 1 1 1 1 1 1 1 1 1 1 1 1 
