# This file contains a 2D laser scan observation. 
# Its format is: 
# [aperture] [max_range] [number_of_scans] 
# [vector_of_scans] 
# [vector_of_valid_scans] 
# The aperture of the sensor is in radians, the maximum range 
# and measurements are in meters. '1' means a valid scan, '0' otherwise.
4.1847
5.6
682
0.451 0.448 0.443 0.451 0.451 0.492 0.502 0.502 0.504 0.502 0.494 0.487 0.485 0.484 0.48 0.474 0.473 0.473 0.473 0.51 0.528 0.528 0.528 0.528 0.522 0.516 0.516 0.514 0.509 0.509 0.5 0.5 0.5 0.507 0.512 0.512 0.518 0.526 0.526 0.527 0.539 0.548 0.55 0.562 1.058 1.088 1.088 1.098 1.098 1.123 1.138 1.145 1.163 1.171 1.183 1.202 1.211 1.218 1.233 1.242 1.266 1.275 1.3 1.3 1.3 1.286 1.285 1.285 1.286 1.275 1.272 1.261 1.25 1.244 1.243 1.241 1.239 1.238 1.228 1.233 1.228 1.228 1.216 1.213 1.212 1.21 1.202 1.202 1.197 1.196 1.196 1.196 1.191 1.181 0.729 0.718 0.718 0.718 0.718 0.73 0.736 0.736 0.74 0.74 0.739 0.739 0.739 0.739 0.735 0.734 0.733 0.733 0.732 0.73 0.727 0.727 0.726 0.728 0.724 0.725 0.725 0.725 0.725 0.725 0.725 0.722 0.722 0.724 0.724 0.724 0.724 0.724 0.722 0.721 0.721 0.721 0.721 0.719 0.721 0.718 0.721 0.722 0.722 0.722 0.722 0.721 0.72 0.72 0.72 0.72 0.721 0.723 0.721 0.717 0.721 0.718 0.717 0.717 0.718 0.717 0.716 0.716 0.714 0.714 0.714 0.72 0.72 0.72 0.72 0.72 0.718 0.719 0.719 0.722 0.719 0.724 0.724 0.724 0.723 0.727 0.723 0.729 0.726 0.729 0.731 0.731 0.731 0.732 0.732 0.736 0.736 0.736 0.736 0.736 0.732 0.737 0.737 0.739 0.741 0.742 0.744 0.746 0.747 0.749 0.747 0.749 0.754 0.762 0.762 0.762 0.763 0.763 0.764 0.766 0.766 0.767 0.768 0.768 0.773 0.777 0.785 0.786 0.785 0.789 0.788 0.791 0.788 0.794 0.79 0.799 0.801 0.801 0.807 0.808 0.812 0.814 0.814 0.818 0.825 0.825 0.825 0.83 0.834 0.839 0.84 0.844 0.845 0.849 0.852 0.857 0.862 0.863 0.866 0.868 0.873 0.873 0.882 0.888 0.888 0.893 0.895 0.906 0.907 0.911 0.921 0.921 0.931 0.932 0.933 0.943 0.948 0.951 0.955 0.957 0.96 0.967 0.979 0.981 0.989 0.999 1.006 1.021 1.022 1.022 1.037 1.043 1.043 1.047 1.061 1.067 1.077 1.078 1.086 1.093 1.106 1.113 1.126 1.137 1.146 1.149 1.16 1.178 1.18 1.19 1.204 1.217 1.224 1.237 1.242 1.264 1.267 1.28 1.292 1.312 1.316 1.339 1.352 1.367 1.377 1.39 1.417 1.429 1.443 1.462 1.479 1.49 1.509 1.528 1.551 1.575 1.588 1.609 1.631 1.659 1.685 1.691 1.723 1.743 1.778 1.791 1.829 1.855 1.888 1.914 1.922 1.935 1.971 2.567 2.567 2.567 2.556 2.55 2.547 2.545 2.534 2.53 2.527 2.525 2.524 2.513 2.513 2.509 2.501 2.496 2.496 2.492 2.487 2.485 2.485 2.476 2.473 2.472 2.47 2.467 2.463 2.462 2.461 2.462 2.461 2.453 2.45 2.45 2.45 2.45 2.45 2.45 2.446 2.445 2.442 2.44 2.439 2.438 2.437 2.433 2.437 2.438 2.433 2.433 2.428 2.428 2.428 2.428 2.428 2.436 2.436 2.436 2.436 2.439 2.438 2.438 2.44 2.44 2.442 2.442 2.442 2.442 2.442 2.444 2.445 2.446 2.449 2.452 2.454 2.455 2.457 2.458 2.458 2.462 2.466 2.474 2.477 0 0 0 0 0 0.755 0.752 0.752 0.755 0 0 0 0.717 0.717 0.717 0.727 0.732 0.735 0.735 0.735 0.736 0.736 0.732 0.734 0.732 0.73 0.73 0.728 0.728 0.732 0.733 0.732 0.736 0.736 0.736 0.736 0.007 0 0 0 0 0 0.566 0.566 0.566 0.617 0.739 0.741 0.748 0.748 0.748 0.748 0.754 0 0 0 1.201 1.201 1.201 1.205 1.208 1.208 1.219 1.222 1.223 1.234 1.236 1.243 1.247 1.254 1.256 1.257 1.262 1.279 1.279 1.282 1.284 1.3 1.303 1.309 1.318 1.32 1.327 1.367 1.367 1.367 1.352 1.344 1.336 1.325 1.311 1.302 1.295 1.285 1.281 1.275 1.266 1.257 1.246 1.235 1.23 1.225 1.219 1.214 1.207 1.207 1.207 1.19 1.19 1.182 1.171 1.146 1.143 1.134 1.129 1.039 1.107 1.107 1.1 1.096 1.096 1.09 1.079 1.063 1.029 1.029 0.992 0.992 0.992 1.009 0.959 0.959 0.501 0.432 0.386 0.382 0.382 0.382 0.382 0.378 0.375 0.375 0.375 0.375 0.375 0.375 0.375 0.375 0.375 0.372 0.372 0.37 0.373 0.365 0.365 0.364 0.364 0.364 0.368 0.368 0.368 0.366 0.361 0.359 0.358 0.358 0.358 0.358 0.358 0.362 0.357 0.358 0.357 0.357 0.355 0.355 0.354 0.355 0.356 0.356 0.358 0.358 0.358 0.355 0.358 0.358 0.358 0.36 0.36 0.355 0.355 0.355 0.354 0.354 0.351 0.351 0.351 0.348 0.348 0.348 0.348 0.348 0.349 0.349 0.349 0.336 0.336 0.336 0.349 0.354 0.689 0.75 0.778 0.75 0.75 0.778 0.874 0.875 0.875 0.875 0.888 0.888 0.888 0.886 0.886 0.886 0.887 0.887 0.887 0.884 0.879 0.879 0.884 0.887 0.887 0.887 0.878 0.86 0.843 0.827 0.798 0.798 0.729 0.633 0.413 0.413 0.407 0.407 0.407 0.407 0.409 
1 1 1 1 1 1 1 1 1 1 1 1 1 1 1 1 1 1 1 1 1 1 1 1 1 1 1 1 1 1 1 1 1 1 1 1 1 1 1 1 1 1 1 1 1 1 1 1 1 1 1 1 1 1 1 1 1 1 1 1 1 1 1 1 1 1 1 1 1 1 1 1 1 1 1 1 1 1 1 1 1 1 1 1 1 1 1 1 1 1 1 1 1 1 1 1 1 1 1 1 1 1 1 1 1 1 1 1 1 1 1 1 1 1 1 1 1 1 1 1 1 1 1 1 1 1 1 1 1 1 1 1 1 1 1 1 1 1 1 1 1 1 1 1 1 1 1 1 1 1 1 1 1 1 1 1 1 1 1 1 1 1 1 1 1 1 1 1 1 1 1 1 1 1 1 1 1 1 1 1 1 1 1 1 1 1 1 1 1 1 1 1 1 1 1 1 1 1 1 1 1 1 1 1 1 1 1 1 1 1 1 1 1 1 1 1 1 1 1 1 1 1 1 1 1 1 1 1 1 1 1 1 1 1 1 1 1 1 1 1 1 1 1 1 1 1 1 1 1 1 1 1 1 1 1 1 1 1 1 1 1 1 1 1 1 1 1 1 1 1 1 1 1 1 1 1 1 1 1 1 1 1 1 1 1 1 1 1 1 1 1 1 1 1 1 1 1 1 1 1 1 1 1 1 1 1 1 1 1 1 1 1 1 1 1 1 1 1 1 1 1 1 1 1 1 1 1 1 1 1 1 1 1 1 1 1 1 1 1 1 1 1 1 1 1 1 1 1 1 1 1 1 1 1 1 1 1 1 1 1 1 1 1 1 1 1 1 1 1 1 1 1 1 1 1 1 1 1 1 1 1 1 1 1 1 1 1 1 1 1 1 1 1 1 1 1 1 1 1 1 1 1 1 1 1 1 1 1 1 1 1 1 1 1 1 1 1 1 1 1 1 1 1 1 1 1 1 1 1 1 1 0 0 0 0 0 1 1 1 1 0 0 0 1 1 1 1 1 1 1 1 1 1 1 1 1 1 1 1 1 1 1 1 1 1 1 1 0 0 0 0 0 0 1 1 1 1 1 1 1 1 1 1 1 0 0 0 1 1 1 1 1 1 1 1 1 1 1 1 1 1 1 1 1 1 1 1 1 1 1 1 1 1 1 1 1 1 1 1 1 1 1 1 1 1 1 1 1 1 1 1 1 1 1 1 1 1 1 1 1 1 1 1 1 1 1 1 1 1 1 1 1 1 1 1 1 1 1 1 1 1 1 1 1 1 1 1 1 1 1 1 1 1 1 1 1 1 1 1 1 1 1 1 1 1 1 1 1 1 1 1 1 1 1 1 1 1 1 1 1 1 1 1 1 1 1 1 1 1 1 1 1 1 1 1 1 1 1 1 1 1 1 1 1 1 1 1 1 1 1 1 1 1 1 1 1 1 1 1 1 1 1 1 1 1 1 1 1 1 1 1 1 1 1 1 1 1 1 1 1 1 1 1 1 1 1 1 1 1 1 1 1 1 1 1 1 1 1 1 1 1 1 
