# This file contains a 2D laser scan observation. 
# Its format is: 
# [aperture] [max_range] [number_of_scans] 
# [vector_of_scans] 
# [vector_of_valid_scans] 
# The aperture of the sensor is in radians, the maximum range 
# and measurements are in meters. '1' means a valid scan, '0' otherwise.
4.1847
5.6
682
0.599 0.599 0.599 0.611 0.611 0.611 0.613 1.069 1.072 1.077 1.077 1.082 1.085 1.085 1.086 1.086 1.089 1.098 1.103 1.106 1.107 1.107 1.113 1.12 1.125 1.128 1.128 1.13 1.136 1.137 1.146 1.149 1.152 1.159 1.162 1.166 1.169 1.176 1.186 1.189 1.19 1.197 1.198 1.2 1.212 1.212 1.226 1.228 1.289 1.295 1.295 1.295 1.285 1.269 1.26 1.257 1.234 1.23 1.226 1.209 1.205 1.197 1.185 1.178 1.163 1.162 1.138 1.132 1.129 1.12 1.118 1.116 1.108 1.103 1.096 1.086 1.071 1.066 1.063 1.056 1.055 1.05 1.049 1.03 1.027 1.026 1.014 1.012 1.007 1.004 1.004 0.994 0.992 0.99 0.979 0.978 0.972 0.967 0.963 0.948 0.947 0.947 0.945 0.941 0.936 0.931 0.93 0.93 0.927 0.921 0.919 0.914 0.912 0.91 0.9 0.9 0.897 0.894 0.894 0.888 0.888 0.887 0.879 0.877 0.875 0.874 0.874 0.872 0.87 0.869 0.866 0.859 0.849 0.848 0.848 0.846 0.846 0.846 0.845 0.842 0.839 0.839 0.835 0.833 0.833 0.833 0.832 0.833 0.831 0.831 0.826 0.826 0.825 0.825 0.821 0.821 0.816 0.815 0.814 0.812 0.812 0.811 0.811 0.81 0.807 0.801 0.801 0.801 0.801 0.801 0.801 0.801 0.801 0.801 0.801 0.798 0.798 0.798 0.795 0.799 0.799 0.796 0.795 0.789 0.787 0.787 0.787 0.789 0.79 0.794 0.791 0.791 0.791 0.791 0.791 0.79 0.79 0.79 0.788 0.788 0.788 0.788 0.788 0.79 0.79 0.79 0.79 0.789 0.787 0.782 0.787 0.786 0.786 0.792 0.793 0.797 0.797 0.797 0.799 0.8 0.8 0.8 0.795 0.795 0.794 0.795 0.793 0.8 0.801 0.801 0.801 0.801 0.801 0.803 0.804 0.804 0.804 0.81 0.81 0.815 0.81 0.815 0.816 0.817 0.818 0.819 0.823 0.825 0.825 0.825 0.827 0.833 0.833 0.833 0.833 0.833 0.833 0.833 0.836 0.838 0.838 0.844 0.845 0.849 0.851 0.852 0.851 0.853 0.855 0.861 0.864 0.865 0.866 0.868 0.87 0.876 0.881 0.883 0.884 0.885 0.885 0.89 0.896 0.898 0.9 0.9 0.9 0.907 0.912 0.912 0.915 0.915 0.923 0.924 0.929 0.93 0.935 0.943 0.944 0.949 0.954 0.959 0.96 0.967 0.968 0.972 0.976 0.981 0.988 0.995 0.999 1 1.003 1.013 1.02 1.022 1.035 1.037 1.039 1.04 1.046 1.055 1.055 1.046 0.815 0.813 0.813 0.815 0.818 0.818 0.818 0.818 0.817 0.817 0.817 0.8 0.671 0.652 0.644 0.639 0.639 0.634 0.627 0.627 0.626 0.625 0.619 0.619 0.618 0.616 0.612 0.605 0.605 0.601 0.594 0.59 0.59 0.59 0.59 0.589 0.581 0.581 0.577 0.575 0.571 0.571 0.569 0.568 0.565 0.563 0.563 0.563 0.563 0.556 0.554 0.553 0.553 0.552 0.545 0.546 0.545 0.545 0.545 0.545 0.543 0.542 0.538 0.538 0.538 0.538 0.537 0.528 0.525 0.522 0.522 0.522 0.519 0.517 0.519 0.519 0.518 0.518 0.518 0.517 0.517 0.517 0.514 0.514 0.514 0.514 0.514 0.511 0.511 0.509 0.508 0.507 0.504 0.504 0.504 0.504 0.504 0.501 0.501 0.5 0.5 0.5 0.5 0.5 0.5 0.498 0.498 0.498 0.498 0.498 0.5 0.5 0.496 0.496 0.5 0.496 0.5 0.5 0.5 0.496 0.504 0.504 0.506 0.513 0.513 0.513 0.508 0.508 0.508 0.51 0.512 0.516 0.516 0.515 0.515 0.515 0.515 0.512 0.512 0.512 0.512 0.51 0.508 0.508 0.505 0.504 0.504 0.502 0.5 0.494 0.493 0.493 0.493 0.496 0.496 0.499 0.509 0.992 0.994 0.994 0.993 0.993 0.993 0.993 0.995 0.998 1.005 1.005 0.998 0.978 0.966 0.942 0.929 0.903 0.89 0.863 0.837 0.818 0.797 0.78 0.762 0.747 0.724 0.705 0.689 0.68 0.662 0.654 0.638 0.624 0.615 0.608 0.594 0.594 0.594 0.6 0.6 0.6 0.594 0.594 0.592 0.586 0.586 0.586 0.585 0.585 0.591 0.593 0.593 0.595 0.597 0.6 0.6 0.603 0.605 0.609 0.61 0.61 0.612 0.613 0.615 0.616 0.622 0.625 0.627 0.632 0.632 0.632 0.632 0.637 0.641 0.642 0.643 0.645 0.647 0.649 0.652 0.662 0.663 0.663 0.66 0.66 0.658 0.654 0.654 0.658 0.666 0.689 0.69 0.693 0.698 0.702 0.712 0.715 0.717 0.721 0.73 0.73 0.734 0.739 0.739 0.741 0.747 0.76 0.763 0.771 0.773 0.775 0.779 0.785 0.801 1.357 1.522 1.537 1.552 1.552 1.567 1.576 1.593 1.601 1.619 1.64 1.644 1.655 1.678 1.687 1.705 1.705 1.705 1.081 1.054 1.046 1.04 1.04 1.04 0 0 0 0 0 0 0 0 0 0 0 0 0 0 0 0 0 0 0 0 0 0 0 0 0 0 0 0 0 0.007 0 0 0 0 0 0.832 0.832 0.827 0.842 0.821 0.798 0.661 0.65 0.65 0.65 0.657 0.666 0.666 0.667 0.667 0.678 0.679 0.681 0.686 0.691 0.694 0.694 0.695 0.702 0.709 0.717 0.719 0.729 
1 1 1 1 1 1 1 1 1 1 1 1 1 1 1 1 1 1 1 1 1 1 1 1 1 1 1 1 1 1 1 1 1 1 1 1 1 1 1 1 1 1 1 1 1 1 1 1 1 1 1 1 1 1 1 1 1 1 1 1 1 1 1 1 1 1 1 1 1 1 1 1 1 1 1 1 1 1 1 1 1 1 1 1 1 1 1 1 1 1 1 1 1 1 1 1 1 1 1 1 1 1 1 1 1 1 1 1 1 1 1 1 1 1 1 1 1 1 1 1 1 1 1 1 1 1 1 1 1 1 1 1 1 1 1 1 1 1 1 1 1 1 1 1 1 1 1 1 1 1 1 1 1 1 1 1 1 1 1 1 1 1 1 1 1 1 1 1 1 1 1 1 1 1 1 1 1 1 1 1 1 1 1 1 1 1 1 1 1 1 1 1 1 1 1 1 1 1 1 1 1 1 1 1 1 1 1 1 1 1 1 1 1 1 1 1 1 1 1 1 1 1 1 1 1 1 1 1 1 1 1 1 1 1 1 1 1 1 1 1 1 1 1 1 1 1 1 1 1 1 1 1 1 1 1 1 1 1 1 1 1 1 1 1 1 1 1 1 1 1 1 1 1 1 1 1 1 1 1 1 1 1 1 1 1 1 1 1 1 1 1 1 1 1 1 1 1 1 1 1 1 1 1 1 1 1 1 1 1 1 1 1 1 1 1 1 1 1 1 1 1 1 1 1 1 1 1 1 1 1 1 1 1 1 1 1 1 1 1 1 1 1 1 1 1 1 1 1 1 1 1 1 1 1 1 1 1 1 1 1 1 1 1 1 1 1 1 1 1 1 1 1 1 1 1 1 1 1 1 1 1 1 1 1 1 1 1 1 1 1 1 1 1 1 1 1 1 1 1 1 1 1 1 1 1 1 1 1 1 1 1 1 1 1 1 1 1 1 1 1 1 1 1 1 1 1 1 1 1 1 1 1 1 1 1 1 1 1 1 1 1 1 1 1 1 1 1 1 1 1 1 1 1 1 1 1 1 1 1 1 1 1 1 1 1 1 1 1 1 1 1 1 1 1 1 1 1 1 1 1 1 1 1 1 1 1 1 1 1 1 1 1 1 1 1 1 1 1 1 1 1 1 1 1 1 1 1 1 1 1 1 1 1 1 1 1 1 1 1 1 1 1 1 1 1 1 1 1 1 1 1 1 1 1 1 1 1 1 1 1 1 1 1 1 1 1 1 1 1 1 1 1 1 1 1 1 1 1 1 1 1 1 1 1 1 1 1 1 1 1 1 1 1 1 1 1 1 1 1 1 1 1 1 1 1 1 1 1 1 1 1 1 1 1 1 1 1 1 1 1 1 1 1 1 1 1 1 1 1 1 1 1 1 1 1 1 1 1 1 0 0 0 0 0 0 0 0 0 0 0 0 0 0 0 0 0 0 0 0 0 0 0 0 0 0 0 0 0 0 0 0 0 0 0 1 1 1 1 1 1 1 1 1 1 1 1 1 1 1 1 1 1 1 1 1 1 1 1 1 1 1 1 
