# This file contains a 2D laser scan observation. 
# Its format is: 
# [aperture] [max_range] [number_of_scans] 
# [vector_of_scans] 
# [vector_of_valid_scans] 
# The aperture of the sensor is in radians, the maximum range 
# and measurements are in meters. '1' means a valid scan, '0' otherwise.
4.1847
5.6
682
1.196 1.197 1.199 1.199 1.203 1.208 1.208 1.208 1.219 1.22 1.222 1.227 1.232 1.236 1.245 1.245 1.25 1.25 1.261 1.268 1.27 1.277 1.292 1.347 1.347 1.347 1.327 1.314 1.306 1.298 1.286 1.27 1.266 1.253 1.245 1.229 1.22 1.212 1.208 1.194 1.18 1.18 1.171 1.16 1.151 1.15 1.133 1.126 1.123 1.119 1.107 1.094 1.09 1.087 1.087 1.068 1.066 1.06 1.06 1.059 1.039 1.035 1.035 1.022 1.022 1.016 1.015 1.011 0.997 0.991 0.98 0.98 0.977 0.974 0.974 0.974 0.958 0.952 0.952 0.952 0.949 0.948 0.946 0.935 0.933 0.933 0.927 0.917 0.915 0.912 0.908 0.908 0.9 0.895 0.895 0.894 0.892 0.886 0.886 0.883 0.886 0.878 0.875 0.874 0.873 0.873 0.87 0.87 0.866 0.866 0.861 0.86 0.86 0.86 0.855 0.851 0.842 0.842 0.842 0.842 0.841 0.839 0.83 0.83 0.828 0.828 0.827 0.827 0.827 0.827 0.819 0.818 0.819 0.818 0.815 0.815 0.811 0.811 0.811 0.811 0.808 0.807 0.804 0.804 0.804 0.805 0.805 0.805 0.805 0.802 0.801 0.799 0.797 0.796 0.794 0.794 0.795 0.795 0.794 0.794 0.794 0.793 0.793 0.793 0.792 0.79 0.79 0.79 0.79 0.79 0.789 0.794 0.794 0.794 0.789 0.789 0.789 0.785 0.786 0.785 0.786 0.786 0.786 0.79 0.792 0.79 0.79 0.792 0.792 0.792 0.792 0.792 0.792 0.792 0.792 0.792 0.793 0.794 0.794 0.795 0.795 0.795 0.797 0.797 0.797 0.797 0.801 0.802 0.797 0.797 0.804 0.804 0.803 0.804 0.804 0.805 0.805 0.813 0.814 0.814 0.813 0.813 0.814 0.814 0.817 0.817 0.82 0.823 0.826 0.826 0.828 0.829 0.829 0.834 0.837 0.841 0.841 0.841 0.845 0.843 0.843 0.843 0.843 0.843 0.849 0.854 0.854 0.858 0.858 0.858 0.861 0.864 0.869 0.871 0.872 0.874 0.875 0.877 0.885 0.886 0.889 0.897 0.897 0.897 0.898 0.899 0.906 0.909 0.914 0.917 0.921 0.922 0.928 0.931 0.936 0.936 0.943 0.946 0.947 0.955 0.957 0.958 0.97 0.973 0.98 0.98 0.987 0.988 0.994 0.995 0.998 0.998 0.998 0.989 0.79 0.784 0.782 0.784 0.784 0.782 0.78 0.779 0.778 0.773 0.773 0.673 0.605 0.6 0.593 0.59 0.587 0.584 0.584 0.584 0.584 0.573 0.572 0.572 0.562 0.562 0.562 0.56 0.554 0.553 0.55 0.549 0.548 0.544 0.543 0.542 0.536 0.536 0.534 0.533 0.528 0.528 0.527 0.52 0.514 0.514 0.511 0.509 0.507 0.507 0.503 0.505 0.502 0.501 0.501 0.501 0.499 0.499 0.499 0.498 0.492 0.49 0.49 0.486 0.48 0.48 0.48 0.479 0.481 0.484 0.484 0.481 0.481 0.477 0.472 0.472 0.472 0.472 0.472 0.471 0.468 0.468 0.468 0.468 0.461 0.46 0.455 0.455 0.456 0.456 0.456 0.456 0.456 0.451 0.451 0.45 0.45 0.451 0.451 0.451 0.451 0.455 0.451 0.449 0.446 0.446 0.446 0.446 0.446 0.446 0.446 0.442 0.442 0.442 0.442 0.446 0.446 0.446 0.446 0.443 0.443 0.443 0.443 0.443 0.447 0.447 0.447 0.447 0.447 0.446 0.446 0.448 0.448 0.453 0.453 0.454 0.458 0.458 0.458 0.46 0.464 0.466 0.466 0.466 0.465 0.464 0.462 0.462 0.462 0.462 0.458 0.458 0.451 0.448 0.448 0.447 0.446 0.446 0.446 0.441 0.439 0.439 0.439 0.445 0.445 0.449 0.454 0.46 0.793 0.939 0.944 0.944 0.947 0.944 0.947 0.947 0.944 0.944 0.942 0.931 0.909 0.897 0.872 0.855 0.837 0.823 0.792 0.774 0.761 0.742 0.725 0.709 0.698 0.684 0.658 0.655 0.647 0.626 0.619 0.61 0.59 0.588 0.571 0.562 0.558 0.557 0.545 0.545 0.545 0.545 0.545 0.544 0.544 0.544 0.544 0.544 0.54 0.54 0.538 0.538 0.538 0.538 0.538 0.539 0.539 0.549 0.55 0.555 0.556 0.556 0.556 0.556 0.556 0.558 0.569 0.574 0.574 0.577 0.577 0.577 0.577 0.582 0.583 0.588 0.588 0.594 0.594 0.593 0.593 0.595 0.595 0.604 0.611 0.611 0.611 0.613 0.618 0.624 0.63 0.63 0.63 0.63 0.636 0.646 0.646 0.65 0.655 0.661 0.666 0.668 0.675 0.678 0.678 0.678 0.69 0.693 0.693 0.702 0.704 0.705 0.721 0.727 0.732 0.733 0.738 0.741 0.743 1.509 1.509 1.511 1.511 1.518 1.575 1.581 1.601 1.614 1.622 1.649 1.665 1.678 1.69 1.702 1.702 1.702 1.702 1.652 1.648 1.648 1.643 1.633 1.624 1.624 1.624 0 0 0 0 0 0 0 0 0 0 0 0 0 0 0 0 0 0 0 0 0 0 0 0.007 0 0 0 0 0 0.816 0.798 0.798 0.804 0.804 0.804 0.804 0.804 0.804 0.81 0 0 0 0 0 0 0 0 0 0 0 0 0.007 0 0 0 0 0 0.007 0 0 0.007 3.058 3.047 3.047 3.042 3.034 3.025 3.021 3.021 3.025 3.058 3.185 3.224 3.32 3.325 
1 1 1 1 1 1 1 1 1 1 1 1 1 1 1 1 1 1 1 1 1 1 1 1 1 1 1 1 1 1 1 1 1 1 1 1 1 1 1 1 1 1 1 1 1 1 1 1 1 1 1 1 1 1 1 1 1 1 1 1 1 1 1 1 1 1 1 1 1 1 1 1 1 1 1 1 1 1 1 1 1 1 1 1 1 1 1 1 1 1 1 1 1 1 1 1 1 1 1 1 1 1 1 1 1 1 1 1 1 1 1 1 1 1 1 1 1 1 1 1 1 1 1 1 1 1 1 1 1 1 1 1 1 1 1 1 1 1 1 1 1 1 1 1 1 1 1 1 1 1 1 1 1 1 1 1 1 1 1 1 1 1 1 1 1 1 1 1 1 1 1 1 1 1 1 1 1 1 1 1 1 1 1 1 1 1 1 1 1 1 1 1 1 1 1 1 1 1 1 1 1 1 1 1 1 1 1 1 1 1 1 1 1 1 1 1 1 1 1 1 1 1 1 1 1 1 1 1 1 1 1 1 1 1 1 1 1 1 1 1 1 1 1 1 1 1 1 1 1 1 1 1 1 1 1 1 1 1 1 1 1 1 1 1 1 1 1 1 1 1 1 1 1 1 1 1 1 1 1 1 1 1 1 1 1 1 1 1 1 1 1 1 1 1 1 1 1 1 1 1 1 1 1 1 1 1 1 1 1 1 1 1 1 1 1 1 1 1 1 1 1 1 1 1 1 1 1 1 1 1 1 1 1 1 1 1 1 1 1 1 1 1 1 1 1 1 1 1 1 1 1 1 1 1 1 1 1 1 1 1 1 1 1 1 1 1 1 1 1 1 1 1 1 1 1 1 1 1 1 1 1 1 1 1 1 1 1 1 1 1 1 1 1 1 1 1 1 1 1 1 1 1 1 1 1 1 1 1 1 1 1 1 1 1 1 1 1 1 1 1 1 1 1 1 1 1 1 1 1 1 1 1 1 1 1 1 1 1 1 1 1 1 1 1 1 1 1 1 1 1 1 1 1 1 1 1 1 1 1 1 1 1 1 1 1 1 1 1 1 1 1 1 1 1 1 1 1 1 1 1 1 1 1 1 1 1 1 1 1 1 1 1 1 1 1 1 1 1 1 1 1 1 1 1 1 1 1 1 1 1 1 1 1 1 1 1 1 1 1 1 1 1 1 1 1 1 1 1 1 1 1 1 1 1 1 1 1 1 1 1 1 1 1 1 1 1 1 1 1 1 1 1 1 1 1 1 1 1 1 1 1 1 1 1 1 1 1 1 1 1 1 1 1 1 1 1 1 1 1 1 1 1 1 1 1 1 1 1 1 1 1 1 1 1 1 1 1 1 1 1 1 1 1 1 1 1 1 0 0 0 0 0 0 0 0 0 0 0 0 0 0 0 0 0 0 0 0 0 0 0 0 0 0 0 0 0 1 1 1 1 1 1 1 1 1 1 0 0 0 0 0 0 0 0 0 0 0 0 0 0 0 0 0 0 0 0 0 0 1 1 1 1 1 1 1 1 1 1 1 1 1 1 
