# This file contains a 2D laser scan observation. 
# Its format is: 
# [aperture] [max_range] [number_of_scans] 
# [vector_of_scans] 
# [vector_of_valid_scans] 
# The aperture of the sensor is in radians, the maximum range 
# and measurements are in meters. '1' means a valid scan, '0' otherwise.
4.1847
5.6
682
0.65 0.642 0.633 0.632 0.628 0.625 0.624 0.618 0.604 0.602 0.601 0.596 0.595 0.593 0.587 0.585 0.584 0.581 0.577 0.565 0.565 0.565 0.565 0.565 0.559 0.555 0.546 0.541 0.541 0.541 0.539 0.534 0.529 0.526 0.518 0.516 0.517 0.515 0.514 0.513 0.513 0.509 0.508 0.506 0.501 0.501 0.501 0.501 0.499 0.492 0.491 0.491 0.491 0.494 0.494 0.497 0.494 0.488 0.487 0.488 0.488 0.491 0.494 0.494 0.494 0.494 0.494 0.504 0.51 0.514 0.518 0.53 0.531 0.538 0.538 0.549 0.558 0.562 0.57 0.573 0.589 0.593 0.603 0.612 0.629 0.636 0.641 0.649 0.665 0.675 0.675 0.691 0.707 0.723 0.729 0.749 0.766 0.779 0.784 0.806 0.825 0.849 0.91 0.94 0.94 0.943 0.943 0.94 0.938 0.938 0.938 0.934 0.934 0.928 0.925 0.508 0.497 0.487 0.484 0.479 0.474 0.474 0.474 0.477 0.478 0.478 0.482 0.482 0.482 0.484 0.484 0.487 0.487 0.487 0.487 0.489 0.491 0.495 0.497 0.497 0.497 0.497 0.497 0.497 0.494 0.497 0.497 0.498 0.497 0.497 0.494 0.494 0.493 0.493 0.492 0.484 0.48 0.479 0.479 0.478 0.478 0.478 0.478 0.475 0.473 0.475 0.476 0.476 0.479 0.481 0.481 0.48 0.481 0.48 0.48 0.48 0.484 0.48 0.482 0.487 0.485 0.485 0.485 0.485 0.485 0.482 0.482 0.487 0.487 0.485 0.487 0.487 0.492 0.492 0.492 0.491 0.491 0.491 0.492 0.495 0.496 0.498 0.499 0.5 0.5 0.505 0.5 0.502 0.502 0.504 0.504 0.505 0.509 0.512 0.512 0.512 0.515 0.516 0.516 0.516 0.516 0.519 0.522 0.522 0.524 0.524 0.527 0.528 0.531 0.531 0.533 0.535 0.539 0.537 0.54 0.54 0.541 0.547 0.548 0.551 0.554 1.098 1.098 1.105 1.105 1.112 1.114 1.124 1.124 1.124 1.123 1.124 1.144 1.132 1.145 1.156 1.181 1.185 1.186 1.185 1.181 1.174 1.174 1.174 1.174 1.191 1.215 1.204 1.244 0 0 0 0 0 0 0 0 0 0 0 0 0 0 0 0 0.007 0 0 0 0 0 0 0 0 0 0 0 0 0 0 0 0 0 0 0 0 0 0 0 0 0 0 0 0 0 0.007 0 0 0 0 0 0 0.558 0.551 0.556 0.551 0.545 0.543 0.536 0.532 0.532 0.539 0.539 0.539 0.539 0.536 0.534 0.533 0.533 0.533 0.533 0.533 0.534 0.541 0 0 0 0 0.007 0 0.625 0.625 0.623 0.622 0.622 0.619 0.619 0.622 0.625 0.627 2.92 2.92 2.92 2.909 2.902 2.893 2.89 2.87 2.867 2.865 2.858 2.835 2.835 2.833 2.818 2.808 2.805 2.804 2.786 2.776 2.775 2.764 2.763 2.763 2.755 2.745 2.739 2.738 2.738 2.738 2.872 2.894 2.936 2.936 3.021 3.022 3.022 3.022 3.022 3.022 3.017 3.023 3.017 3.017 2.021 2.003 2.001 2.001 2.001 2.001 2 2.001 2.004 2.001 2.001 2.002 2.007 2.003 2.003 2.015 2.003 2.003 2.007 2.01 2.01 2.01 2.017 2.02 2.02 1.98 1.991 1.991 1.991 1.991 1.991 1.821 1.73 1.722 1.722 1.722 1.724 1.73 1.739 2.063 2.065 2.069 2.069 2.069 2.071 2.076 2.078 2.079 2.088 2.089 2.092 2.098 2.099 2.112 2.113 2.119 2.12 2.13 2.135 2.135 2.142 2.148 2.148 2.148 1.706 1.706 1.7 1.676 1.645 1.615 1.608 1.572 1.552 1.536 1.507 1.499 1.478 1.451 1.435 1.409 1.401 1.385 1.364 1.356 1.342 1.326 1.318 1.299 1.291 1.27 1.26 1.242 1.227 1.21 1.21 1.195 1.178 1.16 1.157 1.15 1.129 1.123 1.107 1.104 1.092 1.079 1.074 1.07 1.056 1.052 1.037 1.024 1.021 1.018 1.007 0.999 0.987 0.984 0.978 0.976 0.965 0.958 0.952 0.944 0.936 0.934 0.934 0.926 0.92 0.916 0.896 0.894 0.891 0.885 0.882 0.882 0.877 0.873 0.873 0.863 0.854 0.846 0.845 0.841 0.833 0.832 0.83 0.828 0.825 0.821 0.815 0.812 0.811 0.811 0.804 0.798 0.796 0.793 0.793 0.786 0.782 0.781 0.778 0.778 0.767 0.767 0.767 0.764 0.753 0.753 0.753 0.746 0.746 0.746 0.744 0.739 0.739 0.737 0.733 0.732 0.732 0.722 0.722 0.722 0.721 0.721 0.721 0.718 0.714 0.711 0.71 0.71 0.706 0.706 0.7 0.7 0.697 0.697 0.699 0.699 0.697 0.699 0.692 0.69 0.689 0.684 0.684 0.684 0.681 0.681 0.681 0.681 0.681 0.678 0.678 0.678 0.678 0.677 0.673 0.673 0.673 0.673 0.67 0.668 0.668 0.668 0.668 0.671 0.674 0.674 0.674 0.663 0.663 0.663 0.663 0.663 0.66 0.667 0.667 0.662 0.662 0.662 0.662 0.662 0.663 0.665 0.666 0.666 0.666 0.666 0.665 0.662 0.662 0.662 0.662 0.664 0.664 0.664 0.664 0.665 0.662 0.662 0.662 0.665 0.666 0.666 0.666 0.666 0.665 0.664 0.661 0.664 0.661 0.661 0.669 0.669 0.666 0.669 
1 1 1 1 1 1 1 1 1 1 1 1 1 1 1 1 1 1 1 1 1 1 1 1 1 1 1 1 1 1 1 1 1 1 1 1 1 1 1 1 1 1 1 1 1 1 1 1 1 1 1 1 1 1 1 1 1 1 1 1 1 1 1 1 1 1 1 1 1 1 1 1 1 1 1 1 1 1 1 1 1 1 1 1 1 1 1 1 1 1 1 1 1 1 1 1 1 1 1 1 1 1 1 1 1 1 1 1 1 1 1 1 1 1 1 1 1 1 1 1 1 1 1 1 1 1 1 1 1 1 1 1 1 1 1 1 1 1 1 1 1 1 1 1 1 1 1 1 1 1 1 1 1 1 1 1 1 1 1 1 1 1 1 1 1 1 1 1 1 1 1 1 1 1 1 1 1 1 1 1 1 1 1 1 1 1 1 1 1 1 1 1 1 1 1 1 1 1 1 1 1 1 1 1 1 1 1 1 1 1 1 1 1 1 1 1 1 1 1 1 1 1 1 1 1 1 1 1 1 1 1 1 1 1 1 1 1 1 1 1 1 1 1 1 1 1 1 1 1 1 1 1 1 1 1 1 1 1 1 1 1 1 1 1 1 1 1 1 1 0 0 0 0 0 0 0 0 0 0 0 0 0 0 0 0 0 0 0 0 0 0 0 0 0 0 0 0 0 0 0 0 0 0 0 0 0 0 0 0 0 0 0 0 0 0 0 0 0 0 0 0 0 1 1 1 1 1 1 1 1 1 1 1 1 1 1 1 1 1 1 1 1 1 1 0 0 0 0 0 0 1 1 1 1 1 1 1 1 1 1 1 1 1 1 1 1 1 1 1 1 1 1 1 1 1 1 1 1 1 1 1 1 1 1 1 1 1 1 1 1 1 1 1 1 1 1 1 1 1 1 1 1 1 1 1 1 1 1 1 1 1 1 1 1 1 1 1 1 1 1 1 1 1 1 1 1 1 1 1 1 1 1 1 1 1 1 1 1 1 1 1 1 1 1 1 1 1 1 1 1 1 1 1 1 1 1 1 1 1 1 1 1 1 1 1 1 1 1 1 1 1 1 1 1 1 1 1 1 1 1 1 1 1 1 1 1 1 1 1 1 1 1 1 1 1 1 1 1 1 1 1 1 1 1 1 1 1 1 1 1 1 1 1 1 1 1 1 1 1 1 1 1 1 1 1 1 1 1 1 1 1 1 1 1 1 1 1 1 1 1 1 1 1 1 1 1 1 1 1 1 1 1 1 1 1 1 1 1 1 1 1 1 1 1 1 1 1 1 1 1 1 1 1 1 1 1 1 1 1 1 1 1 1 1 1 1 1 1 1 1 1 1 1 1 1 1 1 1 1 1 1 1 1 1 1 1 1 1 1 1 1 1 1 1 1 1 1 1 1 1 1 1 1 1 1 1 1 1 1 1 1 1 1 1 1 1 1 1 1 1 1 1 1 1 1 1 1 1 1 1 1 1 1 1 1 1 1 1 1 1 1 1 1 1 1 1 1 1 1 1 1 1 1 1 1 1 1 1 1 1 1 1 
