# This file contains a 2D laser scan observation. 
# Its format is: 
# [aperture] [max_range] [number_of_scans] 
# [vector_of_scans] 
# [vector_of_valid_scans] 
# The aperture of the sensor is in radians, the maximum range 
# and measurements are in meters. '1' means a valid scan, '0' otherwise.
4.1847
5.6
682
0.65 0.646 0.63 0.629 0.628 0.625 0.622 0.615 0.605 0.603 0.602 0.597 0.595 0.592 0.588 0.588 0.58 0.576 0.575 0.575 0.571 0.557 0.557 0.557 0.556 0.554 0.551 0.55 0.545 0.533 0.533 0.533 0.532 0.533 0.532 0.529 0.519 0.516 0.516 0.516 0.516 0.511 0.51 0.506 0.505 0.502 0.5 0.5 0.496 0.493 0.493 0.494 0.494 0.494 0.494 0.495 0.495 0.494 0.494 0.494 0.49 0.49 0.49 0.493 0.493 0.496 0.496 0.5 0.508 0.515 0.518 0.522 0.531 0.533 0.538 0.548 0.561 0.568 0.58 0.586 0.586 0.593 0.604 0.615 0.618 0.64 0.65 0.652 0.659 0.674 0.68 0.704 0.716 0.724 0.729 0.743 0.76 0.774 0.794 0.808 0.818 0.85 0.899 0.94 0.943 0.943 0.941 0.94 0.938 0.938 0.938 0.936 0.938 0.936 0.931 0.502 0.491 0.49 0.486 0.486 0.479 0.478 0.477 0.478 0.478 0.484 0.484 0.484 0.484 0.484 0.484 0.491 0.493 0.493 0.493 0.493 0.493 0.494 0.496 0.499 0.501 0.499 0.498 0.498 0.498 0.497 0.498 0.498 0.493 0.497 0.497 0.493 0.489 0.488 0.486 0.486 0.485 0.481 0.485 0.48 0.48 0.48 0.479 0.478 0.473 0.473 0.472 0.472 0.473 0.476 0.476 0.476 0.476 0.476 0.476 0.476 0.476 0.478 0.478 0.479 0.479 0.48 0.48 0.481 0.482 0.484 0.486 0.486 0.486 0.486 0.486 0.486 0.493 0.491 0.493 0.493 0.493 0.493 0.493 0.493 0.493 0.499 0.497 0.499 0.499 0.499 0.499 0.5 0.503 0.503 0.506 0.506 0.508 0.509 0.509 0.511 0.512 0.512 0.512 0.513 0.518 0.516 0.518 0.518 0.518 0.527 0.528 0.532 0.533 0.535 0.535 0.538 0.539 0.539 0.547 0.547 0.547 0.547 0.547 0.548 0.568 1.089 1.102 1.107 1.107 1.113 1.113 1.118 1.126 1.13 1.13 1.135 1.138 1.138 1.149 1.153 1.164 1.181 1.188 1.181 1.181 1.182 1.182 1.182 1.182 1.19 1.196 1.196 1.2 1.24 0 0 0 0 0 0 0 0 0 0 0 0 0 0 0 0 0 0 0 0 0 0 0 0 0 0 0 0 0 0 0 0 0 0 0 0 0 0 0 0 0 0 0 0 0.007 0 0.586 0.579 0.579 0.574 0.566 0.558 0.552 0.551 0.547 0.546 0.542 0.541 0.539 0.539 0.538 0.538 0.539 0.542 0.542 0.551 0.007 0 0.007 0.532 0.532 0.546 0.546 0 0 0 0 0 0 0 0 0.007 0.639 0.622 0.621 0.612 0.612 0.613 0.613 0.635 2.914 2.914 2.914 2.907 2.903 2.899 2.888 2.87 2.865 2.858 2.855 2.838 2.836 2.828 2.815 2.814 2.809 2.799 2.792 2.783 2.778 2.765 2.756 2.752 2.749 2.744 2.737 2.731 2.731 2.731 2.875 2.904 2.928 2.928 3.018 3.023 3.023 3.018 3.018 3.018 3.018 3.018 3.011 3.011 2.013 2.002 2 1.999 2 2 2 2.003 2.003 1.999 1.998 1.997 1.997 1.998 2.004 2.011 2.011 2.011 2.009 2.011 2.011 2.013 2.019 2.024 2.024 2.019 1.992 1.992 1.992 1.992 1.992 1.826 1.725 1.723 1.723 1.723 1.727 1.732 1.733 2.061 2.063 2.066 2.065 2.066 2.074 2.077 2.077 2.089 2.09 2.092 2.093 2.099 2.105 2.106 2.114 2.116 2.119 2.127 2.132 2.134 2.137 2.151 2.151 2.151 1.709 1.707 1.696 1.683 1.656 1.639 1.597 1.59 1.557 1.536 1.504 1.494 1.474 1.455 1.435 1.422 1.405 1.387 1.369 1.355 1.342 1.334 1.315 1.302 1.287 1.272 1.254 1.245 1.225 1.218 1.214 1.189 1.18 1.175 1.159 1.141 1.135 1.123 1.121 1.098 1.092 1.081 1.072 1.064 1.055 1.049 1.039 1.028 1.023 1.014 1.007 0.993 0.991 0.986 0.975 0.972 0.965 0.963 0.952 0.945 0.943 0.936 0.922 0.921 0.912 0.906 0.902 0.895 0.879 0.879 0.874 0.874 0.872 0.872 0.858 0.858 0.856 0.856 0.842 0.839 0.834 0.834 0.83 0.828 0.827 0.819 0.818 0.817 0.817 0.812 0.798 0.796 0.795 0.795 0.784 0.782 0.778 0.774 0.778 0.773 0.771 0.771 0.763 0.761 0.76 0.758 0.755 0.753 0.752 0.749 0.749 0.744 0.742 0.736 0.737 0.736 0.722 0.722 0.722 0.722 0.722 0.718 0.717 0.718 0.717 0.712 0.713 0.712 0.705 0.705 0.705 0.701 0.7 0.696 0.696 0.694 0.694 0.693 0.693 0.69 0.69 0.688 0.69 0.686 0.686 0.678 0.681 0.675 0.681 0.675 0.68 0.676 0.676 0.676 0.676 0.676 0.67 0.67 0.67 0.67 0.67 0.667 0.666 0.666 0.667 0.666 0.666 0.669 0.663 0.663 0.663 0.663 0.662 0.662 0.658 0.659 0.659 0.659 0.659 0.659 0.662 0.659 0.664 0.665 0.665 0.665 0.665 0.661 0.661 0.661 0.661 0.661 0.661 0.661 0.659 0.659 0.655 0.617 0.399 0.36 0.36 0.36 0.358 0.358 0.359 0.356 0.356 0.356 0.355 0.354 0.355 0.355 0.359 0.359 
1 1 1 1 1 1 1 1 1 1 1 1 1 1 1 1 1 1 1 1 1 1 1 1 1 1 1 1 1 1 1 1 1 1 1 1 1 1 1 1 1 1 1 1 1 1 1 1 1 1 1 1 1 1 1 1 1 1 1 1 1 1 1 1 1 1 1 1 1 1 1 1 1 1 1 1 1 1 1 1 1 1 1 1 1 1 1 1 1 1 1 1 1 1 1 1 1 1 1 1 1 1 1 1 1 1 1 1 1 1 1 1 1 1 1 1 1 1 1 1 1 1 1 1 1 1 1 1 1 1 1 1 1 1 1 1 1 1 1 1 1 1 1 1 1 1 1 1 1 1 1 1 1 1 1 1 1 1 1 1 1 1 1 1 1 1 1 1 1 1 1 1 1 1 1 1 1 1 1 1 1 1 1 1 1 1 1 1 1 1 1 1 1 1 1 1 1 1 1 1 1 1 1 1 1 1 1 1 1 1 1 1 1 1 1 1 1 1 1 1 1 1 1 1 1 1 1 1 1 1 1 1 1 1 1 1 1 1 1 1 1 1 1 1 1 1 1 1 1 1 1 1 1 1 1 1 1 1 1 1 1 1 1 1 1 1 1 1 1 1 0 0 0 0 0 0 0 0 0 0 0 0 0 0 0 0 0 0 0 0 0 0 0 0 0 0 0 0 0 0 0 0 0 0 0 0 0 0 0 0 0 0 0 0 0 0 1 1 1 1 1 1 1 1 1 1 1 1 1 1 1 1 1 1 1 1 0 0 0 1 1 1 1 0 0 0 0 0 0 0 0 0 1 1 1 1 1 1 1 1 1 1 1 1 1 1 1 1 1 1 1 1 1 1 1 1 1 1 1 1 1 1 1 1 1 1 1 1 1 1 1 1 1 1 1 1 1 1 1 1 1 1 1 1 1 1 1 1 1 1 1 1 1 1 1 1 1 1 1 1 1 1 1 1 1 1 1 1 1 1 1 1 1 1 1 1 1 1 1 1 1 1 1 1 1 1 1 1 1 1 1 1 1 1 1 1 1 1 1 1 1 1 1 1 1 1 1 1 1 1 1 1 1 1 1 1 1 1 1 1 1 1 1 1 1 1 1 1 1 1 1 1 1 1 1 1 1 1 1 1 1 1 1 1 1 1 1 1 1 1 1 1 1 1 1 1 1 1 1 1 1 1 1 1 1 1 1 1 1 1 1 1 1 1 1 1 1 1 1 1 1 1 1 1 1 1 1 1 1 1 1 1 1 1 1 1 1 1 1 1 1 1 1 1 1 1 1 1 1 1 1 1 1 1 1 1 1 1 1 1 1 1 1 1 1 1 1 1 1 1 1 1 1 1 1 1 1 1 1 1 1 1 1 1 1 1 1 1 1 1 1 1 1 1 1 1 1 1 1 1 1 1 1 1 1 1 1 1 1 1 1 1 1 1 1 1 1 1 1 1 1 1 1 1 1 1 1 1 1 1 1 1 1 1 1 1 1 1 1 1 1 1 1 1 1 1 1 1 1 1 1 1 1 1 1 1 1 1 1 1 1 1 
