# This file contains a 2D laser scan observation. 
# Its format is: 
# [aperture] [max_range] [number_of_scans] 
# [vector_of_scans] 
# [vector_of_valid_scans] 
# The aperture of the sensor is in radians, the maximum range 
# and measurements are in meters. '1' means a valid scan, '0' otherwise.
4.1847
5.6
682
0.648 0.646 0.637 0.631 0.626 0.622 0.621 0.616 0.61 0.61 0.606 0.603 0.595 0.586 0.585 0.583 0.581 0.578 0.578 0.572 0.571 0.567 0.558 0.558 0.556 0.552 0.546 0.543 0.543 0.539 0.539 0.532 0.531 0.528 0.52 0.52 0.519 0.518 0.517 0.513 0.512 0.511 0.511 0.507 0.505 0.504 0.5 0.5 0.498 0.498 0.493 0.493 0.493 0.493 0.498 0.498 0.494 0.494 0.494 0.494 0.494 0.494 0.498 0.498 0.498 0.499 0.499 0.501 0.506 0.51 0.52 0.52 0.525 0.535 0.549 0.55 0.557 0.568 0.574 0.587 0.59 0.595 0.611 0.616 0.624 0.635 0.64 0.656 0.661 0.679 0.683 0.69 0.708 0.726 0.733 0.739 0.77 0.782 0.796 0.809 0.819 0.844 0.908 0.944 0.944 0.944 0.944 0.939 0.937 0.936 0.935 0.934 0.934 0.931 0.924 0.504 0.495 0.487 0.482 0.48 0.477 0.477 0.477 0.478 0.478 0.48 0.48 0.48 0.48 0.48 0.48 0.488 0.487 0.489 0.489 0.491 0.491 0.497 0.501 0.501 0.501 0.501 0.501 0.503 0.501 0.501 0.503 0.501 0.501 0.501 0.501 0.497 0.494 0.494 0.494 0.492 0.487 0.484 0.484 0.482 0.482 0.481 0.48 0.478 0.478 0.473 0.47 0.473 0.473 0.477 0.477 0.478 0.478 0.477 0.481 0.481 0.481 0.48 0.481 0.48 0.48 0.48 0.482 0.482 0.486 0.486 0.486 0.486 0.486 0.487 0.486 0.487 0.492 0.492 0.488 0.494 0.494 0.494 0.494 0.494 0.494 0.494 0.494 0.496 0.497 0.502 0.503 0.505 0.505 0.503 0.507 0.512 0.512 0.512 0.513 0.515 0.516 0.517 0.518 0.519 0.519 0.52 0.52 0.526 0.526 0.528 0.528 0.53 0.53 0.533 0.539 0.54 0.541 0.541 0.544 0.547 0.548 0.551 0.551 0.554 0.562 1.098 1.101 1.103 1.103 1.108 1.11 1.115 1.117 1.124 1.124 1.137 1.141 1.141 1.149 1.152 1.176 1.176 1.189 1.176 1.176 1.189 1.189 1.189 1.189 1.19 1.196 1.192 1.192 1.235 0 0 0 0 0 0 0 0 0 0 0 0 0 0 0 0 0 0 0 0 0 0 0 0 0 0 0 0 0 0 0 0 0 0 0 0 0 0 0 0 0 0 0 0 0 0 0 0 0 0.574 0.571 0.561 0.559 0.559 0.553 0.551 0.55 0.542 0.528 0.528 0.526 0.526 0.534 0.54 0.553 0.567 0.567 0.567 0 0.546 0.543 0.543 0 0 0 0 0 0.007 0 0 0 0.007 0.647 0.629 0.629 0.625 0.624 0.617 0.617 0.617 2.917 2.917 2.917 2.909 2.901 2.899 2.887 2.881 2.866 2.858 2.852 2.839 2.838 2.83 2.823 2.807 2.803 2.799 2.786 2.784 2.776 2.772 2.762 2.755 2.754 2.753 2.739 2.733 2.733 2.733 2.878 2.913 2.917 2.917 3.015 3.023 3.023 3.023 3.016 3.02 3.016 3.016 3.016 3.009 2.021 2.007 2.004 2.004 2.003 2.003 2.003 2.001 1.999 2.001 2.001 1.998 1.998 2.003 2.009 2.012 2.012 2.009 2.012 2.013 2.016 2.021 2.023 2.023 2.023 2.022 1.992 1.992 1.992 1.992 1.992 1.816 1.724 1.723 1.723 1.724 1.726 1.728 1.733 2.055 2.07 2.07 2.07 2.072 2.073 2.08 2.083 2.088 2.094 2.094 2.103 2.106 2.107 2.108 2.114 2.117 2.123 2.125 2.127 2.13 2.139 2.151 2.151 2.151 1.709 1.698 1.697 1.688 1.645 1.619 1.61 1.578 1.553 1.544 1.517 1.488 1.481 1.462 1.436 1.419 1.401 1.389 1.372 1.354 1.337 1.33 1.305 1.301 1.288 1.265 1.257 1.243 1.243 1.218 1.204 0.448 0.447 0.441 0.439 0.439 0.439 0.439 0.439 0.44 0.44 0.44 0.44 0.44 0.437 0.435 0.435 0.437 0.438 0.44 0.442 0.442 0.443 0.443 0.446 0.45 0.45 0.468 0.469 0.47 0.486 0.491 0.494 0.499 0.545 0.891 0.892 0.892 0.892 0.889 0.885 0.88 0.879 0.874 0.86 0.859 0.85 0.85 0.847 0.841 0.837 0.837 0.833 0.827 0.825 0.822 0.822 0.813 0.81 0.806 0.803 0.798 0.793 0.79 0.79 0.79 0.787 0.782 0.781 0.774 0.772 0.769 0.769 0.762 0.76 0.755 0.754 0.754 0.75 0.746 0.744 0.742 0.742 0.741 0.734 0.74 0.734 0.732 0.729 0.726 0.701 0.655 0.601 0.601 0.601 0.592 0.581 0.579 0.579 0.574 0.569 0.569 0.566 0.56 0.56 0.566 0.563 0.566 0.568 0.566 0.566 0.566 0.569 0.569 0.574 0.576 0.579 0.582 0.585 0.591 0.592 0.595 0.598 0.601 0.649 0.671 0.673 0.673 0.674 0.671 0.675 0.67 0.669 0.668 0.668 0.667 0.667 0.663 0.667 0.665 0.663 0.665 0.665 0.661 0.661 0.663 0.663 0.663 0.663 0.664 0.664 0.664 0.667 0.668 0.668 0.668 0.668 0.666 0.666 0.665 0.665 0.665 0.665 0.665 0.665 0.669 0.669 0.671 0.671 0.669 0.665 0.664 0.662 0.662 0.664 0.662 0.663 0.668 0.663 0.663 0.663 0.664 0.664 0.668 
1 1 1 1 1 1 1 1 1 1 1 1 1 1 1 1 1 1 1 1 1 1 1 1 1 1 1 1 1 1 1 1 1 1 1 1 1 1 1 1 1 1 1 1 1 1 1 1 1 1 1 1 1 1 1 1 1 1 1 1 1 1 1 1 1 1 1 1 1 1 1 1 1 1 1 1 1 1 1 1 1 1 1 1 1 1 1 1 1 1 1 1 1 1 1 1 1 1 1 1 1 1 1 1 1 1 1 1 1 1 1 1 1 1 1 1 1 1 1 1 1 1 1 1 1 1 1 1 1 1 1 1 1 1 1 1 1 1 1 1 1 1 1 1 1 1 1 1 1 1 1 1 1 1 1 1 1 1 1 1 1 1 1 1 1 1 1 1 1 1 1 1 1 1 1 1 1 1 1 1 1 1 1 1 1 1 1 1 1 1 1 1 1 1 1 1 1 1 1 1 1 1 1 1 1 1 1 1 1 1 1 1 1 1 1 1 1 1 1 1 1 1 1 1 1 1 1 1 1 1 1 1 1 1 1 1 1 1 1 1 1 1 1 1 1 1 1 1 1 1 1 1 1 1 1 1 1 1 1 1 1 1 1 1 1 1 1 1 1 1 0 0 0 0 0 0 0 0 0 0 0 0 0 0 0 0 0 0 0 0 0 0 0 0 0 0 0 0 0 0 0 0 0 0 0 0 0 0 0 0 0 0 0 0 0 0 0 0 0 1 1 1 1 1 1 1 1 1 1 1 1 1 1 1 1 1 1 1 0 1 1 1 0 0 0 0 0 0 0 0 0 0 1 1 1 1 1 1 1 1 1 1 1 1 1 1 1 1 1 1 1 1 1 1 1 1 1 1 1 1 1 1 1 1 1 1 1 1 1 1 1 1 1 1 1 1 1 1 1 1 1 1 1 1 1 1 1 1 1 1 1 1 1 1 1 1 1 1 1 1 1 1 1 1 1 1 1 1 1 1 1 1 1 1 1 1 1 1 1 1 1 1 1 1 1 1 1 1 1 1 1 1 1 1 1 1 1 1 1 1 1 1 1 1 1 1 1 1 1 1 1 1 1 1 1 1 1 1 1 1 1 1 1 1 1 1 1 1 1 1 1 1 1 1 1 1 1 1 1 1 1 1 1 1 1 1 1 1 1 1 1 1 1 1 1 1 1 1 1 1 1 1 1 1 1 1 1 1 1 1 1 1 1 1 1 1 1 1 1 1 1 1 1 1 1 1 1 1 1 1 1 1 1 1 1 1 1 1 1 1 1 1 1 1 1 1 1 1 1 1 1 1 1 1 1 1 1 1 1 1 1 1 1 1 1 1 1 1 1 1 1 1 1 1 1 1 1 1 1 1 1 1 1 1 1 1 1 1 1 1 1 1 1 1 1 1 1 1 1 1 1 1 1 1 1 1 1 1 1 1 1 1 1 1 1 1 1 1 1 1 1 1 1 1 1 1 1 1 1 1 1 1 1 1 1 1 1 1 1 1 1 1 1 1 1 1 1 1 1 1 1 1 1 1 1 1 1 1 1 1 1 1 
