# This file contains a 2D laser scan observation. 
# Its format is: 
# [aperture] [max_range] [number_of_scans] 
# [vector_of_scans] 
# [vector_of_valid_scans] 
# The aperture of the sensor is in radians, the maximum range 
# and measurements are in meters. '1' means a valid scan, '0' otherwise.
4.1847
5.6
682
0.646 0.645 0.643 0.641 0.632 0.625 0.614 0.614 0.611 0.608 0.604 0.601 0.597 0.592 0.587 0.584 0.581 0.581 0.574 0.571 0.569 0.56 0.561 0.561 0.56 0.553 0.55 0.55 0.541 0.541 0.54 0.537 0.535 0.527 0.526 0.524 0.524 0.52 0.518 0.517 0.516 0.514 0.511 0.507 0.507 0.503 0.501 0.5 0.498 0.498 0.496 0.494 0.494 0.491 0.493 0.493 0.493 0.488 0.488 0.488 0.488 0.488 0.491 0.494 0.494 0.494 0.494 0.505 0.509 0.514 0.52 0.526 0.532 0.541 0.544 0.549 0.563 0.568 0.568 0.57 0.589 0.591 0.611 0.613 0.621 0.633 0.646 0.646 0.664 0.671 0.689 0.696 0.708 0.716 0.736 0.74 0.76 0.771 0.793 0.811 0.829 0.854 0.907 0.936 0.938 0.939 0.939 0.938 0.938 0.935 0.933 0.932 0.932 0.931 0.922 0.506 0.498 0.49 0.481 0.48 0.476 0.476 0.476 0.476 0.481 0.481 0.481 0.481 0.481 0.481 0.487 0.488 0.491 0.489 0.498 0.498 0.498 0.498 0.498 0.499 0.502 0.499 0.499 0.501 0.499 0.498 0.498 0.498 0.496 0.496 0.494 0.494 0.488 0.487 0.482 0.487 0.482 0.485 0.482 0.485 0.482 0.484 0.482 0.482 0.48 0.48 0.48 0.477 0.477 0.477 0.477 0.477 0.477 0.478 0.477 0.477 0.477 0.477 0.477 0.479 0.48 0.482 0.482 0.485 0.488 0.488 0.489 0.491 0.491 0.491 0.489 0.491 0.489 0.489 0.489 0.493 0.494 0.495 0.494 0.495 0.495 0.493 0.493 0.495 0.495 0.498 0.499 0.499 0.503 0.502 0.503 0.506 0.508 0.51 0.51 0.51 0.51 0.51 0.515 0.517 0.522 0.522 0.524 0.527 0.527 0.527 0.525 0.531 0.533 0.533 0.533 0.536 0.542 0.543 0.543 0.544 0.544 0.544 0.546 0.548 0.567 1.09 1.093 1.099 1.099 1.101 1.113 1.116 1.119 1.122 1.122 1.136 1.144 1.144 1.15 1.16 1.165 1.188 1.188 1.176 1.176 1.176 1.176 1.182 1.182 1.182 1.191 1.191 1.196 1.237 0 0 0 0 0 0 0 0 0 0 0 0 0 0 0 0 0 0 0 0 0 0 0 0 0 0 0 0 0 0 0 0 0 0 0 0 0 0.007 0 0 0 0.007 0 0 0.007 0 0 0 0 0.56 0.556 0.554 0.554 0.554 0.547 0.546 0.542 0.538 0.534 0.534 0.535 0.536 0.536 0.536 0.537 0.54 0.537 0.537 0.538 0.538 0.537 0.538 0.549 0 0 0 0 0 0 0 0 0.639 0.63 0.628 0.625 0.617 0.617 0.617 0.618 0.625 2.918 2.918 2.918 2.909 2.903 2.895 2.891 2.874 2.87 2.869 2.856 2.844 2.835 2.825 2.821 2.811 2.802 2.798 2.793 2.786 2.78 2.772 2.764 2.757 2.756 2.744 2.742 2.73 2.73 2.73 2.89 2.904 2.925 2.925 3.017 3.017 3.017 3.017 3.016 3.015 3.014 3.014 3.013 3.012 2.015 2.003 2.001 1.999 1.999 2 2 2.001 2.002 2.002 2.003 2.003 2.005 2.008 2.008 2.008 2.005 2.005 2.005 2.007 2.011 2.011 2.014 2.018 2.014 1.979 1.988 1.988 1.988 1.988 1.988 1.821 1.725 1.724 1.724 1.722 1.722 1.729 1.733 2.061 2.065 2.07 2.07 2.07 2.076 2.079 2.08 2.084 2.091 2.092 2.095 2.097 2.103 2.11 2.11 2.117 2.119 2.12 2.131 2.139 2.139 2.142 2.142 2.139 1.707 1.698 1.698 1.678 1.651 1.628 1.597 1.583 1.56 1.533 1.513 1.494 1.475 1.453 1.436 1.41 1.404 1.386 1.37 1.37 1.351 1.336 0.522 0.51 0.51 0.508 0.508 0.508 0.506 0.506 0.506 0.506 0.501 0.506 0.506 0.504 0.504 0.504 0.498 0.498 0.499 0.494 0.498 0.499 0.503 0.509 0.514 0.522 0.526 0.538 0.545 0.553 0.558 0.573 0.59 0.942 0.947 0.947 0.947 0.944 0.935 0.929 0.928 0.919 0.915 0.911 0.902 0.897 0.894 0.893 0.89 0.88 0.874 0.873 0.87 0.865 0.863 0.855 0.855 0.841 0.839 0.834 0.83 0.829 0.825 0.825 0.822 0.816 0.808 0.808 0.805 0.803 0.8 0.8 0.789 0.786 0.782 0.782 0.781 0.773 0.771 0.771 0.769 0.769 0.769 0.767 0.766 0.761 0.737 0.68 0.62 0.598 0.592 0.58 0.575 0.567 0.562 0.558 0.556 0.555 0.547 0.542 0.542 0.542 0.541 0.538 0.538 0.538 0.538 0.554 0.556 0.557 0.557 0.565 0.566 0.567 0.568 0.571 0.571 0.573 0.573 0.582 0.583 0.584 0.597 0.682 0.682 0.683 0.682 0.682 0.676 0.678 0.676 0.676 0.676 0.676 0.672 0.672 0.672 0.672 0.672 0.67 0.673 0.671 0.671 0.671 0.672 0.671 0.666 0.666 0.668 0.668 0.669 0.669 0.668 0.669 0.665 0.665 0.666 0.666 0.666 0.666 0.663 0.663 0.662 0.662 0.663 0.663 0.663 0.663 0.666 0.667 0.67 0.67 0.667 0.666 0.666 0.666 0.665 0.668 0.668 0.665 0.665 0.665 0.665 0.661 0.661 0.661 0.661 0.665 0.67 0.67 0.67 0.665 
1 1 1 1 1 1 1 1 1 1 1 1 1 1 1 1 1 1 1 1 1 1 1 1 1 1 1 1 1 1 1 1 1 1 1 1 1 1 1 1 1 1 1 1 1 1 1 1 1 1 1 1 1 1 1 1 1 1 1 1 1 1 1 1 1 1 1 1 1 1 1 1 1 1 1 1 1 1 1 1 1 1 1 1 1 1 1 1 1 1 1 1 1 1 1 1 1 1 1 1 1 1 1 1 1 1 1 1 1 1 1 1 1 1 1 1 1 1 1 1 1 1 1 1 1 1 1 1 1 1 1 1 1 1 1 1 1 1 1 1 1 1 1 1 1 1 1 1 1 1 1 1 1 1 1 1 1 1 1 1 1 1 1 1 1 1 1 1 1 1 1 1 1 1 1 1 1 1 1 1 1 1 1 1 1 1 1 1 1 1 1 1 1 1 1 1 1 1 1 1 1 1 1 1 1 1 1 1 1 1 1 1 1 1 1 1 1 1 1 1 1 1 1 1 1 1 1 1 1 1 1 1 1 1 1 1 1 1 1 1 1 1 1 1 1 1 1 1 1 1 1 1 1 1 1 1 1 1 1 1 1 1 1 1 1 1 1 1 1 1 0 0 0 0 0 0 0 0 0 0 0 0 0 0 0 0 0 0 0 0 0 0 0 0 0 0 0 0 0 0 0 0 0 0 0 0 0 0 0 0 0 0 0 0 0 0 0 0 0 1 1 1 1 1 1 1 1 1 1 1 1 1 1 1 1 1 1 1 1 1 1 1 1 0 0 0 0 0 0 0 0 1 1 1 1 1 1 1 1 1 1 1 1 1 1 1 1 1 1 1 1 1 1 1 1 1 1 1 1 1 1 1 1 1 1 1 1 1 1 1 1 1 1 1 1 1 1 1 1 1 1 1 1 1 1 1 1 1 1 1 1 1 1 1 1 1 1 1 1 1 1 1 1 1 1 1 1 1 1 1 1 1 1 1 1 1 1 1 1 1 1 1 1 1 1 1 1 1 1 1 1 1 1 1 1 1 1 1 1 1 1 1 1 1 1 1 1 1 1 1 1 1 1 1 1 1 1 1 1 1 1 1 1 1 1 1 1 1 1 1 1 1 1 1 1 1 1 1 1 1 1 1 1 1 1 1 1 1 1 1 1 1 1 1 1 1 1 1 1 1 1 1 1 1 1 1 1 1 1 1 1 1 1 1 1 1 1 1 1 1 1 1 1 1 1 1 1 1 1 1 1 1 1 1 1 1 1 1 1 1 1 1 1 1 1 1 1 1 1 1 1 1 1 1 1 1 1 1 1 1 1 1 1 1 1 1 1 1 1 1 1 1 1 1 1 1 1 1 1 1 1 1 1 1 1 1 1 1 1 1 1 1 1 1 1 1 1 1 1 1 1 1 1 1 1 1 1 1 1 1 1 1 1 1 1 1 1 1 1 1 1 1 1 1 1 1 1 1 1 1 1 1 1 1 1 1 1 1 1 1 1 1 1 1 1 1 1 1 1 1 1 1 1 1 1 1 1 1 1 1 1 1 
