# This file contains a 2D laser scan observation. 
# Its format is: 
# [aperture] [max_range] [number_of_scans] 
# [vector_of_scans] 
# [vector_of_valid_scans] 
# The aperture of the sensor is in radians, the maximum range 
# and measurements are in meters. '1' means a valid scan, '0' otherwise.
4.1847
5.6
682
0.649 0.643 0.636 0.633 0.631 0.622 0.619 0.617 0.61 0.603 0.601 0.596 0.593 0.592 0.583 0.58 0.579 0.576 0.574 0.572 0.568 0.561 0.56 0.554 0.552 0.551 0.548 0.542 0.539 0.538 0.538 0.537 0.531 0.53 0.524 0.524 0.524 0.524 0.52 0.516 0.513 0.513 0.509 0.508 0.507 0.507 0.506 0.503 0.5 0.498 0.489 0.489 0.489 0.489 0.49 0.492 0.492 0.49 0.49 0.488 0.488 0.488 0.492 0.492 0.494 0.494 0.494 0.504 0.505 0.515 0.517 0.521 0.525 0.535 0.543 0.555 0.556 0.561 0.573 0.577 0.589 0.598 0.603 0.604 0.625 0.64 0.642 0.649 0.663 0.676 0.684 0.694 0.707 0.722 0.729 0.745 0.752 0.78 0.792 0.806 0.82 0.845 0.908 0.939 0.939 0.942 0.942 0.941 0.941 0.941 0.939 0.934 0.934 0.931 0.928 0.497 0.494 0.487 0.481 0.478 0.476 0.476 0.476 0.478 0.481 0.485 0.485 0.485 0.485 0.485 0.485 0.484 0.485 0.487 0.485 0.49 0.495 0.495 0.5 0.5 0.5 0.499 0.499 0.499 0.496 0.496 0.5 0.501 0.501 0.501 0.497 0.496 0.494 0.493 0.49 0.49 0.489 0.489 0.482 0.481 0.481 0.481 0.48 0.478 0.477 0.477 0.476 0.475 0.475 0.475 0.475 0.475 0.478 0.478 0.479 0.479 0.479 0.481 0.481 0.481 0.484 0.484 0.482 0.485 0.485 0.482 0.486 0.486 0.486 0.487 0.488 0.487 0.491 0.491 0.491 0.491 0.495 0.495 0.496 0.496 0.497 0.497 0.498 0.5 0.498 0.498 0.498 0.501 0.498 0.501 0.501 0.507 0.507 0.507 0.508 0.509 0.509 0.511 0.512 0.515 0.515 0.518 0.521 0.524 0.529 0.531 0.533 0.533 0.536 0.539 0.54 0.541 0.542 0.542 0.543 0.547 0.547 0.545 0.553 0.555 0.566 1.093 1.093 1.098 1.098 1.107 1.108 1.111 1.12 1.122 1.12 1.131 1.134 1.134 1.146 1.154 1.172 1.181 1.192 1.181 1.181 1.177 1.177 1.177 1.177 1.19 1.191 1.191 1.215 1.246 0 0 0 0 0 0 0 0 0 0 0 0 0 0 0 0 0 0 0 0 0 0 0 0 0 0 0 0 0 0 0 0 0 0 0 0 0 0 0 0 0 0 0 0 0 0 0 0 0 0.007 0.58 0.568 0.568 0.562 0.551 0.55 0.547 0.531 0.529 0.529 0.529 0.533 0.54 0.549 0.54 0.549 0.007 0 0.548 0.548 0.535 0.531 0.531 0.535 0 0 0 0 0 0 0 0.007 0.634 0.63 0.629 0.611 0.611 0.611 0.621 0.628 2.916 2.916 2.916 2.906 2.895 2.893 2.889 2.877 2.867 2.857 2.85 2.839 2.831 2.827 2.821 2.812 2.808 2.8 2.793 2.786 2.776 2.772 2.763 2.761 2.752 2.748 2.735 2.735 2.735 2.735 2.885 2.905 2.917 2.917 3.021 3.025 3.025 3.021 3.02 3.017 3.013 3.017 3.013 3.005 2.026 2.002 2.002 1.999 2.002 2.002 2.003 2.003 2.003 2.002 2.004 2.004 2.004 2.004 2.012 2.012 2.012 2.012 2.012 2.013 2.019 2.021 2.021 2.024 2.024 2.017 1.986 1.986 1.986 1.986 1.986 1.825 1.734 1.719 1.719 1.719 1.726 1.731 1.739 2.059 2.066 2.069 2.069 2.07 2.073 2.074 2.079 2.083 2.088 2.088 2.092 2.103 2.109 2.11 2.112 2.115 2.122 2.124 2.129 2.131 2.133 2.148 2.148 2.148 1.706 1.703 1.697 1.679 1.65 1.635 1.605 1.58 1.556 1.54 1.513 1.491 1.477 1.458 1.444 1.422 1.398 1.393 1.374 1.374 1.343 1.324 0.514 0.513 0.506 0.504 0.502 0.502 0.502 0.502 0.502 0.502 0.502 0.502 0.502 0.502 0.501 0.501 0.5 0.5 0.498 0.498 0.504 0.505 0.505 0.509 0.511 0.518 0.539 0.54 0.548 0.572 0.578 0.592 0.937 0.958 0.958 0.958 0.955 0.947 0.936 0.931 0.929 0.924 0.92 0.918 0.896 0.891 0.884 0.884 0.882 0.88 0.87 0.87 0.861 0.858 0.856 0.853 0.85 0.842 0.839 0.835 0.826 0.826 0.823 0.823 0.817 0.817 0.812 0.812 0.805 0.798 0.79 0.789 0.789 0.787 0.787 0.778 0.773 0.771 0.77 0.767 0.767 0.766 0.76 0.752 0.75 0.734 0.633 0.632 0.606 0.606 0.592 0.581 0.576 0.572 0.569 0.563 0.56 0.56 0.559 0.557 0.557 0.551 0.549 0.549 0.549 0.556 0.559 0.566 0.567 0.569 0.571 0.58 0.58 0.583 0.585 0.589 0.59 0.591 0.596 0.603 0.612 0.66 0.678 0.678 0.681 0.681 0.678 0.674 0.674 0.674 0.674 0.676 0.678 0.678 0.67 0.673 0.67 0.67 0.67 0.665 0.665 0.666 0.666 0.666 0.666 0.666 0.666 0.666 0.666 0.66 0.66 0.664 0.664 0.665 0.665 0.665 0.665 0.661 0.659 0.659 0.661 0.661 0.666 0.666 0.666 0.66 0.66 0.66 0.664 0.666 0.666 0.665 0.665 0.665 0.664 0.664 0.665 0.664 0.666 0.666 0.666 0.667 0.671 0.667 0.667 0.671 0.667 0.665 0.665 0.662 0.662 0.665 
1 1 1 1 1 1 1 1 1 1 1 1 1 1 1 1 1 1 1 1 1 1 1 1 1 1 1 1 1 1 1 1 1 1 1 1 1 1 1 1 1 1 1 1 1 1 1 1 1 1 1 1 1 1 1 1 1 1 1 1 1 1 1 1 1 1 1 1 1 1 1 1 1 1 1 1 1 1 1 1 1 1 1 1 1 1 1 1 1 1 1 1 1 1 1 1 1 1 1 1 1 1 1 1 1 1 1 1 1 1 1 1 1 1 1 1 1 1 1 1 1 1 1 1 1 1 1 1 1 1 1 1 1 1 1 1 1 1 1 1 1 1 1 1 1 1 1 1 1 1 1 1 1 1 1 1 1 1 1 1 1 1 1 1 1 1 1 1 1 1 1 1 1 1 1 1 1 1 1 1 1 1 1 1 1 1 1 1 1 1 1 1 1 1 1 1 1 1 1 1 1 1 1 1 1 1 1 1 1 1 1 1 1 1 1 1 1 1 1 1 1 1 1 1 1 1 1 1 1 1 1 1 1 1 1 1 1 1 1 1 1 1 1 1 1 1 1 1 1 1 1 1 1 1 1 1 1 1 1 1 1 1 1 1 1 1 1 1 1 1 0 0 0 0 0 0 0 0 0 0 0 0 0 0 0 0 0 0 0 0 0 0 0 0 0 0 0 0 0 0 0 0 0 0 0 0 0 0 0 0 0 0 0 0 0 0 0 0 0 0 1 1 1 1 1 1 1 1 1 1 1 1 1 1 1 1 0 0 1 1 1 1 1 1 0 0 0 0 0 0 0 0 1 1 1 1 1 1 1 1 1 1 1 1 1 1 1 1 1 1 1 1 1 1 1 1 1 1 1 1 1 1 1 1 1 1 1 1 1 1 1 1 1 1 1 1 1 1 1 1 1 1 1 1 1 1 1 1 1 1 1 1 1 1 1 1 1 1 1 1 1 1 1 1 1 1 1 1 1 1 1 1 1 1 1 1 1 1 1 1 1 1 1 1 1 1 1 1 1 1 1 1 1 1 1 1 1 1 1 1 1 1 1 1 1 1 1 1 1 1 1 1 1 1 1 1 1 1 1 1 1 1 1 1 1 1 1 1 1 1 1 1 1 1 1 1 1 1 1 1 1 1 1 1 1 1 1 1 1 1 1 1 1 1 1 1 1 1 1 1 1 1 1 1 1 1 1 1 1 1 1 1 1 1 1 1 1 1 1 1 1 1 1 1 1 1 1 1 1 1 1 1 1 1 1 1 1 1 1 1 1 1 1 1 1 1 1 1 1 1 1 1 1 1 1 1 1 1 1 1 1 1 1 1 1 1 1 1 1 1 1 1 1 1 1 1 1 1 1 1 1 1 1 1 1 1 1 1 1 1 1 1 1 1 1 1 1 1 1 1 1 1 1 1 1 1 1 1 1 1 1 1 1 1 1 1 1 1 1 1 1 1 1 1 1 1 1 1 1 1 1 1 1 1 1 1 1 1 1 1 1 1 1 1 1 1 1 1 1 1 1 1 1 1 1 1 1 1 1 1 1 1 
