# This file contains a 2D laser scan observation. 
# Its format is: 
# [aperture] [max_range] [number_of_scans] 
# [vector_of_scans] 
# [vector_of_valid_scans] 
# The aperture of the sensor is in radians, the maximum range 
# and measurements are in meters. '1' means a valid scan, '0' otherwise.
4.1847
5.6
682
0.651 0.644 0.643 0.643 0.624 0.624 0.62 0.613 0.61 0.605 0.602 0.602 0.594 0.591 0.589 0.58 0.58 0.575 0.571 0.571 0.568 0.566 0.565 0.565 0.557 0.551 0.548 0.548 0.544 0.543 0.537 0.534 0.534 0.529 0.528 0.522 0.521 0.52 0.516 0.516 0.514 0.513 0.507 0.505 0.502 0.502 0.502 0.501 0.498 0.498 0.494 0.494 0.494 0.494 0.494 0.492 0.492 0.492 0.492 0.492 0.492 0.493 0.494 0.494 0.494 0.494 0.494 0.499 0.501 0.508 0.517 0.525 0.528 0.534 0.536 0.55 0.557 0.561 0.576 0.584 0.585 0.596 0.602 0.617 0.619 0.626 0.643 0.658 0.659 0.673 0.686 0.698 0.699 0.722 0.738 0.745 0.764 0.783 0.785 0.807 0.835 0.85 0.905 0.947 0.947 0.947 0.942 0.939 0.934 0.934 0.932 0.932 0.932 0.929 0.925 0.504 0.496 0.486 0.486 0.48 0.479 0.475 0.475 0.475 0.478 0.478 0.48 0.486 0.486 0.486 0.484 0.484 0.484 0.491 0.491 0.495 0.495 0.495 0.497 0.498 0.497 0.493 0.502 0.494 0.494 0.494 0.494 0.494 0.494 0.493 0.494 0.494 0.493 0.493 0.488 0.487 0.486 0.481 0.48 0.481 0.477 0.476 0.475 0.475 0.475 0.475 0.477 0.478 0.477 0.477 0.477 0.477 0.477 0.479 0.481 0.481 0.482 0.482 0.479 0.478 0.479 0.478 0.479 0.484 0.486 0.486 0.486 0.486 0.486 0.486 0.485 0.485 0.489 0.493 0.492 0.492 0.493 0.492 0.492 0.492 0.492 0.492 0.495 0.499 0.5 0.502 0.502 0.503 0.503 0.503 0.504 0.506 0.508 0.51 0.508 0.514 0.514 0.517 0.521 0.521 0.521 0.516 0.516 0.516 0.519 0.524 0.53 0.53 0.53 0.53 0.533 0.535 0.539 0.54 0.541 0.541 0.543 0.544 0.545 0.558 0.56 1.084 1.099 1.104 1.104 1.105 1.109 1.115 1.12 1.126 1.126 1.133 1.143 1.137 1.151 1.162 1.175 1.175 1.177 1.175 1.175 1.175 1.177 1.177 1.177 1.194 1.211 1.21 1.249 0 0 0 0 0 0 0 0 0 0 0 0 0 0 0 0 0 0 0 0 0 0 0 0 0 0 0 0 0 0 0 0 0 0 0 0 0 0 0 0 0 0 0 0 0 0.007 0 0 0 0 0.578 0.566 0.565 0.565 0.563 0.563 0.549 0.544 0.544 0.545 0.541 0.539 0.54 0.54 0.536 0.54 0.549 0.549 0.537 0.537 0.536 0.53 0.53 0.536 0 0 0 0 0 0 0 0 0.645 0.643 0.632 0.617 0.616 0.616 0.616 0.617 0.627 2.913 2.915 2.915 2.913 2.898 2.895 2.887 2.872 2.861 2.858 2.848 2.843 2.832 2.83 2.814 2.811 2.807 2.802 2.795 2.775 2.772 2.772 2.763 2.758 2.755 2.744 2.737 2.736 2.736 2.737 2.877 2.922 2.928 2.928 3.017 3.019 3.023 3.022 3.022 3.022 3.02 3.02 3.013 3.01 2.019 2.003 2.001 2 2 2 2 2.001 2.001 2 2 1.999 1.999 1.999 2.003 2.01 2.01 2.009 2.01 2.01 2.011 2.011 2.019 2.019 2.017 1.98 1.996 1.996 1.996 1.996 1.996 1.822 1.73 1.726 1.726 1.725 1.726 1.73 1.738 2.067 2.067 2.068 2.068 2.07 2.072 2.072 2.076 2.082 2.087 2.088 2.099 2.099 2.103 2.108 2.114 2.119 2.124 2.132 2.134 2.135 2.139 2.145 2.145 2.145 1.71 1.703 1.69 1.689 1.653 1.626 1.599 1.578 1.553 1.536 1.51 1.492 1.473 1.453 1.431 1.419 1.398 1.377 1.358 1.315 0.572 0.521 0.505 0.503 0.503 0.5 0.498 0.498 0.498 0.498 0.494 0.494 0.494 0.494 0.494 0.496 0.497 0.497 0.496 0.496 0.494 0.491 0.494 0.497 0.5 0.502 0.503 0.505 0.515 0.525 0.555 0.57 0.657 0.972 0.972 0.972 0.965 0.964 0.946 0.946 0.935 0.933 0.933 0.922 0.917 0.914 0.913 0.903 0.896 0.894 0.884 0.874 0.874 0.873 0.871 0.864 0.863 0.848 0.847 0.844 0.843 0.84 0.84 0.83 0.823 0.82 0.819 0.817 0.815 0.808 0.806 0.803 0.795 0.795 0.783 0.783 0.781 0.779 0.775 0.775 0.774 0.768 0.763 0.763 0.756 0.652 0.62 0.614 0.604 0.598 0.58 0.576 0.573 0.571 0.567 0.56 0.56 0.56 0.558 0.557 0.553 0.551 0.546 0.546 0.546 0.551 0.558 0.563 0.563 0.567 0.57 0.575 0.583 0.587 0.588 0.59 0.59 0.599 0.602 0.602 0.612 0.671 0.682 0.682 0.683 0.683 0.683 0.684 0.684 0.684 0.68 0.68 0.672 0.672 0.68 0.672 0.672 0.671 0.673 0.673 0.673 0.671 0.67 0.667 0.667 0.667 0.668 0.667 0.665 0.662 0.665 0.665 0.666 0.667 0.667 0.666 0.667 0.665 0.664 0.665 0.663 0.662 0.662 0.663 0.663 0.663 0.663 0.664 0.664 0.663 0.664 0.664 0.664 0.664 0.664 0.665 0.666 0.665 0.667 0.669 0.667 0.665 0.665 0.665 0.665 0.666 0.667 0.667 0.669 0.669 0.67 0.669 0.668 0.668 
1 1 1 1 1 1 1 1 1 1 1 1 1 1 1 1 1 1 1 1 1 1 1 1 1 1 1 1 1 1 1 1 1 1 1 1 1 1 1 1 1 1 1 1 1 1 1 1 1 1 1 1 1 1 1 1 1 1 1 1 1 1 1 1 1 1 1 1 1 1 1 1 1 1 1 1 1 1 1 1 1 1 1 1 1 1 1 1 1 1 1 1 1 1 1 1 1 1 1 1 1 1 1 1 1 1 1 1 1 1 1 1 1 1 1 1 1 1 1 1 1 1 1 1 1 1 1 1 1 1 1 1 1 1 1 1 1 1 1 1 1 1 1 1 1 1 1 1 1 1 1 1 1 1 1 1 1 1 1 1 1 1 1 1 1 1 1 1 1 1 1 1 1 1 1 1 1 1 1 1 1 1 1 1 1 1 1 1 1 1 1 1 1 1 1 1 1 1 1 1 1 1 1 1 1 1 1 1 1 1 1 1 1 1 1 1 1 1 1 1 1 1 1 1 1 1 1 1 1 1 1 1 1 1 1 1 1 1 1 1 1 1 1 1 1 1 1 1 1 1 1 1 1 1 1 1 1 1 1 1 1 1 1 1 1 1 1 1 1 0 0 0 0 0 0 0 0 0 0 0 0 0 0 0 0 0 0 0 0 0 0 0 0 0 0 0 0 0 0 0 0 0 0 0 0 0 0 0 0 0 0 0 0 0 0 0 0 0 0 1 1 1 1 1 1 1 1 1 1 1 1 1 1 1 1 1 1 1 1 1 1 1 1 0 0 0 0 0 0 0 0 1 1 1 1 1 1 1 1 1 1 1 1 1 1 1 1 1 1 1 1 1 1 1 1 1 1 1 1 1 1 1 1 1 1 1 1 1 1 1 1 1 1 1 1 1 1 1 1 1 1 1 1 1 1 1 1 1 1 1 1 1 1 1 1 1 1 1 1 1 1 1 1 1 1 1 1 1 1 1 1 1 1 1 1 1 1 1 1 1 1 1 1 1 1 1 1 1 1 1 1 1 1 1 1 1 1 1 1 1 1 1 1 1 1 1 1 1 1 1 1 1 1 1 1 1 1 1 1 1 1 1 1 1 1 1 1 1 1 1 1 1 1 1 1 1 1 1 1 1 1 1 1 1 1 1 1 1 1 1 1 1 1 1 1 1 1 1 1 1 1 1 1 1 1 1 1 1 1 1 1 1 1 1 1 1 1 1 1 1 1 1 1 1 1 1 1 1 1 1 1 1 1 1 1 1 1 1 1 1 1 1 1 1 1 1 1 1 1 1 1 1 1 1 1 1 1 1 1 1 1 1 1 1 1 1 1 1 1 1 1 1 1 1 1 1 1 1 1 1 1 1 1 1 1 1 1 1 1 1 1 1 1 1 1 1 1 1 1 1 1 1 1 1 1 1 1 1 1 1 1 1 1 1 1 1 1 1 1 1 1 1 1 1 1 1 1 1 1 1 1 1 1 1 1 1 1 1 1 1 1 1 1 1 1 1 1 1 1 1 1 1 1 1 1 1 1 1 1 1 1 1 
