# This file contains a 2D laser scan observation. 
# Its format is: 
# [aperture] [max_range] [number_of_scans] 
# [vector_of_scans] 
# [vector_of_valid_scans] 
# The aperture of the sensor is in radians, the maximum range 
# and measurements are in meters. '1' means a valid scan, '0' otherwise.
4.1847
5.6
682
2.009 1.995 1.972 1.115 1.106 1.103 1.103 1.115 2.021 2.021 2.021 2.019 2.019 2.018 2.011 2.011 2.01 1.99 1.464 1.464 1.464 1.465 1.982 1.984 1.987 1.984 1.984 1.984 1.978 1.978 1.97 1.97 1.969 1.969 1.969 1.969 1.966 1.964 1.964 1.964 1.96 1.964 1.963 1.963 1.963 1.964 1.963 1.96 0.447 0.445 0.445 0.447 0.447 0.447 0.447 0.445 0.442 0.442 0.438 0.438 0.438 1.341 1.933 1.952 1.952 1.962 1.963 1.965 1.966 1.966 1.967 1.966 1.965 1.068 1.068 1.068 1.068 1.076 1.982 1.983 1.987 1.987 1.989 1.993 1.995 2.005 2.005 2.007 2.007 2.002 1.259 1.258 1.257 1.255 1.255 1.255 1.255 1.987 0.007 1.987 0.755 0.755 0.752 0.755 0.752 0.756 0.756 0.757 2.086 2.089 2.089 2.089 2.096 2.102 2.108 2.108 2.108 1.252 1.248 1.248 1.248 1.245 0.744 0.74 0.737 0.737 0.737 0.741 0.743 0.744 0.744 0.744 0.746 0.747 0.766 2.036 2.046 2.054 2.054 2.054 2.065 2.069 2.073 2.083 2.092 2.098 2.108 2.118 2.121 2.129 2.129 2.129 0.99 0.98 0.979 0.98 0.99 0.995 2.185 2.22 2.224 2.238 2.244 2.253 2.265 2.278 2.296 2.299 2.311 2.316 2.331 2.339 2.353 2.354 2.381 2.389 2.397 2.42 2.456 2.491 2.491 2.517 2.554 2.817 2.829 2.852 2.875 2.89 2.902 2.926 2.941 2.964 0 0 0 0 0 0 0 0 0 0 0 0 0 0 0 0 0 3.551 3.551 3.551 3.581 3.626 3.655 3.701 3.728 3.762 3.762 3.762 1.993 1.985 1.979 1.975 1.956 1.953 1.95 1.949 1.947 1.939 1.935 1.931 1.923 1.917 1.91 1.899 1.898 1.622 1.622 1.622 1.512 1.512 1.727 1.492 1.36 1.222 1.201 1.188 1.184 1.179 1.178 1.178 1.177 1.177 1.175 1.177 1.175 1.169 1.164 1.161 1.156 1.149 1.149 1.145 1.143 1.143 1.141 1.141 1.141 1.141 1.122 1.138 1.13 1.13 1.13 1.13 1.13 1.13 1.124 1.122 1.122 1.122 1.118 1.118 1.115 1.114 1.112 1.112 1.112 1.112 1.114 1.115 1.115 1.116 1.116 1.116 1.12 1.134 1.134 1.134 1.118 1.115 1.115 1.115 1.118 1.121 1.128 1.128 1.123 1.121 1.114 1.114 1.115 1.115 1.119 1.12 1.12 1.12 1.114 1.114 1.114 1.123 1.129 1.129 1.129 1.126 1.115 1.112 1.112 1.112 1.11 1.112 1.11 1.116 1.116 1.116 1.118 1.119 1.118 1.118 1.119 1.123 1.124 1.124 1.124 1.126 1.131 1.133 1.137 1.136 1.14 1.141 1.141 1.144 1.149 1.149 1.149 1.149 1.154 1.154 1.158 1.158 1.17 1.176 1.176 1.176 1.176 1.176 1.176 1.179 1.182 1.188 1.188 1.188 1.186 1.181 1.167 1.14 1.13 1.124 1.124 1.111 1.108 1.108 1.091 1.091 1.085 1.085 0.007 0 0.007 0 0 0 0.007 0.906 0.866 0.866 0.865 0.855 0.834 0.832 0.832 0.826 0.815 0.811 0.81 0.793 0.781 0.781 0.779 0.772 0.764 0.755 0.752 0.747 0.747 0.747 0.742 0.735 0.716 0.706 0.701 0.697 0.685 0.683 0.68 0.68 0.68 0.691 0.692 0.71 0.71 0.71 0.71 0.715 0.715 0.717 0.725 0.725 0.725 0.726 0.726 0.726 0.726 0.717 0.717 0.717 0.718 0.719 0.719 0.719 0.716 0.711 0.702 0.699 0.699 0.697 0.695 0.697 0.696 0.697 0.696 0.697 0.696 0.694 0.684 0.68 0.67 0.667 0.665 0.657 0.655 0.654 0.648 0.646 0.646 0.644 0.646 0.646 0.641 0.638 0.628 0.627 0.626 0.625 0.622 0.619 0.619 0.619 0.619 0.625 0.625 0.625 0.622 0.622 0.619 0.616 0.616 0.616 0.606 0.6 0.597 0.597 0.597 0.596 0.596 0.593 0.592 0.592 0.59 0.59 0.588 0.586 0.586 0.582 0.582 0.582 0.582 0.575 0.575 0.576 0.582 0.582 0.582 0.582 0.582 0.579 0.579 0.576 0.575 0.575 0.572 0.573 0.573 0.573 0.573 0.575 0.575 0.575 0.573 0.572 0.571 0.57 0.569 0.563 0.562 0.558 0.558 0.562 0.562 0.563 0.567 0.568 0.568 0.568 0.569 0.569 0.569 0.579 0.582 0.587 0.591 0.593 0.596 0.596 0.593 0.592 0.585 0.574 0.569 0.567 0.566 0.565 0.565 0.56 0.562 0.565 0.563 0.563 0.567 0.568 0.571 0.573 0.578 0.578 0.581 0.578 0.578 0.578 0.575 0.575 0.569 0.569 0.57 0.57 0.57 0.57 0.57 0.57 0.574 0.574 0.574 0.579 0.576 0.576 0.576 0.582 0.582 0.582 0.582 0.583 0.582 0.582 0.582 0.582 0.582 0.582 0.583 0.59 0.587 0.59 0.59 0.59 0.59 0.591 0.592 0.6 0.608 0.609 0.611 0.614 0.614 0.615 0.615 0.618 0.618 0.618 0.615 0.619 0.618 0.618 0.619 0.621 0.619 0.619 0.62 0.62 0.62 0.631 0.632 0.633 0.634 0.634 0.634 0.638 0.639 0.645 0.646 0.65 0.652 0.656 0.657 0.658 0.66 0.658 0.66 0.66 0.667 0.68 0.68 0.683 0.68 0.68 0.678 0.676 0.676 0.678 0.686 0.689 0.689 0.689 
1 1 1 1 1 1 1 1 1 1 1 1 1 1 1 1 1 1 1 1 1 1 1 1 1 1 1 1 1 1 1 1 1 1 1 1 1 1 1 1 1 1 1 1 1 1 1 1 1 1 1 1 1 1 1 1 1 1 1 1 1 1 1 1 1 1 1 1 1 1 1 1 1 1 1 1 1 1 1 1 1 1 1 1 1 1 1 1 1 1 1 1 1 1 1 1 1 1 0 1 1 1 1 1 1 1 1 1 1 1 1 1 1 1 1 1 1 1 1 1 1 1 1 1 1 1 1 1 1 1 1 1 1 1 1 1 1 1 1 1 1 1 1 1 1 1 1 1 1 1 1 1 1 1 1 1 1 1 1 1 1 1 1 1 1 1 1 1 1 1 1 1 1 1 1 1 1 1 1 1 1 1 1 1 1 1 1 1 1 1 1 1 0 0 0 0 0 0 0 0 0 0 0 0 0 0 0 0 0 1 1 1 1 1 1 1 1 1 1 1 1 1 1 1 1 1 1 1 1 1 1 1 1 1 1 1 1 1 1 1 1 1 1 1 1 1 1 1 1 1 1 1 1 1 1 1 1 1 1 1 1 1 1 1 1 1 1 1 1 1 1 1 1 1 1 1 1 1 1 1 1 1 1 1 1 1 1 1 1 1 1 1 1 1 1 1 1 1 1 1 1 1 1 1 1 1 1 1 1 1 1 1 1 1 1 1 1 1 1 1 1 1 1 1 1 1 1 1 1 1 1 1 1 1 1 1 1 1 1 1 1 1 1 1 1 1 1 1 1 1 1 1 1 1 1 1 1 1 1 1 1 1 1 1 1 1 1 1 1 1 1 1 1 1 1 1 1 1 1 1 1 1 1 1 1 1 1 1 0 0 0 0 0 0 0 1 1 1 1 1 1 1 1 1 1 1 1 1 1 1 1 1 1 1 1 1 1 1 1 1 1 1 1 1 1 1 1 1 1 1 1 1 1 1 1 1 1 1 1 1 1 1 1 1 1 1 1 1 1 1 1 1 1 1 1 1 1 1 1 1 1 1 1 1 1 1 1 1 1 1 1 1 1 1 1 1 1 1 1 1 1 1 1 1 1 1 1 1 1 1 1 1 1 1 1 1 1 1 1 1 1 1 1 1 1 1 1 1 1 1 1 1 1 1 1 1 1 1 1 1 1 1 1 1 1 1 1 1 1 1 1 1 1 1 1 1 1 1 1 1 1 1 1 1 1 1 1 1 1 1 1 1 1 1 1 1 1 1 1 1 1 1 1 1 1 1 1 1 1 1 1 1 1 1 1 1 1 1 1 1 1 1 1 1 1 1 1 1 1 1 1 1 1 1 1 1 1 1 1 1 1 1 1 1 1 1 1 1 1 1 1 1 1 1 1 1 1 1 1 1 1 1 1 1 1 1 1 1 1 1 1 1 1 1 1 1 1 1 1 1 1 1 1 1 1 1 1 1 1 1 1 1 1 1 1 1 1 1 1 1 1 1 1 1 1 1 1 1 1 1 1 1 1 1 1 1 1 1 1 1 1 1 
