# This file contains a 2D laser scan observation. 
# Its format is: 
# [aperture] [max_range] [number_of_scans] 
# [vector_of_scans] 
# [vector_of_valid_scans] 
# The aperture of the sensor is in radians, the maximum range 
# and measurements are in meters. '1' means a valid scan, '0' otherwise.
4.1847
5.6
682
2.24 2.24 0.015 2.24 2.238 1.486 1.486 1.486 1.556 1.624 1.634 2.364 2.381 2.396 2.396 2.409 2.428 2.433 2.447 2.466 2.477 2.477 2.477 1.287 1.287 1.287 1.292 2.456 2.456 2.456 2.442 2.406 0.868 0.866 0.856 0.856 0.856 0.856 0.856 2.319 0.007 2.319 2.271 2.271 2.261 2.261 2.261 2.258 2.258 2.258 2.236 2.223 1.58 1.58 1.58 2.161 0.007 2.161 0.683 0.683 0.672 0.678 0.681 0.678 0.678 0.681 0.709 2.07 2.07 2.071 2.07 2.064 0.592 0.582 0.581 0.582 0.582 0.582 0.587 0.588 0.588 0.588 0.587 0.587 0.583 0.583 0.587 0.588 1.378 1.941 1.941 1.94 1.94 1.937 1.929 1.925 1.924 1.917 1.911 1.904 1.904 1.9 1.896 1.893 1.891 1.888 1.868 1.122 1.107 1.107 1.104 1.104 1.104 1.114 1.114 1.194 1.845 1.847 1.847 1.847 1.845 1.844 1.841 1.839 1.837 1.837 1.837 1.837 1.833 1.829 1.829 1.828 1.826 1.783 1.022 1.022 1.012 1.012 1.022 1.033 1.805 1.812 1.816 1.822 1.816 1.812 0.665 0.665 0.665 0.666 0.669 0.672 0.669 0.669 0.672 1.815 1.82 1.822 1.82 1.82 1.819 1.81 1.81 1.819 1.819 1.818 1.823 1.822 1.822 1.825 1.828 1.829 1.834 1.829 1.829 1.805 1.805 1.805 1.805 1.805 1.473 1.473 1.473 1.848 1.853 1.861 1.853 1.853 1.68 1.679 1.675 1.679 1.679 1.679 1.689 1.689 1.69 1.692 1.692 1.693 1.695 1.697 1.705 1.705 1.713 1.714 1.72 1.725 1.727 1.728 1.729 1.73 1.734 1.747 1.75 1.75 1.76 1.76 1.762 1.772 1.775 1.781 1.788 1.789 1.792 1.793 1.805 1.81 1.815 1.821 1.823 1.826 1.831 1.842 1.844 1.844 1.858 1.868 1.869 1.878 1.878 1.888 1.903 1.905 1.914 1.917 1.926 1.934 1.936 1.951 2.004 2.006 2.014 2.019 2.027 2.044 2.074 2.296 2.303 2.312 2.331 2.338 2.359 2.365 2.367 2.387 2.407 2.414 2.42 2.429 2.433 2.455 2.469 2.477 3.938 0.007 0 0 0 0 0 0 0 0.007 0 0 0 0 0 0 0 0 0 0 0 0 3.003 1.424 1.404 1.399 1.395 1.393 1.375 1.37 1.362 1.362 1.362 1.362 1.362 1.35 1.345 1.333 1.332 1.327 1.323 1.327 1.317 1.295 0.655 0.65 0.644 0.635 0.615 0.609 0.608 0.606 0.603 0.603 0.603 0.603 0.603 0.6 0.6 0.6 0.6 0.605 0.605 0.601 0.6 0.6 0.593 0.594 0.594 0.592 0.592 0.591 0.589 0.585 0.584 0.573 0.573 0.568 0.573 0.573 0.572 0.572 0.572 0.572 0.567 0.567 0.567 0.567 0.563 0.561 0.561 0.557 0.554 0.554 0.554 0.554 0.55 0.542 0.542 0.542 0.545 0.545 0.545 0.544 0.544 0.544 0.544 0.545 0.545 0.545 0.548 0.548 0.548 0.544 0.548 0.543 0.543 0.545 0.548 0.548 0.548 0.551 0.548 0.551 0.555 0.555 0.555 0.559 0.563 0.577 0.578 0.578 0.581 0.581 0.582 0.581 0.581 0.571 0.57 0.563 0.562 0.557 0.549 0.547 0.546 0.544 0.544 0.538 0.541 0.538 0.538 0.541 0.545 0.548 0.554 0.559 0.559 0.56 0.559 0.555 0.555 0.555 0.547 0.547 0.548 0.549 0.549 0.549 0.549 0.55 0.55 0.551 0.552 0.553 0.553 0.555 0.554 0.555 0.555 0.559 0.559 0.563 0.566 0.569 0.569 0.569 0.566 0.562 0.562 0.566 0.566 0.569 0.574 0.575 0.574 0.574 0.574 0.572 0.572 0.58 0.581 0.593 0.594 0.596 0.596 0.596 0.598 0.599 0.599 0.599 0.6 0.6 0.599 0.6 0.592 0.592 0.596 0.6 0.596 0.6 0.606 0.608 0.613 0.613 0.613 0.617 0.617 0.619 0.621 0.624 0.631 0.634 0.634 0.638 0.639 0.645 0.645 0.647 0.647 0.649 0.652 0.656 0.663 0.666 0.666 0.666 0.674 0.679 0.679 0.683 0.689 0.689 0.69 0.693 0.694 0.702 0.71 0.711 0.716 0.717 0.721 0.725 0.737 0.74 0.752 0.757 0.757 0.761 0.761 0.761 0.761 0.773 0.777 0.78 0.782 0.793 0.804 0.804 0.804 0.796 0.793 0.783 0.782 0.779 0.773 0.768 0.763 0.76 0.757 0.756 0.751 0.75 0.736 0.733 0.728 0.719 0.712 0.707 0.701 0.701 0.701 0.701 0.701 0.701 0.695 0.692 0.692 0.68 0.679 0.678 0.676 0.672 0.67 0.67 0.669 0.668 0.667 0.661 0.66 0.657 0.657 0.651 0.65 0.65 0.65 0.65 0.647 0.647 0.647 0.647 0.641 0.637 0.627 0.622 0.621 0.619 0.618 0.618 0.618 0.614 0.613 0.614 0.613 0.613 0.614 0.614 0.614 0.614 0.611 0.611 0.609 0.609 0.609 0.609 0.609 0.613 0.614 0.616 0.614 0.618 0.618 0.619 0.618 0.618 0.618 0.621 0.627 0.627 0.627 0.627 0.628 0.632 0.637 0.64 0.641 0.641 0.645 0.645 0.648 0.649 0.649 0.649 0.649 0.647 0.647 0.647 0.645 0.645 0.641 0.641 0.641 0.637 0.636 0.636 0.633 0.631 0.631 0.627 0.627 0.623 0.622 0.616 0.616 0.616 0.616 0.618 0.618 0.62 
1 1 0 1 1 1 1 1 1 1 1 1 1 1 1 1 1 1 1 1 1 1 1 1 1 1 1 1 1 1 1 1 1 1 1 1 1 1 1 1 0 1 1 1 1 1 1 1 1 1 1 1 1 1 1 1 0 1 1 1 1 1 1 1 1 1 1 1 1 1 1 1 1 1 1 1 1 1 1 1 1 1 1 1 1 1 1 1 1 1 1 1 1 1 1 1 1 1 1 1 1 1 1 1 1 1 1 1 1 1 1 1 1 1 1 1 1 1 1 1 1 1 1 1 1 1 1 1 1 1 1 1 1 1 1 1 1 1 1 1 1 1 1 1 1 1 1 1 1 1 1 1 1 1 1 1 1 1 1 1 1 1 1 1 1 1 1 1 1 1 1 1 1 1 1 1 1 1 1 1 1 1 1 1 1 1 1 1 1 1 1 1 1 1 1 1 1 1 1 1 1 1 1 1 1 1 1 1 1 1 1 1 1 1 1 1 1 1 1 1 1 1 1 1 1 1 1 1 1 1 1 1 1 1 1 1 1 1 1 1 1 1 1 1 1 1 1 1 1 1 1 1 1 1 1 1 1 1 1 1 1 1 1 1 1 1 1 1 1 1 1 1 1 1 1 0 0 0 0 0 0 0 0 0 0 0 0 0 0 0 0 0 0 0 0 0 1 1 1 1 1 1 1 1 1 1 1 1 1 1 1 1 1 1 1 1 1 1 1 1 1 1 1 1 1 1 1 1 1 1 1 1 1 1 1 1 1 1 1 1 1 1 1 1 1 1 1 1 1 1 1 1 1 1 1 1 1 1 1 1 1 1 1 1 1 1 1 1 1 1 1 1 1 1 1 1 1 1 1 1 1 1 1 1 1 1 1 1 1 1 1 1 1 1 1 1 1 1 1 1 1 1 1 1 1 1 1 1 1 1 1 1 1 1 1 1 1 1 1 1 1 1 1 1 1 1 1 1 1 1 1 1 1 1 1 1 1 1 1 1 1 1 1 1 1 1 1 1 1 1 1 1 1 1 1 1 1 1 1 1 1 1 1 1 1 1 1 1 1 1 1 1 1 1 1 1 1 1 1 1 1 1 1 1 1 1 1 1 1 1 1 1 1 1 1 1 1 1 1 1 1 1 1 1 1 1 1 1 1 1 1 1 1 1 1 1 1 1 1 1 1 1 1 1 1 1 1 1 1 1 1 1 1 1 1 1 1 1 1 1 1 1 1 1 1 1 1 1 1 1 1 1 1 1 1 1 1 1 1 1 1 1 1 1 1 1 1 1 1 1 1 1 1 1 1 1 1 1 1 1 1 1 1 1 1 1 1 1 1 1 1 1 1 1 1 1 1 1 1 1 1 1 1 1 1 1 1 1 1 1 1 1 1 1 1 1 1 1 1 1 1 1 1 1 1 1 1 1 1 1 1 1 1 1 1 1 1 1 1 1 1 1 1 1 1 1 1 1 1 1 1 1 1 1 1 1 1 1 1 1 1 1 1 1 1 1 1 1 1 1 1 1 1 1 1 1 1 1 1 1 1 1 
