# This file contains a 2D laser scan observation. 
# Its format is: 
# [aperture] [max_range] [number_of_scans] 
# [vector_of_scans] 
# [vector_of_valid_scans] 
# The aperture of the sensor is in radians, the maximum range 
# and measurements are in meters. '1' means a valid scan, '0' otherwise.
4.1847
5.6
682
0.909 0.909 0.91 0.913 1.649 1.728 2.272 2.275 2.286 2.275 2.275 2.276 2.28 2.276 2.276 2.28 2.28 2.203 2.203 2.175 2.175 2.175 2.141 2.3 4.992 4.992 1.817 5.035 5.035 1.817 1.817 0.603 0.602 0.602 0.601 0.601 0.6 0.591 0.591 0.591 0.616 0.767 0.769 0.774 2.343 2.432 2.432 2.343 1.076 1.069 1.069 1.069 1.076 1.939 2.208 2.208 2.188 2.188 2.16 2.16 2.15 2.086 2.046 2.013 2.01 2.01 1.974 1.964 1.94 1.91 1.895 1.88 1.856 1.85 1.824 1.807 1.787 1.78 1.764 1.735 1.721 1.711 1.688 1.673 1.659 1.657 1.624 1.622 1.605 1.586 1.582 1.568 1.55 1.543 1.528 1.515 1.505 1.496 1.484 1.465 1.463 1.447 1.439 1.437 1.422 1.409 1.394 1.391 1.385 1.376 1.359 1.354 1.343 1.338 1.327 1.318 1.316 1.3 1.296 1.292 1.28 1.25 0.811 0.811 0.797 0.796 0.796 0.797 0.797 1.217 1.217 1.217 1.2 1.198 1.197 1.188 1.184 1.18 1.176 1.17 1.161 1.157 1.153 1.15 1.145 1.139 1.13 1.128 1.126 1.126 1.119 1.115 1.111 1.093 1.062 1.058 1.053 1.058 1.062 1.08 1.08 1.08 1.079 1.079 1.074 1.063 1.058 1.058 1.056 1.053 1.05 1.043 1.04 1.04 1.04 1.04 1.035 1.033 1.031 1.031 1.031 1.025 1.013 0.657 0.657 0.657 0.647 0.654 0.654 0.654 0.654 0.687 0.994 0.994 0.994 0.994 0.992 0.991 0.991 0.987 0.985 0.946 0.946 0.945 0.945 0.945 0.95 0.953 0.97 0.971 0.973 0.973 0.972 0.972 0.965 0.941 0.799 0.799 0.792 0.791 0.791 0.791 0.791 0.788 0.784 0.787 0.784 0.783 0.783 0.787 0.78 0.784 0.791 0.791 0.784 0.791 0.791 0.791 0.791 0.795 0.799 0.802 0.802 0.802 0.802 0.799 0.793 0.789 0.789 0.789 0.789 0.788 0.783 0.783 0.783 0.783 0.784 0.784 0.787 0.788 0.788 0.787 0.787 0.787 0.787 0.786 0.787 0.787 0.787 0.787 0.787 0.787 0.789 0.793 0.793 0.793 0.798 0.798 0.798 0.798 0.798 0.795 0.795 0.795 0.8 0.802 0.804 0.811 0.811 0.811 0.808 0.813 0.812 0.812 0.814 0.819 0.82 0.82 0.821 0.822 0.822 0.826 0.828 0.83 0.831 0.836 0.837 0.839 0.839 0.841 0.841 0.843 0.844 0.852 0.856 0.856 0.856 0.857 0.857 0.864 0.864 0.868 0.864 0.869 0.878 0.884 0.884 0.885 0.887 0.888 0.892 0.892 0.896 0.898 0.903 0.91 0.911 0.913 0.916 0.917 0.924 0.925 0.93 0.936 0.938 0.939 0.942 0.947 0.955 0.96 1.015 1.023 1.026 1.029 1.031 1.031 1.031 1.045 1.047 1.055 1.061 1.189 1.35 1.355 1.365 1.383 1.392 1.392 1.397 1.414 1.424 1.425 1.44 1.449 1.465 1.475 1.488 1.488 1.489 1.489 1.512 1.534 1.534 1.554 2.835 0.007 0 0.007 0 0.007 0 0 0 3.2 3.195 3.195 3.195 3.177 3.118 3.118 3.118 3.199 0 0 0 0 3.118 3.075 2.141 2.141 2.141 2.148 2.183 2.206 2.231 2.251 2.268 2.306 2.334 2.342 2.396 2.415 2.443 2.493 2.527 2.558 2.605 2.658 2.667 2.667 2.667 2.667 2.667 2.708 2.719 2.823 2.811 2.811 2.811 2.798 2.796 2.792 2.783 2.778 2.756 2.747 2.746 2.746 2.746 2.747 2.872 2.872 0 2.945 2.945 0.007 0 0 0 0.007 4.032 4.031 4.031 4.03 4.024 4.015 4.013 4.008 4.007 4.007 3.858 3.725 3.712 3.71 3.71 3.712 3.705 3.704 0.677 0.646 0.646 0.643 0.634 0.634 0.634 0.634 0.634 0.636 0.636 0.636 0.648 0.648 0.648 0.647 0.636 0.636 0.636 0.627 0.631 0.631 0.631 0.631 0.631 0.624 0.624 0.624 0.64 0.642 0.647 0.647 0.647 0.645 0.644 0.642 0.644 0.641 0.641 0.641 0.644 0.644 0.647 0.65 0.65 0.651 0.65 0.65 0.65 0.651 0.652 0.655 0.655 0.655 0.655 0.655 0.658 0.658 0.658 0.659 0.662 0.667 0.666 0.667 0.667 0.667 0.666 0.667 0.671 0.676 0.676 0.676 0.676 0.676 0.665 0.662 0.662 0.664 0.665 0.669 0.67 0.67 0.669 0.676 0.671 0.671 0.671 0.671 0.605 0.582 0.58 0.58 0.58 0.578 0.58 0.58 0.632 0.634 0.64 0.646 0.646 0.646 0.662 0.673 0.673 0.673 0.629 0.627 0.615 0.615 0.627 0.658 0.732 0.737 0.738 0.749 0.749 0.749 0.749 0.749 0.75 0.751 0.767 0.768 0.768 0.767 0.753 0.667 0.664 0.664 0.664 0.665 0.742 0.758 0.758 0.758 0.746 0.645 0.55 0.55 0.55 0.736 0.736 0.736 0.733 0.732 0.72 0.717 0.716 0.712 0.709 0.707 0.697 0.692 0.684 0.636 0.63 0.626 0.626 0.625 0.626 0.626 0.625 0.624 0.624 0.624 0.645 0.645 0.652 0.652 0.648 0.646 0.646 0.643 0.642 0.638 0.636 0.632 0.628 0.626 0.626 0.626 0.623 0.616 0.616 0.613 0.612 0.612 0.61 0.608 0.606 0.604 0.604 0.6 0.594 0.594 0.594 0.594 0.591 0.589 0.588 0.588 0.587 0.588 
1 1 1 1 1 1 1 1 1 1 1 1 1 1 1 1 1 1 1 1 1 1 1 1 1 1 1 1 1 1 1 1 1 1 1 1 1 1 1 1 1 1 1 1 1 1 1 1 1 1 1 1 1 1 1 1 1 1 1 1 1 1 1 1 1 1 1 1 1 1 1 1 1 1 1 1 1 1 1 1 1 1 1 1 1 1 1 1 1 1 1 1 1 1 1 1 1 1 1 1 1 1 1 1 1 1 1 1 1 1 1 1 1 1 1 1 1 1 1 1 1 1 1 1 1 1 1 1 1 1 1 1 1 1 1 1 1 1 1 1 1 1 1 1 1 1 1 1 1 1 1 1 1 1 1 1 1 1 1 1 1 1 1 1 1 1 1 1 1 1 1 1 1 1 1 1 1 1 1 1 1 1 1 1 1 1 1 1 1 1 1 1 1 1 1 1 1 1 1 1 1 1 1 1 1 1 1 1 1 1 1 1 1 1 1 1 1 1 1 1 1 1 1 1 1 1 1 1 1 1 1 1 1 1 1 1 1 1 1 1 1 1 1 1 1 1 1 1 1 1 1 1 1 1 1 1 1 1 1 1 1 1 1 1 1 1 1 1 1 1 1 1 1 1 1 1 1 1 1 1 1 1 1 1 1 1 1 1 1 1 1 1 1 1 1 1 1 1 1 1 1 1 1 1 1 1 1 1 1 1 1 1 1 1 1 1 1 1 1 1 1 1 1 1 1 1 1 1 1 1 1 1 1 1 1 1 1 1 1 1 1 1 1 1 1 1 1 1 1 1 1 1 1 1 1 1 1 1 1 1 1 1 1 1 1 1 1 1 1 1 1 1 1 1 1 1 1 1 1 1 1 1 1 1 1 0 0 0 0 0 0 0 0 1 1 1 1 1 1 1 1 1 0 0 0 0 1 1 1 1 1 1 1 1 1 1 1 1 1 1 1 1 1 1 1 1 1 1 1 1 1 1 1 1 1 1 1 1 1 1 1 1 1 1 1 1 1 1 1 1 1 1 0 1 1 0 0 0 0 0 1 1 1 1 1 1 1 1 1 1 1 1 1 1 1 1 1 1 1 1 1 1 1 1 1 1 1 1 1 1 1 1 1 1 1 1 1 1 1 1 1 1 1 1 1 1 1 1 1 1 1 1 1 1 1 1 1 1 1 1 1 1 1 1 1 1 1 1 1 1 1 1 1 1 1 1 1 1 1 1 1 1 1 1 1 1 1 1 1 1 1 1 1 1 1 1 1 1 1 1 1 1 1 1 1 1 1 1 1 1 1 1 1 1 1 1 1 1 1 1 1 1 1 1 1 1 1 1 1 1 1 1 1 1 1 1 1 1 1 1 1 1 1 1 1 1 1 1 1 1 1 1 1 1 1 1 1 1 1 1 1 1 1 1 1 1 1 1 1 1 1 1 1 1 1 1 1 1 1 1 1 1 1 1 1 1 1 1 1 1 1 1 1 1 1 1 1 1 1 1 1 1 1 1 1 1 1 1 1 1 1 1 1 1 1 1 1 1 1 1 1 1 
