# This file contains a 2D laser scan observation. 
# Its format is: 
# [aperture] [max_range] [number_of_scans] 
# [vector_of_scans] 
# [vector_of_valid_scans] 
# The aperture of the sensor is in radians, the maximum range 
# and measurements are in meters. '1' means a valid scan, '0' otherwise.
4.1847
5.6
682
1.167 1.167 1.167 1.168 1.172 1.172 1.172 1.157 1.138 1.124 1.111 1.098 1.093 1.074 0.785 0.735 0.717 0.711 0.71 0.707 0.694 0.691 0.686 0.682 0.678 0.673 0.66 0.658 0.646 0.641 0.639 0.635 0.631 0.627 0.624 0.615 0.611 0.611 0.6 0.596 0.595 0.595 0.586 0.583 0.579 0.576 0.568 0.567 0.562 0.558 0.556 0.556 0.55 0.546 0.543 0.543 0.541 0.538 0.529 0.524 0.521 0.52 0.517 0.52 0.516 0.512 0.508 0.506 0.504 0.502 0.499 0.497 0.496 0.496 0.493 0.491 0.484 0.484 0.484 0.479 0.475 0.475 0.473 0.47 0.47 0.469 0.466 0.463 0.462 0.462 0.463 0.463 0.462 0.46 0.458 0.45 0.449 0.449 0.449 0.448 0.447 0.447 0.447 0.447 0.443 0.436 0.44 0.436 0.434 0.432 0.433 0.432 0.432 0.432 0.424 0.424 0.424 0.428 0.424 0.426 0.424 0.422 0.418 0.417 0.412 0.412 0.413 0.415 0.415 0.415 0.413 0.412 0.412 0.41 0.41 0.41 0.41 0.409 0.406 0.409 0.406 0.406 0.406 0.407 0.4 0.399 0.395 0.395 0.395 0.397 0.397 0.397 0.397 0.396 0.394 0.394 0.394 0.394 0.395 0.396 0.396 0.395 0.393 0.393 0.389 0.393 0.394 0.397 0.394 0.394 0.397 0.397 0.399 0.399 0.399 0.399 0.401 0.405 0.411 0.42 0.425 0.425 0.429 0.429 0.425 0.416 0.412 0.411 0.41 0.405 0.405 0.403 0.403 0.4 0.397 0.397 0.396 0.394 0.394 0.4 0.393 0.39 0.391 0.391 0.391 0.393 0.397 0.397 0.398 0.396 0.398 0.396 0.398 0.396 0.398 0.399 0.435 0.435 0.439 0.439 0.441 0.445 0.445 0.445 0.442 0.442 0.442 0.442 0.442 0.446 0.45 0.452 0.452 0.452 0.447 0.447 0.447 0.447 0.449 0.451 0.453 0.453 0.453 0.453 0.454 0.456 0.458 0.461 0.464 0.465 0.465 0.465 0.466 0.466 0.466 0.469 0.473 0.583 0.701 0.709 0.709 0.709 0.709 0.712 0.714 0.717 0.718 0.719 0.723 0.723 0.723 0.734 0.736 0.737 0.737 0.739 0.741 0.745 0.747 0.747 0.748 0.758 0.76 0.76 0.765 0.769 0.77 0.775 0.778 0.782 0.787 0.787 0.791 0.799 0.802 0.806 0.815 0.82 0.822 0.823 0.831 0.832 0.834 0.836 0.836 0.836 0.836 0.836 0.837 0.85 0.868 0.872 0.873 0.878 0.88 0.886 0.893 0.912 2.69 2.7 0.006 2.7 2.7 0.007 0 0.007 4.423 4.423 3.284 3.284 4.246 4.246 4.246 4.246 4.246 0.007 0 4.205 2.588 2.54 2.433 2.433 2.433 2.546 2.561 2.582 2.582 2.582 2.492 2.492 2.492 2.995 3.868 0.007 2.995 1.494 1.486 1.486 1.486 1.5 1.527 1.548 1.582 1.595 1.624 1.645 1.663 1.69 1.706 1.74 1.759 1.793 1.828 1.847 1.881 1.902 1.936 1.971 2.036 2.056 2.056 2.056 2.055 2.055 2.055 2.055 2.073 2.099 2.147 2.199 2.199 2.2 2.199 2.193 2.193 2.19 2.186 2.183 2.172 2.17 2.162 2.162 2.162 2.162 2.162 2.162 2.168 2.273 2.282 2.289 2.382 2.758 2.76 2.76 3.474 3.479 3.479 3.474 3.479 3.48 3.474 3.474 3.473 3.467 3.464 3.192 3.173 3.164 3.164 3.164 3.176 3.181 3.313 3.456 3.458 3.467 3.468 3.47 3.47 3.467 3.282 3.277 3.274 3.274 3.274 3.281 3.281 3.281 3.281 3.287 3.473 3.473 3.473 3.473 2.153 2.153 2.15 2.15 2.15 2.153 2.153 2.157 2.169 2.17 2.17 2.174 2.176 2.176 2.177 2.177 2.178 2.187 2.187 2.187 1.973 1.947 1.929 1.919 1.91 1.899 1.899 1.891 1.891 1.89 1.89 1.889 1.89 1.9 1.902 1.907 1.921 1.934 1.949 2.007 2.278 2.291 2.297 2.303 2.304 2.306 2.314 2.33 2.333 2.336 2.346 2.351 2.361 2.367 2.377 2.381 2.39 2.4 2.404 2.414 2.418 2.43 2.431 2.449 2.454 2.463 2.469 2.483 2.49 2.494 2.514 2.519 2.525 2.538 2.542 2.566 2.567 2.588 2.592 2.592 2.592 2.579 2.579 2.493 2.493 0.007 0 0 0.007 0 0 0 0 0 0.008 0.007 0.008 2.668 2.609 2.604 2.57 2.556 2.539 2.533 2.511 2.496 2.459 2.439 2.427 2.421 2.421 2.392 2.384 2.371 2.365 2.354 2.343 2.312 2.312 2.281 2.271 2.266 2.265 2.253 2.24 2.229 2.21 2.207 2.201 2.187 2.182 2.17 2.157 2.155 2.147 2.138 2.138 2.138 2.131 0.385 0.376 0.376 0.376 0.374 0.374 0.373 0.372 0.366 0.362 0.362 0.36 0.36 0.36 0.362 0.362 0.362 0.361 0.361 0.359 0.357 0.353 0.35 0.35 0.35 0.351 0.347 0.351 0.347 0.351 0.343 0.351 0.352 0.357 0.357 0.357 0.352 0.357 0.35 0.35 0.351 0.351 0.351 0.351 0.351 0.349 0.349 0.345 0.345 0.345 0.343 0.343 0.353 0.361 0.361 0.361 0.361 0.361 0.373 0.386 0.394 0.402 0.405 0.408 0.41 0.416 0.485 0.589 0.618 0.624 0.627 0.634 0.63 0.632 0.636 0.636 0.636 0.68 0.684 0.687 0.695 0.695 0.694 0.694 0.694 0.692 0.691 0.687 0.685 
1 1 1 1 1 1 1 1 1 1 1 1 1 1 1 1 1 1 1 1 1 1 1 1 1 1 1 1 1 1 1 1 1 1 1 1 1 1 1 1 1 1 1 1 1 1 1 1 1 1 1 1 1 1 1 1 1 1 1 1 1 1 1 1 1 1 1 1 1 1 1 1 1 1 1 1 1 1 1 1 1 1 1 1 1 1 1 1 1 1 1 1 1 1 1 1 1 1 1 1 1 1 1 1 1 1 1 1 1 1 1 1 1 1 1 1 1 1 1 1 1 1 1 1 1 1 1 1 1 1 1 1 1 1 1 1 1 1 1 1 1 1 1 1 1 1 1 1 1 1 1 1 1 1 1 1 1 1 1 1 1 1 1 1 1 1 1 1 1 1 1 1 1 1 1 1 1 1 1 1 1 1 1 1 1 1 1 1 1 1 1 1 1 1 1 1 1 1 1 1 1 1 1 1 1 1 1 1 1 1 1 1 1 1 1 1 1 1 1 1 1 1 1 1 1 1 1 1 1 1 1 1 1 1 1 1 1 1 1 1 1 1 1 1 1 1 1 1 1 1 1 1 1 1 1 1 1 1 1 1 1 1 1 1 1 1 1 1 1 1 1 1 1 1 1 1 1 1 1 1 1 1 1 1 1 1 1 1 1 1 1 1 1 1 1 1 1 1 1 1 1 1 1 1 1 1 1 1 1 1 1 1 1 1 1 1 1 1 1 1 0 1 1 0 0 0 1 1 1 1 1 1 1 1 1 0 0 1 1 1 1 1 1 1 1 1 1 1 1 1 1 1 1 0 1 1 1 1 1 1 1 1 1 1 1 1 1 1 1 1 1 1 1 1 1 1 1 1 1 1 1 1 1 1 1 1 1 1 1 1 1 1 1 1 1 1 1 1 1 1 1 1 1 1 1 1 1 1 1 1 1 1 1 1 1 1 1 1 1 1 1 1 1 1 1 1 1 1 1 1 1 1 1 1 1 1 1 1 1 1 1 1 1 1 1 1 1 1 1 1 1 1 1 1 1 1 1 1 1 1 1 1 1 1 1 1 1 1 1 1 1 1 1 1 1 1 1 1 1 1 1 1 1 1 1 1 1 1 1 1 1 1 1 1 1 1 1 1 1 1 1 1 1 1 1 1 1 1 1 1 1 1 1 1 1 1 1 1 1 1 1 1 1 1 1 1 1 1 1 1 1 1 1 1 1 1 1 1 1 0 0 0 0 0 0 0 0 0 0 0 0 1 1 1 1 1 1 1 1 1 1 1 1 1 1 1 1 1 1 1 1 1 1 1 1 1 1 1 1 1 1 1 1 1 1 1 1 1 1 1 1 1 1 1 1 1 1 1 1 1 1 1 1 1 1 1 1 1 1 1 1 1 1 1 1 1 1 1 1 1 1 1 1 1 1 1 1 1 1 1 1 1 1 1 1 1 1 1 1 1 1 1 1 1 1 1 1 1 1 1 1 1 1 1 1 1 1 1 1 1 1 1 1 1 1 1 1 1 1 1 1 1 1 1 1 1 1 1 1 1 1 1 
