# This file contains a 2D laser scan observation. 
# Its format is: 
# [aperture] [max_range] [number_of_scans] 
# [vector_of_scans] 
# [vector_of_valid_scans] 
# The aperture of the sensor is in radians, the maximum range 
# and measurements are in meters. '1' means a valid scan, '0' otherwise.
4.1847
5.6
682
0.629 0.626 0.617 0.616 0.606 0.6 0.599 0.591 0.59 0.585 0.577 0.57 0.57 0.568 0.552 0.552 0.551 0.534 0.533 0.527 0.526 0.524 0.521 0.519 0.51 0.508 0.508 0.507 0.496 0.491 0.491 0.491 0.487 0.48 0.479 0.476 0.472 0.465 0.461 0.465 0.461 0.461 0.46 0.46 0.458 0.456 0.443 0.442 0.442 0.44 0.44 0.435 0.433 0.433 0.427 0.423 0.419 0.419 0.419 0.416 0.415 0.415 0.414 0.414 0.41 0.406 0.403 0.403 0.402 0.402 0.396 0.396 0.395 0.395 0.395 0.389 0.388 0.388 0.385 0.385 0.385 0.385 0.38 0.381 0.376 0.376 0.376 0.376 0.374 0.373 0.373 0.373 0.365 0.365 0.365 0.365 0.365 0.365 0.365 0.362 0.359 0.359 0.359 0.359 0.357 0.354 0.354 0.357 0.353 0.352 0.352 0.35 0.349 0.348 0.347 0.347 0.347 0.347 0.347 0.347 0.343 0.34 0.338 0.34 0.34 0.34 0.34 0.34 0.337 0.337 0.335 0.337 0.328 0.335 0.335 0.335 0.335 0.335 0.335 0.333 0.337 0.333 0.333 0.336 0.34 0.355 0.379 0.383 0.383 0.379 0.376 0.376 0.374 0.376 0.384 0.385 0.394 0.395 0.396 0.4 0.416 0.416 0.416 0.408 0.405 0.377 0.361 0.361 0.361 0.381 0.381 0.381 0.375 0.37 0.369 0.369 0.369 0.368 0.367 0.362 0.362 0.364 0.362 0.36 0.364 0.36 0.36 0.362 0.365 0.365 0.366 0.367 0.367 0.365 0.362 0.361 0.36 0.36 0.36 0.36 0.359 0.366 0.369 0.369 0.433 0.578 0.583 0.584 0.59 0.586 0.592 0.592 0.595 0.59 0.593 0.593 0.597 0.597 0.597 0.6 0.6 0.603 0.605 0.605 0.606 0.606 0.606 0.606 0.608 0.61 0.611 0.611 0.611 0.62 0.62 0.62 0.621 0.622 0.629 0.629 0.629 0.629 0.632 0.632 0.632 0.632 0.633 0.641 0.641 0.646 0.646 0.646 0.647 0.647 0.65 0.658 0.662 0.665 0.665 0.666 0.672 0.673 0.675 0.676 0.675 0.676 0.676 0.682 0.688 0.694 0.695 0.698 0.704 0.704 0.708 0.714 0.715 0.717 0.717 0.717 0.712 0.712 0.708 0.712 0.713 0.724 0.725 0.737 0.745 0.749 0.749 0.757 0.758 0.763 0.763 0.775 2.696 2.698 4.554 3.905 4.464 4.464 4.45 3.905 4.45 2.569 2.551 2.551 4.302 4.272 4.302 4.302 4.302 0.007 0 0 0.007 3.181 2.434 2.421 2.421 2.421 2.421 2.421 2.418 2.307 2.307 2.307 2.349 2.404 2.421 0 0 0 2.329 2.329 2.329 2.87 0 0.007 2.87 1.346 1.336 1.335 1.335 1.335 1.366 1.387 1.408 1.427 1.437 1.463 1.478 1.503 1.522 1.547 1.578 1.599 1.621 1.647 1.676 1.699 1.724 1.758 1.79 1.823 1.872 1.9 1.904 1.909 1.911 1.909 1.911 1.912 1.93 1.966 2.011 2.011 2.061 2.068 2.068 2.061 2.057 2.056 2.055 2.045 2.043 2.041 2.023 2.023 2.022 2.022 2.017 2.017 2.017 2.018 2.019 2.136 2.138 2.139 2.158 2.236 2.611 0.007 3.341 3.341 3.341 3.341 3.341 3.336 3.34 3.34 3.336 3.332 3.235 3.046 3.045 3.03 3.03 3.03 3.04 3.047 3.17 3.318 3.323 3.33 3.33 3.33 3.33 3.329 3.231 3.148 3.143 3.14 3.14 3.146 3.146 3.151 3.162 3.162 3.271 3.345 3.351 3.353 3.353 3.353 3.36 0.007 2.029 2.026 2.027 2.027 2.027 2.027 2.034 2.037 2.042 2.045 2.055 2.055 2.056 2.064 2.065 2.07 2.07 2.071 2.07 2.07 2.016 1.868 1.83 1.826 1.807 1.795 1.794 1.787 1.784 1.782 1.781 1.781 1.782 1.782 1.783 1.788 1.797 1.798 1.814 1.83 1.842 1.89 2.183 2.193 2.197 2.21 2.21 2.222 2.228 2.238 2.244 2.248 2.249 2.267 2.277 2.28 2.293 2.305 2.307 2.315 2.321 2.326 2.338 2.349 2.37 2.377 2.377 2.39 2.403 2.407 2.422 2.43 2.444 2.449 2.461 2.474 2.482 2.49 2.507 2.509 2.525 2.525 2.525 0 0 0 0 0 0 0 0 0 0 0 0.007 0 2.609 0 2.609 2.595 2.549 2.54 2.522 2.511 2.496 2.484 2.456 2.451 2.434 2.412 2.39 2.387 2.377 2.358 2.337 2.332 2.323 2.317 2.309 2.294 2.285 2.271 2.26 2.249 2.23 2.228 2.227 2.22 2.201 2.199 2.178 2.175 2.166 2.162 2.157 2.146 2.139 2.127 2.117 2.107 2.099 2.098 2.089 2.08 2.075 2.074 2.07 2.07 2.058 2.052 2.04 2.029 2.026 2.021 2.019 2.01 2.002 1.991 1.99 1.99 1.991 0 0 0 0.776 0.776 0.774 0.77 0.77 0.77 0.77 1.901 1.905 1.905 1.904 1.901 1.898 1.89 1.89 1.873 1.87 1.87 1.87 1.87 0 0.007 0 0 0 0 0 0 0 0 0.402 0.38 0.379 0.379 0.38 0.38 0.379 0.377 0.377 0.377 0.38 0.382 0.387 0.387 0.384 0.385 0.384 0.384 0.385 0.386 0.389 0.391 0.403 0.411 0.411 0.414 0.414 0.411 0.41 0.418 0.406 0.403 0.401 0.388 0.383 0.383 0.383 0.383 0.388 0.4 
1 1 1 1 1 1 1 1 1 1 1 1 1 1 1 1 1 1 1 1 1 1 1 1 1 1 1 1 1 1 1 1 1 1 1 1 1 1 1 1 1 1 1 1 1 1 1 1 1 1 1 1 1 1 1 1 1 1 1 1 1 1 1 1 1 1 1 1 1 1 1 1 1 1 1 1 1 1 1 1 1 1 1 1 1 1 1 1 1 1 1 1 1 1 1 1 1 1 1 1 1 1 1 1 1 1 1 1 1 1 1 1 1 1 1 1 1 1 1 1 1 1 1 1 1 1 1 1 1 1 1 1 1 1 1 1 1 1 1 1 1 1 1 1 1 1 1 1 1 1 1 1 1 1 1 1 1 1 1 1 1 1 1 1 1 1 1 1 1 1 1 1 1 1 1 1 1 1 1 1 1 1 1 1 1 1 1 1 1 1 1 1 1 1 1 1 1 1 1 1 1 1 1 1 1 1 1 1 1 1 1 1 1 1 1 1 1 1 1 1 1 1 1 1 1 1 1 1 1 1 1 1 1 1 1 1 1 1 1 1 1 1 1 1 1 1 1 1 1 1 1 1 1 1 1 1 1 1 1 1 1 1 1 1 1 1 1 1 1 1 1 1 1 1 1 1 1 1 1 1 1 1 1 1 1 1 1 1 1 1 1 1 1 1 1 1 1 1 1 1 1 1 1 1 1 1 1 1 1 1 1 1 1 0 0 0 0 1 1 1 1 1 1 1 1 1 1 1 1 1 1 0 0 0 1 1 1 1 0 0 1 1 1 1 1 1 1 1 1 1 1 1 1 1 1 1 1 1 1 1 1 1 1 1 1 1 1 1 1 1 1 1 1 1 1 1 1 1 1 1 1 1 1 1 1 1 1 1 1 1 1 1 1 1 1 1 1 1 1 1 1 1 1 0 1 1 1 1 1 1 1 1 1 1 1 1 1 1 1 1 1 1 1 1 1 1 1 1 1 1 1 1 1 1 1 1 1 1 1 1 1 1 1 1 1 1 1 0 1 1 1 1 1 1 1 1 1 1 1 1 1 1 1 1 1 1 1 1 1 1 1 1 1 1 1 1 1 1 1 1 1 1 1 1 1 1 1 1 1 1 1 1 1 1 1 1 1 1 1 1 1 1 1 1 1 1 1 1 1 1 1 1 1 1 1 1 1 1 1 1 1 1 1 1 1 1 1 1 1 1 1 0 0 0 0 0 0 0 0 0 0 0 0 0 1 0 1 1 1 1 1 1 1 1 1 1 1 1 1 1 1 1 1 1 1 1 1 1 1 1 1 1 1 1 1 1 1 1 1 1 1 1 1 1 1 1 1 1 1 1 1 1 1 1 1 1 1 1 1 1 1 1 1 1 1 1 1 1 1 0 0 0 1 1 1 1 1 1 1 1 1 1 1 1 1 1 1 1 1 1 1 1 0 0 0 0 0 0 0 0 0 0 1 1 1 1 1 1 1 1 1 1 1 1 1 1 1 1 1 1 1 1 1 1 1 1 1 1 1 1 1 1 1 1 1 1 1 1 1 1 1 1 
