# This file contains a 2D laser scan observation. 
# Its format is: 
# [aperture] [max_range] [number_of_scans] 
# [vector_of_scans] 
# [vector_of_valid_scans] 
# The aperture of the sensor is in radians, the maximum range 
# and measurements are in meters. '1' means a valid scan, '0' otherwise.
4.1847
5.6
682
0.57 0.573 0.573 0.595 0.642 0.642 0.642 0.635 0.631 0.631 0.631 0.628 0.626 0.626 0.625 0.623 0.623 0.623 0.65 0.682 0.684 0.684 0.682 0.626 0.626 0.626 0.627 0.665 0.68 0.736 0.736 0.736 0.729 0.729 0.721 0.697 0.697 0.672 0.668 0.662 0.668 0.668 0.709 0.71 0.71 0.71 0.707 0.527 0.517 0.502 0.493 0.49 0.493 0.493 0.51 0.521 0.534 0.6 0.614 0.657 0.681 0.681 0.681 0.664 0.61 0.61 0.608 0.61 0.62 0.62 0.618 0.618 0.618 0.618 0.627 0.646 0.646 0.646 0.643 0.64 0.639 0.634 0.629 0.629 0.628 0.625 0.622 0.622 0.62 0.619 0.618 0.611 0.604 0.604 0.604 0.604 0.601 0.599 0.598 0.598 0.587 0.587 0.586 0.587 0.586 0.586 0.58 0.58 0.578 0.578 0.575 0.574 0.568 0.568 0.568 0.568 0.568 0.562 0.562 0.562 0.562 0.557 0.557 0.557 0.557 0.553 0.55 0.547 0.547 0.547 0.547 0.547 0.547 0.544 0.547 0.547 0.548 0.548 0.548 0.548 0.542 0.54 0.54 0.536 0.535 0.535 0.533 0.527 0.527 0.527 0.527 0.528 0.532 0.532 0.532 0.531 0.53 0.528 0.528 0.529 0.527 0.529 0.529 0.528 0.528 0.531 0.528 0.531 0.533 0.551 0.551 0.554 0.565 0.565 1.424 0.006 0.007 4.793 1.429 1.447 1.44 1.444 1.444 1.444 1.444 1.444 1.444 1.445 1.445 1.45 1.451 1.458 1.458 1.458 1.457 1.446 1.442 1.442 1.442 1.44 1.438 1.438 1.438 1.438 1.437 1.438 1.437 1.437 1.433 1.433 1.433 1.434 1.436 1.438 1.436 1.436 1.441 1.45 1.451 1.451 1.451 1.456 1.458 1.462 1.461 1.458 1.461 1.462 1.466 1.466 1.466 1.466 1.465 1.463 1.463 1.471 1.463 1.471 1.475 1.475 1.479 1.498 1.499 1.522 1.621 1.629 1.635 1.638 1.647 1.659 1.661 1.671 1.673 1.676 1.68 1.683 1.684 1.695 1.699 1.7 1.712 1.715 1.726 1.734 1.735 1.737 1.739 1.74 1.749 1.756 1.762 1.771 1.775 1.776 1.786 1.81 1.811 1.814 1.823 1.825 1.835 1.844 1.855 1.856 1.871 1.886 1.904 1.907 1.91 1.913 1.919 1.926 1.946 1.95 1.95 1.968 1.982 1.995 2.006 2.017 2.029 2.041 2.047 2.061 2.065 2.091 2.099 2.114 2.117 2.131 2.141 2.159 2.174 2.191 2.207 2.209 2.237 2.238 2.264 2.276 2.283 2.309 2.312 2.323 2.343 0 0 0 0 0 0 0 0 0 0 0 0 0 0 0 0 0 0 0 0 0 0 0 2.898 2.898 2.898 2.926 2.966 2.989 3.064 3.093 3.12 3.12 3.165 3.169 3.169 3.169 1.187 1.176 1.176 1.187 3.57 3.613 3.613 3.57 0.782 0.77 0.766 0.766 0.766 0.77 0.766 0.77 0.77 0.754 0.505 0.505 0.505 0.505 0.508 0.508 0.508 0.511 0.508 0.508 0.511 0.518 0.84 0.847 0.849 0.858 4.63 4.63 4.63 4.569 4.568 4.568 4.568 4.557 4.568 4.542 4.54 1.73 1.723 1.721 1.685 1.045 1.041 1.039 1.038 1.038 1.038 2 2 2 1.976 1.403 1.397 1.397 1.403 0 0 0 0 3.13 3.061 3.047 3.039 2.818 2.807 2.807 2.805 2.805 2.805 2.81 2.805 2.805 2.81 2.809 2.809 2.814 2.815 2.818 2.818 2.814 1.013 1.007 0.998 0.996 0.985 0.902 0.902 0.902 0.902 0.905 0.911 1.716 1.726 2.374 2.374 0.007 2.374 2.278 2.275 2.274 2.275 2.278 2.274 2.287 0.007 2.292 2.219 2.219 2.212 2.212 2.127 2.113 2.212 1.814 1.794 1.814 1.814 1.794 0.586 0.586 0.586 0.588 0.59 0.59 0.59 0.59 0.594 0.594 0.765 0.766 0.775 2.275 2.345 2.414 2.345 2.345 1.064 1.064 1.061 1.061 1.064 1.931 0.007 2.224 2.201 2.201 2.18 2.18 2.143 2.081 2.062 2.037 2.009 2.009 1.995 1.978 1.949 1.929 1.901 1.888 1.872 1.846 1.832 1.817 1.802 1.777 1.766 1.751 1.733 1.717 1.697 1.681 1.668 1.649 1.637 1.625 1.611 1.597 1.581 1.578 1.558 1.539 1.523 1.52 1.511 1.493 1.476 1.463 1.454 1.45 1.438 1.424 1.407 1.403 1.396 1.381 1.376 1.362 1.355 1.354 1.336 1.327 1.322 1.319 1.307 1.299 1.298 1.288 1.268 1.255 0.813 0.789 0.789 0.789 0.789 0.793 0.798 1.202 1.202 1.202 1.198 1.19 1.186 1.183 1.173 1.169 1.166 1.163 1.16 1.154 1.145 1.143 1.136 1.123 1.117 1.116 1.113 1.107 1.107 1.103 1.102 1.099 1.062 1.053 1.05 1.05 1.05 1.051 1.067 1.067 1.067 1.063 1.062 1.057 1.056 1.052 1.042 1.042 1.042 1.038 1.038 1.035 1.028 1.027 1.02 1.016 1.014 1.009 0.987 0.987 0.986 0.975 0.423 0.423 0.421 0.417 0.417 0.417 0.414 0.413 0.411 0.408 0.405 0.405 0.401 0.396 0.392 0.392 0.392 0.392 0.392 0.392 0.382 0.392 0.392 0.393 0.394 0.397 0.399 0.408 0.413 0.413 0.415 0.417 0.417 0.419 0.419 0.422 0.429 0.43 0.431 0.433 
1 1 1 1 1 1 1 1 1 1 1 1 1 1 1 1 1 1 1 1 1 1 1 1 1 1 1 1 1 1 1 1 1 1 1 1 1 1 1 1 1 1 1 1 1 1 1 1 1 1 1 1 1 1 1 1 1 1 1 1 1 1 1 1 1 1 1 1 1 1 1 1 1 1 1 1 1 1 1 1 1 1 1 1 1 1 1 1 1 1 1 1 1 1 1 1 1 1 1 1 1 1 1 1 1 1 1 1 1 1 1 1 1 1 1 1 1 1 1 1 1 1 1 1 1 1 1 1 1 1 1 1 1 1 1 1 1 1 1 1 1 1 1 1 1 1 1 1 1 1 1 1 1 1 1 1 1 1 1 1 1 1 1 1 1 1 1 1 1 1 1 1 1 1 1 0 0 1 1 1 1 1 1 1 1 1 1 1 1 1 1 1 1 1 1 1 1 1 1 1 1 1 1 1 1 1 1 1 1 1 1 1 1 1 1 1 1 1 1 1 1 1 1 1 1 1 1 1 1 1 1 1 1 1 1 1 1 1 1 1 1 1 1 1 1 1 1 1 1 1 1 1 1 1 1 1 1 1 1 1 1 1 1 1 1 1 1 1 1 1 1 1 1 1 1 1 1 1 1 1 1 1 1 1 1 1 1 1 1 1 1 1 1 1 1 1 1 1 1 1 1 1 1 1 1 1 1 1 1 1 1 1 1 1 1 1 1 1 1 1 1 1 1 1 1 0 0 0 0 0 0 0 0 0 0 0 0 0 0 0 0 0 0 0 0 0 0 0 1 1 1 1 1 1 1 1 1 1 1 1 1 1 1 1 1 1 1 1 1 1 1 1 1 1 1 1 1 1 1 1 1 1 1 1 1 1 1 1 1 1 1 1 1 1 1 1 1 1 1 1 1 1 1 1 1 1 1 1 1 1 1 1 1 1 1 1 1 1 1 1 1 1 1 1 1 0 0 0 0 1 1 1 1 1 1 1 1 1 1 1 1 1 1 1 1 1 1 1 1 1 1 1 1 1 1 1 1 1 1 1 1 1 1 1 1 0 1 1 1 1 1 1 1 1 0 1 1 1 1 1 1 1 1 1 1 1 1 1 1 1 1 1 1 1 1 1 1 1 1 1 1 1 1 1 1 1 1 1 1 1 1 1 0 1 1 1 1 1 1 1 1 1 1 1 1 1 1 1 1 1 1 1 1 1 1 1 1 1 1 1 1 1 1 1 1 1 1 1 1 1 1 1 1 1 1 1 1 1 1 1 1 1 1 1 1 1 1 1 1 1 1 1 1 1 1 1 1 1 1 1 1 1 1 1 1 1 1 1 1 1 1 1 1 1 1 1 1 1 1 1 1 1 1 1 1 1 1 1 1 1 1 1 1 1 1 1 1 1 1 1 1 1 1 1 1 1 1 1 1 1 1 1 1 1 1 1 1 1 1 1 1 1 1 1 1 1 1 1 1 1 1 1 1 1 1 1 1 1 1 1 1 1 1 1 1 1 1 1 1 1 1 1 1 1 1 1 1 1 1 1 1 1 
