# This file contains a 2D laser scan observation. 
# Its format is: 
# [aperture] [max_range] [number_of_scans] 
# [vector_of_scans] 
# [vector_of_valid_scans] 
# The aperture of the sensor is in radians, the maximum range 
# and measurements are in meters. '1' means a valid scan, '0' otherwise.
4.1847
5.6
682
0.567 0.563 0.561 0.56 0.56 0.559 0.559 0.552 0.552 0.55 0.549 0.549 0.545 0.542 0.542 0.538 0.538 0.537 0.537 0.537 0.537 0.535 0.529 0.532 0.532 0.531 0.531 0.531 0.528 0.524 0.522 0.522 0.519 0.515 0.514 0.514 0.514 0.514 0.515 0.515 0.515 0.515 0.512 0.509 0.509 0.507 0.507 0.507 0.507 0.503 0.503 0.5 0.499 0.47 0.469 0.469 0.47 0.477 0.477 0.484 0.484 0.484 0.486 0.492 0.498 0.498 0.517 0.498 0.498 0.491 0.49 0.489 0.486 0.486 0.482 0.482 0.486 0.482 0.482 0.485 0.482 0.482 0.484 0.485 0.497 0.507 0.507 0.504 0.497 0.492 0.492 0.492 0.593 0.594 0.594 0.594 0.593 0.594 0.601 3.504 0 0 0 0 0 0 0 0 0 0 0 0 0 0 0 0 0 0 0 0 0 0 0 0 0 0 0 0 0 0 0 0 0 0 0 0 0 0 0 0 0 0 0 0 0 0 0 0 0 0 0 0 0 0 0 0 0 0 0 0 0 0 0 0 0 0 0 0 0 0 0 0 2.138 2.138 2.138 0 0 0 2.566 2.564 2.564 2.547 2.538 2.538 2.586 2.586 0.007 0.006 2.597 2.597 2.595 2.595 2.578 2.552 2.552 2.257 2.252 2.257 1.649 1.649 2.102 2.105 2.105 2.11 0 0 0 0 4.019 3.984 3.987 3.987 3.984 3.984 3.987 2.331 2.331 1.95 1.95 1.95 3.751 0.007 3.751 0.837 0.835 0.83 0.83 0.822 0.822 0.822 0.833 0.842 0.863 0.865 0.866 0.87 0.885 0.897 0.897 0.9 0.907 0.915 0.921 0.932 0.937 0.943 0.952 0.96 0.974 0.99 0.999 1.004 1.01 1.026 1.037 1.043 1.063 1.07 1.089 1.091 1.105 1.118 1.133 1.146 1.156 1.177 1.195 1.209 1.224 1.244 1.25 1.276 1.292 1.31 1.336 1.343 1.353 1.353 1.353 1.338 1.338 1.338 1.338 1.339 1.365 1.366 1.394 1.394 1.411 1.434 1.493 1.516 1.516 1.516 1.507 1.502 1.5 1.5 1.499 1.49 1.485 1.485 1.484 1.484 1.458 1.458 1.457 1.458 1.458 1.456 1.451 1.451 1.451 1.446 1.451 1.452 1.455 1.566 1.585 1.588 1.591 1.591 1.681 2.079 0.006 0.007 2.793 2.793 2.797 2.797 2.8 2.8 2.8 2.799 2.793 2.793 2.793 2.788 2.68 2.53 2.52 2.507 2.507 2.503 2.503 2.507 2.519 2.528 2.621 2.783 2.787 2.792 2.796 2.801 2.802 2.802 2.802 2.708 2.622 2.62 2.62 2.622 2.622 2.628 2.633 2.636 2.637 2.638 2.643 2.831 2.834 2.835 2.835 2.838 2.843 2.845 2.846 2.846 2.854 2.855 2.863 2.863 2.863 0.007 1.5 1.499 1.489 1.489 1.489 1.489 1.49 1.492 1.499 1.499 1.505 1.506 1.506 1.528 1.533 1.536 1.537 1.541 1.543 1.548 1.55 1.555 1.562 1.566 1.574 1.575 1.576 1.58 1.584 1.584 1.584 1.549 1.368 1.357 1.342 1.33 1.321 1.314 1.312 1.307 1.304 1.299 1.298 1.297 1.297 1.297 1.294 1.293 1.293 1.293 1.293 1.299 1.305 1.309 1.311 1.317 1.328 1.334 1.346 1.379 1.786 1.786 1.797 1.797 1.815 1.817 1.828 1.837 1.837 1.856 1.868 1.869 1.884 1.895 1.912 1.912 1.933 1.938 1.945 1.956 1.978 1.987 2.006 2.008 2.022 2.029 2.045 2.069 2.077 2.095 2.107 2.111 2.125 2.145 2.156 2.169 2.192 2.202 2.202 2.202 2.093 2.093 2.073 2.073 0.007 0 0.007 0 2.064 2.06 2.06 2.06 2.093 2.108 2.267 2.285 0.007 0 2.267 2.238 2.227 2.218 2.208 2.199 2.196 2.178 2.174 2.172 2.163 2.156 2.137 2.137 2.125 2.123 2.116 2.11 2.103 2.102 2.097 2.087 2.085 2.077 2.071 2.062 2.062 2.054 2.044 2.042 2.038 2.033 2.024 2.023 2.017 2.012 2.011 1.999 1.993 1.985 1.984 1.98 1.98 1.975 1.971 1.967 1.966 1.958 1.956 1.951 1.951 1.944 1.944 1.942 1.941 1.941 1.93 1.927 1.922 1.922 1.922 1.917 1.916 1.913 1.913 1.913 1.904 1.903 1.902 1.894 1.894 1.894 1.894 1.896 1.898 1.901 1.901 1.901 1.885 1.883 1.881 1.881 1.875 1.869 1.865 1.865 1.865 1.865 1.865 1.865 1.865 1.865 1.864 1.863 1.862 1.86 1.859 1.859 1.859 1.859 1.857 1.859 1.859 1.859 1.859 1.865 1.865 1.865 1.865 1.869 1.87 1.872 1.875 1.873 1.873 1.875 1.875 1.877 1.877 1.877 1.802 1.599 1.599 1.599 1.627 1.884 1.899 1.9 1.9 1.899 1.476 1.469 1.457 1.351 1.276 1.276 1.276 1.276 1.274 1.274 1.249 1.249 1.249 1.249 1.245 0.825 0.813 0.811 0.811 0.813 0.813 0.816 0.822 0 0 0 1.55 1.55 1.55 1.559 1.576 1.924 2.036 2.036 2.036 1.336 1.332 1.328 1.328 1.332 0 0 0 0 0 0 0 0 0 0 
1 1 1 1 1 1 1 1 1 1 1 1 1 1 1 1 1 1 1 1 1 1 1 1 1 1 1 1 1 1 1 1 1 1 1 1 1 1 1 1 1 1 1 1 1 1 1 1 1 1 1 1 1 1 1 1 1 1 1 1 1 1 1 1 1 1 1 1 1 1 1 1 1 1 1 1 1 1 1 1 1 1 1 1 1 1 1 1 1 1 1 1 1 1 1 1 1 1 1 1 0 0 0 0 0 0 0 0 0 0 0 0 0 0 0 0 0 0 0 0 0 0 0 0 0 0 0 0 0 0 0 0 0 0 0 0 0 0 0 0 0 0 0 0 0 0 0 0 0 0 0 0 0 0 0 0 0 0 0 0 0 0 0 0 0 0 0 0 0 0 0 0 1 1 1 0 0 0 1 1 1 1 1 1 1 1 0 0 1 1 1 1 1 1 1 1 1 1 1 1 1 1 1 1 0 0 0 0 1 1 1 1 1 1 1 1 1 1 1 1 1 0 1 1 1 1 1 1 1 1 1 1 1 1 1 1 1 1 1 1 1 1 1 1 1 1 1 1 1 1 1 1 1 1 1 1 1 1 1 1 1 1 1 1 1 1 1 1 1 1 1 1 1 1 1 1 1 1 1 1 1 1 1 1 1 1 1 1 1 1 1 1 1 1 1 1 1 1 1 1 1 1 1 1 1 1 1 1 1 1 1 1 1 1 1 1 1 1 1 1 1 1 1 1 0 0 1 1 1 1 1 1 1 1 1 1 1 1 1 1 1 1 1 1 1 1 1 1 1 1 1 1 1 1 1 1 1 1 1 1 1 1 1 1 1 1 1 1 1 1 1 1 1 1 1 1 1 1 1 1 1 1 1 0 1 1 1 1 1 1 1 1 1 1 1 1 1 1 1 1 1 1 1 1 1 1 1 1 1 1 1 1 1 1 1 1 1 1 1 1 1 1 1 1 1 1 1 1 1 1 1 1 1 1 1 1 1 1 1 1 1 1 1 1 1 1 1 1 1 1 1 1 1 1 1 1 1 1 1 1 1 1 1 1 1 1 1 1 1 1 1 1 1 1 1 1 1 1 1 1 1 1 1 1 1 1 1 1 0 0 0 0 1 1 1 1 1 1 1 1 0 0 1 1 1 1 1 1 1 1 1 1 1 1 1 1 1 1 1 1 1 1 1 1 1 1 1 1 1 1 1 1 1 1 1 1 1 1 1 1 1 1 1 1 1 1 1 1 1 1 1 1 1 1 1 1 1 1 1 1 1 1 1 1 1 1 1 1 1 1 1 1 1 1 1 1 1 1 1 1 1 1 1 1 1 1 1 1 1 1 1 1 1 1 1 1 1 1 1 1 1 1 1 1 1 1 1 1 1 1 1 1 1 1 1 1 1 1 1 1 1 1 1 1 1 1 1 1 1 1 1 1 1 1 1 1 1 1 1 1 1 1 1 1 1 1 1 1 1 1 1 1 1 1 1 0 0 0 1 1 1 1 1 1 1 1 1 1 1 1 1 1 0 0 0 0 0 0 0 0 0 0 
