# This file contains a 2D laser scan observation. 
# Its format is: 
# [aperture] [max_range] [number_of_scans] 
# [vector_of_scans] 
# [vector_of_valid_scans] 
# The aperture of the sensor is in radians, the maximum range 
# and measurements are in meters. '1' means a valid scan, '0' otherwise.
4.1847
5.6
682
0.563 0.559 0.559 0.556 0.554 0.554 0.553 0.553 0.55 0.55 0.55 0.549 0.549 0.542 0.54 0.54 0.54 0.538 0.536 0.536 0.535 0.535 0.535 0.527 0.527 0.527 0.527 0.527 0.526 0.526 0.526 0.528 0.529 0.529 0.528 0.528 0.517 0.501 0.49 0.49 0.49 0.49 0.49 0.49 0.5 0.5 0.5 0.502 0.506 0.506 0.514 0.506 0.506 0.498 0.498 0.498 0.495 0.495 0.493 0.493 0.493 0.484 0.493 0.497 0.497 0.493 0.497 0.498 0.498 0.498 0.515 0.515 0.515 0.515 0.536 0.545 0.596 0.6 0.6 0.601 0.601 0.601 0.601 0.611 0 0 0 0 0 0 0 0 0 0 0 0 0 0 0 0 0 0 0 0 0 0 0 0 0 0 0 0 0 0 0 0 0 0 0 0 0 0 0 0 0 0 0 0 0 0 0 0 0 0 0 0 0 0 0 0 0 0 0 0 0 0 0 0 0 0 0 0 0 0 0 0 0 0 0 0 0 0 0 0 2.164 2.164 2.164 0 0 0 2.606 2.606 2.557 2.472 1.873 1.873 1.873 2.569 2.576 2.577 2.577 2.577 2.576 2.571 2.542 2.484 2.236 2.226 1.634 1.619 1.619 1.619 2.077 2.094 2.108 2.108 3.975 0.007 3.975 3.975 0 4.007 4.007 4.007 3.985 2.326 2.326 2.326 3.902 0.007 0 3.902 0.823 0.822 0.812 0.811 0.807 0.806 0.806 0.806 0.834 0.835 0.839 0.847 0.847 0.858 0.861 0.866 0.878 0.879 0.891 0.894 0.898 0.911 0.919 0.921 0.931 0.938 0.95 0.959 0.962 0.973 0.98 0.988 0.994 1.02 1.027 1.033 1.052 1.064 1.076 1.077 1.085 1.108 1.123 1.137 1.154 1.17 1.185 1.2 1.208 1.228 1.242 1.252 1.272 1.288 1.31 1.314 1.322 1.322 1.322 1.314 1.314 1.313 1.313 1.314 1.334 1.347 1.365 1.365 1.367 1.392 1.459 1.48 1.48 1.482 1.482 1.472 1.472 1.465 1.465 1.465 1.459 1.457 1.455 1.449 1.448 1.445 1.431 1.431 1.431 1.426 1.426 1.423 1.421 1.421 1.421 1.422 1.429 1.444 1.54 1.562 1.562 1.564 1.564 1.606 1.671 2.041 2.047 2.758 2.758 2.769 2.771 2.772 2.771 2.771 2.768 2.766 2.766 2.761 2.759 2.759 2.568 2.493 2.482 2.478 2.474 2.474 2.474 2.479 2.485 2.508 2.663 2.758 2.759 2.765 2.766 2.77 2.77 2.77 2.77 2.672 2.589 2.589 2.589 2.589 2.589 2.593 2.594 2.6 2.606 2.607 2.613 2.707 2.797 2.8 2.804 2.808 2.814 2.815 2.815 2.815 2.815 2.818 2.818 2.815 2.815 1.468 1.467 1.454 1.454 1.454 1.455 1.459 1.465 1.464 1.465 1.466 1.469 1.469 1.475 1.481 1.485 1.495 1.497 1.503 1.512 1.517 1.523 1.523 1.526 1.527 1.531 1.537 1.54 1.549 1.55 1.553 1.55 1.55 1.488 1.334 1.32 1.302 1.301 1.284 1.278 1.276 1.274 1.27 1.268 1.267 1.266 1.266 1.265 1.264 1.264 1.264 1.264 1.263 1.267 1.267 1.276 1.278 1.282 1.286 1.301 1.306 1.324 1.347 1.745 1.758 1.764 1.775 1.779 1.792 1.804 1.809 1.816 1.833 1.839 1.853 1.858 1.862 1.874 1.894 1.903 1.914 1.927 1.939 1.947 1.959 1.978 1.983 2.002 2.015 2.023 2.046 2.049 2.073 2.08 2.094 2.107 2.122 2.135 2.158 2.165 2.196 2.196 2.196 2.052 2.052 2.052 0 0 0 2.108 2.108 2.092 2.092 2.061 2.061 2.061 2.254 0.007 0 0.007 0 2.24 2.21 2.203 2.202 2.181 2.179 2.171 2.159 2.159 2.143 2.139 2.122 2.12 2.11 2.107 2.105 2.1 2.087 2.086 2.079 2.072 2.067 2.064 2.058 2.051 2.042 2.041 2.037 2.026 2.025 2.011 2.009 2.008 2.006 2.004 2.001 1.993 1.992 1.979 1.972 1.971 1.969 1.962 1.957 1.953 1.95 1.95 1.947 1.939 1.932 1.93 1.928 1.928 1.928 1.923 1.922 1.921 1.917 1.913 1.911 1.909 1.903 1.902 1.902 1.899 1.899 1.897 1.896 1.892 1.887 1.887 1.886 1.884 1.881 1.877 1.877 1.877 1.877 1.871 1.871 1.871 1.869 1.867 1.861 1.859 1.859 1.858 1.858 1.855 1.855 1.855 1.852 1.852 1.857 1.857 1.857 1.857 1.853 1.852 1.849 1.852 1.853 1.853 1.853 1.856 1.859 1.859 1.859 1.859 1.859 1.858 1.858 1.858 1.858 1.862 1.866 1.866 1.874 1.867 1.869 1.874 1.869 1.867 1.599 1.599 1.599 1.752 1.889 1.896 1.897 1.896 1.889 1.468 1.468 1.465 1.465 1.28 1.28 1.28 1.278 1.278 1.278 1.255 1.255 1.255 1.948 1.948 1.948 1.933 0.852 0.833 0.829 0.821 0.82 0.819 0.819 0.821 0.849 0.885 0.975 1.552 1.688 1.688 2.044 2.054 2.054 2.054 1.347 1.341 1.341 1.341 0 0 0 0 0 0 0 0 0 0 0 0 0 
1 1 1 1 1 1 1 1 1 1 1 1 1 1 1 1 1 1 1 1 1 1 1 1 1 1 1 1 1 1 1 1 1 1 1 1 1 1 1 1 1 1 1 1 1 1 1 1 1 1 1 1 1 1 1 1 1 1 1 1 1 1 1 1 1 1 1 1 1 1 1 1 1 1 1 1 1 1 1 1 1 1 1 1 0 0 0 0 0 0 0 0 0 0 0 0 0 0 0 0 0 0 0 0 0 0 0 0 0 0 0 0 0 0 0 0 0 0 0 0 0 0 0 0 0 0 0 0 0 0 0 0 0 0 0 0 0 0 0 0 0 0 0 0 0 0 0 0 0 0 0 0 0 0 0 0 0 0 0 0 0 0 0 0 1 1 1 0 0 0 1 1 1 1 1 1 1 1 1 1 1 1 1 1 1 1 1 1 1 1 1 1 1 1 1 1 1 0 1 1 0 1 1 1 1 1 1 1 1 0 0 1 1 1 1 1 1 1 1 1 1 1 1 1 1 1 1 1 1 1 1 1 1 1 1 1 1 1 1 1 1 1 1 1 1 1 1 1 1 1 1 1 1 1 1 1 1 1 1 1 1 1 1 1 1 1 1 1 1 1 1 1 1 1 1 1 1 1 1 1 1 1 1 1 1 1 1 1 1 1 1 1 1 1 1 1 1 1 1 1 1 1 1 1 1 1 1 1 1 1 1 1 1 1 1 1 1 1 1 1 1 1 1 1 1 1 1 1 1 1 1 1 1 1 1 1 1 1 1 1 1 1 1 1 1 1 1 1 1 1 1 1 1 1 1 1 1 1 1 1 1 1 1 1 1 1 1 1 1 1 1 1 1 1 1 1 1 1 1 1 1 1 1 1 1 1 1 1 1 1 1 1 1 1 1 1 1 1 1 1 1 1 1 1 1 1 1 1 1 1 1 1 1 1 1 1 1 1 1 1 1 1 1 1 1 1 1 1 1 1 1 1 1 1 1 1 1 1 1 1 1 1 1 1 1 1 1 1 1 1 1 1 1 1 1 1 1 1 1 1 1 1 1 1 1 1 1 1 1 1 1 1 1 1 1 1 1 1 1 1 1 1 1 0 0 0 1 1 1 1 1 1 1 1 0 0 0 0 1 1 1 1 1 1 1 1 1 1 1 1 1 1 1 1 1 1 1 1 1 1 1 1 1 1 1 1 1 1 1 1 1 1 1 1 1 1 1 1 1 1 1 1 1 1 1 1 1 1 1 1 1 1 1 1 1 1 1 1 1 1 1 1 1 1 1 1 1 1 1 1 1 1 1 1 1 1 1 1 1 1 1 1 1 1 1 1 1 1 1 1 1 1 1 1 1 1 1 1 1 1 1 1 1 1 1 1 1 1 1 1 1 1 1 1 1 1 1 1 1 1 1 1 1 1 1 1 1 1 1 1 1 1 1 1 1 1 1 1 1 1 1 1 1 1 1 1 1 1 1 1 1 1 1 1 1 1 1 1 1 1 1 1 1 1 1 1 1 1 1 0 0 0 0 0 0 0 0 0 0 0 0 0 
