# This file contains a 2D laser scan observation. 
# Its format is: 
# [aperture] [max_range] [number_of_scans] 
# [vector_of_scans] 
# [vector_of_valid_scans] 
# The aperture of the sensor is in radians, the maximum range 
# and measurements are in meters. '1' means a valid scan, '0' otherwise.
4.1847
5.6
682
0.573 0.573 0.573 0.582 0.643 0.643 0.643 0.643 0.636 0.628 0.625 0.625 0.628 0.628 0.625 0.624 0.624 0.624 0.652 0.67 0.678 0.678 0.678 0.623 0.619 0.619 0.619 0.658 0.659 0.711 0.742 0.742 0.742 0.742 0.713 0.693 0.693 0.68 0.67 0.664 0.67 0.68 0.694 0.716 0.724 0.724 0.724 0.534 0.511 0.504 0.496 0.493 0.496 0.502 0.502 0.521 0.541 0.593 0.601 0.648 0.67 0.674 0.674 0.67 0.628 0.616 0.616 0.609 0.615 0.616 0.617 0.616 0.617 0.62 0.62 0.641 0.643 0.643 0.643 0.641 0.637 0.634 0.629 0.626 0.626 0.626 0.626 0.625 0.616 0.616 0.611 0.609 0.608 0.605 0.604 0.603 0.601 0.601 0.599 0.597 0.597 0.596 0.593 0.591 0.59 0.584 0.581 0.581 0.581 0.579 0.575 0.573 0.573 0.57 0.565 0.563 0.559 0.557 0.556 0.556 0.555 0.555 0.556 0.556 0.555 0.543 0.543 0.543 0.545 0.547 0.549 0.55 0.55 0.549 0.549 0.548 0.545 0.547 0.547 0.544 0.544 0.543 0.542 0.542 0.536 0.533 0.533 0.53 0.53 0.53 0.53 0.53 0.53 0.53 0.529 0.527 0.527 0.527 0.527 0.526 0.527 0.527 0.526 0.528 0.529 0.528 0.528 0.531 0.531 0.54 0.54 0.551 0.572 0.572 1.425 1.425 1.425 1.425 1.425 1.432 1.443 1.449 1.443 1.449 1.447 1.45 1.447 1.45 1.453 1.454 1.456 1.459 1.459 1.459 1.451 1.45 1.449 1.445 1.441 1.441 1.438 1.438 1.438 1.431 1.431 1.434 1.434 1.431 1.433 1.433 1.433 1.437 1.44 1.44 1.44 1.44 1.443 1.446 1.446 1.45 1.453 1.453 1.456 1.459 1.461 1.461 1.461 1.461 1.463 1.467 1.467 1.469 1.469 1.47 1.469 1.47 1.467 1.47 1.471 1.478 1.478 1.486 1.491 1.508 1.634 1.635 1.641 1.641 1.641 1.661 1.672 1.674 1.674 1.676 1.679 1.679 1.682 1.686 1.696 1.698 1.71 1.713 1.726 1.727 1.733 1.734 1.735 1.741 1.751 1.757 1.759 1.768 1.769 1.787 1.788 1.811 1.815 1.819 1.828 1.83 1.837 1.838 1.85 1.854 1.871 1.887 1.899 1.901 1.909 1.91 1.922 1.927 1.943 1.948 1.949 1.959 1.978 1.997 2.007 2.009 2.023 2.043 2.055 2.06 2.07 2.079 2.099 2.112 2.117 2.133 2.145 2.154 2.171 2.18 2.2 2.208 2.232 2.242 2.263 2.277 2.292 2.307 2.31 2.319 2.344 0 0 0 0 0 0 0 0 0 0 0 0 0 0 0 0 0 0 0 0 0 0 0 2.894 2.894 2.894 2.932 2.958 2.984 3.066 3.084 3.139 3.157 3.157 3.17 3.17 3.17 1.176 1.174 1.174 1.174 1.174 3.567 3.567 3.567 0.769 0.765 0.765 0.769 0.769 0.769 0.769 0.769 0.765 0.763 0.508 0.508 0.506 0.508 0.505 0.505 0.503 0.503 0.503 0.503 0.504 0.541 0.851 0.851 0.853 0.858 0 0 0 4.569 4.558 4.558 4.558 4.552 4.552 4.541 4.52 1.735 1.735 1.729 1.717 1.048 1.041 1.037 1.037 1.037 1.037 1.996 1.996 1.996 1.971 1.409 1.404 1.404 1.409 0 0 0 0 3.138 3.046 3.042 3.04 2.827 2.81 2.81 2.81 2.811 2.811 2.811 2.811 2.806 2.806 2.808 2.816 2.819 2.822 2.823 2.823 2.823 1.011 1.004 0.995 0.988 0.983 0.91 0.907 0.9 0.9 0.91 0.91 1.726 1.734 2.376 2.376 0.007 2.376 2.275 2.275 2.275 2.278 2.28 2.28 2.28 0.007 2.291 2.223 2.223 2.215 2.215 2.119 2.115 2.215 1.813 1.793 1.793 1.793 0.592 0.59 0.59 0.59 0.591 0.591 0.591 0.59 0.59 0.59 0.633 0.757 0.76 0.769 2.288 2.321 2.404 2.321 2.321 1.07 1.066 1.061 1.061 1.07 1.944 0.007 2.226 2.194 2.194 2.168 2.168 2.156 2.061 2.039 2.039 2.012 2.012 1.984 1.973 1.944 1.927 1.899 1.885 1.861 1.843 1.83 1.81 1.795 1.781 1.76 1.748 1.728 1.711 1.694 1.675 1.671 1.658 1.637 1.628 1.612 1.592 1.589 1.562 1.56 1.542 1.533 1.511 1.511 1.491 1.477 1.472 1.462 1.442 1.43 1.419 1.417 1.399 1.394 1.389 1.375 1.369 1.359 1.353 1.339 1.334 1.322 1.316 1.312 1.3 1.298 1.281 1.272 1.24 0.803 0.802 0.793 0.788 0.788 0.788 0.792 1.201 1.201 1.201 1.198 1.194 1.187 1.182 1.171 1.17 1.165 1.162 1.16 1.151 1.149 1.141 1.133 1.131 1.127 1.126 1.116 1.111 1.111 1.103 1.098 1.098 1.054 1.046 1.046 1.046 1.051 1.052 1.068 1.068 1.068 1.064 1.061 1.059 1.055 1.052 1.048 1.046 1.044 1.044 1.042 1.035 1.032 1.024 1.024 1.024 1.014 1.005 0.998 0.982 0.975 0.695 0.638 0.638 0.638 0.638 0.638 0.639 0.639 0.639 0.923 0.944 0.944 0.944 0.944 0.937 0.928 0.438 0.429 0.421 0.42 0.416 0.415 0.41 0.41 0.409 0.406 0.406 0.401 0.401 0.395 0.394 0.394 0.394 0.393 0.392 0.391 0.39 0.39 0.39 0.39 0.397 
1 1 1 1 1 1 1 1 1 1 1 1 1 1 1 1 1 1 1 1 1 1 1 1 1 1 1 1 1 1 1 1 1 1 1 1 1 1 1 1 1 1 1 1 1 1 1 1 1 1 1 1 1 1 1 1 1 1 1 1 1 1 1 1 1 1 1 1 1 1 1 1 1 1 1 1 1 1 1 1 1 1 1 1 1 1 1 1 1 1 1 1 1 1 1 1 1 1 1 1 1 1 1 1 1 1 1 1 1 1 1 1 1 1 1 1 1 1 1 1 1 1 1 1 1 1 1 1 1 1 1 1 1 1 1 1 1 1 1 1 1 1 1 1 1 1 1 1 1 1 1 1 1 1 1 1 1 1 1 1 1 1 1 1 1 1 1 1 1 1 1 1 1 1 1 1 1 1 1 1 1 1 1 1 1 1 1 1 1 1 1 1 1 1 1 1 1 1 1 1 1 1 1 1 1 1 1 1 1 1 1 1 1 1 1 1 1 1 1 1 1 1 1 1 1 1 1 1 1 1 1 1 1 1 1 1 1 1 1 1 1 1 1 1 1 1 1 1 1 1 1 1 1 1 1 1 1 1 1 1 1 1 1 1 1 1 1 1 1 1 1 1 1 1 1 1 1 1 1 1 1 1 1 1 1 1 1 1 1 1 1 1 1 1 1 1 1 1 1 1 1 1 1 1 1 1 1 1 1 1 1 1 1 1 1 1 1 1 1 1 1 1 1 1 1 0 0 0 0 0 0 0 0 0 0 0 0 0 0 0 0 0 0 0 0 0 0 0 1 1 1 1 1 1 1 1 1 1 1 1 1 1 1 1 1 1 1 1 1 1 1 1 1 1 1 1 1 1 1 1 1 1 1 1 1 1 1 1 1 1 1 1 1 1 1 1 0 0 0 1 1 1 1 1 1 1 1 1 1 1 1 1 1 1 1 1 1 1 1 1 1 1 1 1 1 0 0 0 0 1 1 1 1 1 1 1 1 1 1 1 1 1 1 1 1 1 1 1 1 1 1 1 1 1 1 1 1 1 1 1 1 1 1 1 1 0 1 1 1 1 1 1 1 1 0 1 1 1 1 1 1 1 1 1 1 1 1 1 1 1 1 1 1 1 1 1 1 1 1 1 1 1 1 1 1 1 1 1 1 1 1 1 0 1 1 1 1 1 1 1 1 1 1 1 1 1 1 1 1 1 1 1 1 1 1 1 1 1 1 1 1 1 1 1 1 1 1 1 1 1 1 1 1 1 1 1 1 1 1 1 1 1 1 1 1 1 1 1 1 1 1 1 1 1 1 1 1 1 1 1 1 1 1 1 1 1 1 1 1 1 1 1 1 1 1 1 1 1 1 1 1 1 1 1 1 1 1 1 1 1 1 1 1 1 1 1 1 1 1 1 1 1 1 1 1 1 1 1 1 1 1 1 1 1 1 1 1 1 1 1 1 1 1 1 1 1 1 1 1 1 1 1 1 1 1 1 1 1 1 1 1 1 1 1 1 1 1 1 1 1 1 1 1 1 1 1 1 1 1 1 1 1 
