# This file contains a 2D laser scan observation. 
# Its format is: 
# [aperture] [max_range] [number_of_scans] 
# [vector_of_scans] 
# [vector_of_valid_scans] 
# The aperture of the sensor is in radians, the maximum range 
# and measurements are in meters. '1' means a valid scan, '0' otherwise.
4.1847
5.6
682
1.772 1.806 1.809 1.822 1.848 1.881 1.881 1.89 1.927 1.931 1.951 1.978 1.996 2.019 2.038 2.114 2.121 2.191 2.191 2.191 0 0 0 0 0 0 2.449 2.449 2.449 0 0 0 0 0 0 0.007 0 0.007 0 0 0 0 3.111 3.111 3.111 0 0 0 0 0 3.438 3.438 0.592 0.591 0.588 0.591 0.592 0.593 0.593 0.593 0.59 0.59 0.59 0.594 0.594 0.594 0.592 0.59 0.59 0.59 0.589 0.589 0.588 0.588 0.583 0.588 0.59 0.59 0.59 0.59 0.589 0.589 0.587 0.587 0.586 0.586 0.586 0.586 0.587 0.592 0.594 0.603 0.604 0.609 0.612 0.617 0.617 0.617 0.614 0.613 0.601 0.593 0.592 0.591 0.587 0.586 0.585 0.585 0.585 0.585 0.586 0.587 0.587 0.587 0.587 0.587 0.588 0.583 0.588 0.588 0.589 0.589 0.589 0.589 0.589 0.589 0.589 0.59 0.594 0.594 0.594 0.596 0.594 0.595 0.595 0.595 0.595 0.595 0.601 0.601 0.601 0.606 0.608 0.606 0.609 0.609 0.608 0.608 0.611 0.608 0.613 0.614 0.614 0.615 0.617 0.621 0.621 0.621 0.62 0.62 0.62 0.623 0.624 0.624 0.629 0.628 0.631 0.634 0.634 0.634 0.635 0.635 0.637 0.642 0.649 0.65 0.65 0.651 0.652 0.656 0.664 0.666 0.666 0.666 0.666 0.668 0.668 0.669 0.676 0.683 0.685 0.686 0.686 0.689 0.694 0.697 0.698 0.701 0.704 0.705 0.707 0.71 0.713 0.713 0.716 0.721 0.73 0.73 0.73 0.727 0.723 0.713 0.711 0.709 0.695 0.69 0.688 0.682 0.682 0.687 0.688 0.689 0.689 0.691 0.695 0.702 0.702 0.702 0.711 0.714 0.716 0.72 0.721 0.723 0.724 0.729 0.731 0.741 0.751 0.769 0.784 0.786 0.788 0.794 0.797 0.802 0.815 0.815 0.815 0.804 0.803 0.802 0.798 0.791 0.791 0.798 0.789 0.789 0.777 0.776 0.775 0.771 0.765 0.763 0.756 0.756 0.756 0.731 0.731 0.731 0.731 0.731 0.732 0.729 0.727 0.724 0.724 0.715 0.712 0.71 0.704 0.704 0.708 0.708 0.708 0.708 0.706 0.704 0.704 0.702 0.702 0.702 0.709 0.709 0.725 0.735 0.745 0.784 0.82 0.82 0.823 0.82 0.819 0.817 0.815 0.813 0.813 0.815 0.841 0.867 0.892 0.904 0.904 0.915 0.985 1.049 1.205 1.233 0 1.288 1.274 1.279 1.288 1.288 1.4 2.035 2.041 2.041 2.038 2.035 2.035 2.034 2.03 2.029 2.029 2.029 2.026 2.025 2.025 2.022 2.019 2.018 2.017 2.017 2.017 2.012 1.749 1.736 1.724 1.71 1.705 1.705 1.705 1.708 1.712 1.713 1.714 1.735 1.743 1.776 2.016 2.02 2.022 2.022 2.022 2.022 2.022 2.022 2.022 2.022 2.022 1.988 1.922 1.852 1.84 1.834 1.834 1.834 1.836 1.836 1.837 1.845 1.847 1.848 1.849 1.856 1.856 1.864 1.874 1.977 2.063 2.067 2.068 2.068 2.078 2.078 2.079 2.091 2.092 2.097 2.099 2.099 2.099 2.111 2.114 2.124 2.131 2.134 2.136 2.142 2.15 2.151 2.155 2.158 2.161 2.167 2.172 2.172 2.172 1.747 1.672 1.663 1.645 1.631 1.631 1.617 1.6 0.831 0.805 0.785 0.772 0.765 0.758 0.741 0.741 0.741 0.741 0.742 0.742 0.742 0.742 0.743 0.743 0.746 0.746 0.749 0.749 0.752 0.753 0.765 0.765 0.758 0.76 0.76 0.76 0.761 0.774 0.78 0.798 0.808 0.809 0.816 0.819 0.822 0.825 0.829 0.829 0.832 0.835 0.844 0.847 0.848 0.851 0.856 0.861 0.863 0.87 0.875 0.879 0.881 0.886 0.9 0.904 0.905 0.906 0.922 0.923 0.929 0.93 0.934 0.944 0.954 0.955 0.965 0.965 0.965 0.869 0.774 0.749 0.748 0.743 0.737 0.725 0.725 0.725 0.723 0.719 0.716 0.715 0.714 0.713 0.711 0.709 0.708 0.707 0.706 0.706 0.707 0.707 0.709 0.709 0.709 0.701 0.708 0.704 0.704 0.704 0.705 0.705 0.705 0.71 0.715 0.71 0.718 0.718 0.718 0.718 0.727 0.728 0.731 0.74 0.741 0.743 0.75 0.758 0.774 1.729 1.759 1.787 1.787 1.824 1.824 1.843 1.843 1.78 1.646 1.646 1.646 1.651 1.659 1.667 0.007 0.015 0.007 1.696 1.691 1.691 1.691 1.691 1.886 0.015 0.007 0.008 0 0 1.883 1.88 1.878 1.874 1.874 1.871 1.868 1.867 1.866 1.857 1.855 1.855 1.853 1.854 1.854 1.854 1.854 1.854 1.855 1.855 1.853 1.851 1.849 1.846 1.846 1.846 1.844 1.844 1.845 1.845 1.849 1.849 1.85 1.852 1.852 1.846 1.846 1.846 1.84 1.839 1.839 1.837 1.839 1.839 1.846 1.848 1.852 1.853 1.853 1.855 1.856 1.853 1.857 1.857 1.857 1.858 1.86 1.86 1.866 1.866 1.867 1.878 1.878 1.878 1.881 1.883 1.885 1.885 1.885 1.885 1.89 1.892 1.895 1.895 1.895 1.904 1.905 1.905 1.906 1.909 1.917 1.92 1.92 1.924 1.924 1.948 1.948 1.947 1.947 1.948 1.955 1.955 1.959 1.959 1.959 1.97 1.975 1.978 1.983 1.988 1.991 1.997 2.002 2.011 2.013 2.022 2.023 
1 1 1 1 1 1 1 1 1 1 1 1 1 1 1 1 1 1 1 1 0 0 0 0 0 0 1 1 1 0 0 0 0 0 0 0 0 0 0 0 0 0 1 1 1 0 0 0 0 0 1 1 1 1 1 1 1 1 1 1 1 1 1 1 1 1 1 1 1 1 1 1 1 1 1 1 1 1 1 1 1 1 1 1 1 1 1 1 1 1 1 1 1 1 1 1 1 1 1 1 1 1 1 1 1 1 1 1 1 1 1 1 1 1 1 1 1 1 1 1 1 1 1 1 1 1 1 1 1 1 1 1 1 1 1 1 1 1 1 1 1 1 1 1 1 1 1 1 1 1 1 1 1 1 1 1 1 1 1 1 1 1 1 1 1 1 1 1 1 1 1 1 1 1 1 1 1 1 1 1 1 1 1 1 1 1 1 1 1 1 1 1 1 1 1 1 1 1 1 1 1 1 1 1 1 1 1 1 1 1 1 1 1 1 1 1 1 1 1 1 1 1 1 1 1 1 1 1 1 1 1 1 1 1 1 1 1 1 1 1 1 1 1 1 1 1 1 1 1 1 1 1 1 1 1 1 1 1 1 1 1 1 1 1 1 1 1 1 1 1 1 1 1 1 1 1 1 1 1 1 1 1 1 1 1 1 1 1 1 1 1 1 1 1 1 1 1 1 1 1 1 1 1 1 1 1 1 1 1 1 1 1 1 1 1 1 1 1 0 1 1 1 1 1 1 1 1 1 1 1 1 1 1 1 1 1 1 1 1 1 1 1 1 1 1 1 1 1 1 1 1 1 1 1 1 1 1 1 1 1 1 1 1 1 1 1 1 1 1 1 1 1 1 1 1 1 1 1 1 1 1 1 1 1 1 1 1 1 1 1 1 1 1 1 1 1 1 1 1 1 1 1 1 1 1 1 1 1 1 1 1 1 1 1 1 1 1 1 1 1 1 1 1 1 1 1 1 1 1 1 1 1 1 1 1 1 1 1 1 1 1 1 1 1 1 1 1 1 1 1 1 1 1 1 1 1 1 1 1 1 1 1 1 1 1 1 1 1 1 1 1 1 1 1 1 1 1 1 1 1 1 1 1 1 1 1 1 1 1 1 1 1 1 1 1 1 1 1 1 1 1 1 1 1 1 1 1 1 1 1 1 1 1 1 1 1 1 1 1 1 1 1 1 1 1 1 1 1 1 1 1 1 1 1 1 1 1 1 1 1 1 1 1 1 1 1 1 1 1 1 1 1 1 1 1 1 1 1 1 1 1 0 0 0 1 1 1 1 1 1 0 0 0 0 0 1 1 1 1 1 1 1 1 1 1 1 1 1 1 1 1 1 1 1 1 1 1 1 1 1 1 1 1 1 1 1 1 1 1 1 1 1 1 1 1 1 1 1 1 1 1 1 1 1 1 1 1 1 1 1 1 1 1 1 1 1 1 1 1 1 1 1 1 1 1 1 1 1 1 1 1 1 1 1 1 1 1 1 1 1 1 1 1 1 1 1 1 1 1 1 1 1 1 1 1 1 1 1 1 1 1 1 
