# This file contains a 2D laser scan observation. 
# Its format is: 
# [aperture] [max_range] [number_of_scans] 
# [vector_of_scans] 
# [vector_of_valid_scans] 
# The aperture of the sensor is in radians, the maximum range 
# and measurements are in meters. '1' means a valid scan, '0' otherwise.
4.1847
5.6
682
0.671 0.67 0.67 0.667 0.665 0.658 0.657 0.657 0.652 0.65 0.65 0.645 0.644 0.637 0.644 0.634 0.634 0.634 0.634 0.631 0.628 0.624 0.624 0.622 0.621 0.618 0.617 0.616 0.613 0.609 0.609 0.608 0.606 0.604 0.603 0.603 0.601 0.601 0.599 0.599 0.598 0.593 0.593 0.593 0.59 0.587 0.587 0.587 0.585 0.585 0.582 0.578 0.578 0.575 0.575 0.574 0.574 0.572 0.574 0.575 0.575 0.575 0.575 0.575 0.575 0.575 0.574 0.569 0.566 0.565 0.566 0.568 0.566 0.566 0.566 0.566 0.565 0.566 0.565 0.568 0.565 0.563 0.563 0.568 0.563 0.568 0.568 0.568 0.563 0.568 0.569 0.571 0.574 0.576 0.58 0.586 0.587 0.6 0.608 0.608 0.608 0.602 0.601 0.595 0.592 0.586 0.574 0.574 0.572 0.572 0.572 0.569 0.569 0.568 0.568 0.568 0.562 0.56 0.558 0.56 0.562 0.558 0.565 0.569 0.57 0.57 0.57 0.566 0.566 0.566 0.566 0.571 0.571 0.57 0.571 0.57 0.57 0.57 0.571 0.573 0.577 0.577 0.577 0.578 0.577 0.577 0.577 0.578 0.579 0.582 0.582 0.583 0.583 0.582 0.587 0.591 0.592 0.592 0.592 0.591 0.578 0.55 0.537 0.536 0.536 0.536 0.532 0.535 0.535 0.531 0.531 0.532 0.532 0.543 0.544 0.544 0.544 0.544 0.544 0.54 0.54 0.544 0.545 0.546 0.548 0.548 0.551 0.554 0.557 0.56 0.56 0.56 0.562 0.562 0.56 0.562 0.562 0.574 0.592 0.593 0.596 0.598 0.598 0.598 0.602 0.604 0.605 0.613 0.616 0.617 0.619 0.621 0.624 0.624 0.624 0.606 0.605 0.604 0.598 0.598 0.591 0.589 0.587 0.578 0.577 0.576 0.565 0.563 0.557 0.557 0.551 0.551 0.55 0.544 0.53 0.515 0.515 0.51 0.51 0.509 0.506 0.506 0.502 0.506 0.502 0.502 0.5 0.49 0.485 0.484 0.478 0.474 0.474 0.474 0.478 0.481 0.494 0.494 0.481 0.476 0.472 0.472 0.472 0.469 0.469 0.461 0.457 0.457 0.462 0.462 0.465 0.479 0.484 0.485 0.489 0.489 0.499 0.504 0.508 0.513 0.537 0.558 0.99 0.99 0.99 0.585 0.585 0.577 0.577 0.579 0.579 0.579 0.579 0.571 0.562 0.562 0.562 0.565 0.586 0.586 0.602 0.62 0.629 0.647 0.652 0.659 0.695 0.769 0.791 0.803 0.826 0.834 0.859 0.882 0.904 0.933 0.968 1.007 1.013 1.021 1.021 1.027 1.031 1.175 0.007 1.786 1.785 1.785 1.785 1.777 1.772 1.772 1.77 1.77 1.773 1.773 1.771 1.771 1.768 1.767 1.766 1.762 1.76 1.76 1.758 1.76 1.757 1.762 1.757 1.757 1.499 1.475 1.455 1.45 1.445 1.445 1.445 1.445 1.445 1.447 1.448 1.457 1.457 1.457 1.474 1.493 1.507 1.753 1.754 1.754 1.757 1.759 1.761 1.761 1.761 1.764 1.767 1.767 1.767 1.767 1.752 1.685 1.581 1.581 1.581 1.582 1.586 1.586 1.591 1.592 1.592 1.592 1.593 1.602 1.602 1.603 1.608 1.613 1.615 1.616 1.686 1.819 1.82 1.827 1.828 1.829 1.838 1.839 1.845 1.853 1.855 1.857 1.864 1.864 1.855 1.864 1.874 1.882 1.884 1.886 1.893 1.902 1.904 1.906 1.913 1.914 1.929 1.934 1.938 1.946 1.951 1.957 1.96 1.96 1.96 1.457 1.45 1.436 1.415 1.399 1.399 1.386 1.375 1.373 1.365 1.363 1.356 1.355 1.353 1.351 1.35 1.347 1.346 1.345 1.339 1.339 1.339 1.351 1.351 1.352 1.352 1.354 1.354 1.354 0.706 0.619 0.615 0.612 0.598 0.589 0.58 0.578 0.576 0.575 0.574 0.574 0.568 0.566 0.561 0.559 0.559 0.555 0.552 0.552 0.547 0.547 0.547 0.555 0.557 0.557 0.566 0.566 0.566 0.556 0.562 0.562 0.562 0.578 0.583 0.585 0.587 0.589 0.598 0.598 0.598 0.598 0.602 0.611 0.639 0.641 0.644 0.658 0.667 0.672 0.676 0.678 0.688 0.69 0.696 0.698 0.707 0.711 0.718 0.726 0.736 0.738 0.74 0.752 0.764 0.765 0.778 0.79 0.798 0.813 0.817 0.822 0.826 0.847 0.851 0.865 0.871 0.884 0.893 0.9 0.921 0.923 0.937 0.937 0.937 0.752 0.684 0.682 0.672 0.671 0.664 0.659 0.659 0.657 0.654 0.641 0.641 0.641 0.641 0.641 0.64 0.64 0.639 0.639 0.639 0.639 0.634 0.634 0.632 0.632 0.631 0.631 0.627 0.629 0.627 0.629 0.629 0.629 0.629 0.63 0.63 0.632 0.63 0.633 0.643 0.643 0.643 0.644 0.644 0.644 0.645 0.645 0.651 0.654 0.659 0.66 0.667 0.679 0.686 0.692 1.858 1.859 1.86 1.86 1.86 1.86 1.86 1.86 1.86 1.861 1.861 1.865 1.865 1.861 1.864 1.861 1.861 1.864 1.867 1.867 1.867 1.867 1.867 1.872 1.873 1.876 1.876 1.879 1.88 1.883 1.883 1.884 1.885 1.886 1.888 1.889 1.89 1.898 1.899 1.903 1.903 1.903 1.903 1.905 1.907 1.914 1.914 1.916 1.923 1.926 1.928 1.929 1.932 1.941 1.946 1.948 1.954 1.957 1.959 1.959 1.964 1.97 1.976 1.977 1.977 1.982 1.99 1.992 1.993 1.997 2.005 2.006 2.008 2.013 2.021 2.028 2.028 2.045 
1 1 1 1 1 1 1 1 1 1 1 1 1 1 1 1 1 1 1 1 1 1 1 1 1 1 1 1 1 1 1 1 1 1 1 1 1 1 1 1 1 1 1 1 1 1 1 1 1 1 1 1 1 1 1 1 1 1 1 1 1 1 1 1 1 1 1 1 1 1 1 1 1 1 1 1 1 1 1 1 1 1 1 1 1 1 1 1 1 1 1 1 1 1 1 1 1 1 1 1 1 1 1 1 1 1 1 1 1 1 1 1 1 1 1 1 1 1 1 1 1 1 1 1 1 1 1 1 1 1 1 1 1 1 1 1 1 1 1 1 1 1 1 1 1 1 1 1 1 1 1 1 1 1 1 1 1 1 1 1 1 1 1 1 1 1 1 1 1 1 1 1 1 1 1 1 1 1 1 1 1 1 1 1 1 1 1 1 1 1 1 1 1 1 1 1 1 1 1 1 1 1 1 1 1 1 1 1 1 1 1 1 1 1 1 1 1 1 1 1 1 1 1 1 1 1 1 1 1 1 1 1 1 1 1 1 1 1 1 1 1 1 1 1 1 1 1 1 1 1 1 1 1 1 1 1 1 1 1 1 1 1 1 1 1 1 1 1 1 1 1 1 1 1 1 1 1 1 1 1 1 1 1 1 1 1 1 1 1 1 1 1 1 1 1 1 1 1 1 1 1 1 1 1 1 1 1 1 1 1 1 1 1 1 1 1 1 1 1 1 1 1 1 1 0 1 1 1 1 1 1 1 1 1 1 1 1 1 1 1 1 1 1 1 1 1 1 1 1 1 1 1 1 1 1 1 1 1 1 1 1 1 1 1 1 1 1 1 1 1 1 1 1 1 1 1 1 1 1 1 1 1 1 1 1 1 1 1 1 1 1 1 1 1 1 1 1 1 1 1 1 1 1 1 1 1 1 1 1 1 1 1 1 1 1 1 1 1 1 1 1 1 1 1 1 1 1 1 1 1 1 1 1 1 1 1 1 1 1 1 1 1 1 1 1 1 1 1 1 1 1 1 1 1 1 1 1 1 1 1 1 1 1 1 1 1 1 1 1 1 1 1 1 1 1 1 1 1 1 1 1 1 1 1 1 1 1 1 1 1 1 1 1 1 1 1 1 1 1 1 1 1 1 1 1 1 1 1 1 1 1 1 1 1 1 1 1 1 1 1 1 1 1 1 1 1 1 1 1 1 1 1 1 1 1 1 1 1 1 1 1 1 1 1 1 1 1 1 1 1 1 1 1 1 1 1 1 1 1 1 1 1 1 1 1 1 1 1 1 1 1 1 1 1 1 1 1 1 1 1 1 1 1 1 1 1 1 1 1 1 1 1 1 1 1 1 1 1 1 1 1 1 1 1 1 1 1 1 1 1 1 1 1 1 1 1 1 1 1 1 1 1 1 1 1 1 1 1 1 1 1 1 1 1 1 1 1 1 1 1 1 1 1 1 1 1 1 1 1 1 1 1 1 1 1 1 1 1 1 1 1 1 1 1 1 1 1 1 1 1 1 1 1 1 1 1 1 1 1 1 1 1 
