# This file contains a 2D laser scan observation. 
# Its format is: 
# [aperture] [max_range] [number_of_scans] 
# [vector_of_scans] 
# [vector_of_valid_scans] 
# The aperture of the sensor is in radians, the maximum range 
# and measurements are in meters. '1' means a valid scan, '0' otherwise.
4.1847
5.6
682
0.657 0.655 0.654 0.655 0.647 0.645 0.641 0.641 0.639 0.633 0.63 0.63 0.63 0.629 0.626 0.622 0.62 0.62 0.616 0.612 0.612 0.611 0.611 0.605 0.602 0.602 0.603 0.6 0.598 0.598 0.598 0.597 0.591 0.59 0.59 0.59 0.59 0.589 0.589 0.586 0.585 0.581 0.576 0.576 0.572 0.572 0.572 0.579 0.579 0.579 0.579 0.575 0.574 0.573 0.563 0.568 0.563 0.561 0.561 0.561 0.561 0.561 0.561 0.561 0.56 0.558 0.557 0.557 0.557 0.557 0.558 0.562 0.562 0.556 0.557 0.556 0.553 0.553 0.555 0.555 0.557 0.557 0.555 0.551 0.551 0.551 0.551 0.55 0.554 0.554 0.556 0.565 0.58 0.582 0.59 0.591 0.597 0.603 0.603 0.603 0.595 0.591 0.571 0.571 0.57 0.565 0.565 0.563 0.56 0.559 0.56 0.56 0.558 0.557 0.557 0.557 0.558 0.569 0.569 0.569 0.562 0.515 0.51 0.49 0.486 0.482 0.479 0.479 0.479 0.482 0.484 0.484 0.484 0.495 0.485 0.485 0.485 0.485 0.485 0.485 0.485 0.485 0.487 0.489 0.49 0.492 0.51 0.51 0.494 0.493 0.493 0.493 0.494 0.495 0.495 0.495 0.495 0.491 0.491 0.497 0.507 0.518 0.518 0.518 0.518 0.516 0.516 0.524 0.528 0.528 0.531 0.529 0.529 0.53 0.53 0.53 0.538 0.545 0.545 0.545 0.541 0.532 0.525 0.509 0.508 0.498 0.494 0.492 0.485 0.481 0.48 0.478 0.471 0.471 0.468 0.464 0.447 0.442 0.42 0.406 0.406 0.405 0.405 0.403 0.4 0.4 0.397 0.389 0.389 0.391 0.389 0.389 0.38 0.378 0.375 0.373 0.366 0.352 0.352 0.352 0.352 0.352 0.358 0.358 0.348 0.357 0.357 0.35 0.35 0.35 0.348 0.348 0.348 0.348 0.334 0.352 0.352 0.347 0.347 0.352 0.353 0.353 0.353 0.353 0.359 0.364 0.365 0.367 0.377 0.377 0.379 0.386 0.386 0.389 0.392 0.393 0.411 0.414 0.425 0.433 0.434 0.821 0.822 0.831 0.822 0.822 0.453 0.453 0.451 0.451 0.451 0.448 0.448 0.446 0.443 0.442 0.437 0.431 0.431 0.436 0.437 0.446 0.454 0.457 0.459 0.466 0.467 0.488 0.49 0.491 0.497 0.512 0.515 0.521 0.531 0.639 0.642 0.647 0.647 0.668 0.675 0.684 0.709 0.711 0.732 0.735 0.76 0.769 0.79 0.811 0.835 0.867 0.876 0.881 0.883 0.885 0.885 0.886 0.892 0.978 1.043 1.642 1.642 1.645 1.645 1.642 1.64 1.635 1.634 1.634 1.632 1.624 1.624 1.624 1.623 1.623 1.623 1.624 1.624 1.627 1.627 1.627 1.622 1.622 1.622 1.622 1.622 1.622 1.616 1.354 1.33 1.322 1.319 1.313 1.306 1.304 1.304 1.304 1.302 1.306 1.307 1.309 1.31 1.32 1.325 1.336 1.362 1.457 1.611 1.614 1.614 1.616 1.617 1.617 1.624 1.626 1.627 1.628 1.628 1.628 1.628 1.631 1.574 1.507 1.452 1.443 1.443 1.44 1.438 1.438 1.44 1.445 1.45 1.45 1.451 1.457 1.458 1.467 1.47 1.47 1.473 1.479 1.486 1.493 1.675 1.689 1.695 1.696 1.702 1.703 1.71 1.711 1.715 1.72 1.721 1.723 1.73 1.73 1.73 1.727 1.727 1.727 1.755 1.757 1.771 1.774 1.776 1.786 1.791 1.796 1.798 1.806 1.81 1.82 1.82 1.821 1.838 1.838 1.838 1.75 1.662 1.393 1.351 1.334 1.32 1.312 1.295 1.292 1.28 1.271 1.27 1.262 1.259 1.258 1.248 1.246 1.244 1.241 1.241 1.241 1.236 1.238 1.238 1.239 1.238 1.239 1.239 1.239 1.247 1.249 1.254 1.26 1.262 1.269 1.273 1.275 1.295 1.311 1.321 1.329 2.262 2.262 2.262 2.255 2.232 2.175 2.112 2.108 2.108 2.078 2.078 0.535 0.533 0.528 0.522 0.521 0.521 0.52 0.501 0.494 0.494 0.492 0.492 0.487 0.486 0.486 0.484 0.484 0.484 0.484 0.484 0.481 0.48 0.477 0.474 0.473 0.474 0.474 0.475 0.475 0.475 0.475 0.475 0.478 0.482 0.489 0.489 0.489 0.489 0.494 0.5 0.503 0.515 0.517 0.518 0.519 0.518 0.518 0.529 0.544 0.568 0.582 0.601 0.601 0.617 0.624 0.624 0.633 0.643 0.661 0.664 0.671 0.69 0.695 0.701 0.715 0.716 0.749 0.757 0.771 0.783 0.8 0.813 0.827 0.84 0.873 0.88 0.889 0.922 0.938 0.954 0.97 0.981 1.017 1.028 1.129 1.129 1.129 0.68 0.67 0.668 0.658 0.65 0.649 0.644 0.639 0.639 0.639 0.636 0.635 0.63 0.629 0.624 0.624 0.624 0.624 0.624 0.619 0.618 0.618 0.623 0.615 0.614 0.623 0.621 0.618 0.621 0.622 0.621 0.618 0.622 0.618 0.618 0.622 0.626 0.626 0.626 0.627 0.628 0.628 0.635 0.638 0.638 0.643 0.645 0.649 0.651 0.655 0.655 0.662 0.673 0.682 0.72 1.877 1.892 1.901 1.901 1.901 1.903 1.905 1.905 1.908 1.909 1.911 1.915 1.917 1.919 1.922 1.923 1.927 1.928 1.933 1.933 1.935 1.937 1.937 1.944 1.947 1.95 1.954 1.958 1.96 1.965 1.984 1.984 1.984 1.988 1.989 1.997 2.001 2.007 2.011 2.014 2.018 2.02 2.021 2.027 2.038 2.047 2.051 2.06 2.062 
1 1 1 1 1 1 1 1 1 1 1 1 1 1 1 1 1 1 1 1 1 1 1 1 1 1 1 1 1 1 1 1 1 1 1 1 1 1 1 1 1 1 1 1 1 1 1 1 1 1 1 1 1 1 1 1 1 1 1 1 1 1 1 1 1 1 1 1 1 1 1 1 1 1 1 1 1 1 1 1 1 1 1 1 1 1 1 1 1 1 1 1 1 1 1 1 1 1 1 1 1 1 1 1 1 1 1 1 1 1 1 1 1 1 1 1 1 1 1 1 1 1 1 1 1 1 1 1 1 1 1 1 1 1 1 1 1 1 1 1 1 1 1 1 1 1 1 1 1 1 1 1 1 1 1 1 1 1 1 1 1 1 1 1 1 1 1 1 1 1 1 1 1 1 1 1 1 1 1 1 1 1 1 1 1 1 1 1 1 1 1 1 1 1 1 1 1 1 1 1 1 1 1 1 1 1 1 1 1 1 1 1 1 1 1 1 1 1 1 1 1 1 1 1 1 1 1 1 1 1 1 1 1 1 1 1 1 1 1 1 1 1 1 1 1 1 1 1 1 1 1 1 1 1 1 1 1 1 1 1 1 1 1 1 1 1 1 1 1 1 1 1 1 1 1 1 1 1 1 1 1 1 1 1 1 1 1 1 1 1 1 1 1 1 1 1 1 1 1 1 1 1 1 1 1 1 1 1 1 1 1 1 1 1 1 1 1 1 1 1 1 1 1 1 1 1 1 1 1 1 1 1 1 1 1 1 1 1 1 1 1 1 1 1 1 1 1 1 1 1 1 1 1 1 1 1 1 1 1 1 1 1 1 1 1 1 1 1 1 1 1 1 1 1 1 1 1 1 1 1 1 1 1 1 1 1 1 1 1 1 1 1 1 1 1 1 1 1 1 1 1 1 1 1 1 1 1 1 1 1 1 1 1 1 1 1 1 1 1 1 1 1 1 1 1 1 1 1 1 1 1 1 1 1 1 1 1 1 1 1 1 1 1 1 1 1 1 1 1 1 1 1 1 1 1 1 1 1 1 1 1 1 1 1 1 1 1 1 1 1 1 1 1 1 1 1 1 1 1 1 1 1 1 1 1 1 1 1 1 1 1 1 1 1 1 1 1 1 1 1 1 1 1 1 1 1 1 1 1 1 1 1 1 1 1 1 1 1 1 1 1 1 1 1 1 1 1 1 1 1 1 1 1 1 1 1 1 1 1 1 1 1 1 1 1 1 1 1 1 1 1 1 1 1 1 1 1 1 1 1 1 1 1 1 1 1 1 1 1 1 1 1 1 1 1 1 1 1 1 1 1 1 1 1 1 1 1 1 1 1 1 1 1 1 1 1 1 1 1 1 1 1 1 1 1 1 1 1 1 1 1 1 1 1 1 1 1 1 1 1 1 1 1 1 1 1 1 1 1 1 1 1 1 1 1 1 1 1 1 1 1 1 1 1 1 1 1 1 1 1 1 1 1 1 1 1 1 1 1 1 1 1 1 1 1 1 1 1 1 1 1 1 1 1 1 1 1 1 1 1 1 1 
