# This file contains a 2D laser scan observation. 
# Its format is: 
# [aperture] [max_range] [number_of_scans] 
# [vector_of_scans] 
# [vector_of_valid_scans] 
# The aperture of the sensor is in radians, the maximum range 
# and measurements are in meters. '1' means a valid scan, '0' otherwise.
4.1847
5.6
682
0.546 0.55 0.55 0.553 0.553 0.545 0.545 0.546 0.544 0.543 0.542 0.542 0.541 0.537 0.527 0.524 0.524 0.524 0.525 0.526 0.526 0.526 0.531 0.538 0.538 0.538 0.538 0.513 0.333 0.287 0.277 0.276 0.276 0.275 0.273 0.275 0.276 0.277 0.277 0.277 0.275 0.275 0.273 0.275 0.275 0.275 0.277 0.281 0.281 0.275 0.28 0.28 0.28 0.288 0.292 0.293 0.295 0.301 0.308 0.312 0.327 0.335 0.335 0.335 0.329 0.326 0.315 0.309 0.309 0.304 0.304 0.273 0.267 0.263 0.263 0.263 0.271 0.271 0.288 0.293 0.293 0.293 0.29 0.288 0.288 0.288 0.282 0.288 0.288 0.282 0.28 0.282 0.282 0.289 0.293 0.295 0.297 0.297 0.297 0.298 0.421 0.421 0.421 0.283 0.268 0.26 0.253 0.25 0.25 0.248 0.247 0.248 0.247 0.246 0.246 0.245 0.245 0.245 0.25 0.25 0.253 0.253 0.253 0.255 0.255 0.253 0.255 0.253 0.253 0.254 0.255 0.255 0.255 0.255 0.256 0.256 0.255 0.256 0.256 0.264 0.265 0.265 0.265 0.268 0.265 0.268 0.272 0.272 0.272 0.273 0.275 0.278 0.278 0.279 0.279 0.277 0.277 0.279 0.277 0.279 0.281 0.282 0.282 0.283 0.291 0.291 0.291 0.289 0.286 0.284 0.286 0.287 0.286 0.287 0.289 0.291 0.313 0.32 0.335 0.336 0.338 0.343 0.344 0.35 0.351 0.357 0.364 0.372 0.376 0.381 0.398 0.399 0.421 0.43 0.46 0.467 0.47 0.512 0.52 0.545 0.565 0.606 0.611 0.629 0.655 0.673 0.694 0.719 0.719 0.719 0.72 0.72 0.718 0.716 0.716 0.715 0.711 0.7 0.7 0.7 0.698 0.679 0.679 0.637 0.627 0.604 0.583 0.583 0.583 0.588 0.604 0.604 0.604 0.574 0.559 0.559 0.559 0.565 0.566 0.571 0.572 0.576 0.576 0.579 0.593 0.596 0.6 0.606 0.626 0.626 0.63 0.63 0.626 0.625 0.626 0.626 0.644 0.655 0.674 0.684 0.692 0.699 0.718 0.74 1.364 1.372 1.372 1.372 1.372 1.364 1.363 1.357 1.357 1.351 1.348 1.345 1.345 1.343 1.341 1.336 1.332 1.332 1.33 1.328 1.323 1.323 1.323 1.321 1.314 1.314 1.314 1.314 1.314 1.314 1.309 1.308 1.308 1.308 1.308 1.308 1.302 1.302 1.298 1.298 1.298 1.298 1.298 1.022 1.019 1.013 1 0.998 0.998 0.998 0.998 0.995 0.995 0.992 0.992 0.992 0.996 0.999 0.999 1.003 1.003 1.004 1.01 1.013 1.031 1.064 1.286 1.295 1.303 1.303 1.303 1.298 1.304 1.298 1.295 1.295 1.3 1.3 1.303 1.307 1.31 1.31 1.307 1.277 1.221 1.191 1.15 1.139 1.136 1.133 1.133 1.133 1.125 1.133 1.134 1.134 1.134 1.134 1.135 1.135 1.137 1.142 1.146 1.146 1.153 1.16 1.163 1.165 1.165 1.166 1.17 1.174 1.273 1.377 1.38 1.38 1.383 1.39 1.39 1.393 1.395 1.4 1.405 1.408 1.412 1.418 1.42 1.425 1.425 1.42 1.402 1.402 1.402 1.443 1.453 1.46 1.463 1.466 1.467 1.477 1.483 1.488 1.494 1.506 1.506 1.516 1.517 1.526 1.531 1.539 1.539 1.547 1.547 1.547 1.399 1.362 1.36 1.36 1.356 1.356 1.094 1.071 1.052 1.045 1.036 1.026 1.024 1.021 1.017 1.016 1.003 1.001 0.998 0.988 0.985 0.985 0.983 0.983 0.979 0.979 0.979 0.979 0.977 0.973 0.973 0.973 0.972 0.972 0.97 0.966 0.97 0.976 0.974 0.978 0.984 0.984 0.984 0.988 0.993 0.998 1.005 1.013 1.015 1.023 1.039 1.041 1.074 1.825 1.825 1.825 1.818 1.813 1.804 1.797 1.791 1.779 1.777 1.769 1.758 1.752 1.749 1.746 1.74 1.733 1.723 1.718 1.708 1.708 1.705 1.703 1.697 1.686 1.678 1.672 1.67 1.654 1.652 1.65 1.648 1.648 1.628 1.628 1.623 1.623 1.616 1.613 1.613 1.537 1.456 1.454 1.45 1.45 1.45 1.438 1.435 1.427 1.426 1.425 1.421 1.419 1.416 1.412 1.412 1.409 1.406 1.404 1.397 1.397 1.393 1.393 1.388 1.386 1.383 1.378 1.377 1.377 1.373 1.369 1.369 1.374 1.369 1.369 1.364 1.364 1.357 1.352 0.376 0.374 0.367 0.367 0.362 0.367 0.37 0.37 0.367 0.367 0.367 0.367 0.377 0.378 0.379 0.379 0.379 0.378 0.355 0.351 0.351 0.351 0.384 0.39 0.39 0.384 0.37 0.365 0.365 0.37 0.365 0.373 0.373 0.365 0.362 0.356 0.356 0.355 0.355 0.355 0.355 0.353 0.354 0.354 0.353 0.353 0.353 0.352 0.352 0.351 0.351 0.356 0.356 0.356 0.357 0.357 0.357 0.361 0.371 1.858 0 0.007 1.858 0.695 0.682 0.673 0.666 0.662 0.657 0.652 0.646 0.646 0.641 0.641 0.643 0.64 0.639 0.632 0.632 0.631 0.632 0.632 0.629 0.629 0.629 0.626 0.626 0.626 0.624 0.624 0.624 0.624 0.624 0.623 0.623 0.623 0.623 0.622 0.623 0.623 0.623 0.625 0.635 0.636 0.642 0.642 0.645 0.644 0.644 0.649 0.652 0.655 0.658 0.663 0.67 0.68 0.698 2.151 2.157 2.17 2.17 2.176 2.18 2.184 2.202 0 0 0 2.264 2.264 2.264 2.271 
1 1 1 1 1 1 1 1 1 1 1 1 1 1 1 1 1 1 1 1 1 1 1 1 1 1 1 1 1 1 1 1 1 1 1 1 1 1 1 1 1 1 1 1 1 1 1 1 1 1 1 1 1 1 1 1 1 1 1 1 1 1 1 1 1 1 1 1 1 1 1 1 1 1 1 1 1 1 1 1 1 1 1 1 1 1 1 1 1 1 1 1 1 1 1 1 1 1 1 1 1 1 1 1 1 1 1 1 1 1 1 1 1 1 1 1 1 1 1 1 1 1 1 1 1 1 1 1 1 1 1 1 1 1 1 1 1 1 1 1 1 1 1 1 1 1 1 1 1 1 1 1 1 1 1 1 1 1 1 1 1 1 1 1 1 1 1 1 1 1 1 1 1 1 1 1 1 1 1 1 1 1 1 1 1 1 1 1 1 1 1 1 1 1 1 1 1 1 1 1 1 1 1 1 1 1 1 1 1 1 1 1 1 1 1 1 1 1 1 1 1 1 1 1 1 1 1 1 1 1 1 1 1 1 1 1 1 1 1 1 1 1 1 1 1 1 1 1 1 1 1 1 1 1 1 1 1 1 1 1 1 1 1 1 1 1 1 1 1 1 1 1 1 1 1 1 1 1 1 1 1 1 1 1 1 1 1 1 1 1 1 1 1 1 1 1 1 1 1 1 1 1 1 1 1 1 1 1 1 1 1 1 1 1 1 1 1 1 1 1 1 1 1 1 1 1 1 1 1 1 1 1 1 1 1 1 1 1 1 1 1 1 1 1 1 1 1 1 1 1 1 1 1 1 1 1 1 1 1 1 1 1 1 1 1 1 1 1 1 1 1 1 1 1 1 1 1 1 1 1 1 1 1 1 1 1 1 1 1 1 1 1 1 1 1 1 1 1 1 1 1 1 1 1 1 1 1 1 1 1 1 1 1 1 1 1 1 1 1 1 1 1 1 1 1 1 1 1 1 1 1 1 1 1 1 1 1 1 1 1 1 1 1 1 1 1 1 1 1 1 1 1 1 1 1 1 1 1 1 1 1 1 1 1 1 1 1 1 1 1 1 1 1 1 1 1 1 1 1 1 1 1 1 1 1 1 1 1 1 1 1 1 1 1 1 1 1 1 1 1 1 1 1 1 1 1 1 1 1 1 1 1 1 1 1 1 1 1 1 1 1 1 1 1 1 1 1 1 1 1 1 1 1 1 1 1 1 1 1 1 1 1 1 1 1 1 1 1 1 1 1 1 1 1 1 1 1 1 1 1 1 1 1 1 1 1 1 1 1 1 1 1 1 1 1 1 1 1 1 1 1 1 1 1 1 1 1 1 1 1 1 1 1 1 1 1 1 1 1 1 1 1 1 1 1 1 1 1 1 1 0 0 1 1 1 1 1 1 1 1 1 1 1 1 1 1 1 1 1 1 1 1 1 1 1 1 1 1 1 1 1 1 1 1 1 1 1 1 1 1 1 1 1 1 1 1 1 1 1 1 1 1 1 1 1 1 1 1 1 1 1 1 1 1 1 0 0 0 1 1 1 1 
