# This file contains a 2D laser scan observation. 
# Its format is: 
# [aperture] [max_range] [number_of_scans] 
# [vector_of_scans] 
# [vector_of_valid_scans] 
# The aperture of the sensor is in radians, the maximum range 
# and measurements are in meters. '1' means a valid scan, '0' otherwise.
4.1847
5.6
682
0.353 0.349 0.346 0.349 0.346 0.346 0.322 0.302 0.3 0.297 0.297 0.3 0.295 0.295 0.296 0.296 0.295 0.296 0.296 0.296 0.295 0.295 0.294 0.292 0.292 0.292 0.297 0.297 0.297 0.293 0.293 0.293 0.293 0.293 0.294 0.306 0.322 0.335 0.346 0.346 0.352 0.352 0.35 0.341 0.35 0.341 0.34 0.315 0.315 0.314 0.313 0.299 0.296 0.294 0.294 0.292 0.292 0.292 0.291 0.293 0.293 0.295 0.295 0.297 0.295 0.294 0.294 0.292 0.291 0.289 0.287 0.282 0.282 0.284 0.284 0.284 0.284 0.284 0.289 0.288 0.288 0.28 0.284 0.284 0.283 0.284 0.284 0.289 0.289 0.289 0.289 0.289 0.288 0.29 0.29 0.288 0.288 0.299 0.299 0.301 0.301 0.301 0.3 0.296 0.296 0.298 0.3 0.306 0.306 0.306 0.307 0.309 0.309 0.313 0.313 0.311 0.311 0.309 0.309 0.311 0.315 0.32 0.321 0.321 0.324 0.321 0.324 0.324 0.331 0.331 0.332 0.338 0.339 0.342 0.342 0.348 0.357 0.361 0.368 0.372 0.393 0.406 0.432 0.442 0.46 0.47 0.485 0.491 0.496 0.497 0.5 0.5 0.519 0.524 0.532 0.538 0.545 0.556 0.6 0.6 0.601 0.616 0.625 0.661 0.677 0.681 0.682 0.682 0.682 0.681 0.679 0.678 0.678 0.679 0.679 0.677 0.642 0.619 0.603 0.602 0.602 0.593 0.593 0.592 0.592 0.593 0.593 0.593 0.593 0.593 0.59 0.59 0.566 0.534 0.529 0.529 0.531 0.529 0.527 0.531 0.526 0.524 0.524 0.519 0.516 0.516 0.519 0.528 0.55 0.55 0.556 0.572 0.58 0.585 0.585 0.591 0.599 0.601 0.609 0.612 1.128 1.146 1.165 1.165 1.173 1.19 1.204 1.224 1.235 1.269 1.27 1.274 1.274 1.274 1.271 1.267 1.263 1.261 1.247 1.241 1.241 1.241 1.24 1.24 1.24 1.224 1.224 1.224 1.223 1.223 1.212 1.212 1.211 1.206 1.206 1.205 1.204 1.196 1.196 1.196 1.195 1.195 1.19 1.187 1.187 1.181 1.181 1.18 1.179 1.179 1.179 1.178 1.176 1.174 1.174 1.171 1.168 0.896 0.891 0.882 0.877 0.873 0.872 0.873 0.871 0.867 0.867 0.859 0.859 0.859 0.859 0.859 0.861 0.861 0.862 0.864 0.865 0.87 0.874 0.874 0.879 0.894 0.898 0.935 0.999 1.156 1.16 1.16 1.16 1.16 1.16 1.159 1.158 1.157 1.157 1.159 1.16 1.163 1.165 1.17 1.171 1.171 1.171 1.17 1.13 1.078 1.052 1.008 0.993 0.986 0.978 0.978 0.978 0.981 0.982 0.986 0.988 0.988 0.988 0.988 0.993 0.993 0.998 0.998 0.999 0.999 0.999 1.004 1.004 1.004 1.014 1.016 1.016 1.02 1.025 1.028 1.029 1.119 1.221 1.227 1.231 1.232 1.233 1.241 1.241 1.246 1.251 1.252 1.256 1.258 1.259 1.262 1.262 1.27 1.275 1.275 1.275 1.239 1.239 1.239 1.288 1.304 1.311 1.314 1.315 1.325 1.325 1.332 1.332 1.336 1.341 1.341 1.354 1.356 1.368 1.374 1.377 1.385 1.392 1.393 1.394 1.407 1.407 1.407 1.228 1.224 1.214 1.214 1.213 1.212 1.035 0.976 0.949 0.93 0.921 0.916 0.909 0.907 0.898 0.892 0.891 0.888 0.882 0.864 0.864 0.864 0.864 0.864 0.858 0.857 0.856 0.855 0.855 0.855 0.855 0.855 0.855 0.848 0.848 0.848 0.848 0.848 0.846 0.843 0.845 0.845 0.846 0.851 0.852 0.855 0.855 0.861 0.865 0.868 0.868 0.87 0.871 0.877 0.879 0.879 0.887 0.892 0.907 0.918 0.932 0.964 1.661 1.669 1.669 1.661 1.655 1.647 1.639 1.635 1.635 1.634 1.633 1.617 1.609 1.604 1.599 1.597 1.589 1.589 1.586 1.581 1.581 1.565 1.565 1.564 1.563 1.558 1.555 1.549 1.548 1.542 1.537 1.529 1.523 1.519 1.519 1.517 1.517 1.514 1.502 1.416 1.361 1.356 1.356 1.354 1.348 1.349 1.348 1.343 1.333 1.333 1.329 1.329 1.326 1.326 1.325 1.324 1.323 1.323 1.323 1.315 1.315 1.31 1.308 1.307 1.306 1.306 1.306 1.306 1.308 1.308 1.308 1.298 1.299 1.298 1.298 1.298 1.298 1.297 1.297 1.297 1.297 1.299 1.302 1.302 1.302 1.302 1.299 1.295 1.294 1.294 1.291 1.295 1.295 1.295 1.295 1.295 1.295 1.299 1.299 1.301 1.317 1.317 1.317 1.29 1.29 1.28 1.279 1.273 1.245 1.155 1.054 0.878 0.771 0.694 0.615 0.58 0.554 0.536 0.516 0.488 0.406 0.398 0.396 0.39 0.38 0.375 0.371 0.358 0.347 0.337 0.333 0.332 0.332 0.332 0.332 0.329 0.333 0.333 0.328 0.317 0.317 0.317 0.317 0.319 0.323 0.324 0.324 0.325 0.325 0.326 0.327 0.329 0.329 0.329 0.331 0.331 0.327 0.327 0.325 0.325 0.325 0.325 0.325 0.326 0.326 0.326 0.33 0.327 0.327 0.327 0.33 0.331 0.331 0.331 0.335 0.339 0.339 0.345 0.345 0.345 0.349 0.354 0.354 0.356 0.357 0.358 0.358 0.361 0.362 0.364 0.372 0.577 0.634 0.647 0.647 0.652 0.658 0.658 0.655 0.659 0.66 0.66 0.664 0.673 0.674 0.675 0.677 0.678 0.679 0.685 0.691 0.695 0.7 2.422 2.435 2.454 
1 1 1 1 1 1 1 1 1 1 1 1 1 1 1 1 1 1 1 1 1 1 1 1 1 1 1 1 1 1 1 1 1 1 1 1 1 1 1 1 1 1 1 1 1 1 1 1 1 1 1 1 1 1 1 1 1 1 1 1 1 1 1 1 1 1 1 1 1 1 1 1 1 1 1 1 1 1 1 1 1 1 1 1 1 1 1 1 1 1 1 1 1 1 1 1 1 1 1 1 1 1 1 1 1 1 1 1 1 1 1 1 1 1 1 1 1 1 1 1 1 1 1 1 1 1 1 1 1 1 1 1 1 1 1 1 1 1 1 1 1 1 1 1 1 1 1 1 1 1 1 1 1 1 1 1 1 1 1 1 1 1 1 1 1 1 1 1 1 1 1 1 1 1 1 1 1 1 1 1 1 1 1 1 1 1 1 1 1 1 1 1 1 1 1 1 1 1 1 1 1 1 1 1 1 1 1 1 1 1 1 1 1 1 1 1 1 1 1 1 1 1 1 1 1 1 1 1 1 1 1 1 1 1 1 1 1 1 1 1 1 1 1 1 1 1 1 1 1 1 1 1 1 1 1 1 1 1 1 1 1 1 1 1 1 1 1 1 1 1 1 1 1 1 1 1 1 1 1 1 1 1 1 1 1 1 1 1 1 1 1 1 1 1 1 1 1 1 1 1 1 1 1 1 1 1 1 1 1 1 1 1 1 1 1 1 1 1 1 1 1 1 1 1 1 1 1 1 1 1 1 1 1 1 1 1 1 1 1 1 1 1 1 1 1 1 1 1 1 1 1 1 1 1 1 1 1 1 1 1 1 1 1 1 1 1 1 1 1 1 1 1 1 1 1 1 1 1 1 1 1 1 1 1 1 1 1 1 1 1 1 1 1 1 1 1 1 1 1 1 1 1 1 1 1 1 1 1 1 1 1 1 1 1 1 1 1 1 1 1 1 1 1 1 1 1 1 1 1 1 1 1 1 1 1 1 1 1 1 1 1 1 1 1 1 1 1 1 1 1 1 1 1 1 1 1 1 1 1 1 1 1 1 1 1 1 1 1 1 1 1 1 1 1 1 1 1 1 1 1 1 1 1 1 1 1 1 1 1 1 1 1 1 1 1 1 1 1 1 1 1 1 1 1 1 1 1 1 1 1 1 1 1 1 1 1 1 1 1 1 1 1 1 1 1 1 1 1 1 1 1 1 1 1 1 1 1 1 1 1 1 1 1 1 1 1 1 1 1 1 1 1 1 1 1 1 1 1 1 1 1 1 1 1 1 1 1 1 1 1 1 1 1 1 1 1 1 1 1 1 1 1 1 1 1 1 1 1 1 1 1 1 1 1 1 1 1 1 1 1 1 1 1 1 1 1 1 1 1 1 1 1 1 1 1 1 1 1 1 1 1 1 1 1 1 1 1 1 1 1 1 1 1 1 1 1 1 1 1 1 1 1 1 1 1 1 1 1 1 1 1 1 1 1 1 1 1 1 1 1 1 1 1 1 1 1 1 1 1 1 1 1 1 1 1 1 1 1 1 1 1 1 
