# This file contains a 2D laser scan observation. 
# Its format is: 
# [aperture] [max_range] [number_of_scans] 
# [vector_of_scans] 
# [vector_of_valid_scans] 
# The aperture of the sensor is in radians, the maximum range 
# and measurements are in meters. '1' means a valid scan, '0' otherwise.
4.1847
5.6
682
0.601 0.605 0.608 0.61 0.608 0.608 0.612 0.608 0.608 0.613 0.613 0.615 0.617 0.618 0.792 0.849 0.855 0.855 0.856 0.859 0.859 0.859 0.849 0.805 0.805 0.805 0.805 0.812 0.816 0.816 0.816 0.829 0.829 0.829 0.81 0.81 0.81 0.814 0.817 0.821 0.835 0.859 0.862 0.867 0.881 0.908 0.908 0.91 0.91 0.915 0.919 0.921 0.93 0.931 0.931 0.931 0.933 0.938 0.942 0.95 0.95 0.95 0.95 0.955 0.96 0.965 0.968 0.97 0.97 0.975 0.985 0.985 0.991 0.998 1.004 1.004 1.006 1.012 1.018 1.022 1.029 1.032 1.036 1.04 1.045 1.05 1.055 1.064 1.068 1.071 1.079 1.085 1.088 1.098 1.102 1.111 1.111 1.111 1.105 1.084 1.084 1.08 1.066 1.065 1.058 1.056 1.042 1.04 1.027 1.026 1.024 1.01 1 0.994 0.96 0.61 0.606 0.601 0.595 0.59 0.589 0.588 0.586 0.586 0.58 0.58 0.578 0.578 0.578 0.578 0.577 0.577 0.577 0.577 0.577 0.576 0.578 0.578 0.578 0.578 0.579 0.58 0.58 0.585 0.586 0.586 0.586 0.588 0.592 0.592 0.596 0.599 0.602 0.615 0.615 0.617 0.62 0.624 0.631 0.641 0.809 0.829 0.829 0.829 0.823 0.819 0.815 0.815 0.811 0.811 0.811 0.809 0.809 0.809 0.807 0.807 0.801 0.801 0.8 0.795 0.795 0.795 0.788 0.788 0.788 0.788 0.788 0.788 0.786 0.784 0.784 0.784 0.782 0.773 0.77 0.665 0.59 0.588 0.584 0.585 0.584 0.582 0.58 0.582 0.582 0.582 0.582 0.587 0.587 0.587 0.587 0.587 0.586 0.586 0.586 0.585 0.585 0.585 0.585 0.585 0.586 0.585 0.586 0.584 0.584 0.584 0.584 0.584 0.582 0.582 0.582 0.585 0.585 0.589 0.589 0.589 0.588 0.588 0.586 0.583 0.583 0.583 0.583 0.583 0.584 0.584 0.588 0.588 0.604 0.761 0.761 0.762 0.767 0.767 0.767 0.769 0.769 0.771 0.771 0.771 0.772 0.772 0.772 0.772 0.772 0.772 0.772 0.775 0.775 0.777 0.779 0.779 0.782 0.782 0.784 0.781 0.789 0.786 0.788 0.788 0.792 0.796 0.796 0.798 0.804 0.804 0.804 0.802 0.797 0.782 0.732 0.732 0.732 0.806 0.813 0.814 0.818 0.818 0.818 0.821 0.827 0.827 0.829 0.833 0.837 0.837 0.838 0.838 0.841 0.844 0.847 0.85 0.851 0.852 0.857 0.866 0.866 0.866 0.869 0.871 0.873 0.877 0.887 0.887 0.887 0.887 0.895 0.897 0.898 0.904 0.906 0.909 0.914 0.914 0.906 0.721 0.716 0.714 0.714 0.707 0.702 0.7 0.693 0.686 0.685 0.681 0.669 0.658 0.526 0.495 0.485 0.475 0.474 0.473 0.463 0.458 0.456 0.455 0.453 0.452 0.446 0.443 0.439 0.438 0.431 0.431 0.43 0.43 0.428 0.428 0.425 0.423 0.419 0.418 0.416 0.416 0.416 0.416 0.415 0.414 0.414 0.412 0.409 0.409 0.409 0.407 0.407 0.407 0.407 0.406 0.406 0.406 0.403 0.4 0.399 0.399 0.393 0.393 0.393 0.396 0.396 0.399 0.399 0.399 0.399 0.399 0.399 0.399 0.4 0.4 0.4 0.401 0.4 0.396 0.396 0.398 0.396 0.398 0.398 0.405 0.405 0.405 0.399 0.405 0.399 0.399 0.409 0.409 0.409 0.413 0.414 0.414 0.414 0.415 0.415 0.416 0.422 0.424 0.425 0.426 0.429 0.43 0.43 0.431 0.439 0.446 0.448 0.449 0.45 0.463 0.466 0.477 0.548 1.141 1.151 1.154 1.156 1.154 1.153 1.153 1.15 1.144 1.145 1.144 1.145 1.144 1.143 1.143 1.143 1.143 1.143 1.146 1.14 1.14 1.14 1.144 1.144 1.473 1.476 1.476 1.473 1.473 1.461 1.451 1.016 1.012 1.012 1.016 1.016 1.018 1.018 1.016 1.016 1.016 1.015 1.014 1.01 1.01 1.01 1.01 1.01 1.011 1.01 1.011 1.011 1.007 1.007 1.01 1.01 1.01 1.013 1.013 1.014 1.015 1.015 1.02 1.022 1.022 1.022 1.025 1.026 1.026 1.026 1.026 1.028 1.03 1.031 1.031 1.031 1.034 1.035 1.036 1.041 1.043 1.043 1.044 1.046 1.047 1.05 1.054 1.055 1.058 1.061 1.063 1.065 1.065 1.067 1.07 1.07 1.071 1.074 1.075 1.085 1.089 1.094 1.095 1.1 1.1 1.101 1.113 1.113 1.113 1.089 1.076 1.065 1.062 1.041 1.031 1.013 1.008 0.992 0.984 0.968 0.963 0.951 0.941 0.93 0.922 0.912 0.896 0.882 0.88 0.875 0.867 0.86 0.857 0.852 0.838 0.833 0.831 0.821 0.812 0.806 0.806 0.796 0.789 0.777 0.777 0.771 0.769 0.766 0.755 0.743 0.741 0.741 0.731 0.728 0.727 0.717 0.716 0.715 0.713 0.707 0.698 0.696 0.689 0.685 0.682 0.68 0.678 0.676 0.673 0.665 0.657 0.656 0.65 0.648 0.64 0.639 0.639 0.639 0.639 0.632 0.632 0.625 0.624 0.62 0.617 0.616 0.605 0.605 0.603 0.599 0.599 0.597 0.596 0.596 0.594 0.591 0.59 0.588 0.579 0.579 0.575 0.574 0.571 0.571 0.569 0.568 0.563 0.563 0.56 0.563 0.56 0.559 0.556 0.556 0.555 0.55 0.547 0.547 0.546 0.546 0.546 0.546 0.54 0.539 0.539 0.536 0.536 0.536 0.536 
1 1 1 1 1 1 1 1 1 1 1 1 1 1 1 1 1 1 1 1 1 1 1 1 1 1 1 1 1 1 1 1 1 1 1 1 1 1 1 1 1 1 1 1 1 1 1 1 1 1 1 1 1 1 1 1 1 1 1 1 1 1 1 1 1 1 1 1 1 1 1 1 1 1 1 1 1 1 1 1 1 1 1 1 1 1 1 1 1 1 1 1 1 1 1 1 1 1 1 1 1 1 1 1 1 1 1 1 1 1 1 1 1 1 1 1 1 1 1 1 1 1 1 1 1 1 1 1 1 1 1 1 1 1 1 1 1 1 1 1 1 1 1 1 1 1 1 1 1 1 1 1 1 1 1 1 1 1 1 1 1 1 1 1 1 1 1 1 1 1 1 1 1 1 1 1 1 1 1 1 1 1 1 1 1 1 1 1 1 1 1 1 1 1 1 1 1 1 1 1 1 1 1 1 1 1 1 1 1 1 1 1 1 1 1 1 1 1 1 1 1 1 1 1 1 1 1 1 1 1 1 1 1 1 1 1 1 1 1 1 1 1 1 1 1 1 1 1 1 1 1 1 1 1 1 1 1 1 1 1 1 1 1 1 1 1 1 1 1 1 1 1 1 1 1 1 1 1 1 1 1 1 1 1 1 1 1 1 1 1 1 1 1 1 1 1 1 1 1 1 1 1 1 1 1 1 1 1 1 1 1 1 1 1 1 1 1 1 1 1 1 1 1 1 1 1 1 1 1 1 1 1 1 1 1 1 1 1 1 1 1 1 1 1 1 1 1 1 1 1 1 1 1 1 1 1 1 1 1 1 1 1 1 1 1 1 1 1 1 1 1 1 1 1 1 1 1 1 1 1 1 1 1 1 1 1 1 1 1 1 1 1 1 1 1 1 1 1 1 1 1 1 1 1 1 1 1 1 1 1 1 1 1 1 1 1 1 1 1 1 1 1 1 1 1 1 1 1 1 1 1 1 1 1 1 1 1 1 1 1 1 1 1 1 1 1 1 1 1 1 1 1 1 1 1 1 1 1 1 1 1 1 1 1 1 1 1 1 1 1 1 1 1 1 1 1 1 1 1 1 1 1 1 1 1 1 1 1 1 1 1 1 1 1 1 1 1 1 1 1 1 1 1 1 1 1 1 1 1 1 1 1 1 1 1 1 1 1 1 1 1 1 1 1 1 1 1 1 1 1 1 1 1 1 1 1 1 1 1 1 1 1 1 1 1 1 1 1 1 1 1 1 1 1 1 1 1 1 1 1 1 1 1 1 1 1 1 1 1 1 1 1 1 1 1 1 1 1 1 1 1 1 1 1 1 1 1 1 1 1 1 1 1 1 1 1 1 1 1 1 1 1 1 1 1 1 1 1 1 1 1 1 1 1 1 1 1 1 1 1 1 1 1 1 1 1 1 1 1 1 1 1 1 1 1 1 1 1 1 1 1 1 1 1 1 1 1 1 1 1 1 1 1 1 1 1 1 1 1 1 1 1 1 1 1 1 1 1 1 1 1 1 1 1 1 1 1 1 1 1 1 1 
