# This file contains a 2D laser scan observation. 
# Its format is: 
# [aperture] [max_range] [number_of_scans] 
# [vector_of_scans] 
# [vector_of_valid_scans] 
# The aperture of the sensor is in radians, the maximum range 
# and measurements are in meters. '1' means a valid scan, '0' otherwise.
4.1847
5.6
682
0.871 0.86 0.856 0.856 0.856 0.862 0.864 0.869 0.895 0.906 0.91 0.936 0.948 0.95 0.95 0.956 0.956 0.966 0.959 0.967 0.967 0.968 0.971 0.977 0.981 0.984 0.984 0.986 0.988 0.988 0.997 0.999 0.999 1.004 1.013 1.016 1.019 1.021 1.024 1.026 1.03 1.032 1.035 1.041 1.041 1.049 1.052 1.053 1.063 1.072 1.072 1.076 1.086 1.088 1.089 1.096 1.107 1.111 1.121 1.122 1.131 1.132 1.136 1.136 1.136 1.132 1.122 1.113 1.104 1.096 1.083 1.071 1.071 1.065 1.051 0.619 0.619 0.61 0.604 0.603 0.602 0.598 0.598 0.597 0.598 0.592 0.592 0.592 0.593 0.593 0.593 0.593 0.593 0.593 0.592 0.589 0.59 0.59 0.59 0.592 0.596 0.596 0.597 0.605 0.606 0.606 0.606 0.606 0.609 0.612 0.618 0.619 0.62 0.62 0.62 0.633 0.638 0.642 0.648 0.762 0.837 0.837 0.837 0.835 0.832 0.83 0.83 0.83 0.816 0.813 0.813 0.812 0.812 0.811 0.807 0.8 0.799 0.798 0.798 0.796 0.795 0.795 0.793 0.793 0.785 0.785 0.779 0.779 0.778 0.775 0.775 0.769 0.656 0.574 0.574 0.573 0.57 0.57 0.57 0.57 0.57 0.568 0.567 0.566 0.562 0.558 0.562 0.566 0.563 0.563 0.563 0.563 0.562 0.558 0.562 0.565 0.562 0.56 0.56 0.558 0.558 0.558 0.554 0.558 0.554 0.554 0.554 0.56 0.556 0.556 0.557 0.557 0.557 0.557 0.557 0.561 0.561 0.557 0.557 0.559 0.559 0.555 0.554 0.558 0.558 0.558 0.558 0.583 0.728 0.728 0.728 0.73 0.737 0.737 0.737 0.736 0.736 0.733 0.735 0.736 0.735 0.733 0.733 0.733 0.733 0.734 0.737 0.737 0.735 0.737 0.736 0.736 0.737 0.737 0.737 0.742 0.742 0.745 0.746 0.746 0.746 0.747 0.747 0.747 0.747 0.749 0.749 0.757 0.757 0.757 0.757 0.755 0.751 0.715 0.682 0.682 0.682 0.76 0.761 0.762 0.768 0.768 0.769 0.775 0.775 0.775 0.776 0.778 0.779 0.784 0.785 0.785 0.785 0.788 0.793 0.793 0.795 0.8 0.802 0.804 0.805 0.804 0.805 0.805 0.811 0.815 0.819 0.821 0.823 0.825 0.827 0.83 0.835 0.837 0.84 0.841 0.844 0.846 0.847 0.85 0.85 0.847 0.765 0.67 0.655 0.652 0.648 0.647 0.645 0.633 0.621 0.619 0.617 0.593 0.487 0.442 0.416 0.408 0.397 0.395 0.393 0.389 0.384 0.384 0.383 0.379 0.375 0.371 0.371 0.371 0.37 0.362 0.36 0.355 0.35 0.35 0.354 0.354 0.354 0.354 0.351 0.346 0.344 0.344 0.344 0.341 0.341 0.341 0.345 0.341 0.342 0.341 0.342 0.342 0.342 0.343 0.343 0.336 0.333 0.336 0.331 0.332 0.332 0.332 0.33 0.332 0.332 0.334 0.335 0.335 0.334 0.328 0.327 0.327 0.327 0.329 0.329 0.329 0.329 0.331 0.33 0.33 0.33 0.327 0.327 0.326 0.327 0.327 0.327 0.329 0.329 0.33 0.323 0.33 0.332 0.333 0.333 0.334 0.334 0.333 0.332 0.332 0.332 0.332 0.336 0.337 0.342 0.344 0.344 0.344 0.344 0.345 0.348 0.347 0.349 0.349 0.351 0.351 0.354 0.357 0.359 0.361 0.361 0.367 0.369 0.374 0.376 0.377 0.392 0.395 0.397 0.424 0.47 1.076 1.076 1.087 1.076 1.084 1.079 1.081 1.079 1.081 1.081 1.081 1.081 1.081 1.081 1.078 1.072 1.07 1.07 1.069 1.069 1.069 1.07 1.079 1.402 1.402 1.406 1.402 1.396 1.396 1.393 1.391 0.961 0.955 0.955 0.955 0.955 0.953 0.95 0.95 0.953 0.953 0.953 0.953 0.949 0.948 0.947 0.946 0.946 0.94 0.94 0.945 0.949 0.949 0.949 0.952 0.952 0.953 0.956 0.958 0.959 0.958 0.958 0.959 0.963 0.958 0.96 0.96 0.96 0.959 0.96 0.964 0.97 0.972 0.972 0.972 0.972 0.973 0.979 0.98 0.981 0.981 0.984 0.986 0.988 0.994 0.994 0.997 0.997 0.997 0.998 1.004 1.005 1.006 1.015 1.017 1.018 1.018 1.019 1.032 1.032 1.036 1.036 1.038 1.039 1.052 1.052 1.052 1.054 1.059 1.065 1.065 1.059 1.056 1.046 1.038 1.018 1.015 0.994 0.985 0.976 0.968 0.962 0.952 0.941 0.936 0.931 0.914 0.902 0.898 0.887 0.878 0.878 0.864 0.855 0.85 0.848 0.843 0.829 0.828 0.819 0.819 0.813 0.812 0.795 0.794 0.785 0.78 0.766 0.765 0.764 0.761 0.761 0.761 0.742 0.737 0.735 0.732 0.731 0.726 0.722 0.722 0.718 0.706 0.702 0.698 0.695 0.692 0.691 0.691 0.686 0.683 0.679 0.678 0.678 0.656 0.656 0.654 0.654 0.654 0.654 0.648 0.648 0.642 0.638 0.637 0.636 0.631 0.631 0.626 0.623 0.621 0.619 0.619 0.619 0.619 0.616 0.616 0.611 0.61 0.606 0.605 0.6 0.6 0.592 0.592 0.592 0.593 0.593 0.593 0.584 0.584 0.584 0.584 0.584 0.579 0.575 0.574 0.575 0.575 0.57 0.569 0.565 0.563 0.561 0.561 0.56 0.56 0.56 0.563 0.56 0.56 0.56 0.554 0.553 0.55 0.549 0.548 0.545 0.544 0.543 0.539 0.54 0.539 0.539 0.54 0.54 0.542 0.542 0.538 
1 1 1 1 1 1 1 1 1 1 1 1 1 1 1 1 1 1 1 1 1 1 1 1 1 1 1 1 1 1 1 1 1 1 1 1 1 1 1 1 1 1 1 1 1 1 1 1 1 1 1 1 1 1 1 1 1 1 1 1 1 1 1 1 1 1 1 1 1 1 1 1 1 1 1 1 1 1 1 1 1 1 1 1 1 1 1 1 1 1 1 1 1 1 1 1 1 1 1 1 1 1 1 1 1 1 1 1 1 1 1 1 1 1 1 1 1 1 1 1 1 1 1 1 1 1 1 1 1 1 1 1 1 1 1 1 1 1 1 1 1 1 1 1 1 1 1 1 1 1 1 1 1 1 1 1 1 1 1 1 1 1 1 1 1 1 1 1 1 1 1 1 1 1 1 1 1 1 1 1 1 1 1 1 1 1 1 1 1 1 1 1 1 1 1 1 1 1 1 1 1 1 1 1 1 1 1 1 1 1 1 1 1 1 1 1 1 1 1 1 1 1 1 1 1 1 1 1 1 1 1 1 1 1 1 1 1 1 1 1 1 1 1 1 1 1 1 1 1 1 1 1 1 1 1 1 1 1 1 1 1 1 1 1 1 1 1 1 1 1 1 1 1 1 1 1 1 1 1 1 1 1 1 1 1 1 1 1 1 1 1 1 1 1 1 1 1 1 1 1 1 1 1 1 1 1 1 1 1 1 1 1 1 1 1 1 1 1 1 1 1 1 1 1 1 1 1 1 1 1 1 1 1 1 1 1 1 1 1 1 1 1 1 1 1 1 1 1 1 1 1 1 1 1 1 1 1 1 1 1 1 1 1 1 1 1 1 1 1 1 1 1 1 1 1 1 1 1 1 1 1 1 1 1 1 1 1 1 1 1 1 1 1 1 1 1 1 1 1 1 1 1 1 1 1 1 1 1 1 1 1 1 1 1 1 1 1 1 1 1 1 1 1 1 1 1 1 1 1 1 1 1 1 1 1 1 1 1 1 1 1 1 1 1 1 1 1 1 1 1 1 1 1 1 1 1 1 1 1 1 1 1 1 1 1 1 1 1 1 1 1 1 1 1 1 1 1 1 1 1 1 1 1 1 1 1 1 1 1 1 1 1 1 1 1 1 1 1 1 1 1 1 1 1 1 1 1 1 1 1 1 1 1 1 1 1 1 1 1 1 1 1 1 1 1 1 1 1 1 1 1 1 1 1 1 1 1 1 1 1 1 1 1 1 1 1 1 1 1 1 1 1 1 1 1 1 1 1 1 1 1 1 1 1 1 1 1 1 1 1 1 1 1 1 1 1 1 1 1 1 1 1 1 1 1 1 1 1 1 1 1 1 1 1 1 1 1 1 1 1 1 1 1 1 1 1 1 1 1 1 1 1 1 1 1 1 1 1 1 1 1 1 1 1 1 1 1 1 1 1 1 1 1 1 1 1 1 1 1 1 1 1 1 1 1 1 1 1 1 1 1 1 1 1 1 1 1 1 1 1 1 1 1 1 1 1 1 1 1 1 1 1 1 1 1 1 1 1 1 1 1 1 
