# This file contains a 2D laser scan observation. 
# Its format is: 
# [aperture] [max_range] [number_of_scans] 
# [vector_of_scans] 
# [vector_of_valid_scans] 
# The aperture of the sensor is in radians, the maximum range 
# and measurements are in meters. '1' means a valid scan, '0' otherwise.
4.1847
5.6
682
0.969 0.964 0.958 0.955 0.947 0.944 0.94 0.935 0.931 0.928 0.912 0.905 0.858 0.699 0.685 0.685 0.685 0.685 0.679 0.679 0.677 0.678 0.677 0.678 0.675 0.671 0.671 0.669 0.669 0.669 0.669 0.666 0.664 0.662 0.662 0.659 0.657 0.656 0.656 0.645 0.645 0.645 0.643 0.639 0.638 0.633 0.623 0.622 0.622 0.621 0.622 0.622 0.621 0.62 0.62 0.62 0.627 0.63 0.643 0.649 0.67 0.691 0.698 0.716 0.728 0.755 0.779 0.781 0.781 0.779 0.778 0.773 0.772 0.768 0.768 0.768 0.768 0.766 0.762 0.761 0.761 0.761 0.756 0.762 0.762 0.761 0.752 0.751 0.751 0.748 0.751 0.754 0.754 0.754 0.754 0.753 0.75 0.749 0.747 0.749 0.749 0.752 0.752 0.752 0.752 0.749 0.745 0.701 0.67 0.67 0.67 0.674 0.74 0.749 0.749 0.749 0.749 0.748 0.748 0.748 0.748 0.745 0.745 0.745 0.746 0.746 0.746 0.744 0.744 0.744 0.744 0.372 0.341 0.314 0.268 0.252 0.243 0.24 0.238 0.237 0.237 0.229 0.224 0.22 0.219 0.218 0.213 0.212 0.211 0.208 0.206 0.206 0.205 0.2 0.201 0.2 0.195 0.192 0.191 0.19 0.19 0.186 0.183 0.186 0.182 0.186 0.18 0.187 0.188 0.188 0.182 0.182 0.181 0.176 0.177 0.176 0.173 0.172 0.17 0.168 0.168 0.168 0.168 0.169 0.169 0.167 0.171 0.171 0.167 0.163 0.169 0.168 0.167 0.167 0.168 0.167 0.167 0.164 0.163 0.163 0.158 0.158 0.16 0.16 0.16 0.16 0.16 0.159 0.159 0.158 0.158 0.158 0.158 0.158 0.158 0.158 0.155 0.153 0.155 0.155 0.162 0.162 0.162 0.16 0.159 0.158 0.158 0.158 0.158 0.156 0.156 0.156 0.156 0.156 0.156 0.16 0.156 0.155 0.155 0.156 0.156 0.156 0.156 0.159 0.159 0.159 0.16 0.159 0.158 0.158 0.155 0.155 0.155 0.155 0.161 0.162 0.164 0.164 0.164 0.164 0.165 0.165 0.165 0.173 0.173 0.174 0.173 0.169 0.168 0.169 0.169 0.17 0.17 0.173 0.173 0.173 0.175 0.176 0.176 0.177 0.178 0.178 0.186 0.186 0.186 0.186 0.186 0.186 0.187 0.193 0.193 0.195 0.195 0.201 0.202 0.201 0.204 0.204 0.209 0.212 0.217 0.219 0.22 0.23 0.245 0.263 0.311 0.92 0.922 0.922 0.921 0.921 0.919 0.915 0.911 0.909 0.907 0.909 0.907 0.907 0.909 0.909 0.913 0.913 0.905 0.897 0.894 0.894 0.894 0.887 0.886 0.887 0.886 0.885 0.884 0.885 0.884 0.878 0.878 0.878 0.878 0.877 0.877 0.876 0.874 0.874 0.872 0.87 0.87 0.867 0.867 0.867 0.868 0.868 0.868 0.869 0.87 0.863 0.87 0.871 0.872 1.117 1.176 1.188 1.188 1.188 1.181 1.181 1.178 1.174 0.754 0.754 0.754 0.754 0.755 0.755 0.755 0.755 0.755 0.755 0.757 0.757 0.757 0.757 0.757 0.757 0.751 0.75 0.748 0.748 0.747 0.747 0.747 0.748 0.748 0.748 0.749 0.751 0.751 0.754 0.754 0.754 0.756 0.757 0.756 0.757 0.757 0.757 0.753 0.757 0.753 0.761 0.761 0.761 0.761 0.762 0.762 0.762 0.764 0.769 0.772 0.774 0.774 0.771 0.774 0.774 0.772 0.78 0.78 0.78 0.783 0.787 0.787 0.791 0.791 0.792 0.793 0.796 0.796 0.796 0.797 0.802 0.805 0.807 0.808 0.808 0.81 0.811 0.822 0.822 0.823 0.827 0.829 0.829 0.83 0.83 0.833 0.838 0.84 0.842 0.848 0.854 0.854 0.858 0.86 0.86 0.86 0.866 0.872 0.879 0.879 0.879 0.872 0.859 0.855 0.848 0.846 0.833 0.833 0.831 0.818 0.809 0.799 0.798 0.793 0.785 0.782 0.769 0.768 0.765 0.763 0.758 0.755 0.753 0.744 0.741 0.737 0.73 0.725 0.72 0.714 0.709 0.706 0.705 0.705 0.697 0.693 0.689 0.68 0.676 0.67 0.669 0.666 0.663 0.663 0.662 0.662 0.662 0.652 0.651 0.641 0.633 0.633 0.631 0.63 0.63 0.629 0.629 0.622 0.619 0.618 0.617 0.614 0.613 0.604 0.603 0.603 0.603 0.599 0.593 0.592 0.588 0.583 0.583 0.588 0.588 0.575 0.585 0.575 0.575 0.571 0.571 0.568 0.568 0.568 0.568 0.568 0.566 0.561 0.56 0.56 0.559 0.559 0.552 0.55 0.55 0.55 0.549 0.549 0.549 0.545 0.541 0.541 0.539 0.541 0.541 0.541 0.538 0.54 0.538 0.536 0.536 0.536 0.53 0.53 0.53 0.53 0.53 0.53 0.526 0.529 0.522 0.522 0.524 0.524 0.522 0.518 0.518 0.517 0.517 0.517 0.52 0.52 0.52 0.52 0.518 0.514 0.514 0.514 0.514 0.514 0.514 0.514 0.514 0.514 0.514 0.516 0.516 0.517 0.517 0.517 0.513 0.511 0.511 0.513 0.511 0.51 0.509 0.509 0.509 0.509 0.51 0.512 0.51 0.512 0.514 0.517 0.516 0.516 0.514 0.514 0.514 0.509 0.514 0.511 0.513 0.513 0.513 0.513 0.513 0.513 0.514 0.513 0.516 0.518 0.518 0.518 0.518 0.518 0.52 0.519 0.52 0.522 0.525 0.522 0.522 0.527 0.525 0.525 0.526 0.526 0.526 0.528 0.528 0.528 0.528 0.528 0.529 0.531 0.538 0.538 0.538 
1 1 1 1 1 1 1 1 1 1 1 1 1 1 1 1 1 1 1 1 1 1 1 1 1 1 1 1 1 1 1 1 1 1 1 1 1 1 1 1 1 1 1 1 1 1 1 1 1 1 1 1 1 1 1 1 1 1 1 1 1 1 1 1 1 1 1 1 1 1 1 1 1 1 1 1 1 1 1 1 1 1 1 1 1 1 1 1 1 1 1 1 1 1 1 1 1 1 1 1 1 1 1 1 1 1 1 1 1 1 1 1 1 1 1 1 1 1 1 1 1 1 1 1 1 1 1 1 1 1 1 1 1 1 1 1 1 1 1 1 1 1 1 1 1 1 1 1 1 1 1 1 1 1 1 1 1 1 1 1 1 1 1 1 1 1 1 1 1 1 1 1 1 1 1 1 1 1 1 1 1 1 1 1 1 1 1 1 1 1 1 1 1 1 1 1 1 1 1 1 1 1 1 1 1 1 1 1 1 1 1 1 1 1 1 1 1 1 1 1 1 1 1 1 1 1 1 1 1 1 1 1 1 1 1 1 1 1 1 1 1 1 1 1 1 1 1 1 1 1 1 1 1 1 1 1 1 1 1 1 1 1 1 1 1 1 1 1 1 1 1 1 1 1 1 1 1 1 1 1 1 1 1 1 1 1 1 1 1 1 1 1 1 1 1 1 1 1 1 1 1 1 1 1 1 1 1 1 1 1 1 1 1 1 1 1 1 1 1 1 1 1 1 1 1 1 1 1 1 1 1 1 1 1 1 1 1 1 1 1 1 1 1 1 1 1 1 1 1 1 1 1 1 1 1 1 1 1 1 1 1 1 1 1 1 1 1 1 1 1 1 1 1 1 1 1 1 1 1 1 1 1 1 1 1 1 1 1 1 1 1 1 1 1 1 1 1 1 1 1 1 1 1 1 1 1 1 1 1 1 1 1 1 1 1 1 1 1 1 1 1 1 1 1 1 1 1 1 1 1 1 1 1 1 1 1 1 1 1 1 1 1 1 1 1 1 1 1 1 1 1 1 1 1 1 1 1 1 1 1 1 1 1 1 1 1 1 1 1 1 1 1 1 1 1 1 1 1 1 1 1 1 1 1 1 1 1 1 1 1 1 1 1 1 1 1 1 1 1 1 1 1 1 1 1 1 1 1 1 1 1 1 1 1 1 1 1 1 1 1 1 1 1 1 1 1 1 1 1 1 1 1 1 1 1 1 1 1 1 1 1 1 1 1 1 1 1 1 1 1 1 1 1 1 1 1 1 1 1 1 1 1 1 1 1 1 1 1 1 1 1 1 1 1 1 1 1 1 1 1 1 1 1 1 1 1 1 1 1 1 1 1 1 1 1 1 1 1 1 1 1 1 1 1 1 1 1 1 1 1 1 1 1 1 1 1 1 1 1 1 1 1 1 1 1 1 1 1 1 1 1 1 1 1 1 1 1 1 1 1 1 1 1 1 1 1 1 1 1 1 1 1 1 1 1 1 1 1 1 1 1 1 1 1 1 1 1 1 1 1 1 1 1 1 1 1 1 1 1 1 1 1 
