# This file contains a 2D laser scan observation. 
# Its format is: 
# [aperture] [max_range] [number_of_scans] 
# [vector_of_scans] 
# [vector_of_valid_scans] 
# The aperture of the sensor is in radians, the maximum range 
# and measurements are in meters. '1' means a valid scan, '0' otherwise.
4.1847
5.6
682
0.367 0.364 0.364 0.362 0.362 0.36 0.359 0.36 0.361 0.36 0.359 0.359 0.357 0.345 0.32 0.309 0.309 0.309 0.309 0.309 0.31 0.31 0.306 0.306 0.306 0.303 0.306 0.303 0.306 0.303 0.304 0.304 0.304 0.304 0.304 0.307 0.305 0.307 0.307 0.32 0.321 0.323 0.361 0.365 0.365 0.364 0.364 0.359 0.359 0.352 0.338 0.328 0.325 0.325 0.315 0.311 0.308 0.305 0.303 0.299 0.299 0.303 0.305 0.305 0.31 0.305 0.305 0.308 0.309 0.308 0.308 0.307 0.305 0.301 0.293 0.293 0.293 0.293 0.292 0.291 0.287 0.287 0.287 0.287 0.293 0.296 0.296 0.293 0.293 0.293 0.293 0.295 0.295 0.295 0.296 0.296 0.296 0.297 0.303 0.303 0.305 0.305 0.304 0.305 0.305 0.304 0.304 0.306 0.305 0.306 0.308 0.308 0.305 0.308 0.309 0.309 0.309 0.309 0.309 0.309 0.312 0.322 0.324 0.324 0.324 0.322 0.322 0.322 0.326 0.326 0.326 0.332 0.332 0.332 0.332 0.336 0.336 0.336 0.337 0.338 0.338 0.338 0.344 0.348 0.348 0.344 0.349 0.349 0.349 0.357 0.357 0.358 0.358 0.358 0.358 0.36 0.36 0.369 0.37 0.378 0.378 0.38 0.38 0.38 0.381 0.383 0.388 0.392 0.395 0.397 0.397 0.399 0.4 0.401 0.402 0.411 0.412 0.414 0.416 0.416 0.418 0.426 0.427 0.427 0.428 0.429 0.433 0.438 0.439 0.442 0.446 0.453 0.456 0.458 0.462 0.468 0.472 0.474 0.477 0.481 0.484 0.486 0.493 0.502 0.505 0.507 0.507 0.519 0.521 0.533 0.534 0.539 0.566 0.566 0.574 0.576 0.578 0.588 0.598 0.599 0.606 0.616 0.623 0.627 0.635 1.116 1.144 1.172 1.18 1.202 1.218 1.226 1.251 1.261 1.287 1.29 1.292 1.292 1.29 1.283 1.276 1.267 1.265 1.263 1.261 1.259 1.257 1.254 1.252 1.246 1.242 1.242 1.242 1.239 1.232 1.23 1.226 1.225 1.221 1.219 1.219 1.216 1.21 1.21 1.21 1.209 1.209 1.2 1.2 1.2 1.198 1.197 1.195 1.195 1.195 1.195 1.194 1.194 1.195 1.192 1.191 0.917 0.897 0.891 0.889 0.887 0.886 0.879 0.877 0.879 0.877 0.876 0.876 0.876 0.875 0.875 0.877 0.875 0.874 0.879 0.878 0.878 0.885 0.899 0.909 0.923 0.923 0.965 1.072 1.167 1.167 1.173 1.173 1.172 1.173 1.174 1.174 1.174 1.175 1.181 1.175 1.18 1.18 1.18 1.18 1.18 1.18 1.18 1.18 1.18 1.183 1.183 1.183 1.183 1.183 1.183 1.183 1.184 1.184 1.193 1.193 1.193 1.193 1.142 1.102 1.102 1.102 1.101 1.102 1.104 1.106 1.112 1.197 1.217 1.217 1.217 1.221 1.228 1.228 1.231 1.234 1.235 1.241 1.247 1.247 1.247 1.248 1.257 1.258 1.259 1.264 1.264 1.27 1.271 1.271 1.278 1.281 1.283 1.291 1.291 1.283 1.26 1.26 1.26 1.305 1.318 1.322 1.324 1.325 1.333 1.339 1.344 1.351 1.359 1.36 1.363 1.37 1.379 1.379 1.384 1.384 1.398 1.398 1.409 1.409 1.398 1.274 1.255 1.254 1.253 1.254 1.254 1.253 0.996 0.971 0.941 0.937 0.922 0.911 0.91 0.899 0.898 0.895 0.891 0.883 0.883 0.882 0.876 0.873 0.873 0.869 0.868 0.863 0.862 0.858 0.856 0.854 0.854 0.854 0.854 0.857 0.857 0.857 0.858 0.856 0.85 0.851 0.856 0.856 0.858 0.861 0.863 0.863 0.864 0.864 0.864 0.866 0.869 0.866 0.876 0.88 0.887 0.893 0.895 0.897 0.9 0.911 0.923 0.949 0.996 1.672 1.672 1.672 1.672 1.66 1.659 1.659 1.645 1.633 1.633 1.626 1.62 1.613 1.612 1.601 1.6 1.595 1.596 1.595 1.59 1.577 1.575 1.567 1.56 1.556 1.556 1.554 1.548 1.548 1.542 1.541 1.537 1.537 1.527 1.521 1.52 1.513 1.512 1.456 1.361 1.359 1.359 1.353 1.351 1.35 1.347 1.344 1.336 1.335 1.335 1.335 1.33 1.329 1.329 1.326 1.326 1.326 1.323 1.319 1.311 1.311 1.311 1.311 1.311 1.311 1.311 1.311 1.307 1.306 1.306 1.305 1.302 1.3 1.3 1.3 1.3 1.292 1.292 1.291 1.291 1.293 1.293 1.297 1.297 1.297 1.292 1.292 1.291 1.292 1.295 1.295 1.295 1.295 1.297 1.292 1.297 1.292 1.297 1.297 1.309 1.49 1.49 1.49 1.291 1.284 1.281 1.267 1.265 1.265 1.254 1.242 0.469 0.386 0.378 0.368 0.367 0.367 0.352 0.336 0.32 0.319 0.319 0.319 0.319 0.319 0.32 0.315 0.309 0.307 0.309 0.309 0.309 0.311 0.311 0.313 0.315 0.316 0.317 0.319 0.319 0.319 0.319 0.319 0.319 0.313 0.31 0.31 0.308 0.31 0.312 0.312 0.312 0.312 0.312 0.312 0.312 0.311 0.312 0.316 0.315 0.316 0.316 0.316 0.316 0.319 0.324 0.325 0.327 0.328 0.33 0.331 0.334 0.334 0.335 0.334 0.334 0.337 0.346 0.34 0.34 0.348 0.349 0.416 0.62 0.625 0.627 0.627 0.627 0.63 0.63 0.629 0.628 0.629 0.629 0.631 0.633 0.638 0.641 0.643 0.646 0.646 0.646 0.65 0.659 0.662 0.664 0.665 0.665 0.672 0.679 0.683 2.357 
1 1 1 1 1 1 1 1 1 1 1 1 1 1 1 1 1 1 1 1 1 1 1 1 1 1 1 1 1 1 1 1 1 1 1 1 1 1 1 1 1 1 1 1 1 1 1 1 1 1 1 1 1 1 1 1 1 1 1 1 1 1 1 1 1 1 1 1 1 1 1 1 1 1 1 1 1 1 1 1 1 1 1 1 1 1 1 1 1 1 1 1 1 1 1 1 1 1 1 1 1 1 1 1 1 1 1 1 1 1 1 1 1 1 1 1 1 1 1 1 1 1 1 1 1 1 1 1 1 1 1 1 1 1 1 1 1 1 1 1 1 1 1 1 1 1 1 1 1 1 1 1 1 1 1 1 1 1 1 1 1 1 1 1 1 1 1 1 1 1 1 1 1 1 1 1 1 1 1 1 1 1 1 1 1 1 1 1 1 1 1 1 1 1 1 1 1 1 1 1 1 1 1 1 1 1 1 1 1 1 1 1 1 1 1 1 1 1 1 1 1 1 1 1 1 1 1 1 1 1 1 1 1 1 1 1 1 1 1 1 1 1 1 1 1 1 1 1 1 1 1 1 1 1 1 1 1 1 1 1 1 1 1 1 1 1 1 1 1 1 1 1 1 1 1 1 1 1 1 1 1 1 1 1 1 1 1 1 1 1 1 1 1 1 1 1 1 1 1 1 1 1 1 1 1 1 1 1 1 1 1 1 1 1 1 1 1 1 1 1 1 1 1 1 1 1 1 1 1 1 1 1 1 1 1 1 1 1 1 1 1 1 1 1 1 1 1 1 1 1 1 1 1 1 1 1 1 1 1 1 1 1 1 1 1 1 1 1 1 1 1 1 1 1 1 1 1 1 1 1 1 1 1 1 1 1 1 1 1 1 1 1 1 1 1 1 1 1 1 1 1 1 1 1 1 1 1 1 1 1 1 1 1 1 1 1 1 1 1 1 1 1 1 1 1 1 1 1 1 1 1 1 1 1 1 1 1 1 1 1 1 1 1 1 1 1 1 1 1 1 1 1 1 1 1 1 1 1 1 1 1 1 1 1 1 1 1 1 1 1 1 1 1 1 1 1 1 1 1 1 1 1 1 1 1 1 1 1 1 1 1 1 1 1 1 1 1 1 1 1 1 1 1 1 1 1 1 1 1 1 1 1 1 1 1 1 1 1 1 1 1 1 1 1 1 1 1 1 1 1 1 1 1 1 1 1 1 1 1 1 1 1 1 1 1 1 1 1 1 1 1 1 1 1 1 1 1 1 1 1 1 1 1 1 1 1 1 1 1 1 1 1 1 1 1 1 1 1 1 1 1 1 1 1 1 1 1 1 1 1 1 1 1 1 1 1 1 1 1 1 1 1 1 1 1 1 1 1 1 1 1 1 1 1 1 1 1 1 1 1 1 1 1 1 1 1 1 1 1 1 1 1 1 1 1 1 1 1 1 1 1 1 1 1 1 1 1 1 1 1 1 1 1 1 1 1 1 1 1 1 1 1 1 1 1 1 1 1 1 1 1 1 1 1 1 1 1 1 1 1 1 1 
