# This file contains a 2D laser scan observation. 
# Its format is: 
# [aperture] [max_range] [number_of_scans] 
# [vector_of_scans] 
# [vector_of_valid_scans] 
# The aperture of the sensor is in radians, the maximum range 
# and measurements are in meters. '1' means a valid scan, '0' otherwise.
4.1847
5.6
682
0.57 0.574 0.57 0.57 0.569 0.569 0.562 0.554 0.551 0.548 0.547 0.548 0.547 0.547 0.55 0.553 0.55 0.55 0.562 0.555 0.555 0.555 0.555 0.306 0.301 0.299 0.297 0.297 0.296 0.296 0.296 0.296 0.296 0.296 0.296 0.293 0.29 0.29 0.29 0.295 0.295 0.295 0.295 0.295 0.295 0.299 0.299 0.299 0.299 0.299 0.299 0.305 0.307 0.307 0.32 0.332 0.341 0.347 0.347 0.347 0.347 0.345 0.345 0.312 0.299 0.294 0.294 0.295 0.295 0.296 0.315 0.326 0.326 0.315 0.314 0.314 0.312 0.312 0.314 0.315 0.312 0.312 0.312 0.308 0.306 0.306 0.306 0.306 0.306 0.323 0.323 0.323 0.323 0.291 0.279 0.273 0.273 0.265 0.264 0.264 0.265 0.264 0.264 0.265 0.273 0.273 0.273 0.273 0.273 0.267 0.267 0.27 0.27 0.273 0.273 0.273 0.275 0.269 0.269 0.274 0.276 0.276 0.276 0.276 0.277 0.277 0.277 0.277 0.277 0.28 0.281 0.281 0.282 0.284 0.284 0.284 0.288 0.288 0.289 0.296 0.289 0.289 0.284 0.284 0.284 0.295 0.295 0.297 0.297 0.297 0.297 0.303 0.303 0.303 0.303 0.3 0.3 0.296 0.3 0.302 0.302 0.302 0.302 0.304 0.304 0.306 0.306 0.312 0.313 0.316 0.317 0.317 0.317 0.319 0.319 0.328 0.328 0.329 0.333 0.334 0.334 0.335 0.336 0.337 0.337 0.337 0.344 0.35 0.352 0.354 0.354 0.358 0.361 0.361 0.361 0.368 0.371 0.371 0.374 0.376 0.381 0.382 0.386 0.39 0.391 0.392 0.397 0.4 0.407 0.407 0.408 0.415 0.416 0.423 0.427 0.43 0.43 0.436 0.436 0.438 0.448 0.454 0.459 0.459 0.464 0.465 0.474 0.478 0.48 0.49 0.496 0.5 0.508 0.508 0.513 0.519 0.532 0.541 0.545 0.556 0.563 0.565 0.576 0.587 0.589 0.611 0.623 0.628 0.639 0.639 0.658 0.668 0.678 0.692 0.704 0.714 0.722 1.387 1.387 1.387 1.38 1.375 1.374 1.374 1.367 1.361 1.357 1.357 1.354 1.345 1.344 1.343 1.343 1.34 1.338 1.336 1.336 1.33 1.327 1.326 1.323 1.32 1.317 1.317 1.314 1.308 1.308 1.31 1.304 1.304 1.302 1.302 1.299 1.3 1.299 1.3 1.296 1.296 1.292 1.296 1.292 1.292 1.028 1.013 0.997 0.996 0.994 0.993 0.99 0.984 0.984 0.984 0.99 0.99 0.99 0.992 0.989 0.989 0.992 0.994 0.998 1.003 1.014 1.022 1.033 1.08 1.285 1.285 1.286 1.285 1.285 1.285 1.285 1.285 1.286 1.288 1.289 1.291 1.291 1.291 1.291 1.292 1.293 1.294 1.299 1.299 1.302 1.304 1.307 1.307 1.312 1.312 1.314 1.314 1.315 1.314 1.314 1.252 1.25 1.247 1.238 1.236 1.236 1.236 1.262 1.332 1.334 1.339 1.346 1.352 1.352 1.353 1.354 1.358 1.361 1.367 1.371 1.373 1.379 1.38 1.38 1.386 1.393 1.395 1.405 1.406 1.406 1.408 1.419 1.419 1.419 1.375 1.375 1.375 1.435 1.441 1.448 1.455 1.459 1.461 1.466 1.473 1.474 1.479 1.488 1.501 1.503 1.503 1.515 1.518 1.52 1.52 1.52 1.501 1.37 1.359 1.359 1.358 1.356 1.12 1.075 1.055 1.031 1.029 1.019 1.012 1.011 1 0.996 0.991 0.99 0.987 0.975 0.975 0.972 0.969 0.964 0.961 0.96 0.96 0.96 0.96 0.959 0.956 0.949 0.949 0.956 0.956 0.956 0.957 0.961 0.961 0.961 0.965 0.965 0.965 0.965 0.969 0.97 0.978 0.978 0.978 0.978 0.981 0.994 0.996 1.016 1.018 1.036 1.066 1.804 1.804 1.804 1.804 1.784 1.778 1.777 1.771 1.753 1.749 1.748 1.735 1.733 1.72 1.71 1.71 1.699 1.693 1.691 1.69 1.687 1.686 1.682 1.67 1.653 1.651 1.648 1.638 1.635 1.628 1.628 1.619 1.619 1.612 1.611 1.61 1.603 1.596 1.586 1.537 1.441 1.437 1.431 1.43 1.428 1.423 1.42 1.415 1.407 1.404 1.403 1.398 1.392 1.39 1.39 1.39 1.386 1.386 1.386 1.38 1.376 1.375 1.37 1.365 1.365 1.363 1.363 1.36 1.36 1.36 1.36 1.353 1.352 1.35 1.345 1.344 1.339 1.295 0.383 0.349 0.344 0.344 0.349 0.35 0.35 0.353 0.353 0.352 0.345 0.352 0.352 0.354 0.355 0.356 0.362 0.362 0.362 0.355 0.332 0.332 0.332 0.336 0.371 0.371 0.371 0.362 0.346 0.345 0.345 0.345 0.34 0.336 0.336 0.338 0.337 0.336 0.337 0.337 0.332 0.332 0.331 0.331 0.333 0.335 0.335 0.336 0.336 0.336 0.337 0.336 0.336 0.338 0.339 0.339 0.339 0.339 0.339 0.339 0.339 0.354 1.843 0.007 1.843 0.681 0.669 0.667 0.654 0.651 0.65 0.646 0.644 0.642 0.637 0.626 0.624 0.622 0.62 0.618 0.614 0.613 0.612 0.613 0.613 0.612 0.613 0.613 0.613 0.611 0.613 0.611 0.613 0.611 0.613 0.604 0.604 0.604 0.61 0.61 0.613 0.614 0.615 0.619 0.619 0.62 0.62 0.622 0.624 0.626 0.629 0.634 0.634 0.645 0.651 0.651 0.652 0.652 0.667 0.672 2.147 2.155 2.165 2.165 2.166 2.188 2.198 2.203 2.225 0 0.007 2.262 2.262 2.267 
1 1 1 1 1 1 1 1 1 1 1 1 1 1 1 1 1 1 1 1 1 1 1 1 1 1 1 1 1 1 1 1 1 1 1 1 1 1 1 1 1 1 1 1 1 1 1 1 1 1 1 1 1 1 1 1 1 1 1 1 1 1 1 1 1 1 1 1 1 1 1 1 1 1 1 1 1 1 1 1 1 1 1 1 1 1 1 1 1 1 1 1 1 1 1 1 1 1 1 1 1 1 1 1 1 1 1 1 1 1 1 1 1 1 1 1 1 1 1 1 1 1 1 1 1 1 1 1 1 1 1 1 1 1 1 1 1 1 1 1 1 1 1 1 1 1 1 1 1 1 1 1 1 1 1 1 1 1 1 1 1 1 1 1 1 1 1 1 1 1 1 1 1 1 1 1 1 1 1 1 1 1 1 1 1 1 1 1 1 1 1 1 1 1 1 1 1 1 1 1 1 1 1 1 1 1 1 1 1 1 1 1 1 1 1 1 1 1 1 1 1 1 1 1 1 1 1 1 1 1 1 1 1 1 1 1 1 1 1 1 1 1 1 1 1 1 1 1 1 1 1 1 1 1 1 1 1 1 1 1 1 1 1 1 1 1 1 1 1 1 1 1 1 1 1 1 1 1 1 1 1 1 1 1 1 1 1 1 1 1 1 1 1 1 1 1 1 1 1 1 1 1 1 1 1 1 1 1 1 1 1 1 1 1 1 1 1 1 1 1 1 1 1 1 1 1 1 1 1 1 1 1 1 1 1 1 1 1 1 1 1 1 1 1 1 1 1 1 1 1 1 1 1 1 1 1 1 1 1 1 1 1 1 1 1 1 1 1 1 1 1 1 1 1 1 1 1 1 1 1 1 1 1 1 1 1 1 1 1 1 1 1 1 1 1 1 1 1 1 1 1 1 1 1 1 1 1 1 1 1 1 1 1 1 1 1 1 1 1 1 1 1 1 1 1 1 1 1 1 1 1 1 1 1 1 1 1 1 1 1 1 1 1 1 1 1 1 1 1 1 1 1 1 1 1 1 1 1 1 1 1 1 1 1 1 1 1 1 1 1 1 1 1 1 1 1 1 1 1 1 1 1 1 1 1 1 1 1 1 1 1 1 1 1 1 1 1 1 1 1 1 1 1 1 1 1 1 1 1 1 1 1 1 1 1 1 1 1 1 1 1 1 1 1 1 1 1 1 1 1 1 1 1 1 1 1 1 1 1 1 1 1 1 1 1 1 1 1 1 1 1 1 1 1 1 1 1 1 1 1 1 1 1 1 1 1 1 1 1 1 1 1 1 1 1 1 1 1 1 1 1 1 1 1 1 1 1 1 1 1 1 1 1 1 1 1 1 1 1 1 1 1 1 1 1 1 1 1 1 1 1 0 1 1 1 1 1 1 1 1 1 1 1 1 1 1 1 1 1 1 1 1 1 1 1 1 1 1 1 1 1 1 1 1 1 1 1 1 1 1 1 1 1 1 1 1 1 1 1 1 1 1 1 1 1 1 1 1 1 1 1 1 1 1 1 1 1 0 0 1 1 1 
