# This file contains a 2D laser scan observation. 
# Its format is: 
# [aperture] [max_range] [number_of_scans] 
# [vector_of_scans] 
# [vector_of_valid_scans] 
# The aperture of the sensor is in radians, the maximum range 
# and measurements are in meters. '1' means a valid scan, '0' otherwise.
4.1847
5.6
682
1.16 1.162 1.193 1.203 1.218 1.816 1.849 1.881 1.881 1.897 1.897 1.897 1.892 1.889 1.879 1.87 1.868 1.867 1.854 1.852 1.851 1.847 1.84 1.84 1.834 1.825 1.824 1.816 1.814 1.813 1.805 1.801 1.8 1.798 1.794 1.794 1.793 1.792 1.488 1.475 1.466 1.459 1.45 1.45 1.45 1.452 1.452 1.452 1.452 1.452 1.461 1.476 1.489 1.506 1.537 1.742 1.742 1.742 1.742 1.737 1.734 1.737 1.734 1.734 1.734 1.734 1.733 1.732 1.73 1.725 1.553 1.542 1.531 1.531 1.528 1.528 1.538 1.538 1.538 1.538 1.536 1.536 1.536 1.536 1.536 1.538 1.541 1.541 1.553 1.575 1.733 1.733 1.739 1.74 1.74 1.74 1.74 1.74 1.74 1.738 0.43 0.412 0.399 0.392 0.392 0.392 0.392 0.392 0.392 0.382 0.382 0.377 0.377 0.388 0.395 0.394 0.394 0.41 0.394 0.394 0.393 0.374 0.372 0.372 0.372 0.375 0.376 0.382 0.383 0.386 0.386 0.39 0.399 0.392 0.399 0.399 0.398 0.392 0.392 0.392 0.392 0.401 0.401 0.401 0.4 0.397 0.397 0.397 0.4 0.406 0.413 0.421 0.421 0.427 0.427 0.431 0.427 0.433 0.435 0.435 0.435 0.435 0.435 0.435 0.438 0.441 0.446 0.446 0.447 0.45 0.451 0.452 0.454 0.456 0.456 0.461 0.461 0.461 0.461 0.462 0.465 0.472 0.474 0.475 0.478 0.478 0.478 0.48 0.481 0.489 0.489 0.49 0.493 0.499 0.502 0.502 0.506 0.507 0.511 0.513 0.517 0.517 0.518 0.518 0.529 0.53 0.535 0.537 0.539 0.544 0.546 0.547 0.562 0.563 0.565 0.571 0.572 0.576 0.579 0.584 0.587 0.589 0.591 0.603 0.603 0.589 0.549 0.386 0.382 0.373 0.36 0.359 0.356 0.353 0.35 0.343 0.341 0.341 0.341 0.341 0.341 0.341 0.331 0.331 0.331 0.331 0.334 0.334 0.331 0.33 0.324 0.32 0.32 0.321 0.324 0.325 0.325 0.321 0.324 0.317 0.317 0.317 0.317 0.314 0.314 0.314 0.314 0.314 0.309 0.309 0.309 0.313 0.313 0.314 0.314 0.322 0.322 0.314 0.314 0.316 0.314 0.314 0.316 0.317 0.319 0.319 0.319 0.326 0.326 0.323 0.323 0.327 0.328 0.329 0.329 0.329 0.329 0.329 0.333 0.335 0.338 0.338 0.338 0.338 0.34 0.344 0.346 0.346 0.347 0.347 0.349 0.351 0.352 0.355 0.359 0.364 0.373 0.374 0.385 0.389 1.542 1.544 1.544 1.544 1.543 1.543 1.541 1.54 1.54 1.54 1.532 1.532 1.532 1.521 1.521 1.521 1.525 1.525 1.536 1.536 1.536 1.536 1.536 1.536 1.536 1.539 1.539 1.541 1.543 1.547 1.544 1.548 1.551 1.551 1.547 1.549 1.549 1.549 1.553 1.554 1.556 1.562 1.562 1.565 1.566 1.572 1.572 1.572 1.572 1.577 1.578 1.583 1.584 1.594 1.596 1.597 1.597 1.601 1.601 1.605 1.606 1.61 1.617 1.62 1.622 1.623 1.623 1.629 1.636 1.641 1.642 1.643 1.643 1.645 1.653 1.661 1.666 1.67 1.677 1.677 1.69 1.692 1.696 1.703 1.709 1.711 1.711 1.712 1.724 1.736 1.737 1.74 1.745 0 0 0 1.786 1.786 1.782 1.786 1.787 1.788 1.799 1.803 1.81 1.821 1.826 1.834 1.841 1.847 1.86 1.867 1.883 1.885 1.888 1.896 1.908 1.924 1.924 1.934 1.945 1.947 1.964 1.973 1.977 1.996 2.004 2.012 2.017 2.041 2.045 2.054 2.075 2.092 2.095 2.112 2.115 2.123 2.149 2.164 2.164 2.164 2.154 2.144 1.866 1.866 1.866 1.934 2.032 2.037 2.047 2.248 2.248 2.248 1.791 1.772 1.767 1.767 1.767 1.767 1.777 1.784 1.843 2.514 2.514 2.514 1.974 1.948 1.948 1.945 1.934 1.934 1.703 1.683 1.661 1.653 1.653 1.653 0 0 0 0 0 0 0.007 1.883 1.883 0 1.865 1.861 1.614 1.61 1.606 1.591 1.591 1.591 0.015 0.015 0.015 1.549 1.543 1.542 1.534 1.524 1.524 1.514 1.514 0.007 0 0 0 1.394 1.393 1.393 1.393 1.394 1.507 3.535 3.535 3.535 3.535 3.533 3.532 1.766 1.765 1.765 1.765 1.765 1.762 1.557 1.552 1.535 1.535 1.535 1.537 1.543 1.544 1.566 1.566 1.571 1.566 1.557 1.555 1.554 1.548 1.541 1.541 1.541 1.539 1.538 1.547 1.538 1.538 1.544 1.547 1.55 1.57 5.084 5.087 5.109 5.087 5.084 3.233 3.233 3.233 3.16 2.832 5.089 5.089 2.978 2.995 3.025 3.025 3.025 4.51 0.007 0.008 0 0.008 0 0 0 0 0 4.52 4.515 4.515 4.511 4.509 4.506 4.444 4.425 4.425 2.809 2.796 2.809 0 0 0 0 0 0 0 0 0 0 0 0 0 0 0 0 0 0 0 0 2.08 2.055 1.844 1.844 1.818 1.794 1.794 4.932 1.774 1.774 4.932 1.691 1.661 1.66 1.661 1.661 1.666 1.673 1.674 1.676 1.682 1.683 1.691 1.709 1.712 1.721 1.723 1.728 1.728 1.728 1.728 1.697 1.683 1.665 1.641 1.62 1.605 1.582 1.567 1.553 1.534 1.52 1.499 1.484 1.472 1.472 
1 1 1 1 1 1 1 1 1 1 1 1 1 1 1 1 1 1 1 1 1 1 1 1 1 1 1 1 1 1 1 1 1 1 1 1 1 1 1 1 1 1 1 1 1 1 1 1 1 1 1 1 1 1 1 1 1 1 1 1 1 1 1 1 1 1 1 1 1 1 1 1 1 1 1 1 1 1 1 1 1 1 1 1 1 1 1 1 1 1 1 1 1 1 1 1 1 1 1 1 1 1 1 1 1 1 1 1 1 1 1 1 1 1 1 1 1 1 1 1 1 1 1 1 1 1 1 1 1 1 1 1 1 1 1 1 1 1 1 1 1 1 1 1 1 1 1 1 1 1 1 1 1 1 1 1 1 1 1 1 1 1 1 1 1 1 1 1 1 1 1 1 1 1 1 1 1 1 1 1 1 1 1 1 1 1 1 1 1 1 1 1 1 1 1 1 1 1 1 1 1 1 1 1 1 1 1 1 1 1 1 1 1 1 1 1 1 1 1 1 1 1 1 1 1 1 1 1 1 1 1 1 1 1 1 1 1 1 1 1 1 1 1 1 1 1 1 1 1 1 1 1 1 1 1 1 1 1 1 1 1 1 1 1 1 1 1 1 1 1 1 1 1 1 1 1 1 1 1 1 1 1 1 1 1 1 1 1 1 1 1 1 1 1 1 1 1 1 1 1 1 1 1 1 1 1 1 1 1 1 1 1 1 1 1 1 1 1 1 1 1 1 1 1 1 1 1 1 1 1 1 1 1 1 1 1 1 1 1 1 1 1 1 1 1 1 1 1 1 1 1 1 1 1 1 1 1 1 1 1 1 1 1 1 1 1 1 1 1 1 1 1 1 1 1 1 1 1 1 1 1 1 1 1 1 1 1 1 1 1 1 1 1 1 1 1 1 1 1 1 1 1 1 1 1 1 1 1 1 1 1 1 1 0 0 0 1 1 1 1 1 1 1 1 1 1 1 1 1 1 1 1 1 1 1 1 1 1 1 1 1 1 1 1 1 1 1 1 1 1 1 1 1 1 1 1 1 1 1 1 1 1 1 1 1 1 1 1 1 1 1 1 1 1 1 1 1 1 1 1 1 1 1 1 1 1 1 1 1 1 1 1 1 1 1 1 1 1 0 0 0 0 0 0 0 1 1 0 1 1 1 1 1 1 1 1 0 0 0 1 1 1 1 1 1 1 1 0 0 0 0 1 1 1 1 1 1 1 1 1 1 1 1 1 1 1 1 1 1 1 1 1 1 1 1 1 1 1 1 1 1 1 1 1 1 1 1 1 1 1 1 1 1 1 1 1 1 1 1 1 1 1 1 1 1 1 1 1 1 1 1 1 1 1 1 0 0 0 0 0 0 0 0 0 1 1 1 1 1 1 1 1 1 1 1 1 0 0 0 0 0 0 0 0 0 0 0 0 0 0 0 0 0 0 0 0 1 1 1 1 1 1 1 1 1 1 1 1 1 1 1 1 1 1 1 1 1 1 1 1 1 1 1 1 1 1 1 1 1 1 1 1 1 1 1 1 1 1 1 1 1 1 
