# This file contains a 2D laser scan observation. 
# Its format is: 
# [aperture] [max_range] [number_of_scans] 
# [vector_of_scans] 
# [vector_of_valid_scans] 
# The aperture of the sensor is in radians, the maximum range 
# and measurements are in meters. '1' means a valid scan, '0' otherwise.
4.1847
5.6
682
0.508 0.502 0.498 0.498 0.493 0.493 0.492 0.49 0.49 0.488 0.488 0.495 0.497 0.514 0.514 0.514 0.501 0.501 0.501 0.501 0.501 0.494 0.488 0.488 0.488 0.495 0.495 0.495 0.486 0.486 0.486 0.487 0.509 0.511 0.512 0.512 0.512 0.516 0.518 0.518 0.521 0.521 0.521 0.524 0.524 0.518 0.518 0.518 0.518 0.525 0.525 0.525 0.525 0.522 0.522 0.522 0.526 0.526 0.529 0.53 0.533 0.533 0.538 0.533 0.533 0.535 0.539 0.539 0.539 0.539 0.54 0.542 0.542 0.548 0.546 0.548 0.548 0.552 0.552 0.556 0.558 0.558 0.559 0.56 0.563 0.563 0.568 0.57 0.572 0.572 0.569 0.569 0.551 0.377 0.357 0.354 0.345 0.342 0.342 0.339 0.331 0.329 0.328 0.328 0.327 0.325 0.319 0.319 0.317 0.316 0.316 0.319 0.313 0.313 0.309 0.307 0.306 0.306 0.301 0.301 0.3 0.3 0.3 0.298 0.298 0.295 0.293 0.293 0.293 0.293 0.294 0.294 0.296 0.296 0.294 0.293 0.293 0.292 0.29 0.289 0.289 0.289 0.289 0.289 0.287 0.287 0.287 0.287 0.293 0.295 0.295 0.295 0.292 0.288 0.288 0.288 0.29 0.29 0.296 0.296 0.296 0.295 0.295 0.295 0.295 0.295 0.299 0.3 0.3 0.299 0.3 0.3 0.302 0.308 0.308 0.311 0.311 0.312 0.313 0.32 0.321 0.323 0.323 0.327 0.327 0.334 0.338 0.341 0.347 0.35 0.359 0.361 0.48 1.19 1.204 1.218 1.234 1.258 1.284 1.29 1.317 1.339 1.359 1.38 1.38 1.416 1.502 1.518 1.502 1.502 1.219 1.213 1.213 1.213 1.213 1.214 1.224 1.224 1.204 1.204 1.178 1.168 1.157 1.136 1.157 1.157 1.167 1.167 1.17 1.17 1.17 1.174 0.015 0.015 0.015 1.456 1.455 1.453 1.453 1.451 1.451 1.45 1.446 1.446 1.446 1.433 1.433 1.428 1.426 1.426 1.418 1.418 1.418 1.424 1.424 1.432 1.436 1.441 1.441 1.438 1.438 1.441 1.438 1.438 1.443 1.443 1.44 1.44 1.44 1.429 1.429 1.429 1.431 1.431 1.432 1.438 1.438 1.438 1.438 1.438 1.438 1.439 1.441 1.441 1.441 1.44 1.44 1.44 1.442 1.446 1.447 1.455 1.455 1.456 1.458 1.458 1.462 1.467 1.467 1.469 1.47 1.473 1.473 1.473 1.481 1.481 1.485 1.486 1.49 1.494 1.5 1.5 1.505 1.505 1.505 1.51 1.516 1.519 1.525 1.526 1.528 1.534 1.539 1.548 1.55 1.55 1.552 1.557 1.558 1.565 1.566 1.575 1.579 1.581 1.593 1.6 1.604 1.604 0 0 0 1.635 1.632 1.632 1.635 1.646 1.647 1.651 1.654 1.657 1.662 1.68 1.684 1.693 1.694 1.701 1.706 1.718 1.72 1.726 1.734 1.745 1.751 1.756 1.757 1.777 1.783 1.787 1.796 1.806 1.808 1.817 1.836 1.842 1.85 1.856 1.874 1.882 1.89 1.899 1.914 1.924 1.936 1.944 1.957 1.976 1.988 1.992 2.006 2.006 2.006 2.013 2.001 1.98 1.682 1.682 1.682 1.879 1.879 1.88 1.884 2.167 2.167 2.167 1.625 1.608 1.601 1.597 1.597 1.597 1.601 1.613 1.624 1.634 1.83 1.83 1.83 1.8 1.799 1.789 1.787 1.785 1.781 1.781 1.774 1.759 1.49 1.49 1.49 1.495 0 0 0 0 0 0 0 0 1.699 1.699 1.699 1.701 1.701 1.701 1.443 1.443 1.44 1.436 1.43 1.422 1.414 1.414 1.407 1.396 1.395 1.381 1.371 1.369 1.359 1.355 1.355 1.355 1.355 0.007 0 0 0 0 1.257 1.252 1.243 1.243 1.252 1.253 3.373 3.373 3.373 3.373 3.373 3.371 1.63 1.618 1.618 1.618 3.392 3.392 3.392 1.409 1.407 1.395 1.395 1.395 1.396 1.398 1.401 1.404 1.416 1.424 1.424 1.422 1.422 1.422 1.422 1.421 1.418 1.41 1.406 1.4 1.406 1.402 1.403 1.402 1.403 1.403 1.404 1.409 1.417 1.427 0 0 0 0 4.977 4.977 4.977 2.799 2.799 2.885 5.08 0.007 0.006 0.006 0.006 0 0 0 4.401 4.401 4.401 4.401 4.406 4.409 4.409 4.414 4.414 4.42 0.007 0.006 0.006 0.006 0 0.007 0 2.719 0 0 0 0 0 0 0 0 0 0 0 0 0 0 0 2.32 2.271 2.205 2.133 2.098 2.063 2.057 1.979 1.921 1.866 1.833 1.791 1.766 1.746 1.718 1.694 1.694 1.694 1.696 1.696 1.696 1.646 1.617 1.599 1.587 1.587 1.587 1.594 1.595 1.601 1.607 1.614 1.628 1.63 1.634 1.654 1.654 1.664 1.667 1.669 1.669 1.669 1.657 1.642 1.628 1.616 1.599 1.578 1.578 1.563 1.543 1.532 1.523 1.5 1.491 1.471 1.458 1.452 1.438 1.429 1.413 1.401 1.394 1.388 1.372 1.348 1.339 1.327 1.327 1.322 1.308 1.304 1.295 1.295 1.295 1.295 1.303 1.31 1.316 1.339 1.354 1.354 1.359 1.359 1.353 1.353 1.359 1.36 1.384 1.393 1.408 1.431 1.44 1.463 1.476 1.476 1.476 0.763 0.76 0.76 0.76 0.76 0.746 0.733 0.695 0.681 0.672 0.664 0.659 0.662 0.662 0.656 0.634 
1 1 1 1 1 1 1 1 1 1 1 1 1 1 1 1 1 1 1 1 1 1 1 1 1 1 1 1 1 1 1 1 1 1 1 1 1 1 1 1 1 1 1 1 1 1 1 1 1 1 1 1 1 1 1 1 1 1 1 1 1 1 1 1 1 1 1 1 1 1 1 1 1 1 1 1 1 1 1 1 1 1 1 1 1 1 1 1 1 1 1 1 1 1 1 1 1 1 1 1 1 1 1 1 1 1 1 1 1 1 1 1 1 1 1 1 1 1 1 1 1 1 1 1 1 1 1 1 1 1 1 1 1 1 1 1 1 1 1 1 1 1 1 1 1 1 1 1 1 1 1 1 1 1 1 1 1 1 1 1 1 1 1 1 1 1 1 1 1 1 1 1 1 1 1 1 1 1 1 1 1 1 1 1 1 1 1 1 1 1 1 1 1 1 1 1 1 1 1 1 1 1 1 1 1 1 1 1 1 1 1 1 1 1 1 1 1 1 1 1 1 1 1 1 1 1 1 1 1 1 1 1 0 0 0 1 1 1 1 1 1 1 1 1 1 1 1 1 1 1 1 1 1 1 1 1 1 1 1 1 1 1 1 1 1 1 1 1 1 1 1 1 1 1 1 1 1 1 1 1 1 1 1 1 1 1 1 1 1 1 1 1 1 1 1 1 1 1 1 1 1 1 1 1 1 1 1 1 1 1 1 1 1 1 1 1 1 1 1 1 1 1 1 1 1 1 1 1 1 1 1 1 1 1 1 1 1 1 0 0 0 1 1 1 1 1 1 1 1 1 1 1 1 1 1 1 1 1 1 1 1 1 1 1 1 1 1 1 1 1 1 1 1 1 1 1 1 1 1 1 1 1 1 1 1 1 1 1 1 1 1 1 1 1 1 1 1 1 1 1 1 1 1 1 1 1 1 1 1 1 1 1 1 1 1 1 1 1 1 1 1 1 1 1 1 1 1 1 1 1 0 0 0 0 0 0 0 0 1 1 1 1 1 1 1 1 1 1 1 1 1 1 1 1 1 1 1 1 1 1 1 1 1 0 0 0 0 0 1 1 1 1 1 1 1 1 1 1 1 1 1 1 1 1 1 1 1 1 1 1 1 1 1 1 1 1 1 1 1 1 1 1 1 1 1 1 1 1 1 1 1 1 1 1 1 1 1 1 0 0 0 0 1 1 1 1 1 1 1 0 0 0 0 0 0 0 1 1 1 1 1 1 1 1 1 1 0 0 0 0 0 0 0 1 0 0 0 0 0 0 0 0 0 0 0 0 0 0 0 1 1 1 1 1 1 1 1 1 1 1 1 1 1 1 1 1 1 1 1 1 1 1 1 1 1 1 1 1 1 1 1 1 1 1 1 1 1 1 1 1 1 1 1 1 1 1 1 1 1 1 1 1 1 1 1 1 1 1 1 1 1 1 1 1 1 1 1 1 1 1 1 1 1 1 1 1 1 1 1 1 1 1 1 1 1 1 1 1 1 1 1 1 1 1 1 1 1 1 1 1 1 1 1 1 1 1 1 1 1 1 1 1 
