# This file contains a 2D laser scan observation. 
# Its format is: 
# [aperture] [max_range] [number_of_scans] 
# [vector_of_scans] 
# [vector_of_valid_scans] 
# The aperture of the sensor is in radians, the maximum range 
# and measurements are in meters. '1' means a valid scan, '0' otherwise.
4.1847
5.6
682
0.58 0.584 0.58 0.584 0.58 0.581 0.581 0.581 0.581 0.584 0.587 0.587 0.59 0.59 0.59 0.59 0.59 0.59 0.59 0.592 0.592 0.593 0.594 0.594 0.595 0.595 0.595 0.595 0.595 0.598 0.599 0.599 0.599 0.605 0.606 0.606 0.606 0.606 0.597 0.418 0.383 0.378 0.368 0.366 0.365 0.362 0.362 0.357 0.357 0.352 0.352 0.348 0.348 0.345 0.34 0.34 0.34 0.34 0.34 0.332 0.331 0.331 0.332 0.336 0.336 0.336 0.331 0.331 0.331 0.325 0.324 0.331 0.329 0.324 0.325 0.329 0.325 0.323 0.324 0.323 0.323 0.324 0.325 0.328 0.328 0.328 0.325 0.325 0.325 0.328 0.328 0.328 0.328 0.328 0.326 0.325 0.324 0.324 0.324 0.327 0.328 0.329 0.334 0.334 0.334 0.333 0.334 0.335 0.335 0.335 0.338 0.338 0.343 0.344 0.344 0.344 0.344 0.345 0.345 0.349 0.349 0.354 0.357 0.357 0.357 0.36 0.36 0.36 0.366 0.37 0.379 0.382 0.48 0.928 0.971 0.982 0.983 1.006 1.01 1.012 1.016 1.041 1.058 1.067 1.069 1.082 1.103 1.115 1.126 1.142 1.154 1.161 1.181 1.201 1.212 1.221 1.246 1.25 1.275 1.286 1.301 1.326 1.344 1.344 1.365 1.379 1.379 1.333 1.333 1.224 1.205 1.202 1.202 1.199 1.196 1.199 1.199 1.21 1.213 1.217 1.213 1.21 1.123 1.123 1.123 1.162 1.162 1.162 1.157 1.157 1.157 1.162 1.278 0.008 0.007 1.44 1.428 1.428 1.427 1.428 1.426 1.426 1.424 1.424 1.423 1.422 1.418 1.418 1.416 1.413 1.403 1.397 1.397 1.396 1.396 1.396 1.392 1.399 1.402 1.4 1.4 1.4 1.397 1.397 1.397 1.402 1.404 1.405 1.412 1.422 1.422 1.422 1.421 1.414 1.412 1.405 1.405 1.405 1.405 1.398 1.398 1.393 1.392 1.392 1.4 1.392 1.4 1.4 1.4 1.402 1.404 1.407 1.408 1.409 1.413 1.413 1.414 1.414 1.415 1.418 1.419 1.419 1.419 1.419 1.422 1.423 1.427 1.428 1.431 1.432 1.438 1.441 1.442 1.444 1.445 1.452 1.456 1.456 1.456 1.458 1.458 1.463 1.467 1.471 1.471 1.481 1.481 1.482 1.483 1.49 1.491 1.495 1.501 1.505 1.511 1.515 1.519 1.52 1.525 1.526 1.536 1.538 1.543 0 0 0 1.569 1.566 1.566 1.569 1.581 1.581 1.583 1.586 1.59 1.596 1.613 1.617 1.618 1.623 1.636 1.638 1.644 1.65 1.655 1.661 1.672 1.676 1.679 1.686 1.693 1.695 1.708 1.717 1.723 1.733 1.742 1.75 1.755 1.763 1.776 1.782 1.79 1.795 1.805 1.816 1.827 1.837 1.844 1.864 1.866 1.889 1.89 1.896 1.912 1.925 1.937 1.938 1.938 1.938 1.912 1.59 1.59 1.59 1.695 1.805 1.808 1.812 1.815 2.058 2.058 2.058 1.552 1.538 1.534 1.53 1.53 1.529 1.529 1.53 1.543 1.548 1.883 1.883 1.883 1.743 1.72 1.714 1.713 1.712 1.702 1.7 1.7 1.694 1.687 1.42 1.416 1.416 1.42 0 0 0 0 0 0 0 0 0 1.627 1.627 1.627 0 0 0 0 1.372 1.368 1.363 1.355 1.352 1.352 1.335 1.333 1.328 1.318 1.313 1.306 1.303 1.297 1.29 1.283 1.283 1.278 1.278 0.007 0 0 0 0 0 1.178 1.165 1.165 1.165 1.178 1.179 3.306 3.306 3.306 3.306 3.292 3.292 1.546 1.546 1.546 1.554 3.299 3.299 3.299 1.343 1.336 1.336 1.318 1.318 1.318 1.321 1.328 1.33 1.339 1.349 1.353 1.354 1.353 1.352 1.352 1.351 1.351 1.346 1.335 1.331 1.331 1.331 1.335 1.341 1.341 1.341 1.341 1.341 1.343 1.343 1.346 1.346 4.909 4.915 0 4.915 0 0.007 0 2.815 0 4.225 4.225 4.225 4.225 4.225 4.167 4.167 0.007 4.338 4.336 4.336 4.336 4.338 4.341 4.341 4.341 4.341 4.343 4.264 0 0.007 3.887 3.887 0 0 0 0 0 0 0 0 0 0 0 0 0 0 3.048 2.997 2.81 2.329 2.28 2.241 2.191 2.143 2.085 2.043 2.024 1.982 1.934 1.889 1.853 1.817 1.787 1.765 1.735 1.705 1.689 1.666 1.646 1.644 1.644 1.646 1.646 1.644 1.592 1.577 1.551 1.545 1.545 1.545 1.547 1.554 1.556 1.568 1.572 1.574 1.576 1.587 1.603 1.604 1.623 1.626 1.628 1.628 1.628 1.626 1.613 1.605 1.591 1.573 1.562 1.547 1.538 1.527 1.512 1.505 1.489 1.47 1.46 1.456 1.432 1.43 1.422 1.4 1.392 1.39 1.38 1.369 1.358 1.348 1.324 1.319 1.313 1.306 1.304 1.304 1.281 1.276 1.273 1.266 1.266 1.266 1.282 1.288 1.296 1.325 1.334 1.336 1.336 1.336 1.336 1.336 1.336 1.345 1.359 1.381 1.397 1.419 1.439 1.466 1.481 1.498 1.526 1.549 1.583 1.585 1.623 1.641 1.674 1.693 1.739 1.777 1.813 1.838 1.894 2.134 2.18 2.227 2.227 0.007 0 0 0 0 0 0 0.007 0 0 0.007 0 0.007 0 0 0 0 0 2.879 2.879 2.879 
1 1 1 1 1 1 1 1 1 1 1 1 1 1 1 1 1 1 1 1 1 1 1 1 1 1 1 1 1 1 1 1 1 1 1 1 1 1 1 1 1 1 1 1 1 1 1 1 1 1 1 1 1 1 1 1 1 1 1 1 1 1 1 1 1 1 1 1 1 1 1 1 1 1 1 1 1 1 1 1 1 1 1 1 1 1 1 1 1 1 1 1 1 1 1 1 1 1 1 1 1 1 1 1 1 1 1 1 1 1 1 1 1 1 1 1 1 1 1 1 1 1 1 1 1 1 1 1 1 1 1 1 1 1 1 1 1 1 1 1 1 1 1 1 1 1 1 1 1 1 1 1 1 1 1 1 1 1 1 1 1 1 1 1 1 1 1 1 1 1 1 1 1 1 1 1 1 1 1 1 1 1 1 1 1 1 1 1 1 1 1 1 1 0 0 1 1 1 1 1 1 1 1 1 1 1 1 1 1 1 1 1 1 1 1 1 1 1 1 1 1 1 1 1 1 1 1 1 1 1 1 1 1 1 1 1 1 1 1 1 1 1 1 1 1 1 1 1 1 1 1 1 1 1 1 1 1 1 1 1 1 1 1 1 1 1 1 1 1 1 1 1 1 1 1 1 1 1 1 1 1 1 1 1 1 1 1 1 1 1 1 1 1 1 1 1 1 1 1 1 1 1 1 0 0 0 1 1 1 1 1 1 1 1 1 1 1 1 1 1 1 1 1 1 1 1 1 1 1 1 1 1 1 1 1 1 1 1 1 1 1 1 1 1 1 1 1 1 1 1 1 1 1 1 1 1 1 1 1 1 1 1 1 1 1 1 1 1 1 1 1 1 1 1 1 1 1 1 1 1 1 1 1 1 1 1 1 1 1 1 1 1 1 1 1 1 1 1 1 0 0 0 0 0 0 0 0 0 1 1 1 0 0 0 0 1 1 1 1 1 1 1 1 1 1 1 1 1 1 1 1 1 1 1 0 0 0 0 0 0 1 1 1 1 1 1 1 1 1 1 1 1 1 1 1 1 1 1 1 1 1 1 1 1 1 1 1 1 1 1 1 1 1 1 1 1 1 1 1 1 1 1 1 1 1 1 1 1 1 1 1 1 1 1 0 1 0 0 0 1 0 1 1 1 1 1 1 1 0 1 1 1 1 1 1 1 1 1 1 1 0 0 1 1 0 0 0 0 0 0 0 0 0 0 0 0 0 0 1 1 1 1 1 1 1 1 1 1 1 1 1 1 1 1 1 1 1 1 1 1 1 1 1 1 1 1 1 1 1 1 1 1 1 1 1 1 1 1 1 1 1 1 1 1 1 1 1 1 1 1 1 1 1 1 1 1 1 1 1 1 1 1 1 1 1 1 1 1 1 1 1 1 1 1 1 1 1 1 1 1 1 1 1 1 1 1 1 1 1 1 1 1 1 1 1 1 1 1 1 1 1 1 1 1 1 1 1 1 1 1 1 1 1 1 1 1 1 1 1 1 1 0 0 0 0 0 0 0 0 0 0 0 0 0 0 0 0 0 0 1 1 1 
