# This file contains a 2D laser scan observation. 
# Its format is: 
# [aperture] [max_range] [number_of_scans] 
# [vector_of_scans] 
# [vector_of_valid_scans] 
# The aperture of the sensor is in radians, the maximum range 
# and measurements are in meters. '1' means a valid scan, '0' otherwise.
4.1847
5.6
682
1.079 1.089 1.092 1.102 1.103 1.115 1.116 1.123 1.127 1.133 1.137 1.145 1.166 1.173 1.177 1.191 1.202 1.205 1.211 1.221 1.227 1.234 1.248 1.257 1.267 1.272 1.287 1.304 1.312 1.324 1.333 1.34 1.359 1.369 1.383 1.395 1.401 1.418 1.418 1.431 0.007 1.483 1.385 1.385 1.306 1.301 1.3 1.292 1.3 1.293 1.293 1.291 1.212 1.212 1.212 1.231 1.25 1.315 0.007 0.008 0 0 0 0 0 0.008 0.008 0.008 0.008 1.515 1.5 1.497 1.497 1.489 1.487 1.485 1.481 1.481 1.47 1.463 1.457 1.456 1.454 1.454 1.454 1.454 1.445 1.439 1.432 1.427 1.427 1.425 1.422 1.422 1.422 1.422 1.422 1.422 1.421 1.416 1.415 1.415 1.41 1.407 1.404 1.403 1.399 1.399 1.399 1.397 1.394 1.397 1.397 1.393 1.389 1.389 1.388 1.384 1.378 1.378 1.378 1.379 1.379 1.383 1.379 1.379 1.383 1.383 1.381 1.384 1.381 1.381 1.384 1.386 1.386 1.386 1.385 1.384 1.384 1.383 1.383 1.38 1.374 1.374 1.374 1.377 1.377 1.379 1.378 1.378 1.381 1.385 1.385 1.385 1.385 1.386 1.385 1.386 1.388 1.39 1.394 1.396 1.394 1.398 1.403 1.404 1.405 1.411 1.413 1.413 1.413 1.413 1.415 1.415 1.415 1.423 1.425 1.429 1.433 1.435 1.435 0 0 0 1.451 1.451 1.451 1.454 1.459 1.459 1.461 1.464 1.466 1.469 1.469 1.474 1.483 1.488 1.49 1.493 1.495 1.495 1.5 1.509 1.509 1.518 1.523 1.529 1.534 1.535 1.539 1.549 1.555 1.562 1.568 1.568 1.573 1.581 1.585 1.588 1.589 1.597 1.6 1.607 1.608 1.616 1.63 1.636 1.644 1.647 1.652 1.662 1.678 1.681 1.682 1.688 1.698 1.711 1.715 1.726 1.733 1.743 1.752 1.752 1.752 1.417 1.409 1.409 1.409 1.632 1.632 1.632 1.618 1.614 1.614 1.614 1.614 1.365 1.338 1.333 1.327 1.32 1.32 1.32 1.325 1.334 1.343 1.344 2.028 2.058 2.07 2.07 2.07 2.07 1.518 1.503 1.502 1.487 1.484 1.472 1.255 1.225 1.203 1.2 1.199 1.199 1.2 2.337 2.364 2.416 2.416 2.426 2.469 2.487 2.491 2.529 2.529 2.529 1.402 1.393 1.393 1.381 1.381 1.379 1.159 1.148 1.148 1.136 1.128 1.125 1.122 1.113 1.107 1.104 1.096 1.085 1.076 1.07 1.057 1.057 1.052 1.051 1.05 1.05 1.035 1.035 0.007 0 0 0 0 0 0 0.94 0.937 0.937 0.938 0.938 0.938 0.939 1.096 1.102 3.091 3.091 3.091 3.088 3.079 3.073 3.072 1.298 1.295 1.295 1.295 1.295 3.097 3.097 3.097 1.101 1.098 1.083 1.083 1.077 1.074 1.071 1.071 1.074 1.079 1.086 1.086 1.089 1.102 1.105 1.105 1.104 1.104 1.104 1.103 1.103 1.103 1.098 1.094 1.086 1.079 1.079 1.086 1.087 1.093 1.098 1.093 1.093 1.086 1.086 1.082 1.086 1.095 1.095 1.096 1.099 3.553 3.553 3.553 3.553 0 2.57 2.591 0 4.034 4.034 0.007 4.034 4.034 0.006 0.006 0.006 0.006 4.099 4.092 4.092 4.099 4.103 4.111 4.111 4.111 4.113 0.015 0 0 0 0 0 0 0.007 0 0 0 0 0 0 0 0 0 0 0 0 2.966 2.895 2.842 2.797 2.797 2.746 2.715 2.165 2.05 2.037 1.971 1.932 1.902 1.873 1.847 1.825 1.793 1.759 1.743 1.712 1.681 1.661 1.654 1.611 1.598 1.575 1.549 1.531 1.519 1.492 1.478 1.457 1.444 1.432 1.426 1.426 1.426 1.426 1.426 1.422 1.389 1.373 1.364 1.345 1.332 1.332 1.332 1.334 1.336 1.349 1.349 1.35 1.356 1.364 1.367 1.372 1.397 1.405 1.415 1.426 1.448 1.448 1.448 1.44 1.434 1.419 1.418 1.405 1.399 1.39 1.375 1.369 1.358 1.345 1.339 1.326 1.322 1.311 1.307 1.294 1.291 1.281 1.276 1.27 1.259 1.257 1.242 1.242 1.24 1.228 1.223 1.221 1.214 1.212 1.203 1.193 1.174 1.164 1.164 1.154 1.154 1.152 1.141 1.135 1.135 1.135 1.135 1.119 1.119 1.119 1.127 1.146 1.155 1.175 1.197 1.206 1.219 1.219 1.206 1.206 1.213 1.213 1.223 1.248 1.276 1.288 1.314 1.361 1.411 1.438 1.493 1.534 1.586 1.65 1.7 1.754 2.071 2.121 2.135 0 0 0 0 0 0.007 0 0 0.007 0 0 0 2.757 2.757 2.757 2.789 0 0 0 0 0 0 0 0 0 0 0 0 0 0 0 0 0.007 0 0 0 0 0 0 0 0 0 0 0 0 0 0 0 0 0 0 0 0 0 0 0 0 0 0 0 0 0 0 0 0.996 0.996 0.996 1.015 1.015 1.019 1.019 1.018 1.016 1.016 1.015 1.011 1.011 1.01 1.011 1.01 1.013 1.012 1.012 1.01 1.012 1.012 1.018 1.018 1.019 1.019 1.019 1.019 1.02 1.02 1.022 1.027 1.027 1.03 1.032 
1 1 1 1 1 1 1 1 1 1 1 1 1 1 1 1 1 1 1 1 1 1 1 1 1 1 1 1 1 1 1 1 1 1 1 1 1 1 1 1 0 1 1 1 1 1 1 1 1 1 1 1 1 1 1 1 1 1 0 0 0 0 0 0 0 0 0 0 0 1 1 1 1 1 1 1 1 1 1 1 1 1 1 1 1 1 1 1 1 1 1 1 1 1 1 1 1 1 1 1 1 1 1 1 1 1 1 1 1 1 1 1 1 1 1 1 1 1 1 1 1 1 1 1 1 1 1 1 1 1 1 1 1 1 1 1 1 1 1 1 1 1 1 1 1 1 1 1 1 1 1 1 1 1 1 1 1 1 1 1 1 1 1 1 1 1 1 1 1 1 1 1 1 1 1 1 1 1 1 1 1 0 0 0 1 1 1 1 1 1 1 1 1 1 1 1 1 1 1 1 1 1 1 1 1 1 1 1 1 1 1 1 1 1 1 1 1 1 1 1 1 1 1 1 1 1 1 1 1 1 1 1 1 1 1 1 1 1 1 1 1 1 1 1 1 1 1 1 1 1 1 1 1 1 1 1 1 1 1 1 1 1 1 1 1 1 1 1 1 1 1 1 1 1 1 1 1 1 1 1 1 1 1 1 1 1 1 1 1 1 1 1 1 1 1 1 1 1 1 1 1 1 1 1 1 1 1 1 1 1 1 1 1 1 1 1 1 1 1 1 1 1 1 1 1 1 0 0 0 0 0 0 0 1 1 1 1 1 1 1 1 1 1 1 1 1 1 1 1 1 1 1 1 1 1 1 1 1 1 1 1 1 1 1 1 1 1 1 1 1 1 1 1 1 1 1 1 1 1 1 1 1 1 1 1 1 1 1 1 1 1 1 1 1 1 1 1 1 1 1 1 1 0 1 1 0 1 1 0 1 1 0 0 0 0 1 1 1 1 1 1 1 1 1 0 0 0 0 0 0 0 0 0 0 0 0 0 0 0 0 0 0 0 0 1 1 1 1 1 1 1 1 1 1 1 1 1 1 1 1 1 1 1 1 1 1 1 1 1 1 1 1 1 1 1 1 1 1 1 1 1 1 1 1 1 1 1 1 1 1 1 1 1 1 1 1 1 1 1 1 1 1 1 1 1 1 1 1 1 1 1 1 1 1 1 1 1 1 1 1 1 1 1 1 1 1 1 1 1 1 1 1 1 1 1 1 1 1 1 1 1 1 1 1 1 1 1 1 1 1 1 1 1 1 1 1 1 1 1 1 1 1 1 1 1 1 1 1 1 1 1 1 1 1 1 1 1 1 1 1 1 1 1 0 0 0 0 0 0 0 0 0 0 0 0 1 1 1 1 0 0 0 0 0 0 0 0 0 0 0 0 0 0 0 0 0 0 0 0 0 0 0 0 0 0 0 0 0 0 0 0 0 0 0 0 0 0 0 0 0 0 0 0 0 0 0 0 1 1 1 1 1 1 1 1 1 1 1 1 1 1 1 1 1 1 1 1 1 1 1 1 1 1 1 1 1 1 1 1 1 1 1 
