# This file contains a 2D laser scan observation. 
# Its format is: 
# [aperture] [max_range] [number_of_scans] 
# [vector_of_scans] 
# [vector_of_valid_scans] 
# The aperture of the sensor is in radians, the maximum range 
# and measurements are in meters. '1' means a valid scan, '0' otherwise.
4.1847
5.6
682
1.561 1.559 1.559 1.559 1.56 1.56 1.563 1.566 1.57 1.571 1.574 1.579 1.585 1.585 1.585 1.578 1.567 1.566 1.566 1.56 1.559 1.559 1.559 1.56 1.561 1.561 1.56 1.56 1.563 1.563 1.57 1.57 1.564 1.57 1.564 1.564 1.57 1.574 1.575 1.581 1.581 1.585 1.585 1.585 1.587 1.585 1.585 1.59 1.592 1.591 1.594 1.598 1.601 1.607 1.608 1.611 1.612 1.613 1.614 1.614 1.621 1.623 1.631 1.632 1.639 1.641 1.645 1.648 1.655 1.656 1.658 1.659 1.663 1.67 1.673 1.679 1.681 1.69 1.695 1.7 1.705 1.712 1.714 1.714 1.714 1.408 1.408 1.408 1.437 1.746 1.76 1.76 1.76 1.759 1.731 1.684 1.334 1.315 1.301 1.301 1.301 1.301 1.303 1.306 1.308 1.318 1.331 1.886 1.899 1.9 1.899 1.899 1.169 1.156 1.156 1.141 1.13 1.123 1.122 1.122 1.123 1.433 1.436 1.441 1.441 1.444 1.457 1.474 1.61 2.071 2.073 2.08 2.073 2.107 2.133 2.133 2.054 1.047 1.047 1.046 1.031 1.03 1.019 0.992 0.99 0.97 0.964 0.941 0.94 0.939 0.922 0.92 0.91 0.879 0.87 0.849 0.794 0.792 0.788 0.792 0.788 0.786 0.786 0.796 0 0 0 0 0 0 0 0 0 0 0 0 0 0 0 0 0.007 0 3.029 0 0 0 0 0 0 0.007 2.836 1.099 0.961 0.916 0.897 0.886 0.869 0.868 0.867 0.868 0.869 0.873 0.873 0.873 0.874 0.874 0.874 0.883 0.888 0.888 0.888 0.888 0.885 0.884 0.884 0.882 0.878 0.878 0.876 0.875 0.875 0.851 0.844 0.844 0.845 0.845 0.845 0.848 0.848 0.848 0.846 0.845 0.845 0.845 0.841 0.841 0.841 0.84 0.84 0.841 0.84 0.84 0.841 0.848 0.008 0.008 0.008 0.006 0.007 0 0 0 0 4.72 4.632 4.463 4.463 4.408 4.402 2.549 2.549 2.549 3.128 0.007 3.128 3.128 3.263 3.263 0.007 3.263 2.321 2.321 2.321 3.797 3.8 3.8 3.797 3.711 3.606 3.606 3.285 3.606 0.007 3.824 3.814 3.82 3.816 3.82 3.82 3.826 3.829 3.834 3.834 3.834 3.837 0.015 0.015 0.015 0.015 0 3.294 3.294 0.007 3.294 3.294 0 0 0 0 0 0 3.085 3 2.804 2.724 2.679 2.607 2.565 2.483 2.446 2.363 1.756 1.714 1.693 1.676 1.642 1.601 1.559 1.529 1.503 1.486 1.46 1.44 1.417 1.389 1.372 1.345 1.329 1.309 1.287 1.273 1.26 1.242 1.22 1.193 1.19 1.172 1.161 1.139 1.126 1.116 1.114 1.109 1.109 1.114 1.116 1.116 1.116 1.095 1.072 1.055 1.045 1.028 1.026 1.019 1.01 1.01 1.011 1.019 1.021 1.021 1.021 1.021 1.021 1.033 1.036 1.04 1.042 1.049 1.052 1.063 1.089 1.097 1.105 1.111 1.127 1.129 1.131 1.131 1.131 1.123 1.114 1.102 1.099 1.088 1.088 1.087 1.081 1.061 1.06 1.06 1.06 1.046 1.042 1.031 1.028 1.025 1.021 1.01 0.992 0.992 0.988 0.988 0.987 0.976 0.967 0.963 0.958 0.956 0.956 0.95 0.947 0.947 0.939 0.938 0.934 0.931 0.93 0.922 0.919 0.919 0.911 0.911 0.902 0.9 0.878 0.878 0.868 0.868 0.868 0.868 0.868 0.868 0.868 0.867 0.864 0.855 0.855 0.855 0.855 0.853 0.849 0.849 0.849 0.849 0.851 0.868 0.883 0.904 0.947 0.947 0.947 0.947 0.947 0.943 0.943 0.943 0.951 0.007 0 0 0 0 0 0 0 0 0 0 0 0 0 0 0 0 0 0 0 0 0 0 0 0.007 3.262 3.262 0 0 0 0 0 0 0 0 0 0 0 0 0 0 0 0 0 0 0 0 0 0 0 0 0 0 0 0 0 0 0 0 0 0 0 0 0 0 0 0 0 0 0 0 0 0 0 0 0 0 0 0 0 0 0 0 0 0 0 0 0 0 0 0 0 0 0 0 0 0 0 0 0 0 0 0 2.515 2.51 0.88 0.87 0.868 0.868 0.868 0.881 0.882 0.882 0.882 0.885 0.888 0.895 0.897 0.9 0.9 0.9 0.902 0.902 0.908 0.911 0.912 0.912 0.912 0.921 0.925 0.927 0.933 0.934 0.936 0.937 0.937 0.943 0.946 0.949 0.951 0.955 0.955 0.956 0.965 0.969 0.973 0.974 0.978 0.979 0.987 0.991 0.993 1 1.008 1.015 1.015 1.017 1.019 1.025 1.026 1.044 1.044 1.045 1.049 1.051 1.06 1.06 1.066 1.072 1.073 1.083 1.091 1.101 1.108 1.108 1.109 1.123 1.136 1.139 1.148 1.149 1.16 1.17 1.173 1.197 1.2 1.209 1.209 1.209 1.204 1.19 1.188 1.176 1.176 1.176 1.177 1.177 1.183 1.191 1.199 1.213 1.215 1.223 1.225 1.231 1.264 1.275 1.294 1.299 1.308 1.308 1.308 1.301 1.293 
1 1 1 1 1 1 1 1 1 1 1 1 1 1 1 1 1 1 1 1 1 1 1 1 1 1 1 1 1 1 1 1 1 1 1 1 1 1 1 1 1 1 1 1 1 1 1 1 1 1 1 1 1 1 1 1 1 1 1 1 1 1 1 1 1 1 1 1 1 1 1 1 1 1 1 1 1 1 1 1 1 1 1 1 1 1 1 1 1 1 1 1 1 1 1 1 1 1 1 1 1 1 1 1 1 1 1 1 1 1 1 1 1 1 1 1 1 1 1 1 1 1 1 1 1 1 1 1 1 1 1 1 1 1 1 1 1 1 1 1 1 1 1 1 1 1 1 1 1 1 1 1 1 1 1 1 1 1 1 1 1 1 1 1 0 0 0 0 0 0 0 0 0 0 0 0 0 0 0 0 0 0 1 0 0 0 0 0 0 0 1 1 1 1 1 1 1 1 1 1 1 1 1 1 1 1 1 1 1 1 1 1 1 1 1 1 1 1 1 1 1 1 1 1 1 1 1 1 1 1 1 1 1 1 1 1 1 1 1 1 1 1 1 1 0 0 0 0 0 0 0 0 0 1 1 1 1 1 1 1 1 1 1 0 1 1 1 1 0 1 1 1 1 1 1 1 1 1 1 1 1 1 0 1 1 1 1 1 1 1 1 1 1 1 1 0 0 0 0 0 1 1 0 1 1 0 0 0 0 0 0 1 1 1 1 1 1 1 1 1 1 1 1 1 1 1 1 1 1 1 1 1 1 1 1 1 1 1 1 1 1 1 1 1 1 1 1 1 1 1 1 1 1 1 1 1 1 1 1 1 1 1 1 1 1 1 1 1 1 1 1 1 1 1 1 1 1 1 1 1 1 1 1 1 1 1 1 1 1 1 1 1 1 1 1 1 1 1 1 1 1 1 1 1 1 1 1 1 1 1 1 1 1 1 1 1 1 1 1 1 1 1 1 1 1 1 1 1 1 1 1 1 1 1 1 1 1 1 1 1 1 1 1 1 1 1 1 1 1 1 1 1 1 1 1 1 1 1 1 1 1 1 1 1 1 1 1 1 0 0 0 0 0 0 0 0 0 0 0 0 0 0 0 0 0 0 0 0 0 0 0 0 0 1 1 0 0 0 0 0 0 0 0 0 0 0 0 0 0 0 0 0 0 0 0 0 0 0 0 0 0 0 0 0 0 0 0 0 0 0 0 0 0 0 0 0 0 0 0 0 0 0 0 0 0 0 0 0 0 0 0 0 0 0 0 0 0 0 0 0 0 0 0 0 0 0 0 0 0 0 0 1 1 1 1 1 1 1 1 1 1 1 1 1 1 1 1 1 1 1 1 1 1 1 1 1 1 1 1 1 1 1 1 1 1 1 1 1 1 1 1 1 1 1 1 1 1 1 1 1 1 1 1 1 1 1 1 1 1 1 1 1 1 1 1 1 1 1 1 1 1 1 1 1 1 1 1 1 1 1 1 1 1 1 1 1 1 1 1 1 1 1 1 1 1 1 1 1 1 1 1 1 1 1 1 1 1 1 1 1 1 1 
