# This file contains a 2D laser scan observation. 
# Its format is: 
# [aperture] [max_range] [number_of_scans] 
# [vector_of_scans] 
# [vector_of_valid_scans] 
# The aperture of the sensor is in radians, the maximum range 
# and measurements are in meters. '1' means a valid scan, '0' otherwise.
4.1847
5.6
682
1.794 1.801 1.801 1.803 1.808 1.81 1.81 1.808 1.803 1.522 1.522 1.522 1.557 1.833 1.846 1.855 1.858 1.867 1.867 1.867 1.424 1.417 1.413 1.412 1.413 1.413 1.416 1.422 1.45 1.45 1.922 4.617 4.617 1.249 1.228 1.19 1.185 1.185 1.19 1.195 1.512 1.524 1.526 1.524 1.526 1.526 1.53 1.535 1.55 1.569 0.006 0.006 0.006 1.144 1.142 1.108 1.124 1.106 1.102 1.076 1.075 1.072 1.062 0.888 0.843 0.838 0.833 0.833 0.832 0.832 0.833 0.841 0.852 0 0 0 0 0 0 0 0 0 0 0 0 0 0 0 0 0 0 0 0 0 0 2.813 0 0.007 2.972 2.972 2.972 2.86 0.922 0.915 0.896 0.896 0.889 0.889 0.89 0.89 0.887 0.887 0.881 0.881 0.881 0.889 0.889 0.892 0.892 0.889 0.885 0.881 0.88 0.88 0.872 0.871 0.869 0.858 0.843 0.843 0.842 0.843 0.847 0.847 0.833 0.833 0.828 0.827 0.826 0.822 0.822 0.822 0.821 0.821 0.817 0.815 0.814 0.814 0.814 0.829 0.848 0.864 0.889 0 0 0 0 2.323 2.323 2.323 2.323 2.323 2.084 2.084 2.084 0 0 0 0 3.234 3.132 3.132 3.132 3.133 0.007 0 0 0.007 0 0 0 0 0 0 4.72 4.676 2.498 2.498 2.498 2.441 2.44 0.006 0.006 4.334 0.006 0.007 4.334 2.258 2.258 2.258 4.341 4.341 4.341 4.341 4.334 4.301 4.301 0.006 3.737 3.712 2.563 2.496 2.496 2.563 3.73 3.732 3.736 3.738 3.742 3.746 3.749 3.751 3.757 3.757 3.751 2.06 2.06 2.053 2.05 1.738 1.738 1.738 0 0 0 0 0 0 0 0 0 0 0 0 0 0 0 1.592 1.562 1.535 1.519 1.514 1.513 1.427 1.383 1.329 1.314 1.307 1.299 1.283 1.228 1.189 1.161 1.133 1.121 1.101 1.079 1.063 1.044 1.021 1.014 0.992 0.988 0.984 0.984 0.988 0.99 0.996 0.996 0.996 0.961 0.932 0.927 0.909 0.891 0.888 0.887 0.887 0.887 0.879 0.879 0.892 0.892 0.885 0.892 0.896 0.898 0.902 0.904 0.904 0.902 0.902 0.902 0.902 0.912 0.927 0.949 0.954 0.954 0.966 0.969 0.974 0.975 0.989 0.989 0.989 0.986 0.982 0.958 0.957 0.957 0.952 0.944 0.936 0.933 0.93 0.912 0.906 0.903 0.902 0.888 0.888 0.884 0.877 0.873 0.865 0.862 0.86 0.852 0.844 0.84 0.838 0.836 0.835 0.833 0.821 0.82 0.817 0.816 0.812 0.812 0.809 0.803 0.796 0.787 0.786 0.783 0.78 0.779 0.777 0.777 0.777 0.77 0.765 0.763 0.757 0.751 0.731 0.73 0.729 0.723 0.723 0.723 0.72 0.718 0.718 0.718 0.714 0.714 0.704 0.704 0.709 0.697 0.698 0.698 0.697 0.696 0.691 0.69 0.69 0.69 0.69 0.696 0.698 0.717 0.724 0.755 0.006 0.006 0.006 0.798 0.791 0.79 0.79 0.789 0.789 0.79 0.794 0 0 0 0 0 0 0 0 0 0 2.021 2.021 2.021 2.051 0 0 0 0.007 0 0.007 0 2.764 0 0 0 0 0 0 0.01 0 0.006 0.006 0 0 0 0 0 0 0 0 0 0 0 0 0 0 0 0 0 0 0 0 0 0.007 0 0 0 0 0 0 0 0 0 0 0 0 0 0 0 0 0 0 0 0 0 0 0 0 0 0 0 0 0 0 0 0 0 0 0 0 0 0 0 0 0 0 0 0 0 0 0 0 0 0 0 0 0 0 0 0 0 0 0 2.151 2.151 2.151 0 0 0 0 1.863 1.863 1.857 1.851 0.796 0.78 0.769 0.766 0.765 0.765 0.766 0.774 0.781 0.781 0.782 0.784 0.785 0.796 0.796 0.797 0.797 0.799 0.799 0.809 0.809 0.813 0.817 0.818 0.823 0.823 0.827 0.83 0.834 0.835 0.843 0.846 0.849 0.851 0.851 0.857 0.862 0.869 0.871 0.878 0.879 0.88 0.887 0.891 0.896 0.896 0.9 0.903 0.904 0.919 0.928 0.934 0.936 0.941 0.941 0.95 0.957 0.962 0.969 0.98 0.991 0.995 0.996 1.005 1.014 1.026 1.026 1.031 1.038 1.044 1.049 1.062 1.07 1.08 1.088 1.097 1.104 1.116 1.119 1.156 1.163 1.164 1.164 1.163 1.153 1.143 1.14 1.134 1.134 1.142 1.141 1.142 1.142 1.153 1.16 1.179 1.186 1.199 1.202 1.229 1.247 1.257 1.278 1.281 1.281 1.281 1.281 1.276 1.267 1.265 1.261 1.259 1.252 1.247 1.243 1.242 1.233 1.215 1.205 1.205 1.205 1.205 1.205 1.199 1.196 1.196 1.196 1.196 1.192 1.195 1.195 1.195 1.232 1.289 1.307 1.31 1.31 1.307 1.307 1.31 1.334 1.415 1.463 1.508 1.57 0 0 0 0 0 
1 1 1 1 1 1 1 1 1 1 1 1 1 1 1 1 1 1 1 1 1 1 1 1 1 1 1 1 1 1 1 1 1 1 1 1 1 1 1 1 1 1 1 1 1 1 1 1 1 1 0 0 0 1 1 1 1 1 1 1 1 1 1 1 1 1 1 1 1 1 1 1 1 0 0 0 0 0 0 0 0 0 0 0 0 0 0 0 0 0 0 0 0 0 0 1 0 0 1 1 1 1 1 1 1 1 1 1 1 1 1 1 1 1 1 1 1 1 1 1 1 1 1 1 1 1 1 1 1 1 1 1 1 1 1 1 1 1 1 1 1 1 1 1 1 1 1 1 1 1 1 1 1 0 0 0 0 1 1 1 1 1 1 1 1 0 0 0 0 1 1 1 1 1 0 0 0 0 0 0 0 0 0 0 1 1 1 1 1 1 1 0 0 1 0 0 1 1 1 1 1 1 1 1 1 1 1 0 1 1 1 1 1 1 1 1 1 1 1 1 1 1 1 1 1 1 1 1 1 1 1 1 0 0 0 0 0 0 0 0 0 0 0 0 0 0 0 1 1 1 1 1 1 1 1 1 1 1 1 1 1 1 1 1 1 1 1 1 1 1 1 1 1 1 1 1 1 1 1 1 1 1 1 1 1 1 1 1 1 1 1 1 1 1 1 1 1 1 1 1 1 1 1 1 1 1 1 1 1 1 1 1 1 1 1 1 1 1 1 1 1 1 1 1 1 1 1 1 1 1 1 1 1 1 1 1 1 1 1 1 1 1 1 1 1 1 1 1 1 1 1 1 1 1 1 1 1 1 1 1 1 1 1 1 1 1 1 1 1 1 1 1 1 1 1 1 1 1 1 1 1 1 1 1 1 1 1 1 1 1 1 1 1 1 1 1 1 0 0 0 1 1 1 1 1 1 1 1 0 0 0 0 0 0 0 0 0 0 1 1 1 1 0 0 0 0 0 0 0 1 0 0 0 0 0 0 0 0 0 0 0 0 0 0 0 0 0 0 0 0 0 0 0 0 0 0 0 0 0 0 0 0 0 0 0 0 0 0 0 0 0 0 0 0 0 0 0 0 0 0 0 0 0 0 0 0 0 0 0 0 0 0 0 0 0 0 0 0 0 0 0 0 0 0 0 0 0 0 0 0 0 0 0 0 0 0 0 0 0 0 0 1 1 1 0 0 0 0 1 1 1 1 1 1 1 1 1 1 1 1 1 1 1 1 1 1 1 1 1 1 1 1 1 1 1 1 1 1 1 1 1 1 1 1 1 1 1 1 1 1 1 1 1 1 1 1 1 1 1 1 1 1 1 1 1 1 1 1 1 1 1 1 1 1 1 1 1 1 1 1 1 1 1 1 1 1 1 1 1 1 1 1 1 1 1 1 1 1 1 1 1 1 1 1 1 1 1 1 1 1 1 1 1 1 1 1 1 1 1 1 1 1 1 1 1 1 1 1 1 1 1 1 1 1 1 1 1 1 1 1 1 1 1 1 1 1 1 1 1 1 1 1 1 1 1 1 1 0 0 0 0 0 
