# This file contains a 2D laser scan observation. 
# Its format is: 
# [aperture] [max_range] [number_of_scans] 
# [vector_of_scans] 
# [vector_of_valid_scans] 
# The aperture of the sensor is in radians, the maximum range 
# and measurements are in meters. '1' means a valid scan, '0' otherwise.
4.1847
5.6
682
0 0 0 0 0 0 0 0 0 0 0 0 0 0 0 0 0 2.87 2.87 2.476 2.441 2.441 2.441 2.555 0.006 0.007 0 0 0 0 0 0 0 0 0 3.369 3.359 3.359 3.359 3.359 3.263 3.263 0.007 0 0 0 0 0 0 0 0 0 0 0 2.953 2.331 2.328 2.328 2.331 4.38 0 0.007 4.38 4.38 4.375 4.372 4.375 4.377 4.377 4.377 4.377 3.751 3.751 3.751 0 0 0.006 0.007 3.295 1.752 1.752 1.752 3.76 0.008 0.007 0.018 0.015 0.015 3.776 3.776 3.776 3.776 3.78 3.78 3.775 3.775 3.775 3.743 0.964 0.961 0.961 0.961 0.956 0.952 0.939 0.932 0.844 0.841 0.826 0.826 0.814 0.823 0.814 0.814 0.814 0.814 0.814 0.816 0.817 0.821 0.821 0.822 0.822 0.822 0.822 0.822 0.822 0.823 0.827 0.842 0.846 0.848 0.849 0.852 0.854 0.854 0.854 0.858 0.86 0.86 0.87 0.863 0.863 0.859 0.851 0.84 0.826 0.808 0.797 0.787 0.778 0.756 0.753 0.753 0.735 0.727 0.707 0.705 0.697 0.691 0.674 0.671 0.664 0.66 0.648 0.641 0.631 0.631 0.63 0.625 0.608 0.605 0.603 0.594 0.588 0.582 0.578 0.571 0.57 0.568 0.551 0.53 0.524 0.507 0.505 0.505 0.505 0.505 0.505 0.503 0.503 0.495 0.489 0.481 0.476 0.476 0.469 0.466 0.468 0.466 0.464 0.46 0.46 0.46 0.46 0.46 0.453 0.462 0.456 0.459 0.459 0.462 0.462 0.462 0.464 0.47 0.47 0.473 0.481 0.485 0.489 0.492 0.505 0.508 0.513 0.519 0.527 0.639 0.767 0.767 0.767 0.536 0.53 0.53 0.527 0.529 0.529 0.53 0.529 0.529 0.524 0.524 0.524 0.525 0.537 0.545 0.558 0.563 0.563 0.576 0.583 0.59 0.602 0.613 0.629 0.642 0.661 0.675 0.689 0.707 0.719 0.742 0.762 0.776 0.794 0.813 0.838 0.856 0.876 0.897 0.919 0.948 0.968 1.006 1.034 1.099 1.372 1.395 1.396 1.399 1.399 1.434 1.453 1.481 1.514 1.559 1.561 1.637 1.643 1.712 1.715 1.751 0 0 0 0 0 0 2.119 2.119 2.119 0 0 0 2.47 2.47 2.47 2.721 0 0.007 0 0 0 0 0 4.75 0 0.007 0 0.007 0 0 0 0 0 0 0.007 0 0 0 0 0 0 0 0 0 0 0 0 0 0 0 0 0 0 0.006 0.006 0.006 0 0 0 0 0 0 0 0 0 0 0 0 0 0.007 0 0 0 0 0 0 0 0 0 0 0 0 0 0 0 0 0 0 0 0 0 0 0 0 0 0 0 0 0 0 0 0 0 0 0 0 0 0 2.096 2.096 2.096 0 0 0 0 0 0 0 1.829 1.829 0.007 0 0 0 0 0 0 1.54 1.54 1.54 0 0 0 0 0 2.272 2.27 2.27 2.27 2.27 2.259 2.251 1.28 1.28 1.28 1.28 1.304 1.929 3.391 3.397 3.397 3.391 3.391 1.738 1.718 0.492 0.488 0.477 0.474 0.474 0.474 0.47 0.469 0.469 0.473 0.473 0.474 0.482 0.497 0.5 0.504 0.505 0.507 0.507 0.507 0.513 0.514 0.521 0.525 0.527 0.53 0.531 0.533 0.54 0.543 0.546 0.548 0.549 0.55 0.553 0.556 0.561 0.563 0.575 0.577 0.581 0.583 0.587 0.599 0.599 0.599 0.599 0.609 0.613 0.62 0.625 0.63 0.634 0.642 0.643 0.651 0.651 0.662 0.665 0.67 0.679 0.681 0.691 0.706 0.713 0.721 0.727 0.733 0.734 0.747 0.762 0.767 0.77 0.786 0.802 0.803 0.809 0.819 0.836 0.838 0.857 0.869 0.882 0.899 0.899 0.926 0.947 0.96 0.975 0.975 0.964 0.963 0.963 0.961 0.961 0.957 0.951 0.951 0.951 0.954 0.958 0.963 0.975 0.985 1.018 1.019 1.032 1.069 1.126 1.126 1.126 1.124 1.124 1.124 1.124 1.124 1.124 1.111 1.111 1.111 1.114 1.114 1.115 1.115 1.108 1.097 1.097 1.089 1.084 1.089 1.095 1.095 1.095 1.095 1.088 1.088 1.084 1.081 1.084 1.089 1.096 1.096 1.125 1.207 1.225 1.229 1.233 1.233 2.452 2.454 2.461 2.461 2.466 2.467 2.467 2.467 2.467 2.467 2.34 2.215 2.197 2.186 2.181 2.18 2.18 2.18 2.186 2.194 2.198 2.225 2.482 2.485 2.486 2.486 2.489 2.492 2.496 2.506 2.507 2.507 2.508 2.509 2.513 2.517 2.521 2.527 2.527 2.53 2.532 2.535 2.538 2.543 2.544 2.546 2.559 2.561 2.566 2.575 2.578 2.585 2.587 2.587 2.587 2.588 2.59 2.605 2.618 2.623 2.625 2.632 2.64 2.641 2.642 2.642 2.642 2.191 2.156 2.124 2.116 2.116 2.103 2.086 1.292 1.27 1.267 1.251 1.237 1.236 1.235 1.235 1.235 1.239 1.24 1.242 1.244 
0 0 0 0 0 0 0 0 0 0 0 0 0 0 0 0 0 1 1 1 1 1 1 1 0 0 0 0 0 0 0 0 0 0 0 1 1 1 1 1 1 1 0 0 0 0 0 0 0 0 0 0 0 0 1 1 1 1 1 1 0 0 1 1 1 1 1 1 1 1 1 1 1 1 0 0 0 0 1 1 1 1 1 0 0 0 0 0 1 1 1 1 1 1 1 1 1 1 1 1 1 1 1 1 1 1 1 1 1 1 1 1 1 1 1 1 1 1 1 1 1 1 1 1 1 1 1 1 1 1 1 1 1 1 1 1 1 1 1 1 1 1 1 1 1 1 1 1 1 1 1 1 1 1 1 1 1 1 1 1 1 1 1 1 1 1 1 1 1 1 1 1 1 1 1 1 1 1 1 1 1 1 1 1 1 1 1 1 1 1 1 1 1 1 1 1 1 1 1 1 1 1 1 1 1 1 1 1 1 1 1 1 1 1 1 1 1 1 1 1 1 1 1 1 1 1 1 1 1 1 1 1 1 1 1 1 1 1 1 1 1 1 1 1 1 1 1 1 1 1 1 1 1 1 1 1 1 1 1 1 1 1 1 1 1 1 1 1 1 1 1 1 1 1 1 1 1 1 1 1 1 1 1 1 1 1 1 1 1 1 1 1 0 0 0 0 0 0 1 1 1 0 0 0 1 1 1 1 0 0 0 0 0 0 0 1 0 0 0 0 0 0 0 0 0 0 0 0 0 0 0 0 0 0 0 0 0 0 0 0 0 0 0 0 0 0 0 0 0 0 0 0 0 0 0 0 0 0 0 0 0 0 0 0 0 0 0 0 0 0 0 0 0 0 0 0 0 0 0 0 0 0 0 0 0 0 0 0 0 0 0 0 0 0 0 0 0 0 0 0 1 1 1 0 0 0 0 0 0 0 1 1 0 0 0 0 0 0 0 1 1 1 0 0 0 0 0 1 1 1 1 1 1 1 1 1 1 1 1 1 1 1 1 1 1 1 1 1 1 1 1 1 1 1 1 1 1 1 1 1 1 1 1 1 1 1 1 1 1 1 1 1 1 1 1 1 1 1 1 1 1 1 1 1 1 1 1 1 1 1 1 1 1 1 1 1 1 1 1 1 1 1 1 1 1 1 1 1 1 1 1 1 1 1 1 1 1 1 1 1 1 1 1 1 1 1 1 1 1 1 1 1 1 1 1 1 1 1 1 1 1 1 1 1 1 1 1 1 1 1 1 1 1 1 1 1 1 1 1 1 1 1 1 1 1 1 1 1 1 1 1 1 1 1 1 1 1 1 1 1 1 1 1 1 1 1 1 1 1 1 1 1 1 1 1 1 1 1 1 1 1 1 1 1 1 1 1 1 1 1 1 1 1 1 1 1 1 1 1 1 1 1 1 1 1 1 1 1 1 1 1 1 1 1 1 1 1 1 1 1 1 1 1 1 1 1 1 1 1 1 1 1 1 1 1 1 1 1 1 1 1 1 1 1 1 1 1 1 1 1 1 1 1 1 1 1 1 1 1 1 1 1 
