# This file contains a 2D laser scan observation. 
# Its format is: 
# [aperture] [max_range] [number_of_scans] 
# [vector_of_scans] 
# [vector_of_valid_scans] 
# The aperture of the sensor is in radians, the maximum range 
# and measurements are in meters. '1' means a valid scan, '0' otherwise.
4.1847
5.6
682
0 0 3.497 3.309 2.684 2.684 2.684 2.689 2.774 0 0 0 2.485 2.485 2.485 0 0 0 0 4.894 4.894 4.863 4.863 0.931 0.924 0.909 0.904 0.904 0.909 0.909 0.909 0.909 0.9 0.896 0.891 0.888 0.888 0.881 0.878 0.878 0.874 0.878 0.894 0.896 0.896 0.899 0.899 0.899 0.899 0.897 0.897 0.894 0.892 0.439 0.429 0.429 0.429 0.452 0.453 0.465 0.467 0.467 0.473 0.476 0.473 0.466 0.466 0.458 0.455 0.449 0.448 0.443 0.44 0.44 0.434 0.429 0.429 0.418 0.414 0.414 0.414 0.433 0.433 0.434 0.437 0.439 0.44 0.44 0.44 0.439 0.434 0.43 0.433 0.433 0.433 0.438 0.438 0.438 0.414 0.41 0.407 0.407 0.401 0.395 0.395 0.395 0.397 0.402 0.402 0.406 0.407 0.408 0.408 0.409 0.409 0.409 0.416 0.418 0.418 0.42 0.42 0.42 0.422 0.422 0.422 0.422 0.432 0.433 0.441 0.441 0.441 0.443 0.443 0.443 0.443 0.445 0.445 0.446 0.446 0.447 0.456 0.457 0.463 0.469 0.471 0.471 0.472 0.472 0.476 0.48 0.484 0.486 0.486 0.491 0.491 0.493 0.494 0.499 0.501 0.508 0.51 0.51 0.514 0.515 0.522 0.53 0.531 0.532 0.537 0.543 0.545 0.548 0.554 0.555 0.572 0.575 0.576 0.578 0.587 0.588 0.588 0.592 0.599 0.604 0.612 0.617 0.62 0.621 0.631 0.639 0.645 0.65 0.655 0.669 0.67 0.67 0.687 0.694 0.699 0.712 0.716 0.716 0.718 0.724 0.744 0.747 0.762 0.77 0.778 0.786 0.794 0.81 0.821 0.836 0.845 0.862 0.993 1.038 1.047 1.049 1.051 1.086 1.099 1.1 1.109 1.119 1.14 1.145 1.156 1.157 1.161 1.173 1.188 1.193 1.217 1.229 1.248 1.255 1.257 1.263 1.278 1.287 1.298 1.329 1.37 1.373 1.438 1.471 1.478 1.471 1.471 1.478 1.5 1.526 1.551 1.577 1.614 1.619 1.676 1.7 1.738 1.827 1.838 0 0 0 0 0 0 0 0.007 0 0.007 0 0 0 0 0 0 0 0 0 0 0 0 2.866 4.413 4.42 4.42 4.42 4.425 4.655 4.801 4.801 4.843 0.007 0 0 0 0 0.007 0 0 0 0 0 0 0 0 0 0 0 0 0 0 0 0.006 0.006 0 0.006 0.006 0 0 0 0 0 0 0 0 0 0 0 0 0 0 0 0 0 0.007 0 0 0 0 0 0 0 0 0 0 0 0 0 0 0 0 0 0 0 0 0 0 0 0 0 0 0 0 0 0 0 0 0 0 0 0 0 0 0 0 0 0 0 1.763 1.763 1.763 0 0 0 0 0 0 0 0 0 1.501 1.497 1.497 1.497 1.498 0 0 0 0 0 0 0 0.007 1.953 1.229 1.226 1.226 1.229 1.961 1.961 1.961 1.961 1.959 1.959 1.961 1.966 1.969 1.976 1.98 2.077 2.077 2.077 1.614 1.594 1.594 0.989 0.972 0.972 0.972 0.983 0.994 1 1.409 1.449 1.461 1.461 1.463 0 0 0 1.812 1.812 1.812 3.348 3.348 3.376 3.348 3.325 1.691 1.691 1.691 1.693 3.178 3.211 3.211 3.178 3.178 3.103 3.087 3.087 3.087 3.075 3.06 3.06 3.06 3.046 3.023 1.274 1.166 1.159 1.148 1.148 1.148 1.154 1.169 1.272 1.302 1.302 1.304 1.307 2.795 2.795 2.795 1.354 1.183 1.18 1.177 1.177 1.18 1.185 2.613 0.007 2.613 1.774 1.774 1.774 2.569 2.569 2.569 2.562 2.562 2.562 2.562 2.578 2.578 2.578 2.324 2.197 1.59 1.566 1.563 1.563 1.566 2.705 2.752 2.801 2.801 2.801 2.801 0.234 0.225 0.225 0.224 0.221 0.221 0.222 0.223 0.223 0.223 0.223 0.221 0.221 0.22 0.221 0.222 0.222 0.222 0.222 0.221 0.22 0.22 0.22 0.22 0.221 0.221 0.215 0.215 0.221 0.224 0.225 0.333 0.621 0.668 0.742 0.765 0.774 0.791 0.804 0.807 0.814 0.814 0.826 0.846 0.846 0.846 0.842 0.842 0.842 0.864 0.882 0.889 0.891 0.891 0.889 0.887 0.874 0.864 0.863 0.863 0.863 0.919 1.016 1.017 1.018 1.019 1.02 1.02 1.02 1.021 1.024 1.022 1.024 1.022 1.024 1.024 1.024 1.024 1.024 1.015 1.015 1.01 1.01 1.014 1.016 1.016 1.023 1.028 1.036 1.028 1.028 1.035 1.035 1.035 1.038 1.046 2.175 2.457 2.472 2.472 2.485 2.496 2.496 2.498 2.501 2.502 2.515 2.517 2.53 2.532 2.537 2.54 2.543 2.547 2.554 2.559 2.56 2.575 2.576 2.593 2.595 2.605 2.612 2.616 2.62 2.63 2.63 2.63 2.641 2.641 2.671 2.674 2.685 2.695 2.704 2.704 2.704 2.704 2.724 2.731 2.731 2.7 2.307 2.252 2.232 2.221 2.208 2.201 2.188 2.184 2.176 2.171 2.161 2.16 2.16 2.16 2.162 2.163 2.171 
0 0 1 1 1 1 1 1 1 0 0 0 1 1 1 0 0 0 0 1 1 1 1 1 1 1 1 1 1 1 1 1 1 1 1 1 1 1 1 1 1 1 1 1 1 1 1 1 1 1 1 1 1 1 1 1 1 1 1 1 1 1 1 1 1 1 1 1 1 1 1 1 1 1 1 1 1 1 1 1 1 1 1 1 1 1 1 1 1 1 1 1 1 1 1 1 1 1 1 1 1 1 1 1 1 1 1 1 1 1 1 1 1 1 1 1 1 1 1 1 1 1 1 1 1 1 1 1 1 1 1 1 1 1 1 1 1 1 1 1 1 1 1 1 1 1 1 1 1 1 1 1 1 1 1 1 1 1 1 1 1 1 1 1 1 1 1 1 1 1 1 1 1 1 1 1 1 1 1 1 1 1 1 1 1 1 1 1 1 1 1 1 1 1 1 1 1 1 1 1 1 1 1 1 1 1 1 1 1 1 1 1 1 1 1 1 1 1 1 1 1 1 1 1 1 1 1 1 1 1 1 1 1 1 1 1 1 1 1 1 1 1 1 1 1 1 1 1 1 1 1 1 1 1 1 1 1 1 1 1 1 1 1 0 0 0 0 0 0 0 0 0 0 0 0 0 0 0 0 0 0 0 0 0 0 1 1 1 1 1 1 1 1 1 1 0 0 0 0 0 0 0 0 0 0 0 0 0 0 0 0 0 0 0 0 0 0 0 0 0 0 0 0 0 0 0 0 0 0 0 0 0 0 0 0 0 0 0 0 0 0 0 0 0 0 0 0 0 0 0 0 0 0 0 0 0 0 0 0 0 0 0 0 0 0 0 0 0 0 0 0 0 0 0 0 0 0 0 0 0 0 0 1 1 1 0 0 0 0 0 0 0 0 0 1 1 1 1 1 0 0 0 0 0 0 0 0 1 1 1 1 1 1 1 1 1 1 1 1 1 1 1 1 1 1 1 1 1 1 1 1 1 1 1 1 1 1 1 1 1 1 0 0 0 1 1 1 1 1 1 1 1 1 1 1 1 1 1 1 1 1 1 1 1 1 1 1 1 1 1 1 1 1 1 1 1 1 1 1 1 1 1 1 1 1 1 1 1 1 1 1 1 1 1 1 0 1 1 1 1 1 1 1 1 1 1 1 1 1 1 1 1 1 1 1 1 1 1 1 1 1 1 1 1 1 1 1 1 1 1 1 1 1 1 1 1 1 1 1 1 1 1 1 1 1 1 1 1 1 1 1 1 1 1 1 1 1 1 1 1 1 1 1 1 1 1 1 1 1 1 1 1 1 1 1 1 1 1 1 1 1 1 1 1 1 1 1 1 1 1 1 1 1 1 1 1 1 1 1 1 1 1 1 1 1 1 1 1 1 1 1 1 1 1 1 1 1 1 1 1 1 1 1 1 1 1 1 1 1 1 1 1 1 1 1 1 1 1 1 1 1 1 1 1 1 1 1 1 1 1 1 1 1 1 1 1 1 1 1 1 1 1 1 1 1 1 1 1 1 1 1 1 1 1 1 1 1 1 1 1 1 1 
