# This file contains a 2D laser scan observation. 
# Its format is: 
# [aperture] [max_range] [number_of_scans] 
# [vector_of_scans] 
# [vector_of_valid_scans] 
# The aperture of the sensor is in radians, the maximum range 
# and measurements are in meters. '1' means a valid scan, '0' otherwise.
4.1847
5.6
682
0 0 0 0 0 0.007 0 0 0 0 0.007 3.584 3.584 0 2.721 2.794 0 0 2.794 0 0.007 2.507 0.928 0.927 0.919 0.919 0.915 0.913 0.919 0.907 0.903 0.428 0.42 0.42 0.424 0.426 0.424 0.424 0.424 0.422 0.421 0.42 0.419 0.419 0.419 0.418 0.415 0.415 0.424 0.424 0.429 0.429 0.429 0.439 0.436 0.428 0.428 0.433 0.428 0.428 0.429 0.43 0.429 0.43 0.431 0.433 0.439 0.439 0.445 0.445 0.431 0.429 0.414 0.407 0.393 0.379 0.379 0.379 0.379 0.384 0.384 0.385 0.39 0.393 0.393 0.385 0.393 0.393 0.389 0.393 0.393 0.393 0.397 0.399 0.399 0.399 0.397 0.399 0.399 0.399 0.401 0.401 0.401 0.402 0.402 0.401 0.406 0.406 0.406 0.412 0.412 0.41 0.41 0.41 0.41 0.41 0.412 0.416 0.416 0.416 0.416 0.416 0.42 0.42 0.422 0.422 0.422 0.427 0.431 0.433 0.431 0.433 0.435 0.437 0.438 0.439 0.446 0.446 0.45 0.45 0.452 0.453 0.458 0.458 0.46 0.462 0.461 0.462 0.462 0.468 0.468 0.47 0.472 0.477 0.477 0.484 0.488 0.485 0.485 0.488 0.488 0.491 0.495 0.496 0.499 0.504 0.505 0.507 0.516 0.516 0.519 0.524 0.529 0.529 0.529 0.529 0.542 0.547 0.551 0.552 0.554 0.559 0.56 0.569 0.572 0.573 0.574 0.575 0.577 0.597 0.597 0.598 0.606 0.616 0.618 0.62 0.623 0.632 0.634 0.634 0.649 0.65 0.651 0.661 0.673 0.683 0.686 0.686 0.705 0.708 0.71 0.72 0.728 0.735 0.736 0.754 0.761 0.775 0.781 0.856 0.941 0.96 0.962 0.963 0.965 0.965 0.975 0.991 1.012 1.013 1.02 1.033 1.038 1.053 1.064 1.064 1.065 1.066 1.082 1.093 1.104 1.125 1.128 1.136 1.152 1.167 1.171 1.189 1.197 1.199 1.202 1.211 1.277 1.285 1.3 1.3 1.32 1.333 1.342 1.384 1.39 1.402 1.427 1.436 1.436 1.463 1.49 1.517 1.521 1.561 1.641 1.67 1.709 1.709 1.731 1.745 1.748 0 0 0 0 0 0 2.1 2.1 0.007 0 0 0 0 2.447 2.447 2.447 0 0 0 0 0 3.006 4.319 4.321 4.319 4.319 4.321 4.361 4.716 4.748 4.755 0 0 0 0 0 0 0.007 0 0 0 0 0 0 0 0 0 0 0 0 0 0 0 0.006 0.006 0.006 0 0 0 0 0 0 0 0 0 0 0 0 0 0 0 0 0 0 0.007 0 0 0.007 0 0 0 0 0 0 0 0 0 0 0 0 0 0 0 0 0 0 0 0 0 0 0 0 0 0 0 0 0 0 0 0 0 0 0 0 0 0 0 0 0 0 0 0 0 1.674 1.674 1.674 0 0 0 0 0 0 0 0 0 0 1.421 1.417 1.412 1.412 1.417 0 0 0 0 0.007 1.91 1.91 0 1.897 1.897 1.162 1.162 1.162 1.162 1.162 1.855 1.881 1.892 1.892 1.894 1.894 1.894 1.899 2.075 0.007 0 0.007 1.547 1.547 1.55 1.55 1.555 3.615 3.615 3.615 0.913 0.907 0.904 0.904 0.907 0.915 0.92 1.407 0.007 1.74 1.737 1.739 1.739 1.739 3.017 3.026 3.203 3.026 3.026 1.629 1.629 1.629 1.652 3.094 0.007 3.094 3.094 3.019 3.009 3.009 3.009 2.99 2.98 2.963 2.953 2.953 2.953 0 0 0 0 1.266 1.256 1.124 1.108 1.106 1.106 1.106 1.111 1.115 1.274 1.275 2.64 2.61 2.61 2.61 1.401 1.394 1.291 1.149 1.138 1.138 1.138 1.138 1.139 1.718 1.732 2.53 2.529 2.529 2.53 2.53 2.539 2.567 2.597 2.597 2.6 0.007 4.963 2.243 2.243 1.552 1.552 1.552 2.467 2.493 2.493 2.486 2.467 2.486 2.456 2.452 2.452 2.442 2.442 0.007 2.249 2.237 2.234 2.212 2.205 2.154 2.125 2.125 2.125 2.124 1.105 1.104 1.089 1.089 1.089 1.099 1.117 1.287 1.381 1.384 1.389 1.389 2.105 2.112 2.118 2.118 2.118 2.118 2.114 2.114 2.114 2.172 2.408 2.41 2.413 2.41 2.41 2.413 2.413 2.409 2.407 0.884 0.865 0.865 0.865 0.852 0.835 2.647 0.204 0.204 0.222 0.226 0.224 0.224 0.222 0.217 0.217 0.217 0.217 0.218 0.218 0.218 0.219 0.219 0.225 0.225 0.227 0.227 0.229 0.229 0.229 0.229 0.23 0.23 0.227 0.228 0.225 0.225 0.228 0.238 1.012 1.021 1.034 1.034 1.037 1.057 1.059 1.06 1.059 1.057 1.055 1.055 1.055 1.067 1.07 2.542 2.545 2.547 2.547 2.55 2.558 2.567 2.576 2.577 2.586 2.592 2.598 2.599 2.609 2.617 2.618 2.636 2.643 2.651 2.655 2.667 2.672 2.672 2.672 2.679 2.693 2.717 2.725 2.73 2.748 2.748 2.754 2.758 2.758 2.742 2.777 2.692 2.623 
0 0 0 0 0 0 0 0 0 0 0 1 1 0 1 1 0 0 1 0 0 1 1 1 1 1 1 1 1 1 1 1 1 1 1 1 1 1 1 1 1 1 1 1 1 1 1 1 1 1 1 1 1 1 1 1 1 1 1 1 1 1 1 1 1 1 1 1 1 1 1 1 1 1 1 1 1 1 1 1 1 1 1 1 1 1 1 1 1 1 1 1 1 1 1 1 1 1 1 1 1 1 1 1 1 1 1 1 1 1 1 1 1 1 1 1 1 1 1 1 1 1 1 1 1 1 1 1 1 1 1 1 1 1 1 1 1 1 1 1 1 1 1 1 1 1 1 1 1 1 1 1 1 1 1 1 1 1 1 1 1 1 1 1 1 1 1 1 1 1 1 1 1 1 1 1 1 1 1 1 1 1 1 1 1 1 1 1 1 1 1 1 1 1 1 1 1 1 1 1 1 1 1 1 1 1 1 1 1 1 1 1 1 1 1 1 1 1 1 1 1 1 1 1 1 1 1 1 1 1 1 1 1 1 1 1 1 1 1 1 1 1 1 1 1 1 1 1 1 1 1 1 1 1 1 1 1 1 1 1 1 1 1 1 1 1 1 1 1 1 1 1 1 1 1 1 1 0 0 0 0 0 0 1 1 0 0 0 0 0 1 1 1 0 0 0 0 0 1 1 1 1 1 1 1 1 1 1 0 0 0 0 0 0 0 0 0 0 0 0 0 0 0 0 0 0 0 0 0 0 0 0 0 0 0 0 0 0 0 0 0 0 0 0 0 0 0 0 0 0 0 0 0 0 0 0 0 0 0 0 0 0 0 0 0 0 0 0 0 0 0 0 0 0 0 0 0 0 0 0 0 0 0 0 0 0 0 0 0 0 0 0 0 0 0 0 0 0 0 0 1 1 1 0 0 0 0 0 0 0 0 0 0 1 1 1 1 1 0 0 0 0 0 1 1 0 1 1 1 1 1 1 1 1 1 1 1 1 1 1 1 1 0 0 0 1 1 1 1 1 1 1 1 1 1 1 1 1 1 1 1 0 1 1 1 1 1 1 1 1 1 1 1 1 1 1 1 0 1 1 1 1 1 1 1 1 1 1 1 1 0 0 0 0 1 1 1 1 1 1 1 1 1 1 1 1 1 1 1 1 1 1 1 1 1 1 1 1 1 1 1 1 1 1 1 1 1 1 1 1 0 1 1 1 1 1 1 1 1 1 1 1 1 1 1 1 1 1 0 1 1 1 1 1 1 1 1 1 1 1 1 1 1 1 1 1 1 1 1 1 1 1 1 1 1 1 1 1 1 1 1 1 1 1 1 1 1 1 1 1 1 1 1 1 1 1 1 1 1 1 1 1 1 1 1 1 1 1 1 1 1 1 1 1 1 1 1 1 1 1 1 1 1 1 1 1 1 1 1 1 1 1 1 1 1 1 1 1 1 1 1 1 1 1 1 1 1 1 1 1 1 1 1 1 1 1 1 1 1 1 1 1 1 1 1 1 1 1 1 1 1 1 1 1 1 1 1 1 1 1 1 1 
