# This file contains a 2D laser scan observation. 
# Its format is: 
# [aperture] [max_range] [number_of_scans] 
# [vector_of_scans] 
# [vector_of_valid_scans] 
# The aperture of the sensor is in radians, the maximum range 
# and measurements are in meters. '1' means a valid scan, '0' otherwise.
4.1847
5.6
682
0.392 0.397 0.397 0.397 0.395 0.39 0.39 0.39 0.39 0.39 0.392 0.392 0.391 0.391 0.389 0.389 0.387 0.382 0.38 0.38 0.377 0.38 0.377 0.377 0.373 0.371 0.371 0.373 0.374 0.379 0.379 0.379 0.373 0.373 0.373 0.373 0.373 0.374 0.373 0.377 0.377 0.373 0.369 0.367 0.366 0.365 0.365 0.36 0.365 0.366 0.368 0.368 0.368 0.366 0.366 0.366 0.366 0.371 0.373 0.38 0.381 0.382 0.393 0.393 0.393 0.395 0.397 0.409 0.397 0.395 0.393 0.385 0.385 0.381 0.376 0.375 0.373 0.369 0.367 0.366 0.366 0.362 0.362 0.367 0.367 0.37 0.37 0.37 0.367 0.37 0.37 0.37 0.37 0.37 0.369 0.369 0.366 0.369 0.373 0.373 0.372 0.372 0.372 0.372 0.369 0.374 0.376 0.377 0.377 0.378 0.378 0.378 0.377 0.374 0.374 0.374 0.377 0.377 0.38 0.38 0.381 0.383 0.383 0.383 0.383 0.387 0.386 0.388 0.389 0.393 0.393 0.393 0.394 0.395 0.396 0.396 0.396 0.401 0.401 0.403 0.403 0.403 0.403 0.402 0.4 0.402 0.402 0.406 0.407 0.407 0.409 0.41 0.41 0.414 0.418 0.418 0.418 0.419 0.419 0.419 0.422 0.421 0.424 0.424 0.429 0.429 0.433 0.433 0.437 0.44 0.44 0.443 0.443 0.446 0.45 0.451 0.451 0.458 0.459 0.46 0.46 0.466 0.468 0.468 0.47 0.47 0.475 0.477 0.477 0.479 0.482 0.49 0.494 0.496 0.498 0.502 0.508 0.509 0.513 0.519 0.519 0.519 0.524 0.526 0.528 0.528 0.542 0.544 0.545 0.545 0.548 0.55 0.563 0.563 0.572 0.573 0.574 0.6 0.702 0.708 0.711 0.711 0.712 0.718 0.72 0.732 0.732 0.733 0.734 0.75 0.754 0.754 0.757 0.765 0.768 0.776 0.78 0.789 0.795 0.804 0.805 0.815 0.817 0.819 0.82 0.834 0.838 0.84 0.841 0.846 0.852 0.871 0.883 0.891 0.893 0.9 0.905 0.917 0.927 0.928 0.943 0.955 0.955 0.959 0.966 0.981 0.986 0.996 1.014 1.015 1.024 1.026 1.03 1.034 1.05 1.087 1.111 1.141 1.141 1.143 1.144 1.144 1.155 1.17 1.193 1.208 1.219 1.229 1.234 1.265 1.28 1.283 1.301 1.328 1.363 1.368 1.411 1.445 1.478 1.483 1.485 1.488 1.525 0 0 0 1.718 1.718 1.718 1.758 1.847 1.85 0 0 0 0 0 0 0 0 0 0 0 0 0 0 2.796 0 0.007 4.07 4.07 4.108 4.108 4.458 4.492 4.502 4.505 4.538 0 0 0 0 4.448 4.448 4.448 0 0 0 0 0 0 0 0 0 0 0 0 0 0.006 0.006 0.006 0.006 0.006 0.006 0.006 0.006 0.006 0.006 0 0 0 0 0 0 0 0 0 0 0 0 0 0 0 0 0.007 0 0.007 0 0 0 0 0 0 0 0 0 0 0 0 0 0 0 0 0 0 0 0 0 0 0 0 0 0 0 0 0 0 0 0 0 0 0 0 0 0 0 0 0 0 0 0 0 0 0 0 0 0 0 0 0 0 0 0 0 1.499 1.499 1.499 1.499 0 0 0 0 0 0 0 0 0 0 0 0 0 0 1.24 1.237 1.236 1.236 1.237 1.722 1.736 3.516 3.516 3.54 3.561 3.561 3.561 3.561 1.76 1.748 1.743 1.737 1.737 1.737 1.735 1.738 1.744 1.744 1.728 0.993 0.991 0.991 0.991 0.993 3.36 3.36 3.383 3.36 3.071 1.425 1.415 1.415 1.415 1.431 2.722 3.155 3.179 3.179 3.155 3.155 0.006 2.113 2.11 1.288 1.281 1.277 1.275 1.275 1.277 2.979 2.979 2.979 2.979 2.979 2.964 2.961 0.812 0.812 0.812 0.818 0.828 0.839 2.831 2.842 0 0 0 0 0 0 0 2.772 2.757 2.755 2.755 2.752 2.722 2.722 2.648 2.603 2.603 2.603 2.603 2.595 2.576 1.225 1.209 1.203 1.203 1.198 1.192 1.19 1.108 1.064 1.06 1.06 1.062 1.062 1.077 1.349 1.35 1.669 1.669 0.007 2.569 2.565 2.565 1.116 1.114 1.11 1.11 1.114 2.505 2.505 2.505 2.493 2.493 2.493 2.488 2.488 1.547 1.546 1.546 1.546 2.3 2.383 2.383 2.3 2.266 2.261 2.261 2.21 2.203 2.149 2.14 2.12 2.12 2.14 2.14 2.152 2.16 2.16 2.163 2.163 2.168 2.171 2.173 2.174 2.176 2.176 2.184 5.041 5.041 2.184 2.184 1.173 1.158 1.151 1.151 1.151 1.255 2.484 2.484 2.485 2.492 2.492 2.485 2.333 2.218 2.109 2.015 1.924 1.837 1.779 1.701 1.639 1.582 1.515 1.46 1.421 1.371 1.33 1.289 1.255 1.215 1.189 1.189 1.156 1.116 1.024 1.005 0.985 0.962 0.955 0.954 0.94 0.923 0.912 0.889 0.871 0.848 0.837 0.808 0.805 0.771 0.768 0.754 0.741 0.729 0.715 0.713 0.696 0.69 0.679 
1 1 1 1 1 1 1 1 1 1 1 1 1 1 1 1 1 1 1 1 1 1 1 1 1 1 1 1 1 1 1 1 1 1 1 1 1 1 1 1 1 1 1 1 1 1 1 1 1 1 1 1 1 1 1 1 1 1 1 1 1 1 1 1 1 1 1 1 1 1 1 1 1 1 1 1 1 1 1 1 1 1 1 1 1 1 1 1 1 1 1 1 1 1 1 1 1 1 1 1 1 1 1 1 1 1 1 1 1 1 1 1 1 1 1 1 1 1 1 1 1 1 1 1 1 1 1 1 1 1 1 1 1 1 1 1 1 1 1 1 1 1 1 1 1 1 1 1 1 1 1 1 1 1 1 1 1 1 1 1 1 1 1 1 1 1 1 1 1 1 1 1 1 1 1 1 1 1 1 1 1 1 1 1 1 1 1 1 1 1 1 1 1 1 1 1 1 1 1 1 1 1 1 1 1 1 1 1 1 1 1 1 1 1 1 1 1 1 1 1 1 1 1 1 1 1 1 1 1 1 1 1 1 1 1 1 1 1 1 1 1 1 1 1 1 1 1 1 1 1 1 1 1 1 1 1 1 1 1 1 1 1 1 1 1 1 1 1 1 1 1 1 1 1 1 1 1 1 1 1 1 1 1 1 1 1 1 1 1 1 1 1 1 1 1 1 1 1 1 1 1 1 1 0 0 0 1 1 1 1 1 1 0 0 0 0 0 0 0 0 0 0 0 0 0 0 1 0 0 1 1 1 1 1 1 1 1 1 0 0 0 0 1 1 1 0 0 0 0 0 0 0 0 0 0 0 0 0 0 0 0 0 0 0 0 0 0 0 0 0 0 0 0 0 0 0 0 0 0 0 0 0 0 0 0 0 0 0 0 0 0 0 0 0 0 0 0 0 0 0 0 0 0 0 0 0 0 0 0 0 0 0 0 0 0 0 0 0 0 0 0 0 0 0 0 0 0 0 0 0 0 0 0 0 0 0 0 0 0 0 0 0 0 0 1 1 1 1 0 0 0 0 0 0 0 0 0 0 0 0 0 0 1 1 1 1 1 1 1 1 1 1 1 1 1 1 1 1 1 1 1 1 1 1 1 1 1 1 1 1 1 1 1 1 1 1 1 1 1 1 1 1 1 1 1 1 1 1 0 1 1 1 1 1 1 1 1 1 1 1 1 1 1 1 1 1 1 1 1 1 1 1 0 0 0 0 0 0 0 1 1 1 1 1 1 1 1 1 1 1 1 1 1 1 1 1 1 1 1 1 1 1 1 1 1 1 1 1 1 1 1 0 1 1 1 1 1 1 1 1 1 1 1 1 1 1 1 1 1 1 1 1 1 1 1 1 1 1 1 1 1 1 1 1 1 1 1 1 1 1 1 1 1 1 1 1 1 1 1 1 1 1 1 1 1 1 1 1 1 1 1 1 1 1 1 1 1 1 1 1 1 1 1 1 1 1 1 1 1 1 1 1 1 1 1 1 1 1 1 1 1 1 1 1 1 1 1 1 1 1 1 1 1 1 1 1 1 1 1 1 1 1 
