# This file contains a 2D laser scan observation. 
# Its format is: 
# [aperture] [max_range] [number_of_scans] 
# [vector_of_scans] 
# [vector_of_valid_scans] 
# The aperture of the sensor is in radians, the maximum range 
# and measurements are in meters. '1' means a valid scan, '0' otherwise.
4.1847
5.6
682
0.419 0.419 0.417 0.417 0.417 0.417 0.417 0.414 0.41 0.409 0.41 0.41 0.41 0.41 0.411 0.411 0.411 0.411 0.411 0.41 0.409 0.409 0.402 0.4 0.4 0.4 0.4 0.4 0.402 0.405 0.402 0.402 0.403 0.403 0.403 0.403 0.403 0.401 0.401 0.403 0.403 0.403 0.403 0.403 0.403 0.405 0.405 0.405 0.405 0.409 0.415 0.419 0.423 0.441 0.443 0.443 0.443 0.443 0.441 0.433 0.424 0.415 0.414 0.41 0.409 0.406 0.403 0.401 0.401 0.401 0.401 0.401 0.395 0.395 0.395 0.396 0.395 0.396 0.394 0.397 0.394 0.397 0.403 0.403 0.403 0.403 0.403 0.402 0.402 0.402 0.402 0.403 0.403 0.407 0.405 0.407 0.405 0.407 0.405 0.403 0.403 0.407 0.413 0.414 0.414 0.415 0.415 0.415 0.415 0.42 0.42 0.42 0.42 0.413 0.413 0.414 0.422 0.422 0.422 0.424 0.425 0.425 0.425 0.427 0.428 0.428 0.428 0.432 0.435 0.435 0.435 0.44 0.44 0.44 0.441 0.445 0.445 0.445 0.446 0.446 0.446 0.45 0.45 0.45 0.456 0.457 0.458 0.464 0.464 0.463 0.461 0.463 0.463 0.471 0.473 0.473 0.473 0.473 0.473 0.477 0.478 0.478 0.479 0.479 0.489 0.489 0.492 0.495 0.499 0.504 0.571 0.598 0.603 0.606 0.611 0.615 0.618 0.624 0.624 0.624 0.624 0.624 0.628 0.629 0.631 0.631 0.633 0.634 0.636 0.639 0.641 0.643 0.646 0.654 0.654 0.667 0.668 0.668 0.669 0.675 0.677 0.678 0.68 0.692 0.697 0.701 0.704 0.707 0.707 0.709 0.71 0.716 0.716 0.726 0.731 0.734 0.734 0.734 0.734 0.734 0.746 0.756 0.757 0.768 0.77 0.776 0.778 0.789 0.793 0.799 0.799 0.802 0.815 0.817 0.82 0.831 0.84 0.849 0.85 0.851 0.865 0.869 0.879 0.892 0.895 0.897 0.905 0.909 0.912 0.915 0.918 0.956 0.007 0.977 0.977 0.977 0.977 1 1.008 1.015 1.016 1.023 1.041 1.041 1.059 1.082 1.089 1.104 1.107 1.127 1.137 1.151 1.167 1.176 1.191 1.204 1.239 1.263 1.289 1.289 1.303 1.34 1.34 1.347 1.361 1.383 1.396 1.396 1.414 1.459 1.463 1.497 1.551 1.57 1.617 1.715 0.015 0.007 0 0 0.007 0 0 0 2.048 2.048 2.048 0 0 0 0 0 0 0 2.67 0 0.007 3.933 3.929 3.929 3.929 3.933 4.335 4.354 4.354 4.354 4.444 4.444 4.444 4.444 0 0.007 0 0 0 0 0 0 0 0 0 0 0 0 0 0 0 0 0.006 0.006 0.006 0.006 0.006 0.006 0.006 0.006 0.006 0.006 0 0 0 0 0 0 0 0 0 0 0 0 0 0 0 0 0 0 0 0 0 0 0 0 0 0 0 0 0 0 0 0 0 0 0 0 0 0 0 0 0 0 0 0 0 0 0 0 0 0 0 0 0 0 0 0 0 0 0 0 0 0 0 0 0 0 0 0 0 0 0 0 0 0 0 0 0 0 0 0 0 0 0 0 0 1.368 1.357 1.357 1.368 0 0 0 0 0 0 0 0 0 0 0 0 0 0.007 3.914 3.621 3.481 1.121 1.121 1.112 1.112 1.112 1.123 3.202 3.239 3.36 3.239 3.202 1.622 1.62 1.62 1.622 1.625 1.628 1.628 1.626 1.629 1.631 1.646 3.284 3.284 3.284 3.267 3.182 3.182 2.981 0.897 0.886 0.887 0.887 0.896 0.893 0.896 0.899 1.309 1.312 1.332 1.332 2.026 2.034 2.954 2.954 2.954 2.954 2.954 2.959 2.947 2.934 1.54 1.275 1.208 1.199 1.199 1.197 1.199 1.202 2.807 2.807 2.807 1.467 1.456 1.45 1.45 1.456 0 0 0 0 0 0 0 0 2.73 2.73 0.771 0.754 0.75 0.745 0.745 0.745 1.729 1.775 2.514 2.514 2.515 2.515 2.514 2.506 2.496 2.49 2.485 2.485 2.476 2.476 1.187 1.166 1.164 1.156 1.156 1.153 1.156 1.157 1.157 1.156 1.156 1.027 1.012 1.012 1.012 1.018 1.019 2.465 2.465 0 2.466 2.466 2.466 2.466 2.466 1.085 1.084 1.081 1.084 1.085 2.294 0.007 2.294 1.524 1.524 1.524 2.202 2.237 2.429 2.237 2.202 2.175 2.161 2.158 2.141 1.993 1.981 1.976 1.976 1.981 2.06 2.083 2.144 2.147 2.165 2.165 2.166 2.169 2.169 2.18 2.183 2.181 2.18 2.18 2.179 2.154 2.132 1.461 1.45 1.443 1.442 1.223 1.177 1.173 1.172 1.172 1.172 2.012 2.012 2.012 1.961 1.908 1.847 1.805 1.758 1.728 1.682 1.63 1.593 1.56 1.52 1.488 1.456 1.422 1.392 1.368 1.344 1.321 1.294 1.269 1.249 1.232 1.201 1.185 1.154 1.154 1.133 1.112 1.062 1.042 1.035 1.005 1.003 0.995 0.988 0.969 0.965 0.959 0.938 0.936 0.922 
1 1 1 1 1 1 1 1 1 1 1 1 1 1 1 1 1 1 1 1 1 1 1 1 1 1 1 1 1 1 1 1 1 1 1 1 1 1 1 1 1 1 1 1 1 1 1 1 1 1 1 1 1 1 1 1 1 1 1 1 1 1 1 1 1 1 1 1 1 1 1 1 1 1 1 1 1 1 1 1 1 1 1 1 1 1 1 1 1 1 1 1 1 1 1 1 1 1 1 1 1 1 1 1 1 1 1 1 1 1 1 1 1 1 1 1 1 1 1 1 1 1 1 1 1 1 1 1 1 1 1 1 1 1 1 1 1 1 1 1 1 1 1 1 1 1 1 1 1 1 1 1 1 1 1 1 1 1 1 1 1 1 1 1 1 1 1 1 1 1 1 1 1 1 1 1 1 1 1 1 1 1 1 1 1 1 1 1 1 1 1 1 1 1 1 1 1 1 1 1 1 1 1 1 1 1 1 1 1 1 1 1 1 1 1 1 1 1 1 1 1 1 1 1 1 1 1 1 1 1 1 1 1 1 1 1 1 1 1 1 1 1 1 1 1 1 1 1 1 1 1 1 0 1 1 1 1 1 1 1 1 1 1 1 1 1 1 1 1 1 1 1 1 1 1 1 1 1 1 1 1 1 1 1 1 1 1 1 1 1 1 1 1 1 1 1 0 0 0 0 0 0 0 0 1 1 1 0 0 0 0 0 0 0 1 0 0 1 1 1 1 1 1 1 1 1 1 1 1 1 0 0 0 0 0 0 0 0 0 0 0 0 0 0 0 0 0 0 0 0 0 0 0 0 0 0 0 0 0 0 0 0 0 0 0 0 0 0 0 0 0 0 0 0 0 0 0 0 0 0 0 0 0 0 0 0 0 0 0 0 0 0 0 0 0 0 0 0 0 0 0 0 0 0 0 0 0 0 0 0 0 0 0 0 0 0 0 0 0 0 0 0 0 0 0 0 0 0 0 0 0 0 0 0 0 0 0 0 0 0 0 0 0 1 1 1 1 0 0 0 0 0 0 0 0 0 0 0 0 0 0 1 1 1 1 1 1 1 1 1 1 1 1 1 1 1 1 1 1 1 1 1 1 1 1 1 1 1 1 1 1 1 1 1 1 1 1 1 1 1 1 1 1 1 1 1 1 1 1 1 1 1 1 1 1 1 1 1 1 1 1 1 1 1 1 1 1 1 1 1 1 0 0 0 0 0 0 0 0 1 1 1 1 1 1 1 1 1 1 1 1 1 1 1 1 1 1 1 1 1 1 1 1 1 1 1 1 1 1 1 1 1 1 1 1 1 1 1 1 1 0 1 1 1 1 1 1 1 1 1 1 1 0 1 1 1 1 1 1 1 1 1 1 1 1 1 1 1 1 1 1 1 1 1 1 1 1 1 1 1 1 1 1 1 1 1 1 1 1 1 1 1 1 1 1 1 1 1 1 1 1 1 1 1 1 1 1 1 1 1 1 1 1 1 1 1 1 1 1 1 1 1 1 1 1 1 1 1 1 1 1 1 1 1 1 1 1 1 1 1 1 1 
