# This file contains a 2D laser scan observation. 
# Its format is: 
# [aperture] [max_range] [number_of_scans] 
# [vector_of_scans] 
# [vector_of_valid_scans] 
# The aperture of the sensor is in radians, the maximum range 
# and measurements are in meters. '1' means a valid scan, '0' otherwise.
4.1847
5.6
682
0.641 0.639 0.639 0.633 0.633 0.633 0.629 0.629 0.629 0.629 0.636 0.638 0.638 0.636 0.632 0.629 0.629 0.626 0.626 0.626 0.626 0.626 0.626 0.625 0.625 0.621 0.621 0.616 0.616 0.615 0.614 0.615 0.61 0.61 0.61 0.606 0.605 0.6 0.597 0.597 0.597 0.602 0.602 0.602 0.589 0.587 0.587 0.587 0.587 0.585 0.584 0.584 0.584 0.579 0.579 0.581 0.583 0.583 0.583 0.583 0.584 0.584 0.587 0.588 0.59 0.59 0.601 0.602 0.613 0.625 0.63 0.632 0.643 0.649 0.649 0.649 0.649 0.645 0.64 0.623 0.613 0.605 0.599 0.596 0.594 0.585 0.585 0.585 0.58 0.58 0.574 0.574 0.585 0.588 0.585 0.588 0.588 0.585 0.583 0.583 0.583 0.583 0.583 0.583 0.583 0.581 0.581 0.586 0.601 0.601 0.601 0.601 0.601 0.601 0.598 0.598 0.598 0.6 0.606 0.61 0.61 0.612 0.612 0.612 0.612 0.612 0.612 0.611 0.611 0.606 0.613 0.622 0.623 0.627 0.632 0.632 0.623 0.618 0.617 0.617 0.617 0.633 0.636 0.636 0.637 0.637 0.637 0.637 0.64 0.647 0.654 0.654 0.654 0.651 0.654 0.655 0.657 0.661 0.664 0.664 0.666 0.67 0.672 0.675 0.676 0.68 0.686 0.687 0.687 0.687 0.694 0.695 0.695 0.7 0.704 0.707 0.708 0.719 0.721 0.722 0.726 0.73 0.731 0.734 0.736 0.739 0.74 0.741 0.741 0.754 0.756 0.77 0.773 0.776 0.789 0.789 0.79 0.79 0.801 0.802 0.809 0.812 0.812 0.82 0.82 0.821 0.827 0.827 0.851 0.853 0.86 0.863 0.875 0.879 0.884 0.886 0.896 0.904 0.911 0.917 0.926 0.93 0.931 0.943 0.955 0.963 0.971 0.977 0.981 0.992 0.999 1 1.005 1.006 1.024 1.027 1.055 1.066 1.069 1.077 1.086 1.111 1.111 1.119 1.121 1.137 1.148 1.162 1.177 1.197 1.214 1.214 1.237 1.243 1.244 1.26 1.28 1.312 1.335 1.344 1.394 0.007 1.449 1.449 1.449 1.449 1.453 1.483 1.503 1.504 1.571 1.574 1.611 1.659 1.686 1.747 1.8 1.803 1.803 1.844 1.88 1.909 1.974 2.034 0.007 3.789 3.789 3.853 3.789 3.789 3.334 3.331 3.331 3.331 3.331 3.37 3.652 3.681 3.681 3.681 3.681 3.69 3.702 3.757 3.78 3.78 3.78 3.538 3.536 3.536 3.538 0 0 0 0 0 0 0 0 0 0 0 0 0 0 0 0.007 4.957 4.953 4.954 4.954 4.953 4.953 4.948 4.948 4.948 4.968 4.981 4.994 0 0 0 0 0 0 0 0 0 0 0 0 0 0 0 0 0.007 1.349 1.344 1.349 1.349 1.356 1.356 1.356 1.355 1.35 1.35 1.35 1.355 1.348 1.343 1.342 1.343 1.343 1.352 1.353 1.353 1.357 1.358 1.366 1.366 0 0 0 0 0 0 0 0 0 0 0 0 0 0 0 0 0 0 0 0 0 0 0 0 0 0 0 0 0 0 0 0 0 0 0 0 0 0 0 0 0 0 0 0 0 0 0 0 0 0 0 0 0 0 0 0 0 0 0 0 0 0 0 0 0 0 0 0 0 0 0 0 0 0 0 0 0 0 0 0 0 0 0 0 0 0 0 0 0 0 2.966 2.942 2.942 2.961 2.966 2.961 2.961 2.919 2.783 2.783 2.783 2.812 2.812 2.812 0.852 0.847 0.837 0.837 0.834 0.834 0.834 0.835 0.835 2.872 2.872 2.872 2.869 2.861 2.84 2.831 2.824 2.822 1.155 1.148 1.148 1.155 1.156 1.159 2.734 2.734 2.738 2.734 2.722 1.233 1.233 1.225 1.224 1.217 1.214 1.214 1.215 1.217 1.217 1.225 1.238 1.241 2.605 2.605 2.605 2.6 2.595 2.582 2.579 2.579 2.579 2.576 2.576 0.007 0.719 0.712 0.712 0.712 0.718 0.719 0.72 0.721 2.496 2.497 2.497 2.496 2.492 2.49 2.484 2.484 2.49 5.369 0 0 0 2.46 2.46 2.46 2.457 1.019 1.01 1.01 1.01 1.017 1.271 0.007 2.348 2.348 2.348 2.345 2.348 2.348 2.345 2.345 2.345 2.345 2.345 2.335 2.327 1.246 1.244 1.244 1.244 2.332 0.007 2.332 0.991 0.991 0.991 0.991 0.992 0.994 2.371 2.371 2.371 1.905 1.905 1.67 1.439 0.67 0.664 0.661 0.657 0.656 0.656 0.657 0.657 0.667 0.672 0.685 1.329 1.34 1.343 1.343 1.348 1.349 1.364 1.37 1.378 1.695 2.423 2.436 0 0 0 0.007 0 2.229 1.143 1.137 1.126 1.127 1.127 1.126 1.123 1.126 1.126 1.13 1.132 1.137 1.139 1.146 1.564 0.007 2.304 2.277 2.304 2.304 2.304 2.31 2.31 2.292 1.057 1.056 1.055 1.05 1.05 1.055 1.063 1.063 1.063 1.061 0.752 0.75 0.748 0.741 0.739 0.732 0.732 0.732 0.734 0.747 1.35 1.37 1.373 1.373 1.39 1.407 
1 1 1 1 1 1 1 1 1 1 1 1 1 1 1 1 1 1 1 1 1 1 1 1 1 1 1 1 1 1 1 1 1 1 1 1 1 1 1 1 1 1 1 1 1 1 1 1 1 1 1 1 1 1 1 1 1 1 1 1 1 1 1 1 1 1 1 1 1 1 1 1 1 1 1 1 1 1 1 1 1 1 1 1 1 1 1 1 1 1 1 1 1 1 1 1 1 1 1 1 1 1 1 1 1 1 1 1 1 1 1 1 1 1 1 1 1 1 1 1 1 1 1 1 1 1 1 1 1 1 1 1 1 1 1 1 1 1 1 1 1 1 1 1 1 1 1 1 1 1 1 1 1 1 1 1 1 1 1 1 1 1 1 1 1 1 1 1 1 1 1 1 1 1 1 1 1 1 1 1 1 1 1 1 1 1 1 1 1 1 1 1 1 1 1 1 1 1 1 1 1 1 1 1 1 1 1 1 1 1 1 1 1 1 1 1 1 1 1 1 1 1 1 1 1 1 1 1 1 1 1 1 1 1 1 1 1 1 1 1 1 1 1 1 1 1 1 1 1 1 1 1 1 1 1 1 1 1 1 1 1 0 1 1 1 1 1 1 1 1 1 1 1 1 1 1 1 1 1 1 1 1 1 1 0 1 1 1 1 1 1 1 1 1 1 1 1 1 1 1 1 1 1 1 1 1 1 1 1 1 1 0 0 0 0 0 0 0 0 0 0 0 0 0 0 0 0 1 1 1 1 1 1 1 1 1 1 1 1 0 0 0 0 0 0 0 0 0 0 0 0 0 0 0 0 0 1 1 1 1 1 1 1 1 1 1 1 1 1 1 1 1 1 1 1 1 1 1 1 1 0 0 0 0 0 0 0 0 0 0 0 0 0 0 0 0 0 0 0 0 0 0 0 0 0 0 0 0 0 0 0 0 0 0 0 0 0 0 0 0 0 0 0 0 0 0 0 0 0 0 0 0 0 0 0 0 0 0 0 0 0 0 0 0 0 0 0 0 0 0 0 0 0 0 0 0 0 0 0 0 0 0 0 0 0 0 0 0 0 0 1 1 1 1 1 1 1 1 1 1 1 1 1 1 1 1 1 1 1 1 1 1 1 1 1 1 1 1 1 1 1 1 1 1 1 1 1 1 1 1 1 1 1 1 1 1 1 1 1 1 1 1 1 1 1 1 1 1 1 1 1 1 1 1 1 1 1 0 1 1 1 1 1 1 1 1 1 1 1 1 1 1 1 1 1 1 0 0 0 1 1 1 1 1 1 1 1 1 1 0 1 1 1 1 1 1 1 1 1 1 1 1 1 1 1 1 1 1 0 1 1 1 1 1 1 1 1 1 1 1 1 1 1 1 1 1 1 1 1 1 1 1 1 1 1 1 1 1 1 1 1 1 1 1 1 1 0 0 0 0 0 1 1 1 1 1 1 1 1 1 1 1 1 1 1 1 1 0 1 1 1 1 1 1 1 1 1 1 1 1 1 1 1 1 1 1 1 1 1 1 1 1 1 1 1 1 1 1 1 1 1 1 
