# This file contains a 2D laser scan observation. 
# Its format is: 
# [aperture] [max_range] [number_of_scans] 
# [vector_of_scans] 
# [vector_of_valid_scans] 
# The aperture of the sensor is in radians, the maximum range 
# and measurements are in meters. '1' means a valid scan, '0' otherwise.
4.1847
5.6
682
0.694 0.692 0.69 0.69 0.689 0.687 0.686 0.685 0.674 0.674 0.671 0.67 0.669 0.666 0.662 0.66 0.659 0.654 0.652 0.649 0.647 0.646 0.641 0.639 0.639 0.639 0.637 0.637 0.636 0.633 0.63 0.632 0.626 0.62 0.626 0.626 0.626 0.616 0.619 0.616 0.61 0.61 0.603 0.603 0.603 0.603 0.602 0.602 0.601 0.598 0.594 0.598 0.598 0.614 0.614 0.614 0.61 0.604 0.603 0.603 0.603 0.601 0.601 0.601 0.604 0.601 0.605 0.605 0.599 0.596 0.592 0.592 0.592 0.593 0.593 0.593 0.593 0.593 0.594 0.597 0.597 0.597 0.597 0.586 0.581 0.581 0.581 0.582 0.583 0.593 0.596 0.603 0.608 0.614 0.621 0.629 0.635 0.641 0.643 0.644 0.644 0.641 0.63 0.627 0.618 0.613 0.599 0.593 0.591 0.589 0.585 0.585 0.581 0.579 0.581 0.581 0.581 0.584 0.584 0.585 0.583 0.584 0.583 0.583 0.583 0.58 0.578 0.578 0.578 0.576 0.576 0.581 0.583 0.583 0.586 0.586 0.583 0.583 0.586 0.586 0.587 0.589 0.594 0.595 0.595 0.595 0.595 0.597 0.598 0.598 0.603 0.604 0.604 0.608 0.61 0.618 0.618 0.618 0.618 0.62 0.618 0.62 0.622 0.626 0.628 0.63 0.63 0.631 0.63 0.63 0.631 0.634 0.637 0.641 0.655 0.657 0.658 0.659 0.661 0.661 0.659 0.651 0.65 0.65 0.651 0.662 0.665 0.666 0.67 0.67 0.67 0.673 0.673 0.679 0.679 0.682 0.684 0.694 0.694 0.705 0.705 0.705 0.705 0.706 0.708 0.709 0.724 0.725 0.725 0.725 0.728 0.729 0.739 0.74 0.742 0.75 0.75 0.763 0.765 0.765 0.771 0.775 0.781 0.788 0.791 0.792 0.793 0.799 0.807 0.808 0.81 0.823 0.829 0.832 0.84 0.844 0.852 0.865 0.865 0.867 0.869 0.873 0.882 0.882 0.9 0.909 0.92 0.924 0.933 0.943 0.947 0.95 0.96 0.972 0.978 0.986 0.993 1.003 1.012 1.016 1.033 1.035 1.037 1.055 1.055 1.06 1.067 1.091 1.128 1.128 1.128 1.131 1.157 1.176 1.186 1.187 1.218 1.234 1.242 1.242 1.255 1.28 1.283 1.295 1.319 1.329 1.335 1.394 1.417 1.455 1.455 2.686 2.729 2.775 2.775 2.775 2.817 2.868 2.906 2.939 2.995 3.041 3.086 3.141 3.141 3.141 2.726 2.713 2.713 2.713 2.714 2.72 2.739 3.038 3.09 3.09 3.09 3.121 3.121 3.129 3.156 3.156 3.171 3.177 3.192 3.177 3.177 2.932 2.932 2.932 3.012 3.119 4.289 4.318 4.318 4.289 4.289 4.318 0 0 0 0 0 0 0 0 0 0 0 0 3.839 3.839 3.839 4.236 4.264 4.279 4.287 4.287 4.287 4.26 4.26 4.26 4.28 4.314 4.314 4.316 4.314 4.316 4.324 0 0 0 0 0 0 0 0 0 0 0 0 0 0 0 0 0 0 0 0 0.737 0.737 0.737 0.741 0.741 0.742 0.742 0.744 0.744 0.75 0.752 0.755 0.757 0.757 0.763 0.763 0.763 0.76 0.76 0.758 0.76 0.758 0.765 0.764 0.764 0.76 0.764 0.76 0.76 0.76 0.755 0.743 0.739 0.732 0.732 0.739 0.734 0.739 0.742 0.747 0.747 0.747 0.747 0.747 0.758 0.758 0.761 0.761 0.761 0.766 0.766 0.766 0.781 0.781 0.793 0 0 0 0 0 0 0 0 0 0 0.007 0 0.007 0 0 0.007 0 0 0 0 0 0 0 0 0 0 0 0 0 0 0 0 0 0 0 0 0 0 0 0 0 0 0 0 0 0 0 0 0 0 0 0 0 0 0 0 0 0 0 0 0 0 0 0 0 0 0 0 0 0 0 0 0 0 0 0 0 0 0 0 0 0 0 0 0 0 0 0 0 0 0 0 0 0 0 0 0 0 0 2.552 2.552 2.552 2.585 2.606 2.641 2.641 2.641 2.631 2.619 2.616 2.616 2.604 2.599 2.599 5.336 2.573 2.573 2.573 2.563 2.558 2.555 2.515 2.133 2.078 2.066 2.064 2.064 2.057 2.057 2.054 2.054 2.045 2.043 2.041 2.037 2.037 2.035 2.035 2.037 2.041 2.045 2.047 2.053 2.066 2.212 2.464 2.464 2.464 1.985 1.985 1.985 2.454 2.454 2.454 2.448 2.443 2.443 2.443 2.442 2.442 2.442 2.442 2.439 2.437 2.437 2.436 2.437 2.436 2.436 2.436 2.437 2.436 2.438 2.438 2.431 1.282 1.28 1.273 1.191 1.02 1.013 1.01 1.01 1.01 1.013 1.046 1.104 1.111 1.111 1.113 1.12 1.12 1.128 1.131 1.139 1.356 1.357 1.357 1.356 1.357 1.322 1.303 0.711 0.708 0.705 0.704 0.704 0.708 0.706 0.711 0.714 0.838 0.838 0.838 0.823 0.819 0.818 0.818 0.818 0.818 0.818 0.818 0.821 0.821 0.821 0.821 0.83 0.832 0.834 0.837 0.838 0.839 0.843 0.843 0.849 0.85 0.853 0.854 
1 1 1 1 1 1 1 1 1 1 1 1 1 1 1 1 1 1 1 1 1 1 1 1 1 1 1 1 1 1 1 1 1 1 1 1 1 1 1 1 1 1 1 1 1 1 1 1 1 1 1 1 1 1 1 1 1 1 1 1 1 1 1 1 1 1 1 1 1 1 1 1 1 1 1 1 1 1 1 1 1 1 1 1 1 1 1 1 1 1 1 1 1 1 1 1 1 1 1 1 1 1 1 1 1 1 1 1 1 1 1 1 1 1 1 1 1 1 1 1 1 1 1 1 1 1 1 1 1 1 1 1 1 1 1 1 1 1 1 1 1 1 1 1 1 1 1 1 1 1 1 1 1 1 1 1 1 1 1 1 1 1 1 1 1 1 1 1 1 1 1 1 1 1 1 1 1 1 1 1 1 1 1 1 1 1 1 1 1 1 1 1 1 1 1 1 1 1 1 1 1 1 1 1 1 1 1 1 1 1 1 1 1 1 1 1 1 1 1 1 1 1 1 1 1 1 1 1 1 1 1 1 1 1 1 1 1 1 1 1 1 1 1 1 1 1 1 1 1 1 1 1 1 1 1 1 1 1 1 1 1 1 1 1 1 1 1 1 1 1 1 1 1 1 1 1 1 1 1 1 1 1 1 1 1 1 1 1 1 1 1 1 1 1 1 1 1 1 1 1 1 1 1 1 1 1 1 1 1 1 1 1 1 1 1 1 1 1 1 1 1 1 1 1 1 1 1 1 1 1 1 1 1 1 1 1 1 1 0 0 0 0 0 0 0 0 0 0 0 0 1 1 1 1 1 1 1 1 1 1 1 1 1 1 1 1 1 1 1 0 0 0 0 0 0 0 0 0 0 0 0 0 0 0 0 0 0 0 0 1 1 1 1 1 1 1 1 1 1 1 1 1 1 1 1 1 1 1 1 1 1 1 1 1 1 1 1 1 1 1 1 1 1 1 1 1 1 1 1 1 1 1 1 1 1 1 1 1 1 1 1 1 1 1 0 0 0 0 0 0 0 0 0 0 0 0 0 0 0 0 0 0 0 0 0 0 0 0 0 0 0 0 0 0 0 0 0 0 0 0 0 0 0 0 0 0 0 0 0 0 0 0 0 0 0 0 0 0 0 0 0 0 0 0 0 0 0 0 0 0 0 0 0 0 0 0 0 0 0 0 0 0 0 0 0 0 0 0 0 0 0 0 0 0 0 0 0 0 0 0 0 0 0 1 1 1 1 1 1 1 1 1 1 1 1 1 1 1 1 1 1 1 1 1 1 1 1 1 1 1 1 1 1 1 1 1 1 1 1 1 1 1 1 1 1 1 1 1 1 1 1 1 1 1 1 1 1 1 1 1 1 1 1 1 1 1 1 1 1 1 1 1 1 1 1 1 1 1 1 1 1 1 1 1 1 1 1 1 1 1 1 1 1 1 1 1 1 1 1 1 1 1 1 1 1 1 1 1 1 1 1 1 1 1 1 1 1 1 1 1 1 1 1 1 1 1 1 1 1 1 1 1 1 1 1 1 1 1 1 1 1 1 
