# This file contains a 2D laser scan observation. 
# Its format is: 
# [aperture] [max_range] [number_of_scans] 
# [vector_of_scans] 
# [vector_of_valid_scans] 
# The aperture of the sensor is in radians, the maximum range 
# and measurements are in meters. '1' means a valid scan, '0' otherwise.
4.1847
5.6
682
0.694 0.692 0.69 0.69 0.689 0.688 0.684 0.683 0.68 0.678 0.675 0.669 0.664 0.661 0.658 0.658 0.656 0.654 0.652 0.65 0.649 0.647 0.646 0.643 0.642 0.633 0.627 0.626 0.626 0.626 0.625 0.621 0.621 0.618 0.615 0.611 0.611 0.609 0.609 0.611 0.611 0.616 0.616 0.619 0.616 0.616 0.608 0.608 0.603 0.608 0.608 0.609 0.603 0.609 0.601 0.601 0.597 0.597 0.596 0.596 0.596 0.596 0.596 0.593 0.593 0.592 0.589 0.589 0.587 0.583 0.583 0.583 0.587 0.587 0.587 0.578 0.574 0.568 0.568 0.571 0.571 0.57 0.571 0.57 0.57 0.569 0.569 0.567 0.567 0.567 0.567 0.567 0.577 0.581 0.586 0.587 0.589 0.593 0.603 0.612 0.622 0.628 0.629 0.629 0.629 0.631 0.629 0.622 0.615 0.604 0.591 0.586 0.581 0.58 0.571 0.571 0.571 0.573 0.573 0.573 0.573 0.566 0.561 0.566 0.566 0.569 0.569 0.569 0.569 0.568 0.568 0.568 0.571 0.572 0.572 0.575 0.575 0.57 0.57 0.569 0.569 0.57 0.586 0.586 0.59 0.586 0.587 0.584 0.583 0.583 0.587 0.587 0.595 0.595 0.595 0.595 0.595 0.604 0.604 0.601 0.601 0.601 0.601 0.601 0.602 0.61 0.611 0.613 0.627 0.627 0.627 0.619 0.614 0.614 0.613 0.613 0.614 0.617 0.618 0.622 0.624 0.625 0.63 0.632 0.636 0.637 0.637 0.64 0.644 0.645 0.649 0.649 0.655 0.658 0.659 0.66 0.666 0.667 0.668 0.669 0.672 0.673 0.673 0.674 0.676 0.683 0.684 0.687 0.691 0.695 0.706 0.707 0.708 0.716 0.717 0.717 0.718 0.72 0.727 0.731 0.732 0.732 0.74 0.749 0.749 0.76 0.762 0.769 0.774 0.779 0.787 0.795 0.796 0.796 0.801 0.808 0.811 0.814 0.819 0.819 0.822 0.822 0.822 0.84 0.857 0.861 0.861 0.869 0.878 0.883 0.893 0.894 0.9 0.904 0.924 0.924 0.929 0.944 0.948 0.954 0.961 0.965 0.975 0.983 0.99 0.993 1.008 1.008 1.008 1.01 1.073 0.007 0.015 0.007 1.121 1.116 1.121 1.121 1.152 1.159 1.18 1.18 1.194 1.207 1.219 1.236 1.247 1.253 1.28 1.288 1.32 1.327 1.34 1.383 1.398 2.473 2.616 2.657 2.696 2.696 2.746 2.781 2.819 2.859 2.914 2.953 2.986 3.039 3.094 3.094 3.094 2.653 2.653 2.649 2.649 2.656 2.658 2.989 3.107 3.107 3.045 3.004 3.045 3.045 3.066 3.087 3.087 3.1 3.105 3.162 3.105 3.105 2.882 2.882 2.882 2.949 3.053 4.01 4.223 4.223 4.223 4.223 4.237 0 0 0 0 0 0 0 0 0 0 0 0 0 4.207 4.195 4.192 4.195 4.203 4.203 4.203 4.203 4.201 4.192 4.192 4.192 4.245 4.246 4.246 4.246 4.245 4.235 4.235 4.252 0 0 0 0 0 0 0 0 0 0 0 0 0 0 0 0 0 0 0 0 0 0 0 0 0 0.698 0.695 0.69 0.684 0.684 0.684 0.684 0.699 0.709 0.709 0.709 0.709 0.708 0.707 0.707 0.705 0.701 0.699 0.701 0.705 0.699 0.705 0.705 0.705 0.705 0.705 0.705 0.706 0.706 0.705 0.705 0.705 0.689 0.67 0.67 0.67 0.687 0.691 0.695 0.691 0.698 0.698 0.702 0.696 0.702 0.699 0.699 0.699 0.713 0.712 0.713 0.713 0.714 0.724 0 0 0 0 0.007 0 0 0.007 0 0 0 0 0 0 0 0 0 0 0 0 0 0 0 0 0 0 0 0 0 0 0 0 0 0 0 0 0 0 0 0 0 0 0 0 0 0 0 0 0 0 0 0 0 0 0 0 0 0 0 0 0 0 0 0 0 0 0 0 0 0 0 0 0 0 0 0 0 0 0 0 0 0 0 0 0 0 0 0 0 0 0 0 0 0 0 0 0 0 0 0 2.649 2.641 2.625 2.625 2.625 2.614 2.611 2.605 2.602 2.598 2.589 2.582 2.042 2.042 2.042 2.553 2.554 2.554 2.553 2.553 2.538 2.535 2.102 2.071 2.059 2.057 2.057 2.057 2.057 2.057 2.043 2.042 2.042 2.037 2.037 2.037 2.037 2.042 2.042 2.044 2.046 2.048 2.05 2.073 2.457 2.458 2.458 2.457 2.458 2.461 2.454 2.454 2.459 2.458 2.456 2.456 2.456 2.456 2.454 2.453 2.45 2.45 2.45 2.45 2.452 2.452 2.452 2.452 2.451 2.451 2.451 2.451 2.451 2.451 2.45 2.448 2.446 1.309 1.297 1.295 1.295 1.292 1.29 1.04 1.033 1.028 1.026 1.026 1.028 1.039 1.13 1.135 1.138 1.138 1.141 1.141 1.144 1.15 1.379 1.379 1.384 1.379 1.376 1.369 1.35 1.152 1.014 0.957 0.941 0.841 0.738 0.738 0.734 0.735 0.735 0.738 0.738 0.854 0.854 0.854 0.854 0.854 0.851 0.85 0.85 0.85 0.85 
1 1 1 1 1 1 1 1 1 1 1 1 1 1 1 1 1 1 1 1 1 1 1 1 1 1 1 1 1 1 1 1 1 1 1 1 1 1 1 1 1 1 1 1 1 1 1 1 1 1 1 1 1 1 1 1 1 1 1 1 1 1 1 1 1 1 1 1 1 1 1 1 1 1 1 1 1 1 1 1 1 1 1 1 1 1 1 1 1 1 1 1 1 1 1 1 1 1 1 1 1 1 1 1 1 1 1 1 1 1 1 1 1 1 1 1 1 1 1 1 1 1 1 1 1 1 1 1 1 1 1 1 1 1 1 1 1 1 1 1 1 1 1 1 1 1 1 1 1 1 1 1 1 1 1 1 1 1 1 1 1 1 1 1 1 1 1 1 1 1 1 1 1 1 1 1 1 1 1 1 1 1 1 1 1 1 1 1 1 1 1 1 1 1 1 1 1 1 1 1 1 1 1 1 1 1 1 1 1 1 1 1 1 1 1 1 1 1 1 1 1 1 1 1 1 1 1 1 1 1 1 1 1 1 1 1 1 1 1 1 1 1 1 1 1 1 1 1 1 1 1 1 1 1 1 1 1 1 1 1 1 1 1 1 1 1 1 1 1 1 1 0 0 0 1 1 1 1 1 1 1 1 1 1 1 1 1 1 1 1 1 1 1 1 1 1 1 1 1 1 1 1 1 1 1 1 1 1 1 1 1 1 1 1 1 1 1 1 1 1 1 1 1 1 1 1 1 1 1 1 1 1 1 1 1 1 1 1 1 1 1 1 1 0 0 0 0 0 0 0 0 0 0 0 0 0 1 1 1 1 1 1 1 1 1 1 1 1 1 1 1 1 1 1 1 1 0 0 0 0 0 0 0 0 0 0 0 0 0 0 0 0 0 0 0 0 0 0 0 0 0 1 1 1 1 1 1 1 1 1 1 1 1 1 1 1 1 1 1 1 1 1 1 1 1 1 1 1 1 1 1 1 1 1 1 1 1 1 1 1 1 1 1 1 1 1 1 1 1 1 1 1 1 1 1 0 0 0 0 0 0 0 0 0 0 0 0 0 0 0 0 0 0 0 0 0 0 0 0 0 0 0 0 0 0 0 0 0 0 0 0 0 0 0 0 0 0 0 0 0 0 0 0 0 0 0 0 0 0 0 0 0 0 0 0 0 0 0 0 0 0 0 0 0 0 0 0 0 0 0 0 0 0 0 0 0 0 0 0 0 0 0 0 0 0 0 0 0 0 0 0 0 0 0 0 1 1 1 1 1 1 1 1 1 1 1 1 1 1 1 1 1 1 1 1 1 1 1 1 1 1 1 1 1 1 1 1 1 1 1 1 1 1 1 1 1 1 1 1 1 1 1 1 1 1 1 1 1 1 1 1 1 1 1 1 1 1 1 1 1 1 1 1 1 1 1 1 1 1 1 1 1 1 1 1 1 1 1 1 1 1 1 1 1 1 1 1 1 1 1 1 1 1 1 1 1 1 1 1 1 1 1 1 1 1 1 1 1 1 1 1 1 1 1 1 1 1 1 1 1 1 1 
