# This file contains a 2D laser scan observation. 
# Its format is: 
# [aperture] [max_range] [number_of_scans] 
# [vector_of_scans] 
# [vector_of_valid_scans] 
# The aperture of the sensor is in radians, the maximum range 
# and measurements are in meters. '1' means a valid scan, '0' otherwise.
4.1847
5.6
682
0.694 0.689 0.681 0.679 0.679 0.676 0.67 0.666 0.665 0.664 0.664 0.664 0.668 0.668 0.668 0.665 0.658 0.649 0.646 0.646 0.644 0.644 0.644 0.644 0.644 0.639 0.631 0.627 0.624 0.621 0.62 0.62 0.62 0.613 0.609 0.609 0.609 0.603 0.603 0.594 0.592 0.589 0.589 0.585 0.584 0.583 0.583 0.583 0.575 0.575 0.575 0.572 0.568 0.567 0.568 0.567 0.567 0.563 0.559 0.559 0.56 0.56 0.562 0.563 0.562 0.562 0.561 0.556 0.556 0.555 0.555 0.55 0.549 0.549 0.548 0.548 0.547 0.547 0.547 0.55 0.547 0.547 0.547 0.547 0.547 0.543 0.543 0.542 0.542 0.54 0.54 0.542 0.542 0.537 0.539 0.539 0.537 0.539 0.539 0.541 0.542 0.542 0.541 0.539 0.528 0.528 0.526 0.528 0.547 0.548 0.592 0.594 0.594 0.594 0.592 0.572 0.566 0.542 0.538 0.538 0.533 0.538 0.547 0.547 0.547 0.547 0.547 0.547 0.556 0.556 0.556 0.556 0.546 0.546 0.541 0.54 0.541 0.547 0.555 0.556 0.561 0.556 0.555 0.555 0.553 0.54 0.54 0.54 0.543 0.543 0.544 0.547 0.543 0.547 0.56 0.56 0.552 0.558 0.557 0.555 0.555 0.557 0.557 0.56 0.562 0.566 0.569 0.57 0.569 0.571 0.569 0.573 0.568 0.568 0.568 0.568 0.568 0.579 0.579 0.578 0.579 0.582 0.585 0.586 0.589 0.594 0.594 0.596 0.596 0.598 0.601 0.601 0.601 0.601 0.599 0.599 0.609 0.609 0.613 0.613 0.613 0.61 0.613 0.614 0.621 0.63 0.63 0.631 0.635 0.637 0.655 0.657 0.657 0.66 0.661 0.666 0.666 0.669 0.678 0.679 0.679 0.681 0.682 0.69 0.694 0.694 0.699 0.699 0.699 0.71 0.71 0.71 0.71 0.711 0.711 0.716 0.728 0.729 0.735 0.736 0.741 0.744 0.746 0.753 0.754 0.766 0.769 0.776 0.779 0.784 0.794 0.795 0.799 0.806 0.812 0.813 0.828 0.833 0.841 0.845 0.852 0.853 0.872 0.873 0.873 0.874 0.874 0.887 0.908 0.918 0.924 0.926 0.941 0.007 0.976 0.975 0.976 0.976 0.98 0.983 1.016 1.029 1.035 1.043 1.058 1.068 1.07 1.091 1.105 1.108 1.124 1.134 1.145 1.158 1.18 1.183 1.205 1.234 1.254 1.301 2.324 2.371 2.442 2.486 2.486 2.522 2.546 2.596 2.632 2.665 2.713 2.75 2.794 2.838 2.891 2.93 2.93 2.93 2.529 2.519 2.511 2.511 2.511 2.517 2.517 2.838 2.845 2.85 2.848 2.845 2.848 2.85 2.896 2.896 2.896 2.896 2.896 2.94 2.992 2.992 2.992 2.737 2.735 2.735 2.737 2.91 0 0 0 0.006 4.119 4.076 4.076 0 0 0 0 0 0 0 0 0 0 0 0 3.655 3.655 3.655 4.028 4.047 4.059 4.077 4.077 4.077 4.063 4.015 4.015 4.015 4.111 4.111 4.111 4.111 4.096 4.095 4.06 4.06 4.06 4.084 4.096 0 0 0 0 0 0 0 0 0 0 0 0 0 0 0 0 0 0 0 0 0 0 0 0 0 0 0 0 0.007 0 0.007 0 0.007 0.601 0.573 0.573 0.567 0.566 0.563 0.563 0.563 0.572 0.572 0.574 0.582 0.582 0.582 0.582 0.582 0.582 0.582 0.582 0.582 0.579 0.578 0.578 0.578 0.578 0.578 0.581 0.583 0.583 0.584 0.584 0.587 0.587 0.587 0.589 0.59 0.589 0.589 0.589 0.589 0.588 0.585 0.588 0.585 0.585 0.579 0.576 0.576 0.578 0.578 0.59 0.594 0.594 0.606 0.606 0.601 0.606 0.606 0.609 0.609 0.612 0.612 0.007 0 0 0 0 0 0 0 0 0 0 0 0 0 0 0 0 0 0 0 0 0 0 0 0 0 0 0 0 0 0 0 0 0 0.007 0 0 0 0 0 0 0 0 0 0 0 0 0 0 0 0 0 0 0 0 0 0 0 0 0 0 0 0 0 0 0 0 0 0 0 0 0 0 0 0 0 0 0 0 0 0 0 0 0 0 0 0 0 0 0 0 0 0 2.606 2.599 2.593 2.589 2.584 2.575 2.572 2.571 2.571 2.549 2.057 2.057 2.057 2.537 2.537 2.537 2.537 2.526 2.517 2.083 2.079 2.074 2.062 2.062 2.059 2.058 2.058 2.054 2.051 2.046 2.051 2.048 2.045 2.045 2.048 2.048 2.047 2.055 2.055 2.066 2.08 2.1 2.432 2.484 2.484 2.484 2.031 2.031 2.031 2.475 2.479 2.482 2.482 2.482 2.483 2.483 2.483 2.483 2.483 2.483 2.485 2.485 2.486 2.488 2.487 2.49 2.491 2.491 2.491 2.5 2.501 2.504 2.507 2.507 2.507 2.507 2.507 2.512 2.512 2.504 1.344 1.344 1.344 1.35 1.363 1.363 1.363 1.612 1.212 1.185 1.089 1.087 1.086 1.086 1.087 1.09 1.148 1.203 1.204 1.205 1.206 1.21 1.322 1.442 1.442 
1 1 1 1 1 1 1 1 1 1 1 1 1 1 1 1 1 1 1 1 1 1 1 1 1 1 1 1 1 1 1 1 1 1 1 1 1 1 1 1 1 1 1 1 1 1 1 1 1 1 1 1 1 1 1 1 1 1 1 1 1 1 1 1 1 1 1 1 1 1 1 1 1 1 1 1 1 1 1 1 1 1 1 1 1 1 1 1 1 1 1 1 1 1 1 1 1 1 1 1 1 1 1 1 1 1 1 1 1 1 1 1 1 1 1 1 1 1 1 1 1 1 1 1 1 1 1 1 1 1 1 1 1 1 1 1 1 1 1 1 1 1 1 1 1 1 1 1 1 1 1 1 1 1 1 1 1 1 1 1 1 1 1 1 1 1 1 1 1 1 1 1 1 1 1 1 1 1 1 1 1 1 1 1 1 1 1 1 1 1 1 1 1 1 1 1 1 1 1 1 1 1 1 1 1 1 1 1 1 1 1 1 1 1 1 1 1 1 1 1 1 1 1 1 1 1 1 1 1 1 1 1 1 1 1 1 1 1 1 1 1 1 1 1 1 1 1 1 1 1 1 1 1 1 1 1 1 1 1 1 1 1 1 1 1 1 1 1 1 1 1 1 1 0 1 1 1 1 1 1 1 1 1 1 1 1 1 1 1 1 1 1 1 1 1 1 1 1 1 1 1 1 1 1 1 1 1 1 1 1 1 1 1 1 1 1 1 1 1 1 1 1 1 1 1 1 1 1 1 1 1 1 1 1 1 1 1 1 1 1 1 1 1 1 1 1 0 0 0 0 1 1 1 0 0 0 0 0 0 0 0 0 0 0 0 1 1 1 1 1 1 1 1 1 1 1 1 1 1 1 1 1 1 1 1 1 1 1 1 0 0 0 0 0 0 0 0 0 0 0 0 0 0 0 0 0 0 0 0 0 0 0 0 0 0 0 0 0 0 0 0 0 1 1 1 1 1 1 1 1 1 1 1 1 1 1 1 1 1 1 1 1 1 1 1 1 1 1 1 1 1 1 1 1 1 1 1 1 1 1 1 1 1 1 1 1 1 1 1 1 1 1 1 1 1 1 1 1 1 1 1 1 1 1 0 0 0 0 0 0 0 0 0 0 0 0 0 0 0 0 0 0 0 0 0 0 0 0 0 0 0 0 0 0 0 0 0 0 0 0 0 0 0 0 0 0 0 0 0 0 0 0 0 0 0 0 0 0 0 0 0 0 0 0 0 0 0 0 0 0 0 0 0 0 0 0 0 0 0 0 0 0 0 0 0 0 0 0 0 0 0 0 0 0 0 0 0 1 1 1 1 1 1 1 1 1 1 1 1 1 1 1 1 1 1 1 1 1 1 1 1 1 1 1 1 1 1 1 1 1 1 1 1 1 1 1 1 1 1 1 1 1 1 1 1 1 1 1 1 1 1 1 1 1 1 1 1 1 1 1 1 1 1 1 1 1 1 1 1 1 1 1 1 1 1 1 1 1 1 1 1 1 1 1 1 1 1 1 1 1 1 1 1 1 1 1 1 1 1 1 1 1 
