# This file contains a 2D laser scan observation. 
# Its format is: 
# [aperture] [max_range] [number_of_scans] 
# [vector_of_scans] 
# [vector_of_valid_scans] 
# The aperture of the sensor is in radians, the maximum range 
# and measurements are in meters. '1' means a valid scan, '0' otherwise.
4.1847
5.6
682
0.636 0.636 0.816 0.862 0.816 0.639 0.712 0.639 0.616 0.448 0.437 0.435 0.432 0.435 0.437 0.437 0.438 0.44 0.441 0.442 0.445 0.445 0.445 0.447 0.449 0.45 0.453 0.463 0.468 0.471 0.471 0.471 0.476 0.476 0.488 0.492 0.488 0.492 0.492 0.494 0.492 0.492 0.492 0.488 0.488 0.488 0.489 0.489 0.495 0.533 0.552 0.556 0.556 0.563 0.563 0.563 0.563 0.566 0.566 0.573 0.573 0.574 0.578 0.578 0.581 0.608 0.692 0.953 1.043 1.069 1.074 1.081 1.081 1.082 1.082 1.081 0.738 0.728 0.727 0.726 0.718 0.715 0.715 0.715 0.708 0.711 0.711 0.721 0.823 0.845 0.853 0.873 0.886 0.898 0.913 0.935 0.94 0.968 0.974 0.984 1.011 1.027 1.047 1.067 1.083 1.108 1.124 1.162 1.182 1.182 1.184 1.186 1.191 1.196 1.2 1.203 1.206 1.214 1.214 1.215 1.215 1.216 1.221 1.232 1.235 1.239 1.248 1.248 1.253 1.262 1.266 1.273 1.279 1.282 1.287 1.29 1.293 1.297 1.312 1.314 1.322 1.322 1.332 1.35 1.35 1.355 1.355 1.357 1.372 1.376 1.385 1.385 1.376 1.331 1.331 1.331 1.436 1.443 1.447 1.459 1.474 1.476 1.476 1.481 1.504 1.531 1.531 1.538 1.538 1.538 1.534 1.531 1.53 1.53 1.507 1.422 1.415 1.413 1.41 1.41 1.41 1.413 1.41 1.408 1.378 1.342 1.335 1.315 1.311 1.311 1.303 1.303 1.29 1.29 1.29 1.286 1.286 1.247 1.237 1.237 1.237 1.24 1.24 1.24 1.232 1.226 1.226 1.226 1.272 1.302 1.306 1.316 1.316 1.316 1.343 1.343 1.328 1.328 1.343 1.328 1.184 1.115 1.114 1.104 1.099 1.086 1.067 1.065 1.035 1.021 1.008 0.992 0.98 0.971 0.957 0.947 0.929 0.925 0.923 0.908 0.899 0.891 0.882 0.877 0.863 0.847 0.792 0.767 0.763 0.763 0.765 0.765 0.77 0.774 0.774 0.78 0.789 1.144 1.144 1.144 1.148 1.141 1.141 1.151 1.177 1.212 1.212 1.212 1.206 1.202 1.186 1.184 1.181 1.171 1.169 1.164 1.158 1.154 1.144 1.154 1.158 1.211 1.215 1.215 1.214 1.214 1.214 1.211 1.209 1.208 1.198 1.192 1.185 1.169 1.146 1.139 1.131 1.125 1.125 1.125 1.124 1.126 1.126 1.127 1.18 1.223 1.226 1.227 1.236 1.236 1.236 1.235 1.232 1.228 1.226 1.225 1.225 1.222 1.225 1.225 1.234 1.234 1.235 1.235 1.234 1.233 1.189 1.156 1.155 1.153 1.155 1.155 1.159 1.174 1.197 1.217 1.233 1.244 1.244 1.245 1.245 1.244 1.237 1.23 1.208 1.195 1.189 1.185 1.185 1.185 1.189 1.204 1.232 1.257 1.263 1.272 1.275 1.278 1.281 1.292 1.299 1.301 1.307 1.308 1.31 1.313 1.313 1.317 1.327 1.332 1.351 1.42 1.42 1.42 1.361 1.314 1.308 1.308 1.314 1.322 1.328 1.332 1.336 1.337 1.371 1.408 1.408 1.413 1.416 1.419 1.418 1.416 1.416 1.418 1.418 1.42 1.426 1.468 1.497 1.497 1.497 1.223 1.223 1.219 1.219 1.219 1.219 1.184 1.03 1.022 1.021 1.017 1.017 1.017 1.219 1.239 1.239 1.239 1.219 1.239 1.239 1.283 1.309 1.309 1.311 1.309 1.3 1.08 1.057 1.057 1.057 1.107 1.128 1.14 1.14 1.141 1.346 1.381 1.397 1.798 1.815 1.817 1.916 1.923 1.956 2.002 2.011 2.017 2.04 2.056 2.057 2.063 2.066 2.175 2.175 2.209 2.175 2.159 2.159 2.198 2.141 2.141 1.638 1.638 1.638 2.206 2.206 2.221 2.221 2.31 2.31 2.316 2.316 2.312 2.312 2.312 2.188 2.185 2.185 2.185 2.599 2.599 2.599 2.596 2.583 2.58 2.574 2.564 2.561 2.555 2.546 2.54 2.537 2.534 2.526 2.513 2.503 1.673 1.645 1.645 1.645 1.664 2.371 2.474 2.474 2.475 2.475 0 0 0 0 0 0 0 0 0.007 1.419 1.413 1.419 1.419 1.413 1.443 1.448 0 0 0 0 0 0 0 0 1.398 1.377 1.377 1.398 0 0 0 0 0 1.373 0 0.007 0 0 0 1.363 1.353 1.332 1.321 1.187 0.862 0.862 0.835 0.835 0.416 0.409 0.398 0.39 0.39 0.39 0.39 0.39 0.396 0.396 0.408 0.408 0.408 0.407 0.403 0.397 0.397 0.397 0.401 0.41 0.412 0 0 0 0.007 0 1.426 0 1.426 1.414 1.414 0 0 0 0 0 0 0 0 0 0 0 0 0 0 0.007 0 0 0 0 0 0 0 0.007 0 0 0 0 0 0 0 0 0 0 0 0 0 0 0 0 0 0 0 0 0 0 0 0 0 0 0 0 0 0 0 0 0 0 0 0 0 0 0 0 0 0 0 0 0 0 0 0 0 0 0 0 0 0 0 0 0 0 0 0.007 0 0 0 0 0 0 0 0 0 0 0 0 0 
1 1 1 1 1 1 1 1 1 1 1 1 1 1 1 1 1 1 1 1 1 1 1 1 1 1 1 1 1 1 1 1 1 1 1 1 1 1 1 1 1 1 1 1 1 1 1 1 1 1 1 1 1 1 1 1 1 1 1 1 1 1 1 1 1 1 1 1 1 1 1 1 1 1 1 1 1 1 1 1 1 1 1 1 1 1 1 1 1 1 1 1 1 1 1 1 1 1 1 1 1 1 1 1 1 1 1 1 1 1 1 1 1 1 1 1 1 1 1 1 1 1 1 1 1 1 1 1 1 1 1 1 1 1 1 1 1 1 1 1 1 1 1 1 1 1 1 1 1 1 1 1 1 1 1 1 1 1 1 1 1 1 1 1 1 1 1 1 1 1 1 1 1 1 1 1 1 1 1 1 1 1 1 1 1 1 1 1 1 1 1 1 1 1 1 1 1 1 1 1 1 1 1 1 1 1 1 1 1 1 1 1 1 1 1 1 1 1 1 1 1 1 1 1 1 1 1 1 1 1 1 1 1 1 1 1 1 1 1 1 1 1 1 1 1 1 1 1 1 1 1 1 1 1 1 1 1 1 1 1 1 1 1 1 1 1 1 1 1 1 1 1 1 1 1 1 1 1 1 1 1 1 1 1 1 1 1 1 1 1 1 1 1 1 1 1 1 1 1 1 1 1 1 1 1 1 1 1 1 1 1 1 1 1 1 1 1 1 1 1 1 1 1 1 1 1 1 1 1 1 1 1 1 1 1 1 1 1 1 1 1 1 1 1 1 1 1 1 1 1 1 1 1 1 1 1 1 1 1 1 1 1 1 1 1 1 1 1 1 1 1 1 1 1 1 1 1 1 1 1 1 1 1 1 1 1 1 1 1 1 1 1 1 1 1 1 1 1 1 1 1 1 1 1 1 1 1 1 1 1 1 1 1 1 1 1 1 1 1 1 1 1 1 1 1 1 1 1 1 1 1 1 1 1 1 1 1 1 1 1 1 1 1 1 1 1 1 1 1 1 1 1 1 1 1 1 1 1 1 1 1 1 1 1 1 1 1 1 1 1 1 1 1 1 1 1 1 1 1 1 1 1 1 1 1 1 1 1 1 1 1 1 1 1 1 1 1 1 1 1 1 1 1 1 1 1 1 0 0 0 0 0 0 0 0 0 1 1 1 1 1 1 1 0 0 0 0 0 0 0 0 1 1 1 1 0 0 0 0 0 1 0 0 0 0 0 1 1 1 1 1 1 1 1 1 1 1 1 1 1 1 1 1 1 1 1 1 1 1 1 1 1 1 1 1 1 0 0 0 0 0 1 0 1 1 1 0 0 0 0 0 0 0 0 0 0 0 0 0 0 0 0 0 0 0 0 0 0 0 0 0 0 0 0 0 0 0 0 0 0 0 0 0 0 0 0 0 0 0 0 0 0 0 0 0 0 0 0 0 0 0 0 0 0 0 0 0 0 0 0 0 0 0 0 0 0 0 0 0 0 0 0 0 0 0 0 0 0 0 0 0 0 0 0 0 0 0 0 0 0 0 0 
