# This file contains a 2D laser scan observation. 
# Its format is: 
# [aperture] [max_range] [number_of_scans] 
# [vector_of_scans] 
# [vector_of_valid_scans] 
# The aperture of the sensor is in radians, the maximum range 
# and measurements are in meters. '1' means a valid scan, '0' otherwise.
4.1847
5.6
682
1.249 1.246 1.246 1.239 1.239 1.236 1.236 1.233 1.226 1.224 1.224 1.221 1.221 1.226 1.228 1.232 1.233 1.257 1.261 1.261 1.261 1.27 1.272 1.287 1.29 1.301 1.301 1.304 1.301 1.305 1.332 1.353 1.353 1.353 1.354 1.354 1.354 1.354 1.354 1.354 1.356 1.376 1.384 1.386 1.397 1.4 1.403 1.412 1.413 1.419 1.421 1.422 1.428 1.438 1.439 1.439 1.444 1.453 1.456 1.459 1.461 1.47 1.47 1.47 1.439 1.323 1.315 1.307 1.305 1.305 1.294 1.221 1.185 1.185 1.183 1.166 1.166 1.155 1.15 0.544 0.544 0.544 0.549 0.556 0.558 0.56 0.558 0.558 0.557 0.557 0.557 0.557 0.557 0.555 0.555 0.555 1.096 1.124 1.125 1.131 1.131 1.131 1.131 1.131 1.092 1.057 1.05 1.045 1.04 1.037 1.032 1.024 1.012 1.008 1.004 0.98 0.98 0.977 0.974 0.974 0.974 0.977 0.993 1.023 1.033 1.04 1.04 1.04 1.021 0.962 0.947 0.947 0.947 0.946 0.95 0.95 0.95 0.954 0.954 0.954 0.854 0.849 0.835 0.835 0.834 0.835 0.835 0.837 0.889 0.89 0.89 0.894 0.894 0.882 0.878 0.871 0.86 0.851 0.843 0.835 0.822 0.806 0.794 0.793 0.793 0.793 0.793 0.793 0.793 0.797 0.844 0.846 0.848 0.857 0.848 0.846 0.842 0.835 0.835 0.829 0.829 0.829 0.821 0.818 0.811 0.808 0.8 0.78 0.76 0.745 0.735 0.733 0.727 0.721 0.718 0.721 0.716 0.716 0.719 0.719 0.719 0.732 0.793 0.793 0.8 0.8 0.807 0.807 0.807 0.806 0.806 0.805 0.805 0.804 0.801 0.8 0.798 0.797 0.795 0.795 0.787 0.785 0.785 0.781 0.782 0.775 0.775 0.777 0.78 0.78 0.787 0.787 0.789 0.789 0.789 0.787 0.778 0.77 0.699 0.698 0.698 0.694 0.694 0.694 0.694 0.694 0.698 0.7 0.707 0.712 0.715 0.718 0.729 0.737 0.741 0.752 0.756 0.758 0.76 0.762 0.762 0.767 0.767 0.767 0.766 0.761 0.758 0.742 0.731 0.708 0.701 0.7 0.7 0.701 0.705 0.705 0.705 0.702 0.702 0.702 0.719 0.727 0.749 0.75 0.763 0.767 0.769 0.77 0.772 0.777 0.787 0.788 0.788 0.79 0.797 0.797 0.797 0.797 0.797 0.797 0.801 0.808 0.81 0.81 0.81 0.81 0.811 0.812 0.812 0.814 0.818 0.82 0.822 0.833 0.863 0.895 0.904 0.913 0.913 0.913 0.802 0.802 0.802 0.802 0.802 0.801 0.801 0.804 0.812 0.814 0.815 0.817 0.822 0.826 0.829 0.832 0.881 0.893 0.896 0.9 0.908 0.909 0.91 0.912 0.912 0.912 0.91 0.9 0.9 0.9 0.902 0.902 0.904 0.905 0.911 0.914 0.994 0.994 0.994 0.988 0.979 0.975 0.963 0.947 0.721 0.721 0.715 0.721 0.722 0.722 0.719 0.722 0.723 0.72 0.72 0.72 0.72 0.72 0.72 0.72 0.72 0.562 0.558 0.558 0.554 0.554 0.554 0.556 0.556 0.556 0.556 0.556 0.551 0.55 0.549 0.549 0.549 0.549 0.608 0.728 0.831 0.838 0.841 0.889 0.96 0.968 0.968 0.937 0.937 0.926 0.91 0.909 0.895 0.74 0.64 0.601 0.601 0.601 0.602 0.606 0.609 0.612 0.612 0.619 0.699 0.71 1.631 1.724 1.73 1.73 1.731 1.768 1.816 1.816 1.816 1.812 1.807 1.777 1.406 1.358 1.169 1.169 1.169 1.458 1.874 1.874 1.874 1.889 1.889 1.889 1.889 1.768 1.768 2.195 2.191 2.195 2.195 2.191 2.19 2.19 2.188 2.185 2.18 2.176 2.174 2.173 2.171 2.17 2.164 2.158 2.156 2.155 2.154 2.152 2.151 2.15 2.152 2.152 2.15 2.15 2.14 2.136 2.134 2.133 2.127 2.127 2.127 2.127 1.296 1.296 1.296 1.296 1.308 2.114 2.116 2.127 2.127 2.127 2.13 2.13 2.13 2.132 0 0 0 0 0 0 0 1.166 1.166 1.166 1.166 1.166 1.166 1.163 1.163 1.157 1.154 1.133 1.125 1.125 1.125 0 0 0 0 0 0 0 0 1.145 1.142 1.142 1.145 0 0 0 0 0 0 0 0 0 0 0 0 0 0 0 0 0 0 0 0 0 0 0.007 0 0 0 0 0 0 0.007 0 0 0.007 0 0 0 0 0 0 0 0.007 0 0 0.007 0 0.007 0 0 0 0.007 0 0 0 0 0 0 0 0 0 0 0 0 0 0 0 0.755 0.749 0.745 0.745 0.742 0.742 0.742 0.742 0.748 0.748 0.757 0.758 0 0 0 0 0 0 0 0 0 0 0 0 0 0 0 0 0 0 0 0 0 0 0 0 0 0 0 0 0 0 0 0 0 0 0 0 0 0 0 1.014 1.014 1.014 1.019 0 0 0 1.072 1.072 1.072 1.096 1.099 1.107 1.127 1.142 1.152 1.154 1.174 1.186 1.191 1.221 1.223 0 0 0 0 0 0 0 0 0 
1 1 1 1 1 1 1 1 1 1 1 1 1 1 1 1 1 1 1 1 1 1 1 1 1 1 1 1 1 1 1 1 1 1 1 1 1 1 1 1 1 1 1 1 1 1 1 1 1 1 1 1 1 1 1 1 1 1 1 1 1 1 1 1 1 1 1 1 1 1 1 1 1 1 1 1 1 1 1 1 1 1 1 1 1 1 1 1 1 1 1 1 1 1 1 1 1 1 1 1 1 1 1 1 1 1 1 1 1 1 1 1 1 1 1 1 1 1 1 1 1 1 1 1 1 1 1 1 1 1 1 1 1 1 1 1 1 1 1 1 1 1 1 1 1 1 1 1 1 1 1 1 1 1 1 1 1 1 1 1 1 1 1 1 1 1 1 1 1 1 1 1 1 1 1 1 1 1 1 1 1 1 1 1 1 1 1 1 1 1 1 1 1 1 1 1 1 1 1 1 1 1 1 1 1 1 1 1 1 1 1 1 1 1 1 1 1 1 1 1 1 1 1 1 1 1 1 1 1 1 1 1 1 1 1 1 1 1 1 1 1 1 1 1 1 1 1 1 1 1 1 1 1 1 1 1 1 1 1 1 1 1 1 1 1 1 1 1 1 1 1 1 1 1 1 1 1 1 1 1 1 1 1 1 1 1 1 1 1 1 1 1 1 1 1 1 1 1 1 1 1 1 1 1 1 1 1 1 1 1 1 1 1 1 1 1 1 1 1 1 1 1 1 1 1 1 1 1 1 1 1 1 1 1 1 1 1 1 1 1 1 1 1 1 1 1 1 1 1 1 1 1 1 1 1 1 1 1 1 1 1 1 1 1 1 1 1 1 1 1 1 1 1 1 1 1 1 1 1 1 1 1 1 1 1 1 1 1 1 1 1 1 1 1 1 1 1 1 1 1 1 1 1 1 1 1 1 1 1 1 1 1 1 1 1 1 1 1 1 1 1 1 1 1 1 1 1 1 1 1 1 1 1 1 1 1 1 1 1 1 1 1 1 1 1 1 1 1 1 1 1 1 1 1 1 1 1 1 1 1 1 1 1 1 1 1 1 1 1 1 1 1 1 1 1 1 1 1 1 1 1 1 1 1 1 1 1 1 1 1 1 1 1 1 1 1 1 1 1 1 1 1 0 0 0 0 0 0 0 1 1 1 1 1 1 1 1 1 1 1 1 1 1 0 0 0 0 0 0 0 0 1 1 1 1 0 0 0 0 0 0 0 0 0 0 0 0 0 0 0 0 0 0 0 0 0 0 0 0 0 0 0 0 0 0 0 0 0 0 0 0 0 0 0 0 0 0 0 0 0 0 0 0 0 0 0 0 0 0 0 0 0 0 0 0 0 0 0 0 0 1 1 1 1 1 1 1 1 1 1 1 1 0 0 0 0 0 0 0 0 0 0 0 0 0 0 0 0 0 0 0 0 0 0 0 0 0 0 0 0 0 0 0 0 0 0 0 0 0 0 0 1 1 1 1 0 0 0 1 1 1 1 1 1 1 1 1 1 1 1 1 1 1 0 0 0 0 0 0 0 0 0 
