# This file contains a 2D laser scan observation. 
# Its format is: 
# [aperture] [max_range] [number_of_scans] 
# [vector_of_scans] 
# [vector_of_valid_scans] 
# The aperture of the sensor is in radians, the maximum range 
# and measurements are in meters. '1' means a valid scan, '0' otherwise.
4.1847
5.6
682
0.826 0.826 0.826 0.826 0.814 0.769 0.732 0.729 0.729 0.73 0.732 0.734 0.741 0.741 0.745 0.745 0.748 0.75 0.754 0.755 0.755 0.755 0.762 0.762 0.762 0.762 0.762 0.76 0.753 0.753 0.752 0.752 0.749 0.755 0.749 0.755 0.751 0.751 0.749 0.749 0.748 0.747 0.742 0.738 0.727 0.727 0.727 0.728 0.731 0.731 0.733 0.733 0.733 0.731 0.721 0.66 0.329 0.317 0.314 0.314 0.317 0.371 0.64 0.666 0.669 0.672 0.672 0.672 0.669 0.669 0.669 0.669 0.673 0.673 0.669 0.669 0.676 0.672 0.672 0.68 0.672 0.672 0.666 0.6 0.354 0.351 0.351 0.354 0.357 0.358 0.36 0.361 0.368 0.371 0.371 0.377 0.38 0.381 0.386 0.388 0.391 0.391 0.396 0.396 0.392 0.39 0.39 0.39 0.33 0.258 0.256 0.252 0.247 0.256 0.247 0.247 0.247 0.244 0.244 0.247 0.244 0.241 0.242 0.242 0.241 0.242 0.246 0.253 0.32 0.386 0.395 0.4 0.416 0.417 0.43 0.43 0.436 0.463 0.478 0.478 0.498 0.494 0.48 0.48 0.48 0.465 0.463 0.346 0.297 0.297 0.296 0.297 0.298 0.298 0.3 0.3 0.3 0.3 0.303 0.303 0.303 0.303 0.302 0.301 0.301 0.302 0.302 0.321 0.36 0.377 0.381 0.39 0.392 0.393 0.392 0.392 0.393 0.39 0.39 0.395 0.4 0.423 0.87 0.888 0.893 0.893 0.894 0.893 0.887 0.541 0.539 0.539 0.539 0.536 0.541 0.541 0.541 0.538 0.538 0.538 0.538 0.541 0.808 0.913 0.95 0.95 0.95 0.942 0.942 0.939 0.932 0.923 0.922 0.921 0.921 0.921 0.921 0.921 0.922 0.922 0.946 1.011 1.014 1.016 1.018 1.021 1.036 1.1 1.101 1.101 1.1 1.1 1.104 1.107 1.143 1.155 1.156 1.156 1.155 1.155 1.156 1.159 1.248 1.294 1.294 1.294 1.277 1.277 1.258 1.253 0.65 0.65 0.65 0.654 1.238 1.366 1.484 1.484 1.484 0.92 0.823 0.645 0.645 0.645 0.645 0.645 0.65 0.65 1.387 0.007 0 0 0 1.41 1.41 1.41 1.431 1.431 1.431 1.431 1.429 1.427 1.287 1.283 1.283 1.283 1.32 1.73 1.73 1.73 1.73 1.725 1.722 1.721 1.72 1.719 1.718 1.713 1.712 1.708 1.706 1.706 1.7 1.698 1.693 1.69 1.69 1.684 1.68 1.68 1.678 1.673 1.673 1.673 1.673 1.665 1.676 0.007 1.665 1.663 1.662 1.66 1.66 1.658 1.652 1.652 1.65 1.648 1.648 1.649 1.648 1.644 0.819 0.819 0.819 0.819 0.819 0.821 0.822 0.83 1.633 1.641 1.641 1.646 1.646 1.646 1.646 1.647 1.647 1.647 1.647 1.652 0 0 0 0 0 0 0 0 0 0 0 0 0 0.685 0.685 0.685 0.689 0.689 0.689 0.692 0.691 0.692 0.692 0.695 0.695 0.697 0.697 0.698 0.693 0.688 0.688 0.688 0.678 0.678 0.681 0.679 0.68 0.68 0.68 0.68 0 0 0 0 0 0 0 0 0.007 0 0.007 0.731 0.729 0.731 0.729 0.729 0.725 0.711 0.711 0.711 0.708 0.712 0.712 0.71 0.71 0.712 0 0 0 0 0 0 0 0 0 0 0 0 0 0 0 0.007 0 0 0 0 0 0 0 0 0 0 0 0 0 0 0 0 0.007 0 0 0 0.007 0 0 0 0.007 0 0 0 0 0 0.007 0 0 0 0.007 0 0 0 0 0 0 0 0 0 0 0 0 0 0 0 0 0 0 0 0 0 0 0 0 0 0 0 0 0 0 0 0 0 0 0 0 0 0 0 0 0 0 0 0 0 0 0 0 0 0 0 0 0 0 0 0.007 0 0 0 0 0 0 0 0 0 0 0 0 0 0 0 0 0 0.007 0 0 0 0 0 0 0 0 0 0.509 0.504 0.496 0.5 0.5 0.5 0.5 0.503 0.506 0.512 0.506 0.506 0.506 0.506 0.506 0.507 0.519 0 0 0 0 0 0 0 0 0 0 0 0 1.41 1.41 1.41 1.41 1.411 0 0 0 0 0 0 0 0 0 0 0 0 0 0 0 0 0 0 0 0 0 0 0 0 0 0.007 0 0 0 0 0 0 0 0 0 0 0 0 0 0 0 0 0 0 0 0 1.457 1.449 1.449 1.457 1.467 0 0 0 0.007 0 0 0 0 0 0 0 0 0 0 0 0 0 0 0 0 0 0 0 0.007 0 0 0 0 3.328 3.328 3.328 0 0 0 0 0 0 2.998 2.998 0.007 0 0 0.007 0 0 
1 1 1 1 1 1 1 1 1 1 1 1 1 1 1 1 1 1 1 1 1 1 1 1 1 1 1 1 1 1 1 1 1 1 1 1 1 1 1 1 1 1 1 1 1 1 1 1 1 1 1 1 1 1 1 1 1 1 1 1 1 1 1 1 1 1 1 1 1 1 1 1 1 1 1 1 1 1 1 1 1 1 1 1 1 1 1 1 1 1 1 1 1 1 1 1 1 1 1 1 1 1 1 1 1 1 1 1 1 1 1 1 1 1 1 1 1 1 1 1 1 1 1 1 1 1 1 1 1 1 1 1 1 1 1 1 1 1 1 1 1 1 1 1 1 1 1 1 1 1 1 1 1 1 1 1 1 1 1 1 1 1 1 1 1 1 1 1 1 1 1 1 1 1 1 1 1 1 1 1 1 1 1 1 1 1 1 1 1 1 1 1 1 1 1 1 1 1 1 1 1 1 1 1 1 1 1 1 1 1 1 1 1 1 1 1 1 1 1 1 1 1 1 1 1 1 1 1 1 1 1 1 1 1 1 1 1 1 1 1 1 1 1 1 1 1 1 1 1 1 1 1 1 1 1 1 1 1 1 1 1 1 1 1 1 1 1 1 1 0 0 0 0 1 1 1 1 1 1 1 1 1 1 1 1 1 1 1 1 1 1 1 1 1 1 1 1 1 1 1 1 1 1 1 1 1 1 1 1 1 1 1 1 1 1 1 1 0 1 1 1 1 1 1 1 1 1 1 1 1 1 1 1 1 1 1 1 1 1 1 1 1 1 1 1 1 1 1 1 1 1 1 0 0 0 0 0 0 0 0 0 0 0 0 0 1 1 1 1 1 1 1 1 1 1 1 1 1 1 1 1 1 1 1 1 1 1 1 1 1 1 1 0 0 0 0 0 0 0 0 0 0 0 1 1 1 1 1 1 1 1 1 1 1 1 1 1 1 0 0 0 0 0 0 0 0 0 0 0 0 0 0 0 0 0 0 0 0 0 0 0 0 0 0 0 0 0 0 0 0 0 0 0 0 0 0 0 0 0 0 0 0 0 0 0 0 0 0 0 0 0 0 0 0 0 0 0 0 0 0 0 0 0 0 0 0 0 0 0 0 0 0 0 0 0 0 0 0 0 0 0 0 0 0 0 0 0 0 0 0 0 0 0 0 0 0 0 0 0 0 0 0 0 0 0 0 0 0 0 0 0 0 0 0 0 0 0 0 0 0 0 0 0 0 0 0 0 0 0 0 0 0 1 1 1 1 1 1 1 1 1 1 1 1 1 1 1 1 1 0 0 0 0 0 0 0 0 0 0 0 0 1 1 1 1 1 0 0 0 0 0 0 0 0 0 0 0 0 0 0 0 0 0 0 0 0 0 0 0 0 0 0 0 0 0 0 0 0 0 0 0 0 0 0 0 0 0 0 0 0 0 0 1 1 1 1 1 0 0 0 0 0 0 0 0 0 0 0 0 0 0 0 0 0 0 0 0 0 0 0 0 0 0 0 0 1 1 1 0 0 0 0 0 0 1 1 0 0 0 0 0 0 
