# This file contains a 2D laser scan observation. 
# Its format is: 
# [aperture] [max_range] [number_of_scans] 
# [vector_of_scans] 
# [vector_of_valid_scans] 
# The aperture of the sensor is in radians, the maximum range 
# and measurements are in meters. '1' means a valid scan, '0' otherwise.
4.1847
5.6
682
0.594 0.594 0.59 0.569 0.466 0.466 0.462 0.462 0.461 0.459 0.454 0.454 0.45 0.442 0.439 0.438 0.436 0.436 0.435 0.435 0.432 0.431 0.427 0.425 0.425 0.423 0.423 0.423 0.418 0.414 0.414 0.414 0.42 0.42 0.42 0.42 0.425 0.421 0.421 0.425 0.428 0.432 0.447 0.447 0.455 0.47 0.479 0.491 0.541 0.556 0.58 0.599 0.622 0.641 0.654 0.672 0.706 0.72 0.767 0.789 0.808 0.849 0.888 0.916 0.957 0.998 1.031 1.078 1.118 1.154 1.161 1.165 1.166 1.165 1.165 1.164 1.16 1.158 1.158 1.159 1.16 1.159 1.159 1.157 1.15 1.147 1.147 1.147 1.147 1.148 1.149 1.151 1.151 1.151 1.155 1.16 1.165 1.165 1.165 1.167 1.164 1.164 1.164 1.166 1.164 1.166 1.166 1.176 1.176 1.178 1.176 1.176 1.173 1.178 1.175 1.178 1.178 1.186 1.186 1.186 1.187 1.191 1.192 1.192 1.194 1.197 1.199 1.202 1.204 1.205 1.206 1.207 1.21 1.211 1.218 1.221 1.218 1.228 1.228 1.233 1.233 1.237 1.242 1.247 1.249 1.251 1.252 1.252 1.26 1.263 1.263 1.264 1.269 1.27 1.276 1.289 1.289 1.296 1.297 1.3 1.308 1.313 1.315 1.315 1.32 1.335 1.337 1.34 1.341 1.343 1.353 1.361 1.362 1.365 1.371 1.385 1.387 1.389 1.389 1.397 1.407 1.414 1.415 1.43 1.431 1.445 1.447 1.461 1.474 1.48 1.474 1.474 1.48 1.485 1.487 1.489 1.492 1.5 1.512 1.52 1.54 1.552 1.553 1.557 1.57 1.581 1.585 1.598 1.606 1.615 1.625 1.644 1.644 1.644 1.552 1.533 1.525 1.51 1.508 1.493 1.487 1.485 1.48 1.468 1.467 1.467 1.455 1.454 1.421 1.414 1.399 1.392 1.385 1.379 1.378 1.363 1.362 1.345 1.342 1.335 1.332 1.322 1.321 1.311 1.301 1.296 1.289 1.286 1.276 1.273 1.271 1.266 1.265 1.259 1.25 1.243 1.233 1.232 1.231 1.227 1.214 1.211 1.209 1.208 1.208 1.205 1.199 1.189 1.183 1.181 1.176 1.175 1.169 1.169 1.162 1.162 1.155 1.149 1.149 1.149 1.15 1.17 1.181 1.197 1.222 1.237 1.255 1.273 1.288 1.313 1.338 1.361 1.41 1.437 1.439 1.44 1.44 1.44 1.435 1.431 1.43 1.43 1.427 1.425 1.424 1.417 1.408 1.408 1.406 1.405 1.401 1.4 1.4 1.4 1.4 1.394 1.394 1.389 1.381 1.378 1.378 1.381 1.381 1.382 1.387 1.387 1.387 1.398 0 0.006 0.006 0.006 0.006 0.006 0.006 0.006 0.006 0.006 0.006 0.006 0.015 0.015 0.015 0.006 0.006 0.006 0.006 0.006 0.006 0.006 0.006 0.006 0.006 0.006 0.006 0.006 4.924 4.909 4.002 4.002 4.002 4.004 4.005 4.007 4.009 4.02 4.023 4.026 4.043 4.045 4.045 4.045 4.054 4.055 4.057 4.063 0 0 0 0 0 0 0 0 4.932 4.932 0.007 0 4.932 0 4.685 4.584 4.584 0 0 0 0 2.4 2.4 2.4 2.4 2.4 1.638 1.609 1.574 1.544 1.521 1.517 1.513 1.513 1.513 1.513 1.517 1.518 1.523 1.523 1.553 1.557 1.56 1.573 1.573 1.574 1.58 1.582 1.582 1.591 1.595 1.609 1.614 1.614 1.614 1.613 1.593 1.587 1.563 1.558 1.549 1.549 1.549 1.553 1.561 1.571 1.583 1.595 1.601 1.601 1.601 1.598 1.598 1.598 1.599 1.603 1.61 1.627 1.633 1.645 1.649 1.668 1.681 1.687 1.696 1.708 1.717 1.725 1.742 1.753 1.766 1.773 1.786 1.801 1.806 1.826 1.841 1.85 1.858 1.875 1.892 1.909 1.915 1.929 1.933 1.96 1.973 1.978 2.001 2.015 2.041 2.052 2.075 2.079 2.19 2.285 2.301 2.325 2.335 2.357 2.378 2.4 2.426 2.445 2.445 2.445 1.008 0.994 0.988 0.983 0.97 0.964 0.963 0.961 0.955 0.955 0.955 0.955 0.955 0.953 0.95 0.95 0.948 0.948 0.936 0.936 0.931 0.923 0.918 0.918 0.918 0.918 0.919 0.919 0.918 0.911 0.91 0.908 0.904 0.898 0.897 0.897 0.891 0.891 0.89 0.887 0.887 0.888 0.886 0.881 0.881 0.872 0.872 0.872 0.872 0.872 0.872 0.869 0.866 0.862 0.862 0.861 0.859 0.859 0.859 0.859 0.855 0.856 0.853 0.856 0.855 0.855 0.851 0.851 0.847 0.847 0.847 0.846 0.846 0.846 0.846 0.846 0.847 0.847 0.847 0.837 0.837 0.837 0.837 0.838 0.84 0.84 0.834 0.835 0.835 0.835 0.835 0.836 0.837 0.837 0.837 0.838 0.842 0.839 0.838 0.838 0.836 0.836 0.836 0.836 0.841 0.841 0.841 0.84 0.84 0.84 0.84 0.838 0.838 0.842 0.842 0.844 0.845 0.846 0.846 0.845 0.84 0.81 0.773 0.746 0.713 0.697 0.663 0.641 0.625 0.59 0.576 0.557 0.544 0.528 0.511 0.494 0.492 0.477 0.468 0.455 0.447 0.435 0.42 0.42 0.381 0.362 0.361 0.359 0.348 0.346 0.346 0.343 0.342 0.334 0.328 0.328 0.328 0.328 0.326 0.326 0.321 0.317 0.315 0.315 0.317 0.317 0.317 0.317 0.317 0.313 0.312 0.313 0.317 0.317 0.317 0.317 0.323 0.323 0.323 0.321 
1 1 1 1 1 1 1 1 1 1 1 1 1 1 1 1 1 1 1 1 1 1 1 1 1 1 1 1 1 1 1 1 1 1 1 1 1 1 1 1 1 1 1 1 1 1 1 1 1 1 1 1 1 1 1 1 1 1 1 1 1 1 1 1 1 1 1 1 1 1 1 1 1 1 1 1 1 1 1 1 1 1 1 1 1 1 1 1 1 1 1 1 1 1 1 1 1 1 1 1 1 1 1 1 1 1 1 1 1 1 1 1 1 1 1 1 1 1 1 1 1 1 1 1 1 1 1 1 1 1 1 1 1 1 1 1 1 1 1 1 1 1 1 1 1 1 1 1 1 1 1 1 1 1 1 1 1 1 1 1 1 1 1 1 1 1 1 1 1 1 1 1 1 1 1 1 1 1 1 1 1 1 1 1 1 1 1 1 1 1 1 1 1 1 1 1 1 1 1 1 1 1 1 1 1 1 1 1 1 1 1 1 1 1 1 1 1 1 1 1 1 1 1 1 1 1 1 1 1 1 1 1 1 1 1 1 1 1 1 1 1 1 1 1 1 1 1 1 1 1 1 1 1 1 1 1 1 1 1 1 1 1 1 1 1 1 1 1 1 1 1 1 1 1 1 1 1 1 1 1 1 1 1 1 1 1 1 1 1 1 1 1 1 1 1 1 1 1 1 1 1 1 1 1 1 1 1 1 1 1 1 1 1 1 1 1 1 1 1 1 1 1 1 1 1 1 1 1 0 0 0 0 0 0 0 0 0 0 0 0 0 0 0 0 0 0 0 0 0 0 0 0 0 0 0 0 1 1 1 1 1 1 1 1 1 1 1 1 1 1 1 1 1 1 1 1 0 0 0 0 0 0 0 0 1 1 0 0 1 0 1 1 1 0 0 0 0 1 1 1 1 1 1 1 1 1 1 1 1 1 1 1 1 1 1 1 1 1 1 1 1 1 1 1 1 1 1 1 1 1 1 1 1 1 1 1 1 1 1 1 1 1 1 1 1 1 1 1 1 1 1 1 1 1 1 1 1 1 1 1 1 1 1 1 1 1 1 1 1 1 1 1 1 1 1 1 1 1 1 1 1 1 1 1 1 1 1 1 1 1 1 1 1 1 1 1 1 1 1 1 1 1 1 1 1 1 1 1 1 1 1 1 1 1 1 1 1 1 1 1 1 1 1 1 1 1 1 1 1 1 1 1 1 1 1 1 1 1 1 1 1 1 1 1 1 1 1 1 1 1 1 1 1 1 1 1 1 1 1 1 1 1 1 1 1 1 1 1 1 1 1 1 1 1 1 1 1 1 1 1 1 1 1 1 1 1 1 1 1 1 1 1 1 1 1 1 1 1 1 1 1 1 1 1 1 1 1 1 1 1 1 1 1 1 1 1 1 1 1 1 1 1 1 1 1 1 1 1 1 1 1 1 1 1 1 1 1 1 1 1 1 1 1 1 1 1 1 1 1 1 1 1 1 1 1 1 1 1 1 1 1 1 1 1 1 1 1 1 1 1 1 1 1 1 1 1 1 1 1 1 1 1 
