# This file contains a 2D laser scan observation. 
# Its format is: 
# [aperture] [max_range] [number_of_scans] 
# [vector_of_scans] 
# [vector_of_valid_scans] 
# The aperture of the sensor is in radians, the maximum range 
# and measurements are in meters. '1' means a valid scan, '0' otherwise.
4.1847
5.6
682
0.414 0.414 0.412 0.408 0.404 0.402 0.397 0.397 0.396 0.395 0.395 0.394 0.392 0.388 0.384 0.384 0.383 0.382 0.382 0.374 0.377 0.375 0.375 0.372 0.374 0.37 0.368 0.368 0.368 0.365 0.365 0.363 0.362 0.361 0.361 0.357 0.357 0.357 0.359 0.361 0.361 0.361 0.362 0.362 0.361 0.357 0.351 0.35 0.349 0.346 0.346 0.349 0.349 0.348 0.348 0.348 0.345 0.343 0.343 0.342 0.341 0.341 0.337 0.337 0.337 0.337 0.337 0.337 0.335 0.335 0.335 0.334 0.334 0.334 0.331 0.331 0.331 0.333 0.333 0.333 0.333 0.333 0.332 0.333 0.335 0.335 0.335 0.336 0.336 0.334 0.334 0.334 0.334 0.342 0.345 0.351 0.351 0.356 0.358 0.359 0.362 0.362 0.362 0.359 0.362 0.359 0.357 0.359 0.357 0.356 0.352 0.352 0.346 0.343 0.34 0.332 0.326 0.326 0.326 0.326 0.326 0.326 0.327 0.327 0.333 0.333 0.333 0.333 0.333 0.331 0.331 0.331 0.326 0.329 0.333 0.329 0.329 0.329 0.329 0.329 0.334 0.334 0.334 0.336 0.334 0.332 0.332 0.336 0.338 0.339 0.339 0.339 0.338 0.34 0.34 0.34 0.341 0.341 0.345 0.345 0.345 0.345 0.347 0.347 0.35 0.354 0.354 0.354 0.354 0.354 0.354 0.354 0.354 0.353 0.362 0.362 0.362 0.363 0.365 0.367 0.367 0.367 0.367 0.363 0.363 0.363 0.368 0.371 0.372 0.374 0.374 0.385 0.385 0.388 0.39 0.39 0.39 0.392 0.392 0.392 0.392 0.392 0.396 0.397 0.398 0.402 0.404 0.405 0.406 0.414 0.414 0.415 0.419 0.419 0.421 0.423 0.426 0.426 0.426 0.433 0.439 0.439 0.439 0.44 0.44 0.444 0.451 0.459 0.464 0.464 0.464 0.469 0.474 0.479 0.554 0.623 0.624 0.631 0.633 0.64 0.641 0.646 0.65 0.65 0.65 0.653 0.661 0.673 0.677 0.682 0.686 0.687 0.689 0.691 0.691 0.702 0.707 0.718 0.722 0.728 0.729 0.734 0.738 0.743 0.752 0.758 0.758 0.764 0.776 0.788 0.798 0.801 0.814 0.827 0.828 0.84 0.849 0.861 0.861 0.865 0.874 0.889 0.895 0.909 0.925 0.934 0.941 0.956 0.965 0.975 0.978 0.993 1.002 1.019 1.035 1.047 1.069 1.086 1.095 1.102 1.129 1.151 1.163 1.18 1.191 1.222 1.238 1.256 1.28 1.306 1.32 1.348 1.374 1.398 1.413 1.452 1.483 1.503 1.541 1.565 1.598 1.631 1.665 1.697 1.737 1.768 1.771 1.843 2.592 2.592 2.592 2.468 2.465 2.446 2.445 2.444 2.444 2.445 2.472 2.602 2.704 2.826 2.944 3.104 0 0 0 0 0 0 0 0 0 0 0 0 0 0 0 0 5.007 4.965 4.962 4.961 4.961 4.961 4.961 4.963 4.963 4.963 4.97 4.973 4.973 4.974 4.976 4.975 4.981 4.981 4.981 4.981 4.981 4.981 4.981 4.981 4.839 4.839 0.007 3.977 3.587 3.407 3.255 3.117 2.985 2.852 2.747 2.626 2.545 2.526 2.524 2.512 2.488 2.425 2.322 2.228 2.144 2.093 2.093 2.038 1.93 1.745 1.717 1.679 1.656 1.611 1.581 1.546 1.516 1.484 1.464 1.423 1.408 1.378 1.359 1.324 1.309 1.292 1.261 1.245 1.228 1.204 1.186 1.172 1.149 1.129 1.122 1.114 1.094 1.082 1.06 1.052 1.032 1.01 1.009 0.995 0.988 0.963 0.942 0.932 0.923 0.921 0.904 0.897 0.883 0.874 0.858 0.85 0.85 0.841 0.824 0.813 0.812 0.806 0.791 0.783 0.783 0.765 0.758 0.751 0.749 0.746 0.735 0.733 0.721 0.721 0.715 0.71 0.699 0.697 0.694 0.688 0.686 0.68 0.676 0.671 0.667 0.662 0.658 0.649 0.641 0.636 0.633 0.633 0.629 0.622 0.622 0.612 0.605 0.602 0.601 0.593 0.59 0.59 0.584 0.582 0.578 0.577 0.573 0.573 0.566 0.562 0.56 0.56 0.558 0.557 0.549 0.548 0.544 0.539 0.537 0.536 0.536 0.534 0.532 0.528 0.526 0.522 0.52 0.52 0.518 0.516 0.513 0.51 0.51 0.508 0.503 0.503 0.502 0.501 0.498 0.498 0.497 0.496 0.494 0.483 0.482 0.481 0.48 0.48 0.48 0.48 0.48 0.48 0.479 0.478 0.475 0.471 0.469 0.467 0.467 0.469 0.469 0.469 0.471 0.469 0.466 0.461 0.461 0.459 0.459 0.458 0.454 0.454 0.458 0.459 0.459 0.459 0.457 0.452 0.451 0.448 0.448 0.448 0.446 0.446 0.446 0.446 0.446 0.446 0.445 0.44 0.441 0.441 0.441 0.441 0.441 0.441 0.439 0.439 0.436 0.436 0.437 0.439 0.441 0.442 0.441 0.441 0.439 0.439 0.439 0.439 0.438 0.437 0.437 0.438 0.437 0.437 0.437 0.437 0.435 0.433 0.435 0.435 0.435 0.438 0.438 0.438 0.438 0.436 0.434 0.434 0.434 0.436 0.438 0.438 0.438 0.438 0.438 0.438 0.438 0.438 0.439 0.439 0.439 0.439 0.444 0.444 0.444 0.44 0.44 0.44 0.439 0.44 0.44 0.439 0.445 0.445 0.442 0.441 0.442 0.442 0.449 0.449 0.449 0.451 0.452 0.452 0.456 0.456 0.456 0.456 0.456 0.456 0.454 0.456 0.457 0.46 0.46 0.462 0.46 0.465 0.465 0.465 
1 1 1 1 1 1 1 1 1 1 1 1 1 1 1 1 1 1 1 1 1 1 1 1 1 1 1 1 1 1 1 1 1 1 1 1 1 1 1 1 1 1 1 1 1 1 1 1 1 1 1 1 1 1 1 1 1 1 1 1 1 1 1 1 1 1 1 1 1 1 1 1 1 1 1 1 1 1 1 1 1 1 1 1 1 1 1 1 1 1 1 1 1 1 1 1 1 1 1 1 1 1 1 1 1 1 1 1 1 1 1 1 1 1 1 1 1 1 1 1 1 1 1 1 1 1 1 1 1 1 1 1 1 1 1 1 1 1 1 1 1 1 1 1 1 1 1 1 1 1 1 1 1 1 1 1 1 1 1 1 1 1 1 1 1 1 1 1 1 1 1 1 1 1 1 1 1 1 1 1 1 1 1 1 1 1 1 1 1 1 1 1 1 1 1 1 1 1 1 1 1 1 1 1 1 1 1 1 1 1 1 1 1 1 1 1 1 1 1 1 1 1 1 1 1 1 1 1 1 1 1 1 1 1 1 1 1 1 1 1 1 1 1 1 1 1 1 1 1 1 1 1 1 1 1 1 1 1 1 1 1 1 1 1 1 1 1 1 1 1 1 1 1 1 1 1 1 1 1 1 1 1 1 1 1 1 1 1 1 1 1 1 1 1 1 1 1 1 1 1 1 1 1 1 1 1 1 1 1 1 1 1 1 1 1 1 1 1 1 1 1 1 1 1 1 1 1 1 1 1 1 1 1 1 1 1 1 1 1 1 1 1 1 1 0 0 0 0 0 0 0 0 0 0 0 0 0 0 0 0 1 1 1 1 1 1 1 1 1 1 1 1 1 1 1 1 1 1 1 1 1 1 1 1 1 1 0 1 1 1 1 1 1 1 1 1 1 1 1 1 1 1 1 1 1 1 1 1 1 1 1 1 1 1 1 1 1 1 1 1 1 1 1 1 1 1 1 1 1 1 1 1 1 1 1 1 1 1 1 1 1 1 1 1 1 1 1 1 1 1 1 1 1 1 1 1 1 1 1 1 1 1 1 1 1 1 1 1 1 1 1 1 1 1 1 1 1 1 1 1 1 1 1 1 1 1 1 1 1 1 1 1 1 1 1 1 1 1 1 1 1 1 1 1 1 1 1 1 1 1 1 1 1 1 1 1 1 1 1 1 1 1 1 1 1 1 1 1 1 1 1 1 1 1 1 1 1 1 1 1 1 1 1 1 1 1 1 1 1 1 1 1 1 1 1 1 1 1 1 1 1 1 1 1 1 1 1 1 1 1 1 1 1 1 1 1 1 1 1 1 1 1 1 1 1 1 1 1 1 1 1 1 1 1 1 1 1 1 1 1 1 1 1 1 1 1 1 1 1 1 1 1 1 1 1 1 1 1 1 1 1 1 1 1 1 1 1 1 1 1 1 1 1 1 1 1 1 1 1 1 1 1 1 1 1 1 1 1 1 1 1 1 1 1 1 1 1 1 1 1 1 1 1 1 1 1 1 1 1 1 1 1 1 1 1 1 1 1 1 1 1 1 
