# This file contains a 2D laser scan observation. 
# Its format is: 
# [aperture] [max_range] [number_of_scans] 
# [vector_of_scans] 
# [vector_of_valid_scans] 
# The aperture of the sensor is in radians, the maximum range 
# and measurements are in meters. '1' means a valid scan, '0' otherwise.
4.1847
5.6
682
0.602 0.606 0.615 0.615 0.618 0.618 0.623 0.623 0.636 0.637 0.64 0.644 0.646 0.648 0.649 0.655 0.662 0.668 0.678 0.685 0.687 0.695 0.697 0.701 0.703 0.714 0.718 0.721 0.725 0.727 0.731 0.748 0.758 0.758 0.759 0.758 0.758 0.708 0.707 0.687 0.685 0.679 0.677 0.676 0.671 0.671 0.673 0.671 0.671 0.663 0.662 0.661 0.647 0.645 0.645 0.645 0.645 0.64 0.64 0.631 0.629 0.629 0.629 0.64 0.645 0.646 0.649 0.66 0.66 0.66 0.669 0.669 0.66 0.642 0.63 0.63 0.63 0.759 0.832 0.867 0.867 0.867 0.891 0.891 0.899 0.92 0.94 0.974 0.998 1.01 1.027 1.055 1.055 1.092 1.092 1.092 1.054 0.598 0.596 0.593 0.592 0.593 0.593 0.595 0.599 0.627 0.658 0.682 0.69 0 0 0 0.605 0.605 0.605 0 0 0 0 0.692 0.661 0.624 0.617 0.617 0.615 0.588 0.581 0.581 0.581 0.582 0.582 0.582 0.577 0.577 0.577 0.571 0.57 0.576 0.57 0.57 0.576 0.577 0.577 0.577 0.577 0.57 0.567 0.567 0.57 0.57 0.571 0.575 0.576 0.576 0.576 0.581 0.581 0.581 0.581 0.581 0.581 0.581 0.581 0.581 0.59 0.592 0.592 0.592 0.592 0.592 0.594 0.599 0.6 0.599 0.599 0.6 0.601 0.602 0.604 0.605 0.608 0.605 0.608 0.608 0.61 0.611 0.611 0.622 0.611 0.619 0.619 0.622 0.625 0.634 0.634 0.634 0.647 0.65 0.65 0.65 0.653 0.653 0.654 0.654 0.654 0.654 0.653 0.637 0.57 0.566 0.566 0.57 0.57 0.572 0.576 0.577 0.579 0.582 0.582 0.586 0.586 0.586 0.59 0.594 0.596 0.598 0.598 0.6 0.606 0.61 0.612 0.613 0.618 0.626 0.626 0.632 0.632 0.632 0.642 0.643 0.649 0.653 0.653 0.653 0.656 0.656 0.662 0.664 0.669 0.669 0.673 0.675 0.679 0.679 0.679 0.679 0.679 0.679 0.687 0.687 0.69 0.692 0.698 0.708 0.72 0.736 0.786 2.269 2.269 2.269 2.265 2.262 2.262 2.262 2.277 2.296 2.315 2.332 2.346 2.358 2.379 2.404 2.409 2.421 2.453 2.459 2.477 2.51 2.554 2.569 2.578 2.578 2.578 2.614 2.649 2.666 2.693 2.724 2.737 2.775 2.794 2.816 2.822 3.139 3.139 3.139 3.11 3.093 3.076 3.076 3.076 4.231 0.007 4.395 4.395 4.459 4.459 4.652 4.696 4.73 4.73 4.696 4.696 3.692 3.665 3.665 3.665 0 0 0 4.89 4.858 4.845 4.836 4.831 4.82 4.808 4.802 4.791 4.789 4.769 4.753 4.749 4.746 4.709 4.707 4.706 4.7 4.699 4.682 4.665 4.665 4.66 4.66 4.66 4.635 4.624 4.624 0.006 0.006 0.006 0.006 0.006 0.006 0.006 0.007 3.659 3.646 3.646 3.645 3.625 3.619 3.619 3.619 3.619 3.618 3.616 3.612 3.607 3.612 3.607 3.606 3.606 3.606 3.599 3.597 3.597 3.597 3.597 3.597 3.597 3.597 3.597 3.597 3.597 3.598 3.598 3.597 3.598 3.598 3.598 3.601 3.602 3.602 3.602 3.617 3.615 3.615 3.611 3.615 3.615 3.611 3.611 2.965 2.955 2.955 2.955 2.962 2.967 2.967 2.971 2.967 2.964 2.071 2.071 2.071 2.072 2.076 3.002 3.029 3.029 3.029 3.029 3.031 3.031 3.034 3.034 3.047 3.73 3.733 3.757 3.777 3.786 3.786 3.786 4.677 4.754 4.754 4.677 4.677 4.405 2.16 2.16 2.174 2.174 2.199 3.327 3.327 3.327 3.277 3.227 3.182 3.139 3.101 3.074 3.045 2.987 2.959 2.926 2.882 2.859 2.817 2.765 2.763 2.719 2.687 2.658 2.616 2.587 2.559 2.54 2.513 2.483 2.467 2.426 2.409 2.392 2.352 2.329 2.32 2.284 2.274 2.262 2.238 2.224 2.22 2.196 2.196 2.165 2.145 2.126 2.115 2.096 2.087 2.078 2.078 2.078 2.066 0 0.007 0 1.745 1.745 1.725 1.702 1.702 1.695 1.665 0.891 0.888 0.883 0.883 0.888 0.891 0.896 1.474 1.474 1.474 1.463 1.463 1.463 1.464 1.992 2.006 2.011 2.006 1.992 1.272 1.269 1.269 1.272 1.285 2.564 2.6 2.676 2.657 2.676 2.676 2.676 0.007 2.613 2.605 2.605 2.598 2.592 2.592 2.574 2.554 1.725 1.714 1.714 1.714 1.714 1.714 1.268 1.248 1.239 1.236 1.235 1.23 1.23 1.23 1.228 1.224 1.221 1.221 1.221 1.224 1.227 1.228 1.228 1.228 1.215 1.207 0.904 0.807 0.804 0.804 0.805 0.807 1.132 1.192 1.199 1.201 1.529 1.558 1.559 1.559 1.559 1.553 1.553 1.553 1.551 1.547 1.547 1.547 1.547 1.548 1.552 1.552 1.552 1.553 1.553 1.554 1.557 1.559 1.559 1.563 1.569 1.575 1.584 1.593 1.782 1.9 1.9 1.9 1.534 1.534 1.534 2.17 2.17 2.17 2.168 2.168 2.168 2.168 2.169 2.171 0 0 0 0.007 0.008 0 0 2.158 2.157 2.157 2.157 2.155 2.157 2.154 2.154 2.154 2.158 2.157 2.158 2.157 2.158 2.158 2.16 2.164 2.164 2.161 2.161 2.164 2.166 2.17 2.171 2.171 2.174 2.175 2.175 2.177 2.179 2.183 2.184 2.184 2.187 2.188 2.197 2.198 
1 1 1 1 1 1 1 1 1 1 1 1 1 1 1 1 1 1 1 1 1 1 1 1 1 1 1 1 1 1 1 1 1 1 1 1 1 1 1 1 1 1 1 1 1 1 1 1 1 1 1 1 1 1 1 1 1 1 1 1 1 1 1 1 1 1 1 1 1 1 1 1 1 1 1 1 1 1 1 1 1 1 1 1 1 1 1 1 1 1 1 1 1 1 1 1 1 1 1 1 1 1 1 1 1 1 1 1 1 0 0 0 1 1 1 0 0 0 0 1 1 1 1 1 1 1 1 1 1 1 1 1 1 1 1 1 1 1 1 1 1 1 1 1 1 1 1 1 1 1 1 1 1 1 1 1 1 1 1 1 1 1 1 1 1 1 1 1 1 1 1 1 1 1 1 1 1 1 1 1 1 1 1 1 1 1 1 1 1 1 1 1 1 1 1 1 1 1 1 1 1 1 1 1 1 1 1 1 1 1 1 1 1 1 1 1 1 1 1 1 1 1 1 1 1 1 1 1 1 1 1 1 1 1 1 1 1 1 1 1 1 1 1 1 1 1 1 1 1 1 1 1 1 1 1 1 1 1 1 1 1 1 1 1 1 1 1 1 1 1 1 1 1 1 1 1 1 1 1 1 1 1 1 1 1 1 1 1 1 1 1 1 1 1 1 1 1 1 1 1 1 1 1 1 1 1 1 1 1 1 1 1 0 1 1 1 1 1 1 1 1 1 1 1 1 1 1 0 0 0 1 1 1 1 1 1 1 1 1 1 1 1 1 1 1 1 1 1 1 1 1 1 1 1 1 1 1 1 0 0 0 0 0 0 0 0 1 1 1 1 1 1 1 1 1 1 1 1 1 1 1 1 1 1 1 1 1 1 1 1 1 1 1 1 1 1 1 1 1 1 1 1 1 1 1 1 1 1 1 1 1 1 1 1 1 1 1 1 1 1 1 1 1 1 1 1 1 1 1 1 1 1 1 1 1 1 1 1 1 1 1 1 1 1 1 1 1 1 1 1 1 1 1 1 1 1 1 1 1 1 1 1 1 1 1 1 1 1 1 1 1 1 1 1 1 1 1 1 1 1 1 1 1 1 1 1 1 1 1 1 1 1 1 1 1 1 1 1 1 1 1 1 1 1 1 1 1 1 0 0 0 1 1 1 1 1 1 1 1 1 1 1 1 1 1 1 1 1 1 1 1 1 1 1 1 1 1 1 1 1 1 1 1 1 1 1 1 1 1 0 1 1 1 1 1 1 1 1 1 1 1 1 1 1 1 1 1 1 1 1 1 1 1 1 1 1 1 1 1 1 1 1 1 1 1 1 1 1 1 1 1 1 1 1 1 1 1 1 1 1 1 1 1 1 1 1 1 1 1 1 1 1 1 1 1 1 1 1 1 1 1 1 1 1 1 1 1 1 1 1 1 1 1 1 1 1 1 1 0 0 0 0 0 0 0 1 1 1 1 1 1 1 1 1 1 1 1 1 1 1 1 1 1 1 1 1 1 1 1 1 1 1 1 1 1 1 1 1 1 1 1 1 
