# This file contains a 2D laser scan observation. 
# Its format is: 
# [aperture] [max_range] [number_of_scans] 
# [vector_of_scans] 
# [vector_of_valid_scans] 
# The aperture of the sensor is in radians, the maximum range 
# and measurements are in meters. '1' means a valid scan, '0' otherwise.
4.1847
5.6
682
0.571 0.564 0.564 0.564 0.564 0.563 0.563 0.565 0.565 0.565 0.565 0.564 0.564 0.566 0.565 0.572 0.573 0.58 0.581 0.581 0.58 0.574 0.53 0.527 0.527 0.527 0.515 0.515 0.527 0.52 0.52 0.52 0.513 0.511 0.502 0.502 0.503 0.503 0.505 0.505 0.503 0.5 0.496 0.496 0.495 0.492 0.491 0.488 0.487 0.485 0.481 0.478 0.477 0.474 0.473 0.471 0.468 0.466 0.464 0.462 0.46 0.458 0.455 0.454 0.451 0.45 0.444 0.444 0.444 0.444 0.444 0.441 0.438 0.436 0.43 0.43 0.429 0.428 0.428 0.428 0.423 0.423 0.423 0.418 0.417 0.417 0.414 0.41 0.408 0.407 0.407 0.407 0.407 0.407 0.407 0.406 0.406 0.406 0.403 0.403 0.403 0.403 0.403 0.403 0.403 0.402 0.402 0.398 0.398 0.403 0.407 0.408 0.408 0.406 0.406 0.406 0.406 0.408 0.408 0.411 0.414 0.418 0.414 0.417 0.418 0.418 0.417 0.419 0.425 0.428 0.435 0.437 0.437 0.437 0.437 0.439 0.44 0.448 0.451 0.452 0.461 0.465 0.466 0.471 0.475 0.481 0.485 0.485 0.491 0.494 0.494 0.495 0.495 0.677 0.677 0.677 0.666 0.655 0.638 0.637 0.606 0.583 0.57 0.565 0.543 0.543 0.538 0.523 0.513 0.51 0.503 0.477 0.459 0.439 0.421 0.405 0.395 0.393 0.392 0.392 0.392 0.393 0.392 0.393 0.394 0.398 0.394 0.396 0.399 0.397 0.397 0.399 0.405 0.406 0.408 0.409 0.41 0.41 0.412 0.412 0.412 0.412 0.409 0.409 0.418 0.416 0.419 0.419 0.419 0.419 0.423 0.432 0.432 0.436 0.436 0.441 0.441 0.441 0.442 0.442 0.447 0.447 0.452 0.458 0.459 0.459 0.459 0.46 0.467 0.468 0.469 0.469 0.473 0.48 0.486 0.486 0.487 0.488 0.488 0.495 0.496 0.499 0.502 0.506 0.511 0.511 0.512 0.512 0.51 0.508 0.503 0.495 0.494 0.491 0.489 0.488 0.486 0.481 0.477 0.476 0.475 0.472 0.471 0.47 0.461 0.456 0.456 0.456 0.456 0.454 0.45 0.448 0.447 0.446 0.444 0.444 0.442 0.435 0.433 0.433 0.429 0.428 0.428 0.425 0.41 0.41 0.41 0.408 0.408 0.403 0.402 0.402 0.402 0.395 0.395 0.396 0.396 0.396 0.396 0.391 0.391 0.39 0.39 0.391 0.387 0.387 0.389 0.39 0.389 0.39 0.389 0.392 0.388 0.392 0.392 0.405 0.408 0.421 0.421 0.421 0.424 0.429 0.434 0.438 0.447 0.466 0.477 1.445 1.445 1.445 1.445 1.443 1.443 1.442 1.435 1.43 1.428 1.428 1.418 1.414 1.414 1.414 1.413 1.414 1.413 1.413 1.414 1.415 1.427 1.442 1.448 1.448 1.445 1.442 1.437 1.431 1.431 1.431 1.431 1.431 1.435 1.435 1.435 1.427 1.435 1.427 1.427 1.427 1.428 1.428 1.428 1.425 1.428 1.425 1.425 1.425 1.425 1.425 1.425 1.425 1.425 1.427 1.427 1.427 1.432 1.432 1.434 1.434 1.434 1.431 1.436 1.437 1.431 1.437 1.441 1.441 1.445 1.446 1.446 1.447 1.447 1.447 1.45 1.45 1.45 1.453 1.455 1.455 1.456 1.458 1.46 1.463 1.465 1.468 1.474 1.475 1.475 1.475 1.48 1.482 1.485 1.489 1.489 1.493 1.502 1.502 1.489 1.482 1.481 1.481 1.48 1.478 1.478 1.48 1.483 1.489 1.493 1.505 1.511 1.513 1.523 1.524 1.529 1.529 1.534 1.542 1.545 1.548 1.562 1.562 1.569 1.572 1.575 1.58 1.588 1.588 1.597 1.608 1.612 1.617 1.625 1.629 1.633 1.638 1.645 1.652 1.652 1.663 1.669 1.67 1.673 1.691 1.697 1.707 1.713 1.715 1.73 1.742 1.751 1.752 1.767 1.78 1.786 1.795 1.796 1.809 1.82 1.825 1.832 1.844 1.853 1.868 1.883 1.889 1.9 1.911 1.911 1.911 1.89 0.66 0.646 0.645 0.645 0.643 0.632 0.626 0.624 0.62 0.619 0.619 0.613 0.612 0.612 0.612 0.567 0.557 0.543 0.543 0.543 0.541 0.538 0.537 0.536 0.528 0.528 0.528 0.528 0.524 0.524 0.52 0.52 0.516 0.512 0.509 0.506 0.506 0.506 0.506 0.506 0.505 0.501 0.498 0.494 0.49 0.49 0.49 0.49 0.49 0.49 0.483 0.483 0.483 0.482 0.481 0.481 0.481 0.476 0.476 0.471 0.471 0.469 0.467 0.467 0.467 0.469 0.467 0.47 0.467 0.468 0.467 0.467 0.467 0.466 0.465 0.46 0.46 0.459 0.458 0.457 0.452 0.45 0.45 0.45 0.45 0.449 0.449 0.449 0.449 0.448 0.448 0.448 0.451 0.451 0.454 0.454 0.454 0.454 0.446 0.446 0.446 0.446 0.448 0.448 0.447 0.447 0.446 0.445 0.445 0.445 0.445 0.446 0.447 0.447 0.447 0.445 0.445 0.445 0.445 0.447 0.447 0.447 0.447 0.448 0.449 0.45 0.449 0.449 0.449 0.449 0.448 0.449 0.449 0.449 0.448 0.448 0.448 0.448 0.448 0.452 0.454 0.452 0.454 0.458 0.458 0.458 0.458 0.458 0.46 0.46 0.461 0.462 0.462 0.462 0.462 0.461 0.461 0.461 0.464 0.464 0.465 0.468 0.471 0.471 0.472 0.471 0.471 0.468 0.459 0.459 0.459 0.459 0.461 0.465 0.465 0.468 0.468 0.471 0.474 0.474 0.475 0.477 0.478 
1 1 1 1 1 1 1 1 1 1 1 1 1 1 1 1 1 1 1 1 1 1 1 1 1 1 1 1 1 1 1 1 1 1 1 1 1 1 1 1 1 1 1 1 1 1 1 1 1 1 1 1 1 1 1 1 1 1 1 1 1 1 1 1 1 1 1 1 1 1 1 1 1 1 1 1 1 1 1 1 1 1 1 1 1 1 1 1 1 1 1 1 1 1 1 1 1 1 1 1 1 1 1 1 1 1 1 1 1 1 1 1 1 1 1 1 1 1 1 1 1 1 1 1 1 1 1 1 1 1 1 1 1 1 1 1 1 1 1 1 1 1 1 1 1 1 1 1 1 1 1 1 1 1 1 1 1 1 1 1 1 1 1 1 1 1 1 1 1 1 1 1 1 1 1 1 1 1 1 1 1 1 1 1 1 1 1 1 1 1 1 1 1 1 1 1 1 1 1 1 1 1 1 1 1 1 1 1 1 1 1 1 1 1 1 1 1 1 1 1 1 1 1 1 1 1 1 1 1 1 1 1 1 1 1 1 1 1 1 1 1 1 1 1 1 1 1 1 1 1 1 1 1 1 1 1 1 1 1 1 1 1 1 1 1 1 1 1 1 1 1 1 1 1 1 1 1 1 1 1 1 1 1 1 1 1 1 1 1 1 1 1 1 1 1 1 1 1 1 1 1 1 1 1 1 1 1 1 1 1 1 1 1 1 1 1 1 1 1 1 1 1 1 1 1 1 1 1 1 1 1 1 1 1 1 1 1 1 1 1 1 1 1 1 1 1 1 1 1 1 1 1 1 1 1 1 1 1 1 1 1 1 1 1 1 1 1 1 1 1 1 1 1 1 1 1 1 1 1 1 1 1 1 1 1 1 1 1 1 1 1 1 1 1 1 1 1 1 1 1 1 1 1 1 1 1 1 1 1 1 1 1 1 1 1 1 1 1 1 1 1 1 1 1 1 1 1 1 1 1 1 1 1 1 1 1 1 1 1 1 1 1 1 1 1 1 1 1 1 1 1 1 1 1 1 1 1 1 1 1 1 1 1 1 1 1 1 1 1 1 1 1 1 1 1 1 1 1 1 1 1 1 1 1 1 1 1 1 1 1 1 1 1 1 1 1 1 1 1 1 1 1 1 1 1 1 1 1 1 1 1 1 1 1 1 1 1 1 1 1 1 1 1 1 1 1 1 1 1 1 1 1 1 1 1 1 1 1 1 1 1 1 1 1 1 1 1 1 1 1 1 1 1 1 1 1 1 1 1 1 1 1 1 1 1 1 1 1 1 1 1 1 1 1 1 1 1 1 1 1 1 1 1 1 1 1 1 1 1 1 1 1 1 1 1 1 1 1 1 1 1 1 1 1 1 1 1 1 1 1 1 1 1 1 1 1 1 1 1 1 1 1 1 1 1 1 1 1 1 1 1 1 1 1 1 1 1 1 1 1 1 1 1 1 1 1 1 1 1 1 1 1 1 1 1 1 1 1 1 1 1 1 1 1 1 1 1 1 1 1 1 1 1 1 1 1 1 1 1 1 1 1 
