# This file contains a 2D laser scan observation. 
# Its format is: 
# [aperture] [max_range] [number_of_scans] 
# [vector_of_scans] 
# [vector_of_valid_scans] 
# The aperture of the sensor is in radians, the maximum range 
# and measurements are in meters. '1' means a valid scan, '0' otherwise.
4.1847
5.6
682
0.647 0.649 0.649 0.65 0.65 0.646 0.646 0.657 0.659 0.659 0.659 0.662 0.662 0.662 0.662 0.658 0.658 0.658 0.667 0.672 0.672 0.677 0.672 0.661 0.57 0.547 0.54 0.539 0.538 0.538 0.538 0.538 0.538 0.534 0.537 0.537 0.537 0.537 0.537 0.535 0.535 0.535 0.535 0.531 0.528 0.527 0.527 0.524 0.524 0.524 0.526 0.526 0.526 0.521 0.521 0.521 0.522 0.527 0.527 0.524 0.522 0.523 0.522 0.523 0.523 0.523 0.524 0.524 0.529 0.529 0.529 0.549 0.55 0.55 0.549 0.538 0.53 0.528 0.527 0.526 0.524 0.526 0.526 0.522 0.52 0.52 0.52 0.527 0.528 0.529 0.529 0.528 0.521 0.511 0.507 0.492 0.486 0.459 0.388 0.349 0.345 0.343 0.331 0.322 0.314 0.314 0.309 0.309 0.309 0.309 0.307 0.298 0.298 0.298 0.299 0.299 0.299 0.299 0.298 0.295 0.298 0.3 0.3 0.3 0.302 0.305 0.305 0.309 0.309 0.309 0.297 0.297 0.297 0.297 0.298 0.3 0.3 0.302 0.303 0.303 0.304 0.306 0.307 0.307 0.307 0.311 0.311 0.311 0.311 0.313 0.317 0.317 0.317 0.317 0.317 0.317 0.317 0.327 0.335 2.049 2.049 2.049 2.039 2.013 1.998 1.981 1.961 1.948 1.929 1.915 1.9 1.88 1.866 1.852 1.834 1.834 1.821 1.8 1.774 1.764 1.742 1.73 1.718 1.695 1.689 1.686 1.674 1.66 1.653 1.64 1.626 1.62 1.617 1.597 1.585 1.573 1.561 1.554 1.545 1.53 1.526 1.525 1.507 1.495 1.49 1.484 1.483 1.473 1.458 1.454 1.452 1.433 1.422 1.419 1.418 1.409 1.4 1.389 1.388 1.376 1.372 1.366 1.362 1.354 1.346 1.34 1.337 1.331 1.325 1.317 1.313 1.299 1.295 1.292 1.287 1.284 1.272 1.269 1.261 1.256 1.251 1.249 1.247 1.238 1.226 1.225 1.225 1.226 1.218 1.213 1.209 1.205 1.205 1.2 1.196 1.196 1.19 1.183 1.174 1.166 1.165 1.16 1.158 1.157 1.156 1.152 1.152 1.156 1.155 1.155 1.157 1.172 1.173 1.181 1.181 1.181 1.172 1.172 1.169 1.168 1.166 1.165 1.158 1.158 1.155 1.153 1.153 1.15 1.149 1.149 1.137 1.137 1.137 1.138 1.138 1.138 1.131 1.131 1.131 1.13 1.13 1.129 1.128 1.127 1.126 1.126 1.126 1.124 1.124 1.124 1.119 1.12 1.115 1.115 1.116 1.116 1.116 1.117 1.117 1.116 1.116 1.108 1.108 1.113 1.113 1.116 1.116 1.115 1.116 1.115 1.114 1.114 1.112 1.112 1.109 1.112 1.114 1.114 1.116 1.116 1.116 1.117 1.117 1.117 1.117 1.122 1.116 1.116 1.12 1.121 1.121 1.127 1.13 1.13 1.13 1.132 1.134 1.135 1.141 1.141 1.141 1.141 1.141 1.141 1.141 1.147 1.147 1.147 1.147 1.147 1.146 1.142 1.133 1.13 1.127 1.127 1.127 1.127 1.131 1.131 1.131 1.134 1.137 1.14 1.155 1.156 1.16 1.161 1.171 1.175 1.176 1.179 1.18 1.181 1.185 1.189 1.191 1.201 1.205 1.205 1.205 1.21 1.212 1.215 1.219 1.223 1.227 1.235 1.24 1.246 1.247 1.255 1.258 1.269 1.271 1.277 1.278 1.278 1.296 1.306 1.307 1.309 1.31 1.311 1.317 1.321 1.337 1.339 1.35 1.361 1.365 1.37 1.372 1.386 1.39 1.396 1.405 1.41 1.416 1.434 1.436 1.442 1.45 1.451 1.462 1.468 1.489 1.489 1.504 1.512 1.522 1.528 1.547 1.55 1.554 1.559 1.587 1.592 1.597 1.611 1.623 1.63 1.647 1.656 1.663 1.681 1.684 1.7 1.707 1.726 1.743 1.754 1.758 1.777 1.791 1.812 1.824 1.837 1.848 1.863 1.879 1.897 1.914 1.933 1.944 1.97 1.985 2.004 2.019 2.035 2.058 2.079 2.104 2.104 2.104 0.342 0.335 0.328 0.327 0.327 0.326 0.326 0.322 0.319 0.319 0.315 0.315 0.315 0.317 0.317 0.317 0.315 0.315 0.315 0.315 0.315 0.312 0.309 0.308 0.304 0.305 0.305 0.305 0.309 0.309 0.313 0.313 0.316 0.313 0.313 0.316 0.309 0.309 0.308 0.306 0.306 0.306 0.303 0.302 0.302 0.302 0.3 0.283 0.262 0.26 0.26 0.256 0.256 0.256 0.258 0.256 0.258 0.258 0.258 0.259 0.262 0.262 0.267 0.268 0.27 0.273 0.276 0.282 0.285 0.286 0.289 0.29 0.291 0.292 0.293 0.293 0.292 0.29 0.286 0.285 0.285 0.283 0.28 0.279 0.276 0.275 0.269 0.266 0.263 0.263 0.256 0.255 0.263 0.262 0.261 0.261 0.261 0.261 0.261 0.261 0.258 0.256 0.255 0.255 0.256 0.257 0.262 0.265 0.269 0.265 0.262 0.262 0.259 0.258 0.258 0.261 0.258 0.257 0.26 0.26 0.259 0.26 0.267 0.269 0.269 0.272 0.278 0.273 0.273 0.279 0.279 0.273 0.282 0.282 0.281 0.281 0.282 0.282 0.282 0.283 0.283 0.285 0.283 0.284 0.284 0.291 0.291 0.297 0.299 0.299 0.297 0.296 0.296 0.296 0.304 0.304 0.305 0.304 0.306 0.306 0.306 0.307 0.309 0.31 0.312 0.312 0.317 0.317 0.317 0.317 0.319 0.321 0.324 0.324 0.325 0.325 0.332 0.334 0.335 0.335 0.34 0.342 0.343 0.347 0.347 0.35 0.351 
1 1 1 1 1 1 1 1 1 1 1 1 1 1 1 1 1 1 1 1 1 1 1 1 1 1 1 1 1 1 1 1 1 1 1 1 1 1 1 1 1 1 1 1 1 1 1 1 1 1 1 1 1 1 1 1 1 1 1 1 1 1 1 1 1 1 1 1 1 1 1 1 1 1 1 1 1 1 1 1 1 1 1 1 1 1 1 1 1 1 1 1 1 1 1 1 1 1 1 1 1 1 1 1 1 1 1 1 1 1 1 1 1 1 1 1 1 1 1 1 1 1 1 1 1 1 1 1 1 1 1 1 1 1 1 1 1 1 1 1 1 1 1 1 1 1 1 1 1 1 1 1 1 1 1 1 1 1 1 1 1 1 1 1 1 1 1 1 1 1 1 1 1 1 1 1 1 1 1 1 1 1 1 1 1 1 1 1 1 1 1 1 1 1 1 1 1 1 1 1 1 1 1 1 1 1 1 1 1 1 1 1 1 1 1 1 1 1 1 1 1 1 1 1 1 1 1 1 1 1 1 1 1 1 1 1 1 1 1 1 1 1 1 1 1 1 1 1 1 1 1 1 1 1 1 1 1 1 1 1 1 1 1 1 1 1 1 1 1 1 1 1 1 1 1 1 1 1 1 1 1 1 1 1 1 1 1 1 1 1 1 1 1 1 1 1 1 1 1 1 1 1 1 1 1 1 1 1 1 1 1 1 1 1 1 1 1 1 1 1 1 1 1 1 1 1 1 1 1 1 1 1 1 1 1 1 1 1 1 1 1 1 1 1 1 1 1 1 1 1 1 1 1 1 1 1 1 1 1 1 1 1 1 1 1 1 1 1 1 1 1 1 1 1 1 1 1 1 1 1 1 1 1 1 1 1 1 1 1 1 1 1 1 1 1 1 1 1 1 1 1 1 1 1 1 1 1 1 1 1 1 1 1 1 1 1 1 1 1 1 1 1 1 1 1 1 1 1 1 1 1 1 1 1 1 1 1 1 1 1 1 1 1 1 1 1 1 1 1 1 1 1 1 1 1 1 1 1 1 1 1 1 1 1 1 1 1 1 1 1 1 1 1 1 1 1 1 1 1 1 1 1 1 1 1 1 1 1 1 1 1 1 1 1 1 1 1 1 1 1 1 1 1 1 1 1 1 1 1 1 1 1 1 1 1 1 1 1 1 1 1 1 1 1 1 1 1 1 1 1 1 1 1 1 1 1 1 1 1 1 1 1 1 1 1 1 1 1 1 1 1 1 1 1 1 1 1 1 1 1 1 1 1 1 1 1 1 1 1 1 1 1 1 1 1 1 1 1 1 1 1 1 1 1 1 1 1 1 1 1 1 1 1 1 1 1 1 1 1 1 1 1 1 1 1 1 1 1 1 1 1 1 1 1 1 1 1 1 1 1 1 1 1 1 1 1 1 1 1 1 1 1 1 1 1 1 1 1 1 1 1 1 1 1 1 1 1 1 1 1 1 1 1 1 1 1 1 1 1 1 1 1 1 1 1 1 1 1 1 1 1 1 1 1 1 1 1 1 1 1 1 1 
