# This file contains a 2D laser scan observation. 
# Its format is: 
# [aperture] [max_range] [number_of_scans] 
# [vector_of_scans] 
# [vector_of_valid_scans] 
# The aperture of the sensor is in radians, the maximum range 
# and measurements are in meters. '1' means a valid scan, '0' otherwise.
4.1847
5.6
682
0.442 0.439 0.436 0.431 0.425 0.418 0.417 0.413 0.412 0.408 0.408 0.408 0.41 0.411 0.413 0.413 0.418 0.419 0.423 0.425 0.429 0.43 0.43 0.431 0.431 0.435 0.437 0.437 0.437 0.444 0.446 0.451 0.452 0.453 0.46 0.46 0.464 0.467 0.472 0.474 0.477 0.479 0.483 0.487 0.491 0.492 0.499 0.5 0.502 0.508 0.508 0.51 0.518 0.522 0.523 0.532 0.537 0.54 0.543 0.544 0.549 0.555 0.56 0.56 0.578 0.578 0.585 0.586 0.592 0.592 0.601 0.61 0.616 0.625 0.628 0.64 0.643 0.655 0.662 0.662 0.676 0.682 0.692 0.699 0.713 0.717 0.723 0.734 0.741 0.753 0.759 0.774 0.782 0.784 0.792 0.805 0.818 0.826 0.841 0.847 0.87 0.876 0.898 0.898 0.923 0.929 0.949 0.966 0.975 1 1.015 1.027 1.048 1.064 1.084 1.109 1.125 1.141 1.172 1.197 1.221 1.25 1.277 1.289 1.289 1.289 1.281 1.281 1.281 1.281 1.281 1.281 1.281 1.281 1.281 1.281 1.972 2.048 2.139 2.139 2.139 2.216 2.306 2.388 2.407 5.22 5.223 5.223 5.223 5.219 5.216 5.207 5.2 5.197 5.196 5.191 5.19 5.189 5.185 5.181 5.181 5.179 5.176 5.176 5.176 5.176 5.176 5.176 5.174 3.262 3.262 3.257 3.26 3.26 3.26 3.263 3.265 3.27 3.27 3.271 3.271 3.275 3.275 3.277 3.28 3.284 3.286 3.293 3.301 3.302 3.306 3.311 3.317 3.317 3.317 3.203 3.096 2.98 2.893 2.893 2.893 2.799 2.72 0 2.072 2.006 1.872 1.818 1.766 1.702 1.675 1.631 1.593 1.567 1.567 1.519 1.486 1.462 1.462 1.451 1.45 1.448 1.388 1.359 1.353 1.352 1.353 1.35 1.353 1.357 1.359 1.359 1.364 1.37 1.382 1.383 1.386 1.398 1.399 1.404 1.404 1.41 1.42 1.42 1.422 1.422 1.422 1.43 1.434 1.445 1.453 1.464 0 0 0 0 0 0 0 0 0 0 0 0 0 0 0 0 0 0 0 0 0 0 0 0.006 0.006 0.006 0.006 0.006 0.006 2.356 2.335 2.32 2.305 2.29 2.273 2.261 2.247 2.225 2.222 2.201 2.188 2.177 2.155 2.152 2.142 2.137 2.109 2.055 1.984 1.973 1.955 1.939 1.939 1.937 1.937 1.946 1.958 1.976 1.976 1.976 1.962 1.956 1.953 1.936 1.928 1.921 1.908 1.9 1.895 1.883 1.878 1.865 1.862 1.855 1.854 1.841 1.839 1.825 1.814 1.812 1.809 1.802 1.789 1.786 1.776 1.765 1.758 1.758 1.757 1.748 1.739 1.738 1.73 1.727 1.717 1.713 1.709 1.708 1.708 1.695 1.693 1.681 1.668 1.666 1.664 1.66 1.66 1.66 1.661 1.664 1.672 1.697 3.712 3.712 3.712 3.703 3.695 3.693 3.693 3.673 3.672 3.662 3.653 3.646 3.636 3.634 3.627 3.615 3.605 3.6 3.597 3.596 3.592 3.59 3.584 3.581 3.575 3.575 3.566 3.553 3.553 3.549 3.549 3.549 3.547 3.531 3.53 3.528 3.527 3.522 3.52 3.518 3.501 3 2.996 2.986 2.938 2.217 2.104 2.05 2.016 1.96 1.925 1.871 1.833 1.748 1.748 1.716 1.699 1.647 1.646 1.545 1.536 1.534 1.526 1.524 1.524 1.524 1.524 1.529 1.533 1.538 1.542 1.543 1.543 1.543 1.543 1.543 1.545 1.549 1.553 1.553 1.554 1.554 1.554 1.554 1.559 1.561 1.563 1.561 1.565 1.565 1.573 1.574 1.574 1.574 1.576 1.582 1.582 1.584 1.588 1.594 1.594 1.595 1.595 1.601 1.603 1.606 1.611 1.613 1.619 1.62 1.623 1.625 1.626 1.63 1.63 1.632 1.641 1.642 1.654 1.656 1.662 1.662 1.668 1.673 1.675 1.677 1.68 1.68 1.675 1.657 1.637 1.596 1.574 1.554 1.54 1.539 1.529 1.529 1.529 1.543 1.553 1.563 4.075 4.075 4.075 4.048 4.048 4.048 4.908 4.908 4.908 4.85 4.829 4.799 4.799 4.773 4.732 4.242 4.201 4.19 4.159 4.136 4.134 4.118 4.117 4.116 4.114 4.114 4.114 4.116 4.124 4.262 4.308 0 0 0 0 0 0 0 0 0 0 0 0 0 0 0 0 0 0 0 0 0 0.92 0.902 0.902 0.895 0.893 0.883 0.881 0.88 0.873 0.871 0.866 0.865 0.864 0.862 0.862 0.859 0.845 0.841 0.839 0.838 0.835 0.834 0.827 0.825 0.823 0.818 0.814 0.807 0.806 0.795 0.79 0.79 0.79 0.791 0.791 0.791 0.788 0.784 0.778 0.772 0.769 0.767 0.764 0.764 0.758 0.757 0.755 0.753 0.748 0.748 0.748 0.743 0.743 0.742 0.742 0.741 0.737 0.736 0.736 0.733 0.731 0.731 0.719 0.719 0.719 0.719 0.719 0.719 0.717 0.715 0.715 0.71 0.705 0.705 0.705 0.705 0.703 0.703 0.702 0.701 0.701 0.692 0.692 0.692 0.692 0.692 0.696 0.696 0.696 0.696 0.69 0.688 0.688 0.688 0.686 0.685 0.686 0.685 0.685 0.686 0.686 0.682 0.682 0.679 0.679 0.679 0.679 0.675 0.675 0.675 0.676 0.676 0.677 0.677 0.677 0.679 0.679 0.68 0.677 0.677 0.676 0.676 0.676 0.678 
1 1 1 1 1 1 1 1 1 1 1 1 1 1 1 1 1 1 1 1 1 1 1 1 1 1 1 1 1 1 1 1 1 1 1 1 1 1 1 1 1 1 1 1 1 1 1 1 1 1 1 1 1 1 1 1 1 1 1 1 1 1 1 1 1 1 1 1 1 1 1 1 1 1 1 1 1 1 1 1 1 1 1 1 1 1 1 1 1 1 1 1 1 1 1 1 1 1 1 1 1 1 1 1 1 1 1 1 1 1 1 1 1 1 1 1 1 1 1 1 1 1 1 1 1 1 1 1 1 1 1 1 1 1 1 1 1 1 1 1 1 1 1 1 1 1 1 1 1 1 1 1 1 1 1 1 1 1 1 1 1 1 1 1 1 1 1 1 1 1 1 1 1 1 1 1 1 1 1 1 1 1 1 1 1 1 1 1 1 1 1 1 1 1 1 1 1 1 1 1 1 1 1 0 1 1 1 1 1 1 1 1 1 1 1 1 1 1 1 1 1 1 1 1 1 1 1 1 1 1 1 1 1 1 1 1 1 1 1 1 1 1 1 1 1 1 1 1 1 1 1 1 0 0 0 0 0 0 0 0 0 0 0 0 0 0 0 0 0 0 0 0 0 0 0 0 0 0 0 0 0 1 1 1 1 1 1 1 1 1 1 1 1 1 1 1 1 1 1 1 1 1 1 1 1 1 1 1 1 1 1 1 1 1 1 1 1 1 1 1 1 1 1 1 1 1 1 1 1 1 1 1 1 1 1 1 1 1 1 1 1 1 1 1 1 1 1 1 1 1 1 1 1 1 1 1 1 1 1 1 1 1 1 1 1 1 1 1 1 1 1 1 1 1 1 1 1 1 1 1 1 1 1 1 1 1 1 1 1 1 1 1 1 1 1 1 1 1 1 1 1 1 1 1 1 1 1 1 1 1 1 1 1 1 1 1 1 1 1 1 1 1 1 1 1 1 1 1 1 1 1 1 1 1 1 1 1 1 1 1 1 1 1 1 1 1 1 1 1 1 1 1 1 1 1 1 1 1 1 1 1 1 1 1 1 1 1 1 1 1 1 1 1 1 1 1 1 1 1 1 1 1 1 1 1 1 1 1 1 1 1 1 1 1 1 1 1 1 1 1 1 1 1 1 1 1 1 1 1 1 1 1 1 1 1 1 1 1 1 1 1 1 1 1 1 1 1 1 1 1 1 1 1 1 1 1 1 0 0 0 0 0 0 0 0 0 0 0 0 0 0 0 0 0 0 0 0 0 1 1 1 1 1 1 1 1 1 1 1 1 1 1 1 1 1 1 1 1 1 1 1 1 1 1 1 1 1 1 1 1 1 1 1 1 1 1 1 1 1 1 1 1 1 1 1 1 1 1 1 1 1 1 1 1 1 1 1 1 1 1 1 1 1 1 1 1 1 1 1 1 1 1 1 1 1 1 1 1 1 1 1 1 1 1 1 1 1 1 1 1 1 1 1 1 1 1 1 1 1 1 1 1 1 1 1 1 1 1 1 1 1 1 1 1 1 1 1 1 1 1 1 1 
