# This file contains a 2D laser scan observation. 
# Its format is: 
# [aperture] [max_range] [number_of_scans] 
# [vector_of_scans] 
# [vector_of_valid_scans] 
# The aperture of the sensor is in radians, the maximum range 
# and measurements are in meters. '1' means a valid scan, '0' otherwise.
4.1847
5.6
682
0.598 0.593 0.588 0.582 0.582 0.577 0.573 0.571 0.57 0.559 0.559 0.551 0.549 0.432 0.399 0.397 0.396 0.396 0.39 0.387 0.384 0.381 0.38 0.376 0.375 0.372 0.369 0.369 0.369 0.379 0.379 0.379 0.379 0.373 0.37 0.368 0.368 0.365 0.364 0.364 0.363 0.362 0.362 0.363 0.363 0.368 0.368 0.368 0.37 0.366 0.366 0.37 0.37 0.381 0.39 0.396 0.399 0.401 0.403 0.412 0.446 0.448 0.448 0.447 0.447 0.445 0.441 0.433 0.433 0.432 0.432 0.432 0.429 0.429 0.429 0.424 0.424 0.424 0.42 0.42 0.42 0.42 0.419 0.417 0.417 0.417 0.413 0.412 0.412 0.412 0.411 0.411 0.411 0.411 0.41 0.409 0.406 0.403 0.403 0.405 0.405 0.407 0.407 0.407 0.403 0.403 0.403 0.403 0.404 0.404 0.404 0.404 0.404 0.401 0.401 0.395 0.395 0.395 0.395 0.395 0.395 0.395 0.396 0.396 0.396 0.392 0.394 0.394 0.394 0.394 0.394 0.393 0.39 0.39 0.392 0.393 0.395 0.395 0.393 0.393 0.393 0.393 0.393 0.398 0.398 0.391 0.391 0.394 0.393 0.394 0.395 0.396 0.396 0.396 0.396 0.396 0.394 0.394 0.394 0.397 0.398 0.399 0.399 0.399 0.399 0.399 0.399 0.399 0.399 0.399 0.401 0.401 0.401 0.401 0.403 0.406 0.406 0.409 0.409 0.406 0.406 0.411 0.411 0.412 0.413 0.415 0.416 0.417 0.416 0.416 0.421 0.424 0.425 0.426 0.426 0.426 0.426 0.426 0.425 0.426 0.43 0.43 0.434 0.434 0.434 0.44 0.44 0.44 0.441 0.441 0.446 0.45 0.45 0.453 0.453 0.453 0.453 0.453 0.454 0.458 0.458 0.462 0.468 0.473 0.474 0.476 0.476 0.476 0.476 0.476 0.476 0.482 0.485 0.485 0.487 0.487 0.488 0.489 0.492 0.496 0.503 0.507 0.507 0.508 0.509 0.509 0.518 0.526 0.527 0.533 0.534 0.535 0.535 0.536 0.542 0.543 0.548 0.553 0.556 0.561 0.563 0.564 0.569 0.577 0.577 0.577 0.589 0.589 0.593 0.604 0.609 0.609 0.612 0.615 0.62 0.629 0.634 0.638 0.641 0.643 0.65 0.658 0.662 0.672 0.673 0.681 0.688 0.69 0.692 0.7 0.704 0.716 0.727 0.734 0.737 0.745 0.75 0.765 0.772 0.776 0.784 0.792 0.799 0.814 0.824 0.838 0.841 0.85 0.853 0.868 0.881 0.892 0.897 0.918 0.931 0.938 0.946 0.96 0.966 0.987 1.006 1.024 1.118 1.187 1.204 1.23 1.245 1.265 1.294 1.307 3.838 3.838 3.838 3.835 3.822 3.814 3.813 3.797 3.797 3.788 3.774 3.771 3.771 3.767 3.745 3.744 3.738 3.735 3.731 3.73 3.721 3.716 3.708 3.707 3.698 3.697 3.696 3.686 3.684 3.676 3.674 3.674 3.666 3.665 3.66 3.655 3.647 3.647 3.639 3.636 3.634 3.632 3.63 3.63 3.627 3.627 3.627 3.626 3.619 3.616 3.615 3.611 3.61 3.61 3.608 3.608 1.698 1.693 1.693 1.694 1.694 1.695 1.695 1.696 1.696 1.701 1.704 1.704 1.702 1.702 1.702 1.702 1.702 1.707 1.708 1.71 1.717 1.717 1.717 1.717 1.717 1.717 1.717 1.722 1.722 1.722 1.724 1.724 1.738 1.741 1.741 1.742 1.743 1.746 1.748 1.75 1.755 1.758 1.763 1.763 1.77 1.774 1.774 1.77 1.761 1.727 1.688 1.657 1.624 1.592 1.565 1.536 1.501 1.474 1.448 1.427 1.395 1.372 1.361 1.323 1.316 1.28 1.27 1.247 1.236 1.213 1.2 1.172 1.158 1.144 1.129 1.114 1.107 1.088 1.075 1.06 1.048 1.039 1.022 1.007 1 0.994 0.98 0.979 0.965 0.955 0.941 0.928 0.926 0.913 0.898 0.896 0.894 0.881 0.874 0.856 0.847 0.84 0.835 0.714 0.615 0.615 0.611 0.604 0.595 0.594 0.594 0.578 0.575 0.571 0.569 0.565 0.561 0.55 0.542 0.542 0.54 0.534 0.534 0.531 0.522 0.52 0.519 0.514 0.512 0.507 0.505 0.495 0.494 0.493 0.492 0.486 0.486 0.485 0.48 0.477 0.473 0.472 0.469 0.468 0.466 0.466 0.46 0.455 0.454 0.453 0.451 0.441 0.441 0.437 0.439 0.439 0.435 0.431 0.427 0.425 0.425 0.425 0.414 0.412 0.412 0.412 0.412 0.412 0.413 0.412 0.409 0.407 0.399 0.399 0.399 0.402 0.402 0.402 0.394 0.39 0.39 0.394 0.39 0.39 0.39 0.387 0.385 0.385 0.385 0.385 0.385 0.382 0.377 0.376 0.375 0.371 0.372 0.371 0.37 0.37 0.37 0.37 0.369 0.366 0.366 0.366 0.367 0.367 0.367 0.364 0.362 0.362 0.361 0.361 0.361 0.36 0.36 0.359 0.357 0.354 0.354 0.354 0.352 0.352 0.352 0.352 0.352 0.351 0.351 0.351 0.351 0.351 0.351 0.351 0.354 0.349 0.348 0.348 0.348 0.347 0.347 0.347 0.35 0.35 0.351 0.352 0.352 0.353 0.356 0.356 0.362 0.362 0.364 0.364 0.365 0.365 0.373 0.375 0.375 0.375 0.37 0.37 0.37 0.37 0.37 0.372 0.371 0.371 0.371 0.367 0.365 0.36 0.358 0.358 0.354 0.354 0.354 0.354 0.354 0.346 0.345 0.344 0.344 0.344 0.348 0.349 0.349 0.349 0.354 0.349 0.349 0.356 0.353 0.353 0.353 0.353 
1 1 1 1 1 1 1 1 1 1 1 1 1 1 1 1 1 1 1 1 1 1 1 1 1 1 1 1 1 1 1 1 1 1 1 1 1 1 1 1 1 1 1 1 1 1 1 1 1 1 1 1 1 1 1 1 1 1 1 1 1 1 1 1 1 1 1 1 1 1 1 1 1 1 1 1 1 1 1 1 1 1 1 1 1 1 1 1 1 1 1 1 1 1 1 1 1 1 1 1 1 1 1 1 1 1 1 1 1 1 1 1 1 1 1 1 1 1 1 1 1 1 1 1 1 1 1 1 1 1 1 1 1 1 1 1 1 1 1 1 1 1 1 1 1 1 1 1 1 1 1 1 1 1 1 1 1 1 1 1 1 1 1 1 1 1 1 1 1 1 1 1 1 1 1 1 1 1 1 1 1 1 1 1 1 1 1 1 1 1 1 1 1 1 1 1 1 1 1 1 1 1 1 1 1 1 1 1 1 1 1 1 1 1 1 1 1 1 1 1 1 1 1 1 1 1 1 1 1 1 1 1 1 1 1 1 1 1 1 1 1 1 1 1 1 1 1 1 1 1 1 1 1 1 1 1 1 1 1 1 1 1 1 1 1 1 1 1 1 1 1 1 1 1 1 1 1 1 1 1 1 1 1 1 1 1 1 1 1 1 1 1 1 1 1 1 1 1 1 1 1 1 1 1 1 1 1 1 1 1 1 1 1 1 1 1 1 1 1 1 1 1 1 1 1 1 1 1 1 1 1 1 1 1 1 1 1 1 1 1 1 1 1 1 1 1 1 1 1 1 1 1 1 1 1 1 1 1 1 1 1 1 1 1 1 1 1 1 1 1 1 1 1 1 1 1 1 1 1 1 1 1 1 1 1 1 1 1 1 1 1 1 1 1 1 1 1 1 1 1 1 1 1 1 1 1 1 1 1 1 1 1 1 1 1 1 1 1 1 1 1 1 1 1 1 1 1 1 1 1 1 1 1 1 1 1 1 1 1 1 1 1 1 1 1 1 1 1 1 1 1 1 1 1 1 1 1 1 1 1 1 1 1 1 1 1 1 1 1 1 1 1 1 1 1 1 1 1 1 1 1 1 1 1 1 1 1 1 1 1 1 1 1 1 1 1 1 1 1 1 1 1 1 1 1 1 1 1 1 1 1 1 1 1 1 1 1 1 1 1 1 1 1 1 1 1 1 1 1 1 1 1 1 1 1 1 1 1 1 1 1 1 1 1 1 1 1 1 1 1 1 1 1 1 1 1 1 1 1 1 1 1 1 1 1 1 1 1 1 1 1 1 1 1 1 1 1 1 1 1 1 1 1 1 1 1 1 1 1 1 1 1 1 1 1 1 1 1 1 1 1 1 1 1 1 1 1 1 1 1 1 1 1 1 1 1 1 1 1 1 1 1 1 1 1 1 1 1 1 1 1 1 1 1 1 1 1 1 1 1 1 1 1 1 1 1 1 1 1 1 1 1 1 1 1 1 1 1 1 1 1 1 1 1 1 1 1 1 1 1 1 1 1 1 1 1 1 1 1 1 1 1 
