# This file contains a 2D laser scan observation. 
# Its format is: 
# [aperture] [max_range] [number_of_scans] 
# [vector_of_scans] 
# [vector_of_valid_scans] 
# The aperture of the sensor is in radians, the maximum range 
# and measurements are in meters. '1' means a valid scan, '0' otherwise.
4.1847
5.6
682
0.98 0.978 0.972 0.844 0.825 0.815 0.815 0.815 0.823 0.825 0.826 0.835 0.847 0.847 0.847 0.845 0.793 0.788 0.779 0.768 0.766 0.758 0.756 0.756 0.756 0.752 0.751 0.74 0.734 0.721 0.718 0.717 0.675 0.673 0.672 0.661 0.661 0.661 0.676 0.684 0.684 0.684 0.684 0.679 0.675 0.675 0.675 0.68 0.712 0.712 0.712 0.706 0.701 0.687 0.679 0.679 0.679 0.694 0.7 0.701 0.701 0.715 0.723 0.725 0.82 0.829 0.83 0.874 0.893 0.906 0.912 0.912 0.966 0.967 0.968 0.968 0.968 0.96 0.953 0.931 0.904 0.873 0.856 0.819 0.8 0.775 0.755 0.739 0.717 0.717 0.704 0.69 0.69 0.69 1.017 1.019 1.019 1.017 0.652 0.652 0.652 0.678 0.678 0.678 0.678 0.678 0.681 0.681 0.681 0.681 0.666 0.659 0.658 0.635 0.626 0.626 0.626 0.626 0.631 0.631 0.629 0.629 0.636 0.635 0.635 0.635 0.635 0.635 0.635 0.635 0.635 0.635 0.636 0.637 0.643 0.649 0.65 0.664 0.759 0.785 0.785 0.759 0.745 0.731 0.717 0.717 0.717 0.765 0.765 0.767 0.767 0.767 0.767 0.767 0.779 0.779 0.766 0.728 0.728 0.728 0.667 0.669 1.211 1.328 1.328 1.337 1.34 1.34 1.354 1.358 1.374 1.378 1.383 1.394 1.406 1.422 1.434 1.435 1.444 1.463 1.467 1.474 1.487 1.492 1.506 1.515 1.529 1.537 1.544 1.555 1.577 1.589 1.598 1.617 1.628 1.636 1.656 1.677 1.684 1.705 1.718 1.729 1.742 1.745 1.745 1.742 0.997 0.994 0.994 0.997 1.005 1.692 1.692 1.692 1.692 1.672 1.672 1.668 1.668 4.301 4.301 1.149 1.034 0.996 0.995 0.978 0.976 0.974 0.976 0.974 0.974 0.972 0.97 0.97 0.961 0.96 0.953 0.96 0.96 0.96 0.96 0.96 0.959 0.959 0.96 0.959 0.96 0.96 0.96 0.959 0.96 0.957 0.953 0.953 0.962 0.959 0.963 0.963 0.963 0.963 0.965 1.481 1.494 1.494 1.494 1.494 1.488 1.488 1.488 1.488 1.485 1.485 1.483 1.483 1.475 1.475 1.478 1.475 1.469 1.471 1.467 1.467 1.467 1.47 1.467 1.47 1.461 1.463 1.463 1.463 1.463 1.463 1.459 1.459 1.461 1.459 1.461 1.461 1.457 1.457 1.455 1.452 1.452 1.459 1.455 1.457 1.457 1.456 1.456 1.457 1.456 1.456 1.46 1.456 1.455 1.455 1.46 1.463 1.463 1.468 1.468 1.47 1.466 1.47 1.466 1.47 1.474 1.475 1.475 1.477 1.478 1.482 1.482 1.482 1.483 1.484 1.483 1.484 1.487 1.497 1.498 1.501 1.505 1.507 1.507 1.511 1.512 1.513 1.524 1.528 1.528 1.534 0 0 0 0 0 1.559 1.559 1.559 1.56 1.569 1.574 1.575 1.576 1.581 1.586 1.592 1.594 1.597 1.6 1.603 1.607 1.616 1.625 1.628 1.631 1.637 1.637 1.653 1.658 1.667 1.668 1.671 1.681 1.683 1.694 1.694 1.71 1.714 1.718 1.73 1.73 1.736 1.744 1.752 1.764 1.774 1.783 1.786 1.793 1.802 1.807 1.818 1.821 1.83 1.844 1.858 1.864 1.866 1.877 1.88 1.903 1.907 1.919 0 0 0 0 0.667 0.654 0.654 0.654 0.672 0 0 0 0 2.09 2.09 2.09 2.106 2.117 2.129 2.138 2.16 2.18 2.181 2.202 2.212 2.212 2.212 2.192 2.185 2.164 2.163 2.149 2.136 2.129 2.117 2.107 2.096 2.091 2.076 2.069 2.069 2.066 2.053 1.604 1.604 1.604 1.786 1.786 1.786 1.779 1.778 1.771 1.765 1.762 1.747 1.74 1.736 1.735 1.723 1.719 1.715 1.713 1.705 1.699 1.698 1.685 1.677 1.675 1.638 0.897 0.876 0.876 0.876 0.892 0.984 0.992 0.994 0.994 0.999 1.612 1.616 1.616 1.612 0.867 0.859 0.858 0.859 0.859 0.864 0.873 0.873 0.873 0.856 0.835 0.793 0.78 0.773 0.771 0.769 0.765 0.762 0.761 0.755 0.752 0.748 0.748 0.748 0.745 0.745 0.745 0.745 0.745 0.745 0.739 0.738 0.738 0.738 0.738 0.736 0.734 0.734 0.732 0.731 0.732 0.731 0.731 0.726 0.725 0.725 0.727 0.727 0.734 0.735 0.741 0.747 0.747 0.75 0.758 0.764 0.766 0.781 0.781 0.781 0.767 0.759 0.755 0.751 0.747 0.746 0.737 0.731 0.728 0.728 0.728 0.727 0.726 0.726 0.728 0.731 0.731 0.731 0.731 0.731 0.734 0.734 0.734 0.731 0.74 0.734 0.74 0.741 0.741 0.741 0.742 0.744 0.744 0.745 0.746 0.75 0.75 0.75 0.75 0.75 0.75 0.753 0.75 0.753 0.758 0.763 0.763 0.764 0.765 0.77 0.773 0.773 0.774 0.774 0.776 0.779 0.779 0.779 0.781 0.787 0.791 0.791 0.792 0.792 0.792 0.797 0.801 0.801 0.805 0.807 0.807 0.815 0.816 0.819 0.822 0.822 0.824 0.826 0.83 0.832 0.841 0.845 0.845 0.845 0.847 0.854 0.856 0.862 0.866 0.867 0.868 0.874 0.878 0.88 0.887 0.888 0.892 0.896 0.897 0.9 0.905 0.907 0.916 0.92 0.926 0.93 0.942 0.944 0.948 0.953 0.964 0.984 0.999 1 1.004 1.022 1.023 1.025 1.036 1.037 1.038 1.038 1.044 1.064 
1 1 1 1 1 1 1 1 1 1 1 1 1 1 1 1 1 1 1 1 1 1 1 1 1 1 1 1 1 1 1 1 1 1 1 1 1 1 1 1 1 1 1 1 1 1 1 1 1 1 1 1 1 1 1 1 1 1 1 1 1 1 1 1 1 1 1 1 1 1 1 1 1 1 1 1 1 1 1 1 1 1 1 1 1 1 1 1 1 1 1 1 1 1 1 1 1 1 1 1 1 1 1 1 1 1 1 1 1 1 1 1 1 1 1 1 1 1 1 1 1 1 1 1 1 1 1 1 1 1 1 1 1 1 1 1 1 1 1 1 1 1 1 1 1 1 1 1 1 1 1 1 1 1 1 1 1 1 1 1 1 1 1 1 1 1 1 1 1 1 1 1 1 1 1 1 1 1 1 1 1 1 1 1 1 1 1 1 1 1 1 1 1 1 1 1 1 1 1 1 1 1 1 1 1 1 1 1 1 1 1 1 1 1 1 1 1 1 1 1 1 1 1 1 1 1 1 1 1 1 1 1 1 1 1 1 1 1 1 1 1 1 1 1 1 1 1 1 1 1 1 1 1 1 1 1 1 1 1 1 1 1 1 1 1 1 1 1 1 1 1 1 1 1 1 1 1 1 1 1 1 1 1 1 1 1 1 1 1 1 1 1 1 1 1 1 1 1 1 1 1 1 1 1 1 1 1 1 1 1 1 1 1 1 1 1 1 1 1 1 1 1 1 1 1 1 1 1 1 1 1 1 1 1 1 1 1 1 1 1 1 1 1 1 1 1 1 1 1 1 1 1 0 0 0 0 0 1 1 1 1 1 1 1 1 1 1 1 1 1 1 1 1 1 1 1 1 1 1 1 1 1 1 1 1 1 1 1 1 1 1 1 1 1 1 1 1 1 1 1 1 1 1 1 1 1 1 1 1 1 1 1 1 1 1 0 0 0 0 1 1 1 1 1 0 0 0 0 1 1 1 1 1 1 1 1 1 1 1 1 1 1 1 1 1 1 1 1 1 1 1 1 1 1 1 1 1 1 1 1 1 1 1 1 1 1 1 1 1 1 1 1 1 1 1 1 1 1 1 1 1 1 1 1 1 1 1 1 1 1 1 1 1 1 1 1 1 1 1 1 1 1 1 1 1 1 1 1 1 1 1 1 1 1 1 1 1 1 1 1 1 1 1 1 1 1 1 1 1 1 1 1 1 1 1 1 1 1 1 1 1 1 1 1 1 1 1 1 1 1 1 1 1 1 1 1 1 1 1 1 1 1 1 1 1 1 1 1 1 1 1 1 1 1 1 1 1 1 1 1 1 1 1 1 1 1 1 1 1 1 1 1 1 1 1 1 1 1 1 1 1 1 1 1 1 1 1 1 1 1 1 1 1 1 1 1 1 1 1 1 1 1 1 1 1 1 1 1 1 1 1 1 1 1 1 1 1 1 1 1 1 1 1 1 1 1 1 1 1 1 1 1 1 1 1 1 1 1 1 1 1 1 1 1 1 1 1 1 1 1 1 1 1 1 1 1 1 1 1 1 1 1 
