# This file contains a 2D laser scan observation. 
# Its format is: 
# [aperture] [max_range] [number_of_scans] 
# [vector_of_scans] 
# [vector_of_valid_scans] 
# The aperture of the sensor is in radians, the maximum range 
# and measurements are in meters. '1' means a valid scan, '0' otherwise.
4.1847
5.6
682
1.338 1.325 1.325 1.325 1.325 1.325 1.325 1.325 1.323 1.32 1.321 1.317 1.317 1.313 1.313 1.311 1.304 1.302 1.301 1.3 1.3 1.299 1.299 1.299 1.299 1.299 1.296 1.295 1.293 1.293 1.293 1.293 1.293 1.291 1.289 1.288 1.288 1.288 1.288 1.288 1.292 1.292 1.288 1.288 1.288 1.288 1.288 1.288 1.288 1.288 1.288 1.29 1.29 1.291 1.291 1.291 1.291 1.292 1.297 1.297 1.3 1.298 1.301 1.301 1.303 1.307 0 0 0 0 0 0 1.322 1.32 1.32 1.321 1.321 1.321 1.321 1.321 1.327 1.335 1.337 1.34 1.34 1.342 1.348 1.348 1.348 1.351 1.353 1.355 1.363 1.37 1.371 1.371 1.373 1.383 1.384 1.387 1.39 1.393 1.403 1.404 1.406 1.41 1.417 1.418 1.424 1.425 1.428 1.443 1.443 1.447 1.45 1.453 1.455 1.456 1.472 1.472 1.475 1.487 1.491 1.491 1.496 1.499 1.505 1.51 1.521 1.528 1.536 1.537 1.541 1.545 1.552 0 0 0 0 0 0.418 0.417 0.417 0.413 0.413 0.007 0 0 0 0 0 0 0 1.724 1.724 1.724 1.724 1.724 1.651 1.651 1.651 1.658 1.792 1.799 1.807 1.827 1.832 1.84 1.852 1.862 1.88 1.888 1.895 1.914 1.927 1.932 1.948 1.95 1.95 1.95 1.937 1.925 1.922 1.908 1.904 1.893 1.886 1.877 1.864 1.86 1.856 1.841 1.832 1.825 1.819 1.808 1.808 1.803 1.779 1.337 1.334 1.334 1.337 1.531 1.531 1.531 1.519 1.517 1.508 1.505 1.499 1.491 1.489 1.488 1.486 1.474 1.47 1.465 1.462 1.455 1.451 1.441 1.437 1.435 1.433 1.43 1.424 1.42 1.416 1.412 1.409 1.406 1.403 1.397 1.397 1.397 1.395 1.394 0.64 0.637 0.623 0.61 0.61 0.61 0.617 0.625 0.625 0.625 0.623 0.602 0.601 0.598 0.589 0.583 0.572 0.567 0.566 0.564 0.562 0.562 0.559 0.562 0.563 0.565 0.567 0.569 0.571 0.571 0.571 0.574 0.581 0.582 0.597 0.607 0.608 0.619 0.632 0.636 0.65 0.704 1.342 1.406 1.415 1.421 1.425 1.425 1.428 1.425 1.423 1.42 1.39 1.344 1.342 1.342 1.342 1.342 1.342 1.251 1.214 1.214 1.214 1.214 1.214 1.167 0.826 0.826 0.826 0.829 0.844 0.858 1.463 1.474 1.478 1.478 1.485 1.485 1.485 0.552 0.551 0.55 0.531 0.523 0.523 0.523 0.524 0.528 0.534 1.501 1.514 1.515 1.515 1.519 1.52 1.52 1.52 1.525 1.527 1.529 1.54 1.54 1.55 1.55 1.555 1.555 1.554 1.554 1.557 1.557 1.565 1.568 1.571 1.572 1.579 1.587 1.587 1.592 1.592 1.6 1.606 1.607 1.609 1.613 1.619 1.62 1.632 1.636 1.637 1.64 1.64 1.647 1.656 1.657 1.661 1.662 1.675 1.678 1.694 1.695 1.695 1.698 1.705 1.718 1.72 1.727 1.731 1.741 1.744 1.754 1.759 1.769 1.776 1.777 1.784 1.793 1.803 1.805 1.827 1.834 1.84 1.85 1.855 1.855 1.87 1.882 1.889 1.898 1.907 1.918 1.929 1.934 1.945 1.956 1.962 1.978 1.985 1.996 1.997 1.997 1.998 2.009 2.009 2.079 2.091 2.102 2.102 2.12 2.134 2.14 2.159 2.172 2.191 2.203 2.228 2.238 2.24 2.24 2.24 2.228 2.203 2.193 2.181 2.172 2.168 2.159 2.138 2.132 2.127 2.107 2.106 2.093 2.087 2.074 2.07 2.061 2.054 2.044 2.034 2.029 2.017 2.012 2.004 1.996 1.987 1.981 1.978 1.976 1.965 1.963 1.951 1.947 1.934 1.933 1.931 1.926 1.917 1.914 1.907 1.904 1.888 1.887 1.881 1.878 1.876 1.868 1.863 1.863 1.857 1.848 1.848 0.008 1.817 1.822 1.822 1.817 1.502 1.416 1.41 1.401 1.398 1.379 1.375 1.375 1.372 1.287 1.219 1.219 1.212 1.208 1.206 1.204 1.2 1.199 1.198 1.196 1.196 1.196 1.198 1.21 1.21 1.211 1.21 1.206 1.203 1.197 1.197 1.201 1.197 1.198 1.198 1.198 1.192 1.192 1.192 1.193 1.193 1.193 1.193 1.186 1.186 1.186 1.186 1.186 1.182 1.181 1.173 1.173 1.173 1.173 1.177 1.177 1.18 1.181 1.18 1.172 1.179 1.179 1.179 1.189 1.189 1.19 1.189 1.189 1.19 1.19 1.186 1.188 1.188 1.188 1.191 1.192 1.196 1.198 1.209 1.212 1.219 1.225 1.227 1.228 1.228 1.238 1.239 1.244 1.248 1.249 1.251 1.253 1.253 1.254 1.26 1.26 1.26 1.266 1.266 1.266 1.268 1.268 1.266 1.264 1.246 1.245 1.245 1.246 1.255 1.255 1.259 1.269 1.269 1.274 1.275 1.297 1.786 1.845 1.854 1.866 1.87 1.871 1.875 1.886 1.889 1.893 1.904 1.908 1.911 1.912 1.913 1.93 1.935 1.936 1.94 1.956 1.96 1.964 1.966 1.98 1.983 1.987 1.997 2.004 2.016 2.021 2.026 2.041 2.045 2.046 2.054 2.072 2.081 2.082 2.096 2.098 2.115 2.117 2.132 2.14 2.148 2.15 2.164 2.18 2.187 2.193 2.21 2.222 2.232 2.248 2.259 2.271 2.284 2.29 2.303 2.322 2.326 2.344 2.365 2.373 2.388 2.388 2.388 2.359 2.302 2.3 2.3 2.302 
1 1 1 1 1 1 1 1 1 1 1 1 1 1 1 1 1 1 1 1 1 1 1 1 1 1 1 1 1 1 1 1 1 1 1 1 1 1 1 1 1 1 1 1 1 1 1 1 1 1 1 1 1 1 1 1 1 1 1 1 1 1 1 1 1 1 0 0 0 0 0 0 1 1 1 1 1 1 1 1 1 1 1 1 1 1 1 1 1 1 1 1 1 1 1 1 1 1 1 1 1 1 1 1 1 1 1 1 1 1 1 1 1 1 1 1 1 1 1 1 1 1 1 1 1 1 1 1 1 1 1 1 1 1 1 0 0 0 0 0 1 1 1 1 1 0 0 0 0 0 0 0 0 1 1 1 1 1 1 1 1 1 1 1 1 1 1 1 1 1 1 1 1 1 1 1 1 1 1 1 1 1 1 1 1 1 1 1 1 1 1 1 1 1 1 1 1 1 1 1 1 1 1 1 1 1 1 1 1 1 1 1 1 1 1 1 1 1 1 1 1 1 1 1 1 1 1 1 1 1 1 1 1 1 1 1 1 1 1 1 1 1 1 1 1 1 1 1 1 1 1 1 1 1 1 1 1 1 1 1 1 1 1 1 1 1 1 1 1 1 1 1 1 1 1 1 1 1 1 1 1 1 1 1 1 1 1 1 1 1 1 1 1 1 1 1 1 1 1 1 1 1 1 1 1 1 1 1 1 1 1 1 1 1 1 1 1 1 1 1 1 1 1 1 1 1 1 1 1 1 1 1 1 1 1 1 1 1 1 1 1 1 1 1 1 1 1 1 1 1 1 1 1 1 1 1 1 1 1 1 1 1 1 1 1 1 1 1 1 1 1 1 1 1 1 1 1 1 1 1 1 1 1 1 1 1 1 1 1 1 1 1 1 1 1 1 1 1 1 1 1 1 1 1 1 1 1 1 1 1 1 1 1 1 1 1 1 1 1 1 1 1 1 1 1 1 1 1 1 1 1 1 1 1 1 1 1 1 1 1 1 1 1 1 1 1 1 1 1 1 1 1 1 1 1 1 1 1 1 1 1 1 1 1 1 1 1 1 1 1 1 1 1 1 1 1 1 1 1 1 1 1 1 1 1 1 1 1 1 0 1 1 1 1 1 1 1 1 1 1 1 1 1 1 1 1 1 1 1 1 1 1 1 1 1 1 1 1 1 1 1 1 1 1 1 1 1 1 1 1 1 1 1 1 1 1 1 1 1 1 1 1 1 1 1 1 1 1 1 1 1 1 1 1 1 1 1 1 1 1 1 1 1 1 1 1 1 1 1 1 1 1 1 1 1 1 1 1 1 1 1 1 1 1 1 1 1 1 1 1 1 1 1 1 1 1 1 1 1 1 1 1 1 1 1 1 1 1 1 1 1 1 1 1 1 1 1 1 1 1 1 1 1 1 1 1 1 1 1 1 1 1 1 1 1 1 1 1 1 1 1 1 1 1 1 1 1 1 1 1 1 1 1 1 1 1 1 1 1 1 1 1 1 1 1 1 1 1 1 1 1 1 1 1 1 1 1 1 1 1 1 1 
