# This file contains a 2D laser scan observation. 
# Its format is: 
# [aperture] [max_range] [number_of_scans] 
# [vector_of_scans] 
# [vector_of_valid_scans] 
# The aperture of the sensor is in radians, the maximum range 
# and measurements are in meters. '1' means a valid scan, '0' otherwise.
4.1847
5.6
682
1.247 1.247 1.25 1.251 1.251 1.25 1.25 1.248 1.248 1.257 1.257 1.256 1.256 1.255 1.255 1.256 1.255 1.26 1.261 1.263 1.263 1.265 1.265 1.265 1.268 1.269 1.269 1.271 1.277 1.277 1.278 1.28 1.28 1.28 1.28 1.282 1.283 1.294 1.296 1.297 0 0 0 0.007 0 0 0 1.325 1.325 1.325 1.327 1.333 1.335 1.338 1.342 1.35 1.35 1.35 1.352 1.355 1.362 1.37 1.371 1.374 1.377 1.391 1.391 1.393 1.394 1.401 1.408 1.411 1.413 1.419 1.425 1.435 1.44 1.441 1.442 1.443 1.451 1.459 1.469 1.47 1.47 1.487 1.491 1.491 1.505 1.52 1.52 1.521 1.528 1.538 1.542 1.554 1.554 1.555 1.569 1.573 1.58 1.589 1.597 1.611 1.612 1.614 1.628 1.634 1.648 1.657 1.663 1.675 1.681 1.689 1.696 1.713 1.717 1.72 1.736 1.745 1.762 1.762 1.762 1.754 1.689 1.689 1.689 1.789 1.842 0 0 0 0 0.007 0.453 0.453 0.467 0.467 0.007 0 0 0 0 0 2 1.976 1.973 1.96 1.957 1.938 1.932 1.924 1.922 1.91 1.905 1.899 1.883 1.877 1.869 1.86 1.847 1.844 1.833 1.818 1.408 1.406 1.406 1.406 1.507 1.585 1.585 1.585 1.577 1.576 1.571 1.568 1.56 1.56 1.558 1.544 1.543 1.542 1.542 1.532 1.529 1.52 1.516 1.515 1.515 1.513 1.51 1.496 1.495 1.492 1.486 1.486 1.481 1.48 1.48 1.475 1.474 1.474 1.474 1.463 1.465 1.463 1.451 1.375 0.732 0.716 0.707 0.7 0.699 0.695 0.695 0.69 0.69 0.685 0.683 0.681 0.672 0.67 0.667 0.666 0.66 0.658 0.658 0.655 0.651 0.651 0.651 0.651 0.647 0.637 0.631 0.631 0.63 0.63 0.63 0.63 0.63 0.633 0.641 0.644 0.695 0.733 0.736 0.736 0.777 0.799 0.847 1.172 1.373 1.466 1.517 1.517 1.517 1.304 1.304 1.304 1.304 1.304 1.29 1.145 0.945 0.935 0.935 0.935 0.954 0.981 1.571 1.593 1.593 1.593 1.594 1.594 1.586 0.651 0.643 0.629 0.629 0.629 0.64 0.643 0.646 1.622 1.626 1.626 1.625 1.625 1.625 1.625 1.632 1.64 1.642 1.644 1.649 1.653 1.653 1.658 1.658 1.66 1.669 1.677 1.678 1.689 1.689 1.69 1.689 1.69 1.693 1.699 1.706 1.709 1.711 1.713 1.719 1.726 1.732 1.734 1.738 1.741 1.746 1.756 1.758 1.765 1.769 1.77 1.775 1.782 1.785 1.796 1.806 1.812 1.819 1.82 1.821 1.834 1.847 1.849 1.854 1.855 1.864 1.871 1.886 1.888 1.896 1.902 1.907 1.922 1.925 1.932 1.938 1.949 1.956 1.967 1.973 1.986 1.995 2.002 2.007 2.024 2.035 2.04 2.051 2.068 2.074 2.087 2.09 2.09 2.087 2.098 2.155 2.155 2.167 2.188 2.188 2.21 2.222 2.229 2.243 2.262 2.276 2.294 2.316 2.323 2.323 2.323 2.313 2.289 2.287 2.281 2.258 2.246 2.235 2.223 2.214 2.202 2.195 2.183 2.172 2.168 2.159 2.146 2.134 2.133 2.113 2.112 2.097 2.091 2.077 2.075 2.068 2.053 2.046 2.039 2.036 2.027 2.015 2.013 2.011 1.999 1.989 1.987 1.972 1.971 1.968 1.964 1.956 1.946 1.938 1.934 1.928 1.926 1.637 1.59 1.59 1.59 1.88 1.88 1.88 1.496 1.482 1.465 1.442 1.428 1.426 1.349 1.276 1.275 1.274 1.268 1.261 1.26 1.257 1.256 1.255 1.253 1.253 1.256 1.265 1.265 1.266 1.265 1.264 1.261 1.257 1.245 1.245 1.245 1.242 1.237 1.236 1.236 1.236 1.236 1.234 1.229 1.229 1.228 1.228 1.228 1.223 1.223 1.219 1.219 1.211 1.21 1.204 1.204 1.204 1.205 1.202 1.205 1.205 1.201 1.201 1.206 1.206 1.207 1.207 1.207 1.207 1.207 1.207 1.207 1.207 1.207 1.207 1.204 1.211 1.208 1.211 1.214 1.216 1.221 1.231 1.231 1.229 1.229 1.229 1.229 1.232 1.235 1.237 1.239 1.239 1.24 1.249 1.251 1.252 1.253 1.255 1.255 1.263 1.264 1.269 1.269 1.269 1.245 1.241 1.241 1.241 1.243 1.244 1.249 1.252 1.263 1.263 1.263 1.265 1.275 1.794 1.82 1.822 1.826 1.828 1.833 1.843 1.844 1.847 1.853 1.855 1.859 1.862 1.87 1.879 1.879 1.885 1.886 1.892 1.894 1.903 1.905 1.907 1.915 1.917 1.928 1.933 1.937 1.947 1.951 1.951 1.961 1.969 1.97 1.977 1.983 1.99 1.991 2.016 2.016 2.021 2.033 2.033 2.041 2.051 2.061 2.063 2.066 2.084 2.095 2.097 2.104 2.117 2.123 2.134 2.149 2.152 2.172 2.177 2.186 2.192 2.208 2.21 2.228 2.242 2.248 2.265 2.273 2.281 2.296 2.31 2.327 2.327 2.327 2.314 2.228 2.228 2.228 2.245 2.253 2.264 2.264 2.264 1.124 1.106 1.106 1.106 1.111 1.127 1.13 1.136 1.145 1.156 1.157 1.169 1.183 1.185 1.203 1.203 1.218 1.228 1.239 1.253 1.264 1.269 1.284 1.295 1.298 1.302 1.302 1.298 1.293 1.284 1.278 1.277 1.276 1.269 1.267 1.262 1.251 1.246 1.243 1.234 1.226 1.223 1.223 1.218 1.214 1.212 1.201 
1 1 1 1 1 1 1 1 1 1 1 1 1 1 1 1 1 1 1 1 1 1 1 1 1 1 1 1 1 1 1 1 1 1 1 1 1 1 1 1 0 0 0 0 0 0 0 1 1 1 1 1 1 1 1 1 1 1 1 1 1 1 1 1 1 1 1 1 1 1 1 1 1 1 1 1 1 1 1 1 1 1 1 1 1 1 1 1 1 1 1 1 1 1 1 1 1 1 1 1 1 1 1 1 1 1 1 1 1 1 1 1 1 1 1 1 1 1 1 1 1 1 1 1 1 1 1 1 1 0 0 0 0 0 1 1 1 1 0 0 0 0 0 0 1 1 1 1 1 1 1 1 1 1 1 1 1 1 1 1 1 1 1 1 1 1 1 1 1 1 1 1 1 1 1 1 1 1 1 1 1 1 1 1 1 1 1 1 1 1 1 1 1 1 1 1 1 1 1 1 1 1 1 1 1 1 1 1 1 1 1 1 1 1 1 1 1 1 1 1 1 1 1 1 1 1 1 1 1 1 1 1 1 1 1 1 1 1 1 1 1 1 1 1 1 1 1 1 1 1 1 1 1 1 1 1 1 1 1 1 1 1 1 1 1 1 1 1 1 1 1 1 1 1 1 1 1 1 1 1 1 1 1 1 1 1 1 1 1 1 1 1 1 1 1 1 1 1 1 1 1 1 1 1 1 1 1 1 1 1 1 1 1 1 1 1 1 1 1 1 1 1 1 1 1 1 1 1 1 1 1 1 1 1 1 1 1 1 1 1 1 1 1 1 1 1 1 1 1 1 1 1 1 1 1 1 1 1 1 1 1 1 1 1 1 1 1 1 1 1 1 1 1 1 1 1 1 1 1 1 1 1 1 1 1 1 1 1 1 1 1 1 1 1 1 1 1 1 1 1 1 1 1 1 1 1 1 1 1 1 1 1 1 1 1 1 1 1 1 1 1 1 1 1 1 1 1 1 1 1 1 1 1 1 1 1 1 1 1 1 1 1 1 1 1 1 1 1 1 1 1 1 1 1 1 1 1 1 1 1 1 1 1 1 1 1 1 1 1 1 1 1 1 1 1 1 1 1 1 1 1 1 1 1 1 1 1 1 1 1 1 1 1 1 1 1 1 1 1 1 1 1 1 1 1 1 1 1 1 1 1 1 1 1 1 1 1 1 1 1 1 1 1 1 1 1 1 1 1 1 1 1 1 1 1 1 1 1 1 1 1 1 1 1 1 1 1 1 1 1 1 1 1 1 1 1 1 1 1 1 1 1 1 1 1 1 1 1 1 1 1 1 1 1 1 1 1 1 1 1 1 1 1 1 1 1 1 1 1 1 1 1 1 1 1 1 1 1 1 1 1 1 1 1 1 1 1 1 1 1 1 1 1 1 1 1 1 1 1 1 1 1 1 1 1 1 1 1 1 1 1 1 1 1 1 1 1 1 1 1 1 1 1 1 1 1 1 1 1 1 1 1 1 1 1 1 1 1 1 1 1 1 1 1 1 1 1 1 1 1 1 1 1 1 1 1 1 1 1 1 1 1 
