# This file contains a 2D laser scan observation. 
# Its format is: 
# [aperture] [max_range] [number_of_scans] 
# [vector_of_scans] 
# [vector_of_valid_scans] 
# The aperture of the sensor is in radians, the maximum range 
# and measurements are in meters. '1' means a valid scan, '0' otherwise.
4.1847
5.6
682
0.807 0.815 0.825 0.838 0.842 0.851 0.851 0.851 0.851 0.844 0.844 0.851 0.851 0.862 0.862 0.865 0.868 0.873 0.874 0.875 0.879 0.882 0.889 0.889 0.894 0.9 0.914 0.916 0.917 0.92 0.92 0.922 0.924 0.925 0.926 0.931 0.942 0.959 0.965 0.971 0.972 0.978 1.01 1.014 1.019 2.025 2.025 2.025 2.023 2.013 1.993 1.987 1.978 1.962 1.952 1.942 1.936 1.927 1.915 1.906 1.898 1.891 1.881 1.865 1.861 1.849 1.843 1.836 1.822 1.819 1.811 1.802 1.789 1.782 1.777 1.774 1.771 1.753 1.749 1.74 1.732 1.726 1.718 1.718 1.711 1.708 1.201 1.176 1.176 1.176 1.184 1.199 1.206 1.23 1.646 1.646 1.646 1.636 1.635 1.628 1.623 1.617 1.614 1.566 1.469 1.459 1.459 1.459 1.481 1.584 1.584 1.584 1.573 1.569 1.567 1.565 1.561 1.553 1.553 1.549 1.501 1.432 1.424 1.42 1.418 1.417 1.417 1.414 1.407 1.405 1.4 1.396 1.396 1.392 1.388 1.388 1.387 1.387 1.385 1.385 1.382 1.381 1.381 1.381 1.38 1.378 1.376 1.375 1.37 1.369 1.367 1.367 1.367 1.367 1.367 1.367 1.363 1.363 1.363 1.363 1.363 1.364 1.363 1.364 1.358 1.357 1.357 1.365 1.365 1.393 1.455 1.459 1.462 1.462 1.463 1.463 1.463 1.47 1.47 1.469 1.469 1.467 1.467 1.467 1.467 1.467 1.467 1.456 1.453 1.453 1.456 1.457 1.477 1.479 1.482 1.484 1.485 1.486 1.488 1.488 1.488 1.475 1.475 1.467 1.452 1.437 1.405 1.388 1.355 1.328 1.291 1.208 1.172 1.172 1.112 1.008 0.991 0.986 0.985 0.982 0.985 0.985 0.987 0.99 0.999 1.007 1.009 1.009 1.009 1.012 1.012 1.021 1.021 1.021 1.021 1.021 1.024 1.025 1.035 1.039 1.042 1.047 1.042 1.05 1.05 1.05 1.051 1.062 1.073 1.073 1.076 1.076 1.076 1.076 1.082 1.09 1.092 1.095 1.1 1.1 1.1 1.106 1.11 1.111 1.115 1.117 1.117 1.128 1.137 1.149 1.158 1.158 1.164 1.164 1.162 1.165 1.167 1.171 1.195 1.195 1.195 1.21 1.216 1.219 1.229 1.232 1.236 1.249 1.254 1.265 1.269 1.27 1.282 1.284 1.297 1.301 1.313 1.317 1.327 1.33 1.344 1.352 1.362 1.372 1.372 1.379 1.38 1.388 1.411 2.013 2.035 2.044 2.044 2.044 2.044 2.044 1.681 1.665 1.648 1.637 1.597 1.571 1.571 1.571 1.579 1.6 1.603 1.869 1.874 0 0 0 0 0 0 0 0 0.007 0 0 0 0 0 0 0 0.007 0 0.007 2.121 2.114 2.114 2.113 2.113 2.114 2.119 2.119 2.119 2.122 2.128 2.128 2.136 3.357 3.358 3.358 3.357 3.357 3.344 3.329 3.326 3.314 3.308 3.295 3.293 3.281 3.279 3.272 3.271 3.267 3.25 3.248 3.244 3.241 3.231 3.229 3.211 3.209 3.209 3.208 3.204 3.196 3.188 3.181 3.179 3.175 3.173 3.169 3.159 3.157 3.145 3.145 3.143 3.145 3.201 4.051 4.279 4.308 4.308 4.308 4.308 4.308 4.53 4.767 4.767 4.776 4.776 4.776 4.776 4.776 4.775 4.767 4.764 4.764 4.764 4.764 4.76 2.205 2.202 2.2 2.196 2.196 2.195 2.193 2.193 2.193 2.191 2.19 2.191 2.191 2.191 2.194 2.194 2.195 2.195 2.207 2.207 2.207 2.207 2.207 2.207 2.214 2.214 2.215 2.216 2.216 2.217 2.219 2.219 2.221 2.228 2.228 2.239 2.24 2.243 2.244 2.249 2.251 2.251 2.259 2.262 2.263 2.264 2.265 2.271 2.272 2.282 2.287 2.293 2.298 2.3 2.308 2.31 2.312 2.322 2.323 2.332 2.337 2.341 2.341 2.343 2.358 2.36 2.363 2.376 2.384 2.385 2.397 2.405 2.409 2.421 2.423 2.425 2.436 2.441 2.447 2.463 2.468 2.474 2.482 2.482 2.51 2.512 2.516 2.521 2.541 2.541 2.545 2.541 1.853 1.831 1.831 1.831 1.836 2.639 2.649 2.654 2.654 2.669 2.689 2.695 2.714 2.726 2.744 2.748 2.758 2.77 2.775 2.895 3.658 3.658 3.658 2.056 2.041 2.041 2.041 2.047 2.753 2.753 2.753 2.736 2.723 2.705 2.688 2.686 2.661 2.651 2.642 2.629 2.614 2.591 2.584 2.571 2.553 2.54 2.529 2.519 2.505 2.479 2.478 2.462 2.456 2.442 2.433 2.424 2.424 2.408 2.391 2.366 2.351 2.287 2.243 2.193 1.196 1.162 1.16 1.16 1.162 1.169 1.178 1.191 1.205 2.142 2.142 2.142 2.108 2.093 2.088 2.08 2.07 2.067 2.063 2.048 2.048 2.04 2.031 1.479 1.474 1.474 1.474 1.491 1.512 1.979 1.979 1.979 1.973 1.966 1.96 1.953 1.947 1.943 1.941 1.935 1.934 1.928 1.924 1.917 1.914 1.912 1.908 1.903 1.899 1.893 1.893 1.886 1.881 1.877 1.872 1.871 1.871 1.865 1.865 1.865 1.866 1.868 1.898 1.931 1.939 1.941 1.941 1.939 1.939 1.93 1.929 1.923 1.921 1.92 1.91 1.91 1.909 1.909 1.91 1.908 1.908 1.91 1.909 1.909 1.913 1.918 1.931 2.004 2.099 2.318 2.737 2.738 2.741 2.738 2.738 2.738 2.736 2.736 2.736 2.736 2.736 
1 1 1 1 1 1 1 1 1 1 1 1 1 1 1 1 1 1 1 1 1 1 1 1 1 1 1 1 1 1 1 1 1 1 1 1 1 1 1 1 1 1 1 1 1 1 1 1 1 1 1 1 1 1 1 1 1 1 1 1 1 1 1 1 1 1 1 1 1 1 1 1 1 1 1 1 1 1 1 1 1 1 1 1 1 1 1 1 1 1 1 1 1 1 1 1 1 1 1 1 1 1 1 1 1 1 1 1 1 1 1 1 1 1 1 1 1 1 1 1 1 1 1 1 1 1 1 1 1 1 1 1 1 1 1 1 1 1 1 1 1 1 1 1 1 1 1 1 1 1 1 1 1 1 1 1 1 1 1 1 1 1 1 1 1 1 1 1 1 1 1 1 1 1 1 1 1 1 1 1 1 1 1 1 1 1 1 1 1 1 1 1 1 1 1 1 1 1 1 1 1 1 1 1 1 1 1 1 1 1 1 1 1 1 1 1 1 1 1 1 1 1 1 1 1 1 1 1 1 1 1 1 1 1 1 1 1 1 1 1 1 1 1 1 1 1 1 1 1 1 1 1 1 1 1 1 1 1 1 1 1 1 1 1 1 1 1 1 1 1 1 1 1 1 1 1 1 1 1 1 1 1 1 1 1 1 1 1 1 1 1 1 1 1 1 1 1 1 1 1 1 1 1 1 1 1 1 1 1 1 1 1 1 1 1 1 1 1 1 1 1 1 1 1 1 1 1 1 1 0 0 0 0 0 0 0 0 0 0 0 0 0 0 0 0 0 0 0 1 1 1 1 1 1 1 1 1 1 1 1 1 1 1 1 1 1 1 1 1 1 1 1 1 1 1 1 1 1 1 1 1 1 1 1 1 1 1 1 1 1 1 1 1 1 1 1 1 1 1 1 1 1 1 1 1 1 1 1 1 1 1 1 1 1 1 1 1 1 1 1 1 1 1 1 1 1 1 1 1 1 1 1 1 1 1 1 1 1 1 1 1 1 1 1 1 1 1 1 1 1 1 1 1 1 1 1 1 1 1 1 1 1 1 1 1 1 1 1 1 1 1 1 1 1 1 1 1 1 1 1 1 1 1 1 1 1 1 1 1 1 1 1 1 1 1 1 1 1 1 1 1 1 1 1 1 1 1 1 1 1 1 1 1 1 1 1 1 1 1 1 1 1 1 1 1 1 1 1 1 1 1 1 1 1 1 1 1 1 1 1 1 1 1 1 1 1 1 1 1 1 1 1 1 1 1 1 1 1 1 1 1 1 1 1 1 1 1 1 1 1 1 1 1 1 1 1 1 1 1 1 1 1 1 1 1 1 1 1 1 1 1 1 1 1 1 1 1 1 1 1 1 1 1 1 1 1 1 1 1 1 1 1 1 1 1 1 1 1 1 1 1 1 1 1 1 1 1 1 1 1 1 1 1 1 1 1 1 1 1 1 1 1 1 1 1 1 1 1 1 1 1 1 1 1 1 1 1 1 1 1 1 1 1 1 1 1 1 1 1 1 1 1 1 1 1 1 1 1 1 1 1 1 
