# This file contains a 2D laser scan observation. 
# Its format is: 
# [aperture] [max_range] [number_of_scans] 
# [vector_of_scans] 
# [vector_of_valid_scans] 
# The aperture of the sensor is in radians, the maximum range 
# and measurements are in meters. '1' means a valid scan, '0' otherwise.
4.1847
5.6
682
1.756 1.647 1.647 1.647 1.658 1.664 1.673 1.734 1.734 1.734 1.731 1.724 1.703 1.549 1.534 1.533 1.525 1.507 1.507 1.5 1.491 1.484 1.474 1.466 1.464 1.443 1.442 1.433 1.425 1.423 1.421 1.408 1.401 1.396 1.387 1.386 1.385 1.374 1.371 1.359 1.356 1.348 1.345 1.341 1.341 1.328 1.326 1.322 1.316 1.307 1.304 1.304 1.304 1.311 1.329 1.352 1.374 1.391 1.391 1.391 1.379 1.379 1.376 1.376 0.785 0.785 0.783 0.782 0.777 0.775 0.774 0.774 0.775 0.777 0.777 0.777 0.774 0.773 0.773 0.771 0.77 0.77 0.765 0.764 0.761 0.759 0.758 0.752 0.752 0.752 0.748 0.748 0.749 0.748 0.748 0.749 0.746 0.746 0.738 0.736 0.734 0.734 0.734 0.732 0.732 0.732 0.731 0.73 0.727 0.727 0.727 0.727 0.727 0.726 0.725 0.723 0.722 0.721 0.721 0.721 0.721 0.722 0.722 0.722 0.719 0.719 0.718 0.718 0.719 0.721 0.718 0.716 0.716 0.71 0.704 0.704 0.704 0.704 0.708 0.71 0.71 0.712 0.719 0.732 0.732 0.732 0.728 0.717 0.714 0.714 0.703 0.702 0.702 0.702 0.702 0.707 0.712 0.714 0.714 0.722 0.725 0.725 0.731 0.725 0.725 0.727 0.725 0.725 0.727 0.727 0.723 0.733 0.728 0.728 0.734 0.735 0.735 0.742 0.742 0.742 0.747 0.747 0.747 0.749 0.749 0.749 0.749 0.751 0.751 0.757 0.757 0.757 0.758 0.757 0.758 0.758 0.764 0.77 0.77 0.77 0.775 0.775 0.775 0.775 0.779 0.779 0.788 0.789 0.789 0.794 0.797 0.799 0.8 0.804 0.804 0.807 0.804 0.804 0.806 0.807 0.817 0.817 0.819 1.413 1.434 1.467 1.467 1.469 1.477 1.483 1.491 1.5 1.502 1.512 1.516 1.523 1.53 1.538 1.55 1.556 1.568 1.568 1.568 1.568 1.493 1.473 1.064 1.046 1.032 0.987 0.955 0.952 0.952 0.952 0.953 0.966 0.971 0.971 0.977 0.981 0.985 0.992 1.27 1.273 1.275 1.275 1.275 0 0 0 0 0.007 0 1.284 0 0 0 0 0 0 0 0 0 0 0 2.117 2.117 2.117 2.122 2.136 2.16 2.179 2.19 2.205 2.231 2.252 2.277 2.293 2.321 2.347 2.361 2.388 2.417 2.439 2.439 2.439 1.538 1.528 1.52 1.513 1.507 1.507 1.497 1.489 1.46 1.46 1.46 1.466 1.492 1.519 2.671 2.699 2.7 2.7 2.7 2.7 2.695 2.686 2.678 2.675 2.657 2.654 2.648 2.647 2.643 2.63 2.629 2.625 2.613 2.612 2.611 2.609 2.607 2.593 2.587 2.584 2.581 2.578 2.574 2.568 2.566 2.562 2.555 2.552 2.548 2.547 2.545 2.544 2.537 2.536 2.534 2.525 2.525 2.52 2.518 2.517 2.513 2.51 2.504 2.504 2.504 2.522 3.586 3.653 3.656 3.654 3.656 3.66 3.66 4.106 4.119 4.125 4.124 4.124 4.124 4.124 4.118 4.115 4.115 4.115 4.117 4.117 4.117 4.122 4.124 4.122 4.122 4.124 4.115 4.115 4.126 4.126 4.115 1.973 1.875 1.785 1.676 1.603 1.598 1.598 1.597 1.598 1.597 1.6 1.6 1.602 1.606 1.606 1.608 1.609 1.609 1.612 1.618 1.622 1.623 1.626 1.631 1.632 1.632 1.632 1.639 1.639 1.645 1.649 1.649 1.652 1.656 1.657 1.663 1.669 1.67 1.675 1.68 1.681 1.682 1.688 1.691 1.696 1.699 1.705 1.712 1.716 1.716 1.721 1.724 1.732 1.735 1.742 1.745 1.746 1.752 1.762 1.771 1.773 1.774 1.775 1.778 1.787 1.791 1.796 1.808 1.816 1.817 1.832 1.836 1.838 1.849 1.851 1.86 1.867 1.876 1.88 1.888 1.898 1.899 1.912 1.921 1.925 1.927 1.943 1.945 1.954 1.964 1.979 1.98 1.998 1.999 2.014 2.017 2.025 2.045 2.049 2.056 2.071 2.075 2.091 2.093 2.104 2.114 2.132 2.136 2.166 2.166 2.183 2.197 2.204 2.218 2.233 2.244 2.265 2.279 2.296 2.312 2.324 2.346 2.35 2.372 2.387 2.395 2.42 2.435 2.435 2.435 1.554 1.511 1.504 1.504 1.504 1.512 1.513 3.649 3.649 3.672 3.649 3.039 2.532 2.522 2.505 2.501 2.494 2.485 2.485 2.482 2.469 1.8 1.8 1.8 1.806 1.842 2.28 2.387 2.387 2.387 2.381 2.378 2.363 2.361 2.358 2.352 2.341 2.34 2.334 2.328 2.319 2.314 2.304 2.297 2.296 2.296 2.281 2.273 2.247 2.233 2.226 2.196 2.169 2.158 2.156 2.152 2.147 2.136 2.134 2.133 2.125 2.117 2.116 2.113 2.104 2.102 2.1 2.1 2.1 2.1 2.1 2.1 2.065 2.065 2.06 2.058 2.058 2.051 2.048 2.047 2.037 2.036 2.035 2.035 2.035 2.029 2.028 2.027 2.024 2.022 2.022 2.019 2.019 2.017 2.019 2.012 2.011 2.01 2.01 2.003 2 1.171 1.168 1.168 1.168 1.171 1.623 2.002 2.002 2.002 2.002 2.001 2 2.001 2 2 2.002 2.004 2.005 2.006 2.008 2.01 2.014 2.018 2.086 2.101 2.104 2.104 2.114 2.117 2.117 2.114 2.107 2.107 2.107 2.109 2.114 2.114 2.117 2.118 2.123 2.126 2.129 2.136 3.003 3.008 3.01 3.01 3.019 
1 1 1 1 1 1 1 1 1 1 1 1 1 1 1 1 1 1 1 1 1 1 1 1 1 1 1 1 1 1 1 1 1 1 1 1 1 1 1 1 1 1 1 1 1 1 1 1 1 1 1 1 1 1 1 1 1 1 1 1 1 1 1 1 1 1 1 1 1 1 1 1 1 1 1 1 1 1 1 1 1 1 1 1 1 1 1 1 1 1 1 1 1 1 1 1 1 1 1 1 1 1 1 1 1 1 1 1 1 1 1 1 1 1 1 1 1 1 1 1 1 1 1 1 1 1 1 1 1 1 1 1 1 1 1 1 1 1 1 1 1 1 1 1 1 1 1 1 1 1 1 1 1 1 1 1 1 1 1 1 1 1 1 1 1 1 1 1 1 1 1 1 1 1 1 1 1 1 1 1 1 1 1 1 1 1 1 1 1 1 1 1 1 1 1 1 1 1 1 1 1 1 1 1 1 1 1 1 1 1 1 1 1 1 1 1 1 1 1 1 1 1 1 1 1 1 1 1 1 1 1 1 1 1 1 1 1 1 1 1 1 1 1 1 1 1 1 1 1 1 1 1 1 1 1 1 1 1 1 1 1 1 1 1 1 1 1 0 0 0 0 0 0 1 0 0 0 0 0 0 0 0 0 0 0 1 1 1 1 1 1 1 1 1 1 1 1 1 1 1 1 1 1 1 1 1 1 1 1 1 1 1 1 1 1 1 1 1 1 1 1 1 1 1 1 1 1 1 1 1 1 1 1 1 1 1 1 1 1 1 1 1 1 1 1 1 1 1 1 1 1 1 1 1 1 1 1 1 1 1 1 1 1 1 1 1 1 1 1 1 1 1 1 1 1 1 1 1 1 1 1 1 1 1 1 1 1 1 1 1 1 1 1 1 1 1 1 1 1 1 1 1 1 1 1 1 1 1 1 1 1 1 1 1 1 1 1 1 1 1 1 1 1 1 1 1 1 1 1 1 1 1 1 1 1 1 1 1 1 1 1 1 1 1 1 1 1 1 1 1 1 1 1 1 1 1 1 1 1 1 1 1 1 1 1 1 1 1 1 1 1 1 1 1 1 1 1 1 1 1 1 1 1 1 1 1 1 1 1 1 1 1 1 1 1 1 1 1 1 1 1 1 1 1 1 1 1 1 1 1 1 1 1 1 1 1 1 1 1 1 1 1 1 1 1 1 1 1 1 1 1 1 1 1 1 1 1 1 1 1 1 1 1 1 1 1 1 1 1 1 1 1 1 1 1 1 1 1 1 1 1 1 1 1 1 1 1 1 1 1 1 1 1 1 1 1 1 1 1 1 1 1 1 1 1 1 1 1 1 1 1 1 1 1 1 1 1 1 1 1 1 1 1 1 1 1 1 1 1 1 1 1 1 1 1 1 1 1 1 1 1 1 1 1 1 1 1 1 1 1 1 1 1 1 1 1 1 1 1 1 1 1 1 1 1 1 1 1 1 1 1 1 1 1 1 1 1 1 1 1 1 1 1 1 1 1 1 1 1 1 1 1 1 1 1 1 1 1 1 1 1 1 
