# This file contains a 2D laser scan observation. 
# Its format is: 
# [aperture] [max_range] [number_of_scans] 
# [vector_of_scans] 
# [vector_of_valid_scans] 
# The aperture of the sensor is in radians, the maximum range 
# and measurements are in meters. '1' means a valid scan, '0' otherwise.
4.1847
5.6
682
1.206 1.206 1.207 1.219 1.227 1.231 1.231 1.232 1.232 1.232 1.234 1.233 1.233 1.233 1.233 1.233 1.232 1.232 1.234 1.239 1.245 1.251 1.251 1.251 1.235 1.234 1.233 1.233 1.233 1.233 1.237 1.237 1.237 1.237 1.237 1.239 1.239 1.24 1.24 1.24 1.245 1.245 1.245 1.246 1.246 1.247 1.251 1.254 1.256 1.254 1.256 1.26 1.26 1.26 1.26 1.26 1.271 1.274 1.274 1.279 1.28 1.287 1.292 1.292 1.293 1.293 1.297 1.297 1.297 1.302 1.317 1.638 1.736 1.748 1.752 1.766 1.766 1.766 1.737 1.649 1.649 1.649 1.804 1.809 1.817 1.817 1.82 1.824 1.836 1.842 1.846 1.856 1.864 1.877 1.879 1.881 1.888 1.915 2.096 2.262 2.377 2.427 2.435 2.44 2.45 2.466 2.486 2.486 2.486 2.483 2.458 2.432 2.419 2.389 2.367 2.349 2.332 2.315 2.301 2.274 2.262 2.245 2.229 2.219 2.198 2.176 2.157 2.139 2.123 2.108 1.999 1.591 1.568 1.568 1.568 1.575 1.597 1.985 1.985 1.985 1.335 1.321 1.316 1.306 1.296 1.29 1.283 1.275 1.261 1.258 1.25 1.25 1.241 1.227 1.225 1.212 1.212 1.205 1.205 1.19 1.19 1.185 1.172 1.168 1.168 1.165 1.161 1.147 1.139 1.138 1.133 1.127 1.124 1.124 1.119 1.112 1.112 1.107 1.099 1.089 1.089 1.089 1.09 1.095 1.111 1.13 1.138 1.149 1.161 1.18 1.196 1.206 1.227 1.235 1.256 1.27 1.285 1.31 1.328 1.343 1.367 1.383 1.4 1.43 1.453 1.474 1.48 1.48 1.474 1.473 1.468 1.464 1.463 1.461 1.457 1.449 1.446 1.446 1.446 1.428 1.427 1.426 1.426 1.418 1.074 1.014 1.01 0.979 0.974 0.964 0.958 0.952 0.937 0.935 0.932 0.93 0.92 0.915 0.914 0.913 0.909 0.907 0.903 0.902 0.898 0.892 0.892 0.886 0.886 0.893 0.895 0.893 0.893 0.893 0.891 0.891 0.891 0.896 0.897 0.903 0.906 0.906 0.906 0.907 0.906 0.902 0.906 0.907 0.912 0.916 0.918 0.921 0.935 0.939 0.951 0.959 0.962 0.971 0.99 0.996 1.007 1.031 1.04 1.36 1.372 1.373 1.377 1.377 1.377 1.378 1.378 1.382 1.383 1.383 1.383 1.386 1.386 1.389 1.391 1.392 1.392 1.392 1.392 1.392 1.392 1.392 1.393 1.401 1.401 1.405 1.406 1.412 1.414 1.415 0 0 0 0.007 0 5.055 4.171 4.077 4.077 4.077 4.082 4.083 4.084 4.096 4.115 4.126 4.133 4.148 4.159 4.167 4.179 4.192 4.199 4.219 4.23 4.236 4.243 4.261 4.268 4.274 4.301 4.31 4.323 4.343 4.352 4.377 4.385 4.401 4.421 4.436 4.449 4.459 4.473 4.5 4.5 4.5 2.204 2.139 2.092 2.058 2.021 1.997 1.941 1.92 1.886 1.855 1.826 1.799 1.757 1.735 1.714 1.689 1.669 1.639 1.625 1.595 1.581 1.556 1.531 1.517 1.496 1.496 1.496 1.499 1.838 1.886 1.886 1.886 1.87 1.861 1.845 1.838 1.827 1.822 1.809 1.794 1.782 1.774 1.762 1.75 1.744 1.731 1.72 1.711 1.701 1.691 1.686 1.671 1.665 1.663 1.653 1.644 1.635 1.623 1.617 1.613 1.604 1.602 1.596 1.59 1.568 1.566 1.564 1.561 1.546 1.544 1.534 1.523 1.519 1.518 1.515 1.504 1.503 1.499 1.494 1.487 1.483 1.475 1.472 1.464 1.461 1.453 1.446 1.443 1.438 1.438 1.433 1.431 1.423 1.419 1.412 1.408 1.404 1.401 1.4 1.397 1.388 1.385 1.38 1.379 1.376 1.375 1.367 1.366 1.365 1.366 1.367 0 0 0 0 0 0.799 0.799 0.007 0 0 0 1.328 1.32 1.32 1.316 1.316 1.311 1.311 1.311 1.311 0 0 0 0 0 0 1.302 1.299 1.298 1.298 1.29 1.287 1.287 1.287 1.285 1.282 1.279 1.279 1.275 1.275 1.277 1.277 1.274 0.816 0.79 0.79 0.781 0.763 0.686 0.672 0.669 0.662 0.652 0.65 0.648 0.646 0.64 0.64 0.638 0.638 0.638 0.638 0.633 0.628 0.627 0.627 0.627 0.627 0.623 0.623 0.623 0.623 0.621 0.625 0.622 0.622 0.625 0.625 0.629 0.63 0.63 0.625 0.631 0.634 0.634 0.637 0.637 0.645 0.645 0.646 0.646 0.646 0.646 0.648 0.651 0.663 0.664 0.671 0.673 0.674 0.685 0.698 0.715 0.93 1.339 1.341 1.348 1.348 1.349 1.353 1.353 1.354 1.365 1.365 1.352 1.319 1.079 1 0.984 0.984 0.962 0.956 0.956 0.781 0.781 0.007 0.733 0.69 0.684 0.684 0.684 0.727 0.727 0.727 0.697 0.697 0.697 0.702 0.703 0.728 0 0 0 0 0 0 0 0 0.559 0.551 0.549 0.549 0.543 0.543 0.543 0.531 0.52 0.52 0.52 0.53 0.53 0.53 0.53 0.519 0.519 0.526 0.531 0.532 0.539 0 0 0 0.007 0 0 0 1.763 1.763 1.763 1.778 1.778 1.792 1.811 1.813 1.828 1.858 1.864 1.872 1.872 1.894 1.906 0 0 0 0.007 0 0 0 1.139 1.139 1.139 1.168 2.084 0.007 0 0.007 0 0 0 0 2.243 
1 1 1 1 1 1 1 1 1 1 1 1 1 1 1 1 1 1 1 1 1 1 1 1 1 1 1 1 1 1 1 1 1 1 1 1 1 1 1 1 1 1 1 1 1 1 1 1 1 1 1 1 1 1 1 1 1 1 1 1 1 1 1 1 1 1 1 1 1 1 1 1 1 1 1 1 1 1 1 1 1 1 1 1 1 1 1 1 1 1 1 1 1 1 1 1 1 1 1 1 1 1 1 1 1 1 1 1 1 1 1 1 1 1 1 1 1 1 1 1 1 1 1 1 1 1 1 1 1 1 1 1 1 1 1 1 1 1 1 1 1 1 1 1 1 1 1 1 1 1 1 1 1 1 1 1 1 1 1 1 1 1 1 1 1 1 1 1 1 1 1 1 1 1 1 1 1 1 1 1 1 1 1 1 1 1 1 1 1 1 1 1 1 1 1 1 1 1 1 1 1 1 1 1 1 1 1 1 1 1 1 1 1 1 1 1 1 1 1 1 1 1 1 1 1 1 1 1 1 1 1 1 1 1 1 1 1 1 1 1 1 1 1 1 1 1 1 1 1 1 1 1 1 1 1 1 1 1 1 1 1 1 1 1 1 1 1 1 1 1 1 1 1 1 1 1 1 1 1 1 1 1 1 1 1 1 1 1 1 1 1 1 1 1 1 1 1 1 1 1 1 1 1 1 1 1 1 1 1 1 1 1 1 1 0 0 0 0 0 1 1 1 1 1 1 1 1 1 1 1 1 1 1 1 1 1 1 1 1 1 1 1 1 1 1 1 1 1 1 1 1 1 1 1 1 1 1 1 1 1 1 1 1 1 1 1 1 1 1 1 1 1 1 1 1 1 1 1 1 1 1 1 1 1 1 1 1 1 1 1 1 1 1 1 1 1 1 1 1 1 1 1 1 1 1 1 1 1 1 1 1 1 1 1 1 1 1 1 1 1 1 1 1 1 1 1 1 1 1 1 1 1 1 1 1 1 1 1 1 1 1 1 1 1 1 1 1 1 1 1 1 1 1 1 1 1 1 1 1 1 1 1 1 1 1 1 1 1 1 1 1 0 0 0 0 0 1 1 0 0 0 0 1 1 1 1 1 1 1 1 1 0 0 0 0 0 0 1 1 1 1 1 1 1 1 1 1 1 1 1 1 1 1 1 1 1 1 1 1 1 1 1 1 1 1 1 1 1 1 1 1 1 1 1 1 1 1 1 1 1 1 1 1 1 1 1 1 1 1 1 1 1 1 1 1 1 1 1 1 1 1 1 1 1 1 1 1 1 1 1 1 1 1 1 1 1 1 1 1 1 1 1 1 1 1 1 1 1 1 1 1 1 1 1 1 1 0 1 1 1 1 1 1 1 1 1 1 1 1 1 1 0 0 0 0 0 0 0 0 1 1 1 1 1 1 1 1 1 1 1 1 1 1 1 1 1 1 1 1 1 0 0 0 0 0 0 0 1 1 1 1 1 1 1 1 1 1 1 1 1 1 1 0 0 0 0 0 0 0 1 1 1 1 1 0 0 0 0 0 0 0 1 
