# This file contains a 2D laser scan observation. 
# Its format is: 
# [aperture] [max_range] [number_of_scans] 
# [vector_of_scans] 
# [vector_of_valid_scans] 
# The aperture of the sensor is in radians, the maximum range 
# and measurements are in meters. '1' means a valid scan, '0' otherwise.
4.1847
5.6
682
1.708 1.708 1.708 1.708 1.707 1.71 1.71 1.71 1.704 1.699 1.692 1.691 1.685 1.68 1.68 1.685 1.689 1.689 1.689 1.68 1.68 1.68 1.682 1.686 1.689 1.693 1.693 1.693 1.69 1.676 1.676 1.676 1.698 1.714 1.716 1.714 1.713 1.713 1.712 1.71 1.509 1.444 1.356 1.279 1.217 1.128 1.072 1.072 1.072 1.072 1.072 0.621 0.611 0.59 0.587 0.582 0.574 0.561 0.558 0.554 0.547 0.544 0.544 0.531 0.52 0.52 0.52 0.515 0.519 0.515 0.515 0.513 0.513 0.511 0.505 0.497 0.492 0.491 0.491 0.491 0.487 0.493 0.493 0.489 0.488 0.489 0.489 0.489 0.489 0.489 0.486 0.486 0.485 0.485 0.483 0.483 0.479 0.478 0.478 0.478 0.477 0.478 0.479 0.481 0.483 0.483 0.487 0.491 0.491 0.491 0.491 0.485 0.485 0.486 0.483 0.483 0.486 0.486 0.486 0.487 0.498 0.498 0.498 0.501 0.501 0.501 0.501 0.5 0.5 0.502 0.512 0.516 0.516 0.519 0.526 0.527 0.531 0.533 0.536 0.536 0.552 0.561 0.567 0.567 0.572 0.596 0.611 0.696 0.821 0.821 0.821 0.809 0.805 0.802 0.792 0.789 0.786 0.783 0.776 0.767 0.766 0.758 0.755 0.752 0.75 0.745 0.745 0.737 0.737 0.731 0.728 0.722 0.721 0.714 0.713 0.712 0.708 0.707 0.702 0.7 0.694 0.686 0.682 0.679 0.677 0.677 0.676 0.676 0.669 0.664 0.66 0.655 0.655 0.654 0.654 0.652 0.651 0.651 0.648 0.647 0.64 0.64 0.64 0.64 0.64 0.64 0.634 0.631 0.629 0.624 0.623 0.623 0.621 0.62 0.618 0.616 0.615 0.608 0.608 0.608 0.608 0.608 0.606 0.604 0.601 0.601 0.598 0.597 0.597 0.595 0.595 0.595 0.595 0.595 0.595 0.593 0.588 0.586 0.586 0.586 0.584 0.584 0.584 0.581 0.581 0.584 0.611 0.62 0.64 0.675 0.691 0.719 0.752 0.773 0.8 0.84 0.885 0.926 0.976 1.01 1.016 1.016 1.01 1.008 1.007 1.006 1.006 1.006 1.002 1.002 1.002 1.015 1.02 1.052 3.07 3.07 3.07 3.062 3.055 3.055 3.055 3.077 4.925 4.925 4.925 4.925 4.927 4.927 4.928 5.116 5.12 5.122 5.124 5.128 5.134 0 0 0 0 0 0 5.164 5.164 5.164 0 0 0 0 0.007 0 0 0 0 0 4.234 4.171 4.169 3.353 3.221 3.167 3.159 3.159 3.159 3.191 3.192 3.196 3.196 3.206 3.216 3.221 3.229 3.23 3.245 3.249 3.255 3.267 3.271 3.28 3.286 3.291 3.299 3.306 3.319 3.324 3.334 3.336 3.347 3.354 3.375 3.399 3.401 3.407 3.407 3.418 3.427 3.434 3.452 3.456 3.469 3.482 3.495 3.498 3.51 3.527 3.539 3.548 3.548 3.548 1.29 1.275 1.199 1.183 1.158 1.137 1.122 1.091 1.071 1.063 1.042 1.019 1.004 0.977 0.963 0.955 0.94 0.925 0.911 0.907 0.879 0.875 0.866 0.847 0.847 0.835 0.815 0.808 0.797 0.792 0.779 0.767 0.756 0.755 0.739 0.736 0.726 0.719 0.712 0.705 0.694 0.69 0.679 0.673 0.668 0.659 0.65 0.645 0.642 0.64 0.632 0.623 0.619 0.619 0.607 0.604 0.599 0.599 0.588 0.582 0.58 0.57 0.569 0.569 0.566 0.566 0.566 0.57 0.571 0.575 0.58 0.589 0.907 0.911 0.911 0.91 0.907 0.901 0.892 0.892 0.888 0.887 0.885 0.881 0.876 0.875 0.867 0.867 0.866 0.862 0.861 0.854 0.852 0.852 0.848 0.845 0.843 0.841 0.839 0.835 0.832 0.83 0.83 0.829 0.829 0.829 0.825 0.817 0.816 0.815 0.813 0.811 0.811 0.808 0.809 0.811 0.809 0.802 0.804 0.802 0.799 0.797 0.796 0.794 0.793 0.793 0.79 0.786 0.786 0.786 0.784 0.781 0.778 0.779 0.778 0.778 0.778 0.778 0.774 0.774 0.774 0.774 0.773 0.773 0.773 0.773 0.771 0.771 0.77 0.77 0.771 0.769 0.766 0.769 0.769 0.766 0.766 0.769 0.765 0.765 0.766 0.768 0.766 0.766 0.766 0.763 0.763 0.763 0.762 0.762 0.762 0.762 0.761 0.768 0.769 0.768 0.768 0.77 0.77 0.759 0.764 0.764 0.764 0.771 0.772 0.772 0.774 0.774 0.771 0.771 0.771 0.771 0.771 0.775 0.775 0.775 0.775 0.779 0.779 0.779 0.779 0.776 0.775 0.776 0.776 0.78 0.784 0.786 0.786 0.79 0.793 0.794 0.794 0.799 0.799 0.799 0.8 0.802 0.802 0.804 0.806 0.807 0.807 0.811 0.816 0.82 0.82 0.82 0.821 0.824 0.826 0.826 0.828 0.831 0.833 0.833 0.835 0.841 0.841 0.841 0.845 0.851 0.853 0.856 0.856 0.858 0.863 0.871 0.875 0.876 0.876 0.875 0.873 0.873 0.873 0.892 0.894 0.902 0.91 0.91 0.911 0.912 0.915 0.921 0.925 0.929 0.93 0.932 0.939 0.942 0.948 0.953 0.955 0.955 0.966 0.979 0 0 0 0 0 0 0 0 0 0 1.04 1.04 1.04 1.047 1.049 1.063 1.065 1.071 1.079 1.09 1.101 1.103 1.105 1.108 1.127 1.131 1.136 1.142 1.154 1.159 1.161 1.177 1.19 1.205 1.208 1.22 1.224 1.237 
1 1 1 1 1 1 1 1 1 1 1 1 1 1 1 1 1 1 1 1 1 1 1 1 1 1 1 1 1 1 1 1 1 1 1 1 1 1 1 1 1 1 1 1 1 1 1 1 1 1 1 1 1 1 1 1 1 1 1 1 1 1 1 1 1 1 1 1 1 1 1 1 1 1 1 1 1 1 1 1 1 1 1 1 1 1 1 1 1 1 1 1 1 1 1 1 1 1 1 1 1 1 1 1 1 1 1 1 1 1 1 1 1 1 1 1 1 1 1 1 1 1 1 1 1 1 1 1 1 1 1 1 1 1 1 1 1 1 1 1 1 1 1 1 1 1 1 1 1 1 1 1 1 1 1 1 1 1 1 1 1 1 1 1 1 1 1 1 1 1 1 1 1 1 1 1 1 1 1 1 1 1 1 1 1 1 1 1 1 1 1 1 1 1 1 1 1 1 1 1 1 1 1 1 1 1 1 1 1 1 1 1 1 1 1 1 1 1 1 1 1 1 1 1 1 1 1 1 1 1 1 1 1 1 1 1 1 1 1 1 1 1 1 1 1 1 1 1 1 1 1 1 1 1 1 1 1 1 1 1 1 1 1 1 1 1 1 1 1 1 1 1 1 1 1 1 1 1 1 1 1 1 1 1 1 1 1 1 1 1 1 1 1 1 1 0 0 0 0 0 0 1 1 1 0 0 0 0 0 0 0 0 0 0 1 1 1 1 1 1 1 1 1 1 1 1 1 1 1 1 1 1 1 1 1 1 1 1 1 1 1 1 1 1 1 1 1 1 1 1 1 1 1 1 1 1 1 1 1 1 1 1 1 1 1 1 1 1 1 1 1 1 1 1 1 1 1 1 1 1 1 1 1 1 1 1 1 1 1 1 1 1 1 1 1 1 1 1 1 1 1 1 1 1 1 1 1 1 1 1 1 1 1 1 1 1 1 1 1 1 1 1 1 1 1 1 1 1 1 1 1 1 1 1 1 1 1 1 1 1 1 1 1 1 1 1 1 1 1 1 1 1 1 1 1 1 1 1 1 1 1 1 1 1 1 1 1 1 1 1 1 1 1 1 1 1 1 1 1 1 1 1 1 1 1 1 1 1 1 1 1 1 1 1 1 1 1 1 1 1 1 1 1 1 1 1 1 1 1 1 1 1 1 1 1 1 1 1 1 1 1 1 1 1 1 1 1 1 1 1 1 1 1 1 1 1 1 1 1 1 1 1 1 1 1 1 1 1 1 1 1 1 1 1 1 1 1 1 1 1 1 1 1 1 1 1 1 1 1 1 1 1 1 1 1 1 1 1 1 1 1 1 1 1 1 1 1 1 1 1 1 1 1 1 1 1 1 1 1 1 1 1 1 1 1 1 1 1 1 1 1 1 1 1 1 1 1 1 1 1 1 1 1 1 1 1 1 1 1 1 1 1 1 1 1 1 1 1 1 1 1 1 1 1 0 0 0 0 0 0 0 0 0 0 1 1 1 1 1 1 1 1 1 1 1 1 1 1 1 1 1 1 1 1 1 1 1 1 1 1 1 1 
