# This file contains a 2D laser scan observation. 
# Its format is: 
# [aperture] [max_range] [number_of_scans] 
# [vector_of_scans] 
# [vector_of_valid_scans] 
# The aperture of the sensor is in radians, the maximum range 
# and measurements are in meters. '1' means a valid scan, '0' otherwise.
4.1847
5.6
682
0.917 0.919 0.919 0.92 0.92 0.923 0.92 0.92 0.928 0.931 0.931 0.931 0.927 0.927 0.927 0.927 0.93 0.934 0.937 0.938 0.937 0.941 0.94 0.94 0.94 0.941 0.941 0.946 0.948 0.948 0.95 0.952 0.959 0.959 0.959 0.959 0.956 0.956 0.956 0.972 0.973 0.973 0.979 0.979 0.98 0.98 0.979 0.98 0.979 0.979 0.98 0.987 0.995 0.997 1.597 1.597 1.597 1.597 1.597 1.599 1.602 1.612 1.624 1.632 1.636 1.638 1.649 1.649 1.653 1.663 1.678 1.678 1.681 1.681 1.681 1.67 1.382 1.234 1.151 1.103 1.103 1.103 1.106 1.118 1.119 1.125 1.126 1.127 1.13 1.133 1.623 1.623 1.623 1.541 1.536 1.509 1.495 1.488 1.475 1.475 1.46 1.46 1.493 0 0 0 0 0 0 0 0 0 0 0 0 0 2.123 2.123 2.123 2.141 2.162 2.175 2.192 2.198 2.213 2.232 2.246 2.268 2.275 2.298 2.312 2.333 2.345 2.366 2.384 2.384 2.384 1.638 1.624 1.613 1.603 1.596 1.586 1.575 1.549 1.549 1.549 1.556 1.565 1.592 2.715 2.715 2.715 2.706 2.685 2.679 2.679 2.679 2.699 2.74 2.767 2.768 2.768 2.768 2.76 2.75 2.748 2.741 2.732 2.728 2.714 2.709 2.704 2.691 2.682 2.676 2.673 2.671 2.663 2.658 2.652 2.643 2.642 2.635 2.632 2.622 2.611 2.609 2.599 2.596 2.596 2.585 2.585 2.584 2.573 2.572 2.567 2.565 2.552 2.551 2.542 2.54 2.533 2.531 2.521 2.521 2.521 2.523 2.523 2.551 2.731 3.369 3.516 3.631 3.673 3.673 3.674 3.673 3.673 3.674 3.784 4.027 4.124 4.124 4.124 4.124 4.118 4.115 4.113 4.113 4.115 4.117 4.117 4.117 4.117 1.745 1.649 1.578 1.578 1.574 1.578 1.578 1.578 1.578 1.578 1.578 1.577 1.578 1.58 1.58 1.58 1.58 1.58 1.582 1.581 1.586 1.586 1.586 1.592 1.595 1.592 1.592 1.595 1.595 1.599 1.602 1.602 1.605 1.605 1.605 1.606 1.615 1.615 1.615 1.616 1.621 1.623 1.623 1.624 1.625 1.632 1.633 1.635 1.64 1.646 1.648 1.648 1.653 1.656 1.662 1.665 1.666 1.668 1.669 1.676 1.676 1.676 1.681 1.682 1.691 1.695 1.702 1.703 1.71 1.715 1.717 1.733 1.733 1.744 1.745 1.745 1.747 1.756 1.761 1.766 1.772 1.775 1.789 1.79 1.791 1.806 1.814 1.82 1.823 1.824 1.834 1.844 1.852 1.859 1.863 1.867 1.879 1.885 1.898 1.899 1.903 1.914 1.914 1.927 1.939 1.943 1.948 1.968 1.969 1.985 1.989 1.993 2.013 2.014 2.021 2.029 2.047 2.061 2.074 2.077 2.086 2.096 2.11 2.126 2.132 2.153 2.155 2.177 2.182 2.188 2.209 2.209 2.209 2.216 1.355 1.343 1.343 1.357 1.345 1.357 1.357 1.357 3.603 3.603 3.587 3.561 3.561 3.554 3.537 3.537 3.521 3.502 2.361 2.355 2.347 2.347 2.335 2.32 1.643 1.64 1.64 1.64 1.65 1.673 2.214 2.214 2.214 2.21 2.199 2.195 2.187 2.173 2.169 2.162 2.156 2.149 2.139 2.138 2.13 2.127 2.12 2.114 2.111 2.098 2.095 2.092 2.081 2.075 2.074 2.071 2.061 2.058 2.054 2.048 2.047 2.042 2.034 2.028 2.019 2.016 2.016 2.013 2.012 2.007 2.005 2.001 1.999 1.994 1.991 1.988 1.986 1.98 1.97 1.97 1.969 1.967 1.957 1.955 1.954 1.953 1.941 1.941 1.94 1.938 1.936 1.933 1.933 1.93 1.928 1.923 1.923 1.919 1.913 1.912 1.911 1.911 1.911 1.911 1.904 1.904 1.906 1.905 1.905 1.905 1.896 1.895 1.884 0.985 0.975 0.974 0.969 0.969 0.969 0.969 1.435 1.877 1.891 1.885 1.886 1.889 1.889 1.889 1.89 1.892 1.894 1.895 1.894 1.895 1.895 1.897 1.897 1.899 1.899 1.9 1.901 1.905 1.908 1.912 1.913 1.918 1.919 1.921 1.921 1.918 1.921 1.921 1.923 1.931 1.932 1.932 1.939 1.944 1.947 1.959 2.821 2.821 2.826 2.826 2.831 2.837 2.839 2.841 2.846 2.856 2.861 2.862 2.863 2.863 2.863 2.877 0.015 2.217 2.217 1.873 1.873 1.873 2.926 2.942 2.946 2.946 2.951 2.955 2.969 2.972 2.985 2.99 2.998 3.01 3.014 3.033 3.037 3.045 3.053 0 0 0 0 0.007 2.323 2.299 2.243 2.191 2.131 2.131 2.065 2.029 1.982 1.982 1.982 3.227 3.244 3.249 3.249 3.244 2.457 2.457 2.457 2.498 2.501 2.501 2.498 1.997 1.989 1.989 1.989 2.067 2.102 2.117 2.117 2.133 2.208 2.288 2.389 3.671 3.671 3.671 2.341 2.341 2.341 3.616 3.616 3.616 3.59 3.562 3.548 3.518 3.493 3.469 3.444 3.444 3.429 3.409 1.842 1.842 1.842 3.291 0.007 0 0.007 0 0.007 3.216 3.216 3.131 3.056 3.056 3.056 2.971 2.95 2.936 2.934 2.92 2.916 2.891 2.883 2.869 2.859 2.846 2.839 2.828 2.823 2.812 2.806 2.79 2.786 2.785 2.769 2.761 2.757 2.75 2.739 2.727 2.726 2.711 2.708 2.702 2.698 2.692 2.692 2.679 2.669 2.669 2.679 2.718 2.732 2.813 2.813 
1 1 1 1 1 1 1 1 1 1 1 1 1 1 1 1 1 1 1 1 1 1 1 1 1 1 1 1 1 1 1 1 1 1 1 1 1 1 1 1 1 1 1 1 1 1 1 1 1 1 1 1 1 1 1 1 1 1 1 1 1 1 1 1 1 1 1 1 1 1 1 1 1 1 1 1 1 1 1 1 1 1 1 1 1 1 1 1 1 1 1 1 1 1 1 1 1 1 1 1 1 1 1 0 0 0 0 0 0 0 0 0 0 0 0 0 1 1 1 1 1 1 1 1 1 1 1 1 1 1 1 1 1 1 1 1 1 1 1 1 1 1 1 1 1 1 1 1 1 1 1 1 1 1 1 1 1 1 1 1 1 1 1 1 1 1 1 1 1 1 1 1 1 1 1 1 1 1 1 1 1 1 1 1 1 1 1 1 1 1 1 1 1 1 1 1 1 1 1 1 1 1 1 1 1 1 1 1 1 1 1 1 1 1 1 1 1 1 1 1 1 1 1 1 1 1 1 1 1 1 1 1 1 1 1 1 1 1 1 1 1 1 1 1 1 1 1 1 1 1 1 1 1 1 1 1 1 1 1 1 1 1 1 1 1 1 1 1 1 1 1 1 1 1 1 1 1 1 1 1 1 1 1 1 1 1 1 1 1 1 1 1 1 1 1 1 1 1 1 1 1 1 1 1 1 1 1 1 1 1 1 1 1 1 1 1 1 1 1 1 1 1 1 1 1 1 1 1 1 1 1 1 1 1 1 1 1 1 1 1 1 1 1 1 1 1 1 1 1 1 1 1 1 1 1 1 1 1 1 1 1 1 1 1 1 1 1 1 1 1 1 1 1 1 1 1 1 1 1 1 1 1 1 1 1 1 1 1 1 1 1 1 1 1 1 1 1 1 1 1 1 1 1 1 1 1 1 1 1 1 1 1 1 1 1 1 1 1 1 1 1 1 1 1 1 1 1 1 1 1 1 1 1 1 1 1 1 1 1 1 1 1 1 1 1 1 1 1 1 1 1 1 1 1 1 1 1 1 1 1 1 1 1 1 1 1 1 1 1 1 1 1 1 1 1 1 1 1 1 1 1 1 1 1 1 1 1 1 1 1 1 1 1 1 1 1 1 1 1 1 1 1 1 1 1 1 1 1 1 1 1 1 1 1 1 1 1 1 1 1 1 1 1 1 1 1 1 1 1 1 1 1 1 1 1 1 1 1 1 1 1 1 1 1 1 0 1 1 1 1 1 1 1 1 1 1 1 1 1 1 1 1 1 1 1 1 1 1 0 0 0 0 0 1 1 1 1 1 1 1 1 1 1 1 1 1 1 1 1 1 1 1 1 1 1 1 1 1 1 1 1 1 1 1 1 1 1 1 1 1 1 1 1 1 1 1 1 1 1 1 1 1 1 1 1 1 1 1 1 1 1 0 0 0 0 0 1 1 1 1 1 1 1 1 1 1 1 1 1 1 1 1 1 1 1 1 1 1 1 1 1 1 1 1 1 1 1 1 1 1 1 1 1 1 1 1 1 1 1 1 1 1 
