# This file contains a 2D laser scan observation. 
# Its format is: 
# [aperture] [max_range] [number_of_scans] 
# [vector_of_scans] 
# [vector_of_valid_scans] 
# The aperture of the sensor is in radians, the maximum range 
# and measurements are in meters. '1' means a valid scan, '0' otherwise.
4.1847
5.6
682
0.377 0.377 0.377 0.373 0.371 0.371 0.371 0.371 0.371 0.37 0.369 0.367 0.367 0.353 0.352 0.352 0.35 0.35 0.35 0.351 0.35 0.348 0.344 0.344 0.344 0.342 0.337 0.341 0.338 0.336 0.334 0.334 0.334 0.334 0.328 0.329 0.328 0.328 0.328 0.329 0.326 0.329 0.325 0.322 0.322 0.322 0.319 0.318 0.318 0.317 0.317 0.317 0.317 0.317 0.318 0.316 0.316 0.316 0.316 0.315 0.313 0.308 0.308 0.309 0.309 0.308 0.308 0.306 0.305 0.303 0.305 0.303 0.303 0.303 0.303 0.299 0.297 0.295 0.297 0.297 0.302 0.302 0.303 0.303 0.303 0.304 0.304 0.304 0.304 0.305 0.305 0.305 0.304 0.302 0.299 0.299 0.299 0.299 0.299 0.3 0.302 0.302 0.302 0.3 0.3 0.3 0.302 0.306 0.306 0.306 0.305 0.303 0.303 0.303 0.3 0.3 0.3 0.299 0.3 0.302 0.3 0.302 0.302 0.302 0.3 0.295 0.295 0.303 0.303 0.304 0.305 0.305 0.305 0.305 0.305 0.305 0.309 0.311 0.311 0.311 0.311 0.316 0.316 0.316 0.314 0.316 0.315 0.316 0.316 0.32 0.321 0.321 0.323 0.323 0.323 0.32 0.321 0.321 0.321 0.326 0.326 0.331 0.331 0.331 0.332 0.332 0.337 0.337 0.336 0.336 0.336 0.336 0.339 0.339 0.342 0.346 0.343 0.343 0.343 0.343 0.343 0.349 0.353 0.354 0.354 0.354 0.357 0.359 0.36 0.363 0.403 0.41 0.411 0.411 0.413 0.416 0.416 0.416 0.412 0.408 0.408 0.408 0.408 0.408 0.408 0.41 0.41 0.411 0.41 0.411 0.411 0.413 0.418 0.418 0.42 0.423 0.423 0.42 0.42 0.424 0.424 0.429 0.435 0 0 0 0 0 0 0 0 0 0 0 0 3.386 3.386 3.386 0 0 0 0 0 0 0 0 3.138 3.101 3.083 3.062 3.032 3 2.965 2.953 2.928 2.909 2.888 2.862 2.84 2.828 2.808 2.808 2.783 2.764 2.764 0.015 1.61 1.61 1.587 1.572 1.555 1.552 1.551 1.551 1.552 1.565 1.571 1.578 1.591 1.614 1.636 1.641 1.651 1.662 1.675 1.692 1.705 1.717 1.726 1.747 1.756 1.76 1.787 1.798 1.809 1.824 1.843 1.86 1.87 1.892 1.911 1.929 1.949 1.954 1.97 1.989 2.007 2.02 2.05 2.066 2.081 2.102 2.107 2.147 2.17 2.207 2.228 2.249 2.276 2.305 2.321 2.353 2.381 2.414 2.435 2.473 2.495 2.533 2.561 2.589 2.626 2.66 2.702 2.729 2.78 3 3.058 3.098 3.098 3.098 3.186 3.273 3.329 3.395 3.395 3.451 3.506 3.567 3.577 3.758 3.758 3.835 3.915 3.915 3.996 4.075 4.185 4.312 4.404 4.508 4.747 0.007 0 0 0 0 0 0 0.006 0.006 0.006 0 0 0 0 0 0 0 0 0 0 0 0 0 0 0 0 2.091 2.088 2.085 2.085 2.085 2.085 2.085 2.085 2.085 2.081 2.081 2.081 2.082 2.084 2.085 2.086 2.087 2.088 2.089 2.091 2.093 2.095 2.095 2.097 2.102 2.102 2.097 2.097 2.097 2.097 2.1 2.101 2.108 2.111 2.117 2.117 2.117 2.115 2.115 2.115 2.12 2.121 2.123 2.126 2.129 2.131 2.131 2.143 2.144 2.144 2.148 2.149 2.154 2.155 2.158 2.166 2.167 2.168 2.173 2.174 2.181 2.185 2.189 2.192 2.201 2.203 2.204 2.209 2.211 2.222 2.225 2.235 2.238 2.238 2.238 2.227 2.196 2.178 2.176 2.176 2.176 2.182 2.187 2.201 2.213 2.315 2.317 2.325 2.329 2.336 2.345 2.349 2.36 2.366 2.376 2.394 2.395 2.402 2.413 2.423 2.426 2.432 2.44 2.455 2.46 2.474 2.489 2.493 2.493 2.489 1.526 1.5 1.492 1.483 1.471 1.463 1.453 1.451 1.432 1.429 1.405 1.381 1.373 1.359 1.35 1.348 1.344 1.344 1.344 1.345 1.349 1.359 1.37 1.387 1.399 1.399 1.399 1.396 1.386 1.386 1.386 1.388 1.388 1.395 1.395 1.388 0.275 0.27 0.266 0.266 0.266 0.263 0.266 0.266 0.263 0.259 0.257 0.255 0.254 0.254 0.249 0.246 0.246 0.245 0.242 0.239 0.239 0.239 0.239 0.239 0.238 0.237 0.238 0.239 0.239 0.242 0.242 0.242 0.238 0.238 0.238 0.238 0.238 0.238 0.231 0.231 0.231 0.231 0.231 0.231 0.231 0.23 0.23 0.226 0.222 0.222 0.226 0.226 0.237 0.237 0.237 0.236 0.233 0.233 0.236 0.237 0.237 0.244 0.245 0.247 0.253 0.263 0.265 0.265 0.267 0.28 0.286 0.291 0.315 0.349 0.354 0.369 0.373 0.393 0.395 0.409 0.418 0.432 0.447 0.447 0.45 0.479 0.515 0.538 0.673 0.733 0.806 0.88 0.892 0.892 0.892 1.035 1.104 1.14 1.14 1.122 1.106 1.106 1.106 1.122 1.158 1.179 1.242 1.27 1.294 1.303 1.303 1.302 1.294 1.285 1.285 1.284 1.266 1.276 1.276 1.276 1.292 1.303 1.307 1.307 1.307 1.304 1.298 1.294 1.292 1.292 1.292 1.314 1.315 1.315 1.318 1.315 1.315 1.319 1.319 1.319 1.32 1.32 1.322 1.322 1.326 1.326 1.327 1.328 1.328 
1 1 1 1 1 1 1 1 1 1 1 1 1 1 1 1 1 1 1 1 1 1 1 1 1 1 1 1 1 1 1 1 1 1 1 1 1 1 1 1 1 1 1 1 1 1 1 1 1 1 1 1 1 1 1 1 1 1 1 1 1 1 1 1 1 1 1 1 1 1 1 1 1 1 1 1 1 1 1 1 1 1 1 1 1 1 1 1 1 1 1 1 1 1 1 1 1 1 1 1 1 1 1 1 1 1 1 1 1 1 1 1 1 1 1 1 1 1 1 1 1 1 1 1 1 1 1 1 1 1 1 1 1 1 1 1 1 1 1 1 1 1 1 1 1 1 1 1 1 1 1 1 1 1 1 1 1 1 1 1 1 1 1 1 1 1 1 1 1 1 1 1 1 1 1 1 1 1 1 1 1 1 1 1 1 1 1 1 1 1 1 1 1 1 1 1 1 1 1 1 1 1 1 1 1 1 1 1 1 1 1 1 1 1 1 1 1 1 1 1 1 1 1 0 0 0 0 0 0 0 0 0 0 0 0 1 1 1 0 0 0 0 0 0 0 0 1 1 1 1 1 1 1 1 1 1 1 1 1 1 1 1 1 1 1 0 1 1 1 1 1 1 1 1 1 1 1 1 1 1 1 1 1 1 1 1 1 1 1 1 1 1 1 1 1 1 1 1 1 1 1 1 1 1 1 1 1 1 1 1 1 1 1 1 1 1 1 1 1 1 1 1 1 1 1 1 1 1 1 1 1 1 1 1 1 1 1 1 1 1 1 1 1 1 1 1 1 1 1 1 1 1 1 1 1 1 1 1 1 1 1 0 0 0 0 0 0 0 0 0 0 0 0 0 0 0 0 0 0 0 0 0 0 0 0 0 0 1 1 1 1 1 1 1 1 1 1 1 1 1 1 1 1 1 1 1 1 1 1 1 1 1 1 1 1 1 1 1 1 1 1 1 1 1 1 1 1 1 1 1 1 1 1 1 1 1 1 1 1 1 1 1 1 1 1 1 1 1 1 1 1 1 1 1 1 1 1 1 1 1 1 1 1 1 1 1 1 1 1 1 1 1 1 1 1 1 1 1 1 1 1 1 1 1 1 1 1 1 1 1 1 1 1 1 1 1 1 1 1 1 1 1 1 1 1 1 1 1 1 1 1 1 1 1 1 1 1 1 1 1 1 1 1 1 1 1 1 1 1 1 1 1 1 1 1 1 1 1 1 1 1 1 1 1 1 1 1 1 1 1 1 1 1 1 1 1 1 1 1 1 1 1 1 1 1 1 1 1 1 1 1 1 1 1 1 1 1 1 1 1 1 1 1 1 1 1 1 1 1 1 1 1 1 1 1 1 1 1 1 1 1 1 1 1 1 1 1 1 1 1 1 1 1 1 1 1 1 1 1 1 1 1 1 1 1 1 1 1 1 1 1 1 1 1 1 1 1 1 1 1 1 1 1 1 1 1 1 1 1 1 1 1 1 1 1 1 1 1 1 1 1 1 1 1 1 1 1 1 1 1 1 1 1 1 1 1 1 1 1 1 1 1 
