# This file contains a 2D laser scan observation. 
# Its format is: 
# [aperture] [max_range] [number_of_scans] 
# [vector_of_scans] 
# [vector_of_valid_scans] 
# The aperture of the sensor is in radians, the maximum range 
# and measurements are in meters. '1' means a valid scan, '0' otherwise.
4.1847
5.6
682
0.478 0.486 0.486 0.487 0.487 0.49 0.493 0.493 0.493 0.495 0.495 0.493 0.493 0.493 0.493 0.496 0.496 0.498 0.5 0.5 0.505 0.507 0.507 0.507 0.507 0.511 0.516 0.516 0.516 0.517 0.517 0.517 0.523 0.523 0.523 0.524 0.524 0.524 0.526 0.526 0.537 0.537 0.538 0.538 0.541 0.541 0.545 0.548 0.551 0.554 0.555 0.559 0.56 0.564 0.567 0.567 0.569 0.57 0.575 0.579 0.579 0.58 0.58 0.589 0.597 0.6 0.6 0.601 0.603 0.604 0.605 0.608 0.608 0.617 0.619 0.62 0.624 0.63 0.637 0.64 0.644 0.647 0.648 0.648 0.651 0.659 0.67 0.672 0.677 0.678 0.69 0.69 0.692 0.702 0.704 0.712 0.712 0.725 0.728 0.732 0.746 0.749 0.756 0.756 0.762 0.766 0.766 0.762 0.762 0.759 0.755 0.75 0.748 0.748 0.747 0.745 0.738 0.736 0.733 0.733 0.729 0.723 0.721 0.718 0.706 0.699 0.698 0.698 0.695 0.695 0.694 0.692 0.689 0.689 0.687 0.687 0.687 0.691 0.691 0.691 0.691 0.694 0.694 0.694 0.695 0.728 0.752 0 0 0 0 0 0 2.846 2.838 2.826 2.823 2.365 2.365 2.365 2.795 2.795 2.795 2.781 2.778 2.777 2.739 2.739 2.739 2.747 2.747 2.747 2.083 2.047 2.035 2.03 2.025 2.009 2.009 2.004 2.001 2.001 2.001 2.01 2.014 2.014 2.023 2.027 2.045 2.047 2.088 2.678 2.678 2.678 2.673 2.673 2.672 2.668 2.669 2.668 2.665 2.659 2.659 2.659 2.662 2.662 2.662 2.661 2.66 2.658 2.658 2.658 2.658 2.658 2.659 2.659 2.66 2.659 2.66 2.66 2.66 2.662 2.662 2.663 2.663 2.664 2.666 0 0 0 0 0.007 0 2.68 2.68 2.68 2.677 2.677 2.68 2.688 2.691 2.699 0 0 0 0 0 2.722 2.721 2.721 2.722 2.735 2.739 2.741 2.741 2.746 2.75 2.756 2.759 2.759 2.77 2.774 2.783 0 0 0 0 0 0 0 0 0 0 0 0 0 0 0 0 0 0 0 0 0 0 0 0 0 0 0 0 0 0 0 0 0.828 0.815 0.814 0.809 0.809 0.81 0.81 0.81 0.81 0.785 0.777 0.756 0.746 0.742 0.742 0.742 0.747 0.747 0.747 0.74 0.74 0.74 0.747 0.749 0.751 0.759 0.759 0.763 0.772 0.774 0.776 0.791 0.802 0.804 0.806 0.807 0.808 0.808 0.823 0.827 0.832 0.843 0.844 0.849 0.851 0.864 0.866 0.868 0.874 0.878 0.878 0.889 0.896 0.906 0.909 0.913 0.915 0.92 0.931 0.935 0.955 0.956 0.96 0.979 0.983 0.986 0.989 1.007 1.015 1.021 1.025 1.038 1.04 1.062 1.07 1.071 1.087 1.087 1.104 1.11 1.117 1.13 1.146 1.154 1.165 1.195 0.007 0.015 1.244 1.255 1.255 1.255 1.274 1.283 1.283 1.288 1.333 1.355 1.372 1.379 1.408 1.428 1.45 1.465 1.478 1.491 1.521 1.538 1.557 1.584 1.608 1.631 1.661 1.68 1.708 1.741 1.77 1.795 1.816 1.842 1.879 1.906 1.947 1.974 2.013 2.252 2.299 2.341 2.341 2.341 2.389 2.498 2.565 2.735 2.735 2.764 2.765 2.765 2.774 2.793 2.831 2.973 3.068 3.154 3.254 3.375 3.498 3.637 3.765 4.065 4.222 4.418 4.418 4.941 4.941 4.941 4.941 4.941 0 0 0.006 0.006 0.006 0.006 0.006 0.006 0.006 0.006 0.006 0 0 0 0 0.006 0.006 0.006 0.006 0.006 0.006 0.006 0.006 0 0 0 0 0 4.846 4.846 3.752 3.51 3.51 3.267 3.057 2.704 2.696 2.696 2.696 2.696 2.694 2.02 1.941 1.879 1.808 1.755 1.704 1.651 1.6 1.552 1.512 1.47 1.447 1.446 1.444 1.446 1.446 1.447 1.448 1.453 1.46 1.461 1.462 1.462 1.468 1.472 1.474 1.474 1.474 1.483 1.485 1.49 1.49 1.496 1.5 1.503 1.509 1.513 1.514 1.521 1.524 1.524 1.524 1.536 1.543 1.547 1.55 1.552 1.564 1.566 1.568 1.579 1.579 1.581 1.583 1.595 1.6 1.601 1.602 1.616 1.622 1.627 1.627 1.632 1.648 1.65 1.65 1.665 1.67 1.673 1.677 1.684 1.695 1.699 1.703 1.721 1.726 1.726 1.74 1.743 1.744 1.754 1.761 1.781 1.784 1.794 1.804 1.805 1.82 1.83 1.833 1.843 1.851 1.865 1.869 1.888 1.888 1.904 1.917 1.917 1.917 1.912 1.909 1.901 1.882 1.881 1.876 1.876 1.876 1.892 1.913 1.941 2.035 2.082 2.098 2.109 2.122 2.143 2.158 2.166 2.192 2.203 2.221 2.233 2.265 2.274 2.297 2.309 2.326 2.347 2.366 2.385 2.399 2.423 2.45 2.463 2.495 2.515 2.537 2.561 2.582 2.616 2.631 2.652 2.687 2.707 2.742 2.776 2.805 2.825 2.853 2.89 2.963 3.081 3.126 3.153 3.179 4.86 4.86 4.86 4.841 4.827 4.807 4.807 4.781 4.775 1.465 1.452 1.448 1.436 1.435 1.435 1.435 1.434 1.435 1.434 1.434 1.433 1.419 1.415 1.415 1.413 1.409 1.401 1.401 1.387 1.387 1.384 1.384 
1 1 1 1 1 1 1 1 1 1 1 1 1 1 1 1 1 1 1 1 1 1 1 1 1 1 1 1 1 1 1 1 1 1 1 1 1 1 1 1 1 1 1 1 1 1 1 1 1 1 1 1 1 1 1 1 1 1 1 1 1 1 1 1 1 1 1 1 1 1 1 1 1 1 1 1 1 1 1 1 1 1 1 1 1 1 1 1 1 1 1 1 1 1 1 1 1 1 1 1 1 1 1 1 1 1 1 1 1 1 1 1 1 1 1 1 1 1 1 1 1 1 1 1 1 1 1 1 1 1 1 1 1 1 1 1 1 1 1 1 1 1 1 1 1 1 1 0 0 0 0 0 0 1 1 1 1 1 1 1 1 1 1 1 1 1 1 1 1 1 1 1 1 1 1 1 1 1 1 1 1 1 1 1 1 1 1 1 1 1 1 1 1 1 1 1 1 1 1 1 1 1 1 1 1 1 1 1 1 1 1 1 1 1 1 1 1 1 1 1 1 1 1 1 1 1 1 0 0 0 0 0 0 1 1 1 1 1 1 1 1 1 0 0 0 0 0 1 1 1 1 1 1 1 1 1 1 1 1 1 1 1 1 0 0 0 0 0 0 0 0 0 0 0 0 0 0 0 0 0 0 0 0 0 0 0 0 0 0 0 0 0 0 0 0 1 1 1 1 1 1 1 1 1 1 1 1 1 1 1 1 1 1 1 1 1 1 1 1 1 1 1 1 1 1 1 1 1 1 1 1 1 1 1 1 1 1 1 1 1 1 1 1 1 1 1 1 1 1 1 1 1 1 1 1 1 1 1 1 1 1 1 1 1 1 1 1 1 1 1 1 1 1 1 1 1 1 1 1 1 1 0 0 1 1 1 1 1 1 1 1 1 1 1 1 1 1 1 1 1 1 1 1 1 1 1 1 1 1 1 1 1 1 1 1 1 1 1 1 1 1 1 1 1 1 1 1 1 1 1 1 1 1 1 1 1 1 1 1 1 1 1 1 1 1 1 1 1 1 1 1 1 1 0 0 0 0 0 0 0 0 0 0 0 0 0 0 0 0 0 0 0 0 0 0 0 0 0 0 0 0 1 1 1 1 1 1 1 1 1 1 1 1 1 1 1 1 1 1 1 1 1 1 1 1 1 1 1 1 1 1 1 1 1 1 1 1 1 1 1 1 1 1 1 1 1 1 1 1 1 1 1 1 1 1 1 1 1 1 1 1 1 1 1 1 1 1 1 1 1 1 1 1 1 1 1 1 1 1 1 1 1 1 1 1 1 1 1 1 1 1 1 1 1 1 1 1 1 1 1 1 1 1 1 1 1 1 1 1 1 1 1 1 1 1 1 1 1 1 1 1 1 1 1 1 1 1 1 1 1 1 1 1 1 1 1 1 1 1 1 1 1 1 1 1 1 1 1 1 1 1 1 1 1 1 1 1 1 1 1 1 1 1 1 1 1 1 1 1 1 1 1 1 1 1 1 1 1 1 1 1 1 1 1 1 1 1 1 1 1 1 1 1 1 1 1 1 1 1 1 1 1 
