# This file contains a 2D laser scan observation. 
# Its format is: 
# [aperture] [max_range] [number_of_scans] 
# [vector_of_scans] 
# [vector_of_valid_scans] 
# The aperture of the sensor is in radians, the maximum range 
# and measurements are in meters. '1' means a valid scan, '0' otherwise.
4.1847
5.6
682
0.908 0.911 0.911 0.911 0.908 0.911 0.908 0.91 0.91 0.91 0.908 0.906 0.906 0.906 0.906 0.905 0.905 0.909 0.909 0.909 0.916 0.916 0.916 0.916 0.916 0.915 0.918 0.918 0.918 0.918 0.918 0.918 0.918 0.92 0.92 0.923 0.924 0.923 0.926 0.93 0.931 0.931 0.932 0.933 0.936 0.939 0.939 0.94 0.94 0.94 0.941 0.948 0.94 0.94 0.846 0.84 0.824 0.822 0.824 0.838 0.838 0.944 0.965 0.965 0.967 0.975 0.977 0.979 0.979 0.979 0.983 0.983 0.992 0.994 0.995 0.995 0.996 1.008 1.016 1.019 1.019 1.02 1.02 1.027 1.031 1.04 1.04 1.042 1.044 1.042 1.055 1.056 1.061 1.061 1.064 1.064 1.064 0.448 0.434 0.434 0.433 0.434 0.434 0.433 0.427 0.429 0.429 0.429 0.429 0.434 1.151 1.151 1.158 1.158 1.161 1.171 1.176 1.179 1.185 1.197 1.2 1.211 1.212 1.213 1.22 1.233 1.236 1.24 1.262 1.265 1.265 1.269 1.297 1.297 1.299 1.309 1.316 1.333 1.341 1.341 1.341 1.318 0.648 0.617 0.605 0.593 0.588 0.584 0.578 0.574 0.574 0.565 0.564 0.563 0.556 0.554 0.552 0.552 0.551 0.549 0.548 0.544 0.543 0.542 0.543 0.542 0.542 0.542 0.538 0.533 0.529 0.529 0.529 0.532 0.532 0.535 0.536 0.535 0.534 0.534 0.533 0.531 0.531 0.533 0.531 0.537 0.537 0.537 0.537 0.539 0.539 0.54 0.54 0.54 0.544 0.552 0.559 0.561 0.563 0.564 0.565 0.578 0.581 0.586 0.587 0.592 0.612 0.619 0 0 0 0 0 0 0 0 0 0 0 0 0 0 0 0 0 0 0 1.902 1.893 1.887 1.884 1.874 1.884 1.884 2.207 2.207 0 2.208 2.208 2.208 2.208 2.205 2.205 2.202 2.198 2.197 2.192 2.19 2.19 2.19 2.19 2.192 2.192 2.183 1.195 1.183 1.183 1.183 0 0 0 0.007 0 0 0 0 0 0 2.189 2.189 2.184 2.189 2.188 2.19 2.188 2.19 2.189 2.191 2.191 2.192 2.191 2.192 2.196 2.202 2.203 2.204 2.204 2.205 2.208 2.209 2.212 2.216 2.216 2.217 2.219 2.226 2.229 2.231 2.237 2.242 2.243 2.244 2.247 2.249 2.255 2.258 2.258 2.267 2.267 2.258 2.208 2.084 2.064 2.063 2.05 2.041 2.037 2.019 2.017 2.006 1.992 1.99 1.975 1.971 1.957 1.953 1.94 1.935 1.929 1.919 1.915 1.905 1.9 1.892 1.884 1.879 1.864 1.862 1.858 1.848 1.845 1.836 1.828 1.825 1.816 1.809 1.806 1.805 1.798 1.789 1.787 1.785 1.777 1.773 1.767 1.766 1.765 1.753 1.751 1.75 1.744 1.744 1.744 1.746 1.753 1.793 1.793 1.797 1.797 1.797 3.225 3.225 3.225 3.208 3.173 3.161 3.161 3.161 3.177 3.191 3.208 3.233 3.244 3.269 3.288 3.307 3.329 3.346 3.38 3.403 3.421 3.435 3.461 3.474 3.508 3.525 3.544 3.574 3.599 3.614 3.646 3.676 3.698 3.731 3.765 3.78 3.815 3.839 3.863 3.863 3.863 3.863 3.863 3.897 4.028 4.113 4.149 4.178 4.204 4.204 4.204 1.25 1.233 1.221 1.213 1.212 1.206 1.206 1.203 1.197 1.197 1.197 1.189 1.188 1.18 1.179 1.169 1.169 1.168 1.166 1.161 1.15 1.15 1.149 1.144 1.139 1.133 1.132 1.127 1.127 1.124 1.124 1.124 1.123 1.07 1.065 1.065 1.057 1.054 1.054 1.048 1.039 1.039 1.039 1.039 1.033 1.033 1.028 1.024 1.017 1.015 1.015 1.015 1.008 1.008 1.005 1.005 0.998 0.998 0.996 0.998 0.994 0.992 0.991 0.991 0.99 0.99 0.99 0.99 0.99 0.985 0.985 0.984 0.977 0.975 0.975 0.972 0.97 0.975 0.975 0.97 0.97 0.974 0.969 0.965 0.962 0.962 0.962 0.962 0.961 0.961 0.964 0.962 0.959 0.962 0.962 0.96 0.958 0.958 0.958 0.96 0.961 0.961 0.963 0.963 0.963 0.963 0.963 0.963 0.963 0.963 0.963 0.965 0.965 0.97 0.97 0.972 0.973 0.974 0.974 0.98 0.983 0.983 0.983 0.983 0.984 0.986 0.986 0.986 0.986 0.986 0.986 0.986 0.996 0.996 0.999 1.001 1.001 1.005 1.01 1.012 1.013 1.013 1.013 1.018 1.019 1.026 1.036 1.042 1.043 1.047 1.049 1.05 1.054 1.058 1.061 1.058 1.058 1.058 1.066 1.066 1.071 1.072 1.077 1.084 1.088 1.091 1.092 1.093 1.096 1.097 1.1 1.107 1.112 1.113 1.117 1.119 1.125 1.129 1.133 1.134 1.142 1.146 1.148 1.153 1.16 1.161 1.161 1.165 1.179 1.186 1.191 1.194 1.195 1.199 1.203 1.219 1.228 1.231 1.235 1.237 1.239 1.239 1.256 1.27 1.273 1.279 1.279 1.88 1.88 1.88 1.864 1.861 1.855 1.776 1.776 1.766 1.761 1.761 1.747 1.741 1.725 1.721 1.694 1.506 1.506 1.506 1.56 1.653 1.653 1.653 1.637 1.632 1.624 1.616 1.61 1.602 1.597 1.594 1.592 1.571 1.566 1.545 1.533 1.521 1.514 1.509 1.502 1.494 1.488 1.476 1.473 1.464 1.447 1.446 1.443 1.435 1.431 1.426 1.425 1.412 1.41 
1 1 1 1 1 1 1 1 1 1 1 1 1 1 1 1 1 1 1 1 1 1 1 1 1 1 1 1 1 1 1 1 1 1 1 1 1 1 1 1 1 1 1 1 1 1 1 1 1 1 1 1 1 1 1 1 1 1 1 1 1 1 1 1 1 1 1 1 1 1 1 1 1 1 1 1 1 1 1 1 1 1 1 1 1 1 1 1 1 1 1 1 1 1 1 1 1 1 1 1 1 1 1 1 1 1 1 1 1 1 1 1 1 1 1 1 1 1 1 1 1 1 1 1 1 1 1 1 1 1 1 1 1 1 1 1 1 1 1 1 1 1 1 1 1 1 1 1 1 1 1 1 1 1 1 1 1 1 1 1 1 1 1 1 1 1 1 1 1 1 1 1 1 1 1 1 1 1 1 1 1 1 1 1 1 1 1 1 1 1 1 1 1 1 1 1 1 1 1 1 1 1 1 1 1 1 1 1 0 0 0 0 0 0 0 0 0 0 0 0 0 0 0 0 0 0 0 1 1 1 1 1 1 1 1 1 0 1 1 1 1 1 1 1 1 1 1 1 1 1 1 1 1 1 1 1 1 1 0 0 0 0 0 0 0 0 0 0 1 1 1 1 1 1 1 1 1 1 1 1 1 1 1 1 1 1 1 1 1 1 1 1 1 1 1 1 1 1 1 1 1 1 1 1 1 1 1 1 1 1 1 1 1 1 1 1 1 1 1 1 1 1 1 1 1 1 1 1 1 1 1 1 1 1 1 1 1 1 1 1 1 1 1 1 1 1 1 1 1 1 1 1 1 1 1 1 1 1 1 1 1 1 1 1 1 1 1 1 1 1 1 1 1 1 1 1 1 1 1 1 1 1 1 1 1 1 1 1 1 1 1 1 1 1 1 1 1 1 1 1 1 1 1 1 1 1 1 1 1 1 1 1 1 1 1 1 1 1 1 1 1 1 1 1 1 1 1 1 1 1 1 1 1 1 1 1 1 1 1 1 1 1 1 1 1 1 1 1 1 1 1 1 1 1 1 1 1 1 1 1 1 1 1 1 1 1 1 1 1 1 1 1 1 1 1 1 1 1 1 1 1 1 1 1 1 1 1 1 1 1 1 1 1 1 1 1 1 1 1 1 1 1 1 1 1 1 1 1 1 1 1 1 1 1 1 1 1 1 1 1 1 1 1 1 1 1 1 1 1 1 1 1 1 1 1 1 1 1 1 1 1 1 1 1 1 1 1 1 1 1 1 1 1 1 1 1 1 1 1 1 1 1 1 1 1 1 1 1 1 1 1 1 1 1 1 1 1 1 1 1 1 1 1 1 1 1 1 1 1 1 1 1 1 1 1 1 1 1 1 1 1 1 1 1 1 1 1 1 1 1 1 1 1 1 1 1 1 1 1 1 1 1 1 1 1 1 1 1 1 1 1 1 1 1 1 1 1 1 1 1 1 1 1 1 1 1 1 1 1 1 1 1 1 1 1 1 1 1 1 1 1 1 1 1 1 1 1 1 1 1 1 1 1 1 1 1 1 1 1 1 1 1 
