# This file contains a 2D laser scan observation. 
# Its format is: 
# [aperture] [max_range] [number_of_scans] 
# [vector_of_scans] 
# [vector_of_valid_scans] 
# The aperture of the sensor is in radians, the maximum range 
# and measurements are in meters. '1' means a valid scan, '0' otherwise.
4.1847
5.6
682
1.985 2.001 2.024 2.024 2.024 1.618 1.601 1.601 1.59 1.586 1.076 1.061 1.051 1.048 1.047 1.047 1.048 1.061 2.242 2.245 0 2.245 0 0.007 0 2.203 2.203 2.201 2.197 2.182 2.174 2.174 2.169 2.147 0.887 0.887 0.883 0.883 0.882 0.882 0.51 0.508 0.508 0.508 0.509 0.509 0.509 0.509 0.509 0 0 0 0.938 0.925 0.916 0.916 0.916 0.909 0.91 0.916 0.91 0.91 0.91 0.912 0.912 0.916 0.916 0.916 0.92 0.925 0.925 0.925 0.928 0.929 0.931 0.931 0.931 0.931 0.934 0.935 0.936 0.936 0.94 0.945 0.949 0.951 0.955 0.957 0.957 0.961 0.963 0.966 0.967 0.969 0.977 0.981 0.981 0.984 0.984 0.988 0.988 0.985 0.984 0.984 0.984 0.984 1.758 1.764 1.791 1.791 1.88 2.024 2.031 2.032 2.034 2.034 2.034 2.035 2.038 2.039 2.041 2.039 2.038 1.433 1.408 1.408 1.408 2.045 2.069 2.069 2.045 0.644 0.643 0.63 0.626 0.624 0.622 0.622 0.622 0.625 0.629 0.63 2.111 2.115 2.117 2.117 2.124 2.124 2.132 2.135 2.137 2.14 2.145 2.148 2.155 2.164 2.167 2.179 2.18 2.184 0 0 0 0 0 2.202 2.202 2.202 2.175 2.145 2.123 2.1 2.07 2.049 2.035 2.01 1.982 1.974 1.95 1.924 1.906 1.89 1.861 1.845 1.828 1.811 1.79 1.776 1.754 1.741 1.725 1.7 1.693 1.679 1.654 1.647 1.623 1.618 1.599 1.581 1.473 1.357 1.357 1.351 1.339 1.328 1.318 1.31 1.304 1.295 1.294 1.283 1.278 1.269 1.257 1.256 1.245 1.232 1.226 1.217 1.21 1.209 1.207 1.201 1.185 1.181 1.18 1.172 1.171 1.163 1.159 1.154 1.145 1.142 1.139 1.131 1.128 1.118 1.112 1.107 1.106 1.105 1.102 1.092 1.091 1.082 1.079 1.078 1.074 1.067 1.063 1.062 1.058 1.046 1.044 1.043 1.041 1.035 1.035 1.035 1.028 1.028 1.021 1.019 1.014 1.008 1.007 1.006 1.005 1.004 1.001 0.996 0.994 0.991 0.988 0.988 0.982 0.98 0.978 0.974 0.973 0.97 0.97 0.974 0.99 1.009 1.029 1.043 1.044 1.051 1.068 1.085 1.967 1.967 1.969 1.969 1.969 1.997 2.043 2.104 2.104 2.148 2.199 2.242 2.281 2.339 2.385 2.431 2.495 2.554 2.612 2.617 2.617 2.612 2.61 2.606 2.601 2.597 2.596 2.592 2.588 2.585 2.584 2.576 2.573 2.573 2.571 2.568 2.562 2.562 2.554 2.554 2.554 2.554 2.554 2.55 2.547 2.544 2.54 2.544 2.538 2.537 2.537 2.543 2.543 5.467 5.51 5.51 5.52 0.007 5.523 5.518 5.518 5.509 5.509 5.509 5.514 5.519 5.52 5.52 5.52 0.006 0.006 0.006 0.006 0.006 0.006 0.006 0.006 0.006 0.006 0.006 0.006 0.006 0.006 0.006 0 0 0 0 0 0 0 0 0 0 0 0 0 2.619 2.615 2.613 2.613 2.615 2.637 2.638 2.652 2.652 2.652 2.652 1.056 1.028 1.02 1.02 1.001 0.986 0.983 0.983 0.983 0.989 0.995 0.995 0.995 0.998 0.998 1 1.003 1.004 1.014 1.017 1.026 1.026 1.026 1.028 1.029 1.037 1.041 1.043 1.049 1.053 1.057 1.056 1.057 1.066 1.073 1.075 1.082 1.083 1.083 1.092 1.098 1.102 1.103 1.105 1.117 1.126 1.127 1.132 1.141 1.141 1.144 1.148 1.154 1.154 1.159 1.17 1.175 1.182 1.182 1.182 1.128 1.123 1.11 1.094 1.085 1.08 1.079 1.062 1.061 1.046 1.045 1.039 1.039 1.046 1.068 0.007 0 0 0 0 0 0 0 1.105 1.105 1.105 1.114 1.122 1.122 1.122 0 0 0 0 0 0 0.007 0 0 0 0 0 0 0 0 0 0 0 0 0 0 0 0 0 0 0 0 0 0 0 0 0 0 0 0.007 0 0 0.007 0 0 0.007 0.839 0.839 0.836 0.836 0.007 0.825 0.821 0.825 0.799 0.797 0.697 0.691 0.69 0.69 0.673 0.672 0.672 0.672 0.672 0.667 0.666 0.664 0.661 0.66 0.658 0.657 0.654 0.654 0.653 0.648 0.653 0.653 0.653 0.655 0.655 0.654 0.654 0.654 0.654 0.654 0.654 0.65 0.65 0.65 0.657 0.657 0.657 0.656 0.655 0.653 0.653 0.653 0.653 0.653 0.65 0.65 0.65 0.653 0.651 0.651 0.653 0.651 0.651 0.648 0.652 0.646 0.646 0.644 0.646 0.646 0.647 0.647 0.647 0.642 0.641 0.633 0.633 0.633 0.629 0.627 0.629 0.629 0.63 0.635 0.643 0.645 0.653 0.655 0.656 0.656 0.656 0.656 0.664 0.667 0.669 0.68 0.68 0.68 0.68 0.68 0.68 0.681 0.681 0.689 0.696 0.701 0.701 0.71 0.716 0.716 0.734 0.789 2.111 2.115 2.124 2.129 2.131 2.133 2.136 2.138 2.138 2.145 2.147 2.149 2.158 2.164 2.17 2.172 2.178 2.18 2.186 2.192 2.195 2.201 2.207 2.216 2.218 2.222 2.223 2.235 2.252 2.36 2.363 2.375 2.379 2.379 2.397 2.4 2.407 2.414 2.425 
1 1 1 1 1 1 1 1 1 1 1 1 1 1 1 1 1 1 1 1 0 1 0 0 0 1 1 1 1 1 1 1 1 1 1 1 1 1 1 1 1 1 1 1 1 1 1 1 1 0 0 0 1 1 1 1 1 1 1 1 1 1 1 1 1 1 1 1 1 1 1 1 1 1 1 1 1 1 1 1 1 1 1 1 1 1 1 1 1 1 1 1 1 1 1 1 1 1 1 1 1 1 1 1 1 1 1 1 1 1 1 1 1 1 1 1 1 1 1 1 1 1 1 1 1 1 1 1 1 1 1 1 1 1 1 1 1 1 1 1 1 1 1 1 1 1 1 1 1 1 1 1 1 1 1 1 1 1 1 1 0 0 0 0 0 1 1 1 1 1 1 1 1 1 1 1 1 1 1 1 1 1 1 1 1 1 1 1 1 1 1 1 1 1 1 1 1 1 1 1 1 1 1 1 1 1 1 1 1 1 1 1 1 1 1 1 1 1 1 1 1 1 1 1 1 1 1 1 1 1 1 1 1 1 1 1 1 1 1 1 1 1 1 1 1 1 1 1 1 1 1 1 1 1 1 1 1 1 1 1 1 1 1 1 1 1 1 1 1 1 1 1 1 1 1 1 1 1 1 1 1 1 1 1 1 1 1 1 1 1 1 1 1 1 1 1 1 1 1 1 1 1 1 1 1 1 1 1 1 1 1 1 1 1 1 1 1 1 1 1 1 1 1 1 1 1 1 1 1 1 1 1 1 1 1 1 1 1 1 1 1 1 1 1 1 1 1 1 1 0 1 1 1 1 1 1 1 1 1 1 1 0 0 0 0 0 0 0 0 0 0 0 0 0 0 0 0 0 0 0 0 0 0 0 0 0 0 0 0 1 1 1 1 1 1 1 1 1 1 1 1 1 1 1 1 1 1 1 1 1 1 1 1 1 1 1 1 1 1 1 1 1 1 1 1 1 1 1 1 1 1 1 1 1 1 1 1 1 1 1 1 1 1 1 1 1 1 1 1 1 1 1 1 1 1 1 1 1 1 1 1 1 1 1 1 1 1 1 1 1 1 1 1 1 1 0 0 0 0 0 0 0 0 1 1 1 1 1 1 1 0 0 0 0 0 0 0 0 0 0 0 0 0 0 0 0 0 0 0 0 0 0 0 0 0 0 0 0 0 0 0 0 0 0 0 0 0 0 0 0 0 1 1 1 1 0 1 1 1 1 1 1 1 1 1 1 1 1 1 1 1 1 1 1 1 1 1 1 1 1 1 1 1 1 1 1 1 1 1 1 1 1 1 1 1 1 1 1 1 1 1 1 1 1 1 1 1 1 1 1 1 1 1 1 1 1 1 1 1 1 1 1 1 1 1 1 1 1 1 1 1 1 1 1 1 1 1 1 1 1 1 1 1 1 1 1 1 1 1 1 1 1 1 1 1 1 1 1 1 1 1 1 1 1 1 1 1 1 1 1 1 1 1 1 1 1 1 1 1 1 1 1 1 1 1 1 1 1 1 1 1 1 1 1 1 1 1 1 1 1 1 1 
