# This file contains a 2D laser scan observation. 
# Its format is: 
# [aperture] [max_range] [number_of_scans] 
# [vector_of_scans] 
# [vector_of_valid_scans] 
# The aperture of the sensor is in radians, the maximum range 
# and measurements are in meters. '1' means a valid scan, '0' otherwise.
4.1847
5.6
682
2.351 2.384 2.413 2.435 2.481 2.518 2.553 2.594 2.622 2.669 2.706 2.762 2.805 2.847 2.897 2.948 2.999 3.038 3.105 3.156 3.223 4.17 4.203 4.203 4.17 4.048 3.947 3.936 3.936 3.936 4.139 4.238 4.359 4.359 0 0 0 0 0 0.897 0.891 0.885 0.878 0.878 0.876 0.871 0.871 0.87 0.869 0.869 0.868 0.867 0.867 0.868 0.87 0.873 0.873 0.873 0.873 0.872 0.872 0.87 0.865 0.865 0.869 0.869 0.87 0.87 0.869 0.869 0.868 0.868 0.868 0.868 0.868 0.872 0.872 0.875 0.875 0.875 0.874 0.875 0.874 0.874 0.874 0.875 0.87 0.87 0.875 0.875 0.87 0.875 0.878 0.878 0.881 0.882 0.886 0.886 0.882 0.891 0.891 0.891 0.89 0.89 0.89 0.89 0.89 0.892 0.896 0.898 0.899 0.906 0.9 0.906 0.906 0.906 0.908 0.912 0.913 0.913 0.916 0.917 0.918 0.919 0.921 0.925 0.928 0.93 0.934 0.937 0.937 0.938 0.938 0.938 0.945 0.948 0.957 0.957 0.96 0.96 0.966 0.966 0.967 0.967 0.969 0.973 0.978 0.982 0.983 0.991 0.991 0.995 0.996 1.001 1.001 1.007 1.008 1.008 1.008 0.996 0.988 0.978 0.968 0.954 0.951 0.938 0.929 0.916 0.913 0.9 0.892 0.883 0.877 0.868 0.862 0.85 0.85 0.842 0.84 0.829 0.82 0.808 0.795 0.792 0.791 0.78 0.772 0.772 0.765 0.761 0.748 0.746 0.745 0.743 0.731 0.725 0.723 0.722 0.722 0.714 0.697 0.692 0.691 0.687 0.687 0.687 0.687 0.677 0.675 0.67 0.67 0.668 0.664 0.66 0.658 0.64 0.64 0.622 0.622 0.62 0.619 0.619 0.619 0.616 0.613 0.613 0.611 0.606 0.606 0.606 0.606 0.609 0.609 0.609 0.609 0.609 0.609 0.611 0.627 0.628 0.646 0.654 0.656 0.659 0.687 0.696 0.846 0.907 0.919 0.936 0.941 0.965 0.968 0.99 0.99 1.002 1.033 1.036 1.058 1.07 1.083 1.109 1.11 1.137 1.161 1.173 1.198 1.218 1.23 1.264 3.295 0.007 0 0 0 3.651 3.642 3.632 3.632 3.63 3.63 3.613 3.598 3.597 3.589 3.587 3.584 3.567 3.565 3.559 3.559 3.548 3.547 3.545 3.536 3.527 3.518 3.516 3.511 3.51 3.503 3.501 3.501 3.499 3.496 3.489 3.484 3.484 3.479 3.469 3.468 3.464 3.461 3.461 3.459 3.458 3.453 3.453 3.449 3.448 3.444 3.444 3.444 3.443 3.443 3.44 3.44 3.441 3.44 3.44 3.441 3.446 3.442 3.446 3.446 3.446 3.447 3.45 3.45 3.452 3.455 3.455 3.455 3.453 3.453 3.453 3.453 3.457 3.46 3.46 3.469 3.471 3.471 3.478 3.479 3.478 0 0.007 0 2.964 2.725 2.725 2.644 2.513 2.37 2.333 2.27 2.193 2.164 2.094 2.065 2.05 2.046 2.034 1.864 1.829 1.79 1.752 1.731 1.702 1.661 1.63 1.609 1.581 1.564 1.534 1.509 1.487 1.464 1.421 1.302 1.282 1.248 1.22 1.203 1.184 1.163 1.139 1.13 1.113 1.089 1.082 1.065 1.055 1.038 1.032 1.005 1.005 0.986 0.976 0.975 0.967 0.957 0.939 0.923 0.917 0.906 0.899 0.773 0.711 0.696 0.695 0.674 0.664 0.657 0.654 0.644 0.642 0.638 0.638 0.629 0.628 0.628 0.633 0.63 0.63 0.633 0.633 0.63 0.633 0.643 0.643 0.643 0.645 0.645 0.662 0.666 0.668 0.674 0.681 0.687 0.689 0.696 0.697 0.7 0.702 0.708 0.714 0.717 0.73 0.735 0.741 0.741 0.749 0.754 0.757 0.767 0.769 0.776 0.778 0.786 0.793 0.796 0.805 0.816 0.821 0.827 0.83 0.831 0.843 0.852 0.863 0.87 0.879 0.885 0.887 0.897 0.902 0.905 0.915 0.932 0.945 0.958 0.966 0.979 0.988 0.99 1.006 1.011 1.023 1.039 1.058 1.06 1.07 1.073 1.092 1.113 1.116 1.119 1.149 1.163 1.178 1.192 1.205 1.218 1.233 1.233 1.233 1.23 1.221 1.216 1.216 1.216 1.21 1.208 1.207 1.207 1.194 1.188 1.184 1.177 1.177 1.176 1.175 1.174 1.176 1.174 1.163 1.162 1.162 1.162 1.163 1.163 1.163 1.16 1.156 1.155 1.153 1.152 1.15 1.15 1.149 1.149 1.144 1.142 1.14 1.142 1.14 1.139 1.138 1.138 1.137 1.138 1.137 1.136 1.136 1.136 1.135 1.135 1.135 1.134 1.134 1.129 1.127 1.127 1.127 1.128 1.139 1.143 1.151 1.151 1.151 1.148 1.134 1.134 1.129 1.129 1.129 1.129 1.126 1.128 1.126 1.125 1.125 1.128 1.125 1.126 1.128 1.129 1.13 1.132 1.132 1.134 1.136 1.137 1.138 1.142 1.142 1.143 1.143 1.143 1.145 1.148 1.15 1.15 1.152 1.154 1.155 1.155 1.157 1.157 1.159 1.164 1.166 1.171 1.171 1.171 1.171 1.171 1.177 1.181 1.182 1.183 1.189 1.189 1.192 1.192 1.192 1.192 1.202 1.208 1.209 1.212 1.215 1.219 1.22 0 0 0 1.245 1.245 1.245 1.245 1.245 1.245 1.245 1.244 1.245 1.251 1.256 1.257 1.258 1.269 1.275 1.28 1.292 1.292 1.3 1.304 1.305 1.305 1.319 1.321 1.328 1.329 1.338 1.338 1.347 1.349 1.349 1.349 1.366 
1 1 1 1 1 1 1 1 1 1 1 1 1 1 1 1 1 1 1 1 1 1 1 1 1 1 1 1 1 1 1 1 1 1 0 0 0 0 0 1 1 1 1 1 1 1 1 1 1 1 1 1 1 1 1 1 1 1 1 1 1 1 1 1 1 1 1 1 1 1 1 1 1 1 1 1 1 1 1 1 1 1 1 1 1 1 1 1 1 1 1 1 1 1 1 1 1 1 1 1 1 1 1 1 1 1 1 1 1 1 1 1 1 1 1 1 1 1 1 1 1 1 1 1 1 1 1 1 1 1 1 1 1 1 1 1 1 1 1 1 1 1 1 1 1 1 1 1 1 1 1 1 1 1 1 1 1 1 1 1 1 1 1 1 1 1 1 1 1 1 1 1 1 1 1 1 1 1 1 1 1 1 1 1 1 1 1 1 1 1 1 1 1 1 1 1 1 1 1 1 1 1 1 1 1 1 1 1 1 1 1 1 1 1 1 1 1 1 1 1 1 1 1 1 1 1 1 1 1 1 1 1 1 1 1 1 1 1 1 1 1 1 1 1 1 1 1 1 1 1 1 1 1 1 1 1 1 1 1 1 1 1 1 1 1 1 1 1 1 1 1 0 0 0 0 1 1 1 1 1 1 1 1 1 1 1 1 1 1 1 1 1 1 1 1 1 1 1 1 1 1 1 1 1 1 1 1 1 1 1 1 1 1 1 1 1 1 1 1 1 1 1 1 1 1 1 1 1 1 1 1 1 1 1 1 1 1 1 1 1 1 1 1 1 1 1 1 1 1 1 1 1 1 1 1 1 0 0 0 1 1 1 1 1 1 1 1 1 1 1 1 1 1 1 1 1 1 1 1 1 1 1 1 1 1 1 1 1 1 1 1 1 1 1 1 1 1 1 1 1 1 1 1 1 1 1 1 1 1 1 1 1 1 1 1 1 1 1 1 1 1 1 1 1 1 1 1 1 1 1 1 1 1 1 1 1 1 1 1 1 1 1 1 1 1 1 1 1 1 1 1 1 1 1 1 1 1 1 1 1 1 1 1 1 1 1 1 1 1 1 1 1 1 1 1 1 1 1 1 1 1 1 1 1 1 1 1 1 1 1 1 1 1 1 1 1 1 1 1 1 1 1 1 1 1 1 1 1 1 1 1 1 1 1 1 1 1 1 1 1 1 1 1 1 1 1 1 1 1 1 1 1 1 1 1 1 1 1 1 1 1 1 1 1 1 1 1 1 1 1 1 1 1 1 1 1 1 1 1 1 1 1 1 1 1 1 1 1 1 1 1 1 1 1 1 1 1 1 1 1 1 1 1 1 1 1 1 1 1 1 1 1 1 1 1 1 1 1 1 1 1 1 1 1 1 1 1 1 1 1 1 1 1 1 1 1 1 1 1 1 1 1 1 1 1 1 1 1 1 1 1 1 1 1 1 1 1 1 1 1 1 1 1 1 1 1 0 0 0 1 1 1 1 1 1 1 1 1 1 1 1 1 1 1 1 1 1 1 1 1 1 1 1 1 1 1 1 1 1 1 1 1 
