# This file contains a 2D laser scan observation. 
# Its format is: 
# [aperture] [max_range] [number_of_scans] 
# [vector_of_scans] 
# [vector_of_valid_scans] 
# The aperture of the sensor is in radians, the maximum range 
# and measurements are in meters. '1' means a valid scan, '0' otherwise.
4.1847
5.6
682
0.821 0.818 0.818 0.81 0.804 0.8 0.797 0.794 0.793 0.793 0.788 0.778 0.774 0.759 0.759 0.759 0.759 0.753 0.745 0.744 0.742 0.738 0.738 0.735 0.729 0.727 0.723 0.719 0.715 0.711 0.709 0.709 0.709 0.707 0.706 0.706 0.695 0.691 0.689 0.689 0.687 0.684 0.684 0.678 0.678 0.685 0.686 0.688 0.688 0.686 0.686 0.684 0.681 0.679 0.675 0.674 0.674 0.67 0.67 0.67 0.663 0.662 0.663 0.662 0.661 0.661 0.655 0.652 0.647 0.647 0.647 0.647 0.644 0.65 0.642 0.638 0.642 0.64 0.635 0.635 0.632 0.632 0.632 0.633 0.633 0.633 0.631 0.631 0.631 0.629 0.629 0.624 0.624 0.624 0.624 0.624 0.626 0.624 0.626 0.628 0.628 0.625 0.625 0.623 0.621 0.621 0.618 0.618 0.617 0.618 0.618 0.618 0.618 0.619 0.619 0.619 0.623 0.63 0.641 0.646 0.646 0.646 0.644 0.64 0.623 0.622 0.619 0.617 0.617 0.616 0.617 0.617 0.617 0.617 0.619 0.619 0.62 0.622 0.622 0.643 0.643 0.643 0.633 0.633 0.633 0.633 0.633 0.634 0.635 0.634 0.634 0.634 0.633 0.633 0.634 0.633 0.638 0.638 1.736 1.736 1.755 1.755 1.799 0.007 0 2.168 2.197 2.171 2.171 2.173 2.197 2.173 2.198 2.223 2.2 2.2 2.235 2.238 2.238 2.243 2.243 2.243 2.26 2.34 2.341 2.348 2.35 2.351 2.355 2.374 2.374 2.387 2.388 2.398 2.403 2.413 2.414 2.42 2.423 2.446 2.447 2.447 2.447 2.431 2.403 2.378 2.341 2.316 2.283 2.259 2.242 2.204 2.185 2.154 2.131 2.109 2.086 2.075 2.064 2.033 2.019 1.995 1.984 1.976 1.976 1.976 1.98 1.987 1.99 2.006 2.008 2.019 2.032 2.035 2.046 2.047 2.061 2.071 2.084 2.086 2.104 2.115 2.117 2.125 2.132 2.139 2.141 2.173 2.173 2.173 1.296 1.287 1.284 1.269 1.265 1.249 1.248 1.248 1.237 1.227 1.221 1.218 1.211 1.194 1.19 1.181 1.181 1.148 1.099 1.067 1.055 1.049 1.049 1.055 1.058 1.061 1.064 1.064 1.07 1.084 1.086 1.105 1.121 1.132 1.141 1.143 1.162 1.168 1.184 1.196 1.214 1.221 1.229 1.245 1.256 1.274 1.292 1.303 1.318 1.324 1.329 1.338 1.345 1.345 1.345 1.334 1.328 1.286 1.27 1.269 1.256 1.244 1.244 1.243 1.241 1.237 1.235 1.232 1.231 1.218 1.217 1.208 1.206 1.203 1.202 1.202 1.202 1.201 1.201 1.192 1.192 1.183 1.182 1.18 1.177 1.176 1.176 1.177 1.177 1.175 1.175 1.174 1.168 1.168 1.163 1.158 1.158 1.158 1.158 1.158 1.153 1.153 1.153 1.149 1.148 1.148 1.149 1.145 1.143 1.143 1.143 1.143 1.143 1.144 1.143 1.138 1.138 1.133 1.133 1.132 1.128 1.128 1.128 1.128 1.128 1.134 1.137 1.137 1.137 1.135 1.133 1.13 1.13 1.129 1.13 1.131 1.133 1.133 1.136 1.133 1.134 1.135 1.135 1.135 1.135 1.135 1.14 1.135 1.135 1.142 1.142 1.142 1.142 1.142 1.142 1.142 1.142 1.151 1.15 1.151 1.155 1.155 1.156 1.157 1.156 1.156 1.156 1.158 1.158 1.162 1.165 1.17 1.17 1.17 1.175 1.175 1.176 1.183 1.184 1.191 1.191 1.191 1.196 1.198 1.201 1.202 1.203 1.211 1.213 1.214 1.214 1.214 1.215 1.218 1.23 1.232 1.237 1.24 1.24 1.24 1.244 1.245 1.251 1.259 1.262 1.264 1.268 1.269 1.27 1.273 1.289 1.289 1.296 1.306 1.308 1.311 1.314 1.316 1.321 1.33 1.332 1.334 1.342 1.353 1.354 1.358 1.364 1.379 1.382 1.383 1.385 1.4 1.4 1.406 1.412 1.418 1.42 1.439 1.44 1.444 1.457 1.462 1.475 1.486 1.488 1.494 1.498 1.498 1.498 1.483 1.466 1.456 1.447 1.44 1.431 1.425 1.409 1.399 1.389 1.381 1.374 1.354 1.352 1.343 1.336 1.331 1.327 1.316 1.31 1.306 1.289 1.286 1.282 1.273 1.266 1.263 1.255 1.25 1.244 1.243 1.228 1.221 1.221 1.221 1.217 1.208 1.206 1.204 1.196 1.183 1.181 1.18 1.169 1.167 1.161 1.159 1.158 1.151 1.14 1.139 1.135 1.129 1.125 1.124 1.123 1.115 1.114 1.111 1.106 1.103 1.101 1.097 1.093 1.092 1.085 1.084 1.077 1.073 1.073 1.07 1.068 1.065 1.057 1.055 1.054 1.057 1.054 1.052 1.049 1.045 1.041 1.041 1.041 1.041 1.031 1.029 1.029 1.025 1.024 1.025 1.025 1.023 1.025 1.025 1.023 1.011 1.011 1.011 1.007 1.007 1.006 1.006 1.006 1.002 1 1.002 1 0.999 0.998 0.999 0.998 0.998 0.991 0.99 0.99 0.99 0.997 0.997 0.997 0.991 0.991 0.99 0.985 0.984 0.984 0.982 0.982 0.982 0.982 0.982 0.991 0.999 1.017 1.017 1.017 1.016 0.983 0.98 0.98 0.98 0.984 0.993 0.994 0.994 0.993 0.993 0.993 0.991 0.993 0.994 0.994 0.994 0.999 0.999 0.999 0.996 0.996 0.996 0.996 0.996 0.998 1.004 1.006 1.006 1.006 1.006 1.006 1.006 1.009 1.013 1.009 1.009 1.012 1.014 1.012 1.021 1.022 1.026 1.022 1.031 1.031 1.035 
1 1 1 1 1 1 1 1 1 1 1 1 1 1 1 1 1 1 1 1 1 1 1 1 1 1 1 1 1 1 1 1 1 1 1 1 1 1 1 1 1 1 1 1 1 1 1 1 1 1 1 1 1 1 1 1 1 1 1 1 1 1 1 1 1 1 1 1 1 1 1 1 1 1 1 1 1 1 1 1 1 1 1 1 1 1 1 1 1 1 1 1 1 1 1 1 1 1 1 1 1 1 1 1 1 1 1 1 1 1 1 1 1 1 1 1 1 1 1 1 1 1 1 1 1 1 1 1 1 1 1 1 1 1 1 1 1 1 1 1 1 1 1 1 1 1 1 1 1 1 1 1 1 1 1 1 1 1 1 1 1 1 1 0 0 1 1 1 1 1 1 1 1 1 1 1 1 1 1 1 1 1 1 1 1 1 1 1 1 1 1 1 1 1 1 1 1 1 1 1 1 1 1 1 1 1 1 1 1 1 1 1 1 1 1 1 1 1 1 1 1 1 1 1 1 1 1 1 1 1 1 1 1 1 1 1 1 1 1 1 1 1 1 1 1 1 1 1 1 1 1 1 1 1 1 1 1 1 1 1 1 1 1 1 1 1 1 1 1 1 1 1 1 1 1 1 1 1 1 1 1 1 1 1 1 1 1 1 1 1 1 1 1 1 1 1 1 1 1 1 1 1 1 1 1 1 1 1 1 1 1 1 1 1 1 1 1 1 1 1 1 1 1 1 1 1 1 1 1 1 1 1 1 1 1 1 1 1 1 1 1 1 1 1 1 1 1 1 1 1 1 1 1 1 1 1 1 1 1 1 1 1 1 1 1 1 1 1 1 1 1 1 1 1 1 1 1 1 1 1 1 1 1 1 1 1 1 1 1 1 1 1 1 1 1 1 1 1 1 1 1 1 1 1 1 1 1 1 1 1 1 1 1 1 1 1 1 1 1 1 1 1 1 1 1 1 1 1 1 1 1 1 1 1 1 1 1 1 1 1 1 1 1 1 1 1 1 1 1 1 1 1 1 1 1 1 1 1 1 1 1 1 1 1 1 1 1 1 1 1 1 1 1 1 1 1 1 1 1 1 1 1 1 1 1 1 1 1 1 1 1 1 1 1 1 1 1 1 1 1 1 1 1 1 1 1 1 1 1 1 1 1 1 1 1 1 1 1 1 1 1 1 1 1 1 1 1 1 1 1 1 1 1 1 1 1 1 1 1 1 1 1 1 1 1 1 1 1 1 1 1 1 1 1 1 1 1 1 1 1 1 1 1 1 1 1 1 1 1 1 1 1 1 1 1 1 1 1 1 1 1 1 1 1 1 1 1 1 1 1 1 1 1 1 1 1 1 1 1 1 1 1 1 1 1 1 1 1 1 1 1 1 1 1 1 1 1 1 1 1 1 1 1 1 1 1 1 1 1 1 1 1 1 1 1 1 1 1 1 1 1 1 1 1 1 1 1 1 1 1 1 1 1 1 1 1 1 1 1 1 1 1 1 1 1 1 1 1 1 1 1 1 1 1 1 1 1 1 1 1 1 1 
