# This file contains a 2D laser scan observation. 
# Its format is: 
# [aperture] [max_range] [number_of_scans] 
# [vector_of_scans] 
# [vector_of_valid_scans] 
# The aperture of the sensor is in radians, the maximum range 
# and measurements are in meters. '1' means a valid scan, '0' otherwise.
4.1847
5.6
682
2.214 2.214 2.215 2.217 2.218 2.223 2.498 2.513 2.513 2.505 2.505 2.504 2.504 2.504 2.504 2.507 2.507 2.507 2.507 2.509 2.509 2.51 2.51 2.509 2.027 1.995 1.972 1.937 1.932 1.925 1.918 1.916 1.916 1.915 1.915 1.914 1.914 1.915 1.918 1.929 1.93 1.934 1.943 1.952 1.96 2.056 2.556 2.575 2.576 2.58 2.584 2.586 2.594 2.597 2.597 2.597 2.54 2.503 2.439 2.392 2.324 2.305 2.305 2.27 2.21 1.321 1.3 1.283 1.263 1.233 0.502 0.442 0.423 0.41 0.405 0.398 0.391 0.387 0.386 0.377 0.369 0.366 0.366 0.363 0.366 0.366 0.368 0.368 0.368 0.366 0.366 0.361 0.36 0.366 0.367 0.363 0.363 0.367 0.364 0.364 0.364 0.366 0.366 0.37 0.37 0.371 0.372 0.372 0.372 0.372 0.381 0.382 0.383 0.385 0.387 0.385 0.385 0.388 0.408 0.417 0.42 0.424 0.426 0.432 0.432 0.434 0.435 0.438 0.439 0.44 0.447 0.447 0.448 0.451 0.454 0.458 0.459 0.459 0.469 0.471 0.474 0.475 0.48 0.48 0.483 0.485 0.493 0.503 0.503 0.51 0.512 0.513 0.515 0.519 0.526 0.528 0.536 0.544 0.544 0.545 0.554 0.561 0.562 0.569 0.571 0.578 0.581 0.593 0.594 0.597 0.603 0.607 0.618 0.629 0.634 0.634 0.644 0.652 0.654 0.669 0.672 0.681 0.688 0.688 0.714 0.715 0.733 0.737 0.747 0.752 0.768 0.771 0.784 0.793 0.805 0.812 0.825 0.832 0.858 0.869 0.876 0.881 2.895 2.895 2.895 2.886 2.874 2.868 2.865 2.864 2.859 2.849 2.848 2.844 2.841 2.82 2.819 2.801 2.801 2.8 2.801 2.804 2.818 4.841 4.841 4.841 4.84 4.824 4.818 4.815 4.805 4.802 4.8 4.794 4.794 4.789 4.789 4.777 4.771 4.767 4.767 4.763 4.759 4.759 4.759 4.742 4.741 4.741 0 0 0 0 0 0 0 0 2.81 2.722 2.704 2.704 2.704 2.704 2.704 2.712 2.716 2.716 2.716 2.717 2.717 2.715 2.717 2.718 2.718 2.721 2.724 2.727 2.729 2.73 2.731 2.731 2.731 2.737 2.742 2.743 2.746 2.746 2.747 2.747 2.75 2.76 2.766 2.766 2.771 2.777 2.777 2.777 2.777 2.761 2.679 2.633 2.625 2.623 2.623 2.625 0 0.006 0.006 0.006 0.006 0.006 0.006 0.006 0.006 0.006 0 1.851 1.83 1.787 1.754 1.724 1.699 1.668 1.643 1.617 1.586 1.568 1.552 1.52 1.491 1.491 1.491 1.479 1.454 1.385 1.369 1.348 1.316 1.295 1.285 1.285 1.268 1.26 1.243 1.214 1.205 1.191 1.179 1.164 1.156 1.143 1.13 1.124 1.108 1.101 1.092 1.079 1.07 1.05 1.045 1.03 1.025 1.024 1.006 0.994 0.988 0.979 0.97 0.969 0.959 0.949 0.942 0.925 0.919 0.909 0.897 0.897 0.894 0.884 0.87 0.867 0.866 0.858 0.848 0.842 0.839 0.839 0.832 0.818 0.813 0.813 0.804 0.799 0.792 0.787 0.786 0.782 0.777 0.777 0.774 0.764 0.763 0.755 0.749 0.743 0.741 0.739 0.736 0.73 0.716 0.716 0.716 0.716 0.71 0.709 0.708 0.705 0.704 0.7 0.697 0.689 0.686 0.681 0.677 0.676 0.676 0.669 0.667 0.661 0.659 0.652 0.65 0.648 0.641 0.64 0.64 0.64 0.637 0.636 0.636 0.629 0.626 0.625 0.624 0.625 0.621 0.621 0.623 0.626 0.626 0.626 0.628 0.628 0.63 0.63 0.65 0.65 0.65 0.646 0.638 0.636 0.636 0.636 0.635 0.636 0.636 0.632 0.632 0.632 0.629 0.629 0.622 0.622 0.618 0.622 0.622 0.622 0.62 0.62 0.617 0.617 0.615 0.612 0.615 0.615 0.611 0.611 0.613 0.611 0.604 0.605 0.605 0.605 0.607 0.612 0.612 0.611 0.607 0.605 0.605 0.603 0.603 0.605 0.605 0.605 0.605 0.605 0.61 0.61 0.61 0.61 0.61 0.612 0.613 0.617 0.621 0.621 0.621 0.621 0.621 0.621 0.618 0.618 0.617 0.617 0.618 0.618 0.617 0.613 0.613 0.613 0.613 0.613 0.607 0.607 0.606 0.605 0.606 0.606 0.606 0.607 0.607 0.606 0.602 0.602 0.602 0.607 0.608 0.608 0.608 0.608 0.608 0.609 0.61 0.61 0.612 0.612 0.61 0.61 0.617 0.611 0.617 0.617 0.619 0.621 0.621 0.621 0.624 0.628 0.628 0.624 0.626 0.626 0.626 0.627 0.633 0.634 0.634 0.636 0.643 0.643 0.643 0.643 0.643 0.647 0.65 0.65 0.653 0.653 0.655 0.658 0.658 0.662 0.667 0.667 0.667 0.667 0.669 0.673 0.673 0.676 0.678 0.68 0.686 0.687 0.69 0.692 0.694 0.701 0.701 0.702 0.706 0.707 0.708 0.709 0.712 0.715 0.718 0.721 0.727 0.729 0.736 0.739 0.74 0.74 0.74 0.733 0.73 0.727 0.726 0.722 0.719 0.722 0.722 0.727 0.734 0.735 0.735 0.747 0.749 0.749 0.75 0.753 0.757 0.772 0.784 0.787 0.797 0.804 0.805 0.805 0.808 0.816 0.822 0.838 0.838 0.842 0.847 0.847 0.865 0.869 0.874 0.877 0.885 0.892 0.9 0.913 0.916 0.919 0.939 0.939 0.952 0.952 0.967 0.978 0.983 0.986 1.003 1.009 1.024 1.031 1.034 1.047 
1 1 1 1 1 1 1 1 1 1 1 1 1 1 1 1 1 1 1 1 1 1 1 1 1 1 1 1 1 1 1 1 1 1 1 1 1 1 1 1 1 1 1 1 1 1 1 1 1 1 1 1 1 1 1 1 1 1 1 1 1 1 1 1 1 1 1 1 1 1 1 1 1 1 1 1 1 1 1 1 1 1 1 1 1 1 1 1 1 1 1 1 1 1 1 1 1 1 1 1 1 1 1 1 1 1 1 1 1 1 1 1 1 1 1 1 1 1 1 1 1 1 1 1 1 1 1 1 1 1 1 1 1 1 1 1 1 1 1 1 1 1 1 1 1 1 1 1 1 1 1 1 1 1 1 1 1 1 1 1 1 1 1 1 1 1 1 1 1 1 1 1 1 1 1 1 1 1 1 1 1 1 1 1 1 1 1 1 1 1 1 1 1 1 1 1 1 1 1 1 1 1 1 1 1 1 1 1 1 1 1 1 1 1 1 1 1 1 1 1 1 1 1 1 1 1 1 1 1 1 1 1 1 1 1 1 1 1 1 1 1 1 1 1 1 1 1 1 0 0 0 0 0 0 0 0 1 1 1 1 1 1 1 1 1 1 1 1 1 1 1 1 1 1 1 1 1 1 1 1 1 1 1 1 1 1 1 1 1 1 1 1 1 1 1 1 1 1 1 1 1 1 1 1 0 0 0 0 0 0 0 0 0 0 0 1 1 1 1 1 1 1 1 1 1 1 1 1 1 1 1 1 1 1 1 1 1 1 1 1 1 1 1 1 1 1 1 1 1 1 1 1 1 1 1 1 1 1 1 1 1 1 1 1 1 1 1 1 1 1 1 1 1 1 1 1 1 1 1 1 1 1 1 1 1 1 1 1 1 1 1 1 1 1 1 1 1 1 1 1 1 1 1 1 1 1 1 1 1 1 1 1 1 1 1 1 1 1 1 1 1 1 1 1 1 1 1 1 1 1 1 1 1 1 1 1 1 1 1 1 1 1 1 1 1 1 1 1 1 1 1 1 1 1 1 1 1 1 1 1 1 1 1 1 1 1 1 1 1 1 1 1 1 1 1 1 1 1 1 1 1 1 1 1 1 1 1 1 1 1 1 1 1 1 1 1 1 1 1 1 1 1 1 1 1 1 1 1 1 1 1 1 1 1 1 1 1 1 1 1 1 1 1 1 1 1 1 1 1 1 1 1 1 1 1 1 1 1 1 1 1 1 1 1 1 1 1 1 1 1 1 1 1 1 1 1 1 1 1 1 1 1 1 1 1 1 1 1 1 1 1 1 1 1 1 1 1 1 1 1 1 1 1 1 1 1 1 1 1 1 1 1 1 1 1 1 1 1 1 1 1 1 1 1 1 1 1 1 1 1 1 1 1 1 1 1 1 1 1 1 1 1 1 1 1 1 1 1 1 1 1 1 1 1 1 1 1 1 1 1 1 1 1 1 1 1 1 1 1 1 1 1 1 1 1 1 1 1 1 1 1 1 1 1 1 1 1 1 1 1 1 1 1 1 1 1 1 1 1 1 1 1 
