# This file contains a 2D laser scan observation. 
# Its format is: 
# [aperture] [max_range] [number_of_scans] 
# [vector_of_scans] 
# [vector_of_valid_scans] 
# The aperture of the sensor is in radians, the maximum range 
# and measurements are in meters. '1' means a valid scan, '0' otherwise.
4.1847
5.6
682
2.007 1.338 1.328 1.223 1.149 1.066 1.011 0.944 0.888 0.838 0.794 0.75 0.743 0.737 0.737 0.738 0.739 0.739 0.74 0.741 0.744 0.745 0.745 0.746 0.746 0.745 0.745 0.746 0.749 0.749 0.752 0.754 0.754 0.756 0.758 0.758 0.758 0.765 0.765 0.765 0.767 0.769 0.769 0.77 0.772 0.773 0.776 0.776 0.776 0.776 0.783 0.786 0.786 0.786 0.786 0.794 0.794 0.794 0.797 0.801 0.802 0.802 0.802 0.807 0.817 0.818 0.82 0.819 0.82 0.828 0.83 0.836 0.837 0.838 0.843 0.843 0.849 0.85 0.853 0.856 0.861 0.864 0.864 0.872 0.88 0.881 0.884 0.885 0.888 0.889 0.89 0.897 0.904 0.905 0.907 0.91 0.916 0.923 0.925 0.926 0.934 0.941 0.949 0.951 0.953 0.958 0.963 0.976 0.976 0.976 0.991 0.991 0.995 1.003 1.01 1.012 1.016 1.021 1.03 1.045 1.049 1.055 1.063 1.065 1.073 1.076 1.084 1.094 1.099 1.109 1.119 1.122 1.126 1.131 1.151 1.151 1.157 1.172 1.176 1.194 1.202 1.207 1.216 1.222 1.23 1.254 1.269 1.269 1.289 1.291 1.304 1.322 1.322 1.322 1.306 1.306 1.303 1.292 1.29 1.29 1.29 1.29 1.291 1.291 1.296 1.303 1.317 1.357 1.43 1.567 1.594 1.607 1.626 1.647 1.677 1.689 1.724 1.733 1.767 1.796 1.815 1.839 1.869 1.893 1.927 1.952 1.992 2.013 2.042 2.075 2.105 2.139 2.186 2.217 2.252 2.29 2.324 2.362 2.416 2.466 2.673 2.727 5.237 5.237 5.237 5.224 5.219 5.216 5.199 5.192 5.19 5.182 5.176 5.159 5.155 5.151 5.14 5.133 5.133 5.123 5.122 5.119 5.113 5.111 5.104 5.091 5.087 5.085 5.085 5.085 5.08 3.124 3.122 3.12 3.12 3.12 3.12 3.12 3.119 3.121 3.119 3.112 3.119 3.112 3.111 3.112 3.118 3.113 3.118 3.118 3.12 3.12 3.123 3.12 3.12 1.221 1.218 1.211 1.21 1.123 1.114 1.112 1.111 1.111 1.11 1.11 1.11 1.108 1.108 1.109 1.113 1.116 1.12 1.121 1.123 1.121 1.125 1.127 1.129 1.13 1.133 1.13 1.131 1.13 1.129 1.128 1.129 1.129 1.134 1.141 1.144 1.146 1.146 1.147 1.148 1.161 1.168 1.241 3.78 3.784 3.784 3.784 0 0.006 0.006 0.006 0.006 0.006 0.006 0 0 0 0 0 0 0 0 0 0 0.006 0 0 0 0 0 0 0 0 0 0 0 0 0 0 0 0 0 0 0 0 0 0 0 0.006 0.006 0.006 0.006 0 2.006 1.985 1.966 1.949 1.937 1.923 1.901 1.892 1.872 1.864 1.852 1.832 1.818 1.795 1.794 1.776 1.771 1.758 1.646 1.607 1.579 1.568 1.562 1.554 1.554 1.554 1.554 1.555 1.56 1.579 1.582 1.589 1.589 1.582 1.564 1.559 1.557 1.554 1.547 1.527 1.52 1.516 1.513 1.497 1.493 1.478 1.478 1.476 1.458 1.456 1.452 1.449 1.431 1.42 1.416 1.4 1.397 1.397 1.397 1.395 1.386 1.372 1.371 1.363 1.358 1.352 1.347 1.339 1.337 1.334 1.32 1.32 1.318 1.317 1.313 1.304 1.296 1.289 1.288 1.282 1.279 1.272 1.271 1.264 1.262 1.26 1.247 1.245 1.243 1.242 1.241 1.238 1.237 1.237 1.232 1.237 1.238 1.249 1.254 1.281 1.31 3.286 3.286 3.286 3.276 3.276 3.272 3.265 3.254 3.251 3.24 3.233 3.223 3.219 3.219 3.212 3.208 3.202 3.197 3.192 3.175 3.172 3.172 3.171 3.167 3.166 3.157 3.152 3.151 3.149 3.143 3.139 3.139 3.137 3.135 3.126 3.121 3.121 3.117 3.117 3.117 3.117 3.117 3.117 3.11 3.106 2.587 2.562 2.559 2.552 2.543 2.542 2.542 2.531 2.524 2.521 2.521 1.907 1.81 1.728 1.695 1.676 1.639 1.597 1.563 1.534 1.506 1.482 1.466 1.4 1.359 1.35 1.308 1.297 1.27 1.258 1.258 1.258 1.258 1.258 1.219 1.16 1.153 1.142 1.142 1.142 1.138 1.142 1.143 1.142 1.143 1.148 1.148 1.153 1.161 1.168 1.168 1.168 1.171 1.171 1.173 1.175 1.176 1.183 1.186 1.186 1.187 1.188 1.188 1.191 1.192 1.199 1.202 1.206 1.213 1.213 1.214 1.214 1.218 1.223 1.23 1.231 1.24 1.24 1.24 1.243 1.245 1.253 1.256 1.261 1.262 1.263 1.266 1.271 1.277 1.285 1.291 1.294 1.297 1.3 1.303 1.31 1.316 1.32 1.324 1.334 1.335 1.34 1.345 1.347 1.351 1.351 1.359 1.371 1.381 1.385 1.388 1.397 1.402 1.41 1.415 1.426 1.426 1.426 1.409 1.395 1.381 1.373 1.371 1.336 1.321 1.315 1.315 1.311 1.295 1.295 1.291 1.295 1.295 1.296 1.303 1.318 1.331 3.915 3.932 3.942 3.942 3.954 4.043 4.044 4.053 0 0 0 0 0 0 0 0 0 0 0 0 0 0 0 0 0 0 0 0 0 0 0 0 0 0 0 0 0 0 0 0 0 0 0 0 0.007 0 3.333 3.333 3.331 3.31 3.298 
1 1 1 1 1 1 1 1 1 1 1 1 1 1 1 1 1 1 1 1 1 1 1 1 1 1 1 1 1 1 1 1 1 1 1 1 1 1 1 1 1 1 1 1 1 1 1 1 1 1 1 1 1 1 1 1 1 1 1 1 1 1 1 1 1 1 1 1 1 1 1 1 1 1 1 1 1 1 1 1 1 1 1 1 1 1 1 1 1 1 1 1 1 1 1 1 1 1 1 1 1 1 1 1 1 1 1 1 1 1 1 1 1 1 1 1 1 1 1 1 1 1 1 1 1 1 1 1 1 1 1 1 1 1 1 1 1 1 1 1 1 1 1 1 1 1 1 1 1 1 1 1 1 1 1 1 1 1 1 1 1 1 1 1 1 1 1 1 1 1 1 1 1 1 1 1 1 1 1 1 1 1 1 1 1 1 1 1 1 1 1 1 1 1 1 1 1 1 1 1 1 1 1 1 1 1 1 1 1 1 1 1 1 1 1 1 1 1 1 1 1 1 1 1 1 1 1 1 1 1 1 1 1 1 1 1 1 1 1 1 1 1 1 1 1 1 1 1 1 1 1 1 1 1 1 1 1 1 1 1 1 1 1 1 1 1 1 1 1 1 1 1 1 1 1 1 1 1 1 1 1 1 1 1 1 1 1 1 1 1 1 1 1 1 1 1 1 1 1 1 1 1 0 0 0 0 0 0 0 0 0 0 0 0 0 0 0 0 0 0 0 0 0 0 0 0 0 0 0 0 0 0 0 0 0 0 0 0 0 0 0 0 0 0 0 0 0 0 1 1 1 1 1 1 1 1 1 1 1 1 1 1 1 1 1 1 1 1 1 1 1 1 1 1 1 1 1 1 1 1 1 1 1 1 1 1 1 1 1 1 1 1 1 1 1 1 1 1 1 1 1 1 1 1 1 1 1 1 1 1 1 1 1 1 1 1 1 1 1 1 1 1 1 1 1 1 1 1 1 1 1 1 1 1 1 1 1 1 1 1 1 1 1 1 1 1 1 1 1 1 1 1 1 1 1 1 1 1 1 1 1 1 1 1 1 1 1 1 1 1 1 1 1 1 1 1 1 1 1 1 1 1 1 1 1 1 1 1 1 1 1 1 1 1 1 1 1 1 1 1 1 1 1 1 1 1 1 1 1 1 1 1 1 1 1 1 1 1 1 1 1 1 1 1 1 1 1 1 1 1 1 1 1 1 1 1 1 1 1 1 1 1 1 1 1 1 1 1 1 1 1 1 1 1 1 1 1 1 1 1 1 1 1 1 1 1 1 1 1 1 1 1 1 1 1 1 1 1 1 1 1 1 1 1 1 1 1 1 1 1 1 1 1 1 1 1 1 1 1 1 1 1 1 1 1 1 1 1 1 1 1 1 1 1 1 1 1 1 1 1 1 1 1 1 1 1 1 1 1 1 1 1 1 1 1 1 1 1 1 0 0 0 0 0 0 0 0 0 0 0 0 0 0 0 0 0 0 0 0 0 0 0 0 0 0 0 0 0 0 0 0 0 0 0 0 0 0 1 1 1 1 1 
