# This file contains a 2D laser scan observation. 
# Its format is: 
# [aperture] [max_range] [number_of_scans] 
# [vector_of_scans] 
# [vector_of_valid_scans] 
# The aperture of the sensor is in radians, the maximum range 
# and measurements are in meters. '1' means a valid scan, '0' otherwise.
4.1847
5.6
682
1.703 1.71 1.722 1.742 1.752 1.769 1.776 1.79 1.805 1.821 1.831 1.845 1.861 1.878 1.886 1.905 1.921 1.939 1.948 1.965 1.986 2.002 2.018 2.028 2.047 2.068 2.095 2.11 2.129 2.167 2.193 2.209 2.209 2.211 2.211 2.211 2.222 2.25 2.283 2.319 2.341 2.372 2.407 2.431 2.47 2.497 2.527 2.558 2.598 2.63 2.668 2.712 2.745 2.785 2.825 2.864 2.923 2.969 3.012 3.056 3.098 3.166 3.223 3.281 3.346 3.404 3.475 3.549 3.6 3.676 3.773 3.843 3.937 3.982 3.982 3.982 0.633 0.628 0.625 0.625 0.625 0.625 0.626 0.628 0.628 0.628 0.627 0.627 0.622 0.622 0.622 0.618 0.622 0.618 0.618 0.618 0.618 0.615 0.615 0.62 0.618 0.618 0.618 0.616 0.613 0.612 0.613 0.616 0.616 0.616 0.616 0.616 0.616 0.611 0.616 0.611 0.609 0.609 0.612 0.612 0.612 0.615 0.615 0.615 0.611 0.611 0.611 0.611 0.613 0.613 0.615 0.615 0.615 0.615 0.615 0.615 0.615 0.615 0.615 0.615 0.618 0.62 0.62 0.62 0.625 0.625 0.625 0.624 0.625 0.625 0.626 0.626 0.629 0.629 0.631 0.631 0.633 0.633 0.636 0.636 0.637 0.638 0.638 0.638 0.64 0.648 0.648 0.648 0.646 0.649 0.649 0.649 0.652 0.654 0.655 0.655 0.658 0.658 0.66 0.663 0.664 0.664 0.664 0.666 0.668 0.67 0.672 0.673 0.674 0.679 0.679 0.682 0.685 0.688 0.688 0.688 0.688 0.688 0.688 0.695 0.695 0.699 0.703 0.708 0.713 0.713 0.714 0.716 0.719 0.72 0.721 0.721 0.725 0.726 0.736 0.737 0.742 0.745 0.745 0.745 0.756 0.756 0.763 0.766 0.767 0.769 0.781 0.781 0.783 0.788 0.79 0.795 0.807 0.808 0.811 0.811 0.814 0.826 0.829 0.83 0.837 0.84 0.844 0.851 0.854 0.861 0.866 0.868 0.882 0.885 0.888 0.894 0.898 0.907 0.908 0.916 0.93 0.935 0.945 0.946 0.952 0.959 0.97 0.976 0.979 0.983 0.997 1.002 1.005 1.022 1.025 1.033 1.033 1.033 1.027 1.019 1.016 1.016 1.01 1.008 1 1 1 1 1 1 1.005 1.005 1.015 1.03 1.038 1.054 1.086 1.258 1.284 1.304 1.318 1.337 1.355 1.359 1.386 1.401 1.426 1.441 1.469 1.482 1.51 1.525 1.546 1.572 1.593 1.614 1.637 1.673 1.696 1.729 1.76 1.795 1.819 1.86 1.894 1.926 1.956 1.993 2.033 2.066 2.113 2.148 2.215 2.434 2.437 4.95 4.963 4.963 4.953 4.95 4.937 4.932 4.914 4.907 4.902 4.901 4.892 4.881 4.873 4.871 4.867 4.867 4.862 4.85 4.848 4.84 4.836 4.835 4.829 4.824 4.816 4.815 4.81 4.81 4.807 4.806 2.852 2.847 2.844 2.844 2.844 2.844 2.844 2.844 2.844 2.844 2.843 2.844 2.845 2.847 2.847 2.848 2.851 2.852 2.854 2.855 2.856 2.86 2.861 2.863 2.866 2.869 2.87 2.869 2.866 2.843 2.843 2.843 0 0 0 0 0 0 1.02 0.995 0.981 0.981 0.981 0.981 0.985 0.985 0.981 0.964 0.887 0.884 0.882 0.88 0.879 0.875 0.872 0.871 0.871 0.871 0.871 0.88 0.88 0.884 0.884 0.884 0.884 0.889 0.895 0.898 0.9 0.902 0.902 0.906 0.916 0.92 0.92 0.92 0.923 0.923 0.925 0.928 0.928 0.927 0.928 0.928 0.928 0.932 0.934 0.937 0.937 0.945 0.95 0.954 0.957 0.973 0.006 0.006 0.006 0.006 0.006 0.006 0.006 0.006 0.006 0.006 0.006 0.006 0.006 0.006 0.006 0.006 0.006 0.006 0.006 0 0 0 0 0 0 0 0 0 0 0 0 0 0 0 0 0 0 5.211 5.174 1.885 1.879 1.866 1.856 1.833 1.826 1.822 1.807 1.79 1.781 1.776 1.765 1.749 1.749 1.735 1.728 1.715 1.708 1.694 1.686 1.683 1.668 1.662 1.648 1.645 1.596 1.522 1.52 1.497 1.484 1.482 1.475 1.474 1.474 1.475 1.478 1.484 1.494 1.498 1.513 1.521 1.521 1.521 1.507 1.501 1.498 1.498 1.488 1.486 1.474 1.469 1.458 1.457 1.456 1.449 1.447 1.441 1.436 1.433 1.424 1.413 1.413 1.412 1.409 1.399 1.397 1.396 1.395 1.389 1.386 1.381 1.369 1.368 1.367 1.366 1.364 1.364 1.36 1.355 1.346 1.346 1.346 1.341 1.34 1.335 1.334 1.332 1.325 1.325 1.316 1.315 1.312 1.312 1.309 1.309 1.307 1.307 1.305 1.303 1.302 1.3 1.284 1.284 1.281 1.28 1.279 1.278 1.277 1.278 1.278 1.285 1.287 1.289 1.31 3.245 3.245 3.245 3.241 3.239 3.239 3.239 3.239 3.239 3.23 3.23 3.233 3.227 3.227 3.225 3.225 3.225 3.232 3.232 3.232 3.234 3.232 3.231 2.71 2.67 2.659 2.646 2.638 2.637 2.633 2.627 2.625 2.625 2.62 2.62 2.62 2.62 2.62 2.62 2.629 2.631 2.631 2.629 1.974 1.974 1.944 1.917 1.88 1.864 1.851 1.844 1.822 1.782 1.769 1.734 1.724 1.702 1.682 1.642 1.627 1.605 1.54 1.525 1.521 1.496 1.484 1.468 1.46 1.447 1.447 1.447 1.447 1.447 
1 1 1 1 1 1 1 1 1 1 1 1 1 1 1 1 1 1 1 1 1 1 1 1 1 1 1 1 1 1 1 1 1 1 1 1 1 1 1 1 1 1 1 1 1 1 1 1 1 1 1 1 1 1 1 1 1 1 1 1 1 1 1 1 1 1 1 1 1 1 1 1 1 1 1 1 1 1 1 1 1 1 1 1 1 1 1 1 1 1 1 1 1 1 1 1 1 1 1 1 1 1 1 1 1 1 1 1 1 1 1 1 1 1 1 1 1 1 1 1 1 1 1 1 1 1 1 1 1 1 1 1 1 1 1 1 1 1 1 1 1 1 1 1 1 1 1 1 1 1 1 1 1 1 1 1 1 1 1 1 1 1 1 1 1 1 1 1 1 1 1 1 1 1 1 1 1 1 1 1 1 1 1 1 1 1 1 1 1 1 1 1 1 1 1 1 1 1 1 1 1 1 1 1 1 1 1 1 1 1 1 1 1 1 1 1 1 1 1 1 1 1 1 1 1 1 1 1 1 1 1 1 1 1 1 1 1 1 1 1 1 1 1 1 1 1 1 1 1 1 1 1 1 1 1 1 1 1 1 1 1 1 1 1 1 1 1 1 1 1 1 1 1 1 1 1 1 1 1 1 1 1 1 1 1 1 1 1 1 1 1 1 1 1 1 1 1 1 1 1 1 1 1 1 1 1 1 1 1 1 1 1 1 1 1 1 1 1 1 1 1 1 1 1 1 1 1 1 1 1 1 1 1 1 1 1 1 1 1 1 1 1 1 1 1 1 1 1 1 1 1 1 1 1 1 1 1 1 1 1 1 1 1 1 1 1 1 1 1 1 1 1 1 1 1 1 1 1 1 1 1 1 1 1 1 1 1 1 1 1 1 1 1 1 0 0 0 0 0 0 1 1 1 1 1 1 1 1 1 1 1 1 1 1 1 1 1 1 1 1 1 1 1 1 1 1 1 1 1 1 1 1 1 1 1 1 1 1 1 1 1 1 1 1 1 1 1 1 1 1 1 1 1 1 1 1 0 0 0 0 0 0 0 0 0 0 0 0 0 0 0 0 0 0 0 0 0 0 0 0 0 0 0 0 0 0 0 0 0 0 0 0 0 1 1 1 1 1 1 1 1 1 1 1 1 1 1 1 1 1 1 1 1 1 1 1 1 1 1 1 1 1 1 1 1 1 1 1 1 1 1 1 1 1 1 1 1 1 1 1 1 1 1 1 1 1 1 1 1 1 1 1 1 1 1 1 1 1 1 1 1 1 1 1 1 1 1 1 1 1 1 1 1 1 1 1 1 1 1 1 1 1 1 1 1 1 1 1 1 1 1 1 1 1 1 1 1 1 1 1 1 1 1 1 1 1 1 1 1 1 1 1 1 1 1 1 1 1 1 1 1 1 1 1 1 1 1 1 1 1 1 1 1 1 1 1 1 1 1 1 1 1 1 1 1 1 1 1 1 1 1 1 1 1 1 1 1 1 1 1 1 1 1 1 1 1 1 1 1 1 1 1 1 1 1 1 1 1 1 1 1 1 
