# This file contains a 2D laser scan observation. 
# Its format is: 
# [aperture] [max_range] [number_of_scans] 
# [vector_of_scans] 
# [vector_of_valid_scans] 
# The aperture of the sensor is in radians, the maximum range 
# and measurements are in meters. '1' means a valid scan, '0' otherwise.
4.1847
5.6
682
0.892 0.905 0.906 0.941 0.95 0.958 0.959 0.961 0.961 0.959 0.958 0.951 0.951 0.951 0.953 0.959 0.968 0.969 0.985 0.987 0.99 1.003 1.219 1.247 1.26 1.26 1.247 1.24 1.189 1.177 1.078 1.078 1.075 1.075 1.081 0 0 0 1.566 1.566 1.566 1.544 0 0.007 0 0 0.007 0 0.015 0.007 1.491 1.48 1.488 1.488 1.491 0 0 0 0 0 1.498 1.49 1.243 1.241 1.241 1.241 1.249 1.924 1.924 1.924 1.913 1.902 1.895 1.892 1.88 1.879 1.865 1.863 1.861 1.86 1.856 1.843 1.837 1.816 1.682 1.682 1.682 1.747 1.816 1.816 1.816 1.801 1.799 1.795 1.795 1.791 1.786 1.786 1.774 1.771 1.77 1.768 1.762 1.758 1.758 1.756 1.748 1.738 1.738 1.738 1.738 1.738 1.727 1.725 1.721 1.72 1.719 1.717 1.716 1.714 1.714 1.714 1.711 1.711 1.709 1.697 1.697 1.698 1.698 1.698 1.7 1.7 1.698 1.688 1.688 1.688 1.688 1.688 1.689 1.689 1.69 1.69 1.69 1.689 1.684 1.683 1.68 1.678 1.68 1.678 1.678 1.675 1.687 1.675 1.676 1.676 1.679 1.677 1.679 1.683 1.681 1.683 1.683 1.684 1.683 1.683 1.683 1.683 1.683 1.683 1.686 1.683 1.688 1.69 1.702 1.695 1.702 1.7 1.701 1.701 1.702 1.702 1.705 1.713 1.705 0 0.007 0 1.726 1.737 1.737 1.737 1.737 1.739 1.742 1.746 1.748 1.756 1.76 1.76 1.762 1.764 1.767 1.77 1.773 1.784 0 0 0 0 0 0 0 0 0 0 0 0 1.854 1.854 1.854 1.857 1.857 1.867 1.872 1.873 1.884 1.887 1.898 1.899 1.906 1.914 1.917 1.931 1.934 1.938 1.942 1.951 1.966 1.971 1.983 1.989 1.997 2 2.007 2.011 2.022 2.034 2.044 2.047 2.058 2.06 2.076 2.091 2.091 2.091 2.022 2.022 2.022 2.141 2.154 2.163 2.174 2.175 2.197 2.211 2.217 2.229 2.234 2.254 2.275 2.277 2.287 2.296 2.296 2.296 2.28 2.267 2.246 2.24 2.224 2.214 2.197 2.176 2.152 1.678 1.678 1.678 1.703 2.059 2.059 2.059 1.805 0.905 0.905 0.905 0.964 0.991 0.996 1.001 1.001 1.004 1.007 1.007 1.011 1.722 1.722 1.722 0.981 0.917 0.868 0.868 0.868 0.868 0.876 0.881 0.901 0.951 0.951 0.954 0.954 0.954 0.954 0.957 0.971 0.981 0.988 1.528 1.597 1.613 1.625 1.644 1.644 1.644 0.717 0.715 0.7 0.7 0.7 0.703 0.726 0.007 1.71 1.71 1.71 1.709 1.702 1.701 1.7 1.698 1.693 1.682 1.681 1.681 1.674 1.677 1.673 1.668 1.668 1.668 1.668 1.661 1.661 1.191 1.191 1.191 1.204 1.305 1.376 1.442 1.457 1.464 1.487 1.499 1.546 1.547 1.55 1.619 1.621 1.624 1.624 1.624 1.614 1.612 1.611 1.611 1.612 1.611 1.611 1.611 1.607 1.602 1.601 1.601 1.6 1.6 1.6 1.6 1.601 1.601 1.6 1.594 1.593 1.593 1.592 1.592 1.592 1.596 1.592 1.592 1.598 1.592 1.592 1.597 1.599 1.597 1.604 1.598 1.604 1.598 1.601 1.601 1.606 1.605 1.607 1.609 1.61 1.611 1.611 1.615 1.618 1.618 1.618 1.619 1.619 1.623 1.628 1.63 1.632 1.632 1.634 1.634 1.638 1.638 1.641 1.642 1.647 1.648 1.65 1.65 1.651 1.656 1.656 1.66 1.661 1.668 1.673 1.679 1.679 1.684 1.692 1.696 1.696 1.702 1.702 1.706 1.708 1.712 1.714 1.724 1.725 1.731 1.731 1.731 1.724 1.674 1.603 1.458 1.324 1.281 1.259 1.251 1.25 1.25 1.251 1.251 1.251 1.251 1.247 1.243 1.235 1.223 1.193 1.157 1.097 1.039 0.974 0.917 0.882 0.858 0.856 0.833 0.818 0.81 0.806 0.806 0.806 0.806 0.812 0.816 0.822 0.823 0.828 0.831 0.831 0.839 0.842 0.848 0.853 0.855 0.859 0.861 0.869 0.87 0.883 0.886 0.898 0.899 0.906 0.907 0.915 0.919 0.921 0.933 0.936 0.949 0.957 0.958 0.959 0.968 0.976 0.982 0.987 0.991 1.003 1.009 1.013 1.019 1.025 1.028 1.032 1.044 1.056 1.066 1.075 1.081 1.099 1.112 1.124 1.13 1.142 1.154 1.16 1.163 1.181 1.237 0 0.007 0 1.237 1.156 1.142 1.133 0.932 0.893 0.891 0.887 0.886 0.877 0.876 0.875 0.872 0.868 0.866 0.866 0.863 0.861 0.858 0.858 0.858 0.863 0.873 0.873 0.873 0.873 0.871 0.871 0.871 0.871 0.864 0.861 0.858 0.851 0.851 0.848 0.847 0.845 0.845 0.841 0.839 0.839 0.832 0.832 0.832 0.832 0.83 0.827 0.825 0.827 0.827 0.825 0.825 0.825 0.822 0.822 0.821 0.818 0.798 0.796 0.796 0.795 0.793 0.792 0.785 0.785 0.785 0.785 0.785 0.788 0.788 0.788 0.788 0.79 0.79 0.79 0.791 0.791 0.791 0.794 0.794 0.787 0.787 0.79 0.79 0.799 0.799 0.799 0.794 0.794 0.794 0.796 0.796 0.796 0.791 0.787 0.787 0.786 0.791 0.793 0.793 0.794 0.796 0.801 0.801 0.804 0.806 0.806 0.806 0.806 0.806 0.808 0.811 
1 1 1 1 1 1 1 1 1 1 1 1 1 1 1 1 1 1 1 1 1 1 1 1 1 1 1 1 1 1 1 1 1 1 1 0 0 0 1 1 1 1 0 0 0 0 0 0 0 0 1 1 1 1 1 0 0 0 0 0 1 1 1 1 1 1 1 1 1 1 1 1 1 1 1 1 1 1 1 1 1 1 1 1 1 1 1 1 1 1 1 1 1 1 1 1 1 1 1 1 1 1 1 1 1 1 1 1 1 1 1 1 1 1 1 1 1 1 1 1 1 1 1 1 1 1 1 1 1 1 1 1 1 1 1 1 1 1 1 1 1 1 1 1 1 1 1 1 1 1 1 1 1 1 1 1 1 1 1 1 1 1 1 1 1 1 1 1 1 1 1 1 1 1 1 1 1 1 1 1 1 1 1 1 1 0 0 0 1 1 1 1 1 1 1 1 1 1 1 1 1 1 1 1 1 1 0 0 0 0 0 0 0 0 0 0 0 0 1 1 1 1 1 1 1 1 1 1 1 1 1 1 1 1 1 1 1 1 1 1 1 1 1 1 1 1 1 1 1 1 1 1 1 1 1 1 1 1 1 1 1 1 1 1 1 1 1 1 1 1 1 1 1 1 1 1 1 1 1 1 1 1 1 1 1 1 1 1 1 1 1 1 1 1 1 1 1 1 1 1 1 1 1 1 1 1 1 1 1 1 1 1 1 1 1 1 1 1 1 1 1 1 1 1 1 1 1 1 1 1 1 1 1 1 1 1 1 1 1 1 1 0 1 1 1 1 1 1 1 1 1 1 1 1 1 1 1 1 1 1 1 1 1 1 1 1 1 1 1 1 1 1 1 1 1 1 1 1 1 1 1 1 1 1 1 1 1 1 1 1 1 1 1 1 1 1 1 1 1 1 1 1 1 1 1 1 1 1 1 1 1 1 1 1 1 1 1 1 1 1 1 1 1 1 1 1 1 1 1 1 1 1 1 1 1 1 1 1 1 1 1 1 1 1 1 1 1 1 1 1 1 1 1 1 1 1 1 1 1 1 1 1 1 1 1 1 1 1 1 1 1 1 1 1 1 1 1 1 1 1 1 1 1 1 1 1 1 1 1 1 1 1 1 1 1 1 1 1 1 1 1 1 1 1 1 1 1 1 1 1 1 1 1 1 1 1 1 1 1 1 1 1 1 1 1 1 1 1 1 1 1 1 1 1 1 1 1 1 1 1 1 1 1 1 1 1 1 1 1 1 1 1 1 1 1 1 1 1 1 1 1 1 1 1 1 1 0 0 0 1 1 1 1 1 1 1 1 1 1 1 1 1 1 1 1 1 1 1 1 1 1 1 1 1 1 1 1 1 1 1 1 1 1 1 1 1 1 1 1 1 1 1 1 1 1 1 1 1 1 1 1 1 1 1 1 1 1 1 1 1 1 1 1 1 1 1 1 1 1 1 1 1 1 1 1 1 1 1 1 1 1 1 1 1 1 1 1 1 1 1 1 1 1 1 1 1 1 1 1 1 1 1 1 1 1 1 1 1 1 1 1 1 
