# This file contains a 2D laser scan observation. 
# Its format is: 
# [aperture] [max_range] [number_of_scans] 
# [vector_of_scans] 
# [vector_of_valid_scans] 
# The aperture of the sensor is in radians, the maximum range 
# and measurements are in meters. '1' means a valid scan, '0' otherwise.
4.1847
5.6
682
0.846 0.763 0.745 0.738 0.727 0.726 0.715 0.715 0.702 0.689 0.685 0.685 0.685 0.683 0.687 0.687 0.681 0.681 0.666 0.666 0.661 0.651 0.641 0.636 0.625 0.625 0.624 0.62 0.605 0.6 0.598 0.595 0.595 0.593 0.582 0.577 0.572 0.57 0.564 0.56 0.56 0.557 0.556 0.54 0.539 0.521 0.519 0.517 0.507 0.505 0.497 0.497 0.497 0.497 0.493 0.492 0.492 0.487 0.483 0.475 0.475 0.475 0.474 0.472 0.472 0.465 0.462 0.462 0.461 0.461 0.458 0.453 0.452 0.444 0.444 0.446 0.444 0.444 0.441 0.441 0.438 0.438 0.436 0.433 0.431 0.431 0.43 0.43 0.427 0.426 0.419 0.419 0.419 0.419 0.419 0.418 0.415 0.415 0.415 0.41 0.407 0.407 0.408 0.406 0.408 0.41 0.41 0.409 0.409 0.409 0.405 0.409 0.401 0.405 0.401 0.403 0.399 0.395 0.395 0.395 0.395 0.396 0.398 0.397 0.397 0.396 0.395 0.392 0.391 0.389 0.389 0.386 0.383 0.386 0.383 0.383 0.386 0.386 0.381 0.381 0.371 0.371 0.377 0.37 0.374 0.376 0.376 0.374 0.374 0.373 0.37 0.37 0.37 0.37 0.374 0.374 0.374 0.374 0.374 0.374 0.374 0.374 0.374 0.372 0.375 0.375 0.375 0.376 0.38 0.381 0.381 0.381 0.381 0.381 0.381 0.381 0.377 0.377 0.377 0.376 0.376 0.371 0.371 0.371 0.371 0.375 0.375 0.375 0.375 0.374 0.371 0.366 0.366 0.366 0.366 0.369 0.369 0.365 0.364 0.364 0.363 0.363 0.364 0.364 0.364 0.364 0.364 0.364 0.364 0.367 0.367 0.367 0.368 0.369 0.369 0.373 0.371 0.371 0.372 0.372 0.372 0.374 0.375 0.376 0.376 0.383 0.385 0.399 0.891 0.918 0.92 0.928 0.933 0.933 0.934 0.934 0.934 0.943 0.946 0.947 0.948 0.952 0.954 0.955 0.959 0.961 0.963 0.964 0.967 0.975 0.976 0.977 0.981 0.981 0.983 0.989 0.993 0.997 0.999 1.005 1.005 1.007 1.012 1.018 1.022 1.025 1.03 1.034 1.035 1.038 1.041 1.052 1.054 1.063 1.068 1.069 1.073 1.073 1.074 1.078 1.092 1.095 1.102 1.111 1.121 1.123 1.123 1.126 1.13 1.137 1.141 1.142 1.154 1.158 1.168 1.171 1.172 1.187 1.197 1.198 1.206 1.218 1.225 1.225 1.238 1.252 1.254 1.263 1.271 1.28 1.282 1.289 1.31 1.321 1.332 1.34 1.344 1.357 1.366 1.369 1.393 1.395 1.421 1.423 1.425 1.447 1.462 1.478 1.479 1.497 1.507 1.517 1.526 1.552 1.563 1.579 1.592 1.595 1.618 1.618 1.618 1.57 1.523 1.522 1.522 1.522 1.536 1.555 1.567 1.588 1.61 1.625 1.634 1.65 1.675 1.69 1.707 1.726 1.73 1.766 1.779 1.808 1.826 1.841 1.874 1.889 1.921 1.931 1.96 1.986 2.006 2.036 2.066 2.107 2.155 0 0 0 0 0.006 0.006 0.006 0.006 0.006 0.006 0.006 0 0 0 0 0.006 0.006 0.006 0 0 0 4.161 4.158 4.155 4.133 4.13 4.121 4.114 4.112 4.11 4.097 4.095 4.095 4.093 4.093 4.082 4.08 4.075 4.069 4.067 4.062 4.057 4.057 4.054 4.054 4.049 4.048 4.048 4.046 4.046 4.042 4.037 2.025 2.011 2.009 2.009 2.009 2.012 2.012 2.012 2.012 0.924 0.834 0.833 0.833 0.834 0.834 0.835 0.837 0.84 0.837 0.837 0.837 0.818 0.789 0.755 0.709 0.654 0.573 0.558 0.557 0.557 0.558 0.577 0.678 0.68 0.697 0.697 0.697 0.685 0.679 0.67 0.669 0.663 0.667 0.663 0.661 0.661 0.661 0.654 0.655 0.652 0.65 0.644 0.644 0.643 0.641 0.637 0.637 0.635 0.635 0.635 0.627 0.627 0.581 0.579 0.579 0.577 0.572 0.577 0.582 0.572 0.582 0.582 0.585 0.586 0.586 0.586 0.588 0.593 0.594 0.597 0.6 0.604 0.604 0.606 0.606 0.606 0.606 0.609 0.609 0.609 0.613 0.632 0.641 0.695 0.954 0.96 0.963 0.965 0.973 0.975 0.977 0.979 0.984 0.984 0.996 1.004 1.004 1.004 1.02 1.02 1.025 1.027 1.035 1.04 1.042 1.049 1.051 1.058 1.065 1.07 1.077 1.082 1.089 1.09 1.093 1.109 1.11 1.113 1.123 1.127 1.137 1.145 1.148 1.149 1.166 1.174 1.174 1.174 1.171 1.155 1.146 1.139 1.139 1.136 1.122 1.117 1.116 1.11 1.103 1.095 1.089 1.086 1.076 1.072 1.064 1.058 1.054 1.052 1.051 1.042 1.033 1.032 1.031 1.027 1.024 1.016 1.016 1.017 1.024 1.176 1.176 1.176 1.17 1.147 1.147 1.145 1.137 1.132 1.132 1.137 1.142 1.142 1.142 1.109 1.082 1.082 1.082 1.095 1.159 1.165 1.166 1.166 1.167 1.193 1.21 1.217 1.251 1.297 1.299 1.319 1.321 0 0 0 0 0.007 0 0 0 0 0 0 0 0 0 0 2.204 2.19 1.567 1.567 1.567 2.169 2.169 2.169 2.169 2.163 2.042 2.042 2.042 2.141 2.143 2.149 2.149 2.149 2.148 2.148 2.142 2.14 2.138 2.134 2.132 2.127 2.125 2.125 2.125 2.121 2.121 2.121 2.119 2.119 2.121 2.119 2.118 2.116 2.116 
1 1 1 1 1 1 1 1 1 1 1 1 1 1 1 1 1 1 1 1 1 1 1 1 1 1 1 1 1 1 1 1 1 1 1 1 1 1 1 1 1 1 1 1 1 1 1 1 1 1 1 1 1 1 1 1 1 1 1 1 1 1 1 1 1 1 1 1 1 1 1 1 1 1 1 1 1 1 1 1 1 1 1 1 1 1 1 1 1 1 1 1 1 1 1 1 1 1 1 1 1 1 1 1 1 1 1 1 1 1 1 1 1 1 1 1 1 1 1 1 1 1 1 1 1 1 1 1 1 1 1 1 1 1 1 1 1 1 1 1 1 1 1 1 1 1 1 1 1 1 1 1 1 1 1 1 1 1 1 1 1 1 1 1 1 1 1 1 1 1 1 1 1 1 1 1 1 1 1 1 1 1 1 1 1 1 1 1 1 1 1 1 1 1 1 1 1 1 1 1 1 1 1 1 1 1 1 1 1 1 1 1 1 1 1 1 1 1 1 1 1 1 1 1 1 1 1 1 1 1 1 1 1 1 1 1 1 1 1 1 1 1 1 1 1 1 1 1 1 1 1 1 1 1 1 1 1 1 1 1 1 1 1 1 1 1 1 1 1 1 1 1 1 1 1 1 1 1 1 1 1 1 1 1 1 1 1 1 1 1 1 1 1 1 1 1 1 1 1 1 1 1 1 1 1 1 1 1 1 1 1 1 1 1 1 1 1 1 1 1 1 1 1 1 1 1 1 1 1 1 1 1 1 1 1 1 1 1 1 1 1 1 1 1 1 1 1 1 1 1 1 1 1 1 1 1 1 1 1 1 1 1 1 1 1 1 1 1 1 1 1 1 1 1 1 0 0 0 0 0 0 0 0 0 0 0 0 0 0 0 0 0 0 0 0 0 1 1 1 1 1 1 1 1 1 1 1 1 1 1 1 1 1 1 1 1 1 1 1 1 1 1 1 1 1 1 1 1 1 1 1 1 1 1 1 1 1 1 1 1 1 1 1 1 1 1 1 1 1 1 1 1 1 1 1 1 1 1 1 1 1 1 1 1 1 1 1 1 1 1 1 1 1 1 1 1 1 1 1 1 1 1 1 1 1 1 1 1 1 1 1 1 1 1 1 1 1 1 1 1 1 1 1 1 1 1 1 1 1 1 1 1 1 1 1 1 1 1 1 1 1 1 1 1 1 1 1 1 1 1 1 1 1 1 1 1 1 1 1 1 1 1 1 1 1 1 1 1 1 1 1 1 1 1 1 1 1 1 1 1 1 1 1 1 1 1 1 1 1 1 1 1 1 1 1 1 1 1 1 1 1 1 1 1 1 1 1 1 1 1 1 1 1 1 1 1 1 1 1 1 1 1 1 1 1 1 1 1 1 1 1 1 1 1 1 1 1 1 1 1 1 1 1 1 1 1 1 1 0 0 0 0 0 0 0 0 0 0 0 0 0 0 0 1 1 1 1 1 1 1 1 1 1 1 1 1 1 1 1 1 1 1 1 1 1 1 1 1 1 1 1 1 1 1 1 1 1 1 1 1 1 1 
