# This file contains a 2D laser scan observation. 
# Its format is: 
# [aperture] [max_range] [number_of_scans] 
# [vector_of_scans] 
# [vector_of_valid_scans] 
# The aperture of the sensor is in radians, the maximum range 
# and measurements are in meters. '1' means a valid scan, '0' otherwise.
4.1847
5.6
682
0.339 0.341 0.337 0.337 0.337 0.331 0.331 0.331 0.328 0.331 0.331 0.324 0.32 0.32 0.32 0.32 0.324 0.326 0.326 0.324 0.322 0.32 0.317 0.315 0.315 0.315 0.315 0.316 0.318 0.339 0.34 0.581 0.641 0.641 0.641 0.641 0.641 0.641 0.64 0.641 0.643 0.643 0.643 0.643 0.645 0.645 0.643 0.646 0.649 0.648 0.646 0.648 0.651 0.651 0.651 0.651 0.652 0.652 0.652 0.652 0.652 0.653 0.654 0.655 0.658 0.664 0.667 0.667 0.667 0.668 0.664 0.664 0.668 0.669 0.67 0.672 0.675 0.675 0.678 0.678 0.682 0.683 0.683 0.683 0.683 0.688 0.69 0.69 0.69 0.691 0.691 0.691 0.691 0.704 0.705 0.706 0.707 0.71 0.716 0.717 0.717 0.718 0.719 0.723 0.723 0.729 0.733 0.734 0.738 0.739 0.741 0.747 0.751 0.752 0.753 0.756 0.758 0.762 0.765 0.767 0.769 0.774 0.775 0.785 0.786 0.787 0.791 0.792 0.795 0.814 0.816 0.816 0.818 0.822 0.83 0.83 0.837 0.838 0.841 0.846 0.849 0.864 0.867 0.874 0.88 0.886 0.887 0.889 0.891 0.905 0.911 0.912 0.916 0.925 0.93 0.932 0.939 0.948 0.957 0.969 0.97 0.971 0.992 0.992 0.996 1.006 1.012 1.014 1.029 1.031 1.031 1.031 1.05 1.074 1.084 1.09 1.103 1.11 1.115 1.132 1.137 1.153 1.157 1.166 1.173 1.192 0 0 0.008 0 0 0.007 0 1.329 1.338 1.338 1.338 1.362 1.379 1.386 1.402 1.431 1.432 1.442 1.481 1.493 1.524 1.54 1.557 1.571 1.594 1.619 1.646 1.679 1.704 1.72 1.784 1.804 1.836 1.836 1.869 1.876 1.961 0 2.064 2.095 2.122 2.122 2.122 0 0 0 0 2.476 2.476 2.476 2.476 2.476 1.404 1.354 1.346 1.337 1.321 1.32 1.303 1.296 1.296 1.293 1.279 1.279 1.279 1.287 1.322 0 0 0 0.943 0.943 0.943 0 0 0 0 0 3.534 3.534 0.007 3.534 1.796 1.79 1.78 1.779 1.772 1.749 1.511 1.51 1.508 1.508 1.508 1.512 1.52 1.53 1.534 1.54 1.549 3.581 3.609 0 0 0 0 0 0 0 3.578 3.578 3.578 3.582 3.586 3.589 3.592 3.597 3.597 3.599 3.6 3.603 3.609 3.612 3.616 3.618 3.626 3.63 3.638 3.642 3.649 3.651 3.658 3.664 3.665 3.68 3.685 3.685 3.688 3.701 3.71 3.713 3.714 3.733 3.739 3.739 3.74 3.767 3.767 3.771 3.774 3.783 3.804 3.807 3.809 3.819 3.827 3.827 3.845 3.854 3.862 3.876 3.889 3.894 3.911 3.915 3.933 3.94 3.951 3.959 3.966 3.986 4 4.018 4.032 4.042 4.051 4.065 4.084 4.105 4.107 4.128 4.141 4.158 4.17 4.191 4.207 4.22 4.246 4.266 4.277 4.297 4.322 4.348 4.368 4.384 4.384 4.384 3.953 3.942 3.928 3.91 3.873 3.834 3.823 3.771 3.75 3.721 3.711 3.679 3.645 3.597 3.549 3.527 3.508 3.481 3.458 3.434 3.411 3.391 3.372 3.342 3.317 3.304 3.285 3.264 3.242 3.224 3.224 3.224 3.241 3.268 3.3 3.3 3.3 3.317 3.431 3.431 3.463 3.499 3.53 3.55 3.584 3.603 3.625 3.625 3.625 3.622 3.601 3.591 3.568 3.554 3.545 3.524 3.509 3.492 3.452 3.448 3.448 3.448 3.434 2.306 2.288 2.227 2.21 2.21 2.21 2.242 2.248 2.248 2.266 2.391 2.455 2.455 2.455 2.455 2.452 2.452 2.452 2.452 2.447 2.448 2.446 2.446 2.448 3.146 3.146 3.146 3.132 3.132 3.12 2.024 2.024 2.024 3.081 3.081 3.081 3.081 3.081 3.079 0.694 0.675 0.669 0.658 0.643 0.631 0.629 0.626 0.626 0.617 0.609 0.607 0.6 0.596 0.594 0.588 0.586 0.58 0.578 0.575 0.576 0.575 0.574 0.564 0.563 0.561 0.561 0.561 0.559 0.559 0.559 0.557 0.557 0.551 0.551 0.544 0.544 0.544 0.544 0.544 0.551 0.551 0.551 0.551 0.551 0.55 0.551 0.55 0.547 0.543 0.547 0.547 0.553 0.556 0.556 0.556 0.556 0.556 0.556 0.553 0.559 0.554 0.554 0.558 0.562 0.563 0.567 0.569 0.574 0.574 0.575 0.575 0.577 0.581 0.589 0.596 0.602 0.602 0.603 0.606 0.606 0.609 0.623 0.637 0.65 0.652 0.654 0.686 0.716 0.934 0.934 0.934 0.904 0.885 0.863 0.857 0.827 0.815 0.8 0.781 0.769 0.763 0.733 0.725 0.704 0.695 0.682 0.678 0.667 0.656 0.642 0.627 0.622 0.612 0.604 0.598 0.587 0.586 0.572 0.572 0.558 0.554 0.536 0.532 0.527 0.52 0.514 0.513 0.507 0.501 0.492 0.492 0.488 0.486 0.478 0.465 0.458 0.457 0.454 0.444 0.442 0.439 0.433 0.432 0.425 0.416 0.415 0.41 0.408 0.404 0.402 0.398 0.395 0.392 0.389 0.388 0.386 0.385 0.379 0.376 0.375 0.375 0.369 0.366 0.365 0.361 0.361 0.358 0.357 0.344 0.344 0.343 0.341 0.341 0.342 0.341 0.341 0.342 0.341 0.341 0.341 0.342 0.342 0.343 0.35 0.357 0.359 0.359 0.366 0.366 0.366 0.371 0.376 0.376 0.384 0.386 0.387 0.387 
1 1 1 1 1 1 1 1 1 1 1 1 1 1 1 1 1 1 1 1 1 1 1 1 1 1 1 1 1 1 1 1 1 1 1 1 1 1 1 1 1 1 1 1 1 1 1 1 1 1 1 1 1 1 1 1 1 1 1 1 1 1 1 1 1 1 1 1 1 1 1 1 1 1 1 1 1 1 1 1 1 1 1 1 1 1 1 1 1 1 1 1 1 1 1 1 1 1 1 1 1 1 1 1 1 1 1 1 1 1 1 1 1 1 1 1 1 1 1 1 1 1 1 1 1 1 1 1 1 1 1 1 1 1 1 1 1 1 1 1 1 1 1 1 1 1 1 1 1 1 1 1 1 1 1 1 1 1 1 1 1 1 1 1 1 1 1 1 1 1 1 1 1 1 1 1 1 1 1 1 1 1 1 1 1 1 0 0 0 0 0 0 0 1 1 1 1 1 1 1 1 1 1 1 1 1 1 1 1 1 1 1 1 1 1 1 1 1 1 1 1 1 1 0 1 1 1 1 1 0 0 0 0 1 1 1 1 1 1 1 1 1 1 1 1 1 1 1 1 1 1 1 1 0 0 0 1 1 1 0 0 0 0 0 1 1 0 1 1 1 1 1 1 1 1 1 1 1 1 1 1 1 1 1 1 1 1 0 0 0 0 0 0 0 1 1 1 1 1 1 1 1 1 1 1 1 1 1 1 1 1 1 1 1 1 1 1 1 1 1 1 1 1 1 1 1 1 1 1 1 1 1 1 1 1 1 1 1 1 1 1 1 1 1 1 1 1 1 1 1 1 1 1 1 1 1 1 1 1 1 1 1 1 1 1 1 1 1 1 1 1 1 1 1 1 1 1 1 1 1 1 1 1 1 1 1 1 1 1 1 1 1 1 1 1 1 1 1 1 1 1 1 1 1 1 1 1 1 1 1 1 1 1 1 1 1 1 1 1 1 1 1 1 1 1 1 1 1 1 1 1 1 1 1 1 1 1 1 1 1 1 1 1 1 1 1 1 1 1 1 1 1 1 1 1 1 1 1 1 1 1 1 1 1 1 1 1 1 1 1 1 1 1 1 1 1 1 1 1 1 1 1 1 1 1 1 1 1 1 1 1 1 1 1 1 1 1 1 1 1 1 1 1 1 1 1 1 1 1 1 1 1 1 1 1 1 1 1 1 1 1 1 1 1 1 1 1 1 1 1 1 1 1 1 1 1 1 1 1 1 1 1 1 1 1 1 1 1 1 1 1 1 1 1 1 1 1 1 1 1 1 1 1 1 1 1 1 1 1 1 1 1 1 1 1 1 1 1 1 1 1 1 1 1 1 1 1 1 1 1 1 1 1 1 1 1 1 1 1 1 1 1 1 1 1 1 1 1 1 1 1 1 1 1 1 1 1 1 1 1 1 1 1 1 1 1 1 1 1 1 1 1 1 1 1 1 1 1 1 1 1 1 1 1 1 1 1 1 1 1 1 1 1 1 1 1 1 1 1 1 1 1 1 1 1 1 1 1 1 1 1 1 1 1 1 1 1 1 1 1 1 1 
