# This file contains a 2D laser scan observation. 
# Its format is: 
# [aperture] [max_range] [number_of_scans] 
# [vector_of_scans] 
# [vector_of_valid_scans] 
# The aperture of the sensor is in radians, the maximum range 
# and measurements are in meters. '1' means a valid scan, '0' otherwise.
4.1847
5.6
682
1.029 1.029 1.025 1.025 1.025 1.025 1.025 1.029 1.031 1.033 1.031 1.032 1.033 1.033 1.033 1.033 1.033 1.033 1.033 1.038 1.038 1.038 1.037 1.037 1.037 1.044 1.046 1.046 1.047 1.048 1.048 1.048 1.048 1.049 1.053 1.053 1.053 1.053 1.056 1.06 1.061 1.064 1.065 1.065 1.065 1.068 1.069 1.079 1.079 1.082 1.082 1.082 1.082 1.09 1.09 1.091 1.102 1.102 1.102 0 0 0 0 0 0 1.13 1.129 1.129 1.13 1.133 1.136 1.142 1.147 1.148 1.153 1.155 1.161 1.163 1.165 1.174 1.181 1.182 1.184 1.19 1.195 1.2 1.203 1.205 1.21 1.216 1.225 1.228 1.233 1.239 1.243 1.254 1.254 1.254 0.66 0.66 0.622 0.621 0.618 0.618 0.618 0.618 0.664 0 0 0 1.358 1.353 1.353 1.358 1.368 1.37 1.375 1.39 1.4 1.405 1.414 1.426 1.436 1.443 1.46 0.007 1.49 1.486 1.49 1.49 1.508 1.514 1.514 1.514 1.116 1.021 1.005 0.993 0.98 0.977 0.973 0.969 0.958 0.954 0.95 0.948 0.944 0.944 0.944 0.937 0.932 0.925 0.925 0.925 0.93 0.938 0.939 0.939 0.942 0.942 0.939 0.939 0.939 0.939 0.985 0.987 0.99 1.016 1.031 1.038 1.039 1.058 1.077 1.116 0.007 2.285 2.285 2.313 2.303 2.313 2.313 2.303 1.052 1.051 1.04 1.039 1.039 1.039 1.039 1.038 1.039 1.04 1.04 1.045 1.053 1.053 1.057 1.062 1.111 1.323 3.056 3.08 3.114 3.105 3.105 3.105 3.105 3.103 3.101 3.096 3.094 3.09 3.079 3.079 3.079 0 0 0 0 0 0 0 3.054 3.041 3.027 3.027 3.022 3.018 3.017 3.016 3.013 3.013 3.011 3.002 3.002 2.994 2.994 2.994 3.048 3.048 3.048 3.046 3.038 3.038 3.038 3.037 3.034 3.033 3.033 3.027 3.027 3.027 3.027 3.027 3.027 3.027 3.027 3.027 3.027 3.026 3.027 3.029 3.026 3.03 3.03 3.033 3.033 3.036 3.036 3.037 3.037 3.038 3.043 3.047 3.052 3.054 3.055 3.056 3.06 3.064 3.067 3.071 3.078 3.078 3.078 3.085 3.088 3.092 3.095 3.104 3.107 3.108 3.113 3.119 3.128 3.129 3.138 3.15 3.15 3.153 3.155 3.164 3.172 3.178 3.183 3.187 3.199 3.2 3.206 3.213 3.214 3.227 3.23 3.235 3.255 3.262 3.267 3.275 3.289 3.294 3.299 3.308 3.318 3.328 3.335 3.356 3.357 3.362 3.369 3.391 3.4 3.407 3.42 3.431 3.441 3.456 3.456 3.474 3.488 3.503 3.513 3.533 3.533 3.544 3.556 3.569 3.578 3.591 3.612 3.63 3.645 3.653 3.654 3.693 3.708 3.716 3.741 3.741 3.741 3.293 3.29 3.271 3.237 3.237 3.216 3.183 3.145 3.109 3.085 3.061 3.053 3.022 2.997 2.984 2.966 2.921 2.887 2.863 2.856 2.825 2.817 2.804 2.783 2.768 2.753 2.745 2.726 2.711 2.691 2.684 2.655 2.644 2.643 2.622 2.607 2.59 2.59 2.59 2.595 2.611 2.634 2.653 2.677 2.694 2.713 2.713 2.713 1.92 1.83 1.81 1.81 1.81 2.902 2.934 2.981 3.011 3.011 3.011 3 2.988 2.977 2.962 2.952 2.948 2.928 2.92 2.91 2.903 2.888 2.885 2.772 2.64 2.628 2.628 2.628 2.808 2.808 2.808 2.797 2.797 2.791 2.791 0.007 0 2.505 1.722 1.712 1.684 1.676 1.676 1.676 1.683 1.692 1.692 1.696 1.697 1.709 1.927 1.932 1.935 1.935 1.936 1.941 1.941 1.943 1.946 1.955 2.608 2.61 2.61 2.608 2.608 2.607 2.602 2.596 2.596 2.596 2.595 2.587 2.585 2.582 2.582 2.576 2.575 2.573 2.571 2.569 2.561 2.535 2.479 2.261 2.013 1.482 1.46 1.46 1.46 1.888 1.889 1.892 1.889 1.888 1.887 1.883 1.883 1.877 1.873 1.873 1.873 1.876 1.886 1.886 1.886 1.88 1.868 1.868 1.868 1.869 1.872 1.875 1.875 1.875 1.875 1.87 1.87 1.87 1.87 1.87 1.87 1.864 1.843 1.702 1.529 1.458 1.456 1.456 1.457 1.458 1.461 1.462 1.462 1.462 1.464 1.465 1.466 1.467 1.471 1.473 1.473 1.476 1.476 1.477 1.482 1.495 1.495 1.495 1.435 1.252 1.233 1.205 1.176 1.153 1.139 1.11 1.093 1.072 1.054 1.025 1.017 1 0.976 0.964 0.95 0.928 0.912 0.904 0.896 0.876 0.876 0.876 0.88 0.883 0.884 0.885 0.885 0.888 0.895 0.896 0.901 0.907 0.912 0.914 0.916 0.925 0.929 0.931 0.931 0.937 0.937 0.945 0.948 0.948 0.949 0.953 0.956 0.966 0.966 0.967 0.967 0.967 0.549 0.542 0.533 0.526 0.517 0.497 0.494 0.492 0.49 0.489 0.487 0.487 0.478 0.469 0.469 0.468 0.465 0.464 0.46 0.457 0.456 0.457 0.457 0.455 0.453 0.438 0.438 0.437 0.435 0.435 0.435 0.435 0.435 0.436 0.436 0.435 0.434 0.435 0.433 0.431 0.431 0.43 0.426 0.424 0.42 0.419 0.419 0.42 0.42 0.424 0.424 0.426 0.423 0.426 0.423 0.423 0.423 0.426 0.424 0.426 0.428 0.428 0.433 0.433 0.433 0.43 0.427 0.427 0.428 0.427 0.428 0.43 0.438 
1 1 1 1 1 1 1 1 1 1 1 1 1 1 1 1 1 1 1 1 1 1 1 1 1 1 1 1 1 1 1 1 1 1 1 1 1 1 1 1 1 1 1 1 1 1 1 1 1 1 1 1 1 1 1 1 1 1 1 0 0 0 0 0 0 1 1 1 1 1 1 1 1 1 1 1 1 1 1 1 1 1 1 1 1 1 1 1 1 1 1 1 1 1 1 1 1 1 1 1 1 1 1 1 1 1 1 0 0 0 1 1 1 1 1 1 1 1 1 1 1 1 1 1 1 0 1 1 1 1 1 1 1 1 1 1 1 1 1 1 1 1 1 1 1 1 1 1 1 1 1 1 1 1 1 1 1 1 1 1 1 1 1 1 1 1 1 1 1 1 1 1 1 1 0 1 1 1 1 1 1 1 1 1 1 1 1 1 1 1 1 1 1 1 1 1 1 1 1 1 1 1 1 1 1 1 1 1 1 1 1 1 1 1 1 0 0 0 0 0 0 0 1 1 1 1 1 1 1 1 1 1 1 1 1 1 1 1 1 1 1 1 1 1 1 1 1 1 1 1 1 1 1 1 1 1 1 1 1 1 1 1 1 1 1 1 1 1 1 1 1 1 1 1 1 1 1 1 1 1 1 1 1 1 1 1 1 1 1 1 1 1 1 1 1 1 1 1 1 1 1 1 1 1 1 1 1 1 1 1 1 1 1 1 1 1 1 1 1 1 1 1 1 1 1 1 1 1 1 1 1 1 1 1 1 1 1 1 1 1 1 1 1 1 1 1 1 1 1 1 1 1 1 1 1 1 1 1 1 1 1 1 1 1 1 1 1 1 1 1 1 1 1 1 1 1 1 1 1 1 1 1 1 1 1 1 1 1 1 1 1 1 1 1 1 1 1 1 1 1 1 1 1 1 1 1 1 1 1 1 1 1 1 1 1 1 1 1 1 1 1 1 1 1 1 1 1 1 1 1 1 1 1 1 1 1 1 1 1 1 1 1 0 0 1 1 1 1 1 1 1 1 1 1 1 1 1 1 1 1 1 1 1 1 1 1 1 1 1 1 1 1 1 1 1 1 1 1 1 1 1 1 1 1 1 1 1 1 1 1 1 1 1 1 1 1 1 1 1 1 1 1 1 1 1 1 1 1 1 1 1 1 1 1 1 1 1 1 1 1 1 1 1 1 1 1 1 1 1 1 1 1 1 1 1 1 1 1 1 1 1 1 1 1 1 1 1 1 1 1 1 1 1 1 1 1 1 1 1 1 1 1 1 1 1 1 1 1 1 1 1 1 1 1 1 1 1 1 1 1 1 1 1 1 1 1 1 1 1 1 1 1 1 1 1 1 1 1 1 1 1 1 1 1 1 1 1 1 1 1 1 1 1 1 1 1 1 1 1 1 1 1 1 1 1 1 1 1 1 1 1 1 1 1 1 1 1 1 1 1 1 1 1 1 1 1 1 1 1 1 1 1 1 1 1 1 1 1 1 1 1 1 1 1 1 1 1 1 1 1 1 1 1 1 1 1 1 1 1 1 1 1 
