# This file contains a 2D laser scan observation. 
# Its format is: 
# [aperture] [max_range] [number_of_scans] 
# [vector_of_scans] 
# [vector_of_valid_scans] 
# The aperture of the sensor is in radians, the maximum range 
# and measurements are in meters. '1' means a valid scan, '0' otherwise.
4.1847
5.6
682
1.457 1.469 1.47 1.837 1.848 1.859 1.859 1.871 1.875 1.879 1.894 1.904 1.914 1.923 1.931 1.941 1.953 1.968 1.979 1.983 1.991 2.013 2.025 2.03 2.046 2.05 2.074 2.084 2.1 2.106 2.116 2.134 2.145 2.182 2.187 2.203 2.203 2.203 2.203 2.026 1.965 1.953 1.94 1.937 1.92 1.92 1.913 1.9 1.899 1.892 1.884 1.871 1.868 1.867 1.854 1.853 1.849 1.845 1.844 1.837 1.835 1.83 1.825 1.825 1.822 1.822 1.822 1.834 1.839 1.846 1.855 1.886 1.914 1.967 2.34 2.34 2.34 2.337 2.325 2.324 2.308 2.304 2.298 2.294 2.283 2.277 2.272 2.268 2.265 2.258 2.253 2.241 2.241 2.237 2.225 2.225 2.217 2.216 2.211 2.205 2.195 2.193 2.186 2.184 2.183 2.179 2.178 2.174 2.166 2.16 2.16 2.158 2.15 2.15 2.147 2.146 2.146 2.14 2.13 2.13 2.122 2.12 2.119 2.116 2.114 2.114 2.114 2.114 2.113 2.113 2.111 2.109 2.106 2.106 2.102 2.098 2.098 2.097 2.09 1.575 1.563 1.544 1.542 1.541 1.536 1.526 1.526 1.523 1.52 1.518 1.513 1.513 1.513 1.51 1.51 1.507 1.505 1.505 1.505 1.505 1.507 1.507 1.509 1.51 1.509 1.503 1.482 0.817 0.79 0.779 0.771 0.748 0.745 0.736 0.711 0.697 0.692 0.692 0.692 0.692 0.69 0.687 0.679 0.669 0.653 0.642 0.63 0.62 0.603 0.599 0.598 0.58 0.576 0.575 0.558 0.556 0.542 0.539 0.538 0.528 0.517 0.514 0.513 0.508 0.505 0.5 0.49 0.488 0.486 0.485 0.47 0.47 0.468 0.457 0.448 0.446 0.444 0.435 0.43 0.43 0.427 0.426 0.421 0.42 0.418 0.416 0.413 0.407 0.406 0.405 0.392 0.389 0.387 0.385 0.383 0.383 0.377 0.373 0.373 0.373 0.373 0.373 0.373 0.366 0.362 0.362 0.361 0.358 0.353 0.353 0.354 0.353 0.352 0.348 0.343 0.341 0.338 0.337 0.338 0.337 0.331 0.329 0.329 0.328 0.327 0.326 0.322 0.322 0.321 0.321 0.32 0.32 0.32 0.318 0.315 0.311 0.311 0.31 0.31 0.309 0.309 0.31 0.303 0.31 0.311 0.312 0.315 0.324 0.326 0.326 0.341 0.509 0.535 0.535 0.535 0.345 0.334 0.331 0.325 0.325 0.324 0.323 0.323 0.323 0.317 0.316 0.309 0.307 0.297 0.296 0.296 0.296 0.294 0.292 0.288 0.288 0.287 0.287 0.287 0.281 0.28 0.277 0.276 0.276 0.276 0.276 0.274 0.274 0.273 0.273 0.273 0.275 0.275 0.275 0.277 0.278 0.277 0.278 0.278 0.273 0.273 0.278 0.278 0.284 0.286 0.286 0.284 0.279 0.279 0.279 0.284 0.285 0.298 0.3 0.311 0.315 0.323 0.329 0.332 0.335 0.357 0.388 0.403 0.407 0.421 0.435 0.444 0.452 0.467 0.476 0.483 0.503 0.526 0.539 0.566 0.586 0.597 0.619 0.656 0.67 0.697 0.721 0.757 0.786 0.83 0.864 0.903 0.929 0.932 0.935 0.936 0.936 0.935 0.936 0.936 0.936 0.933 0.936 0.936 0.936 0.936 0.936 0.935 0.933 0.931 0.927 0.927 0.924 0.926 0.926 0.922 0.922 0.926 0.929 0.933 0.937 0.937 0.941 0.949 2.435 2.442 2.442 2.439 2.439 2.445 2.445 2.446 2.464 2.478 2.51 2.996 3.01 3.016 3.017 3.017 3.024 3.026 3.03 3.032 3.034 3.037 3.038 3.04 3.05 3.055 3.059 3.064 3.07 3.07 3.075 3.075 3.081 3.081 0 0 0 0 3.13 3.13 3.13 3.131 3.14 3.153 3.154 3.154 3.155 0.007 0 0 0 0 0 0 0 0 0 0 0 0 0 0 0 0 0 0 0 0 0 0 0 0 0 0 0 0 0 0 0 0 0 0 0 2.813 2.793 2.77 2.74 2.716 2.693 2.693 2.665 2.641 1.294 1.292 1.291 1.287 1.283 1.262 1.242 1.224 1.223 1.222 1.22 1.223 1.223 1.228 1.238 1.242 1.242 1.25 1.268 1.285 1.286 1.293 1.307 1.31 1.318 1.328 1.341 1.352 1.354 1.366 1.374 1.391 1.393 1.405 1.417 1.425 1.44 1.451 1.455 1.461 1.479 1.493 1.507 1.513 1.519 1.54 1.555 1.56 1.581 1.582 1.602 1.615 1.628 1.632 1.653 1.668 1.684 0 0 0 1.759 1.759 1.759 1.798 1.822 1.844 1.86 1.878 1.892 1.917 1.937 1.964 1.979 1.997 2.022 2.048 2.07 2.098 2.12 2.143 2.166 2.189 2.226 2.26 2.276 2.305 2.337 2.358 2.395 2.434 2.641 2.694 2.731 2.731 2.731 2.767 2.822 2.984 0 0.007 3.188 3.188 3.202 3.202 3.21 3.213 3.358 3.447 3.524 3.524 3.614 3.712 3.794 3.879 3.975 4.086 4.186 4.548 4.688 0 0 0 0 0 0 5.322 5.322 5.322 0 0 0 0 0 0 0 0 0 0 0 0 0 0 0 0 0 0 0 0 0 0 0 5.055 1.774 1.773 1.767 1.765 1.765 1.765 1.765 1.765 1.77 1.771 1.77 1.771 1.773 1.771 1.771 1.78 1.78 1.775 1.78 
1 1 1 1 1 1 1 1 1 1 1 1 1 1 1 1 1 1 1 1 1 1 1 1 1 1 1 1 1 1 1 1 1 1 1 1 1 1 1 1 1 1 1 1 1 1 1 1 1 1 1 1 1 1 1 1 1 1 1 1 1 1 1 1 1 1 1 1 1 1 1 1 1 1 1 1 1 1 1 1 1 1 1 1 1 1 1 1 1 1 1 1 1 1 1 1 1 1 1 1 1 1 1 1 1 1 1 1 1 1 1 1 1 1 1 1 1 1 1 1 1 1 1 1 1 1 1 1 1 1 1 1 1 1 1 1 1 1 1 1 1 1 1 1 1 1 1 1 1 1 1 1 1 1 1 1 1 1 1 1 1 1 1 1 1 1 1 1 1 1 1 1 1 1 1 1 1 1 1 1 1 1 1 1 1 1 1 1 1 1 1 1 1 1 1 1 1 1 1 1 1 1 1 1 1 1 1 1 1 1 1 1 1 1 1 1 1 1 1 1 1 1 1 1 1 1 1 1 1 1 1 1 1 1 1 1 1 1 1 1 1 1 1 1 1 1 1 1 1 1 1 1 1 1 1 1 1 1 1 1 1 1 1 1 1 1 1 1 1 1 1 1 1 1 1 1 1 1 1 1 1 1 1 1 1 1 1 1 1 1 1 1 1 1 1 1 1 1 1 1 1 1 1 1 1 1 1 1 1 1 1 1 1 1 1 1 1 1 1 1 1 1 1 1 1 1 1 1 1 1 1 1 1 1 1 1 1 1 1 1 1 1 1 1 1 1 1 1 1 1 1 1 1 1 1 1 1 1 1 1 1 1 1 1 1 1 1 1 1 1 1 1 1 1 1 1 1 1 1 1 1 1 1 1 1 1 1 1 1 1 1 1 1 1 1 1 1 1 1 1 1 1 1 1 1 1 1 1 1 1 1 1 1 1 1 1 1 1 1 1 1 1 1 1 1 1 1 1 1 1 1 1 1 1 1 1 1 1 1 1 1 1 1 1 1 1 1 1 1 1 1 1 1 0 0 0 0 1 1 1 1 1 1 1 1 1 0 0 0 0 0 0 0 0 0 0 0 0 0 0 0 0 0 0 0 0 0 0 0 0 0 0 0 0 0 0 0 0 0 0 0 0 1 1 1 1 1 1 1 1 1 1 1 1 1 1 1 1 1 1 1 1 1 1 1 1 1 1 1 1 1 1 1 1 1 1 1 1 1 1 1 1 1 1 1 1 1 1 1 1 1 1 1 1 1 1 1 1 1 1 1 1 1 1 1 1 1 1 0 0 0 1 1 1 1 1 1 1 1 1 1 1 1 1 1 1 1 1 1 1 1 1 1 1 1 1 1 1 1 1 1 1 1 1 1 1 1 1 1 0 0 1 1 1 1 1 1 1 1 1 1 1 1 1 1 1 1 1 1 1 0 0 0 0 0 0 1 1 1 0 0 0 0 0 0 0 0 0 0 0 0 0 0 0 0 0 0 0 0 0 0 0 1 1 1 1 1 1 1 1 1 1 1 1 1 1 1 1 1 1 1 1 
