# This file contains a 2D laser scan observation. 
# Its format is: 
# [aperture] [max_range] [number_of_scans] 
# [vector_of_scans] 
# [vector_of_valid_scans] 
# The aperture of the sensor is in radians, the maximum range 
# and measurements are in meters. '1' means a valid scan, '0' otherwise.
4.1847
5.6
682
0.673 0.669 0.669 0.669 0.668 0.668 0.668 0.667 0.667 0.669 0.67 0.674 0.675 0.675 0.677 0.678 0.678 0.678 0.678 0.678 0.676 0.676 0.676 0.676 0.675 0.675 0.675 0.675 0.675 0.676 0.676 0.677 0.676 0.675 0.675 0.675 0.675 0.674 0.674 0.674 0.675 0.678 0.68 0.68 0.68 0.68 0.68 0.683 0.686 0.686 0.686 0.685 0.685 0.683 0.685 0.686 0.691 0.691 0.691 0.691 0.691 0.691 0.697 0.698 0.698 0.698 0.698 0.698 0.7 0.7 0.701 0.704 0.706 0.708 0.709 0.709 0.712 0.715 0.716 0.717 0.717 0.718 0.721 0.722 0.725 0.725 0.726 0.726 0.732 0.734 0.734 0.739 0.739 0.739 0.739 0.741 0.744 0.746 0.748 0.751 0.752 0.755 0.755 0.757 0.757 0.762 0.763 0.77 0.772 0.772 0.775 0.777 0.783 0.787 0.788 0.789 0.792 0.794 0.797 0.801 0.806 0.807 0.807 0.811 0.816 0.815 0.82 0.825 0.828 0.836 0.842 0.843 0.853 0.853 0.854 0.864 0.864 0.864 0.87 0.873 0.883 0.888 0.897 0.9 0.907 0.912 0.913 0.916 0.918 0.927 0.928 0.94 0.947 0.957 0.957 0.958 0.977 0.98 0.983 0.988 1.001 1.011 1.012 1.012 1.028 1.034 1.05 1.051 1.057 1.066 1.072 1.082 1.089 1.095 1.101 1.124 1.124 1.13 1.155 1.157 1.17 1.171 1.186 1.188 1.201 1.213 1.216 1.232 1.254 1.261 1.27 1.285 1.3 1.31 1.325 1.344 1.356 1.368 1.386 1.395 1.415 1.429 1.443 1.466 1.475 1.495 1.517 1.519 1.555 1.58 1.681 1.696 1.723 1.75 1.773 1.799 1.827 1.85 1.874 1.912 1.937 1.961 2.006 2.04 2.077 2.112 2.142 2.185 2.232 2.253 2.253 2.255 2.255 2.326 2.387 2.435 2.435 2.493 2.544 2.603 2.667 2.738 2.809 2.889 2.968 3.067 3.125 3.224 3.322 3.421 3.551 3.659 3.789 3.921 4.067 4.251 4.369 4.369 4.401 0 0 0 0 0 0.006 0.006 0.006 0.006 0.006 0.006 0.006 0.006 0.006 0.006 0 0 0.006 0.006 0.006 0.006 0.006 0.006 0.006 0.006 0.006 0 0 0 0.007 4.316 4.316 4.316 4.022 3.255 2.997 2.791 2.613 2.395 2.167 2.155 2.15 2.149 2.15 2.155 2.161 2.161 2.161 1.457 1.434 1.381 1.343 1.297 1.259 1.213 1.177 1.146 1.119 1.088 1.058 1.033 1 0.975 0.962 0.929 0.916 0.892 0.873 0.867 0.867 0.87 0.87 0.87 0.881 0.881 0.885 0.885 0.885 0.887 0.888 0.893 0.895 0.898 0.902 0.899 0.902 0.899 0.902 0.902 0.907 0.908 0.91 0.927 0.927 0.928 0.93 0.93 0.936 0.939 0.944 0.945 0.947 0.951 0.953 0.96 0.96 0.964 0.967 0.969 0.975 0.979 0.982 0.986 0.994 0.994 0.997 1.004 1.009 1.017 1.02 1.021 1.023 1.035 1.037 1.042 1.047 1.056 1.056 1.061 1.072 1.075 1.076 1.082 1.083 1.096 1.096 1.096 1.113 1.113 1.125 1.13 1.135 1.142 1.147 1.152 1.164 1.176 1.182 1.184 1.192 1.205 1.21 1.214 1.222 1.233 1.242 1.249 1.261 1.271 1.276 1.279 1.3 1.305 1.31 1.317 1.324 1.335 1.347 1.358 1.364 1.384 1.399 1.4 1.41 1.438 1.444 1.447 1.464 1.49 1.49 1.5 1.5 1.5 1.497 1.489 1.486 1.483 1.483 1.475 1.475 1.478 1.479 1.479 1.495 1.529 1.623 1.754 1.77 1.792 1.811 1.837 1.864 1.893 1.907 1.939 1.965 1.991 2.014 2.047 2.073 2.089 2.128 2.155 2.182 2.223 2.26 2.285 2.313 2.356 2.397 2.43 2.473 2.517 2.556 2.606 2.885 0.007 5.449 5.449 5.449 5.418 5.405 5.403 5.401 5.394 5.391 5.387 5.384 5.366 5.36 5.354 5.342 5.339 5.333 5.323 5.306 5.302 5.302 5.275 5.271 5.262 5.259 5.257 5.253 5.252 3.291 3.289 3.288 3.284 3.281 3.28 3.278 3.277 3.277 3.277 3.278 3.278 3.279 3.278 3.275 1.379 1.375 1.374 1.282 1.269 1.267 1.264 1.261 1.257 1.257 1.257 1.257 1.267 1.267 1.267 1.267 1.272 1.272 1.272 1.272 1.269 1.267 1.267 1.269 1.269 1.267 1.269 1.265 1.265 1.265 1.269 1.269 1.271 1.276 1.276 1.286 1.293 1.381 1.385 0 0 0 0 0 0 0 0 0 0.006 0.006 0.006 0.006 0 0 0 0 0 0.006 0.006 0.006 0.006 0.006 0 0 0 0.006 0.006 0.006 0.006 0.006 0.006 0.006 0.006 0.006 0.006 0.006 0.006 0.006 0.006 0.006 0.006 0.006 0.006 0.006 0.006 0.006 0.006 0.006 0.006 0.006 0.006 0 2.079 2.053 2.035 2.008 1.99 1.975 1.956 1.931 1.919 1.905 1.881 1.876 1.857 1.841 1.741 1.654 1.624 1.603 1.599 1.599 1.599 1.599 1.605 1.608 1.612 1.625 1.626 1.626 1.626 1.614 1.597 1.592 1.575 1.573 1.554 1.541 1.53 1.518 1.504 1.493 1.486 1.483 1.478 1.468 1.457 1.449 1.437 1.43 1.427 1.408 1.402 1.402 1.383 1.382 1.369 1.368 1.36 1.351 1.342 1.341 1.332 
1 1 1 1 1 1 1 1 1 1 1 1 1 1 1 1 1 1 1 1 1 1 1 1 1 1 1 1 1 1 1 1 1 1 1 1 1 1 1 1 1 1 1 1 1 1 1 1 1 1 1 1 1 1 1 1 1 1 1 1 1 1 1 1 1 1 1 1 1 1 1 1 1 1 1 1 1 1 1 1 1 1 1 1 1 1 1 1 1 1 1 1 1 1 1 1 1 1 1 1 1 1 1 1 1 1 1 1 1 1 1 1 1 1 1 1 1 1 1 1 1 1 1 1 1 1 1 1 1 1 1 1 1 1 1 1 1 1 1 1 1 1 1 1 1 1 1 1 1 1 1 1 1 1 1 1 1 1 1 1 1 1 1 1 1 1 1 1 1 1 1 1 1 1 1 1 1 1 1 1 1 1 1 1 1 1 1 1 1 1 1 1 1 1 1 1 1 1 1 1 1 1 1 1 1 1 1 1 1 1 1 1 1 1 1 1 1 1 1 1 1 1 1 1 1 1 1 1 1 1 1 1 1 1 1 1 1 1 1 1 1 1 1 1 1 1 1 1 1 1 1 1 1 1 1 1 1 1 1 0 0 0 0 0 0 0 0 0 0 0 0 0 0 0 0 0 0 0 0 0 0 0 0 0 0 0 0 0 0 1 1 1 1 1 1 1 1 1 1 1 1 1 1 1 1 1 1 1 1 1 1 1 1 1 1 1 1 1 1 1 1 1 1 1 1 1 1 1 1 1 1 1 1 1 1 1 1 1 1 1 1 1 1 1 1 1 1 1 1 1 1 1 1 1 1 1 1 1 1 1 1 1 1 1 1 1 1 1 1 1 1 1 1 1 1 1 1 1 1 1 1 1 1 1 1 1 1 1 1 1 1 1 1 1 1 1 1 1 1 1 1 1 1 1 1 1 1 1 1 1 1 1 1 1 1 1 1 1 1 1 1 1 1 1 1 1 1 1 1 1 1 1 1 1 1 1 1 1 1 1 1 1 1 1 1 1 1 1 1 1 1 1 1 1 1 1 1 1 1 1 1 1 1 1 1 1 1 1 1 1 1 1 1 1 1 1 1 1 1 1 1 1 1 1 1 0 1 1 1 1 1 1 1 1 1 1 1 1 1 1 1 1 1 1 1 1 1 1 1 1 1 1 1 1 1 1 1 1 1 1 1 1 1 1 1 1 1 1 1 1 1 1 1 1 1 1 1 1 1 1 1 1 1 1 1 1 1 1 1 1 1 1 1 1 1 1 1 1 1 1 1 1 1 1 1 1 1 1 0 0 0 0 0 0 0 0 0 0 0 0 0 0 0 0 0 0 0 0 0 0 0 0 0 0 0 0 0 0 0 0 0 0 0 0 0 0 0 0 0 0 0 0 0 0 0 0 0 0 0 0 0 1 1 1 1 1 1 1 1 1 1 1 1 1 1 1 1 1 1 1 1 1 1 1 1 1 1 1 1 1 1 1 1 1 1 1 1 1 1 1 1 1 1 1 1 1 1 1 1 1 1 1 1 1 1 1 1 1 1 1 1 1 
