# This file contains a 2D laser scan observation. 
# Its format is: 
# [aperture] [max_range] [number_of_scans] 
# [vector_of_scans] 
# [vector_of_valid_scans] 
# The aperture of the sensor is in radians, the maximum range 
# and measurements are in meters. '1' means a valid scan, '0' otherwise.
4.1847
5.6
682
1.657 1.666 1.679 1.679 1.68 1.692 1.699 1.707 1.71 1.714 1.719 1.719 1.729 1.743 1.745 1.755 1.757 1.764 1.774 1.787 1.792 1.799 1.806 1.816 1.822 1.829 1.832 1.835 1.853 1.854 1.862 1.879 1.891 1.893 1.893 1.891 1.823 1.292 1.269 1.258 1.256 1.244 1.21 1.184 1.184 1.184 1.198 1.206 1.208 1.218 1.224 1.224 2.116 2.121 2.14 2.14 2.158 2.172 2.188 2.194 2.217 2.232 2.245 2.258 2.279 2.299 2.315 2.329 2.337 2.35 2.35 2.35 2.33 2.326 2.304 2.303 2.291 2.291 2.291 2.298 2.326 2.354 2.376 2.376 2.376 2.371 2.366 2.35 2.344 2.331 2.331 2.308 2.308 2.302 2.295 2.285 2.284 2.27 2.267 2.259 2.256 2.245 2.242 2.229 2.226 2.212 2.208 2.205 2.203 2.192 2.184 2.181 2.174 2.167 2.166 2.153 2.147 2.145 2.141 2.136 2.136 2.135 2.125 2.119 2.111 2.102 2.101 2.099 2.096 2.091 2.087 2.077 2.072 2.07 2.068 2.068 2.068 2.117 2.257 2.289 2.289 2.423 2.508 2.683 2.749 2.87 2.919 3.034 3.155 3.185 3.198 3.198 3.198 3.198 3.198 3.32 3.489 3.647 3.647 3.647 3.644 3.644 3.643 3.642 1.102 1.1 1.092 1.084 1.077 1.063 1.063 1.063 1.063 1.063 1.058 1.065 1.056 1.065 1.065 1.069 1.073 1.074 1.077 1.078 1.093 1.12 1.12 1.12 1.11 1.11 1.105 1.105 1.103 1.098 1.101 1.098 1.098 1.101 1.101 1.104 1.105 1.107 1.11 1.111 1.112 1.113 1.113 1.114 1.116 1.113 1.116 1.117 1.118 1.122 1.124 1.13 1.133 1.133 1.133 1.133 1.133 1.13 1.13 1.13 1.133 1.14 1.143 1.149 1.152 1.155 1.158 1.158 1.159 1.159 1.158 1.163 1.164 1.164 1.169 1.171 1.171 1.175 1.175 1.175 1.183 1.185 1.188 1.189 1.193 1.195 1.205 1.205 1.206 1.209 1.212 1.219 1.22 1.22 1.225 1.239 1.239 1.248 1.251 1.254 1.258 1.259 1.262 1.27 1.27 1.288 1.289 1.292 1.295 1.303 1.31 1.311 1.322 1.324 1.338 1.339 1.345 1.352 1.362 1.367 1.373 1.378 1.388 1.388 1.402 1.406 1.418 1.423 1.428 1.433 1.452 1.454 1.457 1.472 1.479 1.486 1.493 1.507 1.516 1.526 1.534 1.538 1.543 1.551 1.569 1.575 1.592 1.594 1.605 1.621 1.63 1.643 1.657 1.67 1.679 1.694 1.708 1.716 1.734 1.746 1.758 1.774 1.795 1.809 1.821 1.835 1.846 1.862 1.876 1.894 1.909 1.923 1.943 1.962 1.984 2.003 2.014 3.19 3.19 3.19 3.184 3.164 3.156 3.143 3.136 3.124 2.554 1.176 1.166 1.164 1.158 1.158 1.158 1.168 1.186 1.208 2.04 2.04 2.04 2.037 2.035 2.031 2.035 2.017 2.015 1.504 1.503 1.498 1.498 1.498 1.552 1.949 1.952 1.952 1.952 1.945 1.94 1.94 1.935 1.932 1.93 1.928 1.927 1.923 1.917 1.917 1.913 1.911 1.908 1.905 1.901 1.9 1.897 1.896 1.896 1.89 1.89 1.89 1.889 1.888 1.883 1.882 1.876 1.882 1.879 1.877 1.877 1.877 1.874 1.872 1.868 1.868 1.867 1.866 1.867 1.866 1.866 1.869 1.869 1.869 1.869 1.867 1.864 1.864 1.863 1.863 1.862 1.862 1.862 1.864 1.864 1.865 1.865 1.865 1.865 1.864 1.864 1.87 1.872 1.872 1.872 1.872 1.869 1.868 1.868 1.869 1.869 1.87 1.87 1.872 1.872 1.872 1.874 1.876 1.878 1.886 1.886 1.887 1.889 1.891 1.891 1.889 1.835 1.507 1.452 1.452 1.452 1.458 1.459 1.909 1.917 1.921 1.925 1.925 1.934 1.934 1.137 1.101 1.101 1.101 1.101 1.101 1.208 1.962 1.977 1.982 1.984 1.991 2.007 2.007 2.012 2.013 2.013 2.017 2.021 2.026 2.032 2.047 2.047 2.058 2.069 3.026 3.027 3.036 3.036 3.043 3.053 3.063 3.07 3.07 3.07 3.092 3.131 3.131 3.155 3.162 3.162 3.181 3.192 3.192 3.192 0.006 3.267 3.267 3.28 3.294 3.294 3.307 3.325 3.348 3.353 3.373 3.373 3.373 0.006 3.455 3.455 3.477 0 0 0 0 0 0.007 3.48 3.377 3.216 2.218 2.218 2.218 3.749 3.758 0 0 0 0 0 0 0 0.007 3.093 3.093 4.012 3.093 3.061 2.264 2.264 2.264 2.499 2.61 2.637 2.637 2.645 3.764 3.764 3.764 3.747 3.736 3.71 3.705 3.678 3.663 3.651 3.625 3.625 3.625 0 0 0 3.537 3.522 3.522 3.496 3.344 3.344 3.265 3.265 3.277 3.277 3.27 3.27 3.265 3.262 3.261 3.242 3.235 3.232 3.21 3.209 3.204 3.189 3.185 3.174 3.168 3.159 3.142 3.142 3.133 3.123 3.122 3.116 3.106 3.102 3.1 3.1 3.1 0 0.008 0.008 0 0 0 4.514 4.514 4.514 4.611 4.763 4.763 4.763 4.756 4.751 4.751 4.736 4.731 4.728 4.714 4.707 4.703 4.694 4.685 4.675 4.668 4.666 4.65 4.65 4.65 0 0 0 0 0 0 0 0 2.951 2.95 2.945 2.945 2.945 2.947 2.948 2.948 2.947 2.947 2.946 2.944 2.943 2.942 
1 1 1 1 1 1 1 1 1 1 1 1 1 1 1 1 1 1 1 1 1 1 1 1 1 1 1 1 1 1 1 1 1 1 1 1 1 1 1 1 1 1 1 1 1 1 1 1 1 1 1 1 1 1 1 1 1 1 1 1 1 1 1 1 1 1 1 1 1 1 1 1 1 1 1 1 1 1 1 1 1 1 1 1 1 1 1 1 1 1 1 1 1 1 1 1 1 1 1 1 1 1 1 1 1 1 1 1 1 1 1 1 1 1 1 1 1 1 1 1 1 1 1 1 1 1 1 1 1 1 1 1 1 1 1 1 1 1 1 1 1 1 1 1 1 1 1 1 1 1 1 1 1 1 1 1 1 1 1 1 1 1 1 1 1 1 1 1 1 1 1 1 1 1 1 1 1 1 1 1 1 1 1 1 1 1 1 1 1 1 1 1 1 1 1 1 1 1 1 1 1 1 1 1 1 1 1 1 1 1 1 1 1 1 1 1 1 1 1 1 1 1 1 1 1 1 1 1 1 1 1 1 1 1 1 1 1 1 1 1 1 1 1 1 1 1 1 1 1 1 1 1 1 1 1 1 1 1 1 1 1 1 1 1 1 1 1 1 1 1 1 1 1 1 1 1 1 1 1 1 1 1 1 1 1 1 1 1 1 1 1 1 1 1 1 1 1 1 1 1 1 1 1 1 1 1 1 1 1 1 1 1 1 1 1 1 1 1 1 1 1 1 1 1 1 1 1 1 1 1 1 1 1 1 1 1 1 1 1 1 1 1 1 1 1 1 1 1 1 1 1 1 1 1 1 1 1 1 1 1 1 1 1 1 1 1 1 1 1 1 1 1 1 1 1 1 1 1 1 1 1 1 1 1 1 1 1 1 1 1 1 1 1 1 1 1 1 1 1 1 1 1 1 1 1 1 1 1 1 1 1 1 1 1 1 1 1 1 1 1 1 1 1 1 1 1 1 1 1 1 1 1 1 1 1 1 1 1 1 1 1 1 1 1 1 1 1 1 1 1 1 1 1 1 1 1 1 1 1 1 1 1 1 1 1 1 1 1 1 1 1 1 1 1 1 1 1 1 1 1 1 1 1 1 1 1 1 1 1 1 1 1 1 1 1 1 1 1 1 1 1 1 1 1 1 1 1 1 1 1 1 1 1 1 1 1 1 1 1 1 1 1 1 1 1 0 1 1 1 1 1 1 1 1 1 1 1 1 0 1 1 1 0 0 0 0 0 0 1 1 1 1 1 1 1 1 0 0 0 0 0 0 0 0 1 1 1 1 1 1 1 1 1 1 1 1 1 1 1 1 1 1 1 1 1 1 1 1 1 1 0 0 0 1 1 1 1 1 1 1 1 1 1 1 1 1 1 1 1 1 1 1 1 1 1 1 1 1 1 1 1 1 1 1 1 1 1 1 1 1 0 0 0 0 0 0 1 1 1 1 1 1 1 1 1 1 1 1 1 1 1 1 1 1 1 1 1 1 1 1 0 0 0 0 0 0 0 0 1 1 1 1 1 1 1 1 1 1 1 1 1 1 
