# This file contains a 2D laser scan observation. 
# Its format is: 
# [aperture] [max_range] [number_of_scans] 
# [vector_of_scans] 
# [vector_of_valid_scans] 
# The aperture of the sensor is in radians, the maximum range 
# and measurements are in meters. '1' means a valid scan, '0' otherwise.
4.1847
5.6
682
2.224 2.224 2.229 2.267 3.114 3.123 3.128 3.138 3.144 3.152 3.153 3.156 3.157 3.159 3.165 3.165 3.165 3.171 2.509 2.506 2.172 2.172 2.172 3.237 3.249 3.263 3.263 3.266 3.279 3.279 3.292 3.301 3.319 3.324 3.327 3.332 3.343 3.357 0 0 0 3.065 3.003 3.003 3.065 3.077 0 0 0 0 3.526 3.526 3.537 3.555 3.555 3.555 3.555 2.773 2.773 2.773 2.803 2.828 2.828 2.867 2.877 2.877 2.877 2.24 2.24 2.24 2.303 2.331 2.374 2.432 2.455 2.503 2.596 2.597 2.598 3.937 3.937 3.937 3.907 3.879 3.843 3.822 3.797 3.766 3.746 3.724 3.698 3.683 3.665 3.632 3.586 2.132 2.132 2.132 3.496 0.007 3.496 3.496 3.401 3.311 3.311 3.311 3.229 3.214 3.199 3.173 3.169 3.162 3.142 3.132 3.123 3.095 3.089 3.078 3.062 3.057 3.042 3.04 3.023 3.023 3.007 3.001 2.987 2.982 2.965 2.948 2.934 2.934 2.923 2.913 2.896 2.892 2.892 2.892 2.896 2.933 2.948 3.062 3.999 3.999 3.999 3.957 3.901 3.893 3.893 3.893 3.98 4.018 4.092 4.145 4.195 4.28 4.344 4.431 4.496 4.496 4.496 4.488 4.482 4.465 4.445 4.438 4.434 4.424 4.406 4.402 4.394 4.381 4.377 4.364 4.357 4.353 4.353 4.351 4.335 2.634 2.633 2.633 2.632 2.626 2.626 2.626 2.617 1.63 1.585 1.578 1.564 1.554 1.544 1.531 1.522 1.519 1.516 1.513 1.492 1.482 1.481 1.478 1.477 1.477 1.477 1.477 1.477 1.483 1.486 1.486 1.486 1.489 1.489 1.492 1.496 1.492 1.492 1.492 1.489 1.489 1.484 1.483 1.484 1.49 1.489 1.489 1.489 1.487 1.486 1.486 1.487 1.486 1.488 1.491 1.493 1.493 1.496 1.496 1.497 1.497 1.502 1.514 2.359 2.389 2.405 2.405 2.418 2.429 2.43 2.43 2.43 2.439 2.439 2.439 0 0 0 0 0.007 0 2.665 2.665 2.665 2.665 2.671 2.671 2.675 2.684 2.684 2.684 2.666 2.466 2.466 2.464 2.464 2.475 2.481 2.488 2.49 2.497 2.5 0 0 0 0 2.547 2.546 2.546 2.546 2.552 2.555 2.654 2.654 2.654 2.642 2.607 2.572 2.55 2.513 2.488 2.463 2.463 2.429 2.392 1.515 1.507 1.507 1.507 1.519 1.526 1.531 2.149 2.167 4.892 2.167 2.149 1.576 1.576 1.576 0 0 0 1.626 1.626 1.626 1.664 1.664 1.666 1.666 1.666 1.679 1.682 1.687 1.761 1.785 1.785 1.785 1.767 1.721 1.585 1.572 1.563 1.56 1.534 1.532 1.527 1.513 1.497 1.49 1.487 1.478 1.465 1.458 1.449 1.436 1.432 1.421 1.419 1.413 1.4 1.393 1.391 1.373 1.373 1.364 1.363 1.348 1.342 1.329 1.325 1.324 1.314 1.312 1.303 1.203 0.792 0.788 0.776 0.776 0.776 0.77 0.77 0.766 0.762 0.766 0.766 0.756 0.754 0.748 0.748 0.746 0.743 0.735 0.735 0.733 0.733 0.733 0.731 0.729 0.725 0.721 0.717 0.717 0.713 0.713 0.713 0.709 0.706 0.706 0.706 0.703 0.703 0.703 0.695 0.692 0.691 0.69 0.687 0.687 0.687 0.686 0.685 0.679 0.677 0.677 0.677 0.676 0.674 0.671 0.668 0.667 0.668 0.662 0.663 0.662 0.662 0.661 0.659 0.657 0.657 0.657 0.657 0.653 0.647 0.638 0.636 0.636 0.638 0.638 0.638 0.643 0.643 0.643 0.648 0.654 0.655 0.655 0.655 0.643 0.641 0.632 0.632 0.631 0.63 0.63 0.628 0.628 0.627 0.627 0.629 0.633 0.641 0.641 0.642 0.642 0.646 0.651 0.653 0.653 0.653 0.647 0.647 0.644 0.641 0.641 0.641 0.64 0.636 0.636 0.636 0.642 0.643 0.644 0.644 0.644 0.644 0.644 0.642 0.637 0.637 0.641 0.641 0.642 0.645 0.647 0.645 0.645 0.645 0.645 0.645 0.649 0.652 0.649 0.651 0.652 0.652 0.654 0.654 0.655 0.655 0.66 0.661 0.661 0.663 0.663 0.663 0.663 0.666 0.671 0.673 0.673 0.673 0.673 0.673 0.678 0.682 0.682 0.678 0.678 0.674 0.674 0.674 0.679 0.68 0.681 0.681 0.685 0.687 0.7 1.278 1.284 1.285 1.284 1.285 1.292 1.31 1.317 1.32 1.323 1.33 1.344 1.346 1.347 1.355 1.357 1.358 1.368 1.37 1.372 1.377 1.386 1.396 1.411 1.411 1.411 1.41 1.395 1.145 0.926 0.912 0.896 0.854 0.813 0.808 0.808 0.808 0.817 0.817 0.821 0.827 0.827 0.827 0.833 0.844 0.851 0.852 0.853 1.416 1.444 1.447 1.457 1.461 1.464 1.479 1.537 1.681 1.683 1.696 1.708 1.723 1.73 1.744 1.759 1.773 1.778 1.791 1.808 1.821 1.828 1.847 1.855 1.873 1.885 1.9 1.922 1.94 1.949 1.965 1.977 1.991 1.999 2.023 2.042 2.063 2.079 2.091 2.119 2.14 2.151 2.18 2.202 2.217 2.238 2.262 2.285 2.285 2.285 1.388 1.379 1.377 1.359 1.353 1.349 1.346 1.335 1.334 1.317 1.315 1.315 1.315 1.329 1.339 1.364 2.545 2.565 2.565 2.56 2.56 2.551 2.543 2.543 2.533 2.522 2.521 2.515 2.511 2.504 2.503 2.495 2.492 2.482 2.476 
1 1 1 1 1 1 1 1 1 1 1 1 1 1 1 1 1 1 1 1 1 1 1 1 1 1 1 1 1 1 1 1 1 1 1 1 1 1 0 0 0 1 1 1 1 1 0 0 0 0 1 1 1 1 1 1 1 1 1 1 1 1 1 1 1 1 1 1 1 1 1 1 1 1 1 1 1 1 1 1 1 1 1 1 1 1 1 1 1 1 1 1 1 1 1 1 1 1 1 0 1 1 1 1 1 1 1 1 1 1 1 1 1 1 1 1 1 1 1 1 1 1 1 1 1 1 1 1 1 1 1 1 1 1 1 1 1 1 1 1 1 1 1 1 1 1 1 1 1 1 1 1 1 1 1 1 1 1 1 1 1 1 1 1 1 1 1 1 1 1 1 1 1 1 1 1 1 1 1 1 1 1 1 1 1 1 1 1 1 1 1 1 1 1 1 1 1 1 1 1 1 1 1 1 1 1 1 1 1 1 1 1 1 1 1 1 1 1 1 1 1 1 1 1 1 1 1 1 1 1 1 1 1 1 1 1 1 1 1 1 1 1 1 1 1 1 1 1 1 1 1 1 1 1 0 0 0 0 0 0 1 1 1 1 1 1 1 1 1 1 1 1 1 1 1 1 1 1 1 1 1 0 0 0 0 1 1 1 1 1 1 1 1 1 1 1 1 1 1 1 1 1 1 1 1 1 1 1 1 1 1 1 1 1 1 1 1 1 1 0 0 0 1 1 1 1 1 1 1 1 1 1 1 1 1 1 1 1 1 1 1 1 1 1 1 1 1 1 1 1 1 1 1 1 1 1 1 1 1 1 1 1 1 1 1 1 1 1 1 1 1 1 1 1 1 1 1 1 1 1 1 1 1 1 1 1 1 1 1 1 1 1 1 1 1 1 1 1 1 1 1 1 1 1 1 1 1 1 1 1 1 1 1 1 1 1 1 1 1 1 1 1 1 1 1 1 1 1 1 1 1 1 1 1 1 1 1 1 1 1 1 1 1 1 1 1 1 1 1 1 1 1 1 1 1 1 1 1 1 1 1 1 1 1 1 1 1 1 1 1 1 1 1 1 1 1 1 1 1 1 1 1 1 1 1 1 1 1 1 1 1 1 1 1 1 1 1 1 1 1 1 1 1 1 1 1 1 1 1 1 1 1 1 1 1 1 1 1 1 1 1 1 1 1 1 1 1 1 1 1 1 1 1 1 1 1 1 1 1 1 1 1 1 1 1 1 1 1 1 1 1 1 1 1 1 1 1 1 1 1 1 1 1 1 1 1 1 1 1 1 1 1 1 1 1 1 1 1 1 1 1 1 1 1 1 1 1 1 1 1 1 1 1 1 1 1 1 1 1 1 1 1 1 1 1 1 1 1 1 1 1 1 1 1 1 1 1 1 1 1 1 1 1 1 1 1 1 1 1 1 1 1 1 1 1 1 1 1 1 1 1 1 1 1 1 1 1 1 1 1 1 1 1 1 1 1 1 1 1 1 1 1 1 1 1 1 1 1 1 1 1 1 1 1 1 1 1 1 1 1 1 1 
