# This file contains a 2D laser scan observation. 
# Its format is: 
# [aperture] [max_range] [number_of_scans] 
# [vector_of_scans] 
# [vector_of_valid_scans] 
# The aperture of the sensor is in radians, the maximum range 
# and measurements are in meters. '1' means a valid scan, '0' otherwise.
4.1847
5.6
682
0.471 0.471 0.462 0.471 0.471 0.47 0.466 0.47 0.466 0.466 0.465 0.464 0.461 0.464 0.464 0.464 0.464 0.464 0.462 0.462 0.462 0.462 0.462 0.462 0.462 0.46 0.46 0.46 0.462 0.462 0.463 0.463 0.465 0.467 0.472 0.475 0.481 0.504 0.51 0.513 0.514 0.514 0.514 0.508 0.504 0.498 0.498 0.498 0.63 0.75 0.75 0.752 0.752 0.753 0.757 0.757 0.755 0.757 0.755 0.755 0.755 0.757 0.757 0.757 0.757 0.763 0.763 0.762 0.763 0.762 0.762 0.763 0.766 0.769 0.772 0.772 0.772 0.778 0.777 0.777 0.777 0.777 0.777 0.777 0.782 0.782 0.782 0.783 0.783 0.783 0.79 0.79 0.795 0.795 0.793 0.793 0.795 0.795 0.799 0.8 0.805 0.807 0.807 0.81 0.813 0.813 0.813 0.813 0.816 0.817 0.821 0.827 0.83 0.837 0.838 0.838 0.841 0.838 0.841 0.848 0.849 0.849 0.853 0.854 0.854 0.862 0.869 0.87 0.87 0.873 0.878 0.882 0.882 0.882 0.888 0.89 0.899 0.903 0.909 0.909 0.911 0.914 0.916 0.92 0.929 0.931 0.938 0.943 0.95 0.957 0.959 0.961 0.967 0.973 0.978 0.982 0.984 0.991 0.994 0.998 1.005 1.011 1.016 1.028 1.033 1.039 1.041 1.042 1.042 1.042 0.994 0.965 0.943 0.924 0.916 0.907 0.902 0.898 0.898 0.897 0.893 0.892 0.887 0.883 0.883 0.883 0.883 0.883 0.883 0.883 0.883 0.884 0.883 0.884 0.886 0.891 0.889 0.891 0.902 0.902 0.904 0.914 0.92 0.926 0.942 0.954 1.011 1.058 1.058 1.058 1.058 1.057 1.048 1.046 1.041 1.039 1.031 1.029 1.027 1.022 1.02 1.018 1.01 1.01 1.008 1.007 1.005 1 0.999 0.999 0.991 0.991 0.991 0.98 0.98 0.976 0.976 0.976 0.975 0.972 0.972 0.968 0.969 0.966 0.964 0.957 0.957 0.957 0.956 0.953 0.953 0.954 0.95 0.946 0.946 0.946 0.945 0.944 0.944 0.944 0.943 0.944 0.943 0.944 0.948 0.963 0.985 1.017 1.017 1.052 1.104 1.135 1.21 1.254 1.316 2.934 2.941 0 0 0 0 0 2.933 2.931 2.93 2.93 2.928 2.928 2.928 0 0 0 2.939 2.939 2.939 2.939 2.939 2.94 2.943 2.94 2.943 2.944 2.945 2.945 2.946 2.947 2.953 2.956 2.956 2.957 2.963 2.965 2.966 2.966 2.966 2.977 2.966 0 0.007 3.006 2.998 3.006 3.006 3.012 3.012 3.018 3.02 3.022 3.035 3.035 3.035 3.027 2.961 2.79 2.79 2.79 2.88 2.88 2.88 2.816 2.776 2.77 2.77 2.77 2.771 2.772 2.772 2.772 2.772 2.773 2.776 2.784 2.796 2.799 2.806 2.81 3.234 3.234 3.234 3.188 3.139 3.108 3.062 3.049 2.995 2.95 2.915 2.862 2.838 2.813 2.779 2.747 2.713 2.683 2.654 2.629 2.596 2.581 2.549 2.527 2.504 2.47 2.443 2.427 2.409 2.375 2.354 2.328 2.32 2.303 2.272 2.254 2.227 2.217 2.208 2.18 2.172 2.162 2.131 2.115 2.096 2.092 2.078 2.059 2.037 2.023 2.009 1.99 1.982 1.964 1.952 1.938 1.92 1.918 1.892 1.879 1.876 1.867 1.852 1.845 1.836 1.832 1.819 1.813 1.806 1.794 1.784 1.777 1.764 1.759 1.75 1.736 1.726 1.725 1.709 1.701 1.694 1.687 1.672 1.662 1.655 1.646 1.641 1.634 1.632 1.61 1.57 1.565 1.565 1.565 1.581 1.599 1.606 1.627 1.643 1.657 1.666 1.685 1.7 1.724 1.744 1.769 1.777 1.807 1.815 1.84 1.855 1.88 1.902 1.902 1.902 1.865 1.86 1.849 1.848 1.843 1.84 1.836 1.826 1.825 1.821 1.82 1.817 1.806 1.804 1.803 1.801 1.789 1.787 1.785 1.784 1.772 1.768 1.767 1.762 1.761 1.761 1.753 1.753 1.751 1.746 1.743 1.746 1.739 1.736 1.732 1.73 1.729 1.729 1.721 1.721 1.721 1.721 1.72 1.72 1.711 1.709 1.709 1.705 1.705 1.704 1.699 1.687 1.684 1.661 1.661 1.645 1.624 1.618 1.612 1.593 1.585 1.574 1.561 1.554 1.534 1.531 1.531 1.497 1.496 1.479 1.478 1.46 1.453 1.447 1.436 1.421 1.411 1.402 1.398 1.387 1.38 1.376 1.359 1.357 1.357 1.357 1.299 1.264 1.24 1.165 1.091 1.091 1 0.896 0.805 0.803 0.802 0.798 0.787 0.776 0.776 0.776 0.776 0.778 0.781 0.781 0.778 0.779 0.779 0.779 0.781 0.785 0.785 0.785 0.787 0.787 0.791 0.798 0.798 0.798 0.797 0.797 0.797 0.798 0.798 0.802 0.802 0.808 0.81 0.81 0.815 0.815 0.819 0.819 0.819 0.812 0.808 0.789 0.789 0.788 0.788 0.79 0.792 0.835 0.835 0.835 0.828 0.81 0.802 0.795 0.785 0.782 0.763 0.757 0.743 0.732 0.731 0.725 0.719 0.711 0.698 0.693 0.686 0.67 0.669 0.657 0.656 0.652 0.648 0.637 0.632 0.617 0.615 0.614 0.605 0.605 0.6 0.598 0.592 0.583 0.582 0.576 0.576 0.57 0.568 0.56 0.558 0.555 0.551 0.55 0.547 0.543 0.54 0.539 0.537 0.537 0.538 0.538 0.538 0.538 0.538 0.542 0.548 0.549 0.553 0.554 0.554 0.555 0.561 0.565 0.574 
1 1 1 1 1 1 1 1 1 1 1 1 1 1 1 1 1 1 1 1 1 1 1 1 1 1 1 1 1 1 1 1 1 1 1 1 1 1 1 1 1 1 1 1 1 1 1 1 1 1 1 1 1 1 1 1 1 1 1 1 1 1 1 1 1 1 1 1 1 1 1 1 1 1 1 1 1 1 1 1 1 1 1 1 1 1 1 1 1 1 1 1 1 1 1 1 1 1 1 1 1 1 1 1 1 1 1 1 1 1 1 1 1 1 1 1 1 1 1 1 1 1 1 1 1 1 1 1 1 1 1 1 1 1 1 1 1 1 1 1 1 1 1 1 1 1 1 1 1 1 1 1 1 1 1 1 1 1 1 1 1 1 1 1 1 1 1 1 1 1 1 1 1 1 1 1 1 1 1 1 1 1 1 1 1 1 1 1 1 1 1 1 1 1 1 1 1 1 1 1 1 1 1 1 1 1 1 1 1 1 1 1 1 1 1 1 1 1 1 1 1 1 1 1 1 1 1 1 1 1 1 1 1 1 1 1 1 1 1 1 1 1 1 1 1 1 1 1 1 1 1 1 1 1 1 1 1 1 1 1 1 1 1 1 1 1 1 1 1 1 1 1 1 1 1 1 1 0 0 0 0 0 1 1 1 1 1 1 1 0 0 0 1 1 1 1 1 1 1 1 1 1 1 1 1 1 1 1 1 1 1 1 1 1 1 1 1 0 0 1 1 1 1 1 1 1 1 1 1 1 1 1 1 1 1 1 1 1 1 1 1 1 1 1 1 1 1 1 1 1 1 1 1 1 1 1 1 1 1 1 1 1 1 1 1 1 1 1 1 1 1 1 1 1 1 1 1 1 1 1 1 1 1 1 1 1 1 1 1 1 1 1 1 1 1 1 1 1 1 1 1 1 1 1 1 1 1 1 1 1 1 1 1 1 1 1 1 1 1 1 1 1 1 1 1 1 1 1 1 1 1 1 1 1 1 1 1 1 1 1 1 1 1 1 1 1 1 1 1 1 1 1 1 1 1 1 1 1 1 1 1 1 1 1 1 1 1 1 1 1 1 1 1 1 1 1 1 1 1 1 1 1 1 1 1 1 1 1 1 1 1 1 1 1 1 1 1 1 1 1 1 1 1 1 1 1 1 1 1 1 1 1 1 1 1 1 1 1 1 1 1 1 1 1 1 1 1 1 1 1 1 1 1 1 1 1 1 1 1 1 1 1 1 1 1 1 1 1 1 1 1 1 1 1 1 1 1 1 1 1 1 1 1 1 1 1 1 1 1 1 1 1 1 1 1 1 1 1 1 1 1 1 1 1 1 1 1 1 1 1 1 1 1 1 1 1 1 1 1 1 1 1 1 1 1 1 1 1 1 1 1 1 1 1 1 1 1 1 1 1 1 1 1 1 1 1 1 1 1 1 1 1 1 1 1 1 1 1 1 1 1 1 1 1 1 1 1 1 1 1 1 1 1 1 1 1 1 1 1 1 1 1 1 1 1 1 1 1 1 1 1 1 1 1 1 1 1 1 1 1 1 1 
