# This file contains a 2D laser scan observation. 
# Its format is: 
# [aperture] [max_range] [number_of_scans] 
# [vector_of_scans] 
# [vector_of_valid_scans] 
# The aperture of the sensor is in radians, the maximum range 
# and measurements are in meters. '1' means a valid scan, '0' otherwise.
4.1847
5.6
682
0.87 0.87 0.87 0.866 0.866 0.866 0.866 0.866 0.866 0.867 0.867 0.866 0.866 0.866 0.862 0.866 0.865 0.865 0.865 0.865 0.865 0.865 0.865 0.864 0.866 0.864 0.864 0.867 0.867 0.867 0.867 0.867 0.86 0.86 0.86 0.868 0.86 0.86 0.861 0.861 0.861 0.862 0.862 0.866 0.866 0.866 0.869 0.872 0.874 0.874 0.874 0.875 0.874 0.874 0.875 0.883 0.883 0.883 0.883 0.88 0.88 0.88 0.88 0.884 0.884 0.884 0.887 0.887 0.887 0.892 0.888 0.894 0.894 0.894 0.894 0.895 0.895 0.903 0.904 0.909 0.909 0.91 0.915 0.915 0.918 0.923 0.92 0.929 0.93 0.931 0.932 0.935 0.938 0.94 0.944 0.944 0.949 0.95 0.953 0.953 0.955 0.955 0.955 0.952 0.855 0.83 0.823 0.811 0.811 0.806 0.794 0.794 0.794 0.786 0.786 0.78 0.78 0.78 0.78 0.781 0.783 0.783 0.781 0.776 0.775 0.775 0.775 0.776 0.777 0.777 0.777 0.781 0.783 0.781 0.783 0.784 0.784 0.791 0.794 0.796 0.804 0.811 0.815 0.834 0.854 0.923 0.923 0.923 0.922 0.92 0.913 0.906 0.9 0.892 0.89 0.885 0.874 0.87 0.869 0.863 0.854 0.848 0.847 0.847 0.843 0.84 0.832 0.83 0.828 0.822 0.821 0.821 0.808 0.805 0.8 0.8 0.799 0.792 0.792 0.788 0.786 0.785 0.777 0.775 0.774 0.772 0.766 0.765 0.762 0.757 0.754 0.751 0.751 0.749 0.747 0.745 0.745 0.738 0.738 0.736 0.733 0.733 0.73 0.733 0.733 0.73 0.719 0.716 0.716 0.716 0.716 0.717 0.717 0.717 0.717 0.727 0.746 0.757 0.768 0.779 0.784 0.808 0.814 0.823 0.846 0.865 0.875 0.89 0.903 0.926 0.951 0.959 0.971 0.995 1.01 1.034 1.05 1.061 1.097 1.108 1.186 2.631 2.661 2.695 2.695 2.695 2.69 2.685 2.685 2.684 2.684 2.685 0 0 0 0 2.674 2.667 2.665 2.664 2.664 2.664 2.664 2.665 2.666 0 0 0 2.664 2.66 2.66 2.66 2.66 2.66 2.661 2.663 2.663 2.663 2.663 2.663 2.663 2.659 2.659 2.662 2.663 2.667 2.676 2.676 2.675 2.675 2.674 2.674 2.674 2.681 2.686 2.687 2.687 2.687 0 2.706 2.693 2.706 2.707 2.707 2.712 2.718 2.721 2.722 2.725 2.727 2.727 2.734 2.738 2.734 2.734 2.699 2.55 2.541 2.541 2.541 2.567 2.567 2.567 2.519 2.5 2.499 2.485 2.482 2.482 2.481 2.481 2.48 2.479 2.479 2.48 2.484 2.491 2.496 2.497 2.498 2.509 2.517 2.932 2.935 2.935 2.932 2.869 2.833 2.798 2.761 2.724 2.701 2.669 2.637 2.605 2.567 2.549 2.518 2.478 2.459 2.436 2.412 2.391 2.358 2.325 2.31 2.286 2.263 2.228 2.221 2.2 2.172 2.158 2.141 2.122 2.099 2.077 2.064 2.046 2.028 2.009 1.991 1.977 1.963 1.946 1.926 1.914 1.897 1.885 1.867 1.856 1.828 1.818 1.806 1.792 1.781 1.767 1.76 1.751 1.735 1.726 1.719 1.699 1.69 1.672 1.669 1.661 1.646 1.633 1.633 1.623 1.618 1.612 1.609 1.598 1.591 1.582 1.575 1.57 1.567 1.547 1.544 1.532 1.519 1.516 1.513 1.504 1.492 1.485 1.479 1.477 1.461 1.454 1.448 1.448 1.433 1.431 1.428 1.419 1.412 1.405 1.404 1.39 1.389 1.385 1.384 1.374 1.364 1.359 1.356 1.356 1.345 1.313 1.311 1.311 1.313 1.314 1.33 1.346 1.36 1.379 1.394 1.416 1.43 1.455 1.465 1.489 1.516 1.531 1.564 1.583 1.604 1.627 1.648 1.678 1.678 1.678 1.638 1.629 1.625 1.625 1.623 1.622 1.62 1.617 1.612 1.609 1.606 1.602 1.599 1.597 1.596 1.595 1.595 1.593 1.585 1.585 1.585 1.584 1.582 1.575 1.574 1.573 1.573 1.573 1.573 1.573 1.572 1.572 1.567 1.565 1.565 1.565 1.566 1.565 1.565 1.566 1.566 1.57 1.573 1.574 1.575 1.575 1.577 1.58 1.581 1.58 1.58 1.578 1.577 1.577 1.578 1.576 1.576 1.576 1.552 1.54 1.539 1.524 1.521 1.51 1.498 1.49 1.486 1.484 1.468 1.466 1.456 1.451 1.443 1.439 1.434 1.424 1.418 1.418 1.41 1.395 1.393 1.385 1.377 1.363 1.363 1.36 1.356 1.346 1.341 1.333 1.332 1.327 1.316 1.314 1.304 1.303 1.303 1.298 1.296 1.293 1.287 1.278 1.272 1.241 1.216 1.192 1.177 1.149 1.126 1.119 1.096 1.077 1.068 1.037 1.032 1.016 1 0.983 0.968 0.956 0.943 0.935 0.915 0.912 0.894 0.892 0.871 0.862 0.852 0.842 0.83 0.828 0.817 0.81 0.801 0.794 0.783 0.774 0.774 0.774 0.776 0.777 0.777 0.776 0.77 0.757 0.757 0.757 0.761 0.761 0.761 0.765 0.776 0.778 0.783 0.785 0.785 0.793 0.793 0.795 0.797 0.803 0.807 0.808 0.811 0.812 0.814 0.817 0.825 0.828 0.834 0.842 0.843 0.854 0.855 0.859 0.865 0.865 0.868 0.868 0.865 0.861 0.861 0.861 0.868 0.873 0.873 0.868 0.866 0.862 0.856 0.85 0.845 0.842 0.842 0.839 0.831 0.823 0.816 0.815 0.811 0.81 0.8 0.799 0.799 
1 1 1 1 1 1 1 1 1 1 1 1 1 1 1 1 1 1 1 1 1 1 1 1 1 1 1 1 1 1 1 1 1 1 1 1 1 1 1 1 1 1 1 1 1 1 1 1 1 1 1 1 1 1 1 1 1 1 1 1 1 1 1 1 1 1 1 1 1 1 1 1 1 1 1 1 1 1 1 1 1 1 1 1 1 1 1 1 1 1 1 1 1 1 1 1 1 1 1 1 1 1 1 1 1 1 1 1 1 1 1 1 1 1 1 1 1 1 1 1 1 1 1 1 1 1 1 1 1 1 1 1 1 1 1 1 1 1 1 1 1 1 1 1 1 1 1 1 1 1 1 1 1 1 1 1 1 1 1 1 1 1 1 1 1 1 1 1 1 1 1 1 1 1 1 1 1 1 1 1 1 1 1 1 1 1 1 1 1 1 1 1 1 1 1 1 1 1 1 1 1 1 1 1 1 1 1 1 1 1 1 1 1 1 1 1 1 1 1 1 1 1 1 1 1 1 1 1 1 1 1 1 1 1 1 1 1 1 1 1 1 1 1 1 1 1 1 1 1 1 1 1 0 0 0 0 1 1 1 1 1 1 1 1 1 0 0 0 1 1 1 1 1 1 1 1 1 1 1 1 1 1 1 1 1 1 1 1 1 1 1 1 1 1 1 1 1 1 0 1 1 1 1 1 1 1 1 1 1 1 1 1 1 1 1 1 1 1 1 1 1 1 1 1 1 1 1 1 1 1 1 1 1 1 1 1 1 1 1 1 1 1 1 1 1 1 1 1 1 1 1 1 1 1 1 1 1 1 1 1 1 1 1 1 1 1 1 1 1 1 1 1 1 1 1 1 1 1 1 1 1 1 1 1 1 1 1 1 1 1 1 1 1 1 1 1 1 1 1 1 1 1 1 1 1 1 1 1 1 1 1 1 1 1 1 1 1 1 1 1 1 1 1 1 1 1 1 1 1 1 1 1 1 1 1 1 1 1 1 1 1 1 1 1 1 1 1 1 1 1 1 1 1 1 1 1 1 1 1 1 1 1 1 1 1 1 1 1 1 1 1 1 1 1 1 1 1 1 1 1 1 1 1 1 1 1 1 1 1 1 1 1 1 1 1 1 1 1 1 1 1 1 1 1 1 1 1 1 1 1 1 1 1 1 1 1 1 1 1 1 1 1 1 1 1 1 1 1 1 1 1 1 1 1 1 1 1 1 1 1 1 1 1 1 1 1 1 1 1 1 1 1 1 1 1 1 1 1 1 1 1 1 1 1 1 1 1 1 1 1 1 1 1 1 1 1 1 1 1 1 1 1 1 1 1 1 1 1 1 1 1 1 1 1 1 1 1 1 1 1 1 1 1 1 1 1 1 1 1 1 1 1 1 1 1 1 1 1 1 1 1 1 1 1 1 1 1 1 1 1 1 1 1 1 1 1 1 1 1 1 1 1 1 1 1 1 1 1 1 1 1 1 1 1 1 1 1 1 1 1 1 1 1 1 1 1 1 1 1 1 1 1 1 1 1 1 1 1 1 1 1 1 
