# This file contains a 2D laser scan observation. 
# Its format is: 
# [aperture] [max_range] [number_of_scans] 
# [vector_of_scans] 
# [vector_of_valid_scans] 
# The aperture of the sensor is in radians, the maximum range 
# and measurements are in meters. '1' means a valid scan, '0' otherwise.
4.1847
5.6
682
0.975 0.97 0.975 0.975 0.97 0.969 0.975 0.975 0.97 0.975 0.975 0.973 0.973 0.975 0.973 0.975 0.975 0.971 0.971 0.973 0.973 0.974 0.978 0.979 0.979 0.98 0.979 0.979 0.979 0.975 0.975 0.974 0.974 0.974 0.974 0.974 0.977 0.98 0.981 0.986 0.986 0.986 0.986 0.976 0.88 0.841 0.829 0.81 0.81 0.803 0.793 0.79 0.786 0.784 0.785 0.778 0.778 0.775 0.769 0.768 0.766 0.766 0.766 0.766 0.77 0.77 0.77 0.77 0.77 0.771 0.774 0.778 0.781 0.781 0.782 0.782 0.787 0.793 0.795 0.796 0.801 0.807 0.818 0.829 0.861 0.91 0.91 0.91 0.896 0.882 0.882 0.87 0.853 0.851 0.841 0.832 0.825 0.819 0.801 0.799 0.788 0.783 0.774 0.768 0.756 0.752 0.749 0.742 0.734 0.726 0.725 0.717 0.715 0.707 0.695 0.69 0.679 0.678 0.677 0.672 0.67 0.654 0.651 0.651 0.646 0.64 0.636 0.63 0.626 0.626 0.615 0.613 0.613 0.61 0.603 0.6 0.596 0.593 0.584 0.583 0.583 0.583 0.587 0.589 0.589 0.589 0.599 0.6 0.605 0.605 0.608 0.611 0.625 0.629 0.633 0.637 0.638 0.64 0.645 0.65 0.652 0.654 0.658 0.665 0.667 0.669 0.67 0.693 0.695 0.705 0.708 0.721 0.721 0.73 0.732 0.742 0.749 0.757 0.761 0.775 0.776 0.791 0.795 0.801 0.805 0.825 0.825 0.832 0.847 0.863 0.871 0.878 0.889 0.906 0.913 0.922 0.936 0.949 0.959 0.974 2.347 2.397 2.44 2.44 2.474 2.499 2.501 2.501 2.501 2.494 2.488 2.483 2.468 2.467 2.465 2.463 2.458 2.458 2.458 2.502 2.506 2.506 2.506 2.498 2.498 2.498 0 0 0 0 2.484 2.478 2.475 2.469 2.467 2.467 2.467 2.467 2.469 0 0 0 2.45 2.45 2.45 2.45 2.447 2.446 2.446 2.446 2.446 2.446 2.444 2.442 2.439 2.442 2.439 2.441 2.439 2.441 2.441 2.441 2.441 2.441 2.441 2.44 2.442 2.443 2.443 2.442 2.444 2.442 2.442 2.444 2.451 2.451 2.451 0 0.007 2.456 2.456 2.466 2.466 2.467 2.468 2.468 2.471 2.471 2.48 2.48 2.483 2.483 2.484 2.489 2.494 2.495 2.494 2.494 2.505 2.482 2.482 0.007 2.526 2.526 2.539 2.538 2.539 2.544 2.544 2.554 2.556 2.559 2.566 2.568 2.575 2.582 2.583 2.583 2.582 2.433 2.361 2.261 2.261 2.261 2.278 2.312 2.441 2.659 2.659 2.67 2.67 2.67 2.657 2.621 2.578 2.537 2.508 2.488 2.456 2.426 2.393 2.374 2.343 2.316 2.297 2.262 2.236 2.215 2.19 2.17 2.145 2.122 2.103 2.074 2.057 2.027 2.015 1.996 1.969 1.955 1.935 1.933 1.901 1.878 1.868 1.852 1.84 1.816 1.795 1.795 1.769 1.749 1.735 1.73 1.71 1.694 1.677 1.672 1.651 1.637 1.629 1.614 1.602 1.587 1.585 1.569 1.559 1.54 1.536 1.525 1.503 1.498 1.488 1.477 1.466 1.465 1.456 1.449 1.438 1.429 1.424 1.407 1.403 1.396 1.387 1.379 1.372 1.359 1.354 1.349 1.339 1.333 1.323 1.321 1.308 1.307 1.296 1.292 1.286 1.281 1.279 1.275 1.274 1.264 1.262 1.256 1.255 1.251 1.246 1.242 1.239 1.238 1.238 1.237 1.226 1.223 1.218 1.217 1.216 1.211 1.208 1.205 1.194 1.19 1.187 1.185 1.181 1.177 1.175 1.17 1.168 1.159 1.157 1.156 1.153 1.151 1.145 1.143 1.141 1.14 1.111 1.105 1.102 1.099 1.099 1.102 1.119 1.137 1.151 1.181 1.197 1.227 1.242 1.277 1.29 1.322 1.347 1.381 1.385 1.415 1.448 1.47 1.47 1.47 1.447 1.447 1.442 1.442 1.442 1.442 1.442 1.439 1.438 1.438 1.435 1.435 1.433 1.433 1.433 1.433 1.433 1.434 1.431 1.434 1.438 1.438 1.438 1.439 1.44 1.44 1.44 1.44 1.443 1.443 1.448 1.449 1.449 1.448 1.446 1.444 1.444 1.443 1.439 1.444 1.439 1.431 1.439 1.439 1.435 1.433 1.433 1.433 1.432 1.43 1.43 1.43 1.43 1.433 1.433 1.436 1.435 1.435 1.438 1.438 1.441 1.442 1.448 1.45 1.45 1.45 1.446 1.437 1.424 1.423 1.417 1.412 1.41 1.405 1.391 1.388 1.388 1.384 1.381 1.371 1.37 1.364 1.36 1.358 1.349 1.349 1.348 1.349 1.348 1.336 1.329 1.324 1.318 1.318 1.314 1.308 1.307 1.307 1.3 1.3 1.299 1.295 1.292 1.285 1.283 1.272 1.27 1.269 1.266 1.264 1.263 1.259 1.257 1.256 1.255 1.254 1.241 1.235 1.213 1.205 1.19 1.181 1.16 1.157 1.14 1.125 1.116 1.112 1.099 1.087 1.082 1.069 1.06 1.058 1.039 1.026 1.025 1.017 1 1 0.983 0.981 0.973 0.96 0.958 0.957 0.954 0.934 0.933 0.927 0.918 0.915 0.903 0.899 0.897 0.891 0.882 0.88 0.878 0.876 0.867 0.867 0.859 0.849 0.849 0.842 0.84 0.838 0.831 0.831 0.827 0.819 0.813 0.812 0.812 0.812 0.812 0.814 0.814 0.814 0.814 0.819 0.826 0.829 0.833 0.843 0.844 0.845 0.866 0.868 0.869 0.883 0.886 0.899 0.9 0.91 0.921 0.936 
1 1 1 1 1 1 1 1 1 1 1 1 1 1 1 1 1 1 1 1 1 1 1 1 1 1 1 1 1 1 1 1 1 1 1 1 1 1 1 1 1 1 1 1 1 1 1 1 1 1 1 1 1 1 1 1 1 1 1 1 1 1 1 1 1 1 1 1 1 1 1 1 1 1 1 1 1 1 1 1 1 1 1 1 1 1 1 1 1 1 1 1 1 1 1 1 1 1 1 1 1 1 1 1 1 1 1 1 1 1 1 1 1 1 1 1 1 1 1 1 1 1 1 1 1 1 1 1 1 1 1 1 1 1 1 1 1 1 1 1 1 1 1 1 1 1 1 1 1 1 1 1 1 1 1 1 1 1 1 1 1 1 1 1 1 1 1 1 1 1 1 1 1 1 1 1 1 1 1 1 1 1 1 1 1 1 1 1 1 1 1 1 1 1 1 1 1 1 1 1 1 1 1 1 1 1 1 1 1 1 1 1 1 1 1 1 1 1 1 1 1 1 1 1 1 1 0 0 0 0 1 1 1 1 1 1 1 1 1 0 0 0 1 1 1 1 1 1 1 1 1 1 1 1 1 1 1 1 1 1 1 1 1 1 1 1 1 1 1 1 1 1 1 1 1 1 1 0 0 1 1 1 1 1 1 1 1 1 1 1 1 1 1 1 1 1 1 1 1 1 1 0 1 1 1 1 1 1 1 1 1 1 1 1 1 1 1 1 1 1 1 1 1 1 1 1 1 1 1 1 1 1 1 1 1 1 1 1 1 1 1 1 1 1 1 1 1 1 1 1 1 1 1 1 1 1 1 1 1 1 1 1 1 1 1 1 1 1 1 1 1 1 1 1 1 1 1 1 1 1 1 1 1 1 1 1 1 1 1 1 1 1 1 1 1 1 1 1 1 1 1 1 1 1 1 1 1 1 1 1 1 1 1 1 1 1 1 1 1 1 1 1 1 1 1 1 1 1 1 1 1 1 1 1 1 1 1 1 1 1 1 1 1 1 1 1 1 1 1 1 1 1 1 1 1 1 1 1 1 1 1 1 1 1 1 1 1 1 1 1 1 1 1 1 1 1 1 1 1 1 1 1 1 1 1 1 1 1 1 1 1 1 1 1 1 1 1 1 1 1 1 1 1 1 1 1 1 1 1 1 1 1 1 1 1 1 1 1 1 1 1 1 1 1 1 1 1 1 1 1 1 1 1 1 1 1 1 1 1 1 1 1 1 1 1 1 1 1 1 1 1 1 1 1 1 1 1 1 1 1 1 1 1 1 1 1 1 1 1 1 1 1 1 1 1 1 1 1 1 1 1 1 1 1 1 1 1 1 1 1 1 1 1 1 1 1 1 1 1 1 1 1 1 1 1 1 1 1 1 1 1 1 1 1 1 1 1 1 1 1 1 1 1 1 1 1 1 1 1 1 1 1 1 1 1 1 1 1 1 1 1 1 1 1 1 1 1 1 1 1 1 1 1 1 1 1 1 1 1 1 1 1 1 1 1 1 1 1 1 1 1 1 1 1 1 1 1 1 1 1 1 1 
