# This file contains a 2D laser scan observation. 
# Its format is: 
# [aperture] [max_range] [number_of_scans] 
# [vector_of_scans] 
# [vector_of_valid_scans] 
# The aperture of the sensor is in radians, the maximum range 
# and measurements are in meters. '1' means a valid scan, '0' otherwise.
4.1847
5.6
682
0.993 0.993 0.99 0.989 0.987 0.987 0.984 0.987 0.987 0.991 0.991 0.991 0.989 0.989 0.989 0.989 0.989 0.985 0.985 0.985 0.985 0.992 0.995 0.995 0.995 0.997 0.997 0.997 0.998 0.999 0.999 0.999 0.999 0.999 0.992 0.992 0.88 0.849 0.832 0.815 0.812 0.807 0.801 0.797 0.795 0.791 0.791 0.79 0.788 0.79 0.788 0.788 0.787 0.786 0.782 0.777 0.777 0.777 0.779 0.777 0.779 0.78 0.782 0.783 0.787 0.787 0.789 0.795 0.797 0.8 0.8 0.805 0.816 0.828 0.837 0.858 0.875 0.91 0.91 0.91 0.897 0.895 0.875 0.868 0.859 0.838 0.834 0.823 0.814 0.801 0.799 0.78 0.774 0.767 0.755 0.75 0.748 0.739 0.73 0.722 0.716 0.711 0.701 0.699 0.694 0.684 0.669 0.668 0.662 0.66 0.651 0.644 0.639 0.636 0.631 0.629 0.621 0.611 0.611 0.61 0.608 0.602 0.592 0.588 0.588 0.587 0.587 0.577 0.577 0.577 0.577 0.577 0.577 0.577 0.582 0.588 0.59 0.595 0.596 0.599 0.602 0.608 0.609 0.612 0.613 0.622 0.622 0.634 0.642 0.642 0.642 0.645 0.652 0.664 0.667 0.667 0.678 0.679 0.682 0.683 0.69 0.708 0.711 0.711 0.711 0.711 0.724 0.73 0.738 0.744 0.751 0.755 0.767 0.777 0.778 0.784 0.789 0.805 0.808 0.813 0.833 0.84 0.846 0.847 0.867 0.868 0.89 0.892 0.899 0.92 0.933 0.934 0.952 0.969 2.35 2.35 2.356 2.363 2.384 2.41 2.43 2.474 2.486 2.486 2.483 2.474 2.483 2.483 2.465 2.463 2.446 2.442 2.441 2.441 2.442 2.453 2.485 2.485 2.485 2.479 2.479 2.479 0 0 0 0 2.458 2.452 2.452 2.447 2.447 2.446 2.442 2.442 2.451 0 0 0 2.427 2.424 2.422 2.422 2.421 2.421 2.42 2.419 2.415 2.413 2.412 2.412 2.409 2.409 2.412 2.416 2.412 2.415 2.412 2.41 2.41 2.411 2.411 2.411 2.411 2.41 2.41 2.41 2.41 2.416 2.416 2.416 2.411 2.418 2.419 2.419 2.408 2.023 2.023 2.023 2.425 2.432 2.433 2.433 2.437 2.439 2.44 2.444 2.446 2.449 2.45 2.453 2.457 2.462 2.463 2.463 2.463 2.463 2.43 2.37 2.37 2.37 2.482 2.485 2.496 2.5 2.503 2.509 2.51 2.51 2.522 2.525 2.525 2.525 2.525 2.518 2.487 2.449 2.332 2.224 2.222 2.216 2.222 2.218 2.222 2.229 2.23 2.239 2.639 2.646 2.646 2.639 2.632 2.592 2.542 2.528 2.477 2.44 2.411 2.397 2.373 2.335 2.306 2.279 2.254 2.227 2.2 2.187 2.162 2.131 2.11 2.092 2.067 2.036 2.028 2.009 1.986 1.963 1.945 1.936 1.908 1.889 1.869 1.865 1.838 1.816 1.804 1.793 1.772 1.757 1.749 1.726 1.713 1.699 1.681 1.672 1.65 1.649 1.622 1.621 1.602 1.587 1.579 1.566 1.544 1.54 1.535 1.521 1.503 1.497 1.485 1.475 1.464 1.45 1.443 1.442 1.427 1.421 1.412 1.402 1.397 1.39 1.376 1.374 1.361 1.361 1.352 1.342 1.331 1.328 1.316 1.313 1.312 1.309 1.302 1.299 1.292 1.289 1.286 1.283 1.278 1.277 1.272 1.26 1.258 1.256 1.25 1.245 1.243 1.238 1.233 1.229 1.227 1.214 1.21 1.21 1.196 1.193 1.193 1.192 1.192 1.182 1.175 1.175 1.174 1.163 1.161 1.155 1.154 1.148 1.145 1.141 1.139 1.136 1.133 1.129 1.129 1.129 1.126 1.123 1.115 1.115 1.115 1.11 1.084 1.076 1.076 1.073 1.073 1.076 1.094 1.112 1.127 1.157 1.178 1.204 1.236 1.267 1.286 1.317 1.345 1.357 1.38 1.402 1.439 1.453 1.453 1.453 1.417 1.416 1.416 1.416 1.415 1.416 1.415 1.415 1.412 1.409 1.409 1.408 1.408 1.408 1.412 1.412 1.415 1.416 1.416 1.419 1.419 1.426 1.426 1.425 1.425 1.428 1.428 1.428 1.428 1.426 1.424 1.423 1.423 1.423 1.422 1.417 1.416 1.416 1.416 1.409 1.416 1.416 1.416 1.416 1.416 1.414 1.414 1.414 1.408 1.408 1.408 1.408 1.416 1.417 1.417 1.424 1.425 1.426 1.428 1.428 1.429 1.431 1.433 1.434 1.434 1.434 1.428 1.426 1.422 1.417 1.413 1.399 1.393 1.391 1.387 1.387 1.385 1.373 1.371 1.365 1.361 1.356 1.355 1.351 1.347 1.339 1.339 1.339 1.335 1.335 1.335 1.33 1.318 1.309 1.308 1.302 1.301 1.3 1.294 1.294 1.288 1.288 1.285 1.282 1.278 1.278 1.275 1.275 1.269 1.269 1.26 1.257 1.25 1.25 1.25 1.25 1.249 1.249 1.231 1.222 1.205 1.201 1.176 1.17 1.154 1.143 1.123 1.121 1.117 1.107 1.106 1.078 1.074 1.068 1.059 1.053 1.044 1.031 1.023 1.019 1.017 0.997 0.994 0.985 0.981 0.976 0.968 0.961 0.956 0.948 0.941 0.94 0.938 0.924 0.919 0.917 0.916 0.905 0.898 0.897 0.894 0.885 0.885 0.882 0.877 0.869 0.861 0.859 0.858 0.85 0.844 0.842 0.84 0.834 0.833 0.829 0.828 0.828 0.829 0.828 0.825 0.828 0.828 0.828 0.831 0.836 0.843 0.846 0.854 0.869 0.869 0.876 0.884 0.889 0.9 0.912 
1 1 1 1 1 1 1 1 1 1 1 1 1 1 1 1 1 1 1 1 1 1 1 1 1 1 1 1 1 1 1 1 1 1 1 1 1 1 1 1 1 1 1 1 1 1 1 1 1 1 1 1 1 1 1 1 1 1 1 1 1 1 1 1 1 1 1 1 1 1 1 1 1 1 1 1 1 1 1 1 1 1 1 1 1 1 1 1 1 1 1 1 1 1 1 1 1 1 1 1 1 1 1 1 1 1 1 1 1 1 1 1 1 1 1 1 1 1 1 1 1 1 1 1 1 1 1 1 1 1 1 1 1 1 1 1 1 1 1 1 1 1 1 1 1 1 1 1 1 1 1 1 1 1 1 1 1 1 1 1 1 1 1 1 1 1 1 1 1 1 1 1 1 1 1 1 1 1 1 1 1 1 1 1 1 1 1 1 1 1 1 1 1 1 1 1 1 1 1 1 1 1 1 1 1 1 1 1 1 1 1 1 1 1 1 1 1 1 1 1 1 1 0 0 0 0 1 1 1 1 1 1 1 1 1 0 0 0 1 1 1 1 1 1 1 1 1 1 1 1 1 1 1 1 1 1 1 1 1 1 1 1 1 1 1 1 1 1 1 1 1 1 1 1 1 1 1 1 1 1 1 1 1 1 1 1 1 1 1 1 1 1 1 1 1 1 1 1 1 1 1 1 1 1 1 1 1 1 1 1 1 1 1 1 1 1 1 1 1 1 1 1 1 1 1 1 1 1 1 1 1 1 1 1 1 1 1 1 1 1 1 1 1 1 1 1 1 1 1 1 1 1 1 1 1 1 1 1 1 1 1 1 1 1 1 1 1 1 1 1 1 1 1 1 1 1 1 1 1 1 1 1 1 1 1 1 1 1 1 1 1 1 1 1 1 1 1 1 1 1 1 1 1 1 1 1 1 1 1 1 1 1 1 1 1 1 1 1 1 1 1 1 1 1 1 1 1 1 1 1 1 1 1 1 1 1 1 1 1 1 1 1 1 1 1 1 1 1 1 1 1 1 1 1 1 1 1 1 1 1 1 1 1 1 1 1 1 1 1 1 1 1 1 1 1 1 1 1 1 1 1 1 1 1 1 1 1 1 1 1 1 1 1 1 1 1 1 1 1 1 1 1 1 1 1 1 1 1 1 1 1 1 1 1 1 1 1 1 1 1 1 1 1 1 1 1 1 1 1 1 1 1 1 1 1 1 1 1 1 1 1 1 1 1 1 1 1 1 1 1 1 1 1 1 1 1 1 1 1 1 1 1 1 1 1 1 1 1 1 1 1 1 1 1 1 1 1 1 1 1 1 1 1 1 1 1 1 1 1 1 1 1 1 1 1 1 1 1 1 1 1 1 1 1 1 1 1 1 1 1 1 1 1 1 1 1 1 1 1 1 1 1 1 1 1 1 1 1 1 1 1 1 1 1 1 1 1 1 1 1 1 1 1 1 1 1 1 1 1 1 1 1 1 1 1 1 1 1 1 1 1 1 1 1 1 1 1 1 1 1 1 1 1 1 1 1 1 1 1 1 1 1 
