# This file contains a 2D laser scan observation. 
# Its format is: 
# [aperture] [max_range] [number_of_scans] 
# [vector_of_scans] 
# [vector_of_valid_scans] 
# The aperture of the sensor is in radians, the maximum range 
# and measurements are in meters. '1' means a valid scan, '0' otherwise.
4.1847
5.6
682
0.744 0.741 0.744 0.741 0.741 0.741 0.74 0.739 0.739 0.738 0.738 0.739 0.737 0.737 0.737 0.736 0.736 0.734 0.736 0.736 0.737 0.737 0.741 0.737 0.737 0.737 0.737 0.737 0.742 0.742 0.735 0.742 0.742 0.739 0.739 0.747 0.747 0.739 0.739 0.743 0.738 0.736 0.738 0.734 0.734 0.734 0.734 0.734 0.734 0.734 0.734 0.736 0.734 0.736 0.736 0.736 0.734 0.736 0.736 0.74 0.74 0.74 0.74 0.741 0.741 0.741 0.745 0.741 0.742 0.741 0.742 0.742 0.748 0.749 0.749 0.751 0.751 0.751 0.751 0.752 0.755 0.76 0.761 0.761 0.844 1.084 1.089 1.094 1.096 1.103 1.108 1.111 1.12 1.139 1.145 1.146 1.252 1.395 1.398 1.413 1.417 1.419 1.422 1.425 1.426 1.434 1.443 1.447 1.447 1.458 1.458 1.46 1.462 1.462 1.479 1.481 1.484 1.49 1.497 1.497 1.507 1.511 1.518 1.527 1.532 1.534 1.542 1.553 1.56 1.569 1.569 1.576 1.581 1.595 1.599 1.605 1.615 1.621 1.63 1.636 1.646 1.648 1.656 1.668 1.676 1.68 1.697 1.701 1.711 1.728 1.735 1.743 1.748 1.764 1.767 1.78 1.787 1.801 1.811 1.821 1.837 1.843 1.855 1.872 1.872 1.893 1.901 1.923 1.936 1.94 1.94 1.955 1.976 1.976 1.976 1.958 1.958 1.958 1.968 1.978 1.992 2.015 2.029 2.046 2.053 0 0 0 0 0 0 0 2.019 2.015 1.999 1.999 1.999 0 0 0 0 0 2.027 2.018 2.017 2.002 2 1.998 1.983 1.981 1.977 1.972 1.967 1.962 1.949 1.946 1.943 1.935 1.93 1.929 1.916 1.916 1.914 1.911 1.9 1.899 1.891 1.891 1.882 1.881 1.879 1.878 1.868 1.867 1.865 1.864 1.857 1.855 1.851 1.85 1.847 1.845 1.839 1.833 1.833 1.828 1.827 1.825 1.82 1.819 1.819 1.819 1.819 1.814 1.814 1.806 1.805 1.804 1.804 1.801 1.8 1.797 1.793 1.257 1.257 1.249 1.249 1.249 1.252 1.252 1.783 1.785 1.788 1.785 1.785 1.785 1.782 1.782 1.782 1.786 1.781 1.781 1.786 1.783 1.783 1.783 1.783 1.783 1.783 1.782 1.782 1.782 1.782 1.782 1.786 1.788 1.788 1.794 1.794 1.788 1.784 1.445 1.43 1.425 1.425 1.425 1.426 1.429 1.431 1.441 1.441 1.443 1.441 1.443 1.443 1.443 1.444 1.448 1.448 1.448 1.452 1.452 1.449 1.451 1.451 1.449 1.451 1.452 1.454 1.459 1.466 1.467 1.467 1.467 1.473 1.475 1.479 1.479 1.479 1.48 1.485 1.486 1.485 1.487 1.502 1.504 1.928 1.929 1.938 1.938 1.942 1.942 1.938 1.896 1.881 1.857 1.82 1.813 1.783 1.758 1.741 1.716 1.685 1.669 1.649 1.618 1.598 1.58 1.555 1.54 1.533 1.502 1.484 1.479 1.453 1.435 1.429 1.406 1.393 1.376 1.36 1.351 1.339 1.322 1.306 1.299 1.29 1.282 1.262 1.252 1.235 1.224 1.213 1.212 1.198 1.19 1.188 1.168 1.153 1.145 1.13 1.128 1.124 1.112 1.107 1.105 1.092 1.085 1.075 1.069 1.062 1.053 1.044 1.038 1.034 1.019 1.018 1.017 1.004 0.995 0.994 0.993 0.986 0.977 0.973 0.969 0.964 0.954 0.947 0.943 0.934 0.934 0.932 0.929 0.925 0.914 0.91 0.91 0.909 0.907 0.899 0.893 0.889 0.887 0.885 0.882 0.875 0.871 0.868 0.865 0.861 0.86 0.856 0.855 0.851 0.851 0.848 0.848 0.845 0.84 0.833 0.832 0.827 0.822 0.821 0.818 0.812 0.804 0.802 0.801 0.801 0.801 0.8 0.799 0.799 0.799 0.8 0.8 0.8 0.797 0.797 0.796 0.795 0.796 0.796 0.795 0.795 0.79 0.79 0.793 0.793 0.792 0.792 0.792 0.791 0.788 0.779 0.774 0.773 0.773 0.773 0.77 0.77 0.769 0.769 0.768 0.766 0.763 0.763 0.758 0.758 0.761 0.761 0.76 0.76 0.756 0.755 0.756 0.756 0.757 0.757 0.757 0.753 0.753 0.749 0.75 0.753 0.753 0.75 0.751 0.751 0.747 0.747 0.749 0.749 0.749 0.751 0.755 0.761 0.762 0.768 0.771 0.774 0.783 0.783 0.791 0.791 0.791 0.79 0.786 0.783 0.78 0.777 0.775 0.77 0.764 0.762 0.757 0.755 0.753 0.748 0.748 0.748 0.747 0.747 0.749 0.747 0.751 0.753 0.753 0.751 0.754 0.755 0.755 0.755 0.755 0.755 0.755 0.755 0.757 0.756 0.757 0.757 0.763 0.764 0.766 0.766 0.766 0.766 0.766 0.767 0.769 0.771 0.771 0.771 0.771 0.775 0.775 0.775 0.775 0.782 0.782 0.782 0.777 0.767 0.767 0.764 0.765 0.767 0.769 0.773 0.774 1.18 1.188 1.19 1.19 1.195 1.196 1.196 1.207 1.207 1.209 1.214 1.22 1.227 1.227 1.228 1.23 1.241 1.245 1.258 1.259 1.262 1.266 1.268 1.273 1.277 1.285 1.291 1.291 1.293 1.317 1.321 1.323 1.324 1.327 1.334 1.34 1.347 1.356 1.364 1.373 1.379 1.389 1.395 1.4 1.411 1.418 1.424 1.455 1.455 1.455 1.455 1.455 1.459 1.459 1.459 1.459 1.457 1.452 1.457 1.457 1.457 1.446 1.446 1.445 1.445 1.444 1.444 1.444 1.444 1.441 
1 1 1 1 1 1 1 1 1 1 1 1 1 1 1 1 1 1 1 1 1 1 1 1 1 1 1 1 1 1 1 1 1 1 1 1 1 1 1 1 1 1 1 1 1 1 1 1 1 1 1 1 1 1 1 1 1 1 1 1 1 1 1 1 1 1 1 1 1 1 1 1 1 1 1 1 1 1 1 1 1 1 1 1 1 1 1 1 1 1 1 1 1 1 1 1 1 1 1 1 1 1 1 1 1 1 1 1 1 1 1 1 1 1 1 1 1 1 1 1 1 1 1 1 1 1 1 1 1 1 1 1 1 1 1 1 1 1 1 1 1 1 1 1 1 1 1 1 1 1 1 1 1 1 1 1 1 1 1 1 1 1 1 1 1 1 1 1 1 1 1 1 1 1 1 1 1 1 1 1 1 1 1 1 1 0 0 0 0 0 0 0 1 1 1 1 1 0 0 0 0 0 1 1 1 1 1 1 1 1 1 1 1 1 1 1 1 1 1 1 1 1 1 1 1 1 1 1 1 1 1 1 1 1 1 1 1 1 1 1 1 1 1 1 1 1 1 1 1 1 1 1 1 1 1 1 1 1 1 1 1 1 1 1 1 1 1 1 1 1 1 1 1 1 1 1 1 1 1 1 1 1 1 1 1 1 1 1 1 1 1 1 1 1 1 1 1 1 1 1 1 1 1 1 1 1 1 1 1 1 1 1 1 1 1 1 1 1 1 1 1 1 1 1 1 1 1 1 1 1 1 1 1 1 1 1 1 1 1 1 1 1 1 1 1 1 1 1 1 1 1 1 1 1 1 1 1 1 1 1 1 1 1 1 1 1 1 1 1 1 1 1 1 1 1 1 1 1 1 1 1 1 1 1 1 1 1 1 1 1 1 1 1 1 1 1 1 1 1 1 1 1 1 1 1 1 1 1 1 1 1 1 1 1 1 1 1 1 1 1 1 1 1 1 1 1 1 1 1 1 1 1 1 1 1 1 1 1 1 1 1 1 1 1 1 1 1 1 1 1 1 1 1 1 1 1 1 1 1 1 1 1 1 1 1 1 1 1 1 1 1 1 1 1 1 1 1 1 1 1 1 1 1 1 1 1 1 1 1 1 1 1 1 1 1 1 1 1 1 1 1 1 1 1 1 1 1 1 1 1 1 1 1 1 1 1 1 1 1 1 1 1 1 1 1 1 1 1 1 1 1 1 1 1 1 1 1 1 1 1 1 1 1 1 1 1 1 1 1 1 1 1 1 1 1 1 1 1 1 1 1 1 1 1 1 1 1 1 1 1 1 1 1 1 1 1 1 1 1 1 1 1 1 1 1 1 1 1 1 1 1 1 1 1 1 1 1 1 1 1 1 1 1 1 1 1 1 1 1 1 1 1 1 1 1 1 1 1 1 1 1 1 1 1 1 1 1 1 1 1 1 1 1 1 1 1 1 1 1 1 1 1 1 1 1 1 1 1 1 1 1 1 1 1 1 1 1 1 1 1 1 1 1 1 1 1 1 1 1 1 1 1 1 1 1 1 1 1 1 1 1 1 
