# This file contains a 2D laser scan observation. 
# Its format is: 
# [aperture] [max_range] [number_of_scans] 
# [vector_of_scans] 
# [vector_of_valid_scans] 
# The aperture of the sensor is in radians, the maximum range 
# and measurements are in meters. '1' means a valid scan, '0' otherwise.
4.1847
5.6
682
0.819 0.819 0.819 0.818 0.814 0.809 0.807 0.803 0.801 0.801 0.801 0.8 0.8 0.798 0.798 0.794 0.794 0.794 0.792 0.792 0.792 0.788 0.788 0.788 0.783 0.781 0.78 0.779 0.78 0.78 0.78 0.78 0.783 0.783 0.783 0.781 0.783 0.786 0.95 1.026 1.064 1.064 1.103 1.176 1.176 1.176 1.162 1.15 1.129 1.128 1.116 1.108 1.101 1.099 1.09 1.09 1.09 1.092 1.092 1.092 1.092 1.092 1.092 1.094 1.1 1.101 1.101 1.108 1.109 1.113 1.118 1.135 1.138 1.172 1.354 1.354 1.359 1.355 1.359 1.359 1.359 1.359 1.367 1.369 1.369 1.369 1.372 1.375 1.376 1.376 1.377 1.38 1.38 1.383 1.389 1.39 1.393 1.395 1.396 1.402 1.403 1.403 1.407 1.409 1.411 1.415 1.415 1.416 1.425 1.425 1.427 1.429 1.432 1.435 1.444 1.445 1.446 1.45 1.451 1.46 1.465 1.469 1.475 1.479 1.481 1.486 1.487 1.489 1.498 1.501 1.507 1.507 1.514 1.516 1.528 1.529 1.54 1.544 1.545 1.546 1.557 1.567 1.567 1.578 1.582 1.589 1.594 1.599 1.611 1.612 1.616 1.624 1.631 1.641 1.641 1.652 1.661 1.669 1.673 1.674 1.692 1.692 1.707 1.707 1.733 1.735 1.742 1.742 1.751 1.763 1.766 0 0 0 0 0 0.007 0 0 0 0 0 0 0 1.861 1.861 0 0.008 1.861 1.859 1.83 1.823 1.809 1.804 1.787 1.785 1.775 1.769 1.751 1.739 1.739 1.739 1.786 1.786 1.786 1.784 1.783 1.768 1.758 1.753 1.742 1.735 1.728 1.724 1.718 1.71 1.709 1.694 1.694 1.689 1.685 1.684 1.67 1.654 1.654 1.651 1.651 1.637 1.634 1.633 1.628 1.625 1.619 1.613 1.61 1.602 1.601 1.595 1.59 1.589 1.582 1.582 1.574 1.572 1.566 1.563 1.561 1.559 1.557 1.552 1.551 1.551 1.544 1.54 1.532 1.532 1.532 1.528 1.527 1.527 1.522 1.521 1.521 1.508 1.505 1.505 1.503 1.495 0.966 0.957 0.957 0.948 0.948 0.958 0.967 0.967 0.984 1.476 1.477 1.477 1.476 1.475 1.469 1.469 1.469 1.474 1.474 1.474 1.472 1.471 1.468 1.468 1.471 1.471 1.471 1.476 1.476 1.463 1.463 1.465 1.465 1.47 1.47 1.47 1.47 1.467 1.467 1.467 1.467 1.469 1.47 1.469 1.469 1.469 1.467 1.466 1.465 1.138 1.114 1.113 1.11 1.11 1.113 1.116 1.118 1.118 1.118 1.116 1.116 1.114 1.115 1.115 1.115 1.111 1.115 1.117 1.117 1.122 1.122 1.122 1.121 1.121 1.121 1.125 1.125 1.128 1.13 1.131 1.136 1.138 1.14 1.141 1.145 1.145 1.145 1.145 1.14 1.14 1.144 1.149 1.149 1.155 1.155 1.161 1.161 1.161 1.161 1.167 1.167 1.171 1.173 1.177 1.177 1.191 1.291 1.593 1.614 1.626 1.628 1.63 1.628 1.628 1.584 1.58 1.567 1.567 1.567 1.527 1.51 1.494 1.471 1.457 1.44 1.428 1.414 1.399 1.388 1.362 1.356 1.339 1.321 1.312 1.3 1.284 1.278 1.266 1.246 1.231 1.229 1.215 1.201 1.201 1.175 1.167 1.154 1.139 1.138 1.131 1.116 1.107 1.105 1.095 1.093 1.072 1.072 1.064 1.058 1.047 1.038 1.037 1.026 1.015 1.013 1.008 0.995 0.994 0.978 0.974 0.968 0.967 0.961 0.948 0.943 0.941 0.939 0.933 0.922 0.92 0.913 0.913 0.913 0.91 0.9 0.898 0.894 0.89 0.885 0.877 0.871 0.87 0.868 0.864 0.857 0.854 0.851 0.85 0.844 0.84 0.837 0.836 0.834 0.83 0.826 0.821 0.821 0.816 0.816 0.81 0.807 0.797 0.792 0.792 0.792 0.792 0.789 0.785 0.787 0.785 0.781 0.781 0.78 0.775 0.774 0.768 0.768 0.766 0.766 0.765 0.765 0.763 0.762 0.762 0.752 0.751 0.75 0.75 0.747 0.747 0.744 0.737 0.738 0.737 0.734 0.732 0.732 0.731 0.731 0.731 0.731 0.73 0.729 0.725 0.723 0.723 0.72 0.72 0.72 0.72 0.716 0.716 0.716 0.714 0.714 0.714 0.713 0.713 0.71 0.708 0.71 0.705 0.705 0.714 0.714 0.709 0.709 0.709 0.707 0.707 0.707 0.707 0.707 0.707 0.707 0.708 0.709 0.709 0.713 0.714 0.714 0.714 0.716 0.725 0.725 0.727 0.736 0.741 0.742 0.742 0.744 0.744 0.74 0.738 0.736 0.733 0.73 0.729 0.719 0.718 0.715 0.713 0.707 0.707 0.707 0.706 0.706 0.705 0.705 0.704 0.704 0.702 0.702 0.702 0.702 0.702 0.702 0.702 0.702 0.702 0.704 0.707 0.713 0.713 0.713 0.711 0.713 0.718 0.718 0.718 0.723 0.723 0.717 0.717 0.717 0.717 0.722 0.724 0.728 0.725 0.728 0.73 0.734 0.736 0.736 0.738 0.736 0.736 0.736 0.742 0.737 0.745 0.745 0.745 0.75 0.752 0.753 0.753 0.755 0.755 0.756 0.756 0.756 0.765 0.767 0.769 0.771 0.778 0.777 0.783 0.784 0.784 0.788 0.79 0.793 0.795 0.796 0.799 0.8 0.806 0.806 0.81 0.812 0.815 0.821 0.823 0.826 0.83 0.835 0.839 0.839 0.845 0.846 0.849 0.852 0.86 0.862 0.865 0.867 0.875 0.877 0.885 0.885 0.885 
1 1 1 1 1 1 1 1 1 1 1 1 1 1 1 1 1 1 1 1 1 1 1 1 1 1 1 1 1 1 1 1 1 1 1 1 1 1 1 1 1 1 1 1 1 1 1 1 1 1 1 1 1 1 1 1 1 1 1 1 1 1 1 1 1 1 1 1 1 1 1 1 1 1 1 1 1 1 1 1 1 1 1 1 1 1 1 1 1 1 1 1 1 1 1 1 1 1 1 1 1 1 1 1 1 1 1 1 1 1 1 1 1 1 1 1 1 1 1 1 1 1 1 1 1 1 1 1 1 1 1 1 1 1 1 1 1 1 1 1 1 1 1 1 1 1 1 1 1 1 1 1 1 1 1 1 1 1 1 1 1 1 1 1 1 1 1 1 1 1 1 0 0 0 0 0 0 0 0 0 0 0 0 0 1 1 0 0 1 1 1 1 1 1 1 1 1 1 1 1 1 1 1 1 1 1 1 1 1 1 1 1 1 1 1 1 1 1 1 1 1 1 1 1 1 1 1 1 1 1 1 1 1 1 1 1 1 1 1 1 1 1 1 1 1 1 1 1 1 1 1 1 1 1 1 1 1 1 1 1 1 1 1 1 1 1 1 1 1 1 1 1 1 1 1 1 1 1 1 1 1 1 1 1 1 1 1 1 1 1 1 1 1 1 1 1 1 1 1 1 1 1 1 1 1 1 1 1 1 1 1 1 1 1 1 1 1 1 1 1 1 1 1 1 1 1 1 1 1 1 1 1 1 1 1 1 1 1 1 1 1 1 1 1 1 1 1 1 1 1 1 1 1 1 1 1 1 1 1 1 1 1 1 1 1 1 1 1 1 1 1 1 1 1 1 1 1 1 1 1 1 1 1 1 1 1 1 1 1 1 1 1 1 1 1 1 1 1 1 1 1 1 1 1 1 1 1 1 1 1 1 1 1 1 1 1 1 1 1 1 1 1 1 1 1 1 1 1 1 1 1 1 1 1 1 1 1 1 1 1 1 1 1 1 1 1 1 1 1 1 1 1 1 1 1 1 1 1 1 1 1 1 1 1 1 1 1 1 1 1 1 1 1 1 1 1 1 1 1 1 1 1 1 1 1 1 1 1 1 1 1 1 1 1 1 1 1 1 1 1 1 1 1 1 1 1 1 1 1 1 1 1 1 1 1 1 1 1 1 1 1 1 1 1 1 1 1 1 1 1 1 1 1 1 1 1 1 1 1 1 1 1 1 1 1 1 1 1 1 1 1 1 1 1 1 1 1 1 1 1 1 1 1 1 1 1 1 1 1 1 1 1 1 1 1 1 1 1 1 1 1 1 1 1 1 1 1 1 1 1 1 1 1 1 1 1 1 1 1 1 1 1 1 1 1 1 1 1 1 1 1 1 1 1 1 1 1 1 1 1 1 1 1 1 1 1 1 1 1 1 1 1 1 1 1 1 1 1 1 1 1 1 1 1 1 1 1 1 1 1 1 1 1 1 1 1 1 1 1 1 1 1 1 1 1 1 1 1 1 1 1 1 1 1 1 1 1 1 1 1 1 1 
