# This file contains a 2D laser scan observation. 
# Its format is: 
# [aperture] [max_range] [number_of_scans] 
# [vector_of_scans] 
# [vector_of_valid_scans] 
# The aperture of the sensor is in radians, the maximum range 
# and measurements are in meters. '1' means a valid scan, '0' otherwise.
4.1847
5.6
682
0.473 0.478 0.479 0.486 0.487 0.492 0.492 0.499 0.508 0.656 0.798 0.798 0.799 0.799 0.799 0.799 0.799 0.797 0.796 0.796 0.796 0.792 0.785 0.785 0.784 0.781 0.781 0.784 0.781 0.786 0.786 0.786 0.791 0.797 0.887 0.948 0.999 1.047 1.081 1.117 1.206 1.206 1.206 1.161 1.144 1.139 1.128 1.112 1.109 1.104 1.102 1.102 1.099 1.098 1.098 1.098 1.093 1.092 1.096 1.096 1.096 1.101 1.102 1.105 1.109 1.119 1.127 1.129 1.143 1.158 1.202 1.352 1.358 1.358 1.358 1.358 1.365 1.363 1.366 1.369 1.369 1.369 1.369 1.371 1.376 1.376 1.377 1.379 1.38 1.383 1.383 1.385 1.385 1.389 1.393 1.397 1.397 1.397 1.402 1.405 1.406 1.407 1.415 1.417 1.418 1.418 1.423 1.423 1.429 1.429 1.431 1.434 1.44 1.446 1.452 1.453 1.455 1.457 1.457 1.464 1.469 1.471 1.473 1.481 1.488 1.489 1.493 1.502 1.507 1.51 1.512 1.512 1.521 1.527 1.534 1.537 1.547 1.55 1.564 1.564 1.57 1.577 1.58 1.582 1.593 1.597 1.605 1.611 1.618 1.618 1.632 1.636 1.637 1.653 1.654 1.66 1.67 1.684 1.686 1.699 1.705 1.711 1.716 1.716 1.731 1.732 1.739 0 0 0 0 0.961 0.961 0.961 0 0 0 0 0 1.819 1.819 1.825 1.846 1.846 1.846 1.846 1.818 1.809 1.803 1.803 1.794 1.781 1.774 1.764 1.753 1.732 1.731 1.731 1.731 1.752 1.77 1.77 1.77 1.763 1.762 1.757 1.743 1.733 1.719 1.719 1.704 1.703 1.693 1.692 1.689 1.679 1.671 1.666 1.659 1.652 1.645 1.645 1.64 1.636 1.621 1.62 1.616 1.612 1.61 1.605 1.599 1.589 1.587 1.587 1.586 1.575 1.573 1.565 1.562 1.558 1.557 1.552 1.548 1.546 1.546 1.535 1.535 1.528 1.526 1.521 1.519 1.516 1.514 1.513 1.509 1.509 1.502 1.498 1.498 1.497 1.496 1.485 1.485 1.481 1.478 0.945 0.939 0.939 0.939 0.929 0.933 0.939 0.939 0.948 1.451 1.453 1.453 1.451 1.45 1.45 1.45 1.45 1.452 1.452 1.451 1.45 1.45 1.449 1.448 1.446 1.446 1.441 1.441 1.441 1.439 1.439 1.442 1.439 1.444 1.444 1.441 1.441 1.441 1.441 1.439 1.439 1.439 1.439 1.439 1.437 1.44 1.438 1.44 1.438 1.44 1.438 1.429 1.103 1.094 1.088 1.085 1.081 1.08 1.08 1.081 1.08 1.087 1.088 1.094 1.088 1.089 1.089 1.089 1.089 1.09 1.091 1.097 1.097 1.099 1.102 1.102 1.106 1.108 1.108 1.108 1.108 1.11 1.11 1.111 1.118 1.118 1.118 1.122 1.125 1.125 1.126 1.126 1.133 1.138 1.141 1.141 1.141 1.141 1.141 1.141 1.142 1.151 1.152 1.16 1.162 1.168 1.181 1.573 1.584 1.586 1.586 1.592 1.598 1.6 1.6 1.605 1.605 1.559 1.552 1.55 1.549 1.529 1.505 1.48 1.465 1.443 1.427 1.412 1.408 1.389 1.372 1.351 1.345 1.333 1.314 1.308 1.29 1.277 1.26 1.252 1.247 1.23 1.208 1.208 1.186 1.183 1.158 1.153 1.143 1.131 1.126 1.115 1.112 1.094 1.091 1.078 1.074 1.069 1.06 1.053 1.053 1.038 1.028 1.024 1.015 1.006 1 0.989 0.984 0.982 0.98 0.963 0.962 0.959 0.951 0.945 0.944 0.935 0.927 0.92 0.919 0.911 0.91 0.897 0.896 0.894 0.894 0.88 0.88 0.878 0.872 0.871 0.866 0.866 0.86 0.856 0.854 0.85 0.845 0.84 0.839 0.834 0.83 0.83 0.826 0.825 0.825 0.814 0.806 0.803 0.802 0.802 0.802 0.802 0.801 0.791 0.788 0.786 0.785 0.785 0.785 0.771 0.77 0.769 0.77 0.77 0.772 0.772 0.772 0.771 0.757 0.756 0.756 0.754 0.752 0.752 0.743 0.742 0.742 0.742 0.741 0.741 0.74 0.735 0.734 0.731 0.724 0.724 0.724 0.724 0.724 0.725 0.722 0.715 0.715 0.712 0.711 0.711 0.711 0.711 0.709 0.71 0.71 0.709 0.709 0.71 0.709 0.709 0.709 0.708 0.708 0.707 0.707 0.708 0.707 0.705 0.696 0.696 0.689 0.689 0.689 0.692 0.693 0.693 0.695 0.696 0.696 0.696 0.696 0.696 0.702 0.707 0.709 0.712 0.714 0.719 0.719 0.722 0.725 0.726 0.733 0.733 0.734 0.734 0.733 0.73 0.73 0.727 0.72 0.717 0.71 0.708 0.705 0.7 0.7 0.698 0.7 0.698 0.7 0.701 0.701 0.698 0.698 0.698 0.697 0.696 0.697 0.697 0.697 0.697 0.697 0.697 0.697 0.7 0.7 0.7 0.705 0.708 0.709 0.709 0.708 0.708 0.714 0.709 0.715 0.716 0.718 0.718 0.72 0.72 0.719 0.719 0.722 0.723 0.728 0.728 0.728 0.728 0.731 0.729 0.733 0.733 0.733 0.733 0.737 0.74 0.741 0.742 0.745 0.745 0.745 0.745 0.746 0.752 0.756 0.756 0.762 0.764 0.771 0.771 0.779 0.779 0.779 0.779 0.779 0.779 0.784 0.786 0.79 0.792 0.792 0.8 0.801 0.801 0.803 0.816 0.816 0.818 0.819 0.82 0.822 0.828 0.833 0.834 0.834 0.838 0.843 0.845 0.848 0.849 0.859 0.863 0.865 0.869 0.875 0.876 0.883 
1 1 1 1 1 1 1 1 1 1 1 1 1 1 1 1 1 1 1 1 1 1 1 1 1 1 1 1 1 1 1 1 1 1 1 1 1 1 1 1 1 1 1 1 1 1 1 1 1 1 1 1 1 1 1 1 1 1 1 1 1 1 1 1 1 1 1 1 1 1 1 1 1 1 1 1 1 1 1 1 1 1 1 1 1 1 1 1 1 1 1 1 1 1 1 1 1 1 1 1 1 1 1 1 1 1 1 1 1 1 1 1 1 1 1 1 1 1 1 1 1 1 1 1 1 1 1 1 1 1 1 1 1 1 1 1 1 1 1 1 1 1 1 1 1 1 1 1 1 1 1 1 1 1 1 1 1 1 1 1 1 1 1 1 1 1 1 0 0 0 0 1 1 1 0 0 0 0 0 1 1 1 1 1 1 1 1 1 1 1 1 1 1 1 1 1 1 1 1 1 1 1 1 1 1 1 1 1 1 1 1 1 1 1 1 1 1 1 1 1 1 1 1 1 1 1 1 1 1 1 1 1 1 1 1 1 1 1 1 1 1 1 1 1 1 1 1 1 1 1 1 1 1 1 1 1 1 1 1 1 1 1 1 1 1 1 1 1 1 1 1 1 1 1 1 1 1 1 1 1 1 1 1 1 1 1 1 1 1 1 1 1 1 1 1 1 1 1 1 1 1 1 1 1 1 1 1 1 1 1 1 1 1 1 1 1 1 1 1 1 1 1 1 1 1 1 1 1 1 1 1 1 1 1 1 1 1 1 1 1 1 1 1 1 1 1 1 1 1 1 1 1 1 1 1 1 1 1 1 1 1 1 1 1 1 1 1 1 1 1 1 1 1 1 1 1 1 1 1 1 1 1 1 1 1 1 1 1 1 1 1 1 1 1 1 1 1 1 1 1 1 1 1 1 1 1 1 1 1 1 1 1 1 1 1 1 1 1 1 1 1 1 1 1 1 1 1 1 1 1 1 1 1 1 1 1 1 1 1 1 1 1 1 1 1 1 1 1 1 1 1 1 1 1 1 1 1 1 1 1 1 1 1 1 1 1 1 1 1 1 1 1 1 1 1 1 1 1 1 1 1 1 1 1 1 1 1 1 1 1 1 1 1 1 1 1 1 1 1 1 1 1 1 1 1 1 1 1 1 1 1 1 1 1 1 1 1 1 1 1 1 1 1 1 1 1 1 1 1 1 1 1 1 1 1 1 1 1 1 1 1 1 1 1 1 1 1 1 1 1 1 1 1 1 1 1 1 1 1 1 1 1 1 1 1 1 1 1 1 1 1 1 1 1 1 1 1 1 1 1 1 1 1 1 1 1 1 1 1 1 1 1 1 1 1 1 1 1 1 1 1 1 1 1 1 1 1 1 1 1 1 1 1 1 1 1 1 1 1 1 1 1 1 1 1 1 1 1 1 1 1 1 1 1 1 1 1 1 1 1 1 1 1 1 1 1 1 1 1 1 1 1 1 1 1 1 1 1 1 1 1 1 1 1 1 1 1 1 1 1 1 1 1 1 1 1 1 1 1 1 1 1 
