# This file contains a 2D laser scan observation. 
# Its format is: 
# [aperture] [max_range] [number_of_scans] 
# [vector_of_scans] 
# [vector_of_valid_scans] 
# The aperture of the sensor is in radians, the maximum range 
# and measurements are in meters. '1' means a valid scan, '0' otherwise.
4.1847
5.6
682
0.499 0.504 0.511 0.514 0.519 0.526 0.543 0.696 0.803 0.803 0.805 0.803 0.803 0.803 0.801 0.801 0.8 0.8 0.8 0.799 0.798 0.798 0.799 0.799 0.796 0.796 0.796 0.796 0.812 0.883 0.949 0.999 1.029 1.077 1.088 1.134 1.185 1.185 1.185 1.164 1.156 1.152 1.128 1.116 1.115 1.113 1.111 1.107 1.103 1.099 1.099 1.105 1.098 1.099 1.099 1.099 1.099 1.103 1.106 1.106 1.119 1.119 1.129 1.133 1.144 1.157 1.198 1.36 1.36 1.36 1.36 1.359 1.359 1.364 1.365 1.365 1.367 1.372 1.373 1.373 1.375 1.372 1.375 1.38 1.383 1.38 1.386 1.39 1.386 1.392 1.397 1.397 1.397 1.398 1.403 1.405 1.405 1.405 1.408 1.414 1.419 1.421 1.421 1.427 1.427 1.428 1.428 1.433 1.436 1.439 1.445 1.448 1.448 1.449 1.459 1.46 1.463 1.47 1.477 1.483 1.488 1.496 1.497 1.498 1.501 1.501 1.502 1.504 1.51 1.518 1.524 1.531 1.536 1.545 1.546 1.55 1.553 1.565 1.571 1.575 1.58 1.586 1.594 1.596 1.605 1.609 1.618 1.63 1.634 1.639 1.642 1.655 1.66 1.669 1.669 1.671 1.696 1.7 1.702 1.712 1.715 1.715 1.721 0 0 0 0 0.007 0 0 0 0 0.876 0.876 0.876 1.798 1.803 1.818 1.818 1.818 1.826 1.833 1.833 1.833 1.809 1.801 1.789 1.783 1.777 1.753 1.749 1.736 1.732 1.727 1.727 1.727 1.744 1.762 1.762 1.762 1.754 1.751 1.731 1.726 1.726 1.716 1.709 1.693 1.692 1.691 1.678 1.671 1.67 1.669 1.658 1.647 1.645 1.636 1.634 1.625 1.621 1.612 1.608 1.607 1.606 1.586 1.585 1.583 1.575 1.573 1.572 1.567 1.566 1.564 1.556 1.547 1.545 1.54 1.54 1.533 1.527 1.526 1.521 1.521 1.509 1.507 1.506 1.502 1.502 1.497 1.49 1.489 1.488 1.488 1.486 1.476 1.473 1.47 1.469 1.469 1.469 1.464 0.925 0.923 0.923 0.918 0.912 0.913 0.918 0.918 0.931 1.44 1.444 1.444 1.44 1.439 1.433 1.433 1.433 1.431 1.427 1.425 1.425 1.423 1.423 1.422 1.422 1.422 1.422 1.422 1.422 1.423 1.419 1.423 1.419 1.423 1.419 1.419 1.419 1.425 1.419 1.419 1.413 1.413 1.413 1.413 1.416 1.419 1.416 1.419 1.419 1.416 1.413 1.362 1.086 1.069 1.067 1.067 1.065 1.066 1.067 1.071 1.066 1.071 1.071 1.069 1.069 1.069 1.069 1.069 1.069 1.071 1.075 1.075 1.075 1.075 1.074 1.074 1.074 1.081 1.08 1.08 1.081 1.081 1.084 1.087 1.087 1.089 1.091 1.09 1.091 1.091 1.091 1.094 1.094 1.101 1.103 1.104 1.109 1.109 1.109 1.112 1.115 1.115 1.121 1.126 1.126 1.127 1.128 1.132 1.135 1.138 1.201 1.545 1.568 1.571 1.577 1.588 1.588 1.588 1.54 1.525 1.525 1.517 1.517 1.511 1.491 1.461 1.449 1.428 1.42 1.399 1.394 1.374 1.354 1.347 1.331 1.318 1.306 1.283 1.282 1.266 1.247 1.236 1.231 1.213 1.206 1.183 1.177 1.16 1.155 1.144 1.136 1.126 1.109 1.104 1.099 1.086 1.083 1.08 1.065 1.056 1.046 1.041 1.029 1.025 1.022 1.007 1.001 1 0.991 0.976 0.972 0.972 0.963 0.955 0.955 0.951 0.939 0.935 0.934 0.932 0.917 0.917 0.912 0.909 0.9 0.896 0.889 0.886 0.883 0.877 0.872 0.872 0.87 0.87 0.866 0.856 0.846 0.846 0.844 0.843 0.832 0.832 0.828 0.821 0.821 0.821 0.817 0.817 0.812 0.807 0.806 0.805 0.805 0.805 0.799 0.794 0.788 0.787 0.784 0.783 0.78 0.769 0.768 0.767 0.765 0.762 0.757 0.757 0.755 0.755 0.753 0.751 0.749 0.743 0.743 0.743 0.743 0.743 0.743 0.738 0.738 0.736 0.736 0.729 0.726 0.723 0.726 0.722 0.722 0.719 0.717 0.716 0.716 0.716 0.715 0.716 0.716 0.712 0.708 0.707 0.707 0.711 0.707 0.707 0.705 0.705 0.705 0.705 0.705 0.696 0.695 0.692 0.692 0.692 0.692 0.692 0.692 0.692 0.692 0.692 0.692 0.695 0.693 0.693 0.688 0.691 0.688 0.688 0.691 0.695 0.696 0.697 0.704 0.704 0.704 0.706 0.707 0.708 0.71 0.721 0.726 0.726 0.728 0.728 0.731 0.731 0.731 0.727 0.724 0.712 0.711 0.707 0.706 0.706 0.697 0.698 0.696 0.696 0.696 0.696 0.696 0.696 0.693 0.691 0.691 0.692 0.692 0.695 0.695 0.699 0.699 0.694 0.693 0.693 0.693 0.693 0.693 0.702 0.702 0.704 0.71 0.71 0.71 0.71 0.706 0.705 0.706 0.706 0.706 0.707 0.712 0.715 0.715 0.715 0.716 0.721 0.723 0.728 0.728 0.728 0.728 0.727 0.724 0.724 0.727 0.727 0.732 0.732 0.733 0.736 0.74 0.742 0.75 0.75 0.75 0.748 0.748 0.748 0.752 0.755 0.757 0.771 0.771 0.775 0.775 0.771 0.771 0.771 0.771 0.781 0.783 0.789 0.789 0.794 0.795 0.796 0.797 0.798 0.8 0.809 0.809 0.814 0.816 0.828 0.829 0.832 0.841 0.841 0.841 0.846 0.849 0.851 0.855 0.856 0.86 0.861 0.868 0.873 0.874 0.884 
1 1 1 1 1 1 1 1 1 1 1 1 1 1 1 1 1 1 1 1 1 1 1 1 1 1 1 1 1 1 1 1 1 1 1 1 1 1 1 1 1 1 1 1 1 1 1 1 1 1 1 1 1 1 1 1 1 1 1 1 1 1 1 1 1 1 1 1 1 1 1 1 1 1 1 1 1 1 1 1 1 1 1 1 1 1 1 1 1 1 1 1 1 1 1 1 1 1 1 1 1 1 1 1 1 1 1 1 1 1 1 1 1 1 1 1 1 1 1 1 1 1 1 1 1 1 1 1 1 1 1 1 1 1 1 1 1 1 1 1 1 1 1 1 1 1 1 1 1 1 1 1 1 1 1 1 1 1 1 1 1 1 1 0 0 0 0 0 0 0 0 0 1 1 1 1 1 1 1 1 1 1 1 1 1 1 1 1 1 1 1 1 1 1 1 1 1 1 1 1 1 1 1 1 1 1 1 1 1 1 1 1 1 1 1 1 1 1 1 1 1 1 1 1 1 1 1 1 1 1 1 1 1 1 1 1 1 1 1 1 1 1 1 1 1 1 1 1 1 1 1 1 1 1 1 1 1 1 1 1 1 1 1 1 1 1 1 1 1 1 1 1 1 1 1 1 1 1 1 1 1 1 1 1 1 1 1 1 1 1 1 1 1 1 1 1 1 1 1 1 1 1 1 1 1 1 1 1 1 1 1 1 1 1 1 1 1 1 1 1 1 1 1 1 1 1 1 1 1 1 1 1 1 1 1 1 1 1 1 1 1 1 1 1 1 1 1 1 1 1 1 1 1 1 1 1 1 1 1 1 1 1 1 1 1 1 1 1 1 1 1 1 1 1 1 1 1 1 1 1 1 1 1 1 1 1 1 1 1 1 1 1 1 1 1 1 1 1 1 1 1 1 1 1 1 1 1 1 1 1 1 1 1 1 1 1 1 1 1 1 1 1 1 1 1 1 1 1 1 1 1 1 1 1 1 1 1 1 1 1 1 1 1 1 1 1 1 1 1 1 1 1 1 1 1 1 1 1 1 1 1 1 1 1 1 1 1 1 1 1 1 1 1 1 1 1 1 1 1 1 1 1 1 1 1 1 1 1 1 1 1 1 1 1 1 1 1 1 1 1 1 1 1 1 1 1 1 1 1 1 1 1 1 1 1 1 1 1 1 1 1 1 1 1 1 1 1 1 1 1 1 1 1 1 1 1 1 1 1 1 1 1 1 1 1 1 1 1 1 1 1 1 1 1 1 1 1 1 1 1 1 1 1 1 1 1 1 1 1 1 1 1 1 1 1 1 1 1 1 1 1 1 1 1 1 1 1 1 1 1 1 1 1 1 1 1 1 1 1 1 1 1 1 1 1 1 1 1 1 1 1 1 1 1 1 1 1 1 1 1 1 1 1 1 1 1 1 1 1 1 1 1 1 1 1 1 1 1 1 1 1 1 1 1 1 1 1 1 1 1 1 1 1 1 1 1 1 1 1 1 1 1 1 1 1 1 1 1 1 1 1 1 1 1 1 1 1 1 1 1 1 1 
