# This file contains a 2D laser scan observation. 
# Its format is: 
# [aperture] [max_range] [number_of_scans] 
# [vector_of_scans] 
# [vector_of_valid_scans] 
# The aperture of the sensor is in radians, the maximum range 
# and measurements are in meters. '1' means a valid scan, '0' otherwise.
4.1847
5.6
682
1.411 1.405 1.404 1.404 1.399 1.387 1.034 1.034 1.034 1.044 1.051 1.091 1.103 1.115 1.141 1.155 1.172 1.182 1.187 1.221 1.232 1.256 1.305 1.34 1.34 1.34 1.343 1.333 1.333 1.333 1.33 1.32 1.325 1.323 1.323 1.323 1.323 1.323 1.32 1.32 1.319 1.318 1.317 1.317 1.317 1.311 1.308 1.308 1.308 1.307 1.3 1.3 1.291 1.226 0.956 0.954 0.951 0.951 0.951 0.951 1.121 1.274 1.275 1.286 1.297 1.304 1.304 1.306 1.306 1.306 1.306 1.306 1.299 1.305 1.305 1.305 1.305 1.306 1.306 1.312 1.312 1.312 1.312 1.314 1.314 1.312 1.314 1.317 1.317 1.32 1.32 1.32 1.318 1.268 1.265 1.254 1.217 1.183 1.14 1.1 1.054 1.014 0.977 0.931 0.921 0.886 0.849 0.837 0.806 0.783 0.758 0.735 0.717 0.698 0.675 0.662 0.644 0.631 0.615 0.608 0.591 0.578 0.556 0.555 0.539 0.533 0.524 0.512 0.506 0.503 0.489 0.478 0.47 0.467 0.464 0.452 0.451 0.443 0.439 0.438 0.429 0.426 0.417 0.406 0.406 0.405 0.393 0.393 0.387 0.372 0.372 0.371 0.367 0.362 0.349 0.349 0.347 0.345 0.338 0.336 0.336 0.33 0.323 0.316 0.316 0.31 0.31 0.306 0.303 0.299 0.296 0.299 0.295 0.294 0.292 0.289 0.288 0.284 0.277 0.277 0.276 0.274 0.265 0.265 0.265 0.265 0.265 0.257 0.255 0.253 0.253 0.253 0.252 0.248 0.243 0.243 0.242 0.239 0.235 0.235 0.235 0.232 0.232 0.232 0.23 0.229 0.226 0.222 0.222 0.222 0.222 0.222 0.22 0.219 0.219 0.219 0.215 0.214 0.215 0.218 0.213 0.207 0.209 0.209 0.208 0.209 0.209 0.208 0.207 0.207 0.2 0.201 0.2 0.201 0.201 0.201 0.201 0.201 0.198 0.198 0.194 0.193 0.194 0.194 0.194 0.193 0.19 0.19 0.189 0.182 0.186 0.186 0.186 0.186 0.19 0.19 0.183 0.176 0.183 0.183 0.183 0.181 0.181 0.181 0.181 0.181 0.181 0.183 0.183 0.177 0.177 0.174 0.174 0.175 0.174 0.175 0.175 0.171 0.168 0.171 0.171 0.171 0.171 0.173 0.171 0.171 0.169 0.169 0.169 0.171 0.171 0.175 0.175 0.175 0.175 0.175 0.175 0.175 0.175 0.175 0.176 0.176 0.172 0.17 0.17 0.17 0.171 0.171 0.172 0.171 0.171 0.167 0.171 0.171 0.173 0.173 0.18 0.182 0.182 0.186 0.182 0.182 0.186 0.189 0.196 0.198 0.2 0.205 0.205 0.205 0.198 0.195 0.193 0.187 0.184 0.184 0.184 0.184 0.177 0.177 0.177 0.176 0.176 0.176 0.169 0.169 0.171 0.171 0.176 0.176 0.173 0.173 0.171 0.171 0.171 0.171 0.172 0.172 0.173 0.167 0.173 0.17 0.175 0.175 0.175 0.175 0.175 0.176 0.175 0.177 0.177 0.175 0.175 0.175 0.175 0.173 0.176 0.173 0.173 0.173 0.173 0.173 0.173 0.18 0.18 0.178 0.178 0.178 0.177 0.177 0.174 0.174 0.174 0.175 0.175 0.18 0.181 0.181 0.183 0.184 0.184 0.184 0.186 0.186 0.187 0.188 0.188 0.19 0.193 0.19 0.188 0.19 0.194 0.194 0.194 0.197 0.199 0.197 0.199 0.201 0.199 0.2 0.201 0.201 0.202 0.202 0.202 0.205 0.207 0.205 0.206 0.206 0.206 0.206 0.211 0.212 0.215 0.212 0.212 0.215 0.215 0.217 0.217 0.217 0.22 0.22 0.227 0.228 0.228 0.228 0.23 0.23 0.236 0.237 0.236 0.237 0.239 0.239 0.238 0.239 0.239 0.245 0.248 0.259 0.258 0.259 0.26 0.263 0.263 0.263 0.26 0.26 0.26 0.265 0.271 0.275 0.275 0.278 0.278 0.282 0.286 0.288 0.291 0.291 0.294 0.297 0.301 0.304 0.306 0.312 0.315 0.317 0.321 0.33 0.338 0.339 0.351 0.358 0.358 0.368 0.375 0.381 0.393 0.397 0.405 0.415 0.418 0.421 0.421 0.427 0.431 0.433 0.437 0.446 0.447 0.456 0.458 0.469 0.477 0.487 0.488 0.501 0.508 0.509 0.519 0.53 0.533 0.539 0.549 0.566 0.582 0.591 0.6 0.61 0.627 0.639 0.65 0.67 0.686 0.694 0.725 0.76 0.773 0.773 0.777 0.777 0.775 0.77 0.775 0.775 0.783 1.683 1.685 1.698 1.698 1.704 1.72 1.721 1.73 1.743 1.747 1.749 1.749 1.753 1.75 1.75 1.75 1.751 1.751 1.756 1.756 1.754 1.754 1.752 1.752 1.752 1.761 1.762 1.764 1.764 1.764 1.761 1.761 1.759 1.759 1.759 1.759 1.759 1.76 1.76 1.76 1.757 1.755 1.755 1.755 1.755 1.755 1.759 1.76 1.762 1.762 1.767 1.768 1.771 1.779 1.779 1.779 1.78 1.782 1.782 1.793 1.795 1.796 1.796 1.812 1.922 2.076 2.078 2.079 2.083 2.088 2.088 2.092 2.098 2.1 2.1 2.103 2.111 2.116 2.116 2.121 2.122 2.13 2.134 2.137 2.142 2.15 2.153 2.159 2.166 2.441 2.506 0 0 0 0 0 0 0 0 0 0 0 0 3.936 3.936 3.936 3.936 3.903 3.923 3.923 3.923 3.93 3.946 3.953 3.978 3.99 4.003 4.018 4.028 4.049 4.066 4.074 4.097 4.113 4.119 4.126 4.126 4.126 2.87 2.821 2.808 
1 1 1 1 1 1 1 1 1 1 1 1 1 1 1 1 1 1 1 1 1 1 1 1 1 1 1 1 1 1 1 1 1 1 1 1 1 1 1 1 1 1 1 1 1 1 1 1 1 1 1 1 1 1 1 1 1 1 1 1 1 1 1 1 1 1 1 1 1 1 1 1 1 1 1 1 1 1 1 1 1 1 1 1 1 1 1 1 1 1 1 1 1 1 1 1 1 1 1 1 1 1 1 1 1 1 1 1 1 1 1 1 1 1 1 1 1 1 1 1 1 1 1 1 1 1 1 1 1 1 1 1 1 1 1 1 1 1 1 1 1 1 1 1 1 1 1 1 1 1 1 1 1 1 1 1 1 1 1 1 1 1 1 1 1 1 1 1 1 1 1 1 1 1 1 1 1 1 1 1 1 1 1 1 1 1 1 1 1 1 1 1 1 1 1 1 1 1 1 1 1 1 1 1 1 1 1 1 1 1 1 1 1 1 1 1 1 1 1 1 1 1 1 1 1 1 1 1 1 1 1 1 1 1 1 1 1 1 1 1 1 1 1 1 1 1 1 1 1 1 1 1 1 1 1 1 1 1 1 1 1 1 1 1 1 1 1 1 1 1 1 1 1 1 1 1 1 1 1 1 1 1 1 1 1 1 1 1 1 1 1 1 1 1 1 1 1 1 1 1 1 1 1 1 1 1 1 1 1 1 1 1 1 1 1 1 1 1 1 1 1 1 1 1 1 1 1 1 1 1 1 1 1 1 1 1 1 1 1 1 1 1 1 1 1 1 1 1 1 1 1 1 1 1 1 1 1 1 1 1 1 1 1 1 1 1 1 1 1 1 1 1 1 1 1 1 1 1 1 1 1 1 1 1 1 1 1 1 1 1 1 1 1 1 1 1 1 1 1 1 1 1 1 1 1 1 1 1 1 1 1 1 1 1 1 1 1 1 1 1 1 1 1 1 1 1 1 1 1 1 1 1 1 1 1 1 1 1 1 1 1 1 1 1 1 1 1 1 1 1 1 1 1 1 1 1 1 1 1 1 1 1 1 1 1 1 1 1 1 1 1 1 1 1 1 1 1 1 1 1 1 1 1 1 1 1 1 1 1 1 1 1 1 1 1 1 1 1 1 1 1 1 1 1 1 1 1 1 1 1 1 1 1 1 1 1 1 1 1 1 1 1 1 1 1 1 1 1 1 1 1 1 1 1 1 1 1 1 1 1 1 1 1 1 1 1 1 1 1 1 1 1 1 1 1 1 1 1 1 1 1 1 1 1 1 1 1 1 1 1 1 1 1 1 1 1 1 1 1 1 1 1 1 1 1 1 1 1 1 1 1 1 1 1 1 1 1 1 1 1 1 1 1 1 1 1 1 1 1 1 1 1 1 1 1 1 1 1 1 1 1 1 1 1 1 1 1 1 1 1 1 1 1 1 1 1 1 1 1 1 1 1 0 0 0 0 0 0 0 0 0 0 0 0 1 1 1 1 1 1 1 1 1 1 1 1 1 1 1 1 1 1 1 1 1 1 1 1 1 1 1 1 
