# This file contains a 2D laser scan observation. 
# Its format is: 
# [aperture] [max_range] [number_of_scans] 
# [vector_of_scans] 
# [vector_of_valid_scans] 
# The aperture of the sensor is in radians, the maximum range 
# and measurements are in meters. '1' means a valid scan, '0' otherwise.
4.1847
5.6
682
1.4 1.4 1.397 1.385 1.036 1.035 1.035 1.035 1.047 1.075 1.222 1.334 1.343 1.343 1.343 1.296 1.242 1.242 1.242 1.281 1.334 1.336 1.336 1.334 1.334 1.331 1.324 1.324 1.319 1.319 1.324 1.321 1.326 1.326 1.321 1.321 1.32 1.311 1.307 1.307 1.306 1.306 1.304 1.306 1.304 1.303 1.304 1.305 1.301 1.298 1.298 1.296 1.296 1.296 1.29 0.951 0.948 0.948 0.948 1.105 1.263 1.28 1.297 1.303 1.303 1.305 1.303 1.299 1.299 1.3 1.3 1.304 1.304 1.302 1.302 1.302 1.302 1.304 1.305 1.307 1.307 1.307 1.312 1.314 1.315 1.32 1.32 1.32 1.32 1.32 1.319 1.271 1.259 1.252 1.219 1.172 1.144 1.1 1.06 1.027 0.982 0.967 0.934 0.896 0.881 0.855 0.834 0.813 0.791 0.766 0.748 0.724 0.714 0.702 0.693 0.673 0.657 0.654 0.631 0.618 0.606 0.602 0.593 0.579 0.568 0.559 0.552 0.536 0.532 0.528 0.526 0.512 0.501 0.497 0.486 0.48 0.477 0.476 0.475 0.457 0.452 0.448 0.445 0.433 0.431 0.431 0.424 0.423 0.412 0.41 0.41 0.406 0.398 0.392 0.39 0.388 0.387 0.379 0.374 0.367 0.367 0.366 0.359 0.359 0.35 0.346 0.346 0.345 0.337 0.337 0.337 0.335 0.326 0.325 0.323 0.321 0.321 0.313 0.311 0.311 0.307 0.306 0.303 0.299 0.291 0.291 0.291 0.291 0.289 0.289 0.289 0.284 0.283 0.283 0.282 0.273 0.272 0.272 0.272 0.272 0.271 0.264 0.263 0.258 0.257 0.257 0.257 0.256 0.252 0.253 0.252 0.252 0.253 0.253 0.248 0.244 0.242 0.242 0.244 0.245 0.245 0.247 0.245 0.244 0.244 0.244 0.239 0.237 0.235 0.233 0.233 0.233 0.233 0.229 0.231 0.227 0.23 0.227 0.227 0.225 0.225 0.223 0.223 0.223 0.223 0.223 0.223 0.223 0.222 0.222 0.214 0.221 0.216 0.216 0.218 0.218 0.216 0.216 0.216 0.214 0.214 0.208 0.208 0.206 0.208 0.208 0.206 0.206 0.205 0.2 0.2 0.2 0.2 0.2 0.2 0.208 0.205 0.205 0.198 0.201 0.201 0.198 0.201 0.201 0.195 0.194 0.195 0.195 0.196 0.201 0.201 0.202 0.202 0.197 0.197 0.197 0.197 0.196 0.198 0.202 0.202 0.202 0.202 0.202 0.202 0.202 0.2 0.204 0.2 0.2 0.201 0.201 0.201 0.201 0.201 0.206 0.206 0.206 0.206 0.205 0.205 0.204 0.204 0.204 0.204 0.203 0.201 0.197 0.199 0.199 0.199 0.199 0.199 0.199 0.199 0.199 0.199 0.201 0.201 0.198 0.198 0.197 0.197 0.197 0.197 0.196 0.196 0.198 0.201 0.201 0.201 0.201 0.199 0.199 0.2 0.202 0.2 0.202 0.205 0.206 0.205 0.205 0.206 0.204 0.204 0.208 0.208 0.208 0.21 0.21 0.202 0.21 0.21 0.215 0.215 0.216 0.216 0.217 0.219 0.219 0.221 0.221 0.221 0.221 0.225 0.225 0.225 0.225 0.225 0.225 0.231 0.231 0.235 0.235 0.237 0.238 0.238 0.238 0.244 0.247 0.245 0.248 0.251 0.251 0.245 0.254 0.251 0.247 0.247 0.251 0.251 0.263 0.263 0.263 0.263 0.263 0.267 0.267 0.267 0.268 0.267 0.267 0.268 0.27 0.267 0.272 0.272 0.272 0.272 0.274 0.276 0.28 0.28 0.281 0.284 0.288 0.288 0.296 0.298 0.298 0.298 0.296 0.298 0.298 0.305 0.307 0.307 0.309 0.311 0.32 0.315 0.32 0.328 0.324 0.328 0.329 0.33 0.334 0.339 0.34 0.342 0.345 0.347 0.35 0.35 0.357 0.357 0.357 0.362 0.362 0.365 0.37 0.37 0.371 0.372 0.378 0.382 0.383 0.386 0.387 0.393 0.395 0.395 0.401 0.401 0.41 0.413 0.413 0.42 0.423 0.427 0.432 0.437 0.438 0.442 0.456 0.456 0.462 0.467 0.47 0.47 0.475 0.486 0.49 0.495 0.512 0.514 0.514 0.531 0.532 0.536 0.549 0.552 0.558 0.573 0.578 0.591 0.604 0.612 0.619 0.626 0.643 0.647 0.669 0.675 0.695 0.715 0.736 0.758 0.775 0.788 0.788 0.788 0.786 0.783 0.783 0.783 0.783 1.665 1.671 1.687 1.687 1.69 1.7 1.715 1.715 1.726 1.728 1.736 1.748 1.758 1.761 1.761 1.761 1.76 1.759 1.759 1.759 1.756 1.754 1.754 1.754 1.754 1.754 1.755 1.755 1.758 1.76 1.76 1.76 1.764 1.762 1.764 1.762 1.766 1.762 1.76 1.76 1.76 1.76 1.76 1.76 1.757 1.758 1.758 1.758 1.758 1.759 1.761 1.764 1.764 1.766 1.766 1.77 1.774 1.774 1.774 1.776 1.777 1.78 1.78 1.785 1.787 1.798 1.814 1.892 2.064 2.066 2.075 2.076 2.078 2.078 2.087 2.088 2.098 2.101 2.103 2.104 2.107 2.114 2.114 2.115 2.121 2.125 2.125 2.136 2.138 2.14 2.142 2.156 2.48 2.532 0 0 0 0 0.007 0 0 0 0 0 0 0 0 0 3.938 3.88 3.938 3.889 3.889 3.898 3.915 3.915 3.927 3.941 3.957 3.969 3.983 4.006 4.008 4.024 4.054 4.069 4.076 4.101 4.101 4.121 4.121 4.121 2.85 2.817 2.804 2.736 2.725 2.724 2.706 2.686 2.662 2.632 2.607 2.592 
1 1 1 1 1 1 1 1 1 1 1 1 1 1 1 1 1 1 1 1 1 1 1 1 1 1 1 1 1 1 1 1 1 1 1 1 1 1 1 1 1 1 1 1 1 1 1 1 1 1 1 1 1 1 1 1 1 1 1 1 1 1 1 1 1 1 1 1 1 1 1 1 1 1 1 1 1 1 1 1 1 1 1 1 1 1 1 1 1 1 1 1 1 1 1 1 1 1 1 1 1 1 1 1 1 1 1 1 1 1 1 1 1 1 1 1 1 1 1 1 1 1 1 1 1 1 1 1 1 1 1 1 1 1 1 1 1 1 1 1 1 1 1 1 1 1 1 1 1 1 1 1 1 1 1 1 1 1 1 1 1 1 1 1 1 1 1 1 1 1 1 1 1 1 1 1 1 1 1 1 1 1 1 1 1 1 1 1 1 1 1 1 1 1 1 1 1 1 1 1 1 1 1 1 1 1 1 1 1 1 1 1 1 1 1 1 1 1 1 1 1 1 1 1 1 1 1 1 1 1 1 1 1 1 1 1 1 1 1 1 1 1 1 1 1 1 1 1 1 1 1 1 1 1 1 1 1 1 1 1 1 1 1 1 1 1 1 1 1 1 1 1 1 1 1 1 1 1 1 1 1 1 1 1 1 1 1 1 1 1 1 1 1 1 1 1 1 1 1 1 1 1 1 1 1 1 1 1 1 1 1 1 1 1 1 1 1 1 1 1 1 1 1 1 1 1 1 1 1 1 1 1 1 1 1 1 1 1 1 1 1 1 1 1 1 1 1 1 1 1 1 1 1 1 1 1 1 1 1 1 1 1 1 1 1 1 1 1 1 1 1 1 1 1 1 1 1 1 1 1 1 1 1 1 1 1 1 1 1 1 1 1 1 1 1 1 1 1 1 1 1 1 1 1 1 1 1 1 1 1 1 1 1 1 1 1 1 1 1 1 1 1 1 1 1 1 1 1 1 1 1 1 1 1 1 1 1 1 1 1 1 1 1 1 1 1 1 1 1 1 1 1 1 1 1 1 1 1 1 1 1 1 1 1 1 1 1 1 1 1 1 1 1 1 1 1 1 1 1 1 1 1 1 1 1 1 1 1 1 1 1 1 1 1 1 1 1 1 1 1 1 1 1 1 1 1 1 1 1 1 1 1 1 1 1 1 1 1 1 1 1 1 1 1 1 1 1 1 1 1 1 1 1 1 1 1 1 1 1 1 1 1 1 1 1 1 1 1 1 1 1 1 1 1 1 1 1 1 1 1 1 1 1 1 1 1 1 1 1 1 1 1 1 1 1 1 1 1 1 1 1 1 1 1 1 1 1 1 1 1 1 1 1 1 1 1 1 1 1 1 1 1 1 1 1 1 1 1 1 1 1 1 1 1 1 1 1 1 1 1 1 1 1 1 1 1 1 1 1 1 1 1 0 0 0 0 0 0 0 0 0 0 0 0 0 0 1 1 1 1 1 1 1 1 1 1 1 1 1 1 1 1 1 1 1 1 1 1 1 1 1 1 1 1 1 1 1 1 1 1 1 1 
