# This file contains a 2D laser scan observation. 
# Its format is: 
# [aperture] [max_range] [number_of_scans] 
# [vector_of_scans] 
# [vector_of_valid_scans] 
# The aperture of the sensor is in radians, the maximum range 
# and measurements are in meters. '1' means a valid scan, '0' otherwise.
4.1847
5.6
682
0.428 0.426 0.425 0.421 0.42 0.42 0.41 0.403 0.401 0.401 0.401 0.398 0.394 0.394 0.387 0.385 0.385 0.383 0.379 0.379 0.377 0.375 0.368 0.368 0.367 0.36 0.354 0.357 0.354 0.357 0.356 0.356 0.348 0.348 0.347 0.345 0.341 0.341 0.34 0.338 0.338 0.336 0.333 0.332 0.332 0.332 0.332 0.329 0.328 0.326 0.326 0.322 0.321 0.322 0.321 0.321 0.317 0.316 0.313 0.313 0.313 0.312 0.309 0.312 0.303 0.302 0.301 0.301 0.299 0.297 0.297 0.301 0.297 0.3 0.3 0.297 0.295 0.29 0.29 0.291 0.291 0.291 0.291 0.292 0.287 0.287 0.287 0.282 0.28 0.28 0.28 0.28 0.28 0.276 0.276 0.276 0.276 0.277 0.277 0.277 0.277 0.275 0.274 0.275 0.275 0.274 0.274 0.274 0.274 0.27 0.27 0.265 0.278 0.273 0.273 0.273 0.273 0.272 0.272 0.269 0.269 0.269 0.269 0.269 0.269 0.267 0.267 0.265 0.263 0.265 0.265 0.263 0.263 0.265 0.263 0.263 0.268 0.27 0.271 0.275 0.285 0.285 0.285 0.285 0.285 0.285 0.287 0.287 0.287 0.283 0.276 0.275 0.273 0.269 0.265 0.268 0.265 0.263 0.263 0.263 0.263 0.264 0.264 0.264 0.264 0.264 0.264 0.264 0.264 0.264 0.261 0.261 0.261 0.265 0.265 0.265 0.265 0.265 0.268 0.268 0.271 0.271 0.267 0.267 0.269 0.267 0.267 0.269 0.269 0.275 0.275 0.279 0.279 0.28 0.28 0.28 0.28 0.279 0.279 0.279 0.275 0.275 0.274 0.274 0.274 0.278 0.277 0.278 0.279 0.286 0.286 0.286 0.286 0.286 0.287 0.287 0.287 0.288 0.297 0.301 0.297 0.301 0.301 0.299 0.299 0.301 0.301 0.302 0.304 0.308 0.31 0.31 0.31 0.31 0.31 0.31 0.309 0.309 0.31 0.317 0.324 0.327 0.327 0.328 0.327 0.327 0.328 0.328 0.328 0.33 0.33 0.337 0.344 0.344 0.344 0.342 0.342 0.342 0.345 0.35 0.354 0.356 0.356 0.356 0.36 0.361 0.362 0.362 0.362 0.364 0.37 0.378 0.38 0.384 0.384 0.385 0.385 0.389 0.39 0.391 0.391 0.401 0.403 0.408 0.412 0.413 0.415 0.416 0.421 0.422 0.429 0.431 0.433 0.434 0.434 0.437 0.438 0.448 0.45 0.454 0.455 0.46 0.46 0.469 0.478 0.485 0.485 0.485 0.495 0.498 0.499 0.505 0.509 0.51 0.516 0.518 0.52 0.535 0.539 0.54 0.545 0.545 0.551 0.62 1.309 1.317 1.317 1.32 1.32 1.328 1.335 1.335 1.335 1.339 1.345 1.349 1.355 1.356 1.372 1.372 1.376 1.379 1.379 1.384 1.391 1.392 1.393 1.4 1.401 1.418 1.419 1.421 1.422 1.43 1.434 1.444 1.447 1.451 1.454 1.466 1.474 1.477 1.477 1.483 1.486 1.486 1.486 1.479 1.475 1.475 1.47 1.469 1.469 1.47 1.469 1.47 1.47 1.467 1.466 1.467 1.465 1.465 1.473 1.476 1.483 1.483 1.486 1.486 1.486 1.489 1.489 1.489 1.494 1.494 1.49 1.49 1.486 1.485 1.482 1.482 1.481 1.477 1.474 1.477 1.477 1.475 1.475 1.478 1.476 1.475 1.465 1.47 1.47 1.47 1.472 1.472 1.472 1.472 1.472 1.475 1.477 1.477 1.478 1.484 1.485 1.493 1.516 1.546 1.763 1.765 1.77 1.772 1.773 1.781 1.782 1.786 1.788 1.79 1.793 1.793 1.797 1.801 1.808 1.811 1.812 1.818 1.818 1.823 1.826 1.827 1.841 1.844 1.847 1.848 1.851 1.854 1.867 2.2 2.205 0 0 0 0 0 0 0 0 0 0 0 3.64 3.614 3.606 3.606 3.574 3.574 3.574 3.596 3.618 3.635 3.642 3.65 3.668 3.682 3.69 3.708 3.723 3.749 3.75 3.771 3.781 3.793 3.805 3.839 3.845 3.865 3.877 3.898 3.898 3.898 2.586 2.533 2.533 2.496 2.469 2.464 2.442 2.435 2.407 2.393 2.353 2.348 2.329 2.308 2.29 2.281 2.273 2.246 2.219 2.191 2.182 2.166 2.152 2.152 2.146 2.138 2.099 2.091 2.071 2.051 2.038 2.037 2.037 2.037 2.116 2.35 2.351 2.351 2.35 2.331 2.326 2.315 2.308 2.285 2.28 2.272 2.255 2.246 2.234 2.23 2.214 2.208 2.199 2.18 2.178 2.158 2.156 2.144 2.134 2.128 2.112 2.112 2.103 2.098 2.096 2.085 2.077 2.063 2.06 2.055 2.036 2.03 2.028 2.022 2.01 2.006 2.004 1.992 1.986 1.98 1.97 1.962 1.954 1.948 1.941 1.939 1.937 1.936 1.927 1.919 1.909 1.907 1.895 1.893 1.264 1.262 1.249 1.247 1.245 1.237 1.237 1.232 1.231 1.23 1.229 1.228 1.226 1.222 1.218 1.216 1.216 1.214 1.211 1.207 1.207 1.207 1.203 1.194 1.194 1.194 1.193 1.193 1.192 1.181 1.181 1.181 1.181 1.181 1.181 1.182 1.182 1.182 1.178 1.175 1.175 1.176 1.171 1.176 1.179 1.179 1.179 1.179 1.177 1.177 1.175 1.175 1.171 1.17 1.17 1.17 1.174 1.176 1.18 1.184 1.18 1.181 1.181 1.181 1.181 1.757 1.764 1.764 1.764 1.764 1.765 1.765 1.768 1.767 1.767 1.769 1.768 1.767 1.768 1.769 1.769 1.771 1.772 1.773 1.779 1.78 1.782 1.788 
1 1 1 1 1 1 1 1 1 1 1 1 1 1 1 1 1 1 1 1 1 1 1 1 1 1 1 1 1 1 1 1 1 1 1 1 1 1 1 1 1 1 1 1 1 1 1 1 1 1 1 1 1 1 1 1 1 1 1 1 1 1 1 1 1 1 1 1 1 1 1 1 1 1 1 1 1 1 1 1 1 1 1 1 1 1 1 1 1 1 1 1 1 1 1 1 1 1 1 1 1 1 1 1 1 1 1 1 1 1 1 1 1 1 1 1 1 1 1 1 1 1 1 1 1 1 1 1 1 1 1 1 1 1 1 1 1 1 1 1 1 1 1 1 1 1 1 1 1 1 1 1 1 1 1 1 1 1 1 1 1 1 1 1 1 1 1 1 1 1 1 1 1 1 1 1 1 1 1 1 1 1 1 1 1 1 1 1 1 1 1 1 1 1 1 1 1 1 1 1 1 1 1 1 1 1 1 1 1 1 1 1 1 1 1 1 1 1 1 1 1 1 1 1 1 1 1 1 1 1 1 1 1 1 1 1 1 1 1 1 1 1 1 1 1 1 1 1 1 1 1 1 1 1 1 1 1 1 1 1 1 1 1 1 1 1 1 1 1 1 1 1 1 1 1 1 1 1 1 1 1 1 1 1 1 1 1 1 1 1 1 1 1 1 1 1 1 1 1 1 1 1 1 1 1 1 1 1 1 1 1 1 1 1 1 1 1 1 1 1 1 1 1 1 1 1 1 1 1 1 1 1 1 1 1 1 1 1 1 1 1 1 1 1 1 1 1 1 1 1 1 1 1 1 1 1 1 1 1 1 1 1 1 1 1 1 1 1 1 1 1 1 1 1 1 1 1 1 1 1 1 1 1 1 1 1 1 1 1 1 1 1 1 1 1 1 1 1 1 1 1 1 1 1 1 1 1 1 1 1 1 1 1 1 1 1 1 1 1 1 1 1 1 1 1 1 1 1 1 1 1 1 1 1 1 1 1 1 1 1 1 1 1 1 1 1 1 1 1 1 1 1 1 1 1 1 1 1 1 0 0 0 0 0 0 0 0 0 0 0 1 1 1 1 1 1 1 1 1 1 1 1 1 1 1 1 1 1 1 1 1 1 1 1 1 1 1 1 1 1 1 1 1 1 1 1 1 1 1 1 1 1 1 1 1 1 1 1 1 1 1 1 1 1 1 1 1 1 1 1 1 1 1 1 1 1 1 1 1 1 1 1 1 1 1 1 1 1 1 1 1 1 1 1 1 1 1 1 1 1 1 1 1 1 1 1 1 1 1 1 1 1 1 1 1 1 1 1 1 1 1 1 1 1 1 1 1 1 1 1 1 1 1 1 1 1 1 1 1 1 1 1 1 1 1 1 1 1 1 1 1 1 1 1 1 1 1 1 1 1 1 1 1 1 1 1 1 1 1 1 1 1 1 1 1 1 1 1 1 1 1 1 1 1 1 1 1 1 1 1 1 1 1 1 1 1 1 1 1 1 1 1 1 1 1 1 1 1 1 1 1 1 1 1 1 1 1 1 1 1 1 1 
