# This file contains a 2D laser scan observation. 
# Its format is: 
# [aperture] [max_range] [number_of_scans] 
# [vector_of_scans] 
# [vector_of_valid_scans] 
# The aperture of the sensor is in radians, the maximum range 
# and measurements are in meters. '1' means a valid scan, '0' otherwise.
4.1847
5.6
682
0.371 0.371 0.366 0.366 0.366 0.358 0.358 0.358 0.356 0.353 0.353 0.352 0.352 0.352 0.351 0.347 0.346 0.346 0.345 0.344 0.342 0.34 0.34 0.341 0.341 0.341 0.341 0.342 0.34 0.338 0.338 0.337 0.335 0.334 0.331 0.332 0.331 0.328 0.325 0.324 0.324 0.321 0.324 0.324 0.324 0.321 0.324 0.321 0.317 0.316 0.317 0.315 0.315 0.314 0.315 0.314 0.315 0.314 0.315 0.314 0.315 0.313 0.315 0.309 0.312 0.312 0.313 0.312 0.312 0.312 0.312 0.309 0.309 0.309 0.309 0.308 0.309 0.311 0.309 0.31 0.311 0.312 0.31 0.312 0.314 0.319 0.322 0.325 0.325 0.332 0.332 0.338 0.338 0.34 0.343 0.34 0.337 0.34 0.337 0.334 0.329 0.32 0.314 0.314 0.314 0.314 0.314 0.32 0.314 0.312 0.31 0.31 0.309 0.307 0.307 0.31 0.312 0.313 0.313 0.313 0.306 0.305 0.305 0.306 0.309 0.309 0.309 0.309 0.309 0.312 0.307 0.307 0.306 0.306 0.306 0.308 0.311 0.311 0.311 0.311 0.311 0.311 0.313 0.313 0.313 0.315 0.317 0.317 0.321 0.321 0.321 0.321 0.321 0.323 0.325 0.325 0.326 0.326 0.326 0.326 0.327 0.328 0.334 0.332 0.332 0.333 0.332 0.332 0.333 0.333 0.336 0.338 0.34 0.34 0.34 0.34 0.34 0.345 0.353 0.353 0.353 0.354 0.354 0.354 0.355 0.355 0.358 0.358 0.368 0.368 0.368 0.368 0.368 0.368 0.369 0.37 0.372 0.373 0.38 0.384 0.388 0.388 0.39 0.391 0.391 0.391 0.391 0.389 0.389 0.389 0.389 0.403 0.406 0.411 0.412 0.412 0.415 0.421 0.421 0.424 0.424 0.424 0.425 0.432 0.432 0.438 0.447 0.447 0.447 0.447 0.447 0.448 0.448 0.451 0.46 0.46 0.463 0.474 1.075 1.086 1.105 1.105 1.114 1.124 1.14 1.159 1.16 1.164 1.186 1.188 1.192 1.192 1.192 1.198 1.193 1.193 1.193 1.197 1.197 1.198 1.208 1.208 1.208 1.212 1.213 1.215 1.215 1.216 1.216 1.22 1.221 1.234 1.235 1.237 1.238 1.249 1.263 1.263 1.263 1.261 1.261 1.261 1.263 1.264 1.267 1.275 1.279 1.29 1.29 1.29 1.295 1.3 1.3 1.307 1.308 1.312 1.315 1.319 1.321 1.324 1.336 1.337 1.341 1.349 1.349 1.349 1.346 1.344 1.343 1.341 1.338 1.335 1.335 1.334 1.333 1.333 1.33 1.333 1.33 1.33 1.329 1.327 1.327 1.326 1.32 1.321 1.321 1.321 1.33 1.33 1.33 1.33 1.325 1.325 1.333 1.333 1.334 1.34 1.34 1.34 1.352 1.345 1.349 1.349 1.348 1.345 1.344 1.341 1.337 1.331 1.327 1.326 1.327 1.326 1.324 1.324 1.324 1.324 1.324 1.325 1.327 1.327 1.327 1.327 1.325 1.325 1.324 1.324 1.324 1.33 1.33 1.331 1.332 1.346 1.356 1.432 1.561 1.613 1.619 1.619 1.621 1.625 1.625 1.626 1.637 1.64 1.64 1.643 1.644 1.646 1.651 1.652 1.654 1.655 1.66 1.666 1.669 1.679 1.68 1.685 1.687 1.692 1.693 1.698 1.704 1.706 1.713 2.059 2.066 3.987 3.987 0.007 0 0 0 0 0 0 0 0.007 0 3.565 3.518 3.474 3.457 3.449 3.449 3.449 3.467 3.467 3.477 3.508 3.512 3.533 3.538 3.556 3.573 3.591 3.597 3.615 3.624 3.652 3.661 3.675 3.696 3.714 3.728 3.748 3.752 3.769 3.769 3.769 2.526 2.422 2.41 2.375 2.361 2.339 2.332 2.328 2.307 2.281 2.275 2.258 2.232 2.222 2.188 2.182 2.176 2.167 2.151 2.116 2.108 2.102 2.086 2.067 2.049 2.047 2.017 2.016 2.007 1.982 1.98 1.957 1.947 1.932 1.926 1.926 1.918 1.918 0.007 2.257 2.241 2.241 2.223 2.218 2.211 2.203 2.195 2.181 2.163 2.156 2.146 2.137 2.124 2.124 2.114 2.104 2.093 2.08 2.079 2.066 2.065 2.064 2.046 2.033 2.026 2.024 2.015 2.006 2.003 1.99 1.986 1.973 1.968 1.961 1.96 1.951 1.938 1.928 1.926 1.925 1.921 1.907 1.906 1.898 1.893 1.892 1.884 1.883 1.873 1.871 1.862 1.858 1.858 1.857 1.857 1.845 1.842 1.838 1.828 1.824 1.821 1.818 1.815 1.81 1.805 1.803 1.794 1.778 1.182 1.171 1.171 1.169 1.167 1.164 1.164 1.163 1.162 1.159 1.155 1.152 1.15 1.15 1.152 1.145 1.145 1.145 1.141 1.14 1.14 1.14 1.139 1.141 1.142 1.146 1.142 1.144 1.144 1.143 1.143 1.143 1.143 1.139 1.143 1.139 1.141 1.141 1.141 1.141 1.141 1.139 1.139 1.145 1.142 1.142 1.142 1.142 1.142 1.141 1.143 1.143 1.141 1.14 1.14 1.137 1.14 1.14 1.135 1.139 1.14 1.14 1.142 1.142 1.142 1.14 1.138 1.138 1.14 1.74 1.742 1.754 1.754 1.754 1.754 1.756 1.756 1.759 1.768 1.769 1.769 1.771 1.773 1.776 1.777 1.779 1.78 1.789 1.794 1.794 1.796 1.798 1.807 1.811 1.813 1.814 1.815 1.822 1.827 1.828 1.837 1.84 1.841 1.841 1.845 1.861 1.863 1.864 1.873 1.877 1.877 1.873 0.725 0.725 0.723 0.723 0.684 0.674 0.671 0.661 0.66 0.651 
1 1 1 1 1 1 1 1 1 1 1 1 1 1 1 1 1 1 1 1 1 1 1 1 1 1 1 1 1 1 1 1 1 1 1 1 1 1 1 1 1 1 1 1 1 1 1 1 1 1 1 1 1 1 1 1 1 1 1 1 1 1 1 1 1 1 1 1 1 1 1 1 1 1 1 1 1 1 1 1 1 1 1 1 1 1 1 1 1 1 1 1 1 1 1 1 1 1 1 1 1 1 1 1 1 1 1 1 1 1 1 1 1 1 1 1 1 1 1 1 1 1 1 1 1 1 1 1 1 1 1 1 1 1 1 1 1 1 1 1 1 1 1 1 1 1 1 1 1 1 1 1 1 1 1 1 1 1 1 1 1 1 1 1 1 1 1 1 1 1 1 1 1 1 1 1 1 1 1 1 1 1 1 1 1 1 1 1 1 1 1 1 1 1 1 1 1 1 1 1 1 1 1 1 1 1 1 1 1 1 1 1 1 1 1 1 1 1 1 1 1 1 1 1 1 1 1 1 1 1 1 1 1 1 1 1 1 1 1 1 1 1 1 1 1 1 1 1 1 1 1 1 1 1 1 1 1 1 1 1 1 1 1 1 1 1 1 1 1 1 1 1 1 1 1 1 1 1 1 1 1 1 1 1 1 1 1 1 1 1 1 1 1 1 1 1 1 1 1 1 1 1 1 1 1 1 1 1 1 1 1 1 1 1 1 1 1 1 1 1 1 1 1 1 1 1 1 1 1 1 1 1 1 1 1 1 1 1 1 1 1 1 1 1 1 1 1 1 1 1 1 1 1 1 1 1 1 1 1 1 1 1 1 1 1 1 1 1 1 1 1 1 1 1 1 1 1 1 1 1 1 1 1 1 1 1 1 1 1 1 1 1 1 1 1 1 1 1 1 1 1 1 1 1 1 1 1 1 1 1 1 0 0 0 0 0 0 0 0 0 0 1 1 1 1 1 1 1 1 1 1 1 1 1 1 1 1 1 1 1 1 1 1 1 1 1 1 1 1 1 1 1 1 1 1 1 1 1 1 1 1 1 1 1 1 1 1 1 1 1 1 1 1 1 1 1 1 1 1 1 1 1 1 1 1 1 1 1 1 1 0 1 1 1 1 1 1 1 1 1 1 1 1 1 1 1 1 1 1 1 1 1 1 1 1 1 1 1 1 1 1 1 1 1 1 1 1 1 1 1 1 1 1 1 1 1 1 1 1 1 1 1 1 1 1 1 1 1 1 1 1 1 1 1 1 1 1 1 1 1 1 1 1 1 1 1 1 1 1 1 1 1 1 1 1 1 1 1 1 1 1 1 1 1 1 1 1 1 1 1 1 1 1 1 1 1 1 1 1 1 1 1 1 1 1 1 1 1 1 1 1 1 1 1 1 1 1 1 1 1 1 1 1 1 1 1 1 1 1 1 1 1 1 1 1 1 1 1 1 1 1 1 1 1 1 1 1 1 1 1 1 1 1 1 1 1 1 1 1 1 1 1 1 1 1 1 1 1 1 1 1 1 1 1 1 1 1 1 1 1 1 1 
