# This file contains a 2D laser scan observation. 
# Its format is: 
# [aperture] [max_range] [number_of_scans] 
# [vector_of_scans] 
# [vector_of_valid_scans] 
# The aperture of the sensor is in radians, the maximum range 
# and measurements are in meters. '1' means a valid scan, '0' otherwise.
4.1847
5.6
682
0.481 0.482 0.487 0.487 0.491 0.492 0.494 0.494 0.495 0.495 0.499 0.507 0.507 0.509 0.509 0.509 0.507 0.502 0.498 0.496 0.494 0.492 0.485 0.485 0.485 0.48 0.479 0.474 0.474 0.474 0.474 0.474 0.474 0.474 0.472 0.473 0.472 0.473 0.472 0.473 0.473 0.475 0.476 0.477 0.477 0.476 0.472 0.471 0.47 0.469 0.469 0.471 0.475 0.475 0.475 0.474 0.474 0.474 0.47 0.474 0.476 0.605 0.856 0.866 0.868 0.868 0.875 0.875 0.875 0.873 0.873 0.873 0.878 0.879 0.88 0.889 0.89 0.899 0.899 0.902 0.902 0.903 0.907 0.914 0.915 0.915 0.915 0.919 0.92 0.926 0.926 0.934 0.937 0.939 0.945 0.948 0.954 0.955 0.958 0.96 0.968 0.969 0.969 0.977 0.977 0.984 0.985 0.985 0.997 1.008 1.009 1.011 1.017 1.021 1.023 1.023 1.027 1.038 1.04 1.046 1.053 1.056 1.065 1.065 1.071 1.079 1.083 1.104 1.105 1.116 1.155 1.158 1.162 1.158 1.155 1.153 1.145 1.144 1.141 1.141 1.137 1.137 1.137 1.136 1.134 1.134 1.129 1.128 1.128 1.128 1.129 1.134 1.134 1.132 1.132 1.133 1.132 1.133 1.135 1.133 1.135 1.139 1.142 1.157 1.157 1.157 1.153 1.157 1.153 1.158 1.153 1.158 1.155 1.158 1.158 1.159 1.159 1.164 1.167 1.167 1.168 1.171 1.175 1.176 1.178 1.178 1.187 1.189 1.191 1.192 1.192 1.192 1.193 1.193 1.196 1.196 1.194 1.192 1.191 1.188 1.181 1.174 1.174 1.174 1.174 1.174 1.173 1.168 1.161 1.154 1.153 1.153 1.153 1.149 1.149 1.149 1.144 1.143 1.143 1.14 1.131 1.13 1.13 1.122 1.118 1.122 1.118 1.121 1.119 1.121 1.119 1.119 1.113 1.113 1.113 1.112 1.112 1.113 1.113 1.112 1.113 1.112 1.11 1.112 1.112 1.112 1.112 1.117 1.117 1.117 1.117 1.118 1.122 1.128 1.128 1.128 1.13 1.131 1.134 1.138 1.138 1.138 1.138 1.138 1.137 1.136 1.133 1.129 1.125 1.123 1.123 1.123 1.122 1.127 1.127 1.127 1.127 1.141 1.29 1.306 1.307 1.31 1.312 1.355 1.36 1.36 1.366 1.366 1.366 1.37 1.371 1.375 1.375 1.377 1.377 1.378 1.378 1.379 1.386 1.387 1.388 1.389 1.396 1.396 1.396 1.4 1.401 1.406 1.407 1.409 1.409 1.411 1.412 1.422 1.424 1.425 1.427 1.43 1.433 1.8 1.804 1.812 1.812 1.812 0 0 0 0 0 0.007 0 0 0 0 0 0.007 0 3.42 3.247 3.233 3.233 3.22 3.22 3.171 3.167 3.167 3.171 3.201 3.222 3.228 3.241 3.254 3.258 3.279 3.288 3.307 3.316 3.333 3.337 3.358 3.367 3.389 3.4 3.413 3.438 3.444 3.476 3.477 3.494 3.507 3.527 3.527 3.527 2.186 2.144 2.11 2.11 2.108 2.11 0.007 2.071 2.043 2.024 1.997 1.992 1.99 1.968 1.952 1.939 1.938 1.91 1.898 1.873 1.872 1.857 1.84 1.84 1.824 1.815 1.801 1.795 1.791 1.761 1.752 1.746 1.744 1.709 1.705 1.694 1.683 1.665 1.656 1.652 1.64 1.633 1.633 1.633 1.649 1.953 1.96 1.96 1.96 1.952 1.942 1.93 1.927 1.917 1.91 1.906 1.894 1.889 1.874 1.865 1.864 1.855 1.842 1.841 1.832 1.826 1.816 1.809 1.809 1.806 1.788 1.785 1.78 1.773 1.768 1.76 1.759 1.754 1.744 1.743 1.733 1.733 1.721 1.721 1.714 1.713 1.701 1.7 1.696 1.695 1.693 1.691 1.681 1.675 1.671 1.668 1.663 1.66 1.659 1.655 1.649 1.647 1.643 1.643 1.634 1.634 1.626 1.626 1.625 1.625 1.622 1.622 1.621 1.621 1.613 1.607 1.607 1.607 1.602 1.601 1.599 1.599 1.594 1.593 1.587 1.586 1.582 1.582 1.585 1.582 1.581 1.58 1.58 1.58 1.573 1.569 0.983 0.983 0.983 0.984 0.986 0.986 0.986 0.986 0.983 0.982 0.983 0.986 0.988 0.991 0.991 0.991 0.988 0.991 0.989 0.989 0.989 0.99 0.99 0.994 0.994 0.994 0.99 0.989 0.986 0.984 0.977 0.977 0.977 0.978 0.978 0.981 0.978 0.978 0.981 0.981 0.983 0.983 0.983 0.983 0.984 0.984 0.987 0.987 0.987 0.987 0.989 0.99 0.989 0.993 0.996 0.996 0.998 0.999 1 1.001 1.001 1.003 1.01 1.015 1.014 1.014 1.014 1.014 1.014 1.016 1.023 1.024 1.025 1.025 1.025 1.028 1.034 1.035 1.061 1.659 1.685 1.695 1.697 1.706 1.707 1.717 1.719 1.721 1.728 1.737 1.74 1.745 1.747 1.753 1.757 1.772 1.774 1.778 1.783 1.793 1.798 1.803 1.813 1.823 1.825 1.839 1.844 1.846 1.862 1.865 1.868 1.88 1.884 1.901 1.906 1.911 1.925 1.929 1.941 1.951 1.965 1.971 1.973 1.986 2.002 2.008 2.019 2.02 2.035 2.049 2.06 2.071 2.081 0 0 0 0 0 0 0 0 0 0 0 0 0 0 1.099 1.099 1.099 1.075 1.075 0.789 0.786 0.754 0.753 0.75 0.74 0.737 0.722 0.719 0.71 0.7 0.687 0.687 0.667 0.663 0.654 0.654 0.654 0.641 0.629 0.629 
1 1 1 1 1 1 1 1 1 1 1 1 1 1 1 1 1 1 1 1 1 1 1 1 1 1 1 1 1 1 1 1 1 1 1 1 1 1 1 1 1 1 1 1 1 1 1 1 1 1 1 1 1 1 1 1 1 1 1 1 1 1 1 1 1 1 1 1 1 1 1 1 1 1 1 1 1 1 1 1 1 1 1 1 1 1 1 1 1 1 1 1 1 1 1 1 1 1 1 1 1 1 1 1 1 1 1 1 1 1 1 1 1 1 1 1 1 1 1 1 1 1 1 1 1 1 1 1 1 1 1 1 1 1 1 1 1 1 1 1 1 1 1 1 1 1 1 1 1 1 1 1 1 1 1 1 1 1 1 1 1 1 1 1 1 1 1 1 1 1 1 1 1 1 1 1 1 1 1 1 1 1 1 1 1 1 1 1 1 1 1 1 1 1 1 1 1 1 1 1 1 1 1 1 1 1 1 1 1 1 1 1 1 1 1 1 1 1 1 1 1 1 1 1 1 1 1 1 1 1 1 1 1 1 1 1 1 1 1 1 1 1 1 1 1 1 1 1 1 1 1 1 1 1 1 1 1 1 1 1 1 1 1 1 1 1 1 1 1 1 1 1 1 1 1 1 1 1 1 1 1 1 1 1 1 1 1 1 1 1 1 1 1 1 1 1 1 1 1 1 1 1 1 1 1 1 1 1 1 1 1 1 1 1 1 1 1 1 1 1 1 1 1 1 0 0 0 0 0 0 0 0 0 0 0 0 0 1 1 1 1 1 1 1 1 1 1 1 1 1 1 1 1 1 1 1 1 1 1 1 1 1 1 1 1 1 1 1 1 1 1 1 1 1 1 1 1 1 1 0 1 1 1 1 1 1 1 1 1 1 1 1 1 1 1 1 1 1 1 1 1 1 1 1 1 1 1 1 1 1 1 1 1 1 1 1 1 1 1 1 1 1 1 1 1 1 1 1 1 1 1 1 1 1 1 1 1 1 1 1 1 1 1 1 1 1 1 1 1 1 1 1 1 1 1 1 1 1 1 1 1 1 1 1 1 1 1 1 1 1 1 1 1 1 1 1 1 1 1 1 1 1 1 1 1 1 1 1 1 1 1 1 1 1 1 1 1 1 1 1 1 1 1 1 1 1 1 1 1 1 1 1 1 1 1 1 1 1 1 1 1 1 1 1 1 1 1 1 1 1 1 1 1 1 1 1 1 1 1 1 1 1 1 1 1 1 1 1 1 1 1 1 1 1 1 1 1 1 1 1 1 1 1 1 1 1 1 1 1 1 1 1 1 1 1 1 1 1 1 1 1 1 1 1 1 1 1 1 1 1 1 1 1 1 1 1 1 1 1 1 1 1 1 1 1 1 1 1 1 1 1 1 1 1 1 1 1 1 1 1 1 1 1 1 1 1 1 1 1 1 1 1 1 1 1 1 1 1 1 1 1 1 0 0 0 0 0 0 0 0 0 0 0 0 0 0 1 1 1 1 1 1 1 1 1 1 1 1 1 1 1 1 1 1 1 1 1 1 1 1 1 1 
