# This file contains a 2D laser scan observation. 
# Its format is: 
# [aperture] [max_range] [number_of_scans] 
# [vector_of_scans] 
# [vector_of_valid_scans] 
# The aperture of the sensor is in radians, the maximum range 
# and measurements are in meters. '1' means a valid scan, '0' otherwise.
4.1847
5.6
682
1.034 1.034 1.034 1.034 1.031 1.027 1.022 1.015 1.013 1.013 1.008 1.008 1.006 1.006 1.003 1.004 1.001 1.001 1.001 1.004 1.004 1.007 1.007 1.004 1.006 1.001 1 1 1 1 1.005 1.005 1.005 1.009 1.009 1.015 1.015 1.019 1.02 1.021 1.021 1.02 1.022 1.022 1.022 1.032 1.034 1.037 1.037 1.039 1.04 1.04 1.044 1.044 1.047 1.05 1.053 1.055 1.056 1.056 1.061 1.062 1.068 1.068 1.072 1.075 1.075 1.082 1.082 1.087 1.089 1.089 1.094 1.095 1.095 1.097 1.104 1.104 1.104 1.103 1.102 1.102 1.092 1.092 1.092 1.091 1.085 1.084 1.079 1.075 1.075 1.075 1.077 1.077 1.077 1.07 1.07 1.068 1.069 1.07 1.07 1.069 1.069 1.069 1.067 1.065 1.064 1.064 1.064 1.063 1.067 1.072 1.067 1.067 1.068 1.068 1.065 1.065 1.061 1.061 1.061 1.063 1.067 1.068 1.07 1.073 1.075 1.076 1.079 1.08 1.08 1.083 1.088 1.088 1.088 1.088 1.082 1.082 1.082 1.081 1.075 1.067 1.062 1.062 1.06 1.058 1.046 1.037 1.029 1.028 1.025 1.011 1.01 1.006 1.004 0.994 0.994 0.983 0.982 0.978 0.976 0.969 0.965 0.965 0.965 0.96 0.954 0.949 0.948 0.94 0.938 0.938 0.936 0.934 0.931 0.924 0.919 0.916 0.913 0.912 0.911 0.91 0.903 0.903 0.9 0.9 0.894 0.887 0.887 0.887 0.887 0.887 0.885 0.88 0.879 0.879 0.875 0.874 0.87 0.863 0.863 0.862 0.861 0.855 0.853 0.853 0.853 0.855 0.859 0.859 0.854 0.854 0.848 0.846 0.846 0.843 0.843 0.845 0.845 0.844 0.844 0.834 0.832 0.831 0.831 0.832 0.835 0.835 0.836 0.836 0.835 0.831 0.826 0.826 0.826 0.829 0.829 0.831 0.835 0.835 0.842 0.844 0.845 0.849 0.917 0.991 0.998 1.018 1.018 1.018 1.017 1.017 1.012 1.012 1.014 1.017 1.056 1.096 1.097 1.099 1.102 1.102 1.102 1.102 1.099 1.097 1.092 1.089 1.086 1.081 1.077 1.077 1.077 1.076 1.076 1.076 1.075 1.075 1.075 1.071 1.069 1.069 1.069 1.069 1.071 1.071 1.071 1.071 1.074 1.075 1.075 1.075 1.075 1.076 1.076 1.078 1.079 1.083 1.085 1.085 1.092 1.094 1.094 1.097 1.101 1.11 1.421 1.436 1.442 1.444 1.452 1.455 1.459 1.463 0 0 0 0 0 0 0 0 0 0 0 0 0.007 3.304 3.304 0 0 0 0 2.943 2.916 2.891 2.891 2.872 2.857 2.841 2.833 2.833 2.841 2.871 2.88 2.893 2.893 2.903 2.918 2.928 2.928 2.941 2.957 2.972 2.976 2.99 2.994 3.015 3.025 3.043 3.05 3.064 3.078 3.098 3.106 3.124 3.137 3.147 3.166 3.186 3.201 3.201 3.201 1.886 1.858 1.81 1.79 1.78 1.762 1.746 1.73 1.73 1.721 1.715 1.699 1.693 1.669 1.663 1.655 1.645 1.637 1.607 1.598 1.596 1.587 1.571 1.561 1.558 1.55 1.53 1.524 1.519 1.512 1.506 1.488 1.485 1.483 1.465 1.452 1.45 1.439 1.429 1.429 1.427 1.418 1.397 1.379 1.372 1.369 1.357 1.354 1.351 1.342 1.342 1.332 1.316 1.314 1.304 1.302 1.302 1.304 1.314 1.634 1.634 1.634 1.628 1.613 1.611 1.607 1.596 1.595 1.589 1.58 1.578 1.577 1.574 1.568 1.566 1.561 1.551 1.546 1.545 1.541 1.537 1.53 1.528 1.521 1.512 1.51 1.503 1.503 1.5 1.499 1.503 1.49 1.486 1.478 1.476 1.476 1.471 1.471 1.468 1.463 1.463 1.462 1.455 1.453 1.448 1.447 1.447 1.447 1.438 1.437 1.436 1.436 1.429 1.429 1.428 1.428 1.424 1.423 1.422 1.417 1.41 1.41 1.406 1.41 1.407 1.407 1.407 1.407 1.401 1.401 1.396 1.396 1.396 1.396 1.401 1.401 1.401 1.4 1.4 1.397 1.395 1.392 1.392 1.39 1.39 1.39 1.39 1.39 1.39 1.39 1.39 1.385 1.385 1.385 1.385 1.388 1.388 1.388 1.39 1.391 1.391 1.391 1.391 1.391 1.388 1.388 1.397 1.397 1.397 1.397 1.397 1.397 1.4 1.396 1.396 1.389 1.373 1.348 1.321 1.294 1.262 1.221 1.181 1.138 1.09 1.045 1.045 0.977 0.929 0.847 0.843 0.843 0.842 0.842 0.843 0.843 0.842 0.843 0.844 0.848 0.848 0.85 0.85 0.853 0.853 0.855 0.855 0.861 0.861 0.862 0.864 0.865 0.866 0.868 0.868 0.876 0.877 0.88 0.88 0.88 0.884 0.884 0.88 0.88 0.87 0.87 0.87 0.87 0.87 0.879 0.88 0.883 0.89 0.89 0.89 0.897 0.898 0.898 0.911 0.913 0.913 0.914 0.921 0.921 0.935 0.955 0.957 0.967 0.967 0.969 0.972 0.976 0.981 0.985 0.987 0.987 0.996 1.004 1.007 1.008 1.019 1.022 1.025 1.036 1.037 1.048 1.05 1.706 1.87 1.873 1.876 1.891 1.904 1.913 1.932 1.933 1.956 1.957 1.975 1.991 1.994 2.01 2.017 2.028 2.054 2.056 2.084 2.095 2.104 2.13 2.136 2.14 2.16 2.179 2.206 2.209 2.231 2.248 2.264 2.275 2.289 2.307 2.327 2.345 0 0 0 0 0 
1 1 1 1 1 1 1 1 1 1 1 1 1 1 1 1 1 1 1 1 1 1 1 1 1 1 1 1 1 1 1 1 1 1 1 1 1 1 1 1 1 1 1 1 1 1 1 1 1 1 1 1 1 1 1 1 1 1 1 1 1 1 1 1 1 1 1 1 1 1 1 1 1 1 1 1 1 1 1 1 1 1 1 1 1 1 1 1 1 1 1 1 1 1 1 1 1 1 1 1 1 1 1 1 1 1 1 1 1 1 1 1 1 1 1 1 1 1 1 1 1 1 1 1 1 1 1 1 1 1 1 1 1 1 1 1 1 1 1 1 1 1 1 1 1 1 1 1 1 1 1 1 1 1 1 1 1 1 1 1 1 1 1 1 1 1 1 1 1 1 1 1 1 1 1 1 1 1 1 1 1 1 1 1 1 1 1 1 1 1 1 1 1 1 1 1 1 1 1 1 1 1 1 1 1 1 1 1 1 1 1 1 1 1 1 1 1 1 1 1 1 1 1 1 1 1 1 1 1 1 1 1 1 1 1 1 1 1 1 1 1 1 1 1 1 1 1 1 1 1 1 1 1 1 1 1 1 1 1 1 1 1 1 1 1 1 1 1 1 1 1 1 1 1 1 1 1 1 1 1 1 1 1 1 1 1 1 1 1 1 1 1 1 1 1 1 1 1 1 1 1 1 1 1 1 1 1 1 1 1 1 1 1 1 0 0 0 0 0 0 0 0 0 0 0 0 0 1 1 0 0 0 0 1 1 1 1 1 1 1 1 1 1 1 1 1 1 1 1 1 1 1 1 1 1 1 1 1 1 1 1 1 1 1 1 1 1 1 1 1 1 1 1 1 1 1 1 1 1 1 1 1 1 1 1 1 1 1 1 1 1 1 1 1 1 1 1 1 1 1 1 1 1 1 1 1 1 1 1 1 1 1 1 1 1 1 1 1 1 1 1 1 1 1 1 1 1 1 1 1 1 1 1 1 1 1 1 1 1 1 1 1 1 1 1 1 1 1 1 1 1 1 1 1 1 1 1 1 1 1 1 1 1 1 1 1 1 1 1 1 1 1 1 1 1 1 1 1 1 1 1 1 1 1 1 1 1 1 1 1 1 1 1 1 1 1 1 1 1 1 1 1 1 1 1 1 1 1 1 1 1 1 1 1 1 1 1 1 1 1 1 1 1 1 1 1 1 1 1 1 1 1 1 1 1 1 1 1 1 1 1 1 1 1 1 1 1 1 1 1 1 1 1 1 1 1 1 1 1 1 1 1 1 1 1 1 1 1 1 1 1 1 1 1 1 1 1 1 1 1 1 1 1 1 1 1 1 1 1 1 1 1 1 1 1 1 1 1 1 1 1 1 1 1 1 1 1 1 1 1 1 1 1 1 1 1 1 1 1 1 1 1 1 1 1 1 1 1 1 1 1 1 1 1 1 1 1 1 1 1 1 1 1 1 1 1 1 1 1 1 1 1 1 1 1 1 1 1 1 1 1 1 1 1 1 1 1 1 1 1 1 1 1 1 1 1 1 0 0 0 0 0 
