# This file contains a 2D laser scan observation. 
# Its format is: 
# [aperture] [max_range] [number_of_scans] 
# [vector_of_scans] 
# [vector_of_valid_scans] 
# The aperture of the sensor is in radians, the maximum range 
# and measurements are in meters. '1' means a valid scan, '0' otherwise.
4.1847
5.6
682
1.097 1.098 1.107 1.109 1.109 1.109 1.109 1.105 1.105 1.096 1.094 1.091 1.09 1.09 1.088 1.09 1.09 1.09 1.086 1.086 1.081 1.08 1.081 1.081 1.083 1.083 1.083 1.083 1.083 1.081 1.083 1.084 1.084 1.087 1.089 1.089 1.091 1.089 1.091 1.094 1.094 1.094 1.094 1.096 1.096 1.102 1.102 1.102 1.103 1.104 1.109 1.109 1.113 1.119 1.119 1.119 1.115 1.114 1.109 1.109 1.108 1.108 1.103 1.092 1.092 1.092 1.09 1.085 1.074 1.073 1.066 1.066 1.066 1.063 1.063 1.06 1.058 1.058 1.052 1.048 1.048 1.049 1.049 1.049 1.052 1.049 1.052 1.045 1.045 1.038 1.035 1.034 1.034 1.034 1.025 1.019 1.017 1.017 1.019 1.021 1.021 1.021 1.017 1.015 1.013 1.01 1.013 1.01 1.009 1.01 1.009 1.009 1.009 1.006 1.001 0.997 0.999 0.999 1.001 0.999 1.001 1.001 0.999 0.992 0.992 0.984 0.973 0.969 0.964 0.962 0.955 0.955 0.942 0.933 0.93 0.927 0.917 0.912 0.908 0.903 0.895 0.893 0.886 0.885 0.882 0.877 0.877 0.87 0.863 0.861 0.857 0.852 0.848 0.847 0.836 0.833 0.832 0.83 0.83 0.825 0.821 0.82 0.82 0.812 0.807 0.805 0.802 0.796 0.796 0.794 0.785 0.785 0.782 0.781 0.775 0.775 0.774 0.772 0.77 0.77 0.765 0.764 0.762 0.757 0.756 0.756 0.745 0.745 0.745 0.745 0.743 0.743 0.741 0.741 0.741 0.739 0.731 0.73 0.729 0.729 0.728 0.72 0.728 0.723 0.72 0.718 0.714 0.714 0.714 0.714 0.714 0.714 0.713 0.71 0.71 0.707 0.704 0.707 0.707 0.707 0.707 0.712 0.71 0.712 0.712 0.713 0.713 0.726 0.766 0.795 0.814 0.846 0.849 0.866 0.881 0.882 0.882 0.882 0.879 0.877 0.877 0.872 0.87 0.87 0.879 0.888 0.927 0.929 0.929 0.929 0.929 0.929 0.929 0.931 0.931 0.933 0.934 0.94 0.942 0.949 0.955 0.955 0.958 0.958 0.958 0.958 0.958 0.954 0.954 0.951 0.948 0.942 0.941 0.94 0.94 0.936 0.936 0.933 0.933 0.924 0.924 0.924 0.924 0.922 0.924 0.922 0.922 0.926 0.926 0.926 0.928 0.928 0.929 0.929 0.929 0.931 0.931 0.936 0.936 0.939 0.939 0.94 0.94 0.946 1.247 1.272 1.279 1.28 1.279 1.28 1.288 1.291 1.295 1.298 1.304 0 0 0 0 0 0 0 0 0 0 0 0.007 0 0 0.007 3.165 3.048 2.992 2.957 2.86 2.844 2.844 2.806 2.756 2.756 0.015 2.756 2.756 2.704 2.681 2.681 2.704 2.72 2.723 2.731 2.731 2.741 2.752 2.765 2.773 2.782 2.784 2.803 2.816 2.833 2.844 2.855 2.859 2.875 2.885 2.902 2.907 2.926 2.933 2.949 2.963 2.969 2.992 3 3.019 3.041 3.044 3.064 3.064 3.064 1.714 1.694 1.649 1.635 1.611 1.601 1.595 1.595 1.577 1.563 1.563 1.554 1.546 1.537 1.524 1.501 1.496 1.493 1.487 1.465 1.459 1.457 1.444 1.435 1.431 1.423 1.405 1.401 1.388 1.388 1.376 1.366 1.366 1.356 1.35 1.338 1.335 1.323 1.314 1.313 1.307 1.305 1.293 1.291 1.29 1.277 1.271 1.266 1.259 1.247 1.221 1.217 1.215 1.215 1.209 1.206 1.195 1.195 1.193 1.184 1.182 1.179 1.167 1.167 1.167 1.18 1.193 1.482 1.476 1.476 1.476 1.472 1.471 1.468 1.463 1.459 1.457 1.456 1.452 1.446 1.442 1.439 1.434 1.434 1.422 1.422 1.415 1.415 1.409 1.406 1.401 1.396 1.395 1.391 1.389 1.386 1.384 1.379 1.379 1.378 1.375 1.372 1.371 1.37 1.369 1.364 1.363 1.353 1.352 1.352 1.35 1.348 1.347 1.344 1.342 1.342 1.342 1.342 1.342 1.34 1.338 1.334 1.332 1.334 1.33 1.33 1.327 1.327 1.323 1.32 1.321 1.321 1.32 1.32 1.319 1.319 1.319 1.318 1.318 1.318 1.318 1.318 1.315 1.315 1.315 1.315 1.315 1.315 1.315 1.315 1.316 1.316 1.318 1.318 1.32 1.323 1.323 1.323 1.323 1.323 1.321 1.321 1.321 1.322 1.324 1.329 1.329 1.329 1.33 1.33 1.33 1.336 1.337 1.337 1.339 1.339 1.339 1.339 1.339 1.339 1.346 1.346 1.348 1.352 1.357 1.361 1.364 1.365 1.365 1.361 1.346 1.316 1.296 1.272 1.243 1.209 1.191 1.168 1.129 1.098 1.092 1.068 1.056 1.024 1.006 0.994 0.983 0.951 0.933 0.93 0.913 0.898 0.878 0.871 0.859 0.842 0.832 0.83 0.828 0.828 0.827 0.827 0.828 0.835 0.835 0.837 0.837 0.837 0.841 0.85 0.851 0.852 0.854 0.854 0.855 0.859 0.867 0.867 0.869 0.869 0.88 0.884 0.884 0.888 0.888 0.897 0.897 0.897 0.897 0.894 0.894 0.894 0.898 0.899 0.902 0.903 0.911 0.915 0.917 0.921 0.924 0.929 0.935 0.938 0.944 0.946 0.959 0.966 0.99 0.997 1.011 1.02 1.021 1.029 1.035 1.036 1.043 1.057 1.057 1.066 1.072 1.083 1.088 1.097 1.099 2.032 2.048 2.059 2.059 2.083 2.097 2.11 2.13 2.137 2.159 2.171 2.189 2.216 2.222 2.241 2.257 2.284 
1 1 1 1 1 1 1 1 1 1 1 1 1 1 1 1 1 1 1 1 1 1 1 1 1 1 1 1 1 1 1 1 1 1 1 1 1 1 1 1 1 1 1 1 1 1 1 1 1 1 1 1 1 1 1 1 1 1 1 1 1 1 1 1 1 1 1 1 1 1 1 1 1 1 1 1 1 1 1 1 1 1 1 1 1 1 1 1 1 1 1 1 1 1 1 1 1 1 1 1 1 1 1 1 1 1 1 1 1 1 1 1 1 1 1 1 1 1 1 1 1 1 1 1 1 1 1 1 1 1 1 1 1 1 1 1 1 1 1 1 1 1 1 1 1 1 1 1 1 1 1 1 1 1 1 1 1 1 1 1 1 1 1 1 1 1 1 1 1 1 1 1 1 1 1 1 1 1 1 1 1 1 1 1 1 1 1 1 1 1 1 1 1 1 1 1 1 1 1 1 1 1 1 1 1 1 1 1 1 1 1 1 1 1 1 1 1 1 1 1 1 1 1 1 1 1 1 1 1 1 1 1 1 1 1 1 1 1 1 1 1 1 1 1 1 1 1 1 1 1 1 1 1 1 1 1 1 1 1 1 1 1 1 1 1 1 1 1 1 1 1 1 1 1 1 1 1 1 1 1 1 1 1 1 1 1 1 1 1 1 1 1 1 1 1 1 1 1 1 1 1 1 1 1 1 1 1 1 1 1 1 1 1 1 1 0 0 0 0 0 0 0 0 0 0 0 0 0 0 0 1 1 1 1 1 1 1 1 1 1 0 1 1 1 1 1 1 1 1 1 1 1 1 1 1 1 1 1 1 1 1 1 1 1 1 1 1 1 1 1 1 1 1 1 1 1 1 1 1 1 1 1 1 1 1 1 1 1 1 1 1 1 1 1 1 1 1 1 1 1 1 1 1 1 1 1 1 1 1 1 1 1 1 1 1 1 1 1 1 1 1 1 1 1 1 1 1 1 1 1 1 1 1 1 1 1 1 1 1 1 1 1 1 1 1 1 1 1 1 1 1 1 1 1 1 1 1 1 1 1 1 1 1 1 1 1 1 1 1 1 1 1 1 1 1 1 1 1 1 1 1 1 1 1 1 1 1 1 1 1 1 1 1 1 1 1 1 1 1 1 1 1 1 1 1 1 1 1 1 1 1 1 1 1 1 1 1 1 1 1 1 1 1 1 1 1 1 1 1 1 1 1 1 1 1 1 1 1 1 1 1 1 1 1 1 1 1 1 1 1 1 1 1 1 1 1 1 1 1 1 1 1 1 1 1 1 1 1 1 1 1 1 1 1 1 1 1 1 1 1 1 1 1 1 1 1 1 1 1 1 1 1 1 1 1 1 1 1 1 1 1 1 1 1 1 1 1 1 1 1 1 1 1 1 1 1 1 1 1 1 1 1 1 1 1 1 1 1 1 1 1 1 1 1 1 1 1 1 1 1 1 1 1 1 1 1 1 1 1 1 1 1 1 1 1 1 1 1 1 1 1 1 1 1 1 1 1 1 1 1 1 1 1 1 1 1 1 1 1 1 1 1 
