# This file contains a 2D laser scan observation. 
# Its format is: 
# [aperture] [max_range] [number_of_scans] 
# [vector_of_scans] 
# [vector_of_valid_scans] 
# The aperture of the sensor is in radians, the maximum range 
# and measurements are in meters. '1' means a valid scan, '0' otherwise.
4.1847
5.6
682
1.118 1.108 1.098 1.093 1.092 1.092 1.086 1.086 1.071 1.004 1.003 1.003 0.959 0.924 0.872 0.812 0.77 0.712 0.668 0.624 0.573 0.546 0.54 0.54 0.54 0.54 0.535 0.535 0.531 0.524 0.516 0.512 0.512 0.511 0.512 0.512 0.516 0.512 0.513 0.513 0.516 0.516 0.517 0.519 0.519 0.524 0.524 0.526 0.526 0.527 0.527 0.528 0.529 0.532 0.533 0.534 0.534 0.534 0.536 0.537 0.537 0.539 0.541 0.543 0.547 0.549 0.549 0.55 0.549 0.549 0.549 0.555 0.552 0.558 0.559 0.559 0.566 0.567 0.567 0.567 0.565 0.562 0.557 0.552 0.544 0.542 0.542 0.542 0.542 0.542 0.54 0.543 0.543 0.543 0.545 0.549 0.552 0.554 0.556 0.556 0.569 0.569 0.569 0.563 0.555 0.555 0.55 0.549 0.541 0.54 0.534 0.525 0.515 0.514 0.509 0.509 0.506 0.503 0.502 0.5 0.493 0.492 0.491 0.491 0.486 0.478 0.476 0.476 0.476 0.473 0.466 0.464 0.464 0.459 0.458 0.456 0.452 0.452 0.449 0.449 0.442 0.442 0.443 0.442 0.442 0.437 0.433 0.429 0.427 0.428 0.427 0.427 0.427 0.427 0.419 0.422 0.417 0.417 0.416 0.41 0.409 0.407 0.4 0.396 0.4 0.391 0.393 0.393 0.393 0.392 0.393 0.393 0.392 0.392 0.391 0.39 0.385 0.385 0.385 0.384 0.384 0.382 0.381 0.379 0.379 0.375 0.374 0.374 0.376 0.374 0.374 0.374 0.37 0.368 0.368 0.37 0.373 0.373 0.374 0.374 0.374 0.369 0.364 0.364 0.385 0.387 0.4 0.412 0.426 0.438 0.451 0.464 0.474 0.49 0.506 0.513 0.522 0.542 0.553 0.581 0.586 0.605 0.622 0.631 0.642 0.67 0.688 0.692 0.694 0.692 0.692 0.689 0.689 0.688 0.688 0.688 0.692 0.689 0.692 0.694 0.692 0.689 0.689 0.689 0.688 0.688 0.686 0.662 0.66 0.66 0.66 0.66 0.662 0.665 0.67 0.67 0.664 0.67 0.665 0.665 0.666 0.668 0.668 0.67 0.674 0.67 0.677 0.677 0.677 0.714 0 0.006 0.006 0.006 0.006 0.006 0.006 0.006 0.006 0.006 0.006 0.006 0.006 0.006 0.006 0.006 0.006 0.006 0 0 0 0 0 0 0 0 0 0 0 0 0 0 0 0 0 0 0 0.007 0 0.007 2.61 2.61 2.534 2.478 2.415 2.339 2.339 2.29 2.263 2.122 2.099 2.084 2.084 2.084 2.069 2.107 2.107 2.01 2.01 2.013 2.013 2.021 2.031 2.049 2.049 2.059 2.074 2.074 2.076 2.079 2.087 2.1 2.106 2.112 2.119 2.135 2.139 2.142 2.161 2.179 2.181 2.181 2.193 2.212 2.222 2.223 2.235 2.244 2.25 2.263 2.276 2.284 2.3 2.309 2.331 2.335 2.347 2.36 2.369 2.387 2.392 2.412 2.426 2.438 2.448 2.466 2.484 2.492 2.513 2.527 2.547 2.555 2.555 2.555 2.554 2.504 2.436 1.059 1.059 1.058 1.057 1.026 0.981 0.981 0.977 0.974 0.961 0.96 0.96 0.957 0.947 0.938 0.931 0.929 0.926 0.919 0.916 0.915 0.914 0.914 0.91 0.91 0.907 0.9 0.893 0.888 0.888 0.884 0.882 0.879 0.874 0.871 0.871 0.864 0.863 0.862 0.856 0.853 0.853 0.851 0.844 0.841 0.84 0.836 0.836 0.83 0.83 0.83 0.825 0.821 0.821 0.811 0.81 0.81 0.805 0.804 0.804 0.805 0.804 0.8 0.793 0.793 0.793 0.788 0.787 0.793 0.796 0.791 0.791 0.791 0.785 0.784 0.778 0.779 0.776 0.775 0.775 0.775 0.771 0.769 0.769 0.765 0.765 0.76 0.76 0.758 0.758 0.757 0.757 0.757 0.757 0.754 0.754 0.747 0.747 0.746 0.747 0.741 0.748 0.749 0.749 0.74 0.738 0.727 0.727 0.727 0.727 0.728 0.731 0.732 0.732 0.733 0.737 0.737 0.738 0.738 0.732 0.729 0.729 0.725 0.725 0.727 0.73 0.732 0.738 0.74 0.747 0.748 0.748 0.748 0.748 0.744 0.744 0.744 0.992 1.001 1.017 1.017 1.017 1.016 1.017 1.016 1.017 1.017 1.017 1.02 1.02 1.02 1.019 1.028 1.021 1.03 1.021 1.03 1.021 1.031 1.028 1.033 1.033 1.033 1.033 1.04 1.042 1.042 1.042 1.042 1.042 1.046 1.05 1.051 1.051 1.056 1.06 1.061 1.061 1.061 1.061 1.061 1.061 1.062 1.067 1.072 1.079 1.079 1.081 1.083 1.087 1.089 1.092 1.094 1.094 1.099 1.108 1.112 1.112 1.114 1.114 1.114 1.116 1.117 1.122 1.132 1.134 1.134 1.142 1.149 1.154 1.156 1.157 1.157 1.165 1.169 1.172 1.174 1.183 1.183 1.184 1.195 1.195 1.195 1.21 1.219 1.221 1.222 1.228 1.234 1.238 1.249 1.252 1.255 1.258 1.268 1.273 1.276 1.284 1.288 1.291 1.301 1.305 1.31 1.318 1.328 1.331 1.344 1.352 1.358 1.368 1.376 1.376 1.376 1.366 1.36 1.354 1.339 1.332 1.325 1.305 1.3 1.292 1.289 1.288 1.27 1.269 1.26 1.254 1.242 1.237 1.232 1.231 1.218 1.205 1.205 1.204 1.193 1.188 1.18 1.171 1.165 1.16 1.158 1.145 1.138 1.136 1.135 1.135 1.124 1.119 1.115 1.105 1.105 1.102 1.1 
1 1 1 1 1 1 1 1 1 1 1 1 1 1 1 1 1 1 1 1 1 1 1 1 1 1 1 1 1 1 1 1 1 1 1 1 1 1 1 1 1 1 1 1 1 1 1 1 1 1 1 1 1 1 1 1 1 1 1 1 1 1 1 1 1 1 1 1 1 1 1 1 1 1 1 1 1 1 1 1 1 1 1 1 1 1 1 1 1 1 1 1 1 1 1 1 1 1 1 1 1 1 1 1 1 1 1 1 1 1 1 1 1 1 1 1 1 1 1 1 1 1 1 1 1 1 1 1 1 1 1 1 1 1 1 1 1 1 1 1 1 1 1 1 1 1 1 1 1 1 1 1 1 1 1 1 1 1 1 1 1 1 1 1 1 1 1 1 1 1 1 1 1 1 1 1 1 1 1 1 1 1 1 1 1 1 1 1 1 1 1 1 1 1 1 1 1 1 1 1 1 1 1 1 1 1 1 1 1 1 1 1 1 1 1 1 1 1 1 1 1 1 1 1 1 1 1 1 1 1 1 1 1 1 1 1 1 1 1 1 1 1 1 1 1 1 1 1 1 1 1 1 1 1 1 1 1 1 1 1 1 1 1 1 1 1 1 1 1 1 0 0 0 0 0 0 0 0 0 0 0 0 0 0 0 0 0 0 0 0 0 0 0 0 0 0 0 0 0 0 0 0 0 0 0 0 0 0 0 0 1 1 1 1 1 1 1 1 1 1 1 1 1 1 1 1 1 1 1 1 1 1 1 1 1 1 1 1 1 1 1 1 1 1 1 1 1 1 1 1 1 1 1 1 1 1 1 1 1 1 1 1 1 1 1 1 1 1 1 1 1 1 1 1 1 1 1 1 1 1 1 1 1 1 1 1 1 1 1 1 1 1 1 1 1 1 1 1 1 1 1 1 1 1 1 1 1 1 1 1 1 1 1 1 1 1 1 1 1 1 1 1 1 1 1 1 1 1 1 1 1 1 1 1 1 1 1 1 1 1 1 1 1 1 1 1 1 1 1 1 1 1 1 1 1 1 1 1 1 1 1 1 1 1 1 1 1 1 1 1 1 1 1 1 1 1 1 1 1 1 1 1 1 1 1 1 1 1 1 1 1 1 1 1 1 1 1 1 1 1 1 1 1 1 1 1 1 1 1 1 1 1 1 1 1 1 1 1 1 1 1 1 1 1 1 1 1 1 1 1 1 1 1 1 1 1 1 1 1 1 1 1 1 1 1 1 1 1 1 1 1 1 1 1 1 1 1 1 1 1 1 1 1 1 1 1 1 1 1 1 1 1 1 1 1 1 1 1 1 1 1 1 1 1 1 1 1 1 1 1 1 1 1 1 1 1 1 1 1 1 1 1 1 1 1 1 1 1 1 1 1 1 1 1 1 1 1 1 1 1 1 1 1 1 1 1 1 1 1 1 1 1 1 1 1 1 1 1 1 1 1 1 1 1 1 1 1 1 1 1 1 1 1 1 1 1 1 1 1 1 1 1 1 1 1 1 1 1 1 1 1 1 1 1 1 1 1 1 1 1 1 1 
