# This file contains a 2D laser scan observation. 
# Its format is: 
# [aperture] [max_range] [number_of_scans] 
# [vector_of_scans] 
# [vector_of_valid_scans] 
# The aperture of the sensor is in radians, the maximum range 
# and measurements are in meters. '1' means a valid scan, '0' otherwise.
4.1847
5.6
682
0.593 0.585 0.585 0.582 0.579 0.571 0.57 0.57 0.57 0.568 0.567 0.567 0.567 0.567 0.559 0.559 0.562 0.562 0.562 0.563 0.562 0.563 0.561 0.563 0.563 0.565 0.568 0.572 0.572 0.572 0.571 0.571 0.571 0.571 0.571 0.574 0.574 0.574 0.575 0.575 0.572 0.576 0.576 0.578 0.58 0.584 0.586 0.586 0.586 0.586 0.571 0.562 0.553 0.55 0.546 0.546 0.546 0.549 0.55 0.551 0.551 0.552 0.554 0.558 0.563 0.566 0.566 0.572 0.573 0.573 0.573 0.563 0.559 0.557 0.547 0.54 0.533 0.533 0.522 0.52 0.514 0.505 0.499 0.495 0.49 0.486 0.479 0.477 0.47 0.468 0.468 0.462 0.457 0.456 0.454 0.451 0.443 0.442 0.437 0.427 0.426 0.426 0.425 0.426 0.418 0.413 0.411 0.408 0.406 0.4 0.398 0.397 0.397 0.388 0.387 0.387 0.387 0.381 0.379 0.378 0.372 0.371 0.362 0.362 0.362 0.362 0.359 0.359 0.356 0.356 0.356 0.353 0.35 0.35 0.335 0.335 0.335 0.334 0.333 0.334 0.33 0.33 0.329 0.329 0.329 0.325 0.325 0.324 0.322 0.32 0.321 0.321 0.316 0.316 0.317 0.316 0.313 0.313 0.316 0.316 0.313 0.313 0.308 0.308 0.308 0.317 0.317 0.319 0.324 0.326 0.335 0.336 0.338 0.339 0.343 0.35 0.356 0.371 0.377 0.377 0.379 0.379 0.38 0.396 0.406 0.418 0.419 0.419 0.442 0.445 0.45 0.454 0.464 0.476 0.49 0.49 0.5 0.518 0.526 0.529 0.533 0.552 0.557 0.574 0.588 0.628 0.63 0.631 0.631 0.631 0.631 0.631 0.628 0.624 0.628 0.624 0.623 0.623 0.623 0.623 0.623 0.623 0.62 0.614 0.614 0.614 0.614 0.613 0.598 0.598 0.593 0.586 0.598 0.596 0.588 0.59 0.596 0.596 0.59 0.6 0.6 0.6 0.59 0.59 0.589 0.59 0.59 0.628 0.628 0.628 0.611 0.609 0.609 0.609 0.633 0.633 0.733 1.703 1.72 0.007 0.006 0.006 0.006 0.006 0.006 0.006 0.006 0.006 0.006 0.006 0.006 0.006 0.006 0.006 0.006 0.006 0.006 0.006 0.006 0.006 0.006 0.006 0.006 0.006 0.006 0.006 0.006 0 0 0 0 0 0 0 0 0 0 0 0 0 0 0 0 0 0 0 0 0 0 2.336 2.297 2.234 2.206 2.166 2.076 2.039 2.009 1.984 1.984 1.984 1.984 1.984 1.943 1.919 1.916 1.916 1.916 1.916 1.922 1.938 1.94 1.95 1.965 1.965 1.978 1.978 1.99 1.997 2.009 2.012 2.018 2.03 2.033 2.047 2.051 2.059 2.073 2.082 2.088 2.099 2.102 2.117 2.127 2.14 2.146 2.152 2.168 2.185 2.191 2.203 2.212 2.225 2.226 2.25 2.259 2.269 2.28 2.29 2.293 2.323 2.324 2.334 2.36 2.376 2.391 2.404 2.425 2.429 2.444 2.465 2.465 2.478 2.478 2.456 2.36 2.36 2.358 2.347 0.969 0.969 0.967 0.964 0.964 0.913 0.903 0.898 0.889 0.887 0.882 0.871 0.869 0.868 0.866 0.865 0.859 0.851 0.851 0.839 0.836 0.835 0.834 0.835 0.834 0.834 0.834 0.832 0.829 0.821 0.817 0.814 0.812 0.81 0.807 0.801 0.8 0.8 0.798 0.794 0.788 0.788 0.788 0.785 0.783 0.778 0.778 0.772 0.768 0.77 0.768 0.767 0.765 0.765 0.757 0.757 0.752 0.752 0.749 0.749 0.747 0.744 0.744 0.744 0.744 0.744 0.743 0.733 0.733 0.728 0.733 0.733 0.733 0.726 0.729 0.726 0.726 0.717 0.717 0.717 0.717 0.717 0.717 0.717 0.715 0.715 0.712 0.714 0.713 0.712 0.712 0.71 0.708 0.706 0.701 0.7 0.7 0.7 0.698 0.7 0.697 0.697 0.699 0.701 0.699 0.699 0.698 0.698 0.694 0.693 0.691 0.689 0.691 0.693 0.697 0.697 0.697 0.685 0.682 0.673 0.67 0.67 0.673 0.677 0.685 0.687 0.685 0.685 0.684 0.684 0.683 0.684 0.684 0.684 0.684 0.684 0.682 0.682 0.679 0.682 0.682 0.685 0.686 0.689 0.689 0.689 0.689 0.686 0.684 0.684 0.686 0.81 0.971 0.976 0.977 0.977 0.977 0.977 0.98 0.987 0.989 0.989 0.993 0.994 0.996 0.999 0.999 0.999 1.004 0.999 0.999 0.999 1.003 1.003 1.007 1.012 1.014 1.012 1.016 1.022 1.016 1.022 1.024 1.029 1.029 1.031 1.031 1.035 1.039 1.043 1.046 1.049 1.051 1.055 1.056 1.062 1.063 1.063 1.063 1.066 1.08 1.085 1.085 1.088 1.091 1.096 1.099 1.1 1.108 1.113 1.116 1.118 1.124 1.128 1.13 1.131 1.132 1.138 1.143 1.15 1.151 1.158 1.163 1.165 1.169 1.183 1.185 1.197 1.197 1.204 1.204 1.217 1.219 1.23 1.231 1.244 1.245 1.246 1.253 1.259 1.273 1.277 1.287 1.288 1.291 1.304 1.313 1.314 1.331 1.336 1.343 1.345 1.358 1.374 1.383 1.385 1.392 1.392 1.392 1.38 1.372 1.361 1.348 1.347 1.332 1.33 1.328 1.321 1.313 1.3 1.294 1.286 1.282 1.277 1.274 1.264 1.256 1.254 1.248 1.241 1.238 1.225 1.224 1.223 1.216 1.21 1.202 1.201 1.195 1.182 1.177 1.176 1.176 1.176 
1 1 1 1 1 1 1 1 1 1 1 1 1 1 1 1 1 1 1 1 1 1 1 1 1 1 1 1 1 1 1 1 1 1 1 1 1 1 1 1 1 1 1 1 1 1 1 1 1 1 1 1 1 1 1 1 1 1 1 1 1 1 1 1 1 1 1 1 1 1 1 1 1 1 1 1 1 1 1 1 1 1 1 1 1 1 1 1 1 1 1 1 1 1 1 1 1 1 1 1 1 1 1 1 1 1 1 1 1 1 1 1 1 1 1 1 1 1 1 1 1 1 1 1 1 1 1 1 1 1 1 1 1 1 1 1 1 1 1 1 1 1 1 1 1 1 1 1 1 1 1 1 1 1 1 1 1 1 1 1 1 1 1 1 1 1 1 1 1 1 1 1 1 1 1 1 1 1 1 1 1 1 1 1 1 1 1 1 1 1 1 1 1 1 1 1 1 1 1 1 1 1 1 1 1 1 1 1 1 1 1 1 1 1 1 1 1 1 1 1 1 1 1 1 1 1 1 1 1 1 1 1 1 1 1 1 1 1 1 1 1 1 1 1 1 1 1 1 1 1 1 1 1 1 1 1 1 1 1 0 0 0 0 0 0 0 0 0 0 0 0 0 0 0 0 0 0 0 0 0 0 0 0 0 0 0 0 0 0 0 0 0 0 0 0 0 0 0 0 0 0 0 0 0 0 0 0 0 0 1 1 1 1 1 1 1 1 1 1 1 1 1 1 1 1 1 1 1 1 1 1 1 1 1 1 1 1 1 1 1 1 1 1 1 1 1 1 1 1 1 1 1 1 1 1 1 1 1 1 1 1 1 1 1 1 1 1 1 1 1 1 1 1 1 1 1 1 1 1 1 1 1 1 1 1 1 1 1 1 1 1 1 1 1 1 1 1 1 1 1 1 1 1 1 1 1 1 1 1 1 1 1 1 1 1 1 1 1 1 1 1 1 1 1 1 1 1 1 1 1 1 1 1 1 1 1 1 1 1 1 1 1 1 1 1 1 1 1 1 1 1 1 1 1 1 1 1 1 1 1 1 1 1 1 1 1 1 1 1 1 1 1 1 1 1 1 1 1 1 1 1 1 1 1 1 1 1 1 1 1 1 1 1 1 1 1 1 1 1 1 1 1 1 1 1 1 1 1 1 1 1 1 1 1 1 1 1 1 1 1 1 1 1 1 1 1 1 1 1 1 1 1 1 1 1 1 1 1 1 1 1 1 1 1 1 1 1 1 1 1 1 1 1 1 1 1 1 1 1 1 1 1 1 1 1 1 1 1 1 1 1 1 1 1 1 1 1 1 1 1 1 1 1 1 1 1 1 1 1 1 1 1 1 1 1 1 1 1 1 1 1 1 1 1 1 1 1 1 1 1 1 1 1 1 1 1 1 1 1 1 1 1 1 1 1 1 1 1 1 1 1 1 1 1 1 1 1 1 1 1 1 1 1 1 1 1 1 1 1 1 1 1 1 1 1 1 1 1 1 1 1 1 1 1 1 1 1 1 1 1 1 1 1 1 1 1 1 1 1 1 1 1 
