# This file contains a 2D laser scan observation. 
# Its format is: 
# [aperture] [max_range] [number_of_scans] 
# [vector_of_scans] 
# [vector_of_valid_scans] 
# The aperture of the sensor is in radians, the maximum range 
# and measurements are in meters. '1' means a valid scan, '0' otherwise.
4.1847
5.6
682
0.604 0.604 0.605 0.606 0.606 0.606 0.606 0.606 0.614 0.614 0.614 0.615 0.615 0.612 0.615 0.613 0.612 0.613 0.613 0.613 0.618 0.618 0.618 0.619 0.623 0.626 0.626 0.626 0.622 0.613 0.597 0.595 0.593 0.593 0.592 0.591 0.589 0.589 0.589 0.589 0.595 0.599 0.599 0.599 0.603 0.6 0.6 0.605 0.605 0.6 0.588 0.584 0.569 0.562 0.554 0.553 0.546 0.536 0.53 0.527 0.521 0.515 0.513 0.505 0.498 0.49 0.487 0.482 0.477 0.472 0.467 0.467 0.467 0.465 0.456 0.448 0.443 0.442 0.437 0.436 0.435 0.434 0.425 0.419 0.417 0.414 0.414 0.41 0.409 0.408 0.402 0.398 0.396 0.395 0.391 0.389 0.386 0.382 0.38 0.375 0.375 0.372 0.371 0.372 0.372 0.366 0.364 0.358 0.354 0.353 0.353 0.353 0.348 0.348 0.341 0.34 0.34 0.341 0.34 0.341 0.343 0.344 0.344 0.344 0.339 0.339 0.339 0.345 0.347 0.349 0.35 0.352 0.355 0.361 0.361 0.368 0.368 0.374 0.377 0.378 0.379 0.39 0.39 0.391 0.391 0.396 0.398 0.418 0.419 0.419 0.425 0.431 0.434 0.439 0.439 0.446 0.453 0.455 0.469 0.476 0.478 0.484 0.486 0.489 0.498 0.509 0.512 0.515 0.533 0.544 0.546 0.555 0.558 0.57 0.593 0.626 0.632 0.632 0.629 0.63 0.63 0.629 0.629 0.63 0.625 0.624 0.622 0.619 0.619 0.619 0.619 0.619 0.619 0.618 0.618 0.618 0.616 0.612 0.601 0.601 0.587 0.578 0.584 0.585 0.584 0.584 0.585 0.594 0.594 0.594 0.594 0.593 0.588 0.588 0.588 0.588 0.597 0.598 0.6 0.606 0.606 0.611 0.616 0.622 0.634 0.696 0.756 1.695 0.007 1.782 1.772 1.772 1.732 1.732 1.728 1.724 1.724 1.723 1.723 1.723 0 0 0 0 0 0.006 0.006 0.006 0.006 0.006 0.006 0.006 0.006 0.006 0.006 0.006 0.006 0.006 0.006 0.006 0.006 0.006 0.006 0.007 0.006 0.006 0.006 0.006 0.006 0.006 0.006 0 0 0 0 0 0 0 0 0 0 0 0 0 0 0 0 2.519 2.519 2.356 2.292 2.292 2.292 2.242 2.205 2.008 2 1.949 1.949 1.949 1.954 1.963 1.963 1.963 1.884 1.884 1.879 1.879 1.888 1.889 1.907 1.911 1.914 1.929 1.94 1.943 1.946 1.961 1.968 1.972 1.984 1.988 1.991 2.004 2.008 2.014 2.03 2.033 2.035 2.055 2.058 2.064 2.071 2.084 2.098 2.108 2.113 2.121 2.134 2.141 2.149 2.164 2.169 2.186 2.191 2.206 2.213 2.227 2.241 2.252 2.259 2.279 2.285 2.306 2.317 2.327 2.339 2.36 2.377 2.382 2.402 2.413 2.413 2.432 2.445 2.445 2.409 0.923 0.923 0.919 0.915 0.905 0.861 0.851 0.851 0.843 0.836 0.833 0.829 0.827 0.823 0.816 0.812 0.805 0.804 0.803 0.801 0.788 0.786 0.786 0.786 0.788 0.786 0.786 0.779 0.777 0.774 0.772 0.771 0.764 0.761 0.757 0.757 0.753 0.753 0.746 0.746 0.746 0.743 0.737 0.735 0.732 0.731 0.729 0.726 0.715 0.715 0.715 0.715 0.713 0.714 0.711 0.706 0.706 0.702 0.7 0.7 0.693 0.693 0.693 0.693 0.693 0.695 0.693 0.688 0.685 0.685 0.683 0.681 0.675 0.67 0.675 0.673 0.669 0.669 0.669 0.664 0.661 0.661 0.664 0.667 0.667 0.668 0.668 0.667 0.666 0.666 0.656 0.655 0.652 0.651 0.65 0.65 0.65 0.65 0.65 0.65 0.643 0.642 0.642 0.638 0.638 0.639 0.639 0.639 0.641 0.641 0.641 0.641 0.641 0.641 0.639 0.632 0.632 0.632 0.638 0.638 0.638 0.638 0.637 0.635 0.627 0.613 0.613 0.613 0.615 0.616 0.626 0.639 0.641 0.641 0.639 0.639 0.633 0.631 0.631 0.631 0.623 0.623 0.625 0.625 0.625 0.627 0.627 0.627 0.627 0.627 0.627 0.627 0.631 0.631 0.63 0.631 0.634 0.631 0.634 0.635 0.636 0.782 0.918 0.919 0.923 0.926 0.931 0.931 0.932 0.933 0.933 0.934 0.935 0.936 0.939 0.943 0.944 0.944 0.943 0.946 0.946 0.947 0.956 0.959 0.959 0.96 0.965 0.966 0.967 0.968 0.97 0.975 0.976 0.977 0.977 0.979 0.979 0.988 0.99 0.992 0.992 0.992 0.998 1.004 1.006 1.008 1.017 1.018 1.022 1.025 1.026 1.035 1.036 1.038 1.038 1.045 1.049 1.053 1.058 1.066 1.068 1.07 1.076 1.079 1.079 1.09 1.093 1.097 1.101 1.105 1.109 1.114 1.115 1.117 1.126 1.133 1.138 1.14 1.146 1.148 1.153 1.165 1.165 1.178 1.189 1.19 1.204 1.204 1.206 1.206 1.221 1.227 1.236 1.237 1.254 1.257 1.264 1.276 1.278 1.292 1.298 1.305 1.317 1.319 1.331 1.34 1.357 1.357 1.357 1.357 1.344 1.333 1.33 1.327 1.315 1.313 1.296 1.291 1.289 1.281 1.271 1.27 1.265 1.258 1.253 1.248 1.246 1.234 1.223 1.22 1.218 1.216 1.204 1.202 1.197 1.192 1.189 1.184 1.181 1.174 1.168 1.168 1.163 1.155 1.152 1.15 1.143 1.143 1.141 1.134 1.13 1.129 1.123 1.121 1.114 
1 1 1 1 1 1 1 1 1 1 1 1 1 1 1 1 1 1 1 1 1 1 1 1 1 1 1 1 1 1 1 1 1 1 1 1 1 1 1 1 1 1 1 1 1 1 1 1 1 1 1 1 1 1 1 1 1 1 1 1 1 1 1 1 1 1 1 1 1 1 1 1 1 1 1 1 1 1 1 1 1 1 1 1 1 1 1 1 1 1 1 1 1 1 1 1 1 1 1 1 1 1 1 1 1 1 1 1 1 1 1 1 1 1 1 1 1 1 1 1 1 1 1 1 1 1 1 1 1 1 1 1 1 1 1 1 1 1 1 1 1 1 1 1 1 1 1 1 1 1 1 1 1 1 1 1 1 1 1 1 1 1 1 1 1 1 1 1 1 1 1 1 1 1 1 1 1 1 1 1 1 1 1 1 1 1 1 1 1 1 1 1 1 1 1 1 1 1 1 1 1 1 1 1 1 1 1 1 1 1 1 1 1 1 1 1 1 1 1 1 1 1 1 1 1 1 1 1 0 1 1 1 1 1 1 1 1 1 1 1 0 0 0 0 0 0 0 0 0 0 0 0 0 0 0 0 0 0 0 0 0 0 0 0 0 0 0 0 0 0 0 0 0 0 0 0 0 0 0 0 0 0 0 0 0 0 0 1 1 1 1 1 1 1 1 1 1 1 1 1 1 1 1 1 1 1 1 1 1 1 1 1 1 1 1 1 1 1 1 1 1 1 1 1 1 1 1 1 1 1 1 1 1 1 1 1 1 1 1 1 1 1 1 1 1 1 1 1 1 1 1 1 1 1 1 1 1 1 1 1 1 1 1 1 1 1 1 1 1 1 1 1 1 1 1 1 1 1 1 1 1 1 1 1 1 1 1 1 1 1 1 1 1 1 1 1 1 1 1 1 1 1 1 1 1 1 1 1 1 1 1 1 1 1 1 1 1 1 1 1 1 1 1 1 1 1 1 1 1 1 1 1 1 1 1 1 1 1 1 1 1 1 1 1 1 1 1 1 1 1 1 1 1 1 1 1 1 1 1 1 1 1 1 1 1 1 1 1 1 1 1 1 1 1 1 1 1 1 1 1 1 1 1 1 1 1 1 1 1 1 1 1 1 1 1 1 1 1 1 1 1 1 1 1 1 1 1 1 1 1 1 1 1 1 1 1 1 1 1 1 1 1 1 1 1 1 1 1 1 1 1 1 1 1 1 1 1 1 1 1 1 1 1 1 1 1 1 1 1 1 1 1 1 1 1 1 1 1 1 1 1 1 1 1 1 1 1 1 1 1 1 1 1 1 1 1 1 1 1 1 1 1 1 1 1 1 1 1 1 1 1 1 1 1 1 1 1 1 1 1 1 1 1 1 1 1 1 1 1 1 1 1 1 1 1 1 1 1 1 1 1 1 1 1 1 1 1 1 1 1 1 1 1 1 1 1 1 1 1 1 1 1 1 1 1 1 1 1 1 1 1 1 1 1 1 1 1 1 1 1 1 1 1 1 1 1 1 1 1 1 1 1 1 1 1 1 1 1 1 1 1 1 
