# This file contains a 2D laser scan observation. 
# Its format is: 
# [aperture] [max_range] [number_of_scans] 
# [vector_of_scans] 
# [vector_of_valid_scans] 
# The aperture of the sensor is in radians, the maximum range 
# and measurements are in meters. '1' means a valid scan, '0' otherwise.
4.1847
5.6
682
0.671 0.671 0.671 0.66 0.645 0.637 0.635 0.635 0.633 0.635 0.639 0.639 0.639 0.639 0.639 0.639 0.642 0.642 0.642 0.642 0.642 0.639 0.631 0.618 0.616 0.604 0.595 0.583 0.573 0.569 0.552 0.552 0.539 0.53 0.527 0.51 0.503 0.493 0.482 0.474 0.471 0.47 0.461 0.456 0.452 0.441 0.433 0.432 0.432 0.428 0.418 0.413 0.412 0.406 0.397 0.396 0.39 0.388 0.385 0.38 0.373 0.372 0.365 0.362 0.361 0.357 0.356 0.353 0.353 0.348 0.346 0.342 0.342 0.342 0.344 0.351 0.351 0.35 0.35 0.351 0.352 0.355 0.356 0.356 0.356 0.356 0.358 0.359 0.364 0.365 0.375 0.377 0.38 0.382 0.385 0.385 0.386 0.386 0.386 0.4 0.402 0.402 0.402 0.402 0.403 0.403 0.405 0.41 0.415 0.419 0.422 0.423 0.425 0.431 0.435 0.435 0.44 0.441 0.443 0.447 0.447 0.447 0.46 0.464 0.466 0.467 0.469 0.472 0.486 0.486 0.487 0.499 0.504 0.505 0.507 0.515 0.518 0.528 0.531 0.532 0.545 0.545 0.546 0.55 0.602 0.612 0.612 0.612 0.611 0.606 0.605 0.599 0.596 0.596 0.596 0.596 0.595 0.593 0.59 0.59 0.588 0.586 0.586 0.583 0.582 0.579 0.576 0.572 0.57 0.559 0.559 0.548 0.548 0.553 0.553 0.553 0.553 0.553 0.55 0.548 0.548 0.545 0.545 0.545 0.548 0.548 0.548 0.545 0.548 0.553 0.545 0.545 0.54 0.534 0.534 0.54 0.562 0.58 0.581 0.59 0.616 1.635 1.689 1.698 1.689 1.689 1.689 1.688 1.686 1.685 1.683 1.685 1.682 1.682 1.679 1.678 1.674 1.67 1.67 1.67 1.682 1.682 1.682 1.673 1.673 1.673 0 0.006 0.006 0.006 0.006 0.006 0 0 0 0 0.006 0.006 0.006 0.006 0.006 0.006 0.006 0.006 0 0.006 0.007 0.006 0.006 0.006 0.006 0.006 0.007 0.006 0.006 0.006 0.006 0.006 0.006 0 0 0 0 0 0 0 0 0 0 0 0.007 0 0 0 0 0.007 0 0 0 0 0 0 2.131 2.077 1.944 1.909 1.871 1.871 1.871 1.871 1.872 1.872 1.868 1.812 1.804 1.804 1.804 1.82 1.826 1.839 1.838 1.839 1.852 1.858 1.864 1.87 1.878 1.881 1.882 1.9 1.901 1.906 1.909 1.923 1.926 1.934 1.936 1.949 1.966 1.973 1.975 1.987 1.994 2.003 2.014 2.023 2.026 2.036 2.042 2.059 2.07 2.074 2.084 2.092 2.106 2.117 2.126 2.136 2.144 2.154 2.17 2.181 2.194 2.203 2.22 2.229 2.239 2.256 2.268 2.278 2.297 2.313 2.327 2.336 2.336 2.351 2.351 2.315 0.851 0.84 0.84 0.837 0.836 0.809 0.78 0.774 0.773 0.77 0.768 0.766 0.751 0.746 0.741 0.74 0.731 0.729 0.725 0.721 0.718 0.717 0.716 0.712 0.705 0.705 0.705 0.706 0.709 0.709 0.709 0.708 0.696 0.691 0.69 0.687 0.685 0.687 0.685 0.671 0.671 0.677 0.671 0.672 0.672 0.67 0.669 0.669 0.661 0.65 0.648 0.648 0.648 0.647 0.647 0.646 0.643 0.638 0.636 0.636 0.634 0.634 0.626 0.627 0.627 0.626 0.619 0.618 0.614 0.614 0.613 0.613 0.613 0.613 0.61 0.61 0.61 0.61 0.61 0.606 0.606 0.604 0.603 0.598 0.602 0.602 0.596 0.602 0.602 0.597 0.592 0.591 0.591 0.589 0.589 0.586 0.586 0.585 0.584 0.584 0.583 0.583 0.58 0.583 0.579 0.582 0.579 0.576 0.576 0.576 0.576 0.576 0.58 0.579 0.579 0.577 0.579 0.579 0.579 0.581 0.581 0.581 0.581 0.581 0.581 0.586 0.587 0.591 0.595 0.598 0.6 0.603 0.605 0.605 0.605 0.604 0.596 0.596 0.595 0.594 0.59 0.583 0.569 0.565 0.559 0.557 0.557 0.559 0.569 0.569 0.569 0.569 0.569 0.569 0.571 0.569 0.563 0.563 0.571 0.571 0.571 0.571 0.571 0.568 0.568 0.568 0.568 0.572 0.572 0.572 0.572 0.572 0.58 0.581 0.583 0.583 0.583 0.585 0.591 0.593 0.6 0.61 0.873 0.89 0.891 0.896 0.898 0.899 0.899 0.902 0.902 0.908 0.908 0.911 0.915 0.918 0.919 0.919 0.92 0.926 0.93 0.932 0.936 0.936 0.941 0.941 0.942 0.946 0.947 0.947 0.951 0.953 0.955 0.961 0.962 0.964 0.965 0.976 0.979 0.98 0.982 0.986 0.993 0.997 0.997 0.999 1.011 1.018 1.019 1.023 1.023 1.03 1.035 1.045 1.045 1.058 1.058 1.058 1.059 1.069 1.075 1.076 1.09 1.092 1.094 1.104 1.109 1.109 1.115 1.116 1.128 1.137 1.142 1.154 1.156 1.159 1.172 1.178 1.182 1.193 1.193 1.206 1.215 1.221 1.229 1.247 1.248 1.255 1.258 1.269 1.28 1.296 1.296 1.304 1.324 1.334 1.339 1.361 1.362 1.362 1.361 1.358 1.35 1.339 1.336 1.336 1.318 1.313 1.311 1.306 1.3 1.296 1.29 1.281 1.275 1.273 1.272 1.253 1.249 1.248 1.244 1.239 1.239 1.229 1.228 1.223 1.223 1.216 1.214 1.213 1.201 1.199 1.195 1.193 1.185 1.184 1.177 1.177 1.174 1.166 1.162 1.16 1.159 1.157 
1 1 1 1 1 1 1 1 1 1 1 1 1 1 1 1 1 1 1 1 1 1 1 1 1 1 1 1 1 1 1 1 1 1 1 1 1 1 1 1 1 1 1 1 1 1 1 1 1 1 1 1 1 1 1 1 1 1 1 1 1 1 1 1 1 1 1 1 1 1 1 1 1 1 1 1 1 1 1 1 1 1 1 1 1 1 1 1 1 1 1 1 1 1 1 1 1 1 1 1 1 1 1 1 1 1 1 1 1 1 1 1 1 1 1 1 1 1 1 1 1 1 1 1 1 1 1 1 1 1 1 1 1 1 1 1 1 1 1 1 1 1 1 1 1 1 1 1 1 1 1 1 1 1 1 1 1 1 1 1 1 1 1 1 1 1 1 1 1 1 1 1 1 1 1 1 1 1 1 1 1 1 1 1 1 1 1 1 1 1 1 1 1 1 1 1 1 1 1 1 1 1 1 1 1 1 1 1 1 1 1 1 1 1 1 1 1 1 1 1 1 1 1 1 1 1 0 0 0 0 0 0 0 0 0 0 0 0 0 0 0 0 0 0 0 0 0 0 0 0 0 0 0 0 0 0 0 0 0 0 0 0 0 0 0 0 0 0 0 0 0 0 0 0 0 0 0 0 0 0 0 0 1 1 1 1 1 1 1 1 1 1 1 1 1 1 1 1 1 1 1 1 1 1 1 1 1 1 1 1 1 1 1 1 1 1 1 1 1 1 1 1 1 1 1 1 1 1 1 1 1 1 1 1 1 1 1 1 1 1 1 1 1 1 1 1 1 1 1 1 1 1 1 1 1 1 1 1 1 1 1 1 1 1 1 1 1 1 1 1 1 1 1 1 1 1 1 1 1 1 1 1 1 1 1 1 1 1 1 1 1 1 1 1 1 1 1 1 1 1 1 1 1 1 1 1 1 1 1 1 1 1 1 1 1 1 1 1 1 1 1 1 1 1 1 1 1 1 1 1 1 1 1 1 1 1 1 1 1 1 1 1 1 1 1 1 1 1 1 1 1 1 1 1 1 1 1 1 1 1 1 1 1 1 1 1 1 1 1 1 1 1 1 1 1 1 1 1 1 1 1 1 1 1 1 1 1 1 1 1 1 1 1 1 1 1 1 1 1 1 1 1 1 1 1 1 1 1 1 1 1 1 1 1 1 1 1 1 1 1 1 1 1 1 1 1 1 1 1 1 1 1 1 1 1 1 1 1 1 1 1 1 1 1 1 1 1 1 1 1 1 1 1 1 1 1 1 1 1 1 1 1 1 1 1 1 1 1 1 1 1 1 1 1 1 1 1 1 1 1 1 1 1 1 1 1 1 1 1 1 1 1 1 1 1 1 1 1 1 1 1 1 1 1 1 1 1 1 1 1 1 1 1 1 1 1 1 1 1 1 1 1 1 1 1 1 1 1 1 1 1 1 1 1 1 1 1 1 1 1 1 1 1 1 1 1 1 1 1 1 1 1 1 1 1 1 1 1 1 1 1 1 1 1 1 1 1 1 1 1 1 1 1 1 1 1 1 1 1 1 1 1 
