# This file contains a 2D laser scan observation. 
# Its format is: 
# [aperture] [max_range] [number_of_scans] 
# [vector_of_scans] 
# [vector_of_valid_scans] 
# The aperture of the sensor is in radians, the maximum range 
# and measurements are in meters. '1' means a valid scan, '0' otherwise.
4.1847
5.6
682
0.669 0.668 0.668 0.67 0.671 0.671 0.671 0.664 0.646 0.634 0.629 0.608 0.603 0.584 0.572 0.562 0.552 0.543 0.528 0.522 0.503 0.501 0.486 0.469 0.468 0.466 0.441 0.437 0.436 0.428 0.416 0.413 0.408 0.394 0.389 0.388 0.385 0.376 0.376 0.368 0.366 0.366 0.366 0.366 0.367 0.367 0.367 0.367 0.367 0.37 0.373 0.373 0.371 0.371 0.376 0.377 0.377 0.38 0.377 0.38 0.38 0.38 0.381 0.382 0.382 0.384 0.384 0.39 0.393 0.393 0.399 0.4 0.401 0.4 0.403 0.405 0.409 0.409 0.412 0.417 0.418 0.417 0.417 0.417 0.419 0.423 0.425 0.432 0.438 0.438 0.436 0.442 0.442 0.45 0.452 0.452 0.456 0.456 0.456 0.458 0.464 0.465 0.471 0.472 0.477 0.477 0.48 0.482 0.487 0.493 0.495 0.501 0.502 0.504 0.509 0.51 0.51 0.518 0.526 0.53 0.532 0.536 0.539 0.541 0.55 0.594 0.597 0.597 0.597 0.597 0.59 0.586 0.586 0.585 0.584 0.583 0.583 0.575 0.572 0.572 0.569 0.569 0.569 0.569 0.568 0.568 0.568 0.553 0.552 0.544 0.529 0.529 0.525 0.525 0.525 0.571 0.524 0.524 0.524 0.516 0.516 0.512 0.51 0.51 0.516 0.516 0.516 0.516 0.516 0.51 0.509 0.507 0.506 0.506 0.506 0.503 0.506 0.508 0.511 0.532 0.543 0.543 0.551 0.551 0.556 1.634 1.643 1.658 1.658 1.658 1.658 1.657 1.653 1.652 1.652 1.651 1.651 1.651 1.651 1.651 1.652 1.647 1.648 1.649 1.648 1.643 1.648 1.643 1.642 1.63 1.63 1.628 1.628 1.63 1.628 1.624 1.621 1.624 1.624 0 0 0 0 0 0 0 0 0 0 0 0 0 0.006 0.006 0.006 0.006 0.006 0.007 0.006 0.006 0.006 0.006 0.006 0.006 0.006 0.006 0.006 0.006 5.506 5.506 5.506 0.006 0.006 0.006 0.006 0.006 0 0 0 0.007 0 0 0 0 0 0 0 0 0 0 0 0 0.007 0 0 0 2.103 2.103 2.063 1.999 1.999 1.867 1.819 1.819 1.833 1.833 1.833 1.911 0.007 1.748 1.748 1.75 1.75 1.762 1.771 1.771 1.771 1.78 1.791 1.802 1.805 1.813 1.814 1.818 1.828 1.828 1.839 1.845 1.847 1.86 1.867 1.87 1.877 1.888 1.898 1.901 1.909 1.919 1.922 1.934 1.943 1.948 1.956 1.97 1.975 1.984 1.997 2.001 2.015 2.025 2.027 2.035 2.049 2.069 2.072 2.085 2.095 2.101 2.117 2.123 2.137 2.147 2.165 2.173 2.19 2.197 2.214 2.221 2.235 2.252 2.264 2.281 2.281 2.285 2.285 2.25 0.795 0.794 0.793 0.793 0.785 0.779 0.736 0.719 0.715 0.713 0.705 0.702 0.698 0.691 0.686 0.685 0.684 0.684 0.683 0.677 0.674 0.672 0.667 0.66 0.656 0.656 0.655 0.654 0.654 0.651 0.651 0.651 0.651 0.651 0.647 0.644 0.641 0.639 0.639 0.636 0.632 0.63 0.624 0.621 0.616 0.613 0.613 0.613 0.613 0.611 0.61 0.61 0.608 0.606 0.606 0.598 0.598 0.596 0.593 0.592 0.591 0.587 0.588 0.58 0.58 0.579 0.581 0.579 0.574 0.572 0.572 0.571 0.571 0.571 0.571 0.569 0.569 0.568 0.568 0.568 0.565 0.562 0.56 0.558 0.558 0.558 0.558 0.558 0.551 0.551 0.548 0.548 0.555 0.555 0.551 0.551 0.551 0.551 0.55 0.546 0.546 0.542 0.542 0.54 0.542 0.542 0.544 0.546 0.546 0.542 0.539 0.538 0.538 0.539 0.542 0.542 0.542 0.537 0.537 0.537 0.539 0.539 0.539 0.536 0.536 0.536 0.542 0.547 0.548 0.552 0.556 0.558 0.573 0.574 0.574 0.573 0.572 0.561 0.548 0.548 0.543 0.545 0.543 0.54 0.54 0.539 0.537 0.539 0.539 0.539 0.54 0.542 0.54 0.54 0.539 0.536 0.535 0.533 0.528 0.524 0.524 0.524 0.526 0.526 0.537 0.538 0.538 0.537 0.537 0.538 0.534 0.54 0.543 0.54 0.537 0.543 0.546 0.542 0.542 0.542 0.542 0.538 0.538 0.538 0.54 0.546 0.55 0.553 0.55 0.553 0.555 0.555 0.556 0.556 0.556 0.556 0.56 0.584 0.844 0.882 0.887 0.887 0.89 0.89 0.893 0.897 0.897 0.897 0.898 0.907 0.91 0.913 0.916 0.916 0.919 0.922 0.923 0.924 0.931 0.936 0.939 0.939 0.949 0.95 0.955 0.959 0.959 0.961 0.967 0.976 0.98 0.983 0.988 0.989 0.989 0.997 1.001 1.003 1.013 1.017 1.019 1.025 1.027 1.033 1.042 1.043 1.051 1.053 1.058 1.071 1.078 1.078 1.081 1.083 1.093 1.096 1.11 1.117 1.121 1.123 1.137 1.152 1.152 1.163 1.17 1.172 1.185 1.193 1.199 1.208 1.218 1.221 1.239 1.245 1.255 1.258 1.274 1.286 1.292 1.3 1.308 1.328 1.335 1.348 1.355 1.377 1.377 1.377 1.371 1.362 1.358 1.348 1.347 1.34 1.333 1.328 1.327 1.315 1.314 1.3 1.296 1.294 1.289 1.289 1.281 1.278 1.272 1.271 1.259 1.259 1.254 1.253 1.247 1.244 1.24 1.238 1.228 1.224 1.223 1.217 1.216 1.211 1.208 1.208 1.204 1.204 
1 1 1 1 1 1 1 1 1 1 1 1 1 1 1 1 1 1 1 1 1 1 1 1 1 1 1 1 1 1 1 1 1 1 1 1 1 1 1 1 1 1 1 1 1 1 1 1 1 1 1 1 1 1 1 1 1 1 1 1 1 1 1 1 1 1 1 1 1 1 1 1 1 1 1 1 1 1 1 1 1 1 1 1 1 1 1 1 1 1 1 1 1 1 1 1 1 1 1 1 1 1 1 1 1 1 1 1 1 1 1 1 1 1 1 1 1 1 1 1 1 1 1 1 1 1 1 1 1 1 1 1 1 1 1 1 1 1 1 1 1 1 1 1 1 1 1 1 1 1 1 1 1 1 1 1 1 1 1 1 1 1 1 1 1 1 1 1 1 1 1 1 1 1 1 1 1 1 1 1 1 1 1 1 1 1 1 1 1 1 1 1 1 1 1 1 1 1 1 1 1 1 1 1 1 1 1 1 1 1 1 1 1 1 1 1 1 1 1 0 0 0 0 0 0 0 0 0 0 0 0 0 0 0 0 0 0 0 0 0 0 0 0 0 0 0 0 0 1 1 1 0 0 0 0 0 0 0 0 0 0 0 0 0 0 0 0 0 0 0 0 0 0 0 0 0 1 1 1 1 1 1 1 1 1 1 1 1 0 1 1 1 1 1 1 1 1 1 1 1 1 1 1 1 1 1 1 1 1 1 1 1 1 1 1 1 1 1 1 1 1 1 1 1 1 1 1 1 1 1 1 1 1 1 1 1 1 1 1 1 1 1 1 1 1 1 1 1 1 1 1 1 1 1 1 1 1 1 1 1 1 1 1 1 1 1 1 1 1 1 1 1 1 1 1 1 1 1 1 1 1 1 1 1 1 1 1 1 1 1 1 1 1 1 1 1 1 1 1 1 1 1 1 1 1 1 1 1 1 1 1 1 1 1 1 1 1 1 1 1 1 1 1 1 1 1 1 1 1 1 1 1 1 1 1 1 1 1 1 1 1 1 1 1 1 1 1 1 1 1 1 1 1 1 1 1 1 1 1 1 1 1 1 1 1 1 1 1 1 1 1 1 1 1 1 1 1 1 1 1 1 1 1 1 1 1 1 1 1 1 1 1 1 1 1 1 1 1 1 1 1 1 1 1 1 1 1 1 1 1 1 1 1 1 1 1 1 1 1 1 1 1 1 1 1 1 1 1 1 1 1 1 1 1 1 1 1 1 1 1 1 1 1 1 1 1 1 1 1 1 1 1 1 1 1 1 1 1 1 1 1 1 1 1 1 1 1 1 1 1 1 1 1 1 1 1 1 1 1 1 1 1 1 1 1 1 1 1 1 1 1 1 1 1 1 1 1 1 1 1 1 1 1 1 1 1 1 1 1 1 1 1 1 1 1 1 1 1 1 1 1 1 1 1 1 1 1 1 1 1 1 1 1 1 1 1 1 1 1 1 1 1 1 1 1 1 1 1 1 1 1 1 1 1 1 1 1 1 1 1 1 1 1 1 1 1 1 1 1 1 1 1 1 1 1 1 1 1 1 1 1 1 
