# This file contains a 2D laser scan observation. 
# Its format is: 
# [aperture] [max_range] [number_of_scans] 
# [vector_of_scans] 
# [vector_of_valid_scans] 
# The aperture of the sensor is in radians, the maximum range 
# and measurements are in meters. '1' means a valid scan, '0' otherwise.
4.1847
5.6
682
0.449 0.446 0.449 0.446 0.442 0.442 0.442 0.442 0.442 0.442 0.447 0.456 0.457 0.464 0.468 0.475 0.489 0.499 0.502 0.505 0.546 0.604 0.626 0.661 0.688 0.73 0.749 0.796 0.835 0.883 0.934 0.987 1.055 1.118 1.212 1.296 1.409 1.542 1.715 2.015 2.387 3.47 3.473 3.473 3.471 3.47 3.47 3.47 3.468 3.468 3.47 3.471 3.468 3.466 3.466 3.466 3.466 3.464 3.466 3.469 3.469 3.47 3.473 3.475 3.473 3.474 3.475 3.477 3.484 3.485 3.488 3.49 3.491 3.499 3.499 3.5 3.5 3.506 3.509 3.51 3.511 3.521 3.53 3.531 3.533 3.537 3.543 3.545 3.55 3.556 3.557 3.557 3.561 3.569 3.578 3.578 3.584 0 0 0 0 0 0 0 0 2.684 2.684 2.665 2.684 0.007 0 0.007 0 0 0 0 0 0 2.233 2.233 2.233 0 0 0 0 0 0.007 2.044 2.003 1.99 1.948 1.929 1.875 1.864 1.819 1.812 1.794 1.779 1.779 1.771 1.724 1.721 1.714 1.69 1.676 1.668 1.646 1.636 1.617 1.605 1.597 1.576 1.561 1.557 1.539 1.521 1.511 1.495 1.493 1.481 1.458 1.456 1.442 1.434 1.422 1.413 1.407 1.39 1.381 1.375 1.372 1.348 1.348 1.345 1.336 1.322 1.314 1.313 1.299 1.293 1.288 1.277 1.276 1.258 1.256 1.253 1.237 1.235 1.235 1.221 1.221 1.217 1.21 1.196 1.191 1.166 1.165 1.158 1.157 1.15 1.15 1.137 1.134 1.134 1.134 1.131 1.131 1.137 1.159 1.159 1.159 1.141 1.128 1.125 1.122 1.118 1.114 1.111 1.111 1.111 1.107 1.107 1.103 1.1 1.097 1.084 1.084 1.083 1.079 1.078 1.072 1.07 1.065 1.063 1.06 1.052 1.051 1.046 1.041 1.032 1.031 1.026 1.021 1.021 1.019 1.016 1.016 1.008 1.008 1.008 1.008 1.008 1.011 2.668 0.007 0 0 0 0 0 0 0 0 0 0 0 0 0 0 0 0 0 0 0 0 0 0 0 0 0 0 0 0 0 0 0 0 0 0 0 0 0 0 0 0 0 0.006 0.006 0.006 0.006 0.006 0.006 0.006 0.006 0.006 0.006 0 4.996 4.894 4.885 4.838 4.83 4.815 4.792 4.782 4.782 4.782 4.746 4.734 4.734 4.734 4.747 4.747 4.747 4.733 4.733 4.733 4.769 4.824 4.827 4.827 4.83 4.83 4.827 4.953 4.979 0.006 0.006 0.006 0 0 0 3.609 3.522 1.656 1.654 1.654 1.619 1.554 1.477 1.429 1.35 1.338 1.338 1.294 1.263 1.186 1.146 1.112 1.084 1.075 1.075 1.075 1.076 1.08 1.085 1.08 1.076 1.07 1.032 1.02 1.017 1.017 1.011 1.011 1.016 1.016 1.016 1.016 1.022 1.022 1.03 1.03 1.033 1.035 1.059 1.067 1.068 1.072 1.082 1.083 1.086 1.087 1.088 1.096 1.105 1.106 1.106 1.109 1.113 1.115 1.127 1.132 1.137 1.139 1.142 1.145 1.154 1.162 1.163 1.171 1.175 1.182 1.183 1.192 1.195 1.201 1.203 1.208 1.217 1.221 1.226 1.236 1.246 1.252 1.256 1.256 1.264 1.271 1.277 1.294 1.294 1.296 1.312 1.314 1.316 1.335 1.343 1.351 1.36 1.362 1.375 1.376 1.391 1.415 1.417 1.43 1.435 1.447 1.46 1.473 1.475 1.487 1.51 1.517 1.535 1.544 1.56 1.573 1.581 1.596 1.622 1.631 1.651 1.654 1.654 1.67 1.67 1.632 1.607 1.536 1.536 1.533 1.52 1.52 1.52 1.518 1.518 1.518 1.518 1.526 1.526 1.54 1.535 1.535 1.598 1.64 1.64 1.64 1.639 1.632 1.629 1.62 1.62 1.617 1.607 1.598 1.598 1.592 1.589 1.579 1.577 1.576 1.575 1.566 1.563 1.555 1.552 1.551 1.548 1.543 1.535 1.533 1.532 1.526 1.524 1.522 1.518 1.51 1.51 1.51 1.51 1.503 1.499 1.498 1.495 1.494 1.49 1.487 1.486 1.484 1.482 1.478 1.477 1.472 1.472 1.465 1.465 1.465 1.465 1.46 1.458 1.458 1.46 1.457 1.459 1.459 1.459 1.457 1.457 1.456 1.451 1.451 1.451 1.445 1.445 1.449 1.445 1.449 1.449 1.444 1.44 1.44 1.44 1.438 1.44 1.438 1.442 1.442 1.442 1.444 1.448 1.448 1.448 1.448 1.416 1.402 1.394 1.394 1.399 1.399 1.402 1.404 1.413 1.435 1.435 1.437 1.435 1.412 0.604 0.604 0.594 0.584 0.578 0.545 0.53 0.525 0.504 0.496 0.479 0.474 0.461 0.453 0.402 0.38 0.379 0.379 0.375 0.373 0.361 0.359 0.352 0.351 0.351 0.349 0.343 0.338 0.336 0.334 0.324 0.322 0.319 0.319 0.317 0.317 0.317 0.317 0.321 0.322 0.322 0.322 0.323 0.323 0.329 0.329 0.329 0.329 0.342 0.342 0.342 0.342 0.341 0.341 0.343 0.354 0.357 0.36 0.365 0.366 0.441 0.633 0.633 0.633 0.635 0.635 0.635 0.354 0.34 0.334 0.332 0.33 0.329 0.327 0.327 0.329 0.332 0.337 0.337 0.333 0.332 0.333 0.333 0.331 0.335 0.337 0.345 0.345 0.345 0.346 0.346 0.347 0.346 
1 1 1 1 1 1 1 1 1 1 1 1 1 1 1 1 1 1 1 1 1 1 1 1 1 1 1 1 1 1 1 1 1 1 1 1 1 1 1 1 1 1 1 1 1 1 1 1 1 1 1 1 1 1 1 1 1 1 1 1 1 1 1 1 1 1 1 1 1 1 1 1 1 1 1 1 1 1 1 1 1 1 1 1 1 1 1 1 1 1 1 1 1 1 1 1 1 0 0 0 0 0 0 0 0 1 1 1 1 0 0 0 0 0 0 0 0 0 1 1 1 0 0 0 0 0 0 1 1 1 1 1 1 1 1 1 1 1 1 1 1 1 1 1 1 1 1 1 1 1 1 1 1 1 1 1 1 1 1 1 1 1 1 1 1 1 1 1 1 1 1 1 1 1 1 1 1 1 1 1 1 1 1 1 1 1 1 1 1 1 1 1 1 1 1 1 1 1 1 1 1 1 1 1 1 1 1 1 1 1 1 1 1 1 1 1 1 1 1 1 1 1 1 1 1 1 1 1 1 1 1 1 1 1 1 1 1 1 1 1 1 1 1 1 1 1 1 1 1 1 1 1 1 1 0 0 0 0 0 0 0 0 0 0 0 0 0 0 0 0 0 0 0 0 0 0 0 0 0 0 0 0 0 0 0 0 0 0 0 0 0 0 0 0 0 0 0 0 0 0 0 0 0 0 0 0 0 1 1 1 1 1 1 1 1 1 1 1 1 1 1 1 1 1 1 1 1 1 1 1 1 1 1 1 1 1 0 0 0 0 0 0 1 1 1 1 1 1 1 1 1 1 1 1 1 1 1 1 1 1 1 1 1 1 1 1 1 1 1 1 1 1 1 1 1 1 1 1 1 1 1 1 1 1 1 1 1 1 1 1 1 1 1 1 1 1 1 1 1 1 1 1 1 1 1 1 1 1 1 1 1 1 1 1 1 1 1 1 1 1 1 1 1 1 1 1 1 1 1 1 1 1 1 1 1 1 1 1 1 1 1 1 1 1 1 1 1 1 1 1 1 1 1 1 1 1 1 1 1 1 1 1 1 1 1 1 1 1 1 1 1 1 1 1 1 1 1 1 1 1 1 1 1 1 1 1 1 1 1 1 1 1 1 1 1 1 1 1 1 1 1 1 1 1 1 1 1 1 1 1 1 1 1 1 1 1 1 1 1 1 1 1 1 1 1 1 1 1 1 1 1 1 1 1 1 1 1 1 1 1 1 1 1 1 1 1 1 1 1 1 1 1 1 1 1 1 1 1 1 1 1 1 1 1 1 1 1 1 1 1 1 1 1 1 1 1 1 1 1 1 1 1 1 1 1 1 1 1 1 1 1 1 1 1 1 1 1 1 1 1 1 1 1 1 1 1 1 1 1 1 1 1 1 1 1 1 1 1 1 1 1 1 1 1 1 1 1 1 1 1 1 1 1 1 1 1 1 1 1 1 1 1 1 1 1 1 1 1 1 1 1 1 1 1 1 1 1 1 1 1 1 1 1 1 1 1 1 1 1 1 1 1 1 1 1 1 1 1 1 1 1 1 
