# This file contains a 2D laser scan observation. 
# Its format is: 
# [aperture] [max_range] [number_of_scans] 
# [vector_of_scans] 
# [vector_of_valid_scans] 
# The aperture of the sensor is in radians, the maximum range 
# and measurements are in meters. '1' means a valid scan, '0' otherwise.
4.1847
5.6
682
0.786 0.786 0.785 0.785 0.784 0.781 0.778 0.778 0.778 0.774 0.771 0.769 0.764 0.764 0.764 0.765 0.765 0.765 0.764 0.762 0.762 0.76 0.762 0.762 0.762 0.754 0.753 0.753 0.751 0.751 0.751 0.751 0.75 0.748 0.744 0.744 0.744 0.747 0.747 0.749 0.747 0.746 0.744 0.744 0.744 0.743 0.743 0.745 0.745 0.742 0.742 0.742 0.741 0.741 0.74 0.741 0.741 0.741 0.741 0.741 0.74 0.74 0.739 0.739 0.74 0.74 0.738 0.74 0.74 0.74 0.74 0.74 0.74 0.74 0.743 0.744 0.743 0.743 0.744 0.747 0.747 0.747 0.749 0.749 0.749 0.748 0.749 0.749 0.749 0.751 0.753 0.751 0.751 0.753 0.756 0.756 0.757 0.761 0.761 0.762 0.763 0.762 0.763 0.764 0.764 0.764 0.769 0.773 0.773 0.773 0.775 0.778 0.779 0.779 0.779 0.783 0.783 0.783 0.784 0.785 0.785 0.79 0.793 0.793 0.793 0.799 0.798 0.801 0.801 0.801 0.801 0.804 0.808 0.808 0.81 0.811 0.816 0.818 0.822 0.827 0.827 0.833 0.834 0.834 0.836 0.838 0.84 0.846 0.849 0.851 0.853 0.855 0.856 0.866 0.868 0.868 0.868 0.874 0.878 0.881 0.882 0.886 0.888 0.894 0.896 0.904 0.907 0.908 0.91 0.914 0.923 0.926 0.929 0.93 0.939 0.939 0.945 0.954 0.955 0.964 0.968 0.975 0.975 0.981 0.991 0.993 1.001 1.004 1.007 1.011 1.02 1.039 1.039 1.045 1.052 1.055 1.073 1.075 1.08 1.086 1.089 1.095 1.097 1.114 1.127 1.138 1.142 1.146 1.154 1.176 1.184 1.188 1.194 1.208 1.217 1.227 1.241 1.247 1.259 1.272 1.274 1.292 1.308 1.31 1.329 1.355 1.359 1.36 1.383 1.398 1.409 1.429 1.451 1.456 1.483 1.496 1.513 1.539 1.553 1.569 1.588 1.611 1.625 1.663 1.677 1.699 1.725 1.755 1.767 1.799 1.821 1.84 2.845 2.845 2.845 2.836 2.83 2.823 2.812 2.799 2.79 2.789 2.789 2.774 2.773 2.769 2.762 2.751 2.744 2.742 2.739 2.733 2.733 2.719 2.716 2.713 2.71 2.709 2.702 2.695 2.685 2.684 2.681 2.675 2.669 2.668 2.665 2.659 2.655 2.649 2.645 2.644 2.644 2.638 2.638 2.635 2.634 2.631 2.627 2.627 2.623 2.622 2.619 2.619 2.608 2.608 2.608 2.603 2.603 2.603 2.603 2.602 2.6 2.598 2.598 2.598 2.598 2.598 2.598 2.598 2.595 2.594 2.595 2.595 2.595 2.596 2.596 2.596 2.596 2.596 2.596 2.599 2.602 2.604 2.604 2.605 2.607 2.605 2.605 2.606 2.608 2.609 2.61 2.612 2.612 2.614 2.612 2.612 2.612 1.654 1.566 1.545 1.545 1.543 1.486 1.486 1.42 1.398 1.357 1.302 1.268 1.248 1.219 1.19 1.165 1.149 1.13 1.103 1.088 1.062 1.048 1.027 1.022 0.997 0.988 0.968 0.952 0.944 0.929 0.876 0.865 0.857 0.85 0.843 0.821 0.819 0.797 0.796 0.779 0.771 0.76 0.76 0.745 0.734 0.698 0.695 0.672 0.668 0.668 0.668 0.668 0.668 0.663 0.657 0.646 0.643 0.639 0.635 0.629 0.614 0.614 0.612 0.602 0.601 0.6 0.584 0.582 0.58 0.577 0.574 0.566 0.56 0.555 0.553 0.551 0.549 0.54 0.54 0.538 0.533 0.531 0.515 0.515 0.514 0.514 0.508 0.507 0.505 0.5 0.5 0.5 0.494 0.487 0.486 0.485 0.478 0.476 0.473 0.473 0.469 0.467 0.463 0.463 0.462 0.462 0.461 0.453 0.453 0.452 0.449 0.446 0.446 0.443 0.443 0.442 0.442 0.441 0.437 0.43 0.426 0.424 0.424 0.424 0.424 0.422 0.42 0.417 0.415 0.413 0.411 0.41 0.408 0.401 0.401 0.401 0.401 0.4 0.403 0.397 0.397 0.397 0.396 0.39 0.392 0.389 0.389 0.388 0.388 0.386 0.386 0.385 0.386 0.386 0.385 0.383 0.376 0.375 0.375 0.375 0.374 0.374 0.374 0.374 0.374 0.371 0.369 0.368 0.369 0.368 0.367 0.367 0.367 0.365 0.36 0.36 0.359 0.359 0.36 0.36 0.36 0.36 0.36 0.356 0.356 0.356 0.356 0.362 0.362 0.357 0.357 0.357 0.355 0.355 0.353 0.352 0.352 0.352 0.344 0.351 0.344 0.344 0.351 0.351 0.354 0.354 0.356 0.356 0.344 0.344 0.344 0.344 0.347 0.352 0.352 0.352 0.351 0.352 0.351 0.351 0.349 0.349 0.349 0.351 0.352 0.353 0.356 0.356 0.353 0.353 0.353 0.353 0.351 0.354 0.354 0.354 0.354 0.354 0.354 0.351 0.351 0.349 0.354 0.354 0.354 0.355 0.355 0.355 0.356 0.356 0.356 0.356 0.356 0.358 0.358 0.361 0.358 0.361 0.356 0.359 0.359 0.359 0.359 0.359 0.359 0.359 0.359 0.358 0.358 0.362 0.362 0.365 0.366 0.366 0.366 0.365 0.365 0.365 0.365 0.367 0.37 0.371 0.371 0.374 0.374 0.374 0.374 0.373 0.373 0.373 0.385 0.385 0.385 0.379 0.365 0.351 0.351 0.351 0.351 0.354 0.354 0.347 0.346 0.347 0.346 0.346 0.346 0.346 0.346 0.352 0.357 0.358 0.368 0.37 0.371 0.374 0.371 0.371 0.374 0.375 0.377 0.379 0.38 0.385 0.386 0.388 0.39 0.396 0.399 0.427 0.446 0.447 0.449 
1 1 1 1 1 1 1 1 1 1 1 1 1 1 1 1 1 1 1 1 1 1 1 1 1 1 1 1 1 1 1 1 1 1 1 1 1 1 1 1 1 1 1 1 1 1 1 1 1 1 1 1 1 1 1 1 1 1 1 1 1 1 1 1 1 1 1 1 1 1 1 1 1 1 1 1 1 1 1 1 1 1 1 1 1 1 1 1 1 1 1 1 1 1 1 1 1 1 1 1 1 1 1 1 1 1 1 1 1 1 1 1 1 1 1 1 1 1 1 1 1 1 1 1 1 1 1 1 1 1 1 1 1 1 1 1 1 1 1 1 1 1 1 1 1 1 1 1 1 1 1 1 1 1 1 1 1 1 1 1 1 1 1 1 1 1 1 1 1 1 1 1 1 1 1 1 1 1 1 1 1 1 1 1 1 1 1 1 1 1 1 1 1 1 1 1 1 1 1 1 1 1 1 1 1 1 1 1 1 1 1 1 1 1 1 1 1 1 1 1 1 1 1 1 1 1 1 1 1 1 1 1 1 1 1 1 1 1 1 1 1 1 1 1 1 1 1 1 1 1 1 1 1 1 1 1 1 1 1 1 1 1 1 1 1 1 1 1 1 1 1 1 1 1 1 1 1 1 1 1 1 1 1 1 1 1 1 1 1 1 1 1 1 1 1 1 1 1 1 1 1 1 1 1 1 1 1 1 1 1 1 1 1 1 1 1 1 1 1 1 1 1 1 1 1 1 1 1 1 1 1 1 1 1 1 1 1 1 1 1 1 1 1 1 1 1 1 1 1 1 1 1 1 1 1 1 1 1 1 1 1 1 1 1 1 1 1 1 1 1 1 1 1 1 1 1 1 1 1 1 1 1 1 1 1 1 1 1 1 1 1 1 1 1 1 1 1 1 1 1 1 1 1 1 1 1 1 1 1 1 1 1 1 1 1 1 1 1 1 1 1 1 1 1 1 1 1 1 1 1 1 1 1 1 1 1 1 1 1 1 1 1 1 1 1 1 1 1 1 1 1 1 1 1 1 1 1 1 1 1 1 1 1 1 1 1 1 1 1 1 1 1 1 1 1 1 1 1 1 1 1 1 1 1 1 1 1 1 1 1 1 1 1 1 1 1 1 1 1 1 1 1 1 1 1 1 1 1 1 1 1 1 1 1 1 1 1 1 1 1 1 1 1 1 1 1 1 1 1 1 1 1 1 1 1 1 1 1 1 1 1 1 1 1 1 1 1 1 1 1 1 1 1 1 1 1 1 1 1 1 1 1 1 1 1 1 1 1 1 1 1 1 1 1 1 1 1 1 1 1 1 1 1 1 1 1 1 1 1 1 1 1 1 1 1 1 1 1 1 1 1 1 1 1 1 1 1 1 1 1 1 1 1 1 1 1 1 1 1 1 1 1 1 1 1 1 1 1 1 1 1 1 1 1 1 1 1 1 1 1 1 1 1 1 1 1 1 1 1 1 1 1 1 1 1 1 1 1 1 1 1 1 1 1 1 1 1 1 1 1 1 1 1 1 1 1 1 1 1 1 1 1 
