# This file contains a 2D laser scan observation. 
# Its format is: 
# [aperture] [max_range] [number_of_scans] 
# [vector_of_scans] 
# [vector_of_valid_scans] 
# The aperture of the sensor is in radians, the maximum range 
# and measurements are in meters. '1' means a valid scan, '0' otherwise.
4.1847
5.6
682
0.594 0.599 0.599 0.599 0.599 0.601 0.602 0.602 0.605 0.606 0.606 0.608 0.61 0.611 0.611 0.622 0.622 0.622 0.622 0.625 0.626 0.627 0.627 0.629 0.635 0.635 0.638 0.64 0.642 0.645 0.648 0.65 0.654 0.655 0.664 0.669 0.669 0.669 0.656 0.632 0.624 0.623 0.623 0.622 0.618 0.613 0.612 0.612 0.601 0.601 0.599 0.597 0.588 0.584 0.581 0.575 0.575 0.575 0.582 0.582 0.582 0.582 0.582 0.585 0.59 0.615 0.616 0.621 0.636 0.715 0.715 0.715 0.702 0.627 0.611 0.61 0.61 0.606 0.608 0.608 0.609 0.609 0.613 0.624 0.626 0.626 0.627 0.636 0.637 0.637 0.637 0.643 0.643 0.65 0.652 0.657 0.657 0.66 0.663 0.663 0.669 0.674 0.674 0.675 0.679 0.694 0.696 0.709 0.713 0.714 0.721 0.726 0.728 0.74 0.74 0.745 0.749 0.753 0.756 0.767 0.771 0.777 0.787 0.79 0.793 0.796 0.809 0.812 0.812 0.818 0.831 0.842 0.848 0.862 0.864 0.867 0.878 0.878 0.891 0.902 0.905 0.916 0.921 0.931 0.942 0.952 0.957 0.969 0.971 0.982 0.994 1.006 1.015 1.026 1.041 1.041 1.043 1.044 1.054 1.075 1.079 1.088 1.118 1.121 1.141 1.243 1.467 1.471 1.474 1.471 1.471 1.469 1.468 1.468 1.468 1.468 1.467 1.464 1.464 1.464 1.469 1.469 1.469 1.469 1.476 1.476 1.476 1.48 1.48 1.49 1.49 1.49 1.49 1.499 3.749 3.735 3.735 3.735 3.732 3.73 3.73 3.73 3.733 3.733 3.734 3.738 3.741 3.741 3.743 3.755 3.756 3.757 3.761 3.763 3.769 3.771 3.78 3.783 3.783 3.78 3.773 3.761 3.761 3.716 3.641 3.421 3.338 3.338 3.241 3.153 2.968 2.858 2.858 2.858 2.858 2.865 2.868 2.873 2.884 2.884 2.886 2.892 2.893 2.893 2.901 2.911 2.932 2.935 2.937 2.945 2.945 2.949 2.949 2.949 2.962 2.962 2.977 2.981 2.996 3.013 3.026 3.028 3.036 3.038 3.039 3.06 3.062 3.069 3.07 3.075 3.108 3.13 3.131 3.134 3.153 3.156 3.16 3.189 3.205 3.215 3.217 3.217 3.217 0.559 0.553 0.544 0.544 0.542 0.542 0.532 0.528 0.528 0.528 0.525 0.528 0.528 0.525 0.525 0.521 0.521 0.521 0.526 0.527 0.53 0.529 0.53 0.537 0.539 0.539 0.539 0.54 0.54 0.54 0.548 0.555 0.556 0.56 0.56 0.567 0.596 0.597 0.597 0.596 0.589 0.585 0.581 0.581 0.571 0.571 0.567 0.565 0.565 0.563 0.557 0.552 0.547 0.546 0.546 0.543 0.542 0.542 0.542 0.537 0.532 0.527 0.522 0.522 0.522 0.522 0.519 0.515 0.518 0.514 0.509 0.506 0.509 0.505 0.505 0.505 0.503 0.502 0.499 0.497 0.494 0.491 0.49 0.492 0.49 0.489 0.489 0.488 0.487 0.485 0.484 0.484 0.484 0.48 0.48 0.478 0.471 0.47 0.47 0.47 0.47 0.466 0.462 0.462 0.462 0.462 0.462 0.462 0.456 0.456 0.456 0.456 0.456 0.456 0.454 0.454 0.454 0.454 0.449 0.449 0.446 0.446 0.446 0.446 0.449 0.449 0.449 0.45 0.446 0.446 0.445 0.445 0.445 0.436 0.432 0.436 0.435 0.435 0.436 0.436 0.436 0.436 0.436 0.436 0.436 0.436 0.433 0.431 0.431 0.437 0.43 0.437 0.437 0.43 0.43 0.436 0.436 0.436 0.436 0.432 0.432 0.432 0.432 0.432 0.433 0.433 0.438 0.434 0.434 0.434 0.434 0.433 0.431 0.433 0.431 0.43 0.428 0.428 0.426 0.428 0.43 0.431 0.433 0.433 0.434 0.433 0.432 0.432 0.438 0.437 0.437 0.437 0.437 0.437 0.436 0.433 0.438 0.435 0.435 0.435 0.438 0.435 0.433 0.433 0.433 0.433 0.432 0.435 0.435 0.435 0.436 0.436 0.436 0.437 0.439 0.44 0.441 0.441 0.441 0.441 0.446 0.45 0.45 0.454 0.45 0.452 0.448 0.452 0.452 0.455 0.455 0.455 0.453 0.451 0.451 0.453 0.454 0.456 0.46 0.46 0.461 0.463 0.464 0.464 0.467 0.467 0.47 0.472 0.472 0.477 0.472 0.479 0.479 0.481 0.48 0.48 0.48 0.491 0.488 0.488 0.493 0.492 0.492 0.493 0.495 0.495 0.497 0.506 0.507 0.507 0.51 0.514 0.515 0.515 0.515 0.515 0.515 0.519 0.522 0.526 0.528 0.529 0.53 0.531 0.537 0.537 0.537 0.537 0.546 0.551 0.553 0.556 0.557 0.561 0.562 0.567 0.567 0.567 0.572 0.581 0.585 0.588 0.596 0.596 0.597 0.602 0.609 0.609 0.615 0.615 0.62 0.624 0.625 0.635 0.639 0.644 0.644 0.654 0.654 0.656 0.66 0.671 0.677 0.677 0.683 0.686 0.692 0.704 0.707 0.72 0.721 0.723 0.723 0.741 0.747 0.755 0.756 0.764 0.776 0.782 0.792 0.794 0.81 0.811 0.817 0.829 0.833 0.84 0.856 0.858 0.871 0.888 0.897 0.899 0.919 0.926 0.926 0.945 0.959 0.975 0.987 0.993 1.016 1.023 1.051 1.065 1.088 1.104 1.111 1.122 1.137 1.137 1.946 1.95 1.95 1.946 1.925 1.923 1.921 1.921 1.915 1.912 1.911 1.91 1.91 1.91 1.937 1.94 1.94 1.94 1.928 1.928 1.928 1.938 1.956 1.999 2.112 2.165 2.165 
1 1 1 1 1 1 1 1 1 1 1 1 1 1 1 1 1 1 1 1 1 1 1 1 1 1 1 1 1 1 1 1 1 1 1 1 1 1 1 1 1 1 1 1 1 1 1 1 1 1 1 1 1 1 1 1 1 1 1 1 1 1 1 1 1 1 1 1 1 1 1 1 1 1 1 1 1 1 1 1 1 1 1 1 1 1 1 1 1 1 1 1 1 1 1 1 1 1 1 1 1 1 1 1 1 1 1 1 1 1 1 1 1 1 1 1 1 1 1 1 1 1 1 1 1 1 1 1 1 1 1 1 1 1 1 1 1 1 1 1 1 1 1 1 1 1 1 1 1 1 1 1 1 1 1 1 1 1 1 1 1 1 1 1 1 1 1 1 1 1 1 1 1 1 1 1 1 1 1 1 1 1 1 1 1 1 1 1 1 1 1 1 1 1 1 1 1 1 1 1 1 1 1 1 1 1 1 1 1 1 1 1 1 1 1 1 1 1 1 1 1 1 1 1 1 1 1 1 1 1 1 1 1 1 1 1 1 1 1 1 1 1 1 1 1 1 1 1 1 1 1 1 1 1 1 1 1 1 1 1 1 1 1 1 1 1 1 1 1 1 1 1 1 1 1 1 1 1 1 1 1 1 1 1 1 1 1 1 1 1 1 1 1 1 1 1 1 1 1 1 1 1 1 1 1 1 1 1 1 1 1 1 1 1 1 1 1 1 1 1 1 1 1 1 1 1 1 1 1 1 1 1 1 1 1 1 1 1 1 1 1 1 1 1 1 1 1 1 1 1 1 1 1 1 1 1 1 1 1 1 1 1 1 1 1 1 1 1 1 1 1 1 1 1 1 1 1 1 1 1 1 1 1 1 1 1 1 1 1 1 1 1 1 1 1 1 1 1 1 1 1 1 1 1 1 1 1 1 1 1 1 1 1 1 1 1 1 1 1 1 1 1 1 1 1 1 1 1 1 1 1 1 1 1 1 1 1 1 1 1 1 1 1 1 1 1 1 1 1 1 1 1 1 1 1 1 1 1 1 1 1 1 1 1 1 1 1 1 1 1 1 1 1 1 1 1 1 1 1 1 1 1 1 1 1 1 1 1 1 1 1 1 1 1 1 1 1 1 1 1 1 1 1 1 1 1 1 1 1 1 1 1 1 1 1 1 1 1 1 1 1 1 1 1 1 1 1 1 1 1 1 1 1 1 1 1 1 1 1 1 1 1 1 1 1 1 1 1 1 1 1 1 1 1 1 1 1 1 1 1 1 1 1 1 1 1 1 1 1 1 1 1 1 1 1 1 1 1 1 1 1 1 1 1 1 1 1 1 1 1 1 1 1 1 1 1 1 1 1 1 1 1 1 1 1 1 1 1 1 1 1 1 1 1 1 1 1 1 1 1 1 1 1 1 1 1 1 1 1 1 1 1 1 1 1 1 1 1 1 1 1 1 1 1 1 1 1 1 1 1 1 1 1 1 1 1 1 1 1 1 1 1 1 1 1 1 1 1 1 1 1 1 1 1 1 1 1 1 1 1 1 1 
