# This file contains a 2D laser scan observation. 
# Its format is: 
# [aperture] [max_range] [number_of_scans] 
# [vector_of_scans] 
# [vector_of_valid_scans] 
# The aperture of the sensor is in radians, the maximum range 
# and measurements are in meters. '1' means a valid scan, '0' otherwise.
4.1847
5.6
682
0.691 0.693 0.694 0.694 0.695 0.696 0.695 0.693 0.693 0.693 0.689 0.693 0.693 0.693 0.694 0.694 0.694 0.693 0.693 0.693 0.693 0.693 0.693 0.694 0.693 0.693 0.693 0.696 0.696 0.696 0.696 0.696 0.696 0.697 0.697 0.697 0.698 0.697 0.697 0.698 0.698 0.7 0.701 0.701 0.704 0.701 0.701 0.702 0.7 0.7 0.701 0.702 0.701 0.701 0.692 0.666 0.65 0.644 0.629 0.61 0.6 0.598 0.583 0.568 0.566 0.55 0.534 0.524 0.518 0.511 0.511 0.498 0.48 0.469 0.463 0.46 0.454 0.451 0.442 0.439 0.434 0.422 0.422 0.412 0.406 0.402 0.401 0.392 0.389 0.388 0.379 0.376 0.374 0.374 0.373 0.367 0.36 0.356 0.349 0.346 0.342 0.341 0.341 0.334 0.33 0.327 0.32 0.32 0.314 0.317 0.317 0.315 0.301 0.301 0.3 0.291 0.288 0.284 0.281 0.28 0.281 0.279 0.277 0.275 0.274 0.268 0.267 0.268 0.265 0.259 0.259 0.259 0.255 0.25 0.249 0.243 0.24 0.239 0.239 0.238 0.238 0.238 0.234 0.231 0.231 0.23 0.23 0.23 0.232 0.251 0.253 0.253 0.253 0.238 0.233 0.225 0.22 0.22 0.216 0.22 0.216 0.216 0.216 0.219 0.219 0.222 0.224 0.225 0.233 0.233 0.235 0.237 0.237 0.239 0.242 0.243 0.244 0.25 0.252 0.254 0.26 0.261 0.264 0.268 0.279 0.28 0.28 0.28 0.284 0.288 0.289 0.291 0.305 0.311 0.313 0.314 0.32 0.322 0.327 0.328 0.33 0.343 0.347 0.349 0.352 0.358 0.369 0.378 0.385 0.387 0.39 0.399 0.401 0.414 0.429 0.44 0.447 0.447 0.457 0.471 0.472 0.49 0.496 0.506 0.507 0.519 0.533 0.544 0.554 0.578 0.59 0.59 0.622 0.644 0.683 0.69 0.715 0.756 0.779 0.806 0.838 0.87 0.899 0.916 0.948 0.996 1.06 1.146 1.235 0 0 0 0 0 2.47 2.466 2.465 2.463 2.459 2.459 2.459 2.461 2.464 2.464 2.464 2.464 2.464 2.464 2.463 2.463 2.467 2.469 2.469 2.473 2.477 2.476 2.477 2.477 2.477 2.478 2.483 2.485 2.488 2.494 2.494 2.495 2.495 2.501 2.501 2.502 2.504 2.506 2.506 2.516 2.518 2.521 2.521 2.521 2.49 2.482 2.437 2.381 2.329 2.275 2.209 2.151 2.1 2.065 2.012 1.97 1.931 1.891 1.846 1.818 1.78 1.748 1.712 1.676 1.622 1.613 1.613 1.599 1.611 1.611 1.615 1.615 1.617 1.617 1.618 1.618 1.622 1.631 1.644 1.657 1.657 1.657 1.657 1.657 1.672 1.673 1.673 1.675 1.675 1.699 1.704 1.713 1.717 1.717 1.722 1.723 1.741 1.745 1.748 1.759 1.767 1.767 1.767 1.772 1.772 1.772 1.805 1.808 1.81 1.825 1.844 1.861 1.867 1.868 1.872 1.872 1.885 1.909 1.909 1.921 1.925 1.928 1.946 1.95 1.951 1.958 1.997 1.999 2.019 2.024 2.032 2.041 2.046 2.051 2.079 2.099 2.108 2.128 2.129 2.145 2.145 2.147 2.167 2.173 2.187 2.229 2.235 2.265 2.265 2.265 2.283 2.283 2.33 2.331 2.331 2.365 2.394 2.4 2.45 2.451 2.487 2.481 2.487 2.489 2.489 2.497 2.526 2.539 2.549 2.549 2.549 2.513 2.512 2.5 2.49 2.478 2.474 2.462 2.453 2.451 2.428 2.426 2.42 2.414 2.413 2.393 2.391 2.386 2.375 2.369 2.365 2.358 2.349 2.336 2.325 2.324 2.194 2.194 2.194 0 0 0 0 0 0 0 0 0 0 0 2.321 2.315 2.294 2.166 2.16 2.158 2.158 2.156 2.132 1.884 1.884 1.884 1.888 1.895 1.896 1.9 1.896 1.896 1.889 1.875 1.872 1.857 1.849 1.845 1.843 1.839 1.834 1.831 1.83 1.826 1.817 1.817 1.817 1.819 1.819 1.82 1.828 1.828 1.824 1.828 1.824 1.821 1.816 1.816 1.814 1.813 1.812 1.811 1.808 1.808 1.802 1.802 1.8 1.796 1.796 1.802 1.818 1.829 2.485 2.494 2.494 2.497 2.494 2.485 2.237 2.21 2.132 2.134 2.134 2.134 2.134 2.136 2.136 2.138 2.138 2.138 2.141 2.149 2.153 2.154 2.153 2.149 1.675 1.653 1.618 1.611 1.609 1.605 1.589 1.575 1.571 1.565 1.557 1.556 1.544 1.547 1.544 1.536 1.526 1.526 1.526 1.526 1.528 1.531 1.538 1.547 1.555 1.561 1.564 1.569 1.572 1.576 1.597 1.604 1.634 1.64 1.655 1.962 2.025 2.025 1.988 1.988 1.954 1.941 1.91 1.883 1.858 1.837 1.807 1.791 1.774 1.749 1.724 1.707 1.677 1.665 1.657 1.628 1.612 1.589 1.569 1.557 1.53 1.51 1.503 1.497 1.476 1.457 1.445 1.427 1.42 1.401 1.385 1.377 1.363 1.356 1.346 1.338 1.321 1.303 1.299 1.283 1.274 1.268 1.263 1.248 1.243 1.235 1.229 1.218 1.211 1.193 1.192 1.183 1.176 1.161 1.159 1.15 1.144 1.13 1.128 1.122 1.121 1.107 1.103 1.101 1.092 1.089 1.08 1.071 1.063 1.06 1.056 1.053 1.047 1.047 1.038 1.038 1.029 1.022 1.018 1.012 0.999 0.999 0.997 0.993 0.99 0.985 0.975 0.975 0.974 0.971 0.971 0.963 0.958 0.952 0.947 0.947 
1 1 1 1 1 1 1 1 1 1 1 1 1 1 1 1 1 1 1 1 1 1 1 1 1 1 1 1 1 1 1 1 1 1 1 1 1 1 1 1 1 1 1 1 1 1 1 1 1 1 1 1 1 1 1 1 1 1 1 1 1 1 1 1 1 1 1 1 1 1 1 1 1 1 1 1 1 1 1 1 1 1 1 1 1 1 1 1 1 1 1 1 1 1 1 1 1 1 1 1 1 1 1 1 1 1 1 1 1 1 1 1 1 1 1 1 1 1 1 1 1 1 1 1 1 1 1 1 1 1 1 1 1 1 1 1 1 1 1 1 1 1 1 1 1 1 1 1 1 1 1 1 1 1 1 1 1 1 1 1 1 1 1 1 1 1 1 1 1 1 1 1 1 1 1 1 1 1 1 1 1 1 1 1 1 1 1 1 1 1 1 1 1 1 1 1 1 1 1 1 1 1 1 1 1 1 1 1 1 1 1 1 1 1 1 1 1 1 1 1 1 1 1 1 1 1 1 1 1 1 1 1 1 1 1 1 1 1 1 1 1 1 1 1 1 1 1 1 1 0 0 0 0 0 1 1 1 1 1 1 1 1 1 1 1 1 1 1 1 1 1 1 1 1 1 1 1 1 1 1 1 1 1 1 1 1 1 1 1 1 1 1 1 1 1 1 1 1 1 1 1 1 1 1 1 1 1 1 1 1 1 1 1 1 1 1 1 1 1 1 1 1 1 1 1 1 1 1 1 1 1 1 1 1 1 1 1 1 1 1 1 1 1 1 1 1 1 1 1 1 1 1 1 1 1 1 1 1 1 1 1 1 1 1 1 1 1 1 1 1 1 1 1 1 1 1 1 1 1 1 1 1 1 1 1 1 1 1 1 1 1 1 1 1 1 1 1 1 1 1 1 1 1 1 1 1 1 1 1 1 1 1 1 1 1 1 1 1 1 1 1 1 1 1 1 1 1 1 1 1 1 1 1 1 1 1 1 1 1 1 1 1 1 1 1 1 1 1 1 1 1 1 1 0 0 0 0 0 0 0 0 0 0 0 1 1 1 1 1 1 1 1 1 1 1 1 1 1 1 1 1 1 1 1 1 1 1 1 1 1 1 1 1 1 1 1 1 1 1 1 1 1 1 1 1 1 1 1 1 1 1 1 1 1 1 1 1 1 1 1 1 1 1 1 1 1 1 1 1 1 1 1 1 1 1 1 1 1 1 1 1 1 1 1 1 1 1 1 1 1 1 1 1 1 1 1 1 1 1 1 1 1 1 1 1 1 1 1 1 1 1 1 1 1 1 1 1 1 1 1 1 1 1 1 1 1 1 1 1 1 1 1 1 1 1 1 1 1 1 1 1 1 1 1 1 1 1 1 1 1 1 1 1 1 1 1 1 1 1 1 1 1 1 1 1 1 1 1 1 1 1 1 1 1 1 1 1 1 1 1 1 1 1 1 1 1 1 1 1 1 1 1 1 1 1 1 1 1 1 1 1 1 1 1 1 1 1 1 1 1 1 1 1 1 1 1 1 1 1 1 1 1 
