# This file contains a 2D laser scan observation. 
# Its format is: 
# [aperture] [max_range] [number_of_scans] 
# [vector_of_scans] 
# [vector_of_valid_scans] 
# The aperture of the sensor is in radians, the maximum range 
# and measurements are in meters. '1' means a valid scan, '0' otherwise.
4.1847
5.6
682
0.727 0.727 0.728 0.73 0.73 0.73 0.73 0.73 0.73 0.728 0.728 0.729 0.729 0.729 0.729 0.729 0.729 0.731 0.731 0.731 0.729 0.729 0.729 0.733 0.734 0.735 0.738 0.74 0.738 0.736 0.736 0.721 0.696 0.689 0.669 0.642 0.627 0.622 0.594 0.59 0.561 0.551 0.533 0.525 0.519 0.509 0.489 0.476 0.459 0.454 0.454 0.453 0.441 0.44 0.412 0.397 0.393 0.379 0.372 0.367 0.356 0.355 0.353 0.349 0.342 0.336 0.331 0.315 0.31 0.309 0.306 0.298 0.296 0.296 0.292 0.282 0.274 0.273 0.27 0.268 0.265 0.263 0.26 0.256 0.251 0.25 0.24 0.239 0.236 0.233 0.233 0.233 0.235 0.235 0.238 0.251 0.251 0.251 0.239 0.231 0.226 0.224 0.223 0.222 0.215 0.213 0.213 0.213 0.213 0.214 0.22 0.221 0.22 0.221 0.222 0.222 0.224 0.224 0.224 0.224 0.224 0.232 0.234 0.234 0.239 0.236 0.236 0.239 0.239 0.24 0.242 0.243 0.246 0.246 0.249 0.25 0.25 0.253 0.254 0.261 0.265 0.267 0.269 0.27 0.272 0.273 0.275 0.275 0.275 0.276 0.29 0.291 0.291 0.297 0.301 0.304 0.304 0.309 0.311 0.312 0.315 0.317 0.319 0.322 0.327 0.333 0.333 0.334 0.336 0.337 0.34 0.352 0.352 0.356 0.362 0.366 0.366 0.375 0.391 0.392 0.395 0.396 0.4 0.403 0.406 0.413 0.422 0.426 0.429 0.434 0.438 0.438 0.456 0.457 0.46 0.468 0.474 0.482 0.487 0.507 0.51 0.51 0.516 0.527 0.529 0.547 0.555 0.573 0.576 0.586 0.599 0.628 0.644 0.67 0.673 0.687 0.708 0.733 0.749 0.775 0.79 0.819 0.834 0.862 0.883 0.913 0.934 0.964 0.997 1.028 1.065 1.093 1.13 1.177 1.231 1.314 1.422 1.548 2.422 2.424 2.425 2.424 2.422 2.42 2.42 2.417 2.417 2.416 2.418 2.416 2.416 2.416 2.416 2.416 2.417 2.418 2.418 2.418 2.418 2.418 2.419 2.419 2.424 2.424 2.424 2.424 2.424 2.424 2.424 2.43 2.431 2.434 2.437 2.442 2.442 2.443 2.446 2.451 2.453 2.456 2.457 2.463 2.463 2.467 2.467 2.467 2.464 2.434 2.418 2.337 2.28 2.212 2.164 2.119 2.055 2.007 1.958 1.918 1.869 1.831 1.793 1.745 1.715 1.679 1.651 1.616 1.576 1.546 1.546 1.543 1.543 1.543 1.547 1.547 1.552 1.553 1.558 1.562 1.562 1.563 1.568 1.575 1.584 1.586 1.591 1.598 1.603 1.604 1.607 1.611 1.613 1.614 1.63 1.635 1.644 1.653 1.653 1.657 1.673 1.678 1.678 1.683 1.683 1.691 1.692 1.692 1.705 1.711 1.711 1.711 1.735 1.737 1.743 1.757 1.776 1.783 1.797 1.799 1.803 1.808 1.818 1.843 1.843 1.843 1.849 1.85 1.864 1.877 1.883 1.887 1.912 1.929 1.932 1.958 1.958 1.962 1.974 1.991 1.992 2.017 2.031 2.034 2.059 2.066 2.082 2.088 2.093 2.101 2.105 2.126 2.151 2.161 2.177 2.205 2.212 2.217 2.218 2.25 2.272 2.275 2.315 2.337 2.349 2.349 2.386 2.389 2.392 2.428 2.432 2.442 2.442 2.469 2.471 2.487 2.517 2.517 2.517 2.46 2.446 2.441 2.435 2.422 2.412 2.4 2.39 2.389 2.381 2.376 2.368 2.364 2.35 2.345 2.34 2.324 2.32 2.309 2.308 2.299 2.295 2.288 2.281 2.279 2.261 2.144 2.144 2.144 0 0 0 0 0 0 0 0 0 0 0 0 2.555 2.552 0.015 2.098 2.097 2.097 2.098 2.095 2.089 1.83 1.83 1.83 1.835 1.842 1.842 1.842 1.842 1.842 1.834 1.823 1.818 1.816 1.805 1.799 1.799 1.784 1.784 1.782 1.781 1.78 1.776 1.771 1.771 1.771 1.773 1.775 1.776 1.778 1.778 1.779 1.778 1.778 1.777 1.777 1.776 1.776 1.768 1.763 1.759 1.759 1.759 1.757 1.757 1.756 1.756 1.756 1.769 1.773 1.803 2.457 2.469 2.469 2.469 2.469 2.404 2.175 2.143 2.102 2.102 2.102 2.101 2.102 2.105 2.107 2.109 2.109 2.11 2.112 2.114 2.114 2.121 2.121 2.114 1.656 1.616 1.587 1.577 1.577 1.566 1.551 1.543 1.543 1.538 1.529 1.529 1.529 1.513 1.512 1.504 1.504 1.504 1.509 1.509 1.509 1.509 1.505 1.505 1.514 1.514 1.514 1.518 1.521 1.531 1.535 1.546 1.548 1.55 1.591 1.607 1.617 1.635 1.976 1.976 1.976 1.953 1.922 1.899 1.878 1.849 1.834 1.81 1.786 1.772 1.743 1.725 1.717 1.682 1.675 1.66 1.639 1.62 1.602 1.588 1.574 1.557 1.545 1.516 1.51 1.498 1.477 1.465 1.457 1.436 1.432 1.421 1.405 1.398 1.375 1.371 1.358 1.35 1.338 1.336 1.325 1.308 1.293 1.286 1.283 1.27 1.259 1.25 1.25 1.244 1.234 1.224 1.218 1.213 1.195 1.186 1.184 1.174 1.173 1.163 1.162 1.16 1.15 1.148 1.133 1.128 1.118 1.116 1.113 1.11 1.106 1.094 1.091 1.087 1.075 1.071 1.07 1.066 1.062 1.057 1.052 1.04 1.039 1.039 1.034 1.033 1.022 1.019 1.015 1.01 1.005 1.005 0.998 0.995 0.994 0.99 0.987 0.98 0.977 0.976 0.976 
1 1 1 1 1 1 1 1 1 1 1 1 1 1 1 1 1 1 1 1 1 1 1 1 1 1 1 1 1 1 1 1 1 1 1 1 1 1 1 1 1 1 1 1 1 1 1 1 1 1 1 1 1 1 1 1 1 1 1 1 1 1 1 1 1 1 1 1 1 1 1 1 1 1 1 1 1 1 1 1 1 1 1 1 1 1 1 1 1 1 1 1 1 1 1 1 1 1 1 1 1 1 1 1 1 1 1 1 1 1 1 1 1 1 1 1 1 1 1 1 1 1 1 1 1 1 1 1 1 1 1 1 1 1 1 1 1 1 1 1 1 1 1 1 1 1 1 1 1 1 1 1 1 1 1 1 1 1 1 1 1 1 1 1 1 1 1 1 1 1 1 1 1 1 1 1 1 1 1 1 1 1 1 1 1 1 1 1 1 1 1 1 1 1 1 1 1 1 1 1 1 1 1 1 1 1 1 1 1 1 1 1 1 1 1 1 1 1 1 1 1 1 1 1 1 1 1 1 1 1 1 1 1 1 1 1 1 1 1 1 1 1 1 1 1 1 1 1 1 1 1 1 1 1 1 1 1 1 1 1 1 1 1 1 1 1 1 1 1 1 1 1 1 1 1 1 1 1 1 1 1 1 1 1 1 1 1 1 1 1 1 1 1 1 1 1 1 1 1 1 1 1 1 1 1 1 1 1 1 1 1 1 1 1 1 1 1 1 1 1 1 1 1 1 1 1 1 1 1 1 1 1 1 1 1 1 1 1 1 1 1 1 1 1 1 1 1 1 1 1 1 1 1 1 1 1 1 1 1 1 1 1 1 1 1 1 1 1 1 1 1 1 1 1 1 1 1 1 1 1 1 1 1 1 1 1 1 1 1 1 1 1 1 1 1 1 1 1 1 1 1 1 1 1 1 1 1 1 1 1 1 1 1 1 1 1 1 1 1 1 1 1 1 1 1 1 1 1 1 1 1 1 1 1 1 1 1 1 1 1 1 1 1 1 1 1 0 0 0 0 0 0 0 0 0 0 0 0 1 1 0 1 1 1 1 1 1 1 1 1 1 1 1 1 1 1 1 1 1 1 1 1 1 1 1 1 1 1 1 1 1 1 1 1 1 1 1 1 1 1 1 1 1 1 1 1 1 1 1 1 1 1 1 1 1 1 1 1 1 1 1 1 1 1 1 1 1 1 1 1 1 1 1 1 1 1 1 1 1 1 1 1 1 1 1 1 1 1 1 1 1 1 1 1 1 1 1 1 1 1 1 1 1 1 1 1 1 1 1 1 1 1 1 1 1 1 1 1 1 1 1 1 1 1 1 1 1 1 1 1 1 1 1 1 1 1 1 1 1 1 1 1 1 1 1 1 1 1 1 1 1 1 1 1 1 1 1 1 1 1 1 1 1 1 1 1 1 1 1 1 1 1 1 1 1 1 1 1 1 1 1 1 1 1 1 1 1 1 1 1 1 1 1 1 1 1 1 1 1 1 1 1 1 1 1 1 1 1 1 1 1 1 1 1 1 1 1 1 1 1 1 1 
