# This file contains a 2D laser scan observation. 
# Its format is: 
# [aperture] [max_range] [number_of_scans] 
# [vector_of_scans] 
# [vector_of_valid_scans] 
# The aperture of the sensor is in radians, the maximum range 
# and measurements are in meters. '1' means a valid scan, '0' otherwise.
4.1847
5.6
682
0.803 0.802 0.782 0.765 0.763 0.721 0.716 0.713 0.707 0.658 0.551 0.302 0.299 0.295 0.292 0.283 0.269 0.265 0.265 0.265 0.265 0.26 0.262 0.262 0.262 0.264 0.264 0.265 0.267 0.267 0.267 0.267 0.262 0.262 0.262 0.263 0.263 0.263 0.263 0.268 0.268 0.268 0.268 0.268 0.268 0.269 0.27 0.277 0.277 0.275 0.281 0.281 0.278 0.278 0.281 0.281 0.283 0.286 0.286 0.286 0.283 0.286 0.285 0.285 0.285 0.289 0.288 0.289 0.289 0.289 0.293 0.293 0.294 0.295 0.296 0.299 0.301 0.301 0.303 0.305 0.305 0.305 0.305 0.307 0.302 0.31 0.307 0.31 0.308 0.31 0.31 0.32 0.321 0.321 0.321 0.322 0.327 0.327 0.328 0.328 0.331 0.334 0.339 0.339 0.339 0.339 0.341 0.341 0.341 0.343 0.347 0.351 0.351 0.352 0.353 0.355 0.356 0.357 0.362 0.364 0.364 0.364 0.371 0.371 0.374 0.378 0.381 0.385 0.389 0.389 0.389 0.391 0.391 0.392 0.4 0.407 0.408 0.408 0.408 0.416 0.416 0.417 0.424 0.424 0.425 0.426 0.426 0.442 0.442 0.443 0.453 0.454 0.455 0.464 0.464 0.465 0.471 0.472 0.473 0.48 0.481 0.49 0.494 0.495 0.509 0.51 0.52 0.521 0.526 0.528 0.532 0.532 0.546 0.553 0.554 0.561 0.572 0.584 0.597 0.599 0.604 0.615 0.621 0.639 0.648 0.648 0.66 0.664 0.675 0.692 0.699 0.7 0.71 0.728 0.748 0.753 0.768 0.79 0.791 0.805 0.829 0.843 0.857 0.874 0.897 0.904 0.94 0.951 0.971 1.003 1.024 1.043 1.068 1.101 1.12 1.156 1.2 1.224 1.257 1.297 1.329 1.381 1.426 1.472 2.277 2.29 2.338 2.338 2.341 2.341 2.338 2.332 2.332 2.326 2.326 2.331 2.331 2.329 2.331 2.331 2.329 2.329 2.327 2.327 2.326 2.326 2.327 2.326 2.326 2.329 2.332 2.333 2.335 2.335 2.333 2.335 2.334 2.334 2.336 2.337 2.341 2.341 2.342 2.342 2.342 2.346 2.346 2.351 2.356 2.356 2.36 2.361 2.362 2.362 2.362 2.366 2.366 2.345 2.299 2.203 2.143 2.092 2.034 1.969 1.91 1.855 1.808 1.76 1.715 1.675 1.631 1.608 1.561 1.534 1.499 1.441 1.439 1.428 1.419 1.428 1.428 1.428 1.429 1.433 1.433 1.426 1.433 1.433 1.443 1.444 1.45 1.457 1.461 1.47 1.47 1.475 1.478 1.479 1.485 1.487 1.487 1.49 1.49 1.503 1.513 1.515 1.532 1.532 1.532 1.533 1.533 1.544 1.549 1.558 1.561 1.563 1.578 1.578 1.578 1.579 1.579 1.579 1.587 1.614 1.617 1.625 1.631 1.646 1.654 1.673 1.677 1.68 1.68 1.685 1.699 1.713 1.713 1.715 1.716 1.726 1.753 1.753 1.755 1.755 1.774 1.803 1.809 1.817 1.823 1.84 1.854 1.854 1.861 1.866 1.893 1.914 1.915 1.928 1.944 1.957 1.961 1.964 1.982 1.984 1.988 2.015 2.043 2.043 2.064 2.082 2.101 2.102 2.11 2.152 2.156 2.168 2.168 2.202 2.22 2.223 2.268 2.269 2.276 2.315 2.321 2.322 2.322 2.344 2.356 2.372 2.379 2.379 2.379 2.356 2.334 2.331 2.329 2.318 2.307 2.3 2.293 2.285 2.279 2.277 2.261 2.255 2.246 2.24 2.237 2.237 2.221 2.218 2.214 2.197 2.196 2.189 2.187 2.177 2.175 2.167 2.163 2.087 2.026 2.026 2.026 0 0 0 0 0 0 0 0 0 0 2.459 2.457 2.452 2.297 2.046 2.023 2.001 1.991 1.991 1.986 1.986 1.983 1.98 1.737 1.732 1.732 1.737 1.741 1.744 1.744 1.747 1.747 1.742 1.733 1.732 1.72 1.714 1.706 1.701 1.701 1.701 1.697 1.691 1.691 1.689 1.689 1.685 1.685 1.685 1.685 1.686 1.686 1.687 1.692 1.695 1.692 1.692 1.692 1.69 1.69 1.69 1.689 1.686 1.686 1.686 1.684 1.686 1.686 1.684 1.68 1.68 1.68 1.685 1.693 1.705 1.725 2.324 2.324 2.354 2.324 2.324 2.226 2.052 2.04 2.04 2.039 2.039 2.039 2.04 2.042 2.046 2.047 2.049 2.054 2.059 2.064 2.066 2.066 2.066 2.066 2.066 1.572 1.56 1.535 1.524 1.52 1.501 1.498 1.494 1.491 1.485 1.483 1.471 1.465 1.465 1.463 1.463 1.456 1.463 1.456 1.462 1.462 1.47 1.47 1.47 1.47 1.47 1.469 1.469 1.471 1.478 1.479 1.487 1.488 1.506 1.521 1.531 1.546 1.571 1.588 1.631 1.898 1.898 1.898 1.883 1.861 1.836 1.824 1.804 1.788 1.769 1.754 1.73 1.713 1.703 1.681 1.669 1.651 1.638 1.621 1.611 1.586 1.572 1.568 1.545 1.542 1.524 1.511 1.497 1.488 1.472 1.464 1.456 1.441 1.435 1.425 1.408 1.396 1.387 1.38 1.377 1.361 1.347 1.343 1.341 1.322 1.32 1.318 1.305 1.293 1.292 1.286 1.28 1.278 1.265 1.259 1.249 1.236 1.235 1.233 1.232 1.221 1.217 1.201 1.198 1.195 1.195 1.188 1.183 1.17 1.17 1.167 1.159 1.156 1.152 1.146 1.133 1.13 1.13 1.129 1.124 1.119 1.112 1.109 1.108 1.102 1.089 1.086 1.082 1.08 1.074 1.073 1.071 1.071 1.069 1.062 1.058 
1 1 1 1 1 1 1 1 1 1 1 1 1 1 1 1 1 1 1 1 1 1 1 1 1 1 1 1 1 1 1 1 1 1 1 1 1 1 1 1 1 1 1 1 1 1 1 1 1 1 1 1 1 1 1 1 1 1 1 1 1 1 1 1 1 1 1 1 1 1 1 1 1 1 1 1 1 1 1 1 1 1 1 1 1 1 1 1 1 1 1 1 1 1 1 1 1 1 1 1 1 1 1 1 1 1 1 1 1 1 1 1 1 1 1 1 1 1 1 1 1 1 1 1 1 1 1 1 1 1 1 1 1 1 1 1 1 1 1 1 1 1 1 1 1 1 1 1 1 1 1 1 1 1 1 1 1 1 1 1 1 1 1 1 1 1 1 1 1 1 1 1 1 1 1 1 1 1 1 1 1 1 1 1 1 1 1 1 1 1 1 1 1 1 1 1 1 1 1 1 1 1 1 1 1 1 1 1 1 1 1 1 1 1 1 1 1 1 1 1 1 1 1 1 1 1 1 1 1 1 1 1 1 1 1 1 1 1 1 1 1 1 1 1 1 1 1 1 1 1 1 1 1 1 1 1 1 1 1 1 1 1 1 1 1 1 1 1 1 1 1 1 1 1 1 1 1 1 1 1 1 1 1 1 1 1 1 1 1 1 1 1 1 1 1 1 1 1 1 1 1 1 1 1 1 1 1 1 1 1 1 1 1 1 1 1 1 1 1 1 1 1 1 1 1 1 1 1 1 1 1 1 1 1 1 1 1 1 1 1 1 1 1 1 1 1 1 1 1 1 1 1 1 1 1 1 1 1 1 1 1 1 1 1 1 1 1 1 1 1 1 1 1 1 1 1 1 1 1 1 1 1 1 1 1 1 1 1 1 1 1 1 1 1 1 1 1 1 1 1 1 1 1 1 1 1 1 1 1 1 1 1 1 1 1 1 1 1 1 1 1 1 1 1 1 1 1 1 1 1 1 1 1 1 1 1 1 1 1 1 1 1 1 1 1 0 0 0 0 0 0 0 0 0 0 1 1 1 1 1 1 1 1 1 1 1 1 1 1 1 1 1 1 1 1 1 1 1 1 1 1 1 1 1 1 1 1 1 1 1 1 1 1 1 1 1 1 1 1 1 1 1 1 1 1 1 1 1 1 1 1 1 1 1 1 1 1 1 1 1 1 1 1 1 1 1 1 1 1 1 1 1 1 1 1 1 1 1 1 1 1 1 1 1 1 1 1 1 1 1 1 1 1 1 1 1 1 1 1 1 1 1 1 1 1 1 1 1 1 1 1 1 1 1 1 1 1 1 1 1 1 1 1 1 1 1 1 1 1 1 1 1 1 1 1 1 1 1 1 1 1 1 1 1 1 1 1 1 1 1 1 1 1 1 1 1 1 1 1 1 1 1 1 1 1 1 1 1 1 1 1 1 1 1 1 1 1 1 1 1 1 1 1 1 1 1 1 1 1 1 1 1 1 1 1 1 1 1 1 1 1 1 1 1 1 1 1 1 1 1 1 1 1 1 1 1 1 1 1 1 1 1 
