# This file contains a 2D laser scan observation. 
# Its format is: 
# [aperture] [max_range] [number_of_scans] 
# [vector_of_scans] 
# [vector_of_valid_scans] 
# The aperture of the sensor is in radians, the maximum range 
# and measurements are in meters. '1' means a valid scan, '0' otherwise.
4.1847
5.6
682
0.289 0.289 0.292 0.295 0.295 0.297 0.3 0.3 0.303 0.303 0.312 0.316 0.316 0.316 0.321 0.322 0.322 0.322 0.322 0.323 0.322 0.319 0.31 0.305 0.302 0.299 0.296 0.294 0.294 0.294 0.294 0.29 0.292 0.292 0.288 0.285 0.289 0.289 0.289 0.289 0.289 0.293 0.289 0.288 0.289 0.288 0.288 0.292 0.294 0.297 0.297 0.3 0.3 0.3 0.295 0.299 0.299 0.294 0.299 0.299 0.299 0.297 0.299 0.299 0.304 0.301 0.304 0.306 0.304 0.301 0.304 0.301 0.301 0.304 0.304 0.308 0.309 0.309 0.312 0.309 0.312 0.311 0.312 0.314 0.314 0.315 0.315 0.315 0.32 0.32 0.32 0.324 0.324 0.324 0.328 0.328 0.33 0.331 0.333 0.331 0.331 0.331 0.332 0.332 0.333 0.336 0.336 0.34 0.342 0.343 0.343 0.344 0.344 0.346 0.35 0.35 0.352 0.352 0.353 0.357 0.358 0.358 0.359 0.362 0.362 0.362 0.366 0.366 0.369 0.373 0.375 0.376 0.379 0.381 0.382 0.382 0.383 0.383 0.388 0.388 0.389 0.391 0.392 0.395 0.4 0.402 0.403 0.408 0.412 0.415 0.417 0.417 0.421 0.426 0.426 0.426 0.426 0.429 0.433 0.434 0.44 0.44 0.441 0.446 0.446 0.45 0.457 0.458 0.466 0.47 0.47 0.473 0.475 0.479 0.484 0.487 0.496 0.498 0.504 0.506 0.506 0.515 0.518 0.543 0.545 0.545 0.549 0.549 0.559 0.563 0.565 0.571 0.572 0.592 0.604 0.605 0.61 0.615 0.62 0.622 0.632 0.637 0.648 0.662 0.664 0.669 0.678 0.694 0.704 0.709 0.721 0.725 0.745 0.754 0.764 0.765 0.785 0.804 0.81 0.827 0.841 0.857 0.87 0.881 0.895 0.917 0.935 0.958 0.979 1.003 1.023 1.051 1.067 1.093 1.109 1.142 1.175 1.203 1.237 1.268 1.305 1.34 1.387 1.436 2.204 2.21 2.23 2.23 2.267 2.273 2.273 2.273 2.272 2.267 2.267 2.268 2.266 2.268 2.268 2.267 2.266 2.264 2.264 2.264 2.263 2.262 2.259 2.259 2.257 2.262 2.263 2.263 2.263 2.266 2.266 2.268 2.27 2.271 2.27 2.27 2.27 2.272 2.272 2.273 2.273 2.273 2.273 2.273 2.278 2.28 2.281 2.283 2.29 2.29 2.292 2.296 2.299 2.299 2.299 2.266 2.265 2.231 2.159 2.091 2.04 1.98 1.926 1.88 1.803 1.766 1.703 1.668 1.623 1.581 1.547 1.507 1.472 1.452 1.402 1.361 1.352 1.352 1.352 1.356 1.354 1.356 1.356 1.365 1.36 1.36 1.364 1.364 1.364 1.367 1.368 1.383 1.391 1.399 1.399 1.399 1.41 1.41 1.412 1.414 1.414 1.414 1.414 1.421 1.433 1.444 1.447 1.455 1.462 1.462 1.462 1.474 1.475 1.481 1.492 1.495 1.497 1.501 1.505 1.505 1.505 1.514 1.514 1.514 1.53 1.542 1.55 1.551 1.567 1.587 1.589 1.609 1.61 1.619 1.62 1.623 1.632 1.651 1.651 1.657 1.658 1.663 1.685 1.687 1.696 1.699 1.712 1.738 1.739 1.766 1.767 1.775 1.785 1.785 1.797 1.801 1.809 1.837 1.853 1.86 1.877 1.894 1.9 1.903 1.911 1.923 1.928 1.934 1.96 1.989 1.994 2.023 2.034 2.041 2.042 2.042 2.097 2.098 2.102 2.108 2.145 2.169 2.17 2.221 2.221 2.234 2.259 2.266 2.266 2.266 2.29 2.306 2.319 2.321 2.321 2.319 2.3 2.296 2.287 2.274 2.273 2.272 2.254 2.246 2.238 2.235 2.229 2.219 2.218 2.205 2.197 2.194 2.19 2.18 2.177 2.17 2.165 2.156 2.149 2.149 2.146 2.138 2.128 2.123 2.121 2.041 1.999 1.999 1.999 2.029 0 0 0 0 0 0.007 0 0 0 0 0 2.168 2.164 2.141 1.992 1.982 1.982 1.977 1.971 1.971 1.965 1.952 1.887 1.698 1.698 1.698 1.704 1.706 1.71 1.713 1.716 1.716 1.713 1.704 1.696 1.694 1.694 1.689 1.681 1.681 1.677 1.677 1.671 1.67 1.661 1.661 1.661 1.661 1.662 1.663 1.665 1.665 1.67 1.671 1.677 1.678 1.678 1.678 1.678 1.678 1.676 1.673 1.671 1.67 1.671 1.668 1.668 1.668 1.668 1.668 1.666 1.666 1.666 1.668 1.674 1.679 1.704 2.115 2.115 2.115 2 2 2 2.03 2.031 2.033 2.033 2.033 2.034 2.042 2.042 2.042 2.046 2.047 2.052 2.057 2.06 2.065 2.069 2.072 2.072 2.079 0.007 1.625 1.576 1.549 1.53 1.523 1.515 1.515 1.515 1.493 1.493 1.487 1.48 1.479 1.479 1.479 1.476 1.474 1.474 1.472 1.472 1.472 1.472 1.479 1.483 1.484 1.49 1.491 1.491 1.496 1.502 1.511 1.514 1.526 1.541 1.546 1.587 1.602 1.94 1.94 1.94 1.913 1.906 1.876 1.862 1.849 1.829 1.811 1.785 1.776 1.759 1.744 1.74 1.714 1.698 1.684 1.672 1.662 1.648 1.625 1.604 1.602 1.589 1.572 1.568 1.553 1.539 1.527 1.516 1.51 1.49 1.479 1.471 1.465 1.452 1.441 1.436 1.422 1.415 1.407 1.395 1.392 1.377 1.368 1.365 1.359 1.355 1.345 1.338 1.328 1.317 1.315 1.31 1.302 1.297 1.282 1.272 1.269 1.266 1.265 1.261 1.253 1.25 1.248 1.248 1.238 
1 1 1 1 1 1 1 1 1 1 1 1 1 1 1 1 1 1 1 1 1 1 1 1 1 1 1 1 1 1 1 1 1 1 1 1 1 1 1 1 1 1 1 1 1 1 1 1 1 1 1 1 1 1 1 1 1 1 1 1 1 1 1 1 1 1 1 1 1 1 1 1 1 1 1 1 1 1 1 1 1 1 1 1 1 1 1 1 1 1 1 1 1 1 1 1 1 1 1 1 1 1 1 1 1 1 1 1 1 1 1 1 1 1 1 1 1 1 1 1 1 1 1 1 1 1 1 1 1 1 1 1 1 1 1 1 1 1 1 1 1 1 1 1 1 1 1 1 1 1 1 1 1 1 1 1 1 1 1 1 1 1 1 1 1 1 1 1 1 1 1 1 1 1 1 1 1 1 1 1 1 1 1 1 1 1 1 1 1 1 1 1 1 1 1 1 1 1 1 1 1 1 1 1 1 1 1 1 1 1 1 1 1 1 1 1 1 1 1 1 1 1 1 1 1 1 1 1 1 1 1 1 1 1 1 1 1 1 1 1 1 1 1 1 1 1 1 1 1 1 1 1 1 1 1 1 1 1 1 1 1 1 1 1 1 1 1 1 1 1 1 1 1 1 1 1 1 1 1 1 1 1 1 1 1 1 1 1 1 1 1 1 1 1 1 1 1 1 1 1 1 1 1 1 1 1 1 1 1 1 1 1 1 1 1 1 1 1 1 1 1 1 1 1 1 1 1 1 1 1 1 1 1 1 1 1 1 1 1 1 1 1 1 1 1 1 1 1 1 1 1 1 1 1 1 1 1 1 1 1 1 1 1 1 1 1 1 1 1 1 1 1 1 1 1 1 1 1 1 1 1 1 1 1 1 1 1 1 1 1 1 1 1 1 1 1 1 1 1 1 1 1 1 1 1 1 1 1 1 1 1 1 1 1 1 1 1 1 1 1 1 1 1 1 1 1 1 1 1 1 1 1 1 1 1 1 1 1 1 1 1 1 1 1 1 1 1 1 1 1 1 1 1 1 1 1 1 1 1 1 1 1 1 1 1 1 1 1 1 1 1 1 1 1 0 0 0 0 0 0 0 0 0 0 0 1 1 1 1 1 1 1 1 1 1 1 1 1 1 1 1 1 1 1 1 1 1 1 1 1 1 1 1 1 1 1 1 1 1 1 1 1 1 1 1 1 1 1 1 1 1 1 1 1 1 1 1 1 1 1 1 1 1 1 1 1 1 1 1 1 1 1 1 1 1 1 1 1 1 1 1 1 1 1 1 1 1 1 1 1 1 1 1 1 1 1 0 1 1 1 1 1 1 1 1 1 1 1 1 1 1 1 1 1 1 1 1 1 1 1 1 1 1 1 1 1 1 1 1 1 1 1 1 1 1 1 1 1 1 1 1 1 1 1 1 1 1 1 1 1 1 1 1 1 1 1 1 1 1 1 1 1 1 1 1 1 1 1 1 1 1 1 1 1 1 1 1 1 1 1 1 1 1 1 1 1 1 1 1 1 1 1 1 1 1 1 1 1 1 1 1 1 
