# This file contains a 2D laser scan observation. 
# Its format is: 
# [aperture] [max_range] [number_of_scans] 
# [vector_of_scans] 
# [vector_of_valid_scans] 
# The aperture of the sensor is in radians, the maximum range 
# and measurements are in meters. '1' means a valid scan, '0' otherwise.
4.1847
5.6
682
0.489 0.489 0.489 0.49 0.49 0.489 0.489 0.481 0.481 0.478 0.474 0.469 0.465 0.462 0.462 0.462 0.461 0.461 0.459 0.459 0.459 0.457 0.457 0.458 0.457 0.458 0.458 0.457 0.454 0.456 0.454 0.456 0.456 0.457 0.457 0.458 0.459 0.458 0.458 0.459 0.46 0.46 0.461 0.464 0.464 0.462 0.464 0.466 0.466 0.466 0.468 0.468 0.47 0.47 0.472 0.475 0.472 0.472 0.474 0.474 0.474 0.477 0.477 0.479 0.479 0.479 0.48 0.484 0.486 0.486 0.486 0.487 0.489 0.49 0.492 0.491 0.492 0.498 0.498 0.499 0.502 0.502 0.503 0.505 0.506 0.507 0.507 0.507 0.52 0.521 0.528 0.528 0.532 0.528 0.528 0.532 0.533 0.533 0.537 0.537 0.542 0.544 0.546 0.546 0.546 0.55 0.551 0.556 0.559 0.56 0.56 0.566 0.569 0.57 0.573 0.576 0.577 0.577 0.577 0.581 0.59 0.592 0.593 0.594 0.597 0.598 0.601 0.606 0.61 0.617 0.619 0.621 0.622 0.626 0.637 0.637 0.637 0.643 0.646 0.655 0.661 0.662 0.664 0.667 0.672 0.68 0.682 0.687 0.696 0.697 0.698 0.714 0.714 0.72 0.72 0.729 0.729 0.738 0.738 0.753 0.755 0.77 0.772 0.783 0.79 0.799 0.805 0.805 0.81 0.823 0.826 0.829 0.836 0.848 0.855 0.859 0.873 0.878 0.882 0.899 0.91 0.924 0.929 0.943 0.95 0.956 0.973 0.988 0.996 1.025 1.026 1.036 1.06 1.071 1.087 1.103 1.13 1.144 1.158 1.172 1.189 1.221 1.245 1.265 1.29 1.321 1.57 1.573 1.599 1.599 1.774 2.076 2.076 2.076 2.045 2.045 2.045 2.05 2.086 2.106 2.106 2.106 2.1 2.098 2.098 2.092 2.09 2.09 2.088 2.086 2.083 2.083 2.083 2.082 2.078 2.076 2.075 2.072 2.071 2.071 2.069 2.069 2.07 2.07 2.069 2.069 2.067 2.066 2.063 2.063 2.064 2.064 2.063 2.063 2.063 2.063 2.062 2.064 2.064 2.064 2.061 2.062 2.062 2.066 2.066 2.066 2.068 2.074 2.072 2.074 2.078 2.078 2.073 2.073 2.043 2.04 2.018 1.933 1.853 1.776 1.687 1.602 1.535 1.454 1.406 1.356 1.306 1.254 1.212 1.158 1.124 1.12 1.114 1.114 1.115 1.114 1.111 1.106 1.106 1.106 1.118 1.118 1.118 1.117 1.11 1.11 1.117 1.12 1.12 1.123 1.124 1.132 1.15 1.15 1.15 1.148 1.142 1.142 1.142 1.158 1.171 1.171 1.171 1.167 1.167 1.167 1.191 1.191 1.194 1.2 1.202 1.202 1.202 1.196 1.196 1.196 1.21 1.214 1.216 1.222 1.223 1.223 1.234 1.245 1.245 1.242 1.245 1.242 1.242 1.245 1.259 1.268 1.274 1.281 1.284 1.297 1.303 1.314 1.324 1.331 1.339 1.342 1.343 1.346 1.346 1.361 1.377 1.378 1.378 1.381 1.383 1.393 1.394 1.415 1.42 1.422 1.423 1.452 1.464 1.47 1.473 1.499 1.502 1.507 1.515 1.515 1.515 1.532 1.532 1.568 1.58 1.582 1.599 1.607 1.63 1.63 1.633 1.635 1.649 1.652 1.659 1.679 1.716 1.724 1.736 1.762 1.769 1.772 1.778 1.789 1.828 1.833 1.835 1.841 1.861 1.898 1.906 1.917 1.958 1.959 1.962 2.009 2.017 2.02 2.02 2.023 2.044 2.061 2.078 2.082 2.082 2.082 2.058 2.055 2.041 2.035 2.034 2.033 2.026 2.009 2.007 2.006 1.997 1.989 1.987 1.987 1.987 1.987 1.977 1.961 1.958 1.947 1.945 1.942 1.938 1.934 1.924 1.923 1.921 1.912 1.909 1.909 1.906 1.901 1.901 1.901 1.895 1.756 1.756 1.756 1.783 1.798 0 0 0 0 0 0 0 0 0 0 0 0 1.841 1.798 1.798 1.798 1.798 1.767 1.761 1.761 1.761 1.762 1.763 1.763 1.762 1.732 1.691 1.624 1.5 1.5 1.5 1.505 1.518 1.52 1.524 1.527 1.529 1.529 1.528 1.528 1.521 1.514 1.513 1.51 1.51 1.508 1.503 1.503 1.502 1.502 1.498 1.502 1.497 1.497 1.496 1.493 1.492 1.492 1.492 1.496 1.498 1.516 1.518 1.519 1.522 1.526 1.527 1.527 1.527 1.526 1.528 1.526 1.526 1.526 1.529 1.529 1.533 1.532 1.536 1.537 1.536 1.538 1.538 1.543 1.547 1.55 1.558 1.671 1.749 1.779 1.881 1.919 1.919 1.927 1.929 1.936 1.936 1.945 1.949 1.952 1.954 1.964 1.966 1.974 1.981 1.988 1.99 1.996 1.998 2 2.004 2.005 2.024 2.032 2.032 2.032 1.537 1.531 1.49 1.486 1.479 1.478 1.463 1.456 1.454 1.451 1.451 1.451 1.446 1.444 1.443 1.441 1.436 1.436 1.435 1.435 1.434 1.434 1.434 1.442 1.446 1.455 1.459 1.465 1.47 1.475 1.49 1.493 1.512 1.533 1.545 1.71 1.887 1.887 1.871 1.871 1.849 1.842 1.839 1.817 1.804 1.793 1.776 1.768 1.759 1.742 1.727 1.72 1.717 1.698 1.685 1.679 1.674 1.66 1.642 1.639 1.627 1.62 1.601 1.598 1.597 1.593 1.578 1.565 1.56 1.558 1.549 1.545 1.54 1.526 1.513 1.51 1.503 1.496 1.492 1.482 1.482 1.468 1.462 1.458 1.447 1.444 1.439 1.436 1.432 1.426 1.421 1.41 1.409 1.405 
1 1 1 1 1 1 1 1 1 1 1 1 1 1 1 1 1 1 1 1 1 1 1 1 1 1 1 1 1 1 1 1 1 1 1 1 1 1 1 1 1 1 1 1 1 1 1 1 1 1 1 1 1 1 1 1 1 1 1 1 1 1 1 1 1 1 1 1 1 1 1 1 1 1 1 1 1 1 1 1 1 1 1 1 1 1 1 1 1 1 1 1 1 1 1 1 1 1 1 1 1 1 1 1 1 1 1 1 1 1 1 1 1 1 1 1 1 1 1 1 1 1 1 1 1 1 1 1 1 1 1 1 1 1 1 1 1 1 1 1 1 1 1 1 1 1 1 1 1 1 1 1 1 1 1 1 1 1 1 1 1 1 1 1 1 1 1 1 1 1 1 1 1 1 1 1 1 1 1 1 1 1 1 1 1 1 1 1 1 1 1 1 1 1 1 1 1 1 1 1 1 1 1 1 1 1 1 1 1 1 1 1 1 1 1 1 1 1 1 1 1 1 1 1 1 1 1 1 1 1 1 1 1 1 1 1 1 1 1 1 1 1 1 1 1 1 1 1 1 1 1 1 1 1 1 1 1 1 1 1 1 1 1 1 1 1 1 1 1 1 1 1 1 1 1 1 1 1 1 1 1 1 1 1 1 1 1 1 1 1 1 1 1 1 1 1 1 1 1 1 1 1 1 1 1 1 1 1 1 1 1 1 1 1 1 1 1 1 1 1 1 1 1 1 1 1 1 1 1 1 1 1 1 1 1 1 1 1 1 1 1 1 1 1 1 1 1 1 1 1 1 1 1 1 1 1 1 1 1 1 1 1 1 1 1 1 1 1 1 1 1 1 1 1 1 1 1 1 1 1 1 1 1 1 1 1 1 1 1 1 1 1 1 1 1 1 1 1 1 1 1 1 1 1 1 1 1 1 1 1 1 1 1 1 1 1 1 1 1 1 1 1 1 1 1 1 1 1 1 1 1 1 1 1 1 1 1 1 1 1 1 1 1 1 1 1 1 1 1 1 1 1 1 1 1 1 1 1 1 1 1 1 1 1 1 1 1 1 1 1 1 1 0 0 0 0 0 0 0 0 0 0 0 0 1 1 1 1 1 1 1 1 1 1 1 1 1 1 1 1 1 1 1 1 1 1 1 1 1 1 1 1 1 1 1 1 1 1 1 1 1 1 1 1 1 1 1 1 1 1 1 1 1 1 1 1 1 1 1 1 1 1 1 1 1 1 1 1 1 1 1 1 1 1 1 1 1 1 1 1 1 1 1 1 1 1 1 1 1 1 1 1 1 1 1 1 1 1 1 1 1 1 1 1 1 1 1 1 1 1 1 1 1 1 1 1 1 1 1 1 1 1 1 1 1 1 1 1 1 1 1 1 1 1 1 1 1 1 1 1 1 1 1 1 1 1 1 1 1 1 1 1 1 1 1 1 1 1 1 1 1 1 1 1 1 1 1 1 1 1 1 1 1 1 1 1 1 1 1 1 1 1 1 1 1 1 1 1 1 1 1 1 1 1 1 1 1 1 1 1 1 1 
