# This file contains a 2D laser scan observation. 
# Its format is: 
# [aperture] [max_range] [number_of_scans] 
# [vector_of_scans] 
# [vector_of_valid_scans] 
# The aperture of the sensor is in radians, the maximum range 
# and measurements are in meters. '1' means a valid scan, '0' otherwise.
4.1847
5.6
682
0.967 0.968 0.971 0.972 0.977 0.978 0.981 0.981 0.981 0.981 0.981 0.983 0.984 0.992 0.992 0.992 0.992 0.994 0.996 0.999 1.007 1.01 1.01 1.012 1.013 1.015 1.016 1.017 1.018 1.033 1.033 1.035 1.035 1.039 1.04 1.043 1.045 1.049 1.056 1.057 1.066 1.075 1.155 1.155 1.155 1.148 1.148 1.148 1.148 1.151 1.155 1.156 1.162 1.175 1.177 1.183 1.199 1.204 1.205 1.206 1.218 1.225 1.225 1.244 1.244 1.244 1.244 1.249 1.249 1.263 1.267 1.271 1.281 1.333 1.368 1.389 1.596 1.724 1.732 1.761 1.774 1.775 1.826 1.826 1.826 1.82 1.798 1.796 1.778 1.769 1.754 1.736 1.733 1.719 1.703 1.702 1.685 1.679 1.654 1.654 1.606 1.604 0.475 0.475 0.473 0.473 0.473 0.466 0.465 0.455 0.452 0.452 0.447 0.447 0.443 0.443 0.443 0.443 0.447 0.449 0.449 0.449 0.448 0.441 0.44 0.44 0.425 0.411 0.411 0.403 0.405 0.411 0.413 0.405 0.409 0.409 0.403 0.403 0.403 0.403 0.401 0.401 0.401 0.4 0.397 0.396 0.397 0.397 0.397 0.398 0.398 0.401 0.405 0.405 0.398 0.398 0.39 0.383 0.364 0.364 0.364 0.364 0.362 0.367 0.367 0.369 0.369 0.37 0.37 0.373 0.373 0.375 0.376 0.373 0.376 0.376 0.374 0.37 0.374 0.368 0.366 0.365 0.365 0.362 0.357 0.347 0.347 0.347 0.348 0.355 0.359 0.359 0.36 0.36 0.378 0.38 0.38 0.38 0.379 0.379 0.377 0.374 0.374 0.373 0.371 0.371 0.371 0.371 0.371 0.371 0.371 0.372 0.372 0.373 0.375 0.376 0.376 0.376 0.38 0.38 0.373 0.372 0.367 0.353 0.353 0.35 0.35 0.35 0.35 0.35 0.355 0.365 0.367 0.371 0.376 0.376 0.376 0.376 0.376 0.376 0.376 0.377 0.377 0.376 0.377 0.376 0.374 0.374 0.378 0.374 0.374 0.371 0.371 0.371 0.374 0.376 0.378 0.38 0.38 0.386 0.387 0.388 0.389 0.389 0.389 0.389 0.389 0.387 0.389 0.391 0.391 0.387 0.38 0.367 0.367 0.37 0.376 0.37 0.373 0.373 0.373 0.373 0.373 0.366 0.366 0.37 0.37 0.375 0.378 0.394 0.396 0.4 0.407 0.407 0.406 0.406 0.406 0.406 0.415 0.419 0.419 0.419 0.419 0.414 0.414 0.414 0.443 0.446 0.446 0.456 0.456 0.456 0.453 0.451 0.451 0.451 0.451 0.453 0.457 0.458 0.466 0.471 0.48 0.48 0.48 0.478 0.478 0.476 0.476 0.475 0.473 0.473 0.475 0.482 0.482 0.487 0.489 0.506 0.51 0.512 0.517 0.52 0.528 0.531 0.531 0.531 0.515 0.511 0.508 0.511 0.511 0.511 0.511 0.514 0.535 0.54 0.548 0.549 0.556 0.557 0.558 0.558 0.557 0.557 0.558 0.599 0.611 0.613 0.617 0.621 0.622 0.64 0.647 0.652 0.652 0.652 0.652 0.652 0.672 0.674 0.674 0.674 0.667 0.667 0.656 0.656 0.667 0.706 0.731 0.743 0.744 0.76 0.765 0.785 0.79 0.79 0.79 0.789 0.789 0.789 0.802 0.813 0.813 0.815 0.82 0.839 0.885 0.932 0.932 0.932 0.928 0.928 0.928 0.962 1.001 1.001 1.003 1.005 1.023 1.053 1.081 1.083 1.135 1.142 1.15 1.198 1.202 1.203 1.206 1.208 1.223 1.276 1.279 1.289 1.302 1.384 1.384 1.384 1.307 1.297 1.296 1.295 1.295 1.296 1.294 1.291 1.292 1.289 1.287 1.287 1.287 1.287 1.287 1.284 1.289 1.285 1.279 1.283 1.283 1.283 1.283 1.286 1.288 1.289 1.288 1.289 1.289 1.297 1.297 1.298 1.298 1.297 1.298 1.292 1.287 1.287 1.292 1.287 1.287 1.289 1.287 1.287 1.287 1.287 1.287 1.287 1.285 1.285 1.29 1.289 1.289 1.29 1.29 1.297 1.558 1.558 1.558 1.494 1.444 1.376 1.342 1.324 1.324 1.288 1.228 1.169 1.169 1.161 1.161 1.175 1.175 1.175 1.175 1.18 1.18 1.183 1.184 1.368 1.37 1.37 1.368 1.356 1.289 1.282 1.275 1.275 1.275 1.279 1.302 1.308 1.308 1.308 1.306 1.306 1.306 1.309 1.322 1.329 1.332 1.332 1.337 1.337 1.327 1.295 1.295 1.284 1.284 1.295 1.279 1.278 1.261 1.255 1.247 1.247 1.214 1.199 1.192 1.188 1.162 1.139 1.137 1.137 1.137 1.163 1.176 1.187 1.204 1.213 1.215 1.219 1.216 1.222 1.221 1.222 1.223 1.228 1.229 1.231 1.234 1.238 1.245 1.25 1.252 1.258 1.268 1.269 1.271 1.28 1.29 1.291 1.295 1.308 1.326 1.343 1.346 1.366 1.367 1.37 1.381 1.387 1.393 1.398 1.405 1.417 1.424 1.429 1.436 1.441 1.447 1.461 1.472 2.025 2.051 2.066 2.066 2.081 2.106 2.125 2.151 2.178 2.186 2.213 2.213 2.213 2.179 2.179 2.162 2.122 1.777 1.725 1.7 1.696 1.668 1.667 1.658 1.655 1.651 1.651 1.651 1.633 1.633 1.635 1.63 1.629 1.634 1.633 1.633 1.634 1.635 1.641 1.641 1.644 1.653 1.653 1.653 1.672 1.689 1.702 1.713 1.74 1.784 2.084 2.084 2.084 2.072 2.072 2.067 2.06 2.058 2.051 2.047 2.04 2.035 2.034 2.029 2.024 2.024 2.021 2.014 2.014 2.012 2.006 
1 1 1 1 1 1 1 1 1 1 1 1 1 1 1 1 1 1 1 1 1 1 1 1 1 1 1 1 1 1 1 1 1 1 1 1 1 1 1 1 1 1 1 1 1 1 1 1 1 1 1 1 1 1 1 1 1 1 1 1 1 1 1 1 1 1 1 1 1 1 1 1 1 1 1 1 1 1 1 1 1 1 1 1 1 1 1 1 1 1 1 1 1 1 1 1 1 1 1 1 1 1 1 1 1 1 1 1 1 1 1 1 1 1 1 1 1 1 1 1 1 1 1 1 1 1 1 1 1 1 1 1 1 1 1 1 1 1 1 1 1 1 1 1 1 1 1 1 1 1 1 1 1 1 1 1 1 1 1 1 1 1 1 1 1 1 1 1 1 1 1 1 1 1 1 1 1 1 1 1 1 1 1 1 1 1 1 1 1 1 1 1 1 1 1 1 1 1 1 1 1 1 1 1 1 1 1 1 1 1 1 1 1 1 1 1 1 1 1 1 1 1 1 1 1 1 1 1 1 1 1 1 1 1 1 1 1 1 1 1 1 1 1 1 1 1 1 1 1 1 1 1 1 1 1 1 1 1 1 1 1 1 1 1 1 1 1 1 1 1 1 1 1 1 1 1 1 1 1 1 1 1 1 1 1 1 1 1 1 1 1 1 1 1 1 1 1 1 1 1 1 1 1 1 1 1 1 1 1 1 1 1 1 1 1 1 1 1 1 1 1 1 1 1 1 1 1 1 1 1 1 1 1 1 1 1 1 1 1 1 1 1 1 1 1 1 1 1 1 1 1 1 1 1 1 1 1 1 1 1 1 1 1 1 1 1 1 1 1 1 1 1 1 1 1 1 1 1 1 1 1 1 1 1 1 1 1 1 1 1 1 1 1 1 1 1 1 1 1 1 1 1 1 1 1 1 1 1 1 1 1 1 1 1 1 1 1 1 1 1 1 1 1 1 1 1 1 1 1 1 1 1 1 1 1 1 1 1 1 1 1 1 1 1 1 1 1 1 1 1 1 1 1 1 1 1 1 1 1 1 1 1 1 1 1 1 1 1 1 1 1 1 1 1 1 1 1 1 1 1 1 1 1 1 1 1 1 1 1 1 1 1 1 1 1 1 1 1 1 1 1 1 1 1 1 1 1 1 1 1 1 1 1 1 1 1 1 1 1 1 1 1 1 1 1 1 1 1 1 1 1 1 1 1 1 1 1 1 1 1 1 1 1 1 1 1 1 1 1 1 1 1 1 1 1 1 1 1 1 1 1 1 1 1 1 1 1 1 1 1 1 1 1 1 1 1 1 1 1 1 1 1 1 1 1 1 1 1 1 1 1 1 1 1 1 1 1 1 1 1 1 1 1 1 1 1 1 1 1 1 1 1 1 1 1 1 1 1 1 1 1 1 1 1 1 1 1 1 1 1 1 1 1 1 1 1 1 1 1 1 1 1 1 1 1 1 1 1 1 1 1 1 1 1 1 1 1 1 1 1 1 1 1 1 1 1 1 1 1 1 1 1 1 1 1 1 1 1 1 1 1 1 
