# This file contains a 2D laser scan observation. 
# Its format is: 
# [aperture] [max_range] [number_of_scans] 
# [vector_of_scans] 
# [vector_of_valid_scans] 
# The aperture of the sensor is in radians, the maximum range 
# and measurements are in meters. '1' means a valid scan, '0' otherwise.
4.1847
5.6
682
1.091 1.096 1.098 1.101 1.103 1.108 1.109 1.11 1.11 1.115 1.117 1.125 1.228 1.228 1.228 1.215 1.209 1.204 1.204 1.205 1.209 1.209 1.21 1.211 1.214 1.223 1.228 1.24 1.25 1.26 1.26 1.264 1.269 1.275 1.277 1.281 1.285 1.285 1.285 1.285 1.294 1.296 1.304 1.308 1.337 1.337 1.337 0.49 0.485 0.479 0.472 0.465 0.458 0.458 0.458 0.458 0.458 0.457 0.456 0.455 0.455 0.447 0.44 0.43 0.422 0.416 0.407 0.406 0.406 0.406 0.399 0.397 0.399 0.401 0.397 0.397 0.399 0.396 0.396 0.392 0.392 0.392 0.394 0.394 0.394 0.389 0.362 0.347 0.347 0.347 0.356 0.356 0.356 0.36 0.356 0.353 0.35 0.353 0.353 0.353 0.353 0.353 0.347 0.347 0.343 0.34 0.337 0.337 0.336 0.335 0.334 0.32 0.317 0.317 0.314 0.317 0.317 0.314 0.314 0.321 0.326 0.332 0.334 0.335 0.338 0.335 0.335 0.335 0.329 0.327 0.324 0.324 0.322 0.316 0.321 0.316 0.316 0.316 0.316 0.316 0.316 0.316 0.313 0.316 0.313 0.312 0.31 0.31 0.31 0.308 0.303 0.293 0.284 0.278 0.276 0.278 0.276 0.276 0.279 0.284 0.285 0.298 0.301 0.301 0.3 0.298 0.297 0.297 0.293 0.291 0.29 0.288 0.288 0.288 0.288 0.288 0.283 0.283 0.283 0.283 0.283 0.285 0.285 0.285 0.285 0.284 0.284 0.287 0.284 0.285 0.287 0.285 0.284 0.284 0.28 0.28 0.28 0.28 0.285 0.286 0.286 0.287 0.288 0.29 0.29 0.29 0.29 0.29 0.29 0.295 0.3 0.3 0.3 0.269 0.263 0.263 0.262 0.262 0.262 0.262 0.262 0.261 0.261 0.258 0.267 0.267 0.267 0.267 0.267 0.267 0.264 0.262 0.262 0.264 0.27 0.27 0.271 0.273 0.274 0.289 0.291 0.291 0.291 0.294 0.296 0.29 0.296 0.296 0.296 0.292 0.292 0.292 0.292 0.291 0.291 0.291 0.291 0.294 0.295 0.294 0.29 0.294 0.299 0.306 0.324 0.324 0.327 0.327 0.328 0.328 0.329 0.334 0.329 0.334 0.335 0.335 0.335 0.335 0.332 0.332 0.333 0.333 0.335 0.338 0.338 0.338 0.34 0.341 0.354 0.357 0.357 0.354 0.349 0.349 0.349 0.348 0.348 0.347 0.344 0.344 0.349 0.348 0.349 0.35 0.353 0.355 0.355 0.355 0.356 0.365 0.365 0.381 0.387 0.389 0.399 0.402 0.402 0.399 0.402 0.407 0.399 0.398 0.387 0.385 0.385 0.386 0.386 0.385 0.38 0.376 0.376 0.376 0.379 0.415 0.42 0.421 0.421 0.427 0.427 0.427 0.428 0.432 0.432 0.434 0.432 0.434 0.436 0.439 0.45 0.473 0.473 0.478 0.482 0.491 0.492 0.5 0.502 0.513 0.527 0.53 0.53 0.53 0.53 0.53 0.531 0.546 0.548 0.557 0.557 0.557 0.536 0.536 0.536 0.536 0.537 0.539 0.565 0.608 0.611 0.612 0.633 0.634 0.661 0.664 0.664 0.663 0.663 0.662 0.662 0.663 0.664 0.691 0.695 0.697 0.697 0.702 0.702 0.755 0.812 0.812 0.812 0.807 0.807 0.807 0.815 0.854 0.88 0.887 0.887 0.89 0.907 0.958 0.967 0.991 1.022 1.022 1.05 1.082 1.083 1.083 1.083 1.085 1.112 1.143 1.156 1.171 1.216 1.235 1.235 1.235 1.193 1.184 1.183 1.183 1.184 1.184 1.177 1.177 1.177 1.177 1.181 1.185 1.189 1.189 1.185 1.185 1.186 1.185 1.185 1.186 1.186 1.191 1.191 1.191 1.191 1.191 1.184 1.193 1.193 1.189 1.186 1.186 1.186 1.186 1.184 1.184 1.181 1.181 1.181 1.181 1.182 1.182 1.182 1.181 1.181 1.181 1.183 1.188 1.188 1.189 1.191 1.191 1.19 1.19 1.19 1.19 1.191 1.198 1.202 1.204 1.207 1.386 1.386 1.386 1.341 1.31 1.285 1.261 1.24 1.207 1.166 1.138 1.108 1.081 1.08 1.076 1.074 1.076 1.076 1.095 1.095 1.095 1.095 1.095 1.095 1.095 1.097 1.309 1.309 1.309 1.248 1.223 1.218 1.205 1.2 1.2 1.2 1.218 1.239 1.239 1.239 1.238 1.238 1.238 1.239 1.259 1.267 1.269 1.278 1.278 1.278 1.27 1.266 1.238 1.238 1.236 1.236 1.232 1.232 1.231 1.231 1.206 1.204 1.202 1.199 1.171 1.155 1.155 1.145 1.136 1.123 1.1 1.09 1.09 1.09 1.108 1.124 1.145 1.158 1.171 1.176 1.18 1.184 1.185 1.185 1.191 1.192 1.193 1.196 1.199 1.199 1.21 1.212 1.227 1.227 1.23 1.238 1.244 1.248 1.256 1.258 1.274 1.283 1.316 1.332 1.339 1.345 1.356 1.363 1.364 1.378 1.38 1.386 1.393 1.421 1.422 1.427 1.439 1.439 1.463 2.085 2.128 2.16 2.16 2.182 2.193 2.215 2.215 2.215 2.182 2.169 2.169 2.169 2.151 2.127 1.74 1.731 1.721 1.699 1.694 1.675 1.674 1.664 1.664 1.659 1.657 1.642 1.64 1.64 1.641 1.641 1.642 1.643 1.645 1.645 1.645 1.653 1.663 1.663 1.664 1.671 1.689 1.703 1.709 1.717 1.741 1.778 2.113 2.113 2.113 2.109 2.108 2.093 2.092 2.091 2.086 2.082 2.079 2.077 2.073 2.072 2.07 2.068 2.062 2.056 2.056 2.054 2.051 2.049 2.049 2.048 2.044 
1 1 1 1 1 1 1 1 1 1 1 1 1 1 1 1 1 1 1 1 1 1 1 1 1 1 1 1 1 1 1 1 1 1 1 1 1 1 1 1 1 1 1 1 1 1 1 1 1 1 1 1 1 1 1 1 1 1 1 1 1 1 1 1 1 1 1 1 1 1 1 1 1 1 1 1 1 1 1 1 1 1 1 1 1 1 1 1 1 1 1 1 1 1 1 1 1 1 1 1 1 1 1 1 1 1 1 1 1 1 1 1 1 1 1 1 1 1 1 1 1 1 1 1 1 1 1 1 1 1 1 1 1 1 1 1 1 1 1 1 1 1 1 1 1 1 1 1 1 1 1 1 1 1 1 1 1 1 1 1 1 1 1 1 1 1 1 1 1 1 1 1 1 1 1 1 1 1 1 1 1 1 1 1 1 1 1 1 1 1 1 1 1 1 1 1 1 1 1 1 1 1 1 1 1 1 1 1 1 1 1 1 1 1 1 1 1 1 1 1 1 1 1 1 1 1 1 1 1 1 1 1 1 1 1 1 1 1 1 1 1 1 1 1 1 1 1 1 1 1 1 1 1 1 1 1 1 1 1 1 1 1 1 1 1 1 1 1 1 1 1 1 1 1 1 1 1 1 1 1 1 1 1 1 1 1 1 1 1 1 1 1 1 1 1 1 1 1 1 1 1 1 1 1 1 1 1 1 1 1 1 1 1 1 1 1 1 1 1 1 1 1 1 1 1 1 1 1 1 1 1 1 1 1 1 1 1 1 1 1 1 1 1 1 1 1 1 1 1 1 1 1 1 1 1 1 1 1 1 1 1 1 1 1 1 1 1 1 1 1 1 1 1 1 1 1 1 1 1 1 1 1 1 1 1 1 1 1 1 1 1 1 1 1 1 1 1 1 1 1 1 1 1 1 1 1 1 1 1 1 1 1 1 1 1 1 1 1 1 1 1 1 1 1 1 1 1 1 1 1 1 1 1 1 1 1 1 1 1 1 1 1 1 1 1 1 1 1 1 1 1 1 1 1 1 1 1 1 1 1 1 1 1 1 1 1 1 1 1 1 1 1 1 1 1 1 1 1 1 1 1 1 1 1 1 1 1 1 1 1 1 1 1 1 1 1 1 1 1 1 1 1 1 1 1 1 1 1 1 1 1 1 1 1 1 1 1 1 1 1 1 1 1 1 1 1 1 1 1 1 1 1 1 1 1 1 1 1 1 1 1 1 1 1 1 1 1 1 1 1 1 1 1 1 1 1 1 1 1 1 1 1 1 1 1 1 1 1 1 1 1 1 1 1 1 1 1 1 1 1 1 1 1 1 1 1 1 1 1 1 1 1 1 1 1 1 1 1 1 1 1 1 1 1 1 1 1 1 1 1 1 1 1 1 1 1 1 1 1 1 1 1 1 1 1 1 1 1 1 1 1 1 1 1 1 1 1 1 1 1 1 1 1 1 1 1 1 1 1 1 1 1 1 1 1 1 1 1 1 1 1 1 1 1 1 1 1 1 1 1 1 1 1 1 1 1 1 1 1 1 1 1 
