# This file contains a 2D laser scan observation. 
# Its format is: 
# [aperture] [max_range] [number_of_scans] 
# [vector_of_scans] 
# [vector_of_valid_scans] 
# The aperture of the sensor is in radians, the maximum range 
# and measurements are in meters. '1' means a valid scan, '0' otherwise.
4.1847
5.6
682
1.275 1.275 1.259 1.242 1.237 1.234 1.232 1.234 1.236 1.236 1.242 1.253 1.253 1.266 1.271 1.276 1.282 1.285 1.286 1.303 1.305 1.307 1.307 1.305 0.516 0.511 0.506 0.484 0.478 0.478 0.475 0.476 0.476 0.474 0.472 0.469 0.467 0.435 0.431 0.428 0.424 0.424 0.423 0.421 0.419 0.414 0.407 0.407 0.405 0.408 0.407 0.407 0.405 0.403 0.399 0.372 0.366 0.364 0.359 0.364 0.362 0.362 0.362 0.362 0.362 0.36 0.357 0.359 0.358 0.354 0.355 0.355 0.348 0.347 0.347 0.339 0.324 0.321 0.315 0.315 0.315 0.319 0.321 0.324 0.334 0.339 0.339 0.339 0.339 0.339 0.338 0.334 0.33 0.327 0.322 0.321 0.321 0.321 0.319 0.321 0.319 0.315 0.315 0.316 0.314 0.315 0.315 0.314 0.31 0.309 0.306 0.305 0.283 0.273 0.267 0.267 0.264 0.267 0.267 0.272 0.272 0.274 0.284 0.289 0.284 0.287 0.29 0.287 0.287 0.287 0.285 0.282 0.279 0.275 0.275 0.271 0.271 0.268 0.268 0.265 0.265 0.263 0.262 0.262 0.26 0.261 0.261 0.261 0.261 0.264 0.264 0.264 0.264 0.259 0.259 0.262 0.262 0.262 0.262 0.259 0.259 0.259 0.259 0.259 0.264 0.259 0.259 0.261 0.259 0.259 0.26 0.26 0.26 0.26 0.255 0.246 0.235 0.229 0.227 0.227 0.228 0.228 0.232 0.232 0.232 0.232 0.227 0.227 0.226 0.223 0.226 0.228 0.229 0.229 0.229 0.231 0.231 0.23 0.232 0.232 0.232 0.234 0.234 0.234 0.235 0.235 0.245 0.247 0.247 0.247 0.247 0.248 0.251 0.251 0.252 0.252 0.252 0.25 0.253 0.249 0.249 0.249 0.247 0.245 0.245 0.245 0.249 0.249 0.249 0.249 0.249 0.249 0.249 0.255 0.257 0.275 0.277 0.281 0.284 0.284 0.284 0.284 0.276 0.276 0.275 0.276 0.283 0.286 0.286 0.286 0.286 0.285 0.282 0.282 0.285 0.285 0.287 0.288 0.287 0.287 0.288 0.29 0.29 0.293 0.296 0.296 0.294 0.296 0.296 0.294 0.294 0.295 0.295 0.295 0.295 0.295 0.295 0.291 0.287 0.286 0.286 0.286 0.286 0.29 0.298 0.299 0.307 0.309 0.307 0.307 0.307 0.307 0.307 0.327 0.332 0.336 0.34 0.342 0.347 0.347 0.35 0.35 0.347 0.351 0.351 0.351 0.342 0.335 0.326 0.322 0.322 0.322 0.322 0.322 0.322 0.325 0.321 0.325 0.328 0.329 0.358 0.364 0.364 0.364 0.37 0.37 0.371 0.373 0.382 0.382 0.382 0.382 0.38 0.378 0.378 0.376 0.376 0.376 0.393 0.414 0.423 0.423 0.423 0.432 0.432 0.432 0.439 0.442 0.46 0.469 0.47 0.473 0.475 0.475 0.475 0.475 0.475 0.475 0.486 0.501 0.503 0.503 0.503 0.491 0.487 0.484 0.484 0.484 0.484 0.484 0.498 0.548 0.553 0.561 0.576 0.581 0.598 0.615 0.618 0.618 0.615 0.61 0.61 0.61 0.613 0.617 0.635 0.645 0.647 0.652 0.652 0.652 0.655 0.732 0.756 0.76 0.76 0.76 0.757 0.76 0.76 0.808 0.831 0.831 0.832 0.832 0.855 0.906 0.912 0.949 0.968 0.973 1.001 1.024 1.027 1.027 1.027 1.04 1.07 1.089 1.105 1.12 1.206 1.206 1.206 1.175 1.143 1.14 1.135 1.131 1.131 1.131 1.131 1.131 1.131 1.131 1.131 1.132 1.135 1.14 1.14 1.141 1.141 1.143 1.149 1.149 1.152 1.152 1.145 1.145 1.145 1.143 1.143 1.143 1.139 1.136 1.135 1.135 1.135 1.135 1.132 1.131 1.131 1.131 1.135 1.138 1.138 1.141 1.138 1.131 1.131 1.14 1.14 1.14 1.142 1.142 1.139 1.139 1.14 1.14 1.142 1.15 1.15 1.152 1.153 1.153 1.16 1.161 1.162 1.31 1.31 1.31 1.301 1.269 1.247 1.221 1.205 1.174 1.148 1.12 1.098 1.074 1.053 1.046 1.039 1.038 1.038 1.039 1.039 1.057 1.057 1.057 1.057 1.057 1.057 1.061 1.064 1.209 1.209 1.209 1.197 1.18 1.169 1.163 1.161 1.163 1.163 1.206 1.206 1.206 1.204 1.204 1.204 1.219 1.224 1.24 1.243 1.25 1.25 1.252 1.252 1.248 1.211 1.211 1.207 1.206 1.206 1.207 1.207 1.206 1.206 1.182 1.179 1.175 1.171 1.153 1.131 1.129 1.118 1.117 1.112 1.105 1.082 1.074 1.074 1.074 1.095 1.111 1.141 1.156 1.159 1.167 1.169 1.169 1.169 1.171 1.178 1.18 1.184 1.189 1.191 1.199 1.206 1.21 1.212 1.22 1.233 1.234 1.238 1.247 1.251 1.265 1.279 1.304 1.321 1.326 1.337 1.351 1.36 1.362 1.371 1.381 1.397 1.407 1.417 1.427 1.428 1.443 1.453 2.146 2.17 2.194 2.194 2.203 2.203 2.203 2.177 2.164 2.164 2.164 0 0 0 1.737 1.711 1.71 1.701 1.674 1.668 1.666 1.661 1.661 1.661 1.65 1.649 1.646 1.642 1.639 1.642 1.642 1.653 1.653 1.656 1.662 1.662 1.674 1.675 1.675 1.679 1.694 1.695 1.727 1.76 1.786 1.955 1.955 2.108 2.108 2.108 2.108 2.107 2.105 2.101 2.1 2.096 2.094 2.091 2.087 2.085 2.083 2.081 2.079 2.074 2.073 2.073 2.072 2.066 2.063 2.061 2.061 2.061 2.061 
1 1 1 1 1 1 1 1 1 1 1 1 1 1 1 1 1 1 1 1 1 1 1 1 1 1 1 1 1 1 1 1 1 1 1 1 1 1 1 1 1 1 1 1 1 1 1 1 1 1 1 1 1 1 1 1 1 1 1 1 1 1 1 1 1 1 1 1 1 1 1 1 1 1 1 1 1 1 1 1 1 1 1 1 1 1 1 1 1 1 1 1 1 1 1 1 1 1 1 1 1 1 1 1 1 1 1 1 1 1 1 1 1 1 1 1 1 1 1 1 1 1 1 1 1 1 1 1 1 1 1 1 1 1 1 1 1 1 1 1 1 1 1 1 1 1 1 1 1 1 1 1 1 1 1 1 1 1 1 1 1 1 1 1 1 1 1 1 1 1 1 1 1 1 1 1 1 1 1 1 1 1 1 1 1 1 1 1 1 1 1 1 1 1 1 1 1 1 1 1 1 1 1 1 1 1 1 1 1 1 1 1 1 1 1 1 1 1 1 1 1 1 1 1 1 1 1 1 1 1 1 1 1 1 1 1 1 1 1 1 1 1 1 1 1 1 1 1 1 1 1 1 1 1 1 1 1 1 1 1 1 1 1 1 1 1 1 1 1 1 1 1 1 1 1 1 1 1 1 1 1 1 1 1 1 1 1 1 1 1 1 1 1 1 1 1 1 1 1 1 1 1 1 1 1 1 1 1 1 1 1 1 1 1 1 1 1 1 1 1 1 1 1 1 1 1 1 1 1 1 1 1 1 1 1 1 1 1 1 1 1 1 1 1 1 1 1 1 1 1 1 1 1 1 1 1 1 1 1 1 1 1 1 1 1 1 1 1 1 1 1 1 1 1 1 1 1 1 1 1 1 1 1 1 1 1 1 1 1 1 1 1 1 1 1 1 1 1 1 1 1 1 1 1 1 1 1 1 1 1 1 1 1 1 1 1 1 1 1 1 1 1 1 1 1 1 1 1 1 1 1 1 1 1 1 1 1 1 1 1 1 1 1 1 1 1 1 1 1 1 1 1 1 1 1 1 1 1 1 1 1 1 1 1 1 1 1 1 1 1 1 1 1 1 1 1 1 1 1 1 1 1 1 1 1 1 1 1 1 1 1 1 1 1 1 1 1 1 1 1 1 1 1 1 1 1 1 1 1 1 1 1 1 1 1 1 1 1 1 1 1 1 1 1 1 1 1 1 1 1 1 1 1 1 1 1 1 1 1 1 1 1 1 1 1 1 1 1 1 1 1 1 1 1 1 1 1 1 1 1 1 1 1 1 1 1 1 1 1 1 1 1 1 1 1 1 1 1 1 1 1 1 1 1 1 1 1 1 1 1 1 1 1 1 1 1 1 1 1 1 1 1 1 1 1 1 1 1 1 1 1 1 1 1 1 1 1 1 1 1 0 0 0 1 1 1 1 1 1 1 1 1 1 1 1 1 1 1 1 1 1 1 1 1 1 1 1 1 1 1 1 1 1 1 1 1 1 1 1 1 1 1 1 1 1 1 1 1 1 1 1 1 1 1 1 1 1 1 1 1 1 1 
