# This file contains a 2D laser scan observation. 
# Its format is: 
# [aperture] [max_range] [number_of_scans] 
# [vector_of_scans] 
# [vector_of_valid_scans] 
# The aperture of the sensor is in radians, the maximum range 
# and measurements are in meters. '1' means a valid scan, '0' otherwise.
4.1847
5.6
682
0.306 0.306 0.306 0.306 0.305 0.302 0.302 0.302 0.302 0.308 0.31 0.309 0.31 0.31 0.31 0.31 0.313 0.313 0.307 0.308 0.307 0.306 0.304 0.301 0.301 0.299 0.299 0.299 0.298 0.298 0.298 0.298 0.297 0.294 0.294 0.297 0.294 0.294 0.294 0.296 0.296 0.297 0.297 0.298 0.297 0.297 0.296 0.3 0.298 0.298 0.297 0.297 0.297 0.296 0.293 0.292 0.288 0.287 0.286 0.286 0.285 0.285 0.285 0.284 0.281 0.274 0.251 0.245 0.244 0.244 0.244 0.25 0.25 0.253 0.253 0.248 0.248 0.256 0.257 0.267 0.29 0.29 0.29 0.29 0.29 0.29 0.292 0.292 0.29 0.29 0.288 0.288 0.289 0.289 0.29 0.295 0.298 0.299 0.301 0.301 0.301 0.301 0.301 0.304 0.304 0.3 0.3 0.303 0.3 0.299 0.299 0.298 0.296 0.298 0.298 0.298 0.304 0.311 0.314 0.315 0.315 0.315 0.314 0.314 0.314 0.311 0.31 0.314 0.31 0.309 0.309 0.311 0.311 0.319 0.323 0.325 0.326 0.326 0.326 0.326 0.33 0.326 0.333 0.333 0.326 0.325 0.316 0.312 0.312 0.312 0.308 0.307 0.307 0.307 0.307 0.307 0.314 0.317 0.323 0.332 0.333 0.333 0.333 0.333 0.331 0.33 0.33 0.33 0.325 0.321 0.321 0.321 0.327 0.327 0.327 0.327 0.327 0.33 0.348 0.355 0.362 0.364 0.374 0.376 0.384 0.384 0.38 0.39 0.38 0.38 0.382 0.39 0.39 0.407 0.408 0.421 0.425 0.428 0.432 0.433 0.438 0.439 0.439 0.439 0.439 0.423 0.421 0.421 0.421 0.426 0.426 0.427 0.427 0.429 0.431 0.433 0.447 0.468 0.472 0.486 0.489 0.49 0.491 0.491 0.491 0.497 0.5 0.5 0.5 0.5 0.5 0.5 0.5 0.5 0.505 0.508 0.557 0.571 0.574 0.574 0.574 0.572 0.571 0.571 0.571 0.622 0.622 0.627 0.627 0.626 0.626 0.627 0.651 0.671 0.675 0.682 0.675 0.678 0.675 0.672 0.672 0.669 0.669 0.674 0.675 0.691 0.719 0.72 0.73 0.743 0.745 0.75 0.755 0.844 0.946 0.946 0.946 0.791 0.77 0.767 0.762 0.762 0.761 0.758 0.758 0.758 0.756 0.756 0.756 0.755 0.755 0.755 0.754 0.752 0.749 0.749 0.749 0.745 0.748 0.748 0.748 0.748 0.752 0.752 0.752 0.752 0.752 0.762 0.762 0.762 0.762 0.766 0.769 0.774 0.774 0.776 0.778 0.778 0.778 0.778 0.777 0.776 0.771 0.771 0.764 0.757 0.757 0.757 0.753 0.753 0.753 0.754 0.752 0.752 0.749 0.749 0.749 0.749 0.752 0.753 0.755 0.755 0.753 0.753 0.753 0.753 0.755 0.755 0.756 0.755 0.755 0.761 0.761 0.758 0.764 0.76 0.76 0.762 0.764 0.766 0.768 0.771 0.771 0.768 0.771 0.77 0.77 0.776 0.776 0.776 0.776 0.779 0.784 0.852 0.892 0.892 0.892 0.872 0.854 0.846 0.834 0.832 0.804 0.8 0.789 0.776 0.769 0.758 0.746 0.737 0.722 0.721 0.704 0.701 0.695 0.694 0.684 0.67 0.67 0.67 0.67 0.674 0.687 0.688 0.688 0.688 0.689 0.689 0.689 0.695 0.7 0.7 0.707 0.706 0.706 0.704 0.706 0.706 0.811 0.811 0.812 0.812 0.812 0.812 0.815 0.821 0.852 0.852 0.856 0.858 0.861 0.864 0.861 0.861 0.861 0.862 0.862 0.867 0.876 0.879 0.896 0.896 0.897 0.904 0.908 0.911 0.911 0.911 0.889 0.881 0.881 0.888 0.881 0.875 0.881 0.881 0.881 0.881 0.881 0.877 0.873 0.869 0.871 0.871 0.869 0.867 0.867 0.845 0.841 0.84 0.84 0.834 0.834 0.834 0.837 0.827 0.825 0.825 0.825 0.812 0.801 0.793 0.793 0.793 0.795 0.797 0.859 0.872 0.88 0.888 0.889 0.893 0.894 0.9 0.907 0.91 0.914 0.917 0.926 0.932 0.935 0.946 0.96 0.968 0.986 0.989 0.996 1.008 1.041 1.089 1.105 1.113 1.122 1.139 1.14 1.168 1.182 1.195 1.205 1.209 1.236 1.914 1.957 1.957 1.957 1.603 1.559 1.551 1.533 1.528 1.527 1.507 1.502 1.496 1.489 1.481 1.481 1.479 1.468 1.468 1.468 1.468 1.469 1.469 1.469 1.47 1.48 1.479 1.48 1.481 1.485 1.505 1.506 1.511 1.517 1.52 1.527 1.55 1.573 1.579 1.623 1.992 1.995 1.997 1.995 1.997 1.997 1.994 1.994 1.995 1.993 1.995 1.995 1.995 1.995 2.001 2.002 2.002 2.002 2.001 2.001 2.001 2.003 2.004 2.006 2.004 2.007 2.009 2.009 2.012 2.013 2.013 2.013 2.017 2.019 2.02 2.02 2.026 2.027 2.027 2.03 2.033 2.034 2.036 2.045 2.046 2.049 2.05 2.058 2.059 2.062 2.065 2.066 2.074 2.076 2.077 2.078 2.083 2.091 2.093 2.099 2.099 2.109 2.113 2.114 2.115 2.124 2.125 2.135 2.136 2.137 2.155 2.158 2.163 2.164 2.168 2.178 2.188 2.19 2.193 2.199 2.21 2.211 2.213 2.226 2.236 2.244 2.246 2.253 2.26 2.275 2.279 2.284 2.298 2.309 2.312 2.316 2.324 2.324 2.333 2.344 2.353 2.379 0 0 0 0 0 0 0 0 0 0 0 0 0 0 0 0 0.007 0 0 
1 1 1 1 1 1 1 1 1 1 1 1 1 1 1 1 1 1 1 1 1 1 1 1 1 1 1 1 1 1 1 1 1 1 1 1 1 1 1 1 1 1 1 1 1 1 1 1 1 1 1 1 1 1 1 1 1 1 1 1 1 1 1 1 1 1 1 1 1 1 1 1 1 1 1 1 1 1 1 1 1 1 1 1 1 1 1 1 1 1 1 1 1 1 1 1 1 1 1 1 1 1 1 1 1 1 1 1 1 1 1 1 1 1 1 1 1 1 1 1 1 1 1 1 1 1 1 1 1 1 1 1 1 1 1 1 1 1 1 1 1 1 1 1 1 1 1 1 1 1 1 1 1 1 1 1 1 1 1 1 1 1 1 1 1 1 1 1 1 1 1 1 1 1 1 1 1 1 1 1 1 1 1 1 1 1 1 1 1 1 1 1 1 1 1 1 1 1 1 1 1 1 1 1 1 1 1 1 1 1 1 1 1 1 1 1 1 1 1 1 1 1 1 1 1 1 1 1 1 1 1 1 1 1 1 1 1 1 1 1 1 1 1 1 1 1 1 1 1 1 1 1 1 1 1 1 1 1 1 1 1 1 1 1 1 1 1 1 1 1 1 1 1 1 1 1 1 1 1 1 1 1 1 1 1 1 1 1 1 1 1 1 1 1 1 1 1 1 1 1 1 1 1 1 1 1 1 1 1 1 1 1 1 1 1 1 1 1 1 1 1 1 1 1 1 1 1 1 1 1 1 1 1 1 1 1 1 1 1 1 1 1 1 1 1 1 1 1 1 1 1 1 1 1 1 1 1 1 1 1 1 1 1 1 1 1 1 1 1 1 1 1 1 1 1 1 1 1 1 1 1 1 1 1 1 1 1 1 1 1 1 1 1 1 1 1 1 1 1 1 1 1 1 1 1 1 1 1 1 1 1 1 1 1 1 1 1 1 1 1 1 1 1 1 1 1 1 1 1 1 1 1 1 1 1 1 1 1 1 1 1 1 1 1 1 1 1 1 1 1 1 1 1 1 1 1 1 1 1 1 1 1 1 1 1 1 1 1 1 1 1 1 1 1 1 1 1 1 1 1 1 1 1 1 1 1 1 1 1 1 1 1 1 1 1 1 1 1 1 1 1 1 1 1 1 1 1 1 1 1 1 1 1 1 1 1 1 1 1 1 1 1 1 1 1 1 1 1 1 1 1 1 1 1 1 1 1 1 1 1 1 1 1 1 1 1 1 1 1 1 1 1 1 1 1 1 1 1 1 1 1 1 1 1 1 1 1 1 1 1 1 1 1 1 1 1 1 1 1 1 1 1 1 1 1 1 1 1 1 1 1 1 1 1 1 1 1 1 1 1 1 1 1 1 1 1 1 1 1 1 1 1 1 1 1 1 1 1 1 1 1 1 1 1 1 1 1 1 1 1 1 1 1 1 1 1 1 1 1 1 1 1 1 1 1 1 1 1 1 1 1 1 1 1 1 1 1 1 1 1 1 1 1 0 0 0 0 0 0 0 0 0 0 0 0 0 0 0 0 0 0 0 
