# This file contains a 2D laser scan observation. 
# Its format is: 
# [aperture] [max_range] [number_of_scans] 
# [vector_of_scans] 
# [vector_of_valid_scans] 
# The aperture of the sensor is in radians, the maximum range 
# and measurements are in meters. '1' means a valid scan, '0' otherwise.
4.1847
5.6
682
0.592 0.593 0.594 0.597 0.6 0.603 0.603 0.603 0.594 0.588 0.582 0.579 0.577 0.577 0.571 0.562 0.562 0.556 0.561 0.561 0.556 0.561 0.561 0.557 0.551 0.555 0.551 0.551 0.555 0.555 0.562 0.563 0.563 0.562 0.56 0.56 0.558 0.558 0.561 0.562 0.562 0.562 0.565 0.567 0.567 0.569 0.569 0.569 0.565 0.57 0.57 0.572 0.572 0.572 0.572 0.575 0.578 0.575 0.575 0.579 0.575 0.575 0.575 0.579 0.579 0.581 0.584 0.586 0.586 0.585 0.585 0.586 0.596 0.604 0.604 0.604 0.603 0.603 0.603 0.603 0.609 0.616 0.617 0.62 0.617 0.621 0.622 0.622 0.624 0.624 0.626 0.63 0.633 0.633 0.636 0.638 0.638 0.639 0.639 0.643 0.644 0.647 0.654 0.658 0.663 0.663 0.664 0.665 0.667 0.67 0.673 0.676 0.678 0.681 0.681 0.689 0.69 0.69 0.696 0.696 0.707 0.714 0.719 0.721 0.723 0.725 0.729 0.734 0.738 0.74 0.743 0.754 0.756 0.757 0.763 0.767 0.77 0.782 0.786 0.791 0.794 0.799 0.81 0.811 0.825 0.83 0.83 0.833 0.833 0.841 0.845 0.851 0.864 0.868 0.884 0.884 0.888 0.898 0.907 0.908 0.921 0.929 0.93 0.941 0.944 0.947 0.963 0.963 0.975 0.981 0.991 1.008 1.018 1.024 1.032 1.047 1.061 1.064 1.074 1.096 1.109 1.126 1.138 1.15 1.171 1.185 1.202 1.205 1.223 1.241 1.254 1.277 1.291 1.327 1.356 1.358 1.389 1.405 1.405 1.406 1.409 1.41 1.411 1.411 1.41 1.41 1.406 1.406 1.406 1.413 1.451 2.237 2.239 2.239 2.239 2.237 2.23 2.228 2.225 2.224 2.22 2.219 2.215 2.211 2.208 2.205 2.201 2.201 2.194 2.194 2.19 2.19 2.189 2.183 2.183 2.181 2.177 2.175 2.171 2.169 2.169 2.166 2.166 2.163 2.162 2.16 2.162 2.162 2.164 2.164 2.164 2.162 2.162 2.162 2.167 2.169 2.17 2.17 2.17 2.17 2.167 2.162 2.155 2.155 2.162 2.163 2.167 2.171 2.173 2.173 2.171 2.173 2.171 2.171 2.173 2.174 2.175 2.182 2.183 2.189 2.191 2.193 2.195 2.198 2.199 2.202 2.205 2.207 2.267 2.838 2.845 2.846 2.847 2.851 2.858 2.861 2.865 2.875 2.877 2.879 2.879 2.889 2.896 2.896 2.896 2.898 2.898 2.347 2.304 2.301 2.269 2.249 2.242 2.242 2.242 2.245 2.248 2.248 2.245 2.24 2.188 2.116 2.1 2.098 2.02 1.933 1.921 1.816 1.695 1.686 1.686 1.686 1.684 1.684 1.676 1.67 1.665 1.624 1.616 1.605 1.586 1.553 1.552 1.551 1.532 1.528 1.514 1.461 1.461 1.408 1.399 0.678 0.672 0.617 0.612 0.611 0.603 0.596 0.586 0.583 0.579 0.578 0.568 0.567 0.567 0.557 0.556 0.548 0.536 0.527 0.512 0.508 0.507 0.506 0.502 0.49 0.485 0.485 0.485 0.487 0.487 0.49 0.49 0.491 0.493 0.493 0.493 0.486 0.486 0.481 0.481 0.481 0.472 0.468 0.466 0.459 0.459 0.458 0.457 0.455 0.455 0.454 0.452 0.452 0.449 0.445 0.437 0.437 0.437 0.437 0.431 0.435 0.429 0.427 0.425 0.425 0.425 0.422 0.42 0.42 0.418 0.415 0.415 0.413 0.411 0.411 0.401 0.401 0.401 0.4 0.4 0.397 0.397 0.397 0.397 0.395 0.395 0.391 0.386 0.386 0.386 0.388 0.388 0.388 0.388 0.388 0.388 0.388 0.388 0.386 0.385 0.384 0.378 0.377 0.377 0.378 0.375 0.375 0.373 0.377 0.373 0.373 0.373 0.374 0.374 0.374 0.374 0.374 0.37 0.368 0.366 0.37 0.366 0.362 0.366 0.367 0.367 0.367 0.368 0.368 0.361 0.361 0.366 0.366 0.366 0.366 0.365 0.364 0.364 0.353 0.354 0.354 0.354 0.355 0.355 0.357 0.361 0.364 0.364 0.366 0.366 0.366 0.366 0.366 0.365 0.362 0.366 0.37 0.37 0.37 0.373 0.376 0.382 0.383 0.386 0.387 0.389 0.391 0.391 0.389 0.386 0.384 0.38 0.374 0.368 0.367 0.368 0.368 0.367 0.367 0.366 0.361 0.361 0.36 0.359 0.36 0.36 0.355 0.359 0.36 0.359 0.357 0.359 0.357 0.357 0.358 0.358 0.358 0.358 0.358 0.358 0.357 0.359 0.361 0.364 0.366 0.366 0.37 0.37 0.37 0.362 0.362 0.362 0.365 0.366 0.368 0.368 0.368 0.369 0.373 0.373 0.373 0.373 0.373 0.374 0.378 0.379 0.379 0.379 0.379 0.38 0.38 0.38 0.382 0.382 0.382 0.382 0.385 0.384 0.387 0.394 0.398 0.399 0.399 0.398 0.398 0.398 0.398 0.395 0.398 0.405 0.403 0.405 0.405 0.406 0.408 0.408 0.409 0.411 0.412 0.413 0.416 0.416 0.418 0.42 0.42 0.425 0.425 0.425 0.426 0.426 0.427 0.427 0.428 0.434 0.431 0.437 0.438 0.441 0.448 0.448 0.449 0.449 0.449 0.461 0.461 0.455 0.456 0.456 0.456 0.458 0.466 0.467 0.47 0.47 0.478 0.479 0.485 0.491 0.492 0.496 0.496 0.5 0.502 0.502 0.509 0.509 0.509 0.506 0.463 0.45 0.447 0.425 0.425 0.424 0.423 0.418 0.418 0.414 0.414 0.414 0.414 0.411 0.408 0.406 0.4 0.397 0.392 0.386 0.386 0.388 0.382 
1 1 1 1 1 1 1 1 1 1 1 1 1 1 1 1 1 1 1 1 1 1 1 1 1 1 1 1 1 1 1 1 1 1 1 1 1 1 1 1 1 1 1 1 1 1 1 1 1 1 1 1 1 1 1 1 1 1 1 1 1 1 1 1 1 1 1 1 1 1 1 1 1 1 1 1 1 1 1 1 1 1 1 1 1 1 1 1 1 1 1 1 1 1 1 1 1 1 1 1 1 1 1 1 1 1 1 1 1 1 1 1 1 1 1 1 1 1 1 1 1 1 1 1 1 1 1 1 1 1 1 1 1 1 1 1 1 1 1 1 1 1 1 1 1 1 1 1 1 1 1 1 1 1 1 1 1 1 1 1 1 1 1 1 1 1 1 1 1 1 1 1 1 1 1 1 1 1 1 1 1 1 1 1 1 1 1 1 1 1 1 1 1 1 1 1 1 1 1 1 1 1 1 1 1 1 1 1 1 1 1 1 1 1 1 1 1 1 1 1 1 1 1 1 1 1 1 1 1 1 1 1 1 1 1 1 1 1 1 1 1 1 1 1 1 1 1 1 1 1 1 1 1 1 1 1 1 1 1 1 1 1 1 1 1 1 1 1 1 1 1 1 1 1 1 1 1 1 1 1 1 1 1 1 1 1 1 1 1 1 1 1 1 1 1 1 1 1 1 1 1 1 1 1 1 1 1 1 1 1 1 1 1 1 1 1 1 1 1 1 1 1 1 1 1 1 1 1 1 1 1 1 1 1 1 1 1 1 1 1 1 1 1 1 1 1 1 1 1 1 1 1 1 1 1 1 1 1 1 1 1 1 1 1 1 1 1 1 1 1 1 1 1 1 1 1 1 1 1 1 1 1 1 1 1 1 1 1 1 1 1 1 1 1 1 1 1 1 1 1 1 1 1 1 1 1 1 1 1 1 1 1 1 1 1 1 1 1 1 1 1 1 1 1 1 1 1 1 1 1 1 1 1 1 1 1 1 1 1 1 1 1 1 1 1 1 1 1 1 1 1 1 1 1 1 1 1 1 1 1 1 1 1 1 1 1 1 1 1 1 1 1 1 1 1 1 1 1 1 1 1 1 1 1 1 1 1 1 1 1 1 1 1 1 1 1 1 1 1 1 1 1 1 1 1 1 1 1 1 1 1 1 1 1 1 1 1 1 1 1 1 1 1 1 1 1 1 1 1 1 1 1 1 1 1 1 1 1 1 1 1 1 1 1 1 1 1 1 1 1 1 1 1 1 1 1 1 1 1 1 1 1 1 1 1 1 1 1 1 1 1 1 1 1 1 1 1 1 1 1 1 1 1 1 1 1 1 1 1 1 1 1 1 1 1 1 1 1 1 1 1 1 1 1 1 1 1 1 1 1 1 1 1 1 1 1 1 1 1 1 1 1 1 1 1 1 1 1 1 1 1 1 1 1 1 1 1 1 1 1 1 1 1 1 1 1 1 1 1 1 1 1 1 1 1 1 1 1 1 1 1 1 1 1 1 1 1 1 1 1 1 1 1 1 1 1 1 1 1 1 1 1 
