# This file contains a 2D laser scan observation. 
# Its format is: 
# [aperture] [max_range] [number_of_scans] 
# [vector_of_scans] 
# [vector_of_valid_scans] 
# The aperture of the sensor is in radians, the maximum range 
# and measurements are in meters. '1' means a valid scan, '0' otherwise.
4.1847
5.6
682
0.638 0.638 0.638 0.64 0.639 0.639 0.64 0.643 0.655 0.655 0.655 0.655 0.655 0.655 0.655 0.655 0.656 0.658 0.658 0.659 0.659 0.662 1.047 1.052 1.052 1.052 1.053 1.069 1.07 1.071 1.078 1.081 1.086 1.089 1.092 1.098 1.107 1.107 1.108 1.116 1.12 1.129 1.134 1.139 1.141 1.143 1.145 1.159 1.166 1.181 1.19 1.195 1.199 1.199 1.205 1.209 1.219 1.227 1.235 1.243 1.244 1.265 1.271 1.273 1.29 1.295 1.295 1.295 1.257 1.228 1.219 1.212 1.21 1.21 1.21 1.203 1.203 1.055 0.919 0.881 0.855 0.849 0.844 0.844 0.84 0.84 0.839 0.834 0.821 0.819 0.818 0.817 0.811 0.809 0.809 0.807 0.807 0.807 0.807 0.807 0.804 0.804 0.804 0.805 0.81 0.811 0.812 0.814 0.815 0.816 0.819 0.832 0.832 0.835 0.838 0.843 0.845 0.85 0.867 0.867 0.883 0.897 0.929 1.186 1.188 1.188 1.186 1.18 1.178 1.177 1.177 1.173 1.167 1.16 1.158 1.156 1.15 1.15 1.15 1.15 1.148 1.144 1.14 1.14 1.138 1.139 1.138 1.138 1.137 1.137 1.135 1.127 1.118 1.118 1.117 1.117 1.116 1.117 1.116 1.112 1.116 1.115 1.109 1.109 1.109 1.109 1.106 1.107 1.107 1.106 1.107 1.107 1.107 1.104 1.104 1.102 1.102 1.101 1.101 1.101 1.1 1.1 1.1 1.1 1.099 1.1 1.1 1.102 1.1 1.102 1.101 1.102 1.102 1.103 1.102 1.102 1.099 1.099 1.098 1.098 1.098 1.096 1.096 1.096 1.096 1.1 1.1 1.1 1.106 1.103 1.107 1.111 1.111 1.112 1.114 1.117 1.12 1.116 1.121 1.123 1.126 1.126 1.128 1.13 1.132 1.13 1.13 1.132 1.132 1.132 1.132 1.136 1.141 1.143 1.143 1.146 1.146 1.151 1.152 1.155 1.155 1.155 1.155 1.156 1.156 1.158 1.169 1.173 1.174 1.185 1.185 1.185 1.185 1.185 1.19 1.191 1.195 1.203 1.206 1.206 1.208 1.213 1.219 1.219 1.223 1.227 1.232 1.232 1.233 1.237 1.241 1.25 1.251 1.252 1.26 1.271 1.277 1.28 1.281 1.283 1.285 1.297 1.298 1.31 1.311 1.315 1.323 1.33 1.339 1.343 1.343 1.355 1.356 1.36 1.375 1.383 1.394 1.397 1.4 1.408 1.416 1.417 1.419 1.433 1.44 1.46 1.463 1.469 1.479 1.479 1.483 1.485 1.486 1.505 1.511 1.526 3.673 3.674 3.708 3.708 3.714 3.755 3.77 3.802 3.805 3.834 3.878 3.894 3.894 3.947 3.989 4.019 3.989 3.989 2.463 2.463 2.447 2.442 2.426 2.415 2.395 2.392 2.381 2.371 2.353 2.347 2.338 2.331 2.32 2.32 2.307 2.296 2.171 2.151 2.091 2.075 2.066 2.045 2.045 2.025 2.016 2.012 1.998 1.973 1.97 1.953 1.948 1.927 1.916 1.906 1.892 1.878 1.877 1.862 1.861 1.839 1.833 1.826 1.813 1.804 1.796 1.792 1.777 1.77 1.763 1.752 1.739 1.737 1.723 1.717 1.715 1.678 1.671 1.671 1.662 1.653 1.652 1.645 1.637 1.631 1.631 1.631 1.631 1.946 1.952 1.952 1.946 1.946 1.94 1.94 1.939 1.931 1.93 1.925 1.924 1.921 1.918 1.918 1.915 1.913 1.913 1.909 1.902 1.902 1.899 1.896 1.895 1.893 1.891 1.867 1.345 1.342 1.333 1.333 1.337 1.337 1.337 1.337 1.337 1.336 1.336 1.334 1.332 1.334 1.335 1.335 1.339 1.341 1.348 1.351 1.352 1.352 1.352 1.352 1.349 1.347 1.344 1.337 1.337 1.337 1.337 1.337 1.337 1.341 1.337 1.336 1.336 1.336 1.335 1.334 1.334 1.336 1.334 1.336 1.34 1.341 1.341 1.349 1.349 1.348 1.349 1.349 1.349 1.356 1.361 1.361 1.361 1.363 1.363 1.371 1.374 1.376 1.383 1.383 1.383 1.383 1.391 1.393 1.393 1.396 1.396 1.4 1.402 1.404 1.404 1.413 1.415 1.417 1.418 1.423 1.426 1.429 1.433 1.436 1.442 1.447 1.456 1.457 1.458 1.461 1.464 1.466 1.476 1.479 1.481 1.482 1.492 1.502 1.505 1.509 1.516 1.52 1.531 1.535 1.535 1.536 1.545 1.549 1.552 1.565 1.566 1.572 1.584 1.585 1.586 1.601 1.608 1.61 1.63 1.63 1.632 1.652 1.653 1.66 1.667 1.671 1.689 1.689 1.694 1.699 1.717 1.723 1.732 1.744 1.745 1.754 1.77 1.775 1.787 1.798 1.814 1.825 1.832 1.843 1.854 1.87 1.88 1.932 1.983 1.99 1.998 2.011 2.033 2.055 2.078 2.102 2.108 2.112 2.12 2.134 2.156 2.208 2.671 2.671 2.671 2.654 2.647 2.644 2.621 2.608 2.595 2.579 2.56 2.541 2.51 2.508 2.508 2.51 2.539 2.539 2.539 2.527 2.516 2.505 2.5 2.493 2.493 2.481 2.465 1.347 1.34 1.337 1.335 1.326 1.326 1.324 1.32 1.319 1.301 1.298 1.298 1.294 1.29 1.278 1.274 1.274 1.271 1.268 1.254 1.254 1.254 1.254 1.254 1.252 1.246 1.241 1.241 1.236 1.228 1.228 1.228 1.226 1.224 1.224 1.224 1.224 1.224 1.22 1.22 1.22 1.22 1.215 1.209 1.207 1.205 1.199 1.196 1.196 1.186 1.18 1.17 1.17 1.18 1.178 1.178 1.178 1.176 1.176 1.176 1.176 1.186 1.187 
1 1 1 1 1 1 1 1 1 1 1 1 1 1 1 1 1 1 1 1 1 1 1 1 1 1 1 1 1 1 1 1 1 1 1 1 1 1 1 1 1 1 1 1 1 1 1 1 1 1 1 1 1 1 1 1 1 1 1 1 1 1 1 1 1 1 1 1 1 1 1 1 1 1 1 1 1 1 1 1 1 1 1 1 1 1 1 1 1 1 1 1 1 1 1 1 1 1 1 1 1 1 1 1 1 1 1 1 1 1 1 1 1 1 1 1 1 1 1 1 1 1 1 1 1 1 1 1 1 1 1 1 1 1 1 1 1 1 1 1 1 1 1 1 1 1 1 1 1 1 1 1 1 1 1 1 1 1 1 1 1 1 1 1 1 1 1 1 1 1 1 1 1 1 1 1 1 1 1 1 1 1 1 1 1 1 1 1 1 1 1 1 1 1 1 1 1 1 1 1 1 1 1 1 1 1 1 1 1 1 1 1 1 1 1 1 1 1 1 1 1 1 1 1 1 1 1 1 1 1 1 1 1 1 1 1 1 1 1 1 1 1 1 1 1 1 1 1 1 1 1 1 1 1 1 1 1 1 1 1 1 1 1 1 1 1 1 1 1 1 1 1 1 1 1 1 1 1 1 1 1 1 1 1 1 1 1 1 1 1 1 1 1 1 1 1 1 1 1 1 1 1 1 1 1 1 1 1 1 1 1 1 1 1 1 1 1 1 1 1 1 1 1 1 1 1 1 1 1 1 1 1 1 1 1 1 1 1 1 1 1 1 1 1 1 1 1 1 1 1 1 1 1 1 1 1 1 1 1 1 1 1 1 1 1 1 1 1 1 1 1 1 1 1 1 1 1 1 1 1 1 1 1 1 1 1 1 1 1 1 1 1 1 1 1 1 1 1 1 1 1 1 1 1 1 1 1 1 1 1 1 1 1 1 1 1 1 1 1 1 1 1 1 1 1 1 1 1 1 1 1 1 1 1 1 1 1 1 1 1 1 1 1 1 1 1 1 1 1 1 1 1 1 1 1 1 1 1 1 1 1 1 1 1 1 1 1 1 1 1 1 1 1 1 1 1 1 1 1 1 1 1 1 1 1 1 1 1 1 1 1 1 1 1 1 1 1 1 1 1 1 1 1 1 1 1 1 1 1 1 1 1 1 1 1 1 1 1 1 1 1 1 1 1 1 1 1 1 1 1 1 1 1 1 1 1 1 1 1 1 1 1 1 1 1 1 1 1 1 1 1 1 1 1 1 1 1 1 1 1 1 1 1 1 1 1 1 1 1 1 1 1 1 1 1 1 1 1 1 1 1 1 1 1 1 1 1 1 1 1 1 1 1 1 1 1 1 1 1 1 1 1 1 1 1 1 1 1 1 1 1 1 1 1 1 1 1 1 1 1 1 1 1 1 1 1 1 1 1 1 1 1 1 1 1 1 1 1 1 1 1 1 1 1 1 1 1 1 1 1 1 1 1 1 1 1 1 1 1 1 1 1 1 1 1 1 1 1 1 1 1 1 1 1 1 1 1 1 1 1 1 1 
