# This file contains a 2D laser scan observation. 
# Its format is: 
# [aperture] [max_range] [number_of_scans] 
# [vector_of_scans] 
# [vector_of_valid_scans] 
# The aperture of the sensor is in radians, the maximum range 
# and measurements are in meters. '1' means a valid scan, '0' otherwise.
4.1847
5.6
682
1.413 1.402 1.391 1.391 1.373 1.368 1.356 1.353 1.349 1.341 1.332 1.323 1.322 1.313 1.308 1.306 1.302 1.294 1.292 1.28 1.271 1.267 1.264 1.256 1.253 1.243 1.237 1.231 1.228 1.226 1.226 1.219 1.214 1.198 1.198 1.196 1.196 1.19 1.184 1.18 1.18 1.178 1.178 1.171 1.163 1.159 1.158 1.152 1.15 1.145 1.14 1.139 1.139 1.137 1.129 1.122 1.119 1.117 1.117 1.119 1.119 1.117 1.111 1.107 1.104 1.097 1.095 1.093 1.092 1.084 1.084 1.081 1.081 1.078 1.081 1.077 1.073 1.073 1.067 1.065 1.067 1.067 1.067 1.068 1.068 1.061 1.054 1.053 1.053 1.053 1.054 1.054 1.054 1.054 1.054 1.051 1.049 1.049 1.048 1.045 1.041 1.041 1.041 1.041 1.041 1.04 1.036 1.036 1.036 1.033 1.042 1.042 1.039 1.038 1.039 1.038 1.038 1.031 1.031 1.031 1.033 1.035 1.035 1.036 1.035 1.036 1.035 1.036 1.043 1.043 1.037 1.037 1.037 1.037 1.037 1.035 1.036 1.036 1.036 1.036 1.036 1.037 1.037 1.046 1.046 1.044 1.044 1.048 1.051 1.051 1.051 1.051 1.054 1.053 1.054 1.055 1.055 1.055 1.055 1.055 1.061 1.062 1.062 1.067 1.062 1.062 1.067 1.073 1.073 1.078 1.078 1.08 1.08 1.08 1.08 1.079 1.079 1.079 1.082 1.09 1.094 1.097 1.102 1.104 1.104 1.118 1.12 1.12 1.123 1.121 1.121 1.126 1.129 1.132 1.135 1.141 1.146 1.146 1.151 1.151 1.16 1.162 1.166 1.167 1.171 1.172 1.174 1.176 1.177 1.177 1.177 1.177 1.195 1.2 1.213 1.214 1.223 1.226 3.035 3.038 3.039 3.044 3.046 3.067 3.079 3.131 3.154 3.167 3.167 3.185 0 0 0 0 0 3.312 3.312 0.007 0 0 0.007 0 0 0 0 0 0 3.517 3.517 3.517 3.519 3.519 3.519 2.122 2.11 2.103 2.089 2.076 2.054 2.053 2.051 2.024 2.008 2.006 1.993 1.981 1.965 1.962 1.946 1.944 1.944 1.924 1.816 1.745 1.695 1.684 1.668 1.65 1.631 1.627 1.618 1.617 1.605 1.578 1.572 1.557 1.537 1.533 1.528 1.505 1.5 1.49 1.474 1.471 1.46 1.458 1.438 1.432 1.431 1.418 1.413 1.4 1.398 1.385 1.377 1.366 1.363 1.358 1.343 1.332 1.324 1.322 1.312 1.309 1.303 1.292 1.286 1.267 1.266 1.253 1.248 1.236 1.232 1.226 1.213 1.213 1.212 1.203 1.199 1.198 1.198 1.198 1.201 1.213 1.524 1.529 1.529 1.529 1.526 1.521 1.52 1.52 1.514 1.509 1.506 1.505 1.504 1.502 1.5 1.5 1.498 1.498 1.491 1.489 1.484 1.484 1.482 1.482 1.479 1.479 1.477 1.477 1.472 1.472 1.47 1.47 1.47 1.47 1.47 1.47 1.46 0.934 0.933 0.931 0.929 0.931 0.931 0.936 0.939 0.939 0.948 0.949 0.952 0.956 0.961 0.961 0.964 0.964 0.961 0.959 0.952 0.945 0.941 0.939 0.937 0.935 0.933 0.932 0.932 0.929 0.928 0.927 0.927 0.929 0.929 0.929 0.931 0.929 0.931 0.925 0.929 0.929 0.931 0.934 0.934 0.94 0.937 0.937 0.937 0.937 0.937 0.937 0.937 0.937 0.937 0.938 0.947 0.948 0.948 0.949 0.949 0.953 0.953 0.957 0.957 0.958 0.962 0.962 0.962 0.963 0.963 0.973 0.975 0.978 0.979 0.979 0.979 0.985 0.985 0.985 0.985 0.989 0.989 0.989 0.991 1.012 1.012 1.016 1.016 1.016 1.017 1.023 1.026 1.026 1.027 1.037 1.037 1.045 1.047 1.052 1.052 1.053 1.053 1.064 1.067 1.07 1.071 1.075 1.087 1.088 1.09 1.092 1.095 1.105 1.111 1.117 1.117 1.118 1.119 1.132 1.136 1.136 1.142 1.15 1.157 1.158 1.168 1.17 1.172 1.178 1.194 1.194 1.195 1.205 1.206 1.219 1.221 1.235 1.236 1.237 1.257 1.26 1.271 1.275 1.277 1.29 1.296 1.303 1.31 1.313 1.326 1.337 1.339 1.354 1.367 1.371 1.378 1.393 1.402 1.419 1.436 1.438 1.453 1.456 1.479 1.485 1.5 1.507 1.518 1.538 1.543 1.559 1.572 1.592 1.602 1.623 1.641 1.647 1.671 1.717 1.785 1.808 1.831 1.881 1.905 1.924 1.926 1.938 1.965 2.011 2.46 2.46 2.46 2.444 2.441 2.419 2.418 2.41 2.374 2.371 2.371 2.371 2.371 2.415 2.415 2.415 2.41 2.402 2.392 2.381 2.381 2.381 2.38 2.372 2.369 2.368 2.356 2.349 2.348 2.348 2.345 2.33 2.329 2.327 2.321 2.317 2.314 2.311 2.31 2.302 2.299 2.295 2.294 2.293 2.29 2.29 2.286 2.276 1.28 1.279 1.279 1.28 1.277 1.277 1.272 1.272 1.271 1.27 1.27 1.262 1.258 1.255 1.254 1.253 1.25 1.25 1.244 1.244 1.242 1.244 1.242 1.242 1.242 1.249 1.245 1.247 1.247 1.246 1.245 1.237 1.237 1.237 1.248 1.252 1.252 1.248 1.25 1.25 1.25 1.25 1.25 1.256 1.248 1.248 1.254 1.255 1.255 1.256 1.26 1.261 1.261 1.256 1.252 1.252 1.24 1.24 1.24 1.247 1.261 1.262 1.262 1.265 1.265 1.269 1.269 1.277 1.279 1.281 1.282 1.288 1.292 1.297 
1 1 1 1 1 1 1 1 1 1 1 1 1 1 1 1 1 1 1 1 1 1 1 1 1 1 1 1 1 1 1 1 1 1 1 1 1 1 1 1 1 1 1 1 1 1 1 1 1 1 1 1 1 1 1 1 1 1 1 1 1 1 1 1 1 1 1 1 1 1 1 1 1 1 1 1 1 1 1 1 1 1 1 1 1 1 1 1 1 1 1 1 1 1 1 1 1 1 1 1 1 1 1 1 1 1 1 1 1 1 1 1 1 1 1 1 1 1 1 1 1 1 1 1 1 1 1 1 1 1 1 1 1 1 1 1 1 1 1 1 1 1 1 1 1 1 1 1 1 1 1 1 1 1 1 1 1 1 1 1 1 1 1 1 1 1 1 1 1 1 1 1 1 1 1 1 1 1 1 1 1 1 1 1 1 1 1 1 1 1 1 1 1 1 1 1 1 1 1 1 1 1 1 1 1 1 1 1 1 1 1 1 1 1 1 1 1 1 1 1 1 1 1 1 1 1 1 1 1 1 0 0 0 0 0 1 1 0 0 0 0 0 0 0 0 0 0 1 1 1 1 1 1 1 1 1 1 1 1 1 1 1 1 1 1 1 1 1 1 1 1 1 1 1 1 1 1 1 1 1 1 1 1 1 1 1 1 1 1 1 1 1 1 1 1 1 1 1 1 1 1 1 1 1 1 1 1 1 1 1 1 1 1 1 1 1 1 1 1 1 1 1 1 1 1 1 1 1 1 1 1 1 1 1 1 1 1 1 1 1 1 1 1 1 1 1 1 1 1 1 1 1 1 1 1 1 1 1 1 1 1 1 1 1 1 1 1 1 1 1 1 1 1 1 1 1 1 1 1 1 1 1 1 1 1 1 1 1 1 1 1 1 1 1 1 1 1 1 1 1 1 1 1 1 1 1 1 1 1 1 1 1 1 1 1 1 1 1 1 1 1 1 1 1 1 1 1 1 1 1 1 1 1 1 1 1 1 1 1 1 1 1 1 1 1 1 1 1 1 1 1 1 1 1 1 1 1 1 1 1 1 1 1 1 1 1 1 1 1 1 1 1 1 1 1 1 1 1 1 1 1 1 1 1 1 1 1 1 1 1 1 1 1 1 1 1 1 1 1 1 1 1 1 1 1 1 1 1 1 1 1 1 1 1 1 1 1 1 1 1 1 1 1 1 1 1 1 1 1 1 1 1 1 1 1 1 1 1 1 1 1 1 1 1 1 1 1 1 1 1 1 1 1 1 1 1 1 1 1 1 1 1 1 1 1 1 1 1 1 1 1 1 1 1 1 1 1 1 1 1 1 1 1 1 1 1 1 1 1 1 1 1 1 1 1 1 1 1 1 1 1 1 1 1 1 1 1 1 1 1 1 1 1 1 1 1 1 1 1 1 1 1 1 1 1 1 1 1 1 1 1 1 1 1 1 1 1 1 1 1 1 1 1 1 1 1 1 1 1 1 1 1 1 1 1 1 1 1 1 1 1 1 1 1 1 1 1 1 1 1 1 1 1 1 1 1 1 1 1 1 1 1 
