# This file contains a 2D laser scan observation. 
# Its format is: 
# [aperture] [max_range] [number_of_scans] 
# [vector_of_scans] 
# [vector_of_valid_scans] 
# The aperture of the sensor is in radians, the maximum range 
# and measurements are in meters. '1' means a valid scan, '0' otherwise.
4.1847
5.6
682
1.555 1.547 1.53 1.507 1.498 1.464 1.456 1.438 1.431 1.408 1.395 1.384 1.368 1.354 1.343 1.332 1.317 1.313 1.301 1.289 1.275 1.273 1.252 1.244 1.236 1.223 1.206 1.194 1.19 1.187 1.174 1.16 1.153 1.149 1.141 1.137 1.12 1.12 1.11 1.102 1.096 1.095 1.094 1.081 1.068 1.058 1.054 1.049 1.048 1.034 1.02 1.019 1.014 1.013 1.007 1.006 1.003 0.995 0.983 0.982 0.978 0.975 0.971 0.959 0.958 0.955 0.955 0.941 0.936 0.933 0.932 0.927 0.926 0.925 0.924 0.92 0.918 0.918 0.91 0.895 0.894 0.894 0.889 0.883 0.882 0.882 0.88 0.878 0.874 0.87 0.868 0.864 0.864 0.862 0.859 0.856 0.854 0.852 0.851 0.846 0.844 0.837 0.837 0.836 0.836 0.833 0.832 0.83 0.828 0.827 0.822 0.822 0.821 0.818 0.814 0.812 0.808 0.808 0.808 0.808 0.807 0.8 0.8 0.8 0.797 0.797 0.792 0.792 0.792 0.79 0.79 0.787 0.786 0.786 0.786 0.786 0.786 0.785 0.784 0.782 0.782 0.778 0.778 0.777 0.778 0.777 0.779 0.778 0.778 0.776 0.776 0.776 0.776 0.773 0.771 0.771 0.771 0.771 0.77 0.771 0.772 0.772 0.77 0.769 0.767 0.767 0.769 0.765 0.77 0.77 0.764 0.764 0.764 0.763 0.754 0.744 0.744 0.744 0.745 0.746 0.751 0.752 0.752 0.754 0.754 0.755 0.757 0.76 0.76 0.766 0.766 0.767 0.798 0 0 0 0 0 0 0 0 0 0 0 0 0 0 0 0 0 0 0.007 0 0 0 0 3.53 3.514 3.53 0 3.454 3.454 3.447 3.389 3.32 3.265 3.185 3.105 3.046 2.983 2.916 2.878 2.813 2.769 2.728 2.685 2.649 2.604 2.558 2.558 2.508 2.472 2.453 2.439 2.439 2.452 2.453 2.459 2.474 2.478 2.49 2.501 2.505 2.516 2.517 2.525 2.542 2.548 2.574 2.581 2.584 2.6 2.608 2.614 2.622 2.637 2.64 2.657 2.661 2.671 2.685 2.691 2.697 2.712 2.73 2.743 2.747 2.759 2.772 2.772 2.772 1.504 1.481 1.473 1.47 1.457 1.431 1.429 1.418 1.406 1.405 1.391 1.376 1.361 1.36 1.342 1.334 1.325 1.313 1.303 1.294 1.289 1.127 1.1 1.098 1.062 1.039 1.023 1.02 1.01 0.998 0.982 0.978 0.966 0.957 0.953 0.952 0.952 0.949 0.93 0.928 0.914 0.908 0.903 0.889 0.888 0.875 0.858 0.858 0.857 0.845 0.84 0.837 0.832 0.819 0.804 0.803 0.798 0.792 0.783 0.782 0.777 0.777 0.775 0.768 0.755 0.751 0.749 0.739 0.739 0.738 0.735 0.721 0.721 0.719 0.707 0.702 0.7 0.697 0.697 0.695 0.694 0.681 0.681 0.68 0.678 0.673 0.668 0.658 0.656 0.656 0.656 0.656 0.649 0.648 0.645 0.645 0.636 0.633 0.632 0.617 0.614 0.614 0.613 0.611 0.605 0.599 0.599 0.598 0.597 0.594 0.594 0.593 0.591 0.584 0.581 0.579 0.576 0.575 0.572 0.572 0.569 0.568 0.569 0.568 0.561 0.559 0.559 0.559 0.56 0.559 0.559 0.56 0.566 0.572 0.577 0.587 0.83 0.877 0.878 0.878 0.878 0.877 0.876 0.876 0.878 0.878 0.878 0.878 0.878 0.878 0.878 0.878 0.873 0.872 0.872 0.871 0.872 0.871 0.872 0.872 0.872 0.873 0.873 0.874 0.874 0.872 0.872 0.871 0.868 0.871 0.872 0.872 0.872 0.872 0.877 0.878 0.878 0.878 0.879 0.88 0.88 0.88 0.88 0.88 0.88 0.882 0.882 0.882 0.883 0.884 0.887 0.887 0.891 0.892 0.895 0.895 0.896 0.896 0.896 0.889 0.864 0.858 0.839 0.828 0.807 0.789 0.772 0.755 0.739 0.724 0.71 0.693 0.69 0.674 0.667 0.64 0.636 0.627 0.617 0.605 0.602 0.586 0.582 0.572 0.566 0.553 0.544 0.535 0.531 0.525 0.521 0.512 0.506 0.502 0.495 0.489 0.488 0.488 0.481 0.478 0.462 0.459 0.457 0.456 0.451 0.449 0.448 0.438 0.435 0.435 0.435 0.434 0.434 0.423 0.422 0.422 0.418 0.418 0.422 0.424 0.432 0.432 0.432 0.432 0.435 0.435 0.435 0.435 0.437 0.439 0.448 0.448 0.448 0.448 0.45 0.451 0.456 0.456 0.458 0.46 0.465 0.468 0.471 0.472 0.472 0.473 0.476 0.482 0.487 0.487 0.489 0.494 0.495 0.5 0.501 0.502 0.511 0.513 0.514 0.514 0.524 0.525 0.527 0.529 0.538 0.542 0.542 0.548 0.556 0.558 0.565 0.566 0.574 0.575 0.579 0.587 0.589 0.597 0.598 0.6 0.603 0.608 0.615 0.623 0.624 0.64 0.643 0.643 0.654 0.655 0.657 0.668 0.681 0.688 0.697 0.704 0.711 0.714 0.72 0.732 0.742 0.747 0.761 0.764 0.782 0.788 0.803 0.818 0.838 0.84 0.857 0.861 0.88 0.887 0.899 0.914 0.942 0.948 0.956 0.981 0.995 1.021 1.03 1.058 1.079 1.098 1.121 1.151 1.159 1.181 1.207 1.24 1.255 1.298 1.323 1.35 1.386 1.413 1.462 1.5 1.565 1.603 1.645 1.736 2.473 2.478 2.492 2.492 2.52 2.534 2.538 2.543 2.538 2.534 2.533 2.532 2.531 2.529 2.531 2.529 2.528 
1 1 1 1 1 1 1 1 1 1 1 1 1 1 1 1 1 1 1 1 1 1 1 1 1 1 1 1 1 1 1 1 1 1 1 1 1 1 1 1 1 1 1 1 1 1 1 1 1 1 1 1 1 1 1 1 1 1 1 1 1 1 1 1 1 1 1 1 1 1 1 1 1 1 1 1 1 1 1 1 1 1 1 1 1 1 1 1 1 1 1 1 1 1 1 1 1 1 1 1 1 1 1 1 1 1 1 1 1 1 1 1 1 1 1 1 1 1 1 1 1 1 1 1 1 1 1 1 1 1 1 1 1 1 1 1 1 1 1 1 1 1 1 1 1 1 1 1 1 1 1 1 1 1 1 1 1 1 1 1 1 1 1 1 1 1 1 1 1 1 1 1 1 1 1 1 1 1 1 1 1 1 1 1 1 1 1 1 1 1 1 1 1 0 0 0 0 0 0 0 0 0 0 0 0 0 0 0 0 0 0 0 0 0 0 0 1 1 1 0 1 1 1 1 1 1 1 1 1 1 1 1 1 1 1 1 1 1 1 1 1 1 1 1 1 1 1 1 1 1 1 1 1 1 1 1 1 1 1 1 1 1 1 1 1 1 1 1 1 1 1 1 1 1 1 1 1 1 1 1 1 1 1 1 1 1 1 1 1 1 1 1 1 1 1 1 1 1 1 1 1 1 1 1 1 1 1 1 1 1 1 1 1 1 1 1 1 1 1 1 1 1 1 1 1 1 1 1 1 1 1 1 1 1 1 1 1 1 1 1 1 1 1 1 1 1 1 1 1 1 1 1 1 1 1 1 1 1 1 1 1 1 1 1 1 1 1 1 1 1 1 1 1 1 1 1 1 1 1 1 1 1 1 1 1 1 1 1 1 1 1 1 1 1 1 1 1 1 1 1 1 1 1 1 1 1 1 1 1 1 1 1 1 1 1 1 1 1 1 1 1 1 1 1 1 1 1 1 1 1 1 1 1 1 1 1 1 1 1 1 1 1 1 1 1 1 1 1 1 1 1 1 1 1 1 1 1 1 1 1 1 1 1 1 1 1 1 1 1 1 1 1 1 1 1 1 1 1 1 1 1 1 1 1 1 1 1 1 1 1 1 1 1 1 1 1 1 1 1 1 1 1 1 1 1 1 1 1 1 1 1 1 1 1 1 1 1 1 1 1 1 1 1 1 1 1 1 1 1 1 1 1 1 1 1 1 1 1 1 1 1 1 1 1 1 1 1 1 1 1 1 1 1 1 1 1 1 1 1 1 1 1 1 1 1 1 1 1 1 1 1 1 1 1 1 1 1 1 1 1 1 1 1 1 1 1 1 1 1 1 1 1 1 1 1 1 1 1 1 1 1 1 1 1 1 1 1 1 1 1 1 1 1 1 1 1 1 1 1 1 1 1 1 1 1 1 1 1 1 1 1 1 1 1 1 1 1 1 1 1 1 1 1 1 1 1 1 1 1 1 1 1 1 1 1 1 1 1 1 1 1 1 1 1 1 1 1 1 1 1 1 1 1 1 1 1 1 1 1 1 1 1 
