# This file contains a 2D laser scan observation. 
# Its format is: 
# [aperture] [max_range] [number_of_scans] 
# [vector_of_scans] 
# [vector_of_valid_scans] 
# The aperture of the sensor is in radians, the maximum range 
# and measurements are in meters. '1' means a valid scan, '0' otherwise.
4.1847
5.6
682
0.591 0.593 0.598 0.599 0.6 0.599 0.598 0.598 0.597 0.586 0.583 0.581 0.581 0.578 0.571 0.568 0.567 0.567 0.566 0.562 0.562 0.559 0.559 0.559 0.563 0.551 0.555 0.555 0.555 0.555 0.555 0.559 0.566 0.566 0.566 0.566 0.562 0.561 0.561 0.565 0.565 0.569 0.569 0.568 0.568 0.568 0.568 0.572 0.573 0.573 0.573 0.574 0.575 0.575 0.575 0.575 0.575 0.577 0.578 0.581 0.58 0.58 0.581 0.584 0.586 0.586 0.586 0.588 0.591 0.586 0.591 0.592 0.593 0.597 0.597 0.601 0.601 0.609 0.609 0.61 0.61 0.612 0.616 0.617 0.617 0.618 0.621 0.622 0.622 0.628 0.63 0.631 0.632 0.632 0.638 0.641 0.641 0.641 0.642 0.642 0.649 0.651 0.652 0.655 0.661 0.664 0.666 0.676 0.677 0.682 0.682 0.683 0.683 0.688 0.689 0.691 0.698 0.698 0.704 0.704 0.704 0.708 0.713 0.721 0.721 0.724 0.726 0.733 0.739 0.744 0.744 0.746 0.758 0.763 0.765 0.769 0.777 0.778 0.781 0.788 0.793 0.794 0.801 0.807 0.813 0.819 0.822 0.825 0.832 0.842 0.843 0.862 0.868 0.872 0.876 0.885 0.892 0.9 0.906 0.918 0.918 0.93 0.933 0.938 0.95 0.956 0.967 0.967 0.973 0.986 0.993 1 1.009 1.023 1.026 1.039 1.057 1.065 1.084 1.094 1.101 1.129 1.137 1.157 1.162 1.178 1.188 1.208 1.222 1.242 1.258 1.268 1.283 1.32 1.354 1.363 1.389 1.405 1.417 1.417 1.417 1.417 1.417 1.414 1.407 1.403 1.407 1.407 1.41 1.412 1.456 2.237 2.247 2.247 2.247 2.229 2.229 2.229 2.226 2.218 2.216 2.214 2.21 2.21 2.208 2.205 2.205 2.205 2.199 2.194 2.193 2.189 2.186 2.184 2.181 2.18 2.179 2.179 2.178 2.17 2.17 2.167 2.17 2.164 2.163 2.163 2.153 2.153 2.153 2.154 2.156 2.158 2.16 2.17 2.176 2.176 2.172 2.173 2.173 2.172 2.167 2.16 2.157 2.157 2.158 2.158 2.158 2.165 2.17 2.17 2.172 2.175 2.175 2.176 2.177 2.18 2.181 2.181 2.183 2.189 2.192 2.195 2.196 2.196 2.197 2.199 2.207 2.214 2.261 2.833 2.843 2.849 2.855 2.857 2.858 2.859 2.864 2.866 2.873 2.885 2.885 2.889 2.894 2.894 2.891 2.889 2.349 2.312 2.306 2.302 2.271 2.243 2.242 2.242 2.242 2.253 2.26 2.26 2.253 2.238 2.181 2.108 2.1 2.097 2.017 1.936 1.925 1.817 1.687 1.687 1.687 1.685 1.683 1.683 1.672 1.669 1.665 1.624 1.611 1.609 1.588 1.554 1.547 1.547 1.537 1.536 1.516 1.46 1.46 1.407 1.397 0.678 0.663 0.62 0.608 0.602 0.602 0.589 0.589 0.587 0.587 0.579 0.578 0.569 0.562 0.558 0.553 0.548 0.546 0.541 0.521 0.516 0.513 0.504 0.501 0.499 0.496 0.484 0.494 0.489 0.489 0.491 0.494 0.491 0.491 0.489 0.487 0.48 0.479 0.478 0.475 0.474 0.474 0.472 0.472 0.466 0.465 0.465 0.46 0.46 0.457 0.457 0.452 0.455 0.45 0.449 0.449 0.449 0.448 0.441 0.44 0.439 0.433 0.433 0.433 0.433 0.428 0.42 0.418 0.418 0.418 0.418 0.418 0.413 0.411 0.411 0.41 0.408 0.405 0.397 0.405 0.403 0.397 0.397 0.403 0.394 0.394 0.395 0.395 0.39 0.393 0.39 0.387 0.385 0.385 0.385 0.385 0.385 0.384 0.383 0.381 0.384 0.381 0.38 0.378 0.378 0.375 0.375 0.376 0.376 0.376 0.378 0.376 0.375 0.375 0.374 0.373 0.37 0.368 0.37 0.37 0.368 0.368 0.368 0.367 0.366 0.366 0.362 0.364 0.364 0.366 0.364 0.364 0.36 0.36 0.36 0.36 0.36 0.358 0.358 0.358 0.358 0.358 0.362 0.362 0.362 0.362 0.362 0.362 0.364 0.364 0.366 0.366 0.368 0.366 0.368 0.37 0.373 0.374 0.374 0.375 0.376 0.383 0.387 0.389 0.392 0.392 0.395 0.397 0.397 0.39 0.39 0.379 0.37 0.37 0.366 0.365 0.365 0.365 0.364 0.364 0.364 0.355 0.355 0.355 0.355 0.362 0.365 0.365 0.362 0.362 0.362 0.362 0.362 0.364 0.364 0.364 0.362 0.361 0.361 0.359 0.359 0.359 0.36 0.36 0.366 0.365 0.365 0.366 0.366 0.366 0.367 0.367 0.372 0.372 0.372 0.372 0.372 0.372 0.375 0.375 0.375 0.374 0.374 0.374 0.376 0.377 0.378 0.377 0.378 0.38 0.38 0.379 0.381 0.379 0.379 0.389 0.389 0.386 0.39 0.388 0.388 0.39 0.392 0.392 0.393 0.394 0.393 0.394 0.399 0.401 0.399 0.4 0.401 0.401 0.408 0.408 0.409 0.412 0.412 0.414 0.416 0.418 0.418 0.419 0.419 0.42 0.422 0.422 0.423 0.423 0.428 0.43 0.431 0.434 0.434 0.434 0.437 0.439 0.441 0.445 0.447 0.447 0.451 0.457 0.457 0.457 0.458 0.458 0.46 0.464 0.468 0.471 0.472 0.476 0.479 0.485 0.49 0.493 0.497 0.498 0.5 0.502 0.505 0.506 0.509 0.51 0.51 0.51 0.472 0.462 0.446 0.435 0.427 0.426 0.422 0.419 0.419 0.418 0.414 0.418 0.419 0.418 0.413 0.413 0.407 0.398 0.386 0.385 0.384 0.384 0.384 
1 1 1 1 1 1 1 1 1 1 1 1 1 1 1 1 1 1 1 1 1 1 1 1 1 1 1 1 1 1 1 1 1 1 1 1 1 1 1 1 1 1 1 1 1 1 1 1 1 1 1 1 1 1 1 1 1 1 1 1 1 1 1 1 1 1 1 1 1 1 1 1 1 1 1 1 1 1 1 1 1 1 1 1 1 1 1 1 1 1 1 1 1 1 1 1 1 1 1 1 1 1 1 1 1 1 1 1 1 1 1 1 1 1 1 1 1 1 1 1 1 1 1 1 1 1 1 1 1 1 1 1 1 1 1 1 1 1 1 1 1 1 1 1 1 1 1 1 1 1 1 1 1 1 1 1 1 1 1 1 1 1 1 1 1 1 1 1 1 1 1 1 1 1 1 1 1 1 1 1 1 1 1 1 1 1 1 1 1 1 1 1 1 1 1 1 1 1 1 1 1 1 1 1 1 1 1 1 1 1 1 1 1 1 1 1 1 1 1 1 1 1 1 1 1 1 1 1 1 1 1 1 1 1 1 1 1 1 1 1 1 1 1 1 1 1 1 1 1 1 1 1 1 1 1 1 1 1 1 1 1 1 1 1 1 1 1 1 1 1 1 1 1 1 1 1 1 1 1 1 1 1 1 1 1 1 1 1 1 1 1 1 1 1 1 1 1 1 1 1 1 1 1 1 1 1 1 1 1 1 1 1 1 1 1 1 1 1 1 1 1 1 1 1 1 1 1 1 1 1 1 1 1 1 1 1 1 1 1 1 1 1 1 1 1 1 1 1 1 1 1 1 1 1 1 1 1 1 1 1 1 1 1 1 1 1 1 1 1 1 1 1 1 1 1 1 1 1 1 1 1 1 1 1 1 1 1 1 1 1 1 1 1 1 1 1 1 1 1 1 1 1 1 1 1 1 1 1 1 1 1 1 1 1 1 1 1 1 1 1 1 1 1 1 1 1 1 1 1 1 1 1 1 1 1 1 1 1 1 1 1 1 1 1 1 1 1 1 1 1 1 1 1 1 1 1 1 1 1 1 1 1 1 1 1 1 1 1 1 1 1 1 1 1 1 1 1 1 1 1 1 1 1 1 1 1 1 1 1 1 1 1 1 1 1 1 1 1 1 1 1 1 1 1 1 1 1 1 1 1 1 1 1 1 1 1 1 1 1 1 1 1 1 1 1 1 1 1 1 1 1 1 1 1 1 1 1 1 1 1 1 1 1 1 1 1 1 1 1 1 1 1 1 1 1 1 1 1 1 1 1 1 1 1 1 1 1 1 1 1 1 1 1 1 1 1 1 1 1 1 1 1 1 1 1 1 1 1 1 1 1 1 1 1 1 1 1 1 1 1 1 1 1 1 1 1 1 1 1 1 1 1 1 1 1 1 1 1 1 1 1 1 1 1 1 1 1 1 1 1 1 1 1 1 1 1 1 1 1 1 1 1 1 1 1 1 1 1 1 1 1 1 1 1 1 1 1 1 1 1 1 1 1 1 1 1 1 1 1 1 1 1 1 1 1 1 1 1 1 1 1 1 
