# This file contains a 2D laser scan observation. 
# Its format is: 
# [aperture] [max_range] [number_of_scans] 
# [vector_of_scans] 
# [vector_of_valid_scans] 
# The aperture of the sensor is in radians, the maximum range 
# and measurements are in meters. '1' means a valid scan, '0' otherwise.
4.1847
5.6
682
0.688 0.679 0.677 0.677 0.672 0.672 0.668 0.668 0.667 0.667 0.667 0.659 0.659 0.658 0.658 0.651 0.651 0.648 0.646 0.646 0.646 0.646 0.646 0.64 0.64 0.637 0.636 0.636 0.634 0.634 0.625 0.625 0.625 0.618 0.618 0.628 0.622 0.622 0.622 0.621 0.616 0.616 0.615 0.615 0.615 0.611 0.611 0.617 0.611 0.611 0.613 0.611 0.611 0.611 0.611 0.611 0.611 0.611 0.61 0.609 0.609 0.609 0.609 0.609 0.602 0.602 0.602 0.603 0.603 0.603 0.605 0.605 0.606 0.609 0.61 0.609 0.606 0.603 0.603 0.603 0.603 0.605 0.605 0.605 0.606 0.605 0.604 0.605 0.604 0.604 0.602 0.604 0.604 0.602 0.601 0.604 0.604 0.605 0.61 0.61 0.605 0.606 0.606 0.606 0.606 0.606 0.61 0.61 0.606 0.61 0.61 0.613 0.609 0.612 0.612 0.612 0.612 0.612 0.615 0.605 0.618 0.617 0.618 0.618 0.62 0.62 0.62 0.621 0.621 0.621 0.621 0.621 0.624 0.622 0.624 0.627 0.627 0.629 0.631 0.629 0.631 0.632 0.635 0.636 0.637 0.637 0.637 0.643 0.644 0.646 0.646 0.646 0.648 0.648 0.648 0.651 0.655 0.655 0.656 0.657 0.659 0.661 0.662 0.662 0.662 0.668 0.676 0.676 0.676 0.678 0.68 0.685 0.686 0.69 0.692 0.692 0.692 0.7 0.701 0.702 0.702 0.704 0.71 0.714 0.717 0.718 0.72 0.724 0.726 0.73 0.733 0.738 0.745 0.745 0.747 0.748 0.748 0.75 0.754 0.757 0.762 0.766 0.769 0.772 0.773 0.776 0.782 0.791 0.791 0.799 0.801 0.801 0.812 0.82 0.821 0.827 0.828 0.834 0.837 0.842 0.849 0.85 0.854 0.857 0.868 0.879 0.881 0.886 0.892 0.9 0.9 0.903 0.903 0.905 0.913 0.922 0.924 0.964 0.007 1.782 1.782 1.782 1.775 1.774 1.765 1.756 1.754 1.751 1.748 1.74 1.731 1.723 1.72 1.718 1.717 1.706 1.701 1.7 1.694 1.687 1.683 1.683 1.677 1.672 1.651 1.641 1.64 1.639 1.63 1.63 1.625 1.622 1.619 1.619 1.622 1.624 1.647 1.647 1.647 1.634 1.627 1.62 1.62 1.62 1.638 1.641 1.667 1.667 1.775 1.812 1.829 1.829 1.83 1.83 1.83 1.83 1.827 1.827 1.832 1.836 1.836 1.838 2.186 0.007 0.006 0.007 0.006 0 0 0 0 0 0 0 0.007 5.421 5.421 5.421 5.421 0.007 0 0.007 0 0 0 0 0 0 0.006 0.006 0.006 0.007 0 0.007 0 0.007 0 0 0 0 0 0 0 0 0 0 0.007 0 0.007 0 0 0 0 0 0 0 0 0 0 2.459 2.459 2.443 2.015 1.919 1.919 1.892 1.888 1.82 1.817 1.817 1.819 1.819 1.819 1.819 1.819 1.819 1.819 1.79 1.725 1.673 1.632 1.59 1.552 1.512 1.474 1.435 1.398 1.369 1.342 1.313 1.285 1.25 1.239 1.203 1.186 1.16 1.135 1.109 1.096 1.076 1.057 1.039 1.029 1.009 0.994 0.973 0.964 0.952 0.939 0.924 0.915 0.892 0.89 0.881 0.87 0.854 0.851 0.84 0.816 0.815 0.809 0.798 0.797 0.773 0.769 0.762 0.762 0.767 0.769 0.771 0.777 0.785 0.785 0.785 0.784 0.783 0.783 0.784 0.79 0.793 0.804 0.805 0.805 0.806 0.819 0.821 0.832 0.832 0.839 0.842 0.844 0.851 0.859 0.862 0.863 0.872 0.873 0.874 0.884 0.887 0.891 0.905 0.907 0.91 0.911 0.92 0.921 0.922 0.946 0.957 0.961 0.98 0.98 0.984 0.989 0.993 1.007 1.012 1.018 1.028 1.035 1.036 1.05 1.055 1.064 1.078 1.086 1.1 1.103 1.121 1.122 1.122 1.135 1.153 1.164 1.169 1.176 1.19 1.2 1.209 1.216 1.241 1.244 1.259 1.271 1.278 1.286 1.295 1.316 1.331 1.341 1.366 1.389 1.39 1.394 1.395 1.4 1.402 1.412 1.433 1.454 1.49 1.505 1.535 1.544 1.548 1.574 1.621 1.662 1.689 1.711 1.735 1.764 1.788 1.822 1.847 1.877 1.907 1.947 1.97 2.002 2.049 2.092 2.114 2.168 2.207 2.244 2.284 2.312 2.578 2.604 2.604 2.604 2.661 3.328 3.328 3.328 3.328 3.33 3.352 3.352 3.366 3.366 3.528 3.664 3.775 3.775 4.087 4.268 4.413 4.363 4.363 4.363 4.304 4.218 4.218 4.218 4.255 4.267 4.36 4.36 4.36 4.357 4.352 4.351 4.349 4.349 4.346 4.345 4.343 4.338 4.333 4.327 4.326 4.322 4.322 4.322 4.322 4.325 4.326 4.326 4.329 4.328 4.328 4.328 4.329 4.328 4.326 4.326 4.292 4.274 4.274 4.271 3.509 3.231 3.225 3.225 3.206 3.225 0.007 3.163 2.385 2.311 2.202 2.132 2.071 2.005 1.923 1.891 1.833 1.787 1.735 1.694 1.651 1.605 1.577 1.528 1.492 1.454 1.428 1.393 1.364 1.345 1.324 1.292 1.266 1.24 1.212 1.192 1.172 1.149 1.127 1.114 1.094 1.075 1.062 1.044 1.025 1.013 0.991 0.978 0.964 0.955 0.942 0.926 0.921 0.904 0.895 0.882 0.879 0.867 0.853 0.849 0.837 0.825 0.821 0.812 0.809 0.798 0.794 0.784 0.776 
1 1 1 1 1 1 1 1 1 1 1 1 1 1 1 1 1 1 1 1 1 1 1 1 1 1 1 1 1 1 1 1 1 1 1 1 1 1 1 1 1 1 1 1 1 1 1 1 1 1 1 1 1 1 1 1 1 1 1 1 1 1 1 1 1 1 1 1 1 1 1 1 1 1 1 1 1 1 1 1 1 1 1 1 1 1 1 1 1 1 1 1 1 1 1 1 1 1 1 1 1 1 1 1 1 1 1 1 1 1 1 1 1 1 1 1 1 1 1 1 1 1 1 1 1 1 1 1 1 1 1 1 1 1 1 1 1 1 1 1 1 1 1 1 1 1 1 1 1 1 1 1 1 1 1 1 1 1 1 1 1 1 1 1 1 1 1 1 1 1 1 1 1 1 1 1 1 1 1 1 1 1 1 1 1 1 1 1 1 1 1 1 1 1 1 1 1 1 1 1 1 1 1 1 1 1 1 1 1 1 1 1 1 1 1 1 1 1 1 1 1 1 1 1 1 1 1 1 1 1 1 1 1 1 1 1 1 1 0 1 1 1 1 1 1 1 1 1 1 1 1 1 1 1 1 1 1 1 1 1 1 1 1 1 1 1 1 1 1 1 1 1 1 1 1 1 1 1 1 1 1 1 1 1 1 1 1 1 1 1 1 1 1 1 1 1 1 1 1 1 1 1 1 0 0 0 0 0 0 0 0 0 0 0 0 1 1 1 1 0 0 0 0 0 0 0 0 0 0 0 0 0 0 0 0 0 0 0 0 0 0 0 0 0 0 0 0 0 0 0 0 0 0 0 0 0 0 0 0 1 1 1 1 1 1 1 1 1 1 1 1 1 1 1 1 1 1 1 1 1 1 1 1 1 1 1 1 1 1 1 1 1 1 1 1 1 1 1 1 1 1 1 1 1 1 1 1 1 1 1 1 1 1 1 1 1 1 1 1 1 1 1 1 1 1 1 1 1 1 1 1 1 1 1 1 1 1 1 1 1 1 1 1 1 1 1 1 1 1 1 1 1 1 1 1 1 1 1 1 1 1 1 1 1 1 1 1 1 1 1 1 1 1 1 1 1 1 1 1 1 1 1 1 1 1 1 1 1 1 1 1 1 1 1 1 1 1 1 1 1 1 1 1 1 1 1 1 1 1 1 1 1 1 1 1 1 1 1 1 1 1 1 1 1 1 1 1 1 1 1 1 1 1 1 1 1 1 1 1 1 1 1 1 1 1 1 1 1 1 1 1 1 1 1 1 1 1 1 1 1 1 1 1 1 1 1 1 1 1 1 1 1 1 1 1 1 1 1 1 1 1 1 1 1 1 1 1 1 1 1 1 1 1 1 1 1 1 1 1 1 1 1 1 1 1 1 1 1 1 1 1 1 1 1 1 1 1 1 1 0 1 1 1 1 1 1 1 1 1 1 1 1 1 1 1 1 1 1 1 1 1 1 1 1 1 1 1 1 1 1 1 1 1 1 1 1 1 1 1 1 1 1 1 1 1 1 1 1 1 1 1 1 1 1 1 1 1 1 1 1 1 1 
