# This file contains a 2D laser scan observation. 
# Its format is: 
# [aperture] [max_range] [number_of_scans] 
# [vector_of_scans] 
# [vector_of_valid_scans] 
# The aperture of the sensor is in radians, the maximum range 
# and measurements are in meters. '1' means a valid scan, '0' otherwise.
4.1847
5.6
682
0.688 0.682 0.682 0.678 0.677 0.676 0.675 0.67 0.667 0.663 0.663 0.662 0.66 0.656 0.652 0.652 0.651 0.651 0.648 0.648 0.646 0.646 0.644 0.644 0.643 0.637 0.637 0.637 0.637 0.637 0.633 0.631 0.63 0.63 0.63 0.63 0.622 0.621 0.621 0.62 0.618 0.618 0.617 0.617 0.612 0.612 0.612 0.612 0.609 0.612 0.609 0.609 0.609 0.609 0.602 0.602 0.601 0.602 0.604 0.608 0.604 0.604 0.602 0.6 0.6 0.599 0.597 0.595 0.594 0.594 0.595 0.596 0.599 0.599 0.601 0.601 0.601 0.601 0.601 0.601 0.599 0.599 0.599 0.599 0.599 0.599 0.599 0.597 0.597 0.594 0.594 0.594 0.594 0.593 0.594 0.594 0.594 0.597 0.598 0.598 0.599 0.603 0.603 0.603 0.603 0.599 0.599 0.604 0.604 0.599 0.604 0.603 0.601 0.601 0.601 0.601 0.601 0.6 0.6 0.602 0.602 0.602 0.603 0.603 0.605 0.605 0.606 0.605 0.606 0.611 0.611 0.615 0.616 0.615 0.617 0.62 0.62 0.621 0.621 0.62 0.62 0.62 0.62 0.62 0.625 0.625 0.625 0.625 0.626 0.631 0.631 0.632 0.634 0.634 0.638 0.638 0.638 0.638 0.642 0.643 0.644 0.643 0.647 0.65 0.65 0.657 0.657 0.658 0.658 0.66 0.663 0.664 0.664 0.667 0.671 0.673 0.677 0.679 0.681 0.687 0.688 0.688 0.688 0.689 0.689 0.691 0.693 0.699 0.701 0.706 0.706 0.707 0.71 0.715 0.719 0.724 0.728 0.728 0.733 0.733 0.737 0.737 0.742 0.742 0.745 0.747 0.752 0.753 0.754 0.764 0.764 0.777 0.783 0.783 0.784 0.786 0.8 0.803 0.803 0.803 0.81 0.81 0.817 0.82 0.829 0.839 0.839 0.839 0.836 0.836 0.836 0.852 0.854 0.856 0.893 0.898 1.743 1.73 1.733 1.733 1.733 1.73 1.725 1.712 1.705 1.699 1.698 1.692 1.683 1.678 1.675 1.667 1.65 1.649 1.646 1.645 1.637 1.635 1.631 1.624 1.62 1.609 1.604 1.604 1.601 1.601 1.575 1.572 1.57 1.564 1.56 1.551 1.549 1.549 1.537 1.536 1.536 1.537 1.572 1.572 1.572 1.562 1.557 1.545 1.539 1.539 1.539 1.56 1.59 1.623 1.623 1.623 1.675 1.714 1.753 1.753 1.756 1.756 1.751 1.746 1.751 1.748 1.746 1.746 1.748 1.748 2.087 2.172 4.777 4.777 4.855 0 0 0 0 0 0 0 0 0.007 5.335 5.335 0 0.006 0.006 0.006 0.007 0 0 0 0 0 0 0.006 0.006 0.006 0 0 5.315 0 0.007 0 5.251 5.251 5.251 5.251 0 0 0 0.007 0 0 0 0.007 0 0 0 0 0 0 0.007 0 0 0 0 0 2.389 2.389 0.007 1.924 1.924 1.813 1.808 1.76 1.742 1.742 1.738 1.741 1.738 1.741 1.741 1.744 1.744 1.744 1.721 1.675 1.62 1.571 1.538 1.496 1.464 1.428 1.393 1.369 1.336 1.303 1.289 1.264 1.231 1.211 1.184 1.165 1.152 1.114 1.105 1.079 1.07 1.044 1.034 1.009 0.993 0.981 0.974 0.965 0.937 0.934 0.917 0.909 0.889 0.884 0.883 0.862 0.851 0.848 0.838 0.822 0.82 0.808 0.794 0.79 0.782 0.767 0.761 0.752 0.745 0.744 0.743 0.73 0.711 0.711 0.705 0.699 0.699 0.708 0.708 0.716 0.724 0.729 0.729 0.729 0.723 0.723 0.723 0.728 0.734 0.736 0.74 0.745 0.745 0.749 0.754 0.767 0.769 0.783 0.785 0.795 0.796 0.8 0.806 0.806 0.81 0.822 0.826 0.831 0.836 0.841 0.849 0.85 0.859 0.862 0.862 0.871 0.881 0.886 0.912 0.92 0.925 0.932 0.932 0.937 0.949 0.962 0.962 0.981 0.989 0.993 1.007 1.016 1.017 1.031 1.034 1.042 1.048 1.068 1.082 1.084 1.098 1.098 1.113 1.127 1.131 1.143 1.167 1.174 1.183 1.188 1.205 1.217 1.23 1.231 1.262 1.273 1.282 1.293 1.319 1.359 1.36 1.361 1.363 1.366 1.377 1.385 1.412 1.491 1.497 1.528 1.528 1.528 1.539 1.636 1.665 1.687 1.687 1.717 1.74 1.781 1.813 1.834 1.879 1.916 1.962 1.999 2.037 2.093 2.132 2.183 2.233 2.272 2.283 2.56 2.574 2.61 3.313 3.314 3.314 3.314 3.315 3.348 3.348 3.366 3.366 3.381 3.642 3.814 0 4.352 4.409 4.41 4.409 4.352 4.3 4.205 4.205 4.205 4.212 4.231 4.358 4.358 4.359 4.361 4.359 4.356 4.359 4.352 4.349 4.352 4.344 4.343 4.339 4.339 4.334 4.332 4.33 4.33 4.33 4.332 4.332 4.334 4.334 4.334 4.334 4.335 4.337 4.338 4.338 4.342 4.338 4.304 4.304 0 0 0 0 3.225 3.225 3.211 3.209 3.185 3.175 3.09 2.448 2.377 2.314 2.22 2.156 2.111 2.048 2.007 1.959 1.922 1.874 1.829 1.788 1.742 1.706 1.677 1.633 1.602 1.567 1.543 1.517 1.471 1.455 1.421 1.402 1.378 1.343 1.331 1.309 1.288 1.266 1.241 1.224 1.208 1.191 1.173 1.153 1.144 1.131 1.098 1.096 1.082 1.064 1.048 1.029 1.028 1.021 1.004 0.989 0.975 0.966 0.961 
1 1 1 1 1 1 1 1 1 1 1 1 1 1 1 1 1 1 1 1 1 1 1 1 1 1 1 1 1 1 1 1 1 1 1 1 1 1 1 1 1 1 1 1 1 1 1 1 1 1 1 1 1 1 1 1 1 1 1 1 1 1 1 1 1 1 1 1 1 1 1 1 1 1 1 1 1 1 1 1 1 1 1 1 1 1 1 1 1 1 1 1 1 1 1 1 1 1 1 1 1 1 1 1 1 1 1 1 1 1 1 1 1 1 1 1 1 1 1 1 1 1 1 1 1 1 1 1 1 1 1 1 1 1 1 1 1 1 1 1 1 1 1 1 1 1 1 1 1 1 1 1 1 1 1 1 1 1 1 1 1 1 1 1 1 1 1 1 1 1 1 1 1 1 1 1 1 1 1 1 1 1 1 1 1 1 1 1 1 1 1 1 1 1 1 1 1 1 1 1 1 1 1 1 1 1 1 1 1 1 1 1 1 1 1 1 1 1 1 1 1 1 1 1 1 1 1 1 1 1 1 1 1 1 1 1 1 1 1 1 1 1 1 1 1 1 1 1 1 1 1 1 1 1 1 1 1 1 1 1 1 1 1 1 1 1 1 1 1 1 1 1 1 1 1 1 1 1 1 1 1 1 1 1 1 1 1 1 1 1 1 1 1 1 1 1 1 1 1 1 1 1 1 1 1 1 1 1 1 1 1 0 0 0 0 0 0 0 0 0 1 1 0 0 0 0 0 0 0 0 0 0 0 0 0 0 0 0 1 0 0 0 1 1 1 1 0 0 0 0 0 0 0 0 0 0 0 0 0 0 0 0 0 0 0 0 1 1 0 1 1 1 1 1 1 1 1 1 1 1 1 1 1 1 1 1 1 1 1 1 1 1 1 1 1 1 1 1 1 1 1 1 1 1 1 1 1 1 1 1 1 1 1 1 1 1 1 1 1 1 1 1 1 1 1 1 1 1 1 1 1 1 1 1 1 1 1 1 1 1 1 1 1 1 1 1 1 1 1 1 1 1 1 1 1 1 1 1 1 1 1 1 1 1 1 1 1 1 1 1 1 1 1 1 1 1 1 1 1 1 1 1 1 1 1 1 1 1 1 1 1 1 1 1 1 1 1 1 1 1 1 1 1 1 1 1 1 1 1 1 1 1 1 1 1 1 1 1 1 1 1 1 1 1 1 1 1 1 1 1 1 1 1 1 1 1 1 1 1 1 1 1 1 1 1 1 1 1 1 1 1 1 1 1 1 1 1 1 1 1 1 1 1 1 1 1 1 1 1 1 1 1 1 1 0 1 1 1 1 1 1 1 1 1 1 1 1 1 1 1 1 1 1 1 1 1 1 1 1 1 1 1 1 1 1 1 1 1 1 1 1 1 1 1 1 1 1 1 1 0 0 0 0 1 1 1 1 1 1 1 1 1 1 1 1 1 1 1 1 1 1 1 1 1 1 1 1 1 1 1 1 1 1 1 1 1 1 1 1 1 1 1 1 1 1 1 1 1 1 1 1 1 1 1 1 1 1 1 1 1 1 1 
