# This file contains a 2D laser scan observation. 
# Its format is: 
# [aperture] [max_range] [number_of_scans] 
# [vector_of_scans] 
# [vector_of_valid_scans] 
# The aperture of the sensor is in radians, the maximum range 
# and measurements are in meters. '1' means a valid scan, '0' otherwise.
4.1847
5.6
682
0.644 0.643 0.642 0.637 0.637 0.626 0.623 0.622 0.617 0.612 0.612 0.612 0.605 0.603 0.603 0.602 0.6 0.593 0.591 0.591 0.585 0.585 0.584 0.584 0.583 0.578 0.578 0.574 0.572 0.569 0.565 0.565 0.563 0.563 0.56 0.554 0.554 0.553 0.554 0.554 0.554 0.551 0.551 0.549 0.548 0.546 0.545 0.539 0.539 0.538 0.538 0.537 0.535 0.533 0.53 0.532 0.53 0.529 0.529 0.522 0.522 0.52 0.52 0.52 0.52 0.516 0.515 0.514 0.515 0.514 0.514 0.515 0.515 0.511 0.51 0.51 0.51 0.51 0.51 0.51 0.51 0.509 0.509 0.509 0.509 0.507 0.506 0.507 0.507 0.507 0.507 0.507 0.507 0.503 0.502 0.502 0.502 0.501 0.501 0.501 0.501 0.497 0.496 0.497 0.497 0.497 0.497 0.498 0.497 0.497 0.499 0.499 0.499 0.499 0.499 0.499 0.498 0.497 0.497 0.497 0.497 0.497 0.497 0.499 0.497 0.497 0.497 0.497 0.497 0.497 0.499 0.502 0.502 0.499 0.503 0.503 0.497 0.495 0.497 0.497 0.497 0.497 0.499 0.499 0.499 0.499 0.5 0.503 0.5 0.504 0.504 0.504 0.504 0.504 0.506 0.506 0.506 0.503 0.504 0.504 0.504 0.504 0.504 0.498 0.494 0.484 0.482 0.48 0.48 0.48 0.485 0.493 0.493 0.493 0.494 0.494 0.494 0.502 0.501 0.501 0.5 0.5 0.5 0.5 0.505 0.505 0.509 0.512 0.513 0.514 0.514 0.522 0.538 1.759 1.759 1.759 1.72 1.712 1.689 1.686 1.676 1.664 1.65 1.645 1.645 1.636 1.634 1.626 1.624 1.62 1.619 1.617 1.61 1.609 1.609 1.549 1.493 1.476 1.469 1.462 1.446 1.432 1.427 1.419 1.409 1.408 1.402 1.402 1.39 1.381 1.371 1.369 1.361 1.35 1.338 1.328 1.325 1.323 1.306 1.305 1.299 1.287 1.271 1.267 1.264 1.255 1.255 1.236 1.236 1.229 1.225 1.218 1.203 1.202 1.2 1.199 1.192 1.182 1.176 1.176 1.173 1.171 1.162 1.153 1.138 1.135 1.134 1.132 1.125 1.118 1.118 1.108 1.101 1.091 1.083 1.081 1.081 1.071 1.068 1.065 1.06 1.06 1.059 1.047 1.047 1.045 1.045 1.045 1.061 1.096 1.098 1.096 1.096 1.059 1.058 1.058 1.048 1.047 1.046 1.042 1.042 1.047 1.054 1.059 1.071 1.075 1.085 1.092 1.1 1.128 1.163 1.169 1.193 1.218 1.237 1.256 1.256 1.258 1.258 1.242 1.242 1.242 1.24 1.24 1.24 1.24 1.238 1.236 1.233 1.233 1.236 1.533 1.597 1.629 1.629 4.251 4.257 0 0 0 0 4.246 4.246 4.246 0 0 0 0 0 0 0 0.007 0 4.844 4.788 4.778 4.778 4.778 4.778 4.78 4.797 4.797 4.797 4.813 0 0 0 0 0.007 0 0 0 0 0 0 0.007 0 0 0 0 0 0 0 0 0 0.006 0.006 0.006 0 0 0 0 0 0 0.008 0 0 0.007 0 0 0 0 0 0 0 1.943 1.943 1.943 0 0 0 0.007 0 1.612 1.442 1.442 1.441 1.374 1.336 1.336 1.336 1.335 1.335 1.282 1.278 1.275 1.276 1.271 1.276 1.271 1.276 1.271 1.277 1.277 1.281 1.286 1.288 1.288 1.288 1.272 1.245 1.226 1.202 1.184 1.182 1.158 1.141 1.13 1.115 1.095 1.085 1.065 1.058 1.039 1.035 1.018 1.009 0.989 0.983 0.977 0.967 0.957 0.944 0.931 0.93 0.923 0.905 0.897 0.888 0.884 0.88 0.872 0.856 0.853 0.849 0.84 0.832 0.831 0.823 0.816 0.806 0.804 0.802 0.791 0.79 0.775 0.774 0.773 0.76 0.758 0.748 0.748 0.741 0.74 0.735 0.73 0.729 0.721 0.715 0.713 0.71 0.705 0.705 0.701 0.689 0.685 0.681 0.678 0.674 0.673 0.664 0.662 0.662 0.66 0.657 0.655 0.649 0.644 0.642 0.641 0.638 0.638 0.634 0.63 0.624 0.619 0.615 0.615 0.613 0.61 0.61 0.61 0.61 0.61 0.61 0.608 0.601 0.597 0.593 0.59 0.586 0.585 0.584 0.585 0.584 0.581 0.581 0.581 0.577 0.577 0.568 0.568 0.568 0.568 0.565 0.558 0.556 0.553 0.556 0.557 0.553 0.553 0.555 0.552 0.55 0.548 0.548 0.544 0.543 0.541 0.541 0.541 0.536 0.536 0.536 0.536 0.536 0.536 0.535 0.532 0.535 0.532 0.528 0.53 0.529 0.528 0.528 0.529 0.528 0.522 0.521 0.521 0.52 0.52 0.51 0.502 0.501 0.5 0.498 0.5 0.5 0.5 0.506 0.507 0.543 0.544 0.546 0.693 0.753 0.757 1.138 0.007 1.317 1.316 1.317 1.317 1.321 1.392 1.578 2.058 2.287 2.287 4.457 4.463 4.463 4.457 4.376 4.376 4.274 4.272 4.272 4.274 4.337 4.439 4.442 4.444 4.45 4.449 4.449 4.449 4.447 4.447 4.447 4.447 4.454 4.455 4.454 4.454 4.455 4.456 4.458 4.465 4.465 4.473 4.477 4.479 4.482 4.484 4.487 4.487 4.494 4.495 4.524 0 0.007 0 0 0 0 3.668 3.668 3.595 3.517 3.419 3.419 3.403 3.397 3.397 3.397 3.397 3.397 3.399 
1 1 1 1 1 1 1 1 1 1 1 1 1 1 1 1 1 1 1 1 1 1 1 1 1 1 1 1 1 1 1 1 1 1 1 1 1 1 1 1 1 1 1 1 1 1 1 1 1 1 1 1 1 1 1 1 1 1 1 1 1 1 1 1 1 1 1 1 1 1 1 1 1 1 1 1 1 1 1 1 1 1 1 1 1 1 1 1 1 1 1 1 1 1 1 1 1 1 1 1 1 1 1 1 1 1 1 1 1 1 1 1 1 1 1 1 1 1 1 1 1 1 1 1 1 1 1 1 1 1 1 1 1 1 1 1 1 1 1 1 1 1 1 1 1 1 1 1 1 1 1 1 1 1 1 1 1 1 1 1 1 1 1 1 1 1 1 1 1 1 1 1 1 1 1 1 1 1 1 1 1 1 1 1 1 1 1 1 1 1 1 1 1 1 1 1 1 1 1 1 1 1 1 1 1 1 1 1 1 1 1 1 1 1 1 1 1 1 1 1 1 1 1 1 1 1 1 1 1 1 1 1 1 1 1 1 1 1 1 1 1 1 1 1 1 1 1 1 1 1 1 1 1 1 1 1 1 1 1 1 1 1 1 1 1 1 1 1 1 1 1 1 1 1 1 1 1 1 1 1 1 1 1 1 1 1 1 1 1 1 1 1 1 1 1 1 1 1 1 1 1 1 1 1 1 1 1 1 1 1 1 1 1 1 1 1 1 1 1 1 1 1 1 1 1 1 1 1 1 1 1 1 1 1 1 1 1 0 0 0 0 1 1 1 0 0 0 0 0 0 0 0 0 1 1 1 1 1 1 1 1 1 1 1 0 0 0 0 0 0 0 0 0 0 0 0 0 0 0 0 0 0 0 0 0 0 0 0 0 0 0 0 0 0 0 0 0 0 0 0 0 0 0 0 0 1 1 1 0 0 0 0 0 1 1 1 1 1 1 1 1 1 1 1 1 1 1 1 1 1 1 1 1 1 1 1 1 1 1 1 1 1 1 1 1 1 1 1 1 1 1 1 1 1 1 1 1 1 1 1 1 1 1 1 1 1 1 1 1 1 1 1 1 1 1 1 1 1 1 1 1 1 1 1 1 1 1 1 1 1 1 1 1 1 1 1 1 1 1 1 1 1 1 1 1 1 1 1 1 1 1 1 1 1 1 1 1 1 1 1 1 1 1 1 1 1 1 1 1 1 1 1 1 1 1 1 1 1 1 1 1 1 1 1 1 1 1 1 1 1 1 1 1 1 1 1 1 1 1 1 1 1 1 1 1 1 1 1 1 1 1 1 1 1 1 1 1 1 1 1 1 1 1 1 1 1 1 1 1 1 1 1 1 1 1 1 1 1 1 1 1 1 1 1 1 1 1 1 1 1 1 0 1 1 1 1 1 1 1 1 1 1 1 1 1 1 1 1 1 1 1 1 1 1 1 1 1 1 1 1 1 1 1 1 1 1 1 1 1 1 1 1 1 1 1 1 1 1 1 1 1 1 1 0 0 0 0 0 0 1 1 1 1 1 1 1 1 1 1 1 1 1 
