# This file contains a 2D laser scan observation. 
# Its format is: 
# [aperture] [max_range] [number_of_scans] 
# [vector_of_scans] 
# [vector_of_valid_scans] 
# The aperture of the sensor is in radians, the maximum range 
# and measurements are in meters. '1' means a valid scan, '0' otherwise.
4.1847
5.6
682
0.594 0.593 0.587 0.582 0.577 0.577 0.572 0.571 0.562 0.562 0.56 0.56 0.56 0.559 0.555 0.553 0.552 0.552 0.546 0.544 0.543 0.54 0.537 0.534 0.533 0.531 0.526 0.524 0.522 0.519 0.515 0.515 0.511 0.511 0.511 0.509 0.507 0.506 0.502 0.502 0.502 0.502 0.498 0.498 0.493 0.491 0.491 0.488 0.487 0.487 0.487 0.486 0.482 0.482 0.48 0.48 0.479 0.479 0.479 0.474 0.474 0.471 0.469 0.469 0.467 0.467 0.467 0.467 0.468 0.468 0.468 0.465 0.465 0.465 0.459 0.465 0.465 0.46 0.458 0.456 0.456 0.456 0.456 0.457 0.459 0.457 0.457 0.457 0.455 0.454 0.455 0.457 0.454 0.451 0.454 0.451 0.451 0.45 0.453 0.447 0.452 0.45 0.45 0.441 0.42 0.42 0.42 0.424 0.424 0.424 0.412 0.412 0.412 0.414 0.416 0.416 0.416 0.417 0.417 0.415 0.415 0.415 0.415 0.415 0.419 0.419 0.416 0.416 0.416 0.416 0.418 0.419 0.42 0.427 0.433 0.433 0.427 0.427 0.427 0.425 0.425 0.425 0.425 0.433 2.678 2.76 2.765 2.76 2.765 2.767 2.77 2.772 2.772 2.77 2.766 2.766 2.766 2.784 2.784 2.784 2.717 2.69 2.62 2.537 2.498 2.469 2.389 2.341 2.341 2.292 2.242 2.165 2.122 2.089 2.056 2.014 1.985 1.96 1.918 1.887 1.85 1.827 1.789 1.773 1.753 1.721 1.702 1.675 1.62 1.593 1.574 1.551 1.547 1.543 1.526 1.511 1.508 1.497 1.492 1.487 1.483 1.479 1.475 1.472 1.461 1.459 1.457 1.456 1.397 1.354 1.338 1.326 1.309 1.302 1.291 1.28 1.272 1.26 1.259 1.255 1.248 1.234 1.226 1.216 1.199 1.199 1.188 1.177 1.172 1.169 1.164 1.145 1.139 1.132 1.125 1.114 1.11 1.104 1.098 1.082 1.076 1.073 1.064 1.064 1.059 1.042 1.039 1.035 1.033 1.018 1.015 1.006 1.006 1.003 0.991 0.99 0.98 0.979 0.977 0.974 0.964 0.96 0.957 0.95 0.949 0.948 0.944 0.94 0.924 0.916 0.913 0.911 0.909 0.899 0.895 0.894 0.892 0.892 0.879 0.877 0.877 0.873 0.867 0.865 0.865 0.865 0.865 0.874 0.887 0.91 0.91 0.91 0.902 0.886 0.884 0.873 0.87 0.862 0.857 0.857 0.856 0.856 0.856 0.865 0.872 0.882 0.891 0.892 0.905 0.907 0.91 0.913 0.928 0.956 0.972 0.974 0.992 1.01 1.026 1.047 1.058 1.058 1.058 1.056 1.047 1.047 1.048 1.047 1.047 1.043 1.043 1.043 1.043 1.042 1.044 1.043 1.043 1.049 1.281 1.371 1.395 1.395 1.432 4.066 4.085 0 0 0 0 0 4.055 4.055 4.055 0 0 0 0.008 0 0 0.008 4.66 4.66 0.007 0 0.007 0 0 0 0 0 0 0 0.007 0 0.006 0.007 0 0 0.007 0 0 0 0.006 0.006 0.006 0.007 0 0 0 0 0 0 0 0 0 0 0 0.007 0 0 0.007 0 0 0 0 0 0 0.015 0.015 0 0 0 0 0 0 0 0.007 0 0 0 0 1.765 1.765 0.007 0 0 0.007 1.584 1.546 1.439 1.439 1.369 1.369 0.007 1.306 1.201 1.186 1.172 1.172 1.172 1.179 1.18 1.182 1.182 1.421 1.421 1.143 1.121 1.119 1.119 1.117 1.114 1.119 1.12 1.123 1.125 1.129 1.131 1.133 1.135 1.138 1.138 1.138 1.122 1.111 1.105 1.09 1.073 1.057 1.052 1.038 1.022 1.02 1.007 1.001 0.985 0.983 0.966 0.962 0.957 0.954 0.941 0.931 0.922 0.915 0.914 0.893 0.889 0.885 0.882 0.868 0.866 0.863 0.859 0.845 0.842 0.839 0.836 0.826 0.818 0.814 0.812 0.812 0.807 0.799 0.795 0.791 0.784 0.782 0.776 0.773 0.769 0.755 0.755 0.753 0.747 0.742 0.738 0.733 0.732 0.732 0.731 0.73 0.728 0.718 0.714 0.71 0.709 0.706 0.695 0.693 0.693 0.688 0.686 0.685 0.678 0.678 0.677 0.669 0.669 0.664 0.668 0.668 0.658 0.651 0.651 0.65 0.65 0.649 0.649 0.643 0.643 0.643 0.639 0.637 0.636 0.632 0.631 0.631 0.627 0.623 0.623 0.62 0.62 0.619 0.62 0.62 0.62 0.619 0.619 0.616 0.608 0.604 0.604 0.604 0.604 0.604 0.601 0.597 0.596 0.596 0.596 0.596 0.591 0.591 0.591 0.591 0.587 0.585 0.585 0.584 0.584 0.584 0.583 0.583 0.58 0.58 0.575 0.575 0.575 0.575 0.574 0.573 0.573 0.574 0.574 0.573 0.572 0.572 0.571 0.571 0.57 0.569 0.569 0.569 0.568 0.568 0.567 0.567 0.566 0.568 0.567 0.567 0.567 0.567 0.566 0.566 0.566 0.566 0.566 0.566 0.566 0.566 0.566 0.562 0.562 0.562 0.559 0.562 0.562 0.566 0.566 0.566 0.566 0.566 0.566 0.565 0.566 0.565 0.566 0.565 0.56 0.56 0.561 0.561 0.561 0.565 0.565 0.565 0.565 0.565 0.562 0.555 0.552 0.552 0.552 0.55 0.55 0.555 4.568 4.576 4.584 4.576 4.584 4.584 4.595 0.007 0 0 0.006 0.006 0.006 
1 1 1 1 1 1 1 1 1 1 1 1 1 1 1 1 1 1 1 1 1 1 1 1 1 1 1 1 1 1 1 1 1 1 1 1 1 1 1 1 1 1 1 1 1 1 1 1 1 1 1 1 1 1 1 1 1 1 1 1 1 1 1 1 1 1 1 1 1 1 1 1 1 1 1 1 1 1 1 1 1 1 1 1 1 1 1 1 1 1 1 1 1 1 1 1 1 1 1 1 1 1 1 1 1 1 1 1 1 1 1 1 1 1 1 1 1 1 1 1 1 1 1 1 1 1 1 1 1 1 1 1 1 1 1 1 1 1 1 1 1 1 1 1 1 1 1 1 1 1 1 1 1 1 1 1 1 1 1 1 1 1 1 1 1 1 1 1 1 1 1 1 1 1 1 1 1 1 1 1 1 1 1 1 1 1 1 1 1 1 1 1 1 1 1 1 1 1 1 1 1 1 1 1 1 1 1 1 1 1 1 1 1 1 1 1 1 1 1 1 1 1 1 1 1 1 1 1 1 1 1 1 1 1 1 1 1 1 1 1 1 1 1 1 1 1 1 1 1 1 1 1 1 1 1 1 1 1 1 1 1 1 1 1 1 1 1 1 1 1 1 1 1 1 1 1 1 1 1 1 1 1 1 1 1 1 1 1 1 1 1 1 1 1 1 1 1 1 1 1 1 1 1 1 1 1 1 1 1 1 1 1 1 1 1 1 1 1 1 1 1 1 1 1 1 1 1 1 1 1 1 1 1 1 1 1 1 1 1 1 1 1 1 1 1 0 0 0 0 0 1 1 1 0 0 0 0 0 0 0 1 1 0 0 0 0 0 0 0 0 0 0 0 0 0 0 0 0 0 0 0 0 0 0 0 0 0 0 0 0 0 0 0 0 0 0 0 0 0 0 0 0 0 0 0 0 0 0 0 0 0 0 0 0 0 0 0 0 0 0 0 1 1 0 0 0 0 1 1 1 1 1 1 0 1 1 1 1 1 1 1 1 1 1 1 1 1 1 1 1 1 1 1 1 1 1 1 1 1 1 1 1 1 1 1 1 1 1 1 1 1 1 1 1 1 1 1 1 1 1 1 1 1 1 1 1 1 1 1 1 1 1 1 1 1 1 1 1 1 1 1 1 1 1 1 1 1 1 1 1 1 1 1 1 1 1 1 1 1 1 1 1 1 1 1 1 1 1 1 1 1 1 1 1 1 1 1 1 1 1 1 1 1 1 1 1 1 1 1 1 1 1 1 1 1 1 1 1 1 1 1 1 1 1 1 1 1 1 1 1 1 1 1 1 1 1 1 1 1 1 1 1 1 1 1 1 1 1 1 1 1 1 1 1 1 1 1 1 1 1 1 1 1 1 1 1 1 1 1 1 1 1 1 1 1 1 1 1 1 1 1 1 1 1 1 1 1 1 1 1 1 1 1 1 1 1 1 1 1 1 1 1 1 1 1 1 1 1 1 1 1 1 1 1 1 1 1 1 1 1 1 1 1 1 1 1 1 1 1 1 1 1 1 1 1 1 0 0 0 0 0 0 
