# This file contains a 2D laser scan observation. 
# Its format is: 
# [aperture] [max_range] [number_of_scans] 
# [vector_of_scans] 
# [vector_of_valid_scans] 
# The aperture of the sensor is in radians, the maximum range 
# and measurements are in meters. '1' means a valid scan, '0' otherwise.
4.1847
5.6
682
0.531 0.532 0.535 0.536 0.537 0.544 0.547 0.55 0.557 0.562 0.568 0.574 0.579 0.586 0.591 0.592 0.597 0.598 0.598 0.608 0.617 0.618 0.622 0.631 0.64 0.643 0.65 0.658 0.658 0.66 0.677 0.68 0.69 0.7 0.702 0.71 0.711 0.728 0.742 0.743 0.75 0.753 0.768 0.781 0.799 0.801 0.816 0.823 0.823 0.823 0.769 0.752 0.505 0.501 0.498 0.5 0.498 0.497 0.496 0.498 0.497 0.497 0.497 0.498 0.497 0.494 0.489 0.489 0.489 0.489 0.489 0.489 0.489 0.488 0.488 0.491 0.49 0.49 0.491 0.49 0.49 0.487 0.485 0.485 0.485 0.485 0.485 0.479 0.479 0.479 0.48 0.481 0.485 0.481 0.48 0.488 0.479 0.479 0.485 0.485 0.481 0.481 0.481 0.48 0.48 0.485 0.485 0.485 0.485 0.485 0.482 0.482 0.485 0.485 0.486 0.487 0.487 0.487 0.489 0.489 0.49 0.49 0.49 0.489 0.49 0.489 0.489 0.491 0.491 0.491 0.493 0.493 0.493 0.493 0.498 0.498 0.498 0.499 0.498 0.499 0.496 0.5 0.5 0.503 0.503 0.503 0.503 0.503 0.507 0.509 0.509 0.514 0.514 0.514 0.514 0.514 0.514 0.519 0.519 0.52 0.525 0.519 0.524 0.525 0.53 0.534 0.534 0.535 0.535 0.537 0.537 0.542 0.544 0.553 0.556 0.562 0.565 0.595 1.111 1.113 1.122 1.117 1.122 1.123 1.13 1.132 1.134 1.141 1.142 1.151 1.153 1.155 1.156 1.163 1.172 1.172 1.174 1.181 1.181 1.186 1.186 1.189 1.196 1.206 1.211 1.215 1.216 1.227 1.229 1.24 1.242 1.249 1.254 1.264 1.264 1.268 1.275 1.278 1.295 1.296 1.298 1.302 1.314 1.318 1.326 1.331 1.334 1.353 1.357 1.368 1.377 1.381 1.39 1.396 1.408 1.421 1.43 1.433 1.44 1.456 1.458 1.465 1.486 1.487 1.502 1.517 1.532 1.536 1.553 1.559 1.578 1.586 1.594 1.615 1.63 1.632 1.654 1.981 1.997 1.997 2.005 2.074 2.197 2.198 2.208 2.222 2.243 2.282 2.3 2.3 2.3 2.295 2.272 2.264 2.263 2.252 2.25 2.239 2.23 2.216 2.213 2.205 2.2 2.192 2.192 2.187 2.176 1.439 1.415 1.412 1.398 1.395 1.385 1.378 1.374 1.359 1.358 1.357 1.353 1.348 1.348 1.344 1.342 1.339 1.331 1.329 1.329 1.33 1.33 1.335 1.338 1.34 1.34 1.345 1.357 1.367 1.373 1.388 1.411 1.426 1.441 1.469 1.484 1.517 1.54 1.578 1.624 1.655 1.712 1.723 1.96 1.96 1.96 1.96 1.958 1.946 1.922 1.922 1.908 1.922 1.931 1.938 1.936 1.936 1.931 1.928 1.927 1.927 1.927 1.927 1.926 1.926 1.926 1.926 1.923 1.92 1.92 1.92 1.92 1.92 1.92 1.919 1.907 1.543 1.542 1.525 1.513 1.513 1.513 1.749 1.753 1.754 1.757 1.77 1.91 1.913 1.92 1.924 1.924 1.924 1.926 1.926 1.927 1.935 1.937 1.937 1.935 1.606 1.606 1.606 1.934 1.939 1.944 1.944 1.939 1.923 1.869 1.81 1.743 1.702 1.637 1.61 1.546 1.51 1.467 1.431 1.396 1.358 1.323 1.297 1.275 1.246 1.222 1.206 1.174 1.156 1.132 1.1 1.082 1.068 1.043 1.027 1.015 1 0.98 0.967 0.944 0.932 0.923 0.91 0.89 0.875 0.874 0.863 0.845 0.837 0.835 0.822 0.811 0.798 0.798 0.779 0.768 0.723 0.71 0.709 0.708 0.695 0.695 0.688 0.685 0.685 0.681 0.677 0.673 0.672 0.67 0.668 0.666 0.656 0.655 0.655 0.652 0.652 0.651 0.648 0.646 0.646 0.642 0.642 0.642 0.64 0.64 0.638 0.635 0.634 0.632 0.632 0.63 0.63 0.629 0.629 0.628 0.626 0.626 0.627 0.627 0.627 0.627 0.627 0.625 0.625 0.625 0.625 0.626 0.626 0.627 0.627 0.624 0.619 0.528 0.524 0.52 0.52 0.515 0.513 0.512 0.508 0.506 0.502 0.5 0.498 0.498 0.496 0.494 0.498 0.49 0.482 0.481 0.489 0.488 0.481 0.48 0.48 0.473 0.473 0.472 0.47 0.465 0.465 0.46 0.463 0.455 0.454 0.454 0.454 0.454 0.462 0.462 0.463 0.468 0.468 0.468 0.468 0.461 0.46 0.46 0.458 0.458 0.458 0.458 0.457 0.457 0.455 0.451 0.451 0.451 0.451 0.451 0.452 0.447 0.442 0.437 0.437 0.437 0.437 0.442 0.445 0.445 0.442 0.442 0.442 0.439 0.437 0.439 0.436 0.436 0.433 0.431 0.431 0.431 0.431 0.434 0.435 0.434 0.431 0.432 0.432 0.431 0.432 0.432 0.429 0.429 0.429 0.427 0.427 0.425 0.425 0.425 0.426 0.427 0.429 0.43 0.431 0.431 0.433 0.445 0.448 0.453 0.459 0.464 0.468 0.468 0.467 0.467 0.465 0.464 0.448 0.443 0.442 0.441 0.438 0.435 0.435 0.431 0.431 0.431 0.427 0.427 0.431 0.431 0.429 0.432 0.43 0.43 0.43 0.43 0.43 0.429 0.429 0.429 0.429 0.429 0.437 0.437 0.436 0.436 0.436 0.432 0.432 0.436 0.436 0.439 0.439 0.439 0.436 0.436 0.436 0.436 0.437 0.445 0.445 0.446 0.447 0.447 0.449 0.449 0.452 0.45 0.45 0.453 0.454 0.458 0.458 0.459 0.462 0.462 0.459 0.459 0.459 0.459 0.465 
1 1 1 1 1 1 1 1 1 1 1 1 1 1 1 1 1 1 1 1 1 1 1 1 1 1 1 1 1 1 1 1 1 1 1 1 1 1 1 1 1 1 1 1 1 1 1 1 1 1 1 1 1 1 1 1 1 1 1 1 1 1 1 1 1 1 1 1 1 1 1 1 1 1 1 1 1 1 1 1 1 1 1 1 1 1 1 1 1 1 1 1 1 1 1 1 1 1 1 1 1 1 1 1 1 1 1 1 1 1 1 1 1 1 1 1 1 1 1 1 1 1 1 1 1 1 1 1 1 1 1 1 1 1 1 1 1 1 1 1 1 1 1 1 1 1 1 1 1 1 1 1 1 1 1 1 1 1 1 1 1 1 1 1 1 1 1 1 1 1 1 1 1 1 1 1 1 1 1 1 1 1 1 1 1 1 1 1 1 1 1 1 1 1 1 1 1 1 1 1 1 1 1 1 1 1 1 1 1 1 1 1 1 1 1 1 1 1 1 1 1 1 1 1 1 1 1 1 1 1 1 1 1 1 1 1 1 1 1 1 1 1 1 1 1 1 1 1 1 1 1 1 1 1 1 1 1 1 1 1 1 1 1 1 1 1 1 1 1 1 1 1 1 1 1 1 1 1 1 1 1 1 1 1 1 1 1 1 1 1 1 1 1 1 1 1 1 1 1 1 1 1 1 1 1 1 1 1 1 1 1 1 1 1 1 1 1 1 1 1 1 1 1 1 1 1 1 1 1 1 1 1 1 1 1 1 1 1 1 1 1 1 1 1 1 1 1 1 1 1 1 1 1 1 1 1 1 1 1 1 1 1 1 1 1 1 1 1 1 1 1 1 1 1 1 1 1 1 1 1 1 1 1 1 1 1 1 1 1 1 1 1 1 1 1 1 1 1 1 1 1 1 1 1 1 1 1 1 1 1 1 1 1 1 1 1 1 1 1 1 1 1 1 1 1 1 1 1 1 1 1 1 1 1 1 1 1 1 1 1 1 1 1 1 1 1 1 1 1 1 1 1 1 1 1 1 1 1 1 1 1 1 1 1 1 1 1 1 1 1 1 1 1 1 1 1 1 1 1 1 1 1 1 1 1 1 1 1 1 1 1 1 1 1 1 1 1 1 1 1 1 1 1 1 1 1 1 1 1 1 1 1 1 1 1 1 1 1 1 1 1 1 1 1 1 1 1 1 1 1 1 1 1 1 1 1 1 1 1 1 1 1 1 1 1 1 1 1 1 1 1 1 1 1 1 1 1 1 1 1 1 1 1 1 1 1 1 1 1 1 1 1 1 1 1 1 1 1 1 1 1 1 1 1 1 1 1 1 1 1 1 1 1 1 1 1 1 1 1 1 1 1 1 1 1 1 1 1 1 1 1 1 1 1 1 1 1 1 1 1 1 1 1 1 1 1 1 1 1 1 1 1 1 1 1 1 1 1 1 1 1 1 1 1 1 1 1 1 1 1 1 1 1 1 1 1 1 1 1 1 1 1 1 1 1 1 1 1 1 1 1 1 1 1 1 1 1 1 1 1 1 1 
