# This file contains a 2D laser scan observation. 
# Its format is: 
# [aperture] [max_range] [number_of_scans] 
# [vector_of_scans] 
# [vector_of_valid_scans] 
# The aperture of the sensor is in radians, the maximum range 
# and measurements are in meters. '1' means a valid scan, '0' otherwise.
4.1847
5.6
682
0.571 0.578 0.581 0.581 0.587 0.591 0.588 0.591 0.594 0.596 0.596 0.616 0.623 0.624 0.626 0.627 0.634 0.645 0.651 0.659 0.673 0.674 0.692 0.718 0.831 1.05 1.05 1.05 1.036 1.036 1.029 1.029 1.028 1.027 1.019 1.019 1.018 1.008 1.007 1.005 1.001 0.993 0.992 0.992 0.991 0.987 0.985 0.983 0.982 0.98 0.978 0.978 0.977 0.973 0.973 0.973 0.971 0.966 0.966 0.961 0.96 0.96 0.953 0.958 0.949 0.948 0.948 0.946 0.942 0.942 0.942 0.94 0.942 0.94 0.94 0.94 0.938 0.935 0.935 0.935 0.932 0.931 0.927 0.927 0.927 0.924 0.923 0.923 0.923 0.918 0.918 0.92 0.92 0.92 0.92 0.92 0.92 0.92 0.917 0.926 0.926 0.924 0.922 0.922 0.919 0.915 0.915 0.915 0.917 0.917 0.917 0.917 0.917 0.917 0.916 0.918 0.921 0.916 0.916 0.921 0.921 0.918 0.918 0.926 0.924 0.924 0.924 0.924 0.924 0.926 0.918 0.92 0.92 0.92 0.92 0.927 0.928 0.928 0.932 0.933 0.934 0.934 0.934 0.934 0.934 0.937 0.941 0.941 0.942 0.942 0.941 0.945 0.945 0.946 0.946 0.95 0.952 0.952 0.956 0.956 0.957 0.957 0.958 0.965 0.965 0.967 0.969 0.969 0.975 0.977 0.977 0.979 0.981 0.983 0.989 0.994 0.996 0.997 1.001 1.001 1.004 1.005 1.01 1.012 1.014 1.018 1.023 1.026 1.026 1.03 1.03 1.033 1.037 1.041 1.048 1.051 1.051 1.062 1.062 1.067 1.068 1.069 1.073 1.081 1.085 1.091 1.092 1.098 1.103 1.108 1.109 1.115 1.118 1.128 1.129 1.136 1.138 1.14 1.927 1.927 1.927 1.922 1.922 1.922 1.922 1.922 1.869 1.779 1.77 1.751 1.741 1.729 1.722 1.714 1.705 1.695 1.688 1.683 1.676 1.676 1.676 1.687 1.696 1.715 1.719 1.737 1.769 1.776 1.776 1.776 1.761 1.745 1.745 1.744 1.73 0.87 0.851 0.843 0.84 0.835 0.829 0.826 0.82 0.814 0.801 0.799 0.796 0.796 0.792 0.789 0.786 0.786 0.784 0.784 0.777 0.777 0.776 0.776 0.775 0.772 0.769 0.761 0.761 0.761 0.761 0.764 0.764 0.762 0.76 0.76 0.76 0.762 0.765 0.765 0.767 0.767 0.767 0.77 0.772 0.783 0.784 0.786 0.795 0.802 0.802 0.805 0.811 0.819 0.832 0.841 0.848 0.85 0.863 0.873 0.888 0.897 0.92 0.924 0.949 0.958 0.983 1.007 1.02 1.036 1.06 1.078 1.097 1.118 1.149 1.336 1.339 1.344 1.34 1.34 1.339 1.34 1.336 1.336 1.336 1.336 1.336 1.332 1.327 1.326 1.322 1.322 1.322 1.322 1.322 1.318 1.317 1.317 1.315 1.314 1.313 1.313 1.313 1.316 1.316 1.316 1.316 1.316 1.316 1.317 1.317 1.317 1.317 1.317 1.316 1.316 1.315 1.313 1.313 1.311 1.311 1.313 1.314 1.313 1.313 1.31 1.278 0.951 0.95 0.941 0.939 0.939 0.939 0.94 0.943 0.944 0.951 1.158 1.163 1.174 1.247 1.325 1.331 1.332 1.333 1.333 1.339 1.339 1.339 1.341 1.341 1.345 1.348 1.349 1.351 1.353 1.358 1.359 1.361 1.362 1.362 1.361 1.039 1.038 1.035 1.035 1.038 1.047 1.318 1.318 1.318 1.301 1.277 1.262 1.234 1.223 1.193 1.175 1.15 1.142 1.127 1.1 1.085 1.067 1.056 1.033 1.03 1.028 0.99 0.988 0.971 0.964 0.961 0.94 0.938 0.932 0.914 0.904 0.896 0.884 0.872 0.87 0.857 0.854 0.846 0.845 0.839 0.828 0.82 0.803 0.8 0.798 0.796 0.784 0.772 0.764 0.763 0.761 0.75 0.747 0.743 0.737 0.732 0.729 0.725 0.718 0.706 0.702 0.7 0.698 0.692 0.682 0.677 0.674 0.671 0.668 0.663 0.658 0.657 0.652 0.642 0.641 0.641 0.641 0.634 0.629 0.621 0.621 0.62 0.62 0.62 0.62 0.615 0.606 0.606 0.598 0.593 0.592 0.59 0.588 0.588 0.588 0.588 0.589 0.589 0.588 0.569 0.568 0.567 0.561 0.559 0.559 0.559 0.561 0.557 0.551 0.547 0.546 0.544 0.542 0.542 0.539 0.539 0.539 0.537 0.535 0.53 0.53 0.53 0.53 0.53 0.52 0.52 0.52 0.519 0.519 0.514 0.517 0.51 0.516 0.508 0.508 0.507 0.508 0.506 0.505 0.505 0.505 0.499 0.501 0.501 0.501 0.501 0.501 0.498 0.496 0.496 0.496 0.496 0.493 0.493 0.493 0.493 0.493 0.487 0.49 0.484 0.482 0.484 0.486 0.486 0.486 0.486 0.484 0.484 0.484 0.484 0.482 0.482 0.482 0.506 0.525 0.539 0.561 0.576 0.576 0.576 0.572 0.453 0.452 0.452 0.453 0.462 0.462 0.462 0.46 0.453 0.453 0.45 0.45 0.453 0.451 0.453 0.453 0.451 0.45 0.45 0.45 0.45 0.45 0.453 0.456 0.456 0.456 0.456 0.456 0.456 0.459 0.459 0.459 0.458 0.458 0.458 0.464 0.465 0.465 0.466 0.467 0.467 0.467 0.475 0.477 0.479 0.479 0.48 0.48 0.48 0.481 0.487 0.487 0.491 0.492 0.492 0.493 0.497 0.505 0.505 0.506 0.508 0.517 0.52 0.524 0.525 0.533 0.533 0.539 0.541 0.543 0.544 0.555 0.56 0.568 0.577 0.583 0.599 0.631 0.673 0.83 
1 1 1 1 1 1 1 1 1 1 1 1 1 1 1 1 1 1 1 1 1 1 1 1 1 1 1 1 1 1 1 1 1 1 1 1 1 1 1 1 1 1 1 1 1 1 1 1 1 1 1 1 1 1 1 1 1 1 1 1 1 1 1 1 1 1 1 1 1 1 1 1 1 1 1 1 1 1 1 1 1 1 1 1 1 1 1 1 1 1 1 1 1 1 1 1 1 1 1 1 1 1 1 1 1 1 1 1 1 1 1 1 1 1 1 1 1 1 1 1 1 1 1 1 1 1 1 1 1 1 1 1 1 1 1 1 1 1 1 1 1 1 1 1 1 1 1 1 1 1 1 1 1 1 1 1 1 1 1 1 1 1 1 1 1 1 1 1 1 1 1 1 1 1 1 1 1 1 1 1 1 1 1 1 1 1 1 1 1 1 1 1 1 1 1 1 1 1 1 1 1 1 1 1 1 1 1 1 1 1 1 1 1 1 1 1 1 1 1 1 1 1 1 1 1 1 1 1 1 1 1 1 1 1 1 1 1 1 1 1 1 1 1 1 1 1 1 1 1 1 1 1 1 1 1 1 1 1 1 1 1 1 1 1 1 1 1 1 1 1 1 1 1 1 1 1 1 1 1 1 1 1 1 1 1 1 1 1 1 1 1 1 1 1 1 1 1 1 1 1 1 1 1 1 1 1 1 1 1 1 1 1 1 1 1 1 1 1 1 1 1 1 1 1 1 1 1 1 1 1 1 1 1 1 1 1 1 1 1 1 1 1 1 1 1 1 1 1 1 1 1 1 1 1 1 1 1 1 1 1 1 1 1 1 1 1 1 1 1 1 1 1 1 1 1 1 1 1 1 1 1 1 1 1 1 1 1 1 1 1 1 1 1 1 1 1 1 1 1 1 1 1 1 1 1 1 1 1 1 1 1 1 1 1 1 1 1 1 1 1 1 1 1 1 1 1 1 1 1 1 1 1 1 1 1 1 1 1 1 1 1 1 1 1 1 1 1 1 1 1 1 1 1 1 1 1 1 1 1 1 1 1 1 1 1 1 1 1 1 1 1 1 1 1 1 1 1 1 1 1 1 1 1 1 1 1 1 1 1 1 1 1 1 1 1 1 1 1 1 1 1 1 1 1 1 1 1 1 1 1 1 1 1 1 1 1 1 1 1 1 1 1 1 1 1 1 1 1 1 1 1 1 1 1 1 1 1 1 1 1 1 1 1 1 1 1 1 1 1 1 1 1 1 1 1 1 1 1 1 1 1 1 1 1 1 1 1 1 1 1 1 1 1 1 1 1 1 1 1 1 1 1 1 1 1 1 1 1 1 1 1 1 1 1 1 1 1 1 1 1 1 1 1 1 1 1 1 1 1 1 1 1 1 1 1 1 1 1 1 1 1 1 1 1 1 1 1 1 1 1 1 1 1 1 1 1 1 1 1 1 1 1 1 1 1 1 1 1 1 1 1 1 1 1 1 1 1 1 1 1 1 1 1 1 1 1 1 1 1 1 1 1 1 1 1 1 1 1 1 1 1 1 
