# This file contains a 2D laser scan observation. 
# Its format is: 
# [aperture] [max_range] [number_of_scans] 
# [vector_of_scans] 
# [vector_of_valid_scans] 
# The aperture of the sensor is in radians, the maximum range 
# and measurements are in meters. '1' means a valid scan, '0' otherwise.
4.1847
5.6
682
0.704 0.704 0.704 0.709 0.717 0.718 0.718 0.725 0.728 0.731 0.732 0.734 0.737 0.749 0.749 0.751 0.751 0.751 0.761 0.765 0.768 0.773 0.775 0.786 0.787 0.79 0.795 0.796 0.796 0.803 0.803 0.795 0.603 0.603 0.603 0.603 0.593 0.592 0.582 0.582 0.582 0.581 0.576 0.57 0.569 0.568 0.568 0.567 0.567 0.561 0.56 0.556 0.551 0.549 0.547 0.543 0.543 0.543 0.542 0.543 0.543 0.541 0.54 0.536 0.535 0.533 0.529 0.529 0.529 0.528 0.526 0.526 0.525 0.522 0.525 0.525 0.524 0.522 0.517 0.516 0.516 0.515 0.514 0.512 0.514 0.512 0.51 0.51 0.51 0.51 0.51 0.51 0.51 0.509 0.507 0.507 0.508 0.507 0.508 0.508 0.508 0.502 0.502 0.502 0.499 0.499 0.499 0.499 0.499 0.499 0.499 0.498 0.498 0.496 0.496 0.496 0.494 0.494 0.494 0.495 0.498 0.5 0.5 0.5 0.498 0.496 0.494 0.494 0.492 0.492 0.492 0.497 0.494 0.498 0.499 0.499 0.498 0.498 0.496 0.496 0.492 0.496 0.49 0.492 0.492 0.496 0.497 0.498 0.5 0.502 0.508 0.511 0.511 0.512 0.512 0.515 0.517 0.532 0.553 0.601 0.841 1 1.003 1.003 1.003 1.004 1.006 1.009 1.009 1.009 1.008 1.008 1.008 1.012 1.012 1.016 1.017 1.017 1.018 1.019 1.019 1.018 1.019 1.024 1.027 1.027 1.029 1.029 1.029 1.03 1.036 1.04 1.04 1.043 1.044 1.046 1.054 1.054 1.055 1.055 1.059 1.06 1.06 1.062 1.064 1.066 1.068 1.068 1.071 1.077 1.077 1.077 1.087 1.089 1.09 1.093 1.094 1.1 1.105 1.105 1.107 1.119 1.12 1.12 1.12 1.12 1.125 1.128 1.135 1.142 1.142 1.143 1.15 1.155 1.16 1.164 1.166 1.171 1.174 1.179 1.184 1.187 1.201 1.204 1.208 1.209 1.213 1.222 1.224 1.235 1.236 1.238 1.243 1.251 1.253 1.258 1.272 1.275 1.283 1.288 1.299 1.3 1.304 1.309 1.32 1.324 1.333 1.342 1.345 1.354 1.365 1.37 1.388 1.389 1.396 1.411 1.415 1.428 1.437 1.444 1.452 1.48 2.255 2.255 2.26 2.26 2.255 2.255 2.254 2.244 2.231 2.227 2.2 2.195 2.193 2.173 2.168 2.162 2.15 2.138 2.129 2.125 2.11 2.099 2.092 2.084 2.068 2.067 2.06 2.056 2.005 1.228 1.202 1.188 1.184 1.178 1.172 1.171 1.16 1.157 1.155 1.152 1.15 1.144 1.132 1.131 1.128 1.123 1.123 1.121 1.118 1.121 1.118 1.113 1.109 1.109 1.109 1.109 1.11 1.111 1.11 1.114 1.116 1.12 1.127 1.132 1.135 1.154 1.172 1.176 1.194 1.201 1.223 1.241 1.248 1.271 1.291 1.323 1.347 1.38 1.42 1.429 1.47 1.519 1.544 1.75 1.75 1.75 1.748 1.745 1.744 1.741 1.737 1.729 1.729 1.729 1.729 1.721 1.721 1.719 1.714 1.714 1.719 1.714 1.714 1.714 1.714 1.714 1.711 1.709 1.709 1.707 1.704 1.704 1.706 1.706 1.701 1.697 1.697 1.697 1.697 1.697 1.32 1.314 1.309 1.299 1.299 1.299 1.402 1.529 1.532 1.535 1.541 1.561 1.563 1.567 1.7 1.708 1.708 1.709 1.709 1.713 1.714 1.718 1.718 1.72 1.718 1.711 1.417 1.383 1.383 1.383 1.632 1.726 1.735 1.735 1.727 1.727 1.671 1.641 1.641 1.598 1.535 1.46 1.429 1.388 1.37 1.328 1.299 1.273 1.243 1.216 1.186 1.158 1.136 1.114 1.085 1.067 1.049 1.029 1.015 1 0.975 0.963 0.95 0.93 0.929 0.905 0.897 0.88 0.875 0.859 0.851 0.846 0.833 0.819 0.815 0.813 0.809 0.78 0.771 0.77 0.755 0.746 0.742 0.728 0.725 0.713 0.713 0.697 0.692 0.688 0.679 0.673 0.672 0.663 0.662 0.652 0.647 0.646 0.636 0.629 0.627 0.614 0.612 0.609 0.603 0.599 0.596 0.563 0.554 0.554 0.552 0.548 0.54 0.537 0.535 0.531 0.526 0.526 0.529 0.526 0.522 0.522 0.518 0.517 0.517 0.513 0.513 0.513 0.511 0.511 0.511 0.509 0.509 0.509 0.506 0.505 0.505 0.504 0.501 0.501 0.501 0.501 0.501 0.5 0.501 0.5 0.499 0.499 0.501 0.499 0.504 0.504 0.499 0.499 0.5 0.5 0.501 0.502 0.502 0.502 0.502 0.5 0.496 0.496 0.5 0.5 0.497 0.498 0.497 0.497 0.498 0.5 0.502 0.503 0.503 0.503 0.505 0.509 0.505 0.506 0.508 0.508 0.508 0.509 0.509 0.512 0.512 0.513 0.517 0.517 0.524 0.524 0.524 0.509 0.473 0.425 0.424 0.422 0.421 0.421 0.42 0.419 0.419 0.416 0.415 0.413 0.415 0.415 0.412 0.415 0.415 0.415 0.415 0.415 0.411 0.41 0.411 0.406 0.407 0.403 0.407 0.407 0.407 0.407 0.407 0.407 0.411 0.408 0.398 0.402 0.405 0.405 0.402 0.403 0.403 0.403 0.403 0.406 0.406 0.406 0.406 0.392 0.39 0.39 0.391 0.391 0.397 0.397 0.419 0.439 0.443 0.443 0.443 0.432 0.426 0.423 0.423 0.423 0.423 0.423 0.422 0.419 0.419 0.421 0.421 0.419 0.419 0.419 0.419 0.419 0.419 0.412 0.412 0.412 0.418 0.42 0.42 0.422 0.424 0.424 
1 1 1 1 1 1 1 1 1 1 1 1 1 1 1 1 1 1 1 1 1 1 1 1 1 1 1 1 1 1 1 1 1 1 1 1 1 1 1 1 1 1 1 1 1 1 1 1 1 1 1 1 1 1 1 1 1 1 1 1 1 1 1 1 1 1 1 1 1 1 1 1 1 1 1 1 1 1 1 1 1 1 1 1 1 1 1 1 1 1 1 1 1 1 1 1 1 1 1 1 1 1 1 1 1 1 1 1 1 1 1 1 1 1 1 1 1 1 1 1 1 1 1 1 1 1 1 1 1 1 1 1 1 1 1 1 1 1 1 1 1 1 1 1 1 1 1 1 1 1 1 1 1 1 1 1 1 1 1 1 1 1 1 1 1 1 1 1 1 1 1 1 1 1 1 1 1 1 1 1 1 1 1 1 1 1 1 1 1 1 1 1 1 1 1 1 1 1 1 1 1 1 1 1 1 1 1 1 1 1 1 1 1 1 1 1 1 1 1 1 1 1 1 1 1 1 1 1 1 1 1 1 1 1 1 1 1 1 1 1 1 1 1 1 1 1 1 1 1 1 1 1 1 1 1 1 1 1 1 1 1 1 1 1 1 1 1 1 1 1 1 1 1 1 1 1 1 1 1 1 1 1 1 1 1 1 1 1 1 1 1 1 1 1 1 1 1 1 1 1 1 1 1 1 1 1 1 1 1 1 1 1 1 1 1 1 1 1 1 1 1 1 1 1 1 1 1 1 1 1 1 1 1 1 1 1 1 1 1 1 1 1 1 1 1 1 1 1 1 1 1 1 1 1 1 1 1 1 1 1 1 1 1 1 1 1 1 1 1 1 1 1 1 1 1 1 1 1 1 1 1 1 1 1 1 1 1 1 1 1 1 1 1 1 1 1 1 1 1 1 1 1 1 1 1 1 1 1 1 1 1 1 1 1 1 1 1 1 1 1 1 1 1 1 1 1 1 1 1 1 1 1 1 1 1 1 1 1 1 1 1 1 1 1 1 1 1 1 1 1 1 1 1 1 1 1 1 1 1 1 1 1 1 1 1 1 1 1 1 1 1 1 1 1 1 1 1 1 1 1 1 1 1 1 1 1 1 1 1 1 1 1 1 1 1 1 1 1 1 1 1 1 1 1 1 1 1 1 1 1 1 1 1 1 1 1 1 1 1 1 1 1 1 1 1 1 1 1 1 1 1 1 1 1 1 1 1 1 1 1 1 1 1 1 1 1 1 1 1 1 1 1 1 1 1 1 1 1 1 1 1 1 1 1 1 1 1 1 1 1 1 1 1 1 1 1 1 1 1 1 1 1 1 1 1 1 1 1 1 1 1 1 1 1 1 1 1 1 1 1 1 1 1 1 1 1 1 1 1 1 1 1 1 1 1 1 1 1 1 1 1 1 1 1 1 1 1 1 1 1 1 1 1 1 1 1 1 1 1 1 1 1 1 1 1 1 1 1 1 1 1 1 1 1 1 1 1 1 1 1 1 1 1 1 1 1 1 1 1 1 1 1 1 1 1 1 1 1 1 1 1 1 
