# This file contains a 2D laser scan observation. 
# Its format is: 
# [aperture] [max_range] [number_of_scans] 
# [vector_of_scans] 
# [vector_of_valid_scans] 
# The aperture of the sensor is in radians, the maximum range 
# and measurements are in meters. '1' means a valid scan, '0' otherwise.
4.1847
5.6
682
0.625 0.633 0.636 0.64 0.642 0.649 0.652 0.656 0.661 0.663 0.668 0.67 0.681 0.688 0.688 0.691 0.694 0.699 0.71 0.712 0.717 0.72 0.725 0.728 0.742 0.748 0.755 0.762 0.769 0.778 0.782 0.784 0.794 0.803 0.808 0.809 0.823 0.83 0.834 0.847 0.854 0.862 0.871 0.871 0.871 0.776 0.602 0.598 0.595 0.592 0.592 0.592 0.592 0.592 0.59 0.589 0.589 0.586 0.584 0.582 0.581 0.581 0.581 0.581 0.578 0.577 0.574 0.574 0.573 0.573 0.572 0.567 0.567 0.565 0.567 0.567 0.567 0.566 0.566 0.566 0.566 0.562 0.562 0.562 0.561 0.561 0.561 0.561 0.561 0.561 0.561 0.563 0.561 0.56 0.56 0.56 0.56 0.562 0.562 0.562 0.562 0.559 0.559 0.559 0.559 0.557 0.56 0.56 0.566 0.56 0.56 0.561 0.559 0.559 0.561 0.561 0.559 0.562 0.562 0.563 0.563 0.563 0.563 0.566 0.568 0.568 0.566 0.568 0.566 0.563 0.563 0.567 0.567 0.567 0.572 0.572 0.572 0.571 0.573 0.576 0.576 0.578 0.581 0.581 0.581 0.581 0.581 0.586 0.586 0.585 0.586 0.586 0.586 0.588 0.589 0.59 0.597 0.6 0.606 0.611 0.611 0.757 1.119 1.127 1.127 1.129 1.13 1.14 1.141 1.141 1.146 1.146 1.148 1.148 1.148 1.148 1.157 1.159 1.159 1.162 1.172 1.172 1.173 1.173 1.176 1.181 1.184 1.188 1.189 1.193 1.199 1.199 1.207 1.209 1.209 1.217 1.227 1.227 1.228 1.229 1.231 1.234 1.245 1.245 1.246 1.255 1.255 1.256 1.265 1.281 1.289 1.29 1.291 1.293 1.305 1.306 1.314 1.322 1.324 1.329 1.34 1.346 1.348 1.359 1.359 1.377 1.38 1.389 1.395 1.395 1.408 1.412 1.428 1.43 1.435 1.44 1.457 1.457 1.472 1.484 1.487 1.502 1.503 1.522 1.526 1.55 1.552 1.559 1.566 1.58 1.594 1.606 1.609 1.623 1.634 2.206 2.226 2.232 2.232 2.232 2.222 2.219 2.211 2.211 2.211 2.224 2.274 2.301 2.301 2.301 2.3 2.289 2.273 2.263 2.256 2.241 2.23 2.226 2.225 2.225 2.207 2.196 1.376 1.368 1.35 1.342 1.332 1.324 1.323 1.318 1.309 1.305 1.304 1.301 1.292 1.287 1.284 1.284 1.283 1.283 1.277 1.277 1.27 1.27 1.27 1.267 1.268 1.273 1.273 1.278 1.289 1.29 1.3 1.319 1.333 1.341 1.36 1.377 1.389 1.413 1.429 1.447 1.471 1.494 1.528 1.56 1.581 1.615 1.659 1.677 1.739 1.899 1.899 1.899 1.901 1.901 1.895 1.891 1.89 1.886 1.886 1.884 1.882 1.879 1.871 1.871 1.867 1.866 1.866 1.865 1.864 1.86 1.857 1.857 1.857 1.857 1.856 1.855 1.855 1.855 1.855 1.855 1.853 1.46 1.456 1.443 1.443 1.443 1.466 1.675 1.676 1.677 1.677 1.679 1.694 1.809 1.844 1.845 1.847 1.846 1.846 1.846 1.846 1.846 1.846 1.846 1.846 1.541 1.541 1.541 1.822 1.855 1.855 1.855 1.858 1.864 1.864 1.864 1.8 1.728 1.66 1.591 1.555 1.513 1.449 1.402 1.353 1.298 1.256 1.229 1.181 1.16 1.135 1.123 1.098 1.075 1.039 1.027 0.985 0.969 0.956 0.935 0.912 0.903 0.876 0.865 0.852 0.829 0.816 0.798 0.791 0.778 0.768 0.752 0.738 0.736 0.726 0.713 0.702 0.698 0.665 0.619 0.617 0.615 0.613 0.608 0.604 0.6 0.594 0.591 0.587 0.587 0.585 0.584 0.57 0.57 0.57 0.569 0.569 0.562 0.56 0.557 0.557 0.557 0.556 0.552 0.552 0.545 0.545 0.545 0.541 0.544 0.543 0.541 0.542 0.542 0.541 0.534 0.533 0.533 0.53 0.531 0.53 0.53 0.53 0.529 0.527 0.527 0.526 0.526 0.526 0.526 0.526 0.526 0.526 0.529 0.531 0.531 0.531 0.532 0.532 0.532 0.532 0.532 0.53 0.457 0.425 0.423 0.42 0.417 0.416 0.417 0.416 0.416 0.411 0.41 0.409 0.402 0.398 0.4 0.397 0.394 0.395 0.395 0.391 0.391 0.383 0.381 0.381 0.38 0.38 0.38 0.377 0.377 0.381 0.38 0.377 0.377 0.373 0.368 0.366 0.366 0.362 0.362 0.361 0.355 0.355 0.352 0.355 0.355 0.355 0.356 0.358 0.365 0.365 0.365 0.362 0.361 0.361 0.361 0.361 0.361 0.36 0.361 0.361 0.361 0.358 0.358 0.358 0.355 0.355 0.355 0.353 0.353 0.353 0.353 0.359 0.359 0.355 0.35 0.346 0.346 0.346 0.346 0.346 0.345 0.351 0.345 0.351 0.351 0.351 0.343 0.347 0.346 0.346 0.346 0.346 0.346 0.346 0.346 0.349 0.349 0.347 0.346 0.346 0.345 0.345 0.345 0.345 0.346 0.353 0.354 0.354 0.355 0.355 0.381 0.387 0.388 0.39 0.391 0.39 0.39 0.375 0.367 0.365 0.359 0.35 0.35 0.346 0.347 0.35 0.348 0.348 0.348 0.349 0.349 0.349 0.339 0.342 0.342 0.339 0.342 0.342 0.343 0.342 0.342 0.342 0.34 0.34 0.347 0.347 0.346 0.347 0.349 0.346 0.347 0.351 0.347 0.347 0.348 0.348 0.346 0.348 0.349 0.349 0.358 0.358 0.358 0.357 0.351 0.349 0.349 0.349 0.349 0.354 0.358 0.36 0.36 0.362 0.365 0.367 0.367 
1 1 1 1 1 1 1 1 1 1 1 1 1 1 1 1 1 1 1 1 1 1 1 1 1 1 1 1 1 1 1 1 1 1 1 1 1 1 1 1 1 1 1 1 1 1 1 1 1 1 1 1 1 1 1 1 1 1 1 1 1 1 1 1 1 1 1 1 1 1 1 1 1 1 1 1 1 1 1 1 1 1 1 1 1 1 1 1 1 1 1 1 1 1 1 1 1 1 1 1 1 1 1 1 1 1 1 1 1 1 1 1 1 1 1 1 1 1 1 1 1 1 1 1 1 1 1 1 1 1 1 1 1 1 1 1 1 1 1 1 1 1 1 1 1 1 1 1 1 1 1 1 1 1 1 1 1 1 1 1 1 1 1 1 1 1 1 1 1 1 1 1 1 1 1 1 1 1 1 1 1 1 1 1 1 1 1 1 1 1 1 1 1 1 1 1 1 1 1 1 1 1 1 1 1 1 1 1 1 1 1 1 1 1 1 1 1 1 1 1 1 1 1 1 1 1 1 1 1 1 1 1 1 1 1 1 1 1 1 1 1 1 1 1 1 1 1 1 1 1 1 1 1 1 1 1 1 1 1 1 1 1 1 1 1 1 1 1 1 1 1 1 1 1 1 1 1 1 1 1 1 1 1 1 1 1 1 1 1 1 1 1 1 1 1 1 1 1 1 1 1 1 1 1 1 1 1 1 1 1 1 1 1 1 1 1 1 1 1 1 1 1 1 1 1 1 1 1 1 1 1 1 1 1 1 1 1 1 1 1 1 1 1 1 1 1 1 1 1 1 1 1 1 1 1 1 1 1 1 1 1 1 1 1 1 1 1 1 1 1 1 1 1 1 1 1 1 1 1 1 1 1 1 1 1 1 1 1 1 1 1 1 1 1 1 1 1 1 1 1 1 1 1 1 1 1 1 1 1 1 1 1 1 1 1 1 1 1 1 1 1 1 1 1 1 1 1 1 1 1 1 1 1 1 1 1 1 1 1 1 1 1 1 1 1 1 1 1 1 1 1 1 1 1 1 1 1 1 1 1 1 1 1 1 1 1 1 1 1 1 1 1 1 1 1 1 1 1 1 1 1 1 1 1 1 1 1 1 1 1 1 1 1 1 1 1 1 1 1 1 1 1 1 1 1 1 1 1 1 1 1 1 1 1 1 1 1 1 1 1 1 1 1 1 1 1 1 1 1 1 1 1 1 1 1 1 1 1 1 1 1 1 1 1 1 1 1 1 1 1 1 1 1 1 1 1 1 1 1 1 1 1 1 1 1 1 1 1 1 1 1 1 1 1 1 1 1 1 1 1 1 1 1 1 1 1 1 1 1 1 1 1 1 1 1 1 1 1 1 1 1 1 1 1 1 1 1 1 1 1 1 1 1 1 1 1 1 1 1 1 1 1 1 1 1 1 1 1 1 1 1 1 1 1 1 1 1 1 1 1 1 1 1 1 1 1 1 1 1 1 1 1 1 1 1 1 1 1 1 1 1 1 1 1 1 1 1 1 1 1 1 1 1 1 1 1 1 1 1 1 1 1 
