# This file contains a 2D laser scan observation. 
# Its format is: 
# [aperture] [max_range] [number_of_scans] 
# [vector_of_scans] 
# [vector_of_valid_scans] 
# The aperture of the sensor is in radians, the maximum range 
# and measurements are in meters. '1' means a valid scan, '0' otherwise.
4.1847
5.6
682
1.071 1.061 1.042 1.035 1.032 1.029 1.01 0.994 0.993 0.991 0.985 0.969 0.965 0.959 0.955 0.945 0.941 0.938 0.918 0.917 0.911 0.911 0.896 0.896 0.887 0.881 0.874 0.864 0.86 0.854 0.848 0.844 0.844 0.844 0.831 0.83 0.821 0.821 0.812 0.809 0.804 0.802 0.795 0.794 0.79 0.788 0.787 0.787 0.783 0.778 0.771 0.77 0.766 0.765 0.763 0.678 0.623 0.623 0.62 0.623 0.623 0.623 0.623 0.624 0.624 0.624 0.624 0.624 0.624 0.641 0.68 0.692 0.699 0.722 0.725 0.725 0.726 0.73 0.735 0.735 0.735 0.735 0.738 0.738 0.739 0.741 0.741 0.742 0.741 0.741 0.74 0.74 0.74 0.732 0.731 0.732 0.734 0.733 0.734 0.736 0.736 0.738 0.739 0.745 0.838 0.892 0.897 0.898 0.913 0.96 0.982 1.003 1.035 1.037 1.053 1.056 1.064 1.087 1.109 1.139 1.176 1.196 1.221 1.231 1.27 1.307 1.33 1.358 1.378 1.411 1.448 1.492 1.54 1.616 1.655 1.693 1.777 1.955 2.067 2.116 2.128 2.135 2.135 2.135 2.124 2.122 2.122 2.123 2.123 2.14 2.166 2.24 2.24 2.24 2.237 2.234 2.232 2.231 2.228 2.227 2.221 2.218 2.218 2.217 2.21 2.209 2.209 2.209 2.209 2.205 2.205 2.211 2.211 2.214 2.214 2.229 2.235 2.236 2.609 2.613 2.616 2.616 2.618 2.618 2.619 2.622 2.623 2.624 2.623 2.624 2.626 2.631 2.633 2.638 2.638 2.633 2.586 2.586 2.555 2.555 0.007 5.138 5.138 0 0 0 0 1.614 1.61 1.602 1.602 1.602 1.579 1.456 1.372 1.346 1.302 1.285 1.266 1.262 1.257 1.185 1.169 1.152 1.132 1.119 1.111 1.089 1.081 1.066 1.054 1.041 1.028 1.021 1.005 1.001 0.981 0.972 0.957 0.953 0.947 0.936 0.92 0.907 0.894 0.882 0.875 0.866 0.854 0.853 0.846 0.831 0.826 0.826 0.823 0.823 0.823 0.803 0.775 0.76 0.758 0.754 0.745 0.739 0.732 0.73 0.718 0.712 0.712 0.709 0.7 0.694 0.686 0.685 0.678 0.668 0.667 0.666 0.663 0.654 0.649 0.648 0.639 0.635 0.635 0.633 0.629 0.628 0.62 0.618 0.616 0.615 0.6 0.6 0.598 0.598 0.595 0.583 0.582 0.582 0.582 0.578 0.574 0.571 0.569 0.569 0.567 0.567 0.567 0.565 0.563 0.555 0.545 0.543 0.542 0.541 0.541 0.541 0.535 0.528 0.527 0.526 0.526 0.524 0.524 0.522 0.52 0.516 0.512 0.51 0.509 0.509 0.503 0.509 0.503 0.503 0.512 0.513 0.512 0.513 0.512 0.512 0.503 0.502 0.498 0.497 0.496 0.494 0.492 0.484 0.481 0.481 0.479 0.477 0.474 0.473 0.473 0.472 0.472 0.472 0.474 0.474 0.474 0.474 0.474 0.473 0.47 0.469 0.469 0.468 0.466 0.469 0.47 0.465 0.465 0.464 0.463 0.463 0.463 0.462 0.463 0.464 0.466 0.466 0.466 0.463 0.462 0.461 0.461 0.461 0.458 0.456 0.456 0.456 0.462 0.462 0.463 0.462 0.459 0.456 0.456 0.456 0.456 0.457 0.458 0.458 0.458 0.458 0.457 0.455 0.455 0.455 0.457 0.455 0.456 0.454 0.453 0.453 0.451 0.451 0.451 0.45 0.45 0.448 0.448 0.45 0.45 0.45 0.45 0.45 0.442 0.45 0.45 0.45 0.452 0.452 0.452 0.45 0.45 0.45 0.447 0.447 0.447 0.454 0.452 0.452 0.451 0.452 0.451 0.451 0.451 0.453 0.454 0.455 0.454 0.454 0.454 0.453 0.453 0.454 0.456 0.457 0.46 0.461 0.462 0.462 0.462 0.462 0.461 0.461 0.46 0.461 0.46 0.46 0.46 0.46 0.46 0.46 0.459 0.459 0.46 0.46 0.46 0.461 0.461 0.461 0.461 0.463 0.463 0.463 0.464 0.464 0.464 0.464 0.469 0.471 0.476 0.476 0.476 0.474 0.474 0.473 0.473 0.475 0.477 0.484 0.485 0.487 0.487 0.491 0.494 0.495 0.496 0.498 0.499 0.503 0.506 0.508 0.51 0.51 0.51 0.51 0.51 0.512 0.513 0.519 0.552 0.553 0.562 0.563 0.57 0.574 0.581 1.228 1.228 1.228 1.216 1.215 1.195 1.195 1.183 1.171 1.17 1.158 1.148 1.145 1.134 1.128 1.12 1.111 1.106 1.093 1.09 1.053 0.908 0.886 0.885 0.864 0.858 0.855 0.854 0.854 0.852 0.851 0.836 0.802 0.8 0.8 0.802 0.804 0.804 0.804 0.796 0.78 0.778 0.778 0.778 0.78 0.782 0.783 0.785 0.785 0.785 0.785 0.785 0.783 0.779 0.768 0.768 0.768 0.764 0.762 0.762 0.762 0.762 0.763 0.765 0.766 0.77 0.773 0.781 0.794 0.808 0.809 0.811 0.817 0.817 0.817 0.821 0.823 0.827 0.828 0.828 0.828 0.828 0.828 0.828 0.828 0.826 0.826 0.818 0.801 0.792 0.787 0.784 0.784 0.775 0.774 0.772 0.765 0.765 0.762 0.762 0.758 0.762 0.762 0.762 0.762 0.762 0.764 0.772 0.777 0.787 0.794 0.794 0.794 0.799 0.799 0.794 0.794 0.794 0.792 0.783 0.781 0.779 0.776 0.767 0.765 0.764 0.758 0.758 0.758 0.758 0.754 0.747 0.739 0.725 0.725 0.719 0.716 0.715 0.715 0.713 0.713 0.713 0.722 0.725 0.726 0.728 0.739 0.749 0.763 
1 1 1 1 1 1 1 1 1 1 1 1 1 1 1 1 1 1 1 1 1 1 1 1 1 1 1 1 1 1 1 1 1 1 1 1 1 1 1 1 1 1 1 1 1 1 1 1 1 1 1 1 1 1 1 1 1 1 1 1 1 1 1 1 1 1 1 1 1 1 1 1 1 1 1 1 1 1 1 1 1 1 1 1 1 1 1 1 1 1 1 1 1 1 1 1 1 1 1 1 1 1 1 1 1 1 1 1 1 1 1 1 1 1 1 1 1 1 1 1 1 1 1 1 1 1 1 1 1 1 1 1 1 1 1 1 1 1 1 1 1 1 1 1 1 1 1 1 1 1 1 1 1 1 1 1 1 1 1 1 1 1 1 1 1 1 1 1 1 1 1 1 1 1 1 1 1 1 1 1 1 1 1 1 1 1 1 1 1 1 1 1 1 1 1 1 1 1 1 1 0 1 1 0 0 0 0 1 1 1 1 1 1 1 1 1 1 1 1 1 1 1 1 1 1 1 1 1 1 1 1 1 1 1 1 1 1 1 1 1 1 1 1 1 1 1 1 1 1 1 1 1 1 1 1 1 1 1 1 1 1 1 1 1 1 1 1 1 1 1 1 1 1 1 1 1 1 1 1 1 1 1 1 1 1 1 1 1 1 1 1 1 1 1 1 1 1 1 1 1 1 1 1 1 1 1 1 1 1 1 1 1 1 1 1 1 1 1 1 1 1 1 1 1 1 1 1 1 1 1 1 1 1 1 1 1 1 1 1 1 1 1 1 1 1 1 1 1 1 1 1 1 1 1 1 1 1 1 1 1 1 1 1 1 1 1 1 1 1 1 1 1 1 1 1 1 1 1 1 1 1 1 1 1 1 1 1 1 1 1 1 1 1 1 1 1 1 1 1 1 1 1 1 1 1 1 1 1 1 1 1 1 1 1 1 1 1 1 1 1 1 1 1 1 1 1 1 1 1 1 1 1 1 1 1 1 1 1 1 1 1 1 1 1 1 1 1 1 1 1 1 1 1 1 1 1 1 1 1 1 1 1 1 1 1 1 1 1 1 1 1 1 1 1 1 1 1 1 1 1 1 1 1 1 1 1 1 1 1 1 1 1 1 1 1 1 1 1 1 1 1 1 1 1 1 1 1 1 1 1 1 1 1 1 1 1 1 1 1 1 1 1 1 1 1 1 1 1 1 1 1 1 1 1 1 1 1 1 1 1 1 1 1 1 1 1 1 1 1 1 1 1 1 1 1 1 1 1 1 1 1 1 1 1 1 1 1 1 1 1 1 1 1 1 1 1 1 1 1 1 1 1 1 1 1 1 1 1 1 1 1 1 1 1 1 1 1 1 1 1 1 1 1 1 1 1 1 1 1 1 1 1 1 1 1 1 1 1 1 1 1 1 1 1 1 1 1 1 1 1 1 1 1 1 1 1 1 1 1 1 1 1 1 1 1 1 1 1 1 1 1 1 1 1 1 1 1 1 1 1 1 1 1 1 1 1 1 1 1 1 1 1 1 1 1 1 1 1 1 1 1 1 
