# This file contains a 2D laser scan observation. 
# Its format is: 
# [aperture] [max_range] [number_of_scans] 
# [vector_of_scans] 
# [vector_of_valid_scans] 
# The aperture of the sensor is in radians, the maximum range 
# and measurements are in meters. '1' means a valid scan, '0' otherwise.
4.1847
5.6
682
0.821 0.832 0.833 0.837 0.838 0.855 0.865 0.87 0.871 0.884 0.888 0.889 0.892 0.911 0.928 0.928 0.957 0.966 0.976 0.994 1.011 1.866 1.886 1.899 1.899 1.918 1.932 1.948 1.97 1.987 2 2.012 2.027 2.047 2.067 2.077 2.109 2.129 2.146 2.167 2.187 2.207 2.238 2.26 2.401 2.634 2.751 2.806 2.806 2.807 2.807 2.787 2.746 2.564 2.563 2.56 2.557 2.549 2.546 2.543 2.543 2.543 2.553 2.557 2.594 2.761 2.761 2.761 2.748 2.743 2.743 2.737 2.704 2.117 2.106 2.092 2.091 2.091 2.092 2.093 2.101 2.127 2.133 2.133 2.143 2.171 2.194 2.235 2.287 2.349 2.473 2.498 2.563 2.57 2.607 2.61 2.61 2.607 2.607 2.602 2.598 2.591 2.589 2.589 2.587 2.586 2.583 2.582 2.581 2.58 2.576 2.575 2.575 2.571 2.571 2.564 2.564 2.564 2.56 2.197 2.197 2.197 2.403 2.403 2.404 2.404 2.423 2.51 2.549 2.549 2.549 2.549 2.551 2.562 2.562 2.567 5.388 5.388 2.565 2.565 2.563 2.56 2.56 2.555 2.527 2.483 2.409 2.189 2.189 2.189 2.189 2.189 4.892 1.649 1.608 1.263 1.244 1.228 1.2 1.198 1.183 1.178 1.166 1.164 1.158 1.153 1.142 1.133 1.122 1.039 1.003 0.966 0.94 0.94 0.929 0.929 0.907 0.907 0.904 0.902 0.88 0.867 0.848 0.833 0.822 0.809 0.8 0.796 0.774 0.774 0.748 0.741 0.733 0.723 0.72 0.701 0.694 0.686 0.677 0.663 0.657 0.65 0.648 0.639 0.633 0.631 0.612 0.612 0.601 0.598 0.588 0.584 0.58 0.579 0.575 0.57 0.556 0.556 0.55 0.545 0.545 0.538 0.538 0.525 0.514 0.51 0.506 0.504 0.496 0.495 0.479 0.476 0.475 0.469 0.466 0.461 0.461 0.458 0.458 0.456 0.451 0.448 0.445 0.437 0.436 0.436 0.435 0.432 0.429 0.424 0.42 0.42 0.416 0.417 0.417 0.419 0.418 0.418 0.419 0.419 0.418 0.42 0.421 0.421 0.425 0.452 0.735 0.735 0.745 0.745 0.723 0.436 0.434 0.434 0.427 0.425 0.421 0.42 0.407 0.394 0.394 0.394 0.393 0.393 0.394 0.394 0.399 0.399 0.399 0.397 0.395 0.395 0.395 0.4 0.401 0.405 0.403 0.403 0.409 0.415 0.415 0.418 0.421 0.424 0.428 0.43 0.433 0.436 0.445 0.448 0.448 0.448 0.455 0.455 0.495 0.505 0.507 0.511 0.515 0.527 0.537 0.547 0.553 0.559 0.566 0.575 0.594 0.601 0.62 0.621 0.621 0.621 0.595 0.595 0.581 0.581 0.581 0.583 0.583 0.584 0.586 0.584 0.584 0.584 0.584 0.584 0.582 0.581 0.581 0.578 0.578 0.592 0.592 0.589 0.589 0.589 0.585 0.585 0.587 0.588 0.588 3.591 3.601 0 0 0 0 0 0.006 0.007 0 0.007 0 0.007 0 0 0.007 3.752 3.752 3.787 3.787 3.8 3.8 3.82 3.839 3.917 3.965 4.106 4.108 4.108 4.108 0 0.007 4.125 4.125 0 0 0 0 0.007 0 0.007 3.877 3.877 3.877 3.877 3.879 0 0 0.006 0.007 0 0 0 0 0 0 0 0 0 0 0 0.007 0 0 0 0 0 0 0 0 0.006 0.015 0.015 0.006 0.007 0 0 0 0 0 0 0 0 2.222 2.222 0.007 1.978 1.947 1.947 1.904 1.898 1.875 1.822 1.475 1.46 1.442 1.399 1.386 1.371 1.37 1.37 1.343 1.317 1.3 1.299 1.276 1.256 1.247 1.232 1.215 1.198 1.185 1.178 1.169 1.155 1.134 1.132 1.121 1.097 1.092 1.088 1.072 1.065 1.052 1.036 1.026 1.012 1.007 0.968 0.958 0.957 0.955 0.955 0.946 0.941 0.924 0.918 0.91 0.902 0.886 0.883 0.881 0.881 0.881 0.889 0.894 0.895 0.903 0.903 0.903 0.883 0.877 0.873 0.852 0.85 0.848 0.844 0.844 0.848 0.851 0.86 0.86 0.863 0.863 0.867 0.872 0.886 0.892 0.893 0.895 0.902 0.912 0.912 0.912 0.903 0.9 0.896 0.887 0.885 0.885 0.883 0.882 0.869 0.868 0.867 0.865 0.86 0.852 0.852 0.852 0.851 0.85 0.845 0.842 0.841 0.832 0.831 0.831 0.827 0.827 0.825 0.821 0.814 0.812 0.81 0.81 0.802 0.802 0.801 0.798 0.798 0.797 0.793 0.793 0.793 0.791 0.791 0.791 0.779 0.778 0.778 0.773 0.773 0.773 0.773 0.773 0.773 0.77 0.766 0.764 0.764 0.764 0.755 0.76 0.753 0.752 0.753 0.753 0.753 0.753 0.753 0.755 0.747 0.747 0.747 0.746 0.743 0.742 0.739 0.739 0.739 0.739 0.739 0.738 0.738 0.738 0.738 0.736 0.734 0.733 0.733 0.734 0.732 0.734 0.734 0.734 0.734 0.734 0.734 0.736 0.736 0.734 0.734 0.734 0.732 0.732 0.727 0.728 0.727 0.726 0.726 0.727 0.727 0.734 0.734 0.734 0.736 0.734 0.736 0.738 0.739 0.742 0.742 0.739 0.738 0.73 0.729 0.73 0.738 0.732 0.737 0.737 0.737 0.737 0.738 0.738 0.74 0.74 0.74 0.74 0.74 0.74 0.739 0.74 0.739 0.742 0.746 0.746 0.746 0.747 0.747 
1 1 1 1 1 1 1 1 1 1 1 1 1 1 1 1 1 1 1 1 1 1 1 1 1 1 1 1 1 1 1 1 1 1 1 1 1 1 1 1 1 1 1 1 1 1 1 1 1 1 1 1 1 1 1 1 1 1 1 1 1 1 1 1 1 1 1 1 1 1 1 1 1 1 1 1 1 1 1 1 1 1 1 1 1 1 1 1 1 1 1 1 1 1 1 1 1 1 1 1 1 1 1 1 1 1 1 1 1 1 1 1 1 1 1 1 1 1 1 1 1 1 1 1 1 1 1 1 1 1 1 1 1 1 1 1 1 1 1 1 1 1 1 1 1 1 1 1 1 1 1 1 1 1 1 1 1 1 1 1 1 1 1 1 1 1 1 1 1 1 1 1 1 1 1 1 1 1 1 1 1 1 1 1 1 1 1 1 1 1 1 1 1 1 1 1 1 1 1 1 1 1 1 1 1 1 1 1 1 1 1 1 1 1 1 1 1 1 1 1 1 1 1 1 1 1 1 1 1 1 1 1 1 1 1 1 1 1 1 1 1 1 1 1 1 1 1 1 1 1 1 1 1 1 1 1 1 1 1 1 1 1 1 1 1 1 1 1 1 1 1 1 1 1 1 1 1 1 1 1 1 1 1 1 1 1 1 1 1 1 1 1 1 1 1 1 1 1 1 1 1 1 1 1 1 1 1 1 1 1 1 1 1 1 1 1 1 1 1 1 1 1 1 1 1 1 1 1 1 1 1 1 1 1 1 1 1 1 1 1 1 1 1 1 1 1 1 1 1 1 1 1 1 1 1 1 1 1 1 1 1 1 1 0 0 0 0 0 0 0 0 0 0 0 0 0 0 1 1 1 1 1 1 1 1 1 1 1 1 1 1 0 0 1 1 0 0 0 0 0 0 0 1 1 1 1 1 0 0 0 0 0 0 0 0 0 0 0 0 0 0 0 0 0 0 0 0 0 0 0 0 0 0 0 0 0 0 0 0 0 0 0 0 0 1 1 0 1 1 1 1 1 1 1 1 1 1 1 1 1 1 1 1 1 1 1 1 1 1 1 1 1 1 1 1 1 1 1 1 1 1 1 1 1 1 1 1 1 1 1 1 1 1 1 1 1 1 1 1 1 1 1 1 1 1 1 1 1 1 1 1 1 1 1 1 1 1 1 1 1 1 1 1 1 1 1 1 1 1 1 1 1 1 1 1 1 1 1 1 1 1 1 1 1 1 1 1 1 1 1 1 1 1 1 1 1 1 1 1 1 1 1 1 1 1 1 1 1 1 1 1 1 1 1 1 1 1 1 1 1 1 1 1 1 1 1 1 1 1 1 1 1 1 1 1 1 1 1 1 1 1 1 1 1 1 1 1 1 1 1 1 1 1 1 1 1 1 1 1 1 1 1 1 1 1 1 1 1 1 1 1 1 1 1 1 1 1 1 1 1 1 1 1 1 1 1 1 1 1 1 1 1 1 1 1 1 1 1 1 1 1 1 1 1 1 1 1 1 1 1 1 1 1 1 1 1 1 1 1 1 1 1 
