# This file contains a 2D laser scan observation. 
# Its format is: 
# [aperture] [max_range] [number_of_scans] 
# [vector_of_scans] 
# [vector_of_valid_scans] 
# The aperture of the sensor is in radians, the maximum range 
# and measurements are in meters. '1' means a valid scan, '0' otherwise.
4.1847
5.6
682
2.108 2.131 2.153 2.166 2.188 2.203 2.229 2.254 2.273 2.296 2.398 2.514 2.749 2.764 0 0 0 0 2.919 2.611 2.61 2.608 2.607 2.6 2.6 2.597 2.595 2.595 2.595 2.6 2.615 2.807 2.807 2.807 2.802 2.789 2.785 2.749 2.163 2.151 2.149 2.148 2.138 2.138 2.138 2.153 2.166 2.179 2.194 2.199 2.219 2.256 2.3 2.33 2.5 2.566 2.632 2.632 2.659 2.659 2.659 2.658 2.653 2.651 2.643 2.641 2.641 2.632 2.628 2.624 2.624 2.622 2.62 2.616 2.614 2.608 2.609 2.609 2.608 2.608 2.609 2.606 2.606 2.24 2.24 2.24 2.439 2.439 2.445 2.445 2.445 2.533 2.586 2.592 2.592 2.594 2.594 2.594 2.594 2.594 2.599 2.587 2.587 2.597 2.597 2.595 2.595 2.593 2.593 2.579 2.555 2.555 5.011 5.011 5.011 5.011 1.296 1.279 1.265 1.244 1.232 1.229 1.211 1.205 1.188 1.187 1.167 1.159 1.156 1.051 0.97 0.948 0.944 0.93 0.93 0.93 0.923 0.917 0.891 0.866 0.848 0.832 0.826 0.808 0.797 0.788 0.77 0.76 0.749 0.733 0.721 0.71 0.708 0.689 0.681 0.666 0.661 0.651 0.645 0.633 0.627 0.614 0.605 0.599 0.591 0.585 0.574 0.574 0.571 0.568 0.55 0.548 0.537 0.53 0.519 0.502 0.502 0.499 0.491 0.482 0.481 0.48 0.47 0.469 0.465 0.457 0.455 0.452 0.447 0.439 0.436 0.434 0.426 0.425 0.423 0.421 0.42 0.417 0.415 0.409 0.411 0.413 0.413 0.413 0.413 0.416 0.418 0.422 0.426 0.437 0.442 0.7 0.767 0.773 0.773 0.767 0.424 0.421 0.421 0.417 0.413 0.406 0.394 0.389 0.388 0.384 0.384 0.379 0.379 0.382 0.383 0.383 0.385 0.385 0.388 0.389 0.388 0.384 0.389 0.395 0.389 0.4 0.4 0.402 0.402 0.405 0.411 0.411 0.409 0.408 0.409 0.409 0.419 0.421 0.422 0.424 0.424 0.433 0.438 0.438 0.446 0.469 0.476 0.482 0.484 0.486 0.491 0.507 0.51 0.512 0.514 0.519 0.531 0.533 0.537 0.545 0.546 0.557 0.576 0.579 0.59 0.596 0.596 0.596 0.56 0.56 0.554 0.56 0.554 0.562 0.562 0.562 0.557 0.557 0.553 0.553 0.553 0.553 0.555 0.558 0.558 0.562 0.562 0.562 0.557 0.552 0.551 0.552 0.554 0.554 0.554 0.554 0.561 0.567 0.567 0.745 0.879 0.908 0.925 0.953 1.999 2.008 2.008 2.008 2.008 3.552 3.558 3.558 3.552 3.552 0 0 0 0.006 0.006 0.006 0.006 0.007 0 4.146 3.739 3.636 3.636 3.739 3.797 3.822 3.837 3.853 3.861 3.861 3.861 3.853 4.066 4.087 5.418 0 0.007 0 0.007 0 0.006 0.006 0 0.007 0 0 0 0 0 0 0 0 0 0 0 0 0 0 0 0 0 0 0 0 0 0 0.007 0.015 0 0 0 0 0 0 0 0.015 0.015 0.015 0 0 0 0 0 0.007 0 0 0 4.887 4.887 2.15 2.11 1.92 1.905 1.898 1.873 1.846 1.817 1.811 1.424 1.391 1.391 1.38 1.362 1.329 1.319 1.317 1.284 1.276 1.26 1.253 1.229 1.209 1.195 1.177 1.16 1.148 1.142 1.118 1.115 1.112 1.093 1.078 1.069 1.055 1.044 1.032 1.03 1.009 1 0.991 0.978 0.972 0.966 0.952 0.927 0.902 0.902 0.896 0.894 0.883 0.875 0.869 0.856 0.854 0.853 0.836 0.827 0.827 0.813 0.813 0.813 0.828 0.828 0.834 0.841 0.845 0.845 0.845 0.828 0.817 0.814 0.796 0.796 0.785 0.785 0.785 0.787 0.787 0.79 0.795 0.802 0.804 0.805 0.818 0.822 0.822 0.823 0.826 0.833 0.841 0.855 0.855 0.855 0.852 0.848 0.846 0.846 0.838 0.833 0.83 0.826 0.823 0.82 0.817 0.811 0.81 0.807 0.799 0.799 0.798 0.797 0.795 0.792 0.79 0.785 0.782 0.779 0.777 0.776 0.775 0.775 0.765 0.765 0.763 0.763 0.763 0.761 0.761 0.758 0.753 0.748 0.746 0.744 0.744 0.743 0.743 0.743 0.738 0.734 0.733 0.729 0.729 0.729 0.729 0.726 0.726 0.723 0.723 0.722 0.721 0.721 0.72 0.721 0.72 0.719 0.717 0.713 0.712 0.712 0.712 0.712 0.712 0.712 0.712 0.709 0.71 0.709 0.709 0.709 0.708 0.705 0.705 0.702 0.702 0.698 0.697 0.699 0.697 0.697 0.697 0.697 0.696 0.696 0.695 0.695 0.695 0.693 0.69 0.69 0.69 0.69 0.69 0.694 0.694 0.694 0.692 0.692 0.692 0.692 0.695 0.696 0.696 0.699 0.696 0.695 0.694 0.691 0.691 0.691 0.694 0.691 0.691 0.691 0.695 0.697 0.697 0.697 0.699 0.699 0.696 0.699 0.699 0.699 0.695 0.695 0.695 0.694 0.695 0.699 0.699 0.704 0.704 0.704 0.705 0.705 0.705 0.706 0.706 0.705 0.706 0.706 0.709 0.713 0.714 0.714 0.717 0.717 0.717 0.717 0.721 0.721 0.724 0.726 0.725 0.726 0.727 0.731 0.735 0.735 0.74 0.741 0.741 0.741 0.741 0.741 0.743 0.744 0.744 0.747 0.748 0.749 0.754 
1 1 1 1 1 1 1 1 1 1 1 1 1 1 0 0 0 0 1 1 1 1 1 1 1 1 1 1 1 1 1 1 1 1 1 1 1 1 1 1 1 1 1 1 1 1 1 1 1 1 1 1 1 1 1 1 1 1 1 1 1 1 1 1 1 1 1 1 1 1 1 1 1 1 1 1 1 1 1 1 1 1 1 1 1 1 1 1 1 1 1 1 1 1 1 1 1 1 1 1 1 1 1 1 1 1 1 1 1 1 1 1 1 1 1 1 1 1 1 1 1 1 1 1 1 1 1 1 1 1 1 1 1 1 1 1 1 1 1 1 1 1 1 1 1 1 1 1 1 1 1 1 1 1 1 1 1 1 1 1 1 1 1 1 1 1 1 1 1 1 1 1 1 1 1 1 1 1 1 1 1 1 1 1 1 1 1 1 1 1 1 1 1 1 1 1 1 1 1 1 1 1 1 1 1 1 1 1 1 1 1 1 1 1 1 1 1 1 1 1 1 1 1 1 1 1 1 1 1 1 1 1 1 1 1 1 1 1 1 1 1 1 1 1 1 1 1 1 1 1 1 1 1 1 1 1 1 1 1 1 1 1 1 1 1 1 1 1 1 1 1 1 1 1 1 1 1 1 1 1 1 1 1 1 1 1 1 1 1 1 1 1 1 1 1 1 1 1 1 1 1 1 1 1 1 1 1 1 1 1 1 1 1 1 1 1 1 1 1 1 1 1 1 1 1 1 1 1 1 1 0 0 0 0 0 0 0 0 0 1 1 1 1 1 1 1 1 1 1 1 1 1 1 1 1 0 0 0 0 0 0 0 0 0 0 0 0 0 0 0 0 0 0 0 0 0 0 0 0 0 0 0 0 0 0 0 0 0 0 0 0 0 0 0 0 0 0 0 0 0 0 0 0 0 0 0 0 1 1 1 1 1 1 1 1 1 1 1 1 1 1 1 1 1 1 1 1 1 1 1 1 1 1 1 1 1 1 1 1 1 1 1 1 1 1 1 1 1 1 1 1 1 1 1 1 1 1 1 1 1 1 1 1 1 1 1 1 1 1 1 1 1 1 1 1 1 1 1 1 1 1 1 1 1 1 1 1 1 1 1 1 1 1 1 1 1 1 1 1 1 1 1 1 1 1 1 1 1 1 1 1 1 1 1 1 1 1 1 1 1 1 1 1 1 1 1 1 1 1 1 1 1 1 1 1 1 1 1 1 1 1 1 1 1 1 1 1 1 1 1 1 1 1 1 1 1 1 1 1 1 1 1 1 1 1 1 1 1 1 1 1 1 1 1 1 1 1 1 1 1 1 1 1 1 1 1 1 1 1 1 1 1 1 1 1 1 1 1 1 1 1 1 1 1 1 1 1 1 1 1 1 1 1 1 1 1 1 1 1 1 1 1 1 1 1 1 1 1 1 1 1 1 1 1 1 1 1 1 1 1 1 1 1 1 1 1 1 1 1 1 1 1 1 1 1 1 1 1 1 1 1 1 1 1 1 1 1 1 1 1 1 1 1 1 1 1 1 1 1 1 1 1 
