# This file contains a 2D laser scan observation. 
# Its format is: 
# [aperture] [max_range] [number_of_scans] 
# [vector_of_scans] 
# [vector_of_valid_scans] 
# The aperture of the sensor is in radians, the maximum range 
# and measurements are in meters. '1' means a valid scan, '0' otherwise.
4.1847
5.6
682
0.436 0.433 0.433 0.433 0.431 0.424 0.424 0.422 0.421 0.421 0.421 0.421 0.421 0.421 0.417 0.411 0.411 0.411 0.41 0.411 0.41 0.41 0.408 0.405 0.405 0.405 0.405 0.399 0.395 0.394 0.391 0.391 0.391 0.391 0.391 0.391 0.392 0.39 0.389 0.389 0.387 0.386 0.384 0.383 0.382 0.381 0.381 0.381 0.381 0.381 0.381 0.38 0.38 0.38 0.38 0.38 0.379 0.378 0.378 0.378 0.376 0.375 0.372 0.37 0.369 0.368 0.369 0.368 0.368 0.371 0.371 0.373 0.373 0.371 0.368 0.368 0.368 0.368 0.368 0.368 0.37 0.37 0.37 0.372 0.372 0.372 0.373 0.375 0.375 0.374 0.375 0.377 0.391 0.391 0.392 0.395 0.395 0.396 0.396 0.396 0.383 0.379 0.378 0.373 0.368 0.368 0.367 0.367 0.366 0.367 0.367 0.367 0.368 0.368 0.371 0.371 0.371 0.373 0.378 0.379 0.379 0.385 0.387 0.39 0.392 0.396 0.399 0.403 0.403 0.41 0.413 0.419 0.423 0.423 0.424 0.424 0.426 0.429 0.434 0.443 0.445 0.462 0.462 0.464 0.464 0.465 0.467 0.472 0.479 0.484 0.493 0.493 0.501 0.502 0.512 0.512 0.518 0.524 0.533 0.536 0.54 0.546 0.559 0.562 0.574 0.587 0.587 0.591 0.593 0.593 0.599 0.601 0.619 2.401 2.401 2.409 2.409 2.414 2.424 2.427 0 0 0 0 0 0 0.007 0 2.606 2.608 2.608 2.608 2.613 2.613 2.619 2.62 2.646 2.653 2.657 2.662 2.682 2.698 2.699 2.71 2.71 2.71 2.7 2.7 2.7 2.711 2.721 2.734 2.745 2.765 2.78 2.792 2.802 2.822 2.838 2.849 2.862 2.883 2.891 2.902 2.931 2.938 2.958 2.973 2.984 3.009 3.029 3.044 3.061 3.078 3.091 3.109 3.137 3.169 3.2 3.212 3.236 3.245 3.276 3.309 3.333 3.333 3.309 3.29 3.287 3.279 3.254 3.245 3.221 3.217 3.193 3.183 3.176 3.152 3.131 3.125 3.107 3.096 3.086 3.074 3.069 3.064 3.043 3.033 3.014 3.008 2.995 2.99 2.97 2.969 2.962 2.945 2.941 2.93 2.919 2.917 2.917 2.919 2.901 2.901 1.151 1.129 1.118 1.129 1.129 0 0 0 0 2.892 2.807 2.783 2.759 2.753 2.745 2.745 2.742 2.74 2.74 2.716 2.716 2.716 2.716 2.716 2.716 2.709 2.698 0 0 2.658 2.658 2.658 2.656 2.656 2.656 2.665 2.726 2.831 2.929 2.929 3.01 0.007 0.006 3.238 3.238 3.232 3.22 3.22 3.214 3.212 3.146 3.146 3.146 3.122 3.157 3.163 3.163 3.163 3.163 3.163 3.18 3.154 3.194 0.007 0.015 0.006 0.006 0.939 0.939 0.939 3.136 3.139 3.139 3.139 3.136 3.143 0.007 0 1.405 0.006 0.006 1.717 0.006 0.007 0 0.007 0 0 0 0 0 0 0 0 0 0.903 0.903 0.903 2.978 0 0.007 0 0 0 3.169 3.169 3.169 3.186 3.204 3.204 3.205 0.007 0 0.007 0.006 0.006 0.007 0.015 0 0.015 0.007 1.676 0.872 0.872 0.843 0.835 0.722 0.705 0.705 0.722 1.752 1.752 1.798 1.797 1.752 1.711 1.565 1.417 1.036 1.036 1.036 1.068 1.074 1.08 1.08 1.083 1.083 1.302 1.302 1.302 1.283 1.276 1.265 1.258 1.228 1.222 1.213 1.196 1.183 1.183 1.16 1.135 0.469 0.469 0.462 0.469 0.471 0.474 1.05 1.05 1.05 1.044 1.031 1.025 1.003 0.995 0.849 0.849 0.849 0.947 0.947 0.947 0.932 0.929 0.922 0.917 0.904 0.903 0.897 0.885 0.882 0.873 0.869 0.864 0.856 0.853 0.839 0.835 0.83 0.823 0.818 0.818 0.815 0.802 0.796 0.789 0.789 0.785 0.781 0.768 0.768 0.765 0.76 0.755 0.751 0.746 0.74 0.687 0.589 0.572 0.568 0.565 0.565 0.56 0.56 0.552 0.552 0.549 0.545 0.542 0.542 0.54 0.532 0.532 0.524 0.524 0.52 0.52 0.52 0.519 0.519 0.515 0.515 0.513 0.509 0.508 0.5 0.5 0.499 0.499 0.499 0.502 0.505 0.508 0.506 0.506 0.505 0.501 0.501 0.498 0.497 0.495 0.495 0.495 0.494 0.489 0.491 0.489 0.48 0.479 0.479 0.479 0.479 0.475 0.471 0.47 0.471 0.471 0.475 0.475 0.475 0.472 0.472 0.472 0.472 0.47 0.47 0.466 0.466 0.464 0.457 0.463 0.457 0.456 0.457 0.461 0.461 0.461 0.461 0.461 0.458 0.456 0.456 0.456 0.451 0.447 0.447 0.447 0.449 0.449 0.449 0.449 0.449 0.448 0.448 0.448 0.451 0.453 0.453 0.454 0.453 0.453 0.45 0.45 0.446 0.446 0.446 0.447 0.446 0.446 0.446 0.446 0.446 0.447 0.448 0.457 0.458 0.467 0.47 0.471 0.471 0.467 0.464 0.455 0.453 0.448 0.449 0.449 0.446 0.447 0.448 0.447 0.445 0.447 0.447 0.447 0.45 0.45 0.45 0.453 0.451 0.451 0.451 0.454 0.454 0.454 0.454 0.455 0.455 0.455 0.455 0.455 0.456 0.454 0.453 0.453 0.454 0.454 0.453 0.457 0.457 0.457 0.457 0.457 0.459 0.459 0.461 0.461 0.462 0.464 0.461 0.464 0.466 0.467 0.468 0.468 0.469 0.469 
1 1 1 1 1 1 1 1 1 1 1 1 1 1 1 1 1 1 1 1 1 1 1 1 1 1 1 1 1 1 1 1 1 1 1 1 1 1 1 1 1 1 1 1 1 1 1 1 1 1 1 1 1 1 1 1 1 1 1 1 1 1 1 1 1 1 1 1 1 1 1 1 1 1 1 1 1 1 1 1 1 1 1 1 1 1 1 1 1 1 1 1 1 1 1 1 1 1 1 1 1 1 1 1 1 1 1 1 1 1 1 1 1 1 1 1 1 1 1 1 1 1 1 1 1 1 1 1 1 1 1 1 1 1 1 1 1 1 1 1 1 1 1 1 1 1 1 1 1 1 1 1 1 1 1 1 1 1 1 1 1 1 1 1 1 1 1 1 1 1 1 1 1 1 1 1 1 1 1 1 0 0 0 0 0 0 0 0 1 1 1 1 1 1 1 1 1 1 1 1 1 1 1 1 1 1 1 1 1 1 1 1 1 1 1 1 1 1 1 1 1 1 1 1 1 1 1 1 1 1 1 1 1 1 1 1 1 1 1 1 1 1 1 1 1 1 1 1 1 1 1 1 1 1 1 1 1 1 1 1 1 1 1 1 1 1 1 1 1 1 1 1 1 1 1 1 1 1 1 1 1 1 1 1 1 1 1 1 1 0 0 0 0 1 1 1 1 1 1 1 1 1 1 1 1 1 1 1 1 1 1 0 0 1 1 1 1 1 1 1 1 1 1 1 1 0 0 1 1 1 1 1 1 1 1 1 1 1 1 1 1 1 1 1 1 1 1 0 0 0 0 1 1 1 1 1 1 1 1 1 0 0 1 0 0 1 0 0 0 0 0 0 0 0 0 0 0 0 0 1 1 1 1 0 0 0 0 0 1 1 1 1 1 1 1 0 0 0 0 0 0 0 0 0 0 1 1 1 1 1 1 1 1 1 1 1 1 1 1 1 1 1 1 1 1 1 1 1 1 1 1 1 1 1 1 1 1 1 1 1 1 1 1 1 1 1 1 1 1 1 1 1 1 1 1 1 1 1 1 1 1 1 1 1 1 1 1 1 1 1 1 1 1 1 1 1 1 1 1 1 1 1 1 1 1 1 1 1 1 1 1 1 1 1 1 1 1 1 1 1 1 1 1 1 1 1 1 1 1 1 1 1 1 1 1 1 1 1 1 1 1 1 1 1 1 1 1 1 1 1 1 1 1 1 1 1 1 1 1 1 1 1 1 1 1 1 1 1 1 1 1 1 1 1 1 1 1 1 1 1 1 1 1 1 1 1 1 1 1 1 1 1 1 1 1 1 1 1 1 1 1 1 1 1 1 1 1 1 1 1 1 1 1 1 1 1 1 1 1 1 1 1 1 1 1 1 1 1 1 1 1 1 1 1 1 1 1 1 1 1 1 1 1 1 1 1 1 1 1 1 1 1 1 1 1 1 1 1 1 1 1 1 1 1 1 1 1 1 1 1 1 1 1 1 1 1 1 1 1 1 1 1 1 1 1 1 1 1 1 1 1 1 1 1 1 1 1 1 1 1 1 1 
