# This file contains a 2D laser scan observation. 
# Its format is: 
# [aperture] [max_range] [number_of_scans] 
# [vector_of_scans] 
# [vector_of_valid_scans] 
# The aperture of the sensor is in radians, the maximum range 
# and measurements are in meters. '1' means a valid scan, '0' otherwise.
4.1847
5.6
682
0.496 0.496 0.497 0.498 0.501 0.505 0.508 0.509 0.512 0.518 0.52 0.524 0.524 0.526 0.526 0.526 0.526 0.526 0.519 0.519 0.518 0.509 0.508 0.505 0.498 0.498 0.498 0.498 0.498 0.5 0.495 0.492 0.492 0.492 0.491 0.491 0.491 0.488 0.491 0.491 0.492 0.491 0.491 0.491 0.492 0.492 0.492 0.495 0.496 0.496 0.496 0.499 0.5 0.5 0.499 0.5 0.5 0.499 0.5 0.503 0.505 0.5 0.504 0.505 0.504 0.503 0.504 0.505 0.505 0.506 0.514 0.514 0.514 0.509 0.514 0.518 0.518 0.519 0.52 0.519 0.519 0.52 0.524 0.531 0.532 0.532 0.532 0.532 0.532 0.538 0.544 0.546 0.544 0.544 0.543 0.542 0.542 0.542 0.547 0.55 0.557 0.557 0.558 0.559 0.562 0.562 0.563 0.568 0.57 0.578 0.581 0.582 0.582 0.583 0.586 0.586 0.586 0.591 0.595 0.597 0.6 0.601 0.603 0.604 0.611 0.611 0.618 0.618 0.619 0.621 0.623 0.629 0.637 0.646 0.647 0.651 0.656 0.656 0.659 0.666 0.675 0.678 0.675 0.683 0.685 0.686 0.691 0.698 0.705 0.704 0.704 0.707 0.715 0.715 0.717 0.72 0.725 0.738 0.741 0.746 0.75 0.756 0.764 0.765 0.769 0.779 0.782 0.794 0.795 0.812 0.816 0.822 0.826 0.83 0.83 0.844 0.85 0.866 0.868 0.873 0.876 0.887 0.892 0.898 0.923 0.925 0.927 0.934 0.949 0.964 0.982 1.004 1.011 1.024 1.038 1.055 1.058 1.089 1.094 1.104 1.12 1.137 1.14 1.155 1.17 1.227 1.258 1.277 1.298 1.316 1.335 1.353 1.384 1.414 1.439 1.457 1.492 1.51 1.515 1.518 1.518 1.51 1.508 1.507 1.5 1.497 1.494 1.49 1.488 1.487 1.484 1.484 1.482 1.479 1.478 1.476 1.472 1.467 1.467 1.466 1.465 1.462 1.456 1.455 1.455 1.455 1.451 1.455 1.455 1.455 1.451 1.453 1.451 1.453 1.453 1.454 1.454 1.454 1.452 1.444 1.444 1.444 1.44 1.44 1.444 1.446 1.446 1.447 1.453 1.455 1.456 1.459 1.465 1.465 1.465 1.462 1.462 1.458 1.453 1.443 1.441 1.44 1.441 1.441 1.439 1.439 1.441 1.441 1.441 1.448 1.448 1.448 1.448 1.448 1.448 1.449 1.451 1.463 1.463 1.465 1.465 1.465 1.465 1.467 1.465 1.467 1.469 1.473 1.477 1.478 1.479 1.484 1.484 1.484 1.485 1.487 1.501 1.543 1.589 1.622 1.616 1.616 1.622 1.616 1.596 1.583 1.583 1.583 1.566 1.566 0 0 1.606 1.606 0 0 0 0 0 0.007 1.683 1.683 1.701 1.701 1.702 1.702 1.701 1.678 1.678 1.678 0 0 0 1.816 1.766 1.766 1.78 1.766 1.741 1.741 1.732 1.7 1.7 1.7 1.701 1.718 1.724 1.731 1.735 1.741 1.754 1.76 1.775 1.781 1.791 1.794 1.812 1.82 1.824 1.831 1.843 1.854 1.856 1.867 1.888 1.896 1.91 1.921 1.932 1.941 1.946 1.946 1.961 1.978 1.989 2.004 2.017 2.025 2.044 2.046 2.061 2.073 2.081 2.087 2.105 2.126 2.133 2.149 2.153 2.178 2.192 2.199 2.226 2.228 2.245 2.252 2.274 2.294 2.302 2.327 2.35 2.352 2.352 2.352 2.343 2.327 2.324 2.314 2.301 2.288 2.284 2.268 2.258 2.25 2.241 2.231 2.227 2.22 2.213 2.213 2.207 2.197 2.194 2.177 2.166 2.163 2.153 2.152 2.14 2.129 2.121 2.119 2.114 2.106 2.104 2.098 2.097 2.08 2.073 2.069 2.066 2.065 2.057 2.057 2.049 2.041 2.032 2.031 2.025 2.017 2.009 2.007 2.006 2.004 2 1.993 1.992 1.989 1.985 1.978 1.975 1.971 1.964 1.968 1.964 1.961 1.96 1.959 1.954 1.952 1.952 1.951 1.946 1.945 1.939 1.934 1.929 1.928 1.926 1.907 1.889 1.887 1.884 1.882 1.882 1.881 1.88 1.879 1.88 1.874 1.874 1.874 1.874 1.874 1.874 1.874 1.874 1.865 1.869 1.869 1.875 1.874 1.874 1.878 1.875 1.874 1.875 1.875 1.875 1.875 1.875 1.876 1.874 1.876 1.876 1.887 2.248 2.248 2.346 2.346 2.346 2.469 2.469 2.469 2.469 2.308 2.233 2.233 2.195 2.174 2.168 2.127 2.125 2.098 2.04 2.04 2.04 2.098 2.11 2.138 2.169 2.169 2.169 2.169 0.939 0.939 0.93 0.931 0.931 0.931 0.931 0.933 2.408 2.53 2.535 2.535 2.537 2.547 2.561 2.562 2.562 2.561 2.561 2.563 2.567 2.571 2.571 0.006 0.007 0 0 0 0 0 0 0 0 0 0 0 0 0 0.722 0.722 0.722 0 0 0 0 0 0 0 2.807 2.807 2.807 2.814 2.814 2.814 0.375 0.368 0.366 0.366 0.368 0.368 0.377 0.377 0.379 0.391 0.391 0.391 0.377 0.372 0.371 0.37 0.37 0.371 0.373 0.379 0.466 4.839 4.839 0.006 4.839 2.046 2.046 2.046 2.041 1.987 1.975 1.971 1.971 1.944 1.934 1.915 1.9 1.9 1.886 1.845 0.909 0.909 0.909 1.681 1.773 1.792 1.773 1.773 1.792 1.792 1.768 1.739 0.859 0.859 0.859 1.703 1.703 1.703 1.473 1.473 1.473 1.494 1.635 1.635 
1 1 1 1 1 1 1 1 1 1 1 1 1 1 1 1 1 1 1 1 1 1 1 1 1 1 1 1 1 1 1 1 1 1 1 1 1 1 1 1 1 1 1 1 1 1 1 1 1 1 1 1 1 1 1 1 1 1 1 1 1 1 1 1 1 1 1 1 1 1 1 1 1 1 1 1 1 1 1 1 1 1 1 1 1 1 1 1 1 1 1 1 1 1 1 1 1 1 1 1 1 1 1 1 1 1 1 1 1 1 1 1 1 1 1 1 1 1 1 1 1 1 1 1 1 1 1 1 1 1 1 1 1 1 1 1 1 1 1 1 1 1 1 1 1 1 1 1 1 1 1 1 1 1 1 1 1 1 1 1 1 1 1 1 1 1 1 1 1 1 1 1 1 1 1 1 1 1 1 1 1 1 1 1 1 1 1 1 1 1 1 1 1 1 1 1 1 1 1 1 1 1 1 1 1 1 1 1 1 1 1 1 1 1 1 1 1 1 1 1 1 1 1 1 1 1 1 1 1 1 1 1 1 1 1 1 1 1 1 1 1 1 1 1 1 1 1 1 1 1 1 1 1 1 1 1 1 1 1 1 1 1 1 1 1 1 1 1 1 1 1 1 1 1 1 1 1 1 1 1 1 1 1 1 1 1 1 1 1 1 1 1 1 1 1 1 1 1 1 1 1 1 1 1 1 1 1 1 1 1 1 1 1 1 1 1 1 1 1 1 1 1 1 1 1 1 1 1 1 1 0 0 1 1 0 0 0 0 0 0 1 1 1 1 1 1 1 1 1 1 0 0 0 1 1 1 1 1 1 1 1 1 1 1 1 1 1 1 1 1 1 1 1 1 1 1 1 1 1 1 1 1 1 1 1 1 1 1 1 1 1 1 1 1 1 1 1 1 1 1 1 1 1 1 1 1 1 1 1 1 1 1 1 1 1 1 1 1 1 1 1 1 1 1 1 1 1 1 1 1 1 1 1 1 1 1 1 1 1 1 1 1 1 1 1 1 1 1 1 1 1 1 1 1 1 1 1 1 1 1 1 1 1 1 1 1 1 1 1 1 1 1 1 1 1 1 1 1 1 1 1 1 1 1 1 1 1 1 1 1 1 1 1 1 1 1 1 1 1 1 1 1 1 1 1 1 1 1 1 1 1 1 1 1 1 1 1 1 1 1 1 1 1 1 1 1 1 1 1 1 1 1 1 1 1 1 1 1 1 1 1 1 1 1 1 1 1 1 1 1 1 1 1 1 1 1 1 1 1 1 1 1 1 1 1 1 1 1 1 1 1 1 1 1 1 1 1 1 1 1 1 1 1 1 1 1 1 0 0 0 0 0 0 0 0 0 0 0 0 0 0 0 1 1 1 0 0 0 0 0 0 0 1 1 1 1 1 1 1 1 1 1 1 1 1 1 1 1 1 1 1 1 1 1 1 1 1 1 1 1 1 0 1 1 1 1 1 1 1 1 1 1 1 1 1 1 1 1 1 1 1 1 1 1 1 1 1 1 1 1 1 1 1 1 1 1 1 1 1 1 1 1 
