# This file contains a 2D laser scan observation. 
# Its format is: 
# [aperture] [max_range] [number_of_scans] 
# [vector_of_scans] 
# [vector_of_valid_scans] 
# The aperture of the sensor is in radians, the maximum range 
# and measurements are in meters. '1' means a valid scan, '0' otherwise.
4.1847
5.6
682
0.539 0.539 0.538 0.538 0.536 0.538 0.538 0.536 0.536 0.54 0.54 0.541 0.541 0.545 0.545 0.548 0.554 0.554 0.554 0.56 0.562 0.563 0.563 0.563 0.56 0.56 0.56 0.559 0.559 0.558 0.557 0.545 0.545 0.545 0.543 0.538 0.531 0.531 0.534 0.531 0.532 0.532 0.532 0.532 0.532 0.532 0.536 0.539 0.536 0.536 0.536 0.536 0.535 0.535 0.534 0.534 0.533 0.533 0.533 0.542 0.544 0.544 0.544 0.546 0.547 0.547 0.547 0.547 0.547 0.548 0.55 0.554 0.553 0.55 0.553 0.554 0.555 0.559 0.559 0.562 0.562 0.566 0.566 0.569 0.57 0.57 0.57 0.573 0.573 0.574 0.576 0.576 0.576 0.579 0.581 0.582 0.586 0.586 0.589 0.591 0.592 0.598 0.598 0.605 0.605 0.605 0.605 0.608 0.609 0.614 0.619 0.622 0.622 0.624 0.627 0.628 0.628 0.63 0.63 0.631 0.632 0.633 0.637 0.638 0.639 0.643 0.644 0.644 0.648 0.659 0.661 0.664 0.664 0.666 0.668 0.669 0.678 0.681 0.682 0.682 0.685 0.691 0.691 0.695 0.708 0.709 0.711 0.717 0.721 0.725 0.726 0.738 0.739 0.742 0.749 0.75 0.75 0.757 0.758 0.761 0.773 0.774 0.779 0.779 0.789 0.792 0.798 0.799 0.804 0.81 0.834 0.834 0.837 0.84 0.843 0.851 0.855 0.867 0.87 0.878 0.896 0.899 0.906 0.914 0.92 0.927 0.935 0.947 0.959 0.974 0.981 0.99 0.997 1.008 1.026 1.027 1.029 1.051 1.055 1.095 1.11 1.126 1.152 1.161 1.175 1.204 1.217 1.234 1.242 1.259 1.282 1.299 1.322 1.327 1.353 1.364 1.386 1.386 1.386 1.383 1.374 1.372 1.367 1.367 1.367 1.36 1.359 1.359 1.357 1.351 1.351 1.35 1.35 1.346 1.34 1.339 1.332 1.33 1.33 1.329 1.326 1.325 1.323 1.32 1.319 1.314 1.314 1.313 1.311 1.311 1.31 1.31 1.309 1.309 1.309 1.309 1.307 1.306 1.303 1.299 1.299 1.294 1.294 1.296 1.294 1.296 1.296 1.296 1.296 1.296 1.296 1.296 1.3 1.301 1.306 1.312 1.312 1.322 1.326 1.326 1.326 1.32 1.317 1.316 1.312 1.311 1.298 1.298 1.295 1.293 1.293 1.298 1.298 1.298 1.298 1.3 1.301 1.297 1.297 1.296 1.296 1.296 1.297 1.297 1.3 1.3 1.304 1.305 1.31 1.31 1.312 1.312 1.312 1.315 1.319 1.323 1.323 1.323 1.325 1.328 1.329 1.336 1.339 1.339 1.345 1.357 1.401 1.401 1.425 1.425 1.425 1.434 1.429 1.409 1.406 1.404 1.401 1.362 1.362 1.361 1.362 1.405 1.428 1.428 0 0 1.433 0 0.007 0 0.007 1.517 1.517 1.531 1.517 1.517 1.504 1.504 1.504 1.502 0 0.007 0 1.626 1.66 1.626 1.625 1.625 1.611 1.605 1.583 1.57 1.554 1.549 1.549 1.549 1.553 1.56 1.562 1.573 1.582 1.584 1.591 1.6 1.616 1.618 1.627 1.642 1.647 1.654 1.674 1.674 1.677 1.693 1.695 1.705 1.716 1.725 1.738 1.744 1.754 1.762 1.774 1.784 1.793 1.816 1.819 1.827 1.845 1.859 1.872 1.878 1.889 1.911 1.919 1.935 1.936 1.945 1.968 1.975 1.991 1.998 2.016 2.025 2.045 2.052 2.071 2.089 2.095 2.121 2.127 2.147 2.169 2.212 2.229 2.241 2.229 2.229 2.228 2.22 2.204 2.203 2.185 2.183 2.17 2.165 2.16 2.15 2.14 2.137 2.133 2.115 2.11 2.097 2.092 2.09 2.076 2.076 2.072 2.065 2.062 2.059 2.048 2.047 2.042 2.04 2.024 2.024 2.022 2.012 2.003 1.994 1.991 1.991 1.989 1.982 1.971 1.971 1.96 1.956 1.955 1.952 1.947 1.943 1.936 1.934 1.93 1.923 1.922 1.922 1.92 1.912 1.906 1.904 1.901 1.897 1.897 1.892 1.889 1.883 1.88 1.878 1.878 1.878 1.876 1.876 1.877 1.876 1.876 1.876 1.874 1.874 1.874 1.874 1.869 1.866 1.857 1.843 1.842 1.835 1.826 1.824 1.82 1.824 1.826 1.828 1.828 1.831 1.831 1.834 1.834 1.834 1.831 1.829 1.829 1.829 1.829 1.829 1.829 1.829 1.827 1.827 1.828 1.827 1.821 1.825 1.825 1.822 1.822 1.824 1.824 1.824 1.824 1.824 1.824 1.837 1.86 2.192 2.193 2.431 2.444 2.451 2.451 2.444 2.457 2.2 2.194 2.174 2.149 2.142 2.12 2.12 2.114 2.102 2.015 2.015 2.015 2.089 2.128 2.148 2.161 2.161 2.161 2.204 2.219 2.475 2.485 2.485 2.475 2.313 2.313 2.313 2.518 2.538 2.545 2.554 2.554 2.554 0.927 0.927 0.927 0.929 0.929 0.929 0.929 0.929 2.697 0 0 0 0 0 0 0 0.007 0 0 0 1.031 1.031 1.031 0 0 0 0 0 0 0 0 2.839 2.839 2.839 2.854 2.912 2.943 2.978 2.995 2.995 2.965 0 2.965 2.93 0.755 0.755 0.755 0 0.006 0.006 0 0 3.213 3.188 2.314 2.314 2.314 2.245 2.233 2.157 2.144 2.13 2.144 2.144 2.144 0.007 0.006 0.007 1.917 0.691 0.689 0.689 0.691 1.982 1.982 1.982 1.971 1.959 1.95 1.941 1.941 1.933 1.911 0.449 
1 1 1 1 1 1 1 1 1 1 1 1 1 1 1 1 1 1 1 1 1 1 1 1 1 1 1 1 1 1 1 1 1 1 1 1 1 1 1 1 1 1 1 1 1 1 1 1 1 1 1 1 1 1 1 1 1 1 1 1 1 1 1 1 1 1 1 1 1 1 1 1 1 1 1 1 1 1 1 1 1 1 1 1 1 1 1 1 1 1 1 1 1 1 1 1 1 1 1 1 1 1 1 1 1 1 1 1 1 1 1 1 1 1 1 1 1 1 1 1 1 1 1 1 1 1 1 1 1 1 1 1 1 1 1 1 1 1 1 1 1 1 1 1 1 1 1 1 1 1 1 1 1 1 1 1 1 1 1 1 1 1 1 1 1 1 1 1 1 1 1 1 1 1 1 1 1 1 1 1 1 1 1 1 1 1 1 1 1 1 1 1 1 1 1 1 1 1 1 1 1 1 1 1 1 1 1 1 1 1 1 1 1 1 1 1 1 1 1 1 1 1 1 1 1 1 1 1 1 1 1 1 1 1 1 1 1 1 1 1 1 1 1 1 1 1 1 1 1 1 1 1 1 1 1 1 1 1 1 1 1 1 1 1 1 1 1 1 1 1 1 1 1 1 1 1 1 1 1 1 1 1 1 1 1 1 1 1 1 1 1 1 1 1 1 1 1 1 1 1 1 1 1 1 1 1 1 1 1 1 1 1 1 1 1 1 1 1 1 1 1 1 1 1 1 1 1 1 1 1 1 1 1 1 1 1 1 1 1 1 1 1 1 1 0 0 1 0 0 0 0 1 1 1 1 1 1 1 1 1 0 0 0 1 1 1 1 1 1 1 1 1 1 1 1 1 1 1 1 1 1 1 1 1 1 1 1 1 1 1 1 1 1 1 1 1 1 1 1 1 1 1 1 1 1 1 1 1 1 1 1 1 1 1 1 1 1 1 1 1 1 1 1 1 1 1 1 1 1 1 1 1 1 1 1 1 1 1 1 1 1 1 1 1 1 1 1 1 1 1 1 1 1 1 1 1 1 1 1 1 1 1 1 1 1 1 1 1 1 1 1 1 1 1 1 1 1 1 1 1 1 1 1 1 1 1 1 1 1 1 1 1 1 1 1 1 1 1 1 1 1 1 1 1 1 1 1 1 1 1 1 1 1 1 1 1 1 1 1 1 1 1 1 1 1 1 1 1 1 1 1 1 1 1 1 1 1 1 1 1 1 1 1 1 1 1 1 1 1 1 1 1 1 1 1 1 1 1 1 1 1 1 1 1 1 1 1 1 1 1 1 1 1 1 1 1 1 1 1 1 1 1 1 1 1 1 1 1 1 1 1 1 1 1 1 1 1 1 1 1 1 1 1 1 1 1 1 0 0 0 0 0 0 0 0 0 0 0 1 1 1 0 0 0 0 0 0 0 0 1 1 1 1 1 1 1 1 1 1 0 1 1 1 1 1 0 0 0 0 0 1 1 1 1 1 1 1 1 1 1 1 1 1 0 0 0 1 1 1 1 1 1 1 1 1 1 1 1 1 1 1 1 
