# This file contains a 2D laser scan observation. 
# Its format is: 
# [aperture] [max_range] [number_of_scans] 
# [vector_of_scans] 
# [vector_of_valid_scans] 
# The aperture of the sensor is in radians, the maximum range 
# and measurements are in meters. '1' means a valid scan, '0' otherwise.
4.1847
5.6
682
2.403 2.418 2.418 2.418 2.416 2.413 2.412 2.412 2.409 2.405 2.405 2.403 2.401 2.401 2.401 2.401 2.396 2.396 2.39 2.384 2.384 2.384 2.384 2.384 2.384 2.384 2.384 2.382 2.378 2.378 2.378 2.378 2.377 2.378 2.377 2.377 2.379 2.379 2.379 2.379 2.376 2.376 2.376 2.376 2.376 2.381 2.387 2.388 2.388 2.391 2.397 2.397 2.398 2.401 2.402 0 0 0 0 0 0 0.006 0.006 0.006 0.006 0.006 0.006 0.006 0.006 0.006 0.006 0.007 0 5.109 1.637 1.576 1.531 1.493 1.453 1.416 1.381 1.354 1.322 1.284 1.267 1.237 1.217 1.183 1.162 1.146 1.125 1.11 1.09 1.075 1.056 1.034 1.021 0.999 0.979 0.951 0.942 0.929 0.914 0.908 0.889 0.872 0.866 0.856 0.852 0.835 0.833 0.828 0.82 0.801 0.8 0.786 0.773 0.767 0.766 0.744 0.744 0.743 0.742 0.721 0.716 0.711 0.696 0.689 0.686 0.682 0.675 0.668 0.667 0.661 0.655 0.654 0.649 0.639 0.588 0.464 0.461 0.459 0.459 0.456 0.456 0.456 0.456 0.46 0.461 0.461 0.461 0.462 0.46 0.458 0.458 0.467 0.467 0.475 0.475 0.478 0.488 0.488 0.501 0.504 0.515 0.521 0.524 0.534 0.538 0.538 0.543 0.545 0.545 0.548 0.55 0.553 0.554 0.554 0.554 0.554 0.553 0.552 0.552 0.552 0.553 0.555 0.557 0.557 0.555 0.552 0.55 0.55 0.55 0.546 0.546 0.546 0.54 0.538 0.537 0.538 0.538 0.537 0.537 0.537 0.537 0.538 0.54 0.541 0.542 0.543 0.545 0.549 0.674 0.685 0.696 0.696 0.696 0.696 0.698 0.698 0.706 0.71 0.716 0.717 0.728 0.742 0.758 0.769 0.791 0.799 0.809 0.823 0.833 0.835 0.836 0.843 0.852 0.875 0.878 0.88 0.914 0.93 0.945 0.96 0.98 0.996 1.006 1.029 1.052 1.083 1.11 1.122 1.14 1.154 1.183 1.201 1.23 1.26 1.29 1.313 1.366 1.405 1.432 1.482 1.546 1.609 1.78 1.836 1.886 1.918 1.93 1.93 1.93 1.923 1.907 1.907 1.906 1.906 1.911 1.923 1.935 2.012 2.012 2.012 2.012 2.009 2.008 2.003 2.003 2.003 2.002 1.994 1.969 1.966 1.965 1.966 1.966 1.99 1.996 1.998 1.998 2.001 2.004 2.009 2.017 2.018 2.018 2.026 2.026 2.035 2.041 2.042 2.367 2.39 2.397 2.399 2.4 2.402 2.402 2.402 2.407 2.411 2.412 2.412 2.412 2.418 2.418 2.422 2.423 2.43 2.431 0 0 0 0 0 0.007 0 0 0 0 0.007 0 0 0 0 0 0.007 0 1.306 1.263 1.226 1.208 1.2 1.178 1.158 1.141 1.137 1.124 1.118 1.085 1.081 1.074 1.061 1.061 1.061 1.061 0.997 0.987 0.979 0.964 0.961 0.944 0.943 0.932 0.919 0.905 0.899 0.883 0.88 0.862 0.861 0.845 0.837 0.837 0.833 0.817 0.806 0.798 0.797 0.775 0.771 0.77 0.76 0.758 0.747 0.743 0.735 0.732 0.72 0.72 0.71 0.708 0.705 0.696 0.69 0.683 0.677 0.671 0.671 0.665 0.656 0.654 0.654 0.649 0.649 0.649 0.656 0.664 0.666 0.666 0.664 0.652 0.65 0.63 0.601 0.6 0.598 0.595 0.594 0.595 0.589 0.58 0.579 0.579 0.579 0.578 0.578 0.576 0.575 0.57 0.563 0.563 0.56 0.56 0.556 0.556 0.552 0.542 0.542 0.541 0.541 0.541 0.541 0.535 0.533 0.533 0.533 0.533 0.529 0.527 0.526 0.526 0.522 0.519 0.516 0.51 0.51 0.51 0.51 0.509 0.509 0.507 0.507 0.5 0.5 0.5 0.5 0.5 0.499 0.496 0.494 0.494 0.494 0.49 0.49 0.487 0.487 0.487 0.486 0.484 0.482 0.48 0.478 0.476 0.475 0.475 0.475 0.473 0.473 0.472 0.473 0.476 0.48 0.476 0.476 0.472 0.472 0.471 0.468 0.466 0.464 0.464 0.464 0.465 0.465 0.468 0.465 0.463 0.462 0.462 0.461 0.46 0.46 0.459 0.459 0.462 0.462 0.462 0.462 0.462 0.458 0.458 0.458 0.458 0.459 0.462 0.462 0.462 0.462 0.466 0.466 0.466 0.467 0.467 0.475 0.479 0.489 0.491 0.491 0.5 0.502 0.507 0.507 0.507 0.502 0.501 0.5 0.488 0.487 0.476 0.474 0.473 0.472 0.472 0.472 0.47 0.466 0.463 0.462 0.462 0.46 0.46 0.459 0.46 0.46 0.465 0.465 0.465 0.459 0.459 0.459 0.462 0.462 0.462 0.46 0.46 0.46 0.465 0.467 0.467 0.467 0.465 0.464 0.463 0.464 0.464 0.464 0.465 0.466 0.465 0.466 0.467 0.466 0.469 0.469 0.469 0.469 0.472 0.472 0.475 0.475 0.475 0.476 0.479 0.48 0.48 0.484 0.484 0.487 0.487 0.493 0.493 0.485 0.485 0.49 0.489 0.49 0.491 0.498 0.499 0.506 0.506 0.506 0.504 0.504 0.502 0.504 0.513 0.515 0.515 0.515 0.515 0.516 0.517 0.522 0.522 0.518 0.522 0.522 0.529 0.53 0.533 0.54 0.54 0.54 0.54 0.54 0.547 0.549 0.549 0.55 0.555 0.559 0.57 0.572 0.572 0.575 0.577 0.577 0.577 0.577 0.582 0.585 0.585 0.585 0.587 0.599 0.6 0.605 0.606 0.614 
1 1 1 1 1 1 1 1 1 1 1 1 1 1 1 1 1 1 1 1 1 1 1 1 1 1 1 1 1 1 1 1 1 1 1 1 1 1 1 1 1 1 1 1 1 1 1 1 1 1 1 1 1 1 1 0 0 0 0 0 0 0 0 0 0 0 0 0 0 0 0 0 0 1 1 1 1 1 1 1 1 1 1 1 1 1 1 1 1 1 1 1 1 1 1 1 1 1 1 1 1 1 1 1 1 1 1 1 1 1 1 1 1 1 1 1 1 1 1 1 1 1 1 1 1 1 1 1 1 1 1 1 1 1 1 1 1 1 1 1 1 1 1 1 1 1 1 1 1 1 1 1 1 1 1 1 1 1 1 1 1 1 1 1 1 1 1 1 1 1 1 1 1 1 1 1 1 1 1 1 1 1 1 1 1 1 1 1 1 1 1 1 1 1 1 1 1 1 1 1 1 1 1 1 1 1 1 1 1 1 1 1 1 1 1 1 1 1 1 1 1 1 1 1 1 1 1 1 1 1 1 1 1 1 1 1 1 1 1 1 1 1 1 1 1 1 1 1 1 1 1 1 1 1 1 1 1 1 1 1 1 1 1 1 1 1 1 1 1 1 1 1 1 1 1 1 1 1 1 1 1 1 1 1 1 1 1 1 1 1 1 1 1 1 1 1 1 1 1 1 1 1 1 1 1 1 1 1 1 1 1 1 1 1 1 1 1 1 1 1 1 1 1 1 1 1 1 1 1 1 1 0 0 0 0 0 0 0 0 0 0 0 0 0 0 0 0 0 0 1 1 1 1 1 1 1 1 1 1 1 1 1 1 1 1 1 1 1 1 1 1 1 1 1 1 1 1 1 1 1 1 1 1 1 1 1 1 1 1 1 1 1 1 1 1 1 1 1 1 1 1 1 1 1 1 1 1 1 1 1 1 1 1 1 1 1 1 1 1 1 1 1 1 1 1 1 1 1 1 1 1 1 1 1 1 1 1 1 1 1 1 1 1 1 1 1 1 1 1 1 1 1 1 1 1 1 1 1 1 1 1 1 1 1 1 1 1 1 1 1 1 1 1 1 1 1 1 1 1 1 1 1 1 1 1 1 1 1 1 1 1 1 1 1 1 1 1 1 1 1 1 1 1 1 1 1 1 1 1 1 1 1 1 1 1 1 1 1 1 1 1 1 1 1 1 1 1 1 1 1 1 1 1 1 1 1 1 1 1 1 1 1 1 1 1 1 1 1 1 1 1 1 1 1 1 1 1 1 1 1 1 1 1 1 1 1 1 1 1 1 1 1 1 1 1 1 1 1 1 1 1 1 1 1 1 1 1 1 1 1 1 1 1 1 1 1 1 1 1 1 1 1 1 1 1 1 1 1 1 1 1 1 1 1 1 1 1 1 1 1 1 1 1 1 1 1 1 1 1 1 1 1 1 1 1 1 1 1 1 1 1 1 1 1 1 1 1 1 1 1 1 1 1 1 1 1 1 1 1 1 1 1 1 1 1 1 1 1 1 1 1 1 1 1 1 1 1 1 1 1 1 1 
