# This file contains a 2D laser scan observation. 
# Its format is: 
# [aperture] [max_range] [number_of_scans] 
# [vector_of_scans] 
# [vector_of_valid_scans] 
# The aperture of the sensor is in radians, the maximum range 
# and measurements are in meters. '1' means a valid scan, '0' otherwise.
4.1847
5.6
682
0.849 0.849 0.833 0.775 0.774 0.77 0.768 0.768 0.77 0.77 0.77 0.77 0.76 0.758 0.758 0.758 0.758 0.758 0.758 0.758 0.753 0.751 0.751 0.749 0.751 0.749 0.749 0.749 0.752 0.749 0.752 0.752 0.752 0.75 0.752 0.75 0.75 0.749 0.75 0.745 0.745 0.745 0.75 0.75 0.753 0.753 0.755 0.755 0.761 0.764 0.766 0.768 0.768 0.768 0.768 0.766 0.763 0.763 0.763 0.763 0.761 0.755 0.755 0.752 0.752 0.749 0.748 0.747 0.748 0.748 0.747 0.748 0.748 0.748 0.748 0.748 0.748 0.749 0.749 0.75 0.749 0.75 0.751 0.755 0.751 0.754 0.754 0.754 0.752 0.754 0.756 0.761 0.756 0.761 0.763 0.763 0.763 0.763 0.763 0.764 0.764 0.774 0.774 0.774 0.776 0.776 0.778 0.778 0.782 0.783 0.788 0.788 0.788 0.79 0.79 0.79 0.794 0.794 0.794 0.794 0.796 0.796 0.8 0.8 0.806 0.806 0.813 0.815 0.817 0.819 0.823 0.823 0.823 0.823 0.827 0.827 0.827 0.833 0.837 0.839 0.843 0.846 0.848 0.853 0.852 0.855 0.858 0.859 0.858 0.859 0.863 0.868 0.868 0.873 0.882 0.884 0.884 0.887 0.888 0.891 0.895 0.906 0.907 0.912 0.913 0.914 0.926 0.929 0.933 0.938 0.94 0.943 0.951 0.954 0.955 0.968 0.975 0.985 0.987 0.99 0.999 1.001 1.007 1.016 1.028 1.028 1.028 1.013 1.01 1 0.988 0.985 0.982 0.979 0.969 0.958 0.957 0.956 0.947 0.937 0.934 0.932 0.932 0.932 0.92 0.918 0.909 0.905 0.904 0.903 0.9 0.888 0.887 0.885 0.88 0.878 0.878 0.878 0.878 0.872 0.869 0.867 0.863 0.862 0.853 0.852 0.852 0.852 0.852 0.852 0.852 0.842 0.834 0.832 0.83 0.829 0.826 0.823 0.82 0.82 0.813 0.812 0.809 0.809 0.809 0.806 0.802 0.802 0.802 0.802 0.802 0.788 0.787 0.781 0.787 0.787 0.787 0.787 0.787 0.783 0.783 0.783 0.78 0.777 0.776 0.774 0.772 0.77 0.771 0.771 0.772 0.771 0.771 0.767 0.764 0.764 0.764 0.764 0.764 0.764 0.761 0.761 0.758 0.758 0.756 0.753 0.752 0.753 0.753 0.753 0.752 0.752 0.752 0.752 0.752 0.756 0.756 0.756 0.757 0.762 0.767 0.767 0.768 0.774 0.786 0.795 0.799 0.804 0.809 0.812 0.812 0.812 0.806 0.805 0.801 0.797 0.789 0.775 0.775 0.764 0.761 0.751 0.752 0.752 0.752 0.752 0.754 0.754 0.754 0.753 0.754 0.753 0.754 0.76 0.76 0.754 0.754 0.754 0.754 0.754 0.755 0.756 0.757 0.757 0.758 0.761 0.764 0.764 0.766 0.767 0.769 0.77 0.786 0.786 0.786 0.786 0.79 0.79 0.794 0.811 0.811 0.84 0.84 0.84 0.884 0.884 0.884 0.886 0.886 0.886 0.886 0.886 0.871 0.86 0.84 0.835 0.831 0.83 0.827 0.827 0.827 0.826 0.827 0.826 0.821 0.821 0.821 0.821 0.816 0.816 0.826 0.826 0.826 0.826 0.827 0.833 0.833 0.836 0.837 0.839 0.839 0.85 0.856 0.857 0.862 0.869 0.869 0.869 0.872 0.877 0.88 0.882 0.882 0.891 0.9 0.9 0.903 0.906 0.915 0.918 0.921 0.924 0.927 0.928 0.936 0.944 0.945 0.947 0.958 0.961 0.967 0.972 0.978 0.981 0.984 0.995 0.998 1.004 1.007 1.012 1.017 1.025 1.029 1.036 1.893 1.924 1.938 1.946 1.962 1.962 1.962 1.336 1.335 1.335 1.336 2.071 0.007 0 0 0 0 0 0 0 0 0 0 0 0 0 0 0 0 0 0 0 0 0 0 0 0 0 0 0 0 2.675 2.675 2.675 2.686 2.701 3.202 0 0.007 0 0 0 3.401 3.387 3.387 3.387 3.381 3.37 3.351 3.351 3.348 3.345 3.332 3.329 3.316 3.306 3.305 3.291 3.289 3.265 3.265 3.257 3.239 3.239 2.139 2.13 2.127 2.125 2.124 2.115 2.11 2.108 2.107 2.101 2.101 2.101 2.101 2.093 2.089 2.083 2.083 2.077 2.075 2.068 2.062 2.041 2.041 2.041 2.041 2.041 2.058 2.058 2.058 2.052 2.052 2.052 2.052 2.052 2.052 2.046 2.043 2.042 2.042 2.039 2.039 2.039 2.04 2.04 2.04 2.044 2.044 2.038 2.036 2.036 2.036 2.034 2.029 2.029 2.037 2.031 2.037 2.037 2.031 2.031 2.027 2.027 0.007 0.006 0.007 2.028 2.028 2.035 2.035 2.035 2.044 2.035 2.034 1.155 1.155 1.155 2.051 2.051 2.051 2.05 0.936 0.926 0.926 0.925 0.925 0.926 0.937 0.937 2.083 2.087 2.087 2.087 2.09 2.09 4.638 4.638 2.12 2.12 2.12 2.12 2.126 2.128 2.128 2.138 2.141 2.142 2.144 2.144 2.153 0.007 2.176 2.165 2.176 2.176 2.176 0 0.007 0.008 0 0.008 0.007 2.243 2.243 2.244 2.244 2.245 2.252 2.262 2.276 2.281 2.284 2.291 2.299 0.006 0.006 0.006 1.919 1.919 1.919 1.919 2.312 2.387 2.397 2.397 2.4 2.4 2.416 2.429 2.46 0.006 0.007 2.483 2.483 2.483 2.473 2.423 2.407 2.407 2.407 2.411 2.411 2.411 2.411 1.225 
1 1 1 1 1 1 1 1 1 1 1 1 1 1 1 1 1 1 1 1 1 1 1 1 1 1 1 1 1 1 1 1 1 1 1 1 1 1 1 1 1 1 1 1 1 1 1 1 1 1 1 1 1 1 1 1 1 1 1 1 1 1 1 1 1 1 1 1 1 1 1 1 1 1 1 1 1 1 1 1 1 1 1 1 1 1 1 1 1 1 1 1 1 1 1 1 1 1 1 1 1 1 1 1 1 1 1 1 1 1 1 1 1 1 1 1 1 1 1 1 1 1 1 1 1 1 1 1 1 1 1 1 1 1 1 1 1 1 1 1 1 1 1 1 1 1 1 1 1 1 1 1 1 1 1 1 1 1 1 1 1 1 1 1 1 1 1 1 1 1 1 1 1 1 1 1 1 1 1 1 1 1 1 1 1 1 1 1 1 1 1 1 1 1 1 1 1 1 1 1 1 1 1 1 1 1 1 1 1 1 1 1 1 1 1 1 1 1 1 1 1 1 1 1 1 1 1 1 1 1 1 1 1 1 1 1 1 1 1 1 1 1 1 1 1 1 1 1 1 1 1 1 1 1 1 1 1 1 1 1 1 1 1 1 1 1 1 1 1 1 1 1 1 1 1 1 1 1 1 1 1 1 1 1 1 1 1 1 1 1 1 1 1 1 1 1 1 1 1 1 1 1 1 1 1 1 1 1 1 1 1 1 1 1 1 1 1 1 1 1 1 1 1 1 1 1 1 1 1 1 1 1 1 1 1 1 1 1 1 1 1 1 1 1 1 1 1 1 1 1 1 1 1 1 1 1 1 1 1 1 1 1 1 1 1 1 1 1 1 1 1 1 1 1 1 1 1 1 1 1 1 1 1 1 1 1 1 1 1 1 1 1 1 1 1 1 1 1 1 1 1 1 1 1 1 1 1 1 1 1 1 1 1 1 1 1 1 1 1 1 1 1 1 1 1 1 1 1 1 1 1 1 1 1 1 1 1 1 1 1 1 1 1 1 1 1 1 1 1 1 1 1 1 1 1 1 0 0 0 0 0 0 0 0 0 0 0 0 0 0 0 0 0 0 0 0 0 0 0 0 0 0 0 0 0 1 1 1 1 1 1 0 0 0 0 0 1 1 1 1 1 1 1 1 1 1 1 1 1 1 1 1 1 1 1 1 1 1 1 1 1 1 1 1 1 1 1 1 1 1 1 1 1 1 1 1 1 1 1 1 1 1 1 1 1 1 1 1 1 1 1 1 1 1 1 1 1 1 1 1 1 1 1 1 1 1 1 1 1 1 1 1 1 1 1 1 1 1 1 1 0 0 0 1 1 1 1 1 1 1 1 1 1 1 1 1 1 1 1 1 1 1 1 1 1 1 1 1 1 1 1 1 1 1 1 1 1 1 1 1 1 1 1 1 1 1 1 0 1 1 1 1 1 0 0 0 0 0 0 1 1 1 1 1 1 1 1 1 1 1 1 0 0 0 1 1 1 1 1 1 1 1 1 1 1 1 1 0 0 1 1 1 1 1 1 1 1 1 1 1 1 1 
