# This file contains a 2D laser scan observation. 
# Its format is: 
# [aperture] [max_range] [number_of_scans] 
# [vector_of_scans] 
# [vector_of_valid_scans] 
# The aperture of the sensor is in radians, the maximum range 
# and measurements are in meters. '1' means a valid scan, '0' otherwise.
4.1847
5.6
682
0.854 0.857 0.858 0.86 0.865 0.865 0.865 0.865 0.864 0.864 0.864 0.861 0.861 0.861 0.856 0.855 0.852 0.851 0.849 0.848 0.847 0.847 0.844 0.847 0.847 0.844 0.844 0.845 0.845 0.845 0.845 0.849 0.849 0.849 0.849 0.852 0.849 0.852 0.852 0.852 0.856 0.856 0.854 0.856 0.856 0.854 0.863 0.863 0.863 0.86 0.863 0.863 0.863 0.864 0.864 0.865 0.866 0.87 0.875 0.875 0.876 0.875 0.873 0.873 0.881 0.884 0.885 0.885 0.885 0.887 0.889 0.892 0.895 0.898 0.902 0.902 0.902 0.905 0.908 0.911 0.912 0.912 0.913 0.917 0.918 0.923 0.925 0.926 0.927 0.934 0.937 0.942 0.944 0.949 0.952 0.955 0.955 0.956 0.965 0.969 0.975 0.983 0.983 0.983 0.986 0.997 1 1.007 1.007 1.003 1.003 0.992 0.984 0.965 0.965 0.948 0.935 0.927 0.927 0.923 0.917 0.913 0.902 0.898 0.895 0.888 0.884 0.873 0.872 0.872 0.857 0.844 0.844 0.843 0.829 0.827 0.821 0.816 0.812 0.811 0.809 0.797 0.795 0.795 0.795 0.795 0.789 0.784 0.777 0.773 0.771 0.771 0.762 0.761 0.76 0.756 0.744 0.741 0.74 0.738 0.736 0.734 0.729 0.729 0.729 0.723 0.72 0.711 0.71 0.71 0.704 0.704 0.702 0.7 0.7 0.698 0.695 0.694 0.689 0.689 0.68 0.68 0.682 0.673 0.672 0.672 0.672 0.67 0.669 0.664 0.664 0.66 0.661 0.658 0.658 0.656 0.656 0.656 0.656 0.652 0.645 0.642 0.639 0.639 0.639 0.638 0.639 0.64 0.64 0.635 0.633 0.633 0.633 0.631 0.629 0.631 0.629 0.627 0.627 0.627 0.627 0.619 0.619 0.619 0.619 0.618 0.618 0.618 0.622 0.622 0.622 0.622 0.618 0.613 0.613 0.613 0.612 0.612 0.612 0.612 0.612 0.61 0.61 0.61 0.609 0.609 0.608 0.609 0.609 0.609 0.609 0.609 0.618 0.621 0.628 0.641 0.66 0.662 0.662 0.663 0.668 0.668 0.667 0.666 0.666 0.661 0.659 0.656 0.644 0.633 0.625 0.62 0.612 0.61 0.608 0.608 0.604 0.608 0.601 0.61 0.605 0.605 0.605 0.611 0.617 0.617 0.625 0.625 0.625 0.625 0.63 0.631 0.63 0.631 0.637 0.645 0.656 0.656 0.656 0.652 0.652 0.652 0.663 0.696 0.696 0.696 0.692 0.691 0.691 0.692 0.696 0.697 0.697 0.697 0.687 0.675 0.673 0.663 0.663 0.661 0.661 0.659 0.659 0.657 0.659 0.657 0.659 0.659 0.659 0.657 0.656 0.649 0.649 0.643 0.648 0.649 0.649 0.649 0.649 0.655 0.656 0.659 0.659 0.665 0.665 0.667 0.67 0.678 0.682 0.682 0.685 0.688 0.688 0.69 0.695 0.696 0.699 0.704 0.707 0.708 0.71 0.717 0.717 0.72 0.723 0.729 0.729 0.73 0.73 0.73 0.734 0.736 0.745 0.746 0.752 0.754 0.758 0.761 0.763 0.764 0.766 0.781 0.783 0.785 0.785 0.794 0.796 0.797 0.81 0.812 0.814 0.822 0.83 0.835 0.837 0.837 0.844 0.849 0.85 0.856 0.863 0.864 1.766 1.79 1.79 1.79 1.79 1.774 1.251 1.162 1.159 1.159 1.159 0 0 0 0 0 0 0 0 0 0 0 0 0 0 0 0 0 0 0 0 0 0 0 0 0 0 0 0 0 0 0 0 2.543 2.543 2.543 2.982 0 0 0 0 3.246 3.241 3.224 3.218 3.21 3.209 3.195 3.188 3.182 3.18 3.168 3.166 3.158 3.157 3.145 3.138 3.136 3.136 3.134 3.11 3.104 3.101 3.096 3.075 2.005 1.991 1.98 1.98 1.98 1.981 1.981 1.983 1.981 1.977 1.969 1.966 1.964 1.964 1.964 1.962 1.961 1.961 1.956 1.954 1.95 1.95 1.95 1.95 1.95 1.947 4.769 1.947 1.939 1.939 1.939 1.934 1.934 1.932 1.932 1.929 1.929 1.929 1.932 1.929 1.93 1.93 1.935 1.93 1.93 1.935 1.935 1.931 1.931 1.935 1.936 1.931 1.917 1.929 1.929 1.929 1.932 1.932 1.935 1.94 1.94 1.94 1.938 1.938 1.938 1.943 1.946 1.946 1.946 1.947 1.95 1.947 1.947 1.766 1.766 1.766 1.967 1.97 1.974 1.974 1.976 1.976 1.976 1.976 1.976 1.976 1.979 0.007 1.996 1.996 1.996 1.996 1.996 0.006 0.007 2.026 2.026 2.034 2.034 2.034 2.036 2.039 2.036 2.034 0.873 0.873 0.873 0.872 0.879 0.879 0.879 0.879 2.109 2.118 2.118 2.118 2.12 2.129 2.132 2.138 2.143 2.143 0 0.007 2.17 2.17 0.006 2.17 2.225 2.229 2.229 2.229 2.229 2.237 2.243 2.243 2.254 2.254 2.254 0.007 2.304 2.304 2.304 2.304 5.177 0.008 5.177 5.177 2.391 2.391 2.388 2.391 0.007 2.45 2.45 2.48 2.48 2.501 2.501 2.48 2.434 2.422 2.421 2.421 2.422 2.423 2.443 2.456 2.48 2.496 2.517 2.554 2.554 2.554 2.554 0.007 0.006 0.007 2.645 1.245 1.245 1.233 1.233 1.245 1.246 2.799 2.801 2.804 2.805 2.848 2.886 2.892 2.981 3.158 3.18 3.2 3.229 3.265 3.274 3.313 3.354 3.367 3.414 3.435 3.464 
1 1 1 1 1 1 1 1 1 1 1 1 1 1 1 1 1 1 1 1 1 1 1 1 1 1 1 1 1 1 1 1 1 1 1 1 1 1 1 1 1 1 1 1 1 1 1 1 1 1 1 1 1 1 1 1 1 1 1 1 1 1 1 1 1 1 1 1 1 1 1 1 1 1 1 1 1 1 1 1 1 1 1 1 1 1 1 1 1 1 1 1 1 1 1 1 1 1 1 1 1 1 1 1 1 1 1 1 1 1 1 1 1 1 1 1 1 1 1 1 1 1 1 1 1 1 1 1 1 1 1 1 1 1 1 1 1 1 1 1 1 1 1 1 1 1 1 1 1 1 1 1 1 1 1 1 1 1 1 1 1 1 1 1 1 1 1 1 1 1 1 1 1 1 1 1 1 1 1 1 1 1 1 1 1 1 1 1 1 1 1 1 1 1 1 1 1 1 1 1 1 1 1 1 1 1 1 1 1 1 1 1 1 1 1 1 1 1 1 1 1 1 1 1 1 1 1 1 1 1 1 1 1 1 1 1 1 1 1 1 1 1 1 1 1 1 1 1 1 1 1 1 1 1 1 1 1 1 1 1 1 1 1 1 1 1 1 1 1 1 1 1 1 1 1 1 1 1 1 1 1 1 1 1 1 1 1 1 1 1 1 1 1 1 1 1 1 1 1 1 1 1 1 1 1 1 1 1 1 1 1 1 1 1 1 1 1 1 1 1 1 1 1 1 1 1 1 1 1 1 1 1 1 1 1 1 1 1 1 1 1 1 1 1 1 1 1 1 1 1 1 1 1 1 1 1 1 1 1 1 1 1 1 1 1 1 1 1 1 1 1 1 1 1 1 1 1 1 1 1 1 1 1 1 1 1 1 1 1 1 1 1 1 1 1 1 1 1 1 1 1 1 1 1 1 1 1 1 1 1 1 1 1 0 0 0 0 0 0 0 0 0 0 0 0 0 0 0 0 0 0 0 0 0 0 0 0 0 0 0 0 0 0 0 0 1 1 1 1 0 0 0 0 1 1 1 1 1 1 1 1 1 1 1 1 1 1 1 1 1 1 1 1 1 1 1 1 1 1 1 1 1 1 1 1 1 1 1 1 1 1 1 1 1 1 1 1 1 1 1 1 1 1 1 1 1 1 1 1 1 1 1 1 1 1 1 1 1 1 1 1 1 1 1 1 1 1 1 1 1 1 1 1 1 1 1 1 1 1 1 1 1 1 1 1 1 1 1 1 1 1 1 1 1 1 1 1 1 1 1 1 1 1 1 0 1 1 1 1 1 0 0 1 1 1 1 1 1 1 1 1 1 1 1 1 1 1 1 1 1 1 1 1 1 1 1 1 1 1 0 0 1 1 0 1 1 1 1 1 1 1 1 1 1 1 1 0 1 1 1 1 1 0 1 1 1 1 1 1 0 1 1 1 1 1 1 1 1 1 1 1 1 1 1 1 1 1 1 1 1 1 1 0 0 0 1 1 1 1 1 1 1 1 1 1 1 1 1 1 1 1 1 1 1 1 1 1 1 1 1 1 1 
