# This file contains a 2D laser scan observation. 
# Its format is: 
# [aperture] [max_range] [number_of_scans] 
# [vector_of_scans] 
# [vector_of_valid_scans] 
# The aperture of the sensor is in radians, the maximum range 
# and measurements are in meters. '1' means a valid scan, '0' otherwise.
4.1847
5.6
682
1.081 1.088 1.088 1.096 1.098 1.1 1.1 1.107 1.108 1.108 1.108 1.094 1.089 1.069 1.064 1.052 1.031 1.02 1.009 0.999 0.981 0.975 0.954 0.939 0.932 0.931 0.911 0.9 0.893 0.871 0.862 0.856 0.85 0.845 0.843 0.835 0.832 0.826 0.823 0.818 0.796 0.788 0.786 0.786 0.774 0.766 0.761 0.749 0.744 0.742 0.734 0.733 0.727 0.722 0.716 0.715 0.707 0.696 0.691 0.691 0.688 0.686 0.677 0.666 0.666 0.663 0.661 0.655 0.652 0.65 0.647 0.643 0.639 0.635 0.632 0.632 0.63 0.622 0.617 0.613 0.612 0.612 0.609 0.606 0.599 0.596 0.596 0.595 0.589 0.588 0.583 0.581 0.576 0.575 0.575 0.575 0.573 0.57 0.57 0.567 0.567 0.559 0.557 0.556 0.556 0.551 0.547 0.546 0.545 0.543 0.542 0.54 0.54 0.54 0.539 0.539 0.533 0.527 0.526 0.526 0.525 0.52 0.52 0.52 0.514 0.514 0.514 0.514 0.514 0.514 0.514 0.509 0.506 0.501 0.505 0.501 0.5 0.498 0.498 0.498 0.498 0.498 0.496 0.496 0.494 0.493 0.493 0.493 0.493 0.491 0.491 0.488 0.488 0.485 0.485 0.485 0.485 0.485 0.511 0.511 0.511 0.495 0.495 0.493 0.492 0.493 0.496 0.492 0.494 0.496 0.496 0.503 0.506 0.527 0.527 0.527 0.527 0.522 0.515 0.515 0.521 0.515 0.515 0.515 0.508 0.504 0.494 0.488 0.488 0.488 0.494 0.495 0.495 0.529 0.542 0.542 0.543 0.542 0.54 0.522 0.515 0.51 0.506 0.503 0.501 0.5 0.493 0.493 0.489 0.489 0.496 0.496 0.492 0.492 0.49 0.49 0.486 0.486 0.485 0.485 0.481 0.468 0.468 0.468 0.468 0.47 0.471 0.471 0.471 0.472 0.472 0.472 0.47 0.476 0.476 0.478 0.476 0.479 0.479 0.479 0.481 0.481 0.479 0.478 0.478 0.476 0.476 0.48 0.486 0.486 0.489 0.489 0.489 0.488 0.492 0.496 0.496 0.5 0.5 0.499 0.5 0.499 0.499 0.503 0.505 0.503 0.503 0.503 0.505 0.507 0.507 0.511 0.511 0.513 0.513 0.514 0.518 0.518 0.526 0.527 0.527 0.527 0.528 0.528 0.528 0.536 0.537 0.537 0.538 0.538 0.538 0.543 0.543 0.551 0.552 0.553 0.556 0.559 0.56 0.566 0.567 0.569 0.572 0.574 0.578 0.578 0.581 0.583 0.591 0.591 0.596 0.597 0.6 0.606 0.611 0.613 0.615 0.619 0.619 0.624 0.624 0.627 0.627 0.631 0.636 0.645 0.645 0.646 0.647 0.676 1.048 1.139 1.25 1.507 1.523 1.525 1.525 1.531 1.525 1.47 0.976 0.973 0.946 0.946 0.946 0.946 1.006 1.748 0 0 0 0 0 0 0 0 0 0 0 0 0 0 0 0 0 0 0 0 0 0 0 0 0 0 0 0 0 0 0 0 0 2.274 2.274 2.274 2.276 0 0 0 0 0 3.027 3 2.987 2.986 2.984 2.978 2.97 2.969 2.947 2.947 2.945 2.944 2.944 2.926 2.92 2.905 2.9 2.895 2.893 2.893 2.886 2.883 2.877 2.869 2.863 2.849 2.844 2.838 2.809 1.772 1.77 1.768 1.76 1.76 1.76 1.76 1.756 1.757 1.756 1.756 1.756 1.756 1.755 1.751 1.749 1.749 1.747 1.747 1.747 1.747 1.743 1.743 1.743 1.742 1.742 1.739 1.731 1.731 1.731 1.729 1.63 1.63 1.63 1.695 1.736 1.737 1.737 1.736 1.732 1.732 1.732 1.734 1.734 1.735 1.735 1.735 1.739 1.739 1.739 1.739 1.739 1.738 1.736 1.736 1.741 1.741 1.745 0.015 0.015 0.015 0.007 0.006 0.007 1.769 1.764 1.764 1.761 1.761 1.761 1.762 1.769 1.769 1.772 1.773 1.781 1.784 1.785 1.786 1.787 1.787 1.785 1.604 1.604 1.604 1.554 0 0.007 1.825 1.825 1.828 1.828 1.834 1.836 1.839 1.847 1.847 1.85 1.854 1.856 1.86 1.86 1.86 1.86 1.85 1.85 1.907 1.907 1.911 1.912 1.912 1.918 1.918 1.931 1.931 1.931 1.952 1.952 1.952 1.952 1.903 1.903 0.006 0.006 0.015 0.015 0.006 2.035 2.035 2.035 2.035 2.056 2.056 1.944 1.944 1.907 1.857 0.771 0.767 0.767 0.771 0.767 0.768 0.768 0.768 0.768 0.774 1.27 2.203 2.225 2.237 2.239 2.245 2.281 2.284 0.015 0.015 0.015 0.015 0.015 0.006 0 2.411 2.411 2.4 2.4 2.411 0 2.315 2.354 2.365 2.365 2.365 2.368 2.368 2.371 0.007 0 5.38 0 5.38 2.569 2.602 2.602 2.602 2.64 2.646 2.661 2.666 2.72 2.744 2.763 2.775 0 0 0 0 3.09 3.09 3.09 3.179 3.179 3.179 1.246 1.236 1.232 1.236 1.246 3.483 3.533 3.561 3.561 3.624 3.655 3.719 3.748 3.791 3.828 3.899 3.927 5.065 5.065 5.065 5.047 5.039 5.036 5.021 5.018 4.985 4.983 4.983 4.982 2.254 2.208 2.155 2.125 2.113 2.085 2.045 2.045 2.028 2.028 0.007 0.015 1.974 1.968 1.968 1.96 1.959 1.953 1.952 1.946 1.941 1.94 1.94 1.936 1.936 1.934 1.929 1.927 1.923 1.922 1.921 
1 1 1 1 1 1 1 1 1 1 1 1 1 1 1 1 1 1 1 1 1 1 1 1 1 1 1 1 1 1 1 1 1 1 1 1 1 1 1 1 1 1 1 1 1 1 1 1 1 1 1 1 1 1 1 1 1 1 1 1 1 1 1 1 1 1 1 1 1 1 1 1 1 1 1 1 1 1 1 1 1 1 1 1 1 1 1 1 1 1 1 1 1 1 1 1 1 1 1 1 1 1 1 1 1 1 1 1 1 1 1 1 1 1 1 1 1 1 1 1 1 1 1 1 1 1 1 1 1 1 1 1 1 1 1 1 1 1 1 1 1 1 1 1 1 1 1 1 1 1 1 1 1 1 1 1 1 1 1 1 1 1 1 1 1 1 1 1 1 1 1 1 1 1 1 1 1 1 1 1 1 1 1 1 1 1 1 1 1 1 1 1 1 1 1 1 1 1 1 1 1 1 1 1 1 1 1 1 1 1 1 1 1 1 1 1 1 1 1 1 1 1 1 1 1 1 1 1 1 1 1 1 1 1 1 1 1 1 1 1 1 1 1 1 1 1 1 1 1 1 1 1 1 1 1 1 1 1 1 1 1 1 1 1 1 1 1 1 1 1 1 1 1 1 1 1 1 1 1 1 1 1 1 1 1 1 1 1 1 1 1 1 1 1 1 1 1 1 1 1 1 1 1 1 1 1 1 1 1 1 1 1 1 1 1 1 1 1 1 1 1 1 1 1 1 1 1 1 1 1 1 1 1 1 1 1 1 1 1 1 1 1 1 1 1 1 1 1 0 0 0 0 0 0 0 0 0 0 0 0 0 0 0 0 0 0 0 0 0 0 0 0 0 0 0 0 0 0 0 0 0 1 1 1 1 0 0 0 0 0 1 1 1 1 1 1 1 1 1 1 1 1 1 1 1 1 1 1 1 1 1 1 1 1 1 1 1 1 1 1 1 1 1 1 1 1 1 1 1 1 1 1 1 1 1 1 1 1 1 1 1 1 1 1 1 1 1 1 1 1 1 1 1 1 1 1 1 1 1 1 1 1 1 1 1 1 1 1 1 1 1 1 1 1 1 1 1 0 0 0 0 0 0 1 1 1 1 1 1 1 1 1 1 1 1 1 1 1 1 1 1 1 1 1 1 0 0 1 1 1 1 1 1 1 1 1 1 1 1 1 1 1 1 1 1 1 1 1 1 1 1 1 1 1 1 1 1 1 1 1 1 0 0 0 0 0 1 1 1 1 1 1 1 1 1 1 1 1 1 1 1 1 1 1 1 1 1 1 1 1 1 1 1 1 0 0 0 0 0 0 0 1 1 1 1 1 0 1 1 1 1 1 1 1 1 0 0 1 0 1 1 1 1 1 1 1 1 1 1 1 1 1 0 0 0 0 1 1 1 1 1 1 1 1 1 1 1 1 1 1 1 1 1 1 1 1 1 1 1 1 1 1 1 1 1 1 1 1 1 1 1 1 1 1 1 1 1 1 1 1 1 0 0 1 1 1 1 1 1 1 1 1 1 1 1 1 1 1 1 1 1 1 
