# This file contains a 2D laser scan observation. 
# Its format is: 
# [aperture] [max_range] [number_of_scans] 
# [vector_of_scans] 
# [vector_of_valid_scans] 
# The aperture of the sensor is in radians, the maximum range 
# and measurements are in meters. '1' means a valid scan, '0' otherwise.
4.1847
5.6
682
0.584 0.582 0.582 0.582 0.581 0.573 0.569 0.565 0.562 0.551 0.54 0.54 0.541 0.541 0.539 0.541 0.536 0.535 0.535 0.535 0.534 0.53 0.53 0.53 0.53 0.524 0.524 0.524 0.521 0.521 0.521 0.525 0.521 0.519 0.518 0.518 0.518 0.516 0.515 0.515 0.518 0.515 0.515 0.514 0.513 0.512 0.512 0.512 0.507 0.507 0.507 0.507 0.507 0.507 0.51 0.515 0.512 0.512 0.512 0.51 0.51 0.509 0.509 0.519 0.52 0.52 0.52 0.526 0.526 0.526 0.537 0.538 0.539 0.541 0.541 0.542 0.541 0.541 0.541 0.541 0.538 0.536 0.533 0.525 0.525 0.519 0.518 0.513 0.512 0.512 0.512 0.512 0.517 0.517 0.517 0.517 0.519 0.517 0.515 0.512 0.512 0.511 0.512 0.512 0.516 0.516 0.517 0.518 0.518 0.518 0.518 0.518 0.518 0.518 0.52 0.52 0.52 0.52 0.52 0.519 0.519 0.521 0.521 0.521 0.521 0.524 0.521 0.521 0.524 0.526 0.528 0.528 0.528 0.526 0.528 0.536 0.553 0.554 1.137 1.137 1.139 1.139 1.146 1.157 1.183 1.192 1.192 1.192 1.077 0.968 0.939 0.927 0.923 0.923 0.913 0.911 0.91 0.906 0.892 0.892 0.892 0.881 0.895 0.895 0.895 0.897 0.911 0.926 0.928 0.928 0.928 0.926 0.886 0.774 0.773 0.771 0.765 0.765 0.761 0.765 0.765 1.309 1.312 1.317 1.317 1.334 1.337 1.337 1.334 1.101 1.093 1.093 1.093 1.099 1.39 1.39 1.4 1.4 1.401 1.424 1.434 1.451 1.452 1.469 1.576 1.578 0 0 0 0 0 0 0 0 0 0 0 0 1.305 1.303 1.303 1.305 1.308 1.308 1.316 1.321 1.318 1.324 1.324 1.324 0.007 0 0.007 0 0.007 0 0 0.007 0 0 0 0 0 0 2.001 2.001 2.001 2.028 2.036 2.036 2.036 2.036 2.036 2.508 2.554 2.557 2.557 2.601 2.648 2.742 0.007 2.793 2.765 2.767 2.765 2.765 2.749 2.73 2.727 2.724 2.717 2.706 2.695 2.694 2.684 2.678 2.677 2.674 2.651 2.649 2.649 2.649 2.648 2.633 2.633 2.628 2.627 2.583 1.494 1.491 1.486 1.486 1.475 1.475 1.475 1.47 1.47 1.473 1.47 1.47 1.47 1.465 1.462 1.463 1.46 1.457 1.457 1.457 1.456 1.451 1.449 1.447 1.447 1.447 1.442 1.443 1.442 1.442 1.441 1.434 1.434 1.432 1.432 0.007 0.006 0.007 0.015 0.015 0.015 1.427 1.427 1.425 1.425 1.42 1.425 1.425 1.427 1.431 1.431 1.425 1.427 1.427 1.427 1.427 1.427 1.429 1.429 1.429 1.433 1.433 1.43 1.43 1.436 1.436 1.439 1.439 1.439 1.441 0.007 1.45 1.45 1.45 1.44 1.44 1.445 1.445 1.449 1.454 1.459 1.46 1.464 1.464 1.462 1.465 1.468 1.468 1.469 1.475 1.477 1.477 1.486 1.491 1.492 1.492 1.492 1.492 1.493 1.315 1.306 1.315 1.506 1.506 0.007 1.506 1.506 1.533 1.533 1.542 1.546 1.546 1.547 1.559 1.559 1.563 1.569 1.577 1.579 1.58 1.584 1.588 1.595 1.597 1.598 1.607 1.607 1.607 1.608 1.591 1.547 0.882 0.882 0.882 1.619 1.641 1.649 1.666 0.015 0.015 0.015 1.699 1.699 1.699 1.725 1.742 1.756 1.755 1.755 1.756 1.756 1.769 1.769 1.769 1.769 1.624 1.624 0.007 1.624 0.637 0.625 0.624 0.624 0.637 1.913 1.923 1.935 1.935 1.935 1.947 1.952 1.962 1.962 1.969 1.969 4.738 0.007 4.463 1.1 4.463 2.095 2.095 0.007 0 0.007 2.121 2.121 2.121 2.092 0.54 0.54 0.534 0.534 0.534 0.548 0.548 0.548 0.543 0.54 0.54 0.54 0.54 2.278 2.308 2.316 2.316 2.316 2.383 2.45 5.214 2.45 2.383 0.84 0.84 0.84 2.594 2.614 2.632 2.614 2.632 0.007 0 3.036 3.069 3.069 3.069 3.099 3.144 3.179 3.238 3.262 3.338 3.338 3.432 3.571 3.609 3.609 3.641 3.641 3.7 3.769 4.903 4.903 4.903 4.885 4.88 4.772 1.068 1.068 1.068 1.068 1.068 1.068 1.068 0 0 0 0 0 0.007 0 5.166 2.129 2.108 2.09 2.075 2.047 2.026 2.004 1.986 1.967 1.95 1.925 1.912 1.883 1.872 1.872 1.872 1.872 1.872 1.869 1.861 1.86 1.86 1.86 1.854 1.852 1.852 1.852 1.852 1.852 1.852 1.849 1.849 1.852 1.858 1.86 1.861 1.86 1.861 1.862 1.861 1.86 1.86 1.86 1.857 1.855 1.847 1.847 1.847 1.851 1.852 1.854 1.855 1.857 1.858 1.858 1.861 1.861 1.863 1.865 1.868 1.874 1.875 1.875 1.876 1.877 1.879 1.879 1.881 1.881 1.891 1.89 1.89 1.891 1.893 1.905 1.905 1.906 1.909 1.914 1.918 1.918 1.926 1.934 1.936 1.937 1.938 1.95 1.951 1.951 1.957 1.957 1.958 1.964 1.968 1.976 1.981 1.981 1.992 1.999 2.01 2.016 2.016 2.027 2.031 2.034 2.037 2.05 2.051 2.064 2.066 2.072 2.075 2.076 2.084 2.095 2.121 2.129 2.132 2.138 2.157 2.161 2.164 2.17 2.183 2.183 2.195 2.201 2.217 2.225 2.226 2.251 2.252 
1 1 1 1 1 1 1 1 1 1 1 1 1 1 1 1 1 1 1 1 1 1 1 1 1 1 1 1 1 1 1 1 1 1 1 1 1 1 1 1 1 1 1 1 1 1 1 1 1 1 1 1 1 1 1 1 1 1 1 1 1 1 1 1 1 1 1 1 1 1 1 1 1 1 1 1 1 1 1 1 1 1 1 1 1 1 1 1 1 1 1 1 1 1 1 1 1 1 1 1 1 1 1 1 1 1 1 1 1 1 1 1 1 1 1 1 1 1 1 1 1 1 1 1 1 1 1 1 1 1 1 1 1 1 1 1 1 1 1 1 1 1 1 1 1 1 1 1 1 1 1 1 1 1 1 1 1 1 1 1 1 1 1 1 1 1 1 1 1 1 1 1 1 1 1 1 1 1 1 1 1 1 1 1 1 1 1 1 1 1 1 1 1 1 1 1 1 1 1 1 1 1 1 1 1 1 0 0 0 0 0 0 0 0 0 0 0 0 1 1 1 1 1 1 1 1 1 1 1 1 0 0 0 0 0 0 0 0 0 0 0 0 0 0 1 1 1 1 1 1 1 1 1 1 1 1 1 1 1 1 0 1 1 1 1 1 1 1 1 1 1 1 1 1 1 1 1 1 1 1 1 1 1 1 1 1 1 1 1 1 1 1 1 1 1 1 1 1 1 1 1 1 1 1 1 1 1 1 1 1 1 1 1 1 1 1 1 1 1 1 1 1 1 0 0 0 0 0 0 1 1 1 1 1 1 1 1 1 1 1 1 1 1 1 1 1 1 1 1 1 1 1 1 1 1 1 1 1 0 1 1 1 1 1 1 1 1 1 1 1 1 1 1 1 1 1 1 1 1 1 1 1 1 1 1 1 1 1 1 1 1 1 0 1 1 1 1 1 1 1 1 1 1 1 1 1 1 1 1 1 1 1 1 1 1 1 1 1 1 1 1 1 1 1 1 1 0 0 0 1 1 1 1 1 1 1 1 1 1 1 1 1 1 1 1 0 1 1 1 1 1 1 1 1 1 1 1 1 1 1 1 1 1 1 0 1 1 1 1 1 0 0 0 1 1 1 1 1 1 1 1 1 1 1 1 1 1 1 1 1 1 1 1 1 1 1 1 1 1 1 1 1 1 1 1 1 1 1 0 0 1 1 1 1 1 1 1 1 1 1 1 1 1 1 1 1 1 1 1 1 1 1 1 1 1 1 1 1 1 1 1 1 0 0 0 0 0 0 0 1 1 1 1 1 1 1 1 1 1 1 1 1 1 1 1 1 1 1 1 1 1 1 1 1 1 1 1 1 1 1 1 1 1 1 1 1 1 1 1 1 1 1 1 1 1 1 1 1 1 1 1 1 1 1 1 1 1 1 1 1 1 1 1 1 1 1 1 1 1 1 1 1 1 1 1 1 1 1 1 1 1 1 1 1 1 1 1 1 1 1 1 1 1 1 1 1 1 1 1 1 1 1 1 1 1 1 1 1 1 1 1 1 1 1 1 1 1 1 1 1 1 1 1 1 1 1 1 1 1 1 1 1 
