# This file contains a 2D laser scan observation. 
# Its format is: 
# [aperture] [max_range] [number_of_scans] 
# [vector_of_scans] 
# [vector_of_valid_scans] 
# The aperture of the sensor is in radians, the maximum range 
# and measurements are in meters. '1' means a valid scan, '0' otherwise.
4.1847
5.6
682
1.05 1.045 1.044 1.037 1.026 1.026 1.024 1.016 1.01 1.01 1.005 0.985 0.896 0.871 0.87 0.869 0.867 0.866 0.866 0.867 1.027 1.038 1.078 1.359 1.377 1.378 1.38 1.386 1.386 1.389 1.389 1.391 1.391 1.399 1.399 1.403 1.399 1.399 1.317 1.169 1.168 1.168 1.168 1.169 1.413 1.431 1.449 1.449 1.455 1.456 1.46 1.47 1.47 1.472 1.473 1.494 1.497 1.517 1.521 1.528 1.536 1.595 1.614 1.623 0 0 0 0 0 0 0 0 1.374 1.371 1.353 1.35 1.347 1.347 1.35 1.356 1.359 1.365 1.365 1.368 1.373 1.377 0 0 0 0 0 0 0 0 0 0 0 0 0 0 2.044 2.018 2.012 2.012 1.998 1.998 1.985 1.985 1.985 1.987 2 2 2.007 2.009 2.018 2.028 2.334 2.388 2.39 2.419 2.451 2.482 2.49 2.529 2.575 2.612 2.631 2.643 2.667 2.729 2.731 2.731 2.731 2.718 2.711 2.695 2.682 2.68 2.675 2.674 2.666 2.666 2.66 2.651 1.437 1.43 1.414 1.409 1.406 1.406 1.406 1.399 1.402 1.402 1.394 1.39 1.388 1.383 1.376 1.375 1.374 1.373 1.363 1.361 1.36 1.358 1.358 1.358 1.346 1.313 1.294 1.294 1.294 1.319 1.32 1.327 1.327 1.325 1.327 1.325 1.312 1.313 1.313 1.311 1.313 1.313 1.311 1.309 1.305 1.301 1.301 1.299 1.298 1.298 1.298 1.297 1.296 1.291 1.291 1.291 1.287 1.285 1.285 1.284 1.283 1.28 1.283 1.283 1.286 1.286 1.286 1.279 1.277 1.275 1.018 1.018 1.018 1.26 1.27 1.279 1.282 1.279 1.276 1.276 1.276 1.276 1.276 1.28 1.282 1.28 1.282 1.284 1.284 1.284 1.284 1.286 1.286 1.29 1.29 1.293 1.29 1.29 1.294 1.297 1.301 1.301 1.301 0.79 0.79 0.79 1.117 1.123 1.157 1.157 1.306 1.31 1.312 1.315 1.317 1.324 1.324 1.328 1.329 1.329 1.332 1.334 1.332 1.334 1.336 1.34 1.34 1.347 1.347 1.34 0.68 0.666 0.666 0.68 0.723 1.359 1.374 1.376 1.376 1.387 1.395 1.398 1.398 1.406 1.414 1.415 1.416 1.421 1.427 1.421 0.015 0.007 1.458 1.45 1.45 1.45 1.449 1.429 0.391 0.391 0.391 0.391 0.391 0.401 0.401 0.403 0.817 0.007 1.54 1.54 1.556 1.556 1.556 1.556 1.405 1.392 1.392 1.402 1.405 1.606 1.612 1.631 0.015 0.015 0.015 1.67 1.67 1.67 1.688 1.688 1.689 1.688 1.671 0.807 0.807 0.807 0.854 0.862 0.87 0.87 1.758 0.007 1.758 0.289 0.285 0.283 0.285 0.285 0.283 0.283 0.285 0.288 0.288 0.295 0.297 0.297 0.297 0.289 0.287 0.282 0.281 0.281 0.281 0.281 0.285 0.285 0.286 0.287 2.027 2.034 2.067 2.034 2.067 2.082 2.144 2.2 2.208 2.208 2.208 2.208 2.208 0.598 0.597 0.584 0.597 0.597 2.392 2.452 2.452 2.392 0.731 0.719 0.719 0.731 2.944 2.967 3.005 3.005 3.051 3.092 3.128 3.174 3.218 3.268 3.268 3.268 3.346 0 4.672 4.672 4.672 4.661 4.653 4.65 4.638 4.635 4.621 4.617 4.608 4.602 4.595 4.595 4.595 4.595 4.561 0.846 0.846 0.846 0.845 0.841 0.849 0.844 0.844 0.849 1.874 1.874 1.874 1.872 1.852 1.835 1.814 1.807 1.79 1.764 1.758 1.74 1.726 1.71 1.696 1.669 1.655 1.643 1.643 1.643 1.65 1.65 1.65 1.65 1.65 1.65 1.65 1.653 1.653 1.655 1.655 1.657 1.657 1.655 1.655 1.653 1.653 1.653 1.646 1.645 1.644 1.642 1.642 1.641 1.641 1.641 1.641 1.643 1.643 1.643 1.645 1.649 1.649 1.651 1.653 1.654 1.654 1.657 1.66 1.662 1.662 1.669 1.672 1.672 1.672 1.674 1.682 1.682 1.683 1.689 1.689 1.693 1.697 1.699 1.7 1.707 1.709 1.713 1.71 1.716 1.716 1.716 1.716 1.73 1.732 1.734 1.744 1.747 1.75 1.755 1.761 1.762 1.772 1.773 1.776 1.785 1.788 1.79 1.794 1.795 1.797 1.808 1.817 1.823 1.825 1.832 1.842 1.844 1.852 1.865 1.866 1.884 1.888 1.898 1.905 1.909 1.924 1.929 1.934 1.941 1.953 1.953 1.958 1.964 1.974 1.988 2.009 2.019 2.029 2.033 2.045 2.063 2.067 2.071 2.085 2.095 2.104 2.118 2.134 2.137 2.153 2.154 2.164 2.178 2.195 2.2 2.2 2.2 2.187 2.158 2.146 2.137 2.127 2.109 2.1 2.087 2.079 2.06 2.047 2.032 2.022 2.012 2.001 1.996 1.974 1.968 1.947 1.946 1.94 1.93 1.919 1.901 1.894 1.891 1.87 1.866 1.856 1.851 1.838 1.834 1.825 1.82 1.808 1.8 1.798 1.775 1.772 1.771 1.761 1.755 1.752 1.744 1.734 1.725 1.723 1.722 1.702 1.701 1.696 1.692 1.68 1.666 1.665 1.665 1.665 1.703 1.725 1.733 1.725 1.733 1.753 1.733 0 0.007 0 0 0 0.007 0 0 0 0.007 1.603 1.595 1.603 1.599 1.599 1.595 1.583 1.583 1.583 0 0 0 0 1.537 1.524 1.524 1.525 1.525 0.007 1.581 1.574 1.574 
1 1 1 1 1 1 1 1 1 1 1 1 1 1 1 1 1 1 1 1 1 1 1 1 1 1 1 1 1 1 1 1 1 1 1 1 1 1 1 1 1 1 1 1 1 1 1 1 1 1 1 1 1 1 1 1 1 1 1 1 1 1 1 1 0 0 0 0 0 0 0 0 1 1 1 1 1 1 1 1 1 1 1 1 1 1 0 0 0 0 0 0 0 0 0 0 0 0 0 0 1 1 1 1 1 1 1 1 1 1 1 1 1 1 1 1 1 1 1 1 1 1 1 1 1 1 1 1 1 1 1 1 1 1 1 1 1 1 1 1 1 1 1 1 1 1 1 1 1 1 1 1 1 1 1 1 1 1 1 1 1 1 1 1 1 1 1 1 1 1 1 1 1 1 1 1 1 1 1 1 1 1 1 1 1 1 1 1 1 1 1 1 1 1 1 1 1 1 1 1 1 1 1 1 1 1 1 1 1 1 1 1 1 1 1 1 1 1 1 1 1 1 1 1 1 1 1 1 1 1 1 1 1 1 1 1 1 1 1 1 1 1 1 1 1 1 1 1 1 1 1 1 1 1 1 1 1 1 1 1 1 1 1 1 1 1 1 1 1 1 1 1 1 1 1 1 1 1 1 1 1 1 1 1 1 1 1 1 1 1 1 1 1 1 0 0 1 1 1 1 1 1 1 1 1 1 1 1 1 1 1 0 1 1 1 1 1 1 1 1 1 1 1 1 1 1 0 0 0 1 1 1 1 1 1 1 1 1 1 1 1 1 1 1 1 0 1 1 1 1 1 1 1 1 1 1 1 1 1 1 1 1 1 1 1 1 1 1 1 1 1 1 1 1 1 1 1 1 1 1 1 1 1 1 1 1 1 1 1 1 1 1 1 1 1 1 1 1 1 1 1 1 1 1 1 1 1 1 1 1 1 0 1 1 1 1 1 1 1 1 1 1 1 1 1 1 1 1 1 1 1 1 1 1 1 1 1 1 1 1 1 1 1 1 1 1 1 1 1 1 1 1 1 1 1 1 1 1 1 1 1 1 1 1 1 1 1 1 1 1 1 1 1 1 1 1 1 1 1 1 1 1 1 1 1 1 1 1 1 1 1 1 1 1 1 1 1 1 1 1 1 1 1 1 1 1 1 1 1 1 1 1 1 1 1 1 1 1 1 1 1 1 1 1 1 1 1 1 1 1 1 1 1 1 1 1 1 1 1 1 1 1 1 1 1 1 1 1 1 1 1 1 1 1 1 1 1 1 1 1 1 1 1 1 1 1 1 1 1 1 1 1 1 1 1 1 1 1 1 1 1 1 1 1 1 1 1 1 1 1 1 1 1 1 1 1 1 1 1 1 1 1 1 1 1 1 1 1 1 1 1 1 1 1 1 1 1 1 1 1 1 1 1 1 1 1 1 1 1 1 1 1 1 1 1 1 1 1 1 1 1 1 1 1 1 1 1 1 1 1 0 0 0 0 0 0 0 0 0 0 1 1 1 1 1 1 1 1 1 0 0 0 0 1 1 1 1 1 0 1 1 1 
