# This file contains a 2D laser scan observation. 
# Its format is: 
# [aperture] [max_range] [number_of_scans] 
# [vector_of_scans] 
# [vector_of_valid_scans] 
# The aperture of the sensor is in radians, the maximum range 
# and measurements are in meters. '1' means a valid scan, '0' otherwise.
4.1847
5.6
682
1.469 1.464 1.464 1.464 1.464 1.466 1.477 1.477 1.477 1.477 1.477 1.469 1.469 1.468 1.468 1.468 1.469 1.472 1.472 1.472 1.472 1.473 1.468 1.466 1.466 4.055 1.175 0.006 0.007 0.015 1.485 1.492 1.492 1.492 1.492 1.492 1.493 0.007 1.499 1.499 1.504 1.504 1.504 1.505 1.504 1.47 0.872 0.872 0.872 1.502 1.509 1.515 1.52 1.52 1.526 0.007 0.844 0.542 0.521 0.519 0.519 0.542 0.586 1.344 1.356 1.359 1.569 1.569 1.578 1.578 0.015 0.015 0.015 1.612 1.611 1.611 1.612 1.612 1.62 1.631 1.636 1.64 1.647 1.655 1.658 1.658 1.662 1.658 1.658 0.603 0.593 0.593 0.603 0.623 1.172 1.27 1.733 1.733 1.733 1.735 1.735 1.735 1.735 1.79 1.79 1.798 1.803 1.803 1.809 1.815 1.816 0.008 0.008 0.008 1.879 1.879 1.866 1.866 1.856 1.77 1.77 1.77 1.777 1.782 1.789 1.801 1.813 1.822 1.832 1.841 1.857 1.857 1.864 1.905 1.923 1.923 1.937 1.937 1.937 0.827 0.827 0.827 2.039 2.039 0 2.039 2.039 0.62 0.613 0.613 0.613 0.62 0.62 0.62 0.616 0.616 0.616 0.621 0.624 2.247 2.346 2.549 2.549 2.572 2.599 2.612 2.641 2.663 2.682 2.714 2.727 2.76 2.79 2.82 2.837 2.863 2.903 2.921 2.957 2.99 3.018 3.044 3.074 3.111 3.151 3.189 3.21 3.21 3.259 3.289 4.447 4.447 4.447 4.43 4.418 4.403 4.402 4.394 4.375 4.373 4.353 4.353 4.352 4.352 1.602 1.578 1.572 1.542 1.524 1.51 1.489 1.468 1.444 1.432 1.409 1.396 1.369 1.344 1.334 1.328 1.328 1.328 1.328 1.32 1.32 1.312 1.312 1.314 1.307 1.309 1.309 1.307 1.306 1.302 1.299 1.298 1.295 1.295 1.293 1.295 1.296 1.296 1.293 1.289 1.289 1.289 1.289 1.289 1.291 1.289 1.291 1.291 1.296 1.296 1.3 1.304 1.305 1.305 1.305 1.311 1.305 1.305 1.305 1.305 1.299 1.298 1.295 1.295 1.288 1.287 1.284 1.284 1.288 1.289 1.289 1.291 1.292 1.293 1.293 1.294 1.294 1.296 1.296 1.297 1.305 1.303 1.308 1.311 1.312 1.312 1.312 1.317 1.317 1.32 1.322 1.325 1.322 1.325 1.325 1.327 1.327 1.328 1.328 1.329 1.336 1.336 1.34 1.347 1.35 1.351 1.354 1.355 1.36 1.36 1.36 1.362 1.367 1.374 1.375 1.378 1.38 1.386 1.391 1.394 1.395 1.398 1.4 1.41 1.411 1.414 1.428 1.43 1.431 1.432 1.443 1.448 1.448 1.45 1.452 1.457 1.468 1.473 1.475 1.48 1.486 1.501 1.501 1.502 1.502 1.517 1.52 1.527 1.54 1.544 1.551 1.553 1.556 1.566 1.567 1.575 1.606 1.618 1.62 1.63 1.637 1.647 1.66 1.67 1.673 1.686 1.693 1.698 1.709 1.718 1.723 1.743 1.744 1.761 1.768 1.774 1.78 1.786 1.807 1.816 1.816 1.816 1.816 1.807 1.796 1.788 1.772 1.77 1.743 1.741 1.725 1.725 1.713 1.709 1.694 1.694 1.678 1.669 1.661 1.64 1.639 1.622 1.615 1.613 1.601 1.595 1.588 1.582 1.578 1.56 1.56 1.547 1.546 1.537 1.532 1.52 1.519 1.513 1.505 1.496 1.49 1.487 1.477 1.477 1.473 1.459 1.456 1.456 1.45 1.444 1.439 1.426 1.425 1.417 1.415 1.409 1.407 1.403 1.402 1.394 1.392 1.388 1.384 1.38 1.374 1.374 1.367 1.365 1.364 1.361 1.359 1.356 1.355 1.35 1.344 1.338 1.332 1.332 1.332 1.343 1.366 1.396 1.401 1.401 1.401 1.383 1.383 1.375 1.366 1.345 1.326 1.275 1.275 1.275 1.295 1.318 1.318 1.317 1.317 1.317 1.317 1.317 1.315 1.304 1.299 1.299 1.295 1.29 1.289 1.28 1.28 1.28 1.28 1.279 1.283 1.284 1.283 1.282 1.292 1.287 1.286 1.287 1.292 1.292 1.295 1.295 1.295 1.295 1.295 1.293 1.287 1.287 1.287 1.287 1.292 1.292 1.288 1.282 1.282 1.281 1.275 1.274 1.271 1.269 1.269 1.269 1.269 1.269 1.267 1.272 1.271 1.271 1.272 1.272 1.274 1.275 1.28 1.283 1.284 1.283 1.284 1.287 1.284 1.293 1.294 1.297 1.293 1.298 1.3 1.298 1.298 1.301 1.301 1.3 1.306 1.314 1.314 1.316 1.317 1.319 1.321 1.326 1.328 1.329 1.331 1.338 1.341 1.342 1.343 1.343 1.348 1.354 1.357 1.363 1.364 1.366 1.37 1.37 1.37 1.379 1.394 1.397 1.397 1.398 1.403 1.409 1.41 1.415 1.417 1.432 1.432 1.439 1.441 1.441 1.447 1.45 1.455 1.457 1.463 1.466 1.475 1.485 1.487 1.496 1.508 1.515 1.515 1.525 1.532 1.535 1.54 1.553 1.557 1.558 1.577 1.578 1.585 1.594 1.596 1.597 1.604 1.624 1.624 1.628 1.628 1.628 1.62 1.619 1.61 1.592 1.574 1.563 1.552 1.543 1.53 1.527 1.515 1.504 1.488 1.478 1.474 1.458 1.455 1.444 1.424 1.42 1.419 1.41 1.403 1.399 1.393 1.386 1.366 1.365 1.357 1.349 1.347 1.33 1.328 1.325 1.317 1.311 1.308 1.299 1.295 1.288 1.279 1.271 1.268 1.259 1.254 1.252 1.242 1.24 1.237 1.232 1.228 1.223 
1 1 1 1 1 1 1 1 1 1 1 1 1 1 1 1 1 1 1 1 1 1 1 1 1 1 1 0 0 0 1 1 1 1 1 1 1 0 1 1 1 1 1 1 1 1 1 1 1 1 1 1 1 1 1 0 1 1 1 1 1 1 1 1 1 1 1 1 1 1 0 0 0 1 1 1 1 1 1 1 1 1 1 1 1 1 1 1 1 1 1 1 1 1 1 1 1 1 1 1 1 1 1 1 1 1 1 1 1 1 1 0 0 0 1 1 1 1 1 1 1 1 1 1 1 1 1 1 1 1 1 1 1 1 1 1 1 1 1 1 1 1 1 1 0 1 1 1 1 1 1 1 1 1 1 1 1 1 1 1 1 1 1 1 1 1 1 1 1 1 1 1 1 1 1 1 1 1 1 1 1 1 1 1 1 1 1 1 1 1 1 1 1 1 1 1 1 1 1 1 1 1 1 1 1 1 1 1 1 1 1 1 1 1 1 1 1 1 1 1 1 1 1 1 1 1 1 1 1 1 1 1 1 1 1 1 1 1 1 1 1 1 1 1 1 1 1 1 1 1 1 1 1 1 1 1 1 1 1 1 1 1 1 1 1 1 1 1 1 1 1 1 1 1 1 1 1 1 1 1 1 1 1 1 1 1 1 1 1 1 1 1 1 1 1 1 1 1 1 1 1 1 1 1 1 1 1 1 1 1 1 1 1 1 1 1 1 1 1 1 1 1 1 1 1 1 1 1 1 1 1 1 1 1 1 1 1 1 1 1 1 1 1 1 1 1 1 1 1 1 1 1 1 1 1 1 1 1 1 1 1 1 1 1 1 1 1 1 1 1 1 1 1 1 1 1 1 1 1 1 1 1 1 1 1 1 1 1 1 1 1 1 1 1 1 1 1 1 1 1 1 1 1 1 1 1 1 1 1 1 1 1 1 1 1 1 1 1 1 1 1 1 1 1 1 1 1 1 1 1 1 1 1 1 1 1 1 1 1 1 1 1 1 1 1 1 1 1 1 1 1 1 1 1 1 1 1 1 1 1 1 1 1 1 1 1 1 1 1 1 1 1 1 1 1 1 1 1 1 1 1 1 1 1 1 1 1 1 1 1 1 1 1 1 1 1 1 1 1 1 1 1 1 1 1 1 1 1 1 1 1 1 1 1 1 1 1 1 1 1 1 1 1 1 1 1 1 1 1 1 1 1 1 1 1 1 1 1 1 1 1 1 1 1 1 1 1 1 1 1 1 1 1 1 1 1 1 1 1 1 1 1 1 1 1 1 1 1 1 1 1 1 1 1 1 1 1 1 1 1 1 1 1 1 1 1 1 1 1 1 1 1 1 1 1 1 1 1 1 1 1 1 1 1 1 1 1 1 1 1 1 1 1 1 1 1 1 1 1 1 1 1 1 1 1 1 1 1 1 1 1 1 1 1 1 1 1 1 1 1 1 1 1 1 1 1 1 1 1 1 1 1 1 1 1 1 1 1 1 1 1 1 1 1 1 1 1 1 1 1 1 1 1 1 1 1 1 1 1 1 1 1 
