# This file contains a 2D laser scan observation. 
# Its format is: 
# [aperture] [max_range] [number_of_scans] 
# [vector_of_scans] 
# [vector_of_valid_scans] 
# The aperture of the sensor is in radians, the maximum range 
# and measurements are in meters. '1' means a valid scan, '0' otherwise.
4.1847
5.6
682
1.469 1.469 1.469 1.475 1.469 1.475 1.477 1.477 1.478 1.479 1.479 1.477 1.479 1.472 1.47 1.472 1.472 1.47 1.469 1.47 1.47 1.47 1.47 1.47 1.47 0.015 1.176 1.178 0.015 1.482 1.482 1.487 1.488 1.488 1.488 1.488 1.488 1.488 1.495 1.495 1.509 1.5 1.5 1.509 1.5 1.475 1.475 1.504 1.504 1.519 1.523 1.523 1.523 1.523 1.53 1.523 0.84 0.536 0.516 0.514 0.514 0.536 0.569 1.332 1.35 1.352 1.58 1.58 1.581 1.581 0.015 0.015 0.015 1.609 1.609 1.609 1.612 1.618 1.623 1.626 1.629 1.643 1.647 1.655 1.655 1.66 1.666 1.666 1.666 0.611 0.588 0.588 0.611 0.621 1.165 1.25 1.3 1.732 1.732 1.732 1.732 1.732 1.732 1.785 1.785 1.79 1.802 1.802 1.813 1.817 1.818 0.008 0.008 0.008 1.882 1.882 1.861 1.861 1.851 1.762 1.762 1.762 1.776 1.784 1.797 1.799 1.814 1.826 1.832 1.843 1.858 1.865 1.899 1.932 1.936 1.936 1.932 1.936 1.936 1.875 0.83 0.83 0.83 2.035 2.043 2.043 2.035 0.62 0.609 0.609 0.609 0.62 0.627 0.627 0.627 0.622 0.622 0.622 0.625 2.261 2.339 2.546 2.546 2.572 2.6 2.615 2.644 2.668 2.684 2.71 2.732 2.762 2.786 2.812 2.843 2.862 2.895 2.925 2.955 2.976 3.013 3.048 3.08 3.111 3.141 3.174 3.201 3.201 3.249 3.31 4.446 4.446 4.446 4.428 4.425 4.408 4.398 4.38 4.373 4.37 4.361 4.361 4.359 4.341 1.597 1.579 1.579 1.549 1.522 1.505 1.485 1.469 1.447 1.433 1.413 1.388 1.37 1.341 1.334 1.317 1.317 1.317 1.314 1.316 1.316 1.315 1.309 1.315 1.313 1.309 1.309 1.302 1.302 1.302 1.3 1.3 1.3 1.3 1.3 1.295 1.288 1.288 1.284 1.288 1.288 1.289 1.289 1.289 1.289 1.29 1.295 1.297 1.3 1.3 1.302 1.305 1.305 1.312 1.312 1.312 1.309 1.305 1.301 1.299 1.299 1.295 1.295 1.294 1.292 1.292 1.292 1.292 1.292 1.292 1.292 1.292 1.292 1.292 1.296 1.296 1.296 1.299 1.299 1.299 1.299 1.302 1.306 1.313 1.314 1.314 1.315 1.317 1.317 1.321 1.323 1.328 1.328 1.326 1.326 1.326 1.325 1.326 1.328 1.334 1.339 1.339 1.343 1.344 1.35 1.35 1.35 1.357 1.357 1.359 1.359 1.364 1.364 1.373 1.374 1.377 1.383 1.388 1.392 1.392 1.395 1.407 1.407 1.408 1.415 1.415 1.42 1.42 1.429 1.44 1.441 1.443 1.443 1.446 1.453 1.459 1.466 1.47 1.471 1.482 1.494 1.495 1.496 1.507 1.513 1.516 1.519 1.535 1.547 1.549 1.556 1.561 1.564 1.57 1.576 1.577 1.602 1.62 1.624 1.629 1.636 1.646 1.66 1.666 1.669 1.69 1.691 1.701 1.706 1.711 1.732 1.738 1.753 1.76 1.761 1.771 1.779 1.788 1.796 1.815 1.815 1.815 1.813 1.807 1.794 1.789 1.777 1.758 1.75 1.747 1.731 1.721 1.716 1.708 1.696 1.691 1.67 1.669 1.661 1.644 1.628 1.625 1.62 1.615 1.609 1.589 1.585 1.579 1.573 1.56 1.551 1.546 1.537 1.535 1.528 1.523 1.518 1.509 1.507 1.501 1.493 1.487 1.471 1.47 1.468 1.468 1.463 1.453 1.449 1.446 1.435 1.428 1.426 1.422 1.416 1.41 1.406 1.406 1.398 1.398 1.398 1.387 1.384 1.379 1.376 1.375 1.372 1.372 1.371 1.366 1.362 1.353 1.351 1.344 1.338 1.338 1.334 1.334 1.343 1.346 1.367 1.394 1.399 1.399 1.399 1.391 1.391 1.374 1.367 1.338 1.316 1.277 1.277 1.277 1.293 1.323 1.323 1.316 1.313 1.316 1.313 1.313 1.311 1.31 1.303 1.302 1.296 1.295 1.284 1.284 1.283 1.283 1.284 1.283 1.285 1.288 1.287 1.287 1.291 1.287 1.287 1.294 1.296 1.299 1.299 1.299 1.299 1.296 1.296 1.292 1.292 1.291 1.291 1.291 1.291 1.291 1.284 1.284 1.284 1.282 1.278 1.276 1.276 1.271 1.271 1.271 1.271 1.271 1.271 1.278 1.273 1.273 1.273 1.273 1.273 1.279 1.279 1.28 1.28 1.282 1.282 1.283 1.287 1.288 1.292 1.292 1.292 1.292 1.294 1.299 1.301 1.306 1.308 1.306 1.308 1.311 1.311 1.313 1.316 1.318 1.32 1.32 1.325 1.334 1.334 1.336 1.342 1.343 1.343 1.343 1.347 1.352 1.359 1.365 1.367 1.369 1.37 1.374 1.38 1.38 1.385 1.393 1.393 1.396 1.398 1.406 1.41 1.413 1.42 1.422 1.422 1.426 1.435 1.44 1.45 1.451 1.463 1.464 1.465 1.467 1.469 1.482 1.487 1.502 1.503 1.507 1.518 1.523 1.525 1.54 1.547 1.554 1.561 1.567 1.576 1.578 1.585 1.597 1.598 1.601 1.617 1.622 1.623 1.627 1.627 1.627 1.614 1.61 1.599 1.59 1.573 1.558 1.553 1.55 1.532 1.521 1.512 1.499 1.493 1.487 1.47 1.461 1.457 1.44 1.429 1.426 1.418 1.415 1.408 1.397 1.385 1.378 1.367 1.364 1.359 1.353 1.346 1.337 1.333 1.318 1.313 1.311 1.302 1.297 1.292 1.287 1.271 1.267 1.265 1.264 1.252 1.252 1.246 1.24 1.232 1.231 1.228 1.223 
1 1 1 1 1 1 1 1 1 1 1 1 1 1 1 1 1 1 1 1 1 1 1 1 1 0 1 1 0 1 1 1 1 1 1 1 1 1 1 1 1 1 1 1 1 1 1 1 1 1 1 1 1 1 1 1 1 1 1 1 1 1 1 1 1 1 1 1 1 1 0 0 0 1 1 1 1 1 1 1 1 1 1 1 1 1 1 1 1 1 1 1 1 1 1 1 1 1 1 1 1 1 1 1 1 1 1 1 1 1 1 0 0 0 1 1 1 1 1 1 1 1 1 1 1 1 1 1 1 1 1 1 1 1 1 1 1 1 1 1 1 1 1 1 1 1 1 1 1 1 1 1 1 1 1 1 1 1 1 1 1 1 1 1 1 1 1 1 1 1 1 1 1 1 1 1 1 1 1 1 1 1 1 1 1 1 1 1 1 1 1 1 1 1 1 1 1 1 1 1 1 1 1 1 1 1 1 1 1 1 1 1 1 1 1 1 1 1 1 1 1 1 1 1 1 1 1 1 1 1 1 1 1 1 1 1 1 1 1 1 1 1 1 1 1 1 1 1 1 1 1 1 1 1 1 1 1 1 1 1 1 1 1 1 1 1 1 1 1 1 1 1 1 1 1 1 1 1 1 1 1 1 1 1 1 1 1 1 1 1 1 1 1 1 1 1 1 1 1 1 1 1 1 1 1 1 1 1 1 1 1 1 1 1 1 1 1 1 1 1 1 1 1 1 1 1 1 1 1 1 1 1 1 1 1 1 1 1 1 1 1 1 1 1 1 1 1 1 1 1 1 1 1 1 1 1 1 1 1 1 1 1 1 1 1 1 1 1 1 1 1 1 1 1 1 1 1 1 1 1 1 1 1 1 1 1 1 1 1 1 1 1 1 1 1 1 1 1 1 1 1 1 1 1 1 1 1 1 1 1 1 1 1 1 1 1 1 1 1 1 1 1 1 1 1 1 1 1 1 1 1 1 1 1 1 1 1 1 1 1 1 1 1 1 1 1 1 1 1 1 1 1 1 1 1 1 1 1 1 1 1 1 1 1 1 1 1 1 1 1 1 1 1 1 1 1 1 1 1 1 1 1 1 1 1 1 1 1 1 1 1 1 1 1 1 1 1 1 1 1 1 1 1 1 1 1 1 1 1 1 1 1 1 1 1 1 1 1 1 1 1 1 1 1 1 1 1 1 1 1 1 1 1 1 1 1 1 1 1 1 1 1 1 1 1 1 1 1 1 1 1 1 1 1 1 1 1 1 1 1 1 1 1 1 1 1 1 1 1 1 1 1 1 1 1 1 1 1 1 1 1 1 1 1 1 1 1 1 1 1 1 1 1 1 1 1 1 1 1 1 1 1 1 1 1 1 1 1 1 1 1 1 1 1 1 1 1 1 1 1 1 1 1 1 1 1 1 1 1 1 1 1 1 1 1 1 1 1 1 1 1 1 1 1 1 1 1 1 1 1 1 1 1 1 1 1 1 1 1 1 1 1 1 1 1 1 1 1 1 1 1 1 1 1 1 1 1 1 1 1 1 1 
