# This file contains a 2D laser scan observation. 
# Its format is: 
# [aperture] [max_range] [number_of_scans] 
# [vector_of_scans] 
# [vector_of_valid_scans] 
# The aperture of the sensor is in radians, the maximum range 
# and measurements are in meters. '1' means a valid scan, '0' otherwise.
4.1847
5.6
682
1.473 1.472 1.465 1.474 1.465 1.465 1.474 1.479 1.479 1.479 1.477 1.473 1.465 1.465 1.464 1.464 1.47 1.474 1.475 1.475 1.475 1.475 1.475 1.473 1.473 0.015 1.17 1.18 0.015 1.487 1.481 1.487 1.487 1.487 1.488 1.488 1.49 0.007 1.494 1.494 1.501 1.501 1.501 1.502 1.501 1.473 1.473 1.497 1.497 1.521 1.521 1.521 1.521 1.521 1.521 1.516 0.85 0.537 0.52 0.513 0.52 0.537 0.575 1.333 1.345 1.364 1.575 1.575 1.583 1.583 0.015 0.015 0.015 1.61 1.61 1.61 1.618 1.622 1.625 1.626 1.636 1.637 1.638 1.647 1.655 1.658 1.663 1.663 1.663 0.603 0.593 0.593 0.603 0.628 1.168 1.278 1.737 1.737 1.734 1.737 1.737 1.734 1.734 1.791 1.791 1.791 1.802 1.802 1.805 1.806 1.818 0.008 0.008 0.008 1.879 1.879 1.868 1.868 1.852 1.768 1.768 1.768 1.781 1.782 1.784 1.807 1.82 1.822 1.825 1.834 1.852 1.862 1.909 1.921 1.946 1.946 1.921 1.946 1.946 1.853 0.832 0.832 0.832 2.027 2.038 2.038 2.027 0.618 0.611 0.611 0.611 0.615 0.62 0.62 0.62 0.62 0.62 0.622 0.636 2.263 2.353 2.551 2.551 2.572 2.598 2.618 2.634 2.667 2.69 2.711 2.739 2.758 2.788 2.812 2.834 2.866 2.893 2.926 2.955 2.98 3.018 3.053 3.08 3.104 3.134 3.175 3.222 3.222 3.243 3.283 4.45 4.45 4.45 4.424 4.422 4.407 4.403 4.393 4.384 4.369 4.357 4.354 4.349 1.599 1.598 1.587 1.579 1.544 1.519 1.507 1.49 1.467 1.443 1.427 1.413 1.391 1.366 1.351 1.328 1.328 1.322 1.322 1.322 1.322 1.318 1.315 1.315 1.311 1.311 1.311 1.312 1.311 1.303 1.301 1.301 1.301 1.297 1.294 1.296 1.294 1.293 1.29 1.29 1.29 1.289 1.288 1.29 1.288 1.288 1.288 1.295 1.288 1.295 1.297 1.299 1.304 1.304 1.306 1.307 1.307 1.305 1.305 1.299 1.298 1.296 1.292 1.289 1.287 1.286 1.285 1.285 1.286 1.288 1.288 1.288 1.288 1.288 1.293 1.295 1.298 1.299 1.3 1.3 1.303 1.305 1.305 1.307 1.31 1.311 1.311 1.317 1.318 1.318 1.318 1.322 1.325 1.325 1.327 1.327 1.328 1.325 1.328 1.329 1.336 1.336 1.336 1.342 1.342 1.344 1.344 1.354 1.355 1.355 1.356 1.362 1.364 1.367 1.371 1.375 1.376 1.384 1.396 1.396 1.4 1.405 1.405 1.406 1.408 1.411 1.409 1.411 1.419 1.43 1.435 1.436 1.437 1.439 1.453 1.456 1.457 1.462 1.468 1.475 1.484 1.484 1.494 1.496 1.497 1.506 1.519 1.52 1.521 1.541 1.543 1.55 1.551 1.558 1.56 1.569 1.585 1.606 1.619 1.621 1.623 1.633 1.643 1.661 1.666 1.675 1.684 1.699 1.7 1.712 1.714 1.734 1.736 1.75 1.757 1.759 1.772 1.786 1.792 1.797 1.826 1.826 1.826 1.811 1.806 1.802 1.786 1.775 1.765 1.75 1.744 1.726 1.716 1.71 1.706 1.693 1.681 1.674 1.663 1.66 1.633 1.631 1.618 1.615 1.61 1.609 1.587 1.585 1.579 1.578 1.555 1.555 1.548 1.54 1.537 1.526 1.525 1.516 1.51 1.501 1.494 1.493 1.485 1.485 1.474 1.472 1.465 1.452 1.45 1.443 1.439 1.437 1.429 1.428 1.416 1.413 1.413 1.402 1.399 1.397 1.394 1.392 1.388 1.387 1.379 1.378 1.373 1.37 1.363 1.36 1.356 1.356 1.356 1.355 1.349 1.344 1.338 1.333 1.333 1.333 1.338 1.375 1.386 1.397 1.403 1.403 1.422 0.007 0.015 1.394 1.332 1.312 1.289 1.289 1.289 1.32 0.007 0.015 1.32 1.315 1.315 1.312 1.312 1.308 1.303 1.301 1.3 1.298 1.298 1.296 1.278 1.278 1.284 1.284 1.285 1.285 1.285 1.285 1.284 1.284 1.283 1.284 1.287 1.291 1.298 1.299 1.299 1.299 1.299 1.294 1.292 1.287 1.287 1.291 1.291 1.291 1.291 1.291 1.282 1.277 1.277 1.277 1.271 1.27 1.27 1.271 1.271 1.271 1.271 1.273 1.277 1.277 1.277 1.277 1.274 1.274 1.277 1.274 1.275 1.281 1.276 1.276 1.279 1.287 1.287 1.292 1.294 1.295 1.295 1.298 1.298 1.299 1.308 1.308 1.309 1.312 1.313 1.315 1.315 1.316 1.316 1.323 1.324 1.328 1.328 1.329 1.34 1.341 1.345 1.346 1.347 1.35 1.35 1.365 1.365 1.365 1.365 1.366 1.373 1.381 1.381 1.384 1.385 1.394 1.401 1.402 1.403 1.41 1.423 1.424 1.425 1.426 1.433 1.436 1.445 1.447 1.453 1.461 1.467 1.47 1.477 1.478 1.48 1.487 1.503 1.505 1.514 1.516 1.517 1.525 1.539 1.545 1.549 1.554 1.571 1.578 1.579 1.59 1.594 1.595 1.602 1.603 1.61 1.623 1.627 1.627 1.627 1.615 1.607 1.593 1.59 1.567 1.566 1.549 1.54 1.526 1.52 1.512 1.507 1.488 1.482 1.474 1.468 1.461 1.433 1.432 1.421 1.416 1.412 1.409 1.4 1.388 1.384 1.371 1.363 1.355 1.349 1.342 1.335 1.327 1.321 1.314 1.313 1.302 1.292 1.29 1.283 1.28 1.274 1.269 1.263 1.256 1.25 1.243 1.238 1.236 1.235 1.232 1.222 
1 1 1 1 1 1 1 1 1 1 1 1 1 1 1 1 1 1 1 1 1 1 1 1 1 0 1 1 0 1 1 1 1 1 1 1 1 0 1 1 1 1 1 1 1 1 1 1 1 1 1 1 1 1 1 1 1 1 1 1 1 1 1 1 1 1 1 1 1 1 0 0 0 1 1 1 1 1 1 1 1 1 1 1 1 1 1 1 1 1 1 1 1 1 1 1 1 1 1 1 1 1 1 1 1 1 1 1 1 1 1 0 0 0 1 1 1 1 1 1 1 1 1 1 1 1 1 1 1 1 1 1 1 1 1 1 1 1 1 1 1 1 1 1 1 1 1 1 1 1 1 1 1 1 1 1 1 1 1 1 1 1 1 1 1 1 1 1 1 1 1 1 1 1 1 1 1 1 1 1 1 1 1 1 1 1 1 1 1 1 1 1 1 1 1 1 1 1 1 1 1 1 1 1 1 1 1 1 1 1 1 1 1 1 1 1 1 1 1 1 1 1 1 1 1 1 1 1 1 1 1 1 1 1 1 1 1 1 1 1 1 1 1 1 1 1 1 1 1 1 1 1 1 1 1 1 1 1 1 1 1 1 1 1 1 1 1 1 1 1 1 1 1 1 1 1 1 1 1 1 1 1 1 1 1 1 1 1 1 1 1 1 1 1 1 1 1 1 1 1 1 1 1 1 1 1 1 1 1 1 1 1 1 1 1 1 1 1 1 1 1 1 1 1 1 1 1 1 1 1 1 1 1 1 1 1 1 1 1 1 1 1 1 1 1 1 1 1 1 1 1 1 1 1 1 1 1 1 1 1 1 1 1 1 1 1 1 1 1 1 1 1 1 1 1 1 1 1 1 1 1 1 1 1 1 1 1 1 1 1 1 1 1 1 1 1 1 1 1 1 1 1 1 1 1 1 1 1 1 1 1 1 1 1 1 1 1 1 1 1 1 1 1 1 1 1 1 1 1 1 1 1 1 1 1 1 1 1 1 1 1 1 1 1 1 1 1 1 1 1 1 1 1 1 1 1 1 1 1 1 1 1 1 1 1 1 1 1 1 1 0 0 1 1 1 1 1 1 1 0 0 1 1 1 1 1 1 1 1 1 1 1 1 1 1 1 1 1 1 1 1 1 1 1 1 1 1 1 1 1 1 1 1 1 1 1 1 1 1 1 1 1 1 1 1 1 1 1 1 1 1 1 1 1 1 1 1 1 1 1 1 1 1 1 1 1 1 1 1 1 1 1 1 1 1 1 1 1 1 1 1 1 1 1 1 1 1 1 1 1 1 1 1 1 1 1 1 1 1 1 1 1 1 1 1 1 1 1 1 1 1 1 1 1 1 1 1 1 1 1 1 1 1 1 1 1 1 1 1 1 1 1 1 1 1 1 1 1 1 1 1 1 1 1 1 1 1 1 1 1 1 1 1 1 1 1 1 1 1 1 1 1 1 1 1 1 1 1 1 1 1 1 1 1 1 1 1 1 1 1 1 1 1 1 1 1 1 1 1 1 1 1 1 1 1 1 1 1 1 1 1 1 
