# This file contains a 2D laser scan observation. 
# Its format is: 
# [aperture] [max_range] [number_of_scans] 
# [vector_of_scans] 
# [vector_of_valid_scans] 
# The aperture of the sensor is in radians, the maximum range 
# and measurements are in meters. '1' means a valid scan, '0' otherwise.
4.1847
5.6
682
0.959 0.953 0.888 0.888 0.881 0.88 0.888 0.888 0.905 0.912 0.913 0.916 0.926 0.931 0.941 0.962 0.972 0.972 0.972 0.963 0.962 0.961 0.943 0.934 0.918 0.914 0.913 0.912 0.912 0.912 0.915 0.922 0.933 0.946 0.949 0.96 0.963 0.999 1.001 1.006 1.006 1.006 1.005 1.005 0.999 0.994 0.985 0.983 0.98 0.975 0.975 0.976 0.98 0.98 0.982 0.982 0.98 0.967 0.962 0.962 0.961 0.96 0.961 0.963 0.963 0.975 0.978 0.997 1.005 1.04 1.051 1.057 1.058 1.058 1.06 1.068 1.073 1.081 1.102 1.102 1.102 1.078 1.067 1.05 1.046 1.021 0.992 0.991 0.987 0.98 0.976 0.976 0.98 0.98 0.98 0.98 0.972 0.971 0.967 0.96 0.96 0.966 0.966 0.966 0.968 0.966 0.966 0.965 0.964 0.964 0.966 0.972 0.984 1.07 1.104 1.116 1.12 1.146 1.157 1.16 1.169 1.173 1.179 1.184 1.234 1.234 1.234 1.222 1.219 1.215 1.204 1.199 1.191 1.185 1.176 1.168 1.167 1.159 1.146 1.139 1.134 1.128 1.125 1.123 1.116 1.111 1.102 1.101 1.098 1.094 1.087 1.085 1.075 1.071 1.069 1.058 1.057 1.056 1.056 1.044 1.039 1.033 1.031 1.028 1.024 1.024 1.02 1.02 1.024 1.028 1.038 1.042 1.047 1.051 1.057 1.064 1.07 1.075 1.09 1.093 1.103 1.103 1.125 1.128 1.201 1.231 1.233 1.233 1.278 1.308 1.322 1.366 1.391 1.423 1.428 1.475 1.505 1.558 1.563 1.594 1.639 1.692 1.738 1.779 1.879 1.905 2.008 2.008 0.007 0 0 0 2.17 2.168 2.166 2.159 2.159 2.158 2.153 2.153 2.154 2.153 2.147 2.144 2.139 2.137 2.136 2.136 2.134 2.134 2.131 2.129 2.125 2.123 2.123 2.125 2.123 2.123 2.115 2.115 2.115 2.118 2.118 2.119 2.118 2.118 2.114 2.114 2.114 2.114 2.114 2.114 2.117 2.117 2.117 2.118 2.122 2.122 2.122 2.122 2.122 2.122 2.122 2.124 2.125 2.13 2.131 2.131 2.131 2.132 2.134 2.14 2.14 2.17 0 0 0 5.302 5.302 5.302 5.302 5.308 5.311 5.317 5.317 5.341 5.341 5.35 5.366 5.366 5.316 5.316 5.079 4.753 1.881 1.852 1.413 1.378 1.354 1.312 1.28 1.262 1.23 1.223 1.2 1.163 1.152 1.122 1.108 1.094 1.074 1.056 1.034 1.02 1.009 1.006 0.982 0.973 0.967 0.95 0.945 0.92 0.915 0.899 0.894 0.875 0.87 0.87 0.856 0.851 0.838 0.837 0.819 0.808 0.804 0.796 0.787 0.772 0.77 0.753 0.749 0.742 0.731 0.727 0.712 0.708 0.706 0.694 0.693 0.686 0.681 0.674 0.673 0.655 0.654 0.652 0.641 0.635 0.634 0.634 0.627 0.623 0.617 0.617 0.615 0.611 0.606 0.602 0.592 0.591 0.591 0.581 0.577 0.576 0.575 0.562 0.562 0.558 0.558 0.557 0.547 0.546 0.544 0.54 0.54 0.536 0.534 0.533 0.527 0.526 0.52 0.515 0.514 0.515 0.514 0.514 0.509 0.506 0.504 0.503 0.501 0.496 0.496 0.496 0.495 0.493 0.49 0.486 0.486 0.482 0.482 0.482 0.479 0.475 0.472 0.472 0.475 0.475 0.471 0.47 0.467 0.457 0.457 0.462 0.457 0.462 0.462 0.461 0.451 0.45 0.449 0.449 0.448 0.448 0.44 0.44 0.44 0.44 0.44 0.44 0.44 0.44 0.438 0.435 0.435 0.435 0.433 0.428 0.422 0.422 0.353 0.32 0.32 0.319 0.32 0.323 0.325 0.323 0.323 0.319 0.319 0.317 0.319 0.322 0.322 0.323 0.323 0.32 0.32 0.32 0.317 0.317 0.321 0.328 0.342 0.429 0.445 0.446 0.451 0.451 0.451 0.451 0.458 0.458 0.463 0.464 0.464 0.464 0.466 0.466 0.464 0.465 0.466 0.466 0.466 0.466 0.468 0.468 0.468 0.468 0.469 0.472 0.472 0.472 0.472 0.474 0.47 0.475 0.477 0.479 0.479 0.484 1.92 1.932 1.934 1.934 1.943 2 2.033 2.045 2.05 2.05 2.05 2.048 2.038 2.03 2.03 2.03 2.03 2.026 2.03 2.026 2.026 2.03 2.031 2.034 2.034 2.034 2.036 2.037 2.04 2.041 2.046 2.047 2.057 2.064 2.069 2.46 2.477 2.479 2.477 2.479 2.481 2.482 2.487 2.49 2.498 2.503 2.503 2.505 2.514 2.521 2.522 2.526 2.529 2.539 0 0 0 0 0 0 0 1.828 1.799 1.774 1.749 1.723 1.705 1.672 1.649 1.614 1.595 1.556 1.544 1.524 1.495 1.489 1.457 1.45 1.442 1.425 1.409 1.399 1.396 1.376 1.353 1.347 1.335 1.312 1.3 1.282 1.271 1.264 1.25 1.242 1.219 1.219 1.21 1.208 1.207 1.208 1.205 1.201 1.14 1.127 1.127 1.122 1.119 1.101 1.101 1.1 1.092 1.08 1.077 1.07 1.061 1.044 1.041 1.037 1.034 1.024 1.018 1.012 1.006 0.996 0.981 0.98 0.978 0.972 0.969 0.968 0.958 0.946 0.946 0.946 0.939 0.929 0.919 0.918 0.917 0.909 0.909 0.908 0.896 0.894 0.884 0.884 0.883 0.872 0.869 0.867 0.863 0.86 0.858 0.855 0.855 0.855 0.862 0.862 0.862 0.855 0.845 0.831 0.828 0.823 0.814 0.811 0.806 0.806 0.806 0.804 
1 1 1 1 1 1 1 1 1 1 1 1 1 1 1 1 1 1 1 1 1 1 1 1 1 1 1 1 1 1 1 1 1 1 1 1 1 1 1 1 1 1 1 1 1 1 1 1 1 1 1 1 1 1 1 1 1 1 1 1 1 1 1 1 1 1 1 1 1 1 1 1 1 1 1 1 1 1 1 1 1 1 1 1 1 1 1 1 1 1 1 1 1 1 1 1 1 1 1 1 1 1 1 1 1 1 1 1 1 1 1 1 1 1 1 1 1 1 1 1 1 1 1 1 1 1 1 1 1 1 1 1 1 1 1 1 1 1 1 1 1 1 1 1 1 1 1 1 1 1 1 1 1 1 1 1 1 1 1 1 1 1 1 1 1 1 1 1 1 1 1 1 1 1 1 1 1 1 1 1 1 1 1 1 1 1 1 1 1 1 1 1 1 1 1 1 1 1 1 1 1 1 1 1 1 1 1 1 0 0 0 0 1 1 1 1 1 1 1 1 1 1 1 1 1 1 1 1 1 1 1 1 1 1 1 1 1 1 1 1 1 1 1 1 1 1 1 1 1 1 1 1 1 1 1 1 1 1 1 1 1 1 1 1 1 1 1 1 1 1 1 1 1 1 0 0 0 1 1 1 1 1 1 1 1 1 1 1 1 1 1 1 1 1 1 1 1 1 1 1 1 1 1 1 1 1 1 1 1 1 1 1 1 1 1 1 1 1 1 1 1 1 1 1 1 1 1 1 1 1 1 1 1 1 1 1 1 1 1 1 1 1 1 1 1 1 1 1 1 1 1 1 1 1 1 1 1 1 1 1 1 1 1 1 1 1 1 1 1 1 1 1 1 1 1 1 1 1 1 1 1 1 1 1 1 1 1 1 1 1 1 1 1 1 1 1 1 1 1 1 1 1 1 1 1 1 1 1 1 1 1 1 1 1 1 1 1 1 1 1 1 1 1 1 1 1 1 1 1 1 1 1 1 1 1 1 1 1 1 1 1 1 1 1 1 1 1 1 1 1 1 1 1 1 1 1 1 1 1 1 1 1 1 1 1 1 1 1 1 1 1 1 1 1 1 1 1 1 1 1 1 1 1 1 1 1 1 1 1 1 1 1 1 1 1 1 1 1 1 1 1 1 1 1 1 1 1 1 1 1 1 1 1 1 1 1 1 1 1 1 1 1 1 1 1 1 1 1 1 1 1 1 1 1 1 1 1 1 1 1 1 1 1 1 1 1 1 1 1 1 1 1 1 1 1 1 1 1 1 1 1 1 1 1 1 1 0 0 0 0 0 0 0 1 1 1 1 1 1 1 1 1 1 1 1 1 1 1 1 1 1 1 1 1 1 1 1 1 1 1 1 1 1 1 1 1 1 1 1 1 1 1 1 1 1 1 1 1 1 1 1 1 1 1 1 1 1 1 1 1 1 1 1 1 1 1 1 1 1 1 1 1 1 1 1 1 1 1 1 1 1 1 1 1 1 1 1 1 1 1 1 1 1 1 1 1 1 1 1 1 1 1 1 1 1 1 1 1 1 1 1 1 
