# This file contains a 2D laser scan observation. 
# Its format is: 
# [aperture] [max_range] [number_of_scans] 
# [vector_of_scans] 
# [vector_of_valid_scans] 
# The aperture of the sensor is in radians, the maximum range 
# and measurements are in meters. '1' means a valid scan, '0' otherwise.
4.1847
5.6
682
0.883 0.874 0.869 0.868 0.866 0.866 0.862 0.862 0.87 0.874 0.938 0.942 0.946 0.946 0.942 0.895 0.891 0.881 0.881 0.885 0.884 0.885 0.89 0.911 0.955 0.955 0.957 0.955 0.95 0.906 0.866 0.864 0.864 0.864 0.862 0.864 0.869 0.874 0.876 0.877 0.884 0.884 0.884 0.847 0.828 0.825 0.816 0.816 0.816 0.832 0.835 0.839 0.839 0.842 0.843 0.844 0.849 0.856 0.872 0.872 0.873 0.879 0.879 0.879 0.832 0.808 0.801 0.801 0.801 0.801 0.803 0.806 0.807 0.819 0.834 0.836 0.836 0.836 0.836 0.837 0.843 0.857 0.866 0.866 0.866 0.863 0.858 0.857 0.854 0.846 0.838 0.832 0.821 0.811 0.811 0.811 0.809 0.809 0.803 0.803 0.803 0.803 0.797 0.782 0.781 0.78 0.779 0.777 0.777 0.776 0.777 0.784 0.786 0.79 0.791 0.795 0.8 0.801 0.811 0.821 0.829 0.834 0.834 0.836 0.834 0.834 0.834 0.842 0.841 0.841 0.841 0.842 0.843 0.847 0.847 0.847 0.838 0.784 0.757 0.747 0.732 0.731 0.729 0.731 0.732 0.733 0.753 0.753 0.753 0.711 0.701 0.701 0.698 0.698 0.698 0.698 0.698 0.696 0.689 0.687 0.686 0.685 0.685 0.685 0.685 0.686 0.686 0.687 0.687 0.691 0.693 0.702 0.72 0.756 0.757 0.789 0.81 0.81 0.81 0.807 0.807 0.807 0.81 0.813 0.816 0.826 0.838 0.839 0.839 0.844 0.849 0.849 0.846 0.849 0.849 0.85 0.883 0.924 0.924 0.924 0.914 0.911 0.903 0.886 0.884 0.878 0.862 0.861 0.85 0.849 0.847 0.839 0.828 0.827 0.816 0.811 0.809 0.804 0.799 0.79 0.783 0.781 0.771 0.77 0.77 0.764 0.75 0.747 0.743 0.741 0.732 0.73 0.73 0.728 0.726 0.713 0.71 0.708 0.708 0.705 0.698 0.696 0.691 0.684 0.68 0.668 0.666 0.666 0.664 0.66 0.658 0.651 0.65 0.649 0.649 0.65 0.654 0.657 0.67 0.672 0.673 0.673 0.673 0.671 0.671 0.671 0.673 0.681 0.686 0.696 0.697 0.711 0.713 0.722 0.723 0.723 0.73 0.733 0.73 0.735 0.739 0.739 0.739 0.015 0.007 0.857 0.857 0.866 0.866 0.873 0.886 0.893 0.905 0.919 0.931 0.939 0.952 0.97 0.994 0.999 1.014 1.035 1.05 1.057 1.083 1.105 1.122 1.133 1.15 1.192 1.201 1.22 1.253 1.274 1.288 1.329 1.333 1.335 1.351 1.367 1.658 1.762 1.763 1.762 1.759 1.759 1.757 1.757 1.755 1.753 1.751 1.75 1.749 1.744 1.742 1.742 1.742 1.74 1.739 1.738 1.737 1.737 1.735 1.735 1.731 1.731 1.73 1.731 1.73 1.729 1.728 1.728 1.728 1.727 1.727 1.727 1.728 1.728 1.728 1.727 1.729 1.727 1.726 1.727 1.733 1.726 1.726 1.733 1.724 1.724 1.728 1.734 1.738 1.738 1.738 1.738 1.738 1.738 1.741 1.742 1.743 1.743 1.743 1.744 1.746 1.746 1.748 1.749 1.756 1.76 1.761 1.764 1.764 1.765 1.771 1.771 1.775 1.787 4.93 4.945 4.954 4.968 4.968 4.968 4.509 4.506 4.501 4.494 4.47 4.466 4.461 4.452 4.448 4.445 4.443 4.426 4.425 4.424 4.424 4.424 0 0 0 0 0 3.924 3.864 1.368 1.341 1.266 1.266 1.239 1.235 1.208 1.188 1.14 1.105 1.095 1.076 1.064 1.049 1.021 1.009 0.994 0.985 0.984 0.973 0.97 0.959 0.954 0.937 0.93 0.924 0.92 0.914 0.902 0.889 0.886 0.881 0.878 0.862 0.861 0.856 0.847 0.839 0.832 0.821 0.817 0.808 0.805 0.804 0.794 0.792 0.789 0.788 0.782 0.77 0.767 0.763 0.76 0.76 0.758 0.752 0.737 0.733 0.731 0.73 0.722 0.719 0.716 0.701 0.7 0.699 0.695 0.688 0.688 0.682 0.68 0.68 0.673 0.671 0.671 0.664 0.662 0.659 0.654 0.652 0.651 0.645 0.641 0.639 0.639 0.636 0.636 0.635 0.632 0.631 0.629 0.625 0.625 0.625 0.622 0.618 0.616 0.616 0.613 0.613 0.613 0.608 0.605 0.601 0.592 0.592 0.592 0.586 0.586 0.585 0.585 0.585 0.584 0.576 0.576 0.569 0.569 0.567 0.567 0.567 0.565 0.561 0.561 0.558 0.555 0.554 0.554 0.553 0.553 0.549 0.553 0.553 0.553 0.549 0.549 0.541 0.54 0.538 0.537 0.534 0.534 0.533 0.533 0.533 0.532 0.529 0.529 0.529 0.529 0.53 0.53 0.53 0.527 0.525 0.522 0.522 0.521 0.522 0.521 0.521 0.521 0.522 0.521 0.521 0.522 0.519 0.519 0.513 0.525 0.516 0.517 0.517 0.517 0.517 0.517 0.518 0.516 0.518 0.519 0.519 0.516 0.519 0.516 0.516 0.516 0.516 0.51 0.516 0.514 0.51 0.512 0.514 0.514 0.512 0.516 0.516 0.516 0.514 0.514 0.514 0.513 0.513 0.513 0.513 0.513 0.516 0.513 0.513 0.516 0.515 0.515 0.515 0.517 0.518 0.518 0.516 0.519 0.519 0.519 0.521 0.522 0.522 0.522 0.527 0.528 0.528 0.525 0.528 0.531 0.525 0.528 0.528 0.528 0.528 0.535 0.535 0.536 0.535 0.534 0.534 0.544 0.534 0.534 0.541 0.541 0.541 0.541 0.542 0.542 0.543 0.542 0.542 0.548 0.549 0.552 
1 1 1 1 1 1 1 1 1 1 1 1 1 1 1 1 1 1 1 1 1 1 1 1 1 1 1 1 1 1 1 1 1 1 1 1 1 1 1 1 1 1 1 1 1 1 1 1 1 1 1 1 1 1 1 1 1 1 1 1 1 1 1 1 1 1 1 1 1 1 1 1 1 1 1 1 1 1 1 1 1 1 1 1 1 1 1 1 1 1 1 1 1 1 1 1 1 1 1 1 1 1 1 1 1 1 1 1 1 1 1 1 1 1 1 1 1 1 1 1 1 1 1 1 1 1 1 1 1 1 1 1 1 1 1 1 1 1 1 1 1 1 1 1 1 1 1 1 1 1 1 1 1 1 1 1 1 1 1 1 1 1 1 1 1 1 1 1 1 1 1 1 1 1 1 1 1 1 1 1 1 1 1 1 1 1 1 1 1 1 1 1 1 1 1 1 1 1 1 1 1 1 1 1 1 1 1 1 1 1 1 1 1 1 1 1 1 1 1 1 1 1 1 1 1 1 1 1 1 1 1 1 1 1 1 1 1 1 1 1 1 1 1 1 1 1 1 1 1 1 1 1 1 1 1 1 1 1 1 1 1 1 1 1 1 1 1 1 1 1 1 1 1 1 1 1 1 1 1 1 1 1 1 0 0 1 1 1 1 1 1 1 1 1 1 1 1 1 1 1 1 1 1 1 1 1 1 1 1 1 1 1 1 1 1 1 1 1 1 1 1 1 1 1 1 1 1 1 1 1 1 1 1 1 1 1 1 1 1 1 1 1 1 1 1 1 1 1 1 1 1 1 1 1 1 1 1 1 1 1 1 1 1 1 1 1 1 1 1 1 1 1 1 1 1 1 1 1 1 1 1 1 1 1 1 1 1 1 1 1 1 1 1 1 1 1 1 1 1 1 1 1 1 1 1 1 1 1 1 1 1 1 1 1 1 1 1 1 1 1 0 0 0 0 0 1 1 1 1 1 1 1 1 1 1 1 1 1 1 1 1 1 1 1 1 1 1 1 1 1 1 1 1 1 1 1 1 1 1 1 1 1 1 1 1 1 1 1 1 1 1 1 1 1 1 1 1 1 1 1 1 1 1 1 1 1 1 1 1 1 1 1 1 1 1 1 1 1 1 1 1 1 1 1 1 1 1 1 1 1 1 1 1 1 1 1 1 1 1 1 1 1 1 1 1 1 1 1 1 1 1 1 1 1 1 1 1 1 1 1 1 1 1 1 1 1 1 1 1 1 1 1 1 1 1 1 1 1 1 1 1 1 1 1 1 1 1 1 1 1 1 1 1 1 1 1 1 1 1 1 1 1 1 1 1 1 1 1 1 1 1 1 1 1 1 1 1 1 1 1 1 1 1 1 1 1 1 1 1 1 1 1 1 1 1 1 1 1 1 1 1 1 1 1 1 1 1 1 1 1 1 1 1 1 1 1 1 1 1 1 1 1 1 1 1 1 1 1 1 1 1 1 1 1 1 1 1 1 1 1 1 1 1 1 1 1 1 1 1 1 1 1 1 1 1 1 1 1 1 1 1 1 
