# This file contains a 2D laser scan observation. 
# Its format is: 
# [aperture] [max_range] [number_of_scans] 
# [vector_of_scans] 
# [vector_of_valid_scans] 
# The aperture of the sensor is in radians, the maximum range 
# and measurements are in meters. '1' means a valid scan, '0' otherwise.
4.1847
5.6
682
0.791 0.763 0.763 0.763 0.763 0.765 0.781 0.817 0.853 0.853 0.853 0.848 0.766 0.76 0.757 0.753 0.753 0.749 0.746 0.425 0.424 0.423 0.422 0.422 0.422 0.419 0.416 0.421 0.418 0.418 0.418 0.418 0.392 0.389 0.388 0.387 0.385 0.385 0.383 0.383 0.38 0.38 0.38 0.38 0.38 0.385 0.385 0.387 0.387 0.385 0.383 0.385 0.384 0.384 0.384 0.385 0.391 0.391 0.388 0.388 0.387 0.387 0.387 0.393 0.393 0.399 0.407 0.408 0.409 0.41 0.423 0.425 0.426 0.426 0.425 0.396 0.381 0.371 0.366 0.365 0.365 0.344 0.344 0.343 0.343 0.342 0.342 0.343 0.343 0.343 0.343 0.343 0.343 0.342 0.342 0.345 0.347 0.347 0.347 0.347 0.348 0.351 0.352 0.355 0.352 0.352 0.355 0.355 0.355 0.368 0.372 0.377 0.389 0.389 0.389 0.393 0.393 0.393 0.393 0.393 0.393 0.391 0.393 0.393 0.393 0.393 0.395 0.4 0.403 0.405 0.405 0.406 0.405 0.405 0.405 0.405 0.405 0.41 0.41 0.411 0.411 0.409 0.409 0.412 0.412 0.413 0.413 0.416 0.416 0.417 0.417 0.416 0.417 0.423 0.427 0.427 0.431 0.427 0.427 0.431 0.431 0.433 0.435 0.435 0.435 0.438 0.44 0.44 0.44 0.44 0.44 0.44 0.448 0.448 0.449 0.449 0.456 0.456 0.461 0.463 0.463 0.468 0.468 0.468 0.47 0.477 0.48 0.481 0.484 0.484 0.485 0.488 0.488 0.49 0.498 0.501 0.502 0.504 0.504 0.505 0.505 0.518 0.519 0.522 0.522 0.526 0.529 0.531 0.535 0.542 0.545 0.547 0.552 0.556 0.561 0.563 0.566 0.569 0.575 0.579 0.58 0.589 0.59 0.59 0.599 0.604 0.609 0.621 0.629 0.63 0.632 0.636 0.644 0.651 0.652 0.666 0.673 0.676 0.681 0.682 0.694 0.706 0.708 0.722 0.727 0.741 0.752 0.762 0.77 0.779 0.779 0.787 0.795 0.795 0.797 0.797 0.795 0.799 0.008 0.848 0.918 0.933 0.933 0.933 0.943 0.965 1.048 1.143 1.146 1.146 1.146 1.146 1.146 1.146 1.14 1.138 1.138 1.134 1.129 1.125 1.124 1.124 1.124 1.124 1.123 1.123 1.116 1.105 1.105 1.105 1.106 1.109 1.109 1.109 1.106 1.106 1.106 1.105 1.1 1.103 1.1 1.1 1.093 1.092 1.092 1.096 1.091 1.096 1.096 1.096 1.094 1.094 1.094 1.094 1.096 1.096 1.096 1.096 1.091 1.091 1.091 1.089 1.088 1.089 1.089 1.088 1.09 1.091 1.092 1.091 1.091 1.09 1.09 1.09 1.09 1.09 1.09 1.095 1.09 1.093 1.09 1.093 1.093 1.095 1.095 1.097 1.103 1.103 1.103 1.103 1.104 1.105 1.107 1.107 1.107 1.101 1.1 1.1 1.101 1.105 1.114 1.114 1.114 1.113 1.113 1.113 1.113 1.123 1.124 1.125 1.125 1.125 1.126 1.128 1.135 1.137 1.138 1.139 1.14 1.149 1.149 1.154 1.155 1.158 1.16 1.164 4.066 4.066 4.066 4.031 3.997 3.969 3.946 3.904 3.89 3.849 3.811 3.685 3.619 3.6 3.545 3.516 3.466 3.437 3.382 3.348 3.333 3.318 3.318 3.318 3.346 3.362 3.362 3.372 3.377 3.393 3.409 3.414 3.414 3.421 3.486 3.537 3.537 3.567 3.567 3.537 3.426 3.367 3.358 3.331 3.282 3.258 3.243 3.204 3.175 3.142 3.11 3.085 3.055 3.034 3.013 3.006 3.006 2.971 2.971 0.007 0 0 0 0 0.764 0.76 0.756 0.753 0.749 0.741 0.74 0.737 0.723 0.719 0.716 0.713 0.712 0.7 0.698 0.695 0.691 0.688 0.68 0.679 0.677 0.671 0.668 0.664 0.663 0.662 0.658 0.657 0.647 0.644 0.635 0.632 0.631 0.631 0.63 0.628 0.626 0.626 0.621 0.618 0.615 0.61 0.609 0.609 0.609 0.605 0.601 0.601 0.597 0.592 0.589 0.585 0.585 0.585 0.579 0.579 0.579 0.579 0.577 0.573 0.569 0.568 0.568 0.569 0.567 0.57 0.57 0.57 0.569 0.569 0.562 0.562 0.562 0.559 0.55 0.55 0.552 0.552 0.552 0.552 0.55 0.549 0.548 0.547 0.545 0.545 0.545 0.545 0.543 0.54 0.539 0.539 0.539 0.539 0.54 0.54 0.54 0.537 0.535 0.531 0.531 0.531 0.531 0.531 0.534 0.534 0.534 0.532 0.532 0.532 0.532 0.531 0.53 0.53 0.524 0.524 0.524 0.525 0.522 0.522 0.522 0.522 0.522 0.522 0.524 0.524 0.521 0.519 0.521 0.521 0.524 0.524 0.525 0.524 0.522 0.521 0.521 0.521 0.521 0.521 0.522 0.522 0.522 0.526 0.526 0.527 0.527 0.527 0.527 0.527 0.527 0.526 0.527 0.527 0.527 0.527 0.527 0.527 0.53 0.53 0.531 0.531 0.532 0.532 0.537 0.537 0.539 0.539 0.541 0.541 0.541 0.541 0.541 0.54 0.54 0.54 0.54 0.543 0.543 0.543 0.543 0.544 0.544 0.549 0.55 0.55 0.549 0.549 0.549 0.549 0.552 0.552 0.553 0.557 0.562 0.565 0.565 0.565 0.562 0.562 0.562 0.568 0.563 0.563 0.571 0.571 0.574 0.574 0.574 0.575 0.582 0.582 0.584 0.584 0.586 0.588 0.591 0.592 0.595 0.598 0.603 0.605 0.61 0.61 0.611 0.613 0.619 0.62 0.623 0.626 0.629 0.629 
1 1 1 1 1 1 1 1 1 1 1 1 1 1 1 1 1 1 1 1 1 1 1 1 1 1 1 1 1 1 1 1 1 1 1 1 1 1 1 1 1 1 1 1 1 1 1 1 1 1 1 1 1 1 1 1 1 1 1 1 1 1 1 1 1 1 1 1 1 1 1 1 1 1 1 1 1 1 1 1 1 1 1 1 1 1 1 1 1 1 1 1 1 1 1 1 1 1 1 1 1 1 1 1 1 1 1 1 1 1 1 1 1 1 1 1 1 1 1 1 1 1 1 1 1 1 1 1 1 1 1 1 1 1 1 1 1 1 1 1 1 1 1 1 1 1 1 1 1 1 1 1 1 1 1 1 1 1 1 1 1 1 1 1 1 1 1 1 1 1 1 1 1 1 1 1 1 1 1 1 1 1 1 1 1 1 1 1 1 1 1 1 1 1 1 1 1 1 1 1 1 1 1 1 1 1 1 1 1 1 1 1 1 1 1 1 1 1 1 1 1 1 1 1 1 1 1 1 1 1 1 1 1 1 1 1 1 1 1 1 1 1 1 1 1 1 1 1 1 1 1 1 1 1 1 1 1 1 0 1 1 1 1 1 1 1 1 1 1 1 1 1 1 1 1 1 1 1 1 1 1 1 1 1 1 1 1 1 1 1 1 1 1 1 1 1 1 1 1 1 1 1 1 1 1 1 1 1 1 1 1 1 1 1 1 1 1 1 1 1 1 1 1 1 1 1 1 1 1 1 1 1 1 1 1 1 1 1 1 1 1 1 1 1 1 1 1 1 1 1 1 1 1 1 1 1 1 1 1 1 1 1 1 1 1 1 1 1 1 1 1 1 1 1 1 1 1 1 1 1 1 1 1 1 1 1 1 1 1 1 1 1 1 1 1 1 1 1 1 1 1 1 1 1 1 1 1 1 1 1 1 1 1 1 1 1 1 1 1 1 1 1 1 1 1 1 1 1 1 1 1 1 1 1 1 1 1 1 1 1 1 1 1 1 1 0 0 0 0 0 1 1 1 1 1 1 1 1 1 1 1 1 1 1 1 1 1 1 1 1 1 1 1 1 1 1 1 1 1 1 1 1 1 1 1 1 1 1 1 1 1 1 1 1 1 1 1 1 1 1 1 1 1 1 1 1 1 1 1 1 1 1 1 1 1 1 1 1 1 1 1 1 1 1 1 1 1 1 1 1 1 1 1 1 1 1 1 1 1 1 1 1 1 1 1 1 1 1 1 1 1 1 1 1 1 1 1 1 1 1 1 1 1 1 1 1 1 1 1 1 1 1 1 1 1 1 1 1 1 1 1 1 1 1 1 1 1 1 1 1 1 1 1 1 1 1 1 1 1 1 1 1 1 1 1 1 1 1 1 1 1 1 1 1 1 1 1 1 1 1 1 1 1 1 1 1 1 1 1 1 1 1 1 1 1 1 1 1 1 1 1 1 1 1 1 1 1 1 1 1 1 1 1 1 1 1 1 1 1 1 1 1 1 1 1 1 1 1 1 1 1 1 1 1 1 1 1 1 1 1 1 1 
