# This file contains a 2D laser scan observation. 
# Its format is: 
# [aperture] [max_range] [number_of_scans] 
# [vector_of_scans] 
# [vector_of_valid_scans] 
# The aperture of the sensor is in radians, the maximum range 
# and measurements are in meters. '1' means a valid scan, '0' otherwise.
4.1847
5.6
682
0.521 0.522 0.519 0.518 0.519 0.518 0.518 0.518 0.521 0.516 0.521 0.519 0.528 0.528 0.532 0.532 0.532 0.533 0.532 0.532 0.545 0.553 0.56 0.56 0.562 0.56 0.559 0.557 0.542 0.54 0.539 0.535 0.528 0.527 0.524 0.524 0.524 0.524 0.52 0.524 0.518 0.517 0.517 0.518 0.517 0.518 0.518 0.516 0.516 0.516 0.516 0.519 0.519 0.52 0.52 0.52 0.52 0.52 0.519 0.522 0.519 0.515 0.519 0.52 0.518 0.518 0.52 0.524 0.52 0.524 0.524 0.527 0.528 0.528 0.524 0.528 0.528 0.528 0.528 0.534 0.534 0.534 0.537 0.538 0.538 0.539 0.542 0.542 0.542 0.542 0.542 0.543 0.543 0.547 0.548 0.548 0.554 0.555 0.557 0.558 0.558 0.558 0.56 0.56 0.569 0.57 0.572 0.572 0.572 0.572 0.576 0.577 0.577 0.582 0.582 0.584 0.585 0.583 0.587 0.59 0.59 0.595 0.598 0.6 0.598 0.6 0.6 0.614 0.621 0.621 0.623 0.621 0.624 0.626 0.626 0.626 0.633 0.636 0.636 0.642 0.642 0.638 0.635 0.638 0.638 0.64 0.642 0.642 0.644 0.648 0.682 0.687 0.688 0.688 0.694 0.701 0.711 0.714 0.717 0.719 0.72 0.726 0.739 0.744 0.744 0.754 0.797 0.802 0.864 0.961 0.966 0.966 0.961 0.958 0.956 0.945 0.943 0.933 0.933 0.932 0.932 0.928 0.918 0.917 0.917 0.912 0.912 0.911 0.91 0.895 0.893 0.893 0.893 0.893 0.887 0.885 0.878 0.878 0.878 0.878 0.874 0.874 0.832 0.832 0.828 0.83 0.83 0.828 0.827 0.828 0.828 0.832 0.832 0.832 0.818 0.816 0.812 0.81 0.807 0.807 0.805 0.805 0.806 0.809 0.808 0.811 0.812 0.812 0.817 0.82 0.82 0.82 0.815 0.814 0.814 0.814 0.814 0.814 0.813 0.812 0.812 0.812 0.808 0.808 0.804 0.799 0.798 0.797 0.798 0.797 0.797 0.797 0.797 0.797 0.795 0.793 0.797 0.792 0.792 0.794 0.797 0.797 0.797 0.797 0.796 0.79 0.79 0.79 0.79 0.788 0.788 0.788 0.79 0.79 0.79 0.791 0.794 0.794 0.794 0.795 0.791 0.791 0.793 0.793 0.793 0.794 0.793 0.79 0.795 0.796 0.792 0.796 0.796 0.796 0.796 0.796 0.797 0.797 0.796 0.796 0.796 0.796 0.796 0.797 0.799 0.8 0.802 0.802 0.803 0.8 0.803 0.803 0.805 0.806 0.812 0.812 0.807 0.809 0.809 0.809 0.81 0.813 0.814 0.817 0.817 0.817 0.82 0.827 0.827 0.827 0.827 0.828 0.828 0.834 0.84 1.005 4.103 4.124 4.124 4.143 4.156 4.175 4.177 4.178 4.188 4.206 4.214 4.214 4.214 3.403 3.33 3.304 3.246 3.235 3.164 3.148 3.075 3.073 3.07 3.054 3.008 2.989 2.989 2.989 3.016 3.029 3.03 3.047 3.053 3.057 3.064 3.066 3.087 3.094 3.103 3.123 3.21 3.21 3.21 3.165 3.067 3.051 3.048 3.047 3.024 2.979 2.965 2.944 2.914 2.898 2.871 2.854 2.826 2.809 2.794 2.767 2.751 2.738 2.718 2.699 2.666 2.664 2.643 2.643 2.643 5.167 5.208 0 5.208 0 0.007 0 0 0.007 4.969 4.969 4.906 4.862 1.57 1.556 1.554 1.552 1.541 1.531 1.526 1.514 1.506 1.504 1.499 1.496 1.476 1.472 1.47 1.462 1.454 1.446 1.441 1.44 1.44 1.441 1.432 1.428 0.471 0.461 0.457 0.457 0.457 0.457 0.454 0.453 0.451 0.451 0.451 0.445 0.445 0.442 0.442 0.442 0.44 0.439 0.437 0.436 0.436 0.434 0.433 0.433 0.431 0.424 0.423 0.423 0.42 0.42 0.42 0.423 0.419 0.419 0.418 0.418 0.413 0.411 0.409 0.409 0.402 0.402 0.402 0.406 0.406 0.407 0.406 0.4 0.396 0.4 0.4 0.4 0.4 0.4 0.4 0.399 0.4 0.397 0.397 0.397 0.397 0.394 0.393 0.391 0.39 0.39 0.389 0.389 0.389 0.39 0.394 0.394 0.397 0.397 0.397 0.387 0.387 0.387 0.389 0.39 0.391 0.391 0.392 0.392 0.393 0.393 0.394 0.394 0.394 0.394 0.391 0.391 0.394 0.394 0.392 0.392 0.392 0.392 0.391 0.39 0.39 0.391 0.391 0.391 0.391 0.394 0.392 0.391 0.392 0.392 0.392 0.395 0.395 0.39 0.393 0.39 0.389 0.39 0.389 0.389 0.39 0.393 0.39 0.393 0.393 0.393 0.393 0.395 0.395 0.394 0.394 0.393 0.393 0.393 0.393 0.401 0.401 0.401 0.401 0.401 0.399 0.401 0.401 0.399 0.401 0.402 0.402 0.402 0.406 0.408 0.408 0.408 0.406 0.409 0.409 0.414 0.414 0.414 0.414 0.414 0.414 0.417 0.418 0.419 0.424 0.424 0.425 0.429 0.43 0.432 0.432 0.433 0.433 0.434 0.435 0.435 0.435 0.438 0.438 0.438 0.442 0.442 0.442 0.442 0.442 0.445 0.45 0.45 0.45 0.455 0.458 0.461 0.462 0.463 0.465 0.467 0.468 0.473 0.473 0.479 0.479 0.48 0.48 0.48 0.481 0.488 0.489 0.489 0.491 0.491 0.493 0.501 0.502 0.503 0.502 0.502 0.503 0.506 0.509 0.518 0.522 0.526 0.526 0.527 0.528 0.533 0.536 0.545 0.548 0.552 0.558 0.561 0.562 0.562 0.572 0.572 0.573 0.577 0.579 0.587 
1 1 1 1 1 1 1 1 1 1 1 1 1 1 1 1 1 1 1 1 1 1 1 1 1 1 1 1 1 1 1 1 1 1 1 1 1 1 1 1 1 1 1 1 1 1 1 1 1 1 1 1 1 1 1 1 1 1 1 1 1 1 1 1 1 1 1 1 1 1 1 1 1 1 1 1 1 1 1 1 1 1 1 1 1 1 1 1 1 1 1 1 1 1 1 1 1 1 1 1 1 1 1 1 1 1 1 1 1 1 1 1 1 1 1 1 1 1 1 1 1 1 1 1 1 1 1 1 1 1 1 1 1 1 1 1 1 1 1 1 1 1 1 1 1 1 1 1 1 1 1 1 1 1 1 1 1 1 1 1 1 1 1 1 1 1 1 1 1 1 1 1 1 1 1 1 1 1 1 1 1 1 1 1 1 1 1 1 1 1 1 1 1 1 1 1 1 1 1 1 1 1 1 1 1 1 1 1 1 1 1 1 1 1 1 1 1 1 1 1 1 1 1 1 1 1 1 1 1 1 1 1 1 1 1 1 1 1 1 1 1 1 1 1 1 1 1 1 1 1 1 1 1 1 1 1 1 1 1 1 1 1 1 1 1 1 1 1 1 1 1 1 1 1 1 1 1 1 1 1 1 1 1 1 1 1 1 1 1 1 1 1 1 1 1 1 1 1 1 1 1 1 1 1 1 1 1 1 1 1 1 1 1 1 1 1 1 1 1 1 1 1 1 1 1 1 1 1 1 1 1 1 1 1 1 1 1 1 1 1 1 1 1 1 1 1 1 1 1 1 1 1 1 1 1 1 1 1 1 1 1 1 1 1 1 1 1 1 1 1 1 1 1 1 1 1 1 1 1 1 1 1 1 1 1 1 1 1 1 1 1 1 1 1 1 1 1 1 1 1 1 1 1 1 1 1 1 0 1 0 0 0 0 0 1 1 1 1 1 1 1 1 1 1 1 1 1 1 1 1 1 1 1 1 1 1 1 1 1 1 1 1 1 1 1 1 1 1 1 1 1 1 1 1 1 1 1 1 1 1 1 1 1 1 1 1 1 1 1 1 1 1 1 1 1 1 1 1 1 1 1 1 1 1 1 1 1 1 1 1 1 1 1 1 1 1 1 1 1 1 1 1 1 1 1 1 1 1 1 1 1 1 1 1 1 1 1 1 1 1 1 1 1 1 1 1 1 1 1 1 1 1 1 1 1 1 1 1 1 1 1 1 1 1 1 1 1 1 1 1 1 1 1 1 1 1 1 1 1 1 1 1 1 1 1 1 1 1 1 1 1 1 1 1 1 1 1 1 1 1 1 1 1 1 1 1 1 1 1 1 1 1 1 1 1 1 1 1 1 1 1 1 1 1 1 1 1 1 1 1 1 1 1 1 1 1 1 1 1 1 1 1 1 1 1 1 1 1 1 1 1 1 1 1 1 1 1 1 1 1 1 1 1 1 1 1 1 1 1 1 1 1 1 1 1 1 1 1 1 1 1 1 1 1 1 1 1 1 1 1 1 1 1 1 1 1 1 1 1 1 1 1 
