# This file contains a 2D laser scan observation. 
# Its format is: 
# [aperture] [max_range] [number_of_scans] 
# [vector_of_scans] 
# [vector_of_valid_scans] 
# The aperture of the sensor is in radians, the maximum range 
# and measurements are in meters. '1' means a valid scan, '0' otherwise.
4.1847
5.6
682
1.034 1.035 1.034 1.032 1.032 1.032 1.032 1.033 1.033 1.033 1.033 1.04 1.029 1.028 1.029 1.034 1.034 1.034 1.034 0.742 0.734 0.73 0.734 0.739 0.739 0.75 0.764 0.764 0.764 0.762 0.761 0.761 0.761 0.771 0.779 0.786 0.791 0.791 0.791 0.791 0.791 0.795 1.035 1.057 1.059 1.06 1.06 1.064 1.066 1.064 1.067 1.073 1.074 1.076 1.078 1.079 1.085 1.086 1.086 1.087 1.087 1.089 1.102 1.102 1.102 1.107 1.107 1.107 1.112 1.114 1.114 1.119 1.12 1.125 1.126 1.133 1.134 1.138 1.141 1.142 1.143 1.153 1.158 1.164 1.167 1.174 1.177 1.179 1.179 1.186 1.19 1.192 1.201 1.205 1.209 1.211 1.211 1.22 1.226 1.228 1.237 1.241 1.245 1.246 1.254 1.26 1.267 1.268 1.276 1.281 1.289 1.298 1.299 1.31 1.313 1.314 1.327 1.331 1.34 1.35 1.359 1.362 1.363 1.375 1.39 1.393 1.4 1.409 1.411 1.428 1.442 1.445 1.458 1.466 1.477 1.49 1.49 1.49 1.465 1.462 1.454 1.448 1.439 1.434 1.426 1.414 1.409 1.396 1.395 1.393 1.377 1.373 1.355 1.355 1.347 1.343 1.336 1.331 1.324 1.322 1.316 1.31 1.303 1.3 1.293 1.291 1.287 1.287 1.277 1.277 1.277 1.29 1.305 1.319 1.33 1.338 1.36 1.388 1.399 1.43 1.481 1.596 1.733 1.854 1.913 1.923 1.923 1.913 1.904 1.904 1.887 1.815 1.727 1.727 1.727 1.747 1.766 1.769 1.828 1.834 1.869 2.961 2.961 2.961 2.93 2.93 2.93 2.965 0.007 0 0 0 0 0 0 0 0 0 4.678 4.665 4.656 4.645 4.644 4.638 4.634 4.632 4.63 4.627 4.619 4.618 4.613 4.613 4.606 4.606 4.599 4.592 4.591 4.587 4.586 4.585 4.579 4.573 4.571 4.562 4.562 4.494 4.494 0.007 2.707 2.698 2.701 2.698 2.698 2.701 2.701 2.7 2.701 2.701 2.702 2.707 2.707 2.707 2.707 2.708 2.708 2.706 2.706 2.255 2.255 2.255 2.715 2.722 2.726 2.726 2.728 2.728 2.726 2.65 2.65 2.65 2.736 2.749 2.75 2.751 2.756 2.756 2.763 2.768 2.773 2.773 2.775 2.782 2.783 2.786 2.794 2.795 2.808 2.815 2.815 2.815 1.599 1.597 1.592 1.589 1.589 1.589 1.589 1.592 1.592 1.591 1.591 1.601 1.602 1.602 1.602 1.602 1.603 1.603 1.603 1.609 1.611 1.611 1.613 1.613 1.613 1.617 1.617 1.618 1.618 1.623 1.624 1.626 1.629 1.638 1.646 1.648 1.648 1.648 1.648 1.648 1.651 1.669 1.808 1.813 1.813 1.808 1.756 1.728 1.709 1.653 1.58 1.58 1.58 1.583 1.583 1.583 1.572 1.558 1.539 1.532 1.514 1.505 1.488 1.474 1.459 1.459 1.432 1.424 1.412 1.4 1.386 1.379 1.366 1.354 1.349 1.339 1.321 1.32 1.316 1.303 1.296 1.293 1.277 1.273 1.261 1.259 1.254 1.237 1.229 1.226 1.217 1.215 1.205 1.196 1.192 1.189 1.183 1.178 1.162 1.154 1.146 1.14 1.099 1.088 1.073 1.073 1.073 2.975 2.975 2.975 2.935 2.896 2.888 2.886 2.881 2.859 2.827 2.824 2.819 2.807 2.798 2.784 2.759 2.747 2.747 2.746 2.729 2.716 2.71 2.7 2.689 2.685 2.682 2.661 2.654 2.649 2.644 2.642 2.634 2.613 2.607 2.6 2.599 2.599 2.6 2.684 2.717 2.749 2.749 2.804 2.832 2.858 2.873 2.882 2.884 2.884 2.882 2.879 2.871 2.863 2.858 2.857 2.844 2.841 2.833 2.828 2.826 2.817 2.816 2.813 2.806 2.802 2.798 2.794 2.787 2.786 2.784 2.781 2.779 2.779 2.764 2.76 2.758 2.757 2.753 2.753 2.751 2.751 2.746 2.746 2.744 2.744 2.739 2.737 2.73 2.73 2.729 2.729 2.729 2.729 2.722 2.722 2.722 2.716 2.55 2.452 2.452 2.55 2.438 2.438 0.879 0.874 0.868 0.867 0.858 0.856 0.856 0.867 0.944 0.944 0.944 0.884 0.85 0.84 0.836 0.834 0.834 0.834 0.839 0.839 0.84 0.839 0.839 0.836 0.836 0.836 0.836 0.835 0.835 0.831 0.804 0.773 0.749 0.733 0.709 0.688 0.667 0.647 0.628 0.626 0.603 0.586 0.574 0.567 0.552 0.541 0.528 0.522 0.494 0.437 0.436 0.422 0.419 0.419 0.418 0.392 0.392 0.391 0.383 0.381 0.376 0.376 0.378 0.378 0.378 0.379 0.38 0.382 0.382 0.38 0.376 0.369 0.36 0.348 0.344 0.341 0.335 0.33 0.33 0.327 0.327 0.325 0.327 0.327 0.33 0.33 0.33 0.33 0.33 0.335 0.337 0.337 0.342 0.346 0.349 0.346 0.349 0.349 0.354 0.354 0.354 0.354 0.354 0.356 0.357 0.361 0.362 0.365 0.365 0.365 0.368 0.37 0.37 0.375 0.377 0.377 0.378 0.38 0.382 0.383 0.387 0.389 0.392 0.396 0.392 0.396 0.398 0.399 0.399 0.4 0.406 0.412 0.414 0.417 0.417 0.417 0.417 0.424 0.424 0.429 0.439 0.44 0.44 0.445 0.447 0.45 0.456 0.456 0.458 0.459 0.467 0.471 0.476 0.479 0.481 0.487 0.488 0.489 0.495 0.506 0.509 1.1 1.105 1.105 1.1 1.093 1.093 1.088 1.079 1.078 1.076 1.07 
1 1 1 1 1 1 1 1 1 1 1 1 1 1 1 1 1 1 1 1 1 1 1 1 1 1 1 1 1 1 1 1 1 1 1 1 1 1 1 1 1 1 1 1 1 1 1 1 1 1 1 1 1 1 1 1 1 1 1 1 1 1 1 1 1 1 1 1 1 1 1 1 1 1 1 1 1 1 1 1 1 1 1 1 1 1 1 1 1 1 1 1 1 1 1 1 1 1 1 1 1 1 1 1 1 1 1 1 1 1 1 1 1 1 1 1 1 1 1 1 1 1 1 1 1 1 1 1 1 1 1 1 1 1 1 1 1 1 1 1 1 1 1 1 1 1 1 1 1 1 1 1 1 1 1 1 1 1 1 1 1 1 1 1 1 1 1 1 1 1 1 1 1 1 1 1 1 1 1 1 1 1 1 1 1 1 1 1 1 1 1 1 1 1 1 1 1 1 1 1 1 1 1 1 1 1 1 1 0 0 0 0 0 0 0 0 0 0 1 1 1 1 1 1 1 1 1 1 1 1 1 1 1 1 1 1 1 1 1 1 1 1 1 1 1 1 1 0 1 1 1 1 1 1 1 1 1 1 1 1 1 1 1 1 1 1 1 1 1 1 1 1 1 1 1 1 1 1 1 1 1 1 1 1 1 1 1 1 1 1 1 1 1 1 1 1 1 1 1 1 1 1 1 1 1 1 1 1 1 1 1 1 1 1 1 1 1 1 1 1 1 1 1 1 1 1 1 1 1 1 1 1 1 1 1 1 1 1 1 1 1 1 1 1 1 1 1 1 1 1 1 1 1 1 1 1 1 1 1 1 1 1 1 1 1 1 1 1 1 1 1 1 1 1 1 1 1 1 1 1 1 1 1 1 1 1 1 1 1 1 1 1 1 1 1 1 1 1 1 1 1 1 1 1 1 1 1 1 1 1 1 1 1 1 1 1 1 1 1 1 1 1 1 1 1 1 1 1 1 1 1 1 1 1 1 1 1 1 1 1 1 1 1 1 1 1 1 1 1 1 1 1 1 1 1 1 1 1 1 1 1 1 1 1 1 1 1 1 1 1 1 1 1 1 1 1 1 1 1 1 1 1 1 1 1 1 1 1 1 1 1 1 1 1 1 1 1 1 1 1 1 1 1 1 1 1 1 1 1 1 1 1 1 1 1 1 1 1 1 1 1 1 1 1 1 1 1 1 1 1 1 1 1 1 1 1 1 1 1 1 1 1 1 1 1 1 1 1 1 1 1 1 1 1 1 1 1 1 1 1 1 1 1 1 1 1 1 1 1 1 1 1 1 1 1 1 1 1 1 1 1 1 1 1 1 1 1 1 1 1 1 1 1 1 1 1 1 1 1 1 1 1 1 1 1 1 1 1 1 1 1 1 1 1 1 1 1 1 1 1 1 1 1 1 1 1 1 1 1 1 1 1 1 1 1 1 1 1 1 1 1 1 1 1 1 1 1 1 1 1 1 1 1 1 1 1 1 1 1 1 1 1 1 1 1 1 1 1 1 1 1 1 1 1 1 1 1 1 1 1 1 1 
