# This file contains a 2D laser scan observation. 
# Its format is: 
# [aperture] [max_range] [number_of_scans] 
# [vector_of_scans] 
# [vector_of_valid_scans] 
# The aperture of the sensor is in radians, the maximum range 
# and measurements are in meters. '1' means a valid scan, '0' otherwise.
4.1847
5.6
682
1.276 1.276 1.276 1.276 1.274 1.271 1.274 1.274 1.274 1.274 1.274 1.274 1.275 1.276 1.276 1.278 1.278 1.278 1.278 1.278 1.278 1.278 1.281 1.284 1.281 1.281 1.28 1.28 1.28 1.287 1.289 1.294 1.295 1.295 1.295 1.295 1.297 1.291 1.296 1.296 1.296 1.296 1.298 1.301 1.307 1.308 1.308 1.308 1.308 1.309 1.312 1.313 1.314 1.316 1.318 1.321 1.318 1.323 1.327 1.328 1.332 1.338 1.342 1.342 1.346 1.348 1.349 1.352 1.352 1.357 1.365 1.365 1.365 1.371 1.379 1.383 1.383 1.39 1.39 1.384 1.384 1.365 1.34 1.325 1.302 1.289 1.267 1.251 1.228 1.218 1.203 1.198 1.165 1.163 1.149 1.134 1.123 1.112 1.104 1.099 1.089 1.089 1.089 1.102 1.107 1.118 1.128 1.142 1.169 1.189 1.236 1.278 1.293 1.328 1.358 1.363 1.374 1.401 1.401 1.401 1.401 1.407 1.424 1.434 1.466 1.489 1.509 1.51 1.51 1.51 1.455 1.42 1.391 1.359 1.351 1.349 1.349 1.351 1.421 1.421 1.421 1.394 1.379 1.379 1.379 1.389 1.402 1.403 1.41 1.414 1.414 1.421 1.426 1.433 1.442 1.449 1.462 1.469 1.486 1.489 1.512 1.525 1.531 1.545 1.621 2.202 2.221 2.243 2.259 2.278 2.297 2.324 2.336 2.368 2.384 2.399 2.43 2.46 2.48 2.501 2.528 2.555 2.561 2.561 2.561 2.556 2.556 2.556 2.597 2.6 2.611 0 0 0 0 0 0 0 0 0 0 0 0.007 0 0 0 0 0 0 0 0 4.247 4.23 4.223 4.223 4.213 4.2 4.194 4.186 4.182 4.182 4.168 4.167 4.154 4.153 4.147 4.145 4.143 4.134 4.123 4.123 4.12 4.119 2.235 2.235 2.234 2.234 2.233 2.231 2.23 2.229 2.225 2.225 2.225 2.225 2.219 2.219 2.217 2.214 2.214 2.214 2.206 1.72 1.72 1.72 1.73 2.213 2.215 2.215 2.215 2.217 2.215 2.208 2.215 2.212 2.212 2.212 2.212 2.212 2.212 2.132 2.132 2.22 2.227 2.223 2.225 2.227 2.228 2.226 2.231 2.232 2.233 2.234 2.237 2.237 2.237 2.237 2.234 1.037 1.036 1.029 1.029 1.029 1.028 1.028 1.029 1.028 1.026 1.029 1.023 1.023 1.033 1.033 1.025 1.03 1.03 1.03 1.03 1.031 1.032 1.031 1.03 1.025 1.016 1.016 1.016 1.031 1.038 1.038 1.038 1.038 1.037 1.037 1.038 1.039 1.038 1.042 1.043 1.042 1.039 1.039 1.039 1.039 1.042 1.045 1.045 1.045 1.042 1.042 1.042 1.057 1.059 1.063 1.07 1.07 1.07 1.054 1.054 1.054 1.066 1.066 1.07 1.073 1.214 1.214 1.214 1.208 1.202 1.189 1.153 1.143 1.13 1.127 1.118 1.109 1.025 1.015 0.998 0.995 0.995 0.995 1.005 1.011 1.011 1.011 1.008 0.992 0.983 0.974 0.964 0.962 0.958 0.942 0.941 0.935 0.927 0.925 0.924 0.915 0.909 0.898 0.895 0.893 0.887 0.878 0.877 0.876 0.869 0.861 0.856 0.85 0.847 0.844 0.834 0.834 0.834 0.83 0.818 0.818 0.818 0.818 0.818 0.811 0.804 0.798 0.797 0.79 0.788 0.784 0.782 0.778 0.778 0.771 0.771 0.764 0.762 0.76 0.76 0.754 0.753 0.751 0.749 0.742 0.742 0.738 0.735 0.735 0.731 0.728 0.728 0.727 0.727 0.724 0.724 0.723 0.715 0.711 0.71 0.708 0.706 0.702 0.702 0.697 0.696 0.696 0.696 0.695 0.695 0.692 0.691 0.687 0.685 0.682 0.681 0.681 0.68 0.68 0.679 0.677 0.676 0.676 0.676 0.675 0.637 0.635 0.632 0.632 0.621 0.621 0.621 0.621 0.621 0.624 0.624 2.525 2.525 2.525 2.517 2.513 2.51 2.506 2.506 2.505 2.502 2.501 2.497 2.495 2.495 2.495 2.496 2.496 2.496 2.496 2.489 2.487 2.483 2.482 2.483 2.483 2.481 2.483 2.484 2.492 2.506 2.517 2.517 2.517 2.517 0.631 0.631 0.631 0.64 0.64 0.645 0.654 2.572 2.572 2.572 2.567 1.102 1.102 1.102 1.152 1.152 1.152 1.085 1.085 1.085 1.099 1.099 1.105 1.107 1.108 1.112 1.115 1.125 1.125 1.13 1.138 1.141 1.142 1.142 1.142 1.148 1.162 1.168 1.168 1.214 1.214 1.214 1.214 1.216 1.211 1.219 1.23 2.544 2.554 2.554 2.544 2.554 2.544 2.513 1.569 1.568 1.568 1.569 1.583 1.588 1.594 1.628 1.659 2.201 2.212 2.213 2.213 2.214 2.225 2.232 2.232 2.242 2.249 2.249 2.255 2.264 3.096 3.113 3.119 3.113 3.113 2.052 2.036 2.033 2.016 1.975 1.975 1.975 2.047 0.007 2.047 1.248 1.228 1.216 1.212 1.193 1.193 1.186 1.184 1.175 1.164 1.155 1.143 1.131 1.129 1.106 1.1 1.089 1.08 1.076 1.064 1.056 1.049 1.028 1.024 1.019 1.003 0.988 0.904 0.772 0.769 0.769 0.769 0.786 0.789 0.803 0.803 0.803 0.792 0.792 0.792 0.795 0.795 0.795 0.799 0.807 0.817 0.82 0.825 0.828 0.829 0.839 0.844 0.844 0.839 0.837 0.834 0.832 0.829 0.829 0.822 0.811 0.809 0.801 0.801 0.8 0.801 0.801 0.797 0.795 0.794 0.789 0.786 0.784 
1 1 1 1 1 1 1 1 1 1 1 1 1 1 1 1 1 1 1 1 1 1 1 1 1 1 1 1 1 1 1 1 1 1 1 1 1 1 1 1 1 1 1 1 1 1 1 1 1 1 1 1 1 1 1 1 1 1 1 1 1 1 1 1 1 1 1 1 1 1 1 1 1 1 1 1 1 1 1 1 1 1 1 1 1 1 1 1 1 1 1 1 1 1 1 1 1 1 1 1 1 1 1 1 1 1 1 1 1 1 1 1 1 1 1 1 1 1 1 1 1 1 1 1 1 1 1 1 1 1 1 1 1 1 1 1 1 1 1 1 1 1 1 1 1 1 1 1 1 1 1 1 1 1 1 1 1 1 1 1 1 1 1 1 1 1 1 1 1 1 1 1 1 1 1 1 1 1 1 1 1 1 1 1 1 1 1 1 1 1 1 0 0 0 0 0 0 0 0 0 0 0 0 0 0 0 0 0 0 0 0 1 1 1 1 1 1 1 1 1 1 1 1 1 1 1 1 1 1 1 1 1 1 1 1 1 1 1 1 1 1 1 1 1 1 1 1 1 1 1 1 1 1 1 1 1 1 1 1 1 1 1 1 1 1 1 1 1 1 1 1 1 1 1 1 1 1 1 1 1 1 1 1 1 1 1 1 1 1 1 1 1 1 1 1 1 1 1 1 1 1 1 1 1 1 1 1 1 1 1 1 1 1 1 1 1 1 1 1 1 1 1 1 1 1 1 1 1 1 1 1 1 1 1 1 1 1 1 1 1 1 1 1 1 1 1 1 1 1 1 1 1 1 1 1 1 1 1 1 1 1 1 1 1 1 1 1 1 1 1 1 1 1 1 1 1 1 1 1 1 1 1 1 1 1 1 1 1 1 1 1 1 1 1 1 1 1 1 1 1 1 1 1 1 1 1 1 1 1 1 1 1 1 1 1 1 1 1 1 1 1 1 1 1 1 1 1 1 1 1 1 1 1 1 1 1 1 1 1 1 1 1 1 1 1 1 1 1 1 1 1 1 1 1 1 1 1 1 1 1 1 1 1 1 1 1 1 1 1 1 1 1 1 1 1 1 1 1 1 1 1 1 1 1 1 1 1 1 1 1 1 1 1 1 1 1 1 1 1 1 1 1 1 1 1 1 1 1 1 1 1 1 1 1 1 1 1 1 1 1 1 1 1 1 1 1 1 1 1 1 1 1 1 1 1 1 1 1 1 1 1 1 1 1 1 1 1 1 1 1 1 1 1 1 1 1 1 1 1 1 1 1 1 1 1 1 1 1 1 1 1 1 1 1 1 1 1 1 1 1 1 1 1 1 1 1 1 1 1 1 1 1 1 1 1 1 1 1 1 1 1 1 1 1 1 1 1 0 1 1 1 1 1 1 1 1 1 1 1 1 1 1 1 1 1 1 1 1 1 1 1 1 1 1 1 1 1 1 1 1 1 1 1 1 1 1 1 1 1 1 1 1 1 1 1 1 1 1 1 1 1 1 1 1 1 1 1 1 1 1 1 1 1 1 1 1 1 1 1 1 1 1 
