# This file contains a 2D laser scan observation. 
# Its format is: 
# [aperture] [max_range] [number_of_scans] 
# [vector_of_scans] 
# [vector_of_valid_scans] 
# The aperture of the sensor is in radians, the maximum range 
# and measurements are in meters. '1' means a valid scan, '0' otherwise.
4.1847
5.6
682
1.548 1.543 1.541 1.536 1.524 1.519 1.51 1.508 1.505 1.5 1.493 1.483 1.478 1.476 1.474 1.47 1.469 1.456 1.454 1.451 1.447 1.447 1.435 1.435 1.427 1.427 1.418 1.415 1.41 1.405 1.405 1.401 1.391 1.39 1.389 1.386 1.384 1.381 1.381 1.377 1.373 1.369 1.365 1.364 1.361 1.359 1.36 1.36 1.358 1.356 1.355 1.352 1.349 1.343 1.346 1.343 1.338 1.335 1.334 1.329 1.329 1.328 1.328 1.328 1.325 1.32 1.32 1.318 1.318 1.314 1.313 1.313 1.309 1.309 1.313 1.309 1.316 1.316 1.314 1.314 1.314 1.313 1.313 1.313 1.309 1.309 1.309 1.309 1.306 1.306 1.31 1.316 1.325 1.325 1.316 0.984 0.984 0.984 0.997 0.997 0.997 0.993 0.991 0.988 0.986 0.983 0.971 0.97 0.967 0.966 0.964 0.964 0.964 0.96 0.96 0.958 0.958 0.955 0.954 0.955 0.958 0.959 0.962 0.965 0.965 0.966 0.967 0.971 0.971 0.972 0.975 0.977 0.976 0.976 0.977 0.977 0.978 0.985 0.985 0.983 0.986 0.986 0.988 0.991 0.991 0.998 0.998 0.999 0.999 1.006 1.006 1.008 1.013 1.015 1.015 1.028 1.028 1.028 1.028 1.029 1.032 1.035 1.035 1.041 1.049 1.049 1.051 1.056 1.057 1.063 1.064 1.07 1.073 1.073 1.079 1.081 1.086 1.093 1.095 1.097 1.098 1.107 1.109 1.119 1.122 1.123 1.124 1.131 1.133 1.149 1.152 1.152 1.158 1.168 1.171 1.174 1.176 1.317 1.642 1.654 1.661 1.666 1.678 1.684 1.698 1.699 1.714 1.722 1.728 1.743 1.747 1.758 1.767 1.787 1.794 1.796 1.807 1.818 1.831 1.839 1.856 1.871 1.873 1.891 1.897 1.913 1.918 1.945 1.952 1.971 1.981 2.001 2.007 2.024 2.04 2.053 2.064 2.091 2.105 2.111 2.129 2.129 2.129 2.12 2.063 2.063 2.063 2.068 2.081 2.101 2.129 2.15 2.17 2.215 2.22 2.247 2.275 2.318 2.32 2.34 2.377 2.384 2.412 2.438 2.461 2.488 2.531 2.536 2.541 2.639 2.656 0 0 0 0 0 0 0 0 0 0 0 3.743 3.743 3.737 3.736 3.736 3.723 3.714 3.709 3.698 3.696 3.69 3.684 3.679 3.669 3.66 3.658 3.658 3.658 3.65 1.697 1.696 1.692 1.692 1.692 1.695 1.696 1.696 1.696 1.688 1.684 1.684 1.684 1.68 1.68 1.68 1.676 1.674 1.671 1.671 1.673 1.671 1.669 1.151 1.148 1.148 1.151 1.157 1.172 1.656 1.656 1.658 1.658 1.658 1.658 1.658 1.657 1.653 1.653 1.652 1.649 1.652 1.654 1.654 1.656 1.659 1.656 1.656 1.574 1.504 1.499 1.499 1.504 1.662 1.662 1.666 1.666 1.668 1.673 1.673 1.673 1.667 1.666 1.666 1.667 1.676 1.677 1.677 1.678 1.68 1.68 1.687 1.69 1.691 1.692 1.692 1.695 1.697 1.695 1.695 0.869 0.843 0.82 0.82 0.804 0.631 0.5 0.5 0.5 0.5 0.501 0.508 0.508 0.504 0.509 0.504 0.503 0.503 0.503 0.498 0.497 0.497 0.497 0.497 0.498 0.498 0.505 0.504 0.504 0.505 0.505 0.505 0.505 0.505 0.505 0.505 0.507 0.515 0.515 0.519 0.521 0.524 0.524 0.524 0.52 0.499 0.485 0.476 0.466 0.466 0.463 0.459 0.457 0.457 0.457 0.457 0.46 0.46 0.462 0.471 0.472 0.473 0.473 0.473 0.473 0.471 0.471 0.471 0.474 0.474 0.488 0.49 0.5 0.5 0.5 0.502 0.504 0.504 0.51 0.521 0.536 0.537 0.543 0.543 0.543 0.543 0.545 0.545 0.545 0.548 0.548 0.548 0.548 0.548 0.548 0.548 0.55 0.55 0.551 0.553 0.556 0.559 0.574 0.579 0.581 0.581 0.581 0.581 0.581 0.583 0.584 0.584 0.595 0.595 0.598 0.599 0.599 0.599 0.602 0.611 0.611 0.623 0.628 0.633 0.645 0.757 0.757 0.757 0.743 0.743 0.742 0.742 0.728 0.72 0.72 0.713 0.713 0.72 0.72 0.727 0.727 0.733 0.741 0.76 0.769 0.779 0.779 0.779 0.686 0.63 0.63 0.63 0.63 0.631 0.631 0.63 0.623 0.623 0.623 0.638 0.654 0.655 0.655 0.654 0.655 0.651 0.651 0.651 0.651 0.644 0.644 0.643 0.64 0.643 0.643 0.643 0.636 0.636 0.636 0.634 0.633 0.633 0.633 0.627 0.631 0.627 0.625 0.625 0.624 0.624 0.624 0.625 0.627 0.627 0.629 0.627 0.627 0.627 0.623 0.622 0.622 0.621 0.619 0.62 0.62 0.62 0.62 0.621 0.621 0.621 0.621 0.621 0.619 0.622 0.623 0.623 0.625 0.626 0.628 0.628 0.634 0.639 0.643 0.643 0.643 0.636 0.636 0.635 0.635 0.635 0.63 0.63 0.624 0.631 0.624 0.621 0.621 0.621 0.621 0.621 0.617 0.617 0.617 0.617 0.617 0.623 0.623 0.622 0.622 0.622 0.622 0.621 0.621 0.621 0.621 0.621 0.621 0.627 0.627 0.628 0.627 0.628 0.626 0.63 0.627 0.628 0.628 0.629 0.629 0.63 0.632 0.632 0.637 0.64 0.642 0.644 0.645 0.645 0.647 0.645 0.647 0.652 0.654 0.655 0.658 0.66 0.66 0.66 0.66 0.659 0.659 0.661 0.667 0.667 0.668 0.676 0.676 0.676 0.679 0.68 0.68 
1 1 1 1 1 1 1 1 1 1 1 1 1 1 1 1 1 1 1 1 1 1 1 1 1 1 1 1 1 1 1 1 1 1 1 1 1 1 1 1 1 1 1 1 1 1 1 1 1 1 1 1 1 1 1 1 1 1 1 1 1 1 1 1 1 1 1 1 1 1 1 1 1 1 1 1 1 1 1 1 1 1 1 1 1 1 1 1 1 1 1 1 1 1 1 1 1 1 1 1 1 1 1 1 1 1 1 1 1 1 1 1 1 1 1 1 1 1 1 1 1 1 1 1 1 1 1 1 1 1 1 1 1 1 1 1 1 1 1 1 1 1 1 1 1 1 1 1 1 1 1 1 1 1 1 1 1 1 1 1 1 1 1 1 1 1 1 1 1 1 1 1 1 1 1 1 1 1 1 1 1 1 1 1 1 1 1 1 1 1 1 1 1 1 1 1 1 1 1 1 1 1 1 1 1 1 1 1 1 1 1 1 1 1 1 1 1 1 1 1 1 1 1 1 1 1 1 1 1 1 1 1 1 1 1 1 1 1 1 1 1 1 1 1 1 1 1 1 1 1 1 1 1 1 1 1 1 1 1 1 1 1 1 1 1 1 1 1 1 1 1 0 0 0 0 0 0 0 0 0 0 0 1 1 1 1 1 1 1 1 1 1 1 1 1 1 1 1 1 1 1 1 1 1 1 1 1 1 1 1 1 1 1 1 1 1 1 1 1 1 1 1 1 1 1 1 1 1 1 1 1 1 1 1 1 1 1 1 1 1 1 1 1 1 1 1 1 1 1 1 1 1 1 1 1 1 1 1 1 1 1 1 1 1 1 1 1 1 1 1 1 1 1 1 1 1 1 1 1 1 1 1 1 1 1 1 1 1 1 1 1 1 1 1 1 1 1 1 1 1 1 1 1 1 1 1 1 1 1 1 1 1 1 1 1 1 1 1 1 1 1 1 1 1 1 1 1 1 1 1 1 1 1 1 1 1 1 1 1 1 1 1 1 1 1 1 1 1 1 1 1 1 1 1 1 1 1 1 1 1 1 1 1 1 1 1 1 1 1 1 1 1 1 1 1 1 1 1 1 1 1 1 1 1 1 1 1 1 1 1 1 1 1 1 1 1 1 1 1 1 1 1 1 1 1 1 1 1 1 1 1 1 1 1 1 1 1 1 1 1 1 1 1 1 1 1 1 1 1 1 1 1 1 1 1 1 1 1 1 1 1 1 1 1 1 1 1 1 1 1 1 1 1 1 1 1 1 1 1 1 1 1 1 1 1 1 1 1 1 1 1 1 1 1 1 1 1 1 1 1 1 1 1 1 1 1 1 1 1 1 1 1 1 1 1 1 1 1 1 1 1 1 1 1 1 1 1 1 1 1 1 1 1 1 1 1 1 1 1 1 1 1 1 1 1 1 1 1 1 1 1 1 1 1 1 1 1 1 1 1 1 1 1 1 1 1 1 1 1 1 1 1 1 1 1 1 1 1 1 1 1 1 1 1 1 1 1 1 1 1 1 1 1 1 1 1 1 1 1 1 1 1 
