# This file contains a 2D laser scan observation. 
# Its format is: 
# [aperture] [max_range] [number_of_scans] 
# [vector_of_scans] 
# [vector_of_valid_scans] 
# The aperture of the sensor is in radians, the maximum range 
# and measurements are in meters. '1' means a valid scan, '0' otherwise.
4.1847
5.6
682
1.797 1.776 1.755 1.737 1.718 1.708 1.708 1.686 1.668 0.974 0.967 0.955 0.942 0.942 0.928 0.92 0.918 0.913 0.899 0.899 0.892 0.885 0.881 0.874 0.862 0.861 0.858 0.848 0.842 0.841 0.827 0.822 0.822 0.818 0.812 0.802 0.798 0.787 0.787 0.784 0.778 0.772 0.763 0.763 0.76 0.753 0.749 0.747 0.747 0.745 0.736 0.733 0.731 0.73 0.71 0.71 0.707 0.706 0.705 0.699 0.696 0.692 0.692 0.691 0.691 0.687 0.687 0.683 0.682 0.678 0.678 0.675 0.671 0.669 0.662 0.662 0.662 0.662 0.66 0.66 0.657 0.651 0.651 0.65 0.643 0.642 0.64 0.638 0.636 0.636 0.636 0.631 0.628 0.628 0.624 0.621 0.618 0.617 0.609 0.61 0.61 0.611 0.61 0.61 0.602 0.601 0.601 0.601 0.601 0.603 0.604 0.603 0.609 0.609 0.603 0.596 0.596 0.59 0.59 0.592 0.592 0.592 0.592 0.59 0.589 0.586 0.586 0.585 0.584 0.582 0.584 0.584 0.604 0.609 0.643 0.665 0.693 0.72 0.754 0.774 0.812 0.829 0.846 0.863 0.887 0.895 0.912 0.912 0.912 0.912 0.91 0.91 0.908 0.908 0.913 0.916 0.913 0.913 0.907 0.904 0.904 0.904 0.904 0.904 0.904 0.899 0.902 0.902 0.902 0.902 0.902 0.903 0.907 0.907 0.907 0.908 0.908 0.908 0.905 0.905 0.905 0.905 0.905 0.908 0.908 0.908 0.908 0.913 0.908 0.913 0.913 0.913 0.912 0.913 0.913 0.915 0.916 0.916 0.917 0.915 0.917 0.917 0.917 0.92 0.92 0.92 0.92 0.925 0.927 0.929 0.932 0.933 0.932 0.933 0.933 0.933 0.938 0.939 0.939 0.941 0.942 0.942 0.942 0.944 0.947 0.947 0.951 0.953 0.957 0.957 0.962 0.962 0.964 0.97 0.97 0.972 0.973 0.973 0.978 0.985 0.987 0.99 0.992 0.993 1.001 1.003 1.005 1.005 1.007 1.012 1.015 1.02 1.024 1.027 1.027 1.03 1.03 1.032 1.034 1.047 1.048 1.049 1.05 1.058 1.069 1.071 1.073 1.073 1.085 1.087 1.094 1.099 1.106 1.116 1.12 1.124 1.124 1.126 1.129 1.135 1.138 1.152 1.155 1.16 1.167 1.179 1.18 1.18 1.189 1.193 1.193 1.203 1.215 1.215 1.193 1.146 1.131 1.129 1.131 1.131 1.137 1.139 1.141 1.155 1.159 1.168 1.172 1.184 1.188 1.202 1.212 1.218 1.25 1.252 1.266 1.272 1.281 1.299 1.31 1.313 1.33 1.333 1.35 1.36 1.373 1.38 1.384 1.397 1.421 1.43 1.445 1.449 1.465 1.483 1.492 1.509 1.52 1.532 1.55 1.564 1.581 1.607 1.624 1.629 1.63 1.663 1.663 1.664 1.673 0 0 0 0 0 0 0 0 0 0 2.902 2.845 2.844 2.844 2.819 2.818 2.818 2.807 2.804 2.791 2.788 2.785 2.777 2.774 2.774 2.769 2.767 2.761 2.753 2.752 2.744 2.744 2.74 2.736 2.729 2.725 2.724 2.721 2.719 2.716 2.709 2.704 2.702 2.698 2.697 2.694 2.689 2.687 2.687 2.684 2.684 2.682 2.681 2.68 2.676 2.676 2.674 2.674 2.672 2.672 0.792 0.788 0.785 0.785 0.783 0.785 0.785 0.791 0.797 0.797 0.796 0.796 0.797 0.797 0.797 0.797 0.796 0.796 0.795 0.795 0.795 0.8 0.798 0.798 0.797 0.798 0.797 0.797 0.797 0.798 0.798 0.798 0.796 0.798 0.798 0.798 0.798 0.799 0.801 0.801 0.801 0.801 0.801 0.806 0.808 0.809 0.812 0.813 0.817 0.815 0.818 0.821 0.821 0.821 0.823 0.821 0.818 0.823 0.823 0.826 0.826 0.828 0.826 0.826 0.829 0.83 0.831 0.831 0.836 0.836 0.836 0.841 0.841 0.842 0.847 0.848 0.849 0.854 0.855 0.854 0.854 0.855 0.862 0.864 0.867 0.873 0.874 0.875 0.877 0.878 0.883 0.885 0.886 0.892 0.896 0.897 0.9 0.903 0.903 0.904 0.911 0.913 0.916 0.922 0.925 0.928 0.928 0.928 0.933 0.933 0.933 0.781 0.774 0.773 0.773 0.774 0.774 0.778 0.954 0.964 0.964 0.964 0.541 0.411 0.395 0.395 0.395 0.397 0.401 0.401 0.397 0.397 0.398 0.398 0.398 0.398 0.398 0.399 1.079 1.098 1.107 1.107 1.115 1.121 1.136 1.138 1.146 1.154 1.158 1.169 1.172 1.188 1.199 1.201 1.206 1.223 1.241 1.247 1.247 1.247 1.239 1.237 1.234 1.226 1.219 1.213 1.212 1.212 1.212 1.215 1.223 1.223 1.223 1.223 1.22 1.217 1.214 1.206 1.203 1.193 1.192 1.181 1.18 1.175 1.17 1.161 1.158 1.155 1.155 1.153 1.145 1.145 1.142 1.131 1.127 1.127 1.127 1.115 1.114 1.11 1.109 1.029 0.973 0.966 0.956 0.955 0.955 0.955 0.955 1.005 1.077 1.077 1.077 1.076 1.074 1.074 1.072 1.072 1.063 1.057 1.057 1.057 1.057 1.051 1.049 1.048 1.042 1.039 1.039 1.037 1.037 1.037 1.037 1.035 1.035 1.032 1.028 1.024 1.028 1.022 1.022 1.022 1.025 1.022 1.022 1.022 1.02 1.02 1.018 1.018 1.018 1.018 1.014 1.014 1 0.744 0.733 0.727 0.72 0.718 0.718 0.713 0.713 0.713 0.717 0.717 0.82 1.161 1.183 1.183 1.183 0.685 0.663 
1 1 1 1 1 1 1 1 1 1 1 1 1 1 1 1 1 1 1 1 1 1 1 1 1 1 1 1 1 1 1 1 1 1 1 1 1 1 1 1 1 1 1 1 1 1 1 1 1 1 1 1 1 1 1 1 1 1 1 1 1 1 1 1 1 1 1 1 1 1 1 1 1 1 1 1 1 1 1 1 1 1 1 1 1 1 1 1 1 1 1 1 1 1 1 1 1 1 1 1 1 1 1 1 1 1 1 1 1 1 1 1 1 1 1 1 1 1 1 1 1 1 1 1 1 1 1 1 1 1 1 1 1 1 1 1 1 1 1 1 1 1 1 1 1 1 1 1 1 1 1 1 1 1 1 1 1 1 1 1 1 1 1 1 1 1 1 1 1 1 1 1 1 1 1 1 1 1 1 1 1 1 1 1 1 1 1 1 1 1 1 1 1 1 1 1 1 1 1 1 1 1 1 1 1 1 1 1 1 1 1 1 1 1 1 1 1 1 1 1 1 1 1 1 1 1 1 1 1 1 1 1 1 1 1 1 1 1 1 1 1 1 1 1 1 1 1 1 1 1 1 1 1 1 1 1 1 1 1 1 1 1 1 1 1 1 1 1 1 1 1 1 1 1 1 1 1 1 1 1 1 1 1 1 1 1 1 1 1 1 1 1 1 1 1 1 1 1 1 1 1 1 1 1 1 1 1 1 1 1 1 1 1 1 1 1 1 1 1 1 1 1 1 1 1 1 1 1 1 1 1 1 1 1 1 1 1 1 1 1 1 1 1 1 1 1 1 1 1 0 0 0 0 0 0 0 0 0 0 1 1 1 1 1 1 1 1 1 1 1 1 1 1 1 1 1 1 1 1 1 1 1 1 1 1 1 1 1 1 1 1 1 1 1 1 1 1 1 1 1 1 1 1 1 1 1 1 1 1 1 1 1 1 1 1 1 1 1 1 1 1 1 1 1 1 1 1 1 1 1 1 1 1 1 1 1 1 1 1 1 1 1 1 1 1 1 1 1 1 1 1 1 1 1 1 1 1 1 1 1 1 1 1 1 1 1 1 1 1 1 1 1 1 1 1 1 1 1 1 1 1 1 1 1 1 1 1 1 1 1 1 1 1 1 1 1 1 1 1 1 1 1 1 1 1 1 1 1 1 1 1 1 1 1 1 1 1 1 1 1 1 1 1 1 1 1 1 1 1 1 1 1 1 1 1 1 1 1 1 1 1 1 1 1 1 1 1 1 1 1 1 1 1 1 1 1 1 1 1 1 1 1 1 1 1 1 1 1 1 1 1 1 1 1 1 1 1 1 1 1 1 1 1 1 1 1 1 1 1 1 1 1 1 1 1 1 1 1 1 1 1 1 1 1 1 1 1 1 1 1 1 1 1 1 1 1 1 1 1 1 1 1 1 1 1 1 1 1 1 1 1 1 1 1 1 1 1 1 1 1 1 1 1 1 1 1 1 1 1 1 1 1 1 1 1 1 1 1 1 1 1 1 1 1 1 1 1 1 1 1 1 1 1 1 1 1 1 1 1 1 1 1 
