# This file contains a 2D laser scan observation. 
# Its format is: 
# [aperture] [max_range] [number_of_scans] 
# [vector_of_scans] 
# [vector_of_valid_scans] 
# The aperture of the sensor is in radians, the maximum range 
# and measurements are in meters. '1' means a valid scan, '0' otherwise.
4.1847
5.6
682
2.374 2.766 2.766 2.766 2.755 2.755 2.749 2.729 2.726 2.724 2.724 2.724 2.954 2.954 2.964 2.964 3.847 3.877 3.934 3.967 3.995 3.995 3.995 4.014 4.041 4.06 4.092 4.106 4.13 0 0 0 0 4.326 4.326 4.326 4.374 4.402 4.443 4.443 4.443 1.782 1.754 1.743 1.73 1.73 1.729 1.725 1.723 1.723 1.709 1.707 1.703 1.702 1.684 1.683 1.667 1.663 1.662 1.652 1.643 1.638 1.638 1.627 1.627 1.62 1.614 1.609 1.608 1.598 1.59 1.579 1.574 1.573 1.57 1.569 1.567 1.567 1.563 1.547 1.547 1.545 1.543 1.532 1.526 1.526 1.523 1.52 1.519 1.515 1.506 1.499 1.447 0.351 0.329 0.327 0.325 0.323 0.324 0.324 0.316 0.315 0.316 0.315 0.315 0.295 0.272 0.26 0.258 0.256 0.249 0.249 0.249 0.251 0.253 0.255 0.256 0.253 0.253 0.251 0.249 0.249 0.251 0.261 0.261 0.261 0.255 0.252 0.252 0.252 0.252 0.252 0.258 0.25 0.25 0.255 0.25 0.25 0.25 0.249 0.249 0.249 0.253 0.256 0.258 0.26 0.284 0.285 0.29 0.29 0.293 0.29 0.29 0.284 0.284 0.284 0.28 0.28 0.28 0.281 1.537 1.549 1.549 1.549 1.55 1.55 1.553 1.555 1.557 1.556 1.56 1.561 1.56 1.557 1.56 1.569 1.569 1.569 1.569 1.564 1.478 1.478 1.464 1.464 1.457 1.353 1.108 1.064 1.057 1.041 1.023 1.012 1.011 1.001 0.989 0.988 0.985 0.985 0.976 0.974 0.971 0.971 0.968 0.967 0.967 0.968 0.965 0.97 0.97 0.97 0.968 0.97 0.969 0.97 0.969 0.976 0.974 0.977 0.981 0.987 0.987 0.991 0.998 1.001 1.006 1.03 1.033 1.048 1.05 1.761 1.774 1.775 1.774 1.774 1.766 1.742 1.742 1.694 1.649 1.641 1.641 1.617 1.602 1.585 1.559 1.549 1.526 1.517 1.502 1.492 1.472 1.464 1.442 1.44 1.436 1.416 1.401 1.394 1.375 1.355 1.347 1.343 1.326 1.319 1.312 1.308 1.292 1.286 1.276 1.262 1.25 1.241 1.229 1.219 1.213 1.2 1.19 1.185 1.178 1.167 1.157 1.155 1.144 1.137 1.136 1.134 1.134 1.136 1.134 1.136 1.139 1.142 1.151 1.169 1.191 2.158 2.188 2.188 2.188 2.173 2.161 2.156 2.138 2.135 2.123 2.112 2.108 2.098 2.082 1.975 1.975 1.975 1.982 2.012 2.012 2.012 2.004 1.999 1.999 1.979 1.967 1.965 1.951 1.95 1.947 1.944 1.939 1.908 1.908 1.906 1.906 1.798 1.798 1.798 1.802 1.819 1.843 1.847 1.849 1.854 1.854 1.854 1.842 1.837 1.829 1.829 1.819 1.816 1.815 1.807 1.801 1.8 1.794 1.787 1.785 1.776 1.776 1.776 1.776 1.771 1.769 1.767 1.759 1.749 1.747 1.741 1.739 1.737 1.736 1.733 1.732 1.724 1.723 1.721 1.711 1.711 1.704 1.697 0.933 0.931 0.891 0.891 0.891 0.892 0.892 0.892 0.885 0.813 0.804 0.802 0.8 0.8 0.801 0.8 0.801 0.806 0.806 0.805 0.805 0.805 0.805 0.808 0.808 0.809 0.814 0.813 0.814 0.814 0.814 0.814 0.815 0.817 0.818 0.82 0.82 0.818 0.822 0.821 0.818 0.818 0.817 0.817 0.817 0.819 0.827 0.828 0.828 0.828 0.823 0.82 0.819 0.819 0.82 0.821 0.823 0.827 0.83 0.833 0.835 0.835 0.835 0.835 0.833 0.621 0.545 0.532 0.531 0.529 0.527 0.52 0.514 0.512 0.51 0.506 0.497 0.495 0.495 0.49 0.486 0.485 0.485 0.482 0.476 0.475 0.463 0.461 0.46 0.461 0.461 0.461 0.458 0.461 0.458 0.457 0.455 0.451 0.451 0.448 0.448 0.446 0.446 0.44 0.436 0.434 0.425 0.425 0.415 0.412 0.412 0.412 0.409 0.409 0.409 0.408 0.408 0.409 0.408 0.403 0.398 0.398 0.397 0.395 0.385 0.385 0.385 0.385 0.385 0.385 0.383 0.382 0.381 0.381 0.373 0.372 0.37 0.37 0.37 0.369 0.368 0.364 0.364 0.361 0.361 0.358 0.357 0.354 0.353 0.353 0.352 0.352 0.348 0.348 0.348 0.348 0.348 0.346 0.346 0.346 0.346 0.346 0.34 0.34 0.34 0.34 0.34 0.34 0.338 0.338 0.338 0.334 0.33 0.33 0.328 0.328 0.33 0.329 0.331 0.332 0.331 0.332 0.332 0.331 0.326 0.326 0.325 0.325 0.323 0.323 0.322 0.322 0.322 0.322 0.322 0.324 0.325 0.325 0.325 0.323 0.321 0.319 0.319 0.319 0.319 0.319 0.32 0.321 0.32 0.321 0.321 0.321 0.321 0.321 0.321 0.316 0.31 0.31 0.31 0.313 0.315 0.316 0.316 0.32 0.328 0.328 0.328 0.324 0.324 0.324 0.324 0.324 0.324 0.322 0.322 0.319 0.319 0.325 0.325 0.322 0.322 0.313 0.308 0.307 0.303 0.303 0.3 0.3 0.3 0.3 0.3 0.303 0.297 0.304 0.305 0.304 0.304 0.308 0.308 0.298 0.301 0.3 0.3 0.301 0.303 0.303 0.306 0.309 0.313 0.313 0.313 0.313 0.311 0.311 0.31 0.31 0.311 0.312 0.317 0.32 0.317 0.317 0.317 0.317 0.317 0.317 0.319 0.322 0.319 0.322 0.322 0.327 0.328 0.328 0.328 0.328 0.33 0.325 0.325 0.33 0.33 0.332 0.334 0.335 
1 1 1 1 1 1 1 1 1 1 1 1 1 1 1 1 1 1 1 1 1 1 1 1 1 1 1 1 1 0 0 0 0 1 1 1 1 1 1 1 1 1 1 1 1 1 1 1 1 1 1 1 1 1 1 1 1 1 1 1 1 1 1 1 1 1 1 1 1 1 1 1 1 1 1 1 1 1 1 1 1 1 1 1 1 1 1 1 1 1 1 1 1 1 1 1 1 1 1 1 1 1 1 1 1 1 1 1 1 1 1 1 1 1 1 1 1 1 1 1 1 1 1 1 1 1 1 1 1 1 1 1 1 1 1 1 1 1 1 1 1 1 1 1 1 1 1 1 1 1 1 1 1 1 1 1 1 1 1 1 1 1 1 1 1 1 1 1 1 1 1 1 1 1 1 1 1 1 1 1 1 1 1 1 1 1 1 1 1 1 1 1 1 1 1 1 1 1 1 1 1 1 1 1 1 1 1 1 1 1 1 1 1 1 1 1 1 1 1 1 1 1 1 1 1 1 1 1 1 1 1 1 1 1 1 1 1 1 1 1 1 1 1 1 1 1 1 1 1 1 1 1 1 1 1 1 1 1 1 1 1 1 1 1 1 1 1 1 1 1 1 1 1 1 1 1 1 1 1 1 1 1 1 1 1 1 1 1 1 1 1 1 1 1 1 1 1 1 1 1 1 1 1 1 1 1 1 1 1 1 1 1 1 1 1 1 1 1 1 1 1 1 1 1 1 1 1 1 1 1 1 1 1 1 1 1 1 1 1 1 1 1 1 1 1 1 1 1 1 1 1 1 1 1 1 1 1 1 1 1 1 1 1 1 1 1 1 1 1 1 1 1 1 1 1 1 1 1 1 1 1 1 1 1 1 1 1 1 1 1 1 1 1 1 1 1 1 1 1 1 1 1 1 1 1 1 1 1 1 1 1 1 1 1 1 1 1 1 1 1 1 1 1 1 1 1 1 1 1 1 1 1 1 1 1 1 1 1 1 1 1 1 1 1 1 1 1 1 1 1 1 1 1 1 1 1 1 1 1 1 1 1 1 1 1 1 1 1 1 1 1 1 1 1 1 1 1 1 1 1 1 1 1 1 1 1 1 1 1 1 1 1 1 1 1 1 1 1 1 1 1 1 1 1 1 1 1 1 1 1 1 1 1 1 1 1 1 1 1 1 1 1 1 1 1 1 1 1 1 1 1 1 1 1 1 1 1 1 1 1 1 1 1 1 1 1 1 1 1 1 1 1 1 1 1 1 1 1 1 1 1 1 1 1 1 1 1 1 1 1 1 1 1 1 1 1 1 1 1 1 1 1 1 1 1 1 1 1 1 1 1 1 1 1 1 1 1 1 1 1 1 1 1 1 1 1 1 1 1 1 1 1 1 1 1 1 1 1 1 1 1 1 1 1 1 1 1 1 1 1 1 1 1 1 1 1 1 1 1 1 1 1 1 1 1 1 1 1 1 1 1 1 1 1 1 1 1 1 1 1 1 1 1 1 1 1 1 1 1 1 1 1 1 1 1 1 1 1 1 1 1 1 
