# This file contains a 2D laser scan observation. 
# Its format is: 
# [aperture] [max_range] [number_of_scans] 
# [vector_of_scans] 
# [vector_of_valid_scans] 
# The aperture of the sensor is in radians, the maximum range 
# and measurements are in meters. '1' means a valid scan, '0' otherwise.
4.1847
5.6
682
0.31 0.307 0.306 0.299 0.296 0.296 0.297 0.299 0.302 0.302 0.301 0.301 0.301 0.301 0.298 0.301 0.304 0.304 0.304 0.311 0.312 0.32 0.32 0.323 0.326 0.327 0.331 0.334 0.334 0.334 0.335 0.341 0.346 0.35 0.351 0.36 0.365 0.368 0.37 0.371 0.371 0.374 0.376 0.379 0.382 0.387 0.393 0.397 0.397 0.387 0.397 0.398 0.402 0.405 0.413 0.415 0.419 0.427 0.429 0.431 0.431 0.434 0.443 0.448 0.456 0.461 0.464 0.465 0.465 0.475 0.481 0.49 0.493 0.496 0.501 0.505 0.506 0.518 0.526 0.528 0.533 0.544 0.559 0.56 0.562 0.565 0.58 0.588 0.593 0.605 0.611 0.616 0.629 0.638 0.64 0.655 0.665 0.671 0.687 0.687 0.712 0.722 0.746 0.773 0.773 0.796 0.811 0.838 0.863 0.867 0.886 0.903 0.925 0.956 0.976 1.058 1.096 1.118 1.129 1.154 1.154 1.198 1.221 1.295 1.394 1.407 1.422 1.422 1.458 1.458 1.459 1.458 1.457 1.456 1.457 1.454 1.453 1.451 1.448 1.444 1.444 1.448 1.443 1.449 1.449 1.445 1.445 1.449 1.445 1.442 1.011 0.911 0.909 0.898 0.871 0.868 0.865 0.863 0.856 0.841 0.837 0.836 0.836 0.832 0.831 0.831 0.831 0.831 0.826 0.826 0.826 0.826 0.82 0.82 0.82 0.82 0.82 0.82 0.823 0.823 0.828 0.83 0.831 0.835 0.831 0.835 0.835 0.835 0.836 0.844 0.845 0.846 0.853 0.853 0.863 0.868 0.87 0.895 0.909 0.944 1.521 1.523 1.539 1.539 1.54 1.54 1.54 1.54 1.54 1.556 1.562 1.563 1.564 1.579 1.579 1.579 1.579 1.579 1.474 1.436 1.417 1.417 1.417 1.412 1.391 1.377 1.362 1.347 1.32 1.312 1.289 1.273 1.26 1.243 1.228 1.224 1.21 1.193 1.173 1.159 1.148 1.138 1.126 1.116 1.1 1.096 1.094 1.071 1.067 1.054 1.047 1.025 1.025 1.011 0.999 0.994 0.984 0.97 0.96 0.959 0.956 0.943 0.935 0.926 0.922 0.911 0.906 0.902 0.892 0.892 0.89 0.892 0.893 0.895 0.904 0.907 0.91 0.922 0.924 0.927 0.953 0.997 2.013 2.016 2.016 2.016 2.003 1.981 1.977 1.974 1.959 1.959 1.938 1.927 1.907 1.898 1.897 1.887 1.871 1.862 1.856 1.849 1.831 1.757 1.728 1.725 1.725 1.725 1.748 1.749 1.75 1.759 1.75 1.749 1.725 1.724 1.705 1.704 1.7 1.691 1.689 1.688 1.677 1.672 1.649 1.646 1.643 1.599 1.535 1.53 1.53 1.53 1.531 1.56 1.565 1.568 1.577 1.588 1.588 1.588 1.583 1.575 1.57 1.566 1.562 1.559 1.558 1.547 1.547 1.537 1.534 1.532 1.527 1.524 1.516 1.514 1.513 1.505 1.505 1.505 1.5 1.5 1.499 1.495 1.488 1.487 1.482 1.478 1.476 1.467 1.464 1.464 1.462 1.462 1.461 1.457 1.449 1.448 1.448 1.447 1.446 1.444 1.441 1.441 1.441 1.436 1.43 1.43 1.425 1.408 0.707 0.698 0.693 0.676 0.659 0.659 0.659 0.668 0.672 0.674 0.674 0.672 0.668 0.656 0.642 0.587 0.57 0.57 0.568 0.568 0.568 0.568 0.568 0.568 0.568 0.568 0.569 0.568 0.57 0.573 0.573 0.575 0.577 0.575 0.574 0.574 0.574 0.574 0.575 0.577 0.58 0.588 0.594 0.594 0.592 0.588 0.592 0.588 0.588 0.591 0.594 0.596 0.597 0.603 0.603 0.601 0.603 0.601 0.601 0.602 0.602 0.602 0.602 0.606 0.606 0.609 0.612 0.62 0.621 0.622 0.622 0.622 0.621 0.62 0.618 0.618 0.618 0.618 0.62 0.62 0.622 0.625 0.631 0.632 0.636 0.638 0.646 0.646 0.647 0.649 0.647 0.645 0.647 0.647 0.645 0.645 0.647 0.647 0.649 0.649 0.65 0.65 0.65 0.656 0.657 0.662 0.666 0.679 0.68 0.68 0.68 0.681 0.68 0.679 0.679 0.67 0.67 0.67 0.67 0.67 0.67 0.383 0.368 0.368 0.364 0.367 0.367 0.357 0.351 0.351 0.351 0.355 0.355 0.355 0.353 0.352 0.352 0.352 0.348 0.347 0.342 0.342 0.342 0.343 0.343 0.343 0.335 0.335 0.335 0.335 0.336 0.337 0.337 0.329 0.335 0.335 0.327 0.333 0.333 0.33 0.326 0.326 0.325 0.325 0.325 0.322 0.322 0.324 0.319 0.319 0.319 0.319 0.316 0.316 0.315 0.315 0.315 0.309 0.309 0.309 0.31 0.322 0.325 0.327 0.329 0.333 0.333 0.333 0.332 0.328 0.328 0.328 0.328 0.329 0.329 0.329 0.332 0.332 0.329 0.329 0.323 0.323 0.323 0.326 0.326 0.326 0.326 0.32 0.32 0.32 0.322 0.326 0.329 0.336 0.336 0.336 0.338 0.338 0.335 0.335 0.335 0.335 0.335 0.329 0.328 0.328 0.328 0.328 0.33 0.331 0.332 0.331 0.331 0.328 0.327 0.325 0.325 0.325 0.327 0.326 0.326 0.327 0.327 0.327 0.327 0.328 0.328 0.328 0.332 0.333 0.335 0.335 0.335 0.337 0.334 0.334 0.334 0.336 0.336 0.337 0.337 0.341 0.341 0.341 0.34 0.338 0.337 0.337 0.337 0.337 0.34 0.341 0.341 0.349 0.349 0.35 0.35 0.348 0.347 0.347 0.347 0.347 0.348 0.353 0.353 0.353 0.353 0.353 0.354 0.358 0.365 0.371 
1 1 1 1 1 1 1 1 1 1 1 1 1 1 1 1 1 1 1 1 1 1 1 1 1 1 1 1 1 1 1 1 1 1 1 1 1 1 1 1 1 1 1 1 1 1 1 1 1 1 1 1 1 1 1 1 1 1 1 1 1 1 1 1 1 1 1 1 1 1 1 1 1 1 1 1 1 1 1 1 1 1 1 1 1 1 1 1 1 1 1 1 1 1 1 1 1 1 1 1 1 1 1 1 1 1 1 1 1 1 1 1 1 1 1 1 1 1 1 1 1 1 1 1 1 1 1 1 1 1 1 1 1 1 1 1 1 1 1 1 1 1 1 1 1 1 1 1 1 1 1 1 1 1 1 1 1 1 1 1 1 1 1 1 1 1 1 1 1 1 1 1 1 1 1 1 1 1 1 1 1 1 1 1 1 1 1 1 1 1 1 1 1 1 1 1 1 1 1 1 1 1 1 1 1 1 1 1 1 1 1 1 1 1 1 1 1 1 1 1 1 1 1 1 1 1 1 1 1 1 1 1 1 1 1 1 1 1 1 1 1 1 1 1 1 1 1 1 1 1 1 1 1 1 1 1 1 1 1 1 1 1 1 1 1 1 1 1 1 1 1 1 1 1 1 1 1 1 1 1 1 1 1 1 1 1 1 1 1 1 1 1 1 1 1 1 1 1 1 1 1 1 1 1 1 1 1 1 1 1 1 1 1 1 1 1 1 1 1 1 1 1 1 1 1 1 1 1 1 1 1 1 1 1 1 1 1 1 1 1 1 1 1 1 1 1 1 1 1 1 1 1 1 1 1 1 1 1 1 1 1 1 1 1 1 1 1 1 1 1 1 1 1 1 1 1 1 1 1 1 1 1 1 1 1 1 1 1 1 1 1 1 1 1 1 1 1 1 1 1 1 1 1 1 1 1 1 1 1 1 1 1 1 1 1 1 1 1 1 1 1 1 1 1 1 1 1 1 1 1 1 1 1 1 1 1 1 1 1 1 1 1 1 1 1 1 1 1 1 1 1 1 1 1 1 1 1 1 1 1 1 1 1 1 1 1 1 1 1 1 1 1 1 1 1 1 1 1 1 1 1 1 1 1 1 1 1 1 1 1 1 1 1 1 1 1 1 1 1 1 1 1 1 1 1 1 1 1 1 1 1 1 1 1 1 1 1 1 1 1 1 1 1 1 1 1 1 1 1 1 1 1 1 1 1 1 1 1 1 1 1 1 1 1 1 1 1 1 1 1 1 1 1 1 1 1 1 1 1 1 1 1 1 1 1 1 1 1 1 1 1 1 1 1 1 1 1 1 1 1 1 1 1 1 1 1 1 1 1 1 1 1 1 1 1 1 1 1 1 1 1 1 1 1 1 1 1 1 1 1 1 1 1 1 1 1 1 1 1 1 1 1 1 1 1 1 1 1 1 1 1 1 1 1 1 1 1 1 1 1 1 1 1 1 1 1 1 1 1 1 1 1 1 1 1 1 1 1 1 1 1 1 1 1 1 1 1 1 1 1 1 1 1 1 1 1 1 1 1 1 1 1 
