# This file contains a 2D laser scan observation. 
# Its format is: 
# [aperture] [max_range] [number_of_scans] 
# [vector_of_scans] 
# [vector_of_valid_scans] 
# The aperture of the sensor is in radians, the maximum range 
# and measurements are in meters. '1' means a valid scan, '0' otherwise.
4.1847
5.6
682
0.751 0.755 0.755 0.762 0.763 0.764 0.771 0.773 0.773 0.775 0.775 0.783 0.784 0.784 0.784 0.786 0.788 0.797 0.798 0.799 0.805 0.808 0.812 0.818 0.821 0.823 0.832 0.832 0.832 0.832 0.837 0.844 0.846 0.853 0.854 0.861 0.862 0.868 0.872 0.872 0.88 0.887 0.889 0.893 0.9 0.903 0.907 0.912 0.925 0.927 0.928 0.937 0.938 0.952 0.956 0.962 0.971 0.973 0.981 0.987 1.001 1.007 1.007 1.019 1.02 1.03 1.037 1.056 1.064 1.068 1.08 1.087 1.089 1.11 1.114 1.126 1.139 1.153 1.16 1.16 1.16 0.738 0.73 0.705 0.699 0.691 0.689 0.679 0.672 0.668 0.665 0.664 0.663 0.662 0.662 0.661 0.66 0.658 0.654 0.651 0.648 0.648 0.648 0.648 0.648 0.644 0.644 0.644 0.642 0.645 0.645 0.645 0.642 0.645 0.639 0.645 0.639 0.64 0.64 0.646 0.646 0.652 0.652 0.652 0.651 0.651 0.651 0.657 0.66 0.663 0.663 0.667 0.669 0.676 0.677 0.679 0.68 0.701 0.709 0.719 0.738 0.75 0.815 1.089 1.089 1.089 1.086 1.086 1.086 1.227 1.227 1.227 1.227 1.227 1.222 1.222 1.222 1.212 1.212 1.212 1.212 1.212 1.214 1.215 1.215 1.216 1.216 1.216 1.216 1.216 1.216 1.216 1.216 1.217 1.217 1.219 0.007 1.099 1.099 1.204 1.204 1.218 1.218 1.219 1.219 1.219 1.219 1.223 1.219 1.215 1.219 1.24 1.222 1.236 1.236 1.229 1.229 1.229 1.218 1.217 1.202 1.193 1.177 1.172 1.126 1.096 1.038 0.904 0.904 0.904 0.89 0.858 0.902 0.871 0.818 0.818 0.781 0.689 0.677 0.633 0.594 0.588 0.584 0.567 0.548 0.548 0.533 0.518 0.495 0.474 0.474 0.474 0.482 0.482 0.487 0.489 0.489 0.489 0.487 0.487 0.487 0.488 0.489 0.489 0.49 0.491 0.491 0.492 0.494 0.497 0.5 0.502 0.507 0.509 0.512 0.516 0.541 0.542 0.545 0.545 0.563 0.563 0.563 0.578 1.43 1.448 1.468 1.471 1.477 1.478 1.489 1.499 1.504 1.51 1.521 1.525 1.529 1.539 1.551 1.554 1.567 1.576 1.587 1.588 1.603 1.603 1.603 1.6 1.589 1.579 1.569 1.556 1.534 1.534 1.524 1.512 1.502 1.484 1.482 1.481 1.457 1.448 1.442 1.426 1.421 1.418 1.401 1.396 1.393 1.375 1.368 1.364 1.358 1.354 1.341 1.273 1.258 1.228 1.226 1.226 1.226 1.238 1.26 1.262 1.262 1.26 1.255 1.247 1.236 1.235 1.232 1.227 1.22 1.208 1.207 1.207 1.193 1.189 1.189 1.187 1.183 1.177 1.177 1.17 1.164 1.155 1.149 1.141 1.137 1.137 1.073 1.046 1.044 1.042 1.038 1.038 1.038 1.063 1.066 1.076 1.084 1.089 1.089 1.089 1.086 1.086 1.08 1.078 1.075 1.074 1.066 1.066 1.063 1.059 1.058 1.056 1.055 1.055 1.05 1.044 1.044 1.043 1.037 1.037 1.037 1.037 1.038 1.038 1.031 1.03 1.03 1.029 1.025 1.022 1.018 1.018 1.018 1.018 1.013 1.013 1.012 1.008 1.008 1.008 1.007 1.005 1.003 1.005 1.003 1 1 1 0.999 0.999 0.995 0.995 0.994 0.991 0.993 0.991 0.991 0.991 0.991 0.99 0.99 0.988 0.988 0.988 0.986 0.985 0.985 0.992 0.992 1 1.003 1.006 1.006 1.003 0.998 0.993 0.992 0.988 0.992 0.987 0.987 0.991 0.995 0.991 0.992 0.992 0.992 0.992 0.992 0.994 0.994 0.991 0.985 0.978 0.905 0.897 0.892 0.88 0.865 0.852 0.834 0.814 0.785 0.757 0.735 0.706 0.657 0.63 0.629 0.615 0.608 0.572 0.572 0.572 0.583 0.583 0.583 0.573 0.557 0.531 0.524 0.518 0.514 0.511 0.493 0.484 0.476 0.47 0.464 0.461 0.447 0.445 0.443 0.431 0.423 0.421 0.42 0.413 0.408 0.407 0.405 0.388 0.382 0.379 0.376 0.368 0.366 0.36 0.359 0.356 0.353 0.348 0.338 0.322 0.322 0.321 0.315 0.314 0.311 0.308 0.308 0.308 0.308 0.308 0.315 0.315 0.315 0.307 0.307 0.307 0.319 0.319 0.319 0.312 0.311 0.311 0.305 0.299 0.297 0.296 0.296 0.289 0.289 0.296 0.301 0.304 0.305 0.308 0.313 0.32 0.32 0.32 0.31 0.295 0.293 0.293 0.293 0.295 0.297 0.298 0.298 0.303 0.303 0.315 0.326 0.333 0.333 0.334 0.337 0.337 0.337 0.337 0.336 0.306 0.292 0.292 0.292 0.297 0.297 0.297 0.298 0.294 0.293 0.294 0.297 0.294 0.297 0.297 0.297 0.297 0.297 0.297 0.297 0.296 0.281 0.278 0.274 0.278 0.278 0.273 0.268 0.268 0.267 0.268 0.267 0.267 0.268 0.271 0.271 0.271 0.271 0.27 0.267 0.27 0.271 0.289 0.297 0.301 0.316 0.32 0.32 0.332 0.358 0.373 0.403 0.413 0.417 0.417 0.42 0.427 0.443 0.451 0.453 0.469 0.474 0.475 0.475 0.48 0.507 0.537 0.537 0.539 0.544 0.544 0.549 0.569 0.57 0.592 0.617 0.618 0.618 0.618 0.627 0.628 0.713 0.72 0.723 0.723 0.721 0.723 0.721 0.721 0.724 0.724 0.721 0.731 0.722 0.719 0.719 0.719 0.719 0.719 0.717 0.719 0.718 0.721 0.718 0.718 
1 1 1 1 1 1 1 1 1 1 1 1 1 1 1 1 1 1 1 1 1 1 1 1 1 1 1 1 1 1 1 1 1 1 1 1 1 1 1 1 1 1 1 1 1 1 1 1 1 1 1 1 1 1 1 1 1 1 1 1 1 1 1 1 1 1 1 1 1 1 1 1 1 1 1 1 1 1 1 1 1 1 1 1 1 1 1 1 1 1 1 1 1 1 1 1 1 1 1 1 1 1 1 1 1 1 1 1 1 1 1 1 1 1 1 1 1 1 1 1 1 1 1 1 1 1 1 1 1 1 1 1 1 1 1 1 1 1 1 1 1 1 1 1 1 1 1 1 1 1 1 1 1 1 1 1 1 1 1 1 1 1 1 1 1 1 1 1 1 1 1 1 1 1 1 1 0 1 1 1 1 1 1 1 1 1 1 1 1 1 1 1 1 1 1 1 1 1 1 1 1 1 1 1 1 1 1 1 1 1 1 1 1 1 1 1 1 1 1 1 1 1 1 1 1 1 1 1 1 1 1 1 1 1 1 1 1 1 1 1 1 1 1 1 1 1 1 1 1 1 1 1 1 1 1 1 1 1 1 1 1 1 1 1 1 1 1 1 1 1 1 1 1 1 1 1 1 1 1 1 1 1 1 1 1 1 1 1 1 1 1 1 1 1 1 1 1 1 1 1 1 1 1 1 1 1 1 1 1 1 1 1 1 1 1 1 1 1 1 1 1 1 1 1 1 1 1 1 1 1 1 1 1 1 1 1 1 1 1 1 1 1 1 1 1 1 1 1 1 1 1 1 1 1 1 1 1 1 1 1 1 1 1 1 1 1 1 1 1 1 1 1 1 1 1 1 1 1 1 1 1 1 1 1 1 1 1 1 1 1 1 1 1 1 1 1 1 1 1 1 1 1 1 1 1 1 1 1 1 1 1 1 1 1 1 1 1 1 1 1 1 1 1 1 1 1 1 1 1 1 1 1 1 1 1 1 1 1 1 1 1 1 1 1 1 1 1 1 1 1 1 1 1 1 1 1 1 1 1 1 1 1 1 1 1 1 1 1 1 1 1 1 1 1 1 1 1 1 1 1 1 1 1 1 1 1 1 1 1 1 1 1 1 1 1 1 1 1 1 1 1 1 1 1 1 1 1 1 1 1 1 1 1 1 1 1 1 1 1 1 1 1 1 1 1 1 1 1 1 1 1 1 1 1 1 1 1 1 1 1 1 1 1 1 1 1 1 1 1 1 1 1 1 1 1 1 1 1 1 1 1 1 1 1 1 1 1 1 1 1 1 1 1 1 1 1 1 1 1 1 1 1 1 1 1 1 1 1 1 1 1 1 1 1 1 1 1 1 1 1 1 1 1 1 1 1 1 1 1 1 1 1 1 1 1 1 1 1 1 1 1 1 1 1 1 1 1 1 1 1 1 1 1 1 1 1 1 1 1 1 1 1 1 1 1 1 1 1 1 1 1 1 1 1 1 1 1 1 1 1 1 1 1 1 1 1 1 1 1 1 1 1 1 1 1 1 1 1 1 1 1 1 
