# This file contains a 2D laser scan observation. 
# Its format is: 
# [aperture] [max_range] [number_of_scans] 
# [vector_of_scans] 
# [vector_of_valid_scans] 
# The aperture of the sensor is in radians, the maximum range 
# and measurements are in meters. '1' means a valid scan, '0' otherwise.
4.1847
5.6
682
0.788 0.788 0.791 0.793 0.793 0.801 0.803 0.803 0.803 0.808 0.809 0.809 0.813 0.813 0.819 0.831 0.831 0.832 0.833 0.836 0.841 0.842 0.848 0.852 0.861 0.861 0.866 0.869 0.872 0.877 0.878 0.88 0.886 0.886 0.888 0.889 0.89 0.899 0.911 0.914 0.919 0.925 0.929 0.935 0.937 0.951 0.951 0.958 0.959 0.97 0.971 0.985 0.99 0.992 0.993 1.009 1.01 1.02 1.027 1.034 1.034 1.042 1.049 1.064 1.068 1.083 1.084 1.095 1.097 1.114 1.125 1.125 1.114 0.743 0.72 0.698 0.683 0.678 0.674 0.674 0.673 0.657 0.656 0.655 0.655 0.649 0.648 0.648 0.644 0.644 0.642 0.642 0.651 0.651 0.642 0.644 0.635 0.635 0.635 0.637 0.633 0.633 0.633 0.637 0.633 0.637 0.639 0.637 0.639 0.639 0.639 0.635 0.638 0.638 0.635 0.638 0.638 0.644 0.646 0.652 0.655 0.652 0.655 0.655 0.659 0.663 0.664 0.675 0.675 0.678 0.687 0.701 0.71 0.734 0.756 0.788 0.873 1.006 1.017 1.017 1.006 0.966 0.966 0.966 1.063 1.196 1.204 1.211 1.204 1.196 1.202 1.192 1.192 1.192 1.196 1.192 1.189 1.186 1.186 1.186 1.186 1.186 1.187 1.188 1.191 1.191 1.191 1.191 1.191 1.192 1.189 1.176 1.12 1.074 1.074 1.104 1.12 1.185 1.185 1.189 1.189 1.189 1.189 1.189 1.192 1.187 1.187 0.007 1.191 1.191 1.192 1.192 1.2 1.2 1.197 1.197 1.196 1.184 1.181 1.174 1.155 1.143 1.143 1.055 1.045 0.905 0.905 0.905 0.974 0.974 0.974 0.79 0.693 0.68 0.641 0.639 0.629 0.585 0.524 0.492 0.463 0.437 0.437 0.437 0.443 0.448 0.448 0.449 0.443 0.445 0.439 0.441 0.439 0.436 0.436 0.441 0.44 0.445 0.448 0.448 0.45 0.452 0.454 0.461 0.462 0.462 0.464 0.468 0.469 0.471 0.49 0.495 0.496 0.498 0.502 0.509 0.516 0.516 0.528 0.529 1.361 1.384 1.392 1.392 1.403 1.404 1.409 1.413 1.423 1.434 1.435 1.439 1.44 1.458 1.46 1.468 1.48 1.483 1.485 1.497 1.501 1.503 1.518 1.526 1.536 1.538 1.551 1.551 1.551 1.546 1.532 1.53 1.52 1.503 1.497 1.476 1.471 1.463 1.438 1.438 1.428 1.414 1.414 1.392 1.384 1.378 1.367 1.367 1.356 1.351 1.337 1.336 1.322 1.321 1.32 1.301 1.289 1.258 1.206 1.18 1.168 1.168 1.168 1.181 1.207 1.213 1.213 1.211 1.207 1.185 1.185 1.184 1.181 1.178 1.175 1.169 1.161 1.152 1.148 1.143 1.14 1.139 1.138 1.132 1.132 1.13 1.124 1.113 1.113 1.106 1.094 1.086 1.064 1.064 1.019 1.001 0.997 0.987 0.981 0.981 0.981 1.004 1.014 1.016 1.029 1.03 1.037 1.037 1.031 1.032 1.032 1.031 1.028 1.027 1.027 1.027 1.021 1.02 1.016 1.014 1.012 1.012 1.012 1.004 1.003 1.003 1 0.991 0.988 0.986 0.984 0.984 0.983 0.984 0.983 0.982 0.982 0.98 0.972 0.98 0.972 0.969 0.967 0.967 0.967 0.967 0.967 0.965 0.963 0.963 0.962 0.961 0.961 0.961 0.959 0.959 0.954 0.954 0.954 0.96 0.955 0.956 0.956 0.956 0.955 0.953 0.953 0.953 0.953 0.955 0.955 0.953 0.953 0.947 0.946 0.947 0.947 0.951 0.953 0.953 0.951 0.951 0.947 0.947 0.946 0.945 0.945 0.943 0.943 0.943 0.943 0.946 0.95 0.95 0.954 0.954 0.954 0.954 0.955 0.956 0.956 0.956 0.956 0.956 0.96 0.956 0.954 0.886 0.872 0.858 0.848 0.848 0.831 0.821 0.802 0.781 0.774 0.752 0.744 0.723 0.701 0.683 0.674 0.652 0.602 0.596 0.596 0.587 0.577 0.566 0.548 0.548 0.548 0.549 0.554 0.554 0.554 0.534 0.513 0.513 0.501 0.499 0.49 0.477 0.47 0.468 0.465 0.462 0.454 0.451 0.442 0.442 0.434 0.433 0.426 0.415 0.41 0.407 0.403 0.402 0.401 0.398 0.395 0.394 0.386 0.382 0.381 0.372 0.37 0.368 0.367 0.358 0.357 0.355 0.352 0.352 0.35 0.346 0.338 0.338 0.336 0.336 0.334 0.327 0.324 0.319 0.309 0.306 0.305 0.305 0.305 0.301 0.299 0.297 0.295 0.295 0.294 0.294 0.291 0.294 0.291 0.291 0.29 0.29 0.29 0.294 0.295 0.301 0.303 0.303 0.303 0.301 0.3 0.291 0.297 0.291 0.288 0.288 0.284 0.284 0.284 0.287 0.293 0.295 0.295 0.296 0.295 0.295 0.293 0.293 0.292 0.29 0.29 0.29 0.29 0.293 0.299 0.299 0.299 0.308 0.333 0.338 0.341 0.344 0.345 0.345 0.345 0.345 0.31 0.309 0.303 0.298 0.295 0.295 0.295 0.295 0.295 0.296 0.298 0.301 0.301 0.301 0.302 0.304 0.304 0.31 0.31 0.313 0.313 0.311 0.304 0.29 0.29 0.29 0.288 0.288 0.291 0.292 0.288 0.288 0.286 0.285 0.285 0.283 0.282 0.284 0.282 0.278 0.278 0.284 0.293 0.32 0.349 0.421 0.433 0.457 0.474 0.489 0.489 0.492 0.496 0.551 0.559 0.56 0.566 0.573 0.595 0.64 0.643 0.65 0.651 0.722 0.722 0.733 0.739 0.744 0.744 0.743 0.744 0.746 0.747 0.747 
1 1 1 1 1 1 1 1 1 1 1 1 1 1 1 1 1 1 1 1 1 1 1 1 1 1 1 1 1 1 1 1 1 1 1 1 1 1 1 1 1 1 1 1 1 1 1 1 1 1 1 1 1 1 1 1 1 1 1 1 1 1 1 1 1 1 1 1 1 1 1 1 1 1 1 1 1 1 1 1 1 1 1 1 1 1 1 1 1 1 1 1 1 1 1 1 1 1 1 1 1 1 1 1 1 1 1 1 1 1 1 1 1 1 1 1 1 1 1 1 1 1 1 1 1 1 1 1 1 1 1 1 1 1 1 1 1 1 1 1 1 1 1 1 1 1 1 1 1 1 1 1 1 1 1 1 1 1 1 1 1 1 1 1 1 1 1 1 1 1 1 1 1 1 1 1 1 1 1 1 1 1 1 1 1 1 1 0 1 1 1 1 1 1 1 1 1 1 1 1 1 1 1 1 1 1 1 1 1 1 1 1 1 1 1 1 1 1 1 1 1 1 1 1 1 1 1 1 1 1 1 1 1 1 1 1 1 1 1 1 1 1 1 1 1 1 1 1 1 1 1 1 1 1 1 1 1 1 1 1 1 1 1 1 1 1 1 1 1 1 1 1 1 1 1 1 1 1 1 1 1 1 1 1 1 1 1 1 1 1 1 1 1 1 1 1 1 1 1 1 1 1 1 1 1 1 1 1 1 1 1 1 1 1 1 1 1 1 1 1 1 1 1 1 1 1 1 1 1 1 1 1 1 1 1 1 1 1 1 1 1 1 1 1 1 1 1 1 1 1 1 1 1 1 1 1 1 1 1 1 1 1 1 1 1 1 1 1 1 1 1 1 1 1 1 1 1 1 1 1 1 1 1 1 1 1 1 1 1 1 1 1 1 1 1 1 1 1 1 1 1 1 1 1 1 1 1 1 1 1 1 1 1 1 1 1 1 1 1 1 1 1 1 1 1 1 1 1 1 1 1 1 1 1 1 1 1 1 1 1 1 1 1 1 1 1 1 1 1 1 1 1 1 1 1 1 1 1 1 1 1 1 1 1 1 1 1 1 1 1 1 1 1 1 1 1 1 1 1 1 1 1 1 1 1 1 1 1 1 1 1 1 1 1 1 1 1 1 1 1 1 1 1 1 1 1 1 1 1 1 1 1 1 1 1 1 1 1 1 1 1 1 1 1 1 1 1 1 1 1 1 1 1 1 1 1 1 1 1 1 1 1 1 1 1 1 1 1 1 1 1 1 1 1 1 1 1 1 1 1 1 1 1 1 1 1 1 1 1 1 1 1 1 1 1 1 1 1 1 1 1 1 1 1 1 1 1 1 1 1 1 1 1 1 1 1 1 1 1 1 1 1 1 1 1 1 1 1 1 1 1 1 1 1 1 1 1 1 1 1 1 1 1 1 1 1 1 1 1 1 1 1 1 1 1 1 1 1 1 1 1 1 1 1 1 1 1 1 1 1 1 1 1 1 1 1 1 1 1 1 1 1 1 1 1 1 1 1 1 1 1 1 1 1 1 1 1 1 1 1 1 1 
