# This file contains a 2D laser scan observation. 
# Its format is: 
# [aperture] [max_range] [number_of_scans] 
# [vector_of_scans] 
# [vector_of_valid_scans] 
# The aperture of the sensor is in radians, the maximum range 
# and measurements are in meters. '1' means a valid scan, '0' otherwise.
4.1847
5.6
682
0.585 0.598 0.598 0.598 0.6 0.6 0.596 0.592 0.591 0.591 0.586 0.585 0.583 0.576 0.575 0.568 0.567 0.566 0.566 0.56 0.553 0.551 0.551 0.553 0.557 0.557 0.557 0.557 0.556 0.556 0.557 0.559 0.56 0.56 0.559 0.56 0.559 0.559 0.559 0.563 0.563 0.563 0.563 0.563 0.567 0.568 0.569 0.571 0.572 0.572 0.572 0.572 0.576 0.579 0.579 0.577 0.58 0.577 0.575 0.577 0.581 0.581 0.582 0.582 0.584 0.584 0.584 0.586 0.587 0.588 0.588 0.592 0.593 0.595 0.599 0.6 0.605 0.606 0.611 0.611 0.613 0.612 0.615 0.615 0.617 0.619 0.621 0.622 0.624 0.63 0.631 0.633 0.633 0.634 0.635 0.64 0.64 0.642 0.642 0.646 0.652 0.654 0.658 0.658 0.663 0.663 0.664 0.668 0.669 0.673 0.679 0.684 0.685 0.686 0.687 0.688 0.693 0.704 0.705 0.711 0.711 0.714 0.715 0.72 0.722 0.726 0.73 0.731 0.739 0.741 0.742 0.748 0.75 0.754 0.764 0.766 0.773 0.775 0.792 0.793 0.799 0.799 0.801 0.813 0.817 0.828 0.832 0.835 0.84 0.849 0.854 0.858 0.871 0.873 0.879 0.884 0.89 0.905 0.906 0.916 0.926 0.926 0.93 0.943 0.947 0.952 0.962 0.965 0.969 0.983 0.997 1.003 1.016 1.028 1.033 1.034 1.054 1.063 1.08 1.089 1.111 1.128 1.137 1.145 1.165 1.182 1.195 1.203 1.215 1.242 1.254 1.27 1.298 1.325 1.343 1.369 1.383 1.401 1.421 1.421 1.421 1.417 1.411 1.407 1.406 1.406 1.406 1.406 1.406 1.406 1.446 2.237 2.246 2.246 2.246 2.237 2.233 2.23 2.226 2.224 2.223 2.221 2.216 2.213 2.204 2.204 2.203 2.203 2.193 2.192 2.191 2.189 2.185 2.185 2.183 2.18 2.178 2.175 2.175 2.173 2.169 2.168 2.167 2.165 2.162 2.161 2.161 2.161 2.161 2.159 2.161 2.161 2.161 2.167 2.17 2.178 2.178 2.178 2.174 2.168 2.166 2.166 2.163 2.162 2.162 2.162 2.165 2.169 2.172 2.172 2.178 2.179 2.178 2.178 2.179 2.179 2.179 2.179 2.188 2.188 2.191 2.192 2.193 2.193 2.193 2.206 2.212 2.212 2.251 2.837 2.84 2.847 2.852 2.853 2.865 2.867 2.867 2.87 2.879 2.88 2.88 2.888 2.892 2.892 2.892 2.888 2.359 2.307 2.302 2.302 2.271 2.241 2.241 2.241 2.243 2.253 2.255 2.255 2.253 2.244 2.181 2.117 2.105 2.102 2.02 1.936 1.931 1.819 1.693 1.684 1.684 1.682 1.682 1.682 1.677 1.677 1.675 1.622 1.615 1.602 1.588 1.556 1.546 1.545 1.541 1.529 1.522 1.467 1.467 1.4 1.398 0.679 0.667 0.62 0.608 0.602 0.597 0.595 0.593 0.591 0.579 0.578 0.575 0.561 0.56 0.555 0.555 0.554 0.546 0.53 0.519 0.514 0.514 0.508 0.504 0.492 0.491 0.485 0.489 0.486 0.486 0.488 0.489 0.49 0.49 0.49 0.49 0.489 0.486 0.48 0.479 0.479 0.477 0.476 0.475 0.473 0.464 0.461 0.461 0.461 0.461 0.458 0.452 0.45 0.448 0.446 0.445 0.445 0.437 0.437 0.435 0.435 0.432 0.424 0.424 0.423 0.423 0.421 0.421 0.419 0.417 0.412 0.417 0.412 0.409 0.408 0.405 0.402 0.398 0.398 0.398 0.398 0.399 0.402 0.399 0.399 0.394 0.393 0.392 0.39 0.39 0.39 0.39 0.386 0.386 0.391 0.391 0.382 0.383 0.383 0.382 0.383 0.383 0.379 0.377 0.377 0.377 0.378 0.383 0.383 0.383 0.382 0.38 0.379 0.378 0.372 0.372 0.374 0.373 0.373 0.373 0.373 0.366 0.362 0.362 0.366 0.366 0.368 0.369 0.371 0.369 0.369 0.369 0.362 0.361 0.36 0.359 0.359 0.36 0.36 0.36 0.36 0.36 0.357 0.359 0.359 0.362 0.359 0.362 0.364 0.364 0.368 0.368 0.368 0.369 0.369 0.37 0.37 0.37 0.37 0.373 0.378 0.381 0.387 0.39 0.39 0.39 0.39 0.39 0.39 0.386 0.379 0.374 0.37 0.368 0.368 0.368 0.359 0.359 0.366 0.359 0.362 0.362 0.362 0.362 0.362 0.365 0.365 0.362 0.355 0.355 0.355 0.356 0.356 0.356 0.352 0.352 0.352 0.362 0.364 0.364 0.362 0.367 0.368 0.368 0.368 0.369 0.369 0.369 0.369 0.37 0.37 0.37 0.37 0.372 0.37 0.374 0.37 0.37 0.367 0.37 0.37 0.372 0.372 0.375 0.376 0.376 0.376 0.376 0.378 0.378 0.378 0.38 0.383 0.383 0.385 0.385 0.386 0.385 0.385 0.39 0.391 0.391 0.391 0.396 0.396 0.393 0.393 0.399 0.399 0.402 0.403 0.407 0.407 0.406 0.406 0.406 0.406 0.406 0.406 0.408 0.408 0.414 0.415 0.416 0.416 0.422 0.422 0.425 0.427 0.427 0.425 0.429 0.429 0.429 0.429 0.432 0.436 0.438 0.44 0.44 0.448 0.449 0.454 0.46 0.46 0.46 0.46 0.46 0.46 0.464 0.467 0.467 0.467 0.474 0.48 0.487 0.489 0.489 0.49 0.492 0.497 0.498 0.503 0.505 0.512 0.513 0.515 0.516 0.516 0.515 0.502 0.465 0.455 0.434 0.429 0.427 0.42 0.42 0.42 0.42 0.42 0.418 0.416 0.412 0.411 0.409 0.407 0.407 0.406 0.395 0.389 
1 1 1 1 1 1 1 1 1 1 1 1 1 1 1 1 1 1 1 1 1 1 1 1 1 1 1 1 1 1 1 1 1 1 1 1 1 1 1 1 1 1 1 1 1 1 1 1 1 1 1 1 1 1 1 1 1 1 1 1 1 1 1 1 1 1 1 1 1 1 1 1 1 1 1 1 1 1 1 1 1 1 1 1 1 1 1 1 1 1 1 1 1 1 1 1 1 1 1 1 1 1 1 1 1 1 1 1 1 1 1 1 1 1 1 1 1 1 1 1 1 1 1 1 1 1 1 1 1 1 1 1 1 1 1 1 1 1 1 1 1 1 1 1 1 1 1 1 1 1 1 1 1 1 1 1 1 1 1 1 1 1 1 1 1 1 1 1 1 1 1 1 1 1 1 1 1 1 1 1 1 1 1 1 1 1 1 1 1 1 1 1 1 1 1 1 1 1 1 1 1 1 1 1 1 1 1 1 1 1 1 1 1 1 1 1 1 1 1 1 1 1 1 1 1 1 1 1 1 1 1 1 1 1 1 1 1 1 1 1 1 1 1 1 1 1 1 1 1 1 1 1 1 1 1 1 1 1 1 1 1 1 1 1 1 1 1 1 1 1 1 1 1 1 1 1 1 1 1 1 1 1 1 1 1 1 1 1 1 1 1 1 1 1 1 1 1 1 1 1 1 1 1 1 1 1 1 1 1 1 1 1 1 1 1 1 1 1 1 1 1 1 1 1 1 1 1 1 1 1 1 1 1 1 1 1 1 1 1 1 1 1 1 1 1 1 1 1 1 1 1 1 1 1 1 1 1 1 1 1 1 1 1 1 1 1 1 1 1 1 1 1 1 1 1 1 1 1 1 1 1 1 1 1 1 1 1 1 1 1 1 1 1 1 1 1 1 1 1 1 1 1 1 1 1 1 1 1 1 1 1 1 1 1 1 1 1 1 1 1 1 1 1 1 1 1 1 1 1 1 1 1 1 1 1 1 1 1 1 1 1 1 1 1 1 1 1 1 1 1 1 1 1 1 1 1 1 1 1 1 1 1 1 1 1 1 1 1 1 1 1 1 1 1 1 1 1 1 1 1 1 1 1 1 1 1 1 1 1 1 1 1 1 1 1 1 1 1 1 1 1 1 1 1 1 1 1 1 1 1 1 1 1 1 1 1 1 1 1 1 1 1 1 1 1 1 1 1 1 1 1 1 1 1 1 1 1 1 1 1 1 1 1 1 1 1 1 1 1 1 1 1 1 1 1 1 1 1 1 1 1 1 1 1 1 1 1 1 1 1 1 1 1 1 1 1 1 1 1 1 1 1 1 1 1 1 1 1 1 1 1 1 1 1 1 1 1 1 1 1 1 1 1 1 1 1 1 1 1 1 1 1 1 1 1 1 1 1 1 1 1 1 1 1 1 1 1 1 1 1 1 1 1 1 1 1 1 1 1 1 1 1 1 1 1 1 1 1 1 1 1 1 1 1 1 1 1 1 1 1 1 1 1 1 1 1 1 1 1 1 1 1 1 1 1 1 1 1 1 1 1 1 
