# This file contains a 2D laser scan observation. 
# Its format is: 
# [aperture] [max_range] [number_of_scans] 
# [vector_of_scans] 
# [vector_of_valid_scans] 
# The aperture of the sensor is in radians, the maximum range 
# and measurements are in meters. '1' means a valid scan, '0' otherwise.
4.1847
5.6
682
0.993 0.995 1 1.001 1.001 1.009 1.012 1.015 1.02 1.02 1.024 1.024 1.031 1.032 1.033 1.043 1.045 1.055 1.057 1.065 1.065 1.073 1.073 1.073 0.749 0.726 0.707 0.686 0.681 0.679 0.669 0.669 0.668 0.667 0.664 0.656 0.654 0.654 0.652 0.645 0.645 0.651 0.645 0.645 0.65 0.639 0.635 0.634 0.632 0.632 0.634 0.634 0.635 0.636 0.635 0.635 0.637 0.638 0.638 0.638 0.641 0.641 0.641 0.642 0.644 0.643 0.647 0.659 0.659 0.657 0.657 0.657 0.657 0.661 0.665 0.673 0.675 0.677 0.687 0.689 0.693 0.698 0.704 0.705 0.715 0.721 0.726 0.727 0.738 0.752 0.767 0.77 0.786 0.79 0.798 0.814 0.829 0.835 0.843 0.853 0.858 0.877 0.882 0.903 0.913 0.917 0.934 0.946 0.978 0.988 1.012 1.138 1.138 1.138 1.138 1.131 1.129 1.126 1.126 1.12 1.12 1.12 1.12 1.111 1.108 1.106 1.097 1.093 1.088 0.952 0.352 0.297 0.294 0.293 0.294 0.293 0.293 0.293 0.293 0.289 0.288 0.287 0.283 0.287 0.275 0.272 0.272 0.275 0.273 0.275 0.275 0.273 0.273 0.273 0.272 0.273 0.273 0.271 0.271 0.273 0.268 0.268 0.273 0.273 0.273 0.274 0.274 0.277 0.274 0.276 0.276 0.277 0.28 0.282 0.284 0.296 0.296 0.306 0.31 0.312 0.312 0.312 0.312 0.312 0.308 0.308 0.308 0.308 0.308 0.309 0.31 0.31 0.311 0.328 0.329 0.329 0.328 0.328 0.329 0.33 0.331 0.331 0.331 0.337 0.351 1.031 1.064 1.074 1.075 1.079 1.082 1.084 1.089 1.089 1.09 1.09 1.091 1.097 1.101 1.102 1.102 1.104 1.105 1.105 1.108 1.108 1.108 1.109 1.109 1.121 1.121 1.127 1.13 1.132 1.132 1.132 1.132 1.141 1.146 1.148 1.15 1.15 1.16 1.162 1.163 1.167 1.173 1.178 1.183 1.183 1.186 1.191 1.199 1.204 1.204 1.205 1.205 1.213 1.213 1.216 1.227 1.23 1.235 1.239 1.246 1.247 1.247 1.258 1.26 1.268 1.269 1.279 1.28 1.294 1.299 1.3 1.308 1.316 1.316 1.317 1.325 1.325 1.325 1.313 1.299 1.29 1.272 1.266 1.245 1.243 1.236 1.232 1.211 1.21 1.199 1.192 1.186 1.178 1.167 1.15 1.141 1.134 1.132 1.127 1.11 1.108 1.094 1.094 1.084 1.08 1.071 1.062 1.056 1.046 0.976 0.974 0.945 0.937 0.937 0.937 0.949 0.959 0.969 0.994 0.994 0.994 0.988 0.988 0.974 0.97 0.97 0.965 0.956 0.952 0.95 0.942 0.942 0.937 0.928 0.926 0.926 0.923 0.915 0.915 0.912 0.912 0.907 0.905 0.903 0.898 0.896 0.893 0.882 0.866 0.866 0.861 0.866 0.866 0.861 0.82 0.797 0.786 0.783 0.78 0.776 0.776 0.775 0.766 0.766 0.775 0.799 0.803 0.81 0.823 0.823 0.828 0.828 0.833 0.828 0.83 0.83 0.828 0.823 0.821 0.818 0.814 0.814 0.814 0.814 0.814 0.812 0.808 0.802 0.8 0.8 0.801 0.8 0.8 0.8 0.792 0.79 0.79 0.79 0.79 0.791 0.791 0.791 0.79 0.786 0.785 0.785 0.781 0.781 0.781 0.784 0.784 0.784 0.784 0.785 0.786 0.786 0.786 0.781 0.78 0.777 0.774 0.777 0.777 0.774 0.776 0.776 0.776 0.775 0.775 0.774 0.774 0.774 0.782 0.785 0.788 0.785 0.785 0.783 0.783 0.781 0.779 0.776 0.779 0.776 0.776 0.776 0.773 0.773 0.774 0.774 0.776 0.778 0.781 0.785 0.781 0.781 0.78 0.78 0.78 0.783 0.786 0.788 0.786 0.786 0.785 0.785 0.785 0.789 0.789 0.789 0.789 0.789 0.794 0.796 0.8 0.796 0.8 0.8 0.8 0.801 0.801 0.801 0.802 0.808 0.813 0.813 0.813 0.813 0.815 0.817 0.818 0.819 0.821 0.827 0.827 0.829 0.829 0.829 0.821 0.773 0.732 0.732 0.732 0.724 0.722 0.722 0.713 0.691 0.685 0.678 0.672 0.663 0.654 0.652 0.643 0.641 0.638 0.637 0.622 0.62 0.615 0.61 0.603 0.602 0.585 0.584 0.583 0.578 0.574 0.566 0.551 0.549 0.548 0.547 0.547 0.547 0.541 0.536 0.535 0.529 0.512 0.512 0.508 0.502 0.501 0.501 0.501 0.501 0.505 0.505 0.507 0.505 0.505 0.481 0.477 0.466 0.465 0.461 0.46 0.456 0.456 0.456 0.456 0.463 0.465 0.465 0.463 0.459 0.453 0.453 0.449 0.442 0.439 0.431 0.431 0.431 0.43 0.433 0.433 0.426 0.425 0.423 0.421 0.421 0.421 0.421 0.419 0.419 0.419 0.419 0.414 0.411 0.408 0.406 0.405 0.403 0.403 0.403 0.403 0.399 0.396 0.395 0.395 0.395 0.395 0.395 0.395 0.392 0.39 0.389 0.386 0.382 0.382 0.382 0.386 0.382 0.383 0.382 0.38 0.378 0.38 0.378 0.378 0.377 0.377 0.375 0.374 0.372 0.37 0.369 0.366 0.365 0.362 0.362 0.365 0.362 0.362 0.362 0.361 0.359 0.358 0.359 0.36 0.357 0.358 0.36 0.36 0.361 0.361 0.361 0.356 0.354 0.354 0.352 0.354 0.357 0.357 0.356 0.357 0.357 0.359 0.359 0.359 0.35 0.349 0.349 0.35 0.352 0.353 0.357 0.357 0.357 0.357 0.358 0.357 0.358 0.358 
1 1 1 1 1 1 1 1 1 1 1 1 1 1 1 1 1 1 1 1 1 1 1 1 1 1 1 1 1 1 1 1 1 1 1 1 1 1 1 1 1 1 1 1 1 1 1 1 1 1 1 1 1 1 1 1 1 1 1 1 1 1 1 1 1 1 1 1 1 1 1 1 1 1 1 1 1 1 1 1 1 1 1 1 1 1 1 1 1 1 1 1 1 1 1 1 1 1 1 1 1 1 1 1 1 1 1 1 1 1 1 1 1 1 1 1 1 1 1 1 1 1 1 1 1 1 1 1 1 1 1 1 1 1 1 1 1 1 1 1 1 1 1 1 1 1 1 1 1 1 1 1 1 1 1 1 1 1 1 1 1 1 1 1 1 1 1 1 1 1 1 1 1 1 1 1 1 1 1 1 1 1 1 1 1 1 1 1 1 1 1 1 1 1 1 1 1 1 1 1 1 1 1 1 1 1 1 1 1 1 1 1 1 1 1 1 1 1 1 1 1 1 1 1 1 1 1 1 1 1 1 1 1 1 1 1 1 1 1 1 1 1 1 1 1 1 1 1 1 1 1 1 1 1 1 1 1 1 1 1 1 1 1 1 1 1 1 1 1 1 1 1 1 1 1 1 1 1 1 1 1 1 1 1 1 1 1 1 1 1 1 1 1 1 1 1 1 1 1 1 1 1 1 1 1 1 1 1 1 1 1 1 1 1 1 1 1 1 1 1 1 1 1 1 1 1 1 1 1 1 1 1 1 1 1 1 1 1 1 1 1 1 1 1 1 1 1 1 1 1 1 1 1 1 1 1 1 1 1 1 1 1 1 1 1 1 1 1 1 1 1 1 1 1 1 1 1 1 1 1 1 1 1 1 1 1 1 1 1 1 1 1 1 1 1 1 1 1 1 1 1 1 1 1 1 1 1 1 1 1 1 1 1 1 1 1 1 1 1 1 1 1 1 1 1 1 1 1 1 1 1 1 1 1 1 1 1 1 1 1 1 1 1 1 1 1 1 1 1 1 1 1 1 1 1 1 1 1 1 1 1 1 1 1 1 1 1 1 1 1 1 1 1 1 1 1 1 1 1 1 1 1 1 1 1 1 1 1 1 1 1 1 1 1 1 1 1 1 1 1 1 1 1 1 1 1 1 1 1 1 1 1 1 1 1 1 1 1 1 1 1 1 1 1 1 1 1 1 1 1 1 1 1 1 1 1 1 1 1 1 1 1 1 1 1 1 1 1 1 1 1 1 1 1 1 1 1 1 1 1 1 1 1 1 1 1 1 1 1 1 1 1 1 1 1 1 1 1 1 1 1 1 1 1 1 1 1 1 1 1 1 1 1 1 1 1 1 1 1 1 1 1 1 1 1 1 1 1 1 1 1 1 1 1 1 1 1 1 1 1 1 1 1 1 1 1 1 1 1 1 1 1 1 1 1 1 1 1 1 1 1 1 1 1 1 1 1 1 1 1 1 1 1 1 1 1 1 1 1 1 1 1 1 1 1 1 1 1 1 1 1 1 1 1 1 1 1 1 1 1 1 1 
