# This file contains a 2D laser scan observation. 
# Its format is: 
# [aperture] [max_range] [number_of_scans] 
# [vector_of_scans] 
# [vector_of_valid_scans] 
# The aperture of the sensor is in radians, the maximum range 
# and measurements are in meters. '1' means a valid scan, '0' otherwise.
4.1847
5.6
682
0.582 0.587 0.588 0.59 0.59 0.59 0.593 0.601 0.601 0.602 0.602 0.598 0.598 0.604 0.606 0.606 0.612 0.614 0.615 0.616 0.616 0.62 0.62 0.627 0.63 0.632 0.637 0.64 0.642 0.643 0.643 0.643 0.651 0.652 0.654 0.658 0.663 0.67 0.672 0.677 0.677 0.681 0.687 0.689 0.689 0.69 0.701 0.708 0.708 0.71 0.726 0.728 0.729 0.73 0.733 0.737 0.739 0.741 0.746 0.752 0.753 0.76 0.771 0.771 0.775 0.791 0.793 0.793 0.802 0.81 0.813 0.816 0.83 0.832 0.833 0.835 0.85 0.861 0.863 0.863 0.882 0.884 0.896 0.906 0.914 0.92 0.929 0.93 0.956 0.96 0.965 0.969 0.986 0.996 1.005 1.014 1.018 1.039 1.051 1.061 1.073 1.084 1.099 1.111 1.126 1.15 1.162 1.176 1.194 1.197 1.22 1.23 1.246 1.271 1.283 1.297 1.32 1.341 1.353 1.353 1.353 0.796 0.778 0.766 0.761 0.748 0.735 0.729 0.725 0.724 0.72 0.719 0.716 0.715 0.711 0.706 0.701 0.701 0.7 0.7 0.7 0.697 0.697 0.697 0.695 0.688 0.688 0.69 0.69 0.694 0.694 0.694 0.694 0.69 0.69 0.691 0.693 0.693 0.693 0.693 0.693 0.693 0.697 0.702 0.706 0.706 0.706 0.707 0.709 0.714 0.718 0.722 0.727 0.727 0.738 0.741 0.75 0.777 0.801 1.306 1.309 1.311 1.311 1.318 1.314 1.317 1.317 1.317 1.316 1.317 1.323 1.324 1.326 1.326 1.326 1.326 1.328 1.328 1.328 1.331 0.007 1.259 1.255 1.259 1.259 1.344 1.344 1.344 1.345 1.345 1.345 1.345 1.343 1.331 1.331 1.328 1.313 1.313 1.313 1.282 1.267 1.241 1.2 1.173 1.15 1.138 1.114 1.097 1.046 1.043 1.022 0.991 0.989 0.977 0.946 0.946 0.937 0.936 0.924 0.879 0.858 0.848 0.846 0.843 0.838 0.827 0.794 0.769 0.769 0.751 0.744 0.726 0.718 0.714 0.701 0.695 0.687 0.677 0.666 0.659 0.646 0.646 0.642 0.642 0.642 0.643 0.649 0.649 0.643 0.64 0.64 0.64 0.65 0.65 0.651 0.656 0.663 0.675 0.675 0.68 0.681 0.695 0.717 0.727 0.743 1.716 1.734 1.743 1.743 1.758 1.768 1.773 1.78 1.797 1.797 1.797 1.791 1.776 1.764 1.75 1.736 1.725 1.713 1.693 1.69 1.681 1.674 1.659 1.645 1.636 1.626 1.619 1.619 1.595 1.592 1.578 1.57 1.57 1.557 1.545 1.536 1.427 1.415 1.415 1.427 1.428 1.448 1.452 1.452 1.452 1.449 1.437 1.432 1.431 1.428 1.42 1.409 1.403 1.393 1.39 1.389 1.385 1.376 1.373 1.363 1.36 1.353 1.352 1.332 1.331 1.278 1.252 1.242 1.239 1.235 1.239 1.239 1.259 1.264 1.267 1.27 1.278 1.279 1.281 1.281 1.279 1.277 1.267 1.267 1.262 1.255 1.255 1.252 1.246 1.246 1.245 1.241 1.239 1.239 1.237 1.236 1.231 1.227 1.221 1.221 1.216 1.215 1.215 1.212 1.211 1.205 1.204 1.197 1.197 1.197 1.197 1.195 1.184 1.184 1.183 1.183 1.182 1.182 1.18 1.18 1.18 1.18 1.176 1.172 1.17 1.17 1.17 1.17 1.166 1.165 1.165 1.165 1.164 1.164 1.168 1.164 1.162 1.162 1.162 1.162 1.162 1.161 1.156 1.156 1.155 1.155 1.155 1.155 1.162 1.164 1.168 1.168 1.168 1.164 1.091 1.083 1.066 1.043 0.821 0.75 0.744 0.717 0.71 0.698 0.697 0.682 0.614 0.507 0.447 0.447 0.447 0.454 0.458 0.458 0.458 0.455 0.45 0.42 0.416 0.416 0.412 0.412 0.416 0.412 0.412 0.414 0.416 0.415 0.415 0.416 0.415 0.415 0.414 0.414 0.414 0.418 0.418 0.42 0.426 0.42 0.42 0.379 0.374 0.372 0.37 0.372 0.372 0.366 0.366 0.343 0.343 0.334 0.332 0.329 0.334 0.334 0.336 0.336 0.336 0.336 0.333 0.333 0.334 0.336 0.341 0.341 0.337 0.342 0.343 0.343 0.347 0.351 0.352 0.354 0.355 0.355 0.361 0.361 0.364 0.361 0.36 0.36 0.364 0.372 0.374 0.376 0.389 0.393 0.396 0.396 0.396 0.394 0.394 0.394 0.408 0.409 0.414 0.416 0.42 0.425 0.425 0.425 0.428 0.428 0.429 0.429 0.429 0.429 0.432 0.434 0.44 0.452 0.453 0.456 0.457 0.459 0.465 0.465 0.472 0.472 0.472 0.471 0.472 0.479 0.471 0.48 0.482 0.482 0.484 0.492 0.497 0.514 0.519 0.52 0.529 0.529 0.529 0.531 0.532 0.533 0.533 0.539 0.541 0.544 0.544 0.545 0.545 0.549 0.563 0.572 0.579 0.586 0.587 0.589 0.589 0.588 0.588 0.588 0.588 0.59 0.609 0.679 0.679 0.679 0.679 0.679 0.677 0.676 0.675 0.675 0.676 0.675 0.677 0.677 0.671 0.669 0.669 0.668 0.668 0.657 0.657 0.657 0.656 0.656 0.656 0.65 0.654 0.648 0.646 0.646 0.644 0.642 0.641 0.635 0.635 0.634 0.634 0.635 0.638 0.635 0.637 0.637 0.634 0.632 0.632 0.629 0.629 0.629 0.628 0.624 0.623 0.623 0.622 0.622 0.623 0.622 0.614 0.614 0.6 0.442 0.395 0.389 0.371 0.368 0.352 0.352 0.351 0.351 0.364 0.367 0.364 0.365 0.364 0.365 0.365 0.365 0.369 
1 1 1 1 1 1 1 1 1 1 1 1 1 1 1 1 1 1 1 1 1 1 1 1 1 1 1 1 1 1 1 1 1 1 1 1 1 1 1 1 1 1 1 1 1 1 1 1 1 1 1 1 1 1 1 1 1 1 1 1 1 1 1 1 1 1 1 1 1 1 1 1 1 1 1 1 1 1 1 1 1 1 1 1 1 1 1 1 1 1 1 1 1 1 1 1 1 1 1 1 1 1 1 1 1 1 1 1 1 1 1 1 1 1 1 1 1 1 1 1 1 1 1 1 1 1 1 1 1 1 1 1 1 1 1 1 1 1 1 1 1 1 1 1 1 1 1 1 1 1 1 1 1 1 1 1 1 1 1 1 1 1 1 1 1 1 1 1 1 1 1 1 1 1 1 1 1 1 1 1 1 1 1 1 1 1 1 1 1 1 1 1 1 1 1 1 1 1 1 1 0 1 1 1 1 1 1 1 1 1 1 1 1 1 1 1 1 1 1 1 1 1 1 1 1 1 1 1 1 1 1 1 1 1 1 1 1 1 1 1 1 1 1 1 1 1 1 1 1 1 1 1 1 1 1 1 1 1 1 1 1 1 1 1 1 1 1 1 1 1 1 1 1 1 1 1 1 1 1 1 1 1 1 1 1 1 1 1 1 1 1 1 1 1 1 1 1 1 1 1 1 1 1 1 1 1 1 1 1 1 1 1 1 1 1 1 1 1 1 1 1 1 1 1 1 1 1 1 1 1 1 1 1 1 1 1 1 1 1 1 1 1 1 1 1 1 1 1 1 1 1 1 1 1 1 1 1 1 1 1 1 1 1 1 1 1 1 1 1 1 1 1 1 1 1 1 1 1 1 1 1 1 1 1 1 1 1 1 1 1 1 1 1 1 1 1 1 1 1 1 1 1 1 1 1 1 1 1 1 1 1 1 1 1 1 1 1 1 1 1 1 1 1 1 1 1 1 1 1 1 1 1 1 1 1 1 1 1 1 1 1 1 1 1 1 1 1 1 1 1 1 1 1 1 1 1 1 1 1 1 1 1 1 1 1 1 1 1 1 1 1 1 1 1 1 1 1 1 1 1 1 1 1 1 1 1 1 1 1 1 1 1 1 1 1 1 1 1 1 1 1 1 1 1 1 1 1 1 1 1 1 1 1 1 1 1 1 1 1 1 1 1 1 1 1 1 1 1 1 1 1 1 1 1 1 1 1 1 1 1 1 1 1 1 1 1 1 1 1 1 1 1 1 1 1 1 1 1 1 1 1 1 1 1 1 1 1 1 1 1 1 1 1 1 1 1 1 1 1 1 1 1 1 1 1 1 1 1 1 1 1 1 1 1 1 1 1 1 1 1 1 1 1 1 1 1 1 1 1 1 1 1 1 1 1 1 1 1 1 1 1 1 1 1 1 1 1 1 1 1 1 1 1 1 1 1 1 1 1 1 1 1 1 1 1 1 1 1 1 1 1 1 1 1 1 1 1 1 1 1 1 1 1 1 1 1 1 1 1 1 1 1 1 1 1 1 1 1 1 1 1 1 
