# This file contains a 2D laser scan observation. 
# Its format is: 
# [aperture] [max_range] [number_of_scans] 
# [vector_of_scans] 
# [vector_of_valid_scans] 
# The aperture of the sensor is in radians, the maximum range 
# and measurements are in meters. '1' means a valid scan, '0' otherwise.
4.1847
5.6
682
0.566 0.565 0.568 0.568 0.571 0.573 0.574 0.576 0.578 0.579 0.579 0.584 0.587 0.588 0.588 0.588 0.59 0.592 0.597 0.597 0.6 0.605 0.605 0.608 0.614 0.616 0.616 0.621 0.626 0.629 0.638 0.644 0.649 0.649 0.649 0.649 0.65 0.65 0.651 0.652 0.656 0.659 0.67 0.673 0.68 0.681 0.686 0.688 0.689 0.696 0.699 0.707 0.71 0.711 0.712 0.72 0.726 0.734 0.739 0.742 0.744 0.758 0.762 0.765 0.769 0.774 0.782 0.786 0.799 0.801 0.806 0.821 0.822 0.826 0.828 0.837 0.848 0.854 0.866 0.87 0.877 0.884 0.895 0.903 0.91 0.926 0.927 0.939 0.953 0.964 0.968 0.972 0.983 0.999 1.006 1.029 1.04 1.042 1.063 1.063 1.085 1.105 1.122 1.126 1.144 1.16 1.175 1.197 1.214 1.227 1.246 1.258 1.285 1.297 1.314 1.344 1.367 1.394 1.395 1.396 1.396 1.395 0.806 0.781 0.777 0.762 0.751 0.75 0.747 0.745 0.742 0.734 0.731 0.731 0.729 0.723 0.721 0.717 0.716 0.716 0.715 0.712 0.709 0.712 0.71 0.712 0.71 0.71 0.71 0.709 0.709 0.709 0.709 0.709 0.708 0.708 0.709 0.71 0.711 0.713 0.716 0.716 0.716 0.715 0.715 0.715 0.718 0.72 0.727 0.734 0.736 0.737 0.74 0.74 0.748 0.753 0.774 0.789 0.809 1.336 1.336 1.341 1.336 1.339 1.339 1.34 1.34 1.34 1.342 1.344 1.344 1.344 1.347 1.346 1.349 1.349 1.349 1.349 1.349 1.23 1.359 1.359 1.359 1.359 1.365 1.37 1.372 1.373 1.373 1.374 1.374 1.377 1.368 1.351 1.335 1.335 1.322 1.303 1.268 1.237 1.217 1.184 1.16 1.142 1.129 1.093 1.081 1.058 1.028 1.027 1.012 0.987 0.969 0.961 0.948 0.948 0.925 0.92 0.903 0.876 0.871 0.861 0.86 0.843 0.821 0.799 0.797 0.776 0.764 0.758 0.745 0.744 0.727 0.715 0.71 0.7 0.699 0.688 0.686 0.682 0.674 0.674 0.674 0.674 0.677 0.677 0.677 0.677 0.677 0.678 0.681 0.683 0.683 0.688 0.709 0.711 0.712 0.713 0.743 0.753 0.763 0.81 1.743 1.77 1.787 1.793 1.81 1.827 1.833 1.836 1.836 1.836 1.805 1.796 1.782 1.774 1.761 1.745 1.735 1.733 1.717 1.704 1.704 1.677 1.672 1.672 1.645 1.642 1.637 1.637 1.623 1.608 1.597 1.584 1.579 1.525 1.455 1.443 1.443 1.443 1.463 1.489 1.492 1.492 1.492 1.48 1.469 1.463 1.457 1.455 1.437 1.429 1.429 1.424 1.422 1.422 1.421 1.415 1.406 1.403 1.396 1.394 1.394 1.366 1.36 1.266 1.264 1.262 1.262 1.264 1.293 1.296 1.298 1.306 1.309 1.309 1.312 1.312 1.312 1.312 1.305 1.296 1.294 1.294 1.29 1.283 1.277 1.276 1.273 1.272 1.27 1.264 1.26 1.259 1.259 1.258 1.254 1.254 1.253 1.252 1.246 1.246 1.24 1.238 1.235 1.234 1.23 1.23 1.228 1.228 1.228 1.231 1.228 1.215 1.213 1.213 1.213 1.209 1.209 1.209 1.206 1.202 1.199 1.199 1.197 1.195 1.191 1.191 1.19 1.188 1.19 1.19 1.19 1.189 1.189 1.189 1.183 1.183 1.186 1.188 1.186 1.186 1.186 1.185 1.185 1.185 1.185 1.185 1.182 1.178 1.178 1.113 1.087 0.771 0.764 0.749 0.764 0.749 0.712 0.468 0.468 0.468 0.48 0.486 0.486 0.48 0.466 0.437 0.436 0.435 0.435 0.435 0.434 0.437 0.44 0.441 0.441 0.441 0.441 0.442 0.442 0.442 0.442 0.442 0.447 0.447 0.447 0.436 0.399 0.398 0.395 0.392 0.392 0.383 0.361 0.357 0.354 0.354 0.354 0.352 0.347 0.348 0.348 0.348 0.349 0.35 0.35 0.356 0.352 0.353 0.353 0.353 0.353 0.368 0.371 0.372 0.374 0.374 0.38 0.381 0.381 0.381 0.381 0.38 0.38 0.38 0.383 0.383 0.388 0.39 0.395 0.406 0.406 0.407 0.407 0.406 0.403 0.403 0.403 0.406 0.417 0.418 0.424 0.429 0.431 0.433 0.434 0.435 0.439 0.441 0.44 0.441 0.441 0.44 0.44 0.45 0.45 0.456 0.458 0.463 0.466 0.464 0.472 0.473 0.473 0.474 0.478 0.479 0.479 0.479 0.479 0.479 0.477 0.479 0.479 0.489 0.493 0.505 0.509 0.516 0.524 0.524 0.528 0.528 0.528 0.524 0.528 0.528 0.53 0.537 0.541 0.541 0.541 0.541 0.543 0.549 0.552 0.563 0.568 0.579 0.581 0.584 0.585 0.585 0.585 0.585 0.586 0.586 0.589 0.59 0.63 0.677 0.677 0.677 0.673 0.672 0.672 0.669 0.669 0.668 0.667 0.667 0.666 0.664 0.663 0.663 0.659 0.652 0.659 0.651 0.647 0.646 0.644 0.643 0.641 0.639 0.635 0.635 0.639 0.639 0.629 0.636 0.636 0.627 0.627 0.627 0.626 0.626 0.626 0.627 0.627 0.627 0.625 0.62 0.62 0.617 0.611 0.611 0.611 0.611 0.611 0.609 0.605 0.605 0.582 0.582 0.438 0.411 0.346 0.345 0.341 0.338 0.338 0.343 0.338 0.338 0.343 0.343 0.338 0.338 0.34 0.34 0.34 0.341 0.342 0.342 0.346 0.347 0.348 0.348 0.348 0.349 0.354 0.349 0.349 0.351 0.351 0.351 0.355 0.357 0.357 0.359 
1 1 1 1 1 1 1 1 1 1 1 1 1 1 1 1 1 1 1 1 1 1 1 1 1 1 1 1 1 1 1 1 1 1 1 1 1 1 1 1 1 1 1 1 1 1 1 1 1 1 1 1 1 1 1 1 1 1 1 1 1 1 1 1 1 1 1 1 1 1 1 1 1 1 1 1 1 1 1 1 1 1 1 1 1 1 1 1 1 1 1 1 1 1 1 1 1 1 1 1 1 1 1 1 1 1 1 1 1 1 1 1 1 1 1 1 1 1 1 1 1 1 1 1 1 1 1 1 1 1 1 1 1 1 1 1 1 1 1 1 1 1 1 1 1 1 1 1 1 1 1 1 1 1 1 1 1 1 1 1 1 1 1 1 1 1 1 1 1 1 1 1 1 1 1 1 1 1 1 1 1 1 1 1 1 1 1 1 1 1 1 1 1 1 1 1 1 1 1 1 1 1 1 1 1 1 1 1 1 1 1 1 1 1 1 1 1 1 1 1 1 1 1 1 1 1 1 1 1 1 1 1 1 1 1 1 1 1 1 1 1 1 1 1 1 1 1 1 1 1 1 1 1 1 1 1 1 1 1 1 1 1 1 1 1 1 1 1 1 1 1 1 1 1 1 1 1 1 1 1 1 1 1 1 1 1 1 1 1 1 1 1 1 1 1 1 1 1 1 1 1 1 1 1 1 1 1 1 1 1 1 1 1 1 1 1 1 1 1 1 1 1 1 1 1 1 1 1 1 1 1 1 1 1 1 1 1 1 1 1 1 1 1 1 1 1 1 1 1 1 1 1 1 1 1 1 1 1 1 1 1 1 1 1 1 1 1 1 1 1 1 1 1 1 1 1 1 1 1 1 1 1 1 1 1 1 1 1 1 1 1 1 1 1 1 1 1 1 1 1 1 1 1 1 1 1 1 1 1 1 1 1 1 1 1 1 1 1 1 1 1 1 1 1 1 1 1 1 1 1 1 1 1 1 1 1 1 1 1 1 1 1 1 1 1 1 1 1 1 1 1 1 1 1 1 1 1 1 1 1 1 1 1 1 1 1 1 1 1 1 1 1 1 1 1 1 1 1 1 1 1 1 1 1 1 1 1 1 1 1 1 1 1 1 1 1 1 1 1 1 1 1 1 1 1 1 1 1 1 1 1 1 1 1 1 1 1 1 1 1 1 1 1 1 1 1 1 1 1 1 1 1 1 1 1 1 1 1 1 1 1 1 1 1 1 1 1 1 1 1 1 1 1 1 1 1 1 1 1 1 1 1 1 1 1 1 1 1 1 1 1 1 1 1 1 1 1 1 1 1 1 1 1 1 1 1 1 1 1 1 1 1 1 1 1 1 1 1 1 1 1 1 1 1 1 1 1 1 1 1 1 1 1 1 1 1 1 1 1 1 1 1 1 1 1 1 1 1 1 1 1 1 1 1 1 1 1 1 1 1 1 1 1 1 1 1 1 1 1 1 1 1 1 1 1 1 1 1 1 1 1 1 1 1 1 1 1 1 1 1 1 1 1 1 1 1 1 1 1 1 1 1 
