# This file contains a 2D laser scan observation. 
# Its format is: 
# [aperture] [max_range] [number_of_scans] 
# [vector_of_scans] 
# [vector_of_valid_scans] 
# The aperture of the sensor is in radians, the maximum range 
# and measurements are in meters. '1' means a valid scan, '0' otherwise.
4.1847
5.6
682
2.669 2.669 2.68 0 0 0 0.007 2.572 2.499 2.482 2.44 2.44 2.44 2.864 2.864 2.864 2.842 2.838 2.836 2.823 2.823 2.823 2.823 2.823 0.291 0.288 0.282 0.276 0.276 0.276 0.276 0.273 0.278 0.275 0.275 0.278 0.278 0.277 0.277 0.271 0.269 0.263 0.262 0.259 0.254 0.252 0.252 0.249 0.249 0.249 0.244 0.244 0.244 0.247 0.247 0.255 0.255 0.255 0.259 0.269 0.269 0.269 0.261 0.261 0.258 0.258 0.256 0.256 0.252 0.249 0.249 0.252 0.254 0.254 0.254 0.254 0.254 0.258 0.263 0.268 0.274 0.277 0.277 0.277 0.279 0.288 0.289 0.29 0.29 0.293 0.299 0.301 0.315 0.326 0.333 0.337 0.34 0.347 0.348 0.349 0.35 0.365 0.368 0.368 0.368 0.368 0.378 0.381 0.387 0.395 0.407 0.407 0.414 0.42 0.427 0.44 0.447 0.448 0.451 0.457 0.462 0.477 0.488 0.49 0.496 0.522 0.525 0.544 0.565 0.569 0.573 0.573 0.577 0.619 0.638 0.678 0.71 0.713 0.721 0.721 0.745 0.789 0.854 0.854 0.911 0.929 0.989 1.025 1.035 1.049 1.112 1.264 1.264 1.274 1.294 1.294 1.393 1.412 1.45 1.466 1.468 1.468 1.469 1.471 1.471 1.471 1.472 1.472 1.472 1.469 1.469 1.469 1.47 1.47 1.471 1.471 1.471 1.471 1.471 1.471 1.47 1.47 1.475 1.475 1.465 0.957 0.94 0.917 0.912 0.906 0.897 0.889 0.883 0.882 0.88 0.866 0.864 0.863 0.856 0.854 0.853 0.853 0.85 0.85 0.85 0.849 0.849 0.849 0.849 0.849 0.85 0.85 0.849 0.849 0.849 0.849 0.849 0.852 0.852 0.854 0.854 0.861 0.861 0.862 0.864 0.864 0.865 0.872 0.874 0.874 0.875 0.881 0.886 0.908 0.914 0.936 0.975 1.437 1.558 1.623 1.623 1.625 1.628 1.633 1.635 1.639 1.646 0.015 0.015 0.015 1.526 1.514 1.493 1.482 1.47 1.437 1.42 1.418 1.393 1.373 1.371 1.355 1.341 1.325 1.3 1.291 1.283 1.268 1.257 1.243 1.222 1.217 1.203 1.198 1.184 1.175 1.161 1.152 1.141 1.129 1.122 1.103 1.096 1.084 1.082 1.076 1.056 1.048 1.047 1.036 1.027 1.018 1.017 1.016 1 0.993 0.99 0.988 0.981 0.978 0.976 0.974 0.971 0.971 0.971 0.982 0.985 0.99 0.995 1.006 1.029 2.068 2.068 2.068 2.06 2.051 2.041 2.033 2.022 2.012 2.001 1.993 1.978 1.969 1.959 1.95 1.94 1.924 1.922 1.812 1.81 1.81 1.81 1.844 1.85 1.85 1.85 1.85 1.83 1.824 1.818 1.806 1.8 1.797 1.793 1.79 1.785 1.781 1.755 1.755 1.739 1.723 1.693 1.646 1.633 1.633 1.633 1.643 1.671 1.672 1.674 1.68 1.684 1.685 1.685 1.684 1.666 1.665 1.664 1.659 1.656 1.647 1.647 1.644 1.642 1.642 1.628 1.628 1.624 1.622 1.618 1.613 1.608 1.606 1.604 1.603 1.596 1.593 1.593 1.59 1.58 1.577 1.573 1.565 1.565 1.565 1.565 1.562 1.56 1.557 1.555 1.553 1.551 1.546 1.542 1.541 1.541 1.523 1.481 0.791 0.788 0.787 0.758 0.748 0.745 0.745 0.748 0.754 0.754 0.754 0.748 0.744 0.68 0.66 0.66 0.657 0.657 0.66 0.66 0.661 0.661 0.661 0.664 0.669 0.669 0.667 0.667 0.666 0.666 0.666 0.667 0.672 0.672 0.672 0.676 0.683 0.683 0.682 0.681 0.681 0.681 0.681 0.687 0.69 0.693 0.696 0.696 0.694 0.694 0.694 0.691 0.691 0.691 0.691 0.693 0.697 0.698 0.704 0.704 0.704 0.704 0.704 0.709 0.704 0.706 0.706 0.704 0.704 0.704 0.704 0.712 0.716 0.716 0.716 0.716 0.719 0.721 0.721 0.723 0.724 0.723 0.723 0.723 0.724 0.724 0.725 0.727 0.727 0.729 0.73 0.732 0.733 0.733 0.732 0.446 0.443 0.442 0.441 0.433 0.432 0.428 0.427 0.425 0.422 0.417 0.417 0.414 0.414 0.41 0.403 0.403 0.399 0.399 0.405 0.405 0.401 0.401 0.4 0.397 0.397 0.391 0.388 0.388 0.385 0.384 0.382 0.381 0.38 0.378 0.375 0.375 0.372 0.366 0.372 0.372 0.372 0.372 0.377 0.38 0.38 0.38 0.38 0.379 0.377 0.377 0.376 0.373 0.373 0.372 0.366 0.361 0.361 0.361 0.372 0.372 0.372 0.364 0.359 0.359 0.357 0.359 0.359 0.354 0.354 0.354 0.354 0.352 0.351 0.352 0.352 0.352 0.352 0.352 0.353 0.349 0.353 0.349 0.347 0.347 0.347 0.346 0.345 0.345 0.344 0.343 0.342 0.342 0.342 0.342 0.342 0.342 0.342 0.338 0.338 0.338 0.338 0.338 0.338 0.338 0.338 0.339 0.345 0.342 0.339 0.339 0.339 0.339 0.339 0.342 0.342 0.342 0.342 0.342 0.341 0.338 0.336 0.338 0.338 0.341 0.351 0.354 0.354 0.349 0.349 0.333 0.333 0.333 0.338 0.338 0.343 0.341 0.341 0.34 0.341 0.34 0.338 0.34 0.345 0.337 0.342 0.342 0.342 0.342 0.343 0.343 0.343 0.338 0.338 0.338 0.34 0.342 0.343 0.346 0.347 0.347 0.347 0.347 0.348 0.351 0.351 0.351 0.35 0.349 0.348 0.348 0.349 0.348 0.349 0.35 0.352 0.352 0.352 
1 1 1 0 0 0 0 1 1 1 1 1 1 1 1 1 1 1 1 1 1 1 1 1 1 1 1 1 1 1 1 1 1 1 1 1 1 1 1 1 1 1 1 1 1 1 1 1 1 1 1 1 1 1 1 1 1 1 1 1 1 1 1 1 1 1 1 1 1 1 1 1 1 1 1 1 1 1 1 1 1 1 1 1 1 1 1 1 1 1 1 1 1 1 1 1 1 1 1 1 1 1 1 1 1 1 1 1 1 1 1 1 1 1 1 1 1 1 1 1 1 1 1 1 1 1 1 1 1 1 1 1 1 1 1 1 1 1 1 1 1 1 1 1 1 1 1 1 1 1 1 1 1 1 1 1 1 1 1 1 1 1 1 1 1 1 1 1 1 1 1 1 1 1 1 1 1 1 1 1 1 1 1 1 1 1 1 1 1 1 1 1 1 1 1 1 1 1 1 1 1 1 1 1 1 1 1 1 1 1 1 1 1 1 1 1 1 1 1 1 1 1 1 1 1 1 1 1 1 1 1 1 1 1 1 1 1 1 1 1 1 1 1 1 1 1 1 0 0 0 1 1 1 1 1 1 1 1 1 1 1 1 1 1 1 1 1 1 1 1 1 1 1 1 1 1 1 1 1 1 1 1 1 1 1 1 1 1 1 1 1 1 1 1 1 1 1 1 1 1 1 1 1 1 1 1 1 1 1 1 1 1 1 1 1 1 1 1 1 1 1 1 1 1 1 1 1 1 1 1 1 1 1 1 1 1 1 1 1 1 1 1 1 1 1 1 1 1 1 1 1 1 1 1 1 1 1 1 1 1 1 1 1 1 1 1 1 1 1 1 1 1 1 1 1 1 1 1 1 1 1 1 1 1 1 1 1 1 1 1 1 1 1 1 1 1 1 1 1 1 1 1 1 1 1 1 1 1 1 1 1 1 1 1 1 1 1 1 1 1 1 1 1 1 1 1 1 1 1 1 1 1 1 1 1 1 1 1 1 1 1 1 1 1 1 1 1 1 1 1 1 1 1 1 1 1 1 1 1 1 1 1 1 1 1 1 1 1 1 1 1 1 1 1 1 1 1 1 1 1 1 1 1 1 1 1 1 1 1 1 1 1 1 1 1 1 1 1 1 1 1 1 1 1 1 1 1 1 1 1 1 1 1 1 1 1 1 1 1 1 1 1 1 1 1 1 1 1 1 1 1 1 1 1 1 1 1 1 1 1 1 1 1 1 1 1 1 1 1 1 1 1 1 1 1 1 1 1 1 1 1 1 1 1 1 1 1 1 1 1 1 1 1 1 1 1 1 1 1 1 1 1 1 1 1 1 1 1 1 1 1 1 1 1 1 1 1 1 1 1 1 1 1 1 1 1 1 1 1 1 1 1 1 1 1 1 1 1 1 1 1 1 1 1 1 1 1 1 1 1 1 1 1 1 1 1 1 1 1 1 1 1 1 1 1 1 1 1 1 1 1 1 1 1 1 1 1 1 1 1 1 1 1 1 1 1 1 1 1 1 1 1 1 1 1 1 1 1 1 1 1 1 
