# This file contains a 2D laser scan observation. 
# Its format is: 
# [aperture] [max_range] [number_of_scans] 
# [vector_of_scans] 
# [vector_of_valid_scans] 
# The aperture of the sensor is in radians, the maximum range 
# and measurements are in meters. '1' means a valid scan, '0' otherwise.
4.1847
5.6
682
3.109 3.07 3.042 3.004 2.978 2.945 2.915 2.885 2.848 2.823 2.799 2.777 2.74 2.72 2.675 2.653 2.632 2.608 2.589 2.588 2.588 2.588 2.585 2.585 0.007 2.532 2.503 2.466 2.425 2.393 2.347 2.347 2.347 2.79 2.79 2.79 2.762 2.755 2.751 2.749 2.748 2.748 2.749 2.983 2.983 3.793 3.793 3.793 3.887 0 0 0 3.996 3.996 3.996 4.037 4.053 4.071 4.092 4.123 4.141 0 0 0 4.313 4.313 4.313 4.313 4.313 1.751 1.751 1.744 1.744 1.737 1.737 1.735 1.732 1.732 1.728 1.716 1.707 1.698 1.692 1.686 1.678 1.677 1.663 1.658 1.653 1.644 1.638 1.637 1.629 1.628 1.613 1.609 1.599 1.595 1.595 1.588 1.571 0.319 0.316 0.311 0.31 0.307 0.306 0.302 0.281 0.254 0.243 0.241 0.24 0.238 0.24 0.237 0.235 0.235 0.235 0.235 0.236 0.236 0.236 0.238 0.238 0.245 0.245 0.245 0.245 0.245 0.242 0.239 0.239 0.238 0.238 0.235 0.231 0.233 0.233 0.233 0.233 0.233 0.233 0.238 0.238 0.238 0.238 0.236 0.236 0.236 0.245 0.252 0.255 0.255 0.255 0.255 0.255 0.247 0.245 0.245 0.245 0.243 0.244 0.249 0.249 0.251 0.251 0.254 0.255 0.257 0.259 0.285 0.302 1.313 1.389 1.393 1.393 1.393 1.452 1.479 1.498 1.51 1.51 1.508 1.51 1.51 1.518 1.518 1.518 1.518 1.517 1.517 1.517 1.521 1.521 1.521 1.521 1.523 1.521 1.522 1.522 1.522 1.522 1.529 1.529 1.529 1.529 1.528 1.454 1.452 1.441 1.437 1.378 1.072 1.03 1.006 0.992 0.981 0.97 0.958 0.945 0.944 0.94 0.935 0.927 0.927 0.926 0.92 0.918 0.918 0.917 0.917 0.915 0.911 0.905 0.905 0.905 0.905 0.905 0.907 0.907 0.907 0.91 0.913 0.916 0.916 0.916 0.916 0.915 0.915 0.915 0.922 0.922 0.923 0.928 0.929 0.932 0.943 0.943 0.954 0.957 0.967 0.98 0.994 1.006 1.713 1.713 1.713 1.713 1.685 1.651 1.615 1.592 1.583 1.583 1.564 1.54 1.539 1.511 1.492 1.476 1.47 1.451 1.439 1.421 1.404 1.401 1.377 1.361 1.357 1.34 1.336 1.326 1.314 1.3 1.291 1.291 1.27 1.263 1.248 1.236 1.232 1.227 1.202 1.195 1.188 1.184 1.181 1.168 1.163 1.149 1.143 1.135 1.129 1.118 1.118 1.102 1.1 1.098 1.096 1.088 1.088 1.088 1.088 1.093 1.098 1.103 1.108 1.114 1.185 2.141 2.142 2.142 2.142 2.128 2.114 2.113 2.097 2.091 2.076 2.076 2.066 2.051 2.035 1.924 1.924 1.924 1.935 1.971 1.971 1.971 1.965 1.964 1.96 1.958 1.94 1.93 1.918 1.911 1.909 1.899 1.889 1.887 1.871 1.871 1.846 1.795 1.761 1.761 1.761 1.786 1.791 1.806 1.806 1.807 1.809 1.809 1.809 1.802 1.801 1.79 1.79 1.784 1.782 1.766 1.766 1.765 1.759 1.755 1.752 1.744 1.741 1.738 1.738 1.737 1.737 1.728 1.725 1.721 1.715 1.712 1.711 1.71 1.707 1.706 1.698 1.694 1.693 1.692 1.689 1.683 1.68 1.676 1.668 1.658 1.617 0.902 0.898 0.885 0.86 0.86 0.86 0.858 0.858 0.858 0.857 0.828 0.773 0.773 0.772 0.771 0.772 0.772 0.772 0.773 0.773 0.773 0.772 0.768 0.768 0.768 0.769 0.78 0.782 0.782 0.783 0.783 0.783 0.783 0.783 0.788 0.793 0.793 0.793 0.793 0.797 0.795 0.795 0.792 0.795 0.792 0.792 0.797 0.798 0.798 0.798 0.802 0.802 0.798 0.794 0.794 0.794 0.794 0.799 0.805 0.806 0.806 0.806 0.809 0.809 0.811 0.813 0.813 0.814 0.814 0.815 0.815 0.81 0.531 0.526 0.519 0.506 0.504 0.504 0.5 0.493 0.489 0.489 0.488 0.486 0.48 0.478 0.475 0.473 0.472 0.471 0.467 0.461 0.46 0.459 0.455 0.441 0.44 0.439 0.44 0.44 0.441 0.449 0.449 0.449 0.441 0.442 0.438 0.442 0.435 0.435 0.43 0.431 0.43 0.429 0.427 0.424 0.422 0.412 0.412 0.412 0.414 0.414 0.414 0.41 0.41 0.408 0.407 0.4 0.397 0.395 0.395 0.393 0.393 0.39 0.385 0.385 0.387 0.387 0.387 0.387 0.386 0.386 0.385 0.379 0.377 0.375 0.377 0.373 0.373 0.373 0.368 0.368 0.37 0.368 0.37 0.37 0.37 0.37 0.37 0.37 0.37 0.366 0.364 0.36 0.357 0.357 0.356 0.354 0.356 0.353 0.353 0.353 0.353 0.35 0.349 0.349 0.349 0.347 0.347 0.348 0.345 0.345 0.345 0.347 0.345 0.347 0.349 0.35 0.349 0.349 0.349 0.343 0.343 0.335 0.335 0.335 0.337 0.337 0.341 0.343 0.347 0.343 0.341 0.344 0.341 0.338 0.338 0.34 0.34 0.34 0.34 0.34 0.338 0.338 0.338 0.34 0.34 0.34 0.341 0.343 0.343 0.344 0.345 0.348 0.345 0.345 0.343 0.343 0.342 0.336 0.334 0.333 0.333 0.333 0.333 0.333 0.341 0.341 0.341 0.341 0.341 0.341 0.343 0.344 0.335 0.338 0.338 0.336 0.335 0.336 0.335 0.336 0.335 0.334 0.331 0.331 0.329 0.328 0.324 0.316 0.316 0.316 0.316 0.321 0.326 0.324 
1 1 1 1 1 1 1 1 1 1 1 1 1 1 1 1 1 1 1 1 1 1 1 1 0 1 1 1 1 1 1 1 1 1 1 1 1 1 1 1 1 1 1 1 1 1 1 1 1 0 0 0 1 1 1 1 1 1 1 1 1 0 0 0 1 1 1 1 1 1 1 1 1 1 1 1 1 1 1 1 1 1 1 1 1 1 1 1 1 1 1 1 1 1 1 1 1 1 1 1 1 1 1 1 1 1 1 1 1 1 1 1 1 1 1 1 1 1 1 1 1 1 1 1 1 1 1 1 1 1 1 1 1 1 1 1 1 1 1 1 1 1 1 1 1 1 1 1 1 1 1 1 1 1 1 1 1 1 1 1 1 1 1 1 1 1 1 1 1 1 1 1 1 1 1 1 1 1 1 1 1 1 1 1 1 1 1 1 1 1 1 1 1 1 1 1 1 1 1 1 1 1 1 1 1 1 1 1 1 1 1 1 1 1 1 1 1 1 1 1 1 1 1 1 1 1 1 1 1 1 1 1 1 1 1 1 1 1 1 1 1 1 1 1 1 1 1 1 1 1 1 1 1 1 1 1 1 1 1 1 1 1 1 1 1 1 1 1 1 1 1 1 1 1 1 1 1 1 1 1 1 1 1 1 1 1 1 1 1 1 1 1 1 1 1 1 1 1 1 1 1 1 1 1 1 1 1 1 1 1 1 1 1 1 1 1 1 1 1 1 1 1 1 1 1 1 1 1 1 1 1 1 1 1 1 1 1 1 1 1 1 1 1 1 1 1 1 1 1 1 1 1 1 1 1 1 1 1 1 1 1 1 1 1 1 1 1 1 1 1 1 1 1 1 1 1 1 1 1 1 1 1 1 1 1 1 1 1 1 1 1 1 1 1 1 1 1 1 1 1 1 1 1 1 1 1 1 1 1 1 1 1 1 1 1 1 1 1 1 1 1 1 1 1 1 1 1 1 1 1 1 1 1 1 1 1 1 1 1 1 1 1 1 1 1 1 1 1 1 1 1 1 1 1 1 1 1 1 1 1 1 1 1 1 1 1 1 1 1 1 1 1 1 1 1 1 1 1 1 1 1 1 1 1 1 1 1 1 1 1 1 1 1 1 1 1 1 1 1 1 1 1 1 1 1 1 1 1 1 1 1 1 1 1 1 1 1 1 1 1 1 1 1 1 1 1 1 1 1 1 1 1 1 1 1 1 1 1 1 1 1 1 1 1 1 1 1 1 1 1 1 1 1 1 1 1 1 1 1 1 1 1 1 1 1 1 1 1 1 1 1 1 1 1 1 1 1 1 1 1 1 1 1 1 1 1 1 1 1 1 1 1 1 1 1 1 1 1 1 1 1 1 1 1 1 1 1 1 1 1 1 1 1 1 1 1 1 1 1 1 1 1 1 1 1 1 1 1 1 1 1 1 1 1 1 1 1 1 1 1 1 1 1 1 1 1 1 1 1 1 1 1 1 1 1 1 1 1 1 1 1 1 1 1 1 1 1 1 1 1 1 1 1 1 1 1 1 1 1 1 1 1 
