# This file contains a 2D laser scan observation. 
# Its format is: 
# [aperture] [max_range] [number_of_scans] 
# [vector_of_scans] 
# [vector_of_valid_scans] 
# The aperture of the sensor is in radians, the maximum range 
# and measurements are in meters. '1' means a valid scan, '0' otherwise.
4.1847
5.6
682
0.58 0.571 0.57 0.57 0.576 0.57 0.571 0.571 0.562 0.56 0.56 0.56 0.561 0.561 0.561 0.552 0.551 0.551 0.547 0.546 0.545 0.544 0.538 0.538 0.538 0.538 0.535 0.531 0.524 0.521 0.521 0.521 0.524 0.518 0.52 0.521 0.52 0.518 0.512 0.508 0.506 0.506 0.506 0.508 0.508 0.508 0.503 0.503 0.503 0.505 0.505 0.505 0.503 0.498 0.492 0.492 0.493 0.491 0.491 0.493 0.491 0.488 0.488 0.491 0.491 0.491 0.491 0.489 0.488 0.487 0.485 0.48 0.48 0.477 0.476 0.475 0.475 0.476 0.477 0.485 0.485 0.485 0.485 0.484 0.484 0.479 0.477 0.471 0.471 0.471 0.472 0.472 0.473 0.473 0.472 0.472 0.47 0.47 0.473 0.477 0.477 0.478 0.482 0.499 0.5 0.505 0.505 0.519 0.519 0.519 0.505 0.505 0.502 0.497 0.489 0.486 0.486 0.48 0.488 0.488 0.488 0.476 0.476 0.47 0.469 0.469 0.469 0.47 0.471 0.471 0.471 0.471 0.471 0.47 0.471 0.474 0.471 0.47 0.474 0.473 0.473 0.476 0.476 0.476 0.476 0.476 0.476 0.477 0.478 0.478 0.478 0.478 0.473 0.47 0.47 0.47 0.47 0.476 0.48 0.48 0.48 0.481 0.481 0.484 0.484 0.481 0.481 0.485 0.487 0.489 0.489 0.489 0.49 0.49 0.49 0.491 0.496 0.497 0.497 0.498 0.498 0.498 0.499 0.5 0.5 0.505 0.509 0.514 0.516 0.516 0.515 0.516 0.517 0.521 0.537 0.574 0.58 0.58 0.58 0.581 0.581 0.581 0.581 0.581 0.581 0.592 0.593 2.289 2.289 2.293 2.289 2.293 2.293 0.015 0.015 0.015 2.206 2.194 2.19 2.18 2.154 2.12 2.117 2.097 2.097 2.083 2.073 2.083 2.412 2.412 2.475 2.475 2.475 2.472 2.472 2.472 2.708 0.007 0 0 0 3.769 3.769 3.769 3.788 3.817 3.841 0 0 0 0 0 0 0 0 0 0 0 0 0 0 0 0 0 0 0 0 0 0 0 0 0 0 0 0 0 0 0 1.572 1.565 1.555 1.544 1.536 1.533 1.533 1.539 1.533 1.533 1.53 1.529 1.521 1.521 1.521 1.519 1.516 1.513 1.512 1.505 1.5 1.498 1.498 1.493 1.484 1.48 1.478 1.471 1.468 1.468 1.468 1.458 1.458 1.458 1.458 1.451 1.454 1.454 1.449 1.449 1.445 1.445 1.438 1.438 1.429 1.429 1.429 1.429 1.429 1.427 1.419 1.418 1.419 1.419 1.419 1.414 1.416 1.416 1.414 1.414 1.411 1.411 1.405 1.403 1.403 1.402 1.402 1.398 1.398 1.398 1.398 1.395 1.398 1.398 1.398 1.396 1.396 1.387 1.387 1.387 1.39 1.394 1.402 1.399 1.4 1.403 1.4 1.399 1.396 1.396 1.396 1.398 1.398 1.404 1.404 1.393 1.333 1.333 1.289 1.255 1.221 1.219 1.219 1.195 1.191 1.191 1.191 1.191 1.194 1.204 1.207 1.212 1.207 1.204 1.207 1.212 1.225 1.233 1.331 1.364 1.364 1.364 1.324 1.279 1.234 1.199 1.175 1.139 1.11 1.084 1.057 1.036 1.01 0.989 0.966 0.943 0.934 0.912 0.885 0.881 0.862 0.851 0.834 0.812 0.802 0.793 0.775 0.765 0.756 0.748 0.74 0.73 0.718 0.716 0.691 0.681 0.677 0.663 0.662 0.658 0.644 0.633 0.628 0.62 0.617 0.604 0.603 0.596 0.595 0.59 0.579 0.574 0.558 0.553 0.551 0.551 0.548 0.547 0.543 0.537 0.525 0.519 0.486 0.43 0.418 0.418 0.415 0.415 0.413 0.413 0.41 0.409 0.408 0.406 0.398 0.397 0.395 0.394 0.394 0.383 0.383 0.383 0.392 0.391 0.392 0.397 0.397 0.4 0.4 0.402 0.402 0.405 0.405 0.407 0.407 0.407 0.395 0.39 0.39 0.387 0.387 0.386 0.388 0.388 0.388 0.392 0.393 0.392 0.392 0.383 0.383 0.383 0.391 0.393 0.4 0.411 0.411 0.417 0.419 0.427 0.429 0.585 1.433 1.433 1.439 1.439 1.426 1.419 1.404 1.404 1.404 1.423 1.436 1.444 1.522 2.33 2.33 2.33 2.285 2.285 2.285 2.311 2.311 2.311 2.301 2.29 2.29 2.285 2.283 2.283 2.267 2.262 2.253 2.241 2.232 2.217 2.202 2.148 2.139 2.139 2.139 2.158 2.166 2.178 2.184 2.184 2.178 2.178 2.171 2.171 2.17 2.162 2.15 2.148 2.144 2.143 2.142 2.129 2.129 2.129 2.128 2.119 2.117 2.114 2.104 2.104 2.102 2.102 2.096 2.093 2.085 2.085 2.086 2.085 2.085 2.082 2.072 2.072 2.072 2.071 2.043 1.286 1.267 1.246 1.246 1.244 1.24 1.231 1.159 1.152 1.151 1.151 1.152 1.158 1.158 1.159 1.159 1.159 1.162 1.168 1.17 1.17 1.17 1.17 1.171 1.176 1.176 1.178 1.178 1.178 1.178 1.178 1.178 1.18 1.182 1.18 1.18 1.172 1.171 1.171 1.171 1.171 0.905 0.891 0.883 0.878 0.86 0.853 0.844 0.842 0.829 0.816 0.801 0.801 0.8 0.8 0.79 0.787 0.786 0.777 0.773 0.772 0.76 0.755 0.745 0.738 0.735 0.732 0.728 0.719 0.711 0.709 0.695 0.691 0.69 0.689 0.683 0.675 0.674 0.666 0.661 0.655 0.655 0.65 
1 1 1 1 1 1 1 1 1 1 1 1 1 1 1 1 1 1 1 1 1 1 1 1 1 1 1 1 1 1 1 1 1 1 1 1 1 1 1 1 1 1 1 1 1 1 1 1 1 1 1 1 1 1 1 1 1 1 1 1 1 1 1 1 1 1 1 1 1 1 1 1 1 1 1 1 1 1 1 1 1 1 1 1 1 1 1 1 1 1 1 1 1 1 1 1 1 1 1 1 1 1 1 1 1 1 1 1 1 1 1 1 1 1 1 1 1 1 1 1 1 1 1 1 1 1 1 1 1 1 1 1 1 1 1 1 1 1 1 1 1 1 1 1 1 1 1 1 1 1 1 1 1 1 1 1 1 1 1 1 1 1 1 1 1 1 1 1 1 1 1 1 1 1 1 1 1 1 1 1 1 1 1 1 1 1 1 1 1 1 1 1 1 1 1 1 1 1 1 1 1 1 1 1 1 1 1 1 1 1 1 1 1 0 0 0 1 1 1 1 1 1 1 1 1 1 1 1 1 1 1 1 1 1 1 1 1 0 0 0 0 1 1 1 1 1 1 0 0 0 0 0 0 0 0 0 0 0 0 0 0 0 0 0 0 0 0 0 0 0 0 0 0 0 0 0 0 0 1 1 1 1 1 1 1 1 1 1 1 1 1 1 1 1 1 1 1 1 1 1 1 1 1 1 1 1 1 1 1 1 1 1 1 1 1 1 1 1 1 1 1 1 1 1 1 1 1 1 1 1 1 1 1 1 1 1 1 1 1 1 1 1 1 1 1 1 1 1 1 1 1 1 1 1 1 1 1 1 1 1 1 1 1 1 1 1 1 1 1 1 1 1 1 1 1 1 1 1 1 1 1 1 1 1 1 1 1 1 1 1 1 1 1 1 1 1 1 1 1 1 1 1 1 1 1 1 1 1 1 1 1 1 1 1 1 1 1 1 1 1 1 1 1 1 1 1 1 1 1 1 1 1 1 1 1 1 1 1 1 1 1 1 1 1 1 1 1 1 1 1 1 1 1 1 1 1 1 1 1 1 1 1 1 1 1 1 1 1 1 1 1 1 1 1 1 1 1 1 1 1 1 1 1 1 1 1 1 1 1 1 1 1 1 1 1 1 1 1 1 1 1 1 1 1 1 1 1 1 1 1 1 1 1 1 1 1 1 1 1 1 1 1 1 1 1 1 1 1 1 1 1 1 1 1 1 1 1 1 1 1 1 1 1 1 1 1 1 1 1 1 1 1 1 1 1 1 1 1 1 1 1 1 1 1 1 1 1 1 1 1 1 1 1 1 1 1 1 1 1 1 1 1 1 1 1 1 1 1 1 1 1 1 1 1 1 1 1 1 1 1 1 1 1 1 1 1 1 1 1 1 1 1 1 1 1 1 1 1 1 1 1 1 1 1 1 1 1 1 1 1 1 1 1 1 1 1 1 1 1 1 1 1 1 1 1 1 1 1 1 1 1 1 1 1 1 1 1 1 1 1 1 1 1 1 1 1 1 1 1 1 1 1 1 1 1 1 1 1 1 1 1 1 
