# This file contains a 2D laser scan observation. 
# Its format is: 
# [aperture] [max_range] [number_of_scans] 
# [vector_of_scans] 
# [vector_of_valid_scans] 
# The aperture of the sensor is in radians, the maximum range 
# and measurements are in meters. '1' means a valid scan, '0' otherwise.
4.1847
5.6
682
0.586 0.592 0.6 0.6 0.592 0.592 0.582 0.577 0.574 0.574 0.57 0.559 0.559 0.559 0.553 0.551 0.55 0.548 0.542 0.542 0.541 0.534 0.532 0.532 0.53 0.53 0.529 0.517 0.515 0.515 0.513 0.512 0.512 0.509 0.504 0.5 0.499 0.499 0.499 0.499 0.497 0.489 0.489 0.489 0.492 0.489 0.486 0.485 0.481 0.478 0.478 0.478 0.477 0.475 0.47 0.467 0.466 0.464 0.463 0.463 0.463 0.463 0.46 0.464 0.459 0.458 0.452 0.452 0.452 0.451 0.451 0.451 0.452 0.451 0.453 0.454 0.453 0.451 0.449 0.449 0.449 0.446 0.441 0.446 0.439 0.439 0.436 0.435 0.435 0.436 0.434 0.438 0.438 0.432 0.428 0.432 0.432 0.428 0.426 0.432 0.426 0.424 0.424 0.424 0.424 0.425 0.425 0.425 0.425 0.425 0.422 0.422 0.424 0.422 0.422 0.424 0.423 0.421 0.421 0.423 0.42 0.42 0.42 0.426 0.426 0.426 0.426 0.429 0.429 0.436 0.438 0.442 0.457 0.469 0.469 0.469 0.457 0.457 0.452 0.452 0.451 0.451 0.449 0.441 0.428 0.428 0.42 0.42 0.42 0.42 0.42 0.415 0.402 0.401 0.401 0.401 0.396 0.409 0.41 0.41 0.41 0.411 0.411 0.412 0.412 0.412 0.412 0.414 0.414 0.414 0.414 0.415 0.414 0.414 0.415 0.416 0.416 0.416 0.419 0.424 0.425 0.425 0.424 0.422 0.422 0.422 0.427 0.427 0.427 0.427 0.427 0.427 0.43 0.436 0.437 0.439 0.437 0.437 0.437 0.437 0.434 0.437 0.443 0.454 0.478 0.49 0.492 0.494 0.498 0.506 0.506 0.5 0.502 0.502 0.5 0.502 0.502 0.502 0.503 0.509 2.392 2.392 2.392 2.362 2.337 2.337 2.326 2.305 2.238 2.218 2.218 2.21 2.202 2.205 2.205 2.2 2.2 2.151 2.15 2.131 2.114 2.101 2.101 2.089 2.06 2.028 2.002 1.991 1.989 1.987 1.987 1.987 2.385 2.387 2.391 2.387 2.385 2.384 2.384 2.384 2.635 0.007 0 0 0 0 0 0 0 0 0 0 0 0 0 0 0 0 0 0 0 0 0 0 0 0 0 0 0 0 0 0 0 0 0 0 0 0 0 0 0 0 0 0 1.474 1.467 1.457 1.457 1.457 1.457 1.453 1.447 1.45 1.448 1.448 1.443 1.44 1.439 1.432 1.429 1.421 1.418 1.417 1.416 1.415 1.409 1.401 1.395 1.392 1.39 1.39 1.39 1.383 1.378 1.377 1.374 1.369 1.368 1.368 1.365 1.365 1.36 1.362 1.362 1.359 1.357 1.353 1.347 1.346 1.346 1.346 1.346 1.346 1.346 1.334 1.333 1.332 1.327 1.325 1.325 1.324 1.322 1.321 1.32 1.32 1.318 1.318 1.318 1.316 1.316 1.316 1.316 1.316 1.316 1.316 1.316 1.315 1.315 1.314 1.314 1.312 1.312 1.312 1.316 1.315 1.315 1.315 1.315 1.315 1.319 1.322 1.322 1.32 1.32 1.32 1.32 1.322 1.322 1.322 1.322 1.322 1.322 1.322 1.322 1.321 1.321 1.321 1.217 1.217 1.192 1.208 1.208 1.17 1.13 1.124 1.124 1.124 1.124 1.113 1.113 1.143 1.154 1.154 1.154 1.16 1.136 1.136 1.156 1.157 1.157 1.185 1.276 1.276 1.276 1.253 1.213 1.185 1.161 1.138 1.103 1.084 1.066 1.041 1.026 1 0.986 0.973 0.948 0.939 0.928 0.907 0.892 0.884 0.878 0.854 0.849 0.83 0.83 0.81 0.796 0.796 0.782 0.766 0.764 0.749 0.749 0.733 0.725 0.72 0.712 0.708 0.688 0.686 0.68 0.675 0.673 0.657 0.655 0.646 0.63 0.629 0.621 0.618 0.609 0.609 0.603 0.601 0.595 0.591 0.586 0.579 0.577 0.571 0.57 0.567 0.56 0.557 0.553 0.547 0.541 0.535 0.535 0.535 0.531 0.526 0.521 0.519 0.518 0.518 0.516 0.511 0.502 0.5 0.499 0.495 0.493 0.487 0.485 0.482 0.482 0.481 0.469 0.411 0.394 0.39 0.388 0.388 0.388 0.395 0.395 0.395 0.394 0.388 0.384 0.38 0.379 0.38 0.38 0.38 0.38 0.38 0.38 0.376 0.371 0.368 0.368 0.369 0.369 0.378 0.388 0.39 0.392 0.392 0.392 0.392 0.402 0.402 0.402 0.393 0.386 0.386 0.386 0.386 0.386 0.386 0.386 0.386 0.387 0.387 0.387 0.385 0.384 0.384 0.384 0.384 0.387 0.393 0.423 0.429 0.432 2.265 2.265 2.265 2.246 2.244 2.216 2.213 2.152 2.152 2.152 2.182 2.186 2.208 2.208 2.208 2.208 2.206 2.199 2.199 2.199 2.191 2.188 2.18 2.179 2.177 2.173 2.169 2.16 2.158 2.157 2.157 2.15 2.149 2.143 2.142 2.142 2.137 2.132 2.129 2.129 2.128 2.127 2.126 2.12 2.119 2.117 2.116 2.109 2.105 2.102 2.1 2.1 2.1 2.084 1.333 1.321 1.297 1.293 1.289 1.289 1.289 1.283 1.211 1.206 1.203 1.203 1.203 1.203 1.203 1.203 1.207 1.209 1.21 1.22 1.22 1.22 1.22 1.226 1.229 1.23 1.23 1.23 1.232 1.234 1.234 1.235 1.235 1.235 1.238 1.235 1.238 1.238 1.238 1.238 1.24 1.24 1.24 0.969 0.954 0.944 0.937 0.932 
1 1 1 1 1 1 1 1 1 1 1 1 1 1 1 1 1 1 1 1 1 1 1 1 1 1 1 1 1 1 1 1 1 1 1 1 1 1 1 1 1 1 1 1 1 1 1 1 1 1 1 1 1 1 1 1 1 1 1 1 1 1 1 1 1 1 1 1 1 1 1 1 1 1 1 1 1 1 1 1 1 1 1 1 1 1 1 1 1 1 1 1 1 1 1 1 1 1 1 1 1 1 1 1 1 1 1 1 1 1 1 1 1 1 1 1 1 1 1 1 1 1 1 1 1 1 1 1 1 1 1 1 1 1 1 1 1 1 1 1 1 1 1 1 1 1 1 1 1 1 1 1 1 1 1 1 1 1 1 1 1 1 1 1 1 1 1 1 1 1 1 1 1 1 1 1 1 1 1 1 1 1 1 1 1 1 1 1 1 1 1 1 1 1 1 1 1 1 1 1 1 1 1 1 1 1 1 1 1 1 1 1 1 1 1 1 1 1 1 1 1 1 1 1 1 1 1 1 1 1 1 1 1 1 1 1 1 1 1 1 1 1 1 1 1 1 1 1 1 1 1 1 1 1 1 1 1 1 1 1 1 0 0 0 0 0 0 0 0 0 0 0 0 0 0 0 0 0 0 0 0 0 0 0 0 0 0 0 0 0 0 0 0 0 0 0 0 0 0 0 0 0 0 0 1 1 1 1 1 1 1 1 1 1 1 1 1 1 1 1 1 1 1 1 1 1 1 1 1 1 1 1 1 1 1 1 1 1 1 1 1 1 1 1 1 1 1 1 1 1 1 1 1 1 1 1 1 1 1 1 1 1 1 1 1 1 1 1 1 1 1 1 1 1 1 1 1 1 1 1 1 1 1 1 1 1 1 1 1 1 1 1 1 1 1 1 1 1 1 1 1 1 1 1 1 1 1 1 1 1 1 1 1 1 1 1 1 1 1 1 1 1 1 1 1 1 1 1 1 1 1 1 1 1 1 1 1 1 1 1 1 1 1 1 1 1 1 1 1 1 1 1 1 1 1 1 1 1 1 1 1 1 1 1 1 1 1 1 1 1 1 1 1 1 1 1 1 1 1 1 1 1 1 1 1 1 1 1 1 1 1 1 1 1 1 1 1 1 1 1 1 1 1 1 1 1 1 1 1 1 1 1 1 1 1 1 1 1 1 1 1 1 1 1 1 1 1 1 1 1 1 1 1 1 1 1 1 1 1 1 1 1 1 1 1 1 1 1 1 1 1 1 1 1 1 1 1 1 1 1 1 1 1 1 1 1 1 1 1 1 1 1 1 1 1 1 1 1 1 1 1 1 1 1 1 1 1 1 1 1 1 1 1 1 1 1 1 1 1 1 1 1 1 1 1 1 1 1 1 1 1 1 1 1 1 1 1 1 1 1 1 1 1 1 1 1 1 1 1 1 1 1 1 1 1 1 1 1 1 1 1 1 1 1 1 1 1 1 1 1 1 1 1 1 1 1 1 1 1 1 1 1 1 1 1 1 1 1 1 1 1 1 1 1 1 1 1 1 1 1 1 1 
