# This file contains a 2D laser scan observation. 
# Its format is: 
# [aperture] [max_range] [number_of_scans] 
# [vector_of_scans] 
# [vector_of_valid_scans] 
# The aperture of the sensor is in radians, the maximum range 
# and measurements are in meters. '1' means a valid scan, '0' otherwise.
4.1847
5.6
682
0.577 0.576 0.575 0.575 0.575 0.575 0.577 0.58 0.58 0.58 0.582 0.584 0.584 0.589 0.59 0.59 0.591 0.592 0.596 0.596 0.597 0.597 0.598 0.597 0.598 0.598 0.598 0.605 0.605 0.606 0.61 0.612 0.612 0.613 0.615 0.613 0.609 0.615 0.606 0.598 0.585 0.598 0.593 0.593 0.603 0.605 0.608 0.612 0.612 0.613 0.615 0.615 0.621 0.629 0.632 0.634 0.637 0.645 0.71 3.803 3.803 3.803 3.775 3.739 3.715 3.686 3.662 3.622 3.591 3.561 3.517 3.5 3.474 3.444 3.397 3.393 3.361 3.328 3.305 3.263 3.255 3.231 3.204 3.185 3.156 3.127 3.116 3.098 3.069 3.067 3.061 3.061 3.061 3.089 3.098 3.111 3.135 3.155 3.159 3.195 3.22 3.236 3.242 3.277 3.277 3.277 3.271 3.271 3.271 0 0 0 0 1.563 1.561 1.547 1.532 1.529 1.523 1.511 1.51 1.506 1.499 1.499 1.488 1.483 1.473 1.47 1.467 1.46 1.455 1.449 1.449 1.435 1.345 1.229 1.221 1.219 1.205 1.205 1.205 1.205 1.23 1.237 0.015 1.27 1.27 1.287 1.321 1.321 1.333 1.353 1.378 1.396 1.417 1.443 1.468 1.495 1.52 1.542 1.568 1.599 1.628 1.658 1.676 1.711 1.742 1.781 1.812 1.862 1.883 1.925 1.971 2.017 2.069 2.106 2.159 2.21 2.248 2.298 2.357 2.458 2.529 2.601 2.685 2.779 2.856 2.953 3.029 3.165 4.154 4.156 4.161 4.16 4.156 4.156 4.149 4.148 4.142 4.127 4.127 4.122 4.119 4.116 4.116 4.116 4.113 4.114 4.114 4.108 4.106 4.104 4.104 4.099 4.099 4.099 4.096 4.094 4.094 4.094 4.093 4.093 4.094 4.095 4.094 4.094 4.094 4.092 4.092 4.094 4.099 4.101 4.103 4.103 4.105 4.106 4.114 4.114 4.114 4.099 4.099 4.099 4.085 4.085 3.054 3.032 3.032 3.032 0 0 0 0 0 0 0 0 2.162 2.126 2.065 2.014 1.969 1.932 1.886 1.842 1.799 1.767 1.738 1.708 1.666 1.643 1.614 1.566 1.557 1.516 1.442 1.421 1.411 1.407 1.4 1.394 1.387 1.387 1.387 1.383 1.347 1.323 1.315 1.315 1.3 1.271 1.251 1.25 1.195 1.194 1.173 1.161 1.148 1.127 1.126 1.118 1.113 1.113 1.118 1.126 1.607 1.607 1.607 1.594 1.593 1.589 1.575 1.57 1.568 1.562 1.554 1.549 1.543 1.538 1.531 1.53 1.518 1.511 1.508 1.503 1.501 1.501 1.501 0 0 0 0 0 2.153 2.153 2.169 2.595 2.595 2.642 2.669 2.693 0 0 0 0 2.796 2.796 2.796 2.809 2.821 2.841 2.848 2.87 2.883 2.902 2.914 2.931 0 0 0 0 0 0 0 3.129 3.129 3.129 3.152 3.169 3.19 3.221 0 0 0 0.007 0 0 0 0 0 0 0 0 0 0 0 0 0.007 0 0 0 0 0.007 0 0 0 0 0 0 0 0 0.566 0.565 0.565 0.558 0.554 0.553 0.551 0.55 0.546 0.542 0.542 0.542 0.542 0.542 0.542 0.539 0.537 0.537 0.529 0.533 0.525 0.533 0.533 0.534 0.536 0.547 0.547 0.551 0.553 0.555 0.556 0.555 0.555 0.555 0.554 0.554 0.554 0.554 0.551 0.554 0.554 0.554 0.551 0.548 0.545 0.545 0.545 0.546 0.545 0.546 0.546 0.544 0.544 0.544 0.544 0.544 0.546 0.543 0.545 0.546 0.545 0.543 0.543 0.539 0.539 0.539 0.539 0.54 0.54 0.54 0.54 0.54 0.54 0.539 0.542 0.539 0.539 0.538 0.539 0.538 0.539 0.538 0.538 0.538 0.535 0.532 0.535 0.536 0.536 0.541 0.541 0.541 0.541 0.541 0.538 0.541 0.541 0.537 0.541 0.544 0.544 0.544 0.544 0.544 0.544 0.544 0.545 0.544 0.545 0.545 0.545 0.545 0.547 0.547 0.544 0.547 0.547 0.549 0.551 0.552 0.552 0.556 0.556 0.556 0.556 0.556 0.556 0.558 0.559 0.559 0.567 0.567 0.566 0.566 0.566 0.566 0.566 0.57 0.57 0.575 0.575 0.575 0.576 0.578 0.582 0.583 0.583 0.585 0.585 0.587 0.587 0.588 0.588 0.591 0.592 0.592 0.596 0.597 0.603 0.604 0.605 0.605 0.609 0.612 0.612 0.615 0.615 0.617 0.62 0.618 0.628 0.631 0.631 0.632 0.635 0.635 0.641 0.641 0.645 0.645 0.649 0.654 0.659 0.662 0.664 0.667 0.667 0.667 0.67 0.67 0.673 0.674 0.678 0.685 0.685 0.685 0.687 0.692 0.705 0.706 0.709 0.716 0.718 0.722 0.731 0.733 0.734 0.735 0.744 0.745 0.754 0.758 0.76 0.769 0.77 0.777 0.779 0.784 0.786 0.789 0.801 0.807 0.807 0.817 0.821 0.827 0.84 0.847 0.85 0.862 0.865 0.868 0.875 0.881 0.885 0.885 0.885 0.854 0.854 0.854 0.837 0.822 0.812 0.802 0.797 0.751 0.748 0.745 0.748 0.751 0.761 0.765 0.765 0.761 0.76 0.76 0.754 0.754 0.754 0.754 0.754 0.754 0.754 0.773 0.781 0.781 0.793 0.793 0.781 0.777 0.777 0.777 0.746 0.791 0.811 0.877 0.868 0.868 0.873 0.873 0.871 0.871 
1 1 1 1 1 1 1 1 1 1 1 1 1 1 1 1 1 1 1 1 1 1 1 1 1 1 1 1 1 1 1 1 1 1 1 1 1 1 1 1 1 1 1 1 1 1 1 1 1 1 1 1 1 1 1 1 1 1 1 1 1 1 1 1 1 1 1 1 1 1 1 1 1 1 1 1 1 1 1 1 1 1 1 1 1 1 1 1 1 1 1 1 1 1 1 1 1 1 1 1 1 1 1 1 1 1 1 1 1 0 0 0 0 1 1 1 1 1 1 1 1 1 1 1 1 1 1 1 1 1 1 1 1 1 1 1 1 1 1 1 1 1 1 1 0 1 1 1 1 1 1 1 1 1 1 1 1 1 1 1 1 1 1 1 1 1 1 1 1 1 1 1 1 1 1 1 1 1 1 1 1 1 1 1 1 1 1 1 1 1 1 1 1 1 1 1 1 1 1 1 1 1 1 1 1 1 1 1 1 1 1 1 1 1 1 1 1 1 1 1 1 1 1 1 1 1 1 1 1 1 1 1 1 1 1 1 1 1 1 1 1 1 1 1 1 1 1 1 0 0 0 0 0 0 0 0 1 1 1 1 1 1 1 1 1 1 1 1 1 1 1 1 1 1 1 1 1 1 1 1 1 1 1 1 1 1 1 1 1 1 1 1 1 1 1 1 1 1 1 1 1 1 1 1 1 1 1 1 1 1 1 1 1 1 1 1 1 1 1 1 1 1 1 1 1 1 1 0 0 0 0 0 1 1 1 1 1 1 1 1 0 0 0 0 1 1 1 1 1 1 1 1 1 1 1 1 0 0 0 0 0 0 0 1 1 1 1 1 1 1 0 0 0 0 0 0 0 0 0 0 0 0 0 0 0 0 0 0 0 0 0 0 0 0 0 0 0 0 0 0 1 1 1 1 1 1 1 1 1 1 1 1 1 1 1 1 1 1 1 1 1 1 1 1 1 1 1 1 1 1 1 1 1 1 1 1 1 1 1 1 1 1 1 1 1 1 1 1 1 1 1 1 1 1 1 1 1 1 1 1 1 1 1 1 1 1 1 1 1 1 1 1 1 1 1 1 1 1 1 1 1 1 1 1 1 1 1 1 1 1 1 1 1 1 1 1 1 1 1 1 1 1 1 1 1 1 1 1 1 1 1 1 1 1 1 1 1 1 1 1 1 1 1 1 1 1 1 1 1 1 1 1 1 1 1 1 1 1 1 1 1 1 1 1 1 1 1 1 1 1 1 1 1 1 1 1 1 1 1 1 1 1 1 1 1 1 1 1 1 1 1 1 1 1 1 1 1 1 1 1 1 1 1 1 1 1 1 1 1 1 1 1 1 1 1 1 1 1 1 1 1 1 1 1 1 1 1 1 1 1 1 1 1 1 1 1 1 1 1 1 1 1 1 1 1 1 1 1 1 1 1 1 1 1 1 1 1 1 1 1 1 1 1 1 1 1 1 1 1 1 1 1 1 1 1 1 1 1 1 1 1 1 1 1 1 1 1 1 1 1 1 1 1 1 1 1 1 1 1 1 1 1 
