# This file contains a 2D laser scan observation. 
# Its format is: 
# [aperture] [max_range] [number_of_scans] 
# [vector_of_scans] 
# [vector_of_valid_scans] 
# The aperture of the sensor is in radians, the maximum range 
# and measurements are in meters. '1' means a valid scan, '0' otherwise.
4.1847
5.6
682
1.255 1.256 1.258 1.266 1.27 1.27 1.281 1.287 1.289 1.293 1.294 1.3 1.306 1.312 1.315 1.318 1.331 1.331 1.336 1.342 1.347 1.357 1.359 1.361 1.372 1.384 1.387 1.388 1.391 1.4 1.409 1.414 1.421 1.427 1.439 1.446 1.453 1.459 1.464 1.475 1.484 1.491 1.494 1.511 1.525 1.53 1.535 1.549 1.552 1.562 1.572 1.586 1.596 1.614 1.618 1.627 1.64 1.654 1.663 1.674 1.679 1.704 1.705 1.73 1.735 1.749 1.77 1.782 1.784 1.806 1.816 1.831 1.843 1.871 1.881 1.898 1.906 1.932 1.94 1.962 1.983 2.002 2.018 2.032 2.066 2.078 2.093 2.115 2.134 2.152 2.175 2.197 2.214 2.245 2.268 2.291 2.318 2.334 2.365 2.381 2.412 2.448 2.469 2.494 2.527 2.563 2.589 2.621 2.655 2.69 2.729 2.766 3.751 3.751 3.751 3.737 3.731 3.727 3.711 3.71 3.697 3.688 3.683 3.662 3.656 3.655 3.64 3.63 3.624 3.619 3.604 3.602 3.591 3.59 3.582 3.578 3.562 3.553 3.551 3.544 3.543 3.496 0.305 0.302 0.302 0.302 0.309 0.312 0.312 0.312 0.312 0.312 0.312 0.312 0.312 0.312 0.311 0.315 0.315 0.314 0.314 0.314 0.314 0.314 0.32 0.348 0.398 0.398 0.403 0.405 0.41 0.493 0.55 0.558 0.632 0.67 0.683 0.683 0.683 0.687 0.687 0.687 0.686 0.687 0.689 0.689 0.691 0.691 0.691 0.691 0.692 0.691 0.688 0.684 0.684 0.684 0.695 0.695 0.695 0.695 0.693 0.691 0.691 0.691 0.691 0.691 0.693 0.694 0.705 0.707 0.719 0.964 0.965 0.97 0.97 0.97 0.97 0.977 0.97 0.96 0.793 0.785 0.779 0.764 0.762 0.746 0.746 0.746 0.744 0.743 0.726 0.72 0.717 0.714 0.709 0.709 0.706 0.697 0.69 0.689 0.688 0.686 0.681 0.678 0.669 0.667 0.667 0.667 0.656 0.651 0.651 0.65 0.644 0.641 0.64 0.639 0.636 0.631 0.626 0.62 0.62 0.62 0.62 0.609 0.609 0.608 0.605 0.604 0.603 0.604 0.605 0.604 0.608 0.637 0.637 0.637 0.716 0.766 0 0 0 0 0 0 0 0.849 0.847 0.847 0.847 0.847 0.916 1.179 1.26 1.268 1.27 1.288 1.667 1.739 1.756 1.778 1.782 1.795 0 0 0 0 0 0 1.888 1.888 1.888 1.897 1.91 1.92 1.937 1.949 1.955 1.972 1.981 2.007 2.013 2.03 2.046 2.052 2.071 2.085 0 0 0 0 0.007 0 0 0 0 0 0 0 0 0 0 0 0 0 0 0 0 0 0 0 0 0 0 0 0 0 0 0 0 0 0 0 0 0 0 0 0 0 0 0 0 0 0 0 0 0 0 0 0 0 0 0 0 0 0 0 0 0 0 0 0 0 0 0 0 0 0 0 0 0 0 0 0 0 0 0 0 0 0 0 0 0 0.006 0.006 0 0 0 0 0 0 0 0 0 0 4.484 4.446 4.385 4.385 4.385 4.389 4.391 4.396 4.4 4.415 4.415 0.007 0 0.007 4.424 3.982 3.877 3.837 3.837 3.832 3.832 3.832 3.759 3.758 3.758 3.758 3.758 3.733 3.711 3.711 3.711 3.711 3.714 3.729 3.73 3.73 3.73 3.668 3.661 3.661 3.661 3.794 3.819 3.819 3.819 3.819 3.836 3.863 3.936 3.936 0 0 0 0.007 4.721 4.721 4.766 4.766 4.766 4.766 2.733 2.665 2.617 2.578 2.523 2.466 2.426 2.384 2.347 2.306 2.253 2.217 2.173 2.147 2.117 2.095 2.058 2.023 2.012 1.977 1.947 1.917 1.89 1.868 1.838 1.815 1.786 1.772 1.74 1.727 1.696 1.69 1.664 1.648 1.629 1.615 1.596 1.596 1.58 1.558 0.817 0.807 0.794 0.786 0.784 0.775 0.763 0.762 0.74 0.736 0.731 0.718 0.715 0.715 0.716 0.715 0.711 0.711 0.705 0.691 0.691 0.683 0.682 0.674 0.662 0.66 0.654 0.646 0.646 0.644 0.641 0.627 0.622 0.615 0.613 0.613 0.602 0.599 0.598 0.597 0.592 0.589 0.589 0.586 0.582 0.577 0.573 0.572 0.569 0.565 0.559 0.554 0.553 0.548 0.546 0.543 0.542 0.539 0.538 0.538 0.53 0.53 0.521 0.521 0.521 0.52 0.52 0.518 0.514 0.511 0.508 0.505 0.504 0.504 0.501 0.501 0.5 0.498 0.497 0.494 0.493 0.491 0.49 0.488 0.484 0.484 0.476 0.476 0.471 0.469 0.467 0.467 0.467 0.469 0.469 0.469 0.467 0.465 0.464 0.46 0.457 0.453 0.457 0.453 0.454 0.453 0.452 0.452 0.452 0.452 0.452 0.443 0.442 0.442 0.442 0.442 0.439 0.442 0.439 0.438 0.422 0.418 0.413 0.413 0.413 0.412 0.411 0.412 0.411 0.412 0.411 0.415 0.41 0.41 0.41 0.41 0.409 0.41 0.413 0.413 0.408 0.411 0.408 0.408 0.408 0.405 0.405 0.405 0.405 0.402 0.407 0.402 0.402 0.402 0.405 0.405 0.408 0.409 
1 1 1 1 1 1 1 1 1 1 1 1 1 1 1 1 1 1 1 1 1 1 1 1 1 1 1 1 1 1 1 1 1 1 1 1 1 1 1 1 1 1 1 1 1 1 1 1 1 1 1 1 1 1 1 1 1 1 1 1 1 1 1 1 1 1 1 1 1 1 1 1 1 1 1 1 1 1 1 1 1 1 1 1 1 1 1 1 1 1 1 1 1 1 1 1 1 1 1 1 1 1 1 1 1 1 1 1 1 1 1 1 1 1 1 1 1 1 1 1 1 1 1 1 1 1 1 1 1 1 1 1 1 1 1 1 1 1 1 1 1 1 1 1 1 1 1 1 1 1 1 1 1 1 1 1 1 1 1 1 1 1 1 1 1 1 1 1 1 1 1 1 1 1 1 1 1 1 1 1 1 1 1 1 1 1 1 1 1 1 1 1 1 1 1 1 1 1 1 1 1 1 1 1 1 1 1 1 1 1 1 1 1 1 1 1 1 1 1 1 1 1 1 1 1 1 1 1 1 1 1 1 1 1 1 1 1 1 1 1 1 1 1 1 1 1 1 1 1 1 1 1 1 1 1 1 1 1 1 1 1 1 1 1 1 1 1 1 1 1 1 1 1 1 1 1 1 1 0 0 0 0 0 0 0 1 1 1 1 1 1 1 1 1 1 1 1 1 1 1 1 1 0 0 0 0 0 0 1 1 1 1 1 1 1 1 1 1 1 1 1 1 1 1 1 1 0 0 0 0 0 0 0 0 0 0 0 0 0 0 0 0 0 0 0 0 0 0 0 0 0 0 0 0 0 0 0 0 0 0 0 0 0 0 0 0 0 0 0 0 0 0 0 0 0 0 0 0 0 0 0 0 0 0 0 0 0 0 0 0 0 0 0 0 0 0 0 0 0 0 0 0 0 0 0 0 0 0 0 0 0 0 0 0 0 0 0 0 0 0 0 0 0 0 1 1 1 1 1 1 1 1 1 1 1 0 0 0 1 1 1 1 1 1 1 1 1 1 1 1 1 1 1 1 1 1 1 1 1 1 1 1 1 1 1 1 1 1 1 1 1 1 1 1 0 0 0 0 1 1 1 1 1 1 1 1 1 1 1 1 1 1 1 1 1 1 1 1 1 1 1 1 1 1 1 1 1 1 1 1 1 1 1 1 1 1 1 1 1 1 1 1 1 1 1 1 1 1 1 1 1 1 1 1 1 1 1 1 1 1 1 1 1 1 1 1 1 1 1 1 1 1 1 1 1 1 1 1 1 1 1 1 1 1 1 1 1 1 1 1 1 1 1 1 1 1 1 1 1 1 1 1 1 1 1 1 1 1 1 1 1 1 1 1 1 1 1 1 1 1 1 1 1 1 1 1 1 1 1 1 1 1 1 1 1 1 1 1 1 1 1 1 1 1 1 1 1 1 1 1 1 1 1 1 1 1 1 1 1 1 1 1 1 1 1 1 1 1 1 1 1 1 1 1 1 1 1 1 1 1 1 1 1 1 1 1 1 1 1 1 1 1 1 1 1 1 1 1 1 1 1 1 
