# This file contains a 2D laser scan observation. 
# Its format is: 
# [aperture] [max_range] [number_of_scans] 
# [vector_of_scans] 
# [vector_of_valid_scans] 
# The aperture of the sensor is in radians, the maximum range 
# and measurements are in meters. '1' means a valid scan, '0' otherwise.
4.1847
5.6
682
0.467 0.47 0.476 0.477 0.487 0.495 0.501 0.503 0.503 0.505 0.511 0.511 0.513 0.517 0.518 0.526 0.528 0.533 0.537 0.538 0.55 0.55 0.551 0.559 0.561 0.57 0.583 0.584 0.585 0.588 0.588 0.601 0.603 0.611 0.611 0.613 0.617 0.621 0.625 0.633 0.64 0.647 0.65 0.657 0.658 0.661 0.667 0.667 0.668 0.679 0.689 0.689 0.683 0.68 0.68 0.674 0.671 0.671 0.67 0.67 0.668 0.668 0.666 0.668 0.666 0.663 0.659 0.663 0.66 0.66 0.659 0.659 0.659 0.655 0.652 0.652 0.649 0.648 0.648 0.645 0.643 0.643 0.639 0.639 0.639 0.668 0.686 0.698 0.721 0.722 0.752 0.767 0.781 0.806 0.827 0.857 0.879 0.895 0.9 0.9 0.9 0.896 0.896 0.882 0.717 0.697 0.678 0.671 0.667 0.644 0.639 0.626 0.615 0.605 0.6 0.58 0.576 0.573 0.559 0.549 0.547 0.537 0.53 0.512 0.511 0.502 0.501 0.497 0.487 0.477 0.474 0.462 0.457 0.457 0.457 0.442 0.435 0.413 0.413 0.413 0.422 0.453 0.47 0.477 0 0 0 0 0 0 0 0 0 0 0 0 0 0 0 0 0 0.58 0.549 0.542 0.539 0.539 0.542 0 0 0 0 0 0 0 0 0 0 0 0 0 0 0 0.645 0.644 0.643 0.643 0.643 0.643 0.643 0.67 0.795 1.034 1.201 1.203 0 0 0 0 0 0 0 1.236 0 0.007 1.171 1.032 0.999 0.999 0.998 0.995 0.993 0.993 0.993 1.011 1.064 1.244 1.251 1.252 1.371 1.472 1.479 1.489 1.491 1.502 1.504 1.505 1.509 1.515 1.535 1.536 1.538 1.548 0 0 0 0 0 0 1.605 1.605 1.605 1.619 1.623 1.636 1.643 1.646 1.651 1.668 1.669 1.687 1.694 1.708 1.715 1.729 1.733 1.738 1.755 1.757 1.778 1.778 1.788 0 0 0 0 0 0 0 0 0 0 0 0 0 0 0 0 0 0 0 0 0 0 0 0 0 0 0 0 0 0 0 0 0 0 0 0 0 0 0 0 0 0 0 0 0 0 0 0 0 0 0 0 0 0 0 0 0 0 0 0 0 0 0 0 0 0 0 0 0 0 0 0 0 0 0 0 0 0 0 0 0 0 0 0 0 0 0 0 0 0 0 0 4.31 4.31 4.31 0 0 0 0 0 0 5.303 5.303 5.303 0 0 0 0 0 0 0 0 0 0 0 0 4.167 4.139 4.136 4.132 4.13 4.13 4.13 4.157 4.158 4.16 4.19 4.19 4.16 3.697 3.684 3.624 3.552 3.552 3.552 3.552 3.552 3.524 3.445 3.445 3.445 3.475 3.475 3.475 3.438 3.388 3.388 3.388 3.423 3.438 3.443 3.444 3.444 3.438 3.427 3.374 3.374 3.374 3.438 3.546 3.548 3.549 3.549 3.549 3.575 3.583 3.677 3.677 4.387 4.395 0 4.422 4.422 4.477 4.5 4.5 4.518 0.006 0.006 0.006 0.006 2.59 2.457 2.428 2.378 2.339 2.305 2.273 2.241 2.213 2.181 2.141 2.118 2.092 2.068 2.022 2.011 1.978 1.956 1.929 1.91 1.884 1.866 1.835 1.816 1.806 1.778 1.758 1.737 1.712 1.704 1.686 1.663 1.647 1.629 1.617 1.609 1.581 1.559 1.549 1.54 1.517 1.501 1.491 1.489 1.469 1.458 1.447 1.431 1.423 1.408 1.405 1.392 1.377 1.373 1.364 1.349 1.336 1.331 1.31 1.305 1.294 1.285 1.279 1.266 1.265 1.254 1.239 1.236 1.228 1.224 1.213 1.207 1.2 1.194 1.186 1.175 1.174 1.163 1.157 1.151 1.142 1.126 1.125 1.118 1.1 1.088 0.666 0.632 0.624 0.623 0.621 0.617 0.605 0.605 0.604 0.601 0.599 0.593 0.592 0.591 0.591 0.587 0.585 0.58 0.577 0.574 0.574 0.573 0.573 0.573 0.565 0.559 0.555 0.555 0.559 0.559 0.562 0.563 0.567 0.563 0.563 0.561 0.555 0.554 0.554 0.553 0.551 0.551 0.548 0.546 0.546 0.543 0.543 0.538 0.538 0.535 0.534 0.534 0.533 0.532 0.532 0.531 0.525 0.525 0.525 0.528 0.525 0.516 0.518 0.516 0.516 0.516 0.516 0.511 0.511 0.511 0.513 0.514 0.514 0.514 0.514 0.511 0.504 0.51 0.504 0.504 0.505 0.506 0.505 0.505 0.501 0.501 0.501 0.501 0.502 0.502 0.497 0.497 0.495 0.495 0.5 0.501 0.501 0.501 0.498 0.496 0.496 0.496 0.496 0.496 0.496 0.496 0.496 0.496 0.497 0.503 0.503 0.504 0.503 0.506 0.506 0.508 0.511 0.516 0.521 0.521 0.521 0.517 0.511 0.509 0.509 0.508 0.507 0.505 0.505 0.505 0.501 0.5 0.5 0.497 0.497 0.497 0.496 0.497 0.496 0.496 0.499 0.499 0.498 0.498 0.498 0.498 0.498 0.502 0.502 0.502 0.502 0.505 0.5 0.5 
1 1 1 1 1 1 1 1 1 1 1 1 1 1 1 1 1 1 1 1 1 1 1 1 1 1 1 1 1 1 1 1 1 1 1 1 1 1 1 1 1 1 1 1 1 1 1 1 1 1 1 1 1 1 1 1 1 1 1 1 1 1 1 1 1 1 1 1 1 1 1 1 1 1 1 1 1 1 1 1 1 1 1 1 1 1 1 1 1 1 1 1 1 1 1 1 1 1 1 1 1 1 1 1 1 1 1 1 1 1 1 1 1 1 1 1 1 1 1 1 1 1 1 1 1 1 1 1 1 1 1 1 1 1 1 1 1 1 1 1 1 1 1 1 0 0 0 0 0 0 0 0 0 0 0 0 0 0 0 0 0 1 1 1 1 1 1 0 0 0 0 0 0 0 0 0 0 0 0 0 0 0 1 1 1 1 1 1 1 1 1 1 1 1 0 0 0 0 0 0 0 1 0 0 1 1 1 1 1 1 1 1 1 1 1 1 1 1 1 1 1 1 1 1 1 1 1 1 1 1 1 1 0 0 0 0 0 0 1 1 1 1 1 1 1 1 1 1 1 1 1 1 1 1 1 1 1 1 1 1 1 0 0 0 0 0 0 0 0 0 0 0 0 0 0 0 0 0 0 0 0 0 0 0 0 0 0 0 0 0 0 0 0 0 0 0 0 0 0 0 0 0 0 0 0 0 0 0 0 0 0 0 0 0 0 0 0 0 0 0 0 0 0 0 0 0 0 0 0 0 0 0 0 0 0 0 0 0 0 0 0 0 0 0 0 0 0 0 0 0 0 0 0 1 1 1 0 0 0 0 0 0 1 1 1 0 0 0 0 0 0 0 0 0 0 0 0 1 1 1 1 1 1 1 1 1 1 1 1 1 1 1 1 1 1 1 1 1 1 1 1 1 1 1 1 1 1 1 1 1 1 1 1 1 1 1 1 1 1 1 1 1 1 1 1 1 1 1 1 1 1 0 1 1 1 1 1 1 0 0 0 0 1 1 1 1 1 1 1 1 1 1 1 1 1 1 1 1 1 1 1 1 1 1 1 1 1 1 1 1 1 1 1 1 1 1 1 1 1 1 1 1 1 1 1 1 1 1 1 1 1 1 1 1 1 1 1 1 1 1 1 1 1 1 1 1 1 1 1 1 1 1 1 1 1 1 1 1 1 1 1 1 1 1 1 1 1 1 1 1 1 1 1 1 1 1 1 1 1 1 1 1 1 1 1 1 1 1 1 1 1 1 1 1 1 1 1 1 1 1 1 1 1 1 1 1 1 1 1 1 1 1 1 1 1 1 1 1 1 1 1 1 1 1 1 1 1 1 1 1 1 1 1 1 1 1 1 1 1 1 1 1 1 1 1 1 1 1 1 1 1 1 1 1 1 1 1 1 1 1 1 1 1 1 1 1 1 1 1 1 1 1 1 1 1 1 1 1 1 1 1 1 1 1 1 1 1 1 1 1 1 1 1 1 1 1 1 1 1 1 1 1 1 1 1 1 1 1 1 1 1 1 1 1 1 1 1 1 1 1 1 1 
