# This file contains a 2D laser scan observation. 
# Its format is: 
# [aperture] [max_range] [number_of_scans] 
# [vector_of_scans] 
# [vector_of_valid_scans] 
# The aperture of the sensor is in radians, the maximum range 
# and measurements are in meters. '1' means a valid scan, '0' otherwise.
4.1847
5.6
682
0.65 0.65 0.65 0.645 0.641 0.64 0.64 0.637 0.635 0.635 0.637 0.637 0.634 0.628 0.621 0.621 0.621 0 0 0 0.649 0.649 0.632 0.647 0.649 0.647 0.647 0.652 0.669 1.281 1.343 1.346 1.346 1.346 1.34 1.337 1.334 1.332 1.33 1.324 1.323 1.324 1.324 1.323 1.316 1.311 1.31 1.308 1.306 1.301 1.298 1.299 1.297 1.295 1.292 1.292 1.292 1.288 1.288 1.276 1.244 1.244 1.244 1.283 1.283 1.283 1.275 1.268 1.267 1.267 1.268 1.265 1.265 1.265 1.216 1.204 1.216 1.216 0 0 0 0 0 1.085 1.061 0.937 0.897 0.896 0.882 0.88 0.868 0.868 0.868 0.869 0.879 0 0 0 0 0 0 0 0 0 0 0 0 0 0 0 1.089 1.083 1.081 1.081 1.081 1.267 1.269 1.272 1.272 1.28 1.283 1.285 1.285 1.285 1.287 1.287 1.292 1.294 1.295 1.296 1.297 1.298 1.298 1.298 1.3 1.301 1.305 1.306 1.309 1.309 0 0.007 0 0 0 0 0 0 0 0 0 0 0 0 0 0 0 0 0 0 0 0 0 0 0 0 0 0 0 0 0 0 0 0 0 0 0 0 0 0 0 0 0 0 0 0 0 0 0 0 0 0 0 0 0 0 0 0 0 0 0 0 0 0 0 0 0 0 0 0 0 0 0 0 0 0 0 0 0 0 0 0 0 0 0 0 0 0.007 0 0 0 0 0 0 0 0 0 0 0 0 0 0 0 0 0 0 0 0 0 0 0 0 0 0 0 0 0 0 0 0 0 0 0 0 0 0 0 0 0 0 0 0 0 0 0 0 0 0 0 0 0 0 0 0 0 0 0 0 0 0 0 0 0 0 0 0 0 0 0 0 0 0 0 0 0 0 0 0 0 0 0 0 0 0 0 0 0 0 0 0 0 0 0 0 0 0 0 0 0.007 0 0 0 3.681 3.681 3.681 3.687 3.689 3.689 3.695 3.696 3.696 3.707 3.716 3.718 3.718 3.718 3.727 3.727 3.718 3.224 3.222 3.141 3.078 3.078 3.078 3.092 3.092 3.092 3.029 3.004 3.004 3.004 3.007 3.011 3.011 3.007 2.993 2.931 2.931 2.931 2.956 2.978 2.984 2.992 2.998 2.998 2.998 2.99 2.948 2.926 2.926 2.926 2.941 3.094 3.103 3.112 3.112 3.112 3.115 3.116 3.159 3.235 3.251 3.963 3.976 3.981 4.013 4.022 4.025 4.035 4.037 4.039 5.109 5.134 5.134 5.17 5.17 5.088 4.456 4.236 4.236 4.205 4.151 2.057 2.037 1.999 1.982 1.957 1.933 1.915 1.893 1.873 1.848 1.834 1.805 1.796 1.768 1.749 1.738 1.712 1.689 1.67 1.654 1.641 1.617 1.604 1.584 1.576 1.553 1.532 1.527 1.513 1.505 1.484 1.465 1.462 1.449 1.432 1.422 1.411 1.405 1.391 1.379 1.361 1.35 1.339 1.337 1.327 1.314 1.305 1.295 1.282 1.279 1.266 1.266 1.261 1.243 1.235 1.23 1.224 1.204 1.199 1.196 1.184 1.179 1.176 1.168 1.161 1.153 1.141 1.138 1.132 1.129 1.116 1.112 1.107 1.104 1.102 1.087 1.086 1.081 1.075 1.069 1.065 1.063 1.062 1.049 1.047 1.046 1.035 1.031 1.029 1.025 1.023 1.019 1.014 1.01 1.007 1.005 0.994 0.989 0.987 0.985 0.985 0.977 0.975 0.972 0.968 0.968 0.968 0.96 0.955 0.954 0.95 0.946 0.946 0.941 0.941 0.937 0.93 0.927 0.929 0.927 0.922 0.921 0.921 0.921 0.915 0.914 0.913 0.91 0.909 0.906 0.905 0.902 0.899 0.896 0.896 0.896 0.896 0.889 0.889 0.889 0.889 0.886 0.886 0.886 0.877 0.877 0.877 0.88 0.88 0.88 0.88 0.877 0.871 0.871 0.871 0.871 0.871 0.867 0.867 0.867 0.864 0.864 0.866 0.866 0.866 0.867 0.874 0.874 0.874 0.876 0.888 0.888 0.914 0.95 0.987 1.06 1.161 1.269 1.637 1.656 1.732 1.686 1.729 1.732 1.762 1.78 0 0 0 0 0 0 3.2 3.2 0.007 0 2.98 0 1.305 1.305 0.007 0 0 0 0 0 0 0 0.514 0.514 0.513 0.513 0.511 0.509 0.508 0.508 0.508 0.509 0.508 0.508 0.508 0.508 0.508 0.51 0.51 0.513 0.514 0.514 0.514 0.516 0.518 0.519 0.52 0.521 0.52 0.52 0.518 0.518 0.518 0.518 0.519 0.519 0.519 0.522 0.52 0.521 0.524 0.524 0.524 0.526 0.541 0.548 0.548 0.548 0.548 0.548 0.548 0.552 0.552 0.56 0.561 0.561 0.561 0.557 0.557 0.557 0.567 0.567 0.567 
1 1 1 1 1 1 1 1 1 1 1 1 1 1 1 1 1 0 0 0 1 1 1 1 1 1 1 1 1 1 1 1 1 1 1 1 1 1 1 1 1 1 1 1 1 1 1 1 1 1 1 1 1 1 1 1 1 1 1 1 1 1 1 1 1 1 1 1 1 1 1 1 1 1 1 1 1 1 0 0 0 0 0 1 1 1 1 1 1 1 1 1 1 1 1 0 0 0 0 0 0 0 0 0 0 0 0 0 0 0 1 1 1 1 1 1 1 1 1 1 1 1 1 1 1 1 1 1 1 1 1 1 1 1 1 1 1 1 1 1 0 0 0 0 0 0 0 0 0 0 0 0 0 0 0 0 0 0 0 0 0 0 0 0 0 0 0 0 0 0 0 0 0 0 0 0 0 0 0 0 0 0 0 0 0 0 0 0 0 0 0 0 0 0 0 0 0 0 0 0 0 0 0 0 0 0 0 0 0 0 0 0 0 0 0 0 0 0 0 0 0 0 0 0 0 0 0 0 0 0 0 0 0 0 0 0 0 0 0 0 0 0 0 0 0 0 0 0 0 0 0 0 0 0 0 0 0 0 0 0 0 0 0 0 0 0 0 0 0 0 0 0 0 0 0 0 0 0 0 0 0 0 0 0 0 0 0 0 0 0 0 0 0 0 0 0 0 0 0 0 0 0 0 0 0 0 0 0 0 0 0 0 0 0 0 0 0 0 0 0 0 0 0 0 0 0 0 0 0 0 0 0 1 1 1 1 1 1 1 1 1 1 1 1 1 1 1 1 1 1 1 1 1 1 1 1 1 1 1 1 1 1 1 1 1 1 1 1 1 1 1 1 1 1 1 1 1 1 1 1 1 1 1 1 1 1 1 1 1 1 1 1 1 1 1 1 1 1 1 1 1 1 1 1 1 1 1 1 1 1 1 1 1 1 1 1 1 1 1 1 1 1 1 1 1 1 1 1 1 1 1 1 1 1 1 1 1 1 1 1 1 1 1 1 1 1 1 1 1 1 1 1 1 1 1 1 1 1 1 1 1 1 1 1 1 1 1 1 1 1 1 1 1 1 1 1 1 1 1 1 1 1 1 1 1 1 1 1 1 1 1 1 1 1 1 1 1 1 1 1 1 1 1 1 1 1 1 1 1 1 1 1 1 1 1 1 1 1 1 1 1 1 1 1 1 1 1 1 1 1 1 1 1 1 1 1 1 1 1 1 1 1 1 1 1 1 1 1 1 1 1 1 1 1 1 1 1 1 1 1 1 1 1 1 1 1 1 1 1 1 1 1 1 1 1 1 1 1 1 1 1 1 1 1 1 1 1 1 1 1 1 1 1 1 1 1 1 1 1 0 0 0 0 0 0 1 1 0 0 1 0 1 1 0 0 0 0 0 0 0 0 1 1 1 1 1 1 1 1 1 1 1 1 1 1 1 1 1 1 1 1 1 1 1 1 1 1 1 1 1 1 1 1 1 1 1 1 1 1 1 1 1 1 1 1 1 1 1 1 1 1 1 1 1 1 1 1 1 1 1 1 1 
