# This file contains a 2D laser scan observation. 
# Its format is: 
# [aperture] [max_range] [number_of_scans] 
# [vector_of_scans] 
# [vector_of_valid_scans] 
# The aperture of the sensor is in radians, the maximum range 
# and measurements are in meters. '1' means a valid scan, '0' otherwise.
4.1847
5.6
682
0 0 0 0 0 0 0 0 0 0 0 0 0 0 0 0 0 0 0 0 0 0.831 0.831 0.831 0.834 0.836 0.839 0.841 0.841 0.847 0.847 0.847 0.852 0.85 0.849 0.849 0.849 0.845 0.829 0.828 0.828 0.796 0.739 0.678 0.615 0.566 0.51 0.495 0.477 0.47 0.461 0.461 0.461 0.461 0.466 0.469 0.48 0.49 0.492 0.492 0.496 0 0.492 0.464 0.464 0.464 0.464 0.465 0.465 0.465 0.46 0.455 0.442 0.442 0.46 0 0 0 0 0 1.433 1.432 1.432 1.433 1.435 1.44 4.189 4.189 4.189 1.454 1.454 1.454 0 0 0 0 0 0.577 0.577 0.577 0.577 0.582 0.61 0 0 0 0 0 0 0 0 0 0 0 0 0 0 0 0 0 0 0 0.007 0 0 0 0 1.598 1.598 1.598 1.604 1.607 1.609 1.621 1.622 1.625 0 0 0 0 0 0 1.688 1.688 1.688 1.701 1.703 1.705 1.729 0 0 0 0 0 0.007 0 0 0 0 0 0 0 0 0 0 0 0 0 0 0 0 0 0 0 0 0 0 0 0 0 0 0 0 0 0 0 0 0 0 0 0 0 0 0 0 0 0 0 0 0 0 0 0 0 0 0 0 0 0 0 0 0 0 0 0 0 0.643 0.643 0.643 0 0 0 0 0 0 0 0 0 0 0 0 0 0 0 0 0 0 0 0 0 0 0 0 0 0 0 0 0 0 0 0 0 0 0 0 0 0 0 0 0 0.007 0 4.206 4.206 4.201 4.143 4.143 4.143 4.094 4.08 3.129 3.056 3.045 3.045 3.048 3.048 3.047 3.047 3.047 3.047 3.051 3.053 3.054 3.062 3.062 3.062 3.062 3.062 3.062 3.07 3.075 3.076 3.084 3.084 3.084 2.597 2.595 2.521 2.43 2.43 2.43 2.436 2.452 2.461 2.462 2.462 2.462 2.319 2.319 2.319 2.357 2.376 2.381 2.382 2.382 2.382 2.379 2.37 2.285 2.285 2.285 2.29 2.343 2.349 2.349 2.353 2.357 2.362 2.362 2.362 2.362 2.34 2.312 2.283 2.279 2.279 2.279 2.29 2.382 2.455 2.466 2.47 2.471 2.471 2.47 2.456 2.456 2.456 2.517 2.585 2.595 3.313 3.338 3.353 3.356 3.357 3.372 3.383 3.388 3.412 3.412 4.484 4.484 4.484 4.44 4.44 4.401 4.4 3.786 3.606 3.595 3.567 3.565 3.565 3.561 3.567 3.577 3.584 3.584 3.616 3.584 3.584 1.412 1.41 1.385 1.384 1.357 1.352 1.332 1.311 1.305 1.293 1.277 1.276 1.259 1.254 1.243 1.223 1.216 1.202 1.19 1.186 1.173 1.164 1.159 1.148 1.143 1.127 1.113 1.104 1.101 1.089 1.089 1.077 1.063 1.062 1.054 1.044 1.041 1.03 1.029 1.017 1.015 1.001 0.999 0.993 0.983 0.983 0.971 0.969 0.964 0.952 0.944 0.943 0.935 0.934 0.931 0.93 0.917 0.911 0.91 0.909 0.899 0.897 0.897 0.897 0.89 0.881 0.874 0.873 0.869 0.864 0.862 0.859 0.853 0.849 0.849 0.844 0.84 0.838 0.835 0.83 0.83 0.829 0.823 0.818 0.814 0.81 0.809 0.809 0.802 0.802 0.8 0.8 0.799 0.789 0.789 0.789 0.789 0.784 0.78 0.778 0.775 0.775 0.774 0.773 0.772 0.772 0.767 0.757 0.757 0.757 0.757 0.757 0.757 0.756 0.753 0.75 0.743 0.74 0.74 0.739 0.737 0.737 0.738 0.738 0.738 0.738 0.737 0.731 0.729 0.728 0.727 0.724 0.724 0.722 0.72 0.72 0.72 0.72 0.72 0.72 0.716 0.716 0.716 0.716 0.716 0.712 0.71 0.71 0.711 0.71 0.71 0.711 0.714 0.714 0.716 0.716 0.716 0.71 0.71 0.705 0.705 0.705 0.706 0.706 0.706 0.706 0.713 0.706 0.709 0.709 0.708 0.707 0.707 0.705 0.705 0.705 0.705 0.707 0.707 0.708 0.708 0.706 0.706 0.708 0.706 0.708 0.709 0.709 0.711 0.714 0.711 0.711 0.709 0.709 0.709 0.71 0.714 0.714 0.714 0.714 0.714 0.718 0.718 0.718 0.718 0.723 0.723 0.728 0.728 0.729 0.728 0.732 0.728 0.729 0.729 0.732 0.735 0.735 0.735 0.734 0.734 0.734 0.735 0.736 0.737 0.746 0.747 0.747 0.747 0.749 0.749 0.749 0.752 0.754 0.758 0.762 0.764 0.766 0.771 0.768 0.771 0.771 0.771 0.773 0.775 0.78 0.783 0.784 0.787 0.789 0.788 0.789 0.79 0.79 0.79 0.801 0.802 0.803 0.808 0.813 0.813 0.82 0.823 0.825 0.828 0.829 0.834 0.841 0.843 0.844 0.847 0.847 0.851 0.855 0.855 0.859 0.863 0.865 0.873 0.885 0.889 0 0 0 0 0 0 0 0 0 0.007 1.949 1.937 1.931 1.925 1.909 1.896 1.896 1.896 0 
0 0 0 0 0 0 0 0 0 0 0 0 0 0 0 0 0 0 0 0 0 1 1 1 1 1 1 1 1 1 1 1 1 1 1 1 1 1 1 1 1 1 1 1 1 1 1 1 1 1 1 1 1 1 1 1 1 1 1 1 1 0 1 1 1 1 1 1 1 1 1 1 1 1 1 0 0 0 0 0 1 1 1 1 1 1 1 1 1 1 1 1 0 0 0 0 0 1 1 1 1 1 1 0 0 0 0 0 0 0 0 0 0 0 0 0 0 0 0 0 0 0 0 0 0 0 0 1 1 1 1 1 1 1 1 1 0 0 0 0 0 0 1 1 1 1 1 1 1 0 0 0 0 0 0 0 0 0 0 0 0 0 0 0 0 0 0 0 0 0 0 0 0 0 0 0 0 0 0 0 0 0 0 0 0 0 0 0 0 0 0 0 0 0 0 0 0 0 0 0 0 0 0 0 0 0 0 0 0 0 0 0 0 0 0 0 1 1 1 0 0 0 0 0 0 0 0 0 0 0 0 0 0 0 0 0 0 0 0 0 0 0 0 0 0 0 0 0 0 0 0 0 0 0 0 0 0 0 0 0 0 0 1 1 1 1 1 1 1 1 1 1 1 1 1 1 1 1 1 1 1 1 1 1 1 1 1 1 1 1 1 1 1 1 1 1 1 1 1 1 1 1 1 1 1 1 1 1 1 1 1 1 1 1 1 1 1 1 1 1 1 1 1 1 1 1 1 1 1 1 1 1 1 1 1 1 1 1 1 1 1 1 1 1 1 1 1 1 1 1 1 1 1 1 1 1 1 1 1 1 1 1 1 1 1 1 1 1 1 1 1 1 1 1 1 1 1 1 1 1 1 1 1 1 1 1 1 1 1 1 1 1 1 1 1 1 1 1 1 1 1 1 1 1 1 1 1 1 1 1 1 1 1 1 1 1 1 1 1 1 1 1 1 1 1 1 1 1 1 1 1 1 1 1 1 1 1 1 1 1 1 1 1 1 1 1 1 1 1 1 1 1 1 1 1 1 1 1 1 1 1 1 1 1 1 1 1 1 1 1 1 1 1 1 1 1 1 1 1 1 1 1 1 1 1 1 1 1 1 1 1 1 1 1 1 1 1 1 1 1 1 1 1 1 1 1 1 1 1 1 1 1 1 1 1 1 1 1 1 1 1 1 1 1 1 1 1 1 1 1 1 1 1 1 1 1 1 1 1 1 1 1 1 1 1 1 1 1 1 1 1 1 1 1 1 1 1 1 1 1 1 1 1 1 1 1 1 1 1 1 1 1 1 1 1 1 1 1 1 1 1 1 1 1 1 1 1 1 1 1 1 1 1 1 1 1 1 1 1 1 1 1 1 1 1 1 1 1 1 1 1 1 1 1 1 1 1 1 1 1 1 1 1 1 1 1 1 1 1 1 1 1 1 1 1 1 1 1 1 1 1 1 1 1 1 1 1 1 1 1 1 1 1 1 1 1 1 1 1 1 1 1 1 0 0 0 0 0 0 0 0 0 0 1 1 1 1 1 1 1 1 0 
