# This file contains a 2D laser scan observation. 
# Its format is: 
# [aperture] [max_range] [number_of_scans] 
# [vector_of_scans] 
# [vector_of_valid_scans] 
# The aperture of the sensor is in radians, the maximum range 
# and measurements are in meters. '1' means a valid scan, '0' otherwise.
4.1847
5.6
682
1.395 1.408 1.41 1.425 1.429 1.434 1.434 1.434 1.417 1.414 1.359 1.264 1.26 1.26 1.264 1.264 1.277 1.328 1.335 1.34 1.345 1.345 1.345 1.35 1.345 1.345 1.35 1.35 1.351 1.351 1.35 1.351 1.345 1.342 1.341 1.318 1.267 1.238 1.233 1.226 1.225 1.221 1.221 1.226 1.226 1.231 1.244 1.342 1.391 1.395 1.396 1.4 1.408 1.413 1.413 1.417 1.417 1.412 1.406 1.406 1.403 1.401 1.371 1.367 1.357 1.357 1.357 1.435 1.508 1.512 1.514 1.514 1.514 1.516 1.584 1.715 2.257 2.265 2.28 2.288 2.289 2.291 2.301 2.305 2.312 2.313 2.32 2.32 2.327 2.328 2.331 2.344 2.349 2.353 2.357 3.247 3.285 3.386 3.386 3.41 3.41 3.41 3.355 3.32 3.316 3.284 2.795 2.638 2.539 2.519 2.499 2.499 2.492 2.481 2.481 2.484 2.484 2.484 2.493 2.518 2.518 2.532 2.548 2.548 2.583 2.607 2.65 2.65 2.65 2.623 2.623 2.571 2.563 0.343 0.338 0.332 0.332 0.331 0.33 0.322 0.321 0.315 0.313 0.309 0.303 0.303 0.303 0.294 0.291 0.291 0.289 0.279 0.279 0.278 0.278 0.277 0.27 0.27 0.264 0.264 0.26 0.264 0.263 0.26 0.26 0.258 0.255 0.255 0.252 0.251 0.251 0.245 0.244 0.243 0.236 0.236 0.236 0.237 0.237 0.237 0.236 0.232 0.232 0.233 0.233 0.233 0.233 0.232 0.229 0.226 0.225 0.225 0.226 0.227 0.227 0.227 0.226 0.222 0.222 0.218 0.218 0.216 0.214 0.214 0.214 0.214 0.214 0.214 0.214 0.209 0.208 0.208 0.205 0.205 0.205 0.21 0.205 0.198 0.202 0.199 0.198 0.199 0.199 0.198 0.197 0.198 0.198 0.198 0.194 0.196 0.196 0.196 0.196 0.196 0.194 0.191 0.191 0.191 0.192 0.192 0.192 0.191 0.191 0.191 0.189 0.189 0.193 0.193 0.193 0.193 0.189 0.189 0.189 0.186 0.189 0.189 0.189 0.184 0.189 0.195 0.193 0.195 0.195 0.194 0.193 0.191 0.19 0.185 0.184 0.184 0.184 0.193 0.193 0.193 0.191 0.191 0.184 0.185 0.183 0.184 0.184 0.184 0.184 0.187 0.187 0.187 0.187 0.185 0.185 0.185 0.181 0.185 0.181 0.18 0.18 0.181 0.181 0.181 0.182 0.182 0.182 0.183 0.182 0.182 0.182 0.183 0.182 0.182 0.183 0.183 0.181 0.184 0.184 0.175 0.175 0.181 0.181 0.183 0.184 0.183 0.185 0.185 0.185 0.185 0.185 0.185 0.184 0.184 0.184 0.185 0.185 0.185 0.187 0.185 0.185 0.186 0.187 0.186 0.188 0.189 0.188 0.188 0.188 0.188 0.188 0.187 0.187 0.187 0.187 0.187 0.188 0.19 0.194 0.196 0.197 0.199 0.198 0.198 0.198 0.198 0.197 0.196 0.197 0.198 0.197 0.198 0.198 0.198 0.2 0.202 0.206 0.206 0.206 0.204 0.204 0.202 0.202 0.205 0.205 0.205 0.209 0.209 0.21 0.212 0.212 0.213 0.213 0.209 0.209 0.216 0.213 0.216 0.217 0.217 0.219 0.22 0.225 0.225 0.226 0.228 0.226 0.228 0.231 0.233 0.234 0.234 0.234 0.234 0.241 0.241 0.241 0.241 0.241 0.242 0.243 0.246 0.246 0.246 0.248 0.252 0.255 0.255 0.255 0.255 0.255 0.26 0.26 0.26 0.261 0.27 0.271 0.273 0.276 0.276 0.276 0.276 0.276 0.29 0.292 0.29 0.292 0.293 0.293 0.305 0.306 0.308 0.309 0.309 0.309 0.311 0.321 0.322 0.33 0.332 0.333 0.338 0.339 0.341 0.347 0.347 0.349 0.349 0.355 0.361 0.365 0.376 0.378 0.379 0.38 0.383 0.39 0.392 0.394 0.396 0.4 0.402 0.405 0.415 0.419 0.427 0.428 0.432 0.434 0.441 0.453 0.458 0.468 0.468 0.482 0.487 0.488 0.499 0.504 0.511 0.525 0.531 0.543 0.546 0.556 0.56 0.565 0.586 0.594 0.605 0.623 0.641 0.645 0.663 0.678 0.701 0.709 0.727 0.728 0.756 0.772 0.786 0.807 0.827 0.846 0.869 0.906 0.934 0.969 1 1.048 1.093 1.132 1.187 1.231 1.277 1.345 1.392 0 0 0 0 0 0 0 2.271 2.266 2.266 2.265 2.265 2.268 2.268 2.266 2.266 2.265 2.264 2.263 2.263 2.26 2.26 2.26 2.265 2.265 2.265 2.266 2.266 2.266 2.268 2.407 2.407 2.407 2.264 1.816 1.692 1.692 1.692 5.183 5.21 0 0 0 0 0 0 0 0 0 0 0 0 0 0 0 0 0 0 0 0 0 0 0 0 0 3.648 3.648 3.648 3.656 3.673 3.686 3.691 3.706 3.707 3.713 3.707 3.706 2.631 2.631 2.631 2.643 2.643 2.643 2.645 2.645 2.645 2.666 2.673 2.674 2.674 2.674 2.699 2.726 2.736 2.736 2.736 2.724 2.724 2.724 2.724 0 0.007 0 0 0 0 0.007 0 0 0 0 0 0 0 0 0 2.325 2.325 2.325 2.646 2.669 2.669 2.663 2.663 2.669 2.702 2.712 0 0 0 0.637 0.625 0.608 0.605 0.599 0.599 0.598 0.59 0.587 0.577 0.576 0.574 0.571 0.565 0.565 0.558 0.555 0.553 0.553 0.553 
1 1 1 1 1 1 1 1 1 1 1 1 1 1 1 1 1 1 1 1 1 1 1 1 1 1 1 1 1 1 1 1 1 1 1 1 1 1 1 1 1 1 1 1 1 1 1 1 1 1 1 1 1 1 1 1 1 1 1 1 1 1 1 1 1 1 1 1 1 1 1 1 1 1 1 1 1 1 1 1 1 1 1 1 1 1 1 1 1 1 1 1 1 1 1 1 1 1 1 1 1 1 1 1 1 1 1 1 1 1 1 1 1 1 1 1 1 1 1 1 1 1 1 1 1 1 1 1 1 1 1 1 1 1 1 1 1 1 1 1 1 1 1 1 1 1 1 1 1 1 1 1 1 1 1 1 1 1 1 1 1 1 1 1 1 1 1 1 1 1 1 1 1 1 1 1 1 1 1 1 1 1 1 1 1 1 1 1 1 1 1 1 1 1 1 1 1 1 1 1 1 1 1 1 1 1 1 1 1 1 1 1 1 1 1 1 1 1 1 1 1 1 1 1 1 1 1 1 1 1 1 1 1 1 1 1 1 1 1 1 1 1 1 1 1 1 1 1 1 1 1 1 1 1 1 1 1 1 1 1 1 1 1 1 1 1 1 1 1 1 1 1 1 1 1 1 1 1 1 1 1 1 1 1 1 1 1 1 1 1 1 1 1 1 1 1 1 1 1 1 1 1 1 1 1 1 1 1 1 1 1 1 1 1 1 1 1 1 1 1 1 1 1 1 1 1 1 1 1 1 1 1 1 1 1 1 1 1 1 1 1 1 1 1 1 1 1 1 1 1 1 1 1 1 1 1 1 1 1 1 1 1 1 1 1 1 1 1 1 1 1 1 1 1 1 1 1 1 1 1 1 1 1 1 1 1 1 1 1 1 1 1 1 1 1 1 1 1 1 1 1 1 1 1 1 1 1 1 1 1 1 1 1 1 1 1 1 1 1 1 1 1 1 1 1 1 1 1 1 1 1 1 1 1 1 1 1 1 1 1 1 1 1 1 1 1 1 1 1 1 1 1 1 1 1 1 1 1 1 1 1 1 1 1 1 1 1 1 1 1 1 1 1 1 1 1 1 1 1 1 1 1 1 1 1 1 1 1 1 1 1 1 1 1 1 1 1 1 1 1 1 1 1 1 1 1 1 1 1 1 1 1 1 1 1 1 1 1 1 1 1 1 1 1 1 1 1 1 1 1 1 1 0 0 0 0 0 0 0 1 1 1 1 1 1 1 1 1 1 1 1 1 1 1 1 1 1 1 1 1 1 1 1 1 1 1 1 1 1 1 1 1 0 0 0 0 0 0 0 0 0 0 0 0 0 0 0 0 0 0 0 0 0 0 0 0 0 1 1 1 1 1 1 1 1 1 1 1 1 1 1 1 1 1 1 1 1 1 1 1 1 1 1 1 1 1 1 1 1 1 1 1 0 0 0 0 0 0 0 0 0 0 0 0 0 0 0 0 1 1 1 1 1 1 1 1 1 1 1 0 0 0 1 1 1 1 1 1 1 1 1 1 1 1 1 1 1 1 1 1 1 1 
