# This file contains a 2D laser scan observation. 
# Its format is: 
# [aperture] [max_range] [number_of_scans] 
# [vector_of_scans] 
# [vector_of_valid_scans] 
# The aperture of the sensor is in radians, the maximum range 
# and measurements are in meters. '1' means a valid scan, '0' otherwise.
4.1847
5.6
682
1.345 1.361 1.364 1.367 1.37 1.371 1.376 1.378 1.376 1.371 1.366 1.366 1.366 1.368 1.368 1.368 1.367 1.349 1.316 1.267 1.264 1.254 1.249 1.249 1.248 1.248 1.248 1.25 1.263 1.386 1.414 1.418 1.429 1.436 1.436 1.444 1.446 1.446 1.446 1.445 1.433 1.429 1.423 1.416 1.408 1.386 1.383 1.383 1.386 1.487 1.538 1.542 1.542 1.542 1.542 1.55 1.621 1.746 2.281 2.294 2.297 2.297 2.305 2.313 2.314 2.324 2.327 2.33 2.33 2.346 2.349 2.355 2.357 2.361 2.37 2.37 2.375 3.267 3.305 3.418 3.418 3.432 3.432 3.432 3.402 3.402 3.354 3.347 2.783 2.647 2.563 2.552 2.552 2.546 2.505 2.495 2.495 2.495 2.495 2.499 2.514 2.519 2.519 2.573 2.573 2.6 2.6 2.6 0.369 0.354 0.351 0.351 0.349 0.34 0.336 0.336 0.331 0.329 0.329 0.327 0.322 0.312 0.308 0.306 0.305 0.303 0.299 0.295 0.288 0.286 0.284 0.28 0.279 0.275 0.274 0.269 0.268 0.268 0.268 0.267 0.267 0.267 0.257 0.253 0.252 0.252 0.252 0.25 0.248 0.247 0.246 0.245 0.244 0.243 0.242 0.238 0.236 0.236 0.234 0.234 0.235 0.235 0.23 0.235 0.23 0.229 0.229 0.228 0.225 0.224 0.221 0.22 0.219 0.218 0.214 0.214 0.213 0.214 0.217 0.217 0.216 0.216 0.215 0.213 0.208 0.208 0.208 0.208 0.213 0.213 0.213 0.208 0.206 0.205 0.205 0.206 0.206 0.206 0.207 0.206 0.205 0.203 0.203 0.203 0.203 0.199 0.199 0.199 0.199 0.195 0.197 0.197 0.197 0.195 0.192 0.192 0.192 0.192 0.192 0.192 0.192 0.192 0.19 0.19 0.19 0.192 0.19 0.181 0.181 0.189 0.184 0.189 0.189 0.186 0.185 0.186 0.185 0.182 0.18 0.181 0.181 0.181 0.181 0.181 0.181 0.181 0.181 0.178 0.181 0.181 0.181 0.18 0.181 0.181 0.18 0.181 0.181 0.181 0.18 0.185 0.185 0.185 0.185 0.185 0.185 0.185 0.185 0.185 0.181 0.181 0.181 0.184 0.184 0.185 0.185 0.185 0.186 0.182 0.181 0.18 0.18 0.18 0.179 0.181 0.181 0.179 0.179 0.179 0.179 0.177 0.179 0.179 0.179 0.179 0.179 0.18 0.178 0.178 0.175 0.175 0.175 0.175 0.175 0.176 0.176 0.176 0.176 0.174 0.174 0.176 0.176 0.176 0.178 0.178 0.178 0.178 0.179 0.179 0.179 0.181 0.181 0.181 0.184 0.181 0.184 0.18 0.18 0.18 0.185 0.185 0.185 0.185 0.185 0.185 0.189 0.189 0.189 0.189 0.189 0.189 0.189 0.19 0.19 0.19 0.188 0.188 0.188 0.194 0.194 0.194 0.193 0.193 0.193 0.191 0.193 0.196 0.196 0.196 0.197 0.197 0.2 0.2 0.202 0.202 0.202 0.202 0.204 0.204 0.204 0.205 0.206 0.208 0.209 0.209 0.21 0.216 0.216 0.215 0.215 0.215 0.215 0.215 0.218 0.221 0.221 0.223 0.223 0.223 0.223 0.228 0.221 0.228 0.228 0.231 0.231 0.234 0.241 0.241 0.241 0.241 0.241 0.241 0.246 0.249 0.25 0.25 0.25 0.255 0.255 0.26 0.26 0.262 0.264 0.262 0.264 0.267 0.267 0.267 0.271 0.271 0.274 0.279 0.284 0.286 0.286 0.286 0.287 0.288 0.292 0.297 0.3 0.3 0.305 0.31 0.31 0.311 0.315 0.317 0.319 0.327 0.327 0.327 0.335 0.34 0.343 0.347 0.35 0.355 0.361 0.371 0.371 0.373 0.378 0.38 0.382 0.383 0.385 0.389 0.39 0.403 0.406 0.412 0.42 0.424 0.429 0.432 0.441 0.443 0.447 0.459 0.468 0.468 0.473 0.482 0.49 0.491 0.498 0.505 0.516 0.52 0.529 0.542 0.555 0.567 0.568 0.577 0.587 0.606 0.617 0.635 0.648 0.666 0.668 0.698 0.701 0.714 0.727 0.751 0.78 0.783 0.8 0.834 0.842 0.88 0.92 0.953 0.995 1.028 1.069 1.111 1.167 1.203 1.259 1.317 1.365 1.43 0 0 0 0 0 0 2.246 2.24 2.24 2.242 2.24 2.24 2.242 2.238 2.238 2.238 2.238 2.238 2.237 2.24 2.24 2.241 2.241 2.241 2.241 2.242 2.243 2.244 2.245 2.246 2.319 2.407 2.407 2.319 1.748 1.678 1.678 1.678 5.185 0.007 0 0 0 0 0 0 0 0 0 0 0 0 0 0 0 0 0 0 0 0 0 0 0 0 3.622 3.619 3.619 3.619 3.66 3.665 3.678 3.678 3.678 3.69 3.693 3.693 3.693 2.608 2.608 2.608 2.626 2.626 2.626 2.623 2.623 2.623 2.645 2.652 2.652 2.652 2.652 2.678 2.71 2.71 2.71 2.71 2.701 2.701 2.719 2.719 0 0.007 0 0 0 0 0 0 0 0 0 0 0 0 0 0 0 0 0.007 2.667 2.646 2.646 2.646 2.646 2.658 2.675 2.681 2.697 0 0 0 0 0 2.806 2.806 2.806 2.819 2.83 2.83 2.83 0.646 0.629 0.62 0.609 0.586 0.581 0.581 0.578 0.578 0.574 0.567 0.566 0.566 0.562 0.558 0.55 0.545 0.541 0.539 0.538 0.535 0.529 0.528 0.527 0.527 0.527 
1 1 1 1 1 1 1 1 1 1 1 1 1 1 1 1 1 1 1 1 1 1 1 1 1 1 1 1 1 1 1 1 1 1 1 1 1 1 1 1 1 1 1 1 1 1 1 1 1 1 1 1 1 1 1 1 1 1 1 1 1 1 1 1 1 1 1 1 1 1 1 1 1 1 1 1 1 1 1 1 1 1 1 1 1 1 1 1 1 1 1 1 1 1 1 1 1 1 1 1 1 1 1 1 1 1 1 1 1 1 1 1 1 1 1 1 1 1 1 1 1 1 1 1 1 1 1 1 1 1 1 1 1 1 1 1 1 1 1 1 1 1 1 1 1 1 1 1 1 1 1 1 1 1 1 1 1 1 1 1 1 1 1 1 1 1 1 1 1 1 1 1 1 1 1 1 1 1 1 1 1 1 1 1 1 1 1 1 1 1 1 1 1 1 1 1 1 1 1 1 1 1 1 1 1 1 1 1 1 1 1 1 1 1 1 1 1 1 1 1 1 1 1 1 1 1 1 1 1 1 1 1 1 1 1 1 1 1 1 1 1 1 1 1 1 1 1 1 1 1 1 1 1 1 1 1 1 1 1 1 1 1 1 1 1 1 1 1 1 1 1 1 1 1 1 1 1 1 1 1 1 1 1 1 1 1 1 1 1 1 1 1 1 1 1 1 1 1 1 1 1 1 1 1 1 1 1 1 1 1 1 1 1 1 1 1 1 1 1 1 1 1 1 1 1 1 1 1 1 1 1 1 1 1 1 1 1 1 1 1 1 1 1 1 1 1 1 1 1 1 1 1 1 1 1 1 1 1 1 1 1 1 1 1 1 1 1 1 1 1 1 1 1 1 1 1 1 1 1 1 1 1 1 1 1 1 1 1 1 1 1 1 1 1 1 1 1 1 1 1 1 1 1 1 1 1 1 1 1 1 1 1 1 1 1 1 1 1 1 1 1 1 1 1 1 1 1 1 1 1 1 1 1 1 1 1 1 1 1 1 1 1 1 1 1 1 1 1 1 1 1 1 1 1 1 1 1 1 1 1 1 1 1 1 1 1 1 1 1 1 1 1 1 1 1 1 1 1 1 1 1 1 1 1 1 1 1 1 1 1 1 1 1 1 1 1 1 1 1 1 1 1 1 1 1 1 1 1 1 1 1 1 1 1 1 1 0 0 0 0 0 0 1 1 1 1 1 1 1 1 1 1 1 1 1 1 1 1 1 1 1 1 1 1 1 1 1 1 1 1 1 1 1 1 1 0 0 0 0 0 0 0 0 0 0 0 0 0 0 0 0 0 0 0 0 0 0 0 0 0 1 1 1 1 1 1 1 1 1 1 1 1 1 1 1 1 1 1 1 1 1 1 1 1 1 1 1 1 1 1 1 1 1 1 1 1 0 0 0 0 0 0 0 0 0 0 0 0 0 0 0 0 0 0 0 1 1 1 1 1 1 1 1 1 0 0 0 0 0 1 1 1 1 1 1 1 1 1 1 1 1 1 1 1 1 1 1 1 1 1 1 1 1 1 1 1 1 1 1 1 1 1 
