# This file contains a 2D laser scan observation. 
# Its format is: 
# [aperture] [max_range] [number_of_scans] 
# [vector_of_scans] 
# [vector_of_valid_scans] 
# The aperture of the sensor is in radians, the maximum range 
# and measurements are in meters. '1' means a valid scan, '0' otherwise.
4.1847
5.6
682
1.616 1.614 1.614 1.614 1.699 1.793 2.336 2.358 2.367 2.368 2.369 2.375 2.383 2.388 2.392 2.394 2.4 2.407 2.414 2.423 2.427 2.435 2.437 2.437 2.451 3.331 3.336 3.444 3.444 3.492 3.492 3.492 3.486 3.421 3.403 3.367 2.877 2.613 2.611 2.609 2.592 2.592 2.539 2.539 0.42 0.41 0.405 0.401 0.401 0.398 0.389 0.387 0.383 0.382 0.378 0.366 0.361 0.356 0.351 0.349 0.347 0.346 0.333 0.332 0.325 0.322 0.321 0.313 0.313 0.31 0.3 0.3 0.3 0.299 0.299 0.298 0.291 0.291 0.29 0.287 0.287 0.282 0.276 0.276 0.274 0.268 0.267 0.267 0.267 0.267 0.263 0.263 0.259 0.252 0.252 0.249 0.249 0.247 0.246 0.246 0.246 0.246 0.24 0.239 0.235 0.235 0.235 0.235 0.228 0.227 0.227 0.227 0.227 0.229 0.229 0.226 0.225 0.222 0.221 0.221 0.218 0.217 0.217 0.215 0.215 0.215 0.215 0.218 0.218 0.213 0.213 0.213 0.213 0.213 0.212 0.212 0.212 0.209 0.207 0.206 0.206 0.205 0.206 0.206 0.207 0.208 0.208 0.204 0.204 0.204 0.203 0.203 0.202 0.201 0.199 0.199 0.198 0.194 0.193 0.193 0.193 0.193 0.193 0.194 0.194 0.194 0.192 0.192 0.191 0.192 0.192 0.195 0.195 0.195 0.189 0.189 0.189 0.189 0.192 0.192 0.192 0.192 0.192 0.192 0.187 0.187 0.187 0.187 0.187 0.186 0.186 0.187 0.187 0.187 0.187 0.188 0.187 0.187 0.187 0.187 0.184 0.182 0.181 0.181 0.182 0.181 0.182 0.184 0.184 0.184 0.184 0.186 0.184 0.182 0.182 0.18 0.18 0.18 0.18 0.18 0.18 0.18 0.176 0.176 0.175 0.175 0.175 0.181 0.181 0.181 0.181 0.181 0.179 0.175 0.175 0.175 0.175 0.177 0.177 0.179 0.179 0.178 0.178 0.178 0.178 0.173 0.178 0.178 0.177 0.172 0.177 0.177 0.174 0.179 0.18 0.18 0.18 0.18 0.18 0.18 0.179 0.18 0.185 0.185 0.185 0.186 0.185 0.185 0.186 0.186 0.186 0.189 0.187 0.187 0.189 0.189 0.189 0.189 0.189 0.185 0.185 0.185 0.188 0.188 0.188 0.188 0.188 0.188 0.187 0.184 0.187 0.187 0.19 0.19 0.19 0.183 0.183 0.183 0.186 0.186 0.191 0.186 0.191 0.19 0.192 0.193 0.194 0.194 0.195 0.199 0.202 0.202 0.203 0.203 0.206 0.206 0.206 0.204 0.204 0.204 0.205 0.206 0.206 0.206 0.207 0.208 0.21 0.212 0.212 0.216 0.216 0.216 0.216 0.216 0.216 0.216 0.218 0.221 0.225 0.226 0.226 0.228 0.229 0.229 0.229 0.23 0.23 0.236 0.232 0.238 0.238 0.241 0.241 0.244 0.246 0.248 0.248 0.248 0.249 0.251 0.26 0.26 0.26 0.26 0.26 0.26 0.26 0.26 0.268 0.269 0.273 0.274 0.279 0.28 0.28 0.281 0.281 0.283 0.292 0.295 0.296 0.302 0.305 0.306 0.312 0.317 0.321 0.322 0.323 0.326 0.329 0.33 0.332 0.334 0.34 0.342 0.353 0.356 0.357 0.358 0.365 0.37 0.378 0.378 0.389 0.389 0.394 0.4 0.407 0.409 0.418 0.419 0.425 0.431 0.433 0.436 0.451 0.453 0.459 0.46 0.47 0.478 0.479 0.491 0.497 0.499 0.505 0.519 0.524 0.526 0.546 0.556 0.567 0.582 0.591 0.597 0.623 0.625 0.636 0.644 0.672 0.68 0.685 0.714 0.73 0.738 0.758 0.766 0.798 0.823 0.846 0.885 0.908 0.952 0.976 1.007 1.048 1.087 1.137 1.186 1.231 1.303 1.356 0 0 0 0 0 0 0 2.171 2.171 2.169 2.167 2.166 2.166 2.166 2.165 2.164 2.164 2.169 2.164 2.166 2.167 2.166 2.164 2.166 2.167 2.167 2.169 2.169 2.169 2.169 2.171 2.332 0.007 0.015 0.007 2.17 1.647 1.596 1.596 1.596 0 0 0 0 0 0 0 0 0 0 0 0 0 0 0 0 0 0 0 0 0 0 0 0 0 0 3.559 3.556 3.556 3.559 3.577 3.588 3.6 3.607 3.617 3.619 3.626 3.637 3.637 3.637 2.534 2.534 2.534 2.554 2.554 2.554 2.549 2.549 2.549 2.566 2.587 2.587 2.589 2.594 2.594 2.635 2.646 2.646 2.635 2.631 2.631 2.631 2.63 2.604 2.604 0 0 0 0 0 0 0 0 0 0 0 0 0 0 0 0 0 2.587 2.58 2.58 2.584 2.584 2.596 2.608 2.617 2.641 2.642 2.646 0 0 0 0 0 0 2.746 2.721 2.646 2.46 2.46 2.46 2.667 0 0.007 0 0 0.007 0 0.007 0 0 0 0 0 0 0 0 0 0 0 0 0 0 0 0 0 2.433 2.429 2.415 2.399 2.391 2.383 2.371 2.358 2.351 2.333 2.327 2.327 2.327 0 0 0 0 0 0 0.56 0.558 0.539 0.535 0.529 0.529 0.525 0.518 0.514 0.514 0.505 0.498 0.496 0.496 0.488 0.488 0.488 0.488 0.485 0.484 0.485 0.484 0.482 0.476 0.473 0.473 0.473 0.472 0.468 0.468 
1 1 1 1 1 1 1 1 1 1 1 1 1 1 1 1 1 1 1 1 1 1 1 1 1 1 1 1 1 1 1 1 1 1 1 1 1 1 1 1 1 1 1 1 1 1 1 1 1 1 1 1 1 1 1 1 1 1 1 1 1 1 1 1 1 1 1 1 1 1 1 1 1 1 1 1 1 1 1 1 1 1 1 1 1 1 1 1 1 1 1 1 1 1 1 1 1 1 1 1 1 1 1 1 1 1 1 1 1 1 1 1 1 1 1 1 1 1 1 1 1 1 1 1 1 1 1 1 1 1 1 1 1 1 1 1 1 1 1 1 1 1 1 1 1 1 1 1 1 1 1 1 1 1 1 1 1 1 1 1 1 1 1 1 1 1 1 1 1 1 1 1 1 1 1 1 1 1 1 1 1 1 1 1 1 1 1 1 1 1 1 1 1 1 1 1 1 1 1 1 1 1 1 1 1 1 1 1 1 1 1 1 1 1 1 1 1 1 1 1 1 1 1 1 1 1 1 1 1 1 1 1 1 1 1 1 1 1 1 1 1 1 1 1 1 1 1 1 1 1 1 1 1 1 1 1 1 1 1 1 1 1 1 1 1 1 1 1 1 1 1 1 1 1 1 1 1 1 1 1 1 1 1 1 1 1 1 1 1 1 1 1 1 1 1 1 1 1 1 1 1 1 1 1 1 1 1 1 1 1 1 1 1 1 1 1 1 1 1 1 1 1 1 1 1 1 1 1 1 1 1 1 1 1 1 1 1 1 1 1 1 1 1 1 1 1 1 1 1 1 1 1 1 1 1 1 1 1 1 1 1 1 1 1 1 1 1 1 1 1 1 1 1 1 1 1 1 1 1 1 1 1 1 1 1 1 1 1 1 1 1 1 1 1 1 1 1 1 1 1 1 1 1 1 1 1 1 1 1 1 1 1 1 1 1 1 1 1 1 1 1 1 1 1 1 1 1 1 1 1 1 1 1 1 1 1 1 1 1 1 1 1 1 1 1 1 1 1 1 1 1 1 1 1 1 1 1 1 1 1 1 1 1 0 0 0 0 0 0 0 1 1 1 1 1 1 1 1 1 1 1 1 1 1 1 1 1 1 1 1 1 1 1 1 1 0 0 0 1 1 1 1 1 0 0 0 0 0 0 0 0 0 0 0 0 0 0 0 0 0 0 0 0 0 0 0 0 0 0 1 1 1 1 1 1 1 1 1 1 1 1 1 1 1 1 1 1 1 1 1 1 1 1 1 1 1 1 1 1 1 1 1 1 1 1 1 1 1 0 0 0 0 0 0 0 0 0 0 0 0 0 0 0 0 0 1 1 1 1 1 1 1 1 1 1 1 0 0 0 0 0 0 1 1 1 1 1 1 1 0 0 0 0 0 0 0 0 0 0 0 0 0 0 0 0 0 0 0 0 0 0 0 0 1 1 1 1 1 1 1 1 1 1 1 1 1 0 0 0 0 0 0 1 1 1 1 1 1 1 1 1 1 1 1 1 1 1 1 1 1 1 1 1 1 1 1 1 1 1 1 1 1 
