# This file contains a 2D laser scan observation. 
# Its format is: 
# [aperture] [max_range] [number_of_scans] 
# [vector_of_scans] 
# [vector_of_valid_scans] 
# The aperture of the sensor is in radians, the maximum range 
# and measurements are in meters. '1' means a valid scan, '0' otherwise.
4.1847
5.6
682
0.59 0.59 0.592 0.595 0.605 0.605 0.605 0.6 0.594 0.582 0.581 0.58 0.575 0.573 0.571 0.568 0.567 0.567 0.562 0.562 0.565 0.563 0.563 0.565 0.565 0.563 0.556 0.556 0.556 0.558 0.558 0.559 0.558 0.557 0.557 0.56 0.557 0.56 0.56 0.562 0.562 0.565 0.565 0.565 0.568 0.569 0.569 0.57 0.57 0.568 0.568 0.571 0.571 0.573 0.573 0.573 0.574 0.575 0.575 0.579 0.58 0.581 0.581 0.581 0.581 0.584 0.584 0.589 0.59 0.59 0.591 0.593 0.593 0.596 0.603 0.603 0.603 0.61 0.612 0.615 0.616 0.616 0.617 0.625 0.62 0.62 0.62 0.623 0.623 0.63 0.63 0.631 0.635 0.637 0.639 0.639 0.64 0.64 0.641 0.643 0.65 0.657 0.657 0.658 0.662 0.663 0.664 0.67 0.67 0.671 0.682 0.682 0.682 0.69 0.69 0.692 0.692 0.7 0.7 0.7 0.7 0.711 0.717 0.718 0.723 0.725 0.726 0.737 0.741 0.742 0.746 0.753 0.761 0.762 0.766 0.768 0.769 0.779 0.782 0.79 0.793 0.797 0.797 0.812 0.817 0.819 0.822 0.834 0.843 0.853 0.86 0.86 0.864 0.874 0.883 0.884 0.892 0.902 0.904 0.914 0.92 0.93 0.932 0.944 0.948 0.955 0.961 0.968 0.979 0.981 0.995 1.006 1.014 1.023 1.029 1.038 1.058 1.068 1.079 1.085 1.103 1.129 1.137 1.145 1.164 1.193 1.193 1.205 1.219 1.24 1.255 1.275 1.29 1.327 1.356 1.369 1.376 1.395 1.416 1.416 1.416 1.413 1.409 1.409 1.409 1.411 1.411 1.412 1.412 1.415 1.457 2.233 2.237 2.238 2.238 2.237 2.235 2.231 2.229 2.226 2.226 2.22 2.213 2.206 2.205 2.205 2.198 2.198 2.198 2.196 2.195 2.195 2.19 2.185 2.185 2.183 2.18 2.178 2.178 2.171 2.17 2.17 2.164 2.164 2.164 2.163 2.164 2.164 2.164 2.159 2.164 2.164 2.167 2.167 2.167 2.175 2.175 2.175 2.172 2.17 2.168 2.168 2.162 2.16 2.16 2.16 2.167 2.169 2.172 2.172 2.179 2.179 2.18 2.181 2.181 2.181 2.181 2.184 2.184 2.189 2.189 2.19 2.191 2.193 2.198 2.205 2.208 2.208 2.257 2.832 2.844 2.848 2.849 2.851 2.858 2.864 2.869 2.871 2.872 2.877 2.884 2.887 2.896 2.896 2.896 2.896 2.896 2.342 2.311 2.302 2.278 2.246 2.236 2.236 2.236 2.254 2.254 2.254 2.248 2.244 2.205 2.114 2.104 2.099 2.019 1.94 1.935 1.838 1.697 1.684 1.684 1.684 1.684 1.684 1.679 1.67 1.668 1.615 1.609 1.606 1.598 1.556 1.543 1.543 1.536 1.532 1.506 1.466 1.466 1.408 1.399 0.682 0.662 0.63 0.606 0.602 0.595 0.593 0.59 0.587 0.582 0.577 0.574 0.57 0.565 0.563 0.552 0.541 0.541 0.535 0.515 0.513 0.512 0.509 0.502 0.492 0.485 0.48 0.485 0.485 0.488 0.489 0.491 0.495 0.491 0.491 0.487 0.484 0.478 0.478 0.475 0.478 0.475 0.466 0.466 0.468 0.465 0.465 0.465 0.458 0.454 0.453 0.451 0.447 0.442 0.44 0.439 0.44 0.437 0.436 0.436 0.436 0.433 0.43 0.426 0.424 0.424 0.423 0.423 0.42 0.42 0.42 0.419 0.413 0.413 0.413 0.411 0.411 0.41 0.408 0.399 0.399 0.398 0.398 0.398 0.398 0.398 0.4 0.4 0.395 0.396 0.388 0.388 0.391 0.391 0.391 0.391 0.386 0.386 0.386 0.386 0.386 0.383 0.383 0.379 0.383 0.377 0.373 0.373 0.374 0.374 0.376 0.376 0.376 0.376 0.376 0.372 0.37 0.369 0.369 0.369 0.369 0.369 0.369 0.364 0.364 0.364 0.364 0.365 0.365 0.364 0.364 0.364 0.361 0.362 0.362 0.362 0.361 0.362 0.364 0.364 0.365 0.367 0.365 0.365 0.365 0.365 0.364 0.364 0.364 0.364 0.364 0.371 0.371 0.372 0.372 0.374 0.374 0.374 0.374 0.374 0.375 0.383 0.388 0.392 0.395 0.395 0.397 0.397 0.388 0.388 0.388 0.376 0.372 0.366 0.366 0.365 0.366 0.366 0.366 0.365 0.366 0.365 0.362 0.36 0.359 0.359 0.359 0.359 0.36 0.36 0.36 0.36 0.36 0.36 0.358 0.358 0.36 0.359 0.36 0.362 0.362 0.366 0.368 0.368 0.368 0.366 0.369 0.365 0.365 0.368 0.368 0.368 0.368 0.371 0.371 0.371 0.371 0.372 0.367 0.372 0.374 0.376 0.374 0.378 0.378 0.378 0.376 0.376 0.376 0.381 0.381 0.382 0.385 0.386 0.386 0.388 0.389 0.39 0.392 0.392 0.392 0.392 0.392 0.394 0.396 0.396 0.394 0.394 0.396 0.396 0.397 0.401 0.406 0.406 0.409 0.406 0.409 0.409 0.412 0.417 0.42 0.423 0.423 0.425 0.425 0.425 0.425 0.425 0.425 0.426 0.426 0.433 0.434 0.443 0.443 0.437 0.441 0.441 0.439 0.441 0.445 0.446 0.449 0.455 0.456 0.458 0.462 0.463 0.463 0.464 0.463 0.463 0.471 0.471 0.477 0.482 0.491 0.491 0.491 0.494 0.499 0.502 0.505 0.509 0.51 0.512 0.513 0.522 0.524 0.528 0.53 0.537 0.539 0.543 0.551 0.554 0.555 0.562 0.576 0.602 0.606 0.666 0.789 0.789 0.789 0.786 0.781 0.78 0.778 0.773 0.769 
1 1 1 1 1 1 1 1 1 1 1 1 1 1 1 1 1 1 1 1 1 1 1 1 1 1 1 1 1 1 1 1 1 1 1 1 1 1 1 1 1 1 1 1 1 1 1 1 1 1 1 1 1 1 1 1 1 1 1 1 1 1 1 1 1 1 1 1 1 1 1 1 1 1 1 1 1 1 1 1 1 1 1 1 1 1 1 1 1 1 1 1 1 1 1 1 1 1 1 1 1 1 1 1 1 1 1 1 1 1 1 1 1 1 1 1 1 1 1 1 1 1 1 1 1 1 1 1 1 1 1 1 1 1 1 1 1 1 1 1 1 1 1 1 1 1 1 1 1 1 1 1 1 1 1 1 1 1 1 1 1 1 1 1 1 1 1 1 1 1 1 1 1 1 1 1 1 1 1 1 1 1 1 1 1 1 1 1 1 1 1 1 1 1 1 1 1 1 1 1 1 1 1 1 1 1 1 1 1 1 1 1 1 1 1 1 1 1 1 1 1 1 1 1 1 1 1 1 1 1 1 1 1 1 1 1 1 1 1 1 1 1 1 1 1 1 1 1 1 1 1 1 1 1 1 1 1 1 1 1 1 1 1 1 1 1 1 1 1 1 1 1 1 1 1 1 1 1 1 1 1 1 1 1 1 1 1 1 1 1 1 1 1 1 1 1 1 1 1 1 1 1 1 1 1 1 1 1 1 1 1 1 1 1 1 1 1 1 1 1 1 1 1 1 1 1 1 1 1 1 1 1 1 1 1 1 1 1 1 1 1 1 1 1 1 1 1 1 1 1 1 1 1 1 1 1 1 1 1 1 1 1 1 1 1 1 1 1 1 1 1 1 1 1 1 1 1 1 1 1 1 1 1 1 1 1 1 1 1 1 1 1 1 1 1 1 1 1 1 1 1 1 1 1 1 1 1 1 1 1 1 1 1 1 1 1 1 1 1 1 1 1 1 1 1 1 1 1 1 1 1 1 1 1 1 1 1 1 1 1 1 1 1 1 1 1 1 1 1 1 1 1 1 1 1 1 1 1 1 1 1 1 1 1 1 1 1 1 1 1 1 1 1 1 1 1 1 1 1 1 1 1 1 1 1 1 1 1 1 1 1 1 1 1 1 1 1 1 1 1 1 1 1 1 1 1 1 1 1 1 1 1 1 1 1 1 1 1 1 1 1 1 1 1 1 1 1 1 1 1 1 1 1 1 1 1 1 1 1 1 1 1 1 1 1 1 1 1 1 1 1 1 1 1 1 1 1 1 1 1 1 1 1 1 1 1 1 1 1 1 1 1 1 1 1 1 1 1 1 1 1 1 1 1 1 1 1 1 1 1 1 1 1 1 1 1 1 1 1 1 1 1 1 1 1 1 1 1 1 1 1 1 1 1 1 1 1 1 1 1 1 1 1 1 1 1 1 1 1 1 1 1 1 1 1 1 1 1 1 1 1 1 1 1 1 1 1 1 1 1 1 1 1 1 1 1 1 1 1 1 1 1 1 1 1 1 1 1 1 1 1 1 1 1 1 1 1 1 1 1 1 1 
