# This file contains a 2D laser scan observation. 
# Its format is: 
# [aperture] [max_range] [number_of_scans] 
# [vector_of_scans] 
# [vector_of_valid_scans] 
# The aperture of the sensor is in radians, the maximum range 
# and measurements are in meters. '1' means a valid scan, '0' otherwise.
4.1847
5.6
682
0.59 0.593 0.594 0.599 0.602 0.602 0.602 0.596 0.59 0.586 0.585 0.579 0.577 0.575 0.575 0.569 0.568 0.568 0.567 0.567 0.563 0.556 0.556 0.556 0.556 0.556 0.555 0.557 0.555 0.555 0.557 0.563 0.563 0.563 0.565 0.567 0.565 0.558 0.56 0.56 0.56 0.563 0.569 0.57 0.57 0.571 0.571 0.571 0.569 0.569 0.569 0.569 0.575 0.576 0.576 0.576 0.578 0.576 0.578 0.578 0.578 0.579 0.579 0.585 0.585 0.586 0.586 0.586 0.586 0.587 0.587 0.593 0.596 0.597 0.599 0.599 0.6 0.602 0.612 0.612 0.613 0.613 0.616 0.618 0.618 0.622 0.622 0.623 0.624 0.626 0.627 0.63 0.63 0.634 0.635 0.637 0.637 0.637 0.642 0.642 0.649 0.65 0.655 0.657 0.663 0.668 0.668 0.671 0.671 0.683 0.683 0.683 0.686 0.686 0.682 0.69 0.694 0.695 0.705 0.708 0.709 0.709 0.714 0.718 0.727 0.73 0.731 0.731 0.739 0.745 0.752 0.758 0.765 0.765 0.768 0.768 0.775 0.783 0.785 0.792 0.793 0.801 0.801 0.809 0.811 0.816 0.826 0.827 0.836 0.845 0.85 0.853 0.865 0.871 0.88 0.884 0.896 0.898 0.902 0.91 0.917 0.93 0.93 0.938 0.949 0.954 0.966 0.972 0.974 0.986 0.991 0.997 1.018 1.026 1.029 1.055 1.055 1.064 1.083 1.088 1.115 1.124 1.141 1.161 1.167 1.184 1.198 1.209 1.214 1.246 1.253 1.278 1.291 1.318 1.356 1.367 1.381 1.399 1.416 1.416 1.419 1.416 1.413 1.41 1.407 1.406 1.407 1.407 1.409 1.41 1.45 2.237 2.245 2.245 2.245 2.231 2.23 2.229 2.229 2.222 2.219 2.213 2.213 2.213 2.207 2.202 2.201 2.201 2.199 2.197 2.196 2.194 2.186 2.182 2.179 2.179 2.179 2.176 2.175 2.171 2.17 2.163 2.163 2.163 2.163 2.161 2.156 2.156 2.156 2.157 2.16 2.161 2.161 2.164 2.166 2.178 2.178 2.178 2.173 2.165 2.165 2.164 2.163 2.16 2.16 2.16 2.164 2.167 2.168 2.17 2.172 2.172 2.174 2.176 2.178 2.179 2.184 2.184 2.186 2.189 2.191 2.193 2.197 2.199 2.2 2.201 2.209 2.213 2.262 2.836 2.846 2.851 2.853 2.857 2.857 2.865 2.869 2.878 2.879 2.881 2.887 2.888 2.891 2.891 2.888 2.888 2.888 2.35 2.313 2.309 2.271 2.244 2.242 2.242 2.242 2.262 2.262 2.262 2.262 2.258 2.245 2.116 2.103 2.092 2.024 1.941 1.925 1.836 1.691 1.687 1.687 1.687 1.687 1.686 1.683 1.671 1.669 1.622 1.606 1.601 1.6 1.555 1.546 1.543 1.54 1.531 1.51 1.462 1.462 1.41 1.4 0.678 0.672 0.627 0.618 0.602 0.599 0.598 0.592 0.582 0.58 0.577 0.576 0.569 0.569 0.568 0.568 0.548 0.542 0.534 0.516 0.515 0.513 0.506 0.502 0.492 0.489 0.488 0.489 0.489 0.493 0.493 0.494 0.494 0.495 0.495 0.494 0.485 0.481 0.48 0.479 0.479 0.477 0.474 0.467 0.466 0.466 0.461 0.461 0.458 0.457 0.453 0.447 0.447 0.448 0.447 0.443 0.443 0.44 0.439 0.435 0.434 0.429 0.429 0.428 0.426 0.423 0.426 0.423 0.419 0.419 0.419 0.414 0.411 0.41 0.409 0.399 0.399 0.399 0.399 0.402 0.402 0.401 0.401 0.397 0.397 0.4 0.397 0.397 0.395 0.392 0.391 0.389 0.385 0.385 0.385 0.387 0.387 0.387 0.385 0.384 0.384 0.384 0.381 0.381 0.381 0.381 0.379 0.379 0.377 0.374 0.374 0.374 0.374 0.374 0.373 0.372 0.372 0.372 0.371 0.366 0.371 0.371 0.367 0.369 0.369 0.367 0.366 0.366 0.365 0.365 0.366 0.366 0.364 0.365 0.366 0.365 0.364 0.365 0.367 0.364 0.364 0.361 0.361 0.361 0.361 0.361 0.358 0.362 0.36 0.362 0.362 0.362 0.364 0.365 0.367 0.371 0.374 0.374 0.375 0.376 0.382 0.382 0.386 0.387 0.394 0.394 0.394 0.392 0.391 0.385 0.383 0.38 0.378 0.369 0.366 0.366 0.365 0.364 0.364 0.36 0.364 0.361 0.361 0.36 0.361 0.361 0.362 0.366 0.366 0.364 0.362 0.364 0.362 0.362 0.365 0.365 0.364 0.364 0.364 0.364 0.364 0.364 0.366 0.366 0.366 0.367 0.367 0.365 0.365 0.367 0.367 0.367 0.368 0.369 0.373 0.369 0.373 0.374 0.375 0.375 0.377 0.375 0.377 0.379 0.38 0.384 0.384 0.38 0.38 0.381 0.374 0.381 0.385 0.388 0.387 0.388 0.388 0.387 0.387 0.389 0.392 0.393 0.393 0.393 0.393 0.393 0.398 0.402 0.402 0.402 0.4 0.4 0.4 0.403 0.403 0.407 0.407 0.407 0.408 0.41 0.41 0.415 0.415 0.416 0.42 0.426 0.428 0.428 0.428 0.43 0.43 0.43 0.431 0.431 0.437 0.438 0.438 0.438 0.439 0.442 0.449 0.449 0.45 0.452 0.452 0.455 0.46 0.46 0.46 0.464 0.465 0.466 0.466 0.472 0.477 0.479 0.484 0.485 0.489 0.494 0.495 0.501 0.502 0.502 0.505 0.511 0.516 0.517 0.517 0.525 0.534 0.535 0.536 0.547 0.549 0.556 0.557 0.559 0.576 0.601 0.613 0.666 0.786 0.786 0.787 0.786 0.778 0.777 0.777 0.776 0.776 
1 1 1 1 1 1 1 1 1 1 1 1 1 1 1 1 1 1 1 1 1 1 1 1 1 1 1 1 1 1 1 1 1 1 1 1 1 1 1 1 1 1 1 1 1 1 1 1 1 1 1 1 1 1 1 1 1 1 1 1 1 1 1 1 1 1 1 1 1 1 1 1 1 1 1 1 1 1 1 1 1 1 1 1 1 1 1 1 1 1 1 1 1 1 1 1 1 1 1 1 1 1 1 1 1 1 1 1 1 1 1 1 1 1 1 1 1 1 1 1 1 1 1 1 1 1 1 1 1 1 1 1 1 1 1 1 1 1 1 1 1 1 1 1 1 1 1 1 1 1 1 1 1 1 1 1 1 1 1 1 1 1 1 1 1 1 1 1 1 1 1 1 1 1 1 1 1 1 1 1 1 1 1 1 1 1 1 1 1 1 1 1 1 1 1 1 1 1 1 1 1 1 1 1 1 1 1 1 1 1 1 1 1 1 1 1 1 1 1 1 1 1 1 1 1 1 1 1 1 1 1 1 1 1 1 1 1 1 1 1 1 1 1 1 1 1 1 1 1 1 1 1 1 1 1 1 1 1 1 1 1 1 1 1 1 1 1 1 1 1 1 1 1 1 1 1 1 1 1 1 1 1 1 1 1 1 1 1 1 1 1 1 1 1 1 1 1 1 1 1 1 1 1 1 1 1 1 1 1 1 1 1 1 1 1 1 1 1 1 1 1 1 1 1 1 1 1 1 1 1 1 1 1 1 1 1 1 1 1 1 1 1 1 1 1 1 1 1 1 1 1 1 1 1 1 1 1 1 1 1 1 1 1 1 1 1 1 1 1 1 1 1 1 1 1 1 1 1 1 1 1 1 1 1 1 1 1 1 1 1 1 1 1 1 1 1 1 1 1 1 1 1 1 1 1 1 1 1 1 1 1 1 1 1 1 1 1 1 1 1 1 1 1 1 1 1 1 1 1 1 1 1 1 1 1 1 1 1 1 1 1 1 1 1 1 1 1 1 1 1 1 1 1 1 1 1 1 1 1 1 1 1 1 1 1 1 1 1 1 1 1 1 1 1 1 1 1 1 1 1 1 1 1 1 1 1 1 1 1 1 1 1 1 1 1 1 1 1 1 1 1 1 1 1 1 1 1 1 1 1 1 1 1 1 1 1 1 1 1 1 1 1 1 1 1 1 1 1 1 1 1 1 1 1 1 1 1 1 1 1 1 1 1 1 1 1 1 1 1 1 1 1 1 1 1 1 1 1 1 1 1 1 1 1 1 1 1 1 1 1 1 1 1 1 1 1 1 1 1 1 1 1 1 1 1 1 1 1 1 1 1 1 1 1 1 1 1 1 1 1 1 1 1 1 1 1 1 1 1 1 1 1 1 1 1 1 1 1 1 1 1 1 1 1 1 1 1 1 1 1 1 1 1 1 1 1 1 1 1 1 1 1 1 1 1 1 1 1 1 1 1 1 1 1 1 1 1 1 1 1 1 1 1 1 1 1 1 1 1 1 1 1 1 1 1 1 1 1 1 1 1 1 
