# This file contains a 2D laser scan observation. 
# Its format is: 
# [aperture] [max_range] [number_of_scans] 
# [vector_of_scans] 
# [vector_of_valid_scans] 
# The aperture of the sensor is in radians, the maximum range 
# and measurements are in meters. '1' means a valid scan, '0' otherwise.
4.1847
5.6
682
0.59 0.59 0.59 0.599 0.608 0.623 0.629 0.632 0.647 0.647 0.647 0.626 0.595 0.579 0.555 0.552 0.544 0.544 0.542 0.536 0.535 0.532 0.53 0.528 0.528 0.524 0.514 0.514 0.514 0.514 0.511 0.511 0.51 0.51 0.51 0.51 0.508 0.511 0.509 0.506 0.502 0.502 0.502 0.502 0.502 0.505 0.505 0.502 0.505 0.504 0.504 0.504 0.504 0.504 0.504 0.505 0.505 0.505 0.507 0.508 0.508 0.508 0.508 0.51 0.51 0.518 0.518 0.519 0.518 0.518 0.534 0.537 0.534 0.536 0.538 0.538 0.548 0.559 0.576 1.387 1.387 1.387 1.387 1.387 1.386 1.389 1.389 1.391 1.391 1.396 1.397 1.401 1.404 1.404 1.412 1.411 1.411 1.411 1.411 1.411 1.411 1.419 1.419 1.419 1.422 1.423 1.43 1.432 1.432 1.432 1.434 1.439 1.441 1.444 1.446 1.448 1.452 1.453 1.459 1.465 1.469 1.471 1.476 1.478 1.478 1.48 1.48 1.485 1.49 1.494 1.499 1.501 1.504 1.505 1.518 1.518 1.521 1.523 1.531 1.536 1.536 1.545 1.548 1.548 1.554 1.56 1.56 1.554 1.544 1.522 1.505 1.48 1.467 1.458 1.434 1.414 1.406 1.392 1.374 1.355 1.341 1.334 1.319 1.306 1.29 1.283 1.266 1.258 1.252 1.25 1.231 1.216 1.212 1.207 1.195 1.176 1.166 1.164 1.154 1.148 1.131 1.131 1.13 1.117 1.112 1.091 1.09 1.083 1.081 1.077 1.06 1.059 1.049 1.04 1.04 1.04 1.057 1.059 1.059 1.062 1.066 1.071 1.086 1.097 1.097 1.114 1.163 1.178 1.181 1.196 1.201 1.202 1.225 1.239 1.242 1.254 1.257 1.273 1.28 1.298 1.317 1.329 1.338 1.344 1.361 1.373 1.385 1.398 1.414 1.43 1.441 1.463 1.472 1.491 1.504 1.529 1.546 1.563 1.582 1.591 1.612 1.634 1.677 1.731 1.767 1.781 1.812 1.836 1.863 1.872 1.911 1.923 1.951 1.967 2.005 2.026 2.078 2.094 2.126 2.161 2.2 2.233 2.258 2.319 2.352 2.419 2.451 2.49 2.561 2.603 2.662 2.757 2.85 2.877 2.877 3.007 3.073 3.147 3.147 3.197 3.2 3.205 3.208 3.208 3.205 3.205 3.21 3.214 0 0 0 2.85 2.844 2.844 2.83 2.829 2.825 2.825 2.825 0 0 0 0 0 0 0 0 3.149 3.146 3.142 3.138 3.134 3.131 3.134 3.134 3.134 3.136 3.136 3.134 3.132 3.134 3.134 3.129 3.129 1.843 1.838 1.838 1.838 1.838 1.846 1.853 3.131 3.131 3.131 3.002 3.002 3.002 3.002 2.997 3.023 2.997 2.997 0.007 2.307 2.307 2.307 2.302 2.302 2.176 2.171 2.176 2.182 2.182 3.098 3.121 3.18 3.18 3.197 3.202 3.202 3.209 3.211 3.214 3.226 3.226 3.226 2.744 2.744 2.699 2.744 2.744 2.699 2.228 2.228 2.228 2.844 0.007 2.844 2.844 2.849 2.849 2.858 2.918 2.858 2.858 2.026 2.026 2.026 2.041 2.042 2.829 0.007 2.829 2.603 2.595 2.595 2.593 2.502 2.5 2.5 2.5 2.526 2.576 2.586 2.586 2.586 2.588 2.588 2.588 2.623 2.624 2.624 2.624 2.579 2.568 2.568 2.568 2.596 2.601 2.613 2.634 2.645 2.649 2.661 2.664 2.676 2.679 2.689 2.698 2.714 2.725 2.752 2.759 2.78 2.785 2.796 2.815 2.827 2.827 2.827 2.554 2.52 2.511 2.497 2.495 2.492 2.489 2.484 2.469 2.453 2.442 2.424 2.409 2.399 2.382 2.368 2.356 2.35 2.334 2.316 2.251 2.251 2.251 2.254 2.267 2.271 2.288 2.335 2.351 2.38 2.392 2.41 2.429 2.456 2.467 2.477 2.505 2.544 2.554 2.592 2.601 2.624 2.634 2.679 2.689 2.728 2.748 2.779 2.802 2.834 2.843 2.93 2.941 2.953 2.953 0 0 0 0 0 0 0 0 0 0 0 0 0 0 0 0 0 0.863 0.863 0.863 0.863 0.857 0.842 0.839 0.837 0.837 0.832 0.832 0.832 0.829 0.82 0.825 0.829 0.829 0.857 0.869 0.869 0.869 0.869 0.861 0.858 0.852 0.846 0.837 0.835 0.834 0.827 0.818 0.816 0.815 0.815 0.807 0.807 0.807 0.807 0.807 0.806 0.808 0.806 0.805 0.801 0.801 0.794 0.801 0.794 0.794 0.794 0.794 0.792 0.787 0.787 0.792 0.792 0.792 0.795 0.795 0.794 0.79 0.79 0.789 0.783 0.775 0.773 0.773 0.772 0.769 0.768 0.769 0.769 0.768 0.768 0.776 0.776 1.652 1.652 1.652 1.535 1.423 1.343 1.254 1.177 1.115 1.055 0.99 0.942 0.899 0.848 0.845 0.845 0.848 0.848 0.845 0.843 0.843 0.843 0.846 0.849 0.85 0.85 0.85 0.852 0.854 0.856 0.856 0.856 0.858 0.856 0.855 0.855 0.845 0.845 0.845 0.853 0.856 0.856 0.856 0.866 0.866 0.866 0.862 0.864 0.864 0.867 0.874 2.229 2.229 2.229 2.169 2.169 2.169 2.169 2.182 2.183 2.183 2.17 2.17 2.129 2.128 2.128 2.129 2.164 2.205 2.22 2.224 2.231 2.236 2.25 2.26 2.276 2.28 2.281 2.293 2.299 2.312 2.322 2.342 2.346 2.36 2.366 2.37 2.381 2.382 2.402 2.412 2.432 2.449 2.468 
1 1 1 1 1 1 1 1 1 1 1 1 1 1 1 1 1 1 1 1 1 1 1 1 1 1 1 1 1 1 1 1 1 1 1 1 1 1 1 1 1 1 1 1 1 1 1 1 1 1 1 1 1 1 1 1 1 1 1 1 1 1 1 1 1 1 1 1 1 1 1 1 1 1 1 1 1 1 1 1 1 1 1 1 1 1 1 1 1 1 1 1 1 1 1 1 1 1 1 1 1 1 1 1 1 1 1 1 1 1 1 1 1 1 1 1 1 1 1 1 1 1 1 1 1 1 1 1 1 1 1 1 1 1 1 1 1 1 1 1 1 1 1 1 1 1 1 1 1 1 1 1 1 1 1 1 1 1 1 1 1 1 1 1 1 1 1 1 1 1 1 1 1 1 1 1 1 1 1 1 1 1 1 1 1 1 1 1 1 1 1 1 1 1 1 1 1 1 1 1 1 1 1 1 1 1 1 1 1 1 1 1 1 1 1 1 1 1 1 1 1 1 1 1 1 1 1 1 1 1 1 1 1 1 1 1 1 1 1 1 1 1 1 1 1 1 1 1 1 1 1 1 1 1 1 1 1 1 1 1 1 1 1 1 1 1 1 1 1 1 1 1 1 1 1 1 1 1 1 1 1 1 1 1 1 1 1 1 0 0 0 1 1 1 1 1 1 1 1 0 0 0 0 0 0 0 0 1 1 1 1 1 1 1 1 1 1 1 1 1 1 1 1 1 1 1 1 1 1 1 1 1 1 1 1 1 1 1 1 1 1 1 0 1 1 1 1 1 1 1 1 1 1 1 1 1 1 1 1 1 1 1 1 1 1 1 1 1 1 1 1 1 1 1 1 1 0 1 1 1 1 1 1 1 1 1 1 1 1 1 1 0 1 1 1 1 1 1 1 1 1 1 1 1 1 1 1 1 1 1 1 1 1 1 1 1 1 1 1 1 1 1 1 1 1 1 1 1 1 1 1 1 1 1 1 1 1 1 1 1 1 1 1 1 1 1 1 1 1 1 1 1 1 1 1 1 1 1 1 1 1 1 1 1 1 1 1 1 1 1 1 1 1 1 1 1 1 1 1 1 1 1 1 1 1 1 1 1 1 1 1 1 1 1 1 0 0 0 0 0 0 0 0 0 0 0 0 0 0 0 0 0 1 1 1 1 1 1 1 1 1 1 1 1 1 1 1 1 1 1 1 1 1 1 1 1 1 1 1 1 1 1 1 1 1 1 1 1 1 1 1 1 1 1 1 1 1 1 1 1 1 1 1 1 1 1 1 1 1 1 1 1 1 1 1 1 1 1 1 1 1 1 1 1 1 1 1 1 1 1 1 1 1 1 1 1 1 1 1 1 1 1 1 1 1 1 1 1 1 1 1 1 1 1 1 1 1 1 1 1 1 1 1 1 1 1 1 1 1 1 1 1 1 1 1 1 1 1 1 1 1 1 1 1 1 1 1 1 1 1 1 1 1 1 1 1 1 1 1 1 1 1 1 1 1 1 1 1 1 1 1 1 1 1 1 1 1 1 1 1 1 1 
