# This file contains a 2D laser scan observation. 
# Its format is: 
# [aperture] [max_range] [number_of_scans] 
# [vector_of_scans] 
# [vector_of_valid_scans] 
# The aperture of the sensor is in radians, the maximum range 
# and measurements are in meters. '1' means a valid scan, '0' otherwise.
4.1847
5.6
682
0.623 0.626 0.626 0.629 0.63 0.636 0.642 0.642 0.649 0.651 0.66 0.668 0.674 1.47 1.47 1.47 1.465 1.46 1.46 1.46 1.462 1.464 1.464 1.464 1.462 1.459 1.459 1.459 1.463 1.463 1.463 1.463 1.46 1.46 1.455 1.463 1.464 1.465 1.465 1.47 1.471 1.471 1.477 1.477 1.473 1.47 1.467 1.467 1.465 1.461 1.464 1.463 1.461 1.461 1.463 1.458 1.455 1.458 1.463 1.463 1.465 1.465 1.465 1.468 1.469 1.47 1.47 1.47 1.47 1.47 1.477 1.477 1.48 1.48 1.484 1.485 1.485 1.487 1.491 1.491 1.491 1.49 1.49 1.49 1.497 1.5 1.503 1.503 1.503 1.505 1.51 1.511 1.514 1.514 1.525 1.531 1.531 1.533 1.535 1.538 1.54 1.543 1.545 1.545 1.545 1.514 1.493 1.476 1.442 1.416 1.41 1.372 1.346 1.342 1.315 1.298 1.287 1.268 1.251 1.238 1.225 1.203 1.188 1.173 1.166 1.146 1.127 1.116 1.102 1.096 1.086 1.069 1.068 1.052 1.037 1.032 1.021 1.014 1.004 0.995 0.976 0.969 0.969 0.969 0.977 0.984 0.985 0.995 0.996 1.003 1.007 1.01 1.011 1.024 1.027 1.031 1.056 1.087 1.09 1.099 1.099 1.1 1.109 1.116 1.125 1.126 1.128 1.144 1.146 1.157 1.166 1.173 1.177 1.178 1.187 1.189 1.21 1.213 1.22 1.228 1.244 1.245 1.263 1.264 1.273 1.282 1.298 1.307 1.311 1.334 1.339 1.352 1.37 1.373 1.388 1.398 1.415 1.429 1.441 1.454 1.46 1.484 1.499 1.512 1.549 1.587 1.619 1.63 1.651 1.666 1.683 1.706 1.719 1.746 1.761 1.772 1.809 1.818 1.839 1.869 1.889 1.909 1.938 1.957 1.976 1.995 2.027 2.047 2.067 2.123 2.137 2.172 2.172 2.217 2.272 2.296 2.34 2.396 2.417 2.452 2.493 2.57 2.607 2.659 2.714 2.763 2.833 2.864 2.941 2.982 3.048 3.048 3.048 3.041 3.041 3.041 3.041 3.043 3.046 0 0 0 0.007 0 2.741 2.678 2.674 2.667 2.665 2.665 2.665 0 0 0 0 0.007 0 0 0 0 2.96 2.957 2.957 2.957 2.956 2.956 2.95 2.947 2.947 2.946 2.944 2.943 2.942 2.941 2.921 1.656 1.656 1.647 1.65 1.65 1.65 1.65 1.656 2.935 2.939 2.94 2.939 2.935 2.827 2.823 2.823 2.823 2.817 2.806 2.795 1.862 1.861 1.861 1.86 1.86 1.86 1.865 1.865 1.877 1.883 1.883 1.888 1.889 1.897 1.9 1.902 2.237 0.007 0 2.91 2.952 2.952 2.952 2.982 2.99 2.999 2.999 2.999 2.547 2.547 2.491 2.547 2.547 2.491 2.014 2.014 2.014 2.023 2.023 2.023 1.551 1.551 1.551 2.664 2.674 2.728 2.674 2.674 1.83 1.816 1.816 1.83 1.837 1.839 2.654 0.007 2.654 2.405 2.405 2.404 2.399 2.202 2.202 2.202 2.304 2.32 2.363 2.379 2.399 2.399 2.399 2.399 2.399 2.399 2.427 2.44 2.44 2.44 2.422 2.396 2.392 2.392 2.392 2.405 2.418 2.426 2.436 2.448 2.462 2.479 2.489 2.492 2.496 2.511 2.511 2.52 2.542 2.557 2.581 2.589 2.603 2.617 2.619 2.643 2.651 2.663 2.663 2.663 2.357 2.334 2.331 2.323 2.322 2.321 2.315 2.311 2.293 2.288 2.278 2.262 2.25 2.24 2.229 2.217 2.212 2.2 2.181 2.171 2.161 2.15 2.107 2.098 2.098 2.097 2.097 2.098 2.102 2.132 2.185 2.206 2.215 2.23 2.264 2.28 2.292 2.31 2.343 2.364 2.387 2.414 2.426 2.469 2.493 2.497 2.543 2.577 2.585 2.631 2.648 2.683 2.697 2.765 2.787 2.789 2.803 0 0 0 0 0 0 0 0 0 0 0 0 0 0 0 0 0 0 0 0 0 4.539 4.53 4.518 4.53 4.539 0 0 0 0.007 4.438 4.377 4.362 4.344 4.362 4.377 4.42 4.42 4.42 4.428 4.41 4.392 0.763 0.729 0.729 0.729 0.732 0.732 0.732 0.731 0.731 0.725 0.725 0.725 0.725 0.725 0.726 0.726 0.726 0.721 0.721 0.721 0.729 0.742 0.742 0.743 0.742 0.742 0.742 0.737 0.735 0.733 0.733 0.733 0.733 0.734 0.735 0.735 0.736 0.739 0.739 0.739 0.739 0.736 0.736 0.732 0.732 0.737 0.737 0.73 0.736 0.728 0.728 0.728 0.735 0.735 0.736 0.736 0.736 0.736 0.733 0.733 0.736 0.736 0.738 0.738 0.734 0.734 0.74 0.746 0.746 0.746 0.743 0.743 0.739 0.739 0.737 0.731 0.73 0.73 0.73 0.73 0.73 0.73 0.73 0.73 0.731 0.748 0.934 0.934 0.934 0.919 0.907 0.883 0.871 0.849 0.842 0.826 0.826 0.826 0.826 0.83 0.83 0.834 0.836 0.838 0.841 0.842 0.843 0.85 0.851 0.855 0.855 0.859 0.86 0.861 0.861 0.86 0.857 0.857 0.857 0.866 0.872 0.872 0.874 0.879 0.879 0.879 0.883 0.883 0.889 0.895 2.284 2.297 2.315 2.315 2.329 2.332 2.346 2.36 2.364 2.38 2.381 2.4 2.423 2.425 2.43 2.439 2.463 2.489 2.516 2.522 2.536 2.536 2.547 2.551 2.572 2.585 2.599 2.607 2.621 2.648 
1 1 1 1 1 1 1 1 1 1 1 1 1 1 1 1 1 1 1 1 1 1 1 1 1 1 1 1 1 1 1 1 1 1 1 1 1 1 1 1 1 1 1 1 1 1 1 1 1 1 1 1 1 1 1 1 1 1 1 1 1 1 1 1 1 1 1 1 1 1 1 1 1 1 1 1 1 1 1 1 1 1 1 1 1 1 1 1 1 1 1 1 1 1 1 1 1 1 1 1 1 1 1 1 1 1 1 1 1 1 1 1 1 1 1 1 1 1 1 1 1 1 1 1 1 1 1 1 1 1 1 1 1 1 1 1 1 1 1 1 1 1 1 1 1 1 1 1 1 1 1 1 1 1 1 1 1 1 1 1 1 1 1 1 1 1 1 1 1 1 1 1 1 1 1 1 1 1 1 1 1 1 1 1 1 1 1 1 1 1 1 1 1 1 1 1 1 1 1 1 1 1 1 1 1 1 1 1 1 1 1 1 1 1 1 1 1 1 1 1 1 1 1 1 1 1 1 1 1 1 1 1 1 1 1 1 1 1 1 1 1 1 1 1 1 1 1 1 1 1 1 1 1 1 1 1 1 1 1 0 0 0 0 0 1 1 1 1 1 1 1 0 0 0 0 0 0 0 0 0 1 1 1 1 1 1 1 1 1 1 1 1 1 1 1 1 1 1 1 1 1 1 1 1 1 1 1 1 1 1 1 1 1 1 1 1 1 1 1 1 1 1 1 1 1 1 1 1 1 1 1 1 0 0 1 1 1 1 1 1 1 1 1 1 1 1 1 1 1 1 1 1 1 1 1 1 1 1 1 1 1 1 1 1 1 1 1 1 1 1 0 1 1 1 1 1 1 1 1 1 1 1 1 1 1 1 1 1 1 1 1 1 1 1 1 1 1 1 1 1 1 1 1 1 1 1 1 1 1 1 1 1 1 1 1 1 1 1 1 1 1 1 1 1 1 1 1 1 1 1 1 1 1 1 1 1 1 1 1 1 1 1 1 1 1 1 1 1 1 1 1 1 1 1 1 1 1 1 1 1 1 1 1 1 1 1 1 1 1 1 1 1 1 1 1 1 1 1 1 1 0 0 0 0 0 0 0 0 0 0 0 0 0 0 0 0 0 0 0 0 0 1 1 1 1 1 0 0 0 0 1 1 1 1 1 1 1 1 1 1 1 1 1 1 1 1 1 1 1 1 1 1 1 1 1 1 1 1 1 1 1 1 1 1 1 1 1 1 1 1 1 1 1 1 1 1 1 1 1 1 1 1 1 1 1 1 1 1 1 1 1 1 1 1 1 1 1 1 1 1 1 1 1 1 1 1 1 1 1 1 1 1 1 1 1 1 1 1 1 1 1 1 1 1 1 1 1 1 1 1 1 1 1 1 1 1 1 1 1 1 1 1 1 1 1 1 1 1 1 1 1 1 1 1 1 1 1 1 1 1 1 1 1 1 1 1 1 1 1 1 1 1 1 1 1 1 1 1 1 1 1 1 1 1 1 1 1 1 1 1 1 1 1 1 1 1 1 1 1 1 1 1 
