# This file contains a 2D laser scan observation. 
# Its format is: 
# [aperture] [max_range] [number_of_scans] 
# [vector_of_scans] 
# [vector_of_valid_scans] 
# The aperture of the sensor is in radians, the maximum range 
# and measurements are in meters. '1' means a valid scan, '0' otherwise.
4.1847
5.6
682
1.639 1.637 1.635 1.635 1.635 1.635 1.635 1.636 1.637 1.639 1.639 1.64 1.64 1.64 1.63 1.63 1.623 1.627 1.627 1.626 1.626 1.626 1.622 1.622 1.624 1.624 1.635 1.635 1.635 1.634 1.632 1.622 1.622 1.626 1.626 1.626 1.626 1.553 1.485 1.415 1.363 1.305 1.261 1.222 1.176 1.144 1.103 1.071 1.044 1.012 0.998 0.996 0.996 0.996 0.996 0.996 1 1 1.003 1.01 1.016 1.016 1.016 1.017 1.017 1.017 1.022 1.052 1.058 1.064 1.067 1.067 1.067 1.07 1.071 1.075 1.083 1.086 1.087 1.088 1.092 1.096 1.099 1.1 1.107 1.113 1.113 1.113 1.115 1.118 1.121 1.125 1.13 1.137 1.14 1.15 1.15 1.152 1.158 1.159 1.164 1.174 1.176 1.18 1.187 1.188 1.188 1.197 1.197 1.206 1.206 1.213 1.222 1.227 1.237 1.238 1.239 1.252 1.258 1.258 1.267 1.281 1.286 1.286 1.292 1.301 1.316 1.321 1.322 1.338 1.341 1.346 1.354 1.37 1.39 1.406 1.414 1.445 1.447 1.469 1.474 1.49 1.498 1.505 1.521 1.525 1.539 1.544 1.553 1.567 1.581 1.596 1.604 1.621 1.628 1.652 1.655 1.672 1.68 1.696 1.701 1.719 1.737 1.753 1.765 1.766 1.787 1.807 1.823 1.831 1.858 1.872 1.89 1.917 1.919 1.948 1.949 1.978 1.996 2.017 2.04 2.063 2.071 2.103 2.105 2.13 2.171 2.189 2.206 2.26 2.28 2.299 2.347 2.38 2.403 2.447 2.486 2.502 2.552 2.577 2.62 2.658 2.693 2.742 2.769 2.79 2.792 2.792 2.79 2.786 2.786 2.786 0 0 0 0 0 0 2.413 2.41 2.401 2.396 2.396 2.396 0 0 0 0 0 0 0 0 0 0 0 0 2.671 2.671 2.667 2.667 2.667 2.663 2.654 1.323 1.321 1.318 1.319 1.318 1.318 1.316 1.318 1.318 2.122 2.126 2.127 2.127 2.128 2.626 2.626 2.626 2.626 2.622 2.618 2.622 2.618 2.615 2.615 2.615 2.615 2.514 2.454 1.144 1.144 1.144 1.503 1.505 1.511 1.513 1.523 1.523 1.513 1.513 1.518 1.518 1.521 1.521 1.524 1.525 1.529 1.532 1.539 1.548 1.575 1.625 1.687 0 0 0 0 0 0 0 0 0 0.007 2.593 2.172 2.168 2.168 2.168 2.168 1.548 1.548 1.548 1.642 1.659 1.659 1.642 1.168 1.168 1.168 1.25 2.292 2.299 2.305 2.305 2.305 2.305 1.442 1.44 1.44 1.44 1.445 1.45 1.451 1.46 1.464 2.251 2.251 2.251 2.053 2.045 2.045 2.038 2.032 1.867 1.867 1.867 1.881 1.935 1.96 1.988 2.029 2.033 2.038 2.038 2.038 2.038 2.038 2.038 2.051 2.078 2.08 2.08 2.08 2.07 2.04 2.024 2.023 2.023 2.024 2.044 2.068 2.071 2.073 2.089 2.097 2.106 2.12 2.121 2.127 2.136 2.155 2.166 2.167 2.178 2.187 2.216 2.231 2.234 2.248 2.259 2.26 2.276 2.294 2.31 2.322 2.323 2.333 2.349 2.349 2.349 1.989 1.978 1.978 1.978 1.978 1.973 1.973 1.965 1.956 1.95 1.946 1.927 1.91 1.905 1.895 1.884 1.88 1.877 1.872 1.855 1.851 1.85 1.834 1.833 1.822 1.817 1.803 1.781 1.772 1.772 1.772 1.772 1.778 1.779 1.791 1.861 1.87 1.895 1.914 1.939 1.957 1.999 2.029 2.047 2.047 2.077 2.094 2.129 2.149 2.182 2.202 2.242 2.271 2.289 2.322 2.365 2.392 2.43 2.504 2.517 2.518 0 0 0 0 0 0 0 0 0 0 0 0 0 0 0 0 0.007 0 4.249 4.266 4.249 4.249 4.266 0 0 0 4.197 4.197 4.197 4.157 4.114 4.085 4.085 4.085 4.17 4.17 4.177 4.172 4.172 4.172 4.172 4.171 4.163 4.158 4.153 4.153 3.762 3.762 3.762 4.143 4.148 4.149 4.149 4.148 4.148 4.15 0 0 0 0 0 0 0.007 0 0 0 0 0 0 0 0 0 0 0 0 0 0 0 0 0 0 0 0 0.007 0 1.259 1.119 1.112 1.089 1.089 1.087 1.087 1.086 1.085 1.085 1.076 1.076 1.022 0.944 0.919 0.917 0.81 0.807 0.716 0.688 0.684 0.674 0.654 0.643 0.632 0.619 0.608 0.599 0.597 0.594 0.588 0.588 0.588 0.59 0.594 0.594 0.59 0.594 0.59 0.59 0.598 0.598 0.598 0.602 0.602 0.602 0.606 0.606 0.606 0.606 0.61 0.618 0.627 0.647 0.647 0.647 0.647 0.647 0.651 0.654 0.655 0.655 0.655 0.656 0.658 0.663 0.663 0.666 0.674 0.669 0.674 0.677 0.679 0.679 0.681 0.682 0.682 0.687 0.688 0.692 0.693 0.696 0.7 0.708 0.708 0.71 0.714 0.714 0.714 0.716 0.725 0.727 0.727 0.735 0.749 0.764 0.765 0.767 0.767 0.767 0.752 0.752 0.752 0.746 0.745 0.745 0.752 0.755 0.758 0.808 0.858 0.875 0.878 0.882 0.891 0.898 0.906 0.908 0.912 0.914 0.926 0.929 0.938 0.944 0.95 0.95 0.952 0.955 0.966 0.967 0.988 0.991 0.993 1 
1 1 1 1 1 1 1 1 1 1 1 1 1 1 1 1 1 1 1 1 1 1 1 1 1 1 1 1 1 1 1 1 1 1 1 1 1 1 1 1 1 1 1 1 1 1 1 1 1 1 1 1 1 1 1 1 1 1 1 1 1 1 1 1 1 1 1 1 1 1 1 1 1 1 1 1 1 1 1 1 1 1 1 1 1 1 1 1 1 1 1 1 1 1 1 1 1 1 1 1 1 1 1 1 1 1 1 1 1 1 1 1 1 1 1 1 1 1 1 1 1 1 1 1 1 1 1 1 1 1 1 1 1 1 1 1 1 1 1 1 1 1 1 1 1 1 1 1 1 1 1 1 1 1 1 1 1 1 1 1 1 1 1 1 1 1 1 1 1 1 1 1 1 1 1 1 1 1 1 1 1 1 1 1 1 1 1 1 1 1 1 1 1 1 1 1 1 1 1 1 1 1 1 1 1 1 1 1 1 1 1 1 0 0 0 0 0 0 1 1 1 1 1 1 0 0 0 0 0 0 0 0 0 0 0 0 1 1 1 1 1 1 1 1 1 1 1 1 1 1 1 1 1 1 1 1 1 1 1 1 1 1 1 1 1 1 1 1 1 1 1 1 1 1 1 1 1 1 1 1 1 1 1 1 1 1 1 1 1 1 1 1 1 1 1 0 0 0 0 0 0 0 0 0 0 1 1 1 1 1 1 1 1 1 1 1 1 1 1 1 1 1 1 1 1 1 1 1 1 1 1 1 1 1 1 1 1 1 1 1 1 1 1 1 1 1 1 1 1 1 1 1 1 1 1 1 1 1 1 1 1 1 1 1 1 1 1 1 1 1 1 1 1 1 1 1 1 1 1 1 1 1 1 1 1 1 1 1 1 1 1 1 1 1 1 1 1 1 1 1 1 1 1 1 1 1 1 1 1 1 1 1 1 1 1 1 1 1 1 1 1 1 1 1 1 1 1 1 1 1 1 1 1 1 1 1 1 1 1 1 1 1 1 1 1 1 1 1 1 1 1 1 1 1 1 1 1 1 1 1 1 1 1 0 0 0 0 0 0 0 0 0 0 0 0 0 0 0 0 0 0 1 1 1 1 1 0 0 0 1 1 1 1 1 1 1 1 1 1 1 1 1 1 1 1 1 1 1 1 1 1 1 1 1 1 1 1 1 1 0 0 0 0 0 0 0 0 0 0 0 0 0 0 0 0 0 0 0 0 0 0 0 0 0 0 0 0 0 1 1 1 1 1 1 1 1 1 1 1 1 1 1 1 1 1 1 1 1 1 1 1 1 1 1 1 1 1 1 1 1 1 1 1 1 1 1 1 1 1 1 1 1 1 1 1 1 1 1 1 1 1 1 1 1 1 1 1 1 1 1 1 1 1 1 1 1 1 1 1 1 1 1 1 1 1 1 1 1 1 1 1 1 1 1 1 1 1 1 1 1 1 1 1 1 1 1 1 1 1 1 1 1 1 1 1 1 1 1 1 1 1 1 1 1 1 1 1 1 1 1 1 1 1 1 1 1 1 1 1 1 1 1 
