# This file contains a 2D laser scan observation. 
# Its format is: 
# [aperture] [max_range] [number_of_scans] 
# [vector_of_scans] 
# [vector_of_valid_scans] 
# The aperture of the sensor is in radians, the maximum range 
# and measurements are in meters. '1' means a valid scan, '0' otherwise.
4.1847
5.6
682
1.849 1.858 1.864 1.865 1.869 1.88 1.891 1.891 1.902 1.905 1.906 1.914 1.925 1.934 1.943 1.947 1.949 1.962 1.963 1.971 1.973 1.986 1.989 1.997 1.999 2.017 2.022 2.036 2.037 2.039 2.042 2.055 2.076 2.083 2.1 2.101 2.109 2.109 2.109 0.768 0.76 0.755 0.755 0.755 0.762 0.78 0.845 0.996 0.999 1.109 2.255 2.268 2.281 2.304 2.317 2.323 2.343 2.354 2.373 2.389 2.402 2.417 2.43 2.456 2.459 2.487 2.496 2.499 2.516 0 0 0 0 0 2.116 2.096 2.093 2.093 2.093 0 0 0 0 0 1.043 1.037 1.032 1.032 1.032 0 0 0 0 0 0 0 4.801 4.801 2.312 1.625 0.537 0.537 0.53 0.53 0.529 0.527 0.527 0.527 0.534 0.541 0.555 0 0 0 0 0 0 0 0 0 0 0 0 0 0 0 0 0 0.007 0 0 0 0 1.467 1.424 1.424 1.424 1.424 1.416 1.374 1.374 1.349 1.261 0.855 0.854 0.853 0.854 0.854 0 0 0 2.026 2.024 2.024 2.015 2.01 0.931 0.931 0.93 0.921 0.92 0.699 0.696 0.694 0.693 0.693 0.692 0.693 0.694 0.694 0.692 0.693 0.693 0.692 0.692 0.693 0.692 0.691 0.691 0.695 1.974 1.977 0.006 0 0 0 0 0 0 1.614 1.584 1.583 1.571 1.564 1.548 1.54 1.54 1.54 1.54 1.528 1.526 1.525 1.524 1.525 1.524 1.524 1.53 1.536 1.567 1.592 1.592 1.592 1.317 1.317 1.317 1.317 1.317 1.571 1.202 1.199 0.971 0.971 0.968 0.971 0.972 1.046 1.048 1.048 1.048 1.054 1.055 1.055 1.069 1.077 1.084 1.097 1.114 1.122 1.127 1.128 1.13 1.136 1.138 1.142 1.146 1.154 1.154 1.154 1.146 1.124 1.124 1.124 1.124 1.126 1.145 1.149 1.163 1.167 1.167 1.167 1.165 1.158 1.154 1.137 1.099 1.099 1.098 1.096 1.098 1.097 1.098 1.105 1.105 1.12 1.139 1.15 1.153 1.163 1.165 1.168 1.178 1.186 1.187 1.19 1.191 1.191 1.194 1.197 1.201 1.206 1.211 1.215 1.218 1.219 1.225 1.226 1.231 1.231 1.239 1.251 1.27 1.282 1.294 1.3 1.314 1.321 1.324 1.336 1.343 1.35 1.359 1.364 1.37 1.381 1.39 1.395 1.403 1.406 1.406 1.409 1.435 1.458 1.478 1.489 1.502 1.508 1.508 1.508 1.06 1.06 1.06 1.072 1.092 1.092 1.092 1.079 1.077 1.077 1.075 1.072 1.072 1.072 1.082 1.091 1.11 1.167 1.247 1.247 1.247 1.234 1.09 1.028 1.025 1.01 1.007 0.993 0.993 0.991 0.984 0.988 0.984 0.971 0.967 0.964 0.963 0.962 0.958 0.952 0.949 0.946 0.945 0.946 0.946 0.946 0.938 0.935 0.922 0.921 0.919 0.919 0.918 0.916 0.916 0.919 0.913 0.913 0.913 0.884 0.884 0.884 0.894 0.902 0.906 0.918 0.918 0.914 0.911 0.914 0.914 1.032 1.12 1.153 1.183 1.229 1.257 1.308 1.325 1.378 1.409 1.466 1.532 1.551 1.591 1.681 1.733 1.744 1.754 0 0 0 0 0 0 0.007 3.545 3.509 3.545 3.545 0 0 0 3.513 3.499 3.459 3.459 3.453 3.459 3.459 3.464 3.535 3.535 3.532 3.532 3.532 3.532 3.541 3.541 3.541 3.541 3.541 3.541 3.543 3.544 3.545 3.547 3.551 3.552 3.552 3.552 3.557 3.56 3.56 3.56 3.56 3.487 3.487 3.487 3.497 3.497 3.497 3.497 3.497 0 0 0 0 0 0 0 0 0 2.746 2.746 2.746 2.766 0 0 0 0 0 0 0 0 0 0 0 0 0 0 2.427 2.425 2.359 2.334 2.298 2.247 2.191 2.162 2.143 2.143 2.114 2.062 2.021 2 1.972 1.953 1.924 1.889 1.858 1.84 1.807 1.804 1.773 1.766 1.725 1.723 1.705 1.693 1.667 1.657 1.65 1.619 1.601 1.597 1.574 1.562 1.514 1.478 1.477 1.473 1.473 1.469 1.467 1.45 1.437 1.427 1.414 1.403 1.389 1.377 1.371 1.361 1.344 1.339 1.318 1.304 1.301 1.289 1.279 1.273 1.262 1.252 1.242 1.233 1.228 1.218 1.212 1.198 1.198 1.182 1.178 1.17 1.159 1.155 1.149 1.146 1.138 1.124 1.121 1.118 1.106 1.103 1.095 1.09 1.089 1.079 1.068 1.065 1.058 1.052 1.042 1.041 1.035 1.033 1.03 1.026 1.02 1.017 1.006 1.006 1.004 1 0.998 0.987 0.985 0.983 0.976 0.974 0.973 0.969 0.967 0.963 0.961 0.952 0.949 0.944 0.943 0.943 0.943 0.943 0.953 0.965 0.989 0.998 1.008 1.03 1.043 1.061 1.062 1.072 1.073 1.08 1.08 1.08 1.073 1.062 1.059 1.049 1.019 1.01 1.01 1.01 1.01 1.01 0.999 0.995 0.989 0.988 0.959 0.894 0.892 0.89 0.889 0.882 0.881 0.874 0.874 0.866 0.866 0.865 0.864 0.858 0.855 0.854 0.854 0.854 0.854 0.853 0.853 0.853 0.851 0.851 0.853 0.857 0.857 0.862 0.862 0.862 0.86 0.855 0.855 0.855 0.856 
1 1 1 1 1 1 1 1 1 1 1 1 1 1 1 1 1 1 1 1 1 1 1 1 1 1 1 1 1 1 1 1 1 1 1 1 1 1 1 1 1 1 1 1 1 1 1 1 1 1 1 1 1 1 1 1 1 1 1 1 1 1 1 1 1 1 1 1 1 0 0 0 0 0 1 1 1 1 1 0 0 0 0 0 1 1 1 1 1 0 0 0 0 0 0 0 1 1 1 1 1 1 1 1 1 1 1 1 1 1 1 0 0 0 0 0 0 0 0 0 0 0 0 0 0 0 0 0 0 0 0 0 0 1 1 1 1 1 1 1 1 1 1 1 1 1 1 1 0 0 0 1 1 1 1 1 1 1 1 1 1 1 1 1 1 1 1 1 1 1 1 1 1 1 1 1 1 1 1 1 1 1 0 0 0 0 0 0 0 1 1 1 1 1 1 1 1 1 1 1 1 1 1 1 1 1 1 1 1 1 1 1 1 1 1 1 1 1 1 1 1 1 1 1 1 1 1 1 1 1 1 1 1 1 1 1 1 1 1 1 1 1 1 1 1 1 1 1 1 1 1 1 1 1 1 1 1 1 1 1 1 1 1 1 1 1 1 1 1 1 1 1 1 1 1 1 1 1 1 1 1 1 1 1 1 1 1 1 1 1 1 1 1 1 1 1 1 1 1 1 1 1 1 1 1 1 1 1 1 1 1 1 1 1 1 1 1 1 1 1 1 1 1 1 1 1 1 1 1 1 1 1 1 1 1 1 1 1 1 1 1 1 1 1 1 1 1 1 1 1 1 1 1 1 1 1 1 1 1 1 1 1 1 1 1 1 1 1 1 1 1 1 1 1 1 1 1 1 1 1 1 1 1 1 1 1 1 1 1 1 1 1 1 1 1 1 1 1 1 1 1 1 1 1 1 1 1 1 1 1 1 1 1 1 1 1 1 0 0 0 0 0 0 0 1 1 1 1 0 0 0 1 1 1 1 1 1 1 1 1 1 1 1 1 1 1 1 1 1 1 1 1 1 1 1 1 1 1 1 1 1 1 1 1 1 1 1 1 1 1 1 1 0 0 0 0 0 0 0 0 0 1 1 1 1 0 0 0 0 0 0 0 0 0 0 0 0 0 0 1 1 1 1 1 1 1 1 1 1 1 1 1 1 1 1 1 1 1 1 1 1 1 1 1 1 1 1 1 1 1 1 1 1 1 1 1 1 1 1 1 1 1 1 1 1 1 1 1 1 1 1 1 1 1 1 1 1 1 1 1 1 1 1 1 1 1 1 1 1 1 1 1 1 1 1 1 1 1 1 1 1 1 1 1 1 1 1 1 1 1 1 1 1 1 1 1 1 1 1 1 1 1 1 1 1 1 1 1 1 1 1 1 1 1 1 1 1 1 1 1 1 1 1 1 1 1 1 1 1 1 1 1 1 1 1 1 1 1 1 1 1 1 1 1 1 1 1 1 1 1 1 1 1 1 1 1 1 1 1 1 1 1 1 1 1 1 1 1 1 1 1 1 1 1 1 1 1 1 1 1 1 1 
