# This file contains a 2D laser scan observation. 
# Its format is: 
# [aperture] [max_range] [number_of_scans] 
# [vector_of_scans] 
# [vector_of_valid_scans] 
# The aperture of the sensor is in radians, the maximum range 
# and measurements are in meters. '1' means a valid scan, '0' otherwise.
4.1847
5.6
682
0.828 0.828 0.833 0.838 1.079 1.082 1.082 1.079 1.073 1.068 1.068 1.068 1.123 1.162 2.233 2.242 2.248 2.248 2.271 2.277 2.287 2.3 2.302 2.306 2.328 2.339 2.349 2.373 2.377 2.387 2.406 2.423 2.423 2.452 2.455 2.46 2.483 2.506 2.516 2.529 2.55 2.55 2.55 0.561 0.56 0.557 0.557 0.557 0.562 0.562 0.563 0.567 0.575 0 0 0 0 0 0 0 0 0 0 0 0 0 1.672 1.672 1.672 0 0 0 0 0 0 0 0 0 0 0 0 0 0 0 0 0 0 0 0 0 0 0 0 0 0 0 0 0 0 0.849 0.841 0.836 0.836 0.836 0.845 0.903 1.375 1.375 1.387 1.375 1.272 0.675 0.67 0.666 0.666 0.666 0.662 0.66 0.659 0.659 0.659 0.659 0.659 0.659 0.659 0.656 0.656 0.655 0.655 0.656 0.665 0.674 0.698 1.951 1.951 1.954 1.952 1.951 1.948 1.905 1.445 1.441 1.44 1.441 1.44 1.434 1.44 1.442 1.92 1.931 1.931 1.928 1.931 1.938 1.928 0 0.007 1.611 1.554 1.535 1.514 1.507 1.496 1.492 1.478 1.477 1.477 1.468 1.462 1.46 1.46 1.462 1.464 1.464 1.464 1.464 1.457 1.456 1.262 1.262 1.235 1.235 0.9 0.9 0.899 0.9 0.902 0.996 0.996 1.01 1.01 1.01 1.049 1.056 1.071 1.088 1.088 1.088 1.001 1.001 1.001 1.008 1.028 1.032 1.036 1.036 1.046 1.047 1.048 1.05 1.054 1.059 1.061 1.061 1.061 1.061 1.05 1.03 1.025 1.025 1.026 1.026 1.032 1.042 1.055 1.055 1.058 1.058 1.059 1.059 1.054 1.036 1.025 1.001 0.987 0.986 0.986 0.986 0.986 0.988 0.988 0.992 0.993 1 1.023 1.036 1.038 1.045 1.052 1.053 1.054 1.055 1.058 1.066 1.072 1.076 1.077 1.079 1.081 1.081 1.083 1.091 1.091 1.095 1.096 1.097 1.103 1.103 1.105 1.108 1.108 1.123 1.125 1.131 1.142 1.156 1.169 1.184 1.193 1.199 1.2 1.209 1.209 1.217 1.22 1.228 1.237 1.241 1.252 1.261 1.265 1.27 1.27 1.27 1.273 1.273 1.276 1.303 1.325 1.335 1.348 1.359 1.359 1.359 0.961 0.925 0.925 0.925 0.959 0.959 0.959 0.958 0.952 0.952 0.946 0.945 0.939 0.939 0.939 0.945 0.956 0.965 0.972 1.04 1.106 1.122 1.124 1.134 1.151 1.157 1.162 1.184 1.197 1.199 1.209 1.227 1.229 1.246 1.247 1.262 1.268 1.268 1.262 0.863 0.856 0.835 0.83 0.83 0.823 0.823 0.822 0.821 0.821 0.816 0.816 0.816 0.81 0.803 0.807 0.803 0.803 0.798 0.795 0.791 0.787 0.786 0.786 0.786 0.797 0.8 0.8 0.797 0.793 0.773 0.773 0.773 0.78 0.783 0.783 0.783 0.783 0.783 0.783 0.783 0.785 0.793 0.988 1.03 1.061 1.099 1.144 1.163 1.207 1.248 1.283 1.335 1.4 1.426 1.458 1.6 1.61 1.619 1.619 0 0 0 0.007 3.418 3.401 3.394 3.394 3.418 0 0 0 3.403 3.372 3.342 3.338 3.338 3.322 3.338 3.338 3.321 3.321 3.411 3.41 3.41 3.41 3.397 3.397 3.397 3.416 3.421 3.422 3.422 3.422 3.423 3.423 3.423 3.424 3.43 3.433 3.433 3.433 3.433 3.446 3.446 3.449 3.449 3.457 0.007 3.471 3.403 3.403 3.386 3.403 3.403 0 0 0 0 0 0 0 0 0 2.63 2.63 2.63 2.654 0 0 0 0 0 0 0 0 0.007 2.733 2.733 2.634 2.634 0.007 0 2.503 2.372 2.372 2.317 2.315 2.232 2.21 2.156 2.137 2.111 2.079 2.035 2.007 2.007 1.999 1.964 1.914 1.885 1.878 1.872 1.835 1.813 1.77 1.755 1.754 1.745 1.737 1.718 1.69 1.686 1.661 1.656 1.63 1.615 1.607 1.593 1.58 1.565 1.553 1.546 1.526 1.51 1.508 1.498 1.466 1.462 1.449 1.439 1.423 1.414 1.411 1.401 1.38 1.379 1.37 1.351 1.343 1.338 1.325 1.311 1.311 1.301 1.295 1.287 1.279 1.253 1.251 1.244 1.234 1.23 1.222 1.218 1.21 1.2 1.189 1.185 1.177 1.168 1.16 1.16 1.151 1.148 1.138 1.135 1.126 1.123 1.11 1.109 1.107 1.1 1.098 1.095 1.086 1.076 1.068 1.065 1.062 1.059 1.056 1.053 1.049 1.044 1.041 1.035 1.034 1.031 1.031 1.021 1.019 1.01 1.009 1.008 1.005 0.997 0.994 0.986 0.986 0.985 0.98 0.98 0.98 0.977 0.972 0.966 0.964 0.957 0.953 0.953 0.95 0.948 0.946 0.946 0.945 0.938 0.938 0.934 0.938 0.94 0.961 0.972 1.007 1.023 1.04 1.073 1.075 1.084 1.085 1.09 1.09 1.085 1.075 1.072 1.065 1.064 1.062 1.032 1.031 1.031 1.031 1.031 1.031 1.016 1.014 1.011 1.011 1.009 1.004 0.948 0.921 0.917 0.915 0.908 0.907 0.907 0.906 0.904 0.895 0.894 0.894 0.894 0.894 0.892 0.892 0.892 0.892 0.892 0.892 0.892 0.891 0.891 0.891 0.891 0.899 0.899 0.899 0.9 
1 1 1 1 1 1 1 1 1 1 1 1 1 1 1 1 1 1 1 1 1 1 1 1 1 1 1 1 1 1 1 1 1 1 1 1 1 1 1 1 1 1 1 1 1 1 1 1 1 1 1 1 1 0 0 0 0 0 0 0 0 0 0 0 0 0 1 1 1 0 0 0 0 0 0 0 0 0 0 0 0 0 0 0 0 0 0 0 0 0 0 0 0 0 0 0 0 0 0 1 1 1 1 1 1 1 1 1 1 1 1 1 1 1 1 1 1 1 1 1 1 1 1 1 1 1 1 1 1 1 1 1 1 1 1 1 1 1 1 1 1 1 1 1 1 1 1 1 1 1 1 1 1 1 1 0 0 1 1 1 1 1 1 1 1 1 1 1 1 1 1 1 1 1 1 1 1 1 1 1 1 1 1 1 1 1 1 1 1 1 1 1 1 1 1 1 1 1 1 1 1 1 1 1 1 1 1 1 1 1 1 1 1 1 1 1 1 1 1 1 1 1 1 1 1 1 1 1 1 1 1 1 1 1 1 1 1 1 1 1 1 1 1 1 1 1 1 1 1 1 1 1 1 1 1 1 1 1 1 1 1 1 1 1 1 1 1 1 1 1 1 1 1 1 1 1 1 1 1 1 1 1 1 1 1 1 1 1 1 1 1 1 1 1 1 1 1 1 1 1 1 1 1 1 1 1 1 1 1 1 1 1 1 1 1 1 1 1 1 1 1 1 1 1 1 1 1 1 1 1 1 1 1 1 1 1 1 1 1 1 1 1 1 1 1 1 1 1 1 1 1 1 1 1 1 1 1 1 1 1 1 1 1 1 1 1 1 1 1 1 1 1 1 1 1 1 1 1 1 1 1 1 1 1 1 1 1 1 1 1 1 1 1 1 1 1 1 1 1 1 1 1 1 0 0 0 0 1 1 1 1 1 0 0 0 1 1 1 1 1 1 1 1 1 1 1 1 1 1 1 1 1 1 1 1 1 1 1 1 1 1 1 1 1 1 1 1 1 1 1 1 0 1 1 1 1 1 1 0 0 0 0 0 0 0 0 0 1 1 1 1 0 0 0 0 0 0 0 0 0 1 1 1 1 0 0 1 1 1 1 1 1 1 1 1 1 1 1 1 1 1 1 1 1 1 1 1 1 1 1 1 1 1 1 1 1 1 1 1 1 1 1 1 1 1 1 1 1 1 1 1 1 1 1 1 1 1 1 1 1 1 1 1 1 1 1 1 1 1 1 1 1 1 1 1 1 1 1 1 1 1 1 1 1 1 1 1 1 1 1 1 1 1 1 1 1 1 1 1 1 1 1 1 1 1 1 1 1 1 1 1 1 1 1 1 1 1 1 1 1 1 1 1 1 1 1 1 1 1 1 1 1 1 1 1 1 1 1 1 1 1 1 1 1 1 1 1 1 1 1 1 1 1 1 1 1 1 1 1 1 1 1 1 1 1 1 1 1 1 1 1 1 1 1 1 1 1 1 1 1 1 1 1 1 1 1 1 1 1 1 1 1 1 1 1 1 1 1 1 1 1 1 
