# This file contains a 2D laser scan observation. 
# Its format is: 
# [aperture] [max_range] [number_of_scans] 
# [vector_of_scans] 
# [vector_of_valid_scans] 
# The aperture of the sensor is in radians, the maximum range 
# and measurements are in meters. '1' means a valid scan, '0' otherwise.
4.1847
5.6
682
0.833 0.833 0.837 0.839 1.083 1.086 1.086 1.083 1.071 1.062 1.062 1.071 1.119 1.167 2.221 2.249 2.251 2.251 2.276 2.277 2.279 2.301 2.308 2.321 2.324 2.35 2.352 2.369 2.375 2.382 2.406 2.42 2.434 2.437 2.463 2.473 2.489 2.503 2.522 2.536 2.546 2.546 2.546 0.566 0.562 0.559 0.559 0.559 0.559 0.56 0.562 0.566 0.568 0 0 0 0 0 0 0 0 0 0 0 0 0 1.675 1.675 1.675 0 0 0 0 0 0 0 0 0 0 0 0 0 0 0 0 0 0 0 0 0 0 0 2.147 2.147 2.147 0 0 0 0 0.843 0.843 0.841 0.841 0.841 0.844 0.918 1.379 1.379 1.449 0.007 1.267 0.674 0.667 0.664 0.661 0.661 0.661 0.661 0.663 0.663 0.663 0.663 0.663 0.662 0.658 0.651 0.649 0.648 0.648 0.649 0.652 0.666 0.699 1.949 1.963 1.963 1.955 1.949 1.948 1.884 1.443 1.438 1.435 1.435 1.434 1.431 1.435 1.435 1.927 1.931 1.931 1.931 1.935 0 0 0.015 0 0 1.545 1.531 1.508 1.505 1.493 1.492 1.482 1.476 1.463 1.463 1.463 1.455 1.455 1.455 1.458 1.459 1.459 1.463 1.459 1.454 1.254 1.254 1.228 1.227 0.897 0.897 0.895 0.897 0.899 0.979 0.979 1.023 1.023 1.023 1.046 1.055 1.073 1.096 1.096 1.096 1.005 1.005 1.005 1.005 1.022 1.028 1.045 1.047 1.047 1.048 1.047 1.052 1.056 1.056 1.056 1.056 1.055 1.052 1.05 1.029 1.026 1.026 1.026 1.032 1.032 1.041 1.056 1.057 1.063 1.063 1.063 1.061 1.046 1.04 1.02 1 0.995 0.99 0.988 0.987 0.987 0.988 0.994 0.996 0.998 1.004 1.02 1.029 1.031 1.041 1.043 1.048 1.053 1.056 1.058 1.065 1.066 1.067 1.076 1.076 1.078 1.078 1.082 1.088 1.089 1.09 1.095 1.095 1.096 1.099 1.107 1.107 1.114 1.119 1.12 1.137 1.14 1.151 1.163 1.184 1.193 1.195 1.202 1.203 1.215 1.218 1.228 1.228 1.232 1.236 1.257 1.258 1.263 1.269 1.269 1.27 1.273 1.274 1.281 1.305 1.318 1.338 1.348 1.357 1.357 1.357 0.948 0.927 0.927 0.927 0.957 0.962 0.962 0.957 0.952 0.951 0.948 0.942 0.936 0.936 0.936 0.937 0.951 0.964 0.972 1.035 1.109 1.124 1.125 1.131 1.137 1.16 1.161 1.175 1.197 1.202 1.207 1.22 1.231 1.254 1.258 1.268 1.281 1.281 1.281 1.202 1.114 0.965 0.863 0.84 0.837 0.826 0.818 0.817 0.817 0.814 0.814 0.813 0.813 0.806 0.802 0.793 0.793 0.791 0.791 0.783 0.782 0.78 0.78 0.782 0.791 0.796 0.796 0.796 0.79 0.766 0.766 0.766 0.78 0.782 0.783 0.782 0.782 0.782 0.782 0.782 0.782 0.785 0.976 1.022 1.063 1.096 1.142 1.169 1.204 1.234 1.274 1.332 1.4 1.429 1.472 1.525 1.597 1.609 1.62 0 0 0 0.007 0 3.414 3.414 3.414 3.414 0 0 0 3.399 3.379 3.328 3.327 3.327 3.327 3.327 3.327 3.327 3.327 3.41 3.41 3.41 3.41 3.395 3.395 3.395 3.417 3.42 3.422 3.424 3.425 3.426 3.426 3.428 3.426 3.428 3.435 3.428 3.425 3.428 3.449 3.449 3.453 3.453 3.458 0.007 3.461 3.402 3.402 3.401 3.401 3.401 0 0 0 0 0 0 0 0 0.007 2.655 2.655 0 2.655 0 0.007 0 0 0 0 0 0 0 0 0 0 0 0 2.505 2.482 2.377 2.377 2.303 2.295 2.237 2.194 2.176 2.139 2.11 2.083 2.057 2.013 2.013 1.991 1.952 1.903 1.888 1.865 1.841 1.832 1.832 1.809 1.749 1.741 1.738 1.732 1.705 1.686 1.685 1.669 1.654 1.634 1.618 1.617 1.584 1.571 1.567 1.552 1.544 1.522 1.513 1.506 1.49 1.468 1.464 1.456 1.441 1.425 1.41 1.404 1.397 1.392 1.378 1.372 1.353 1.338 1.338 1.33 1.316 1.308 1.302 1.296 1.289 1.273 1.255 1.252 1.241 1.233 1.232 1.221 1.215 1.215 1.199 1.195 1.182 1.176 1.171 1.168 1.159 1.152 1.146 1.138 1.13 1.121 1.119 1.109 1.108 1.107 1.102 1.096 1.094 1.088 1.078 1.075 1.07 1.062 1.06 1.059 1.053 1.042 1.042 1.041 1.032 1.031 1.022 1.02 1.013 1.01 1.007 1.003 1.003 1.003 0.995 0.992 0.99 0.987 0.984 0.983 0.981 0.971 0.968 0.967 0.96 0.96 0.96 0.958 0.958 0.954 0.948 0.947 0.94 0.935 0.935 0.936 0.935 0.936 0.944 0.952 0.971 1.012 1.025 1.046 1.068 1.073 1.085 1.089 1.089 1.089 1.08 1.079 1.068 1.068 1.065 1.061 1.04 1.027 1.027 1.027 1.027 1.027 1.016 1.013 1.011 1.006 1.003 1.001 0.958 0.92 0.918 0.914 0.91 0.906 0.906 0.904 0.903 0.899 0.899 0.899 0.896 0.891 0.895 0.891 0.891 0.89 0.89 0.89 0.89 0.894 0.894 0.894 0.897 0.903 0.903 0.903 0.903 
1 1 1 1 1 1 1 1 1 1 1 1 1 1 1 1 1 1 1 1 1 1 1 1 1 1 1 1 1 1 1 1 1 1 1 1 1 1 1 1 1 1 1 1 1 1 1 1 1 1 1 1 1 0 0 0 0 0 0 0 0 0 0 0 0 0 1 1 1 0 0 0 0 0 0 0 0 0 0 0 0 0 0 0 0 0 0 0 0 0 0 0 1 1 1 0 0 0 0 1 1 1 1 1 1 1 1 1 1 0 1 1 1 1 1 1 1 1 1 1 1 1 1 1 1 1 1 1 1 1 1 1 1 1 1 1 1 1 1 1 1 1 1 1 1 1 1 1 1 1 1 1 1 0 0 0 0 0 1 1 1 1 1 1 1 1 1 1 1 1 1 1 1 1 1 1 1 1 1 1 1 1 1 1 1 1 1 1 1 1 1 1 1 1 1 1 1 1 1 1 1 1 1 1 1 1 1 1 1 1 1 1 1 1 1 1 1 1 1 1 1 1 1 1 1 1 1 1 1 1 1 1 1 1 1 1 1 1 1 1 1 1 1 1 1 1 1 1 1 1 1 1 1 1 1 1 1 1 1 1 1 1 1 1 1 1 1 1 1 1 1 1 1 1 1 1 1 1 1 1 1 1 1 1 1 1 1 1 1 1 1 1 1 1 1 1 1 1 1 1 1 1 1 1 1 1 1 1 1 1 1 1 1 1 1 1 1 1 1 1 1 1 1 1 1 1 1 1 1 1 1 1 1 1 1 1 1 1 1 1 1 1 1 1 1 1 1 1 1 1 1 1 1 1 1 1 1 1 1 1 1 1 1 1 1 1 1 1 1 1 1 1 1 1 1 1 1 1 1 1 1 1 1 1 1 1 1 1 1 1 1 1 1 1 1 1 1 1 1 1 1 1 1 0 0 0 0 0 1 1 1 1 0 0 0 1 1 1 1 1 1 1 1 1 1 1 1 1 1 1 1 1 1 1 1 1 1 1 1 1 1 1 1 1 1 1 1 1 1 1 1 0 1 1 1 1 1 1 0 0 0 0 0 0 0 0 0 1 1 0 1 0 0 0 0 0 0 0 0 0 0 0 0 0 0 1 1 1 1 1 1 1 1 1 1 1 1 1 1 1 1 1 1 1 1 1 1 1 1 1 1 1 1 1 1 1 1 1 1 1 1 1 1 1 1 1 1 1 1 1 1 1 1 1 1 1 1 1 1 1 1 1 1 1 1 1 1 1 1 1 1 1 1 1 1 1 1 1 1 1 1 1 1 1 1 1 1 1 1 1 1 1 1 1 1 1 1 1 1 1 1 1 1 1 1 1 1 1 1 1 1 1 1 1 1 1 1 1 1 1 1 1 1 1 1 1 1 1 1 1 1 1 1 1 1 1 1 1 1 1 1 1 1 1 1 1 1 1 1 1 1 1 1 1 1 1 1 1 1 1 1 1 1 1 1 1 1 1 1 1 1 1 1 1 1 1 1 1 1 1 1 1 1 1 1 1 1 1 1 1 1 1 1 1 1 1 1 1 1 1 1 1 
