# This file contains a 2D laser scan observation. 
# Its format is: 
# [aperture] [max_range] [number_of_scans] 
# [vector_of_scans] 
# [vector_of_valid_scans] 
# The aperture of the sensor is in radians, the maximum range 
# and measurements are in meters. '1' means a valid scan, '0' otherwise.
4.1847
5.6
682
1.008 1 0.994 0.988 0.982 0.975 0.972 0.964 0.961 0.959 0.954 0.949 0.949 0.944 0.939 0.935 0.932 0.93 0.927 0.924 0.919 0.913 0.913 0.909 0.908 0.906 0.9 0.893 0.889 0.887 0.884 0.882 0.882 0.881 0.879 0.868 0.864 0.86 0.854 0.854 0.854 0.854 0.854 0.848 0.847 0.845 0.843 0.843 0.837 0.837 0.836 0.833 0.835 0.835 0.826 0.819 0.819 0.819 0.815 0.813 0.815 0.813 0.811 0.811 0.81 0.809 0.808 0.808 0.804 0.8 0.8 0.799 0.798 0.797 0.794 0.794 0.793 0.793 0.792 0.793 0.793 0.791 0.788 0.784 0.784 0.784 0.784 0.784 0.784 0.784 0.784 0.784 0.781 0.781 0.781 0.778 0.778 0.778 0.782 0.776 0.78 0.776 0.78 0.78 0.78 0.784 0.786 0.785 0.786 0.789 0.79 0.79 0.792 0.795 0.795 0.795 0.797 0.794 0.793 0.793 0.789 0.788 0.784 0.782 0.782 0.781 0.778 0.778 0.777 0.777 0.778 0.778 0.778 0.778 0.777 0.777 0.777 0.78 0.78 0.78 0.78 0.782 0.782 0.782 0.782 0.782 0.784 0.786 0.788 0.788 0.788 0.789 0.79 0.79 0.794 0.794 0.795 0.795 0.796 0.797 0.795 0.8 0.802 0.803 0.803 0.805 0.811 0.814 0.815 0.826 0.826 0.826 0.82 0.819 0.818 0.818 0.82 0.818 0.82 0.822 0.825 0.825 0.825 0.827 0.835 0.838 0.838 0.841 0.844 0.846 0.855 0.855 0.855 0.855 0.855 0.855 0.861 0.865 0.865 0.869 0.876 0.88 0.882 0.884 0.889 0.89 0.896 0.899 0.907 0.912 0.913 0.916 0.916 0.918 0.92 0.931 0.934 0.938 0.941 0.943 0.945 0.948 0.956 0.961 0.965 0.974 0.976 0.984 0.989 0.991 0.996 0.999 1.011 1.013 1.021 1.031 1.032 1.035 1.047 1.051 1.06 1.067 1.075 1.078 1.082 1.082 1.097 1.102 1.108 1.129 1.131 1.132 1.149 1.31 1.313 1.313 1.313 1.285 1.285 1.285 1.287 1.294 1.321 1.321 1.321 1.321 1.321 1.325 1.339 1.356 1.357 1.357 1.364 1.381 1.385 1.402 1.407 1.428 1.43 1.445 1.459 1.477 1.49 1.504 1.519 1.551 1.562 1.572 1.588 1.592 3.069 3.085 3.085 3.07 3.069 3.064 3.057 3.043 3.043 3.043 3.086 3.102 3.102 3.102 2.984 2.959 2.954 2.954 2.954 2.955 2.957 2.971 2.978 3.024 3.109 3.751 3.757 3.757 3.751 3.751 3.747 3.738 3.718 3.705 3.693 3.682 3.678 3.677 3.675 3.672 3.659 3.658 3.653 3.651 3.646 3.644 3.638 3.635 3.625 3.618 3.612 3.609 3.606 3.596 3.593 3.59 3.589 3.581 3.579 3.579 3.576 3.576 3.571 3.558 2.918 2.915 2.914 2.914 2.914 2.942 2.942 2.942 2.94 2.94 2.937 2.928 2.931 2.93 2.928 2.93 2.93 2.93 2.926 2.92 2.918 2.918 2.918 2.928 2.931 2.933 2.936 2.936 2.936 2.936 2.936 2.936 2.936 2.936 2.943 2.944 2.951 2.953 2.957 2.966 2.981 2.991 2.991 2.991 2.991 2.994 2.994 3.003 3.004 3.005 3.009 3.009 3.017 3.018 3.022 3.025 3.034 3.038 3.041 3.041 3.043 3.043 3.055 3.055 3.03 2.007 2.007 2.001 2.007 2.008 2.008 2.001 1.657 1.657 1.657 1.666 1.675 1.679 1.679 1.679 1.683 1.686 1.69 1.698 1.754 1.82 1.952 1.982 2.022 2.022 2.03 2.068 2.093 2.104 2.105 0 0 0 0 1.577 1.558 1.541 1.537 1.537 1.537 1.537 1.537 1.537 1.537 0.616 0.605 0.601 0.599 0.599 0.597 0.575 0.505 0.503 0.501 0.503 0.501 0.5 0.5 0.5 0.5 0.507 0.51 0.51 0.51 0.511 0.511 0.511 0.511 0.511 0.51 0.51 0.509 0.509 0.508 0.504 0.497 0.497 0.494 0.494 0.491 0.491 0.485 0.48 0.473 0.473 0.473 0.467 0.466 0.457 0.456 0.453 0.456 0.457 0.451 0.447 0.447 0.445 0.445 0.44 0.435 0.434 0.433 0.432 0.432 0.432 0.429 0.428 0.426 0.426 0.421 0.421 0.416 0.416 0.412 0.411 0.41 0.41 0.403 0.403 0.403 0.399 0.399 0.399 0.399 0.399 0.397 0.394 0.395 0.394 0.386 0.383 0.382 0.382 0.382 0.375 0.382 0.378 0.375 0.377 0.377 0.372 0.372 0.372 0.367 0.371 0.371 0.373 0.371 0.371 0.373 0.366 0.366 0.367 0.367 0.361 0.367 0.37 0.361 0.37 0.37 0.36 0.36 0.358 0.357 0.358 0.358 0.355 0.355 0.358 0.355 0.355 0.355 0.356 0.355 0.356 0.356 0.356 0.356 0.356 0.356 0.356 0.356 0.353 0.353 0.353 0.353 0.358 0.358 0.359 0.358 0.351 0.348 0.348 0.348 0.348 0.352 0.352 0.353 0.353 0.352 0.353 0.353 0.353 0.35 0.354 0.35 0.35 0.35 0.35 0.35 0.349 0.349 0.349 0.349 0.346 0.346 0.346 0.346 0.344 0.347 0.347 0.349 0.348 0.351 0.351 0.351 0.351 0.351 0.346 0.346 0.346 0.344 0.348 0.349 0.349 0.349 0.349 0.353 0.35 0.353 0.356 0.356 0.357 0.357 0.356 0.353 0.353 0.353 0.356 0.356 0.357 0.357 0.36 0.36 0.357 0.36 0.36 0.36 0.36 0.365 0.365 0.367 0.365 
1 1 1 1 1 1 1 1 1 1 1 1 1 1 1 1 1 1 1 1 1 1 1 1 1 1 1 1 1 1 1 1 1 1 1 1 1 1 1 1 1 1 1 1 1 1 1 1 1 1 1 1 1 1 1 1 1 1 1 1 1 1 1 1 1 1 1 1 1 1 1 1 1 1 1 1 1 1 1 1 1 1 1 1 1 1 1 1 1 1 1 1 1 1 1 1 1 1 1 1 1 1 1 1 1 1 1 1 1 1 1 1 1 1 1 1 1 1 1 1 1 1 1 1 1 1 1 1 1 1 1 1 1 1 1 1 1 1 1 1 1 1 1 1 1 1 1 1 1 1 1 1 1 1 1 1 1 1 1 1 1 1 1 1 1 1 1 1 1 1 1 1 1 1 1 1 1 1 1 1 1 1 1 1 1 1 1 1 1 1 1 1 1 1 1 1 1 1 1 1 1 1 1 1 1 1 1 1 1 1 1 1 1 1 1 1 1 1 1 1 1 1 1 1 1 1 1 1 1 1 1 1 1 1 1 1 1 1 1 1 1 1 1 1 1 1 1 1 1 1 1 1 1 1 1 1 1 1 1 1 1 1 1 1 1 1 1 1 1 1 1 1 1 1 1 1 1 1 1 1 1 1 1 1 1 1 1 1 1 1 1 1 1 1 1 1 1 1 1 1 1 1 1 1 1 1 1 1 1 1 1 1 1 1 1 1 1 1 1 1 1 1 1 1 1 1 1 1 1 1 1 1 1 1 1 1 1 1 1 1 1 1 1 1 1 1 1 1 1 1 1 1 1 1 1 1 1 1 1 1 1 1 1 1 1 1 1 1 1 1 1 1 1 1 1 1 1 1 1 1 1 1 1 1 1 1 1 1 1 1 1 1 1 1 1 1 1 1 1 1 1 1 1 1 1 1 1 1 1 1 1 1 1 1 1 1 1 1 1 1 1 1 1 1 1 1 1 1 1 1 1 1 1 1 1 1 1 1 1 1 1 1 1 1 1 1 1 1 1 0 0 0 0 1 1 1 1 1 1 1 1 1 1 1 1 1 1 1 1 1 1 1 1 1 1 1 1 1 1 1 1 1 1 1 1 1 1 1 1 1 1 1 1 1 1 1 1 1 1 1 1 1 1 1 1 1 1 1 1 1 1 1 1 1 1 1 1 1 1 1 1 1 1 1 1 1 1 1 1 1 1 1 1 1 1 1 1 1 1 1 1 1 1 1 1 1 1 1 1 1 1 1 1 1 1 1 1 1 1 1 1 1 1 1 1 1 1 1 1 1 1 1 1 1 1 1 1 1 1 1 1 1 1 1 1 1 1 1 1 1 1 1 1 1 1 1 1 1 1 1 1 1 1 1 1 1 1 1 1 1 1 1 1 1 1 1 1 1 1 1 1 1 1 1 1 1 1 1 1 1 1 1 1 1 1 1 1 1 1 1 1 1 1 1 1 1 1 1 1 1 1 1 1 1 1 1 1 1 1 1 1 1 1 1 1 1 1 1 1 1 1 1 1 1 1 1 1 1 1 1 1 1 
