# This file contains a 2D laser scan observation. 
# Its format is: 
# [aperture] [max_range] [number_of_scans] 
# [vector_of_scans] 
# [vector_of_valid_scans] 
# The aperture of the sensor is in radians, the maximum range 
# and measurements are in meters. '1' means a valid scan, '0' otherwise.
4.1847
5.6
682
0.909 0.897 0.895 0.891 0.88 0.88 0.879 0.874 0.874 0.863 0.863 0.859 0.857 0.852 0.851 0.847 0.846 0.84 0.832 0.825 0.822 0.821 0.82 0.82 0.819 0.812 0.811 0.807 0.802 0.802 0.802 0.802 0.799 0.793 0.79 0.788 0.788 0.785 0.785 0.779 0.775 0.78 0.768 0.768 0.768 0.768 0.765 0.762 0.758 0.756 0.756 0.75 0.755 0.755 0.748 0.748 0.746 0.746 0.745 0.745 0.741 0.741 0.741 0.74 0.738 0.736 0.736 0.736 0.734 0.73 0.727 0.727 0.726 0.722 0.722 0.723 0.723 0.735 0.735 0.735 0.735 0.719 0.714 0.713 0.713 0.714 0.713 0.713 0.71 0.708 0.708 0.708 0.707 0.708 0.708 0.708 0.709 0.711 0.711 0.711 0.711 0.711 0.711 0.709 0.716 0.718 0.725 0.727 0.727 0.732 0.733 0.735 0.733 0.734 0.734 0.73 0.718 0.718 0.712 0.712 0.708 0.701 0.701 0.701 0.701 0.701 0.706 0.701 0.701 0.707 0.707 0.705 0.707 0.707 0.707 0.707 0.712 0.711 0.712 0.712 0.712 0.712 0.716 0.712 0.716 0.717 0.716 0.717 0.717 0.718 0.716 0.718 0.716 0.718 0.716 0.722 0.724 0.724 0.724 0.726 0.726 0.726 0.731 0.732 0.733 0.736 0.736 0.737 0.739 0.745 0.747 0.752 0.747 0.752 0.753 0.753 0.753 0.754 0.754 0.763 0.767 0.768 0.769 0.772 0.772 0.774 0.778 0.778 0.78 0.784 0.784 0.787 0.787 0.792 0.796 0.797 0.797 0.8 0.802 0.802 0.808 0.81 0.816 0.825 0.911 1.04 1.042 1.05 1.05 1.04 1.036 1.034 0.956 0.938 0.938 0.938 0.944 0.944 0.993 1.003 1.003 1.003 0.992 0.977 0.971 0.953 0.951 0.95 0.948 0.95 0.95 0.967 0.968 0.969 0.98 0.981 0.988 0.994 0.994 1.006 1.006 1.006 1.01 1.024 1.038 1.053 1.053 1.066 1.067 1.082 1.086 1.087 1.091 1.094 1.095 1.103 1.105 1.11 1.119 1.131 1.139 1.156 1.156 1.163 1.169 1.192 1.198 2.822 2.822 2.822 2.809 2.794 2.788 2.776 2.769 2.754 2.736 2.733 2.712 2.706 2.696 2.691 2.684 2.677 2.659 2.657 2.653 2.653 2.653 2.688 2.723 2.723 2.723 2.634 2.581 2.575 2.565 2.56 2.557 2.557 2.56 2.563 2.57 2.587 2.609 2.703 2.703 2.718 2.797 3.33 3.341 3.341 3.335 3.335 3.327 3.317 3.309 3.3 3.291 3.281 3.281 3.273 3.263 3.253 3.252 3.248 3.243 3.233 3.225 3.222 3.217 3.215 3.205 3.2 3.192 3.189 3.181 3.181 3.18 3.18 3.179 3.172 3.17 3.167 3.156 3.153 3.153 3.153 3.147 3.147 3.145 3.141 2.503 2.5 2.5 2.494 2.494 2.494 2.527 2.527 2.527 2.525 2.525 2.522 2.517 2.517 2.517 2.517 2.518 2.518 2.517 2.521 2.515 2.513 2.512 2.512 2.512 2.519 2.519 2.524 2.524 2.521 2.524 2.531 2.532 2.531 2.532 2.532 2.532 2.532 2.535 2.535 2.537 2.543 2.547 2.549 2.555 2.574 2.599 2.599 2.599 2.599 2.606 2.61 2.613 2.614 2.619 2.62 2.623 2.63 2.637 2.639 2.643 2.643 2.648 2.656 2.657 2.664 2.666 2.668 2.669 2.675 2.678 2.686 2.697 2.701 2.704 2.709 2.714 2.719 2.722 2.73 2.73 2.73 2.73 0 0 0 0 0 0 1.854 1.846 1.846 1.846 1.846 1.846 1.289 1.278 1.278 1.278 2.885 2.887 2.911 2.907 2.911 2.915 2.925 2.933 2.955 2.958 2.97 2.979 2.987 2.987 2.987 0 3.066 3.066 3.084 3.089 3.089 3.1 3.119 3.145 3.152 3.156 0 0 0 0 0 0 1.254 1.239 1.234 1.223 1.221 1.215 1.215 1.215 1.217 1.236 1.251 1.257 1.257 1.477 1.477 1.477 1.473 1.473 1.473 0 0 0 0 0.007 2.038 2.038 2.12 2.12 2.12 2.303 2.547 2.548 0 2.571 0 0.007 2.571 1.716 1.716 1.716 1.725 1.75 1.784 0.007 0 0 0 0 0 0 0 1.262 1.256 1.256 1.256 1.266 1.78 1.839 1.859 2.392 2.402 2.402 2.392 1.286 1.284 1.284 1.284 1.286 1.288 1.289 1.289 1.29 1.297 1.297 1.297 1.297 1.296 1.295 1.288 1.288 1.287 1.287 1.282 1.26 1.232 1.23 1.226 1.226 1.232 1.226 1.226 1.199 1.142 1.12 1.119 1.119 1.114 1.112 1.107 1.095 1.076 0.467 0.408 0.407 0.407 0.407 0.407 0.407 0.407 0.407 0.409 0.409 0.406 0.408 0.406 0.406 0.408 0.412 0.412 0.416 0.416 0.419 0.419 0.419 0.422 0.422 0.422 0.422 0.416 0.413 0.411 0.411 0.411 0.411 0.406 0.403 0.399 0.397 0.395 0.374 0.36 0.36 0.36 0.357 0.357 0.357 0.359 0.359 0.361 0.362 0.366 0.371 0.371 0.373 0.384 0.393 0.395 0.397 0.397 0.397 0.399 0.407 0.413 0.414 0.414 0.414 0.414 0.417 0.417 0.419 0.419 0.419 0.419 0.419 0.416 0.418 0.418 0.423 0.423 0.424 0.428 0.429 0.428 0.428 0.429 0.429 0.43 0.43 0.435 0.431 0.433 0.433 0.433 0.433 0.433 0.435 0.437 0.437 0.44 
1 1 1 1 1 1 1 1 1 1 1 1 1 1 1 1 1 1 1 1 1 1 1 1 1 1 1 1 1 1 1 1 1 1 1 1 1 1 1 1 1 1 1 1 1 1 1 1 1 1 1 1 1 1 1 1 1 1 1 1 1 1 1 1 1 1 1 1 1 1 1 1 1 1 1 1 1 1 1 1 1 1 1 1 1 1 1 1 1 1 1 1 1 1 1 1 1 1 1 1 1 1 1 1 1 1 1 1 1 1 1 1 1 1 1 1 1 1 1 1 1 1 1 1 1 1 1 1 1 1 1 1 1 1 1 1 1 1 1 1 1 1 1 1 1 1 1 1 1 1 1 1 1 1 1 1 1 1 1 1 1 1 1 1 1 1 1 1 1 1 1 1 1 1 1 1 1 1 1 1 1 1 1 1 1 1 1 1 1 1 1 1 1 1 1 1 1 1 1 1 1 1 1 1 1 1 1 1 1 1 1 1 1 1 1 1 1 1 1 1 1 1 1 1 1 1 1 1 1 1 1 1 1 1 1 1 1 1 1 1 1 1 1 1 1 1 1 1 1 1 1 1 1 1 1 1 1 1 1 1 1 1 1 1 1 1 1 1 1 1 1 1 1 1 1 1 1 1 1 1 1 1 1 1 1 1 1 1 1 1 1 1 1 1 1 1 1 1 1 1 1 1 1 1 1 1 1 1 1 1 1 1 1 1 1 1 1 1 1 1 1 1 1 1 1 1 1 1 1 1 1 1 1 1 1 1 1 1 1 1 1 1 1 1 1 1 1 1 1 1 1 1 1 1 1 1 1 1 1 1 1 1 1 1 1 1 1 1 1 1 1 1 1 1 1 1 1 1 1 1 1 1 1 1 1 1 1 1 1 1 1 1 1 1 1 1 1 1 1 1 1 1 1 1 1 1 1 1 1 1 1 1 1 1 1 1 1 1 1 1 1 1 1 1 1 1 1 1 1 1 1 1 1 1 1 0 0 0 0 0 0 1 1 1 1 1 1 1 1 1 1 1 1 1 1 1 1 1 1 1 1 1 1 1 1 1 0 1 1 1 1 1 1 1 1 1 1 0 0 0 0 0 0 1 1 1 1 1 1 1 1 1 1 1 1 1 1 1 1 1 1 1 0 0 0 0 0 1 1 1 1 1 1 1 1 0 1 0 0 1 1 1 1 1 1 1 0 0 0 0 0 0 0 0 1 1 1 1 1 1 1 1 1 1 1 1 1 1 1 1 1 1 1 1 1 1 1 1 1 1 1 1 1 1 1 1 1 1 1 1 1 1 1 1 1 1 1 1 1 1 1 1 1 1 1 1 1 1 1 1 1 1 1 1 1 1 1 1 1 1 1 1 1 1 1 1 1 1 1 1 1 1 1 1 1 1 1 1 1 1 1 1 1 1 1 1 1 1 1 1 1 1 1 1 1 1 1 1 1 1 1 1 1 1 1 1 1 1 1 1 1 1 1 1 1 1 1 1 1 1 1 1 1 1 1 1 1 1 1 1 1 1 1 1 1 1 1 1 1 1 1 1 
