# This file contains a 2D laser scan observation. 
# Its format is: 
# [aperture] [max_range] [number_of_scans] 
# [vector_of_scans] 
# [vector_of_valid_scans] 
# The aperture of the sensor is in radians, the maximum range 
# and measurements are in meters. '1' means a valid scan, '0' otherwise.
4.1847
5.6
682
0.767 0.767 0.76 0.764 0.76 0.756 0.755 0.754 0.75 0.747 0.744 0.738 0.737 0.73 0.73 0.729 0.729 0.729 0.728 0.725 0.724 0.722 0.717 0.71 0.71 0.71 0.707 0.707 0.707 0.695 0.695 0.694 0.694 0.694 0.696 0.697 0.697 0.708 0.718 0.722 0.737 0.763 0.768 0.783 0.798 0.815 0.821 0.827 0.829 0.827 0.827 0.821 0.821 0.82 0.812 0.812 0.812 0.806 0.8 0.746 0.746 0.746 0.748 0.752 0.752 0.752 0.737 0.737 0.737 0.738 0.738 0.738 0.738 0.738 0.741 0.741 0.741 0.68 0.675 0.672 0.672 0.669 0.666 0.666 0.668 0.666 0.666 0.667 0.663 0.657 0.656 0.655 0.655 0.656 0.655 0.654 0.654 0.654 0.651 0.651 0.651 0.651 0.65 0.65 0.654 0.658 0.658 0.659 0.659 0.661 0.66 0.665 0.666 0.666 0.666 0.668 0.666 0.666 0.666 0.666 0.666 0.666 0.666 0.666 0.665 0.665 0.666 0.667 0.667 0.667 0.668 0.669 0.668 0.664 0.664 0.664 0.664 0.664 0.664 0.664 0.663 0.663 0.664 0.665 0.665 0.666 0.666 0.67 0.671 0.674 0.674 0.675 0.675 0.676 0.685 0.685 0.685 0.685 0.685 0.685 0.694 0.695 0.701 3.98 4.036 4.036 3.98 2.472 2.414 2.404 2.403 2.403 2.403 2.403 2.403 2.425 2.427 2.44 2.443 2.454 2.46 2.481 2.486 2.487 2.503 2.507 2.516 2.526 2.539 2.549 2.555 2.565 2.577 2.585 2.594 2.6 2.622 2.629 2.634 2.641 2.654 2.669 2.687 2.687 2.687 2.687 2.661 2.639 2.595 2.577 2.567 2.536 2.52 2.507 2.481 2.475 2.454 2.425 2.419 2.395 2.375 2.369 2.353 2.327 2.32 2.304 2.292 2.273 2.26 2.254 2.229 2.229 2.221 2.206 2.194 2.181 2.178 2.163 2.143 2.115 2.11 2.103 2.085 2.082 2.071 2.057 2.045 2.044 2.028 2.028 2.028 2.03 2.038 2.058 2.084 2.084 2.084 2.004 1.947 1.945 1.928 1.925 1.919 1.915 1.915 1.912 1.912 1.916 1.916 1.933 1.942 1.952 1.965 1.986 2.02 2.043 2.061 2.089 2.128 2.636 2.687 2.687 2.687 2.689 2.681 2.681 2.681 2.677 2.662 2.661 2.653 2.652 2.651 2.637 2.633 2.615 2.61 2.606 2.602 2.597 2.585 2.581 2.58 2.568 2.565 2.563 2.559 2.558 2.554 2.543 2.536 2.534 2.534 2.531 2.523 2.52 2.516 2.514 2.509 2.506 2.501 2.498 2.496 2.491 2.49 2.487 2.482 2.474 2.474 2.473 2.469 2.469 2.464 2.464 2.456 2.442 1.815 1.804 1.804 1.803 1.803 1.803 1.802 1.802 1.804 1.813 1.825 1.827 1.827 1.825 1.825 1.825 1.821 1.825 1.826 1.827 1.829 1.829 1.827 1.826 1.826 1.826 1.829 1.83 1.83 1.833 1.833 1.829 1.829 1.83 1.83 1.83 1.83 1.83 1.83 1.83 1.837 1.84 1.842 1.846 1.844 1.846 1.848 1.848 1.853 1.854 1.854 1.855 1.859 1.864 1.869 1.87 1.87 1.869 1.874 1.876 1.883 1.886 1.888 1.922 1.93 1.946 1.944 1.944 1.946 1.949 1.951 1.955 1.959 1.961 1.965 1.975 1.977 1.987 1.988 1.992 1.993 1.995 2.005 2.01 2.01 2.011 2.021 2.028 2.035 2.036 2.046 2.049 2.052 2.062 2.079 2.086 2.086 2.086 2.088 2.098 2.103 2.114 2.115 2.117 2.134 2.146 2.147 2.152 2.163 2.174 2.175 2.188 2.193 2.199 2.21 2.22 2.225 2.23 2.248 2.25 2.258 2.267 2.283 2.287 2.298 2.309 2.322 2.333 2.338 2.354 2.363 2.375 2.38 2.38 2.375 1.037 1.016 1.015 1.014 1.015 1.016 1.172 1.266 2.546 2.552 2.571 2.571 2.59 2.598 2.61 2.624 2.644 2.649 2.667 2.688 2.714 2.724 2.736 2.753 2.77 0 0 0 0 2.391 2.376 2.348 2.348 2.348 2.337 2.318 1.299 1.299 1.299 1.302 0 0 0 0.779 0.778 0.778 0.778 0.779 0.781 0.788 0.866 1.902 1.926 1.926 1.928 1.928 1.926 1.905 1.168 1.168 1.168 1.168 1.168 1.168 1.158 1.151 1.15 1.149 1.141 1.13 1.127 1.127 1.121 1.119 1.119 1.115 1.106 1.103 1.094 1.091 1.084 1.084 1.084 1.084 1.096 0 0 0 0 0 0 0.903 0.902 0.9 0.895 0.894 0.892 0.891 0.892 0.888 0.888 0.882 0.88 0.88 0.88 0.913 0.951 2.201 2.203 2.203 2.201 2.196 2.172 1.72 1.696 1.69 1.685 1.685 1.685 1.685 1.685 2.169 2.169 2.169 2.172 2.172 2.172 2.167 1.818 1.785 1.772 1.753 1.743 1.731 1.728 1.724 1.722 1.713 1.707 1.706 1.7 1.694 1.685 1.682 1.591 1.149 1.137 1.137 1.137 1.226 1.325 1.325 1.325 1.214 1.207 1.207 1.207 1.211 1.215 1.234 1.234 1.249 1.266 1.266 1.269 1.276 1.281 1.285 1.29 1.29 1.29 1.289 1.289 1.28 1.261 1.253 1.253 1.253 1.271 1.282 1.284 1.284 1.285 1.284 1.284 1.281 1.274 1.239 1.21 1.206 1.206 1.206 1.21 1.214 1.226 1.229 1.234 1.235 1.236 1.236 1.237 1.241 1.243 1.246 1.249 1.252 1.27 1.274 1.274 1.276 1.276 
1 1 1 1 1 1 1 1 1 1 1 1 1 1 1 1 1 1 1 1 1 1 1 1 1 1 1 1 1 1 1 1 1 1 1 1 1 1 1 1 1 1 1 1 1 1 1 1 1 1 1 1 1 1 1 1 1 1 1 1 1 1 1 1 1 1 1 1 1 1 1 1 1 1 1 1 1 1 1 1 1 1 1 1 1 1 1 1 1 1 1 1 1 1 1 1 1 1 1 1 1 1 1 1 1 1 1 1 1 1 1 1 1 1 1 1 1 1 1 1 1 1 1 1 1 1 1 1 1 1 1 1 1 1 1 1 1 1 1 1 1 1 1 1 1 1 1 1 1 1 1 1 1 1 1 1 1 1 1 1 1 1 1 1 1 1 1 1 1 1 1 1 1 1 1 1 1 1 1 1 1 1 1 1 1 1 1 1 1 1 1 1 1 1 1 1 1 1 1 1 1 1 1 1 1 1 1 1 1 1 1 1 1 1 1 1 1 1 1 1 1 1 1 1 1 1 1 1 1 1 1 1 1 1 1 1 1 1 1 1 1 1 1 1 1 1 1 1 1 1 1 1 1 1 1 1 1 1 1 1 1 1 1 1 1 1 1 1 1 1 1 1 1 1 1 1 1 1 1 1 1 1 1 1 1 1 1 1 1 1 1 1 1 1 1 1 1 1 1 1 1 1 1 1 1 1 1 1 1 1 1 1 1 1 1 1 1 1 1 1 1 1 1 1 1 1 1 1 1 1 1 1 1 1 1 1 1 1 1 1 1 1 1 1 1 1 1 1 1 1 1 1 1 1 1 1 1 1 1 1 1 1 1 1 1 1 1 1 1 1 1 1 1 1 1 1 1 1 1 1 1 1 1 1 1 1 1 1 1 1 1 1 1 1 1 1 1 1 1 1 1 1 1 1 1 1 1 1 1 1 1 1 1 1 1 1 1 1 1 1 1 1 1 1 1 1 1 1 1 1 1 1 1 1 1 1 1 1 1 1 1 1 1 1 1 1 1 1 1 1 1 1 1 1 1 1 1 1 1 1 1 1 1 1 1 1 1 1 1 1 1 1 1 1 1 1 1 1 1 1 1 1 1 1 1 1 1 1 1 1 1 1 1 1 1 1 0 0 0 0 1 1 1 1 1 1 1 1 1 1 1 0 0 0 1 1 1 1 1 1 1 1 1 1 1 1 1 1 1 1 1 1 1 1 1 1 1 1 1 1 1 1 1 1 1 1 1 1 1 1 1 1 1 1 1 1 0 0 0 0 0 0 1 1 1 1 1 1 1 1 1 1 1 1 1 1 1 1 1 1 1 1 1 1 1 1 1 1 1 1 1 1 1 1 1 1 1 1 1 1 1 1 1 1 1 1 1 1 1 1 1 1 1 1 1 1 1 1 1 1 1 1 1 1 1 1 1 1 1 1 1 1 1 1 1 1 1 1 1 1 1 1 1 1 1 1 1 1 1 1 1 1 1 1 1 1 1 1 1 1 1 1 1 1 1 1 1 1 1 1 1 1 1 1 1 1 1 1 1 1 1 1 
