# This file contains a 2D laser scan observation. 
# Its format is: 
# [aperture] [max_range] [number_of_scans] 
# [vector_of_scans] 
# [vector_of_valid_scans] 
# The aperture of the sensor is in radians, the maximum range 
# and measurements are in meters. '1' means a valid scan, '0' otherwise.
4.1847
5.6
682
0.919 0.899 0.893 0.875 0.85 0.842 0.819 0.817 0.813 0.802 0.799 0.794 0.789 0.787 0.784 0.771 0.768 0.76 0.757 0.757 0.705 0.704 0.692 0.686 0.684 0.677 0.67 0.667 0.658 0.656 0.656 0.651 0.64 0.636 0.631 0.631 0.628 0.628 0.632 0.633 0.632 0.632 0.632 0.634 0.637 0.638 0.644 0.649 0.649 0.65 0.655 0.662 0.665 0.667 0.677 0.698 0.708 0.723 0.725 0.732 0.733 0.735 0.744 0.746 0.75 0.757 0.762 0.771 0.771 0.778 0.778 0.785 0.787 0.797 0.806 0.809 0.815 0.818 0.825 0.827 0.834 0.852 0.852 0.864 0.869 0.869 0.869 0.868 0.865 0.865 0.865 0.869 0.871 0.972 1.028 1.049 1.05 1.064 1.077 1.087 1.087 1.098 1.098 1.13 1.133 1.143 2.238 2.268 2.268 2.268 2.268 2.257 2.252 2.248 2.246 2.233 2.223 2.223 2.219 2.209 2.209 2.204 2.203 2.194 2.194 2.19 2.187 1.91 1.909 1.897 1.88 1.871 1.871 1.871 1.877 1.882 1.908 2.002 2.002 2.002 1.998 1.987 1.985 1.979 1.978 1.975 1.975 1.975 2.004 2.101 2.103 2.128 2.128 2.17 0 0 0 0 0 0 0 0 0 0 2.787 2.787 2.787 2.893 3.104 3.165 3.241 3.241 3.253 3.253 3.261 3.258 3.258 3.261 3.273 3.276 3.55 3.558 3.558 3.558 3.555 3.555 3.555 3.556 3.555 3.55 3.556 3.556 3.556 3.559 3.563 3.564 3.567 3.568 3.568 3.567 1.966 1.952 1.951 1.951 1.952 1.952 1.959 1.96 1.963 1.967 1.972 1.973 1.978 1.981 1.984 1.986 1.986 1.997 1.997 1.997 2 2.012 2.012 2.012 2.012 2.016 2.02 2.021 2.032 2.032 2.038 2.041 2.044 2.051 2.052 2.064 2.066 2.068 2.072 2.077 2.08 2.092 2.092 2.096 2.1 2.114 2.116 2.116 2.116 2.099 2.039 2.029 2.017 1.99 1.977 1.949 1.924 1.887 1.867 1.824 1.823 1.788 1.759 1.759 1.733 1.723 1.697 1.671 1.653 1.643 1.632 1.607 1.602 1.581 1.567 1.56 1.549 1.548 1.52 1.497 1.495 1.477 1.46 1.427 1.42 1.413 1.399 1.394 1.392 1.371 1.371 1.361 1.348 1.337 1.327 1.315 1.312 1.309 1.3 1.3 1.3 1.315 1.315 1.326 1.332 1.332 1.332 1.222 1.19 1.177 1.163 1.155 1.148 1.142 1.139 1.139 1.138 1.126 1.126 1.126 1.126 1.13 1.13 1.134 1.135 1.135 1.135 1.135 1.132 1.131 1.13 1.13 1.131 1.153 1.154 1.161 1.18 1.191 1.197 1.203 1.217 1.231 1.266 1.312 1.326 1.341 1.857 1.883 1.906 1.906 1.931 1.935 1.944 1.944 1.935 1.935 1.938 1.923 1.923 1.928 1.923 1.92 1.907 1.904 1.897 1.894 1.894 1.878 1.878 1.878 1.878 1.874 1.864 1.859 1.856 1.852 1.839 1.837 1.834 1.831 1.828 1.824 1.82 1.818 1.815 1.808 1.805 1.803 1.8 1.795 1.788 1.781 1.78 1.776 1.775 1.774 1.771 1.768 1.768 1.767 1.757 1.753 1.753 1.752 1.752 1.75 1.744 1.744 1.739 1.739 1.737 1.733 1.733 1.73 1.73 1.728 1.723 1.721 1.721 1.72 1.719 1.719 1.719 1.716 1.708 1.708 1.706 1.708 1.709 1.71 1.71 1.71 1.71 1.7 1.7 1.692 1.685 1.684 1.66 1.053 1.048 1.047 1.047 1.048 1.048 1.051 1.051 1.05 1.046 1.046 1.045 1.046 1.046 1.046 1.048 1.055 1.105 1.105 1.105 1.098 1.098 1.096 1.096 1.094 1.096 1.096 1.096 1.1 1.1 1.1 1.1 1.1 1.103 1.103 1.103 1.103 1.107 1.107 1.108 1.109 1.115 1.115 1.116 1.118 1.121 1.123 1.123 1.126 1.129 1.129 1.131 1.132 1.134 1.142 1.143 1.145 1.145 1.154 1.157 1.158 1.161 1.163 1.163 1.164 1.165 1.18 1.183 1.185 1.187 1.188 1.195 1.198 1.206 1.206 1.208 1.211 1.213 1.217 1.218 1.229 1.233 1.239 1.243 1.244 1.25 1.252 1.256 1.267 1.268 1.27 1.277 1.285 1.288 1.302 1.314 1.336 1.337 1.344 1.358 1.36 1.379 1.381 1.387 1.401 1.404 1.41 1.414 1.424 1.429 1.441 1.443 1.455 1.471 1.48 1.486 1.493 1.506 1.515 1.52 1.524 1.541 1.55 1.551 1.562 1.571 1.574 1.591 1.602 1.61 1.622 1.624 1.634 1.648 1.651 1.669 1.697 1.698 1.716 1.735 1.738 1.739 1.759 1.783 1.794 1.806 1.826 1.84 1.846 1.864 1.876 1.889 1.903 1.916 1.933 1.963 1.967 1.994 2.003 2.016 2.047 2.059 2.098 2.104 2.127 2.131 2.15 2.184 2.204 2.209 2.275 2.283 2.287 2.33 2.381 2.412 2.442 2.448 2.493 2.524 2.559 2.61 2.63 2.638 2.638 2.638 2.622 2.62 2.555 2.283 2.282 2.262 2.24 2.24 2.234 2.233 2.231 2.216 2.211 2.203 2.202 2.2 2.189 2.181 2.175 2.174 2.167 2.165 2.165 2.165 2.172 2.177 2.177 2.177 1.127 1.122 1.115 1.112 1.112 1.109 1.106 1.106 1.106 1.113 1.117 2.442 2.442 2.442 2.359 1.927 1.927 1.925 1.927 1.927 1.928 1.929 2.422 2.422 2.422 2.422 2.422 2.421 2.422 
1 1 1 1 1 1 1 1 1 1 1 1 1 1 1 1 1 1 1 1 1 1 1 1 1 1 1 1 1 1 1 1 1 1 1 1 1 1 1 1 1 1 1 1 1 1 1 1 1 1 1 1 1 1 1 1 1 1 1 1 1 1 1 1 1 1 1 1 1 1 1 1 1 1 1 1 1 1 1 1 1 1 1 1 1 1 1 1 1 1 1 1 1 1 1 1 1 1 1 1 1 1 1 1 1 1 1 1 1 1 1 1 1 1 1 1 1 1 1 1 1 1 1 1 1 1 1 1 1 1 1 1 1 1 1 1 1 1 1 1 1 1 1 1 1 1 1 1 1 1 1 1 1 1 0 0 0 0 0 0 0 0 0 0 1 1 1 1 1 1 1 1 1 1 1 1 1 1 1 1 1 1 1 1 1 1 1 1 1 1 1 1 1 1 1 1 1 1 1 1 1 1 1 1 1 1 1 1 1 1 1 1 1 1 1 1 1 1 1 1 1 1 1 1 1 1 1 1 1 1 1 1 1 1 1 1 1 1 1 1 1 1 1 1 1 1 1 1 1 1 1 1 1 1 1 1 1 1 1 1 1 1 1 1 1 1 1 1 1 1 1 1 1 1 1 1 1 1 1 1 1 1 1 1 1 1 1 1 1 1 1 1 1 1 1 1 1 1 1 1 1 1 1 1 1 1 1 1 1 1 1 1 1 1 1 1 1 1 1 1 1 1 1 1 1 1 1 1 1 1 1 1 1 1 1 1 1 1 1 1 1 1 1 1 1 1 1 1 1 1 1 1 1 1 1 1 1 1 1 1 1 1 1 1 1 1 1 1 1 1 1 1 1 1 1 1 1 1 1 1 1 1 1 1 1 1 1 1 1 1 1 1 1 1 1 1 1 1 1 1 1 1 1 1 1 1 1 1 1 1 1 1 1 1 1 1 1 1 1 1 1 1 1 1 1 1 1 1 1 1 1 1 1 1 1 1 1 1 1 1 1 1 1 1 1 1 1 1 1 1 1 1 1 1 1 1 1 1 1 1 1 1 1 1 1 1 1 1 1 1 1 1 1 1 1 1 1 1 1 1 1 1 1 1 1 1 1 1 1 1 1 1 1 1 1 1 1 1 1 1 1 1 1 1 1 1 1 1 1 1 1 1 1 1 1 1 1 1 1 1 1 1 1 1 1 1 1 1 1 1 1 1 1 1 1 1 1 1 1 1 1 1 1 1 1 1 1 1 1 1 1 1 1 1 1 1 1 1 1 1 1 1 1 1 1 1 1 1 1 1 1 1 1 1 1 1 1 1 1 1 1 1 1 1 1 1 1 1 1 1 1 1 1 1 1 1 1 1 1 1 1 1 1 1 1 1 1 1 1 1 1 1 1 1 1 1 1 1 1 1 1 1 1 1 1 1 1 1 1 1 1 1 1 1 1 1 1 1 1 1 1 1 1 1 1 1 1 1 1 1 1 1 1 1 1 1 1 1 1 1 1 1 1 1 1 1 1 1 1 1 1 1 1 1 1 1 1 1 1 1 1 1 
