# This file contains a 2D laser scan observation. 
# Its format is: 
# [aperture] [max_range] [number_of_scans] 
# [vector_of_scans] 
# [vector_of_valid_scans] 
# The aperture of the sensor is in radians, the maximum range 
# and measurements are in meters. '1' means a valid scan, '0' otherwise.
4.1847
5.6
682
2.205 2.205 2.205 2.205 2.201 2.207 2.211 2.28 2.292 2.314 2.321 2.339 2.356 2.369 2.369 2.369 0.737 0.725 0.721 0.711 0.709 0.708 0.708 0.708 0.695 0.691 0.69 0.69 0.688 0.688 0.69 0.69 0.706 0.706 0.706 0.697 0.689 0.689 0.687 0.687 0.68 0.676 0.676 0.667 0.665 0.664 0.662 0.661 0.648 0.648 0.645 0.644 0.638 0.637 0.634 0.631 0.631 0.631 0.626 0.626 0.624 0.619 0.61 0.609 0.609 0.609 0.608 0.606 0.602 0.601 0.602 0.597 0.599 0.599 0.599 0.597 0.597 0.595 0.592 0.589 0.586 0.579 0.578 0.557 0.556 0.551 0.55 0.55 0.548 0.548 0.548 0.552 0.546 0.546 0.547 0.547 0.547 0.551 0.551 0.552 0.563 0.623 0.686 0.714 0.733 0.755 0.781 0.808 0.828 0.857 0.868 0.868 0.868 0.856 0.85 0.85 0.85 0.942 1.055 1.067 1.077 1.077 1.067 0.6 0.594 0.592 0.593 0.593 0.592 0.592 0.593 0.593 0.594 0.594 0.594 0.592 0.592 0.592 0.589 0.591 0.592 0.591 0.591 0.591 0.594 0.587 0.596 0.594 0.594 0.593 0.593 0.592 0.586 0.585 0.585 0.586 0.594 0.594 0.594 0.59 0.582 0.582 0.582 0.59 0.582 0.582 0.581 0.577 0.577 0.581 0.584 0.584 0.584 0.585 0.585 0.585 0.588 0.589 0.593 0.677 0.693 0.699 2.429 2.429 2.429 2.364 2.317 2.247 2.196 2.176 2.108 2 1.952 1.948 1.948 1.933 1.847 1.847 1.847 1.85 1.871 1.871 1.871 1.871 1.868 1.867 1.864 1.837 1.837 1.837 1.849 1.853 1.871 1.936 1.946 1.961 1.962 1.974 1.978 1.98 1.99 1.99 1.99 1.987 1.986 1.986 1.986 1.991 1.996 2.024 2.062 2.063 2.068 2.084 2.09 2.099 2.101 2.107 2.118 2.122 2.133 2.143 2.153 2.161 2.17 2.188 2.195 2.203 2.204 2.213 2.225 2.232 2.246 2.259 2.262 2.273 2.279 2.296 2.302 2.302 2.302 1.685 1.669 1.651 1.642 1.638 1.626 1.618 1.605 1.592 1.577 1.575 1.563 1.545 1.543 1.533 1.516 1.514 1.495 1.492 1.478 1.469 1.463 1.461 1.452 1.452 1.431 1.422 1.42 1.126 1.076 1.065 1.048 1.046 1.039 1.031 1.031 1.031 1.025 1.023 1.025 1.021 1.021 1.021 1.027 1.047 1.049 1.057 1.063 1.095 1.116 1.13 1.135 1.137 1.137 1.137 1.136 1.102 1.102 1.097 1.097 1.093 1.082 1.082 1.081 1.081 1.085 1.088 1.088 1.091 1.096 1.104 1.134 1.154 1.196 1.196 1.196 1.193 1.184 1.184 1.184 1.197 1.214 1.23 1.237 1.254 1.273 1.283 1.305 1.346 1.367 1.396 1.405 1.434 1.462 1.479 1.496 1.521 1.543 1.577 1.6 1.638 1.644 1.646 1.664 1.689 1.732 1.842 1.844 1.844 1.842 1.842 1.845 1.981 2.027 2.184 2.188 2.229 2.229 2.294 2.353 2.367 2.367 2.367 2.36 2.35 2.349 2.349 2.349 2.356 2.357 2.359 2.381 2.451 2.588 2.608 2.612 2.612 2.613 2.611 2.611 2.61 2.61 2.61 2.612 2.619 2.622 2.624 2.628 2.63 2.631 2.631 2.634 2.639 2.639 2.641 2.641 2.647 2.647 2.647 2.649 2.651 2.649 2.632 1.018 1.003 0.999 0.999 0.999 0.996 0.992 0.989 0.989 0.989 0.989 0.996 1.006 1.007 1.008 1.011 1.015 1.024 1.028 1.028 1.034 1.032 1.037 1.039 1.041 1.039 1.039 1.041 1.05 1.047 1.047 1.052 1.052 1.052 1.059 1.069 1.07 1.072 1.074 1.081 1.081 1.081 1.081 1.081 1.088 1.093 1.099 1.099 1.102 1.113 1.113 1.117 1.12 1.121 1.123 1.13 1.145 1.145 1.145 1.149 1.152 1.152 1.165 1.167 1.173 1.177 1.177 1.181 1.182 1.19 1.198 1.2 1.203 1.22 1.221 1.221 1.225 1.225 1.238 1.24 1.249 1.26 1.26 1.26 1.255 1.239 1.211 1.205 1.203 1.19 1.17 1.168 1.167 1.155 1.151 1.144 1.142 1.126 1.115 1.109 1.096 1.091 1.09 1.081 1.075 1.073 1.073 1.071 1.069 1.06 1.06 1.052 1.048 1.037 1.03 1.028 1.026 1.012 1.003 0.995 0.995 0.992 0.99 0.984 0.977 0.976 0.963 0.962 0.962 0.956 0.954 0.948 0.946 0.944 0.94 0.93 0.929 0.924 0.923 0.919 0.917 0.916 0.915 0.913 0.9 0.9 0.897 0.892 0.892 0.883 0.882 0.881 0.881 0.881 0.879 0.869 0.857 0.856 0.856 0.843 0.843 0.843 0.841 0.84 0.838 0.838 0.839 0.837 0.837 0.828 0.827 0.826 0.826 0.819 0.816 0.816 0.813 0.81 0.809 0.807 0.804 0.799 0.799 0.796 0.796 0.799 0.799 0.798 0.798 0.793 0.79 0.789 0.788 0.786 0.786 0.789 0.792 0.792 0.792 0.792 0.786 0.786 0.788 0.788 0.783 0.783 0.782 0.782 0.782 0.782 0.782 0.782 0.782 0.779 0.779 0.779 0.777 0.777 0.776 0.775 0.775 0.775 0.775 0.816 0.902 1.055 1.27 1.581 1.599 1.599 1.608 1.612 1.612 1.622 1.634 1.641 1.641 1.641 1.641 1.631 1.631 1.631 1.63 1.631 1.631 1.631 1.631 1.634 1.642 1.643 1.643 1.645 1.65 1.65 1.651 1.651 1.653 1.659 
1 1 1 1 1 1 1 1 1 1 1 1 1 1 1 1 1 1 1 1 1 1 1 1 1 1 1 1 1 1 1 1 1 1 1 1 1 1 1 1 1 1 1 1 1 1 1 1 1 1 1 1 1 1 1 1 1 1 1 1 1 1 1 1 1 1 1 1 1 1 1 1 1 1 1 1 1 1 1 1 1 1 1 1 1 1 1 1 1 1 1 1 1 1 1 1 1 1 1 1 1 1 1 1 1 1 1 1 1 1 1 1 1 1 1 1 1 1 1 1 1 1 1 1 1 1 1 1 1 1 1 1 1 1 1 1 1 1 1 1 1 1 1 1 1 1 1 1 1 1 1 1 1 1 1 1 1 1 1 1 1 1 1 1 1 1 1 1 1 1 1 1 1 1 1 1 1 1 1 1 1 1 1 1 1 1 1 1 1 1 1 1 1 1 1 1 1 1 1 1 1 1 1 1 1 1 1 1 1 1 1 1 1 1 1 1 1 1 1 1 1 1 1 1 1 1 1 1 1 1 1 1 1 1 1 1 1 1 1 1 1 1 1 1 1 1 1 1 1 1 1 1 1 1 1 1 1 1 1 1 1 1 1 1 1 1 1 1 1 1 1 1 1 1 1 1 1 1 1 1 1 1 1 1 1 1 1 1 1 1 1 1 1 1 1 1 1 1 1 1 1 1 1 1 1 1 1 1 1 1 1 1 1 1 1 1 1 1 1 1 1 1 1 1 1 1 1 1 1 1 1 1 1 1 1 1 1 1 1 1 1 1 1 1 1 1 1 1 1 1 1 1 1 1 1 1 1 1 1 1 1 1 1 1 1 1 1 1 1 1 1 1 1 1 1 1 1 1 1 1 1 1 1 1 1 1 1 1 1 1 1 1 1 1 1 1 1 1 1 1 1 1 1 1 1 1 1 1 1 1 1 1 1 1 1 1 1 1 1 1 1 1 1 1 1 1 1 1 1 1 1 1 1 1 1 1 1 1 1 1 1 1 1 1 1 1 1 1 1 1 1 1 1 1 1 1 1 1 1 1 1 1 1 1 1 1 1 1 1 1 1 1 1 1 1 1 1 1 1 1 1 1 1 1 1 1 1 1 1 1 1 1 1 1 1 1 1 1 1 1 1 1 1 1 1 1 1 1 1 1 1 1 1 1 1 1 1 1 1 1 1 1 1 1 1 1 1 1 1 1 1 1 1 1 1 1 1 1 1 1 1 1 1 1 1 1 1 1 1 1 1 1 1 1 1 1 1 1 1 1 1 1 1 1 1 1 1 1 1 1 1 1 1 1 1 1 1 1 1 1 1 1 1 1 1 1 1 1 1 1 1 1 1 1 1 1 1 1 1 1 1 1 1 1 1 1 1 1 1 1 1 1 1 1 1 1 1 1 1 1 1 1 1 1 1 1 1 1 1 1 1 1 1 1 1 1 1 1 1 1 1 1 1 1 1 1 1 1 1 1 1 1 1 1 1 1 1 1 1 1 1 1 1 1 1 1 1 1 1 1 1 1 1 1 1 1 1 1 1 1 1 1 
