# This file contains a 2D laser scan observation. 
# Its format is: 
# [aperture] [max_range] [number_of_scans] 
# [vector_of_scans] 
# [vector_of_valid_scans] 
# The aperture of the sensor is in radians, the maximum range 
# and measurements are in meters. '1' means a valid scan, '0' otherwise.
4.1847
5.6
682
0.838 0.825 0.825 0.806 0.802 0.802 0.806 0.839 0.839 0.839 0.828 0.785 0.769 0.746 0.542 0.524 0.524 0.524 0.524 0.525 0.525 0.526 0.525 0.525 0.524 0.524 0.524 0.524 0.536 0.553 0.555 0.555 0.555 0.555 0.555 0.555 0.562 0.562 0.566 0.566 0.568 0.568 0.569 0.572 0.572 0.572 0.572 0.567 0.556 0.468 0.458 0.454 0.448 0.441 0.44 0.428 0.427 0.427 0.424 0.42 0.413 0.403 0.403 0.391 0.39 0.388 0.386 0.379 0.362 0.36 0.35 0.344 0.339 0.338 0.335 0.333 0.333 0.328 0.326 0.315 0.31 0.31 0.309 0.309 0.309 0.305 0.304 0.296 0.296 0.301 0.304 0.301 0.301 0.3 0.299 0.299 0.3 0.3 0.298 0.299 0.298 0.298 0.299 0.301 0.303 0.305 0.305 0.305 0.305 0.307 0.307 0.308 0.313 0.316 0.317 0.32 0.32 0.326 0.328 0.332 0.344 0.347 0.348 0.354 0.367 0.385 0.506 0.571 0.571 0.571 0.567 0.41 0.358 0.358 0.358 0.358 0.36 0.36 0.358 0.347 0.347 0.347 0.345 0.345 0.347 0.351 0.354 0.358 0.36 0.36 0.37 0.37 0.372 0.378 0.38 0.383 0.387 0.389 0.394 0.398 0.4 0.402 0.402 0.41 0.418 0.421 0.427 0.432 0.442 0.442 0.442 0.447 0.46 0.463 0.492 0.495 0.496 0.501 0.504 0.516 0.524 0.533 0.534 0.539 0.544 0.556 0.56 0.571 0.585 0.595 0.596 0.605 0.616 0.633 0.633 0.654 0.659 0.678 0.695 0.696 0.713 0.723 0.737 0.76 0.765 0.796 0.806 0.814 0.852 0.862 0.864 0.867 0.879 0.881 0.881 0.903 0.947 0.972 0.975 3.763 3.763 3.776 3.776 3.772 3.771 3.772 3.772 3.778 3.779 3.779 3.779 3.779 3.779 3.78 3.78 3.78 3.784 3.784 3.792 3.784 3.793 3.793 3.793 3.782 2.26 2.26 2.254 2.254 2.136 2.109 2.049 1.955 1.955 1.875 1.785 1.494 1.488 1.485 1.471 1.367 1.367 1.367 1.371 1.371 1.384 1.384 1.384 1.384 1.384 1.384 1.376 1.37 1.369 1.351 1.351 1.329 1.323 1.323 1.323 1.323 1.323 1.331 1.39 1.408 1.412 1.431 1.433 1.433 1.442 1.446 1.448 1.461 1.462 1.462 1.462 1.467 1.467 1.467 1.466 1.468 1.469 1.469 1.478 1.479 1.486 1.51 1.523 1.523 1.523 1.535 1.535 1.537 1.556 1.556 1.558 1.558 1.561 1.574 1.579 1.594 1.595 1.606 1.611 1.621 1.628 1.633 1.643 1.646 1.656 1.661 1.664 1.677 1.681 1.688 1.696 1.712 1.725 1.728 1.732 1.742 1.747 1.752 1.761 1.774 1.78 1.78 1.78 1.162 1.132 1.125 1.113 1.105 1.105 1.101 1.088 1.078 1.071 1.059 1.059 1.052 1.048 1.046 1.039 1.029 1.024 1.02 1.011 1.006 0.991 0.99 0.988 0.977 0.976 0.971 0.966 0.966 0.96 0.958 0.943 0.943 0.94 0.94 0.933 0.93 0.928 0.928 0.918 0.916 0.913 0.906 0.891 0.891 0.891 0.891 0.888 0.883 0.883 0.872 0.871 0.596 0.582 0.581 0.577 0.577 0.575 0.575 0.568 0.568 0.563 0.561 0.554 0.554 0.552 0.55 0.549 0.549 0.548 0.548 0.548 0.544 0.544 0.544 0.54 0.54 0.543 0.537 0.54 0.54 0.54 0.54 0.569 0.575 0.58 0.587 0.604 0.644 0.664 0.677 0.677 0.677 0.679 0.678 0.675 0.675 0.675 0.675 0.642 0.642 0.642 0.647 0.652 0.658 0.658 0.652 0.649 0.644 0.644 0.636 0.634 0.636 0.647 0.64 0.647 0.65 0.65 0.65 0.65 0.65 0.65 0.708 0.772 0.772 0.772 0.761 0.76 0.758 0.76 0.76 0.76 0.8 0.847 0.866 0.868 0.874 1.195 1.234 1.238 1.234 1.238 1.241 1.243 1.344 1.462 1.462 1.462 1.462 1.462 1.919 1.947 1.984 1.994 1.995 1.998 2.006 2.01 2.01 2.02 2.031 2.043 2.062 2.313 2.317 2.317 2.325 2.325 2.326 2.326 2.336 2.338 2.344 2.345 2.35 2.351 2.352 2.354 2.362 2.368 2.369 2.371 2.378 2.383 2.383 2.383 2.383 2.254 2.228 2.203 2.163 2.146 2.103 2.056 2.039 1.999 1.968 1.939 1.933 1.899 1.887 1.864 1.853 1.85 1.836 1.834 1.832 1.83 1.824 1.823 1.823 1.823 1.825 1.828 1.828 1.835 1.841 1.848 1.859 1.868 1.883 1.886 1.917 2.284 2.284 2.284 2.258 2.239 2.208 2.195 2.167 2.157 2.122 2.104 2.101 2.069 2.047 2.026 2.009 2.009 1.988 1.966 0.915 0.902 0.895 0.878 0.875 0.874 0.857 0.853 0.851 0.849 0.847 0.847 0.842 0.843 0.842 0.842 0.842 0.843 0.85 0.858 0.863 0.868 0.871 0.88 0.881 0.911 0.912 0.923 0.923 0.927 0.933 0.942 0.943 0.956 0.958 0.971 0.975 0.984 0.991 1.003 1.007 1.018 1.038 1.04 1.041 1.058 1.059 1.066 1.082 1.085 1.102 1.102 1.124 1.126 1.15 1.155 1.163 1.166 1.184 1.187 1.21 1.217 1.235 1.242 1.258 1.271 1.29 1.3 1.319 1.32 1.32 1.32 1.32 1.314 1.29 1.286 1.286 1.283 1.282 1.264 1.264 1.264 1.264 1.262 1.262 1.257 1.252 1.246 1.246 1.241 1.242 1.242 1.241 
1 1 1 1 1 1 1 1 1 1 1 1 1 1 1 1 1 1 1 1 1 1 1 1 1 1 1 1 1 1 1 1 1 1 1 1 1 1 1 1 1 1 1 1 1 1 1 1 1 1 1 1 1 1 1 1 1 1 1 1 1 1 1 1 1 1 1 1 1 1 1 1 1 1 1 1 1 1 1 1 1 1 1 1 1 1 1 1 1 1 1 1 1 1 1 1 1 1 1 1 1 1 1 1 1 1 1 1 1 1 1 1 1 1 1 1 1 1 1 1 1 1 1 1 1 1 1 1 1 1 1 1 1 1 1 1 1 1 1 1 1 1 1 1 1 1 1 1 1 1 1 1 1 1 1 1 1 1 1 1 1 1 1 1 1 1 1 1 1 1 1 1 1 1 1 1 1 1 1 1 1 1 1 1 1 1 1 1 1 1 1 1 1 1 1 1 1 1 1 1 1 1 1 1 1 1 1 1 1 1 1 1 1 1 1 1 1 1 1 1 1 1 1 1 1 1 1 1 1 1 1 1 1 1 1 1 1 1 1 1 1 1 1 1 1 1 1 1 1 1 1 1 1 1 1 1 1 1 1 1 1 1 1 1 1 1 1 1 1 1 1 1 1 1 1 1 1 1 1 1 1 1 1 1 1 1 1 1 1 1 1 1 1 1 1 1 1 1 1 1 1 1 1 1 1 1 1 1 1 1 1 1 1 1 1 1 1 1 1 1 1 1 1 1 1 1 1 1 1 1 1 1 1 1 1 1 1 1 1 1 1 1 1 1 1 1 1 1 1 1 1 1 1 1 1 1 1 1 1 1 1 1 1 1 1 1 1 1 1 1 1 1 1 1 1 1 1 1 1 1 1 1 1 1 1 1 1 1 1 1 1 1 1 1 1 1 1 1 1 1 1 1 1 1 1 1 1 1 1 1 1 1 1 1 1 1 1 1 1 1 1 1 1 1 1 1 1 1 1 1 1 1 1 1 1 1 1 1 1 1 1 1 1 1 1 1 1 1 1 1 1 1 1 1 1 1 1 1 1 1 1 1 1 1 1 1 1 1 1 1 1 1 1 1 1 1 1 1 1 1 1 1 1 1 1 1 1 1 1 1 1 1 1 1 1 1 1 1 1 1 1 1 1 1 1 1 1 1 1 1 1 1 1 1 1 1 1 1 1 1 1 1 1 1 1 1 1 1 1 1 1 1 1 1 1 1 1 1 1 1 1 1 1 1 1 1 1 1 1 1 1 1 1 1 1 1 1 1 1 1 1 1 1 1 1 1 1 1 1 1 1 1 1 1 1 1 1 1 1 1 1 1 1 1 1 1 1 1 1 1 1 1 1 1 1 1 1 1 1 1 1 1 1 1 1 1 1 1 1 1 1 1 1 1 1 1 1 1 1 1 1 1 1 1 1 1 1 1 1 1 1 1 1 1 1 1 1 1 1 1 1 1 1 1 1 1 1 1 1 1 1 1 1 1 1 1 1 1 1 1 1 1 1 1 1 1 1 1 1 1 1 1 1 1 1 1 1 1 1 1 1 1 
