# This file contains a 2D laser scan observation. 
# Its format is: 
# [aperture] [max_range] [number_of_scans] 
# [vector_of_scans] 
# [vector_of_valid_scans] 
# The aperture of the sensor is in radians, the maximum range 
# and measurements are in meters. '1' means a valid scan, '0' otherwise.
4.1847
5.6
682
0.384 0.393 0.394 0.395 0.399 0.399 0.399 0.393 0.391 0.386 0.376 0.355 0.326 0.325 0.325 0.325 0.325 0.324 0.324 0.323 0.321 0.315 0.321 0.323 0.324 0.331 0.331 0.331 0.331 0.331 0.331 0.339 0.341 0.342 0.343 0.352 0.352 0.354 0.352 0.352 0.352 0.35 0.349 0.343 0.334 0.334 0.332 0.332 0.332 0.327 0.325 0.326 0.325 0.325 0.323 0.325 0.324 0.324 0.324 0.327 0.324 0.319 0.319 0.323 0.321 0.321 0.322 0.321 0.32 0.32 0.315 0.314 0.315 0.322 0.315 0.322 0.323 0.323 0.333 0.334 0.335 0.337 0.342 0.345 0.346 0.346 0.346 0.346 0.345 0.343 0.343 0.343 0.343 0.343 0.344 0.345 0.346 0.35 0.351 0.355 0.355 0.355 0.355 0.355 0.355 0.355 0.355 0.355 0.36 0.36 0.36 0.36 0.366 0.36 0.366 0.369 0.369 0.369 0.369 0.371 0.374 0.374 0.374 0.374 0.375 0.38 0.38 0.381 0.381 0.381 0.377 0.377 0.377 0.388 0.392 0.395 0.399 0.399 0.4 0.403 0.4 0.4 0.401 0.408 0.41 0.411 0.414 0.414 0.415 0.415 0.42 0.422 0.424 0.424 0.425 0.425 0.425 0.431 0.434 0.439 0.441 0.441 0.441 0.452 0.452 0.452 0.453 0.456 0.463 0.465 0.471 0.473 0.475 0.475 0.478 0.481 0.487 0.487 0.491 0.495 0.499 0.505 0.505 0.511 0.511 0.516 0.526 0.528 0.529 0.532 0.533 0.548 0.551 0.555 0.557 0.569 0.569 0.571 0.579 0.582 0.587 0.589 0.6 0.612 0.617 0.621 0.628 0.628 0.624 0.628 0.628 0.632 0.633 0.642 0.659 0.66 0.668 0.68 0.688 0.694 0.698 0.7 0.718 1.752 1.859 1.91 1.957 2.014 2.054 2.101 2.157 2.214 2.271 2.321 2.381 2.464 2.533 2.613 2.709 2.845 2.91 2.969 3.16 3.311 3.459 3.49 3.497 3.497 3.497 3.497 3.492 3.492 3.489 3.487 3.487 3.484 3.484 3.483 3.483 3.483 3.484 3.483 3.483 3.483 3.483 3.473 3.473 3.475 3.479 3.475 3.479 3.478 3.479 3.478 3.478 1.953 1.943 1.935 1.935 1.943 1.825 1.788 1.161 1.155 1.146 1.141 1.045 1.039 1.039 1.032 1.032 1.035 1.04 1.04 1.048 1.052 1.052 1.052 1.052 1.049 1.046 1.041 1.037 1.033 1.017 0.983 0.983 0.983 0.976 0.975 0.988 0.975 0.974 0.975 0.983 0.983 0.997 1.051 1.057 1.071 1.073 1.073 1.072 1.074 1.074 1.072 1.072 1.074 1.08 1.086 1.102 1.102 1.103 1.11 1.111 1.117 1.121 1.121 1.118 1.118 1.118 1.118 1.129 1.131 1.131 1.137 1.149 1.151 1.164 1.167 1.184 1.187 1.187 1.19 1.19 1.194 1.194 1.204 1.209 1.209 1.209 1.21 1.21 1.224 1.226 1.228 1.23 1.247 1.25 1.263 1.269 1.27 1.275 1.293 1.298 1.299 1.301 1.311 1.313 1.319 1.319 1.328 1.333 1.345 1.361 1.362 1.376 1.385 1.396 1.404 1.411 1.417 1.418 1.431 1.438 1.447 1.466 1.477 1.498 1.498 1.518 1.523 1.523 1.523 1.523 1.492 0.829 0.826 0.815 0.814 0.811 0.801 0.799 0.798 0.797 0.784 0.783 0.783 0.783 0.777 0.776 0.762 0.76 0.756 0.754 0.752 0.748 0.744 0.743 0.734 0.73 0.73 0.729 0.729 0.729 0.723 0.72 0.716 0.716 0.714 0.705 0.698 0.698 0.698 0.698 0.697 0.697 0.695 0.689 0.687 0.689 0.687 0.683 0.673 0.672 0.672 0.672 0.672 0.672 0.672 0.675 0.665 0.667 0.665 0.665 0.661 0.659 0.659 0.658 0.652 0.648 0.648 0.648 0.641 0.641 0.644 0.641 0.639 0.642 0.642 0.639 0.64 0.64 0.634 0.632 0.633 0.632 0.632 0.632 0.632 0.632 0.632 0.632 0.632 0.631 0.627 0.626 0.626 0.623 0.622 0.618 0.622 0.622 0.628 0.628 0.628 0.625 0.623 0.623 0.623 0.623 0.623 0.628 0.629 0.629 0.629 0.629 0.629 0.638 0.638 0.642 0.642 0.647 0.65 0.65 0.648 0.648 0.604 0.405 0.375 0.361 0.361 0.375 0.381 0.381 0.381 0.38 0.374 0.374 0.374 0.37 0.368 0.37 0.368 0.368 0.369 0.369 0.365 0.364 0.352 0.352 0.359 0.36 0.36 0.36 0.359 0.36 0.356 0.356 0.358 0.358 0.358 0.358 0.36 0.357 0.36 0.357 0.36 0.367 0.367 0.368 0.369 0.369 0.371 0.374 0.379 0.391 0.424 0.511 0.512 0.512 0.522 0.522 0.525 0.533 0.535 0.541 0.542 0.542 0.542 0.536 0.535 0.535 0.534 0.535 0.535 0.542 0.55 2.205 2.205 2.205 2.192 2.173 2.157 2.116 2.114 2.067 2.053 2.03 2.02 1.985 1.982 1.959 1.949 1.924 1.912 1.899 1.884 1.88 1.862 1.858 1.85 1.839 1.839 1.838 1.838 1.835 1.841 1.845 1.846 1.849 1.851 1.864 1.873 1.88 1.89 1.894 1.908 1.911 2.068 2.238 2.238 2.238 2.221 2.208 2.192 2.183 2.153 2.145 2.132 2.117 2.115 2.096 2.078 2.071 2.05 2.042 2.035 2.035 2.035 2.042 2.043 2.068 2.07 2.106 2.939 2.944 2.95 2.951 2.944 2.944 2.924 2.915 2.897 2.892 2.874 2.868 2.862 2.843 2.824 2.823 1.046 
1 1 1 1 1 1 1 1 1 1 1 1 1 1 1 1 1 1 1 1 1 1 1 1 1 1 1 1 1 1 1 1 1 1 1 1 1 1 1 1 1 1 1 1 1 1 1 1 1 1 1 1 1 1 1 1 1 1 1 1 1 1 1 1 1 1 1 1 1 1 1 1 1 1 1 1 1 1 1 1 1 1 1 1 1 1 1 1 1 1 1 1 1 1 1 1 1 1 1 1 1 1 1 1 1 1 1 1 1 1 1 1 1 1 1 1 1 1 1 1 1 1 1 1 1 1 1 1 1 1 1 1 1 1 1 1 1 1 1 1 1 1 1 1 1 1 1 1 1 1 1 1 1 1 1 1 1 1 1 1 1 1 1 1 1 1 1 1 1 1 1 1 1 1 1 1 1 1 1 1 1 1 1 1 1 1 1 1 1 1 1 1 1 1 1 1 1 1 1 1 1 1 1 1 1 1 1 1 1 1 1 1 1 1 1 1 1 1 1 1 1 1 1 1 1 1 1 1 1 1 1 1 1 1 1 1 1 1 1 1 1 1 1 1 1 1 1 1 1 1 1 1 1 1 1 1 1 1 1 1 1 1 1 1 1 1 1 1 1 1 1 1 1 1 1 1 1 1 1 1 1 1 1 1 1 1 1 1 1 1 1 1 1 1 1 1 1 1 1 1 1 1 1 1 1 1 1 1 1 1 1 1 1 1 1 1 1 1 1 1 1 1 1 1 1 1 1 1 1 1 1 1 1 1 1 1 1 1 1 1 1 1 1 1 1 1 1 1 1 1 1 1 1 1 1 1 1 1 1 1 1 1 1 1 1 1 1 1 1 1 1 1 1 1 1 1 1 1 1 1 1 1 1 1 1 1 1 1 1 1 1 1 1 1 1 1 1 1 1 1 1 1 1 1 1 1 1 1 1 1 1 1 1 1 1 1 1 1 1 1 1 1 1 1 1 1 1 1 1 1 1 1 1 1 1 1 1 1 1 1 1 1 1 1 1 1 1 1 1 1 1 1 1 1 1 1 1 1 1 1 1 1 1 1 1 1 1 1 1 1 1 1 1 1 1 1 1 1 1 1 1 1 1 1 1 1 1 1 1 1 1 1 1 1 1 1 1 1 1 1 1 1 1 1 1 1 1 1 1 1 1 1 1 1 1 1 1 1 1 1 1 1 1 1 1 1 1 1 1 1 1 1 1 1 1 1 1 1 1 1 1 1 1 1 1 1 1 1 1 1 1 1 1 1 1 1 1 1 1 1 1 1 1 1 1 1 1 1 1 1 1 1 1 1 1 1 1 1 1 1 1 1 1 1 1 1 1 1 1 1 1 1 1 1 1 1 1 1 1 1 1 1 1 1 1 1 1 1 1 1 1 1 1 1 1 1 1 1 1 1 1 1 1 1 1 1 1 1 1 1 1 1 1 1 1 1 1 1 1 1 1 1 1 1 1 1 1 1 1 1 1 1 1 1 1 1 1 1 1 1 1 1 1 1 1 1 1 1 1 1 1 1 1 1 1 1 1 1 1 1 1 1 
