# This file contains a 2D laser scan observation. 
# Its format is: 
# [aperture] [max_range] [number_of_scans] 
# [vector_of_scans] 
# [vector_of_valid_scans] 
# The aperture of the sensor is in radians, the maximum range 
# and measurements are in meters. '1' means a valid scan, '0' otherwise.
4.1847
5.6
682
0.359 0.359 0.36 0.36 0.362 0.365 0.366 0.365 0.366 0.366 0.366 0.367 0.367 0.366 0.364 0.364 0.364 0.364 0.359 0.364 0.359 0.359 0.354 0.351 0.351 0.351 0.351 0.356 0.356 0.354 0.352 0.352 0.352 0.352 0.352 0.352 0.352 0.352 0.352 0.352 0.352 0.352 0.348 0.347 0.346 0.343 0.343 0.343 0.347 0.348 0.354 0.357 0.357 0.357 0.362 0.362 0.372 0.373 0.377 0.386 0.387 0.39 0.389 0.389 0.389 0.389 0.381 0.378 0.372 0.368 0.364 0.364 0.361 0.355 0.355 0.355 0.351 0.351 0.357 0.353 0.351 0.35 0.353 0.351 0.351 0.351 0.351 0.351 0.348 0.348 0.349 0.355 0.355 0.355 0.355 0.355 0.356 0.355 0.356 0.357 0.357 0.353 0.357 0.357 0.357 0.357 0.359 0.359 0.359 0.356 0.359 0.359 0.36 0.36 0.36 0.367 0.367 0.368 0.37 0.37 0.368 0.367 0.367 0.367 0.369 0.371 0.372 0.378 0.379 0.38 0.381 0.38 0.379 0.379 0.379 0.379 0.379 0.386 0.386 0.386 0.386 0.386 0.392 0.393 0.394 0.394 0.394 0.396 0.394 0.397 0.392 0.4 0.403 0.403 0.4 0.403 0.403 0.414 0.415 0.416 0.416 0.416 0.42 0.42 0.42 0.42 0.421 0.422 0.426 0.433 0.433 0.433 0.434 0.441 0.441 0.441 0.441 0.441 0.448 0.451 0.454 0.462 0.464 0.465 0.465 0.471 0.473 0.475 0.475 0.475 0.472 0.469 0.469 0.469 0.469 0.472 0.475 0.475 0.485 0.49 0.493 0.501 0.501 0.504 0.509 0.509 0.512 0.522 0.525 0.53 0.534 0.537 0.539 0.542 0.554 0.559 0.567 1.224 1.24 1.245 1.245 1.283 1.288 1.305 1.331 1.35 1.372 1.395 1.407 1.438 1.448 1.477 1.512 1.539 1.549 1.581 1.623 1.639 1.671 1.702 1.745 1.77 1.811 1.846 1.884 1.92 1.959 2.001 2.05 2.099 2.14 2.187 2.232 2.295 2.341 2.418 2.472 2.577 2.642 2.692 2.744 2.852 2.98 3.092 3.211 3.295 3.309 3.309 3.301 3.301 3.301 3.299 3.294 3.294 3.291 3.29 3.285 3.285 3.285 3.286 3.286 3.286 3.285 3.28 3.277 3.277 3.28 3.28 3.277 3.281 3.281 3.275 3.275 3.275 3.275 1.735 1.733 1.724 1.733 1.733 1.673 0.954 0.947 0.939 0.932 0.874 0.838 0.838 0.838 0.831 0.832 0.838 0.837 0.837 0.841 0.842 0.846 0.846 0.844 0.844 0.843 0.84 0.84 0.839 0.832 0.831 0.822 0.813 0.804 0.786 0.778 0.777 0.777 0.773 0.773 0.775 0.775 0.777 0.777 0.776 0.777 0.777 0.777 0.843 0.848 0.854 0.854 0.855 0.855 0.853 0.853 0.875 0.853 0.875 0.875 0.88 0.881 0.881 0.881 0.886 0.886 0.886 0.892 0.9 0.9 0.905 0.907 0.909 0.91 0.91 0.916 0.919 0.919 0.921 0.923 0.923 0.927 0.933 0.934 0.939 0.942 0.961 0.961 0.966 0.972 0.972 0.979 0.989 0.989 0.991 0.993 0.993 0.996 1 1.005 1.009 1.01 1.017 1.018 1.021 1.041 1.042 1.045 1.047 1.07 1.077 1.077 1.079 1.088 1.09 1.099 1.103 1.109 1.117 1.128 1.13 1.134 1.137 1.148 1.156 1.162 1.163 1.17 1.185 1.189 1.202 1.209 1.216 1.224 1.235 1.236 1.248 1.256 1.271 1.284 1.286 1.294 1.312 1.32 1.335 1.335 1.357 1.36 1.364 1.378 1.386 1.393 1.403 1.419 1.432 1.446 1.473 1.479 1.493 1.494 1.501 1.515 1.515 1.515 0.669 0.669 0.666 0.663 0.661 0.659 0.657 0.657 0.656 0.647 0.645 0.642 0.639 0.638 0.637 0.634 0.633 0.628 0.627 0.624 0.624 0.621 0.623 0.618 0.623 0.615 0.615 0.609 0.609 0.608 0.608 0.604 0.608 0.604 0.604 0.604 0.6 0.6 0.6 0.594 0.594 0.594 0.593 0.591 0.591 0.59 0.591 0.587 0.587 0.586 0.58 0.58 0.58 0.579 0.579 0.579 0.579 0.58 0.58 0.58 0.58 0.579 0.575 0.574 0.574 0.574 0.573 0.574 0.574 0.573 0.579 0.579 0.578 0.576 0.576 0.574 0.574 0.574 0.575 0.584 0.585 0.585 0.589 0.592 0.593 0.6 0.602 0.604 0.61 0.604 0.61 0.61 0.61 0.613 0.613 0.61 0.609 0.609 0.6 0.591 0.591 0.588 0.578 0.577 0.576 0.575 0.575 0.575 0.575 0.575 0.577 0.577 0.578 0.578 0.578 0.578 0.578 0.583 0.584 0.584 0.584 0.578 0.577 0.577 0.578 0.579 0.581 0.581 0.581 0.579 0.581 0.581 0.582 0.582 0.584 0.588 0.588 0.588 0.589 0.594 0.594 0.594 0.595 0.595 0.598 0.599 0.601 0.606 0.619 0.619 0.619 0.614 0.599 0.592 0.579 0.578 0.573 0.552 0.548 0.539 0.535 0.533 0.529 0.513 0.507 0.506 0.505 0.495 0.477 0.462 0.461 0.437 0.432 0.426 0.426 0.426 0.422 0.41 0.406 0.398 0.396 0.39 0.388 0.386 0.386 0.384 0.384 0.384 0.384 0.384 0.382 0.382 0.382 0.38 0.387 0.387 0.387 0.393 0.394 0.398 0.398 0.398 0.398 0.396 0.396 0.396 0.397 0.399 0.399 0.403 0.405 0.406 0.408 0.408 0.413 0.414 0.418 0.418 0.42 0.431 0.433 2.311 2.311 
1 1 1 1 1 1 1 1 1 1 1 1 1 1 1 1 1 1 1 1 1 1 1 1 1 1 1 1 1 1 1 1 1 1 1 1 1 1 1 1 1 1 1 1 1 1 1 1 1 1 1 1 1 1 1 1 1 1 1 1 1 1 1 1 1 1 1 1 1 1 1 1 1 1 1 1 1 1 1 1 1 1 1 1 1 1 1 1 1 1 1 1 1 1 1 1 1 1 1 1 1 1 1 1 1 1 1 1 1 1 1 1 1 1 1 1 1 1 1 1 1 1 1 1 1 1 1 1 1 1 1 1 1 1 1 1 1 1 1 1 1 1 1 1 1 1 1 1 1 1 1 1 1 1 1 1 1 1 1 1 1 1 1 1 1 1 1 1 1 1 1 1 1 1 1 1 1 1 1 1 1 1 1 1 1 1 1 1 1 1 1 1 1 1 1 1 1 1 1 1 1 1 1 1 1 1 1 1 1 1 1 1 1 1 1 1 1 1 1 1 1 1 1 1 1 1 1 1 1 1 1 1 1 1 1 1 1 1 1 1 1 1 1 1 1 1 1 1 1 1 1 1 1 1 1 1 1 1 1 1 1 1 1 1 1 1 1 1 1 1 1 1 1 1 1 1 1 1 1 1 1 1 1 1 1 1 1 1 1 1 1 1 1 1 1 1 1 1 1 1 1 1 1 1 1 1 1 1 1 1 1 1 1 1 1 1 1 1 1 1 1 1 1 1 1 1 1 1 1 1 1 1 1 1 1 1 1 1 1 1 1 1 1 1 1 1 1 1 1 1 1 1 1 1 1 1 1 1 1 1 1 1 1 1 1 1 1 1 1 1 1 1 1 1 1 1 1 1 1 1 1 1 1 1 1 1 1 1 1 1 1 1 1 1 1 1 1 1 1 1 1 1 1 1 1 1 1 1 1 1 1 1 1 1 1 1 1 1 1 1 1 1 1 1 1 1 1 1 1 1 1 1 1 1 1 1 1 1 1 1 1 1 1 1 1 1 1 1 1 1 1 1 1 1 1 1 1 1 1 1 1 1 1 1 1 1 1 1 1 1 1 1 1 1 1 1 1 1 1 1 1 1 1 1 1 1 1 1 1 1 1 1 1 1 1 1 1 1 1 1 1 1 1 1 1 1 1 1 1 1 1 1 1 1 1 1 1 1 1 1 1 1 1 1 1 1 1 1 1 1 1 1 1 1 1 1 1 1 1 1 1 1 1 1 1 1 1 1 1 1 1 1 1 1 1 1 1 1 1 1 1 1 1 1 1 1 1 1 1 1 1 1 1 1 1 1 1 1 1 1 1 1 1 1 1 1 1 1 1 1 1 1 1 1 1 1 1 1 1 1 1 1 1 1 1 1 1 1 1 1 1 1 1 1 1 1 1 1 1 1 1 1 1 1 1 1 1 1 1 1 1 1 1 1 1 1 1 1 1 1 1 1 1 1 1 1 1 1 1 1 1 1 1 1 1 1 1 1 1 1 1 1 1 1 1 1 1 1 1 1 1 1 1 1 1 1 1 1 1 1 1 1 
