# This file contains a 2D laser scan observation. 
# Its format is: 
# [aperture] [max_range] [number_of_scans] 
# [vector_of_scans] 
# [vector_of_valid_scans] 
# The aperture of the sensor is in radians, the maximum range 
# and measurements are in meters. '1' means a valid scan, '0' otherwise.
4.1847
5.6
682
0.375 0.375 0.375 0.375 0.375 0.371 0.371 0.371 0.368 0.367 0.365 0.367 0.366 0.366 0.366 0.366 0.366 0.362 0.359 0.359 0.36 0.357 0.36 0.36 0.359 0.357 0.353 0.353 0.35 0.35 0.35 0.35 0.35 0.35 0.35 0.35 0.35 0.351 0.348 0.347 0.351 0.35 0.35 0.35 0.35 0.35 0.349 0.349 0.349 0.349 0.349 0.353 0.355 0.356 0.358 0.364 0.364 0.374 0.377 0.379 0.383 0.385 0.385 0.386 0.389 0.389 0.389 0.382 0.376 0.375 0.374 0.372 0.362 0.361 0.359 0.355 0.355 0.355 0.355 0.356 0.356 0.356 0.354 0.354 0.349 0.349 0.358 0.358 0.356 0.356 0.356 0.356 0.358 0.358 0.358 0.356 0.355 0.355 0.355 0.355 0.355 0.359 0.358 0.358 0.358 0.357 0.357 0.355 0.355 0.357 0.358 0.358 0.36 0.36 0.365 0.365 0.365 0.364 0.364 0.364 0.364 0.373 0.373 0.368 0.368 0.37 0.368 0.37 0.372 0.372 0.374 0.377 0.375 0.377 0.375 0.379 0.379 0.38 0.381 0.382 0.386 0.386 0.386 0.386 0.386 0.386 0.386 0.386 0.387 0.39 0.39 0.391 0.394 0.406 0.406 0.406 0.406 0.406 0.406 0.41 0.41 0.406 0.414 0.418 0.419 0.42 0.42 0.422 0.422 0.427 0.428 0.432 0.436 0.436 0.436 0.44 0.443 0.445 0.445 0.451 0.453 0.455 0.457 0.464 0.465 0.465 0.464 0.467 0.464 0.464 0.464 0.464 0.464 0.474 0.475 0.476 0.488 0.488 0.489 0.489 0.492 0.495 0.498 0.501 0.5 0.504 0.504 0.508 0.517 0.522 0.525 0.537 0.537 0.538 0.539 0.567 1.087 1.187 1.197 1.219 1.235 1.237 1.273 1.282 1.293 1.324 1.33 1.349 1.378 1.4 1.423 1.445 1.462 1.485 1.517 1.537 1.566 1.585 1.62 1.653 1.682 1.715 1.752 1.794 1.832 1.866 1.903 1.945 1.979 2.022 2.068 2.11 2.157 2.206 2.259 2.307 2.38 2.432 2.489 2.564 2.649 2.726 2.787 2.911 2.998 3.109 3.229 3.292 3.292 3.292 3.292 3.291 3.29 3.284 3.284 3.284 3.281 3.278 3.273 3.272 3.269 3.269 3.268 3.268 3.266 3.266 3.266 3.266 3.264 3.262 3.262 3.262 3.262 3.262 3.262 3.262 3.262 1.71 1.71 1.707 1.71 1.71 1.603 0.931 0.921 0.921 0.917 0.82 0.817 0.816 0.816 0.816 0.816 0.816 0.817 0.817 0.832 0.832 0.833 0.833 0.832 0.83 0.822 0.822 0.821 0.817 0.817 0.811 0.807 0.802 0.781 0.773 0.761 0.761 0.754 0.755 0.754 0.755 0.755 0.755 0.757 0.757 0.757 0.76 0.76 0.805 0.818 0.83 0.838 0.838 0.846 0.84 0.846 0.85 0.855 0.857 0.861 0.861 0.866 0.866 0.866 0.869 0.866 0.866 0.869 0.875 0.879 0.885 0.894 0.894 0.897 0.894 0.897 0.897 0.896 0.896 0.896 0.896 0.909 0.912 0.913 0.918 0.924 0.933 0.937 0.951 0.955 0.958 0.963 0.963 0.967 0.967 0.971 0.972 0.978 0.983 0.985 0.986 0.988 0.99 1.001 1.007 1.012 1.022 1.033 1.033 1.043 1.046 1.055 1.068 1.069 1.07 1.075 1.091 1.091 1.096 1.101 1.117 1.12 1.124 1.124 1.125 1.139 1.143 1.143 1.159 1.168 1.175 1.186 1.191 1.197 1.198 1.211 1.212 1.231 1.235 1.256 1.261 1.275 1.282 1.296 1.302 1.308 1.329 1.332 1.343 1.349 1.356 1.36 1.373 1.39 1.397 1.414 1.423 1.445 1.455 1.467 1.468 1.491 1.498 1.513 1.524 1.524 1.524 0.676 0.666 0.663 0.648 0.648 0.647 0.642 0.639 0.638 0.636 0.635 0.635 0.631 0.628 0.628 0.628 0.628 0.625 0.623 0.622 0.62 0.619 0.614 0.614 0.614 0.61 0.61 0.609 0.606 0.601 0.6 0.6 0.601 0.598 0.602 0.606 0.602 0.598 0.596 0.596 0.587 0.585 0.587 0.587 0.587 0.587 0.587 0.587 0.579 0.579 0.579 0.579 0.579 0.575 0.573 0.573 0.576 0.573 0.572 0.576 0.572 0.572 0.572 0.574 0.574 0.575 0.576 0.576 0.576 0.576 0.573 0.573 0.576 0.577 0.577 0.578 0.577 0.578 0.578 0.578 0.58 0.584 0.593 0.598 0.598 0.603 0.605 0.606 0.608 0.606 0.606 0.605 0.605 0.603 0.602 0.589 0.588 0.588 0.588 0.586 0.579 0.577 0.577 0.575 0.575 0.573 0.576 0.573 0.572 0.568 0.572 0.572 0.572 0.573 0.573 0.573 0.573 0.573 0.571 0.573 0.573 0.575 0.577 0.579 0.579 0.579 0.579 0.581 0.581 0.581 0.585 0.585 0.583 0.583 0.585 0.587 0.589 0.59 0.596 0.597 0.597 0.597 0.597 0.597 0.597 0.598 0.598 0.604 0.605 0.618 0.629 0.63 0.63 0.629 0.6 0.598 0.596 0.58 0.58 0.571 0.555 0.554 0.543 0.542 0.529 0.528 0.512 0.512 0.506 0.504 0.482 0.48 0.478 0.469 0.456 0.438 0.433 0.433 0.433 0.431 0.426 0.426 0.417 0.407 0.402 0.402 0.397 0.397 0.396 0.396 0.393 0.393 0.391 0.389 0.389 0.388 0.387 0.387 0.388 0.394 0.4 0.402 0.407 0.407 0.407 0.406 0.406 0.406 0.406 0.406 0.409 0.409 0.409 0.415 0.421 0.421 0.421 0.423 
1 1 1 1 1 1 1 1 1 1 1 1 1 1 1 1 1 1 1 1 1 1 1 1 1 1 1 1 1 1 1 1 1 1 1 1 1 1 1 1 1 1 1 1 1 1 1 1 1 1 1 1 1 1 1 1 1 1 1 1 1 1 1 1 1 1 1 1 1 1 1 1 1 1 1 1 1 1 1 1 1 1 1 1 1 1 1 1 1 1 1 1 1 1 1 1 1 1 1 1 1 1 1 1 1 1 1 1 1 1 1 1 1 1 1 1 1 1 1 1 1 1 1 1 1 1 1 1 1 1 1 1 1 1 1 1 1 1 1 1 1 1 1 1 1 1 1 1 1 1 1 1 1 1 1 1 1 1 1 1 1 1 1 1 1 1 1 1 1 1 1 1 1 1 1 1 1 1 1 1 1 1 1 1 1 1 1 1 1 1 1 1 1 1 1 1 1 1 1 1 1 1 1 1 1 1 1 1 1 1 1 1 1 1 1 1 1 1 1 1 1 1 1 1 1 1 1 1 1 1 1 1 1 1 1 1 1 1 1 1 1 1 1 1 1 1 1 1 1 1 1 1 1 1 1 1 1 1 1 1 1 1 1 1 1 1 1 1 1 1 1 1 1 1 1 1 1 1 1 1 1 1 1 1 1 1 1 1 1 1 1 1 1 1 1 1 1 1 1 1 1 1 1 1 1 1 1 1 1 1 1 1 1 1 1 1 1 1 1 1 1 1 1 1 1 1 1 1 1 1 1 1 1 1 1 1 1 1 1 1 1 1 1 1 1 1 1 1 1 1 1 1 1 1 1 1 1 1 1 1 1 1 1 1 1 1 1 1 1 1 1 1 1 1 1 1 1 1 1 1 1 1 1 1 1 1 1 1 1 1 1 1 1 1 1 1 1 1 1 1 1 1 1 1 1 1 1 1 1 1 1 1 1 1 1 1 1 1 1 1 1 1 1 1 1 1 1 1 1 1 1 1 1 1 1 1 1 1 1 1 1 1 1 1 1 1 1 1 1 1 1 1 1 1 1 1 1 1 1 1 1 1 1 1 1 1 1 1 1 1 1 1 1 1 1 1 1 1 1 1 1 1 1 1 1 1 1 1 1 1 1 1 1 1 1 1 1 1 1 1 1 1 1 1 1 1 1 1 1 1 1 1 1 1 1 1 1 1 1 1 1 1 1 1 1 1 1 1 1 1 1 1 1 1 1 1 1 1 1 1 1 1 1 1 1 1 1 1 1 1 1 1 1 1 1 1 1 1 1 1 1 1 1 1 1 1 1 1 1 1 1 1 1 1 1 1 1 1 1 1 1 1 1 1 1 1 1 1 1 1 1 1 1 1 1 1 1 1 1 1 1 1 1 1 1 1 1 1 1 1 1 1 1 1 1 1 1 1 1 1 1 1 1 1 1 1 1 1 1 1 1 1 1 1 1 1 1 1 1 1 1 1 1 1 1 1 1 1 1 1 1 1 1 1 1 1 1 1 1 1 1 1 1 1 1 1 1 1 1 1 1 1 1 1 1 1 1 1 1 1 1 1 
