# This file contains a 2D laser scan observation. 
# Its format is: 
# [aperture] [max_range] [number_of_scans] 
# [vector_of_scans] 
# [vector_of_valid_scans] 
# The aperture of the sensor is in radians, the maximum range 
# and measurements are in meters. '1' means a valid scan, '0' otherwise.
4.1847
5.6
682
0.385 0.385 0.385 0.385 0.385 0.377 0.377 0.377 0.377 0.377 0.376 0.376 0.375 0.375 0.373 0.371 0.369 0.368 0.367 0.368 0.367 0.364 0.366 0.364 0.364 0.364 0.361 0.358 0.358 0.358 0.358 0.357 0.357 0.355 0.355 0.354 0.354 0.353 0.354 0.353 0.354 0.352 0.352 0.351 0.346 0.346 0.346 0.346 0.349 0.351 0.351 0.351 0.352 0.352 0.345 0.345 0.345 0.345 0.345 0.344 0.344 0.349 0.344 0.349 0.35 0.35 0.352 0.354 0.36 0.36 0.371 0.373 0.374 0.376 0.378 0.384 0.384 0.387 0.387 0.384 0.383 0.376 0.374 0.369 0.365 0.359 0.358 0.356 0.355 0.353 0.353 0.352 0.35 0.35 0.346 0.342 0.342 0.342 0.345 0.345 0.345 0.345 0.345 0.348 0.348 0.349 0.349 0.35 0.35 0.35 0.352 0.352 0.357 0.357 0.357 0.355 0.355 0.355 0.355 0.353 0.356 0.362 0.356 0.356 0.356 0.354 0.354 0.354 0.357 0.357 0.358 0.364 0.364 0.371 0.371 0.367 0.367 0.372 0.368 0.372 0.372 0.375 0.376 0.376 0.376 0.375 0.369 0.369 0.369 0.372 0.375 0.385 0.385 0.385 0.385 0.385 0.389 0.387 0.387 0.394 0.394 0.394 0.394 0.396 0.396 0.392 0.389 0.392 0.386 0.384 0.386 0.391 0.391 0.393 0.393 0.397 0.402 0.402 0.407 0.412 0.413 0.413 0.414 0.414 0.415 0.422 0.43 0.43 0.429 0.433 0.431 0.431 0.433 0.433 0.435 0.44 0.446 0.448 0.448 0.449 0.45 0.452 0.452 0.464 0.464 0.464 0.958 0.972 0.985 0.985 0.989 1.003 1.007 1.029 1.033 1.043 1.048 1.063 1.072 1.079 1.104 1.122 1.127 1.14 1.152 1.163 1.175 1.194 1.211 1.215 1.245 1.255 1.269 1.277 1.293 1.324 1.329 1.352 1.379 1.396 1.412 1.435 1.448 1.482 1.508 1.529 1.561 1.583 1.612 1.65 1.668 1.698 1.74 1.772 1.802 1.839 1.884 1.9 1.942 1.989 2.033 2.072 2.115 2.145 2.198 2.249 2.308 2.36 2.423 2.495 2.568 2.623 2.68 2.8 2.86 2.968 3.075 3.191 3.191 3.191 3.185 3.185 3.183 3.183 3.178 3.178 3.174 3.173 3.169 3.168 3.165 3.164 3.163 3.158 3.158 3.158 3.158 3.155 3.155 3.153 3.153 3.153 3.152 3.151 3.15 3.151 3.15 3.15 1.601 1.599 1.599 1.599 1.599 0.836 0.83 0.82 0.812 0.807 0.713 0.709 0.709 0.709 0.714 0.714 0.715 0.718 0.718 0.723 0.723 0.724 0.723 0.725 0.723 0.72 0.717 0.717 0.717 0.717 0.719 0.719 0.714 0.714 0.706 0.694 0.691 0.669 0.664 0.662 0.662 0.662 0.664 0.662 0.664 0.662 0.66 0.66 0.659 0.659 0.659 0.66 0.66 0.668 0.72 0.732 0.735 0.735 0.742 0.745 0.742 0.742 0.742 0.743 0.743 0.744 0.751 0.751 0.752 0.757 0.758 0.761 0.762 0.764 0.768 0.768 0.775 0.779 0.78 0.784 0.788 0.788 0.788 0.792 0.793 0.8 0.802 0.802 0.803 0.806 0.806 0.806 0.808 0.808 0.826 0.838 0.842 0.847 0.848 0.851 0.855 0.861 0.868 0.874 0.876 0.888 0.888 0.888 0.888 0.894 0.902 0.902 0.906 0.906 0.907 0.907 0.916 0.923 0.933 0.936 0.937 0.952 0.953 0.957 0.969 0.978 0.979 0.985 0.992 0.999 1.008 1.008 1.008 1.016 1.026 1.033 1.036 1.045 1.064 1.066 1.068 1.083 1.09 1.1 1.108 1.113 1.122 1.122 1.137 1.141 1.16 1.164 1.19 1.207 1.216 1.218 1.241 1.242 1.245 1.254 1.267 1.277 1.296 1.296 1.297 1.308 1.333 1.342 1.352 1.365 1.385 1.397 1.413 1.427 1.442 1.446 1.476 1.49 1.507 1.53 1.54 1.571 1.577 1.588 1.618 1.633 1.645 1.655 1.671 1.693 1.693 1.693 0.598 0.598 0.593 0.588 0.587 0.588 0.588 0.588 0.589 0.59 0.59 0.589 0.589 0.584 0.578 0.584 0.578 0.578 0.578 0.569 0.569 0.573 0.573 0.573 0.573 0.572 0.568 0.568 0.566 0.566 0.567 0.567 0.566 0.562 0.561 0.561 0.562 0.561 0.563 0.563 0.565 0.562 0.562 0.562 0.562 0.556 0.556 0.557 0.556 0.557 0.557 0.558 0.558 0.558 0.567 0.567 0.576 0.577 0.577 0.577 0.582 0.582 0.59 0.597 0.598 0.598 0.597 0.602 0.595 0.59 0.59 0.583 0.582 0.577 0.577 0.574 0.571 0.571 0.566 0.565 0.561 0.561 0.56 0.56 0.56 0.557 0.557 0.557 0.562 0.558 0.562 0.567 0.562 0.562 0.562 0.562 0.562 0.562 0.562 0.562 0.562 0.562 0.562 0.567 0.571 0.571 0.571 0.572 0.572 0.572 0.573 0.575 0.576 0.576 0.578 0.578 0.581 0.581 0.58 0.58 0.58 0.58 0.579 0.582 0.589 0.589 0.595 0.595 0.595 0.6 0.6 0.601 0.601 0.601 0.609 0.609 0.61 0.611 0.615 0.615 0.615 0.612 0.612 0.612 0.618 0.624 0.624 0.628 0.63 0.63 0.634 0.639 0.639 0.642 0.662 0.662 0.662 0.656 0.649 0.64 0.639 0.636 0.627 0.616 0.613 0.611 0.6 0.594 0.585 0.582 0.582 0.576 0.576 0.565 0.559 0.554 0.554 0.543 0.542 0.541 0.536 0.534 
1 1 1 1 1 1 1 1 1 1 1 1 1 1 1 1 1 1 1 1 1 1 1 1 1 1 1 1 1 1 1 1 1 1 1 1 1 1 1 1 1 1 1 1 1 1 1 1 1 1 1 1 1 1 1 1 1 1 1 1 1 1 1 1 1 1 1 1 1 1 1 1 1 1 1 1 1 1 1 1 1 1 1 1 1 1 1 1 1 1 1 1 1 1 1 1 1 1 1 1 1 1 1 1 1 1 1 1 1 1 1 1 1 1 1 1 1 1 1 1 1 1 1 1 1 1 1 1 1 1 1 1 1 1 1 1 1 1 1 1 1 1 1 1 1 1 1 1 1 1 1 1 1 1 1 1 1 1 1 1 1 1 1 1 1 1 1 1 1 1 1 1 1 1 1 1 1 1 1 1 1 1 1 1 1 1 1 1 1 1 1 1 1 1 1 1 1 1 1 1 1 1 1 1 1 1 1 1 1 1 1 1 1 1 1 1 1 1 1 1 1 1 1 1 1 1 1 1 1 1 1 1 1 1 1 1 1 1 1 1 1 1 1 1 1 1 1 1 1 1 1 1 1 1 1 1 1 1 1 1 1 1 1 1 1 1 1 1 1 1 1 1 1 1 1 1 1 1 1 1 1 1 1 1 1 1 1 1 1 1 1 1 1 1 1 1 1 1 1 1 1 1 1 1 1 1 1 1 1 1 1 1 1 1 1 1 1 1 1 1 1 1 1 1 1 1 1 1 1 1 1 1 1 1 1 1 1 1 1 1 1 1 1 1 1 1 1 1 1 1 1 1 1 1 1 1 1 1 1 1 1 1 1 1 1 1 1 1 1 1 1 1 1 1 1 1 1 1 1 1 1 1 1 1 1 1 1 1 1 1 1 1 1 1 1 1 1 1 1 1 1 1 1 1 1 1 1 1 1 1 1 1 1 1 1 1 1 1 1 1 1 1 1 1 1 1 1 1 1 1 1 1 1 1 1 1 1 1 1 1 1 1 1 1 1 1 1 1 1 1 1 1 1 1 1 1 1 1 1 1 1 1 1 1 1 1 1 1 1 1 1 1 1 1 1 1 1 1 1 1 1 1 1 1 1 1 1 1 1 1 1 1 1 1 1 1 1 1 1 1 1 1 1 1 1 1 1 1 1 1 1 1 1 1 1 1 1 1 1 1 1 1 1 1 1 1 1 1 1 1 1 1 1 1 1 1 1 1 1 1 1 1 1 1 1 1 1 1 1 1 1 1 1 1 1 1 1 1 1 1 1 1 1 1 1 1 1 1 1 1 1 1 1 1 1 1 1 1 1 1 1 1 1 1 1 1 1 1 1 1 1 1 1 1 1 1 1 1 1 1 1 1 1 1 1 1 1 1 1 1 1 1 1 1 1 1 1 1 1 1 1 1 1 1 1 1 1 1 1 1 1 1 1 1 1 1 1 1 1 1 1 1 1 1 1 1 1 1 1 1 1 1 1 1 1 1 1 1 1 1 1 1 1 1 1 1 1 1 1 1 1 1 1 1 1 1 1 1 1 1 1 1 
