# This file contains a 2D laser scan observation. 
# Its format is: 
# [aperture] [max_range] [number_of_scans] 
# [vector_of_scans] 
# [vector_of_valid_scans] 
# The aperture of the sensor is in radians, the maximum range 
# and measurements are in meters. '1' means a valid scan, '0' otherwise.
4.1847
5.6
682
1.078 1.078 1.079 1.079 1.098 1.148 1.299 1.316 1.316 1.316 1.312 1.309 1.298 1.298 1.297 1.278 0.908 0.905 0.895 0.891 0.884 0.883 0.883 0.883 0.883 0.892 0.894 0.905 0.924 0.926 0.926 0.926 0.924 0.922 0.922 0.925 0.925 0.928 1.159 1.184 1.184 1.184 1.172 1.169 1.159 1.158 1.159 1.16 1.159 1.16 1.17 1.17 1.167 1.167 1.166 1.166 1.16 1.158 1.156 1.156 1.155 1.151 1.14 1.14 1.14 1.139 1.134 1.133 1.13 1.127 1.127 1.127 1.126 1.125 1.123 1.125 1.123 1.123 1.122 1.122 1.122 1.122 1.127 1.127 1.127 1.126 1.126 1.126 1.126 1.126 1.126 1.121 1.125 1.121 1.117 1.117 1.118 1.118 1.12 1.122 1.126 1.134 1.141 1.146 1.164 1.168 1.18 1.183 1.192 1.192 1.192 1.195 1.195 1.196 1.19 1.196 1.19 1.191 1.19 1.189 1.189 1.189 1.186 1.186 1.186 1.185 1.185 1.186 1.194 1.223 1.225 1.225 1.23 1.269 1.517 1.517 1.517 1.439 1.439 1.439 1.523 1.523 1.528 0.007 1.539 1.521 1.521 1.311 1.311 1.311 1.308 1.308 1.308 1.308 1.308 1.312 1.312 1.312 1.312 1.312 1.295 1.295 1.295 1.287 1.232 1.221 1.221 1.221 1.227 1.227 1.227 1.227 1.227 1.227 0 0 0 0 0 0 0 0 0 0 0 0 0 0 0 0 0 0 0 0 0 0 0 0 0 0 0 0 1.944 1.944 1.944 1.965 0.007 0 0.007 0 2.018 2.022 2.022 2.022 2.022 2.035 2.051 2.067 2.076 2.083 2.092 2.113 2.134 2.135 2.137 2.137 2.137 2.153 0 0 0 0 0 0 0 0 2.048 2.039 2.039 2.039 2.025 2.025 1.999 1.999 0.007 0 1.843 1.843 1.794 1.794 1.794 1.792 1.776 1.142 1.128 1.128 1.142 0 0 0 1.774 1.774 1.774 1.775 1.775 1.775 1.773 1.76 1.725 1.708 1.688 1.67 1.667 1.664 1.664 1.663 1.658 0.973 0.973 0.973 1.644 1.644 1.644 1.641 1.636 1.619 1.61 1.589 1.571 1.571 1.547 1.534 1.532 1.531 1.531 1.534 1.535 1.539 1.541 1.543 1.544 1.546 1.551 1.551 1.551 1.546 1.551 1.552 0 0 0 0 0 0 0 1.471 1.47 1.47 1.471 1.47 1.467 1.428 1.39 1.381 1.322 0.899 0.891 0.891 0.891 0.943 1.375 1.387 1.39 1.39 1.387 1.387 1.381 1.38 1.346 0.545 0.544 0.544 0.545 0.545 0.545 0.545 0.545 0.545 1.443 1.463 1.469 1.47 1.476 1.476 1.475 1.475 1.471 1.464 1.464 1.464 1.464 1.468 1.468 1.465 1.469 1.465 1.465 1.465 1.465 1.465 1.469 1.465 1.469 1.469 1.471 1.467 1.469 1.469 1.471 1.471 1.48 1.48 1.482 1.482 1.482 1.482 1.485 1.482 1.481 1.004 1.001 0.999 0.999 1.001 1.502 1.502 1.502 1.502 1.503 1.498 1.497 1.453 1.437 1.437 1.437 1.443 1.444 1.447 1.516 1.516 1.516 1.445 1.441 1.434 1.433 1.411 1.408 1.408 1.407 1.408 1.407 1.407 0.683 0.676 0.675 0.672 0.672 0.675 0.677 0.679 0.68 1.363 1.366 1.38 1.38 1.385 1.489 1.489 1.489 1.474 1.439 1.42 1.398 1.387 1.387 1.387 1.361 1.346 0.764 0.74 0.734 0.734 0.721 0.72 0.721 0.72 0.72 0.719 0.719 0.719 0.722 0.725 0.725 0.726 0.726 0.721 0.719 0.718 0.712 0.712 0.709 0.712 0.712 0.708 0.713 0.715 0.715 0.716 0.717 0.717 0.718 0.718 0.015 0.015 0.015 0.73 0.73 0.73 0.73 0.726 0.719 0.719 0.719 0.723 0.723 0.758 0.76 0.76 0.797 0.88 0.88 0.88 0.88 0.873 0.867 0.86 0.858 0.854 0.853 0.846 0.844 0.842 0.839 0.831 0.826 0.82 0.819 0.818 0.815 0.809 0.804 0.803 0.797 0.8 0.797 0.797 0.786 0.785 0.783 0.781 0.774 0.773 0.773 0.772 0.769 0.763 0.758 0.757 0.753 0.753 0.751 0.746 0.746 0.746 0.74 0.739 0.738 0.738 0.736 0.736 0.728 0.726 0.726 0.725 0.72 0.72 0.718 0.718 0.718 0.716 0.712 0.71 0.698 0.698 0.695 0.697 0.697 0.699 0.697 0.697 0.697 0.697 0.694 0.697 0.691 0.695 0.695 0.699 0.708 0.708 0.708 0.682 0.681 0.681 0.682 0.681 0.683 0.683 0.682 0.678 0.678 0.673 0.672 0.672 0.672 0.673 0.675 0.675 0.675 0.675 0.671 0.671 0.677 0.671 0.674 0.674 0.674 0.674 0.678 0.68 0.682 0.685 0.688 0.69 0.694 0.701 0.707 0.711 0.707 0.707 0.707 0.705 0.702 0.686 0.681 0.68 0.678 0.676 0.672 0.672 0.672 0.672 0.672 0.672 0.672 0.671 0.672 0.672 0.674 0.674 0.674 0.674 0.678 0.678 0.68 0.681 0.681 0.682 0.682 0.683 0.683 0.683 0.683 0.682 0.682 0.687 0.687 0.691 0.691 0.692 0.692 0.692 0.691 0.691 0.69 0.69 0.69 0.69 0.696 0.697 0.699 0.706 0.706 0.71 0.713 0.715 0.717 0.72 0.72 0.72 0.722 0.722 
1 1 1 1 1 1 1 1 1 1 1 1 1 1 1 1 1 1 1 1 1 1 1 1 1 1 1 1 1 1 1 1 1 1 1 1 1 1 1 1 1 1 1 1 1 1 1 1 1 1 1 1 1 1 1 1 1 1 1 1 1 1 1 1 1 1 1 1 1 1 1 1 1 1 1 1 1 1 1 1 1 1 1 1 1 1 1 1 1 1 1 1 1 1 1 1 1 1 1 1 1 1 1 1 1 1 1 1 1 1 1 1 1 1 1 1 1 1 1 1 1 1 1 1 1 1 1 1 1 1 1 1 1 1 1 1 1 1 1 1 1 1 1 0 1 1 1 1 1 1 1 1 1 1 1 1 1 1 1 1 1 1 1 1 1 1 1 1 1 1 1 1 1 1 0 0 0 0 0 0 0 0 0 0 0 0 0 0 0 0 0 0 0 0 0 0 0 0 0 0 0 0 1 1 1 1 0 0 0 0 1 1 1 1 1 1 1 1 1 1 1 1 1 1 1 1 1 1 0 0 0 0 0 0 0 0 1 1 1 1 1 1 1 1 0 0 1 1 1 1 1 1 1 1 1 1 1 0 0 0 1 1 1 1 1 1 1 1 1 1 1 1 1 1 1 1 1 1 1 1 1 1 1 1 1 1 1 1 1 1 1 1 1 1 1 1 1 1 1 1 1 1 1 1 1 1 1 1 0 0 0 0 0 0 0 1 1 1 1 1 1 1 1 1 1 1 1 1 1 1 1 1 1 1 1 1 1 1 1 1 1 1 1 1 1 1 1 1 1 1 1 1 1 1 1 1 1 1 1 1 1 1 1 1 1 1 1 1 1 1 1 1 1 1 1 1 1 1 1 1 1 1 1 1 1 1 1 1 1 1 1 1 1 1 1 1 1 1 1 1 1 1 1 1 1 1 1 1 1 1 1 1 1 1 1 1 1 1 1 1 1 1 1 1 1 1 1 1 1 1 1 1 1 1 1 1 1 1 1 1 1 1 1 1 1 1 1 1 1 1 1 1 1 1 1 1 1 1 1 1 1 1 1 1 1 1 1 1 1 1 1 1 1 1 1 1 1 1 1 1 1 1 0 0 0 1 1 1 1 1 1 1 1 1 1 1 1 1 1 1 1 1 1 1 1 1 1 1 1 1 1 1 1 1 1 1 1 1 1 1 1 1 1 1 1 1 1 1 1 1 1 1 1 1 1 1 1 1 1 1 1 1 1 1 1 1 1 1 1 1 1 1 1 1 1 1 1 1 1 1 1 1 1 1 1 1 1 1 1 1 1 1 1 1 1 1 1 1 1 1 1 1 1 1 1 1 1 1 1 1 1 1 1 1 1 1 1 1 1 1 1 1 1 1 1 1 1 1 1 1 1 1 1 1 1 1 1 1 1 1 1 1 1 1 1 1 1 1 1 1 1 1 1 1 1 1 1 1 1 1 1 1 1 1 1 1 1 1 1 1 1 1 1 1 1 1 1 1 1 1 1 1 1 1 1 1 1 1 1 1 1 1 1 1 1 1 1 1 1 1 1 1 
