# This file contains a 2D laser scan observation. 
# Its format is: 
# [aperture] [max_range] [number_of_scans] 
# [vector_of_scans] 
# [vector_of_valid_scans] 
# The aperture of the sensor is in radians, the maximum range 
# and measurements are in meters. '1' means a valid scan, '0' otherwise.
4.1847
5.6
682
0.408 0.406 0.406 0.402 0.402 0.397 0.391 0.391 0.388 0.386 0.386 0.386 0.383 0.383 0.382 0.381 0.379 0.376 0.373 0.37 0.369 0.369 0.368 0.365 0.364 0.364 0.362 0.355 0.354 0.355 0.354 0.354 0.352 0.35 0.349 0.348 0.348 0.348 0.348 0.345 0.343 0.34 0.34 0.338 0.338 0.338 0.338 0.334 0.333 0.332 0.332 0.332 0.332 0.331 0.325 0.329 0.329 0.325 0.329 0.329 0.325 0.323 0.323 0.323 0.323 0.322 0.322 0.322 0.317 0.313 0.313 0.313 0.313 0.311 0.313 0.315 0.311 0.315 0.315 0.314 0.313 0.314 0.314 0.313 0.313 0.313 0.31 0.31 0.312 0.31 0.31 0.308 0.305 0.305 0.308 0.308 0.307 0.308 0.307 0.307 0.307 0.31 0.307 0.307 0.304 0.304 0.304 0.304 0.301 0.301 0.301 0.301 0.304 0.304 0.305 0.306 0.306 0.305 0.305 0.305 0.3 0.299 0.3 0.3 0.3 0.298 0.297 0.296 0.296 0.296 0.297 0.298 0.3 0.302 0.302 0.302 0.303 0.303 0.297 0.297 0.297 0.297 0.299 0.299 0.3 0.306 0.306 0.307 0.307 0.306 0.305 0.307 0.307 0.304 0.304 0.305 0.305 0.305 0.305 0.307 0.307 0.309 0.309 0.31 0.313 0.313 0.313 0.313 0.313 0.313 0.315 0.313 0.314 0.314 0.315 0.32 0.32 0.32 0.32 0.321 0.321 0.325 0.326 0.326 0.326 0.326 0.326 0.329 0.334 0.334 0.329 0.334 0.33 0.33 0.33 0.337 0.337 0.337 0.337 0.34 0.34 0.34 0.34 0.346 0.347 0.347 0.347 0.35 0.35 0.356 0.356 0.358 0.358 0.359 0.359 0.362 0.362 0.365 0.365 0.368 0.372 0.374 0.375 0.376 0.375 0.376 0.376 0.384 0.384 0.388 0.388 0.389 0.389 0.394 0.397 0.398 0.399 0.408 0.411 0.411 0.413 0.413 0.415 0.415 0.419 0.421 0.424 0.427 0.429 0.433 0.441 0.441 0.441 0.441 0.441 0.443 0.451 0.454 0.455 0.455 0.462 0.464 0.467 0.47 0.47 0.475 0.479 0.481 0.49 0.497 0.499 0.506 0.507 0.507 0.516 0.517 0.519 0.522 0.533 0.534 0.538 0.538 0.547 0.553 0.553 0.571 0.577 0.583 0.586 0.591 0.593 0.603 0.617 0.617 0.622 0.624 0.628 0.643 0.644 0.651 0.655 0.667 0.669 0.679 0.682 0.701 0.706 0.709 0.713 0.729 0.737 0.741 0.76 0.767 0.783 0.808 0.811 0.816 0.83 0.843 0.857 0.873 0.9 0.908 0.934 0.942 0.96 0.983 1.006 1.021 1.057 1.07 1.097 1.125 1.154 1.179 1.212 1.258 1.287 1.326 1.36 1.36 1.424 1.468 1.559 1.615 1.693 1.737 1.822 1.9 1.92 1.92 1.922 1.92 1.919 1.919 1.919 1.918 1.918 1.918 1.916 1.915 1.915 1.915 1.914 1.914 1.914 1.914 1.916 1.917 1.917 1.917 1.917 1.915 1.912 1.915 1.912 1.912 1.912 1.912 1.911 1.91 1.912 1.912 1.914 1.918 1.918 1.918 1.918 1.918 1.917 1.923 1.923 1.923 1.925 1.927 1.927 1.927 1.928 1.93 1.935 1.941 1.942 1.946 1.946 1.946 1.946 1.952 1.952 1.957 1.957 1.952 1.954 1.952 1.952 1.952 1.893 1.893 1.965 1.893 1.491 1.971 1.346 1.275 1.275 1.259 1.251 1.251 1.128 1.03 0.987 0.951 0.92 0.92 0.9 0.891 0.88 0.847 0.847 0.819 0.795 0.795 0.769 0.741 0.731 0.722 0.708 0.695 0.691 0.686 0.678 0.669 0.66 0.654 0.651 0.633 0.627 0.623 0.616 0.613 0.612 0.608 0.604 0.604 0.6 0.6 0.598 0.598 0.595 0.591 0.591 0.591 0.591 0.591 0.591 0.587 0.587 0.587 0.586 0.57 0.569 0.569 0.57 0.574 0.574 0.575 0.574 0.57 0.547 0.455 0.452 0.449 0.449 0.447 0.449 0.451 0.451 0.453 0.453 0.458 0.458 0.469 0.472 0.486 0.491 0.491 0.493 0.496 0.497 0.497 0.496 0.479 0.478 0.477 0.468 0.461 0.457 0.456 0.448 0.429 0.429 0.429 0.424 0.424 0.423 0.423 0.423 0.423 0.414 0.413 0.411 0.41 0.407 0.403 0.403 0.402 0.402 0.401 0.402 0.402 0.402 0.401 0.399 0.398 0.396 0.396 0.394 0.392 0.389 0.385 0.384 0.382 0.384 0.382 0.378 0.382 0.384 0.387 0.387 0.387 0.382 0.372 0.371 0.368 0.368 0.368 0.368 0.368 0.362 0.372 0.365 0.364 0.365 0.365 0.364 0.364 0.36 0.36 0.36 0.359 0.359 0.358 0.358 0.358 0.359 0.358 0.359 0.359 0.359 0.36 0.36 0.355 0.355 0.35 0.35 0.35 0.35 0.35 0.351 0.351 0.35 0.352 0.352 0.352 0.357 0.357 0.357 0.342 0.341 0.341 0.342 0.342 0.342 0.346 0.346 0.345 0.343 0.345 0.345 0.343 0.343 0.343 0.343 0.343 0.343 0.343 0.338 0.338 0.338 0.34 0.34 0.343 0.343 0.345 0.345 0.345 0.345 0.345 0.345 0.343 0.343 0.341 0.341 0.343 0.349 0.35 0.35 0.353 0.352 0.352 0.352 0.35 0.349 0.349 0.349 0.349 0.349 0.354 0.35 0.35 0.355 0.354 0.351 0.354 0.355 0.356 0.356 0.359 0.356 0.351 0.351 0.356 0.351 0.352 0.352 0.352 0.352 0.356 0.356 0.357 0.357 0.361 
1 1 1 1 1 1 1 1 1 1 1 1 1 1 1 1 1 1 1 1 1 1 1 1 1 1 1 1 1 1 1 1 1 1 1 1 1 1 1 1 1 1 1 1 1 1 1 1 1 1 1 1 1 1 1 1 1 1 1 1 1 1 1 1 1 1 1 1 1 1 1 1 1 1 1 1 1 1 1 1 1 1 1 1 1 1 1 1 1 1 1 1 1 1 1 1 1 1 1 1 1 1 1 1 1 1 1 1 1 1 1 1 1 1 1 1 1 1 1 1 1 1 1 1 1 1 1 1 1 1 1 1 1 1 1 1 1 1 1 1 1 1 1 1 1 1 1 1 1 1 1 1 1 1 1 1 1 1 1 1 1 1 1 1 1 1 1 1 1 1 1 1 1 1 1 1 1 1 1 1 1 1 1 1 1 1 1 1 1 1 1 1 1 1 1 1 1 1 1 1 1 1 1 1 1 1 1 1 1 1 1 1 1 1 1 1 1 1 1 1 1 1 1 1 1 1 1 1 1 1 1 1 1 1 1 1 1 1 1 1 1 1 1 1 1 1 1 1 1 1 1 1 1 1 1 1 1 1 1 1 1 1 1 1 1 1 1 1 1 1 1 1 1 1 1 1 1 1 1 1 1 1 1 1 1 1 1 1 1 1 1 1 1 1 1 1 1 1 1 1 1 1 1 1 1 1 1 1 1 1 1 1 1 1 1 1 1 1 1 1 1 1 1 1 1 1 1 1 1 1 1 1 1 1 1 1 1 1 1 1 1 1 1 1 1 1 1 1 1 1 1 1 1 1 1 1 1 1 1 1 1 1 1 1 1 1 1 1 1 1 1 1 1 1 1 1 1 1 1 1 1 1 1 1 1 1 1 1 1 1 1 1 1 1 1 1 1 1 1 1 1 1 1 1 1 1 1 1 1 1 1 1 1 1 1 1 1 1 1 1 1 1 1 1 1 1 1 1 1 1 1 1 1 1 1 1 1 1 1 1 1 1 1 1 1 1 1 1 1 1 1 1 1 1 1 1 1 1 1 1 1 1 1 1 1 1 1 1 1 1 1 1 1 1 1 1 1 1 1 1 1 1 1 1 1 1 1 1 1 1 1 1 1 1 1 1 1 1 1 1 1 1 1 1 1 1 1 1 1 1 1 1 1 1 1 1 1 1 1 1 1 1 1 1 1 1 1 1 1 1 1 1 1 1 1 1 1 1 1 1 1 1 1 1 1 1 1 1 1 1 1 1 1 1 1 1 1 1 1 1 1 1 1 1 1 1 1 1 1 1 1 1 1 1 1 1 1 1 1 1 1 1 1 1 1 1 1 1 1 1 1 1 1 1 1 1 1 1 1 1 1 1 1 1 1 1 1 1 1 1 1 1 1 1 1 1 1 1 1 1 1 1 1 1 1 1 1 1 1 1 1 1 1 1 1 1 1 1 1 1 1 1 1 1 1 1 1 1 1 1 1 1 1 1 1 1 1 1 1 1 1 1 1 1 1 1 1 1 1 1 1 1 1 1 1 1 1 1 1 1 1 1 
