# This file contains a 2D laser scan observation. 
# Its format is: 
# [aperture] [max_range] [number_of_scans] 
# [vector_of_scans] 
# [vector_of_valid_scans] 
# The aperture of the sensor is in radians, the maximum range 
# and measurements are in meters. '1' means a valid scan, '0' otherwise.
4.1847
5.6
682
0.415 0.415 0.413 0.415 0.415 0.416 0.416 0.418 0.416 0.415 0.415 0.416 0.415 0.416 0.416 0.415 0.415 0.413 0.409 0.413 0.417 0.417 0.417 0.418 0.418 0.415 0.414 0.413 0.413 0.413 0.413 0.414 0.416 0.419 0.416 0.414 0.421 0.421 0.416 0.419 0.422 0.419 0.419 0.419 0.42 0.419 0.42 0.419 0.42 0.422 0.422 0.42 0.422 0.421 0.421 0.425 0.426 0.426 0.426 0.428 0.431 0.428 0.428 0.433 0.433 0.433 0.433 0.433 0.434 0.438 0.438 0.439 0.438 0.441 0.441 0.441 0.443 0.443 0.445 0.448 0.448 0.448 0.448 0.448 0.452 0.451 0.454 0.454 0.454 0.454 0.454 0.463 0.463 0.464 0.465 0.468 0.468 0.468 0.47 0.474 0.475 0.476 0.477 0.485 0.485 0.485 0.485 0.482 0.482 0.485 0.486 0.492 0.495 0.496 0.496 0.499 0.5 0.503 0.504 0.506 0.506 0.506 0.509 0.511 0.517 0.525 0.526 0.526 0.529 0.53 0.531 0.532 0.54 0.543 0.545 0.548 0.548 0.548 0.554 0.554 0.554 0.556 0.56 0.567 0.573 0.573 0.581 0.585 0.588 0.591 0.593 0.601 0.601 0.609 0.612 0.616 0.618 0.621 0.627 0.634 0.636 0.641 0.642 0.656 0.661 0.668 0.669 0.671 0.673 0.688 0.691 0.692 0.706 0.718 0.722 0.724 0.727 0.74 0.742 0.756 0.76 0.763 0.772 0.774 0.782 0.797 0.803 0.814 0.821 0.827 0.84 0.854 0.858 0.876 0.879 0.886 0.903 0.918 0.932 0.947 0.956 0.967 0.991 1 1.009 1.028 1.05 1.05 1.05 1.051 1.082 1.129 1.158 1.185 1.204 1.226 1.248 1.277 1.301 1.33 1.359 1.413 1.419 1.455 1.492 1.529 1.559 1.582 1.592 1.592 1.592 1.591 1.585 1.583 1.583 1.583 1.573 1.573 1.572 1.572 1.572 1.572 1.572 1.57 1.569 1.568 1.568 1.567 1.56 1.567 1.567 1.559 1.562 1.562 1.557 1.557 1.557 1.557 1.554 1.551 1.551 1.555 1.551 1.552 1.553 1.553 1.552 1.552 1.549 1.549 1.549 1.551 1.552 1.554 1.554 1.554 1.553 1.554 1.554 1.556 1.56 1.56 1.561 1.561 1.561 1.561 1.562 1.565 1.565 1.566 1.568 1.568 1.569 1.57 1.57 1.572 1.572 1.576 1.579 1.579 1.579 1.582 1.579 1.576 1.576 1.58 1.58 1.58 1.58 1.58 1.592 1.097 1.097 0.934 0.91 0.867 0.863 0.842 0.76 0.699 0.679 0.637 0.626 0.618 0.597 0.596 0.59 0.571 0.556 0.554 0.529 0.525 0.511 0.491 0.487 0.48 0.48 0.471 0.462 0.449 0.442 0.44 0.433 0.425 0.417 0.413 0.408 0.4 0.397 0.393 0.388 0.381 0.376 0.37 0.365 0.356 0.355 0.352 0.351 0.347 0.341 0.337 0.333 0.331 0.33 0.329 0.321 0.313 0.313 0.31 0.308 0.305 0.302 0.301 0.3 0.298 0.296 0.293 0.284 0.282 0.282 0.283 0.282 0.283 0.283 0.282 0.28 0.28 0.275 0.271 0.269 0.268 0.265 0.263 0.263 0.26 0.26 0.26 0.265 0.263 0.264 0.263 0.263 0.262 0.26 0.26 0.26 0.256 0.257 0.257 0.256 0.257 0.257 0.256 0.256 0.256 0.256 0.256 0.256 0.256 0.255 0.25 0.252 0.25 0.25 0.25 0.252 0.25 0.252 0.254 0.258 0.259 0.259 0.26 0.26 0.26 0.263 0.26 0.261 0.265 0.265 0.263 0.267 0.269 0.27 0.27 0.27 0.27 0.27 0.269 0.268 0.267 0.238 0.238 0.238 0.243 0.243 0.244 0.244 0.249 0.251 0.255 0.264 0.264 0.264 0.258 0.264 0.264 0.267 0.268 0.274 0.275 0.277 0.277 0.277 0.278 0.28 0.286 0.289 0.292 0.295 0.295 0.301 0.317 0.319 0.32 0.331 0.331 0.331 0.329 0.315 0.308 0.28 0.268 0.268 0.264 0.264 0.264 0.265 0.265 0.269 0.273 0.274 0.278 0.278 0.28 0.28 0.278 0.262 0.261 0.26 0.255 0.254 0.253 0.25 0.25 0.248 0.25 0.25 0.25 0.247 0.231 0.208 0.191 0.186 0.182 0.177 0.177 0.176 0.176 0.176 0.176 0.176 0.177 0.176 0.177 0.177 0.177 0.178 0.178 0.182 0.182 0.188 0.189 0.191 0.203 0.223 0.24 0.241 0.241 0.243 0.244 0.244 0.243 0.24 0.24 0.238 0.237 0.233 0.236 0.236 0.236 0.239 0.24 0.243 0.243 0.24 0.232 0.229 0.229 0.232 0.229 0.233 0.235 0.234 0.234 0.234 0.234 0.234 0.234 0.235 0.235 0.235 0.235 0.232 0.231 0.229 0.231 0.232 0.231 0.234 0.234 0.234 0.234 0.234 0.234 0.234 0.234 0.234 0.237 0.239 0.24 0.242 0.245 0.244 0.244 0.242 0.242 0.233 0.233 0.235 0.235 0.235 0.238 0.248 0.248 0.249 0.254 0.255 0.264 0.264 0.264 0.264 0.269 0.263 0.263 0.264 0.273 0.278 0.278 0.278 0.277 0.277 0.275 0.276 0.276 0.276 0.276 0.276 0.286 0.293 0.296 0.296 0.296 0.297 0.297 0.297 0.299 0.307 0.309 0.309 0.311 0.311 0.31 0.31 0.311 0.313 0.315 0.316 0.32 0.32 0.33 0.331 0.339 0.34 0.344 0.344 0.348 0.355 0.356 0.356 0.356 0.356 0.357 0.357 0.358 0.367 0.371 0.375 0.38 0.384 0.386 
1 1 1 1 1 1 1 1 1 1 1 1 1 1 1 1 1 1 1 1 1 1 1 1 1 1 1 1 1 1 1 1 1 1 1 1 1 1 1 1 1 1 1 1 1 1 1 1 1 1 1 1 1 1 1 1 1 1 1 1 1 1 1 1 1 1 1 1 1 1 1 1 1 1 1 1 1 1 1 1 1 1 1 1 1 1 1 1 1 1 1 1 1 1 1 1 1 1 1 1 1 1 1 1 1 1 1 1 1 1 1 1 1 1 1 1 1 1 1 1 1 1 1 1 1 1 1 1 1 1 1 1 1 1 1 1 1 1 1 1 1 1 1 1 1 1 1 1 1 1 1 1 1 1 1 1 1 1 1 1 1 1 1 1 1 1 1 1 1 1 1 1 1 1 1 1 1 1 1 1 1 1 1 1 1 1 1 1 1 1 1 1 1 1 1 1 1 1 1 1 1 1 1 1 1 1 1 1 1 1 1 1 1 1 1 1 1 1 1 1 1 1 1 1 1 1 1 1 1 1 1 1 1 1 1 1 1 1 1 1 1 1 1 1 1 1 1 1 1 1 1 1 1 1 1 1 1 1 1 1 1 1 1 1 1 1 1 1 1 1 1 1 1 1 1 1 1 1 1 1 1 1 1 1 1 1 1 1 1 1 1 1 1 1 1 1 1 1 1 1 1 1 1 1 1 1 1 1 1 1 1 1 1 1 1 1 1 1 1 1 1 1 1 1 1 1 1 1 1 1 1 1 1 1 1 1 1 1 1 1 1 1 1 1 1 1 1 1 1 1 1 1 1 1 1 1 1 1 1 1 1 1 1 1 1 1 1 1 1 1 1 1 1 1 1 1 1 1 1 1 1 1 1 1 1 1 1 1 1 1 1 1 1 1 1 1 1 1 1 1 1 1 1 1 1 1 1 1 1 1 1 1 1 1 1 1 1 1 1 1 1 1 1 1 1 1 1 1 1 1 1 1 1 1 1 1 1 1 1 1 1 1 1 1 1 1 1 1 1 1 1 1 1 1 1 1 1 1 1 1 1 1 1 1 1 1 1 1 1 1 1 1 1 1 1 1 1 1 1 1 1 1 1 1 1 1 1 1 1 1 1 1 1 1 1 1 1 1 1 1 1 1 1 1 1 1 1 1 1 1 1 1 1 1 1 1 1 1 1 1 1 1 1 1 1 1 1 1 1 1 1 1 1 1 1 1 1 1 1 1 1 1 1 1 1 1 1 1 1 1 1 1 1 1 1 1 1 1 1 1 1 1 1 1 1 1 1 1 1 1 1 1 1 1 1 1 1 1 1 1 1 1 1 1 1 1 1 1 1 1 1 1 1 1 1 1 1 1 1 1 1 1 1 1 1 1 1 1 1 1 1 1 1 1 1 1 1 1 1 1 1 1 1 1 1 1 1 1 1 1 1 1 1 1 1 1 1 1 1 1 1 1 1 1 1 1 1 1 1 1 1 1 1 1 1 1 1 1 1 1 1 1 1 1 1 1 1 1 1 1 1 1 1 1 1 1 1 1 1 1 1 1 
