# This file contains a 2D laser scan observation. 
# Its format is: 
# [aperture] [max_range] [number_of_scans] 
# [vector_of_scans] 
# [vector_of_valid_scans] 
# The aperture of the sensor is in radians, the maximum range 
# and measurements are in meters. '1' means a valid scan, '0' otherwise.
4.1847
5.6
682
0.389 0.389 0.386 0.386 0.386 0.383 0.378 0.377 0.367 0.362 0.355 0.361 0.356 0.358 0.358 0.361 0.358 0.362 0.364 0.364 0.359 0.359 0.354 0.351 0.283 0.239 0.225 0.213 0.196 0.189 0.189 0.189 0.19 0.191 0.196 0.194 0.196 0.194 0.195 0.194 0.189 0.187 0.186 0.184 0.18 0.175 0.174 0.171 0.171 0.166 0.164 0.164 0.164 0.162 0.156 0.156 0.155 0.155 0.152 0.152 0.149 0.152 0.145 0.144 0.142 0.142 0.141 0.141 0.137 0.137 0.136 0.135 0.135 0.134 0.134 0.134 0.134 0.133 0.141 0.133 0.128 0.127 0.127 0.127 0.129 0.129 0.129 0.125 0.125 0.125 0.125 0.125 0.12 0.118 0.118 0.12 0.12 0.115 0.116 0.116 0.116 0.116 0.116 0.116 0.115 0.115 0.114 0.114 0.114 0.109 0.105 0.104 0.105 0.104 0.104 0.104 0.109 0.103 0.105 0.109 0.105 0.105 0.105 0.104 0.103 0.103 0.103 0.102 0.101 0.099 0.099 0.097 0.092 0.092 0.092 0.092 0.093 0.093 0.092 0.093 0.092 0.092 0.094 0.094 0.094 0.094 0.093 0.091 0.088 0.088 0.087 0.088 0.086 0.086 0.09 0.09 0.088 0.088 0.086 0.086 0.088 0.086 0.086 0.087 0.086 0.085 0.085 0.084 0.084 0.084 0.082 0.082 0.081 0.081 0.081 0.08 0.08 0.081 0.08 0.08 0.081 0.083 0.081 0.081 0.081 0.081 0.079 0.079 0.079 0.079 0.074 0.083 0.083 0.083 0.08 0.08 0.077 0.077 0.077 0.077 0.077 0.077 0.078 0.079 0.078 0.077 0.075 0.072 0.071 0.072 0.069 0.069 0.072 0.072 0.072 0.072 0.068 0.065 0.068 0.068 0.068 0.065 0.068 0.068 0.066 0.066 0.066 0.064 0.063 0.063 0.064 0.067 0.067 0.067 0.067 0.067 0.065 0.065 0.064 0.064 0.064 0.064 0.061 0.061 0.061 0.061 0.061 0.061 0.062 0.061 0.061 0.061 0.06 0.06 0.06 0.068 0.061 0.061 0.061 0.061 0.061 0.061 0.064 0.064 0.066 0.064 0.064 0.064 0.064 0.064 0.064 0.065 0.065 0.064 0.064 0.064 0.064 0.064 0.068 0.07 0.068 0.068 0.068 0.069 0.067 0.067 0.067 0.065 0.065 0.066 0.066 0.066 0.073 0.073 0.068 0.075 0.073 0.073 0.073 0.075 0.076 0.077 0.079 0.079 0.079 0.08 0.078 0.077 0.078 0.078 0.078 0.083 0.083 0.084 0.092 0.092 0.092 0.093 0.093 0.095 0.095 0.095 0.095 0.095 0.095 0.098 0.098 0.098 0.097 0.098 0.098 0.099 0.102 0.104 0.104 0.104 0.103 0.103 0.103 0.106 0.106 0.106 0.106 0.106 0.107 0.107 0.11 0.111 0.113 0.115 0.115 0.115 0.116 0.115 0.116 0.116 0.117 0.117 0.121 0.121 0.125 0.125 0.124 0.122 0.124 0.124 0.122 0.122 0.124 0.124 0.125 0.125 0.125 0.127 0.128 0.128 0.131 0.131 0.131 0.133 0.131 0.131 0.134 0.138 0.138 0.142 0.142 0.142 0.142 0.142 0.141 0.143 0.143 0.145 0.145 0.146 0.152 0.153 0.157 0.157 0.157 0.159 0.158 0.159 0.159 0.159 0.159 0.165 0.163 0.167 0.168 0.171 0.171 0.174 0.174 0.176 0.184 0.186 0.187 0.192 0.192 0.198 0.199 0.202 0.205 0.205 0.205 0.217 0.219 0.223 0.226 0.228 0.232 0.237 0.239 0.238 0.239 0.238 0.242 0.249 0.271 0.274 0.277 0.288 0.293 0.308 0.311 0.314 0.324 0.341 0.351 0.359 0.364 0.364 0.367 0.368 0.415 0.437 0.449 0.486 0.52 0.545 0.545 0.545 0.517 0.508 0.506 0.504 0.503 0.503 0.504 3.149 3.15 3.152 3.152 3.161 3.164 3.164 3.164 3.162 3.159 3.157 3.149 3.149 3.149 3.155 3.155 3.16 3.161 3.161 3.162 3.164 3.164 3.161 3.159 3.159 3.157 3.156 3.154 3.154 3.156 3.156 3.157 3.162 3.163 3.173 3.173 3.175 3.175 3.187 3.188 3.214 4 4.001 4.017 4.022 4.041 4.042 4.048 4.056 4.084 4.084 4.084 1.612 1.599 1.47 1.47 1.134 1.117 1.013 1.013 1.013 1.017 1.036 1.735 1.756 1.756 1.756 1.723 1.691 1.662 1.637 1.61 1.588 1.554 1.528 1.503 1.471 1.455 1.442 1.41 1.394 1.374 1.346 1.324 1.312 1.291 1.268 1.251 1.232 1.225 1.211 1.196 1.178 1.159 1.156 1.134 1.116 1.104 1.091 1.085 1.069 1.053 1.049 1.04 1.027 1.019 1.012 1.003 0.982 0.982 0.968 0.959 0.95 0.947 0.937 0.937 0.933 0.918 0.906 0.899 0.894 0.888 0.877 0.877 0.866 0.859 0.858 0.845 0.842 0.838 0.83 0.829 0.822 0.818 0.812 0.806 0.796 0.793 0.789 0.786 0.781 0.778 0.776 0.769 0.76 0.76 0.758 0.751 0.749 0.749 0.749 0.743 0.734 0.725 0.723 0.722 0.717 0.714 0.711 0.707 0.701 0.699 0.697 0.696 0.69 0.688 0.682 0.679 0.679 0.679 0.679 0.679 0.672 0.664 0.663 0.661 0.656 0.656 0.655 0.648 0.647 0.647 0.647 0.646 0.637 0.637 0.636 0.636 0.635 0.631 0.631 0.63 0.63 0.63 0.63 0.628 0.627 0.624 0.621 0.612 0.612 0.608 0.608 0.611 0.612 0.611 0.611 0.599 0.599 0.599 0.594 
1 1 1 1 1 1 1 1 1 1 1 1 1 1 1 1 1 1 1 1 1 1 1 1 1 1 1 1 1 1 1 1 1 1 1 1 1 1 1 1 1 1 1 1 1 1 1 1 1 1 1 1 1 1 1 1 1 1 1 1 1 1 1 1 1 1 1 1 1 1 1 1 1 1 1 1 1 1 1 1 1 1 1 1 1 1 1 1 1 1 1 1 1 1 1 1 1 1 1 1 1 1 1 1 1 1 1 1 1 1 1 1 1 1 1 1 1 1 1 1 1 1 1 1 1 1 1 1 1 1 1 1 1 1 1 1 1 1 1 1 1 1 1 1 1 1 1 1 1 1 1 1 1 1 1 1 1 1 1 1 1 1 1 1 1 1 1 1 1 1 1 1 1 1 1 1 1 1 1 1 1 1 1 1 1 1 1 1 1 1 1 1 1 1 1 1 1 1 1 1 1 1 1 1 1 1 1 1 1 1 1 1 1 1 1 1 1 1 1 1 1 1 1 1 1 1 1 1 1 1 1 1 1 1 1 1 1 1 1 1 1 1 1 1 1 1 1 1 1 1 1 1 1 1 1 1 1 1 1 1 1 1 1 1 1 1 1 1 1 1 1 1 1 1 1 1 1 1 1 1 1 1 1 1 1 1 1 1 1 1 1 1 1 1 1 1 1 1 1 1 1 1 1 1 1 1 1 1 1 1 1 1 1 1 1 1 1 1 1 1 1 1 1 1 1 1 1 1 1 1 1 1 1 1 1 1 1 1 1 1 1 1 1 1 1 1 1 1 1 1 1 1 1 1 1 1 1 1 1 1 1 1 1 1 1 1 1 1 1 1 1 1 1 1 1 1 1 1 1 1 1 1 1 1 1 1 1 1 1 1 1 1 1 1 1 1 1 1 1 1 1 1 1 1 1 1 1 1 1 1 1 1 1 1 1 1 1 1 1 1 1 1 1 1 1 1 1 1 1 1 1 1 1 1 1 1 1 1 1 1 1 1 1 1 1 1 1 1 1 1 1 1 1 1 1 1 1 1 1 1 1 1 1 1 1 1 1 1 1 1 1 1 1 1 1 1 1 1 1 1 1 1 1 1 1 1 1 1 1 1 1 1 1 1 1 1 1 1 1 1 1 1 1 1 1 1 1 1 1 1 1 1 1 1 1 1 1 1 1 1 1 1 1 1 1 1 1 1 1 1 1 1 1 1 1 1 1 1 1 1 1 1 1 1 1 1 1 1 1 1 1 1 1 1 1 1 1 1 1 1 1 1 1 1 1 1 1 1 1 1 1 1 1 1 1 1 1 1 1 1 1 1 1 1 1 1 1 1 1 1 1 1 1 1 1 1 1 1 1 1 1 1 1 1 1 1 1 1 1 1 1 1 1 1 1 1 1 1 1 1 1 1 1 1 1 1 1 1 1 1 1 1 1 1 1 1 1 1 1 1 1 1 1 1 1 1 1 1 1 1 1 1 1 1 1 1 1 1 1 1 1 1 1 1 1 1 1 1 1 1 1 1 1 1 1 1 1 1 1 1 1 1 
