# This file contains a 2D laser scan observation. 
# Its format is: 
# [aperture] [max_range] [number_of_scans] 
# [vector_of_scans] 
# [vector_of_valid_scans] 
# The aperture of the sensor is in radians, the maximum range 
# and measurements are in meters. '1' means a valid scan, '0' otherwise.
4.1847
5.6
682
0.286 0.276 0.259 0.248 0.248 0.245 0.239 0.233 0.232 0.228 0.224 0.223 0.218 0.215 0.215 0.213 0.21 0.207 0.205 0.205 0.203 0.201 0.199 0.195 0.192 0.191 0.191 0.191 0.191 0.191 0.192 0.192 0.182 0.182 0.18 0.18 0.182 0.182 0.182 0.182 0.179 0.178 0.177 0.176 0.17 0.169 0.169 0.17 0.169 0.166 0.166 0.164 0.163 0.162 0.162 0.16 0.16 0.16 0.16 0.16 0.153 0.152 0.153 0.149 0.153 0.151 0.151 0.147 0.15 0.143 0.143 0.143 0.148 0.145 0.145 0.145 0.146 0.146 0.146 0.146 0.146 0.146 0.142 0.142 0.15 0.143 0.143 0.147 0.146 0.143 0.143 0.14 0.138 0.138 0.138 0.133 0.138 0.135 0.135 0.135 0.135 0.135 0.135 0.134 0.134 0.133 0.131 0.126 0.125 0.124 0.124 0.124 0.124 0.119 0.119 0.119 0.119 0.119 0.116 0.114 0.111 0.111 0.11 0.111 0.113 0.113 0.109 0.113 0.109 0.109 0.111 0.111 0.11 0.11 0.107 0.107 0.107 0.107 0.109 0.113 0.113 0.113 0.11 0.107 0.106 0.107 0.107 0.107 0.107 0.107 0.106 0.106 0.105 0.106 0.107 0.11 0.11 0.111 0.111 0.111 0.111 0.111 0.114 0.114 0.114 0.114 0.114 0.117 0.114 0.118 0.118 0.119 0.116 0.116 0.116 0.122 0.121 0.121 0.121 0.121 0.121 0.115 0.115 0.115 0.115 0.115 0.12 0.12 0.12 0.12 0.12 0.123 0.123 0.12 0.12 0.118 0.118 0.117 0.117 0.117 0.123 0.123 0.123 0.123 0.123 0.12 0.123 0.123 0.127 0.122 0.127 0.126 0.126 0.126 0.128 0.129 0.129 0.129 0.126 0.126 0.126 0.126 0.123 0.127 0.123 0.123 0.127 0.128 0.128 0.128 0.128 0.127 0.127 0.127 0.127 0.129 0.13 0.13 0.134 0.137 0.137 0.13 0.131 0.13 0.13 0.131 0.132 0.136 0.136 0.136 0.136 0.136 0.138 0.138 0.138 0.142 0.142 0.142 0.142 0.142 0.141 0.14 0.141 0.141 0.141 0.141 0.141 0.141 0.143 0.146 0.146 0.146 0.146 0.146 0.146 0.149 0.149 0.149 0.149 0.155 0.148 0.148 0.149 0.149 0.149 0.151 0.151 0.151 0.152 0.152 0.156 0.158 0.158 0.16 0.156 0.155 0.155 0.158 0.158 0.159 0.159 0.159 0.159 0.16 0.16 0.16 0.163 0.163 0.163 0.16 0.163 0.169 0.167 0.169 0.169 0.172 0.175 0.175 0.177 0.178 0.178 0.175 0.178 0.178 0.185 0.19 0.19 0.19 0.189 0.188 0.188 0.189 0.195 0.198 0.2 0.2 0.2 0.202 0.209 0.205 0.212 0.212 0.218 0.216 0.218 0.216 0.218 0.22 0.222 0.222 0.222 0.224 0.238 0.241 0.242 0.241 0.25 0.252 0.253 0.258 0.263 0.265 0.267 0.273 0.279 0.282 0.285 0.289 0.3 0.303 0.304 0.306 0.307 0.314 0.316 0.328 0.328 0.328 0.328 0.328 0.328 0.339 0.352 0.37 0.38 0.388 0.396 0.401 0.415 0.418 0.441 0.448 0.457 0.47 0.487 0.488 0.488 0.488 0.47 0.463 0.463 0.467 0.467 0.474 0.547 0.556 0.587 2.915 2.942 3.031 3.142 3.142 3.142 3.121 3.121 3.121 3.116 3.117 3.117 3.111 3.104 3.104 3.104 3.11 3.11 3.114 3.114 3.11 3.11 3.11 3.108 3.106 3.104 3.104 3.102 3.102 3.106 3.111 3.111 3.114 3.114 3.114 3.11 3.108 3.108 3.102 3.102 3.102 3.102 3.102 3.112 3.112 3.112 3.112 3.125 3.128 3.128 3.137 3.138 3.143 3.963 3.964 3.969 3.969 3.982 3.983 3.996 4.002 4.002 4.002 1.555 1.539 1.077 1.058 0.966 0.963 0.963 0.96 0.96 0.96 1.655 1.713 1.723 1.723 1.723 1.701 1.677 1.638 1.606 1.577 1.55 1.524 1.498 1.469 1.442 1.415 1.406 1.373 1.355 1.328 1.31 1.287 1.269 1.249 1.231 1.219 1.2 1.18 1.17 1.148 1.14 1.121 1.11 1.104 1.078 1.067 1.055 1.053 1.041 1.008 0.999 0.997 0.987 0.985 0.957 0.956 0.951 0.944 0.922 0.916 0.916 0.913 0.893 0.882 0.878 0.871 0.865 0.86 0.848 0.847 0.837 0.832 0.821 0.819 0.808 0.802 0.801 0.796 0.793 0.784 0.776 0.776 0.77 0.767 0.76 0.755 0.745 0.739 0.739 0.739 0.731 0.723 0.723 0.722 0.719 0.719 0.708 0.707 0.705 0.7 0.692 0.685 0.683 0.682 0.682 0.68 0.673 0.67 0.662 0.662 0.66 0.658 0.654 0.649 0.644 0.643 0.643 0.639 0.635 0.634 0.634 0.633 0.626 0.625 0.622 0.622 0.62 0.613 0.609 0.609 0.608 0.608 0.602 0.598 0.597 0.596 0.596 0.596 0.592 0.592 0.587 0.582 0.579 0.577 0.577 0.577 0.575 0.569 0.569 0.569 0.569 0.565 0.565 0.562 0.562 0.559 0.561 0.558 0.558 0.558 0.555 0.555 0.555 0.551 0.551 0.551 0.549 0.546 0.543 0.541 0.541 0.54 0.539 0.537 0.537 0.537 0.534 0.538 0.538 0.533 0.533 0.534 0.533 0.533 0.531 0.529 0.526 0.526 0.529 0.529 0.525 0.525 0.525 0.524 0.525 0.525 0.526 0.525 0.525 0.525 0.524 0.521 0.52 0.52 0.52 0.52 0.52 0.52 0.52 0.517 0.519 0.52 
1 1 1 1 1 1 1 1 1 1 1 1 1 1 1 1 1 1 1 1 1 1 1 1 1 1 1 1 1 1 1 1 1 1 1 1 1 1 1 1 1 1 1 1 1 1 1 1 1 1 1 1 1 1 1 1 1 1 1 1 1 1 1 1 1 1 1 1 1 1 1 1 1 1 1 1 1 1 1 1 1 1 1 1 1 1 1 1 1 1 1 1 1 1 1 1 1 1 1 1 1 1 1 1 1 1 1 1 1 1 1 1 1 1 1 1 1 1 1 1 1 1 1 1 1 1 1 1 1 1 1 1 1 1 1 1 1 1 1 1 1 1 1 1 1 1 1 1 1 1 1 1 1 1 1 1 1 1 1 1 1 1 1 1 1 1 1 1 1 1 1 1 1 1 1 1 1 1 1 1 1 1 1 1 1 1 1 1 1 1 1 1 1 1 1 1 1 1 1 1 1 1 1 1 1 1 1 1 1 1 1 1 1 1 1 1 1 1 1 1 1 1 1 1 1 1 1 1 1 1 1 1 1 1 1 1 1 1 1 1 1 1 1 1 1 1 1 1 1 1 1 1 1 1 1 1 1 1 1 1 1 1 1 1 1 1 1 1 1 1 1 1 1 1 1 1 1 1 1 1 1 1 1 1 1 1 1 1 1 1 1 1 1 1 1 1 1 1 1 1 1 1 1 1 1 1 1 1 1 1 1 1 1 1 1 1 1 1 1 1 1 1 1 1 1 1 1 1 1 1 1 1 1 1 1 1 1 1 1 1 1 1 1 1 1 1 1 1 1 1 1 1 1 1 1 1 1 1 1 1 1 1 1 1 1 1 1 1 1 1 1 1 1 1 1 1 1 1 1 1 1 1 1 1 1 1 1 1 1 1 1 1 1 1 1 1 1 1 1 1 1 1 1 1 1 1 1 1 1 1 1 1 1 1 1 1 1 1 1 1 1 1 1 1 1 1 1 1 1 1 1 1 1 1 1 1 1 1 1 1 1 1 1 1 1 1 1 1 1 1 1 1 1 1 1 1 1 1 1 1 1 1 1 1 1 1 1 1 1 1 1 1 1 1 1 1 1 1 1 1 1 1 1 1 1 1 1 1 1 1 1 1 1 1 1 1 1 1 1 1 1 1 1 1 1 1 1 1 1 1 1 1 1 1 1 1 1 1 1 1 1 1 1 1 1 1 1 1 1 1 1 1 1 1 1 1 1 1 1 1 1 1 1 1 1 1 1 1 1 1 1 1 1 1 1 1 1 1 1 1 1 1 1 1 1 1 1 1 1 1 1 1 1 1 1 1 1 1 1 1 1 1 1 1 1 1 1 1 1 1 1 1 1 1 1 1 1 1 1 1 1 1 1 1 1 1 1 1 1 1 1 1 1 1 1 1 1 1 1 1 1 1 1 1 1 1 1 1 1 1 1 1 1 1 1 1 1 1 1 1 1 1 1 1 1 1 1 1 1 1 1 1 1 1 1 1 1 1 1 1 1 1 1 1 1 1 1 1 1 1 1 1 1 1 1 1 1 1 1 1 1 1 
