# This file contains a 2D laser scan observation. 
# Its format is: 
# [aperture] [max_range] [number_of_scans] 
# [vector_of_scans] 
# [vector_of_valid_scans] 
# The aperture of the sensor is in radians, the maximum range 
# and measurements are in meters. '1' means a valid scan, '0' otherwise.
4.1847
5.6
682
0.248 0.245 0.246 0.245 0.244 0.244 0.242 0.238 0.237 0.233 0.225 0.225 0.225 0.225 0.226 0.226 0.226 0.223 0.223 0.222 0.221 0.22 0.218 0.218 0.218 0.218 0.218 0.221 0.215 0.212 0.212 0.213 0.213 0.217 0.217 0.213 0.209 0.207 0.207 0.207 0.206 0.206 0.202 0.199 0.193 0.192 0.192 0.19 0.19 0.189 0.187 0.19 0.187 0.186 0.184 0.184 0.183 0.182 0.18 0.18 0.18 0.178 0.183 0.183 0.183 0.183 0.183 0.183 0.184 0.179 0.181 0.181 0.184 0.187 0.189 0.189 0.189 0.189 0.187 0.187 0.188 0.188 0.184 0.188 0.191 0.184 0.184 0.191 0.189 0.189 0.189 0.191 0.189 0.19 0.183 0.19 0.188 0.189 0.189 0.189 0.188 0.189 0.185 0.185 0.191 0.191 0.187 0.187 0.187 0.187 0.187 0.189 0.189 0.189 0.187 0.186 0.186 0.186 0.186 0.189 0.189 0.189 0.189 0.187 0.183 0.184 0.184 0.184 0.187 0.192 0.192 0.192 0.192 0.192 0.191 0.191 0.191 0.19 0.19 0.19 0.189 0.189 0.189 0.193 0.193 0.193 0.195 0.196 0.195 0.193 0.192 0.192 0.192 0.192 0.192 0.192 0.192 0.196 0.196 0.196 0.197 0.197 0.197 0.201 0.197 0.2 0.2 0.201 0.2 0.203 0.203 0.201 0.201 0.203 0.203 0.209 0.209 0.209 0.208 0.208 0.206 0.206 0.205 0.205 0.206 0.206 0.211 0.211 0.213 0.209 0.213 0.21 0.213 0.213 0.213 0.212 0.216 0.216 0.212 0.212 0.212 0.212 0.212 0.215 0.218 0.221 0.222 0.222 0.227 0.227 0.228 0.228 0.228 0.228 0.231 0.234 0.238 0.239 0.24 0.24 0.24 0.239 0.239 0.239 0.231 0.239 0.235 0.238 0.235 0.238 0.238 0.242 0.242 0.253 0.256 0.259 0.261 0.263 0.267 0.267 0.263 0.263 0.267 0.27 0.275 0.282 0.277 0.277 0.28 0.277 0.277 0.28 0.29 0.29 0.292 0.292 0.297 0.296 0.301 0.301 0.301 0.308 0.315 0.315 0.321 0.321 0.323 0.324 0.324 0.325 0.326 0.329 0.33 0.332 0.337 0.338 0.344 0.346 0.347 0.362 0.369 0.369 0.371 0.377 0.384 0.385 0.392 0.396 0.396 0.402 0.403 0.409 0.415 0.423 0.433 0.433 0.445 0.459 0.461 0.462 0.475 0.475 0.475 0.474 0.456 0.456 0.456 0.459 0.462 0.463 0.463 0.557 0.565 0.568 0.568 0.568 0.568 0.568 0.575 1.677 1.692 1.692 1.692 1.688 1.686 1.686 1.685 1.685 1.685 1.685 1.711 2.525 2.529 2.548 2.548 2.548 2.627 2.74 2.835 2.93 3.014 3.12 3.12 3.12 3.096 3.089 3.089 3.089 3.091 3.091 3.091 3.081 3.081 3.081 3.075 3.081 3.083 3.083 3.081 3.083 3.081 3.078 3.078 3.073 3.073 3.068 3.066 3.066 3.066 3.065 3.066 3.066 3.07 3.066 3.074 3.074 3.071 3.071 3.074 3.071 3.068 3.067 3.062 3.062 3.062 3.071 3.084 3.086 3.091 3.092 3.095 3.099 3.872 3.923 3.926 3.926 3.923 1.007 0.913 0.912 0.912 0.91 0.913 0.914 1.629 1.644 1.647 1.647 1.654 1.655 1.657 1.669 1.669 1.669 1.653 1.611 1.576 1.557 1.525 1.484 1.453 1.429 1.401 1.372 1.354 1.326 1.298 1.279 1.265 1.238 1.215 1.196 1.175 1.149 1.138 1.116 1.102 1.089 1.074 1.055 1.036 1.024 1.015 0.995 0.991 0.981 0.952 0.952 0.941 0.938 0.917 0.911 0.905 0.894 0.88 0.877 0.862 0.854 0.846 0.842 0.826 0.822 0.815 0.803 0.801 0.79 0.78 0.779 0.768 0.767 0.752 0.746 0.737 0.733 0.727 0.721 0.72 0.712 0.709 0.704 0.704 0.704 0.698 0.681 0.68 0.678 0.672 0.669 0.663 0.657 0.656 0.648 0.646 0.645 0.64 0.636 0.635 0.635 0.634 0.633 0.621 0.615 0.613 0.606 0.601 0.596 0.595 0.593 0.586 0.583 0.581 0.579 0.579 0.574 0.574 0.574 0.567 0.565 0.565 0.563 0.561 0.558 0.549 0.549 0.547 0.547 0.545 0.545 0.543 0.538 0.535 0.533 0.531 0.527 0.525 0.525 0.524 0.524 0.522 0.522 0.517 0.514 0.512 0.512 0.511 0.511 0.506 0.504 0.503 0.496 0.496 0.495 0.495 0.492 0.492 0.492 0.487 0.487 0.487 0.486 0.486 0.482 0.482 0.486 0.486 0.479 0.482 0.481 0.476 0.479 0.479 0.479 0.473 0.479 0.478 0.478 0.478 0.478 0.476 0.47 0.47 0.47 0.47 0.47 0.468 0.466 0.466 0.466 0.466 0.458 0.458 0.457 0.457 0.457 0.459 0.459 0.459 0.459 0.454 0.454 0.452 0.452 0.454 0.457 0.454 0.457 0.458 0.457 0.454 0.453 0.453 0.452 0.452 0.452 0.453 0.453 0.453 0.453 0.453 0.453 0.455 0.455 0.455 0.453 0.445 0.445 0.445 0.445 0.451 0.451 0.447 0.447 0.447 0.447 0.447 0.447 0.448 0.448 0.449 0.449 0.449 0.452 0.452 0.452 0.453 0.452 0.451 0.451 0.454 0.451 0.454 0.459 0.459 0.451 0.452 0.451 0.45 0.45 0.452 0.452 0.454 0.455 0.456 0.463 0.463 0.463 0.461 0.461 0.461 0.461 0.461 0.462 0.469 0.459 0.459 0.469 0.466 0.466 0.47 0.477 0.477 0.477 
1 1 1 1 1 1 1 1 1 1 1 1 1 1 1 1 1 1 1 1 1 1 1 1 1 1 1 1 1 1 1 1 1 1 1 1 1 1 1 1 1 1 1 1 1 1 1 1 1 1 1 1 1 1 1 1 1 1 1 1 1 1 1 1 1 1 1 1 1 1 1 1 1 1 1 1 1 1 1 1 1 1 1 1 1 1 1 1 1 1 1 1 1 1 1 1 1 1 1 1 1 1 1 1 1 1 1 1 1 1 1 1 1 1 1 1 1 1 1 1 1 1 1 1 1 1 1 1 1 1 1 1 1 1 1 1 1 1 1 1 1 1 1 1 1 1 1 1 1 1 1 1 1 1 1 1 1 1 1 1 1 1 1 1 1 1 1 1 1 1 1 1 1 1 1 1 1 1 1 1 1 1 1 1 1 1 1 1 1 1 1 1 1 1 1 1 1 1 1 1 1 1 1 1 1 1 1 1 1 1 1 1 1 1 1 1 1 1 1 1 1 1 1 1 1 1 1 1 1 1 1 1 1 1 1 1 1 1 1 1 1 1 1 1 1 1 1 1 1 1 1 1 1 1 1 1 1 1 1 1 1 1 1 1 1 1 1 1 1 1 1 1 1 1 1 1 1 1 1 1 1 1 1 1 1 1 1 1 1 1 1 1 1 1 1 1 1 1 1 1 1 1 1 1 1 1 1 1 1 1 1 1 1 1 1 1 1 1 1 1 1 1 1 1 1 1 1 1 1 1 1 1 1 1 1 1 1 1 1 1 1 1 1 1 1 1 1 1 1 1 1 1 1 1 1 1 1 1 1 1 1 1 1 1 1 1 1 1 1 1 1 1 1 1 1 1 1 1 1 1 1 1 1 1 1 1 1 1 1 1 1 1 1 1 1 1 1 1 1 1 1 1 1 1 1 1 1 1 1 1 1 1 1 1 1 1 1 1 1 1 1 1 1 1 1 1 1 1 1 1 1 1 1 1 1 1 1 1 1 1 1 1 1 1 1 1 1 1 1 1 1 1 1 1 1 1 1 1 1 1 1 1 1 1 1 1 1 1 1 1 1 1 1 1 1 1 1 1 1 1 1 1 1 1 1 1 1 1 1 1 1 1 1 1 1 1 1 1 1 1 1 1 1 1 1 1 1 1 1 1 1 1 1 1 1 1 1 1 1 1 1 1 1 1 1 1 1 1 1 1 1 1 1 1 1 1 1 1 1 1 1 1 1 1 1 1 1 1 1 1 1 1 1 1 1 1 1 1 1 1 1 1 1 1 1 1 1 1 1 1 1 1 1 1 1 1 1 1 1 1 1 1 1 1 1 1 1 1 1 1 1 1 1 1 1 1 1 1 1 1 1 1 1 1 1 1 1 1 1 1 1 1 1 1 1 1 1 1 1 1 1 1 1 1 1 1 1 1 1 1 1 1 1 1 1 1 1 1 1 1 1 1 1 1 1 1 1 1 1 1 1 1 1 1 1 1 1 1 1 1 1 1 1 1 1 1 1 1 1 1 1 1 1 1 1 1 1 1 1 1 1 1 
