# This file contains a 2D laser scan observation. 
# Its format is: 
# [aperture] [max_range] [number_of_scans] 
# [vector_of_scans] 
# [vector_of_valid_scans] 
# The aperture of the sensor is in radians, the maximum range 
# and measurements are in meters. '1' means a valid scan, '0' otherwise.
4.1847
5.6
682
1.081 1.083 1.083 1.084 1.089 1.148 1.299 1.327 1.327 1.327 1.308 1.302 1.301 1.301 1.301 1.278 0.893 0.891 0.891 0.891 0.886 0.885 0.883 0.885 0.885 0.888 0.889 0.913 0.925 0.925 0.926 0.926 0.926 0.928 0.928 0.928 0.928 0.934 1.148 1.19 1.19 1.19 1.176 1.172 1.168 1.167 1.166 1.164 1.162 1.162 1.162 1.164 1.164 1.164 1.161 1.161 1.159 1.159 1.157 1.151 1.15 1.138 1.138 1.138 1.138 1.138 1.136 1.134 1.131 1.131 1.131 1.129 1.125 1.123 1.12 1.117 1.116 1.116 1.117 1.118 1.118 1.12 1.12 1.124 1.124 1.124 1.123 1.123 1.122 1.122 1.118 1.118 1.118 1.121 1.121 1.122 1.122 1.121 1.122 1.126 1.13 1.13 1.145 1.151 1.157 1.172 1.184 1.185 1.189 1.191 1.191 1.193 1.193 1.193 1.194 1.192 1.191 1.189 1.187 1.187 1.187 1.186 1.186 1.18 1.183 1.183 1.183 1.192 1.194 1.221 1.224 1.224 1.24 1.272 1.522 1.522 1.522 1.44 1.44 1.44 1.526 1.526 1.542 0.007 1.54 1.53 1.53 1.31 1.31 1.31 1.307 1.307 1.307 1.307 1.307 1.318 1.318 1.318 1.318 1.318 1.315 1.315 1.315 1.287 1.24 1.225 1.225 1.225 1.225 1.225 1.228 1.233 1.235 1.235 0 0 0 0 0 0 0 0 0 0 0 0 0 0 0 0 0 0 0 0 0 0 0 0 0 0 0 0 1.937 1.937 1.937 1.971 0.007 4.666 4.666 4.666 2.009 2.018 2.018 2.018 2.018 2.039 2.049 2.071 2.071 2.078 2.1 2.11 2.118 2.125 2.136 2.136 2.136 2.15 0 0 0 0 0 0 0 0 2.051 2.041 2.041 2.032 2.027 2.027 1.998 1.998 0.007 0 1.838 1.838 1.793 1.793 1.793 1.783 1.774 1.148 1.13 1.13 1.148 0 0 0 1.765 1.765 1.765 1.774 1.776 1.776 1.774 1.761 1.725 1.704 1.689 1.68 1.671 1.665 1.665 1.656 1.653 0.971 0.971 0.971 1.649 1.649 1.649 1.644 1.631 1.631 1.614 1.589 1.576 1.576 1.536 1.526 1.526 1.529 1.529 1.532 1.533 1.54 1.54 1.541 1.547 1.55 1.555 1.555 1.555 1.555 1.555 1.555 0 0 0 0 0 0 0 1.478 1.465 1.465 1.477 1.477 1.465 1.427 1.393 1.385 1.318 0.898 0.895 0.895 0.898 0.94 1.378 1.378 1.38 1.383 1.385 1.385 1.385 1.385 1.348 0.551 0.546 0.546 0.55 0.544 0.544 0.546 0.546 0.546 1.427 1.465 1.467 1.47 1.471 1.471 1.47 1.467 1.46 1.46 1.46 1.465 1.465 1.465 1.461 1.465 1.464 1.464 1.464 1.464 1.464 1.469 1.469 1.471 1.475 1.471 1.476 1.476 1.476 1.473 1.476 1.479 1.479 1.472 1.477 1.477 1.477 1.48 1.488 1.488 1.48 1.005 1 1 1.005 1.006 1.489 1.498 1.5 1.5 1.5 1.5 1.493 1.453 1.434 1.434 1.434 1.439 1.44 1.448 1.512 1.512 1.512 1.446 1.442 1.428 1.424 1.416 1.412 1.412 1.412 1.412 1.412 1.404 0.685 0.679 0.671 0.671 0.671 0.67 0.67 0.675 0.678 1.363 1.369 1.373 1.373 1.381 1.483 1.483 1.483 1.483 1.449 1.411 1.396 1.386 1.386 1.386 1.357 1.335 0.785 0.755 0.752 0.724 0.721 0.724 0.724 0.713 0.719 0.724 0.719 0.719 0.721 0.722 0.722 0.722 0.722 0.722 0.722 0.719 0.716 0.714 0.71 0.71 0.71 0.71 0.706 0.712 0.712 0.718 0.716 0.719 0.719 0.719 0.015 0.015 0.015 0.735 0.735 0.735 0.735 0.734 0.725 0.725 0.725 0.736 0.736 0.758 0.767 0.767 0.778 0.874 0.874 0.876 0.874 0.874 0.872 0.864 0.86 0.853 0.851 0.848 0.84 0.835 0.833 0.827 0.827 0.823 0.82 0.819 0.815 0.809 0.808 0.801 0.798 0.795 0.794 0.787 0.784 0.784 0.782 0.782 0.781 0.775 0.77 0.766 0.766 0.761 0.76 0.754 0.752 0.751 0.748 0.744 0.735 0.735 0.735 0.734 0.734 0.734 0.734 0.734 0.729 0.726 0.725 0.724 0.724 0.722 0.722 0.719 0.718 0.717 0.709 0.708 0.706 0.706 0.706 0.706 0.704 0.704 0.704 0.699 0.698 0.698 0.695 0.694 0.691 0.687 0.687 0.694 0.707 0.707 0.707 0.691 0.688 0.682 0.682 0.68 0.68 0.677 0.676 0.672 0.672 0.676 0.675 0.675 0.675 0.675 0.674 0.674 0.676 0.676 0.675 0.675 0.674 0.674 0.675 0.677 0.678 0.68 0.68 0.68 0.68 0.685 0.69 0.694 0.698 0.706 0.707 0.707 0.708 0.71 0.708 0.708 0.707 0.686 0.685 0.68 0.679 0.677 0.677 0.677 0.675 0.675 0.675 0.671 0.675 0.675 0.671 0.671 0.671 0.671 0.671 0.671 0.671 0.673 0.675 0.676 0.683 0.683 0.68 0.676 0.68 0.68 0.684 0.684 0.684 0.682 0.682 0.682 0.684 0.692 0.692 0.692 0.692 0.692 0.692 0.694 0.694 0.7 0.698 0.7 0.7 0.7 0.7 0.706 0.711 0.712 0.712 0.712 0.714 0.715 0.725 0.725 
1 1 1 1 1 1 1 1 1 1 1 1 1 1 1 1 1 1 1 1 1 1 1 1 1 1 1 1 1 1 1 1 1 1 1 1 1 1 1 1 1 1 1 1 1 1 1 1 1 1 1 1 1 1 1 1 1 1 1 1 1 1 1 1 1 1 1 1 1 1 1 1 1 1 1 1 1 1 1 1 1 1 1 1 1 1 1 1 1 1 1 1 1 1 1 1 1 1 1 1 1 1 1 1 1 1 1 1 1 1 1 1 1 1 1 1 1 1 1 1 1 1 1 1 1 1 1 1 1 1 1 1 1 1 1 1 1 1 1 1 1 1 1 0 1 1 1 1 1 1 1 1 1 1 1 1 1 1 1 1 1 1 1 1 1 1 1 1 1 1 1 1 1 1 0 0 0 0 0 0 0 0 0 0 0 0 0 0 0 0 0 0 0 0 0 0 0 0 0 0 0 0 1 1 1 1 0 1 1 1 1 1 1 1 1 1 1 1 1 1 1 1 1 1 1 1 1 1 0 0 0 0 0 0 0 0 1 1 1 1 1 1 1 1 0 0 1 1 1 1 1 1 1 1 1 1 1 0 0 0 1 1 1 1 1 1 1 1 1 1 1 1 1 1 1 1 1 1 1 1 1 1 1 1 1 1 1 1 1 1 1 1 1 1 1 1 1 1 1 1 1 1 1 1 1 1 1 1 0 0 0 0 0 0 0 1 1 1 1 1 1 1 1 1 1 1 1 1 1 1 1 1 1 1 1 1 1 1 1 1 1 1 1 1 1 1 1 1 1 1 1 1 1 1 1 1 1 1 1 1 1 1 1 1 1 1 1 1 1 1 1 1 1 1 1 1 1 1 1 1 1 1 1 1 1 1 1 1 1 1 1 1 1 1 1 1 1 1 1 1 1 1 1 1 1 1 1 1 1 1 1 1 1 1 1 1 1 1 1 1 1 1 1 1 1 1 1 1 1 1 1 1 1 1 1 1 1 1 1 1 1 1 1 1 1 1 1 1 1 1 1 1 1 1 1 1 1 1 1 1 1 1 1 1 1 1 1 1 1 1 1 1 1 1 1 1 1 1 1 1 1 1 0 0 0 1 1 1 1 1 1 1 1 1 1 1 1 1 1 1 1 1 1 1 1 1 1 1 1 1 1 1 1 1 1 1 1 1 1 1 1 1 1 1 1 1 1 1 1 1 1 1 1 1 1 1 1 1 1 1 1 1 1 1 1 1 1 1 1 1 1 1 1 1 1 1 1 1 1 1 1 1 1 1 1 1 1 1 1 1 1 1 1 1 1 1 1 1 1 1 1 1 1 1 1 1 1 1 1 1 1 1 1 1 1 1 1 1 1 1 1 1 1 1 1 1 1 1 1 1 1 1 1 1 1 1 1 1 1 1 1 1 1 1 1 1 1 1 1 1 1 1 1 1 1 1 1 1 1 1 1 1 1 1 1 1 1 1 1 1 1 1 1 1 1 1 1 1 1 1 1 1 1 1 1 1 1 1 1 1 1 1 1 1 1 1 1 1 1 1 1 1 
