# This file contains a 2D laser scan observation. 
# Its format is: 
# [aperture] [max_range] [number_of_scans] 
# [vector_of_scans] 
# [vector_of_valid_scans] 
# The aperture of the sensor is in radians, the maximum range 
# and measurements are in meters. '1' means a valid scan, '0' otherwise.
4.1847
5.6
682
1.08 1.08 1.081 1.086 1.093 1.149 1.3 1.322 1.322 1.322 1.311 1.302 1.298 1.298 1.287 1.287 1.284 0.898 0.896 0.894 0.887 0.883 0.883 0.883 0.883 0.883 0.894 0.909 0.915 0.916 0.92 0.919 0.919 0.919 0.922 0.925 0.927 0.934 1.155 1.186 1.186 1.186 1.175 1.163 1.163 1.163 1.162 1.162 1.162 1.158 1.162 1.165 1.168 1.168 1.168 1.164 1.16 1.16 1.157 1.152 1.15 1.149 1.141 1.141 1.141 1.141 1.136 1.136 1.133 1.13 1.128 1.122 1.12 1.12 1.115 1.115 1.115 1.114 1.122 1.122 1.122 1.122 1.123 1.122 1.122 1.123 1.123 1.123 1.123 1.119 1.115 1.115 1.115 1.12 1.121 1.121 1.122 1.121 1.121 1.124 1.128 1.128 1.139 1.154 1.156 1.167 1.185 1.187 1.187 1.188 1.188 1.188 1.188 1.191 1.188 1.191 1.191 1.187 1.186 1.186 1.184 1.186 1.184 1.179 1.179 1.186 1.187 1.189 1.191 1.219 1.228 1.228 1.236 1.275 1.523 1.523 1.523 1.442 1.442 1.442 1.532 1.532 1.532 1.533 1.533 1.313 1.313 1.313 1.313 1.313 1.319 1.319 1.319 1.319 1.319 1.309 1.309 1.309 1.309 1.309 1.298 1.298 1.298 1.279 1.239 1.23 1.224 1.224 1.224 1.224 1.229 1.235 1.236 1.244 0 0 0 0 0 0 0 0 0 0 0 0 0 0 0 0 0 0 0 0 0 0 0 0 0 0 0 0 1.947 1.947 1.947 1.947 1.936 1.959 1.959 1.936 2.008 2.023 2.023 2.023 2.023 2.035 2.047 2.065 2.074 2.079 2.097 2.104 2.119 2.131 2.131 2.131 2.131 2.15 0 0 0 0 0 0 0 0 2.046 2.043 2.043 2.042 2.023 2.023 2.005 2.005 0.007 0 1.837 1.837 1.795 1.795 1.795 0 0 0 1.136 1.136 1.136 0 0 0 1.762 1.762 1.762 1.771 1.772 1.772 1.771 1.753 1.734 1.692 1.687 1.674 1.666 1.664 1.664 1.659 1.657 0.977 0.977 0.977 1.647 1.65 1.65 1.647 1.635 1.634 1.609 1.592 1.568 1.568 1.545 1.538 1.529 1.526 1.526 1.529 1.53 1.535 1.541 1.544 1.549 1.549 1.55 1.554 1.554 1.547 1.554 1.556 0 0 0 0 0 0 0 1.459 1.459 1.459 1.466 1.466 1.466 1.43 1.38 1.378 1.335 0.897 0.897 0.897 0.9 0.942 1.383 1.383 1.388 1.388 1.385 1.385 1.385 1.379 1.343 0.549 0.545 0.545 0.546 0.545 0.545 0.541 0.541 0.541 1.442 1.463 1.466 1.472 1.472 1.467 1.466 1.466 1.466 1.463 1.463 1.465 1.465 1.465 1.466 1.466 1.466 1.466 1.466 1.468 1.468 1.468 1.468 1.468 1.468 1.469 1.469 1.468 1.469 1.469 1.47 1.47 1.474 1.474 1.477 1.477 1.479 1.479 1.482 1.482 1.482 1 0.998 0.998 0.998 0.998 1.486 1.489 1.499 1.494 1.499 1.499 1.494 1.451 1.433 1.431 1.431 1.431 1.431 1.449 1.518 1.518 1.518 1.442 1.439 1.435 1.417 1.417 1.408 1.408 1.407 1.407 1.403 1.403 0.686 0.678 0.673 0.671 0.671 0.671 0.68 0.683 0.687 1.363 1.363 1.363 1.363 1.383 1.462 1.471 1.471 1.471 1.443 1.416 1.397 1.386 1.386 1.386 0 0 0 0 0.743 0.732 0.732 0.727 0.727 0.715 0.725 0.715 0.719 0.719 0.719 0.716 0.719 0.723 0.716 0.716 0.723 0.716 0.713 0.712 0.712 0.712 0.709 0.709 0.709 0.713 0.713 0.713 0.718 0.713 0.719 0.723 0.015 0.015 0.015 0.725 0.725 0.725 0.725 0.725 0.719 0.719 0.719 0.734 0.734 0.764 0 0 0 0 0.885 0.884 0.879 0.869 0.868 0.866 0.858 0.857 0.847 0.847 0.845 0.841 0.837 0.832 0.826 0.818 0.816 0.814 0.809 0.809 0.8 0.799 0.797 0.796 0.791 0.791 0.785 0.785 0.783 0.783 0.783 0.769 0.766 0.763 0.763 0.762 0.762 0.754 0.75 0.754 0.75 0.749 0.749 0.742 0.74 0.738 0.734 0.734 0.737 0.737 0.734 0.734 0.731 0.721 0.721 0.721 0.719 0.711 0.711 0.707 0.706 0.706 0.705 0.705 0.705 0.706 0.706 0.706 0.699 0.696 0.693 0.693 0.693 0.693 0.692 0.692 0.692 0.692 0.702 0.702 0.702 0.685 0.685 0.685 0.683 0.679 0.679 0.679 0.676 0.675 0.675 0.674 0.674 0.674 0.673 0.67 0.67 0.669 0.67 0.674 0.674 0.667 0.673 0.673 0.671 0.671 0.673 0.675 0.675 0.676 0.681 0.688 0.691 0.694 0.697 0.701 0.704 0.706 0.706 0.708 0.708 0.706 0.697 0.695 0.682 0.681 0.673 0.672 0.67 0.669 0.668 0.67 0.67 0.667 0.667 0.667 0.666 0.666 0.667 0.67 0.671 0.674 0.674 0.674 0.674 0.674 0.674 0.677 0.674 0.674 0.677 0.68 0.68 0.68 0.68 0.679 0.675 0.675 0.679 0.685 0.685 0.685 0.685 0.695 0.695 0.695 0.695 0.695 0.695 0.696 0.698 0.699 0.699 0.705 0.706 0.707 0.712 0.712 0.715 0.716 0.717 0.717 
1 1 1 1 1 1 1 1 1 1 1 1 1 1 1 1 1 1 1 1 1 1 1 1 1 1 1 1 1 1 1 1 1 1 1 1 1 1 1 1 1 1 1 1 1 1 1 1 1 1 1 1 1 1 1 1 1 1 1 1 1 1 1 1 1 1 1 1 1 1 1 1 1 1 1 1 1 1 1 1 1 1 1 1 1 1 1 1 1 1 1 1 1 1 1 1 1 1 1 1 1 1 1 1 1 1 1 1 1 1 1 1 1 1 1 1 1 1 1 1 1 1 1 1 1 1 1 1 1 1 1 1 1 1 1 1 1 1 1 1 1 1 1 1 1 1 1 1 1 1 1 1 1 1 1 1 1 1 1 1 1 1 1 1 1 1 1 1 1 1 1 1 1 1 0 0 0 0 0 0 0 0 0 0 0 0 0 0 0 0 0 0 0 0 0 0 0 0 0 0 0 0 1 1 1 1 1 1 1 1 1 1 1 1 1 1 1 1 1 1 1 1 1 1 1 1 1 1 0 0 0 0 0 0 0 0 1 1 1 1 1 1 1 1 0 0 1 1 1 1 1 0 0 0 1 1 1 0 0 0 1 1 1 1 1 1 1 1 1 1 1 1 1 1 1 1 1 1 1 1 1 1 1 1 1 1 1 1 1 1 1 1 1 1 1 1 1 1 1 1 1 1 1 1 1 1 1 1 0 0 0 0 0 0 0 1 1 1 1 1 1 1 1 1 1 1 1 1 1 1 1 1 1 1 1 1 1 1 1 1 1 1 1 1 1 1 1 1 1 1 1 1 1 1 1 1 1 1 1 1 1 1 1 1 1 1 1 1 1 1 1 1 1 1 1 1 1 1 1 1 1 1 1 1 1 1 1 1 1 1 1 1 1 1 1 1 1 1 1 1 1 1 1 1 1 1 1 1 1 1 1 1 1 1 1 1 1 1 1 1 1 1 1 1 1 1 1 1 1 1 1 1 1 1 1 1 1 1 1 1 1 1 1 1 1 1 0 0 0 0 1 1 1 1 1 1 1 1 1 1 1 1 1 1 1 1 1 1 1 1 1 1 1 1 1 1 1 1 1 1 1 1 0 0 0 1 1 1 1 1 1 1 1 1 1 1 0 0 0 0 1 1 1 1 1 1 1 1 1 1 1 1 1 1 1 1 1 1 1 1 1 1 1 1 1 1 1 1 1 1 1 1 1 1 1 1 1 1 1 1 1 1 1 1 1 1 1 1 1 1 1 1 1 1 1 1 1 1 1 1 1 1 1 1 1 1 1 1 1 1 1 1 1 1 1 1 1 1 1 1 1 1 1 1 1 1 1 1 1 1 1 1 1 1 1 1 1 1 1 1 1 1 1 1 1 1 1 1 1 1 1 1 1 1 1 1 1 1 1 1 1 1 1 1 1 1 1 1 1 1 1 1 1 1 1 1 1 1 1 1 1 1 1 1 1 1 1 1 1 1 1 1 1 1 1 1 1 1 1 1 1 1 1 1 1 1 1 1 1 1 1 1 1 1 1 1 1 1 1 1 1 1 
