# This file contains a 2D laser scan observation. 
# Its format is: 
# [aperture] [max_range] [number_of_scans] 
# [vector_of_scans] 
# [vector_of_valid_scans] 
# The aperture of the sensor is in radians, the maximum range 
# and measurements are in meters. '1' means a valid scan, '0' otherwise.
4.1847
5.6
682
1.13 1.146 1.148 1.159 1.16 1.172 1.183 1.187 1.194 1.205 1.213 1.233 1.241 1.257 1.261 1.285 1.29 1.293 1.304 1.32 1.329 1.351 1.37 1.373 1.394 1.404 1.424 1.447 1.448 1.471 1.489 1.5 1.53 1.536 1.545 1.545 1.536 0.509 0.503 0.503 0.503 0.503 0.503 0.503 0.503 0.503 0.502 0.504 0.502 0.502 0.495 0.492 0.492 0.492 0.484 0.484 0.485 0.484 0.482 0.482 0.481 0.481 0.48 0.48 0.48 0.48 0.479 0.48 0.479 0.478 0.477 0.477 0.477 0.476 0.476 0.476 0.473 0.472 0.472 0.472 0.473 0.473 0.473 0.473 0.474 0.474 0.469 0.475 0.47 0.47 0.474 0.476 0.479 0.479 0.484 0.484 0.487 0.487 0.492 0.494 0.497 0.503 0.507 0.507 0.513 0.513 0.517 0.517 0.517 0.51 0.51 0.509 0.503 0.5 0.495 0.494 0.492 0.487 0.485 0.482 0.481 0.477 0.473 0.469 0.468 0.466 0.468 0.468 0.47 0.47 0.47 0.47 0.47 0.472 0.473 0.473 0.473 0.472 0.473 0.473 0.473 0.474 0.475 0.474 0.477 0.477 0.48 0.481 0.481 0.481 0.481 0.481 0.481 0.486 0.486 0.489 0.489 0.489 0.489 0.489 0.484 0.484 0.484 0.482 0.482 0.489 0.49 0.49 0.491 0.494 0.5 0.504 0.504 0.504 0.504 0.505 0.505 0.505 0.505 0.516 0.516 0.52 0.52 0.525 0.522 0.522 0.522 0.522 0.522 0.53 0.531 0.531 0.531 0.537 0.537 0.542 0.542 0.542 0.544 0.545 0.549 0.55 0.555 0.556 0.559 0.563 0.565 0.569 0.571 0.576 0.578 0.582 0.596 0.596 0.596 0.595 0.578 0.576 0.574 0.572 0.565 0.561 0.559 0.553 0.549 0.547 0.54 0.539 0.536 0.532 0.528 0.529 0.528 0.522 0.518 0.515 0.513 0.509 0.501 0.498 0.497 0.495 0.493 0.491 0.491 0.491 0.479 0.478 0.478 0.472 0.458 0.442 0.442 0.442 0.445 0.445 0.445 0.442 0.439 0.435 0.433 0.429 0.425 0.423 0.42 0.42 0.419 0.419 0.419 0.417 0.414 0.415 0.414 0.411 0.411 0.414 0.414 0.411 0.414 0.424 0.427 0.431 0.437 0.447 0.447 0.447 0.44 0.44 0.44 0.447 0.461 0.464 0.464 2.865 2.865 2.865 2.848 2.793 2.774 2.774 2.774 2.771 2.771 1.277 1.272 1.27 1.265 1.263 1.263 1.245 1.245 1.247 1.245 1.247 1.247 1.248 1.248 1.249 1.26 1.297 1.355 1.418 1.459 1.51 1.557 1.609 1.661 1.703 1.754 1.819 1.851 1.854 1.854 1.851 1.843 1.836 1.834 1.833 1.833 1.834 1.835 1.835 1.835 1.834 1.832 1.83 1.83 1.83 1.825 1.823 1.823 1.823 1.825 1.83 1.837 1.837 1.837 1.837 1.837 1.848 1.848 1.848 1.85 1.847 1.847 1.847 1.847 1.833 1.828 1.828 1.828 1.833 1.834 1.835 1.837 1.838 1.84 1.84 1.847 1.847 1.84 1.843 1.847 1.843 1.838 1.843 1.843 1.843 1.847 1.847 1.849 1.851 1.856 1.856 1.858 1.861 1.861 1.861 1.861 1.863 1.863 1.868 1.87 1.871 1.88 1.89 1.891 1.893 1.898 1.902 1.903 1.904 1.908 1.908 2.787 2.803 2.811 2.811 2.823 2.831 2.836 2.839 2.851 2.856 2.858 2.865 2.881 2.882 2.888 2.896 2.907 2.911 2.928 2.932 2.935 2.943 2.955 2.963 2.972 2.974 2.983 2.992 2.997 3.01 3.021 3.027 3.033 3.049 3.05 3.05 3.05 3.01 2.995 2.971 2.939 2.902 2.885 2.857 2.836 2.811 2.783 2.764 2.729 2.714 2.685 2.671 2.657 2.617 2.601 2.587 2.582 2.582 2.582 2.586 2.609 2.628 2.671 2.693 2.708 2.711 2.729 2.747 2.753 2.779 2.784 2.805 2.817 2.835 2.853 2.864 2.889 2.908 2.928 2.948 2.968 2.981 3 3.031 3.04 3.079 3.079 3.079 0.671 0.661 0.66 0.66 0.65 0.648 0.645 0.645 0.638 0.638 0.638 0.639 0.639 0.639 0.593 0.579 0.576 0.574 0.57 0.57 0.566 0.563 0.56 0.557 0.556 0.553 0.55 0.548 0.545 0.545 0.542 0.533 0.526 0.525 0.52 0.52 0.514 0.513 0.511 0.509 0.508 0.508 0.508 0.506 0.508 0.51 0.506 0.503 0.513 0.503 0.502 0.503 0.502 0.5 0.5 0.5 0.499 0.497 0.495 0.494 0.484 0.484 0.484 0.482 0.48 0.48 0.479 0.478 0.47 0.467 0.466 0.466 0.466 0.466 0.464 0.458 0.458 0.458 0.458 0.456 0.457 0.458 0.458 0.457 0.457 0.458 0.453 0.45 0.453 0.45 0.448 0.45 0.448 0.446 0.448 0.449 0.448 0.442 0.442 0.441 0.441 0.439 0.437 0.435 0.435 0.435 0.436 0.436 0.436 0.436 0.436 0.433 0.438 0.438 0.433 0.433 0.433 0.433 0.433 0.435 0.435 0.429 0.429 0.429 0.429 0.429 0.436 0.436 0.436 0.435 0.436 0.435 0.435 0.442 0.445 0.445 0.445 0.447 0.455 0.461 0.464 0.466 0.466 0.464 0.461 0.461 0.461 0.455 0.449 0.447 0.443 0.442 0.44 0.431 0.431 0.43 0.43 0.431 0.432 0.432 0.433 0.434 0.437 0.437 0.437 0.433 0.433 0.433 0.436 0.436 0.436 0.437 0.437 0.437 0.44 0.44 0.44 0.439 0.437 0.437 
1 1 1 1 1 1 1 1 1 1 1 1 1 1 1 1 1 1 1 1 1 1 1 1 1 1 1 1 1 1 1 1 1 1 1 1 1 1 1 1 1 1 1 1 1 1 1 1 1 1 1 1 1 1 1 1 1 1 1 1 1 1 1 1 1 1 1 1 1 1 1 1 1 1 1 1 1 1 1 1 1 1 1 1 1 1 1 1 1 1 1 1 1 1 1 1 1 1 1 1 1 1 1 1 1 1 1 1 1 1 1 1 1 1 1 1 1 1 1 1 1 1 1 1 1 1 1 1 1 1 1 1 1 1 1 1 1 1 1 1 1 1 1 1 1 1 1 1 1 1 1 1 1 1 1 1 1 1 1 1 1 1 1 1 1 1 1 1 1 1 1 1 1 1 1 1 1 1 1 1 1 1 1 1 1 1 1 1 1 1 1 1 1 1 1 1 1 1 1 1 1 1 1 1 1 1 1 1 1 1 1 1 1 1 1 1 1 1 1 1 1 1 1 1 1 1 1 1 1 1 1 1 1 1 1 1 1 1 1 1 1 1 1 1 1 1 1 1 1 1 1 1 1 1 1 1 1 1 1 1 1 1 1 1 1 1 1 1 1 1 1 1 1 1 1 1 1 1 1 1 1 1 1 1 1 1 1 1 1 1 1 1 1 1 1 1 1 1 1 1 1 1 1 1 1 1 1 1 1 1 1 1 1 1 1 1 1 1 1 1 1 1 1 1 1 1 1 1 1 1 1 1 1 1 1 1 1 1 1 1 1 1 1 1 1 1 1 1 1 1 1 1 1 1 1 1 1 1 1 1 1 1 1 1 1 1 1 1 1 1 1 1 1 1 1 1 1 1 1 1 1 1 1 1 1 1 1 1 1 1 1 1 1 1 1 1 1 1 1 1 1 1 1 1 1 1 1 1 1 1 1 1 1 1 1 1 1 1 1 1 1 1 1 1 1 1 1 1 1 1 1 1 1 1 1 1 1 1 1 1 1 1 1 1 1 1 1 1 1 1 1 1 1 1 1 1 1 1 1 1 1 1 1 1 1 1 1 1 1 1 1 1 1 1 1 1 1 1 1 1 1 1 1 1 1 1 1 1 1 1 1 1 1 1 1 1 1 1 1 1 1 1 1 1 1 1 1 1 1 1 1 1 1 1 1 1 1 1 1 1 1 1 1 1 1 1 1 1 1 1 1 1 1 1 1 1 1 1 1 1 1 1 1 1 1 1 1 1 1 1 1 1 1 1 1 1 1 1 1 1 1 1 1 1 1 1 1 1 1 1 1 1 1 1 1 1 1 1 1 1 1 1 1 1 1 1 1 1 1 1 1 1 1 1 1 1 1 1 1 1 1 1 1 1 1 1 1 1 1 1 1 1 1 1 1 1 1 1 1 1 1 1 1 1 1 1 1 1 1 1 1 1 1 1 1 1 1 1 1 1 1 1 1 1 1 1 1 1 1 1 1 1 1 1 1 1 1 1 1 1 1 1 1 1 1 1 1 1 1 1 1 1 1 1 1 1 1 1 1 1 1 1 
