# This file contains a 2D laser scan observation. 
# Its format is: 
# [aperture] [max_range] [number_of_scans] 
# [vector_of_scans] 
# [vector_of_valid_scans] 
# The aperture of the sensor is in radians, the maximum range 
# and measurements are in meters. '1' means a valid scan, '0' otherwise.
4.1847
5.6
682
1.075 1.075 1.077 1.082 1.094 1.142 1.309 1.322 1.322 1.322 1.317 1.306 1.303 1.303 1.287 1.273 0.907 0.904 0.899 0.895 0.892 0.885 0.881 0.881 0.881 0.885 0.888 0.907 0.915 0.916 0.917 0.918 0.92 0.922 0.926 0.928 0.928 0.932 1.167 1.185 1.185 1.185 1.171 1.17 1.165 1.162 1.158 1.161 1.16 1.16 1.161 1.164 1.168 1.168 1.168 1.168 1.165 1.159 1.157 1.155 1.154 1.148 1.144 1.136 1.136 1.136 1.135 1.135 1.135 1.13 1.13 1.127 1.123 1.119 1.121 1.114 1.114 1.121 1.121 1.121 1.121 1.121 1.115 1.122 1.122 1.122 1.117 1.118 1.118 1.118 1.118 1.122 1.122 1.122 1.122 1.123 1.123 1.126 1.126 1.129 1.129 1.132 1.137 1.151 1.164 1.17 1.179 1.187 1.191 1.191 1.192 1.194 1.194 1.194 1.194 1.193 1.193 1.19 1.189 1.187 1.187 1.185 1.18 1.18 1.18 1.183 1.185 1.194 1.198 1.231 1.231 1.231 1.233 1.278 1.522 1.522 1.522 1.443 1.443 1.443 1.525 1.525 1.525 1.525 1.527 1.314 1.314 1.314 1.314 1.314 1.306 1.306 1.306 1.306 1.306 1.31 1.31 1.31 1.31 1.31 1.3 1.3 1.3 1.285 1.24 1.218 1.218 1.218 1.22 1.221 1.223 1.228 1.229 1.23 0 0 0 0 0 0 0 0 0 0 0 0 0 0 0 0 0 0 0 0 0 0 0 0 0 0 0 0 1.94 1.94 1.94 1.962 0.007 4.668 4.668 4.668 2.012 2.029 2.029 2.029 2.029 2.033 2.043 2.063 2.064 2.089 2.099 2.105 2.128 2.129 2.132 2.132 2.132 2.148 0 0 0 0 0 0 0 0 2.05 2.05 2.05 2.031 2.026 2.026 1.998 1.998 0.007 0 1.838 1.838 1.792 1.792 1.792 1.792 1.772 1.135 1.126 1.126 1.135 0 0 0 1.768 1.768 1.768 1.775 1.775 1.775 1.774 1.762 1.719 1.707 1.68 1.674 1.663 1.661 1.661 1.661 1.655 0.974 0.974 0.974 1.65 1.65 1.65 1.65 1.636 1.63 1.61 1.588 1.566 1.566 1.551 1.526 1.525 1.525 1.525 1.528 1.533 1.541 1.542 1.547 1.547 1.548 1.549 1.554 1.554 1.549 1.549 1.554 0 0 0 0 0 0 0 1.472 1.472 1.472 1.482 1.482 1.482 1.436 1.392 1.381 1.323 0.904 0.895 0.895 0.895 0.936 1.387 1.387 1.387 1.391 1.386 1.386 1.385 1.385 1.34 0.554 0.547 0.547 0.547 0.547 0.547 0.542 0.542 0.542 1.431 1.466 1.467 1.468 1.468 1.467 1.466 1.464 1.464 1.464 1.466 1.466 1.466 1.466 1.466 1.466 1.466 1.466 1.465 1.466 1.466 1.467 1.467 1.467 1.466 1.464 1.464 1.464 1.466 1.474 1.474 1.474 1.474 1.474 1.473 1.474 1.483 1.481 1.483 1.483 1.481 1.008 0.999 0.996 0.996 0.999 1.488 1.489 1.493 1.493 1.503 1.503 1.503 1.456 1.451 1.439 1.437 1.437 1.439 1.452 1.51 1.51 1.51 1.449 1.446 1.433 1.418 1.41 1.407 1.407 1.406 1.407 1.407 1.404 0.683 0.674 0.67 0.67 0.67 0.67 0.671 0.678 0.689 1.363 1.367 1.368 1.368 1.377 1.487 1.487 1.487 1.472 1.444 1.414 1.404 1.38 1.38 1.38 1.346 1.346 0.774 0.755 0.75 0.744 0.739 0.717 0.717 0.717 0.717 0.715 0.715 0.715 0.715 0.715 0.723 0.727 0.723 0.723 0.722 0.719 0.719 0.717 0.711 0.711 0.716 0.708 0.716 0.716 0.715 0.714 0.714 0.714 0.715 0.72 0.015 0.015 0.015 0.731 0.731 0.731 0.731 0.73 0.724 0.724 0.724 0.731 0.731 0.763 0.792 0.792 0.007 0.887 0.883 0.883 0.878 0.871 0.868 0.866 0.862 0.847 0.847 0.845 0.845 0.841 0.833 0.831 0.826 0.822 0.819 0.818 0.817 0.816 0.813 0.811 0.8 0.8 0.797 0.791 0.788 0.788 0.784 0.784 0.78 0.776 0.776 0.775 0.767 0.767 0.761 0.748 0.747 0.748 0.748 0.746 0.74 0.737 0.737 0.733 0.732 0.732 0.732 0.73 0.732 0.727 0.727 0.727 0.716 0.715 0.715 0.714 0.714 0.714 0.709 0.709 0.708 0.708 0.708 0.704 0.704 0.704 0.704 0.704 0.704 0.699 0.699 0.698 0.69 0.688 0.69 0.69 0.698 0.698 0.698 0.682 0.682 0.681 0.681 0.681 0.68 0.679 0.68 0.674 0.674 0.674 0.675 0.674 0.674 0.668 0.668 0.668 0.672 0.675 0.675 0.672 0.672 0.672 0.672 0.672 0.674 0.675 0.675 0.681 0.687 0.692 0.692 0.694 0.698 0.699 0.704 0.708 0.711 0.711 0.704 0.704 0.701 0.687 0.686 0.684 0.676 0.676 0.675 0.675 0.675 0.676 0.674 0.675 0.676 0.683 0.676 0.676 0.676 0.676 0.676 0.681 0.681 0.681 0.68 0.677 0.677 0.679 0.676 0.678 0.678 0.678 0.678 0.678 0.679 0.679 0.679 0.685 0.688 0.694 0.694 0.694 0.694 0.695 0.692 0.697 0.697 0.697 0.697 0.699 0.701 0.701 0.704 0.709 0.715 0.715 0.717 0.717 0.717 0.72 0.722 0.72 
1 1 1 1 1 1 1 1 1 1 1 1 1 1 1 1 1 1 1 1 1 1 1 1 1 1 1 1 1 1 1 1 1 1 1 1 1 1 1 1 1 1 1 1 1 1 1 1 1 1 1 1 1 1 1 1 1 1 1 1 1 1 1 1 1 1 1 1 1 1 1 1 1 1 1 1 1 1 1 1 1 1 1 1 1 1 1 1 1 1 1 1 1 1 1 1 1 1 1 1 1 1 1 1 1 1 1 1 1 1 1 1 1 1 1 1 1 1 1 1 1 1 1 1 1 1 1 1 1 1 1 1 1 1 1 1 1 1 1 1 1 1 1 1 1 1 1 1 1 1 1 1 1 1 1 1 1 1 1 1 1 1 1 1 1 1 1 1 1 1 1 1 1 1 0 0 0 0 0 0 0 0 0 0 0 0 0 0 0 0 0 0 0 0 0 0 0 0 0 0 0 0 1 1 1 1 0 1 1 1 1 1 1 1 1 1 1 1 1 1 1 1 1 1 1 1 1 1 0 0 0 0 0 0 0 0 1 1 1 1 1 1 1 1 0 0 1 1 1 1 1 1 1 1 1 1 1 0 0 0 1 1 1 1 1 1 1 1 1 1 1 1 1 1 1 1 1 1 1 1 1 1 1 1 1 1 1 1 1 1 1 1 1 1 1 1 1 1 1 1 1 1 1 1 1 1 1 1 0 0 0 0 0 0 0 1 1 1 1 1 1 1 1 1 1 1 1 1 1 1 1 1 1 1 1 1 1 1 1 1 1 1 1 1 1 1 1 1 1 1 1 1 1 1 1 1 1 1 1 1 1 1 1 1 1 1 1 1 1 1 1 1 1 1 1 1 1 1 1 1 1 1 1 1 1 1 1 1 1 1 1 1 1 1 1 1 1 1 1 1 1 1 1 1 1 1 1 1 1 1 1 1 1 1 1 1 1 1 1 1 1 1 1 1 1 1 1 1 1 1 1 1 1 1 1 1 1 1 1 1 1 1 1 1 1 1 1 1 1 1 1 1 1 1 1 1 1 1 1 1 1 1 1 1 1 1 1 1 1 1 1 1 1 1 1 1 1 1 1 1 1 1 0 0 0 1 1 1 1 1 1 1 1 1 1 1 1 1 0 1 1 1 1 1 1 1 1 1 1 1 1 1 1 1 1 1 1 1 1 1 1 1 1 1 1 1 1 1 1 1 1 1 1 1 1 1 1 1 1 1 1 1 1 1 1 1 1 1 1 1 1 1 1 1 1 1 1 1 1 1 1 1 1 1 1 1 1 1 1 1 1 1 1 1 1 1 1 1 1 1 1 1 1 1 1 1 1 1 1 1 1 1 1 1 1 1 1 1 1 1 1 1 1 1 1 1 1 1 1 1 1 1 1 1 1 1 1 1 1 1 1 1 1 1 1 1 1 1 1 1 1 1 1 1 1 1 1 1 1 1 1 1 1 1 1 1 1 1 1 1 1 1 1 1 1 1 1 1 1 1 1 1 1 1 1 1 1 1 1 1 1 1 1 1 1 1 1 1 1 1 1 1 
