# This file contains a 2D laser scan observation. 
# Its format is: 
# [aperture] [max_range] [number_of_scans] 
# [vector_of_scans] 
# [vector_of_valid_scans] 
# The aperture of the sensor is in radians, the maximum range 
# and measurements are in meters. '1' means a valid scan, '0' otherwise.
4.1847
5.6
682
0.46 0.45 0.452 0.45 0.45 0.442 0.45 0.45 0.473 0.473 0.474 0.474 0.473 0.473 0.475 0.475 0.476 0.476 0.476 0.477 0.477 0.479 0.485 0.486 0.487 0.487 0.489 0.491 0.492 0.491 0.491 0.485 0.436 0.422 0.417 0.417 0.415 0.407 0.406 0.401 0.391 0.386 0.38 0.381 0.381 0.381 0.378 0.377 0.375 0.375 0.377 0.378 0.378 0.382 0.385 0.385 0.385 0.385 0.385 0.379 0.379 0.377 0.377 0.382 0.383 0.382 0.383 0.383 0.383 0.387 0.389 0.393 0.394 0.394 0.4 0.401 0.401 0.408 0.408 0.416 0.424 0.428 0.43 0.434 0.435 0.436 0.438 0.525 0.59 0.59 0.59 0.539 0.433 0.431 0.431 0.427 0.427 0.421 0.421 0.421 0.421 0.421 0.422 0.423 0.427 0.433 0.435 0.437 0.437 0.439 0.443 0.443 0.445 0.446 0.448 0.448 0.452 0.453 0.46 0.46 0.462 0.463 0.463 0.464 0.469 0.473 0.478 0.484 0.496 0.5 0.504 0.504 0.504 0.509 0.524 0.532 0.545 0.549 0.552 0.554 0.554 0.568 0.569 0.572 0.575 0.582 0.585 0.598 0.599 0.609 0.609 0.622 0.627 0.631 0.639 0.64 0.647 0.65 0.656 0.667 0.67 0.68 0.692 0.696 0.702 0.708 0.712 0.734 0.743 0.747 0.758 0.771 0.782 0.789 0.807 0.812 0.812 0.819 0.826 0.827 0.842 0.857 0.869 0.891 0.904 0.934 0.994 1.088 1.088 1.088 1.065 1.059 1.012 0.99 0.99 0.99 1.029 1.358 1.424 1.431 1.568 1.575 1.575 4.477 0.007 1.83 1.83 1.83 1.824 1.586 1.566 1.549 1.544 1.541 1.533 1.532 1.532 1.53 1.527 1.53 1.527 1.527 1.53 1.54 1.547 1.563 1.576 1.671 1.82 1.828 1.83 1.835 1.835 1.835 1.835 1.835 1.835 1.838 1.838 1.839 1.84 1.842 1.842 1.843 1.843 1.848 1.85 1.85 1.855 1.855 1.858 1.863 1.863 1.863 1.866 1.87 1.871 1.878 1.878 1.871 1.752 1.732 1.704 1.703 1.696 1.645 1.627 1.56 1.528 1.492 1.471 1.442 1.412 1.403 1.372 1.362 1.342 1.329 1.324 1.302 1.299 1.299 1.295 1.293 1.286 1.285 1.284 1.284 1.282 1.282 1.278 1.284 1.278 1.282 1.282 1.288 1.288 1.297 1.299 1.308 1.309 1.311 1.315 1.32 1.324 1.34 1.353 1.365 1.396 1.765 1.765 1.765 1.742 1.732 1.71 1.691 1.67 1.666 1.637 1.633 1.613 1.599 1.572 1.561 1.549 1.546 1.518 1.506 1.495 1.481 1.471 1.456 1.45 1.439 1.428 1.412 1.397 1.396 1.396 1.396 1.404 1.409 1.422 1.43 1.438 1.448 1.452 1.465 2.411 2.471 2.471 2.477 2.471 2.465 0.44 0.437 0.429 0.428 0.428 0.427 0.423 0.419 0.415 0.41 0.405 0.403 0.401 0.395 0.394 0.392 0.391 0.385 0.385 0.385 0.385 0.385 0.384 0.387 0.379 0.379 0.379 0.379 0.369 0.369 0.371 0.371 0.377 0.377 0.379 0.377 0.376 0.374 0.374 0.368 0.365 0.368 0.375 0.368 0.375 0.379 0.38 0.38 0.38 0.386 0.387 0.402 0.403 0.407 0.419 0.431 0.431 0.442 0.47 0.476 0.484 0.485 0.494 0.5 0.51 0.522 0.536 0.545 0.55 0.558 0.56 0.579 0.59 0.601 0.62 0.62 0.641 0.642 0.657 0.669 0.685 0.715 0.72 0.739 0.755 0.777 0.789 0.819 0.834 0.862 0.884 0.907 0.93 0.937 0.937 0.937 0.937 0.937 0.935 0.935 0.921 0.914 0.914 0.912 0.912 0.91 0.908 0.907 0.907 0.9 0.9 0.905 0.911 0.911 0.912 0.912 0.912 0.912 0.912 0.913 0.915 0.916 0.921 0.925 0.928 0.932 0.932 0.93 0.93 0.92 0.913 0.913 0.915 0.915 0.915 0.915 0.915 0.915 0.92 0.921 0.927 0.927 0.927 0.927 0.925 0.925 0.925 0.924 0.924 0.927 0.931 0.932 0.934 0.934 0.935 0.935 0.937 0.937 0.941 0.941 0.941 0.941 0.941 0.941 0.944 0.945 0.945 0.948 0.948 0.954 0.954 0.955 0.956 0.958 0.955 0.958 0.962 0.968 0.978 0.978 0.978 0.979 0.98 0.98 0.982 0.982 0.982 0.985 0.988 0.99 0.992 0.992 0.999 0.999 1.004 1.009 1.009 1.004 1.009 1.009 1.013 1.018 1.018 1.019 1.022 1.022 1.026 1.029 1.036 1.036 1.042 1.044 1.048 1.052 1.061 1.064 1.065 1.069 1.071 1.071 1.072 1.078 1.087 1.096 1.097 1.101 1.106 1.107 1.123 1.127 1.136 1.139 1.145 1.146 1.159 1.165 1.17 1.171 1.186 1.186 1.196 2.332 2.333 2.342 2.342 2.361 2.376 2.387 2.389 2.409 2.431 2.438 2.444 2.459 2.459 2.459 2.459 2.454 2.441 2.427 2.413 2.399 2.39 2.378 2.362 2.34 2.333 2.323 2.313 2.299 2.289 2.28 2.262 2.256 2.244 2.232 2.215 2.206 2.199 2.197 2.181 2.175 2.16 2.152 2.142 2.133 2.12 2.116 2.1 2.1 2.1 2.1 2.125 2.14 2.157 2.219 2.267 2.291 2.308 2.337 2.363 2.385 2.41 2.441 2.467 2.488 2.524 2.545 2.583 2.613 2.652 2.691 2.803 2.871 2.908 2.953 2.999 3.015 3.076 3.115 3.13 0 0 0 0 0 0 0 
1 1 1 1 1 1 1 1 1 1 1 1 1 1 1 1 1 1 1 1 1 1 1 1 1 1 1 1 1 1 1 1 1 1 1 1 1 1 1 1 1 1 1 1 1 1 1 1 1 1 1 1 1 1 1 1 1 1 1 1 1 1 1 1 1 1 1 1 1 1 1 1 1 1 1 1 1 1 1 1 1 1 1 1 1 1 1 1 1 1 1 1 1 1 1 1 1 1 1 1 1 1 1 1 1 1 1 1 1 1 1 1 1 1 1 1 1 1 1 1 1 1 1 1 1 1 1 1 1 1 1 1 1 1 1 1 1 1 1 1 1 1 1 1 1 1 1 1 1 1 1 1 1 1 1 1 1 1 1 1 1 1 1 1 1 1 1 1 1 1 1 1 1 1 1 1 1 1 1 1 1 1 1 1 1 1 1 1 1 1 1 1 1 1 1 1 1 1 1 1 1 1 1 1 0 1 1 1 1 1 1 1 1 1 1 1 1 1 1 1 1 1 1 1 1 1 1 1 1 1 1 1 1 1 1 1 1 1 1 1 1 1 1 1 1 1 1 1 1 1 1 1 1 1 1 1 1 1 1 1 1 1 1 1 1 1 1 1 1 1 1 1 1 1 1 1 1 1 1 1 1 1 1 1 1 1 1 1 1 1 1 1 1 1 1 1 1 1 1 1 1 1 1 1 1 1 1 1 1 1 1 1 1 1 1 1 1 1 1 1 1 1 1 1 1 1 1 1 1 1 1 1 1 1 1 1 1 1 1 1 1 1 1 1 1 1 1 1 1 1 1 1 1 1 1 1 1 1 1 1 1 1 1 1 1 1 1 1 1 1 1 1 1 1 1 1 1 1 1 1 1 1 1 1 1 1 1 1 1 1 1 1 1 1 1 1 1 1 1 1 1 1 1 1 1 1 1 1 1 1 1 1 1 1 1 1 1 1 1 1 1 1 1 1 1 1 1 1 1 1 1 1 1 1 1 1 1 1 1 1 1 1 1 1 1 1 1 1 1 1 1 1 1 1 1 1 1 1 1 1 1 1 1 1 1 1 1 1 1 1 1 1 1 1 1 1 1 1 1 1 1 1 1 1 1 1 1 1 1 1 1 1 1 1 1 1 1 1 1 1 1 1 1 1 1 1 1 1 1 1 1 1 1 1 1 1 1 1 1 1 1 1 1 1 1 1 1 1 1 1 1 1 1 1 1 1 1 1 1 1 1 1 1 1 1 1 1 1 1 1 1 1 1 1 1 1 1 1 1 1 1 1 1 1 1 1 1 1 1 1 1 1 1 1 1 1 1 1 1 1 1 1 1 1 1 1 1 1 1 1 1 1 1 1 1 1 1 1 1 1 1 1 1 1 1 1 1 1 1 1 1 1 1 1 1 1 1 1 1 1 1 1 1 1 1 1 1 1 1 1 1 1 1 1 1 1 1 1 1 1 1 1 1 1 1 1 1 1 1 1 1 1 1 1 1 1 1 1 1 1 1 1 1 1 1 1 1 1 1 1 1 1 1 1 1 0 0 0 0 0 0 0 
