# This file contains a 2D laser scan observation. 
# Its format is: 
# [aperture] [max_range] [number_of_scans] 
# [vector_of_scans] 
# [vector_of_valid_scans] 
# The aperture of the sensor is in radians, the maximum range 
# and measurements are in meters. '1' means a valid scan, '0' otherwise.
4.1847
5.6
682
0.453 0.447 0.464 0.449 0.449 0.449 0.449 0.449 0.45 0.462 0.465 0.469 0.473 0.477 0.477 0.481 0.481 0.477 0.481 0.482 0.477 0.482 0.482 0.477 0.472 0.477 0.472 0.477 0.481 0.481 0.48 0.48 0.479 0.459 0.417 0.416 0.415 0.394 0.392 0.379 0.37 0.368 0.366 0.366 0.364 0.364 0.361 0.359 0.357 0.359 0.361 0.357 0.362 0.366 0.362 0.362 0.366 0.362 0.362 0.356 0.365 0.365 0.365 0.365 0.365 0.368 0.368 0.368 0.368 0.368 0.368 0.368 0.376 0.376 0.376 0.379 0.381 0.386 0.386 0.386 0.387 0.398 0.4 0.405 0.407 0.408 0.412 0.412 0.413 0.419 0.424 0.544 0.549 0.549 0.549 0.477 0.413 0.399 0.399 0.397 0.392 0.395 0.39 0.39 0.39 0.395 0.395 0.397 0.397 0.398 0.398 0.399 0.4 0.408 0.411 0.412 0.413 0.412 0.413 0.413 0.413 0.414 0.418 0.418 0.418 0.421 0.428 0.427 0.429 0.429 0.431 0.439 0.442 0.442 0.45 0.454 0.457 0.465 0.465 0.465 0.465 0.471 0.474 0.495 0.496 0.497 0.506 0.512 0.513 0.514 0.515 0.526 0.528 0.529 0.538 0.54 0.549 0.551 0.553 0.558 0.561 0.565 0.569 0.577 0.579 0.589 0.589 0.595 0.601 0.601 0.616 0.617 0.629 0.634 0.637 0.654 0.654 0.661 0.667 0.68 0.689 0.69 0.691 0.699 0.706 0.715 0.728 0.735 0.751 0.767 0.778 0.781 0.781 0.786 0.787 0.794 0.81 0.818 0.832 0.849 0.866 0.877 0.889 1.032 1.041 1.041 1.032 1.028 1.024 0.959 0.945 0.945 0.945 1.013 1.222 1.375 1.381 1.43 1.43 1.43 1.313 1.313 1.313 1.778 1.782 1.782 1.778 1.533 1.517 1.508 1.493 1.492 1.485 1.484 1.484 1.484 1.484 1.484 1.483 1.483 1.487 1.491 1.492 1.502 1.51 1.538 1.78 1.78 1.78 1.78 1.78 1.784 1.784 1.785 1.784 1.785 1.785 1.786 1.786 1.796 1.796 1.796 1.796 1.8 1.8 1.802 1.808 1.808 1.808 1.808 1.813 1.814 1.815 1.822 1.822 1.827 1.829 1.829 1.829 1.752 1.683 1.671 1.642 1.618 1.592 1.554 1.532 1.502 1.468 1.443 1.424 1.384 1.372 1.359 1.338 1.309 1.297 1.294 1.275 1.267 1.26 1.259 1.25 1.247 1.24 1.237 1.236 1.237 1.24 1.237 1.242 1.242 1.237 1.237 1.237 1.237 1.242 1.244 1.249 1.259 1.26 1.262 1.263 1.276 1.278 1.288 1.295 1.309 1.323 1.362 1.709 1.709 1.709 1.69 1.679 1.66 1.641 1.628 1.616 1.596 1.589 1.581 1.542 1.538 1.523 1.511 1.502 1.484 1.476 1.461 1.448 1.433 1.426 1.41 1.405 1.394 1.377 1.365 1.361 1.357 1.357 1.357 1.363 1.37 1.373 1.387 1.4 1.401 1.408 1.422 2.419 2.419 2.419 2.403 2.386 2.339 2.316 2.309 2.309 2.309 2.308 2.308 2.314 2.308 2.308 0.398 0.397 0.393 0.393 0.39 0.389 0.389 0.387 0.382 0.381 0.373 0.373 0.373 0.373 0.364 0.362 0.359 0.358 0.358 0.358 0.358 0.357 0.354 0.353 0.353 0.353 0.349 0.353 0.349 0.349 0.338 0.338 0.337 0.338 0.338 0.342 0.342 0.347 0.347 0.347 0.347 0.347 0.346 0.346 0.337 0.337 0.336 0.336 0.337 0.341 0.342 0.354 0.347 0.347 0.349 0.357 0.368 0.378 0.385 0.388 0.39 0.399 0.435 0.443 0.464 0.464 0.487 0.502 0.51 0.525 0.543 0.546 0.563 0.59 0.601 0.627 0.632 0.642 0.66 0.687 0.712 0.737 0.749 0.785 0.798 0.828 0.857 0.887 0.925 0.925 0.925 0.923 0.921 0.92 0.918 0.916 0.902 0.902 0.9 0.899 0.897 0.895 0.894 0.892 0.892 0.892 0.894 0.899 0.899 0.899 0.907 0.925 0.927 0.927 0.925 0.925 0.921 0.921 0.918 0.905 0.905 0.905 0.905 0.899 0.903 0.903 0.904 0.903 0.903 0.902 0.9 0.9 0.902 0.904 0.906 0.919 0.919 0.919 0.919 0.919 0.922 0.922 0.922 0.92 0.92 0.92 0.926 0.926 0.929 0.929 0.931 0.935 0.935 0.937 0.937 0.94 0.94 0.942 0.942 0.942 0.942 0.953 0.953 0.956 0.958 0.958 0.958 0.959 0.961 0.961 0.968 0.976 0.976 0.98 0.98 0.98 0.98 0.983 0.986 0.988 0.989 0.995 0.996 1.007 1.007 1.011 1.011 1.017 1.018 1.027 1.027 1.027 1.022 1.022 1.022 1.026 1.027 1.029 1.034 1.034 1.034 1.044 1.048 1.052 1.055 1.063 1.065 1.065 1.076 1.077 1.081 1.088 1.098 1.099 1.098 1.099 1.1 1.107 1.115 1.116 1.121 1.135 1.146 1.161 1.17 1.172 1.172 1.176 1.185 1.19 1.194 1.207 1.211 1.214 2.404 2.408 2.417 2.417 2.417 2.431 2.451 2.468 2.468 2.494 2.496 2.496 2.496 2.474 2.46 2.452 2.439 2.415 2.407 2.4 2.393 2.375 2.373 2.351 2.338 2.335 2.323 2.301 2.287 2.287 2.267 2.266 2.251 2.246 2.229 2.227 2.211 2.205 2.204 2.183 2.181 2.161 2.157 2.147 2.143 2.136 2.136 2.136 2.171 2.18 2.204 2.282 2.307 2.335 2.357 2.384 2.411 2.431 2.471 2.492 2.518 2.547 2.569 
1 1 1 1 1 1 1 1 1 1 1 1 1 1 1 1 1 1 1 1 1 1 1 1 1 1 1 1 1 1 1 1 1 1 1 1 1 1 1 1 1 1 1 1 1 1 1 1 1 1 1 1 1 1 1 1 1 1 1 1 1 1 1 1 1 1 1 1 1 1 1 1 1 1 1 1 1 1 1 1 1 1 1 1 1 1 1 1 1 1 1 1 1 1 1 1 1 1 1 1 1 1 1 1 1 1 1 1 1 1 1 1 1 1 1 1 1 1 1 1 1 1 1 1 1 1 1 1 1 1 1 1 1 1 1 1 1 1 1 1 1 1 1 1 1 1 1 1 1 1 1 1 1 1 1 1 1 1 1 1 1 1 1 1 1 1 1 1 1 1 1 1 1 1 1 1 1 1 1 1 1 1 1 1 1 1 1 1 1 1 1 1 1 1 1 1 1 1 1 1 1 1 1 1 1 1 1 1 1 1 1 1 1 1 1 1 1 1 1 1 1 1 1 1 1 1 1 1 1 1 1 1 1 1 1 1 1 1 1 1 1 1 1 1 1 1 1 1 1 1 1 1 1 1 1 1 1 1 1 1 1 1 1 1 1 1 1 1 1 1 1 1 1 1 1 1 1 1 1 1 1 1 1 1 1 1 1 1 1 1 1 1 1 1 1 1 1 1 1 1 1 1 1 1 1 1 1 1 1 1 1 1 1 1 1 1 1 1 1 1 1 1 1 1 1 1 1 1 1 1 1 1 1 1 1 1 1 1 1 1 1 1 1 1 1 1 1 1 1 1 1 1 1 1 1 1 1 1 1 1 1 1 1 1 1 1 1 1 1 1 1 1 1 1 1 1 1 1 1 1 1 1 1 1 1 1 1 1 1 1 1 1 1 1 1 1 1 1 1 1 1 1 1 1 1 1 1 1 1 1 1 1 1 1 1 1 1 1 1 1 1 1 1 1 1 1 1 1 1 1 1 1 1 1 1 1 1 1 1 1 1 1 1 1 1 1 1 1 1 1 1 1 1 1 1 1 1 1 1 1 1 1 1 1 1 1 1 1 1 1 1 1 1 1 1 1 1 1 1 1 1 1 1 1 1 1 1 1 1 1 1 1 1 1 1 1 1 1 1 1 1 1 1 1 1 1 1 1 1 1 1 1 1 1 1 1 1 1 1 1 1 1 1 1 1 1 1 1 1 1 1 1 1 1 1 1 1 1 1 1 1 1 1 1 1 1 1 1 1 1 1 1 1 1 1 1 1 1 1 1 1 1 1 1 1 1 1 1 1 1 1 1 1 1 1 1 1 1 1 1 1 1 1 1 1 1 1 1 1 1 1 1 1 1 1 1 1 1 1 1 1 1 1 1 1 1 1 1 1 1 1 1 1 1 1 1 1 1 1 1 1 1 1 1 1 1 1 1 1 1 1 1 1 1 1 1 1 1 1 1 1 1 1 1 1 1 1 1 1 1 1 1 1 1 1 1 1 1 1 1 1 1 1 1 1 1 1 1 1 1 1 1 1 1 1 1 1 1 1 1 1 1 
