# This file contains a 2D laser scan observation. 
# Its format is: 
# [aperture] [max_range] [number_of_scans] 
# [vector_of_scans] 
# [vector_of_valid_scans] 
# The aperture of the sensor is in radians, the maximum range 
# and measurements are in meters. '1' means a valid scan, '0' otherwise.
4.1847
5.6
682
0.476 0.476 0.479 0.48 0.48 0.479 0.48 0.479 0.479 0.488 0.488 0.488 0.488 0.488 0.491 0.491 0.491 0.492 0.496 0.499 0.5 0.507 0.507 0.509 0.51 0.512 0.515 0.516 0.525 0.542 0.566 0.609 0.747 1.012 1.034 1.042 1.042 1.053 1.084 1.089 1.089 1.088 1.084 1.084 1.078 1.067 1.067 1.067 1.067 1.068 1.068 1.065 1.065 1.062 1.062 1.068 1.068 1.068 1.072 1.081 1.085 1.085 1.081 1.06 1.036 0.986 0.931 0.881 0.844 0.818 0.786 0.761 0.739 0.714 0.691 0.669 0.648 0.616 0.593 0.588 0.57 0.569 0.545 0.527 0.514 0.503 0.495 0.491 0.468 0.458 0.451 0.446 0.441 0.441 0.424 0.409 0.405 0.401 0.395 0.383 0.383 0.376 0.37 0.364 0.364 0.364 0.366 0.366 0.368 0.368 0.367 0.365 0.367 0.367 0.368 0.368 0.368 0.368 0.368 0.368 0.369 0.371 0.377 0.377 0.378 0.378 0.383 0.383 0.384 0.384 0.383 0.384 0.384 0.391 0.391 0.391 0.391 0.394 0.4 0.4 0.4 0.401 0.403 0.403 0.406 0.408 0.414 0.415 0.415 0.438 0.45 0.453 0.453 0.453 0.452 0.452 0.452 0.473 1.25 1.319 1.4 1.4 1.4 1.397 1.388 1.385 1.364 1.362 1.352 1.316 1.286 1.282 1.268 1.265 1.26 1.259 1.25 1.247 1.247 1.247 1.247 1.249 1.249 1.246 1.239 1.239 1.222 1.219 1.216 1.215 1.202 1.199 1.196 1.191 1.19 1.179 1.169 1.169 1.168 1.156 1.153 1.143 1.133 1.132 1.132 1.13 1.126 1.124 1.12 1.119 1.117 1.107 1.1 1.097 1.095 1.094 1.091 1.086 1.084 1.08 1.079 1.075 1.072 1.069 1.063 1.06 1.059 1.049 1.024 1.019 1.013 1.007 1.007 1.007 1.015 1.021 1.024 1.029 1.032 1.032 1.032 1.032 1.015 1.014 1.014 1.005 0.987 0.985 0.975 0.972 0.969 0.969 0.969 0.979 0.988 0.998 0.998 0.998 0.992 0.988 0.988 0.959 0.921 0.916 0.914 0.914 0.914 0.914 0.913 0.913 0.912 0.912 0.912 0.918 0.974 0.974 0.978 0.978 0.973 0.973 0.973 0.973 0.973 0.973 0.973 0.982 0.982 0.982 0.982 0.982 0.978 0.977 0.977 0.977 0.984 0.984 0.984 0.981 0.978 0.975 0.974 0.974 0.974 0.974 0.974 0.975 0.97 0.975 0.975 0.975 0.97 0.975 0.975 0.975 0.977 0.981 0.981 0.982 0.982 0.982 0.982 0.982 0.991 0.992 0.992 0.992 0.992 0.992 0.992 0.992 0.994 0.994 0.997 0.998 1 1 1.003 1.008 1.008 1.007 1.008 1.008 1.015 1.015 1.015 1.016 1.02 1.02 1.022 1.023 1.028 1.03 1.034 1.046 1.047 1.047 1.047 1.047 1.054 1.054 1.054 1.049 1.038 1.025 1.016 0.991 0.98 0.968 0.959 0.949 0.936 0.916 0.915 0.906 0.893 0.872 0.863 0.857 0.85 0.842 0.836 0.818 0.814 0.805 0.797 0.792 0.79 0.781 0.775 0.764 0.764 0.763 0.735 0.725 0.725 0.718 0.709 0.707 0.701 0.697 0.695 0.693 0.682 0.676 0.673 0.671 0.668 0.663 0.652 0.651 0.646 0.645 0.638 0.635 0.625 0.623 0.622 0.612 0.611 0.611 0.603 0.6 0.596 0.596 0.59 0.586 0.579 0.577 0.576 0.57 0.571 0.57 0.565 0.565 0.563 0.56 0.555 0.55 0.546 0.543 0.543 0.542 0.537 0.537 0.528 0.527 0.525 0.524 0.521 0.519 0.519 0.514 0.511 0.514 0.51 0.51 0.509 0.505 0.498 0.498 0.497 0.496 0.495 0.495 0.495 0.494 0.49 0.489 0.489 0.489 0.488 0.484 0.478 0.478 0.476 0.478 0.476 0.469 0.469 0.468 0.465 0.463 0.463 0.462 0.462 0.46 0.457 0.457 0.457 0.452 0.455 0.452 0.451 0.45 0.45 0.45 0.452 0.452 0.452 0.449 0.447 0.443 0.443 0.443 0.443 0.443 0.44 0.439 0.435 0.435 0.434 0.434 0.434 0.434 0.434 0.434 0.434 0.433 0.433 0.433 0.428 0.433 0.428 0.429 0.429 0.429 0.429 0.43 0.43 0.43 0.43 0.431 0.431 0.431 0.431 0.433 0.434 0.434 0.434 0.438 0.438 0.439 0.44 0.441 0.445 0.445 0.445 0.445 0.437 0.437 0.445 0.437 0.442 0.445 0.442 0.437 0.433 0.431 0.429 0.429 0.424 0.424 0.424 0.426 0.428 0.428 0.428 0.428 0.428 0.428 0.428 0.429 0.43 0.429 0.429 0.429 0.429 0.429 0.434 0.435 0.435 0.434 0.435 0.433 0.433 0.434 0.436 0.436 0.436 0.436 0.435 0.435 0.435 0.435 0.435 0.436 0.438 0.441 0.445 0.448 0.445 0.448 0.448 0.449 0.448 0.448 0.447 0.447 0.446 0.446 0.451 0.452 0.452 0.453 0.46 0.46 0.46 0.46 0.46 0.46 0.46 0.46 0.461 0.463 0.467 0.47 0.473 0.474 0.474 0.475 0.481 0.482 0.482 0.484 0.482 0.484 0.484 0.484 0.485 0.487 0.487 0.487 0.496 0.497 0.501 0.502 0.507 0.507 0.509 0.511 0.513 0.517 0.519 0.52 0.52 0.522 0.527 0.527 0.53 0.533 0.533 0.534 0.536 0.547 0.548 0.552 0.552 0.553 0.553 0.553 0.553 0.553 0.553 0.556 0.556 0.565 0.567 0.574 0.575 0.579 0.584 0.585 
1 1 1 1 1 1 1 1 1 1 1 1 1 1 1 1 1 1 1 1 1 1 1 1 1 1 1 1 1 1 1 1 1 1 1 1 1 1 1 1 1 1 1 1 1 1 1 1 1 1 1 1 1 1 1 1 1 1 1 1 1 1 1 1 1 1 1 1 1 1 1 1 1 1 1 1 1 1 1 1 1 1 1 1 1 1 1 1 1 1 1 1 1 1 1 1 1 1 1 1 1 1 1 1 1 1 1 1 1 1 1 1 1 1 1 1 1 1 1 1 1 1 1 1 1 1 1 1 1 1 1 1 1 1 1 1 1 1 1 1 1 1 1 1 1 1 1 1 1 1 1 1 1 1 1 1 1 1 1 1 1 1 1 1 1 1 1 1 1 1 1 1 1 1 1 1 1 1 1 1 1 1 1 1 1 1 1 1 1 1 1 1 1 1 1 1 1 1 1 1 1 1 1 1 1 1 1 1 1 1 1 1 1 1 1 1 1 1 1 1 1 1 1 1 1 1 1 1 1 1 1 1 1 1 1 1 1 1 1 1 1 1 1 1 1 1 1 1 1 1 1 1 1 1 1 1 1 1 1 1 1 1 1 1 1 1 1 1 1 1 1 1 1 1 1 1 1 1 1 1 1 1 1 1 1 1 1 1 1 1 1 1 1 1 1 1 1 1 1 1 1 1 1 1 1 1 1 1 1 1 1 1 1 1 1 1 1 1 1 1 1 1 1 1 1 1 1 1 1 1 1 1 1 1 1 1 1 1 1 1 1 1 1 1 1 1 1 1 1 1 1 1 1 1 1 1 1 1 1 1 1 1 1 1 1 1 1 1 1 1 1 1 1 1 1 1 1 1 1 1 1 1 1 1 1 1 1 1 1 1 1 1 1 1 1 1 1 1 1 1 1 1 1 1 1 1 1 1 1 1 1 1 1 1 1 1 1 1 1 1 1 1 1 1 1 1 1 1 1 1 1 1 1 1 1 1 1 1 1 1 1 1 1 1 1 1 1 1 1 1 1 1 1 1 1 1 1 1 1 1 1 1 1 1 1 1 1 1 1 1 1 1 1 1 1 1 1 1 1 1 1 1 1 1 1 1 1 1 1 1 1 1 1 1 1 1 1 1 1 1 1 1 1 1 1 1 1 1 1 1 1 1 1 1 1 1 1 1 1 1 1 1 1 1 1 1 1 1 1 1 1 1 1 1 1 1 1 1 1 1 1 1 1 1 1 1 1 1 1 1 1 1 1 1 1 1 1 1 1 1 1 1 1 1 1 1 1 1 1 1 1 1 1 1 1 1 1 1 1 1 1 1 1 1 1 1 1 1 1 1 1 1 1 1 1 1 1 1 1 1 1 1 1 1 1 1 1 1 1 1 1 1 1 1 1 1 1 1 1 1 1 1 1 1 1 1 1 1 1 1 1 1 1 1 1 1 1 1 1 1 1 1 1 1 1 1 1 1 1 1 1 1 1 1 1 1 1 1 1 1 1 1 1 1 1 1 1 1 1 1 1 1 1 1 1 1 1 1 1 1 1 1 
