# This file contains a 2D laser scan observation. 
# Its format is: 
# [aperture] [max_range] [number_of_scans] 
# [vector_of_scans] 
# [vector_of_valid_scans] 
# The aperture of the sensor is in radians, the maximum range 
# and measurements are in meters. '1' means a valid scan, '0' otherwise.
4.1847
5.6
682
0.583 0.583 0.584 0.585 0.584 0.585 0.588 0.589 0.589 0.599 0.599 0.6 0.6 0.613 0.613 0.613 0.614 0.621 0.627 0.639 0.646 0.652 0.658 0.66 0.684 0.693 0.708 0.71 0.732 0.747 0.75 0.769 0.81 0.813 0.826 0.837 0.886 0.892 0.898 0.915 0.928 0.964 0.969 0.969 0.986 1.009 1.031 1.031 1.031 0.355 0.355 0.347 0.344 0.344 0.344 0.345 0.345 0.345 0.342 0.345 0.345 0.347 0.347 0.347 0.347 0.347 0.346 0.349 0.349 0.348 0.348 0.354 0.355 0.362 0.366 0.366 0.366 0.366 0.364 0.364 0.366 0.376 0.376 0.376 0.361 0.36 0.36 0.353 0.353 0.352 0.352 0.352 0.349 0.346 0.346 0.346 0.346 0.346 0.342 0.349 0.349 0.344 0.342 0.344 0.344 0.348 0.411 0.556 0.556 0.556 0.551 0.498 0.364 0.36 0.36 0.358 0.36 0.359 0.359 0.359 0.359 0.359 0.359 0.365 1.112 1.118 1.126 1.126 1.13 1.13 1.132 1.134 1.134 1.135 1.135 1.138 1.142 1.145 1.15 1.152 1.155 1.16 1.163 1.165 1.169 1.169 1.171 1.171 1.174 1.187 1.189 1.189 1.193 1.193 1.196 1.2 1.206 1.211 1.212 1.213 1.221 1.221 1.227 1.227 1.237 1.237 1.243 1.245 1.249 1.259 1.265 1.266 1.274 1.28 1.285 1.285 1.285 1.206 1.19 1.19 1.19 1.199 1.207 1.222 1.281 1.281 1.281 1.271 1.258 1.249 1.233 1.219 1.182 1.148 1.14 1.135 1.125 1.125 1.118 1.117 1.101 1.101 1.101 1.104 1.104 1.104 1.099 1.093 1.082 1.079 1.078 1.077 1.058 1.055 1.047 1.037 1.035 1.027 1.012 1.012 1.011 1.009 0.993 0.988 0.981 0.981 0.979 0.974 0.967 0.965 0.961 0.956 0.949 0.949 0.947 0.946 0.933 0.932 0.924 0.923 0.916 0.916 0.915 0.911 0.899 0.89 0.889 0.889 0.887 0.885 0.885 0.883 0.881 0.879 0.872 0.845 0.821 0.82 0.818 0.811 0.811 0.811 0.811 0.821 0.835 0.839 0.839 0.835 0.834 0.833 0.831 0.829 0.827 0.826 0.823 0.815 0.782 0.78 0.776 0.768 0.767 0.766 0.762 0.762 0.767 0.771 0.788 0.794 0.794 0.795 0.795 0.798 0.795 0.795 0.794 0.723 0.718 0.718 0.718 0.716 0.716 0.714 0.712 0.712 0.712 0.712 0.712 0.713 0.712 0.713 0.713 0.734 0.762 0.766 0.767 0.772 0.77 0.77 0.767 0.766 0.763 0.763 0.763 0.764 0.768 0.768 0.769 0.768 0.767 0.766 0.767 0.767 0.768 0.768 0.77 0.773 0.775 0.776 0.776 0.776 0.776 0.776 0.775 0.77 0.767 0.764 0.765 0.765 0.765 0.765 0.767 0.767 0.768 0.768 0.768 0.768 0.773 0.775 0.773 0.773 0.773 0.774 0.769 0.77 0.77 0.769 0.768 0.768 0.768 0.768 0.77 0.772 0.771 0.77 0.771 0.776 0.774 0.776 0.785 0.785 0.785 0.785 0.785 0.79 0.79 0.79 0.79 0.79 0.79 0.795 0.795 0.793 0.793 0.795 0.795 0.799 0.805 0.807 0.811 0.811 0.814 0.816 0.823 0.823 0.823 0.823 0.823 0.823 0.833 0.835 0.836 0.839 0.842 0.842 0.841 0.841 0.844 0.845 0.857 0.865 0.865 0.859 0.859 0.846 0.836 0.832 0.818 0.805 0.797 0.797 0.791 0.783 0.775 0.764 0.764 0.753 0.746 0.735 0.728 0.724 0.716 0.708 0.706 0.7 0.695 0.694 0.69 0.68 0.665 0.665 0.664 0.658 0.655 0.654 0.646 0.636 0.635 0.631 0.624 0.622 0.615 0.614 0.611 0.606 0.604 0.602 0.599 0.599 0.589 0.584 0.583 0.583 0.576 0.575 0.572 0.567 0.56 0.556 0.554 0.552 0.552 0.546 0.536 0.536 0.535 0.534 0.531 0.526 0.526 0.518 0.518 0.518 0.518 0.518 0.516 0.51 0.51 0.51 0.505 0.505 0.499 0.497 0.494 0.492 0.492 0.491 0.491 0.49 0.487 0.484 0.484 0.475 0.475 0.473 0.473 0.467 0.463 0.463 0.463 0.463 0.465 0.465 0.468 0.468 0.463 0.463 0.463 0.458 0.458 0.455 0.454 0.451 0.454 0.45 0.45 0.45 0.448 0.448 0.448 0.447 0.447 0.447 0.447 0.447 0.439 0.436 0.434 0.434 0.436 0.436 0.435 0.437 0.435 0.435 0.431 0.429 0.427 0.427 0.427 0.425 0.428 0.429 0.428 0.429 0.429 0.424 0.424 0.425 0.425 0.425 0.425 0.42 0.42 0.42 0.421 0.422 0.423 0.423 0.425 0.425 0.423 0.425 0.423 0.423 0.427 0.428 0.428 0.428 0.428 0.438 0.438 0.443 0.443 0.449 0.449 0.443 0.443 0.439 0.438 0.439 0.441 0.441 0.441 0.441 0.43 0.427 0.424 0.418 0.418 0.421 0.421 0.421 0.423 0.423 0.422 0.422 0.422 0.422 0.422 0.426 0.426 0.429 0.426 0.426 0.426 0.424 0.423 0.423 0.422 0.423 0.426 0.429 0.426 0.426 0.425 0.425 0.423 0.425 0.43 0.43 0.43 0.43 0.43 0.432 0.434 0.434 0.435 0.437 0.437 0.439 0.44 0.441 0.442 0.442 0.443 0.443 0.443 0.447 0.448 0.448 0.448 0.448 0.449 0.454 0.458 0.458 0.458 0.459 0.46 0.46 0.463 0.463 0.466 0.466 0.466 0.466 0.466 0.466 0.467 0.471 0.471 0.476 
1 1 1 1 1 1 1 1 1 1 1 1 1 1 1 1 1 1 1 1 1 1 1 1 1 1 1 1 1 1 1 1 1 1 1 1 1 1 1 1 1 1 1 1 1 1 1 1 1 1 1 1 1 1 1 1 1 1 1 1 1 1 1 1 1 1 1 1 1 1 1 1 1 1 1 1 1 1 1 1 1 1 1 1 1 1 1 1 1 1 1 1 1 1 1 1 1 1 1 1 1 1 1 1 1 1 1 1 1 1 1 1 1 1 1 1 1 1 1 1 1 1 1 1 1 1 1 1 1 1 1 1 1 1 1 1 1 1 1 1 1 1 1 1 1 1 1 1 1 1 1 1 1 1 1 1 1 1 1 1 1 1 1 1 1 1 1 1 1 1 1 1 1 1 1 1 1 1 1 1 1 1 1 1 1 1 1 1 1 1 1 1 1 1 1 1 1 1 1 1 1 1 1 1 1 1 1 1 1 1 1 1 1 1 1 1 1 1 1 1 1 1 1 1 1 1 1 1 1 1 1 1 1 1 1 1 1 1 1 1 1 1 1 1 1 1 1 1 1 1 1 1 1 1 1 1 1 1 1 1 1 1 1 1 1 1 1 1 1 1 1 1 1 1 1 1 1 1 1 1 1 1 1 1 1 1 1 1 1 1 1 1 1 1 1 1 1 1 1 1 1 1 1 1 1 1 1 1 1 1 1 1 1 1 1 1 1 1 1 1 1 1 1 1 1 1 1 1 1 1 1 1 1 1 1 1 1 1 1 1 1 1 1 1 1 1 1 1 1 1 1 1 1 1 1 1 1 1 1 1 1 1 1 1 1 1 1 1 1 1 1 1 1 1 1 1 1 1 1 1 1 1 1 1 1 1 1 1 1 1 1 1 1 1 1 1 1 1 1 1 1 1 1 1 1 1 1 1 1 1 1 1 1 1 1 1 1 1 1 1 1 1 1 1 1 1 1 1 1 1 1 1 1 1 1 1 1 1 1 1 1 1 1 1 1 1 1 1 1 1 1 1 1 1 1 1 1 1 1 1 1 1 1 1 1 1 1 1 1 1 1 1 1 1 1 1 1 1 1 1 1 1 1 1 1 1 1 1 1 1 1 1 1 1 1 1 1 1 1 1 1 1 1 1 1 1 1 1 1 1 1 1 1 1 1 1 1 1 1 1 1 1 1 1 1 1 1 1 1 1 1 1 1 1 1 1 1 1 1 1 1 1 1 1 1 1 1 1 1 1 1 1 1 1 1 1 1 1 1 1 1 1 1 1 1 1 1 1 1 1 1 1 1 1 1 1 1 1 1 1 1 1 1 1 1 1 1 1 1 1 1 1 1 1 1 1 1 1 1 1 1 1 1 1 1 1 1 1 1 1 1 1 1 1 1 1 1 1 1 1 1 1 1 1 1 1 1 1 1 1 1 1 1 1 1 1 1 1 1 1 1 1 1 1 1 1 1 1 1 1 1 1 1 1 1 1 1 1 1 1 1 1 1 1 1 1 1 1 1 1 1 1 1 1 1 1 1 1 1 1 1 1 
