# This file contains a 2D laser scan observation. 
# Its format is: 
# [aperture] [max_range] [number_of_scans] 
# [vector_of_scans] 
# [vector_of_valid_scans] 
# The aperture of the sensor is in radians, the maximum range 
# and measurements are in meters. '1' means a valid scan, '0' otherwise.
4.1847
5.6
682
1.138 1.14 1.142 1.148 1.163 1.163 1.163 1.132 1.128 1.125 1.119 1.116 1.116 1.11 1.109 1.11 1.121 1.243 1.257 1.301 1.301 1.359 1.38 1.38 1.38 1.333 1.133 1.102 1.081 1.081 1.078 1.074 1.063 1.063 1.062 1.062 1.056 1.056 1.056 1.056 1.055 1.056 1.055 1.055 1.06 1.063 1.067 1.067 1.077 1.079 1.081 1.089 1.102 1.11 1.112 1.118 1.228 1.228 1.228 1.226 1.192 1.192 1.192 1.244 1.244 1.25 1.25 1.238 0.543 0.508 0.498 0.491 0.488 0.487 0.487 0.481 0.476 0.472 0.47 0.469 0.468 0.458 0.456 0.456 0.456 0.456 0.454 0.452 0.45 0.443 0.443 0.44 0.44 0.443 0.44 0.44 0.44 0.437 0.435 0.435 0.435 0.431 0.435 0.436 0.435 0.428 0.431 0.428 0.428 0.43 0.43 0.428 0.428 0.428 0.428 0.43 0.433 0.433 0.433 0.429 0.429 0.429 0.429 0.429 0.429 0.428 0.428 0.429 0.433 0.434 0.435 0.437 0.437 0.438 0.442 0.442 0.446 0.448 0.449 0.449 0.453 0.455 0.459 0.46 0.46 0.462 0.464 0.474 0.48 0.49 0.497 0.507 0.528 0.581 0.661 0.868 0.993 0.993 0.993 0.996 0.996 1.033 1.042 1.042 1.042 1.035 1.035 1.035 1.03 1.03 1.03 1.029 1.015 1.015 1.015 1.015 1.017 1.021 1.026 1.027 1.03 1.03 1.032 1.032 1.033 1.033 1.033 1.021 1.012 1.004 0.939 0.888 0.882 0.852 0.798 0.758 0.729 0.7 0.673 0.64 0.628 0.598 0.58 0.573 0.569 0.537 0.524 0.51 0.493 0.485 0.47 0.452 0.446 0.443 0.43 0.419 0.412 0.392 0.392 0.388 0.381 0.373 0.367 0.357 0.345 0.343 0.341 0.34 0.332 0.329 0.321 0.321 0.312 0.312 0.312 0.312 0.313 0.313 0.31 0.309 0.305 0.305 0.305 0.306 0.307 0.307 0.31 0.31 0.312 0.313 0.317 0.317 0.317 0.323 0.323 0.325 0.325 0.326 0.326 0.326 0.326 0.329 0.335 0.335 0.335 0.336 0.336 0.342 0.342 0.343 0.343 0.344 0.345 0.345 0.351 0.351 0.356 0.358 0.359 0.359 0.365 0.365 0.366 0.367 0.377 1.195 1.195 1.195 1.162 1.162 1.162 1.282 1.299 1.309 1.309 1.322 1.322 1.322 1.32 1.304 1.282 1.242 1.236 1.227 1.218 1.216 1.212 1.21 1.204 1.204 1.204 1.207 1.207 1.207 1.202 1.199 1.198 1.19 1.186 1.183 1.177 1.175 1.171 1.163 1.159 1.154 1.154 1.143 1.135 1.135 1.126 1.125 1.117 1.114 1.112 1.111 1.106 1.105 1.093 1.093 1.091 1.086 1.086 1.074 1.074 1.074 1.061 1.061 1.066 1.063 1.063 1.063 1.056 1.051 1.04 1.038 1.036 1.036 1.036 1.036 1.036 1.036 1.036 1.028 1.025 1.016 1.014 1.014 1.007 1.012 1.012 1.005 1.003 1.003 1.001 0.998 0.994 0.993 0.991 0.991 0.991 0.99 0.986 0.985 0.985 0.982 0.982 0.98 0.976 0.976 0.975 0.975 0.973 0.973 0.973 0.972 0.97 0.97 0.961 0.9 0.897 0.897 0.899 0.899 0.899 0.899 0.899 0.9 0.9 0.926 0.955 0.958 0.958 0.958 0.958 0.961 0.961 0.961 0.961 0.965 0.965 0.963 0.963 0.965 0.964 0.965 0.965 0.965 0.964 0.963 0.953 0.953 0.953 0.954 0.958 0.959 0.96 0.96 0.96 0.966 0.964 0.964 0.964 0.964 0.964 0.966 0.971 0.972 0.972 0.972 0.973 0.974 0.973 0.973 0.98 0.981 0.981 0.982 0.984 0.984 0.989 0.99 0.993 0.996 0.996 0.996 0.997 0.999 0.999 1.001 1.001 1.011 1.012 1.012 1.016 1.016 1.016 1.016 1.022 1.024 1.024 1.03 1.034 1.035 1.035 1.044 1.049 1.051 1.051 1.054 1.057 1.057 1.057 1.061 1.066 1.069 1.069 1.066 1.064 1.044 1.025 1.019 1.014 0.994 0.988 0.975 0.967 0.944 0.94 0.937 0.913 0.913 0.902 0.895 0.886 0.872 0.869 0.865 0.857 0.847 0.846 0.832 0.83 0.813 0.808 0.803 0.792 0.788 0.784 0.777 0.776 0.756 0.752 0.75 0.744 0.742 0.739 0.735 0.725 0.72 0.716 0.711 0.702 0.7 0.698 0.694 0.694 0.692 0.685 0.677 0.669 0.669 0.663 0.662 0.659 0.651 0.647 0.645 0.639 0.639 0.631 0.63 0.627 0.627 0.625 0.616 0.616 0.616 0.608 0.604 0.605 0.603 0.599 0.594 0.594 0.587 0.587 0.587 0.586 0.584 0.584 0.578 0.578 0.576 0.576 0.57 0.574 0.565 0.565 0.557 0.555 0.555 0.555 0.555 0.549 0.549 0.551 0.549 0.549 0.548 0.545 0.545 0.545 0.541 0.541 0.537 0.534 0.53 0.522 0.522 0.522 0.522 0.522 0.522 0.517 0.517 0.515 0.513 0.513 0.513 0.513 0.512 0.509 0.508 0.505 0.504 0.504 0.504 0.505 0.504 0.504 0.504 0.502 0.502 0.501 0.501 0.494 0.493 0.492 0.492 0.492 0.491 0.491 0.491 0.491 0.492 0.492 0.489 0.489 0.486 0.486 0.487 0.487 0.488 0.488 0.49 0.488 0.487 0.486 0.487 0.487 0.487 0.493 0.493 0.49 0.49 0.49 0.49 0.494 0.497 0.497 0.499 0.499 0.503 0.503 0.503 0.498 0.498 0.496 0.496 0.496 0.501 
1 1 1 1 1 1 1 1 1 1 1 1 1 1 1 1 1 1 1 1 1 1 1 1 1 1 1 1 1 1 1 1 1 1 1 1 1 1 1 1 1 1 1 1 1 1 1 1 1 1 1 1 1 1 1 1 1 1 1 1 1 1 1 1 1 1 1 1 1 1 1 1 1 1 1 1 1 1 1 1 1 1 1 1 1 1 1 1 1 1 1 1 1 1 1 1 1 1 1 1 1 1 1 1 1 1 1 1 1 1 1 1 1 1 1 1 1 1 1 1 1 1 1 1 1 1 1 1 1 1 1 1 1 1 1 1 1 1 1 1 1 1 1 1 1 1 1 1 1 1 1 1 1 1 1 1 1 1 1 1 1 1 1 1 1 1 1 1 1 1 1 1 1 1 1 1 1 1 1 1 1 1 1 1 1 1 1 1 1 1 1 1 1 1 1 1 1 1 1 1 1 1 1 1 1 1 1 1 1 1 1 1 1 1 1 1 1 1 1 1 1 1 1 1 1 1 1 1 1 1 1 1 1 1 1 1 1 1 1 1 1 1 1 1 1 1 1 1 1 1 1 1 1 1 1 1 1 1 1 1 1 1 1 1 1 1 1 1 1 1 1 1 1 1 1 1 1 1 1 1 1 1 1 1 1 1 1 1 1 1 1 1 1 1 1 1 1 1 1 1 1 1 1 1 1 1 1 1 1 1 1 1 1 1 1 1 1 1 1 1 1 1 1 1 1 1 1 1 1 1 1 1 1 1 1 1 1 1 1 1 1 1 1 1 1 1 1 1 1 1 1 1 1 1 1 1 1 1 1 1 1 1 1 1 1 1 1 1 1 1 1 1 1 1 1 1 1 1 1 1 1 1 1 1 1 1 1 1 1 1 1 1 1 1 1 1 1 1 1 1 1 1 1 1 1 1 1 1 1 1 1 1 1 1 1 1 1 1 1 1 1 1 1 1 1 1 1 1 1 1 1 1 1 1 1 1 1 1 1 1 1 1 1 1 1 1 1 1 1 1 1 1 1 1 1 1 1 1 1 1 1 1 1 1 1 1 1 1 1 1 1 1 1 1 1 1 1 1 1 1 1 1 1 1 1 1 1 1 1 1 1 1 1 1 1 1 1 1 1 1 1 1 1 1 1 1 1 1 1 1 1 1 1 1 1 1 1 1 1 1 1 1 1 1 1 1 1 1 1 1 1 1 1 1 1 1 1 1 1 1 1 1 1 1 1 1 1 1 1 1 1 1 1 1 1 1 1 1 1 1 1 1 1 1 1 1 1 1 1 1 1 1 1 1 1 1 1 1 1 1 1 1 1 1 1 1 1 1 1 1 1 1 1 1 1 1 1 1 1 1 1 1 1 1 1 1 1 1 1 1 1 1 1 1 1 1 1 1 1 1 1 1 1 1 1 1 1 1 1 1 1 1 1 1 1 1 1 1 1 1 1 1 1 1 1 1 1 1 1 1 1 1 1 1 1 1 1 1 1 1 1 1 1 1 1 1 1 1 1 1 1 1 1 1 1 1 1 1 1 1 1 1 
