# This file contains a 2D laser scan observation. 
# Its format is: 
# [aperture] [max_range] [number_of_scans] 
# [vector_of_scans] 
# [vector_of_valid_scans] 
# The aperture of the sensor is in radians, the maximum range 
# and measurements are in meters. '1' means a valid scan, '0' otherwise.
4.1847
5.6
682
1.047 1.047 1.047 1.047 1.047 1.065 1.099 1.114 1.115 1.116 1.119 1.13 1.13 1.13 1.107 1.104 1.097 1.093 1.09 1.092 1.09 1.089 1.089 1.092 1.101 1.287 1.329 1.36 1.353 1.353 1.353 1.353 1.324 1.283 1.094 1.076 1.062 1.061 1.054 1.047 1.044 1.043 1.043 1.041 1.041 1.042 1.042 1.036 1.04 1.036 1.036 1.04 1.043 1.045 1.047 1.048 1.058 1.063 1.063 1.076 1.077 1.09 1.103 1.113 1.265 1.265 1.265 1.265 1.247 1.247 1.248 1.248 1.247 1.236 1.226 1.22 1.218 1.217 1.213 1.212 1.206 1.206 1.19 1.18 0.505 0.503 0.498 0.493 0.491 0.485 0.485 0.484 0.478 0.477 0.472 0.472 0.47 0.469 0.466 0.463 0.463 0.463 0.462 0.46 0.454 0.453 0.452 0.45 0.449 0.449 0.449 0.449 0.447 0.448 0.447 0.446 0.441 0.441 0.439 0.439 0.437 0.434 0.434 0.434 0.434 0.434 0.433 0.434 0.436 0.435 0.44 0.44 0.437 0.436 0.436 0.433 0.433 0.433 0.433 0.433 0.441 0.44 0.44 0.442 0.442 0.447 0.447 0.447 0.446 0.449 0.45 0.451 0.455 0.455 0.455 0.46 0.462 0.465 0.466 0.467 0.472 0.472 0.475 0.489 0.491 0.505 0.531 0.601 1.036 1.063 1.063 1.054 1.054 1.052 1.052 1.047 1.047 1.047 1.051 1.051 1.051 1.043 1.043 1.042 1.042 1.046 1.049 1.053 1.056 1.056 1.061 1.061 1.061 1.061 1.055 1.039 1.017 0.99 0.962 0.911 0.861 0.857 0.835 0.802 0.786 0.756 0.735 0.701 0.689 0.663 0.652 0.636 0.622 0.616 0.59 0.573 0.555 0.548 0.547 0.535 0.522 0.509 0.503 0.503 0.484 0.482 0.474 0.462 0.459 0.453 0.449 0.441 0.434 0.432 0.422 0.421 0.417 0.403 0.402 0.39 0.388 0.383 0.383 0.374 0.372 0.37 0.358 0.353 0.351 0.351 0.351 0.35 0.351 0.351 0.351 0.351 0.351 0.355 0.35 0.353 0.353 0.353 0.353 0.357 0.357 0.358 0.364 0.364 0.362 0.367 0.368 0.368 0.37 0.375 0.375 0.376 0.377 0.378 0.38 0.384 0.385 0.385 0.391 0.397 0.398 0.399 0.401 0.402 0.403 0.411 0.414 0.417 0.424 1.386 1.39 1.39 1.386 1.371 1.362 1.358 1.357 1.354 1.339 1.314 1.286 1.279 1.267 1.264 1.263 1.263 1.262 1.262 1.263 1.266 1.266 1.266 1.259 1.254 1.247 1.245 1.242 1.238 1.222 1.219 1.216 1.212 1.204 1.192 1.188 1.183 1.182 1.18 1.176 1.176 1.173 1.162 1.159 1.159 1.156 1.142 1.137 1.137 1.136 1.133 1.129 1.125 1.121 1.118 1.116 1.115 1.107 1.107 1.102 1.097 1.096 1.095 1.091 1.088 1.081 1.075 1.075 1.073 1.073 1.073 1.073 1.069 1.069 1.069 1.058 1.055 1.054 1.052 1.054 1.052 1.052 1.052 1.052 1.048 1.048 1.047 1.047 1.043 1.041 1.041 1.041 1.036 1.03 1.031 1.026 1.026 1.025 1.025 1.025 1.02 1.02 1.02 1.013 0.992 0.953 0.946 0.946 0.946 0.946 0.946 0.946 0.947 0.978 0.998 1.011 1.011 0.998 1.01 1.008 0.999 1.004 1.008 1.004 1.004 1.008 1.01 1.011 1.015 1.015 1.014 1.014 1.014 1.008 1.006 1.006 1.006 1.006 1.008 1.011 1.011 1.008 1.012 1.013 1.013 1.013 1.013 1.013 1.013 1.013 1.013 1.013 1.015 1.015 1.015 1.016 1.017 1.018 1.026 1.026 1.023 1.023 1.023 1.023 1.026 1.029 1.032 1.036 1.036 1.039 1.041 1.041 1.045 1.045 1.049 1.05 1.051 1.051 1.051 1.054 1.055 1.06 1.061 1.061 1.061 1.065 1.069 1.071 1.082 1.083 1.083 1.083 1.084 1.089 1.091 1.098 1.103 1.103 1.1 1.098 1.094 1.085 1.063 1.047 1.034 1.016 1.012 0.987 0.985 0.966 0.952 0.948 0.937 0.92 0.907 0.898 0.893 0.886 0.873 0.869 0.863 0.852 0.851 0.833 0.833 0.818 0.814 0.799 0.792 0.789 0.783 0.779 0.776 0.763 0.754 0.75 0.75 0.744 0.739 0.73 0.719 0.715 0.709 0.707 0.706 0.694 0.694 0.688 0.685 0.681 0.679 0.668 0.66 0.655 0.652 0.651 0.651 0.651 0.647 0.64 0.633 0.631 0.625 0.624 0.622 0.619 0.616 0.615 0.611 0.604 0.6 0.596 0.591 0.589 0.589 0.589 0.585 0.581 0.576 0.576 0.575 0.568 0.568 0.566 0.565 0.565 0.558 0.558 0.556 0.555 0.553 0.551 0.547 0.544 0.544 0.544 0.539 0.539 0.535 0.534 0.53 0.526 0.53 0.526 0.52 0.52 0.52 0.52 0.52 0.515 0.51 0.51 0.509 0.509 0.504 0.504 0.501 0.5 0.501 0.499 0.496 0.499 0.499 0.496 0.496 0.494 0.493 0.492 0.489 0.488 0.488 0.488 0.487 0.487 0.486 0.485 0.484 0.48 0.48 0.48 0.479 0.478 0.477 0.472 0.468 0.468 0.471 0.471 0.471 0.471 0.471 0.469 0.467 0.467 0.467 0.467 0.47 0.472 0.472 0.47 0.47 0.464 0.464 0.47 0.47 0.461 0.469 0.468 0.468 0.468 0.469 0.468 0.466 0.466 0.466 0.466 0.465 0.463 0.463 0.474 0.481 0.481 0.486 0.486 0.485 0.485 0.485 0.485 0.487 
1 1 1 1 1 1 1 1 1 1 1 1 1 1 1 1 1 1 1 1 1 1 1 1 1 1 1 1 1 1 1 1 1 1 1 1 1 1 1 1 1 1 1 1 1 1 1 1 1 1 1 1 1 1 1 1 1 1 1 1 1 1 1 1 1 1 1 1 1 1 1 1 1 1 1 1 1 1 1 1 1 1 1 1 1 1 1 1 1 1 1 1 1 1 1 1 1 1 1 1 1 1 1 1 1 1 1 1 1 1 1 1 1 1 1 1 1 1 1 1 1 1 1 1 1 1 1 1 1 1 1 1 1 1 1 1 1 1 1 1 1 1 1 1 1 1 1 1 1 1 1 1 1 1 1 1 1 1 1 1 1 1 1 1 1 1 1 1 1 1 1 1 1 1 1 1 1 1 1 1 1 1 1 1 1 1 1 1 1 1 1 1 1 1 1 1 1 1 1 1 1 1 1 1 1 1 1 1 1 1 1 1 1 1 1 1 1 1 1 1 1 1 1 1 1 1 1 1 1 1 1 1 1 1 1 1 1 1 1 1 1 1 1 1 1 1 1 1 1 1 1 1 1 1 1 1 1 1 1 1 1 1 1 1 1 1 1 1 1 1 1 1 1 1 1 1 1 1 1 1 1 1 1 1 1 1 1 1 1 1 1 1 1 1 1 1 1 1 1 1 1 1 1 1 1 1 1 1 1 1 1 1 1 1 1 1 1 1 1 1 1 1 1 1 1 1 1 1 1 1 1 1 1 1 1 1 1 1 1 1 1 1 1 1 1 1 1 1 1 1 1 1 1 1 1 1 1 1 1 1 1 1 1 1 1 1 1 1 1 1 1 1 1 1 1 1 1 1 1 1 1 1 1 1 1 1 1 1 1 1 1 1 1 1 1 1 1 1 1 1 1 1 1 1 1 1 1 1 1 1 1 1 1 1 1 1 1 1 1 1 1 1 1 1 1 1 1 1 1 1 1 1 1 1 1 1 1 1 1 1 1 1 1 1 1 1 1 1 1 1 1 1 1 1 1 1 1 1 1 1 1 1 1 1 1 1 1 1 1 1 1 1 1 1 1 1 1 1 1 1 1 1 1 1 1 1 1 1 1 1 1 1 1 1 1 1 1 1 1 1 1 1 1 1 1 1 1 1 1 1 1 1 1 1 1 1 1 1 1 1 1 1 1 1 1 1 1 1 1 1 1 1 1 1 1 1 1 1 1 1 1 1 1 1 1 1 1 1 1 1 1 1 1 1 1 1 1 1 1 1 1 1 1 1 1 1 1 1 1 1 1 1 1 1 1 1 1 1 1 1 1 1 1 1 1 1 1 1 1 1 1 1 1 1 1 1 1 1 1 1 1 1 1 1 1 1 1 1 1 1 1 1 1 1 1 1 1 1 1 1 1 1 1 1 1 1 1 1 1 1 1 1 1 1 1 1 1 1 1 1 1 1 1 1 1 1 1 1 1 1 1 1 1 1 1 1 1 1 1 1 1 1 1 1 1 1 1 1 1 1 1 1 1 1 1 1 1 1 1 1 1 1 
