# This file contains a 2D laser scan observation. 
# Its format is: 
# [aperture] [max_range] [number_of_scans] 
# [vector_of_scans] 
# [vector_of_valid_scans] 
# The aperture of the sensor is in radians, the maximum range 
# and measurements are in meters. '1' means a valid scan, '0' otherwise.
4.1847
5.6
682
0.95 0.961 0.962 0.965 0.98 0.982 0.992 1.012 1.012 1.016 1.016 1.016 1.037 1.075 1.081 1.082 1.084 1.088 1.089 1.089 1.089 1.079 1.071 1.066 1.065 1.06 1.059 1.056 1.056 1.06 1.063 1.48 1.48 1.48 1.409 1.397 1.388 1.388 1.322 1.315 1.08 1.059 1.058 1.047 1.036 1.032 1.031 1.029 1.022 1.022 1.021 1.021 1.021 1.017 1.017 1.02 1.02 1.022 1.026 1.026 1.026 1.035 1.037 1.045 1.052 1.059 1.062 1.069 1.079 1.093 1.182 1.19 1.19 1.197 1.197 1.197 1.239 1.239 1.239 1.239 1.228 1.22 1.219 1.218 1.217 1.215 1.207 1.207 1.203 1.203 1.189 1.186 1.183 1.182 1.18 1.179 1.171 1.171 1.169 1.166 1.169 1.154 1.151 0.529 0.524 0.521 0.514 0.514 0.511 0.501 0.497 0.495 0.495 0.492 0.492 0.49 0.485 0.485 0.481 0.482 0.482 0.482 0.481 0.478 0.477 0.477 0.474 0.473 0.473 0.473 0.471 0.471 0.471 0.465 0.465 0.465 0.466 0.466 0.466 0.466 0.466 0.466 0.465 0.465 0.463 0.463 0.461 0.461 0.461 0.465 0.467 0.469 0.473 0.473 0.474 0.473 0.471 0.471 0.472 0.471 0.472 0.473 0.474 0.474 0.475 0.477 0.478 0.479 0.485 0.488 0.488 0.49 0.49 0.49 0.492 0.492 0.501 0.506 0.509 0.51 0.53 0.547 1.1 1.1 1.102 1.1 1.1 1.097 1.097 1.097 1.104 1.109 1.111 1.115 1.117 1.117 1.117 1.113 1.111 1.081 1.063 1.037 1.013 0.978 0.951 0.933 0.897 0.885 0.865 0.837 0.826 0.816 0.793 0.774 0.752 0.742 0.733 0.719 0.701 0.697 0.679 0.663 0.663 0.655 0.635 0.629 0.629 0.615 0.608 0.603 0.585 0.584 0.573 0.567 0.554 0.553 0.549 0.536 0.533 0.531 0.524 0.522 0.514 0.511 0.509 0.504 0.496 0.49 0.485 0.479 0.473 0.461 0.454 0.453 0.452 0.443 0.439 0.438 0.438 0.439 0.439 0.439 0.439 0.437 0.431 0.43 0.428 0.428 0.428 0.428 0.431 0.433 0.439 0.441 0.446 0.446 0.448 0.449 0.454 0.456 0.46 0.462 0.462 0.464 0.466 0.471 0.472 0.472 0.482 0.482 0.486 0.494 0.495 0.495 1.443 1.443 1.443 1.435 1.426 1.394 1.369 1.354 1.354 1.346 1.344 1.344 1.346 1.349 1.363 1.363 1.363 1.346 1.337 1.337 1.331 1.33 1.33 1.323 1.314 1.303 1.302 1.291 1.291 1.283 1.282 1.277 1.276 1.258 1.253 1.25 1.248 1.245 1.239 1.238 1.23 1.223 1.222 1.216 1.216 1.212 1.207 1.206 1.199 1.196 1.192 1.191 1.191 1.186 1.185 1.185 1.175 1.174 1.171 1.168 1.168 1.156 1.156 1.155 1.155 1.152 1.152 1.146 1.143 1.141 1.138 1.135 1.133 1.131 1.126 1.126 1.124 1.123 1.125 1.122 1.119 1.119 1.121 1.113 1.112 1.112 1.112 1.111 1.105 1.102 1.102 1.101 1.085 1.043 1.037 1.034 1.034 1.034 1.034 1.036 1.081 1.086 1.086 1.086 1.086 1.087 1.087 1.09 1.09 1.09 1.09 1.082 1.082 1.09 1.09 1.09 1.09 1.09 1.092 1.089 1.089 1.092 1.089 1.087 1.087 1.089 1.088 1.088 1.088 1.088 1.088 1.087 1.089 1.092 1.092 1.092 1.092 1.085 1.085 1.091 1.086 1.089 1.091 1.091 1.094 1.094 1.097 1.096 1.1 1.1 1.102 1.103 1.103 1.106 1.106 1.106 1.109 1.113 1.114 1.113 1.117 1.12 1.122 1.128 1.128 1.128 1.128 1.128 1.128 1.13 1.131 1.136 1.139 1.143 1.144 1.144 1.145 1.152 1.152 1.164 1.164 1.155 1.155 1.134 1.125 1.104 1.082 1.072 1.053 1.027 1.026 1.006 0.988 0.977 0.969 0.942 0.928 0.916 0.914 0.897 0.892 0.877 0.872 0.858 0.849 0.831 0.825 0.812 0.807 0.802 0.789 0.783 0.782 0.768 0.76 0.756 0.754 0.745 0.742 0.734 0.728 0.713 0.707 0.704 0.7 0.692 0.691 0.691 0.673 0.665 0.662 0.655 0.651 0.646 0.646 0.64 0.636 0.624 0.622 0.62 0.618 0.617 0.612 0.609 0.6 0.597 0.596 0.59 0.579 0.579 0.579 0.579 0.576 0.568 0.565 0.559 0.556 0.553 0.552 0.547 0.546 0.546 0.54 0.54 0.539 0.536 0.534 0.53 0.529 0.529 0.527 0.519 0.515 0.515 0.511 0.51 0.503 0.498 0.498 0.498 0.499 0.499 0.501 0.499 0.497 0.495 0.49 0.487 0.486 0.482 0.481 0.476 0.475 0.474 0.473 0.472 0.473 0.472 0.472 0.465 0.46 0.46 0.459 0.457 0.455 0.455 0.454 0.455 0.457 0.458 0.457 0.458 0.457 0.453 0.451 0.451 0.449 0.449 0.448 0.448 0.448 0.446 0.44 0.44 0.438 0.438 0.438 0.435 0.43 0.43 0.43 0.43 0.43 0.43 0.43 0.43 0.427 0.427 0.427 0.426 0.426 0.425 0.42 0.419 0.418 0.419 0.419 0.419 0.419 0.419 0.419 0.419 0.419 0.421 0.421 0.419 0.421 0.419 0.419 0.417 0.417 0.417 0.417 0.417 0.419 0.421 0.424 0.426 0.43 0.43 0.445 0.445 0.451 0.451 0.451 0.452 0.443 0.443 0.443 0.439 0.436 0.436 0.431 0.431 0.431 0.435 0.435 0.435 
1 1 1 1 1 1 1 1 1 1 1 1 1 1 1 1 1 1 1 1 1 1 1 1 1 1 1 1 1 1 1 1 1 1 1 1 1 1 1 1 1 1 1 1 1 1 1 1 1 1 1 1 1 1 1 1 1 1 1 1 1 1 1 1 1 1 1 1 1 1 1 1 1 1 1 1 1 1 1 1 1 1 1 1 1 1 1 1 1 1 1 1 1 1 1 1 1 1 1 1 1 1 1 1 1 1 1 1 1 1 1 1 1 1 1 1 1 1 1 1 1 1 1 1 1 1 1 1 1 1 1 1 1 1 1 1 1 1 1 1 1 1 1 1 1 1 1 1 1 1 1 1 1 1 1 1 1 1 1 1 1 1 1 1 1 1 1 1 1 1 1 1 1 1 1 1 1 1 1 1 1 1 1 1 1 1 1 1 1 1 1 1 1 1 1 1 1 1 1 1 1 1 1 1 1 1 1 1 1 1 1 1 1 1 1 1 1 1 1 1 1 1 1 1 1 1 1 1 1 1 1 1 1 1 1 1 1 1 1 1 1 1 1 1 1 1 1 1 1 1 1 1 1 1 1 1 1 1 1 1 1 1 1 1 1 1 1 1 1 1 1 1 1 1 1 1 1 1 1 1 1 1 1 1 1 1 1 1 1 1 1 1 1 1 1 1 1 1 1 1 1 1 1 1 1 1 1 1 1 1 1 1 1 1 1 1 1 1 1 1 1 1 1 1 1 1 1 1 1 1 1 1 1 1 1 1 1 1 1 1 1 1 1 1 1 1 1 1 1 1 1 1 1 1 1 1 1 1 1 1 1 1 1 1 1 1 1 1 1 1 1 1 1 1 1 1 1 1 1 1 1 1 1 1 1 1 1 1 1 1 1 1 1 1 1 1 1 1 1 1 1 1 1 1 1 1 1 1 1 1 1 1 1 1 1 1 1 1 1 1 1 1 1 1 1 1 1 1 1 1 1 1 1 1 1 1 1 1 1 1 1 1 1 1 1 1 1 1 1 1 1 1 1 1 1 1 1 1 1 1 1 1 1 1 1 1 1 1 1 1 1 1 1 1 1 1 1 1 1 1 1 1 1 1 1 1 1 1 1 1 1 1 1 1 1 1 1 1 1 1 1 1 1 1 1 1 1 1 1 1 1 1 1 1 1 1 1 1 1 1 1 1 1 1 1 1 1 1 1 1 1 1 1 1 1 1 1 1 1 1 1 1 1 1 1 1 1 1 1 1 1 1 1 1 1 1 1 1 1 1 1 1 1 1 1 1 1 1 1 1 1 1 1 1 1 1 1 1 1 1 1 1 1 1 1 1 1 1 1 1 1 1 1 1 1 1 1 1 1 1 1 1 1 1 1 1 1 1 1 1 1 1 1 1 1 1 1 1 1 1 1 1 1 1 1 1 1 1 1 1 1 1 1 1 1 1 1 1 1 1 1 1 1 1 1 1 1 1 1 1 1 1 1 1 1 1 1 1 1 1 1 1 1 1 1 1 1 1 1 1 1 1 1 1 1 1 1 1 1 1 1 1 
