# This file contains a 2D laser scan observation. 
# Its format is: 
# [aperture] [max_range] [number_of_scans] 
# [vector_of_scans] 
# [vector_of_valid_scans] 
# The aperture of the sensor is in radians, the maximum range 
# and measurements are in meters. '1' means a valid scan, '0' otherwise.
4.1847
5.6
682
0.435 0.435 0.435 0.433 0.428 0.428 0.428 0.434 0.434 0.435 0.438 0.438 0.44 0.441 0.442 0.446 0.446 0.45 0.45 0.463 0.467 0.482 0.485 0.488 0.488 0.488 0.491 0.558 0.645 0.645 0.645 0.555 0.488 0.486 0.482 0.48 0.472 0.471 0.471 0.471 0.471 0.473 0.473 0.475 0.478 0.484 0.49 0.49 0.493 0.493 0.496 0.499 0.503 0.507 0.508 0.517 0.525 0.527 0.529 0.53 0.536 0.538 0.539 0.548 0.556 0.557 0.557 0.566 0.573 0.59 0.592 0.6 0.601 0.602 0.615 0.615 0.628 0.635 0.636 0.636 0.641 0.647 0.666 0.675 0.676 0.679 0.69 0.69 0.698 0.708 0.721 0.731 0.732 0.741 0.744 0.761 0.771 0.773 0.776 0.786 0.795 0.819 0.832 0.845 0.848 0.859 0.865 0.865 0.866 0.876 0.894 0.916 0.93 0.936 0.958 0.96 1.069 1.117 1.117 1.117 1.118 1.117 1.093 1.04 1.047 1.047 1.047 1.143 1.194 1.327 1.45 1.45 1.45 1.422 1.422 1.422 1.516 1.529 1.529 1.531 1.541 1.546 1.581 1.581 1.581 1.581 1.581 1.578 1.584 1.584 1.584 1.584 1.584 1.588 1.603 1.608 1.627 1.715 1.873 1.876 1.885 1.886 1.886 1.886 1.886 1.881 1.881 1.881 1.886 1.887 1.89 1.89 1.89 1.894 1.894 1.894 1.896 1.899 1.9 1.902 1.905 1.908 1.909 1.91 1.915 1.919 1.919 1.918 1.918 1.801 1.789 1.771 1.761 1.759 1.734 1.661 1.641 1.546 1.52 1.48 1.453 1.437 1.415 1.396 1.374 1.362 1.357 1.342 1.342 1.341 1.33 1.323 1.321 1.319 1.321 1.321 1.321 1.32 1.323 1.323 1.324 1.326 1.33 1.33 1.331 1.34 1.345 1.345 1.35 1.363 1.367 1.384 1.385 1.407 1.436 1.815 1.815 1.815 1.795 1.77 1.747 1.741 1.714 1.698 1.686 1.663 1.646 1.627 1.616 1.596 1.594 1.575 1.555 1.528 1.524 1.513 1.493 1.482 1.466 1.454 1.437 1.424 1.424 1.406 1.401 0.452 0.446 0.441 0.441 0.432 0.429 0.418 0.416 0.411 0.407 0.402 0.395 0.395 0.394 0.392 0.392 0.391 0.391 0.392 0.39 0.386 0.385 0.385 0.385 0.384 0.383 0.383 0.384 0.384 0.383 0.387 0.387 0.385 0.383 0.385 0.385 0.385 0.386 0.386 0.387 0.387 0.391 0.394 0.398 0.398 0.4 0.411 0.416 0.419 0.419 0.419 0.424 0.428 0.446 0.459 0.469 0.469 0.487 0.488 0.491 0.5 0.502 0.509 0.509 0.52 0.525 0.539 0.539 0.551 0.553 0.566 0.569 0.572 0.579 0.59 0.597 0.61 0.614 0.621 0.634 0.642 0.656 0.663 0.676 0.679 0.706 0.714 0.723 0.736 0.743 0.756 0.76 0.778 0.782 0.808 0.831 0.846 0.855 0.882 0.902 0.92 0.921 0.927 0.927 0.921 0.921 0.916 0.909 0.903 0.893 0.893 0.893 0.896 0.893 0.893 0.889 0.888 0.888 0.888 0.888 0.888 0.891 0.891 0.891 0.881 0.881 0.881 0.886 0.888 0.888 0.888 0.886 0.881 0.881 0.881 0.883 0.881 0.883 0.888 0.89 0.892 0.892 0.892 0.877 0.877 0.877 0.895 0.902 0.902 0.904 0.902 0.899 0.899 0.902 0.899 0.899 0.897 0.895 0.895 0.893 0.893 0.898 0.898 0.9 0.9 0.9 0.9 0.9 0.9 0.9 0.902 0.909 0.909 0.909 0.912 0.911 0.911 0.913 0.918 0.918 0.918 0.918 0.924 0.924 0.924 0.924 0.928 0.928 0.931 0.931 0.931 0.931 0.931 0.931 0.935 0.936 0.938 0.946 0.947 0.949 0.952 0.952 0.954 0.954 0.956 0.956 0.96 0.956 0.954 0.952 0.952 0.952 0.957 0.971 0.971 0.972 0.972 0.979 0.981 0.985 0.988 0.989 0.991 0.996 0.999 1.008 1.011 1.011 1.017 1.024 1.027 1.027 1.027 1.028 1.035 1.039 1.039 1.042 1.054 1.061 1.063 1.067 1.082 1.086 1.088 1.09 1.095 1.096 1.098 1.107 1.116 1.119 1.121 1.121 2.264 2.276 2.287 2.282 2.287 2.288 2.318 2.33 2.336 2.346 2.363 2.38 2.383 2.386 2.4 2.406 2.406 2.4 2.394 2.381 2.362 2.346 2.335 2.32 2.308 2.303 2.286 2.275 2.259 2.247 2.23 2.223 2.217 2.199 2.198 2.177 2.158 2.152 2.145 2.138 2.128 2.117 2.104 2.1 2.083 2.082 2.073 2.055 2.051 2.042 2.036 2.036 2.036 2.05 2.083 2.088 2.136 2.2 2.223 2.235 2.265 2.286 2.309 2.34 2.365 2.388 2.429 2.451 2.484 2.52 2.556 2.582 2.61 2.642 2.789 2.809 2.85 2.885 2.915 2.951 3.011 3.053 3.11 3.156 3.174 0 0 0 0 0 0 0 0 0 0 0 0 0 4.208 4.204 4.204 4.196 4.187 4.187 4.196 4.187 4.069 3.816 3.811 3.807 3.807 3.816 0 0 0 0 0 0 0 4.109 4.107 4.099 4.095 4.095 4.088 4.085 2.793 2.791 2.791 2.793 2.791 3.551 3.569 4.069 4.069 4.069 4.063 4.063 4.063 4.04 3.847 0 0 0 0 0 0 0 0 0 0 0 0.007 4.073 4.071 4.071 4.071 4.071 4.07 4.07 3.044 2.625 2.625 
1 1 1 1 1 1 1 1 1 1 1 1 1 1 1 1 1 1 1 1 1 1 1 1 1 1 1 1 1 1 1 1 1 1 1 1 1 1 1 1 1 1 1 1 1 1 1 1 1 1 1 1 1 1 1 1 1 1 1 1 1 1 1 1 1 1 1 1 1 1 1 1 1 1 1 1 1 1 1 1 1 1 1 1 1 1 1 1 1 1 1 1 1 1 1 1 1 1 1 1 1 1 1 1 1 1 1 1 1 1 1 1 1 1 1 1 1 1 1 1 1 1 1 1 1 1 1 1 1 1 1 1 1 1 1 1 1 1 1 1 1 1 1 1 1 1 1 1 1 1 1 1 1 1 1 1 1 1 1 1 1 1 1 1 1 1 1 1 1 1 1 1 1 1 1 1 1 1 1 1 1 1 1 1 1 1 1 1 1 1 1 1 1 1 1 1 1 1 1 1 1 1 1 1 1 1 1 1 1 1 1 1 1 1 1 1 1 1 1 1 1 1 1 1 1 1 1 1 1 1 1 1 1 1 1 1 1 1 1 1 1 1 1 1 1 1 1 1 1 1 1 1 1 1 1 1 1 1 1 1 1 1 1 1 1 1 1 1 1 1 1 1 1 1 1 1 1 1 1 1 1 1 1 1 1 1 1 1 1 1 1 1 1 1 1 1 1 1 1 1 1 1 1 1 1 1 1 1 1 1 1 1 1 1 1 1 1 1 1 1 1 1 1 1 1 1 1 1 1 1 1 1 1 1 1 1 1 1 1 1 1 1 1 1 1 1 1 1 1 1 1 1 1 1 1 1 1 1 1 1 1 1 1 1 1 1 1 1 1 1 1 1 1 1 1 1 1 1 1 1 1 1 1 1 1 1 1 1 1 1 1 1 1 1 1 1 1 1 1 1 1 1 1 1 1 1 1 1 1 1 1 1 1 1 1 1 1 1 1 1 1 1 1 1 1 1 1 1 1 1 1 1 1 1 1 1 1 1 1 1 1 1 1 1 1 1 1 1 1 1 1 1 1 1 1 1 1 1 1 1 1 1 1 1 1 1 1 1 1 1 1 1 1 1 1 1 1 1 1 1 1 1 1 1 1 1 1 1 1 1 1 1 1 1 1 1 1 1 1 1 1 1 1 1 1 1 1 1 1 1 1 1 1 1 1 1 1 1 1 1 1 1 1 1 1 1 1 1 1 1 1 1 1 1 1 1 1 1 1 1 1 1 1 1 1 1 1 1 1 1 1 1 1 1 1 1 1 1 1 1 1 1 1 1 1 1 1 1 1 1 1 1 1 1 1 1 1 1 1 1 1 1 1 1 1 1 1 1 1 1 1 1 1 1 1 1 1 1 1 1 1 1 1 1 0 0 0 0 0 0 0 0 0 0 0 0 0 1 1 1 1 1 1 1 1 1 1 1 1 1 1 0 0 0 0 0 0 0 1 1 1 1 1 1 1 1 1 1 1 1 1 1 1 1 1 1 1 1 1 1 0 0 0 0 0 0 0 0 0 0 0 0 1 1 1 1 1 1 1 1 1 1 
