# This file contains a 2D laser scan observation. 
# Its format is: 
# [aperture] [max_range] [number_of_scans] 
# [vector_of_scans] 
# [vector_of_valid_scans] 
# The aperture of the sensor is in radians, the maximum range 
# and measurements are in meters. '1' means a valid scan, '0' otherwise.
4.1847
5.6
682
0.617 0.617 0.614 0.616 0.616 0.611 0.611 0.611 0.611 0.61 0.609 0.599 0.591 0.588 0.581 0.576 0.565 0.557 0.557 0.557 0.591 0.613 0.615 0.616 0.617 0.617 0.635 1.094 1.344 1.43 1.43 1.43 1.43 1.43 1.43 1.412 1.403 1.385 1.331 1.317 1.317 1.317 1.315 1.317 1.317 1.315 1.309 1.298 1.291 1.286 1.286 1.276 1.264 0.876 0.862 0.86 0.852 0.852 0.851 0.848 0.845 0.845 0.845 0.851 0.855 0.87 0.884 0.888 0.888 0.888 0.88 0.88 0.88 0.883 0.893 0.944 1.156 1.156 1.156 1.151 1.146 1.135 1.118 1.117 1.115 1.115 1.113 1.111 1.113 1.115 1.113 1.116 1.116 1.115 1.115 1.115 1.115 1.114 1.114 1.106 1.104 1.104 1.103 1.1 1.095 1.095 1.093 1.093 1.09 1.09 1.083 1.08 1.078 1.078 1.076 1.073 1.07 1.07 1.061 1.061 1.061 1.061 1.063 1.066 1.069 1.071 1.071 1.069 1.069 1.068 1.068 1.068 1.068 1.068 1.067 1.071 1.071 1.074 1.071 1.074 1.074 1.067 1.067 1.079 1.079 1.086 1.092 1.104 1.107 1.124 1.128 1.136 1.137 1.138 1.138 1.138 1.137 1.137 1.135 1.133 1.133 1.133 1.131 1.13 1.122 1.122 1.122 1.122 1.118 1.122 1.129 1.144 1.165 1.168 1.176 1.181 1.211 1.443 1.48 1.481 1.48 1.443 1.459 1.459 1.459 1.483 1.483 1.483 1.483 1.484 1.348 1.348 1.348 1.348 1.348 1.521 0.007 1.521 1.23 1.23 1.23 1.81 1.81 1.81 4.566 4.471 1.264 1.264 1.264 1.231 1.198 1.171 1.164 1.164 1.164 1.164 1.164 1.168 1.17 1.178 1.186 0 0 0 0 0 0 0 0 0 0 0 0 0 0 0 0 0 0 0 1.988 1.988 1.988 1.963 0 0.007 0 0 0 1.879 1.879 1.879 1.879 1.909 1.913 1.913 1.927 1.939 1.979 1.988 1.993 1.993 1.988 1.993 1.998 2.025 2.036 2.058 2.058 2.058 2.079 2.097 2.1 2.109 2.123 0 0 0 0.79 0.79 0.79 0 0 0 0 0 0 0 0 0 0 0 0 0 0 0 0 0 0 0 0 0 0 0 1.115 1.115 1.115 0 0 0 1.737 1.737 1.737 1.737 1.737 1.728 1.727 1.701 1.68 1.654 1.644 1.637 1.63 1.629 1.625 1.625 1.625 1.625 1.625 1.625 0.929 0.919 0.919 0.919 1.579 1.579 1.579 1.553 1.545 1.516 1.516 1.505 1.494 1.494 1.493 1.493 1.498 1.498 1.507 1.51 1.513 1.514 1.518 1.521 1.521 1.52 1.518 1.512 1.512 1.52 0 0 0 0 0 0 1.438 1.438 1.438 1.438 1.439 1.439 1.439 1.381 1.379 1.377 1.37 1.369 1.37 1.37 1.349 0.879 0.877 0.877 0.879 1.363 1.367 1.374 1.374 1.395 1.436 1.459 1.459 1.463 1.459 1.459 1.465 1.465 1.458 1.465 1.458 1.448 0.527 0.527 0.521 0.527 0.532 0.532 0.529 0.532 0.532 1.299 1.448 1.45 1.451 1.455 1.451 1.456 1.453 1.456 1.456 1.456 1.459 1.464 1.464 1.464 1.464 1.465 1.465 1.467 1.468 1.468 1.471 1.473 1.474 1.474 1.477 1.477 1.475 1.475 1.476 1.476 1.476 1.476 1.001 0.999 0.999 0.999 0.999 1.497 1.512 1.512 1.497 1.461 1.451 1.444 1.443 1.443 1.444 1.444 1.522 1.522 1.522 1.454 1.445 1.44 1.428 1.426 1.421 1.421 1.421 1.422 1.422 0 0 0 0 0 0 1.413 1.405 0.74 0.692 0.689 0.689 0.691 0.691 0.691 0.692 0.696 1.516 1.516 1.516 1.507 1.48 1.455 1.431 1.427 1.427 1.427 0 0 0 0 0 0.838 0.776 0.768 0.768 0.755 0.742 0.742 0.742 0.743 0.749 0.756 0.758 0.758 0.754 0.754 0.754 0.744 0.744 0.743 0.742 0.741 0.741 0.741 0.741 0.745 0.746 0.747 0.751 0.751 0.751 0.751 0.751 0.75 0.75 0.749 0.738 0.738 0.738 0.738 0.744 0.748 0.748 0.754 0.765 0.781 0.792 0.792 0.007 0.93 0.922 0.922 0.912 0.906 0.899 0.897 0.894 0.893 0.883 0.881 0.877 0.875 0.874 0.874 0.87 0.863 0.859 0.851 0.85 0.848 0.848 0.844 0.838 0.836 0.835 0.834 0.833 0.825 0.825 0.822 0.822 0.812 0.812 0.811 0.81 0.806 0.806 0.8 0.8 0.796 0.795 0.796 0.791 0.785 0.785 0.785 0.783 0.779 0.776 0.773 0.773 0.771 0.771 0.77 0.766 0.766 0.764 0.757 0.756 0.756 0.754 0.756 0.756 0.76 0.76 0.76 0.76 0.757 0.746 0.746 0.746 0.746 0.74 0.748 0.753 0.753 0.749 0.753 0.749 0.737 0.734 0.733 0.73 0.73 0.73 0.73 0.735 0.735 0.735 0.741 0.735 0.729 0.73 0.73 0.728 0.73 0.731 0.733 0.732 0.733 0.74 0.741 0.741 0.746 0.752 0.754 0.755 0.757 0.763 0.763 0.755 0.743 0.743 0.743 0.743 0.741 0.741 0.741 0.74 0.74 0.738 0.738 0.735 0.735 0.735 0.735 0.735 0.737 
1 1 1 1 1 1 1 1 1 1 1 1 1 1 1 1 1 1 1 1 1 1 1 1 1 1 1 1 1 1 1 1 1 1 1 1 1 1 1 1 1 1 1 1 1 1 1 1 1 1 1 1 1 1 1 1 1 1 1 1 1 1 1 1 1 1 1 1 1 1 1 1 1 1 1 1 1 1 1 1 1 1 1 1 1 1 1 1 1 1 1 1 1 1 1 1 1 1 1 1 1 1 1 1 1 1 1 1 1 1 1 1 1 1 1 1 1 1 1 1 1 1 1 1 1 1 1 1 1 1 1 1 1 1 1 1 1 1 1 1 1 1 1 1 1 1 1 1 1 1 1 1 1 1 1 1 1 1 1 1 1 1 1 1 1 1 1 1 1 1 1 1 1 1 1 1 1 1 1 1 1 1 1 1 1 1 1 1 1 1 1 1 1 1 1 1 0 1 1 1 1 1 1 1 1 1 1 1 1 1 1 1 1 1 1 1 1 1 1 1 1 0 0 0 0 0 0 0 0 0 0 0 0 0 0 0 0 0 0 0 1 1 1 1 0 0 0 0 0 1 1 1 1 1 1 1 1 1 1 1 1 1 1 1 1 1 1 1 1 1 1 1 1 1 1 0 0 0 1 1 1 0 0 0 0 0 0 0 0 0 0 0 0 0 0 0 0 0 0 0 0 0 0 0 1 1 1 0 0 0 1 1 1 1 1 1 1 1 1 1 1 1 1 1 1 1 1 1 1 1 1 1 1 1 1 1 1 1 1 1 1 1 1 1 1 1 1 1 1 1 1 1 1 1 1 1 1 1 1 1 0 0 0 0 0 0 1 1 1 1 1 1 1 1 1 1 1 1 1 1 1 1 1 1 1 1 1 1 1 1 1 1 1 1 1 1 1 1 1 1 1 1 1 1 1 1 1 1 1 1 1 1 1 1 1 1 1 1 1 1 1 1 1 1 1 1 1 1 1 1 1 1 1 1 1 1 1 1 1 1 1 1 1 1 1 1 1 1 1 1 1 1 1 1 1 1 1 1 1 1 1 1 1 1 1 1 1 1 1 1 1 1 1 0 0 0 0 0 0 1 1 1 1 1 1 1 1 1 1 1 1 1 1 1 1 1 1 1 1 1 0 0 0 0 0 1 1 1 1 1 1 1 1 1 1 1 1 1 1 1 1 1 1 1 1 1 1 1 1 1 1 1 1 1 1 1 1 1 1 1 1 1 1 1 1 1 1 1 1 1 1 1 0 1 1 1 1 1 1 1 1 1 1 1 1 1 1 1 1 1 1 1 1 1 1 1 1 1 1 1 1 1 1 1 1 1 1 1 1 1 1 1 1 1 1 1 1 1 1 1 1 1 1 1 1 1 1 1 1 1 1 1 1 1 1 1 1 1 1 1 1 1 1 1 1 1 1 1 1 1 1 1 1 1 1 1 1 1 1 1 1 1 1 1 1 1 1 1 1 1 1 1 1 1 1 1 1 1 1 1 1 1 1 1 1 1 1 1 1 1 1 1 1 1 1 1 1 1 1 1 1 1 
