# This file contains a 2D laser scan observation. 
# Its format is: 
# [aperture] [max_range] [number_of_scans] 
# [vector_of_scans] 
# [vector_of_valid_scans] 
# The aperture of the sensor is in radians, the maximum range 
# and measurements are in meters. '1' means a valid scan, '0' otherwise.
4.1847
5.6
682
0.911 0.904 0.902 0.893 0.889 0.888 0.874 0.873 0.872 0.862 0.861 0.852 0.849 0.847 0.846 0.835 0.835 0.832 0.83 0.83 0.83 0.826 0.821 0.812 0.807 0.802 0.802 0.802 0.8 0.8 0.804 0.805 0.809 0.823 0.833 0.846 0.856 0.864 0.864 0.871 0.894 0.905 0.91 0.929 0.937 0.95 0.956 0.959 0.959 0.959 0.751 0.744 0.737 0.734 0.731 0.725 0.717 0.714 0.709 0.704 0.704 0.704 0.703 0.701 0.701 0.701 0.697 0.692 0.691 0.69 0.69 0.69 0.69 0.684 0.685 0.684 0.684 0.682 0.681 0.681 0.681 0.681 0.674 0.674 0.672 0.672 0.67 0.67 0.67 0.668 0.668 0.668 0.666 0.666 0.667 0.667 0.666 0.662 0.66 0.66 0.662 0.662 0.66 0.659 0.659 0.659 0.659 0.659 0.66 0.656 0.656 0.656 0.656 0.653 0.653 0.656 0.653 0.652 0.656 0.655 0.655 0.658 0.659 0.668 0.681 0.681 0.681 0.676 0.664 0.659 0.657 0.656 0.653 0.651 0.651 0.653 0.653 0.653 0.654 0.655 0.657 0.657 0.656 0.655 0.656 0.654 0.654 0.654 0.66 0.659 0.659 0.656 0.659 0.659 0.658 0.662 0.662 0.661 0.661 0.663 0.667 0.667 0.667 0.667 0.667 0.667 0.668 0.671 0.671 0.671 0.674 0.674 0.677 0.677 0.678 0.681 0.685 0.686 0.685 0.686 0.685 0.686 0.691 0.692 0.692 0.694 0.696 0.698 0.7 0.701 0.708 0.717 0.717 0.717 0.708 0.703 0.69 0.685 0.68 0.68 0.679 0.679 0.68 0.682 0.688 0.691 0.691 0.691 0.691 0.697 0.698 0.7 0.7 0.701 0.703 0.709 0.709 0.71 0.712 0.716 0.717 0.721 0.725 0.725 0.728 0.73 0.733 0.733 0.733 0.742 0.742 0.749 0.752 0.752 0.754 0.758 0.759 0.759 0.772 0.777 0.779 0.781 0.788 0.789 0.799 0.806 0.807 0.809 0.81 0.812 0.823 0.828 0.83 0.836 0.84 0.85 0.857 0.861 0.863 0.88 0.885 0.892 0.901 0.906 0.908 0.915 0.919 0.929 0.935 0.94 0.954 0.972 0.981 0.986 0.998 0.998 1.011 1.028 1.036 1.046 1.055 1.095 1.095 1.095 1.089 1.081 1.072 1.059 1.057 1.052 1.046 1.045 1.042 1.031 1.031 1.028 1.031 1.033 1.041 1.048 1.055 1.057 1.074 1.085 1.095 2.797 2.797 2.797 2.797 2.78 2.738 2.731 2.731 2.721 2.721 2.714 2.71 2.696 2.692 2.691 2.681 2.681 2.67 2.666 2.665 2.664 2.659 2.652 2.65 2.648 2.642 2.637 2.626 2.624 2.623 2.618 2.604 2.6 2.599 2.596 2.591 2.589 2.356 2.356 2.356 2.457 2.459 2.548 2.553 2.553 2.553 2.553 2.552 2.55 2.547 2.546 2.539 2.538 2.537 2.533 2.531 2.53 2.523 2.522 2.517 2.517 2.517 2.519 0 0 0 0 0 0 0 0 0 0 0 0 0 0 0 0 0 0 0 0 0 0 0 0 0.007 0 0 0 0 0 0 0 0 0 0 0 0 0.007 0 0.007 0 0 0 0 0 0 0.007 0.981 0.953 0.942 0.92 0.918 0.914 0.914 0.914 0.914 0.911 0.911 0.921 0.924 0.924 0.926 0.927 0.929 0.94 0.94 0.941 0.94 0.94 0.891 0.873 0.856 0.845 0.833 0.821 0.809 0.793 0.785 0.772 0.761 0.752 0.734 0.734 0.715 0.698 0.689 0.688 0.687 0.671 0.669 0.659 0.651 0.646 0.638 0.631 0.629 0.616 0.61 0.601 0.596 0.585 0.578 0.577 0.572 0.571 0.566 0.559 0.544 0.542 0.54 0.538 0.529 0.524 0.523 0.523 0.515 0.507 0.506 0.503 0.492 0.492 0.485 0.483 0.482 0.478 0.472 0.472 0.467 0.465 0.464 0.461 0.452 0.451 0.444 0.444 0.442 0.442 0.438 0.437 0.437 0.434 0.434 0.434 0.435 0.435 0.435 0.437 0.441 0.442 0.444 0.451 0.455 0.455 0.464 0.465 0.468 0.469 0.472 0.477 0.483 0.486 0.492 0.498 0.506 0.511 0.514 0.515 0.517 0.518 0.536 0.537 0.541 0.541 0.551 0.552 0.552 0.573 0.575 0.589 0.59 0.598 0.603 0.606 0.624 0.624 0.628 0.637 0.649 0.654 0.661 0.672 0.678 0.688 0.698 0.709 0.719 0.727 0.738 0.747 0.756 0.777 0.796 0.798 0.809 0.822 0.832 0.864 0.87 0.88 0.896 0.915 0.929 0.985 0.987 0.99 0.99 0.987 0.984 0.983 0.982 0.979 0.979 0.976 0.975 0.973 0.973 0.97 0.967 0.964 0.963 0.961 0.96 0.96 0.958 0.956 0.955 0.954 0.95 0.95 0.95 0.95 0.951 0.951 0.951 0.95 0.948 0.939 0.939 0.939 0.939 0.938 0.938 0.938 0.941 0.941 0.941 0.941 0.936 0.933 0.935 0.935 0.935 0.936 0.938 0.938 0.938 0.938 0.939 0.934 0.939 0.935 0.935 0.935 0.935 0.935 0.936 0.937 0.937 0.937 0.937 0.932 0.932 0.937 0.938 0.939 0.939 0.94 0.941 0.941 0.941 0.941 0.945 0.946 0.946 0.947 0.948 0.949 0.95 0.952 0.95 0.95 0.952 0.952 0.952 0.96 0.962 0.962 0.962 0.965 0.965 0.968 0.969 0.972 0.972 
1 1 1 1 1 1 1 1 1 1 1 1 1 1 1 1 1 1 1 1 1 1 1 1 1 1 1 1 1 1 1 1 1 1 1 1 1 1 1 1 1 1 1 1 1 1 1 1 1 1 1 1 1 1 1 1 1 1 1 1 1 1 1 1 1 1 1 1 1 1 1 1 1 1 1 1 1 1 1 1 1 1 1 1 1 1 1 1 1 1 1 1 1 1 1 1 1 1 1 1 1 1 1 1 1 1 1 1 1 1 1 1 1 1 1 1 1 1 1 1 1 1 1 1 1 1 1 1 1 1 1 1 1 1 1 1 1 1 1 1 1 1 1 1 1 1 1 1 1 1 1 1 1 1 1 1 1 1 1 1 1 1 1 1 1 1 1 1 1 1 1 1 1 1 1 1 1 1 1 1 1 1 1 1 1 1 1 1 1 1 1 1 1 1 1 1 1 1 1 1 1 1 1 1 1 1 1 1 1 1 1 1 1 1 1 1 1 1 1 1 1 1 1 1 1 1 1 1 1 1 1 1 1 1 1 1 1 1 1 1 1 1 1 1 1 1 1 1 1 1 1 1 1 1 1 1 1 1 1 1 1 1 1 1 1 1 1 1 1 1 1 1 1 1 1 1 1 1 1 1 1 1 1 1 1 1 1 1 1 1 1 1 1 1 1 1 1 1 1 1 1 1 1 1 1 1 1 1 1 1 1 1 1 1 1 1 1 1 1 1 1 1 1 1 1 1 1 1 1 1 1 1 1 1 1 1 1 1 1 1 1 1 1 1 1 1 1 1 1 1 1 1 1 1 1 1 1 1 1 1 1 1 1 1 1 1 1 1 0 0 0 0 0 0 0 0 0 0 0 0 0 0 0 0 0 0 0 0 0 0 0 0 0 0 0 0 0 0 0 0 0 0 0 0 0 0 0 0 0 0 0 0 0 0 0 1 1 1 1 1 1 1 1 1 1 1 1 1 1 1 1 1 1 1 1 1 1 1 1 1 1 1 1 1 1 1 1 1 1 1 1 1 1 1 1 1 1 1 1 1 1 1 1 1 1 1 1 1 1 1 1 1 1 1 1 1 1 1 1 1 1 1 1 1 1 1 1 1 1 1 1 1 1 1 1 1 1 1 1 1 1 1 1 1 1 1 1 1 1 1 1 1 1 1 1 1 1 1 1 1 1 1 1 1 1 1 1 1 1 1 1 1 1 1 1 1 1 1 1 1 1 1 1 1 1 1 1 1 1 1 1 1 1 1 1 1 1 1 1 1 1 1 1 1 1 1 1 1 1 1 1 1 1 1 1 1 1 1 1 1 1 1 1 1 1 1 1 1 1 1 1 1 1 1 1 1 1 1 1 1 1 1 1 1 1 1 1 1 1 1 1 1 1 1 1 1 1 1 1 1 1 1 1 1 1 1 1 1 1 1 1 1 1 1 1 1 1 1 1 1 1 1 1 1 1 1 1 1 1 1 1 1 1 1 1 1 1 1 1 1 1 1 1 1 1 1 1 1 1 1 1 1 1 1 1 1 1 1 1 1 1 1 
