# This file contains a 2D laser scan observation. 
# Its format is: 
# [aperture] [max_range] [number_of_scans] 
# [vector_of_scans] 
# [vector_of_valid_scans] 
# The aperture of the sensor is in radians, the maximum range 
# and measurements are in meters. '1' means a valid scan, '0' otherwise.
4.1847
5.6
682
0.73 0.728 0.726 0.718 0.717 0.715 0.661 0.656 0.655 0.649 0.649 0.648 0.636 0.634 0.631 0.629 0.627 0.621 0.621 0.617 0.616 0.615 0.607 0.604 0.601 0.599 0.596 0.595 0.592 0.586 0.586 0.582 0.582 0.577 0.575 0.575 0.575 0.569 0.567 0.567 0.565 0.563 0.563 0.562 0.56 0.56 0.56 0.557 0.557 0.556 0.551 0.551 0.551 0.548 0.548 0.544 0.543 0.543 0.542 0.542 0.542 0.542 0.538 0.54 0.538 0.534 0.533 0.53 0.524 0.522 0.522 0.522 0.517 0.517 0.517 0.517 0.518 0.518 0.518 0.521 0.521 0.521 0.521 0.518 0.518 0.518 0.518 0.517 0.517 0.521 0.517 0.517 0.516 0.515 0.515 0.516 0.516 0.516 0.516 0.517 0.519 0.523 0.531 0.573 0.606 0.606 0.606 0.527 0.527 0.52 0.519 0.518 0.514 0.508 0.511 0.511 0.511 0.51 0.511 0.514 0.514 0.514 0.514 0.514 0.514 0.513 0.514 0.514 0.516 0.518 0.518 0.518 0.518 0.518 0.518 0.518 0.518 0.52 0.524 0.524 0.527 0.524 0.526 0.526 0.527 0.53 0.534 0.535 0.534 0.536 0.537 0.538 0.538 0.538 0.538 0.539 0.538 0.541 0.541 0.548 0.548 0.552 0.583 0.606 0.606 0.606 0.593 0.589 0.576 0.554 0.526 0.516 0.505 0.503 0.491 0.48 0.478 0.477 0.47 0.465 0.461 0.454 0.454 0.454 0.454 0.455 0.458 0.459 0.46 0.465 0.465 0.469 0.469 0.469 0.466 0.466 0.466 0.467 0.467 0.469 0.47 0.47 0.475 0.476 0.478 0.478 0.482 0.482 0.49 0.491 0.498 0.5 1.438 1.447 1.454 1.454 1.468 1.47 1.479 1.491 1.496 1.505 1.513 1.525 1.528 1.531 1.542 1.545 1.561 1.572 1.573 1.584 1.592 1.598 1.608 1.624 1.634 1.646 1.654 1.665 1.673 1.681 1.694 1.714 1.716 0 0 0 1.776 1.776 1.776 1.784 1.794 1.809 1.823 1.839 1.863 1.883 1.889 1.906 1.914 1.937 1.951 1.967 1.967 1.967 1.951 1.873 1.864 1.864 1.864 1.871 2.116 2.156 2.156 2.156 2.115 2.063 2.063 2.063 2.075 2.075 2.075 2.065 2.058 2.045 2.038 2.03 2.028 2.016 2.004 1.997 1.984 1.976 1.972 1.972 1.964 1.964 1.964 1.964 1.964 1.964 1.964 1.954 1.952 1.95 1.945 1.939 1.936 1.935 1.928 1.922 1.918 1.912 1.909 1.908 1.908 1.895 1.893 1.568 1.565 1.565 1.566 1.568 1.738 1.753 1.758 1.769 1.795 1.86 1.86 1.86 1.86 1.858 1.854 1.848 1.847 1.847 1.842 1.841 1.839 1.836 1.831 1.831 1.83 1.828 1.828 1.827 1.819 1.812 1.807 1.807 1.806 1.807 1.807 1.814 1.814 0.006 0.006 0.006 0.006 0.006 0.006 0.006 0.006 0.006 0.006 0.006 0.006 0.006 0.006 0 0 0 0 0 0 0 0 0 0 0 5.32 5.319 4.439 4.439 4.439 4.449 4.453 4.453 4.449 4.453 4.453 4.453 4.47 4.475 4.487 4.487 4.494 4.499 0 0 0 0 0 0 0 0 0 0 0 0 0 0 0 0 0.007 2.045 1.939 1.913 1.908 1.907 1.907 1.907 1.914 1.914 1.917 1.928 1.933 1.942 1.948 1.951 1.954 1.959 1.96 1.973 1.978 1.978 1.978 1.978 1.941 1.935 1.911 1.911 1.911 1.915 1.921 1.931 1.945 1.958 1.958 1.958 1.945 1.945 1.945 1.949 1.954 1.967 1.97 1.99 1.995 1.998 2.01 2.013 2.023 2.031 2.044 2.053 2.066 2.066 2.079 2.09 2.111 2.118 2.118 2.136 2.143 2.151 2.164 2.175 2.175 2.175 2.171 1.277 1.26 1.248 1.231 1.226 1.214 1.213 1.213 1.209 1.201 1.197 1.178 1.149 0.402 0.386 0.38 0.375 0.375 0.372 0.373 0.373 0.367 0.362 0.36 0.36 0.357 0.354 0.345 0.345 0.342 0.343 0.343 0.347 0.347 0.36 0.36 0.36 0.35 0.349 0.343 0.342 0.342 0.335 0.335 0.335 0.336 0.336 0.336 0.332 0.332 0.332 0.339 0.342 0.342 0.343 0.344 0.343 0.344 0.349 0.354 0.359 0.369 0.37 0.374 0.377 0.382 0.386 0.406 0.424 0.433 0.434 0.451 0.458 0.462 0.464 0.466 0.47 0.48 0.482 0.5 0.505 0.509 0.519 0.519 0.519 0.464 0.397 0.392 0.392 0.391 0.392 0.391 0.391 0.391 0.391 0.389 0.391 0.39 0.39 0.39 0.39 0.39 0.385 0.385 0.385 0.391 0.391 0.391 0.391 0.391 0.39 0.389 0.389 0.389 0.387 0.386 0.386 0.386 0.385 0.386 0.391 0.391 0.391 0.392 0.393 0.393 0.396 0.396 0.397 0.397 0.396 0.398 0.399 0.399 0.395 0.395 0.395 0.395 0.396 0.399 0.399 0.399 0.399 0.398 0.392 0.396 0.391 0.389 0.389 0.389 0.386 0.386 0.386 0.383 0.386 0.383 0.383 0.382 0.385 0.385 0.386 0.386 0.386 0.386 0.387 0.386 0.387 0.387 0.385 0.385 0.386 0.385 0.386 0.388 0.388 0.388 0.389 0.389 0.39 0.393 0.393 0.391 0.391 0.393 0.394 0.396 0.396 0.398 0.396 0.396 0.395 0.401 0.401 0.402 0.407 0.407 0.407 0.407 0.41 
1 1 1 1 1 1 1 1 1 1 1 1 1 1 1 1 1 1 1 1 1 1 1 1 1 1 1 1 1 1 1 1 1 1 1 1 1 1 1 1 1 1 1 1 1 1 1 1 1 1 1 1 1 1 1 1 1 1 1 1 1 1 1 1 1 1 1 1 1 1 1 1 1 1 1 1 1 1 1 1 1 1 1 1 1 1 1 1 1 1 1 1 1 1 1 1 1 1 1 1 1 1 1 1 1 1 1 1 1 1 1 1 1 1 1 1 1 1 1 1 1 1 1 1 1 1 1 1 1 1 1 1 1 1 1 1 1 1 1 1 1 1 1 1 1 1 1 1 1 1 1 1 1 1 1 1 1 1 1 1 1 1 1 1 1 1 1 1 1 1 1 1 1 1 1 1 1 1 1 1 1 1 1 1 1 1 1 1 1 1 1 1 1 1 1 1 1 1 1 1 1 1 1 1 1 1 1 1 1 1 1 1 1 1 1 1 1 1 1 1 1 1 1 1 1 1 1 1 1 1 1 1 1 1 1 1 1 1 1 1 1 1 1 1 1 0 0 0 1 1 1 1 1 1 1 1 1 1 1 1 1 1 1 1 1 1 1 1 1 1 1 1 1 1 1 1 1 1 1 1 1 1 1 1 1 1 1 1 1 1 1 1 1 1 1 1 1 1 1 1 1 1 1 1 1 1 1 1 1 1 1 1 1 1 1 1 1 1 1 1 1 1 1 1 1 1 1 1 1 1 1 1 1 1 1 1 1 1 1 1 1 1 1 1 1 1 1 1 1 1 1 1 1 1 1 1 1 0 0 0 0 0 0 0 0 0 0 0 0 0 0 0 0 0 0 0 0 0 0 0 0 0 1 1 1 1 1 1 1 1 1 1 1 1 1 1 1 1 1 1 0 0 0 0 0 0 0 0 0 0 0 0 0 0 0 0 0 1 1 1 1 1 1 1 1 1 1 1 1 1 1 1 1 1 1 1 1 1 1 1 1 1 1 1 1 1 1 1 1 1 1 1 1 1 1 1 1 1 1 1 1 1 1 1 1 1 1 1 1 1 1 1 1 1 1 1 1 1 1 1 1 1 1 1 1 1 1 1 1 1 1 1 1 1 1 1 1 1 1 1 1 1 1 1 1 1 1 1 1 1 1 1 1 1 1 1 1 1 1 1 1 1 1 1 1 1 1 1 1 1 1 1 1 1 1 1 1 1 1 1 1 1 1 1 1 1 1 1 1 1 1 1 1 1 1 1 1 1 1 1 1 1 1 1 1 1 1 1 1 1 1 1 1 1 1 1 1 1 1 1 1 1 1 1 1 1 1 1 1 1 1 1 1 1 1 1 1 1 1 1 1 1 1 1 1 1 1 1 1 1 1 1 1 1 1 1 1 1 1 1 1 1 1 1 1 1 1 1 1 1 1 1 1 1 1 1 1 1 1 1 1 1 1 1 1 1 1 1 1 1 1 1 1 1 1 1 1 1 1 1 1 1 1 1 1 1 1 1 1 1 1 1 1 1 1 1 1 1 1 1 1 1 
