# This file contains a 2D laser scan observation. 
# Its format is: 
# [aperture] [max_range] [number_of_scans] 
# [vector_of_scans] 
# [vector_of_valid_scans] 
# The aperture of the sensor is in radians, the maximum range 
# and measurements are in meters. '1' means a valid scan, '0' otherwise.
4.1847
5.6
682
0.586 0.585 0.584 0.582 0.582 0.577 0.573 0.573 0.576 0.573 0.572 0.571 0.564 0.563 0.561 0.559 0.558 0.558 0.557 0.555 0.555 0.554 0.554 0.552 0.547 0.545 0.545 0.544 0.544 0.542 0.542 0.542 0.541 0.541 0.534 0.534 0.534 0.534 0.531 0.531 0.529 0.529 0.529 0.529 0.529 0.528 0.527 0.527 0.527 0.526 0.526 0.524 0.524 0.524 0.524 0.524 0.52 0.52 0.52 0.52 0.521 0.521 0.518 0.518 0.518 0.517 0.515 0.514 0.514 0.514 0.517 0.517 0.517 0.517 0.517 0.518 0.518 0.517 0.518 0.518 0.517 0.514 0.514 0.514 0.514 0.517 0.518 0.517 0.517 0.52 0.515 0.513 0.515 0.513 0.513 0.518 0.522 0.519 0.522 0.522 0.519 0.519 0.518 0.518 0.52 0.52 0.52 0.526 0.526 0.526 0.528 0.528 0.528 0.526 0.528 0.526 0.526 0.528 0.529 0.529 0.53 0.531 0.53 0.53 0.532 0.537 0.534 0.537 0.537 0.534 0.534 0.536 0.536 0.54 0.541 0.542 0.542 0.545 0.548 0.549 0.552 0.552 0.553 0.555 0.555 0.556 0.559 0.56 0.561 0.565 0.565 0.565 0.569 0.571 0.571 0.572 0.572 0.572 0.575 0.575 0.577 0.578 0.578 0.586 0.586 0.588 0.593 0.593 0.597 0.597 0.597 0.597 0.603 0.604 0.605 0.607 0.611 0.612 0.615 0.618 0.617 0.618 0.618 0.623 0.63 0.631 0.632 0.637 0.641 0.642 0.643 0.645 0.651 0.655 0.662 0.664 0.669 0.67 0.674 0.676 0.676 0.678 0.68 0.687 0.688 0.692 0.696 0.698 0.704 0.715 0.717 0.72 0.723 0.731 0.734 0.742 0.743 0.75 0.752 0.756 0.768 0.771 0.773 0.776 0.778 0.782 0.782 0.789 0.795 0.799 0.811 0.813 0.823 0.829 1.974 1.974 1.974 1.963 1.962 1.946 1.946 1.946 1.942 1.918 1.915 1.913 1.908 1.906 1.898 1.898 1.902 1.898 1.902 1.902 1.897 1.896 1.77 1.758 1.758 1.752 1.74 1.734 1.732 1.729 1.729 1.719 1.716 1.448 1.445 1.433 1.428 1.428 1.427 1.416 1.416 1.409 1.409 1.416 1.427 1.436 1.456 1.494 1.543 1.574 1.604 1.628 1.664 1.702 1.726 1.768 1.799 1.85 1.883 1.929 1.971 2.018 3.968 3.968 3.974 3.974 3.974 0 0.006 0.006 0.006 0.006 0.006 0.006 0.006 0.006 0.006 0.006 0.006 0.006 0.006 0.006 0.006 0.006 0.006 0 0 0 0 0 0 3.954 3.856 3.851 3.851 3.853 3.851 3.853 3.854 3.858 3.854 3.854 3.854 3.853 3.853 3.853 3.857 3.86 3.861 3.861 3.859 3.859 3.859 3.859 3.868 3.872 3.873 3.875 3.88 3.88 3.88 3.737 3.708 3.708 3.708 3.708 2.867 2.867 2.747 2.646 2.439 2.347 2.269 2.2 2.137 2.07 2.013 1.953 1.904 1.847 1.79 1.739 1.685 1.685 1.645 1.609 1.488 1.468 1.465 1.452 1.452 1.452 1.452 1.449 1.428 1.384 1.355 1.328 1.303 1.28 1.261 1.238 1.208 1.205 1.176 1.162 1.142 1.128 1.097 1.097 1.071 1.054 1.036 1.019 1.009 0.997 0.981 0.973 0.957 0.951 0.935 0.926 0.916 0.9 0.893 0.878 0.878 0.874 0.854 0.85 0.782 0.743 0.741 0.73 0.72 0.705 0.704 0.702 0.696 0.695 0.694 0.689 0.687 0.677 0.671 0.669 0.666 0.649 0.645 0.645 0.633 0.633 0.632 0.631 0.622 0.618 0.611 0.61 0.598 0.595 0.592 0.59 0.585 0.574 0.571 0.571 0.567 0.563 0.562 0.556 0.555 0.555 0.553 0.548 0.541 0.541 0.539 0.533 0.531 0.53 0.526 0.524 0.523 0.519 0.507 0.507 0.503 0.502 0.502 0.499 0.496 0.495 0.494 0.493 0.492 0.492 0.489 0.486 0.48 0.48 0.478 0.478 0.478 0.471 0.469 0.467 0.468 0.468 0.465 0.462 0.462 0.459 0.458 0.458 0.458 0.456 0.456 0.453 0.451 0.453 0.453 0.449 0.442 0.441 0.441 0.439 0.437 0.437 0.436 0.435 0.434 0.432 0.431 0.43 0.429 0.428 0.426 0.428 0.426 0.42 0.42 0.42 0.42 0.42 0.419 0.419 0.416 0.414 0.413 0.413 0.412 0.412 0.409 0.409 0.409 0.409 0.408 0.408 0.407 0.407 0.407 0.408 0.407 0.407 0.407 0.404 0.403 0.403 0.403 0.402 0.402 0.401 0.399 0.397 0.397 0.397 0.398 0.398 0.401 0.401 0.401 0.402 0.403 0.403 0.403 0.402 0.397 0.395 0.395 0.395 0.396 0.396 0.396 0.396 0.393 0.393 0.394 0.396 0.396 0.396 0.397 0.399 0.399 0.394 0.394 0.394 0.393 0.393 0.395 0.395 0.395 0.396 0.396 0.404 0.404 0.404 0.403 0.401 0.401 0.401 0.404 0.404 0.404 0.403 0.403 0.403 0.404 0.404 0.407 0.405 0.406 0.406 0.407 0.406 0.407 0.407 0.407 0.405 0.408 0.407 0.408 0.408 0.41 0.412 0.415 0.416 0.414 0.414 0.414 0.414 0.414 0.416 0.417 0.42 0.421 0.421 0.421 0.421 0.421 0.424 0.424 0.424 0.426 0.427 0.427 0.436 0.436 0.436 0.437 0.444 0.439 0.439 0.444 0.439 0.439 0.445 0.448 0.448 0.449 0.451 0.452 0.453 0.453 0.456 0.456 0.459 0.46 0.46 
1 1 1 1 1 1 1 1 1 1 1 1 1 1 1 1 1 1 1 1 1 1 1 1 1 1 1 1 1 1 1 1 1 1 1 1 1 1 1 1 1 1 1 1 1 1 1 1 1 1 1 1 1 1 1 1 1 1 1 1 1 1 1 1 1 1 1 1 1 1 1 1 1 1 1 1 1 1 1 1 1 1 1 1 1 1 1 1 1 1 1 1 1 1 1 1 1 1 1 1 1 1 1 1 1 1 1 1 1 1 1 1 1 1 1 1 1 1 1 1 1 1 1 1 1 1 1 1 1 1 1 1 1 1 1 1 1 1 1 1 1 1 1 1 1 1 1 1 1 1 1 1 1 1 1 1 1 1 1 1 1 1 1 1 1 1 1 1 1 1 1 1 1 1 1 1 1 1 1 1 1 1 1 1 1 1 1 1 1 1 1 1 1 1 1 1 1 1 1 1 1 1 1 1 1 1 1 1 1 1 1 1 1 1 1 1 1 1 1 1 1 1 1 1 1 1 1 1 1 1 1 1 1 1 1 1 1 1 1 1 1 1 1 1 1 1 1 1 1 1 1 1 1 1 1 1 1 1 1 1 1 1 1 1 1 1 1 1 1 1 1 1 1 1 1 1 1 1 1 1 1 1 1 1 1 1 1 1 1 1 1 1 1 1 1 1 1 1 1 1 1 0 0 0 0 0 0 0 0 0 0 0 0 0 0 0 0 0 0 0 0 0 0 0 0 1 1 1 1 1 1 1 1 1 1 1 1 1 1 1 1 1 1 1 1 1 1 1 1 1 1 1 1 1 1 1 1 1 1 1 1 1 1 1 1 1 1 1 1 1 1 1 1 1 1 1 1 1 1 1 1 1 1 1 1 1 1 1 1 1 1 1 1 1 1 1 1 1 1 1 1 1 1 1 1 1 1 1 1 1 1 1 1 1 1 1 1 1 1 1 1 1 1 1 1 1 1 1 1 1 1 1 1 1 1 1 1 1 1 1 1 1 1 1 1 1 1 1 1 1 1 1 1 1 1 1 1 1 1 1 1 1 1 1 1 1 1 1 1 1 1 1 1 1 1 1 1 1 1 1 1 1 1 1 1 1 1 1 1 1 1 1 1 1 1 1 1 1 1 1 1 1 1 1 1 1 1 1 1 1 1 1 1 1 1 1 1 1 1 1 1 1 1 1 1 1 1 1 1 1 1 1 1 1 1 1 1 1 1 1 1 1 1 1 1 1 1 1 1 1 1 1 1 1 1 1 1 1 1 1 1 1 1 1 1 1 1 1 1 1 1 1 1 1 1 1 1 1 1 1 1 1 1 1 1 1 1 1 1 1 1 1 1 1 1 1 1 1 1 1 1 1 1 1 1 1 1 1 1 1 1 1 1 1 1 1 1 1 1 1 1 1 1 1 1 1 1 1 1 1 1 1 1 1 1 1 1 1 1 1 1 1 1 1 1 1 1 1 1 1 1 1 1 1 1 1 1 1 1 1 1 1 1 1 1 1 1 1 1 1 1 1 1 1 1 1 1 1 1 1 1 1 
