# This file contains a 2D laser scan observation. 
# Its format is: 
# [aperture] [max_range] [number_of_scans] 
# [vector_of_scans] 
# [vector_of_valid_scans] 
# The aperture of the sensor is in radians, the maximum range 
# and measurements are in meters. '1' means a valid scan, '0' otherwise.
4.1847
5.6
682
0.634 0.634 0.632 0.625 0.625 0.625 0.622 0.622 0.62 0.618 0.615 0.612 0.607 0.607 0.607 0.607 0.607 0.607 0.607 0.606 0.607 0.606 0.605 0.604 0.603 0.602 0.602 0.601 0.601 0.597 0.597 0.597 0.597 0.597 0.597 0.595 0.595 0.595 0.594 0.594 0.592 0.592 0.592 0.59 0.59 0.59 0.59 0.59 0.59 0.59 0.59 0.587 0.587 0.587 0.588 0.588 0.588 0.59 0.583 0.583 0.583 0.586 0.586 0.589 0.59 0.593 0.593 0.59 0.586 0.584 0.584 0.584 0.587 0.587 0.587 0.59 0.588 0.585 0.588 0.59 0.588 0.586 0.592 0.59 0.586 0.59 0.592 0.592 0.594 0.594 0.594 0.596 0.596 0.598 0.598 0.598 0.598 0.598 0.597 0.6 0.601 0.6 0.601 0.601 0.601 0.597 0.601 0.604 0.604 0.605 0.608 0.608 0.608 0.608 0.608 0.609 0.61 0.61 0.615 0.616 0.616 0.616 0.618 0.618 0.619 0.621 0.624 0.628 0.628 0.628 0.632 0.627 0.627 0.635 0.642 0.645 0.645 0.645 0.645 0.645 0.645 0.647 0.649 0.652 0.652 0.656 0.657 0.662 0.662 0.666 0.666 0.666 0.666 0.671 0.677 0.679 0.679 0.679 0.679 0.679 0.679 0.679 0.683 0.685 0.692 0.695 0.696 0.696 0.706 0.707 0.71 0.714 0.716 2.582 2.582 2.582 2.562 2.546 2.531 2.508 2.498 2.488 2.462 2.068 2.043 2.03 2.012 2.004 1.998 1.998 1.998 1.998 1.998 1.995 1.966 1.966 1.935 1.925 1.925 1.868 1.853 1.833 1.825 1.803 1.796 1.791 1.784 1.779 1.776 1.766 1.759 1.755 1.753 1.75 1.746 1.746 1.741 1.738 1.738 1.733 1.666 1.597 1.593 1.587 1.584 1.577 1.564 1.549 1.277 1.273 1.265 1.253 1.253 1.237 1.232 1.229 1.228 1.225 1.225 1.225 1.229 1.23 1.249 1.255 1.273 1.291 1.331 1.351 1.367 1.386 1.41 1.423 1.446 1.475 1.48 1.513 1.528 1.557 1.588 1.609 1.636 1.669 1.691 1.727 1.752 1.788 1.791 1.817 3.794 3.794 3.794 3.785 3.78 3.779 3.769 3.754 3.754 3.754 0.006 0.006 0.006 0.006 0.006 0.006 0.006 0.006 0.006 0.006 0.006 0.006 0.006 0.006 0.006 0.006 0.006 0.006 0.006 0.006 0 0 0 0 0 0 3.72 3.635 3.633 3.633 3.633 3.633 3.633 3.633 3.631 3.631 3.631 3.633 3.633 3.633 3.633 3.634 3.634 3.634 3.634 3.636 3.635 3.636 3.636 3.639 3.64 3.64 3.646 3.646 3.649 3.649 3.649 3.649 3.492 3.492 3.481 3.466 2.663 2.579 2.462 2.361 2.165 2.154 2.089 2.026 1.963 1.903 1.844 1.773 1.724 1.664 1.62 1.56 1.515 1.472 1.428 1.387 1.348 1.289 1.255 1.227 1.205 1.204 1.204 1.204 1.202 1.202 1.202 1.186 1.164 1.138 1.117 1.094 1.074 1.058 1.036 1.018 0.999 0.982 0.969 0.952 0.941 0.929 0.909 0.894 0.877 0.866 0.862 0.835 0.83 0.824 0.822 0.809 0.788 0.787 0.783 0.768 0.757 0.751 0.738 0.731 0.726 0.722 0.706 0.699 0.698 0.684 0.673 0.672 0.66 0.658 0.651 0.645 0.635 0.629 0.628 0.626 0.615 0.615 0.608 0.603 0.588 0.53 0.51 0.508 0.502 0.5 0.496 0.494 0.486 0.478 0.47 0.469 0.469 0.468 0.468 0.468 0.473 0.467 0.471 0.471 0.467 0.459 0.458 0.456 0.452 0.449 0.448 0.446 0.446 0.444 0.438 0.435 0.433 0.433 0.433 0.426 0.424 0.419 0.419 0.419 0.417 0.416 0.415 0.411 0.408 0.406 0.404 0.403 0.402 0.397 0.397 0.397 0.394 0.392 0.39 0.387 0.384 0.383 0.383 0.38 0.379 0.379 0.379 0.377 0.373 0.373 0.371 0.373 0.371 0.371 0.367 0.363 0.363 0.363 0.363 0.363 0.361 0.359 0.357 0.357 0.357 0.357 0.357 0.35 0.35 0.35 0.35 0.35 0.35 0.349 0.349 0.349 0.349 0.349 0.344 0.342 0.341 0.341 0.339 0.338 0.336 0.338 0.336 0.336 0.336 0.334 0.333 0.333 0.331 0.331 0.331 0.329 0.329 0.329 0.325 0.324 0.324 0.324 0.324 0.325 0.325 0.325 0.325 0.325 0.323 0.323 0.325 0.325 0.326 0.326 0.326 0.326 0.325 0.325 0.324 0.322 0.322 0.321 0.321 0.319 0.319 0.319 0.319 0.319 0.319 0.319 0.32 0.32 0.32 0.32 0.323 0.324 0.327 0.327 0.327 0.323 0.323 0.322 0.323 0.324 0.324 0.324 0.324 0.324 0.323 0.324 0.324 0.325 0.326 0.328 0.329 0.329 0.329 0.329 0.329 0.328 0.328 0.326 0.325 0.325 0.325 0.327 0.331 0.332 0.332 0.331 0.329 0.329 0.329 0.332 0.336 0.337 0.337 0.337 0.338 0.341 0.34 0.34 0.34 0.341 0.342 0.342 0.342 0.346 0.346 0.342 0.342 0.342 0.342 0.342 0.345 0.348 0.35 0.35 0.351 0.353 0.353 0.354 0.352 0.354 0.354 0.354 0.354 0.36 0.36 0.36 0.36 0.363 0.363 0.366 0.366 0.366 0.367 0.371 0.371 0.375 0.375 0.382 0.383 0.383 0.385 0.385 0.385 0.385 0.385 0.385 0.386 0.39 0.391 0.391 0.391 0.393 0.399 0.399 0.401 0.405 0.406 0.406 
1 1 1 1 1 1 1 1 1 1 1 1 1 1 1 1 1 1 1 1 1 1 1 1 1 1 1 1 1 1 1 1 1 1 1 1 1 1 1 1 1 1 1 1 1 1 1 1 1 1 1 1 1 1 1 1 1 1 1 1 1 1 1 1 1 1 1 1 1 1 1 1 1 1 1 1 1 1 1 1 1 1 1 1 1 1 1 1 1 1 1 1 1 1 1 1 1 1 1 1 1 1 1 1 1 1 1 1 1 1 1 1 1 1 1 1 1 1 1 1 1 1 1 1 1 1 1 1 1 1 1 1 1 1 1 1 1 1 1 1 1 1 1 1 1 1 1 1 1 1 1 1 1 1 1 1 1 1 1 1 1 1 1 1 1 1 1 1 1 1 1 1 1 1 1 1 1 1 1 1 1 1 1 1 1 1 1 1 1 1 1 1 1 1 1 1 1 1 1 1 1 1 1 1 1 1 1 1 1 1 1 1 1 1 1 1 1 1 1 1 1 1 1 1 1 1 1 1 1 1 1 1 1 1 1 1 1 1 1 1 1 1 1 1 1 1 1 1 1 1 1 1 1 1 1 1 1 1 1 1 1 1 1 1 1 1 1 1 1 1 1 1 1 1 1 1 1 1 0 0 0 0 0 0 0 0 0 0 0 0 0 0 0 0 0 0 0 0 0 0 0 0 0 0 1 1 1 1 1 1 1 1 1 1 1 1 1 1 1 1 1 1 1 1 1 1 1 1 1 1 1 1 1 1 1 1 1 1 1 1 1 1 1 1 1 1 1 1 1 1 1 1 1 1 1 1 1 1 1 1 1 1 1 1 1 1 1 1 1 1 1 1 1 1 1 1 1 1 1 1 1 1 1 1 1 1 1 1 1 1 1 1 1 1 1 1 1 1 1 1 1 1 1 1 1 1 1 1 1 1 1 1 1 1 1 1 1 1 1 1 1 1 1 1 1 1 1 1 1 1 1 1 1 1 1 1 1 1 1 1 1 1 1 1 1 1 1 1 1 1 1 1 1 1 1 1 1 1 1 1 1 1 1 1 1 1 1 1 1 1 1 1 1 1 1 1 1 1 1 1 1 1 1 1 1 1 1 1 1 1 1 1 1 1 1 1 1 1 1 1 1 1 1 1 1 1 1 1 1 1 1 1 1 1 1 1 1 1 1 1 1 1 1 1 1 1 1 1 1 1 1 1 1 1 1 1 1 1 1 1 1 1 1 1 1 1 1 1 1 1 1 1 1 1 1 1 1 1 1 1 1 1 1 1 1 1 1 1 1 1 1 1 1 1 1 1 1 1 1 1 1 1 1 1 1 1 1 1 1 1 1 1 1 1 1 1 1 1 1 1 1 1 1 1 1 1 1 1 1 1 1 1 1 1 1 1 1 1 1 1 1 1 1 1 1 1 1 1 1 1 1 1 1 1 1 1 1 1 1 1 1 1 1 1 1 1 1 1 1 1 1 1 1 1 1 1 1 1 1 1 1 1 1 1 1 1 1 1 1 1 1 1 1 1 1 1 1 1 1 1 1 1 
