# This file contains a 2D laser scan observation. 
# Its format is: 
# [aperture] [max_range] [number_of_scans] 
# [vector_of_scans] 
# [vector_of_valid_scans] 
# The aperture of the sensor is in radians, the maximum range 
# and measurements are in meters. '1' means a valid scan, '0' otherwise.
4.1847
5.6
682
0.769 0.763 0.759 0.757 0.753 0.746 0.746 0.746 0.745 0.737 0.725 0.723 0.721 0.72 0.719 0.713 0.712 0.708 0.708 0.705 0.7 0.694 0.694 0.685 0.684 0.682 0.68 0.673 0.672 0.672 0.67 0.67 0.67 0.67 0.67 0.66 0.658 0.655 0.654 0.652 0.652 0.648 0.648 0.647 0.645 0.644 0.641 0.635 0.628 0.628 0.627 0.628 0.628 0.627 0.626 0.621 0.621 0.621 0.621 0.618 0.617 0.613 0.613 0.613 0.615 0.613 0.608 0.607 0.607 0.602 0.602 0.602 0.598 0.6 0.6 0.599 0.597 0.597 0.595 0.595 0.594 0.595 0.595 0.595 0.589 0.589 0.589 0.588 0.586 0.588 0.588 0.585 0.582 0.58 0.57 0.565 0.565 0.565 0.565 0.574 0.574 0.574 0.573 0.574 0.574 0.585 0.594 0.596 0.596 0.589 0.589 0.589 0.589 0.599 0.599 0.599 0.596 0.596 0.596 0.684 0.687 0.687 0.687 0.687 0.687 0.689 2.477 2.482 2.482 2.481 2.481 2.481 2.479 2.481 2.481 2.481 2.483 2.484 2.492 2.496 2.496 2.5 2.501 2.501 2.501 2.772 2.802 2.803 2.805 2.812 2.816 2.816 2.82 2.822 2.823 2.826 2.828 2.84 2.847 2.849 2.862 2.862 2.864 2.862 2.861 2.464 2.405 2.379 2.358 2.352 2.35 2.35 2.352 2.354 2.36 2.37 2.952 2.955 2.97 2.97 2.97 2.976 2.976 2.976 2.975 2.932 2.874 2.846 2.823 2.772 2.737 2.698 2.667 2.641 2.577 2.555 2.526 2.485 2.463 2.45 2.418 2.381 2.381 2.354 2.328 1.772 1.756 1.745 1.723 1.716 1.716 1.71 1.709 1.689 1.663 1.643 1.628 1.583 1.583 1.566 1.542 1.509 1.502 1.495 1.473 1.467 1.45 1.449 1.447 1.441 1.431 1.422 1.416 1.414 1.402 1.398 1.348 0.916 0.906 0.897 0.894 0.883 0.871 0.864 0.863 0.858 0.847 0.846 0.843 0.843 0.846 0.846 0.848 0.85 0.854 0.861 0.866 0.868 0.877 0.882 0.883 0.886 0.908 0.915 0.921 0.939 0.94 0.946 0.955 0.971 0.978 0.985 0.997 1.011 1.013 1.013 1.04 1.054 1.054 1.065 1.083 1.088 1.091 1.109 1.122 1.122 1.15 1.157 1.177 1.185 1.197 1.203 1.215 1.245 1.247 1.264 1.287 1.303 1.322 1.34 1.353 1.375 1.397 1.407 3.449 3.449 3.449 3.443 3.437 3.431 3.422 3.411 3.407 3.404 3.388 3.386 3.371 3.368 3.363 3.347 3.346 3.323 3.312 3.312 3.312 3.315 5.343 5.343 5.346 5.343 5.338 5.319 5.309 5.308 5.285 5.277 5.259 5.253 5.235 5.231 5.231 5.228 5.225 5.224 5.214 5.199 5.196 5.196 5.195 5.195 0.007 0 0 0 0 3.287 3.176 3.16 3.16 3.16 3.164 3.168 3.17 3.173 3.173 3.173 3.17 3.17 3.169 3.167 3.169 3.169 3.167 3.167 3.166 3.166 3.168 3.169 3.169 3.173 3.174 3.176 3.177 3.181 3.182 3.187 3.187 3.189 3.192 3.189 3.189 3.071 3.013 3.009 3.009 3.013 3.013 3.007 2.208 2.137 2.061 1.992 1.924 1.859 1.734 1.673 1.656 1.628 1.579 1.535 1.5 1.453 1.422 1.374 1.359 1.317 1.288 1.256 1.227 1.199 1.18 1.147 1.121 1.103 1.075 1.054 1.03 1.016 0.987 0.977 0.956 0.937 0.929 0.918 0.884 0.873 0.868 0.831 0.819 0.813 0.798 0.794 0.779 0.778 0.772 0.768 0.759 0.759 0.758 0.758 0.765 0.767 0.767 0.767 0.763 0.757 0.746 0.739 0.717 0.708 0.707 0.702 0.687 0.674 0.668 0.666 0.663 0.651 0.651 0.647 0.642 0.628 0.628 0.627 0.609 0.608 0.605 0.604 0.589 0.589 0.579 0.575 0.571 0.562 0.557 0.555 0.553 0.549 0.543 0.537 0.532 0.532 0.532 0.528 0.523 0.519 0.512 0.511 0.507 0.5 0.499 0.497 0.497 0.493 0.481 0.482 0.482 0.481 0.481 0.478 0.478 0.476 0.469 0.468 0.457 0.456 0.455 0.449 0.449 0.444 0.444 0.444 0.437 0.437 0.44 0.437 0.437 0.43 0.428 0.428 0.426 0.425 0.42 0.419 0.418 0.417 0.412 0.41 0.41 0.41 0.41 0.405 0.405 0.405 0.404 0.404 0.396 0.393 0.393 0.395 0.393 0.393 0.391 0.387 0.387 0.387 0.385 0.382 0.382 0.38 0.379 0.379 0.377 0.377 0.377 0.377 0.372 0.369 0.368 0.368 0.369 0.369 0.372 0.372 0.369 0.369 0.369 0.365 0.364 0.364 0.363 0.363 0.363 0.363 0.362 0.362 0.363 0.363 0.362 0.362 0.36 0.36 0.356 0.356 0.356 0.356 0.356 0.356 0.356 0.356 0.356 0.356 0.356 0.356 0.356 0.357 0.359 0.359 0.356 0.359 0.356 0.356 0.357 0.357 0.357 0.357 0.36 0.361 0.362 0.363 0.365 0.365 0.365 0.366 0.366 0.366 0.366 0.366 0.366 0.366 0.366 0.366 0.364 0.364 0.364 0.367 0.367 0.367 0.362 0.338 0.323 0.317 0.317 0.318 0.323 0.333 0.333 0.333 0.331 0.302 0.302 0.302 0.312 0.312 0.312 0.31 0.308 0.306 0.306 0.306 0.308 0.31 0.31 0.31 0.31 0.31 0.308 0.31 0.308 0.308 0.308 0.31 0.309 0.31 0.31 0.314 0.314 0.314 0.311 0.311 0.306 0.306 
1 1 1 1 1 1 1 1 1 1 1 1 1 1 1 1 1 1 1 1 1 1 1 1 1 1 1 1 1 1 1 1 1 1 1 1 1 1 1 1 1 1 1 1 1 1 1 1 1 1 1 1 1 1 1 1 1 1 1 1 1 1 1 1 1 1 1 1 1 1 1 1 1 1 1 1 1 1 1 1 1 1 1 1 1 1 1 1 1 1 1 1 1 1 1 1 1 1 1 1 1 1 1 1 1 1 1 1 1 1 1 1 1 1 1 1 1 1 1 1 1 1 1 1 1 1 1 1 1 1 1 1 1 1 1 1 1 1 1 1 1 1 1 1 1 1 1 1 1 1 1 1 1 1 1 1 1 1 1 1 1 1 1 1 1 1 1 1 1 1 1 1 1 1 1 1 1 1 1 1 1 1 1 1 1 1 1 1 1 1 1 1 1 1 1 1 1 1 1 1 1 1 1 1 1 1 1 1 1 1 1 1 1 1 1 1 1 1 1 1 1 1 1 1 1 1 1 1 1 1 1 1 1 1 1 1 1 1 1 1 1 1 1 1 1 1 1 1 1 1 1 1 1 1 1 1 1 1 1 1 1 1 1 1 1 1 1 1 1 1 1 1 1 1 1 1 1 1 1 1 1 1 1 1 1 1 1 1 1 1 1 1 1 1 1 1 1 1 1 1 1 1 1 1 1 1 1 1 1 1 1 1 1 1 1 1 1 1 1 1 1 1 1 1 1 1 1 1 1 1 1 1 1 1 1 1 1 1 1 1 1 1 1 1 1 1 1 1 1 1 0 0 0 0 0 1 1 1 1 1 1 1 1 1 1 1 1 1 1 1 1 1 1 1 1 1 1 1 1 1 1 1 1 1 1 1 1 1 1 1 1 1 1 1 1 1 1 1 1 1 1 1 1 1 1 1 1 1 1 1 1 1 1 1 1 1 1 1 1 1 1 1 1 1 1 1 1 1 1 1 1 1 1 1 1 1 1 1 1 1 1 1 1 1 1 1 1 1 1 1 1 1 1 1 1 1 1 1 1 1 1 1 1 1 1 1 1 1 1 1 1 1 1 1 1 1 1 1 1 1 1 1 1 1 1 1 1 1 1 1 1 1 1 1 1 1 1 1 1 1 1 1 1 1 1 1 1 1 1 1 1 1 1 1 1 1 1 1 1 1 1 1 1 1 1 1 1 1 1 1 1 1 1 1 1 1 1 1 1 1 1 1 1 1 1 1 1 1 1 1 1 1 1 1 1 1 1 1 1 1 1 1 1 1 1 1 1 1 1 1 1 1 1 1 1 1 1 1 1 1 1 1 1 1 1 1 1 1 1 1 1 1 1 1 1 1 1 1 1 1 1 1 1 1 1 1 1 1 1 1 1 1 1 1 1 1 1 1 1 1 1 1 1 1 1 1 1 1 1 1 1 1 1 1 1 1 1 1 1 1 1 1 1 1 1 1 1 1 1 1 1 1 1 1 1 1 1 1 1 1 1 1 1 1 1 1 1 1 1 1 1 1 1 1 1 1 1 1 1 1 1 1 
