# This file contains a 2D laser scan observation. 
# Its format is: 
# [aperture] [max_range] [number_of_scans] 
# [vector_of_scans] 
# [vector_of_valid_scans] 
# The aperture of the sensor is in radians, the maximum range 
# and measurements are in meters. '1' means a valid scan, '0' otherwise.
4.1847
5.6
682
0.445 0.447 0.445 0.445 0.445 0.445 0.444 0.441 0.438 0.435 0.438 0.435 0.434 0.434 0.432 0.432 0.435 0.435 0.436 0.436 0.434 0.433 0.433 0.432 0.429 0.429 0.43 0.43 0.429 0.429 0.429 0.428 0.429 0.428 0.427 0.427 0.426 0.426 0.427 0.427 0.427 0.428 0.428 0.425 0.426 0.424 0.424 0.426 0.426 0.425 0.43 0.43 0.43 0.43 0.43 0.427 0.427 0.427 0.427 0.427 0.426 0.425 0.424 0.424 0.425 0.428 0.428 0.428 0.428 0.427 0.427 0.427 0.428 0.429 0.429 0.429 0.433 0.429 0.429 0.43 0.434 0.432 0.436 0.437 0.437 0.44 0.44 0.44 0.44 0.439 0.438 0.438 0.44 0.438 0.44 0.444 0.447 0.447 0.447 0.447 0.447 0.449 0.45 0.455 0.455 0.456 0.456 0.456 0.459 0.457 0.457 0.46 0.461 0.461 0.462 0.462 0.462 0.465 0.465 0.465 0.465 0.47 0.473 0.475 0.473 0.473 0.476 0.478 0.479 0.485 0.487 0.487 0.488 0.488 0.491 0.491 0.491 0.498 0.498 0.498 0.5 0.498 0.508 0.508 0.508 0.508 0.508 0.511 0.519 0.52 0.521 0.523 0.523 0.526 0.529 0.534 0.538 0.538 0.541 0.544 0.549 0.554 0.554 0.555 0.557 0.559 0.559 0.596 1.958 1.98 1.989 1.996 2 2.014 2.028 2.053 0 0 0 0 0 0 0 0 3.532 3.466 2.987 2.966 2.959 2.945 2.919 2.909 2.896 2.89 2.869 2.852 2.846 2.83 2.824 2.805 2.788 2.783 2.769 2.653 2.639 2.615 2.608 2.608 2.608 2.632 2.65 2.65 2.65 2.642 2.633 2.63 2.615 2.607 2.598 2.587 2.577 2.576 2.569 2.566 2.546 2.542 2.533 2.522 2.522 2.514 2.501 2.493 2.489 2.486 2.476 2.466 2.459 2.45 2.449 2.442 2.434 2.431 2.423 2.407 2.406 2.402 2.402 2.402 2.402 2.454 4.466 4.466 4.455 4.455 4.454 4.43 4.428 4.421 4.414 4.396 4.387 4.379 4.378 4.376 4.364 4.362 4.352 4.34 4.335 4.33 4.325 4.325 4.318 4.304 4.302 4.297 4.295 4.284 4.282 4.282 4.282 4.282 0.007 0 0 0 0 0 0 0 2.37 2.262 2.26 2.254 2.248 2.248 2.248 2.251 2.251 2.252 2.256 2.259 2.258 2.258 2.258 2.258 2.258 2.257 2.259 2.259 2.259 2.261 2.261 2.262 2.265 2.265 2.265 2.266 2.266 2.272 2.271 2.272 2.272 2.276 2.282 2.282 2.286 2.291 2.291 2.291 2.291 2.292 2.299 2.303 2.311 2.311 2.311 2.311 2.312 2.311 2.307 2.311 2.207 2.16 2.158 2.158 2.158 2.17 5.123 5.125 5.133 5.133 5.141 5.149 5.174 5.174 5.182 5.183 5.194 5.217 5.217 5.217 1.402 1.387 1.37 1.37 1.343 1.323 1.314 1.287 1.264 1.241 1.234 1.214 1.198 1.174 1.162 1.146 1.135 1.13 1.106 1.093 1.085 1.07 1.062 1.049 1.034 1.021 1.014 0.991 0.981 0.98 0.961 0.961 0.961 0.961 0.961 0.911 0.907 0.892 0.887 0.885 0.869 0.862 0.854 0.844 0.844 0.834 0.825 0.818 0.816 0.81 0.792 0.791 0.785 0.783 0.773 0.773 0.767 0.759 0.749 0.748 0.742 0.741 0.74 0.73 0.723 0.717 0.715 0.71 0.708 0.705 0.699 0.696 0.691 0.69 0.687 0.685 0.673 0.672 0.669 0.66 0.659 0.657 0.657 0.652 0.648 0.648 0.632 0.632 0.632 0.629 0.628 0.624 0.621 0.619 0.617 0.617 0.61 0.607 0.602 0.602 0.601 0.601 0.596 0.59 0.59 0.586 0.583 0.583 0.581 0.576 0.574 0.569 0.567 0.567 0.567 0.565 0.565 0.561 0.559 0.559 0.558 0.557 0.553 0.552 0.549 0.545 0.542 0.542 0.542 0.542 0.542 0.538 0.536 0.536 0.535 0.535 0.535 0.535 0.532 0.531 0.531 0.529 0.528 0.528 0.528 0.528 0.523 0.52 0.518 0.517 0.515 0.517 0.517 0.517 0.513 0.511 0.509 0.508 0.508 0.508 0.503 0.508 0.503 0.503 0.503 0.503 0.501 0.501 0.501 0.501 0.501 0.501 0.499 0.498 0.497 0.497 0.497 0.498 0.499 0.499 0.499 0.498 0.497 0.497 0.497 0.497 0.496 0.497 0.496 0.496 0.496 0.496 0.496 0.496 0.495 0.494 0.494 0.494 0.494 0.492 0.493 0.492 0.491 0.491 0.491 0.491 0.491 0.494 0.494 0.491 0.488 0.491 0.491 0.492 0.492 0.495 0.495 0.495 0.497 0.498 0.498 0.498 0.499 0.5 0.502 0.502 0.502 0.502 0.501 0.498 0.498 0.498 0.498 0.498 0.5 0.502 0.505 0.506 0.506 0.506 0.505 0.503 0.503 0.5 0.5 0.497 0.496 0.496 0.493 0.493 0.493 0.493 0.502 0.508 0.506 0.508 0.51 0.511 0.512 0.514 0.514 0.515 0.517 0.523 0.528 0.532 0.533 0.545 0.564 0.572 0.577 0.577 0.577 0.577 0.577 0.584 0.586 0.589 0.592 0.595 0.597 0.598 0.599 0.6 0.601 0.603 0.604 0.607 0.608 0.61 0.616 0.616 0.619 0.623 0.624 0.628 0.629 0.631 0.641 0.642 0.645 0.65 0.65 0.651 0.653 0.656 0.653 0.659 0.666 0.666 0.668 0.674 0.677 0.684 0.686 0.688 0.691 0.697 0.703 0.707 
1 1 1 1 1 1 1 1 1 1 1 1 1 1 1 1 1 1 1 1 1 1 1 1 1 1 1 1 1 1 1 1 1 1 1 1 1 1 1 1 1 1 1 1 1 1 1 1 1 1 1 1 1 1 1 1 1 1 1 1 1 1 1 1 1 1 1 1 1 1 1 1 1 1 1 1 1 1 1 1 1 1 1 1 1 1 1 1 1 1 1 1 1 1 1 1 1 1 1 1 1 1 1 1 1 1 1 1 1 1 1 1 1 1 1 1 1 1 1 1 1 1 1 1 1 1 1 1 1 1 1 1 1 1 1 1 1 1 1 1 1 1 1 1 1 1 1 1 1 1 1 1 1 1 1 1 1 1 1 1 1 1 1 1 1 1 1 1 1 1 1 1 1 1 1 1 0 0 0 0 0 0 0 0 1 1 1 1 1 1 1 1 1 1 1 1 1 1 1 1 1 1 1 1 1 1 1 1 1 1 1 1 1 1 1 1 1 1 1 1 1 1 1 1 1 1 1 1 1 1 1 1 1 1 1 1 1 1 1 1 1 1 1 1 1 1 1 1 1 1 1 1 1 1 1 1 1 1 1 1 1 1 1 1 1 1 1 1 1 1 1 1 1 1 1 1 1 1 1 1 1 1 0 0 0 0 0 0 0 0 1 1 1 1 1 1 1 1 1 1 1 1 1 1 1 1 1 1 1 1 1 1 1 1 1 1 1 1 1 1 1 1 1 1 1 1 1 1 1 1 1 1 1 1 1 1 1 1 1 1 1 1 1 1 1 1 1 1 1 1 1 1 1 1 1 1 1 1 1 1 1 1 1 1 1 1 1 1 1 1 1 1 1 1 1 1 1 1 1 1 1 1 1 1 1 1 1 1 1 1 1 1 1 1 1 1 1 1 1 1 1 1 1 1 1 1 1 1 1 1 1 1 1 1 1 1 1 1 1 1 1 1 1 1 1 1 1 1 1 1 1 1 1 1 1 1 1 1 1 1 1 1 1 1 1 1 1 1 1 1 1 1 1 1 1 1 1 1 1 1 1 1 1 1 1 1 1 1 1 1 1 1 1 1 1 1 1 1 1 1 1 1 1 1 1 1 1 1 1 1 1 1 1 1 1 1 1 1 1 1 1 1 1 1 1 1 1 1 1 1 1 1 1 1 1 1 1 1 1 1 1 1 1 1 1 1 1 1 1 1 1 1 1 1 1 1 1 1 1 1 1 1 1 1 1 1 1 1 1 1 1 1 1 1 1 1 1 1 1 1 1 1 1 1 1 1 1 1 1 1 1 1 1 1 1 1 1 1 1 1 1 1 1 1 1 1 1 1 1 1 1 1 1 1 1 1 1 1 1 1 1 1 1 1 1 1 1 1 1 1 1 1 1 1 1 1 1 1 1 1 1 1 1 1 1 1 1 1 1 1 1 1 1 1 1 1 1 1 1 1 1 1 1 1 1 1 1 1 1 1 1 1 1 1 1 1 1 1 1 1 1 1 1 1 1 1 1 1 1 1 1 1 1 1 1 1 1 1 1 1 1 1 
