# This file contains a 2D laser scan observation. 
# Its format is: 
# [aperture] [max_range] [number_of_scans] 
# [vector_of_scans] 
# [vector_of_valid_scans] 
# The aperture of the sensor is in radians, the maximum range 
# and measurements are in meters. '1' means a valid scan, '0' otherwise.
4.1847
5.6
682
0.478 0.478 0.477 0.478 0.478 0.489 0.49 0.495 0.507 0.514 0.516 0.521 0.528 0.53 0.53 0.532 0.532 0.537 0.538 0.538 0.54 0.54 0.542 0.543 0.545 0.556 0.56 0.561 0.562 0.565 0.569 0.573 0.573 0.57 0.574 0.573 0.573 0.574 0.577 0.578 0.585 0.598 0.61 0.619 0.619 0.619 0.621 0.622 0.626 0.627 0.637 0.638 0.637 0.637 0.637 0.641 0.641 0.648 0.653 0.657 0.658 0.664 0.674 0.675 0.687 0.696 0.701 0.702 0.702 0.709 0.715 0.728 0.729 0.73 0.739 0.777 0.783 0.789 0.79 0.794 0.797 0.808 0.813 0.82 0.83 0.838 0.853 0.87 0.88 0.892 0.893 0.898 0.906 0.918 0.926 0.957 0.967 1.826 1.828 1.828 1.826 1.826 1.819 1.818 1.814 1.813 1.804 1.798 1.797 1.796 1.79 1.785 1.782 1.781 1.776 1.776 1.776 1.768 1.768 1.765 1.763 1.76 1.76 1.76 1.752 1.738 1.727 1.511 1.295 1.285 1.283 1.283 1.285 1.411 1.594 1.594 1.594 1.594 1.594 1.716 1.722 1.722 1.716 1.707 1.705 1.705 1.703 1.702 1.702 1.702 1.698 1.603 1.596 1.589 1.589 1.589 1.588 1.589 1.589 1.589 1.589 1.589 1.589 1.587 1.589 1.592 1.592 1.588 1.592 1.594 1.591 1.591 1.594 1.591 1.591 1.593 1.593 1.593 1.593 1.596 1.601 1.601 1.601 1.604 1.604 1.605 1.605 1.605 1.606 1.608 1.609 1.613 1.617 1.619 1.666 1.731 1.732 1.734 1.734 1.74 1.74 1.741 1.741 1.747 1.754 1.754 1.754 1.753 1.753 1.753 1.753 1.764 1.78 1.787 1.79 1.794 1.794 1.794 1.786 1.78 1.767 1.754 1.692 1.671 1.629 1.614 1.581 1.56 1.531 1.509 1.494 1.463 1.449 1.429 1.413 1.389 1.361 1.343 1.337 1.329 1.328 1.328 1.329 1.334 1.338 1.355 1.358 1.36 1.367 1.369 1.375 1.383 1.383 1.39 1.398 1.399 1.41 1.41 1.417 1.418 1.424 1.438 1.443 1.443 1.454 1.457 1.462 1.463 1.482 1.482 1.49 1.5 1.504 1.509 1.51 1.52 1.541 1.545 1.546 1.547 1.552 1.559 1.581 1.593 1.602 1.615 1.627 1.633 1.646 1.647 1.658 1.668 1.675 1.688 1.698 1.705 1.724 1.731 1.738 1.756 1.757 1.772 1.781 1.785 1.79 2.253 2.338 2.348 2.35 2.348 2.348 2.04 2.033 2.031 1.993 1.983 1.983 1.983 2.007 2.028 0 0 0 0 2.324 2.324 2.324 2.33 2.379 2.381 2.389 2.386 2.386 2.382 2.386 2.386 2.391 2.391 2.403 2.405 2.44 2.455 2.494 2.494 2.503 2.528 2.528 2.528 3.731 3.762 3.762 3.749 3.749 3.745 3.737 3.722 3.715 3.698 3.693 3.685 3.674 3.664 3.649 3.648 3.641 3.639 3.635 3.633 3.619 3.613 3.595 3.593 3.588 3.585 3.579 3.572 3.562 3.56 3.555 3.546 3.537 3.536 3.525 3.525 3.525 3.582 4.134 4.497 4.546 4.546 4.664 4.664 4.664 4.678 4.728 4.728 4.963 5.107 5.107 5.112 5.112 5.112 5.086 2.539 2.536 2.53 2.528 2.52 2.518 2.518 2.516 2.516 2.518 2.516 2.515 2.515 2.515 2.515 2.515 2.516 2.516 2.516 2.516 2.517 2.52 2.517 2.519 2.52 2.519 2.518 2.519 2.518 2.518 2.524 2.527 2.53 2.53 2.531 2.532 2.535 2.535 2.537 2.541 2.541 2.543 2.547 2.551 2.552 2.554 2.556 2.561 2.567 2.569 2.576 2.577 2.579 2.579 2.579 2.589 2.595 2.602 2.602 2.607 2.611 2.616 2.627 2.628 2.632 2.632 2.635 2.647 2.651 2.656 2.665 2.666 2.672 2.679 2.679 2.679 2.049 2.027 2.027 2.027 2.032 2.73 2.744 2.752 2.752 2.761 2.768 2.774 2.782 2.79 2.809 2.811 2.816 2.834 2.841 2.846 2.854 2.869 2.869 2.869 2.869 2.867 2.247 2.185 2.185 2.185 4.039 4.073 4.073 4.073 4.093 4.132 4.093 4.093 2.899 2.872 2.872 2.84 2.813 1.254 1.236 1.236 1.236 1.239 1.244 1.25 1.255 1.3 2.539 2.539 2.539 2.525 2.51 2.486 2.475 2.455 2.452 2.435 2.422 2.416 2.397 2.383 2.358 2.352 2.335 2.33 2.319 2.31 2.294 2.178 1.506 1.497 1.488 1.488 1.488 1.504 1.514 2.165 2.165 2.165 2.159 2.145 2.131 2.127 2.117 2.116 2.105 2.1 2.075 2.071 2.067 2.05 2.044 2.042 2.032 2.028 2.013 2.012 2.004 1.99 1.989 1.986 1.977 1.968 1.964 1.962 1.954 1.946 1.943 1.94 1.931 1.928 1.923 1.918 1.917 1.914 1.914 1.916 1.909 1.908 1.902 1.864 1.862 1.862 1.862 1.849 1.849 1.83 1.814 1.806 1.8 1.799 1.788 1.786 1.785 1.785 1.778 1.778 1.775 1.768 1.768 1.768 1.776 1.778 1.791 1.806 1.838 1.862 1.892 1.941 1.985 2.025 2.086 2.146 2.205 2.205 2.205 1.61 1.576 1.573 1.573 1.573 2.565 2.565 2.565 2.561 2.558 2.551 2.538 1.923 1.923 1.923 2.527 2.538 2.543 2.538 2.538 2.538 0 0 0 0 2.537 2.53 2.53 2.528 2.527 2.527 2.524 2.523 2.524 2.526 2.526 2.529 2.529 2.531 2.531 2.518 1.448 
1 1 1 1 1 1 1 1 1 1 1 1 1 1 1 1 1 1 1 1 1 1 1 1 1 1 1 1 1 1 1 1 1 1 1 1 1 1 1 1 1 1 1 1 1 1 1 1 1 1 1 1 1 1 1 1 1 1 1 1 1 1 1 1 1 1 1 1 1 1 1 1 1 1 1 1 1 1 1 1 1 1 1 1 1 1 1 1 1 1 1 1 1 1 1 1 1 1 1 1 1 1 1 1 1 1 1 1 1 1 1 1 1 1 1 1 1 1 1 1 1 1 1 1 1 1 1 1 1 1 1 1 1 1 1 1 1 1 1 1 1 1 1 1 1 1 1 1 1 1 1 1 1 1 1 1 1 1 1 1 1 1 1 1 1 1 1 1 1 1 1 1 1 1 1 1 1 1 1 1 1 1 1 1 1 1 1 1 1 1 1 1 1 1 1 1 1 1 1 1 1 1 1 1 1 1 1 1 1 1 1 1 1 1 1 1 1 1 1 1 1 1 1 1 1 1 1 1 1 1 1 1 1 1 1 1 1 1 1 1 1 1 1 1 1 1 1 1 1 1 1 1 1 1 1 1 1 1 1 1 1 1 1 1 1 1 1 1 1 1 1 1 1 1 1 1 1 1 1 1 1 1 1 1 1 1 1 1 1 1 1 1 1 1 1 1 1 1 1 1 1 1 1 1 1 1 1 1 1 1 1 1 1 1 1 1 1 1 1 1 0 0 0 0 1 1 1 1 1 1 1 1 1 1 1 1 1 1 1 1 1 1 1 1 1 1 1 1 1 1 1 1 1 1 1 1 1 1 1 1 1 1 1 1 1 1 1 1 1 1 1 1 1 1 1 1 1 1 1 1 1 1 1 1 1 1 1 1 1 1 1 1 1 1 1 1 1 1 1 1 1 1 1 1 1 1 1 1 1 1 1 1 1 1 1 1 1 1 1 1 1 1 1 1 1 1 1 1 1 1 1 1 1 1 1 1 1 1 1 1 1 1 1 1 1 1 1 1 1 1 1 1 1 1 1 1 1 1 1 1 1 1 1 1 1 1 1 1 1 1 1 1 1 1 1 1 1 1 1 1 1 1 1 1 1 1 1 1 1 1 1 1 1 1 1 1 1 1 1 1 1 1 1 1 1 1 1 1 1 1 1 1 1 1 1 1 1 1 1 1 1 1 1 1 1 1 1 1 1 1 1 1 1 1 1 1 1 1 1 1 1 1 1 1 1 1 1 1 1 1 1 1 1 1 1 1 1 1 1 1 1 1 1 1 1 1 1 1 1 1 1 1 1 1 1 1 1 1 1 1 1 1 1 1 1 1 1 1 1 1 1 1 1 1 1 1 1 1 1 1 1 1 1 1 1 1 1 1 1 1 1 1 1 1 1 1 1 1 1 1 1 1 1 1 1 1 1 1 1 1 1 1 1 1 1 1 1 1 1 1 1 1 1 1 1 1 1 1 1 1 1 1 1 1 1 1 1 1 1 1 1 0 0 0 0 1 1 1 1 1 1 1 1 1 1 1 1 1 1 1 1 1 
