# This file contains a 2D laser scan observation. 
# Its format is: 
# [aperture] [max_range] [number_of_scans] 
# [vector_of_scans] 
# [vector_of_valid_scans] 
# The aperture of the sensor is in radians, the maximum range 
# and measurements are in meters. '1' means a valid scan, '0' otherwise.
4.1847
5.6
682
0.489 0.488 0.488 0.487 0.487 0.483 0.478 0.476 0.477 0.476 0.474 0.474 0.477 0.472 0.472 0.473 0.472 0.468 0.467 0.466 0.466 0.466 0.461 0.461 0.464 0.46 0.46 0.458 0.455 0.453 0.453 0.455 0.454 0.454 0.454 0.451 0.451 0.451 0.451 0.452 0.452 0.452 0.451 0.449 0.445 0.445 0.445 0.444 0.444 0.445 0.445 0.449 0.449 0.449 0.448 0.445 0.445 0.444 0.444 0.441 0.436 0.436 0.44 0.44 0.44 0.44 0.44 0.436 0.44 0.437 0.437 0.437 0.438 0.438 0.438 0.438 0.439 0.438 0.438 0.439 0.44 0.44 0.44 0.442 0.441 0.441 0.442 0.444 0.444 0.444 0.441 0.441 0.441 0.441 0.441 0.44 0.44 0.44 0.441 0.441 0.447 0.447 0.448 0.452 0.453 0.452 0.452 0.451 0.45 0.449 0.449 0.449 0.449 0.453 0.453 0.456 0.453 0.449 0.449 0.449 0.449 0.452 0.452 0.452 0.458 0.452 0.458 0.459 0.459 0.46 0.465 0.465 0.465 0.464 0.465 0.465 0.465 0.467 0.468 0.47 0.47 0.47 0.47 0.471 0.471 0.476 0.477 0.479 0.479 0.483 0.483 0.485 0.485 0.486 0.489 0.489 0.489 0.492 0.492 0.492 0.492 0.499 0.496 0.5 0.501 0.501 0.502 0.503 0.503 0.509 0.509 0.51 0.512 0.513 0.513 0.519 0.524 0.526 0.526 0.526 0.531 0.532 0.534 0.535 0.536 0.542 0.542 0.547 0.548 0.548 0.553 0.557 0.565 0.569 0.569 0.57 0.573 0.576 0.576 0.58 0.583 0.588 0.594 0.599 0.6 0.603 0.606 0.607 0.611 0.623 0.625 0.626 0.627 0.638 0.64 0.644 0.65 0.65 0.655 0.659 0.663 0.668 0.678 0.683 0.685 0.695 0.696 0.699 0.705 0.71 0.712 0.717 0.732 0.738 0.749 0.754 0.758 0.758 0.768 0.779 0.78 0.785 0.796 0.801 0.808 0.818 0.828 0.838 0.838 0.838 0.833 0.831 0.829 0.819 0.819 0.819 0.819 0.813 0.811 0.811 0.811 0.811 0.812 0.818 0.819 0.822 0.822 0.823 0.825 0.838 0.862 0.874 1.005 1.148 1.171 1.174 1.216 1.219 1.245 1.266 1.292 1.32 1.344 1.373 1.4 1.427 1.453 1.486 1.521 1.549 1.588 1.627 1.663 1.7 1.744 1.792 1.843 1.882 1.932 1.982 2.032 4.789 4.789 4.789 4.782 4.772 4.769 4.768 4.762 4.761 4.759 4.758 4.753 4.751 4.735 4.734 4.72 4.718 4.718 4.718 4.716 4.704 4.702 4.698 4.696 4.693 4.68 4.677 4.675 4.671 4.671 4.667 4.666 2.736 2.735 2.735 2.735 2.73 2.73 2.732 2.738 2.74 2.74 2.74 2.74 2.74 2.74 2.747 2.75 2.75 2.752 2.752 2.753 2.761 2.762 2.763 2.765 2.769 2.773 2.776 2.78 2.776 2.776 2.75 2.654 2.567 2.485 2.389 2.323 2.26 2.26 2.2 2.142 1.621 1.564 1.517 1.459 1.42 1.364 1.333 1.284 1.266 1.219 1.208 1.168 1.151 1.124 1.106 1.081 1.064 1.04 1.026 1.007 0.982 0.973 0.945 0.934 0.923 0.922 0.918 0.918 0.922 0.929 0.929 0.929 0.898 0.874 0.852 0.847 0.836 0.832 0.831 0.828 0.827 0.827 0.828 0.828 0.831 0.834 0.837 0.838 0.838 0.842 0.848 0.848 0.854 0.866 0.866 0.87 0.877 0.877 0.881 0.887 0.895 0.903 0.903 0.909 0.91 0.911 0.911 0.912 0.913 0.913 0.917 0.927 0.934 0.936 0.937 0.946 0.959 5.423 5.423 5.423 5.394 5.357 5.337 5.271 5.249 5.222 5.189 5.189 5.189 5.261 5.302 5.343 5.343 5.302 5.302 2.497 2.449 2.449 2.387 2.365 1.925 1.916 1.913 1.894 1.887 1.87 1.862 1.854 1.85 1.844 1.832 1.83 1.812 1.806 1.803 1.785 1.779 1.775 1.775 1.754 1.752 1.746 1.734 1.727 1.725 1.718 1.71 1.69 1.6 1.596 1.587 1.569 1.567 1.565 1.558 1.558 1.558 1.566 1.566 1.586 1.605 1.616 1.616 1.616 1.605 1.6 1.595 1.592 1.59 1.588 1.58 1.576 1.57 1.564 1.561 1.557 1.554 1.554 1.547 1.546 1.543 1.54 1.531 1.529 1.522 1.52 1.517 1.516 1.515 1.512 1.509 1.508 1.504 1.503 1.5 1.496 1.495 1.491 1.489 1.485 1.481 1.481 1.481 1.481 1.481 1.477 1.47 1.469 1.464 1.459 1.459 1.458 1.458 1.458 1.455 1.454 1.453 1.453 1.451 1.45 1.45 1.45 1.45 1.45 1.45 1.449 1.448 1.448 1.448 1.457 3.404 3.404 3.411 3.411 3.405 3.405 3.411 3.405 3.402 3.402 3.403 3.402 3.402 3.403 3.402 3.397 2.86 2.833 2.828 2.817 2.817 2.812 2.811 2.806 2.804 2.803 2.802 2.797 2.802 2.802 2.81 2.817 2.825 2.825 2.825 2.146 2.146 2.108 2.077 2.056 2.04 2.017 1.99 1.97 1.95 1.916 1.909 1.893 1.867 1.858 1.835 1.814 1.791 1.72 1.719 1.69 1.673 1.664 1.656 1.628 1.628 1.628 1.628 1.623 1.623 1.572 1.538 1.535 1.53 1.53 1.536 1.536 1.537 1.537 1.539 1.551 1.563 1.566 1.576 1.584 1.588 1.592 1.598 1.604 1.607 1.608 1.614 1.621 1.624 1.633 1.638 1.644 1.649 1.659 1.661 1.672 1.677 1.684 1.689 
1 1 1 1 1 1 1 1 1 1 1 1 1 1 1 1 1 1 1 1 1 1 1 1 1 1 1 1 1 1 1 1 1 1 1 1 1 1 1 1 1 1 1 1 1 1 1 1 1 1 1 1 1 1 1 1 1 1 1 1 1 1 1 1 1 1 1 1 1 1 1 1 1 1 1 1 1 1 1 1 1 1 1 1 1 1 1 1 1 1 1 1 1 1 1 1 1 1 1 1 1 1 1 1 1 1 1 1 1 1 1 1 1 1 1 1 1 1 1 1 1 1 1 1 1 1 1 1 1 1 1 1 1 1 1 1 1 1 1 1 1 1 1 1 1 1 1 1 1 1 1 1 1 1 1 1 1 1 1 1 1 1 1 1 1 1 1 1 1 1 1 1 1 1 1 1 1 1 1 1 1 1 1 1 1 1 1 1 1 1 1 1 1 1 1 1 1 1 1 1 1 1 1 1 1 1 1 1 1 1 1 1 1 1 1 1 1 1 1 1 1 1 1 1 1 1 1 1 1 1 1 1 1 1 1 1 1 1 1 1 1 1 1 1 1 1 1 1 1 1 1 1 1 1 1 1 1 1 1 1 1 1 1 1 1 1 1 1 1 1 1 1 1 1 1 1 1 1 1 1 1 1 1 1 1 1 1 1 1 1 1 1 1 1 1 1 1 1 1 1 1 1 1 1 1 1 1 1 1 1 1 1 1 1 1 1 1 1 1 1 1 1 1 1 1 1 1 1 1 1 1 1 1 1 1 1 1 1 1 1 1 1 1 1 1 1 1 1 1 1 1 1 1 1 1 1 1 1 1 1 1 1 1 1 1 1 1 1 1 1 1 1 1 1 1 1 1 1 1 1 1 1 1 1 1 1 1 1 1 1 1 1 1 1 1 1 1 1 1 1 1 1 1 1 1 1 1 1 1 1 1 1 1 1 1 1 1 1 1 1 1 1 1 1 1 1 1 1 1 1 1 1 1 1 1 1 1 1 1 1 1 1 1 1 1 1 1 1 1 1 1 1 1 1 1 1 1 1 1 1 1 1 1 1 1 1 1 1 1 1 1 1 1 1 1 1 1 1 1 1 1 1 1 1 1 1 1 1 1 1 1 1 1 1 1 1 1 1 1 1 1 1 1 1 1 1 1 1 1 1 1 1 1 1 1 1 1 1 1 1 1 1 1 1 1 1 1 1 1 1 1 1 1 1 1 1 1 1 1 1 1 1 1 1 1 1 1 1 1 1 1 1 1 1 1 1 1 1 1 1 1 1 1 1 1 1 1 1 1 1 1 1 1 1 1 1 1 1 1 1 1 1 1 1 1 1 1 1 1 1 1 1 1 1 1 1 1 1 1 1 1 1 1 1 1 1 1 1 1 1 1 1 1 1 1 1 1 1 1 1 1 1 1 1 1 1 1 1 1 1 1 1 1 1 1 1 1 1 1 1 1 1 1 1 1 1 1 1 1 1 1 1 1 1 1 1 1 1 1 1 1 1 1 1 1 1 1 1 1 1 1 1 1 1 1 1 1 1 1 1 1 1 
