# This file contains a 2D laser scan observation. 
# Its format is: 
# [aperture] [max_range] [number_of_scans] 
# [vector_of_scans] 
# [vector_of_valid_scans] 
# The aperture of the sensor is in radians, the maximum range 
# and measurements are in meters. '1' means a valid scan, '0' otherwise.
4.1847
5.6
682
0.908 0.908 0.917 0.921 0.918 0.921 0.921 0.931 0.936 0.94 0.944 0.944 0.944 0.944 0.944 0.95 0.951 0.953 0.968 0.971 0.973 0.974 0.976 0.987 0.988 0.99 0.992 0.996 0.997 1.002 1.027 1.028 1.032 1.033 1.037 1.053 1.066 1.078 2.144 2.144 2.144 2.136 2.126 2.104 2.092 2.076 2.063 2.053 2.036 2.024 2.004 2 1.995 1.981 1.973 1.957 1.952 1.936 1.925 1.908 1.903 1.896 1.896 1.885 1.875 1.862 1.852 1.844 1.839 1.835 1.82 1.814 1.802 1.795 1.792 1.785 1.785 1.775 1.764 1.226 1.218 1.218 1.218 1.227 1.238 1.247 1.305 1.688 1.688 1.688 1.685 1.68 1.672 1.672 1.66 1.66 1.653 1.582 1.501 1.496 1.496 1.496 1.519 1.564 1.603 1.603 1.603 1.602 1.594 1.594 1.592 1.59 1.584 1.563 1.447 1.447 1.446 1.44 1.434 1.434 1.431 1.431 1.42 1.42 1.419 1.419 1.41 1.41 1.408 1.407 1.407 1.405 1.405 1.403 1.4 1.395 1.394 1.392 1.387 1.379 1.379 1.379 1.379 1.379 1.38 1.379 1.375 1.38 1.374 1.369 1.365 1.365 1.365 1.365 1.367 1.368 1.367 1.368 1.368 1.365 1.365 1.369 1.423 1.461 1.463 1.466 1.47 1.464 1.464 1.464 1.464 1.463 1.463 1.464 1.465 1.465 1.466 1.466 1.466 1.466 1.455 1.455 1.455 1.455 1.455 1.457 1.467 1.471 1.472 1.472 1.476 1.476 1.473 1.473 1.458 1.458 1.457 1.452 1.445 1.425 1.398 1.37 1.323 1.215 0.991 0.977 0.966 0.966 0.966 0.966 0.969 0.969 0.969 0.97 0.974 0.977 0.983 0.984 0.985 0.992 0.992 0.992 0.997 0.997 0.997 0.997 0.998 0.998 1.006 1.009 1.009 1.012 1.012 1.015 1.016 1.02 1.02 1.021 1.021 1.029 1.032 1.035 1.036 1.037 1.043 1.054 1.054 1.054 1.058 1.064 1.067 1.069 1.069 1.073 1.078 1.08 1.08 1.08 1.08 1.08 1.081 1.094 1.112 1.112 1.112 1.112 1.112 1.112 1.113 1.122 1.126 1.141 1.149 1.157 1.167 1.168 1.175 1.177 1.179 1.186 1.195 1.196 1.202 1.208 1.218 1.221 1.229 1.235 1.241 1.242 1.252 1.255 1.269 1.269 1.284 1.285 1.287 1.306 1.309 1.319 1.323 1.331 1.332 1.339 2.009 2.009 2.009 2.008 2.002 2.002 2.004 2.004 2.002 1.625 1.599 1.599 1.589 1.579 1.511 1.511 1.511 1.53 1.54 1.542 1.549 1.822 1.831 0 0 0 0 0 0.007 0 0 0 0 0 0.007 0 0 0 0 0 0 0 0 2.145 2.118 2.086 2.084 2.084 2.08 2.075 2.07 2.063 2.059 2.059 2.063 2.084 2.098 3.307 3.307 3.307 3.297 3.291 3.275 3.273 3.26 3.247 3.247 3.238 3.221 3.219 3.217 3.21 3.203 3.199 3.19 3.184 3.178 3.171 3.17 3.161 3.155 3.155 3.145 3.136 3.133 3.132 3.12 3.113 3.109 3.109 3.105 3.096 3.094 3.09 3.088 3.083 3.083 3.083 3.183 3.567 4.104 4.156 4.181 4.224 4.225 4.233 4.233 4.382 4.683 4.684 4.691 4.696 4.696 4.696 4.702 4.702 4.697 4.687 4.687 4.682 4.671 2.133 2.13 2.13 2.13 2.13 2.13 2.129 2.129 2.129 2.125 2.125 2.125 2.125 2.127 2.127 2.127 2.127 2.134 2.139 2.141 2.139 2.139 2.146 2.146 2.144 2.146 2.148 2.15 2.154 2.154 2.157 2.157 2.158 2.158 2.158 2.168 2.17 2.17 2.174 2.175 2.179 2.182 2.185 2.19 2.192 2.193 2.193 2.194 2.203 2.205 2.214 2.218 2.22 2.228 2.229 2.24 2.245 2.245 2.247 2.254 2.262 2.268 2.269 2.273 2.274 2.284 2.286 2.3 2.306 2.306 2.307 2.311 2.329 2.329 2.335 2.348 2.361 2.361 2.365 2.375 2.388 2.388 2.401 2.404 2.404 2.409 2.426 2.435 2.438 2.452 2.455 2.468 2.477 2.485 2.485 2.489 2.489 1.831 1.772 1.772 1.772 1.782 1.823 2.589 2.613 2.621 2.629 2.656 2.663 2.68 2.683 2.692 2.693 2.713 2.723 2.746 3.975 0.007 0.006 0.006 0.006 1.984 1.984 1.984 1.994 2.004 2.673 2.673 2.673 2.664 2.659 2.643 2.632 2.615 2.609 2.596 2.587 2.566 2.555 2.554 2.535 2.529 2.506 2.499 2.484 2.469 2.465 2.448 2.444 2.435 2.423 2.412 2.397 2.376 2.345 2.33 2.282 2.25 2.233 2.212 2.209 2.194 2.178 2.172 2.172 2.171 2.157 1.138 1.136 1.129 1.129 1.129 1.134 1.154 1.163 1.195 2.053 2.053 2.053 2.043 2.043 2.032 2.026 2.021 2.014 2.014 2.004 1.998 1.458 1.455 1.455 1.455 1.463 1.5 1.948 1.949 1.949 1.948 1.944 1.936 1.931 1.929 1.92 1.917 1.915 1.911 1.905 1.904 1.9 1.899 1.891 1.89 1.888 1.882 1.879 1.877 1.872 1.872 1.864 1.864 1.864 1.864 1.861 1.861 1.861 1.865 1.906 1.931 1.938 1.944 1.944 1.938 1.938 1.932 1.928 1.921 1.918 1.915 1.915 1.911 1.911 1.909 1.909 1.908 1.908 1.908 1.912 1.913 1.917 1.931 1.968 2.079 2.748 2.751 2.752 2.751 2.752 
1 1 1 1 1 1 1 1 1 1 1 1 1 1 1 1 1 1 1 1 1 1 1 1 1 1 1 1 1 1 1 1 1 1 1 1 1 1 1 1 1 1 1 1 1 1 1 1 1 1 1 1 1 1 1 1 1 1 1 1 1 1 1 1 1 1 1 1 1 1 1 1 1 1 1 1 1 1 1 1 1 1 1 1 1 1 1 1 1 1 1 1 1 1 1 1 1 1 1 1 1 1 1 1 1 1 1 1 1 1 1 1 1 1 1 1 1 1 1 1 1 1 1 1 1 1 1 1 1 1 1 1 1 1 1 1 1 1 1 1 1 1 1 1 1 1 1 1 1 1 1 1 1 1 1 1 1 1 1 1 1 1 1 1 1 1 1 1 1 1 1 1 1 1 1 1 1 1 1 1 1 1 1 1 1 1 1 1 1 1 1 1 1 1 1 1 1 1 1 1 1 1 1 1 1 1 1 1 1 1 1 1 1 1 1 1 1 1 1 1 1 1 1 1 1 1 1 1 1 1 1 1 1 1 1 1 1 1 1 1 1 1 1 1 1 1 1 1 1 1 1 1 1 1 1 1 1 1 1 1 1 1 1 1 1 1 1 1 1 1 1 1 1 1 1 1 1 1 1 1 1 1 1 1 1 1 1 1 1 1 1 1 1 1 1 1 1 1 1 1 1 1 1 1 1 1 1 1 1 1 1 1 1 1 1 1 1 1 1 1 1 1 1 1 1 1 1 0 0 0 0 0 0 0 0 0 0 0 0 0 0 0 0 0 0 0 0 1 1 1 1 1 1 1 1 1 1 1 1 1 1 1 1 1 1 1 1 1 1 1 1 1 1 1 1 1 1 1 1 1 1 1 1 1 1 1 1 1 1 1 1 1 1 1 1 1 1 1 1 1 1 1 1 1 1 1 1 1 1 1 1 1 1 1 1 1 1 1 1 1 1 1 1 1 1 1 1 1 1 1 1 1 1 1 1 1 1 1 1 1 1 1 1 1 1 1 1 1 1 1 1 1 1 1 1 1 1 1 1 1 1 1 1 1 1 1 1 1 1 1 1 1 1 1 1 1 1 1 1 1 1 1 1 1 1 1 1 1 1 1 1 1 1 1 1 1 1 1 1 1 1 1 1 1 1 1 1 1 1 1 1 1 1 1 1 1 1 1 1 1 1 1 1 1 1 1 1 1 1 1 1 1 1 1 1 1 1 1 1 1 1 1 0 0 0 0 1 1 1 1 1 1 1 1 1 1 1 1 1 1 1 1 1 1 1 1 1 1 1 1 1 1 1 1 1 1 1 1 1 1 1 1 1 1 1 1 1 1 1 1 1 1 1 1 1 1 1 1 1 1 1 1 1 1 1 1 1 1 1 1 1 1 1 1 1 1 1 1 1 1 1 1 1 1 1 1 1 1 1 1 1 1 1 1 1 1 1 1 1 1 1 1 1 1 1 1 1 1 1 1 1 1 1 1 1 1 1 1 1 1 1 1 1 1 1 1 1 1 1 1 1 1 1 1 1 1 1 1 1 1 1 1 
