# This file contains a 2D laser scan observation. 
# Its format is: 
# [aperture] [max_range] [number_of_scans] 
# [vector_of_scans] 
# [vector_of_valid_scans] 
# The aperture of the sensor is in radians, the maximum range 
# and measurements are in meters. '1' means a valid scan, '0' otherwise.
4.1847
5.6
682
0.553 0.555 0.556 0.56 0.56 0.561 0.561 0.562 0.566 0.571 0.575 0.58 0.587 0.594 0.647 0.647 0.647 0.658 0.658 0.643 0.643 0.654 0.654 0.654 0.655 0.655 0.683 0.684 0.69 0.7 0.7 0.703 0.708 0.718 0.718 0.722 0.722 0.726 0.756 0.792 0.795 0.795 0.793 0.793 0.792 0.789 0.788 0.789 0.789 0.789 0.791 0.796 0.791 0.791 0.791 0.791 0.791 0.791 0.791 0.791 0.791 0.791 0.789 0.792 0.792 0.79 0.79 0.79 0.79 0.79 0.79 0.79 0.791 0.794 0.794 0.795 0.795 0.799 0.799 0.799 0.799 0.801 0.801 0.798 0.799 0.801 0.801 0.801 0.805 0.809 0.81 0.81 0.81 0.811 0.811 0.811 0.814 0.815 0.819 0.824 0.824 0.824 0.824 0.827 0.827 0.827 0.824 0.824 0.824 0.832 0.835 0.838 0.84 0.842 0.844 0.844 0.845 0.847 0.847 0.845 0.841 0.828 0.823 0.811 0.797 0.781 0.771 0.763 0.756 0.739 0.732 0.73 0.715 0.711 0.689 0.687 0.677 0.675 0.667 0.656 0.655 0.64 0.636 0.618 0.618 0.618 0.623 0.623 0.624 0.661 0.732 0.732 0.732 0.709 0.625 0.544 0.544 0.544 0.578 0.584 0.584 0.578 0.549 0.549 0.549 0.596 0.605 0.606 0.606 0.605 0.59 0.589 0.589 0.588 0.584 0.584 0.575 0.575 0.575 0.577 0.577 0.577 0.578 0.581 0.587 0.593 0.593 0.595 0.596 0.597 0.601 0.607 0.613 0.613 0.611 0.62 0.62 0.623 0.624 0.631 0.631 0.635 0.643 0.655 0.655 0.655 0.666 0.666 0.664 0.664 0.664 0.664 0.664 0.663 0.663 0.664 0.663 0.661 0.661 0.661 0.661 0.668 0.674 0.678 0.69 1.688 1.704 1.719 1.719 1.744 1.77 1.783 1.784 1.79 1.79 1.787 1.784 1.77 1.764 1.759 1.756 1.752 1.75 1.742 1.739 1.729 1.68 1.062 1.055 1.054 1.054 1.054 1.691 1.695 1.696 1.695 1.693 1.693 1.69 1.683 1.682 1.671 1.663 1.098 1.065 1.064 1.064 1.064 1.052 1.052 1.061 1.059 1.059 1.059 1.054 1.054 1.053 1.054 1.054 1.057 1.057 1.057 1.058 1.062 1.064 1.064 1.064 1.064 1.059 1.059 1.059 1.06 1.069 1.069 1.072 1.069 1.072 1.077 1.607 1.607 1.607 1.605 1.605 1.603 1.602 1.602 1.602 1.602 1.6 1.599 1.599 1.596 1.596 1.598 1.599 1.599 1.6 1.6 1.602 1.606 1.606 1.607 1.607 1.607 1.607 1.607 1.607 1.606 1.607 1.609 1.612 1.614 1.616 1.617 1.617 1.617 1.621 1.621 1.624 1.626 1.629 1.629 1.632 1.633 1.633 1.637 1.643 1.643 1.647 1.648 1.654 1.657 1.658 1.665 1.665 1.667 1.668 1.668 1.67 1.683 1.688 1.691 1.694 1.695 1.696 1.701 1.707 1.708 1.71 1.711 1.719 1.721 1.724 0 0 0 0 0 1.766 1.766 1.766 1.766 1.779 1.78 1.792 1.799 1.801 1.808 1.808 1.82 1.827 1.829 1.836 1.842 1.851 1.858 1.863 1.871 1.876 1.887 1.892 1.894 1.908 1.916 1.92 1.936 1.937 1.947 1.957 1.965 1.977 1.981 1.995 2.004 2.01 2.025 2.025 2.036 2.055 2.056 2.072 2.082 2.099 0 0 0 0 0 0.007 0 0 0 0 2.149 2.149 2.149 2.23 2.272 2.287 2.308 2.313 2.331 2.342 2.36 2.376 2.389 2.409 2.434 2.434 2.434 2.414 2.403 2.383 2.37 2.361 2.352 2.331 2.318 2.315 2.299 2.292 2.287 2.273 2.206 1.82 1.82 1.82 2.006 2.006 2.006 1.991 1.979 1.979 1.978 1.964 1.957 1.952 1.94 1.934 1.926 1.919 1.914 1.914 1.912 1.899 1.092 1.092 1.092 1.175 1.189 1.19 1.193 1.197 1.841 1.841 1.841 1.12 1.065 1.065 1.065 1.065 1.074 1.08 1.08 1.085 1.086 1.099 1.117 1.142 1.156 1.169 1.185 1.927 1.927 1.928 1.927 1.927 1.924 1.916 1.912 1.912 1.912 1.91 1.908 0.923 0.917 0.916 0.916 0.917 0.933 1.134 1.211 1.215 1.215 1.211 1.205 1.098 0.972 0.912 0.909 0.904 0.902 0.902 0.898 0.898 0.898 0.9 0.896 0.896 0.893 0.893 0.89 0.89 0.89 0.89 0.89 0.891 0.898 0.9 0.907 0.91 0.912 0.92 0.924 0.924 0.924 0.924 0.918 0.915 0.912 0.91 0.895 0.895 0.893 0.891 0.887 0.887 0.887 0.887 0.887 0.887 0.892 0.894 0.894 0.896 0.896 0.895 0.895 0.895 0.895 0.896 0.908 0.901 0.908 0.905 0.908 0.91 0.913 0.913 0.913 0.91 0.91 0.91 0.911 0.918 0.918 0.918 0.918 0.928 0.932 0.932 0.932 0.936 0.937 0.938 0.939 0.939 0.942 0.944 0.946 0.948 0.953 0.953 0.957 0.958 0.962 0.965 0.965 0.969 0.969 0.972 0.974 0.982 0.985 0.989 0.991 0.991 0.991 0.997 1 1.003 1.008 1.014 1.015 1.016 1.032 1.039 1.057 1.07 1.071 1.075 1.076 1.087 1.087 1.089 1.094 1.094 1.094 1.104 1.108 1.114 1.12 1.121 1.121 1.121 1.131 1.136 1.138 1.142 1.148 1.157 1.158 1.165 1.168 1.171 1.18 1.192 1.201 1.207 1.208 1.212 1.222 
1 1 1 1 1 1 1 1 1 1 1 1 1 1 1 1 1 1 1 1 1 1 1 1 1 1 1 1 1 1 1 1 1 1 1 1 1 1 1 1 1 1 1 1 1 1 1 1 1 1 1 1 1 1 1 1 1 1 1 1 1 1 1 1 1 1 1 1 1 1 1 1 1 1 1 1 1 1 1 1 1 1 1 1 1 1 1 1 1 1 1 1 1 1 1 1 1 1 1 1 1 1 1 1 1 1 1 1 1 1 1 1 1 1 1 1 1 1 1 1 1 1 1 1 1 1 1 1 1 1 1 1 1 1 1 1 1 1 1 1 1 1 1 1 1 1 1 1 1 1 1 1 1 1 1 1 1 1 1 1 1 1 1 1 1 1 1 1 1 1 1 1 1 1 1 1 1 1 1 1 1 1 1 1 1 1 1 1 1 1 1 1 1 1 1 1 1 1 1 1 1 1 1 1 1 1 1 1 1 1 1 1 1 1 1 1 1 1 1 1 1 1 1 1 1 1 1 1 1 1 1 1 1 1 1 1 1 1 1 1 1 1 1 1 1 1 1 1 1 1 1 1 1 1 1 1 1 1 1 1 1 1 1 1 1 1 1 1 1 1 1 1 1 1 1 1 1 1 1 1 1 1 1 1 1 1 1 1 1 1 1 1 1 1 1 1 1 1 1 1 1 1 1 1 1 1 1 1 1 1 1 1 1 1 1 1 1 1 1 1 1 1 1 1 1 1 1 1 1 1 1 1 1 1 1 1 1 1 1 1 1 1 1 1 1 1 1 1 1 1 1 1 1 1 1 1 1 1 1 1 1 1 1 1 1 1 1 1 1 1 1 1 1 0 0 0 0 0 1 1 1 1 1 1 1 1 1 1 1 1 1 1 1 1 1 1 1 1 1 1 1 1 1 1 1 1 1 1 1 1 1 1 1 1 1 1 1 1 1 1 1 1 1 0 0 0 0 0 0 0 0 0 0 1 1 1 1 1 1 1 1 1 1 1 1 1 1 1 1 1 1 1 1 1 1 1 1 1 1 1 1 1 1 1 1 1 1 1 1 1 1 1 1 1 1 1 1 1 1 1 1 1 1 1 1 1 1 1 1 1 1 1 1 1 1 1 1 1 1 1 1 1 1 1 1 1 1 1 1 1 1 1 1 1 1 1 1 1 1 1 1 1 1 1 1 1 1 1 1 1 1 1 1 1 1 1 1 1 1 1 1 1 1 1 1 1 1 1 1 1 1 1 1 1 1 1 1 1 1 1 1 1 1 1 1 1 1 1 1 1 1 1 1 1 1 1 1 1 1 1 1 1 1 1 1 1 1 1 1 1 1 1 1 1 1 1 1 1 1 1 1 1 1 1 1 1 1 1 1 1 1 1 1 1 1 1 1 1 1 1 1 1 1 1 1 1 1 1 1 1 1 1 1 1 1 1 1 1 1 1 1 1 1 1 1 1 1 1 1 1 1 1 1 1 1 1 1 1 1 1 1 1 1 1 1 1 1 1 1 1 1 1 1 1 1 1 1 1 1 1 1 1 
