# This file contains a 2D laser scan observation. 
# Its format is: 
# [aperture] [max_range] [number_of_scans] 
# [vector_of_scans] 
# [vector_of_valid_scans] 
# The aperture of the sensor is in radians, the maximum range 
# and measurements are in meters. '1' means a valid scan, '0' otherwise.
4.1847
5.6
682
0.698 0.698 0.697 0.697 0.692 0.689 0.686 0.686 0.686 0.686 0.686 0.686 0.686 0.685 0.685 0.672 0.672 0.672 0.672 0.672 0.672 0.669 0.669 0.669 0.688 0.736 0.736 0.736 0.589 0.456 0.393 0.393 0.389 0.387 0.372 0.372 0.372 0.387 0.392 0.393 0.395 0.399 0.403 0.403 0.403 0.404 0.405 0.407 0.407 0.407 0.398 0.395 0.392 0.389 0.387 0.385 0.383 0.383 0.383 0.383 0.383 0.384 0.384 0.383 0.384 0.384 0.385 0.386 0.386 0.386 0.385 0.386 0.386 0.49 0.752 0.762 0.763 0.764 0.767 0.769 0.772 0.774 0.774 0.778 0.779 0.779 0.779 0.782 0.782 0.782 0.788 0.788 0.784 0.784 0.788 0.867 0 0.007 0.867 0.848 0.848 0.848 0.859 0 0 0 0 0 0 0 0 0 0.007 0 1.069 0.966 0.966 0.906 0.89 0.906 0.906 0.906 0.908 0.908 0.908 0.91 0.936 0.943 0 0 0 0 0 0 0 0 0 0 0 0 0 0 0 0 0 0 0 0 0 0 0 0 0 0 0 0 0 0 0 0 0 0 0 1.739 1.727 1.712 1.707 1.693 1.684 1.665 1.664 1.653 1.64 1.628 1.608 1.606 1.601 1.597 1.575 1.546 1.546 1.531 1.295 1.201 1.201 1.201 1.269 1.384 1.428 1.444 1.446 1.446 1.444 1.434 1.421 1.402 1.389 1.367 1.367 1.367 3.037 3.078 3.083 3.087 3.118 3.118 3.173 3.207 3.231 3.292 3.3 3.36 3.379 3.416 3.672 3.672 3.697 3.697 0 0 0 4.987 4.987 4.987 0 0 0 0 0 0 4.256 4.246 4.246 4.246 5.381 5.413 5.413 5.381 5.379 5.363 5.361 5.349 5.326 5.31 5.284 5.28 5.277 5.267 5.258 5.242 5.241 5.217 5.215 5.192 5.192 5.19 5.185 5.19 5.185 5.16 5.16 5.316 0.006 0.006 0.006 0.006 0.006 0.006 4.192 4.172 4.17 4.17 4.17 4.17 4.17 4.167 4.166 4.155 4.155 4.148 4.145 4.143 4.138 4.143 4.143 4.14 4.138 4.133 4.133 4.123 4.117 4.117 4.116 4.116 4.119 4.119 4.118 4.118 4.118 4.118 4.121 4.121 4.121 4.118 4.118 4.11 4.11 3.471 3.471 2.538 2.538 2.538 2.543 3.461 3.461 3.465 3.465 0 0 0 0 0 0.007 0 0.007 3.513 3.513 0 0 0 0 0 0 2.596 2.592 2.592 2.596 5.132 5.135 5.135 5.135 5.141 5.141 3.973 3.973 3.877 3.8 3.727 3.641 3.574 3.501 3.438 3.406 1.218 1.214 1.214 1.215 1.215 1.226 1.242 1.262 1.264 1.279 1.282 1.288 1.301 1.307 1.308 1.318 1.335 1.344 1.346 1.365 1.375 1.38 1.395 1.412 1.426 1.427 1.45 1.458 1.474 1.493 1.506 1.513 1.525 1.528 1.548 2.445 0.007 2.445 0.983 0.977 0.976 0.976 0.977 0.981 0.992 2.239 2.241 2.298 2.496 2.588 2.591 2.608 2.621 2.636 2.649 2.66 2.69 2.713 2.719 2.719 2.719 1.911 1.905 1.905 1.905 2.842 2.845 2.859 2.859 2.845 1.31 1.31 1.31 1.313 2.693 2.693 2.704 2.693 2.677 1.679 1.679 1.679 1.702 1.725 1.738 1.754 1.77 1.782 1.8 1.823 1.84 1.857 1.882 1.902 1.932 2.011 2.011 2.011 2.011 2.011 2.006 2.003 1.061 1.059 1.059 1.059 2.306 2.306 2.306 2.295 2.283 2.271 2.267 2.256 2.256 2.237 1.586 1.505 1.505 1.505 2.159 2.159 2.159 1.924 1.889 1.889 1.889 2.139 2.14 2.14 2.139 2.127 2.12 2.119 2.118 2.119 2.12 0 0 0 0 2.08 2.08 2.079 2.075 0.303 0.303 0.3 0.303 0.3 0.305 0.3 0.305 0.298 0.298 0.298 0.295 0.291 0.291 0.298 0.3 0.311 0.313 0.313 0.313 0.312 0.309 0.308 0.297 0.294 0.292 0.291 0.291 0.291 0.291 0.291 0.29 0.29 0.292 0.292 0.288 0.292 0.292 0.293 0.291 0.291 0.29 0.291 0.291 0.296 0.297 0.297 0.3 0.305 0.305 0.305 0.305 0.308 0.309 0.306 0.306 0.309 0.309 0.306 0.306 0.306 0.306 0.305 0.3 0.296 0.289 0.282 0.282 0.282 0.282 0.293 0.297 0.305 0.37 0.37 0.426 0.528 0.53 0.535 0.54 0.54 0.54 0.539 0.539 0.539 0.539 0.54 0.542 0.541 0.541 0.542 0.553 0.555 0.557 0.589 0.664 0.735 3.871 3.871 0 0.007 0 0.007 0 0 0 0 0 0 0 0 2.852 2.824 2.759 2.741 2.682 2.629 2.602 2.542 2.512 2.48 2.44 2.401 2.37 2.338 2.311 2.276 2.244 2.216 2.194 2.163 2.131 2.111 2.075 2.063 2.031 2.014 1.981 1.96 1.945 1.933 1.902 1.882 1.87 1.841 1.826 1.808 1.783 1.762 1.752 1.728 1.722 1.698 1.678 1.663 1.66 1.641 1.627 1.607 1.59 1.575 1.562 1.551 1.544 1.538 1.521 1.509 1.498 1.48 1.467 1.454 1.447 1.438 1.424 1.422 1.409 1.403 1.382 1.381 1.377 1.353 1.352 1.342 1.337 
1 1 1 1 1 1 1 1 1 1 1 1 1 1 1 1 1 1 1 1 1 1 1 1 1 1 1 1 1 1 1 1 1 1 1 1 1 1 1 1 1 1 1 1 1 1 1 1 1 1 1 1 1 1 1 1 1 1 1 1 1 1 1 1 1 1 1 1 1 1 1 1 1 1 1 1 1 1 1 1 1 1 1 1 1 1 1 1 1 1 1 1 1 1 1 1 0 0 1 1 1 1 1 0 0 0 0 0 0 0 0 0 0 0 1 1 1 1 1 1 1 1 1 1 1 1 1 1 0 0 0 0 0 0 0 0 0 0 0 0 0 0 0 0 0 0 0 0 0 0 0 0 0 0 0 0 0 0 0 0 0 0 0 1 1 1 1 1 1 1 1 1 1 1 1 1 1 1 1 1 1 1 1 1 1 1 1 1 1 1 1 1 1 1 1 1 1 1 1 1 1 1 1 1 1 1 1 1 1 1 1 1 1 1 1 1 1 1 0 0 0 1 1 1 0 0 0 0 0 0 1 1 1 1 1 1 1 1 1 1 1 1 1 1 1 1 1 1 1 1 1 1 1 1 1 1 1 1 1 1 1 1 0 0 0 0 0 0 1 1 1 1 1 1 1 1 1 1 1 1 1 1 1 1 1 1 1 1 1 1 1 1 1 1 1 1 1 1 1 1 1 1 1 1 1 1 1 1 1 1 1 1 1 1 1 1 1 0 0 0 0 0 0 0 0 1 1 0 0 0 0 0 0 1 1 1 1 1 1 1 1 1 1 1 1 1 1 1 1 1 1 1 1 1 1 1 1 1 1 1 1 1 1 1 1 1 1 1 1 1 1 1 1 1 1 1 1 1 1 1 1 1 1 1 1 1 1 1 1 0 1 1 1 1 1 1 1 1 1 1 1 1 1 1 1 1 1 1 1 1 1 1 1 1 1 1 1 1 1 1 1 1 1 1 1 1 1 1 1 1 1 1 1 1 1 1 1 1 1 1 1 1 1 1 1 1 1 1 1 1 1 1 1 1 1 1 1 1 1 1 1 1 1 1 1 1 1 1 1 1 1 1 1 1 1 1 1 1 1 1 1 1 1 1 1 1 1 1 1 1 0 0 0 0 1 1 1 1 1 1 1 1 1 1 1 1 1 1 1 1 1 1 1 1 1 1 1 1 1 1 1 1 1 1 1 1 1 1 1 1 1 1 1 1 1 1 1 1 1 1 1 1 1 1 1 1 1 1 1 1 1 1 1 1 1 1 1 1 1 1 1 1 1 1 1 1 1 1 1 1 1 1 1 1 1 1 1 1 1 1 1 1 1 1 1 1 1 1 1 1 1 1 1 1 1 1 1 0 0 0 0 0 0 0 0 0 0 0 0 1 1 1 1 1 1 1 1 1 1 1 1 1 1 1 1 1 1 1 1 1 1 1 1 1 1 1 1 1 1 1 1 1 1 1 1 1 1 1 1 1 1 1 1 1 1 1 1 1 1 1 1 1 1 1 1 1 1 1 1 1 1 1 1 1 1 1 1 1 1 1 1 1 
