# This file contains a 2D laser scan observation. 
# Its format is: 
# [aperture] [max_range] [number_of_scans] 
# [vector_of_scans] 
# [vector_of_valid_scans] 
# The aperture of the sensor is in radians, the maximum range 
# and measurements are in meters. '1' means a valid scan, '0' otherwise.
4.1847
5.6
682
0.636 0.635 0.633 0.627 0.625 0.625 0.625 0.623 0.621 0.621 0.612 0.608 0.607 0.607 0.604 0.602 0.6 0.6 0.599 0.595 0.594 0.593 0.585 0.585 0.585 0.582 0.581 0.581 0.581 0.579 0.576 0.574 0.574 0.572 0.572 0.57 0.564 0.563 0.562 0.563 0.564 0.56 0.56 0.557 0.556 0.555 0.555 0.553 0.555 0.553 0.554 0.553 0.55 0.55 0.55 0.55 0.548 0.548 0.55 0.55 0.55 0.55 0.548 0.545 0.545 0.541 0.541 0.54 0.54 0.538 0.537 0.533 0.531 0.531 0.53 0.531 0.531 0.531 0.531 0.531 0.531 0.532 0.532 0.531 0.531 0.53 0.53 0.529 0.529 0.526 0.526 0.523 0.523 0.526 0.526 0.519 0.526 0.532 0.533 0.533 0.533 0.53 0.516 0.515 0.514 0.513 0.513 0.514 0.514 0.514 0.514 0.514 0.518 0.518 0.518 0.518 0.518 0.518 0.528 0.528 0.529 0.528 0.529 0.529 1.991 1.991 1.991 1.99 1.985 1.983 1.976 1.974 1.973 1.974 1.974 1.974 1.974 1.974 1.976 1.979 1.981 1.984 1.987 1.99 1.996 2.003 2.006 2.019 2.135 2.135 2.135 2.135 2.139 2.134 2.134 2.149 2.152 2.416 2.459 2.459 2.487 2.459 2.412 1.316 1.305 1.298 1.285 1.285 1.269 1.258 1.242 1.23 1.219 1.219 1.214 1.213 1.209 1.205 1.199 1.183 1.177 1.172 1.158 1.148 1.146 1.137 1.131 1.12 1.12 1.112 1.102 1.098 1.093 1.085 1.082 1.075 1.068 1.061 1.056 1.045 1.041 1.04 1.033 1.03 1.025 1.022 1.012 1.008 1.001 1 0.988 0.987 0.973 0.968 0.964 0.964 0.961 0.952 0.949 0.942 0.938 0.937 0.933 0.932 0.928 0.924 0.921 0.913 0.911 0.909 0.909 0.909 0.911 0.929 0.946 0.946 0.946 0.933 0.916 0.912 0.9 0.889 0.884 0.883 0.88 0.873 0.863 0.857 0.857 0.857 0.859 0.861 0.867 0.87 0.872 0.874 0.887 0.889 0.905 0.906 0.925 0.944 0.952 0.965 0.967 0.983 0.995 1.005 1.014 1.024 1.035 1.055 1.065 1.075 1.078 1.1 1.113 1.127 1.143 1.147 1.163 1.174 1.2 1.212 1.235 1.252 1.269 1.28 1.299 1.32 1.348 1.364 1.386 1.403 1.421 1.456 1.456 1.456 1.456 1.456 1.456 1.454 1.454 1.454 1.454 1.438 1.437 1.429 1.421 1.42 1.418 1.418 1.418 1.418 1.418 1.419 1.423 2.744 2.745 2.745 2.745 2.744 2.736 2.736 2.736 2.74 2.741 2.745 2.745 2.754 2.774 3.452 3.452 3.452 3.45 3.445 3.437 3.436 3.436 3.435 3.435 3.435 3.429 3.428 3.424 3.421 3.421 3.42 3.42 3.419 3.417 3.417 3.416 3.416 3.414 3.417 3.417 3.417 3.416 3.417 3.416 3.416 3.416 3.416 3.416 3.412 3.412 3.382 3.379 3.379 3.382 3.38 3.383 3.388 3.383 3.38 2.51 2.51 2.508 2.507 2.504 2.503 2.503 2.504 2.533 2.55 2.55 2.554 3.472 3.479 3.48 3.48 3.484 3.508 3.508 3.508 0.01 1.516 1.488 1.417 1.417 1.417 1.418 1.419 1.419 1.419 1.42 1.421 1.422 1.435 1.447 1.447 1.447 1.452 1.452 1.457 1.464 1.465 1.468 1.471 1.472 1.478 1.478 1.481 1.485 1.485 1.49 1.499 1.511 1.511 1.512 1.519 1.522 1.537 1.538 1.54 1.542 1.555 1.556 1.56 1.57 1.575 1.578 1.579 1.592 1.592 1.6 1.601 1.606 1.61 1.624 1.628 1.635 1.64 1.647 1.654 1.656 1.667 1.678 1.68 1.687 1.695 1.696 1.706 1.721 1.727 1.732 1.745 1.754 1.762 1.777 1.786 1.795 1.798 1.814 1.824 1.828 1.845 1.851 1.866 1.874 1.883 1.891 1.901 1.914 1.927 1.941 1.948 1.96 1.965 1.983 2 2.005 2.02 2.037 2.041 2.071 2.077 2.097 2.107 2.113 2.133 2.152 2.173 2.178 2.203 2.207 2.232 2.246 2.266 2.285 2.294 2.297 2.317 2.39 2.433 2.46 2.483 2.498 2.531 2.556 2.568 2.601 2.615 2.656 2.684 2.702 2.73 2.766 2.792 2.821 2.861 2.881 2.915 2.961 2.961 2.969 2.969 2.986 3.04 3.089 3.135 3.166 3.211 3.258 3.308 3.361 3.406 3.464 3.506 3.562 3.623 3.672 3.733 3.807 3.855 3.919 3.991 4.047 4.121 4.205 4.205 4.205 1.417 1.413 1.412 1.404 1.404 1.398 1.398 1.394 1.394 1.391 1.389 1.386 1.386 1.385 1.383 1.383 1.383 1.378 1.375 1.373 1.37 1.369 1.369 1.368 1.368 1.366 1.358 1.356 1.356 1.356 1.356 1.356 1.358 1.356 1.358 1.358 1.356 1.356 1.351 1.351 1.353 1.355 1.353 1.353 1.355 1.352 1.351 1.352 1.354 1.347 1.354 1.354 1.354 1.354 1.354 1.354 1.355 1.351 1.355 1.356 1.355 1.356 1.357 1.36 1.36 1.36 1.36 1.357 1.357 1.353 1.353 1.36 1.363 1.365 1.366 1.367 1.368 1.369 1.37 1.373 1.375 1.38 1.381 1.381 1.382 1.386 1.386 1.386 1.388 1.39 1.397 1.397 1.397 1.399 1.399 1.402 1.404 1.405 1.406 1.415 1.422 1.426 1.427 1.426 1.426 1.426 1.435 1.437 1.44 1.442 1.443 1.443 1.45 1.452 1.466 1.468 1.468 1.466 1.444 
1 1 1 1 1 1 1 1 1 1 1 1 1 1 1 1 1 1 1 1 1 1 1 1 1 1 1 1 1 1 1 1 1 1 1 1 1 1 1 1 1 1 1 1 1 1 1 1 1 1 1 1 1 1 1 1 1 1 1 1 1 1 1 1 1 1 1 1 1 1 1 1 1 1 1 1 1 1 1 1 1 1 1 1 1 1 1 1 1 1 1 1 1 1 1 1 1 1 1 1 1 1 1 1 1 1 1 1 1 1 1 1 1 1 1 1 1 1 1 1 1 1 1 1 1 1 1 1 1 1 1 1 1 1 1 1 1 1 1 1 1 1 1 1 1 1 1 1 1 1 1 1 1 1 1 1 1 1 1 1 1 1 1 1 1 1 1 1 1 1 1 1 1 1 1 1 1 1 1 1 1 1 1 1 1 1 1 1 1 1 1 1 1 1 1 1 1 1 1 1 1 1 1 1 1 1 1 1 1 1 1 1 1 1 1 1 1 1 1 1 1 1 1 1 1 1 1 1 1 1 1 1 1 1 1 1 1 1 1 1 1 1 1 1 1 1 1 1 1 1 1 1 1 1 1 1 1 1 1 1 1 1 1 1 1 1 1 1 1 1 1 1 1 1 1 1 1 1 1 1 1 1 1 1 1 1 1 1 1 1 1 1 1 1 1 1 1 1 1 1 1 1 1 1 1 1 1 1 1 1 1 1 1 1 1 1 1 1 1 1 1 1 1 1 1 1 1 1 1 1 1 1 1 1 1 1 1 1 1 1 1 1 1 1 1 1 1 1 1 1 1 1 1 1 1 1 1 1 1 1 1 1 1 1 1 1 1 1 1 1 1 1 1 1 1 1 1 1 1 1 1 1 1 1 1 1 1 1 1 1 1 1 1 1 1 1 0 1 1 1 1 1 1 1 1 1 1 1 1 1 1 1 1 1 1 1 1 1 1 1 1 1 1 1 1 1 1 1 1 1 1 1 1 1 1 1 1 1 1 1 1 1 1 1 1 1 1 1 1 1 1 1 1 1 1 1 1 1 1 1 1 1 1 1 1 1 1 1 1 1 1 1 1 1 1 1 1 1 1 1 1 1 1 1 1 1 1 1 1 1 1 1 1 1 1 1 1 1 1 1 1 1 1 1 1 1 1 1 1 1 1 1 1 1 1 1 1 1 1 1 1 1 1 1 1 1 1 1 1 1 1 1 1 1 1 1 1 1 1 1 1 1 1 1 1 1 1 1 1 1 1 1 1 1 1 1 1 1 1 1 1 1 1 1 1 1 1 1 1 1 1 1 1 1 1 1 1 1 1 1 1 1 1 1 1 1 1 1 1 1 1 1 1 1 1 1 1 1 1 1 1 1 1 1 1 1 1 1 1 1 1 1 1 1 1 1 1 1 1 1 1 1 1 1 1 1 1 1 1 1 1 1 1 1 1 1 1 1 1 1 1 1 1 1 1 1 1 1 1 1 1 1 1 1 1 1 1 1 1 1 1 1 1 1 1 1 1 1 1 1 1 1 1 1 1 1 1 1 1 1 1 1 
