# This file contains a 2D laser scan observation. 
# Its format is: 
# [aperture] [max_range] [number_of_scans] 
# [vector_of_scans] 
# [vector_of_valid_scans] 
# The aperture of the sensor is in radians, the maximum range 
# and measurements are in meters. '1' means a valid scan, '0' otherwise.
4.1847
5.6
682
0.57 0.574 0.574 0.574 0.572 0.569 0.566 0.569 0.569 0.569 0.566 0.566 0.566 0.564 0.564 0.563 0.563 0.563 0.567 0.567 0.571 0.571 0.572 0.573 0.572 0.566 0.566 0.566 0.565 0.565 0.564 0.564 0.564 0.564 0.564 0.564 0.564 0.564 0.567 0.567 0.567 0.567 0.569 0.569 0.569 0.569 0.571 0.571 0.572 0.572 0.573 0.572 0.571 0.571 0.571 0.571 0.574 0.574 0.574 0.575 0.577 0.577 0.577 0.577 0.577 0.541 0.539 0.521 0.497 0.465 0.455 0.444 0.437 0.436 0.431 0.423 0.414 0.414 0.414 0.414 0.405 0.403 0.403 0.405 0.403 0.398 0.398 0.398 0.398 0.397 0.398 0.398 0.398 0.398 0.41 0.414 0.414 0.413 0.413 0.417 0.418 0.423 0.423 0.424 0.43 2.534 2.534 2.538 2.538 2.538 2.546 2.55 2.565 2.603 2.611 2.619 2.625 2.634 2.64 2.645 2.645 2.652 2.674 2.891 2.904 2.97 3.612 3.623 3.623 3.623 3.612 3.564 3.036 3.011 2.994 2.981 2.978 2.969 2.963 2.961 2.951 2.951 2.951 2.955 2.955 2.956 2.958 2.969 2.974 2.977 2.979 3 3.019 3.113 3.137 3.148 0 0 0 0 0 0 0 0 0 0 0 0 0 0 0 0 0 0 0 0 0 0 0 0 0 0 0 0 0 0 0 0 0 0 0 0 0 0 0 0 0 0 0 0 0 0 0 0 0 0 0 0 1.866 1.866 1.82 1.815 1.614 1.594 1.585 1.566 1.563 1.559 1.549 1.548 1.541 1.541 1.539 1.537 1.537 1.537 1.537 1.541 1.545 1.552 1.555 1.559 1.56 1.575 1.593 1.602 1.608 2.252 2.252 2.252 2.248 2.247 2.246 2.241 2.231 2.231 2.228 2.227 2.224 2.219 2.214 2.211 2.209 2.207 2.205 2.199 2.197 2.197 2.197 2.192 2.189 2.189 2.187 2.187 2.183 2.181 2.178 2.177 2.173 2.172 2.173 2.172 2.172 2.171 2.17 2.169 2.169 2.164 2.164 2.164 2.164 2.165 2.166 2.166 2.165 2.164 2.161 2.161 2.164 2.164 2.164 2.169 2.164 2.16 2.158 2.156 2.156 2.156 2.156 2.165 2.165 2.165 2.167 2.167 0 0 0 0 0 0 0 0 2.192 2.191 2.189 2.191 2.192 2.201 2.202 2.204 2.204 2.208 2.21 2.211 2.214 0 0 0 0 0 0 0 2.26 2.253 2.253 2.26 2.267 2.271 2.277 0 0 0 0 0 0 0 0 0 0 0 0 0 0 0 0 0 0 0 0 0 0 0 0 0 0 0 0 0 0 0 0 0 0 0 0 0 0 0 0 0 0 0 0 0 0 1.933 1.903 1.892 1.875 1.861 1.849 1.827 1.815 1.79 1.785 1.768 1.764 1.75 1.725 1.71 1.7 1.699 1.682 1.663 1.653 1.642 1.631 1.626 1.608 1.599 1.594 1.582 1.573 1.567 1.553 1.541 1.533 1.525 1.51 1.508 1.497 1.491 1.488 1.478 1.468 1.451 1.446 1.437 1.43 1.424 1.415 1.405 1.403 1.396 1.394 1.383 1.375 1.365 1.364 1.331 0.386 0.382 0.374 0.374 0.373 0.368 0.368 0.368 0.368 0.367 0.366 0.37 0.37 0.371 0.379 0.413 0.414 0.426 0.426 0.426 0.366 0.363 0.357 0.357 0.354 0.353 0.353 0.352 0.35 0.346 0.344 0.342 0.337 0.333 0.333 0.326 0.326 0.326 0.329 0.329 0.329 0.329 0.331 0.332 0.331 0.331 0.332 0.332 0.337 0.34 0.344 0.345 0.348 0.351 0.351 0.354 0.365 0.37 0.372 0.383 0.387 0.401 0.45 0.466 0.481 0.493 0.506 0.527 0.535 0.553 0.572 0.59 0.611 0.65 0.674 0.692 0.72 0.738 0.777 0.797 0.837 0.862 0.896 0.938 0.958 0.962 0.972 0.979 1.001 1.078 1.474 1.577 1.699 1.824 2.612 2.617 0 4.811 4.816 4.816 4.816 4.816 0.006 0.006 0.006 0.006 0.006 0.006 0.006 0.006 0 0 0 0 0 0 0 0 0 0 0 0 0 0 0 0 0 0 0 0 0 4.398 4.385 4.268 4.268 4.097 4.097 3.964 3.84 3.631 3.536 3.44 3.356 3.266 3.206 3.119 3.04 2.972 2.972 2.891 2.808 2.722 2.718 2.718 2.722 2.734 2.746 2.746 2.746 2.738 2.738 2.738 2.75 2.752 2.752 2.752 2.088 2.076 2.049 2.028 2.001 1.976 1.951 1.923 1.901 1.881 1.852 1.834 1.814 1.793 1.762 1.75 1.721 1.708 1.691 1.668 1.65 1.637 1.608 1.596 1.59 1.568 1.557 1.553 1.553 1.557 1.559 1.565 1.582 1.584 1.594 1.601 1.607 1.615 1.627 1.631 1.632 1.637 1.659 1.664 1.669 1.676 1.677 1.691 1.705 1.709 1.719 1.726 1.744 1.745 1.762 1.771 1.772 1.787 1.799 1.812 1.823 1.835 1.84 1.854 1.871 1.874 1.885 1.902 1.911 1.92 1.933 1.945 1.962 1.972 1.985 2.004 
1 1 1 1 1 1 1 1 1 1 1 1 1 1 1 1 1 1 1 1 1 1 1 1 1 1 1 1 1 1 1 1 1 1 1 1 1 1 1 1 1 1 1 1 1 1 1 1 1 1 1 1 1 1 1 1 1 1 1 1 1 1 1 1 1 1 1 1 1 1 1 1 1 1 1 1 1 1 1 1 1 1 1 1 1 1 1 1 1 1 1 1 1 1 1 1 1 1 1 1 1 1 1 1 1 1 1 1 1 1 1 1 1 1 1 1 1 1 1 1 1 1 1 1 1 1 1 1 1 1 1 1 1 1 1 1 1 1 1 1 1 1 1 1 1 1 1 1 1 1 1 1 1 1 1 1 0 0 0 0 0 0 0 0 0 0 0 0 0 0 0 0 0 0 0 0 0 0 0 0 0 0 0 0 0 0 0 0 0 0 0 0 0 0 0 0 0 0 0 0 0 0 0 0 0 0 0 0 1 1 1 1 1 1 1 1 1 1 1 1 1 1 1 1 1 1 1 1 1 1 1 1 1 1 1 1 1 1 1 1 1 1 1 1 1 1 1 1 1 1 1 1 1 1 1 1 1 1 1 1 1 1 1 1 1 1 1 1 1 1 1 1 1 1 1 1 1 1 1 1 1 1 1 1 1 1 1 1 1 1 1 1 1 1 1 1 1 1 1 1 1 1 1 1 0 0 0 0 0 0 0 0 1 1 1 1 1 1 1 1 1 1 1 1 1 0 0 0 0 0 0 0 1 1 1 1 1 1 1 0 0 0 0 0 0 0 0 0 0 0 0 0 0 0 0 0 0 0 0 0 0 0 0 0 0 0 0 0 0 0 0 0 0 0 0 0 0 0 0 0 0 0 0 0 0 1 1 1 1 1 1 1 1 1 1 1 1 1 1 1 1 1 1 1 1 1 1 1 1 1 1 1 1 1 1 1 1 1 1 1 1 1 1 1 1 1 1 1 1 1 1 1 1 1 1 1 1 1 1 1 1 1 1 1 1 1 1 1 1 1 1 1 1 1 1 1 1 1 1 1 1 1 1 1 1 1 1 1 1 1 1 1 1 1 1 1 1 1 1 1 1 1 1 1 1 1 1 1 1 1 1 1 1 1 1 1 1 1 1 1 1 1 1 1 1 1 1 1 1 1 1 1 1 1 1 1 1 1 1 1 1 1 1 1 1 1 1 1 1 1 1 1 1 1 1 1 0 1 1 1 1 1 0 0 0 0 0 0 0 0 0 0 0 0 0 0 0 0 0 0 0 0 0 0 0 0 0 0 0 0 0 1 1 1 1 1 1 1 1 1 1 1 1 1 1 1 1 1 1 1 1 1 1 1 1 1 1 1 1 1 1 1 1 1 1 1 1 1 1 1 1 1 1 1 1 1 1 1 1 1 1 1 1 1 1 1 1 1 1 1 1 1 1 1 1 1 1 1 1 1 1 1 1 1 1 1 1 1 1 1 1 1 1 1 1 1 1 1 1 1 1 1 1 1 1 1 1 1 1 1 1 1 1 1 1 1 1 1 1 1 1 1 
