# This file contains a 2D laser scan observation. 
# Its format is: 
# [aperture] [max_range] [number_of_scans] 
# [vector_of_scans] 
# [vector_of_valid_scans] 
# The aperture of the sensor is in radians, the maximum range 
# and measurements are in meters. '1' means a valid scan, '0' otherwise.
4.1847
5.6
682
0.638 0.642 0.642 0.638 0.636 0.636 0.636 0.634 0.631 0.631 0.63 0.628 0.627 0.627 0.624 0.624 0.62 0.62 0.62 0.62 0.586 0.446 0.438 0.432 0.431 0.429 0.423 0.421 0.421 0.423 0.425 0.425 0.428 0.436 0.436 0.437 0.438 0.438 0.438 0.438 0.438 0.438 0.442 0.442 0.449 0.449 0.449 0.439 0.439 0.439 0.51 0.707 0.729 0.734 0.737 0.737 0.737 0.737 0.727 0.725 0.719 0.717 0.717 0.719 2.356 2.356 2.356 2.356 2.354 2.354 2.35 2.354 2.354 2.355 2.357 2.36 2.361 2.362 2.367 2.369 2.367 2.369 2.377 2.381 2.384 2.387 2.392 2.395 2.417 2.417 2.428 2.444 2.445 2.446 2.476 2.477 0 0 0 0 0.007 0 0 0 3.393 3.371 3.371 3.393 3.393 3.371 2.49 2.473 2.468 2.46 2.46 2.46 2.464 2.467 2.467 2.47 2.476 2.478 2.49 2.495 2.509 2.539 2.545 2.557 2.558 2.568 2.568 2.568 2.58 2.58 2.674 2.752 2.923 3.63 3.663 3.663 3.621 3.621 3.585 3.555 3.555 3.533 3.473 2.93 2.912 2.898 2.889 2.878 2.87 2.864 2.857 2.856 2.856 2.854 2.854 2.854 2.854 2.857 2.859 2.863 2.871 2.883 2.888 2.904 3.026 0.007 0 0 0 0 0 0 0 0 0 0 0 2.752 2.752 2.752 0 0 0 0 0 0 0 0 0 0 0 0 0 0 0 0 0 0 0 0 0 0 0 0 0 0 0 0 0 0 0 0 0 0 0 0 1.648 1.639 1.438 1.417 1.403 1.388 1.377 1.37 1.36 1.36 1.359 1.35 1.348 1.348 1.345 1.345 1.346 1.348 1.346 1.348 1.349 1.35 1.362 1.362 1.363 1.366 1.381 1.383 1.394 1.409 1.43 2.076 2.076 2.076 2.072 2.067 2.066 2.053 2.052 2.051 2.043 2.042 2.034 2.034 2.031 2.027 2.025 2.02 2.017 2.016 2.014 2.011 2.009 2.008 1.99 1.99 1.988 1.985 1.983 1.982 1.979 1.979 1.977 1.976 1.972 1.97 1.97 1.966 1.958 1.96 1.957 1.956 1.956 1.956 1.956 1.958 1.958 1.958 1.958 1.956 1.951 1.95 1.947 1.947 1.945 1.945 1.945 1.944 1.943 1.942 1.942 1.942 1.942 1.94 1.942 1.94 1.94 1.938 1.943 1.942 1.942 1.942 1.945 1.945 1.946 1.946 1.946 1.946 0 0 0 1.138 1.131 1.131 1.131 1.156 1.955 1.969 1.969 1.969 1.967 1.969 1.969 1.974 1.974 1.976 1.979 1.987 1.987 1.987 1.989 1.991 2 0 0 0 0.007 0 0 0 2.034 2.034 2.034 2.039 2.04 2.048 2.05 2.053 2.059 0 0 0 0 0 0 0 0 0 0 0 0 0 0 0 0 0 0 0 0 0 0 0 0 0 0 0 0 0 0 0 0 0 0 0 0 0 0 0 0 0 0 0 0 0 0 0 0 0 0 0.007 1.735 1.708 1.693 1.673 1.663 1.654 1.645 1.633 1.613 1.61 1.592 1.588 1.567 1.557 1.551 1.538 1.53 1.516 1.506 1.506 1.488 1.48 1.476 1.454 1.451 1.445 1.444 1.42 1.414 1.402 1.402 1.402 1.388 1.378 1.374 1.368 1.364 1.358 1.345 1.334 1.33 1.329 1.318 1.305 1.298 1.293 1.293 1.291 1.285 1.273 1.267 1.263 1.256 1.252 1.251 1.245 1.238 1.236 1.225 1.221 1.22 1.214 1.205 1.201 1.198 1.194 1.188 1.184 1.179 1.177 1.173 1.17 1.168 1.168 1.165 1.159 1.156 1.148 1.145 1.14 1.133 1.135 1.132 1.13 1.13 1.13 1.12 1.12 1.116 1.113 1.11 1.105 1.104 1.095 1.095 1.093 1.093 1.087 1.09 1.087 1.085 1.082 1.063 1.061 0.989 0.979 0.937 0.918 0.876 0.837 0.79 0.736 0.699 0.649 0.629 0.596 0.567 0.547 0.522 0.492 0.47 0.462 0.438 0.434 0.407 0.401 0.391 0.375 0.363 0.354 0.342 0.335 0.324 0.318 0.311 0.302 0.293 0.286 0.284 0.278 0.278 0.263 0.259 0.253 0.253 0.249 0.249 0.251 0.251 0.249 0.249 0.249 0.249 0.252 0.252 0.252 0.251 0.251 0.251 0.254 0.259 0.26 0.266 0.287 0.292 0.292 0.292 0.284 0.283 0.28 0.276 0.276 0.276 0.274 0.274 0.267 0.266 0.267 0.269 0.269 0.269 0.27 0.27 0.266 0.266 0.266 0.266 0.27 0.271 0.27 0.27 0.269 0.268 0.267 0.266 0.262 0.266 0.265 0.262 0.265 0.265 0.265 0.267 0.269 0.27 0.272 0.275 0.279 0.285 2.729 2.741 2.741 2.741 2.741 2.752 2.752 2.771 2.771 2.771 2.767 2.767 2.767 2.788 2.788 2.789 2.808 2.851 2.851 2.851 2.204 2.141 2.11 2.106 2.092 2.067 2.044 2.025 2.007 1.994 1.966 1.957 1.932 1.915 1.899 1.882 1.871 1.856 1.835 1.815 1.805 1.785 1.766 1.754 1.74 1.725 1.711 1.69 1.68 1.669 1.657 1.645 1.645 
1 1 1 1 1 1 1 1 1 1 1 1 1 1 1 1 1 1 1 1 1 1 1 1 1 1 1 1 1 1 1 1 1 1 1 1 1 1 1 1 1 1 1 1 1 1 1 1 1 1 1 1 1 1 1 1 1 1 1 1 1 1 1 1 1 1 1 1 1 1 1 1 1 1 1 1 1 1 1 1 1 1 1 1 1 1 1 1 1 1 1 1 1 1 1 1 0 0 0 0 0 0 0 0 1 1 1 1 1 1 1 1 1 1 1 1 1 1 1 1 1 1 1 1 1 1 1 1 1 1 1 1 1 1 1 1 1 1 1 1 1 1 1 1 1 1 1 1 1 1 1 1 1 1 1 1 1 1 1 1 1 1 1 1 1 1 1 1 1 0 0 0 0 0 0 0 0 0 0 0 0 1 1 1 0 0 0 0 0 0 0 0 0 0 0 0 0 0 0 0 0 0 0 0 0 0 0 0 0 0 0 0 0 0 0 0 0 0 0 0 1 1 1 1 1 1 1 1 1 1 1 1 1 1 1 1 1 1 1 1 1 1 1 1 1 1 1 1 1 1 1 1 1 1 1 1 1 1 1 1 1 1 1 1 1 1 1 1 1 1 1 1 1 1 1 1 1 1 1 1 1 1 1 1 1 1 1 1 1 1 1 1 1 1 1 1 1 1 1 1 1 1 1 1 1 1 1 1 1 1 1 1 1 1 1 1 1 1 1 1 1 1 1 1 1 1 1 1 0 0 0 1 1 1 1 1 1 1 1 1 1 1 1 1 1 1 1 1 1 1 1 1 1 0 0 0 0 0 0 0 1 1 1 1 1 1 1 1 1 0 0 0 0 0 0 0 0 0 0 0 0 0 0 0 0 0 0 0 0 0 0 0 0 0 0 0 0 0 0 0 0 0 0 0 0 0 0 0 0 0 0 0 0 0 0 0 0 0 0 0 1 1 1 1 1 1 1 1 1 1 1 1 1 1 1 1 1 1 1 1 1 1 1 1 1 1 1 1 1 1 1 1 1 1 1 1 1 1 1 1 1 1 1 1 1 1 1 1 1 1 1 1 1 1 1 1 1 1 1 1 1 1 1 1 1 1 1 1 1 1 1 1 1 1 1 1 1 1 1 1 1 1 1 1 1 1 1 1 1 1 1 1 1 1 1 1 1 1 1 1 1 1 1 1 1 1 1 1 1 1 1 1 1 1 1 1 1 1 1 1 1 1 1 1 1 1 1 1 1 1 1 1 1 1 1 1 1 1 1 1 1 1 1 1 1 1 1 1 1 1 1 1 1 1 1 1 1 1 1 1 1 1 1 1 1 1 1 1 1 1 1 1 1 1 1 1 1 1 1 1 1 1 1 1 1 1 1 1 1 1 1 1 1 1 1 1 1 1 1 1 1 1 1 1 1 1 1 1 1 1 1 1 1 1 1 1 1 1 1 1 1 1 1 1 1 1 1 1 1 1 1 1 1 1 1 1 1 1 1 1 1 1 1 1 1 1 1 1 1 1 1 1 1 1 1 1 1 1 1 1 1 1 
