# This file contains a 2D laser scan observation. 
# Its format is: 
# [aperture] [max_range] [number_of_scans] 
# [vector_of_scans] 
# [vector_of_valid_scans] 
# The aperture of the sensor is in radians, the maximum range 
# and measurements are in meters. '1' means a valid scan, '0' otherwise.
4.1847
5.6
682
0.694 0.681 0.675 0.674 0.672 0.671 0.668 0.667 0.667 0.66 0.659 0.659 0.652 0.651 0.651 0.647 0.647 0.647 0.647 0.646 0.633 0.632 0.631 0.626 0.508 0.421 0.417 0.409 0.407 0.407 0.407 0.412 0.418 0.418 0.421 0.421 0.418 0.413 0.413 0.413 0.413 0.414 0.414 0.413 0.412 0.41 0.408 0.408 0.412 0.413 0.415 0.415 0.418 0.421 0.426 0.429 0.452 0.452 0.466 0.495 0.533 0.549 0.553 0.582 0.597 0.608 0.617 0.645 0.664 0.681 0.687 0.687 0.687 0.687 0.687 0.686 0.687 0.687 0.687 0.687 0.853 0.853 0.853 0.813 0.813 0.813 0.878 0 0 0 0 0.007 0.006 0.007 3.121 3.121 3.175 3.175 3.194 3.196 3.196 3.196 3.19 3.159 2.964 2.901 2.872 2.862 2.862 2.862 3.03 3.094 3.104 3.111 3.112 3.112 3.112 3.112 3.023 2.971 2.952 2.952 2.952 2.961 3.24 3.255 3.258 3.265 3.268 3.272 3.274 3.274 3.283 3.291 3.296 3.304 3.307 3.312 3.321 3.322 3.328 3.335 3.338 3.341 3.351 3.351 3.351 3.351 3.351 3.371 3.371 3.371 2.444 2.404 2.404 2.404 2.406 2.408 2.411 2.418 2.42 2.438 2.447 2.453 2.466 2.473 2.477 2.479 2.48 2.481 2.49 2.594 2.702 2.717 2.729 2.739 3.595 3.614 3.621 3.621 3.621 3.59 3.558 3.519 3.474 3.474 3.439 3.388 2.832 2.821 2.815 2.802 2.795 2.788 2.774 2.772 2.772 2.762 2.765 2.762 2.762 2.762 2.765 2.769 2.77 2.777 2.78 2.789 2.798 2.814 2.947 0 0 0 0 0 0 0 0 0 0 0 0 0 0 0 0 0 0 0 0 0 0 0 0 0 0 0 0 0 0 0 0 0 0 0 0 0 0 0 0 0 0 0 0 0 0 0 0 0 0 0 1.528 1.528 1.501 1.321 1.301 1.279 1.266 1.264 1.26 1.248 1.248 1.247 1.244 1.242 1.238 1.23 1.231 1.23 1.23 1.23 1.231 1.23 1.235 1.235 1.235 1.238 1.247 1.25 1.257 1.258 1.261 1.277 1.292 1.304 1.407 1.964 1.964 1.964 1.957 1.956 1.95 1.945 1.943 1.938 1.937 1.935 1.932 1.923 1.92 1.914 1.913 1.909 1.909 1.907 1.902 1.892 1.892 1.887 1.885 1.883 1.881 1.881 1.879 1.874 1.874 1.872 1.872 1.871 1.871 1.868 1.868 1.867 1.867 1.867 1.864 1.857 1.857 1.857 1.857 1.856 1.85 1.85 1.85 1.846 1.849 1.844 1.842 1.844 1.842 1.842 1.846 1.846 1.845 1.845 1.842 1.84 1.839 1.839 1.839 1.84 1.84 1.84 1.84 1.84 1.84 1.841 1.841 1.844 1.847 1.848 1.848 1.848 1.849 1.85 1.851 1.851 1.851 1.857 1.86 1.861 0 0 0 1.044 1.01 1.01 1.01 1.044 1.065 1.887 1.889 1.893 1.889 1.889 1.893 1.894 1.897 1.899 1.899 1.899 1.905 1.915 1.916 1.921 1.922 1.927 1.927 1.921 1.927 4.326 0 0 0 0 0 0 0 0 0 0 0 0 0 0 0 0 0 0 0 0 0 0 0 0 0 0 0 0 0 0 0 0 0 0 0 0 0 0 0 0 0 0 0 0 0 0 0 0 0 0 0 0 0 0 0 0 0 0 0 0 0 0 0 0 1.658 1.652 1.636 1.624 1.61 1.605 1.591 1.587 1.58 1.564 1.556 1.533 1.532 1.531 1.507 1.505 1.503 1.486 1.482 1.466 1.453 1.452 1.448 1.431 1.429 1.424 1.423 1.412 1.405 1.401 1.386 1.385 1.37 1.37 1.36 1.346 1.343 1.34 1.339 1.329 1.327 1.326 1.316 1.315 1.303 1.297 1.297 1.297 1.289 1.272 1.272 1.271 1.266 1.266 1.252 1.248 1.243 1.241 1.239 1.239 1.233 1.221 1.219 1.215 1.212 1.21 1.205 1.203 1.202 1.197 1.188 1.186 1.185 1.181 1.181 1.174 1.173 1.17 1.164 1.16 1.16 1.16 1.159 1.159 1.148 1.147 1.146 1.139 1.139 1.136 1.136 1.135 1.135 1.133 1.132 1.129 1.128 1.128 1.125 1.123 1.121 1.121 1.121 1.116 1.115 1.114 1.112 1.11 1.109 1.104 1.062 0.985 0.956 0.935 0.915 0.883 0.865 0.839 0.815 0.794 0.784 0.763 0.741 0.736 0.715 0.706 0.691 0.671 0.666 0.646 0.632 0.628 0.61 0.599 0.592 0.584 0.575 0.562 0.549 0.544 0.531 0.522 0.52 0.507 0.498 0.49 0.486 0.48 0.479 0.471 0.46 0.451 0.446 0.442 0.435 0.433 0.429 0.429 0.42 0.412 0.409 0.409 0.397 0.396 0.396 0.382 0.377 0.377 0.377 0.375 0.373 0.369 0.361 0.361 0.352 0.35 0.347 0.344 0.343 0.333 0.332 0.328 0.327 0.324 0.323 0.32 0.318 0.318 0.32 0.32 0.321 0.321 0.321 0.321 0.325 0.327 0.325 0.327 0.332 0.333 0.333 0.361 0.361 0.361 0.351 0.351 
1 1 1 1 1 1 1 1 1 1 1 1 1 1 1 1 1 1 1 1 1 1 1 1 1 1 1 1 1 1 1 1 1 1 1 1 1 1 1 1 1 1 1 1 1 1 1 1 1 1 1 1 1 1 1 1 1 1 1 1 1 1 1 1 1 1 1 1 1 1 1 1 1 1 1 1 1 1 1 1 1 1 1 1 1 1 1 0 0 0 0 0 0 0 1 1 1 1 1 1 1 1 1 1 1 1 1 1 1 1 1 1 1 1 1 1 1 1 1 1 1 1 1 1 1 1 1 1 1 1 1 1 1 1 1 1 1 1 1 1 1 1 1 1 1 1 1 1 1 1 1 1 1 1 1 1 1 1 1 1 1 1 1 1 1 1 1 1 1 1 1 1 1 1 1 1 1 1 1 1 1 1 1 1 1 1 1 1 1 1 1 1 1 1 1 1 1 1 1 1 1 1 1 1 1 1 1 1 1 1 1 0 0 0 0 0 0 0 0 0 0 0 0 0 0 0 0 0 0 0 0 0 0 0 0 0 0 0 0 0 0 0 0 0 0 0 0 0 0 0 0 0 0 0 0 0 0 0 0 0 0 0 1 1 1 1 1 1 1 1 1 1 1 1 1 1 1 1 1 1 1 1 1 1 1 1 1 1 1 1 1 1 1 1 1 1 1 1 1 1 1 1 1 1 1 1 1 1 1 1 1 1 1 1 1 1 1 1 1 1 1 1 1 1 1 1 1 1 1 1 1 1 1 1 1 1 1 1 1 1 1 1 1 1 1 1 1 1 1 1 1 1 1 1 1 1 1 1 1 1 1 1 1 1 1 1 1 1 1 1 1 1 1 1 1 1 1 1 1 1 1 1 0 0 0 1 1 1 1 1 1 1 1 1 1 1 1 1 1 1 1 1 1 1 1 1 1 1 1 1 1 1 0 0 0 0 0 0 0 0 0 0 0 0 0 0 0 0 0 0 0 0 0 0 0 0 0 0 0 0 0 0 0 0 0 0 0 0 0 0 0 0 0 0 0 0 0 0 0 0 0 0 0 0 0 0 0 0 0 0 0 0 0 0 0 0 1 1 1 1 1 1 1 1 1 1 1 1 1 1 1 1 1 1 1 1 1 1 1 1 1 1 1 1 1 1 1 1 1 1 1 1 1 1 1 1 1 1 1 1 1 1 1 1 1 1 1 1 1 1 1 1 1 1 1 1 1 1 1 1 1 1 1 1 1 1 1 1 1 1 1 1 1 1 1 1 1 1 1 1 1 1 1 1 1 1 1 1 1 1 1 1 1 1 1 1 1 1 1 1 1 1 1 1 1 1 1 1 1 1 1 1 1 1 1 1 1 1 1 1 1 1 1 1 1 1 1 1 1 1 1 1 1 1 1 1 1 1 1 1 1 1 1 1 1 1 1 1 1 1 1 1 1 1 1 1 1 1 1 1 1 1 1 1 1 1 1 1 1 1 1 1 1 1 1 1 1 1 1 1 1 1 1 1 1 1 1 1 1 1 1 1 1 1 1 1 1 1 1 1 1 1 
