# This file contains a 2D laser scan observation. 
# Its format is: 
# [aperture] [max_range] [number_of_scans] 
# [vector_of_scans] 
# [vector_of_valid_scans] 
# The aperture of the sensor is in radians, the maximum range 
# and measurements are in meters. '1' means a valid scan, '0' otherwise.
4.1847
5.6
682
0.403 0.402 0.401 0.401 0.397 0.397 0.395 0.395 0.397 0.397 0.395 0.394 0.392 0.392 0.392 0.392 0.39 0.39 0.39 0.389 0.389 0.389 0.388 0.388 0.386 0.385 0.384 0.385 0.385 0.386 0.386 0.386 0.386 0.386 0.382 0.38 0.38 0.379 0.38 0.383 0.383 0.383 0.385 0.385 0.385 0.385 0.385 0.387 0.387 0.386 0.386 0.385 0.382 0.382 0.382 0.382 0.382 0.382 0.382 0.382 0.382 0.384 0.384 0.385 0.385 0.38 0.379 0.377 0.377 0.38 0.381 0.387 0.387 0.391 0.391 0.464 0.516 0.516 0.516 0.494 0.478 0.451 0.44 0.427 0.42 0.42 0.389 0.373 0.339 0.338 0.336 0.325 0.324 0.32 0.32 0.325 0.335 0.345 0.364 0.379 0.38 0.38 0.381 0.397 0.414 0.455 0 0 0 0 0 0 0 0 0 0 0 0 0 0 0 0 0 0 0 0.436 0.434 0.402 0.391 0.366 0.364 0.361 0.361 0.357 0.357 0.366 0.368 0.371 0.372 0.373 0.374 0.375 0.377 0.38 0.384 0.386 0.387 0.388 0.389 0.389 0.396 0.399 0.401 0.403 0.404 0.407 0.408 0.41 0.408 0.41 0.411 0.416 0.417 0.421 0.423 0.424 0.428 0.429 0.429 0.429 0.436 0.438 0.444 0.444 0.449 0.449 0.449 0.454 0.455 0.459 0.469 0.471 0.475 0.477 0.482 0.487 0.487 0.488 0.492 0.5 0.503 0.507 0.515 0.521 0.524 0.532 0.535 0.535 0.55 0.558 0.561 0.565 0.571 0.574 0.579 0.581 0.585 0.604 0.619 0.619 0.63 0.632 0.651 0.652 0.668 0.668 0.675 0.675 0.688 0.689 0.705 0.705 0.711 0.712 0.736 0.749 0.754 0.762 0.768 0.786 0.794 0.804 0.825 0.829 0.831 0.844 0.868 0.879 0.911 0.931 0.007 0 0 0 0 0 0 0 0 0 0 0 0 0 0 0 0 0 0 0 0 0 2.69 2.688 2.682 2.682 2.678 2.674 2.666 2.658 2.655 2.655 2.655 2.655 2.655 2.65 2.648 2.644 2.641 2.64 2.639 2.638 2.638 2.635 2.635 2.634 2.618 2.074 2.041 2.041 2.039 2.038 2.037 2.037 2.037 2.038 2.038 2.043 2.044 2.047 2.049 2.052 2.055 2.057 2.058 2.061 2.061 2.066 2.071 2.076 2.086 2.093 2.096 2.096 2.096 2.091 2.075 2.075 2.075 2.636 2.636 2.637 2.637 2.637 2.641 2.643 2.649 2.65 2.657 2.658 2.661 2.665 2.667 2.675 2.676 2.676 2.68 2.686 2.689 2.692 2.694 2.7 2.7 2.702 2.706 2.72 2.72 2.721 2.735 2.737 2.739 2.746 2.756 2.759 2.759 2.76 2.774 2.774 2.775 2.774 2.756 1.845 1.844 1.844 1.844 1.861 2.107 2.133 2.133 2.132 2.113 2.113 2.099 2.091 2.078 2.07 2.07 2.07 2.895 2.953 2.954 2.962 2.962 2.962 2.956 2.9 2.884 2.86 2.828 2.801 2.797 2.791 2.781 2.527 2.222 2.209 2.203 2.188 2.181 2.177 2.165 2.158 2.155 2.153 2.145 2.145 2.144 2.144 2.144 2.144 2.144 2.146 2.147 2.147 2.149 2.151 2.165 2.165 2.166 2.169 2.189 2.199 2.274 2.298 2.298 2.309 2.309 0 0 0 0 0 0 0 0 0 0 0 0 0 0 0 2.078 2.078 2.078 0 0 0 0 0 0 0 0 0 0 0 0 0 0 0 0 0 0 0 0 0 0 0 0 0 0 0 0 0 0 0 0 0 0 0 0 0 0 0 0 0 0 0 0 0 0 0 0 0 0 0 0 0 0 0 0 0 1.684 1.676 1.671 1.668 1.667 1.66 1.658 1.657 1.65 1.65 1.649 1.649 1.648 1.64 1.648 1.64 1.631 1.05 1.043 1.043 1.043 1.051 1.612 1.612 1.612 1.609 1.603 1.549 1.454 0.963 0.896 0.886 0.876 0.869 0.859 0.849 0.839 0.837 0.836 0.833 0.826 0.826 0.825 0.825 0.823 0.823 0.817 0.817 0.817 0.818 0.809 0.818 0.814 0.818 0.817 0.817 0.815 0.815 0.815 0.815 0.817 0.822 0.824 0.826 0.829 0.833 0.838 0.84 0.849 0.854 0.856 0.861 0.862 0.871 0.891 0.911 1.021 1.601 1.602 1.606 1.606 1.608 1.609 1.61 1.609 1.611 1.613 1.613 1.616 1.623 1.624 1.624 1.626 1.633 1.634 1.635 1.636 1.639 1.639 1.64 1.648 1.652 1.656 1.656 1.663 1.665 1.672 1.675 1.678 1.683 1.684 1.691 1.692 1.693 1.701 1.701 1.706 1.711 1.711 1.716 1.718 1.73 1.736 1.736 1.741 1.742 1.748 1.755 1.756 1.772 1.772 1.777 1.777 1.779 1.793 1.797 1.798 1.805 1.82 1.825 1.832 1.832 1.838 1.84 1.855 1.863 1.871 1.874 1.879 1.886 1.893 1.908 1.912 1.92 1.927 1.928 1.93 1.948 1.952 1.97 1.972 1.984 1.999 2 2.017 2.022 2.032 2.042 2.047 2.063 0 0 0 0 0 0 0 0 0 0 
1 1 1 1 1 1 1 1 1 1 1 1 1 1 1 1 1 1 1 1 1 1 1 1 1 1 1 1 1 1 1 1 1 1 1 1 1 1 1 1 1 1 1 1 1 1 1 1 1 1 1 1 1 1 1 1 1 1 1 1 1 1 1 1 1 1 1 1 1 1 1 1 1 1 1 1 1 1 1 1 1 1 1 1 1 1 1 1 1 1 1 1 1 1 1 1 1 1 1 1 1 1 1 1 1 1 0 0 0 0 0 0 0 0 0 0 0 0 0 0 0 0 0 0 0 1 1 1 1 1 1 1 1 1 1 1 1 1 1 1 1 1 1 1 1 1 1 1 1 1 1 1 1 1 1 1 1 1 1 1 1 1 1 1 1 1 1 1 1 1 1 1 1 1 1 1 1 1 1 1 1 1 1 1 1 1 1 1 1 1 1 1 1 1 1 1 1 1 1 1 1 1 1 1 1 1 1 1 1 1 1 1 1 1 1 1 1 1 1 1 1 1 1 1 1 1 1 1 1 1 1 1 1 1 1 1 1 1 1 1 0 0 0 0 0 0 0 0 0 0 0 0 0 0 0 0 0 0 0 0 0 0 1 1 1 1 1 1 1 1 1 1 1 1 1 1 1 1 1 1 1 1 1 1 1 1 1 1 1 1 1 1 1 1 1 1 1 1 1 1 1 1 1 1 1 1 1 1 1 1 1 1 1 1 1 1 1 1 1 1 1 1 1 1 1 1 1 1 1 1 1 1 1 1 1 1 1 1 1 1 1 1 1 1 1 1 1 1 1 1 1 1 1 1 1 1 1 1 1 1 1 1 1 1 1 1 1 1 1 1 1 1 1 1 1 1 1 1 1 1 1 1 1 1 1 1 1 1 1 1 1 1 1 1 1 1 1 1 1 1 1 1 1 1 1 1 1 1 1 1 1 1 1 1 1 1 1 1 1 1 1 1 1 1 1 1 1 0 0 0 0 0 0 0 0 0 0 0 0 0 0 0 1 1 1 0 0 0 0 0 0 0 0 0 0 0 0 0 0 0 0 0 0 0 0 0 0 0 0 0 0 0 0 0 0 0 0 0 0 0 0 0 0 0 0 0 0 0 0 0 0 0 0 0 0 0 0 0 0 0 0 0 1 1 1 1 1 1 1 1 1 1 1 1 1 1 1 1 1 1 1 1 1 1 1 1 1 1 1 1 1 1 1 1 1 1 1 1 1 1 1 1 1 1 1 1 1 1 1 1 1 1 1 1 1 1 1 1 1 1 1 1 1 1 1 1 1 1 1 1 1 1 1 1 1 1 1 1 1 1 1 1 1 1 1 1 1 1 1 1 1 1 1 1 1 1 1 1 1 1 1 1 1 1 1 1 1 1 1 1 1 1 1 1 1 1 1 1 1 1 1 1 1 1 1 1 1 1 1 1 1 1 1 1 1 1 1 1 1 1 1 1 1 1 1 1 1 1 1 1 1 1 1 1 1 1 1 1 1 1 1 1 1 1 1 1 1 1 1 1 1 1 0 0 0 0 0 0 0 0 0 0 
