# This file contains a 2D laser scan observation. 
# Its format is: 
# [aperture] [max_range] [number_of_scans] 
# [vector_of_scans] 
# [vector_of_valid_scans] 
# The aperture of the sensor is in radians, the maximum range 
# and measurements are in meters. '1' means a valid scan, '0' otherwise.
4.1847
5.6
682
1.28 1.28 1.28 1.281 1.281 1.281 1.278 1.278 1.278 1.27 1.269 1.267 1.267 1.267 1.266 1.263 1.263 1.263 1.263 1.259 1.26 1.263 1.26 1.259 1.26 1.259 1.252 0.696 0.696 0.695 0.689 0.695 0.699 0.699 0.708 1.254 1.254 1.254 1.254 1.253 1.253 1.254 1.255 1.255 1.257 1.257 1.257 1.255 1.245 0.7 0.61 0.592 0.58 0.566 0.564 0.563 0.561 0.557 0.549 0.547 0.543 0.54 0.537 0.536 0.534 0.533 0.533 0.528 0.527 0.526 0.522 0.52 0.519 0.519 0.519 0.519 0.519 0.52 0.52 0.52 0.519 0.519 0.519 0.519 0.519 0.52 0.521 0.521 0.521 0.521 0.519 0.519 0.521 0.521 0.52 0.52 0.52 0.52 0.523 0.532 0.533 0.534 0.534 0.536 0.539 0.543 0.548 0.55 0.555 0.559 0.561 0.561 0.565 0.572 0.578 0.587 0.606 0.621 1.447 1.447 1.448 1.448 1.463 1.469 1.469 1.479 1.481 1.494 1.502 1.505 1.512 1.513 1.514 1.519 1.528 1.533 1.542 1.558 1.559 1.566 1.57 1.583 1.584 1.598 1.599 1.602 1.613 1.621 1.63 1.646 1.649 1.656 1.658 1.685 1.687 1.709 1.721 1.725 1.725 1.727 1.75 1.757 1.766 1.782 1.79 1.793 1.814 1.824 1.832 1.85 1.856 1.867 1.893 1.903 1.923 1.923 1.941 1.947 1.966 1.982 1.992 0 0 0 0 0 0 0 0 0 0 0 0 0 0 0 0 0 0 0 0 0 0 0 0 0 0 0 0 0 0 0 0 0 0 0 0 0 0 0 0 0 1.081 1.081 1.081 0 0 0 0 0 0 0 0 0 0 0 0 0 0 0 0.007 0 0 0 1.985 1.984 1.984 1.971 1.971 1.969 1.968 1.967 1.967 1.963 1.956 1.955 1.951 1.945 1.944 1.939 1.939 1.939 1.938 1.938 1.935 1.935 1.926 1.924 1.924 1.924 1.924 1.921 1.921 1.913 1.916 1.916 1.914 1.914 1.914 1.911 1.91 1.91 1.909 1.909 1.909 1.908 1.907 1.907 1.907 1.907 1.905 1.905 1.905 1.894 1.897 1.897 1.897 1.897 1.903 1.909 1.909 1.909 1.909 1.909 1.911 1.911 1.911 1.912 1.911 1.911 1.913 1.918 1.918 1.918 1.922 1.919 1.921 1.923 1.929 1.929 1.929 1.931 1.937 1.938 1.941 1.941 1.941 1.941 1.834 1.819 1.8 1.781 1.761 1.756 1.744 1.722 1.709 1.7 1.68 1.665 1.651 1.646 1.636 1.621 1.599 1.599 1.581 1.571 1.558 1.552 1.544 1.534 1.525 1.519 1.5 1.486 1.483 1.472 1.469 1.456 1.447 1.441 1.425 1.416 1.414 1.404 1.4 1.387 1.384 1.372 1.367 1.361 1.351 1.338 1.335 1.328 1.325 1.315 1.306 1.306 1.306 1.318 1.344 1.35 1.35 1.353 1.354 1.355 1.355 1.365 2.924 2.924 2.924 2.897 2.876 2.849 2.837 2.817 2.791 2.768 2.747 2.729 2.729 2.729 2.732 2.752 2.763 2.781 2.789 2.812 2.824 2.841 2.858 2.876 2.888 2.918 2.919 2.943 2.964 2.986 3.001 3.017 3.04 3.059 3.079 3.087 3.115 3.132 3.152 3.186 3.203 3.225 3.257 3.268 3.284 3.319 3.346 3.374 3.401 3.429 3.429 3.429 3.411 3.411 3.411 3.458 3.569 3.651 3.684 3.719 3.765 3.799 3.825 3.859 3.914 3.951 3.988 4.027 4.065 4.107 4.107 4.107 0.81 0.797 0.796 0.794 0.794 0.789 0.779 0.778 0.769 0.769 0.769 0.769 0.768 0.765 0.766 0.765 0.765 0.764 0.764 0.763 0.757 0.757 0.755 0.75 0.75 0.75 0.748 0.745 0.741 0.741 0.738 0.738 0.736 0.731 0.731 0.731 0.731 0.728 0.731 0.727 0.727 0.727 0.727 0.719 0.718 0.718 0.716 0.716 0.716 0.716 0.715 0.71 0.71 0.71 0.717 0.717 0.717 0.647 0.643 0.643 0.643 0.643 0.643 0.64 0.638 0.637 0.637 0.637 0.637 0.634 0.634 0.631 0.631 0.637 0.637 0.637 0.637 0.637 0.64 0.645 0.647 0.649 0.651 0.659 0.661 0.661 0.659 0.656 0.652 0.646 0.642 0.641 0.637 0.637 0.637 0.637 0.637 0.637 0.637 0.638 0.638 0.635 0.637 0.641 0.637 0.636 0.637 0.638 0.638 0.645 0.666 0.707 0.715 0.766 0.772 0 0 0 0 0 0 0 1.154 1.152 1.144 1.116 1.072 0.849 0.761 0.708 0.682 0.679 0.679 0.679 0.681 0.682 0.684 0.684 0.684 0.684 0.689 0.689 0.689 0.689 0.69 0.69 0.69 0.696 0.697 0.697 0.697 0.697 0.7 0.708 0.709 0.709 0.709 0.709 0.719 0.719 0.719 0.719 0.725 0.725 0.729 0.73 0.733 0.735 0.736 0.736 0.743 0.744 0.747 0.749 0.756 0.756 0.759 0.762 0.778 0.78 0.785 0.786 0.787 0.791 0.791 0.796 0.797 0.798 0.804 0.813 0.814 0.82 0.823 0.841 0.846 0.849 0.856 0.858 0.861 0.868 0.87 0.87 0.876 0.888 0.891 0.895 0.907 0.908 0.918 0.918 0.926 0.932 0.934 0.935 0.941 0.945 0.941 0.958 0.967 0.98 
1 1 1 1 1 1 1 1 1 1 1 1 1 1 1 1 1 1 1 1 1 1 1 1 1 1 1 1 1 1 1 1 1 1 1 1 1 1 1 1 1 1 1 1 1 1 1 1 1 1 1 1 1 1 1 1 1 1 1 1 1 1 1 1 1 1 1 1 1 1 1 1 1 1 1 1 1 1 1 1 1 1 1 1 1 1 1 1 1 1 1 1 1 1 1 1 1 1 1 1 1 1 1 1 1 1 1 1 1 1 1 1 1 1 1 1 1 1 1 1 1 1 1 1 1 1 1 1 1 1 1 1 1 1 1 1 1 1 1 1 1 1 1 1 1 1 1 1 1 1 1 1 1 1 1 1 1 1 1 1 1 1 1 1 1 1 1 1 1 1 1 1 1 1 1 1 1 1 1 1 1 0 0 0 0 0 0 0 0 0 0 0 0 0 0 0 0 0 0 0 0 0 0 0 0 0 0 0 0 0 0 0 0 0 0 0 0 0 0 0 0 0 1 1 1 0 0 0 0 0 0 0 0 0 0 0 0 0 0 0 0 0 0 0 1 1 1 1 1 1 1 1 1 1 1 1 1 1 1 1 1 1 1 1 1 1 1 1 1 1 1 1 1 1 1 1 1 1 1 1 1 1 1 1 1 1 1 1 1 1 1 1 1 1 1 1 1 1 1 1 1 1 1 1 1 1 1 1 1 1 1 1 1 1 1 1 1 1 1 1 1 1 1 1 1 1 1 1 1 1 1 1 1 1 1 1 1 1 1 1 1 1 1 1 1 1 1 1 1 1 1 1 1 1 1 1 1 1 1 1 1 1 1 1 1 1 1 1 1 1 1 1 1 1 1 1 1 1 1 1 1 1 1 1 1 1 1 1 1 1 1 1 1 1 1 1 1 1 1 1 1 1 1 1 1 1 1 1 1 1 1 1 1 1 1 1 1 1 1 1 1 1 1 1 1 1 1 1 1 1 1 1 1 1 1 1 1 1 1 1 1 1 1 1 1 1 1 1 1 1 1 1 1 1 1 1 1 1 1 1 1 1 1 1 1 1 1 1 1 1 1 1 1 1 1 1 1 1 1 1 1 1 1 1 1 1 1 1 1 1 1 1 1 1 1 1 1 1 1 1 1 1 1 1 1 1 1 1 1 1 1 1 1 1 1 1 1 1 1 1 1 1 1 1 1 1 1 1 1 1 1 1 1 1 1 1 1 1 1 1 1 1 1 1 1 1 1 1 1 1 1 1 1 1 1 1 1 1 1 1 1 1 1 1 1 1 1 1 1 1 1 1 1 1 1 1 1 0 0 0 0 0 0 0 1 1 1 1 1 1 1 1 1 1 1 1 1 1 1 1 1 1 1 1 1 1 1 1 1 1 1 1 1 1 1 1 1 1 1 1 1 1 1 1 1 1 1 1 1 1 1 1 1 1 1 1 1 1 1 1 1 1 1 1 1 1 1 1 1 1 1 1 1 1 1 1 1 1 1 1 1 1 1 1 1 1 1 1 1 1 1 1 1 1 1 1 1 1 1 1 1 1 
