# This file contains a 2D laser scan observation. 
# Its format is: 
# [aperture] [max_range] [number_of_scans] 
# [vector_of_scans] 
# [vector_of_valid_scans] 
# The aperture of the sensor is in radians, the maximum range 
# and measurements are in meters. '1' means a valid scan, '0' otherwise.
4.1847
5.6
682
0.657 0.657 0.657 0.655 0.652 0.652 0.652 0.652 0.653 0.655 0.656 0.656 0.653 0.65 0.65 0.65 0.652 0.652 0.652 0.658 0.656 0.656 0.656 0.654 0.654 0.654 0.654 0.654 0.654 0.654 0.654 0.654 0.657 0.658 0.658 0.661 0.661 0.659 0.659 0.659 0.659 0.66 0.66 0.662 0.668 0.669 0.67 0.67 0.671 0.67 0.671 0.673 0.673 0.673 0.673 0.673 0.673 0.673 0.674 0.68 0.684 0.687 0.687 0.687 0.687 0.687 0.686 0.686 0.686 0.688 0.689 0.692 0.695 0.699 0.705 0.705 0.705 0.705 0.708 0.709 0.709 0.71 2.428 2.436 2.44 2.442 2.449 2.453 2.469 2.47 2.484 2.489 2.507 2.509 2.519 2.519 2.524 2.541 2.544 2.544 2.544 2.538 2.51 2.507 2.461 2.42 2.412 2.384 2.355 2.337 2.318 2.288 2.263 2.251 2.224 2.221 2.18 2.173 2.158 2.128 2.122 2.103 2.097 2.097 2.097 2.099 2.111 2.119 2.131 2.144 2.145 2.16 2.162 2.179 2.197 2.209 2.217 2.223 2.244 2.251 2.258 2.27 2.284 2.301 2.33 2.331 2.335 2.335 2.335 2.335 2.329 1.435 1.421 1.415 1.408 1.398 1.395 1.382 1.372 1.372 1.364 1.361 1.349 1.346 1.335 1.33 1.32 1.289 1.24 1.222 1.202 1.196 1.196 1.196 1.207 1.212 1.215 1.228 1.247 1.272 1.284 1.303 1.303 1.314 1.331 1.345 1.368 1.376 1.387 1.387 1.387 1.248 1.123 1.101 1.082 1.068 1.066 1.056 1.043 1.042 1.041 1.033 1.032 1.025 1.023 1.02 1.018 1.014 1.013 1.01 1.01 1.009 1.009 1.007 1.007 1.007 1.009 1.009 1.009 1.009 1.009 1.013 1.014 1.017 1.022 1.024 1.03 1.035 1.038 1.046 1.05 1.057 1.062 1.077 1.084 1.095 1.141 1.302 1.326 1.328 1.328 1.328 1.318 1.318 1.318 1.317 1.317 1.317 1.315 1.315 1.315 1.315 1.313 1.312 1.312 1.305 1.305 1.305 1.308 1.308 1.308 1.307 1.306 1.302 1.302 1.297 1.297 1.299 1.3 1.3 1.302 1.3 1.301 1.301 1.3 1.3 1.299 1.299 1.299 1.298 1.298 1.302 1.303 1.304 1.306 1.312 1.312 1.306 1.312 1.312 1.312 1.312 1.312 1.312 1.315 1.317 1.318 1.318 1.318 1.319 1.32 1.32 1.32 1.321 1.321 1.322 1.323 1.338 1.338 1.338 1.348 1.345 1.345 1.35 1.353 1.359 1.36 1.36 1.36 1.361 1.364 1.367 1.371 1.374 1.376 1.379 1.384 1.386 1.388 1.391 1.394 1.394 1.406 1.407 1.408 1.408 1.417 1.421 1.422 1.424 1.438 1.441 1.443 1.447 1.447 1.451 1.462 1.462 1.468 1.476 1.477 1.482 1.485 1.498 1.498 1.503 1.513 1.513 1.514 1.522 1.532 1.542 1.546 1.548 1.559 1.563 1.571 1.573 1.575 1.593 1.594 1.596 1.605 1.605 1.605 1.573 1.564 1.564 1.551 1.535 1.522 1.504 1.495 1.478 1.473 1.463 1.454 1.446 1.429 1.427 1.407 1.402 1.399 1.39 1.376 1.369 1.364 1.352 1.348 1.336 1.33 1.314 1.304 1.301 1.3 1.298 1.275 1.273 1.27 1.258 1.254 1.24 1.235 1.234 1.227 1.221 1.217 1.212 1.206 1.194 1.192 1.187 1.182 1.17 1.164 1.161 1.158 1.156 1.152 1.151 1.14 1.137 1.137 1.131 1.12 1.119 1.114 1.112 1.107 1.104 1.102 1.102 1.09 1.089 1.084 1.082 1.077 1.075 1.07 1.067 1.066 1.061 1.057 1.053 1.051 1.048 1.043 1.042 1.038 1.034 1.027 1.026 1.026 1.025 1.025 1.021 1.02 1.018 1.015 1.015 1.013 1.007 1.007 1 0.998 0.996 0.996 0.995 0.995 0.995 0.993 0.991 0.991 0.991 0.991 0.991 0.987 0.985 0.983 0.977 0.974 0.974 0.974 0.974 0.97 0.972 0.97 0.968 0.968 0.967 0.964 0.961 0.961 0.961 0.961 0.961 0.961 0.961 0.96 0.959 0.958 0.958 0.958 0.958 0.957 0.959 0.958 0.957 0.958 0.958 0.958 0.956 0.955 0.955 0.955 0.955 0.952 0.951 0.951 0.95 0.951 0.952 0.952 0.952 0.955 0.955 0.955 0.955 0.955 0.962 0.958 0.962 0.964 0.964 0.969 0.972 0.98 0.981 1.05 1.287 1.29 1.29 1.292 1.295 1.296 1.298 1.296 1.296 1.282 1.262 1.237 1.209 1.175 1.139 1.016 1.009 1.008 1.002 1.002 1.002 1.002 1.002 1 1 1.006 1.01 1.01 1.01 1.011 1.011 1.01 1.015 1.015 1.018 1.019 1.021 1.031 1.037 1.039 1.039 1.043 1.047 1.044 1.052 1.057 1.06 1.06 1.06 1.065 1.069 1.07 1.073 1.073 1.076 1.088 1.09 1.092 1.097 1.1 1.102 1.112 1.12 1.125 1.126 1.127 1.129 1.132 1.146 1.146 1.147 1.147 1.15 1.163 1.171 1.179 1.186 1.187 1.19 1.194 1.205 1.211 1.217 1.219 1.226 1.227 1.235 1.244 1.251 1.266 1.268 1.273 1.274 1.28 1.3 1.3 1.3 1.295 1.288 1.287 1.287 1.288 1.291 1.303 1.309 1.315 1.326 1.328 1.33 1.336 1.345 1.359 1.366 1.368 1.379 1.399 1.405 1.409 1.416 1.431 1.45 1.451 1.471 1.48 1.493 1.499 1.515 1.522 1.542 1.557 1.572 1.586 1.605 
1 1 1 1 1 1 1 1 1 1 1 1 1 1 1 1 1 1 1 1 1 1 1 1 1 1 1 1 1 1 1 1 1 1 1 1 1 1 1 1 1 1 1 1 1 1 1 1 1 1 1 1 1 1 1 1 1 1 1 1 1 1 1 1 1 1 1 1 1 1 1 1 1 1 1 1 1 1 1 1 1 1 1 1 1 1 1 1 1 1 1 1 1 1 1 1 1 1 1 1 1 1 1 1 1 1 1 1 1 1 1 1 1 1 1 1 1 1 1 1 1 1 1 1 1 1 1 1 1 1 1 1 1 1 1 1 1 1 1 1 1 1 1 1 1 1 1 1 1 1 1 1 1 1 1 1 1 1 1 1 1 1 1 1 1 1 1 1 1 1 1 1 1 1 1 1 1 1 1 1 1 1 1 1 1 1 1 1 1 1 1 1 1 1 1 1 1 1 1 1 1 1 1 1 1 1 1 1 1 1 1 1 1 1 1 1 1 1 1 1 1 1 1 1 1 1 1 1 1 1 1 1 1 1 1 1 1 1 1 1 1 1 1 1 1 1 1 1 1 1 1 1 1 1 1 1 1 1 1 1 1 1 1 1 1 1 1 1 1 1 1 1 1 1 1 1 1 1 1 1 1 1 1 1 1 1 1 1 1 1 1 1 1 1 1 1 1 1 1 1 1 1 1 1 1 1 1 1 1 1 1 1 1 1 1 1 1 1 1 1 1 1 1 1 1 1 1 1 1 1 1 1 1 1 1 1 1 1 1 1 1 1 1 1 1 1 1 1 1 1 1 1 1 1 1 1 1 1 1 1 1 1 1 1 1 1 1 1 1 1 1 1 1 1 1 1 1 1 1 1 1 1 1 1 1 1 1 1 1 1 1 1 1 1 1 1 1 1 1 1 1 1 1 1 1 1 1 1 1 1 1 1 1 1 1 1 1 1 1 1 1 1 1 1 1 1 1 1 1 1 1 1 1 1 1 1 1 1 1 1 1 1 1 1 1 1 1 1 1 1 1 1 1 1 1 1 1 1 1 1 1 1 1 1 1 1 1 1 1 1 1 1 1 1 1 1 1 1 1 1 1 1 1 1 1 1 1 1 1 1 1 1 1 1 1 1 1 1 1 1 1 1 1 1 1 1 1 1 1 1 1 1 1 1 1 1 1 1 1 1 1 1 1 1 1 1 1 1 1 1 1 1 1 1 1 1 1 1 1 1 1 1 1 1 1 1 1 1 1 1 1 1 1 1 1 1 1 1 1 1 1 1 1 1 1 1 1 1 1 1 1 1 1 1 1 1 1 1 1 1 1 1 1 1 1 1 1 1 1 1 1 1 1 1 1 1 1 1 1 1 1 1 1 1 1 1 1 1 1 1 1 1 1 1 1 1 1 1 1 1 1 1 1 1 1 1 1 1 1 1 1 1 1 1 1 1 1 1 1 1 1 1 1 1 1 1 1 1 1 1 1 1 1 1 1 1 1 1 1 1 1 1 1 1 1 1 1 1 1 1 1 1 1 1 1 1 1 1 1 1 1 1 
