# This file contains a 2D laser scan observation. 
# Its format is: 
# [aperture] [max_range] [number_of_scans] 
# [vector_of_scans] 
# [vector_of_valid_scans] 
# The aperture of the sensor is in radians, the maximum range 
# and measurements are in meters. '1' means a valid scan, '0' otherwise.
4.1847
5.6
682
1.115 0 0 0 0 0.007 0 1.317 1.317 1.311 1.31 1.302 1.298 1.291 1.29 1.28 1.263 1.262 1.255 1.252 1.242 1.239 1.231 1.23 1.219 1.21 1.206 1.202 1.2 1.185 1.178 1.176 1.176 1.172 1.171 1.158 1.158 1.156 1.15 1.145 1.142 1.128 1.126 1.118 1.116 1.112 1.112 1.105 1.103 1.095 1.094 1.091 1.088 1.084 1.079 1.079 1.079 1.076 1.07 1.069 1.064 1.057 1.057 1.054 1.054 1.054 1.051 1.044 1.042 1.036 1.035 1.035 1.035 1.033 1.033 1.024 1.021 1.018 1.018 1.018 1.017 1.014 1.012 1.012 1.012 1.007 1.003 0.994 0.994 0.994 0.994 0.994 0.993 0.992 0.99 0.99 0.99 0.988 0.988 0.988 0.987 0.987 0.985 0.987 0.985 0.985 0.985 0.983 0.982 0.979 0.975 0.972 0.972 0.972 0.977 0.977 0.98 0.98 0.981 0.982 0.985 1.013 1.018 1.031 1.039 1.039 1.039 1.039 1.03 1.024 1.016 1.009 1.003 0.993 0.984 0.984 0.98 0.983 0.983 0.983 0.983 0.985 0.985 0.985 0.985 0.983 0.981 0.981 0.982 0.982 0.986 0.987 0.987 0.989 0.994 0.994 0.991 0.991 0.991 0.991 0.996 0.996 1 1 1.007 1.009 1.009 1.01 1.007 1.012 1.012 1.015 1.015 1.016 1.016 1.021 1.021 1.022 1.024 1.027 1.028 1.03 1.035 1.036 1.037 1.039 1.047 1.047 1.047 1.048 1.054 1.054 1.055 1.068 1.068 1.068 1.069 1.077 1.078 1.08 1.081 1.082 1.085 1.086 1.098 1.1 1.101 1.105 1.11 1.113 1.117 1.12 1.127 1.133 1.133 1.139 1.148 1.154 1.156 1.16 1.168 1.168 1.172 1.175 1.181 1.19 1.191 1.196 1.196 1.205 1.206 1.22 1.223 1.225 1.234 1.255 1.255 1.255 1.255 1.256 1.266 1.274 1.279 1.284 1.286 1.302 1.31 1.311 1.321 1.333 1.34 1.347 1.35 1.363 1.375 1.375 1.387 1.398 1.402 1.413 1.425 1.44 1.44 1.445 1.459 1.477 1.487 1.487 1.503 1.51 1.535 1.539 1.559 1.561 1.58 1.591 1.601 1.62 1.627 1.643 1.651 1.661 1.689 1.848 1.866 1.866 1.871 1.871 1.871 1.871 1.871 1.874 1.878 1.88 1.887 1.895 1.896 1.907 1.925 1.934 1.94 1.968 1.998 3.633 3.633 3.633 3.629 3.619 3.619 3.618 3.602 3.592 3.58 3.58 3.58 3.627 3.658 3.695 3.754 3.781 3.832 3.89 3.953 4.007 4.065 4.116 4.178 4.268 4.268 4.278 4.275 4.268 4.265 4.251 4.243 4.239 4.231 4.214 4.213 4.203 4.199 4.184 4.179 4.168 4.165 4.155 4.153 4.151 4.132 4.131 4.13 4.13 4.124 4.111 4.105 4.101 4.087 4.081 4.066 4.056 3.458 3.448 3.446 3.446 3.446 3.451 3.451 3.451 3.451 3.447 3.446 3.441 3.441 3.441 3.434 3.432 3.431 3.43 3.429 3.425 3.428 3.429 3.429 3.433 3.433 3.433 3.431 3.431 3.429 3.429 3.427 3.426 3.426 3.427 0 0 0 3.469 3.469 3.469 3.479 3.479 3.479 0.908 0.904 0.903 0.902 0.898 0.897 0.892 0.882 0.857 0.818 0.781 0.758 0.727 0.709 0.699 0.665 0.639 0.621 0.612 0.587 0.587 0.572 0.556 0.547 0.52 0.504 0.498 0.49 0.481 0.468 0.459 0.454 0.446 0.43 0.428 0.424 0.421 0.413 0.4 0.397 0.391 0.39 0.388 0.368 0.367 0.362 0.356 0.347 0.337 0.334 0.332 0.331 0.328 0.314 0.304 0.303 0.3 0.294 0.288 0.286 0.285 0.277 0.267 0.264 0.254 0.249 0.244 0.243 0.238 0.237 0.236 0.236 0.236 0.236 0.236 0.225 0.221 0.221 0.221 0.221 0.222 0.227 0.229 0.229 0.229 0.228 0.222 0.221 0.221 0.22 0.22 0.218 0.213 0.213 0.217 0.213 0.21 0.21 0.21 0.21 0.212 0.214 0.214 0.214 0.207 0.207 0.201 0.198 0.199 0.196 0.196 0.194 0.194 0.19 0.188 0.188 0.188 0.19 0.188 0.187 0.187 0.186 0.183 0.184 0.184 0.183 0.181 0.181 0.178 0.178 0.171 0.171 0.165 0.161 0.161 0.161 0.16 0.157 0.157 0.157 0.157 0.167 0.2 0.232 0.235 0.239 0.241 0.242 0.428 0.625 0.641 0.641 0.641 0.645 0.635 0.635 0.635 0.635 0.635 0.635 0.633 0.629 0.626 0.623 0.622 0.619 0.618 0.616 0.614 0.613 0.606 0.606 0.605 0.606 0.604 0.604 0.601 0.55 0.516 0.516 0.515 0.515 0.515 0.513 0.512 0.509 0.509 0.506 0.509 0.507 0.507 0.5 0.501 0.501 0.501 0.501 0.507 0.508 0.525 0.545 0.546 0.553 0.553 0.553 0.553 0.553 0.553 0.553 0.553 0.551 0.548 0.548 0.548 0.556 0.558 0.563 0.68 0.789 0.79 0.79 0.795 0.79 0.79 0.795 0.798 0.801 0.802 0.802 0.803 0.803 0.803 0.803 0.803 0.803 0.8 0.794 0.8 0.8 0.799 0.796 0.799 0.796 0.795 0.795 0.8 0.795 0.798 0.798 0.798 0.796 0.796 0.796 0.792 0.792 0.792 0.792 0.795 0.797 0.8 0.8 0.801 0.803 0.803 0.803 0.803 0.802 0.802 0.802 0.802 0.813 0.817 0.817 0.82 0.822 0.823 0.823 0.827 0.83 0.831 
1 0 0 0 0 0 0 1 1 1 1 1 1 1 1 1 1 1 1 1 1 1 1 1 1 1 1 1 1 1 1 1 1 1 1 1 1 1 1 1 1 1 1 1 1 1 1 1 1 1 1 1 1 1 1 1 1 1 1 1 1 1 1 1 1 1 1 1 1 1 1 1 1 1 1 1 1 1 1 1 1 1 1 1 1 1 1 1 1 1 1 1 1 1 1 1 1 1 1 1 1 1 1 1 1 1 1 1 1 1 1 1 1 1 1 1 1 1 1 1 1 1 1 1 1 1 1 1 1 1 1 1 1 1 1 1 1 1 1 1 1 1 1 1 1 1 1 1 1 1 1 1 1 1 1 1 1 1 1 1 1 1 1 1 1 1 1 1 1 1 1 1 1 1 1 1 1 1 1 1 1 1 1 1 1 1 1 1 1 1 1 1 1 1 1 1 1 1 1 1 1 1 1 1 1 1 1 1 1 1 1 1 1 1 1 1 1 1 1 1 1 1 1 1 1 1 1 1 1 1 1 1 1 1 1 1 1 1 1 1 1 1 1 1 1 1 1 1 1 1 1 1 1 1 1 1 1 1 1 1 1 1 1 1 1 1 1 1 1 1 1 1 1 1 1 1 1 1 1 1 1 1 1 1 1 1 1 1 1 1 1 1 1 1 1 1 1 1 1 1 1 1 1 1 1 1 1 1 1 1 1 1 1 1 1 1 1 1 1 1 1 1 1 1 1 1 1 1 1 1 1 1 1 1 1 1 1 1 1 1 1 1 1 1 1 1 1 1 1 1 1 1 1 1 1 1 1 1 1 1 1 1 1 1 1 1 1 1 1 1 1 1 1 1 1 1 1 1 1 1 1 1 1 1 1 1 1 1 1 1 1 1 1 1 0 0 0 1 1 1 1 1 1 1 1 1 1 1 1 1 1 1 1 1 1 1 1 1 1 1 1 1 1 1 1 1 1 1 1 1 1 1 1 1 1 1 1 1 1 1 1 1 1 1 1 1 1 1 1 1 1 1 1 1 1 1 1 1 1 1 1 1 1 1 1 1 1 1 1 1 1 1 1 1 1 1 1 1 1 1 1 1 1 1 1 1 1 1 1 1 1 1 1 1 1 1 1 1 1 1 1 1 1 1 1 1 1 1 1 1 1 1 1 1 1 1 1 1 1 1 1 1 1 1 1 1 1 1 1 1 1 1 1 1 1 1 1 1 1 1 1 1 1 1 1 1 1 1 1 1 1 1 1 1 1 1 1 1 1 1 1 1 1 1 1 1 1 1 1 1 1 1 1 1 1 1 1 1 1 1 1 1 1 1 1 1 1 1 1 1 1 1 1 1 1 1 1 1 1 1 1 1 1 1 1 1 1 1 1 1 1 1 1 1 1 1 1 1 1 1 1 1 1 1 1 1 1 1 1 1 1 1 1 1 1 1 1 1 1 1 1 1 1 1 1 1 1 1 1 1 1 1 1 1 1 1 1 1 1 1 1 1 1 1 1 1 1 1 1 1 1 1 1 1 1 1 1 1 1 1 1 1 
