# This file contains a 2D laser scan observation. 
# Its format is: 
# [aperture] [max_range] [number_of_scans] 
# [vector_of_scans] 
# [vector_of_valid_scans] 
# The aperture of the sensor is in radians, the maximum range 
# and measurements are in meters. '1' means a valid scan, '0' otherwise.
4.1847
5.6
682
0.733 0.733 0.732 0.731 0.727 0.724 0.72 0.718 0.711 0.711 0.709 0.706 0.706 0.706 0.704 0.704 0.696 0.696 0.691 0.688 0.688 0.688 0.684 0.688 0.683 0.679 0.678 0.671 0.671 0.673 0.673 0.672 0.672 0.672 0.668 0.668 0.668 0.667 0.663 0.66 0.663 0.66 0.66 0.657 0.657 0.656 0.651 0.648 0.648 0.644 0.644 0.644 0.644 0.643 0.643 0.643 0.643 0.645 0.645 0.644 0.644 0.642 0.636 0.636 0.636 0.636 0.637 0.637 0.635 0.635 0.635 0.635 0.638 0.646 0.648 0.656 0.665 0.754 0.778 0.778 0.78 0.78 0.78 0.778 0.78 0.778 0.773 0.777 0.773 0.769 0.769 0.775 0.775 0.775 0.775 0.774 0.75 0.735 0.733 0.733 0.733 0.733 0.719 0.719 0.719 0.719 0.719 0.729 0.731 0.731 0.735 0.739 0.782 0.784 0.784 0.784 0.689 0.672 0.672 0.672 0.672 0.675 0.675 0.674 0.674 0.664 0.664 0.664 0.667 0.667 0.667 0.665 0.664 0.661 0.664 0.661 0.661 0.661 0.669 0.666 0.669 0.673 0.676 0.677 0.677 0.677 0.68 0.684 0.686 0.687 0.687 0.687 0.688 0.695 0.701 0.702 0.702 0.704 0.704 0.704 0.709 0.71 0.713 0.714 0.715 0.715 0.716 0.716 0.717 0.719 0.719 0.721 0.719 0.721 0.721 0.724 0.72 0.724 0.725 0.733 0.737 0.739 0.739 0.74 0.74 0.743 0.746 0.749 0.76 0.764 0.765 0.765 0.767 0.774 2.686 2.687 2.711 2.711 2.713 2.723 2.73 2.744 2.756 2.768 2.787 2.787 2.787 2.766 2.731 2.715 2.713 2.686 2.666 2.656 2.64 2.619 2.615 2.602 2.579 2.577 2.554 2.535 2.525 2.512 2.499 2.492 2.476 2.454 2.441 2.425 2.424 2.406 2.394 2.368 2.356 2.338 2.325 2.32 2.306 2.295 2.295 2.286 2.258 2.251 2.239 2.223 2.218 2.205 2.2 2.196 2.179 2.179 2.179 2.183 2.202 2.218 2.233 2.26 2.277 2.294 2.315 2.332 2.364 2.381 2.403 2.429 2.445 2.47 2.498 2.532 2.548 2.582 2.621 2.652 2.685 2.716 2.742 2.784 2.851 2.851 2.851 2.851 2.851 2.848 2.848 2.836 2.835 2.825 2.825 2.818 2.805 2.798 2.798 2.795 2.786 2.784 2.779 2.779 2.777 2.758 2.756 2.754 2.748 2.74 2.736 2.735 2.722 2.721 2.718 2.715 2.711 2.704 2.702 2.699 2.697 2.695 2.689 2.688 2.685 2.683 2.673 2.672 2.662 2.659 2.657 2.652 2.647 2.641 2.641 2.635 2.628 1.998 1.994 1.994 1.993 1.993 1.991 1.996 1.996 1.996 2.021 2.025 2.026 2.025 2.021 2.021 2.02 2.015 2.015 2.014 2.012 2.014 2.014 2.014 2.019 2.02 2.019 2.019 2.018 2.015 2.015 2.015 2.02 2.024 2.025 2.028 2.029 2.03 2.03 2.034 2.035 2.036 2.038 2.041 2.041 2.045 2.048 2.048 2.05 2.05 2.055 2.059 2.06 2.06 2.07 2.072 2.077 2.081 2.108 2.118 2.122 2.122 2.13 2.139 2.145 2.149 2.15 2.151 2.154 2.16 2.166 2.167 2.169 2.177 2.178 2.187 2.192 2.198 2.208 2.213 2.214 2.219 2.229 2.23 2.234 2.235 2.239 2.245 2.254 2.256 2.257 2.273 2.276 2.279 2.293 2.303 2.309 2.311 2.317 2.329 2.335 2.342 2.352 2.356 2.36 2.362 2.366 2.395 2.396 2.401 2.415 2.423 2.433 2.437 2.453 2.453 2.459 2.459 2.459 1.227 1.201 1.201 1.201 1.214 1.419 1.421 1.426 1.505 2.608 2.621 2.639 2.639 2.656 2.659 2.682 2.696 2.706 2.723 2.727 2.747 2.756 2.776 2.79 2.795 2.82 2.838 2.838 2.838 0.926 0.925 0.925 0.925 0.929 0.93 1.44 1.454 1.454 1.454 1.54 2.395 2.395 2.396 2.406 2.406 2.407 2.414 2.432 2.432 2.432 1.507 1.507 1.507 1.53 1.534 1.902 1.958 1.969 1.99 2.611 2.611 2.611 2.591 2.59 2.583 2.566 2.557 2.552 2.552 2.536 2.529 1.179 1.179 1.177 1.167 1.157 0.984 0.981 0.98 0.98 0.978 0.968 0.968 0.964 0.964 0.96 0.96 0.966 0.975 0.987 1 1.028 2.342 2.343 2.343 2.342 2.337 2.333 2.292 2.254 2.162 1.62 1.62 1.62 2.282 2.282 2.282 2.282 2.273 2.271 1.764 1.75 1.743 1.742 1.693 1.693 1.693 2.228 2.228 2.228 2.226 2.225 2.22 2.219 2.21 1.91 1.819 1.792 1.783 1.764 1.761 1.74 1.248 1.146 1.146 1.146 1.502 1.502 1.502 1.487 1.416 1.307 1.227 1.221 1.22 1.22 1.221 1.227 1.228 1.236 1.241 1.255 1.258 1.262 1.265 1.266 1.268 1.269 1.271 1.269 1.271 1.271 1.262 1.26 1.238 1.231 1.231 1.231 1.238 1.244 1.248 1.253 1.253 1.248 1.248 1.232 1.183 1.17 1.156 1.153 1.153 1.156 1.156 1.167 1.168 1.172 1.185 1.185 1.19 1.199 1.201 1.201 1.204 1.204 1.204 1.203 1.203 1.203 1.21 1.21 1.21 1.21 1.21 1.217 1.217 1.217 1.214 1.214 1.214 1.214 1.218 1.218 1.222 1.223 1.223 1.227 1.234 1.236 1.247 1.253 1.262 1.271 1.278 1.279 1.291 1.293 1.293 1.299 1.301 1.305 1.306 1.317 1.317 
1 1 1 1 1 1 1 1 1 1 1 1 1 1 1 1 1 1 1 1 1 1 1 1 1 1 1 1 1 1 1 1 1 1 1 1 1 1 1 1 1 1 1 1 1 1 1 1 1 1 1 1 1 1 1 1 1 1 1 1 1 1 1 1 1 1 1 1 1 1 1 1 1 1 1 1 1 1 1 1 1 1 1 1 1 1 1 1 1 1 1 1 1 1 1 1 1 1 1 1 1 1 1 1 1 1 1 1 1 1 1 1 1 1 1 1 1 1 1 1 1 1 1 1 1 1 1 1 1 1 1 1 1 1 1 1 1 1 1 1 1 1 1 1 1 1 1 1 1 1 1 1 1 1 1 1 1 1 1 1 1 1 1 1 1 1 1 1 1 1 1 1 1 1 1 1 1 1 1 1 1 1 1 1 1 1 1 1 1 1 1 1 1 1 1 1 1 1 1 1 1 1 1 1 1 1 1 1 1 1 1 1 1 1 1 1 1 1 1 1 1 1 1 1 1 1 1 1 1 1 1 1 1 1 1 1 1 1 1 1 1 1 1 1 1 1 1 1 1 1 1 1 1 1 1 1 1 1 1 1 1 1 1 1 1 1 1 1 1 1 1 1 1 1 1 1 1 1 1 1 1 1 1 1 1 1 1 1 1 1 1 1 1 1 1 1 1 1 1 1 1 1 1 1 1 1 1 1 1 1 1 1 1 1 1 1 1 1 1 1 1 1 1 1 1 1 1 1 1 1 1 1 1 1 1 1 1 1 1 1 1 1 1 1 1 1 1 1 1 1 1 1 1 1 1 1 1 1 1 1 1 1 1 1 1 1 1 1 1 1 1 1 1 1 1 1 1 1 1 1 1 1 1 1 1 1 1 1 1 1 1 1 1 1 1 1 1 1 1 1 1 1 1 1 1 1 1 1 1 1 1 1 1 1 1 1 1 1 1 1 1 1 1 1 1 1 1 1 1 1 1 1 1 1 1 1 1 1 1 1 1 1 1 1 1 1 1 1 1 1 1 1 1 1 1 1 1 1 1 1 1 1 1 1 1 1 1 1 1 1 1 1 1 1 1 1 1 1 1 1 1 1 1 1 1 1 1 1 1 1 1 1 1 1 1 1 1 1 1 1 1 1 1 1 1 1 1 1 1 1 1 1 1 1 1 1 1 1 1 1 1 1 1 1 1 1 1 1 1 1 1 1 1 1 1 1 1 1 1 1 1 1 1 1 1 1 1 1 1 1 1 1 1 1 1 1 1 1 1 1 1 1 1 1 1 1 1 1 1 1 1 1 1 1 1 1 1 1 1 1 1 1 1 1 1 1 1 1 1 1 1 1 1 1 1 1 1 1 1 1 1 1 1 1 1 1 1 1 1 1 1 1 1 1 1 1 1 1 1 1 1 1 1 1 1 1 1 1 1 1 1 1 1 1 1 1 1 1 1 1 1 1 1 1 1 1 1 1 1 1 1 1 1 1 1 1 1 1 1 1 1 1 1 1 1 1 1 1 1 1 1 1 1 1 1 1 1 1 1 1 1 1 
