# This file contains a 2D laser scan observation. 
# Its format is: 
# [aperture] [max_range] [number_of_scans] 
# [vector_of_scans] 
# [vector_of_valid_scans] 
# The aperture of the sensor is in radians, the maximum range 
# and measurements are in meters. '1' means a valid scan, '0' otherwise.
4.1847
5.6
682
0.832 0.836 0.836 0.836 0.834 0.811 0.806 0.803 0.798 0.791 0.785 0.781 0.779 0.779 0.756 0.752 0.749 0.742 0.744 0.738 0.735 0.726 0.726 0.717 0.715 0.706 0.705 0.704 0.702 0.693 0.69 0.69 0.687 0.685 0.678 0.669 0.641 0.636 0.628 0.624 0.624 0.624 0.624 0.625 0.625 0.625 0.624 0.625 0.624 0.625 0.625 0.628 0.676 0.692 0.692 0.702 0.712 0.716 0.726 0.735 0.744 0.746 0.755 0.762 0.776 0.783 0.787 0.801 0.802 0.83 0.83 0.83 0.786 0.644 0.632 0.632 0.63 0.63 0.628 0.625 0.625 0.624 0.622 0.622 0.617 0.617 0.616 0.617 0.617 0.617 0.616 0.612 0.606 0.605 0.604 0.604 0.603 0.602 0.602 0.602 0.601 0.597 0.585 0.585 0.577 0.577 0.577 0.591 0.58 0.58 0.58 0.577 0.574 0.572 0.572 0.572 0.57 0.57 0.578 0.568 0.566 0.566 0.573 0.573 0.573 0.574 0.574 0.578 0.581 0.624 0.657 0.661 0.669 0.669 0.669 0.669 0.663 0.663 0.666 0.67 0.69 0.726 0.746 0.771 0.777 0.784 0.882 0.925 0.951 1.024 1.102 1.228 1.238 1.242 1.242 1.243 4.134 4.134 4.134 4.13 4.127 4.127 3.456 3.29 2.986 2.898 2.83 2.781 2.758 2.72 2.64 2.626 2.625 2.589 2.532 2.423 2.329 2.273 2.16 2.027 2.024 1.996 1.853 1.853 1.85 1.844 1.844 1.788 1.786 1.788 1.788 1.788 1.786 1.786 1.785 1.782 1.78 1.755 1.728 1.728 1.728 1.728 1.769 1.783 1.792 1.794 1.794 1.797 1.804 1.816 1.824 1.835 1.849 1.856 1.856 1.859 1.863 1.879 1.883 1.888 1.892 1.912 1.919 1.921 1.927 1.936 1.946 1.957 1.957 1.96 1.969 1.972 1.978 1.984 2.014 2.018 2.023 2.032 2.036 2.044 2.047 2.048 2.06 2.063 2.069 2.081 2.081 2.095 2.102 2.102 2.095 2.075 1.534 1.529 1.506 1.492 1.489 1.472 1.456 1.448 1.436 1.435 1.418 1.403 1.383 1.38 1.372 1.363 1.351 1.34 1.335 1.33 1.314 1.31 1.293 1.269 0.958 0.906 0.9 0.894 0.881 0.879 0.872 0.869 0.867 0.86 0.858 0.86 0.86 0.856 0.856 0.86 0.86 0.86 0.875 0.876 0.883 0.89 0.898 0.91 0.932 0.937 0.943 0.955 0.961 0.967 0.967 0.967 0.963 0.939 0.939 0.929 0.923 0.919 0.916 0.912 0.909 0.907 0.907 0.907 0.907 0.903 0.903 0.903 0.903 0.909 0.918 0.924 0.941 0.953 0.982 1.116 1.116 1.116 0.996 0.99 0.986 0.986 0.986 0.99 1.009 1.014 1.024 1.041 1.044 1.067 1.077 1.086 1.086 1.14 1.156 1.178 1.194 1.211 1.221 1.239 1.252 1.285 1.302 1.319 1.341 1.36 1.386 1.407 1.431 1.437 1.448 1.451 1.492 1.511 1.541 1.656 1.658 1.658 1.658 1.656 1.658 1.736 1.829 1.829 1.927 2.015 2.425 2.458 2.46 2.46 2.46 2.458 2.2 2.179 2.169 2.157 2.152 2.152 2.152 2.162 2.164 2.166 2.175 2.188 2.212 2.431 2.435 2.435 2.435 2.432 2.435 2.438 2.44 2.442 2.442 2.442 2.444 2.444 2.441 2.443 2.443 2.443 2.445 2.45 2.451 2.455 2.455 2.455 2.455 2.335 2.312 2.312 2.304 2.264 2.095 1.946 1.898 1.881 1.863 1.85 1.84 1.834 1.834 1.819 1.809 0.866 0.856 0.83 0.82 0.819 0.816 0.814 0.814 0.814 0.816 0.818 0.818 0.819 0.82 0.822 0.825 0.829 0.829 0.829 0.833 0.84 0.844 0.854 0.857 0.858 0.858 0.858 0.858 0.866 0.867 0.868 0.869 0.871 0.877 0.881 0.882 0.883 0.883 0.883 0.887 0.888 0.894 0.895 0.906 0.906 0.906 0.913 0.913 0.916 0.918 0.923 0.937 0.938 0.941 0.942 0.942 0.947 0.948 0.953 0.961 0.967 0.968 0.971 0.976 0.978 0.983 0.989 0.994 0.999 1.01 1.011 1.016 1.019 1.022 1.033 1.033 1.036 1.046 1.048 1.056 1.058 1.063 1.068 1.075 1.086 1.09 1.094 1.099 1.109 1.114 1.123 1.125 1.139 1.139 1.139 1.138 1.115 1.115 1.088 1.086 1.077 1.073 1.073 1.058 1.054 1.051 1.051 1.046 1.039 1.036 1.034 1.031 1.02 1.015 1.012 1.01 1 0.991 0.987 0.987 0.985 0.979 0.972 0.977 0.974 0.972 0.972 0.971 0.964 0.956 0.955 0.954 0.954 0.943 0.941 0.938 0.938 0.933 0.929 0.929 0.925 0.922 0.916 0.916 0.915 0.914 0.913 0.907 0.905 0.9 0.899 0.896 0.895 0.895 0.895 0.893 0.895 0.893 0.893 0.879 0.879 0.871 0.874 0.875 0.874 0.866 0.866 0.865 0.862 0.861 0.859 0.858 0.858 0.856 0.856 0.854 0.852 0.852 0.852 0.846 0.846 0.848 0.848 0.841 0.836 0.833 0.832 0.828 0.821 0.828 0.828 0.828 0.822 0.822 0.822 0.822 0.822 0.822 0.815 0.826 0.816 0.826 0.816 0.827 0.827 0.827 0.826 0.826 0.826 0.826 0.826 0.823 0.82 0.817 0.815 0.809 0.808 0.808 0.815 0.818 0.818 0.818 0.825 0.823 0.823 0.811 0.823 0.819 0.814 0.819 0.82 0.82 0.82 0.82 0.823 0.823 0.826 0.826 0.826 0.828 0.826 
1 1 1 1 1 1 1 1 1 1 1 1 1 1 1 1 1 1 1 1 1 1 1 1 1 1 1 1 1 1 1 1 1 1 1 1 1 1 1 1 1 1 1 1 1 1 1 1 1 1 1 1 1 1 1 1 1 1 1 1 1 1 1 1 1 1 1 1 1 1 1 1 1 1 1 1 1 1 1 1 1 1 1 1 1 1 1 1 1 1 1 1 1 1 1 1 1 1 1 1 1 1 1 1 1 1 1 1 1 1 1 1 1 1 1 1 1 1 1 1 1 1 1 1 1 1 1 1 1 1 1 1 1 1 1 1 1 1 1 1 1 1 1 1 1 1 1 1 1 1 1 1 1 1 1 1 1 1 1 1 1 1 1 1 1 1 1 1 1 1 1 1 1 1 1 1 1 1 1 1 1 1 1 1 1 1 1 1 1 1 1 1 1 1 1 1 1 1 1 1 1 1 1 1 1 1 1 1 1 1 1 1 1 1 1 1 1 1 1 1 1 1 1 1 1 1 1 1 1 1 1 1 1 1 1 1 1 1 1 1 1 1 1 1 1 1 1 1 1 1 1 1 1 1 1 1 1 1 1 1 1 1 1 1 1 1 1 1 1 1 1 1 1 1 1 1 1 1 1 1 1 1 1 1 1 1 1 1 1 1 1 1 1 1 1 1 1 1 1 1 1 1 1 1 1 1 1 1 1 1 1 1 1 1 1 1 1 1 1 1 1 1 1 1 1 1 1 1 1 1 1 1 1 1 1 1 1 1 1 1 1 1 1 1 1 1 1 1 1 1 1 1 1 1 1 1 1 1 1 1 1 1 1 1 1 1 1 1 1 1 1 1 1 1 1 1 1 1 1 1 1 1 1 1 1 1 1 1 1 1 1 1 1 1 1 1 1 1 1 1 1 1 1 1 1 1 1 1 1 1 1 1 1 1 1 1 1 1 1 1 1 1 1 1 1 1 1 1 1 1 1 1 1 1 1 1 1 1 1 1 1 1 1 1 1 1 1 1 1 1 1 1 1 1 1 1 1 1 1 1 1 1 1 1 1 1 1 1 1 1 1 1 1 1 1 1 1 1 1 1 1 1 1 1 1 1 1 1 1 1 1 1 1 1 1 1 1 1 1 1 1 1 1 1 1 1 1 1 1 1 1 1 1 1 1 1 1 1 1 1 1 1 1 1 1 1 1 1 1 1 1 1 1 1 1 1 1 1 1 1 1 1 1 1 1 1 1 1 1 1 1 1 1 1 1 1 1 1 1 1 1 1 1 1 1 1 1 1 1 1 1 1 1 1 1 1 1 1 1 1 1 1 1 1 1 1 1 1 1 1 1 1 1 1 1 1 1 1 1 1 1 1 1 1 1 1 1 1 1 1 1 1 1 1 1 1 1 1 1 1 1 1 1 1 1 1 1 1 1 1 1 1 1 1 1 1 1 1 1 1 1 1 1 1 1 1 1 1 1 1 1 1 1 1 1 1 1 1 1 1 1 1 1 1 1 1 1 1 1 1 1 1 1 1 1 1 1 1 1 1 1 1 
