# This file contains a 2D laser scan observation. 
# Its format is: 
# [aperture] [max_range] [number_of_scans] 
# [vector_of_scans] 
# [vector_of_valid_scans] 
# The aperture of the sensor is in radians, the maximum range 
# and measurements are in meters. '1' means a valid scan, '0' otherwise.
4.1847
5.6
682
0.86 0.857 0.85 0.846 0.846 0.85 0.86 0.86 0.86 0.849 0.837 0.832 0.817 0.817 0.804 0.789 0.785 0.772 0.768 0.766 0.762 0.746 0.739 0.739 0.731 0.724 0.724 0.719 0.706 0.704 0.688 0.688 0.686 0.64 0.635 0.63 0.628 0.622 0.617 0.622 0.617 0.618 0.618 0.622 0.621 0.621 0.622 0.622 0.628 0.661 0.664 0.671 0.676 0.684 0.689 0.691 0.698 0.706 0.709 0.71 0.715 0.717 0.733 0.734 0.736 0.749 0.751 0.751 0.751 0.75 0.624 0.613 0.606 0.602 0.602 0.602 0.597 0.597 0.595 0.59 0.588 0.588 0.585 0.581 0.577 0.577 0.577 0.568 0.566 0.562 0.566 0.566 0.562 0.558 0.568 0.558 0.557 0.549 0.54 0.539 0.539 0.537 0.535 0.539 0.537 0.529 0.529 0.528 0.519 0.519 0.519 0.522 0.522 0.525 0.526 0.522 0.521 0.521 0.519 0.516 0.519 0.515 0.514 0.514 0.521 0.521 0.525 0.528 0.557 0.624 1.027 1.027 1.027 0.612 0.605 0.604 0.604 0.603 0.599 0.599 0.599 0.599 0.6 0.604 0.621 0.627 0.641 0.657 0.674 0.694 0.694 0.714 0.725 0.802 0.818 0.837 0.857 0.874 0.888 0.907 0.93 0.955 0.983 1 1.031 1.071 1.135 1.154 1.156 1.162 1.168 1.196 4.057 4.057 4.057 4.057 4.057 4.057 4.058 4.058 4.056 4.056 4.056 4.04 3.313 3.159 2.942 2.814 2.728 2.665 2.665 2.62 2.609 2.609 2.554 2.545 2.407 2.299 2.214 2.12 1.939 1.928 1.847 1.757 1.751 1.746 1.732 1.687 1.687 1.687 1.692 1.695 1.695 1.692 1.684 1.683 1.683 1.683 1.648 1.623 1.622 1.622 1.622 1.665 1.674 1.679 1.689 1.69 1.692 1.694 1.696 1.705 1.717 1.736 1.74 1.749 1.751 1.761 1.765 1.768 1.769 1.777 1.781 1.793 1.8 1.803 1.812 1.828 1.829 1.836 1.836 1.842 1.843 1.847 1.858 1.868 1.878 1.889 1.909 1.912 1.919 1.92 1.921 1.926 1.927 1.931 1.933 1.948 1.951 1.966 1.977 1.978 1.993 1.993 1.993 1.944 1.425 1.411 1.388 1.374 1.369 1.352 1.339 1.332 1.317 1.308 1.304 1.292 1.275 1.273 1.263 1.248 1.246 1.239 1.225 1.225 1.214 1.212 1.192 1.192 1.182 1.175 0.807 0.803 0.797 0.795 0.774 0.766 0.762 0.762 0.758 0.755 0.752 0.752 0.752 0.752 0.749 0.752 0.751 0.749 0.751 0.754 0.764 0.766 0.775 0.776 0.78 0.791 0.817 0.822 0.835 0.837 0.846 0.858 0.859 0.859 0.859 0.858 0.849 0.832 0.826 0.809 0.809 0.812 0.812 0.806 0.801 0.8 0.8 0.796 0.796 0.796 0.801 0.796 0.8 0.801 0.8 0.8 0.801 0.816 0.825 0.844 0.858 0.898 0.898 0.898 0.894 0.892 0.885 0.884 0.884 0.885 0.885 0.896 0.913 0.919 0.933 0.948 0.956 0.964 0.972 0.989 1.007 1.051 1.073 1.092 1.109 1.124 1.146 1.159 1.178 1.19 1.205 1.238 1.258 1.283 1.311 1.328 1.346 1.348 1.355 1.374 1.429 1.442 1.536 1.56 1.56 1.56 1.54 1.54 1.54 1.711 1.824 1.932 1.987 2.368 2.367 2.367 2.367 2.15 2.104 2.097 2.083 2.071 2.069 2.069 2.069 2.072 2.073 2.085 2.092 2.098 2.109 2.355 2.358 2.364 2.367 2.366 2.366 2.366 2.366 2.366 2.367 2.37 2.37 2.374 2.374 2.378 2.378 2.381 2.376 2.381 2.381 2.381 2.381 2.381 2.378 2.333 2.272 2.272 2.237 2.17 1.985 1.933 1.869 1.861 1.829 1.816 1.798 1.797 1.779 1.769 1.767 1.767 1.764 1.762 1.759 1.757 1.756 1.756 1.756 1.759 1.763 1.763 1.759 0.814 0.804 0.798 0.774 0.773 0.773 0.769 0.769 0.766 0.765 0.763 0.763 0.76 0.76 0.763 0.765 0.765 0.778 0.785 0.785 0.787 0.787 0.787 0.787 0.809 0.811 0.814 0.815 0.817 0.819 0.821 0.823 0.825 0.829 0.837 0.841 0.841 0.846 0.846 0.848 0.854 0.858 0.859 0.862 0.864 0.869 0.872 0.876 0.879 0.885 0.888 0.894 0.896 0.902 0.903 0.909 0.917 0.918 0.932 0.934 0.941 0.944 0.944 0.953 0.957 0.957 0.966 0.978 0.982 0.983 0.991 0.997 1.008 1.008 1.009 1.016 1.024 1.031 1.041 1.043 1.053 1.056 1.066 1.076 1.081 1.093 1.101 1.107 1.118 1.123 1.131 1.138 1.138 1.138 1.129 1.121 1.099 1.092 1.087 1.081 1.081 1.079 1.066 1.061 1.06 1.06 1.057 1.053 1.045 1.045 1.034 1.034 1.034 1.033 1.026 1.014 1.014 1.014 1.014 1.012 1.008 0.999 0.993 0.993 0.992 0.993 0.993 0.994 0.987 0.986 0.985 0.983 0.982 0.982 0.981 0.976 0.972 0.97 0.97 0.965 0.963 0.962 0.955 0.954 0.953 0.948 0.946 0.946 0.944 0.941 0.941 0.94 0.94 0.936 0.933 0.93 0.926 0.926 0.926 0.926 0.926 0.922 0.922 0.918 0.918 0.918 0.919 0.919 0.919 0.919 0.917 0.916 0.912 0.911 0.91 0.91 0.91 0.91 0.909 0.909 0.908 0.908 0.908 0.903 0.9 0.893 0.893 0.893 0.893 0.893 0.891 0.894 0.894 0.894 0.894 0.912 0.921 
1 1 1 1 1 1 1 1 1 1 1 1 1 1 1 1 1 1 1 1 1 1 1 1 1 1 1 1 1 1 1 1 1 1 1 1 1 1 1 1 1 1 1 1 1 1 1 1 1 1 1 1 1 1 1 1 1 1 1 1 1 1 1 1 1 1 1 1 1 1 1 1 1 1 1 1 1 1 1 1 1 1 1 1 1 1 1 1 1 1 1 1 1 1 1 1 1 1 1 1 1 1 1 1 1 1 1 1 1 1 1 1 1 1 1 1 1 1 1 1 1 1 1 1 1 1 1 1 1 1 1 1 1 1 1 1 1 1 1 1 1 1 1 1 1 1 1 1 1 1 1 1 1 1 1 1 1 1 1 1 1 1 1 1 1 1 1 1 1 1 1 1 1 1 1 1 1 1 1 1 1 1 1 1 1 1 1 1 1 1 1 1 1 1 1 1 1 1 1 1 1 1 1 1 1 1 1 1 1 1 1 1 1 1 1 1 1 1 1 1 1 1 1 1 1 1 1 1 1 1 1 1 1 1 1 1 1 1 1 1 1 1 1 1 1 1 1 1 1 1 1 1 1 1 1 1 1 1 1 1 1 1 1 1 1 1 1 1 1 1 1 1 1 1 1 1 1 1 1 1 1 1 1 1 1 1 1 1 1 1 1 1 1 1 1 1 1 1 1 1 1 1 1 1 1 1 1 1 1 1 1 1 1 1 1 1 1 1 1 1 1 1 1 1 1 1 1 1 1 1 1 1 1 1 1 1 1 1 1 1 1 1 1 1 1 1 1 1 1 1 1 1 1 1 1 1 1 1 1 1 1 1 1 1 1 1 1 1 1 1 1 1 1 1 1 1 1 1 1 1 1 1 1 1 1 1 1 1 1 1 1 1 1 1 1 1 1 1 1 1 1 1 1 1 1 1 1 1 1 1 1 1 1 1 1 1 1 1 1 1 1 1 1 1 1 1 1 1 1 1 1 1 1 1 1 1 1 1 1 1 1 1 1 1 1 1 1 1 1 1 1 1 1 1 1 1 1 1 1 1 1 1 1 1 1 1 1 1 1 1 1 1 1 1 1 1 1 1 1 1 1 1 1 1 1 1 1 1 1 1 1 1 1 1 1 1 1 1 1 1 1 1 1 1 1 1 1 1 1 1 1 1 1 1 1 1 1 1 1 1 1 1 1 1 1 1 1 1 1 1 1 1 1 1 1 1 1 1 1 1 1 1 1 1 1 1 1 1 1 1 1 1 1 1 1 1 1 1 1 1 1 1 1 1 1 1 1 1 1 1 1 1 1 1 1 1 1 1 1 1 1 1 1 1 1 1 1 1 1 1 1 1 1 1 1 1 1 1 1 1 1 1 1 1 1 1 1 1 1 1 1 1 1 1 1 1 1 1 1 1 1 1 1 1 1 1 1 1 1 1 1 1 1 1 1 1 1 1 1 1 1 1 1 1 1 1 1 1 1 1 1 1 1 1 1 1 1 1 1 1 1 1 1 1 1 1 1 1 1 1 1 1 1 1 1 1 1 1 1 1 1 1 
