# This file contains a 2D laser scan observation. 
# Its format is: 
# [aperture] [max_range] [number_of_scans] 
# [vector_of_scans] 
# [vector_of_valid_scans] 
# The aperture of the sensor is in radians, the maximum range 
# and measurements are in meters. '1' means a valid scan, '0' otherwise.
4.1847
5.6
682
0.379 0.377 0.377 0.377 0.378 0.377 0.373 0.372 0.373 0.372 0.372 0.372 0.367 0.367 0.368 0.367 0.368 0.368 0.367 0.367 0.367 0.367 0.367 0.365 0.362 0.361 0.36 0.359 0.359 0.359 0.365 0.365 0.365 0.365 0.361 0.358 0.36 0.358 0.358 0.36 0.36 0.36 0.364 0.365 0.365 0.367 0.368 0.37 0.371 0.379 0.379 0.383 0.384 0.387 0.387 0.389 0.387 0.387 0.388 0.388 0.385 0.383 0.383 0.379 0.371 0.369 0.368 0.366 0.366 0.366 0.366 0.362 0.362 0.362 0.361 0.36 0.36 0.36 0.36 0.36 0.364 0.369 0.364 0.364 0.368 0.368 0.365 0.366 0.366 0.366 0.366 0.366 0.371 0.371 0.371 0.371 0.371 0.37 0.368 0.368 0.37 0.37 0.371 0.371 0.369 0.369 0.371 0.371 0.372 0.372 0.373 0.373 0.378 0.378 0.378 0.378 0.382 0.382 0.382 0.383 0.388 0.388 0.386 0.386 0.385 0.385 0.385 0.386 0.393 0.394 0.394 0.394 0.394 0.395 0.396 0.396 0.399 0.4 0.399 0.407 0.407 0.407 0.409 0.412 0.415 0.417 0.417 0.417 0.419 0.419 0.42 0.42 0.424 0.427 0.426 0.427 0.431 0.432 0.436 0.436 0.436 0.436 0.436 0.436 0.438 0.438 0.437 0.436 0.437 0.437 0.443 0.443 0.443 0.45 0.454 0.457 0.458 0.458 0.461 0.461 0.461 0.468 0.47 0.47 0.474 0.479 0.482 0.482 0.486 0.487 0.492 0.495 0.5 0.5 0.503 0.508 0.513 0.514 1.078 1.089 1.103 1.103 1.113 1.128 1.134 1.16 1.166 1.179 1.2 1.209 1.218 1.247 1.255 1.282 1.288 1.305 1.321 1.345 1.357 1.391 1.41 1.434 1.452 1.469 1.496 1.511 1.558 1.572 1.586 1.628 1.647 1.687 1.714 1.751 1.784 1.812 1.855 1.888 1.92 1.964 2 2.035 2.081 2.12 2.167 2.21 2.266 2.321 2.384 2.44 2.499 2.584 2.645 2.727 2.922 3.04 3.159 3.159 3.239 3.239 3.239 3.183 3.172 3.167 3.167 3.171 3.171 3.199 3.199 3.202 3.202 3.202 3.191 3.178 3.161 3.161 3.161 3.167 3.214 3.214 3.214 3.198 3.186 3.186 3.186 3.183 3.173 1.753 1.744 1.736 1.734 1.674 1.664 1.661 1.652 0.969 0.858 0.855 0.847 0.847 0.845 0.845 0.775 0.772 0.772 0.775 0.78 0.785 0.786 0.786 0.786 0.79 0.791 0.788 0.791 0.791 0.788 0.785 0.784 0.778 0.777 0.775 0.773 0.773 0.771 0.77 0.754 0.726 0.719 0.713 0.713 0.714 0.714 0.714 0.714 0.712 0.712 0.712 0.727 0.745 0.772 0.777 0.779 0.78 0.786 0.78 0.78 0.779 0.779 0.779 0.789 0.791 0.792 0.793 0.797 0.798 0.798 0.8 0.801 0.806 0.809 0.834 0.835 0.844 0.848 0.848 0.848 0.849 0.849 0.851 0.852 0.859 0.859 0.864 0.867 0.872 0.874 0.882 0.883 0.884 0.886 0.896 0.902 0.903 0.908 0.918 0.92 0.932 0.932 0.934 0.934 0.937 0.939 0.939 0.948 0.95 0.951 0.961 0.962 0.972 0.979 0.983 0.998 1.015 1.025 1.025 1.03 1.034 1.039 1.041 1.043 1.043 1.049 1.06 1.063 1.071 1.075 1.082 1.088 1.103 1.108 1.119 1.129 1.135 1.14 1.158 1.158 1.164 1.171 1.182 1.185 1.193 1.197 1.199 1.2 1.215 1.217 1.243 1.247 1.253 1.263 1.27 1.288 1.288 1.306 1.312 1.324 1.338 1.339 1.36 1.368 1.377 1.403 1.412 1.423 1.441 1.463 1.466 1.493 1.501 1.512 1.534 1.55 1.555 1.555 1.555 0.636 0.626 0.626 0.621 0.621 0.621 0.621 0.621 0.621 0.621 0.616 0.612 0.611 0.612 0.612 0.612 0.609 0.609 0.601 0.597 0.595 0.595 0.595 0.596 0.595 0.596 0.596 0.596 0.597 0.597 0.591 0.586 0.585 0.585 0.585 0.585 0.584 0.584 0.582 0.58 0.58 0.579 0.579 0.579 0.578 0.578 0.577 0.575 0.575 0.575 0.575 0.569 0.568 0.568 0.568 0.568 0.568 0.567 0.568 0.572 0.572 0.572 0.574 0.574 0.574 0.574 0.576 0.574 0.576 0.577 0.583 0.583 0.585 0.592 0.593 0.598 0.598 0.598 0.598 0.6 0.6 0.6 0.597 0.592 0.591 0.588 0.576 0.576 0.574 0.576 0.575 0.575 0.573 0.575 0.573 0.573 0.569 0.569 0.569 0.572 0.568 0.572 0.572 0.572 0.572 0.572 0.571 0.569 0.569 0.567 0.569 0.571 0.571 0.571 0.575 0.575 0.578 0.581 0.581 0.578 0.578 0.58 0.58 0.581 0.582 0.582 0.584 0.584 0.588 0.584 0.591 0.586 0.588 0.588 0.588 0.588 0.596 0.596 0.593 0.599 0.599 0.599 0.6 0.604 0.606 0.608 0.608 0.61 0.611 0.615 0.616 0.617 0.621 0.634 0.638 0.638 0.638 0.629 0.619 0.618 0.61 0.604 0.597 0.589 0.587 0.577 0.571 0.569 0.565 0.555 0.547 0.54 0.535 0.528 0.522 0.52 0.517 0.513 0.508 0.499 0.495 0.486 0.464 0.462 0.461 0.458 0.456 0.452 0.448 0.447 0.443 0.431 0.431 0.429 0.429 0.425 0.429 0.429 0.429 0.422 0.423 0.419 0.419 0.419 0.42 0.42 0.423 0.433 0.434 0.438 0.439 0.443 0.443 0.443 0.441 0.441 
1 1 1 1 1 1 1 1 1 1 1 1 1 1 1 1 1 1 1 1 1 1 1 1 1 1 1 1 1 1 1 1 1 1 1 1 1 1 1 1 1 1 1 1 1 1 1 1 1 1 1 1 1 1 1 1 1 1 1 1 1 1 1 1 1 1 1 1 1 1 1 1 1 1 1 1 1 1 1 1 1 1 1 1 1 1 1 1 1 1 1 1 1 1 1 1 1 1 1 1 1 1 1 1 1 1 1 1 1 1 1 1 1 1 1 1 1 1 1 1 1 1 1 1 1 1 1 1 1 1 1 1 1 1 1 1 1 1 1 1 1 1 1 1 1 1 1 1 1 1 1 1 1 1 1 1 1 1 1 1 1 1 1 1 1 1 1 1 1 1 1 1 1 1 1 1 1 1 1 1 1 1 1 1 1 1 1 1 1 1 1 1 1 1 1 1 1 1 1 1 1 1 1 1 1 1 1 1 1 1 1 1 1 1 1 1 1 1 1 1 1 1 1 1 1 1 1 1 1 1 1 1 1 1 1 1 1 1 1 1 1 1 1 1 1 1 1 1 1 1 1 1 1 1 1 1 1 1 1 1 1 1 1 1 1 1 1 1 1 1 1 1 1 1 1 1 1 1 1 1 1 1 1 1 1 1 1 1 1 1 1 1 1 1 1 1 1 1 1 1 1 1 1 1 1 1 1 1 1 1 1 1 1 1 1 1 1 1 1 1 1 1 1 1 1 1 1 1 1 1 1 1 1 1 1 1 1 1 1 1 1 1 1 1 1 1 1 1 1 1 1 1 1 1 1 1 1 1 1 1 1 1 1 1 1 1 1 1 1 1 1 1 1 1 1 1 1 1 1 1 1 1 1 1 1 1 1 1 1 1 1 1 1 1 1 1 1 1 1 1 1 1 1 1 1 1 1 1 1 1 1 1 1 1 1 1 1 1 1 1 1 1 1 1 1 1 1 1 1 1 1 1 1 1 1 1 1 1 1 1 1 1 1 1 1 1 1 1 1 1 1 1 1 1 1 1 1 1 1 1 1 1 1 1 1 1 1 1 1 1 1 1 1 1 1 1 1 1 1 1 1 1 1 1 1 1 1 1 1 1 1 1 1 1 1 1 1 1 1 1 1 1 1 1 1 1 1 1 1 1 1 1 1 1 1 1 1 1 1 1 1 1 1 1 1 1 1 1 1 1 1 1 1 1 1 1 1 1 1 1 1 1 1 1 1 1 1 1 1 1 1 1 1 1 1 1 1 1 1 1 1 1 1 1 1 1 1 1 1 1 1 1 1 1 1 1 1 1 1 1 1 1 1 1 1 1 1 1 1 1 1 1 1 1 1 1 1 1 1 1 1 1 1 1 1 1 1 1 1 1 1 1 1 1 1 1 1 1 1 1 1 1 1 1 1 1 1 1 1 1 1 1 1 1 1 1 1 1 1 1 1 1 1 1 1 1 1 1 1 1 1 1 1 1 1 1 1 1 1 1 1 1 1 1 1 1 1 1 1 1 1 1 1 1 1 1 1 1 1 1 1 1 
