# This file contains a 2D laser scan observation. 
# Its format is: 
# [aperture] [max_range] [number_of_scans] 
# [vector_of_scans] 
# [vector_of_valid_scans] 
# The aperture of the sensor is in radians, the maximum range 
# and measurements are in meters. '1' means a valid scan, '0' otherwise.
4.1847
5.6
682
0.288 0.291 0.288 0.282 0.282 0.282 0.282 0.278 0.278 0.276 0.269 0.269 0.271 0.276 0.273 0.277 0.277 0.281 0.281 0.282 0.282 0.282 0.282 0.292 0.327 0.531 0.548 0.55 0.55 0.55 0.55 0.549 0.546 0.546 0.546 0.54 0.539 0.539 0.539 0.535 0.534 0.528 0.528 0.527 0.527 0.524 0.52 0.52 0.52 0.515 0.515 0.515 0.515 0.515 0.515 0.515 0.504 0.504 0.501 0.504 0.504 0.501 0.504 0.504 0.503 0.503 0.503 0.501 0.496 0.495 0.495 0.496 0.496 0.494 0.498 0.495 0.494 0.494 0.494 0.492 0.492 0.492 0.491 0.491 0.491 0.493 0.487 0.487 0.487 0.489 0.489 0.492 0.492 0.492 0.49 0.49 0.487 0.482 0.481 0.482 0.482 0.485 0.485 0.485 0.484 0.484 0.482 0.484 0.484 0.486 0.484 0.487 0.484 0.484 0.482 0.484 0.484 0.482 0.481 0.484 0.484 0.482 0.482 0.482 0.481 0.481 0.477 0.48 0.481 0.481 0.482 0.485 0.485 0.482 0.482 0.479 0.479 0.482 0.482 0.484 0.484 0.484 0.484 0.486 0.484 0.482 0.487 0.482 0.482 0.487 0.488 0.487 0.488 0.488 0.488 0.491 0.491 0.492 0.492 0.492 0.497 0.497 0.497 0.497 0.497 0.499 0.5 0.501 0.503 0.503 0.506 0.506 0.506 0.506 0.506 0.508 0.511 0.515 0.515 0.516 0.515 0.516 0.518 0.521 0.521 0.521 0.518 0.522 0.522 0.525 0.525 0.532 0.533 0.533 0.537 0.537 0.543 0.545 0.545 0.545 0.546 0.55 0.546 0.55 0.55 0.55 0.559 0.559 0.559 0.559 0.561 0.563 0.567 0.567 0.571 0.572 0.576 0.581 0.582 0.583 0.584 0.587 0.592 0.592 0.595 0.597 0.599 0.599 0.609 0.614 0.615 0.618 0.618 0.626 0.626 0.63 0.637 0.639 0.637 0.64 0.64 0.644 0.654 0.655 0.659 0.661 0.669 0.671 0.677 0.68 0.681 0.686 0.688 0.698 0.701 0.701 0.702 0.709 0.717 0.721 0.736 0.737 0.737 0.739 0.75 0.75 0.756 0.761 0.772 0.774 0.776 0.784 0.793 0.803 0.806 0.808 0.825 0.832 0.834 0.844 0.852 0.861 0.867 0.873 0.885 0.888 0.902 0.912 0.914 0.927 0.933 0.949 0.959 0.97 0.986 0.995 1.015 1.027 1.04 1.046 1.055 1.075 1.077 1.096 1.11 1.125 1.143 1.16 1.183 1.2 1.205 1.235 1.247 1.271 1.287 1.307 1.331 1.369 1.379 1.415 1.434 1.468 1.49 1.514 1.545 1.549 1.592 1.632 1.684 1.72 1.759 1.831 1.887 1.887 1.963 2.042 2.061 2.061 2.096 2.306 2.375 2.463 2.463 2.541 2.58 2.58 2.58 2.563 2.553 2.548 2.547 2.544 2.544 2.544 2.544 2.548 2.573 2.573 2.586 2.589 2.589 2.586 2.583 2.573 2.557 2.507 2.507 2.507 2.516 2.598 2.601 2.601 2.601 2.597 2.584 2.58 2.58 2.58 2.581 2.581 2.581 1.528 1.426 1.328 1.26 1.229 1.171 1.141 1.117 1.115 1.113 1.11 1.108 1.089 1.057 1.041 1.041 1.041 1.051 1.055 1.055 1.055 0.978 0.927 0.912 0.883 0.849 0.816 0.802 0.767 0.763 0.74 0.724 0.704 0.669 0.662 0.646 0.645 0.63 0.61 0.602 0.579 0.567 0.551 0.547 0.479 0.454 0.454 0.446 0.445 0.445 0.441 0.441 0.441 0.439 0.437 0.437 0.436 0.433 0.426 0.426 0.422 0.418 0.416 0.405 0.405 0.396 0.391 0.386 0.384 0.378 0.375 0.375 0.364 0.364 0.307 0.284 0.281 0.281 0.281 0.279 0.279 0.279 0.279 0.282 0.282 0.278 0.278 0.278 0.278 0.278 0.278 0.283 0.283 0.283 0.28 0.28 0.28 0.286 0.287 0.287 0.29 0.298 0.298 0.294 0.294 0.291 0.291 0.291 0.287 0.287 0.288 0.288 0.288 0.288 0.289 0.289 0.289 0.289 0.285 0.267 0.228 0.228 0.228 0.233 0.233 0.233 0.231 0.223 0.221 0.221 0.222 0.221 0.221 0.221 0.222 0.229 0.229 0.229 0.23 0.229 0.229 0.234 0.238 0.244 0.254 0.258 0.262 0.272 0.274 0.281 0.281 0.284 0.284 0.284 0.284 0.284 0.285 0.288 0.291 0.294 0.294 0.296 0.296 0.283 0.283 0.29 0.29 0.291 0.297 0.297 0.3 0.3 0.3 0.3 0.3 0.3 0.306 0.306 0.305 0.309 0.305 0.304 0.305 0.304 0.302 0.302 0.302 0.302 0.298 0.292 0.298 0.289 0.284 0.289 0.289 0.289 0.28 0.28 0.28 0.286 0.286 0.286 0.286 0.286 0.287 0.29 0.288 0.288 0.287 0.287 0.287 0.283 0.283 0.283 0.293 0.296 0.296 0.3 0.3 0.3 0.296 0.302 0.305 0.305 0.33 0.652 0.986 1.102 1.124 1.165 1.193 1.265 1.299 1.357 1.396 1.47 1.563 1.604 1.655 1.818 2.135 2.175 2.175 0 0 0 2.181 2.176 2.176 2.176 2.181 2.181 2.183 2.183 2.183 2.178 2.183 2.184 2.184 2.184 2.188 0 0 0 0 1.934 1.928 1.928 1.928 1.937 1.949 1.949 1.969 1.971 1.971 1.935 1.938 1.935 1.935 1.881 1.881 1.852 1.788 1.661 1.588 1.565 1.494 1.465 1.421 1.374 1.35 1.312 1.27 1.251 1.225 1.207 1.175 1.151 1.133 1.104 1.082 
1 1 1 1 1 1 1 1 1 1 1 1 1 1 1 1 1 1 1 1 1 1 1 1 1 1 1 1 1 1 1 1 1 1 1 1 1 1 1 1 1 1 1 1 1 1 1 1 1 1 1 1 1 1 1 1 1 1 1 1 1 1 1 1 1 1 1 1 1 1 1 1 1 1 1 1 1 1 1 1 1 1 1 1 1 1 1 1 1 1 1 1 1 1 1 1 1 1 1 1 1 1 1 1 1 1 1 1 1 1 1 1 1 1 1 1 1 1 1 1 1 1 1 1 1 1 1 1 1 1 1 1 1 1 1 1 1 1 1 1 1 1 1 1 1 1 1 1 1 1 1 1 1 1 1 1 1 1 1 1 1 1 1 1 1 1 1 1 1 1 1 1 1 1 1 1 1 1 1 1 1 1 1 1 1 1 1 1 1 1 1 1 1 1 1 1 1 1 1 1 1 1 1 1 1 1 1 1 1 1 1 1 1 1 1 1 1 1 1 1 1 1 1 1 1 1 1 1 1 1 1 1 1 1 1 1 1 1 1 1 1 1 1 1 1 1 1 1 1 1 1 1 1 1 1 1 1 1 1 1 1 1 1 1 1 1 1 1 1 1 1 1 1 1 1 1 1 1 1 1 1 1 1 1 1 1 1 1 1 1 1 1 1 1 1 1 1 1 1 1 1 1 1 1 1 1 1 1 1 1 1 1 1 1 1 1 1 1 1 1 1 1 1 1 1 1 1 1 1 1 1 1 1 1 1 1 1 1 1 1 1 1 1 1 1 1 1 1 1 1 1 1 1 1 1 1 1 1 1 1 1 1 1 1 1 1 1 1 1 1 1 1 1 1 1 1 1 1 1 1 1 1 1 1 1 1 1 1 1 1 1 1 1 1 1 1 1 1 1 1 1 1 1 1 1 1 1 1 1 1 1 1 1 1 1 1 1 1 1 1 1 1 1 1 1 1 1 1 1 1 1 1 1 1 1 1 1 1 1 1 1 1 1 1 1 1 1 1 1 1 1 1 1 1 1 1 1 1 1 1 1 1 1 1 1 1 1 1 1 1 1 1 1 1 1 1 1 1 1 1 1 1 1 1 1 1 1 1 1 1 1 1 1 1 1 1 1 1 1 1 1 1 1 1 1 1 1 1 1 1 1 1 1 1 1 1 1 1 1 1 1 1 1 1 1 1 1 1 1 1 1 1 1 1 1 1 1 1 1 1 1 1 1 1 1 1 1 1 1 1 1 1 1 1 1 1 1 1 1 1 1 1 1 1 1 1 1 1 1 1 1 1 1 1 1 1 1 1 1 1 1 1 1 1 1 1 1 1 1 1 1 1 1 1 1 1 1 1 1 1 1 1 1 1 1 1 1 1 1 1 1 1 1 1 1 1 1 1 1 1 1 1 1 1 0 0 0 1 1 1 1 1 1 1 1 1 1 1 1 1 1 1 0 0 0 0 1 1 1 1 1 1 1 1 1 1 1 1 1 1 1 1 1 1 1 1 1 1 1 1 1 1 1 1 1 1 1 1 1 1 1 1 
