# This file contains a 2D laser scan observation. 
# Its format is: 
# [aperture] [max_range] [number_of_scans] 
# [vector_of_scans] 
# [vector_of_valid_scans] 
# The aperture of the sensor is in radians, the maximum range 
# and measurements are in meters. '1' means a valid scan, '0' otherwise.
4.1847
5.6
682
0.591 0.589 0.585 0.582 0.578 0.575 0.573 0.573 0.569 0.558 0.558 0.558 0.553 0.553 0.546 0.544 0.543 0.543 0.539 0.539 0.533 0.532 0.53 0.528 0.527 0.525 0.525 0.519 0.518 0.518 0.513 0.51 0.51 0.51 0.507 0.507 0.506 0.502 0.501 0.501 0.501 0.496 0.493 0.488 0.487 0.487 0.486 0.485 0.484 0.48 0.479 0.477 0.474 0.47 0.469 0.465 0.465 0.465 0.467 0.472 0.472 0.472 0.469 0.464 0.463 0.462 0.457 0.457 0.463 0.454 0.458 0.458 0.455 0.455 0.455 0.455 0.454 0.448 0.446 0.446 0.446 0.447 0.449 0.449 0.448 0.448 0.445 0.445 0.443 0.443 0.442 0.442 0.442 0.44 0.44 0.44 0.44 0.44 0.441 0.44 0.44 0.44 0.439 0.436 0.436 0.433 0.433 0.434 0.434 0.434 0.434 0.434 0.433 0.433 0.433 0.433 0.433 0.429 0.427 0.427 0.426 0.426 0.427 0.427 0.427 0.429 0.432 0.432 0.432 0.432 0.429 0.428 0.429 0.429 0.429 0.429 0.43 0.43 0.431 0.433 0.431 0.431 0.432 0.431 0.431 0.431 0.432 0.43 0.432 0.432 0.434 0.434 0.434 0.434 0.431 0.431 0.431 0.429 0.43 0.43 0.433 0.433 0.435 0.435 0.44 0.435 0.435 0.442 0.442 0.439 0.441 0.441 0.44 0.441 0.441 0.441 0.441 0.441 0.441 0.445 0.454 0.454 0.454 0.455 0.456 0.455 0.455 0.457 0.455 0.455 0.455 0.457 0.459 0.461 0.461 0.466 0.466 0.468 0.468 0.469 0.471 0.474 0.479 0.479 0.479 0.48 0.479 0.48 0.486 0.486 0.485 0.486 0.489 0.496 0.496 0.497 0.496 0.496 0.502 0.504 0.504 0.506 0.507 0.509 0.509 0.509 0.512 0.513 0.515 0.52 0.52 0.524 0.525 0.534 0.534 0.536 0.536 0.537 0.537 0.542 0.545 0.548 0.548 0.556 0.557 0.561 0.561 0.561 0.562 0.567 0.57 0.572 0.579 0.579 0.58 0.584 0.586 0.596 0.599 0.599 0.606 0.608 0.61 0.613 0.614 0.621 0.63 0.631 0.631 0.637 0.645 0.647 0.65 0.654 0.659 0.665 0.666 0.679 0.679 0.68 0.687 0.7 0.705 0.706 0.717 0.721 0.724 0.726 0.731 0.74 0.748 0.75 0.757 0.764 0.765 0.777 0.783 0.793 0.804 0.808 0.821 0.831 0.833 0.838 0.853 0.868 0.881 0.881 0.891 0.896 0.913 0.925 0.936 0.958 0.959 0.963 0.992 0.995 1.021 1.033 1.047 1.065 1.08 1.102 1.106 1.126 1.15 1.165 1.184 1.203 1.22 1.243 1.266 1.283 1.313 1.321 1.352 1.384 1.42 1.44 1.474 1.513 1.55 1.58 1.607 1.674 1.705 1.751 1.755 1.851 1.891 1.93 2.031 2.171 2.259 2.259 2.337 2.424 2.425 2.425 2.425 2.397 2.383 2.381 2.38 2.381 2.379 2.381 2.385 2.393 2.407 2.418 2.422 2.422 2.423 2.427 2.427 2.423 2.406 2.391 2.357 2.355 2.355 2.357 2.441 2.444 2.444 2.444 2.439 2.429 2.421 2.421 2.421 2.429 2.429 2.429 2.431 2.429 1.787 1.583 1.457 1.316 1.278 1.232 1.182 1.107 1.091 1.08 1.044 1.029 1.02 1.014 0.987 0.962 0.962 0.955 0.951 0.948 0.944 0.883 0.883 0.883 0.884 0.887 0.892 0.895 0.896 0.896 0.896 0.855 0.815 0.791 0.772 0.762 0.749 0.727 0.716 0.698 0.688 0.682 0.661 0.661 0.641 0.634 0.624 0.617 0.595 0.588 0.586 0.586 0.569 0.561 0.553 0.546 0.536 0.527 0.524 0.514 0.51 0.503 0.496 0.496 0.487 0.479 0.475 0.468 0.455 0.452 0.45 0.446 0.443 0.44 0.434 0.433 0.432 0.422 0.422 0.419 0.417 0.412 0.405 0.405 0.402 0.393 0.386 0.378 0.357 0.325 0.325 0.325 0.324 0.324 0.324 0.32 0.32 0.324 0.324 0.32 0.32 0.32 0.32 0.32 0.32 0.317 0.319 0.319 0.317 0.317 0.319 0.317 0.317 0.322 0.322 0.317 0.312 0.308 0.308 0.306 0.304 0.303 0.299 0.296 0.294 0.294 0.291 0.29 0.291 0.29 0.289 0.283 0.283 0.283 0.283 0.283 0.279 0.279 0.277 0.273 0.273 0.273 0.271 0.271 0.27 0.268 0.268 0.268 0.268 0.262 0.262 0.262 0.271 0.262 0.267 0.261 0.255 0.255 0.252 0.251 0.251 0.253 0.252 0.252 0.252 0.252 0.252 0.254 0.254 0.254 0.253 0.246 0.233 0.22 0.211 0.211 0.209 0.2 0.2 0.2 0.198 0.199 0.199 0.199 0.199 0.199 0.2 0.203 0.203 0.203 0.203 0.203 0.203 0.203 0.208 0.211 0.212 0.212 0.222 0.231 0.238 0.241 0.243 0.243 0.243 0.245 0.245 0.245 0.245 0.243 0.243 0.243 0.245 0.246 0.248 0.246 0.246 0.248 0.252 0.253 0.253 0.253 0.233 0.231 0.228 0.224 0.224 0.223 0.221 0.221 0.218 0.218 0.216 0.216 0.216 0.216 0.217 0.218 0.224 0.224 0.224 0.225 0.221 0.221 0.224 0.235 0.235 0.235 0.257 0.26 0.277 0.281 0.281 0.286 0.288 0.288 0.298 0.3 0.306 0.31 0.31 0.314 0.32 0.326 0.329 0.332 0.33 0.332 0.337 0.34 0.337 0.34 0.34 0.34 0.338 0.34 0.339 0.339 0.342 0.342 0.342 0.342 0.342 0.341 
1 1 1 1 1 1 1 1 1 1 1 1 1 1 1 1 1 1 1 1 1 1 1 1 1 1 1 1 1 1 1 1 1 1 1 1 1 1 1 1 1 1 1 1 1 1 1 1 1 1 1 1 1 1 1 1 1 1 1 1 1 1 1 1 1 1 1 1 1 1 1 1 1 1 1 1 1 1 1 1 1 1 1 1 1 1 1 1 1 1 1 1 1 1 1 1 1 1 1 1 1 1 1 1 1 1 1 1 1 1 1 1 1 1 1 1 1 1 1 1 1 1 1 1 1 1 1 1 1 1 1 1 1 1 1 1 1 1 1 1 1 1 1 1 1 1 1 1 1 1 1 1 1 1 1 1 1 1 1 1 1 1 1 1 1 1 1 1 1 1 1 1 1 1 1 1 1 1 1 1 1 1 1 1 1 1 1 1 1 1 1 1 1 1 1 1 1 1 1 1 1 1 1 1 1 1 1 1 1 1 1 1 1 1 1 1 1 1 1 1 1 1 1 1 1 1 1 1 1 1 1 1 1 1 1 1 1 1 1 1 1 1 1 1 1 1 1 1 1 1 1 1 1 1 1 1 1 1 1 1 1 1 1 1 1 1 1 1 1 1 1 1 1 1 1 1 1 1 1 1 1 1 1 1 1 1 1 1 1 1 1 1 1 1 1 1 1 1 1 1 1 1 1 1 1 1 1 1 1 1 1 1 1 1 1 1 1 1 1 1 1 1 1 1 1 1 1 1 1 1 1 1 1 1 1 1 1 1 1 1 1 1 1 1 1 1 1 1 1 1 1 1 1 1 1 1 1 1 1 1 1 1 1 1 1 1 1 1 1 1 1 1 1 1 1 1 1 1 1 1 1 1 1 1 1 1 1 1 1 1 1 1 1 1 1 1 1 1 1 1 1 1 1 1 1 1 1 1 1 1 1 1 1 1 1 1 1 1 1 1 1 1 1 1 1 1 1 1 1 1 1 1 1 1 1 1 1 1 1 1 1 1 1 1 1 1 1 1 1 1 1 1 1 1 1 1 1 1 1 1 1 1 1 1 1 1 1 1 1 1 1 1 1 1 1 1 1 1 1 1 1 1 1 1 1 1 1 1 1 1 1 1 1 1 1 1 1 1 1 1 1 1 1 1 1 1 1 1 1 1 1 1 1 1 1 1 1 1 1 1 1 1 1 1 1 1 1 1 1 1 1 1 1 1 1 1 1 1 1 1 1 1 1 1 1 1 1 1 1 1 1 1 1 1 1 1 1 1 1 1 1 1 1 1 1 1 1 1 1 1 1 1 1 1 1 1 1 1 1 1 1 1 1 1 1 1 1 1 1 1 1 1 1 1 1 1 1 1 1 1 1 1 1 1 1 1 1 1 1 1 1 1 1 1 1 1 1 1 1 1 1 1 1 1 1 1 1 1 1 1 1 1 1 1 1 1 1 1 1 1 1 1 1 1 1 1 1 1 1 1 1 1 1 1 1 1 1 1 1 1 1 1 1 1 1 1 1 1 1 1 1 1 1 1 1 1 1 1 1 1 1 1 
