# This file contains a 2D laser scan observation. 
# Its format is: 
# [aperture] [max_range] [number_of_scans] 
# [vector_of_scans] 
# [vector_of_valid_scans] 
# The aperture of the sensor is in radians, the maximum range 
# and measurements are in meters. '1' means a valid scan, '0' otherwise.
4.1847
5.6
682
0.662 0.659 0.659 0.657 0.645 0.638 0.624 0.614 0.614 0.614 0.666 0.681 0.681 0.689 0.69 0.827 1.417 1.417 1.417 1.404 1.404 1.403 1.398 1.398 1.394 1.39 1.389 1.379 1.376 1.367 1.359 1.352 1.348 1.331 1.32 1.295 0.94 0.928 0.926 0.925 0.921 0.92 0.914 0.914 0.914 0.914 0.922 0.927 0.95 0.962 1.181 1.241 1.241 1.241 1.236 1.236 1.236 1.234 1.234 1.231 1.218 1.216 1.2 1.199 1.191 1.187 1.187 1.187 1.187 1.189 1.189 1.189 1.189 1.189 1.188 1.186 1.19 1.185 1.185 1.185 1.179 1.177 1.169 1.166 1.159 1.159 1.158 1.158 1.156 1.156 1.151 1.149 1.149 1.141 1.141 1.141 1.141 1.141 1.139 1.144 1.139 1.142 1.142 1.142 1.142 1.142 1.142 1.141 1.141 1.141 1.141 1.141 1.144 1.142 1.141 1.142 1.142 1.141 1.141 1.145 1.145 1.156 1.164 1.181 1.194 1.198 1.207 1.207 1.215 1.215 1.215 1.215 1.22 1.215 1.215 1.215 1.213 1.21 1.21 1.213 1.21 1.209 1.209 1.202 1.201 1.201 1.199 1.201 1.207 1.213 1.22 1.229 4.819 4.952 0.007 4.952 4.521 1.879 1.87 1.87 1.87 1.879 0.007 0.015 0.007 1.898 1.898 0.006 4.958 4.958 4.958 1.333 1.333 1.333 1.337 1.337 1.337 1.337 1.337 1.326 1.326 1.326 1.284 1.252 1.231 1.231 1.231 1.233 1.236 1.241 1.242 1.247 1.248 1.973 1.977 1.992 1.992 1.996 2 2 2.014 2.014 2.019 2.029 2.04 2.048 2.052 2.056 2.066 2.066 2.072 2.072 2.072 2.072 2.072 2.044 0 0.007 0 0 0 1.941 1.941 1.941 1.941 1.953 1.953 1.953 1.991 1.991 1.991 0.007 1.158 1.048 1.048 1.048 1.048 1.049 1.05 1.049 1.05 1.05 1.046 1.042 0.958 0.953 0.953 0.953 1.042 1.042 1.044 1.042 1.039 1.039 1.039 1.039 1.035 1.034 1.035 1.047 1.034 1.044 1.044 1.037 1.037 1.037 1.037 1.045 1.051 1.051 1.054 1.055 1.055 1.061 1.068 0 0.007 0 0.007 0 0 0 1.767 1.763 1.761 1.761 1.755 1.733 1.697 1.667 1.649 1.637 1.633 1.633 1.633 1.636 1.636 1.636 1.634 1.631 1.631 1.631 1.629 1.627 1.616 1.611 1.597 1.569 1.547 1.533 1.527 1.514 1.513 1.513 1.513 1.513 1.523 1.523 1.534 1.536 1.537 1.537 1.537 1.537 1.535 1.53 1.514 1.413 0.644 0.634 0.634 0.633 0.631 0.628 0.628 0.631 1.441 1.459 1.459 1.441 1.381 1.37 1.37 1.363 1.363 0.992 0.986 0.986 0.986 0.999 1.37 1.373 1.376 1.38 1.378 1.378 1.378 1.366 1.366 1.365 1.365 1.366 1.372 1.38 1.408 1.423 1.424 1.424 1.424 1.424 1.419 1.407 1.397 1.379 1.365 1.355 1.354 1.342 1.342 1.342 1.348 1.354 1.357 1.389 1.4 1.414 1.416 1.419 1.425 1.429 1.429 1.425 1.424 1.417 1.415 1.41 1.401 1.393 1.372 1.369 1.369 1.369 1.369 1.369 1.372 1.372 1.369 1.376 1.376 1.356 0.977 0.977 0.977 1.009 1.383 1.387 1.387 1.387 0.614 0.614 0.613 0.612 0.613 0.618 0.618 1.433 1.459 1.463 1.459 1.463 1.465 1.463 1.464 1.464 1.458 1.446 1.444 1.434 1.42 1.414 1.414 1.42 0 0 0 0.007 0 0 0 1.54 1.537 1.535 1.535 1.533 1.526 1.517 1.515 1.501 1.45 1.441 1.432 1.426 1.432 1.441 1.49 1.496 1.54 0 0 0 0.735 0.732 0.719 0.701 0.701 0.7 0.694 0.692 0.69 0.689 0.689 0.689 0.689 0.689 0.689 0.689 0.689 0.689 0.688 0.688 0.682 0.681 0.681 0.68 0.678 0.68 0.682 0.68 0.681 0.682 0.681 0.681 0.685 0.686 0.686 0.687 0.688 0.695 0.695 0.695 0.695 0.687 0.687 0.687 0.687 0.688 0.701 0.705 0.725 0.735 0.741 0.763 0.763 0.85 0.852 0.852 0.85 0.839 0.836 0.832 0.832 0.828 0.823 0.82 0.817 0.817 0.804 0.803 0.803 0.797 0.793 0.791 0.785 0.785 0.783 0.778 0.776 0.772 0.772 0.767 0.764 0.758 0.754 0.752 0.752 0.747 0.746 0.745 0.742 0.736 0.734 0.729 0.732 0.723 0.723 0.723 0.723 0.721 0.719 0.713 0.713 0.708 0.708 0.705 0.708 0.708 0.705 0.701 0.699 0.698 0.694 0.692 0.692 0.691 0.69 0.69 0.685 0.685 0.68 0.68 0.679 0.68 0.679 0.671 0.671 0.671 0.671 0.671 0.671 0.671 0.669 0.665 0.665 0.67 0.67 0.676 0.676 0.676 0.667 0.663 0.663 0.663 0.66 0.654 0.652 0.654 0.654 0.654 0.655 0.655 0.656 0.657 0.657 0.656 0.656 0.655 0.655 0.655 0.656 0.662 0.663 0.665 0.667 0.675 0.68 0.685 0.694 0.695 0.698 0.7 0.702 0.702 0.7 0.694 0.691 0.687 0.681 0.671 0.667 0.666 0.663 0.662 0.656 0.656 0.656 0.656 0.656 0.656 0.656 0.656 0.656 0.656 0.656 0.656 0.657 0.661 0.661 0.662 0.661 0.664 0.661 0.663 0.661 0.663 0.661 0.663 0.667 0.667 0.667 0.676 0.667 0.666 
1 1 1 1 1 1 1 1 1 1 1 1 1 1 1 1 1 1 1 1 1 1 1 1 1 1 1 1 1 1 1 1 1 1 1 1 1 1 1 1 1 1 1 1 1 1 1 1 1 1 1 1 1 1 1 1 1 1 1 1 1 1 1 1 1 1 1 1 1 1 1 1 1 1 1 1 1 1 1 1 1 1 1 1 1 1 1 1 1 1 1 1 1 1 1 1 1 1 1 1 1 1 1 1 1 1 1 1 1 1 1 1 1 1 1 1 1 1 1 1 1 1 1 1 1 1 1 1 1 1 1 1 1 1 1 1 1 1 1 1 1 1 1 1 1 1 1 1 1 1 1 1 1 1 0 1 1 1 1 1 1 1 0 0 0 1 1 0 1 1 1 1 1 1 1 1 1 1 1 1 1 1 1 1 1 1 1 1 1 1 1 1 1 1 1 1 1 1 1 1 1 1 1 1 1 1 1 1 1 1 1 1 1 1 1 1 0 0 0 0 0 1 1 1 1 1 1 1 1 1 1 0 1 1 1 1 1 1 1 1 1 1 1 1 1 1 1 1 1 1 1 1 1 1 1 1 1 1 1 1 1 1 1 1 1 1 1 1 1 1 1 1 1 1 1 0 0 0 0 0 0 0 1 1 1 1 1 1 1 1 1 1 1 1 1 1 1 1 1 1 1 1 1 1 1 1 1 1 1 1 1 1 1 1 1 1 1 1 1 1 1 1 1 1 1 1 1 1 1 1 1 1 1 1 1 1 1 1 1 1 1 1 1 1 1 1 1 1 1 1 1 1 1 1 1 1 1 1 1 1 1 1 1 1 1 1 1 1 1 1 1 1 1 1 1 1 1 1 1 1 1 1 1 1 1 1 1 1 1 1 1 1 1 1 1 1 1 1 1 1 1 1 1 1 1 1 1 1 1 1 1 1 1 1 1 1 1 1 1 1 1 1 1 1 1 1 1 1 1 1 1 1 1 1 1 1 1 1 1 1 1 1 0 0 0 0 0 0 0 1 1 1 1 1 1 1 1 1 1 1 1 1 1 1 1 1 1 0 0 0 1 1 1 1 1 1 1 1 1 1 1 1 1 1 1 1 1 1 1 1 1 1 1 1 1 1 1 1 1 1 1 1 1 1 1 1 1 1 1 1 1 1 1 1 1 1 1 1 1 1 1 1 1 1 1 1 1 1 1 1 1 1 1 1 1 1 1 1 1 1 1 1 1 1 1 1 1 1 1 1 1 1 1 1 1 1 1 1 1 1 1 1 1 1 1 1 1 1 1 1 1 1 1 1 1 1 1 1 1 1 1 1 1 1 1 1 1 1 1 1 1 1 1 1 1 1 1 1 1 1 1 1 1 1 1 1 1 1 1 1 1 1 1 1 1 1 1 1 1 1 1 1 1 1 1 1 1 1 1 1 1 1 1 1 1 1 1 1 1 1 1 1 1 1 1 1 1 1 1 1 1 1 1 1 1 1 1 1 1 1 1 1 1 1 1 1 1 1 1 1 1 1 1 1 1 1 1 1 1 1 1 1 
