# This file contains a 2D laser scan observation. 
# Its format is: 
# [aperture] [max_range] [number_of_scans] 
# [vector_of_scans] 
# [vector_of_valid_scans] 
# The aperture of the sensor is in radians, the maximum range 
# and measurements are in meters. '1' means a valid scan, '0' otherwise.
4.1847
5.6
682
0.395 0.395 0.393 0.392 0.392 0.389 0.382 0.382 0.382 0.382 0.382 0.381 0.382 0.381 0.38 0.377 0.377 0.375 0.375 0.373 0.372 0.371 0.372 0.373 0.371 0.371 0.367 0.367 0.367 0.368 0.368 0.37 0.37 0.367 0.364 0.364 0.359 0.358 0.358 0.357 0.356 0.356 0.356 0.355 0.355 0.354 0.355 0.355 0.355 0.354 0.355 0.354 0.354 0.353 0.355 0.353 0.353 0.352 0.353 0.353 0.352 0.352 0.352 0.352 0.348 0.347 0.347 0.347 0.348 0.348 0.348 0.348 0.345 0.345 0.345 0.346 0.347 0.347 0.347 0.351 0.351 0.347 0.346 0.346 0.344 0.343 0.343 0.343 0.343 0.345 0.347 0.348 0.347 0.348 0.348 0.348 0.348 0.35 0.35 0.353 0.35 0.347 0.347 0.351 0.351 0.352 0.352 0.352 0.352 0.35 0.35 0.351 0.35 0.351 0.354 0.354 0.353 0.354 0.357 0.357 0.357 0.357 0.359 0.359 0.359 0.359 0.359 0.362 0.359 0.357 0.357 0.366 0.366 0.366 0.366 0.366 0.366 0.366 0.366 0.368 0.369 0.371 0.371 0.371 0.371 0.371 0.371 0.374 0.374 0.376 0.374 0.374 0.374 0.377 0.375 0.378 0.38 0.384 0.384 0.384 0.385 0.388 0.388 0.392 0.393 0.389 0.394 0.396 0.396 0.396 0.397 0.402 0.402 0.406 0.406 0.408 0.408 0.407 0.409 0.415 0.418 0.42 0.42 0.42 0.42 0.42 0.422 0.424 0.431 0.431 0.436 0.437 0.441 0.445 0.445 0.449 0.449 0.454 0.455 0.458 0.458 0.461 0.462 0.462 0.463 0.464 0.469 0.478 0.478 0.481 0.488 0.488 0.489 0.489 0.493 0.498 0.504 0.505 0.505 0.508 0.514 0.517 0.519 0.52 0.522 0.528 0.541 0.542 0.543 0.548 0.549 0.556 0.558 0.56 0.563 0.568 0.575 0.581 0.584 0.591 0.592 0.602 0.602 0.605 0.619 0.621 0.626 0.629 0.639 0.645 0.645 0.655 0.658 0.665 0.669 0.676 0.678 0.683 0.694 0.702 0.713 0.726 0.727 0.737 0.738 0.754 0.76 0.773 0.777 0.795 0.802 0.808 0.833 0.841 0.848 0.858 0.874 0.885 0.902 0.906 0.923 0.958 0.964 0.975 1.007 1.014 1.037 1.056 1.078 1.106 1.123 1.152 1.183 1.193 1.23 1.252 1.29 1.29 1.328 1.329 1.453 1.505 1.539 1.587 1.632 1.685 1.745 1.806 1.839 1.839 1.839 1.818 1.818 1.818 1.824 1.824 1.826 1.824 1.824 1.824 1.82 1.82 1.823 1.823 1.821 1.821 1.818 1.818 1.817 1.818 1.819 1.819 1.819 1.819 1.819 1.82 1.822 1.822 1.822 1.815 1.815 1.813 1.813 1.817 1.819 1.824 1.824 1.824 1.824 1.821 1.821 1.822 1.824 1.822 1.824 1.826 1.827 1.83 1.831 1.833 1.836 1.836 1.838 1.836 1.833 1.83 1.328 1.142 1.078 1.075 1.06 1.042 1.033 0.985 0.925 0.916 0.893 0.874 0.869 0.864 0.831 0.79 0.778 0.765 0.744 0.739 0.732 0.718 0.706 0.695 0.685 0.676 0.67 0.667 0.646 0.639 0.629 0.617 0.613 0.594 0.59 0.589 0.588 0.578 0.578 0.569 0.569 0.546 0.543 0.543 0.543 0.544 0.544 0.546 0.563 0.567 0.569 0.569 0.563 0.533 0.513 0.512 0.5 0.496 0.495 0.489 0.489 0.477 0.475 0.477 0.48 0.477 0.477 0.48 0.48 0.48 0.48 0.48 0.48 0.479 0.474 0.469 0.469 0.469 0.475 0.478 0.479 0.485 0.486 0.486 0.485 0.488 0.485 0.484 0.484 0.489 0.486 0.489 0.49 0.49 0.49 0.49 0.488 0.487 0.487 0.485 0.463 0.445 0.442 0.44 0.368 0.349 0.348 0.344 0.348 0.346 0.346 0.347 0.348 0.351 0.373 0.377 0.394 0.395 0.399 0.402 0.403 0.411 0.411 0.411 0.41 0.405 0.401 0.395 0.387 0.385 0.383 0.37 0.366 0.362 0.358 0.358 0.355 0.351 0.35 0.346 0.344 0.344 0.342 0.342 0.342 0.338 0.336 0.335 0.329 0.326 0.325 0.326 0.325 0.325 0.325 0.325 0.325 0.322 0.322 0.322 0.319 0.317 0.315 0.317 0.317 0.326 0.326 0.326 0.32 0.319 0.311 0.311 0.313 0.312 0.313 0.313 0.313 0.312 0.312 0.307 0.307 0.307 0.307 0.304 0.307 0.307 0.307 0.307 0.307 0.307 0.302 0.302 0.297 0.305 0.299 0.299 0.297 0.297 0.297 0.297 0.299 0.299 0.301 0.301 0.304 0.303 0.304 0.303 0.304 0.303 0.301 0.301 0.3 0.3 0.297 0.297 0.297 0.297 0.297 0.299 0.299 0.299 0.299 0.299 0.294 0.299 0.297 0.294 0.294 0.297 0.297 0.3 0.3 0.3 0.3 0.297 0.294 0.297 0.297 0.297 0.3 0.301 0.301 0.301 0.301 0.299 0.298 0.296 0.297 0.297 0.296 0.297 0.297 0.302 0.297 0.297 0.297 0.297 0.297 0.298 0.299 0.299 0.299 0.302 0.302 0.3 0.308 0.303 0.3 0.303 0.303 0.303 0.3 0.307 0.307 0.309 0.31 0.31 0.31 0.31 0.31 0.307 0.307 0.31 0.316 0.308 0.317 0.32 0.321 0.322 0.322 0.322 0.321 0.321 0.321 0.321 0.325 0.326 0.326 0.326 0.326 0.326 0.33 0.33 0.33 0.33 0.334 0.334 0.334 0.334 0.336 0.336 0.336 0.338 0.341 0.345 
1 1 1 1 1 1 1 1 1 1 1 1 1 1 1 1 1 1 1 1 1 1 1 1 1 1 1 1 1 1 1 1 1 1 1 1 1 1 1 1 1 1 1 1 1 1 1 1 1 1 1 1 1 1 1 1 1 1 1 1 1 1 1 1 1 1 1 1 1 1 1 1 1 1 1 1 1 1 1 1 1 1 1 1 1 1 1 1 1 1 1 1 1 1 1 1 1 1 1 1 1 1 1 1 1 1 1 1 1 1 1 1 1 1 1 1 1 1 1 1 1 1 1 1 1 1 1 1 1 1 1 1 1 1 1 1 1 1 1 1 1 1 1 1 1 1 1 1 1 1 1 1 1 1 1 1 1 1 1 1 1 1 1 1 1 1 1 1 1 1 1 1 1 1 1 1 1 1 1 1 1 1 1 1 1 1 1 1 1 1 1 1 1 1 1 1 1 1 1 1 1 1 1 1 1 1 1 1 1 1 1 1 1 1 1 1 1 1 1 1 1 1 1 1 1 1 1 1 1 1 1 1 1 1 1 1 1 1 1 1 1 1 1 1 1 1 1 1 1 1 1 1 1 1 1 1 1 1 1 1 1 1 1 1 1 1 1 1 1 1 1 1 1 1 1 1 1 1 1 1 1 1 1 1 1 1 1 1 1 1 1 1 1 1 1 1 1 1 1 1 1 1 1 1 1 1 1 1 1 1 1 1 1 1 1 1 1 1 1 1 1 1 1 1 1 1 1 1 1 1 1 1 1 1 1 1 1 1 1 1 1 1 1 1 1 1 1 1 1 1 1 1 1 1 1 1 1 1 1 1 1 1 1 1 1 1 1 1 1 1 1 1 1 1 1 1 1 1 1 1 1 1 1 1 1 1 1 1 1 1 1 1 1 1 1 1 1 1 1 1 1 1 1 1 1 1 1 1 1 1 1 1 1 1 1 1 1 1 1 1 1 1 1 1 1 1 1 1 1 1 1 1 1 1 1 1 1 1 1 1 1 1 1 1 1 1 1 1 1 1 1 1 1 1 1 1 1 1 1 1 1 1 1 1 1 1 1 1 1 1 1 1 1 1 1 1 1 1 1 1 1 1 1 1 1 1 1 1 1 1 1 1 1 1 1 1 1 1 1 1 1 1 1 1 1 1 1 1 1 1 1 1 1 1 1 1 1 1 1 1 1 1 1 1 1 1 1 1 1 1 1 1 1 1 1 1 1 1 1 1 1 1 1 1 1 1 1 1 1 1 1 1 1 1 1 1 1 1 1 1 1 1 1 1 1 1 1 1 1 1 1 1 1 1 1 1 1 1 1 1 1 1 1 1 1 1 1 1 1 1 1 1 1 1 1 1 1 1 1 1 1 1 1 1 1 1 1 1 1 1 1 1 1 1 1 1 1 1 1 1 1 1 1 1 1 1 1 1 1 1 1 1 1 1 1 1 1 1 1 1 1 1 1 1 1 1 1 1 1 1 1 1 1 1 1 1 1 1 1 1 1 1 1 1 1 1 1 1 1 1 1 1 1 1 1 1 1 1 1 1 1 1 
