# This file contains a 2D laser scan observation. 
# Its format is: 
# [aperture] [max_range] [number_of_scans] 
# [vector_of_scans] 
# [vector_of_valid_scans] 
# The aperture of the sensor is in radians, the maximum range 
# and measurements are in meters. '1' means a valid scan, '0' otherwise.
4.1847
5.6
682
0.432 0.431 0.429 0.429 0.427 0.425 0.425 0.425 0.425 0.426 0.426 0.429 0.426 0.426 0.426 0.428 0.427 0.427 0.426 0.424 0.423 0.423 0.423 0.423 0.423 0.422 0.421 0.418 0.418 0.416 0.416 0.422 0.424 0.427 0.427 0.428 0.432 0.428 0.425 0.425 0.424 0.424 0.424 0.426 0.426 0.426 0.424 0.424 0.424 0.425 0.428 0.428 0.43 0.425 0.431 0.432 0.433 0.432 0.432 0.429 0.429 0.429 0.43 0.434 0.434 0.434 0.434 0.434 0.436 0.439 0.441 0.441 0.443 0.443 0.443 0.443 0.443 0.443 0.445 0.448 0.448 0.449 0.449 0.449 0.449 0.45 0.455 0.455 0.455 0.458 0.46 0.46 0.465 0.46 0.461 0.47 0.469 0.469 0.469 0.469 0.469 0.469 0.471 0.471 0.471 0.471 0.471 0.471 0.476 0.482 0.482 0.49 0.491 0.491 0.491 0.493 0.495 0.496 0.503 0.504 0.504 0.505 0.505 0.505 0.508 0.508 0.509 0.512 0.512 0.516 0.517 0.518 0.519 0.521 0.528 0.536 0.537 0.538 0.539 0.539 0.541 0.542 0.545 0.551 0.558 0.558 0.558 0.561 0.561 0.571 0.572 0.577 0.578 0.578 0.588 0.591 0.597 0.598 0.601 0.601 0.601 0.612 0.617 0.619 0.623 0.626 0.628 0.639 0.643 0.644 0.647 0.652 0.655 0.664 0.664 0.673 0.681 0.682 0.691 0.697 0.697 0.705 0.707 0.715 0.716 0.718 0.734 0.735 0.746 0.755 0.756 0.773 0.774 0.785 0.791 0.793 0.8 0.814 0.826 0.832 0.835 0.849 0.861 0.868 0.87 0.883 0.902 0.917 0.919 0.924 0.943 0.955 0.973 0.994 1.001 1.021 1.041 1.062 1.075 1.082 1.103 1.129 1.139 1.159 1.179 1.207 1.228 1.245 1.274 1.277 1.297 1.302 1.39 1.428 1.465 1.492 1.534 1.581 1.607 1.655 1.697 1.741 1.795 1.813 1.813 1.813 1.791 1.791 1.791 1.798 1.798 1.798 1.798 1.796 1.796 1.793 1.791 1.788 1.791 1.788 1.786 1.785 1.785 1.785 1.782 1.776 1.78 1.775 1.775 1.775 1.775 1.775 1.776 1.78 1.782 1.782 1.782 1.782 1.779 1.778 1.778 1.777 1.778 1.778 1.777 1.774 1.774 1.774 1.781 1.782 1.782 1.781 1.78 1.78 1.78 1.785 1.785 1.785 1.11 1.029 1.024 1 0.975 0.89 0.888 0.852 0.83 0.807 0.763 0.728 0.686 0.676 0.66 0.637 0.637 0.624 0.617 0.614 0.587 0.578 0.571 0.563 0.542 0.525 0.52 0.514 0.502 0.499 0.494 0.473 0.467 0.464 0.464 0.461 0.462 0.461 0.46 0.457 0.457 0.457 0.457 0.455 0.428 0.426 0.422 0.419 0.412 0.412 0.411 0.401 0.399 0.399 0.398 0.398 0.397 0.397 0.395 0.395 0.398 0.398 0.397 0.397 0.397 0.397 0.407 0.407 0.407 0.398 0.369 0.367 0.365 0.359 0.357 0.357 0.358 0.358 0.358 0.358 0.357 0.356 0.356 0.355 0.356 0.358 0.359 0.368 0.378 0.394 0.4 0.4 0.4 0.381 0.361 0.354 0.353 0.305 0.269 0.263 0.262 0.262 0.258 0.258 0.262 0.267 0.267 0.267 0.267 0.268 0.287 0.292 0.292 0.298 0.305 0.308 0.311 0.311 0.31 0.309 0.31 0.31 0.315 0.321 0.321 0.321 0.32 0.319 0.312 0.311 0.292 0.291 0.286 0.281 0.28 0.277 0.276 0.273 0.27 0.262 0.261 0.26 0.26 0.25 0.25 0.25 0.25 0.249 0.252 0.25 0.25 0.249 0.25 0.246 0.246 0.246 0.246 0.246 0.242 0.237 0.237 0.243 0.237 0.236 0.241 0.233 0.232 0.23 0.231 0.231 0.23 0.229 0.231 0.233 0.235 0.235 0.236 0.235 0.231 0.223 0.225 0.225 0.224 0.225 0.225 0.225 0.224 0.223 0.223 0.219 0.218 0.218 0.221 0.221 0.221 0.221 0.218 0.218 0.218 0.219 0.219 0.222 0.219 0.219 0.219 0.22 0.219 0.219 0.219 0.211 0.211 0.211 0.212 0.212 0.212 0.21 0.21 0.21 0.212 0.214 0.214 0.213 0.212 0.211 0.211 0.213 0.212 0.212 0.212 0.209 0.209 0.209 0.212 0.212 0.213 0.212 0.212 0.211 0.211 0.211 0.209 0.209 0.209 0.207 0.207 0.207 0.207 0.207 0.207 0.206 0.206 0.206 0.206 0.206 0.209 0.209 0.21 0.21 0.209 0.207 0.207 0.207 0.21 0.21 0.211 0.212 0.211 0.205 0.215 0.215 0.216 0.216 0.216 0.211 0.211 0.211 0.213 0.215 0.215 0.215 0.215 0.217 0.22 0.224 0.22 0.224 0.22 0.22 0.218 0.22 0.22 0.22 0.221 0.225 0.225 0.225 0.223 0.225 0.224 0.224 0.225 0.229 0.229 0.229 0.229 0.23 0.23 0.239 0.239 0.241 0.241 0.24 0.239 0.24 0.239 0.239 0.236 0.239 0.239 0.242 0.242 0.242 0.242 0.242 0.242 0.242 0.246 0.246 0.246 0.248 0.248 0.251 0.254 0.254 0.255 0.26 0.255 0.255 0.258 0.258 0.258 0.26 0.263 0.268 0.268 0.27 0.27 0.273 0.275 0.275 0.276 0.281 0.282 0.282 0.282 0.282 0.282 0.287 0.287 0.287 0.288 0.3 0.3 0.302 0.304 0.304 0.304 0.307 0.308 0.319 0.32 0.324 0.324 0.322 0.324 0.324 0.325 0.328 0.332 0.336 0.345 0.346 0.346 0.349 
1 1 1 1 1 1 1 1 1 1 1 1 1 1 1 1 1 1 1 1 1 1 1 1 1 1 1 1 1 1 1 1 1 1 1 1 1 1 1 1 1 1 1 1 1 1 1 1 1 1 1 1 1 1 1 1 1 1 1 1 1 1 1 1 1 1 1 1 1 1 1 1 1 1 1 1 1 1 1 1 1 1 1 1 1 1 1 1 1 1 1 1 1 1 1 1 1 1 1 1 1 1 1 1 1 1 1 1 1 1 1 1 1 1 1 1 1 1 1 1 1 1 1 1 1 1 1 1 1 1 1 1 1 1 1 1 1 1 1 1 1 1 1 1 1 1 1 1 1 1 1 1 1 1 1 1 1 1 1 1 1 1 1 1 1 1 1 1 1 1 1 1 1 1 1 1 1 1 1 1 1 1 1 1 1 1 1 1 1 1 1 1 1 1 1 1 1 1 1 1 1 1 1 1 1 1 1 1 1 1 1 1 1 1 1 1 1 1 1 1 1 1 1 1 1 1 1 1 1 1 1 1 1 1 1 1 1 1 1 1 1 1 1 1 1 1 1 1 1 1 1 1 1 1 1 1 1 1 1 1 1 1 1 1 1 1 1 1 1 1 1 1 1 1 1 1 1 1 1 1 1 1 1 1 1 1 1 1 1 1 1 1 1 1 1 1 1 1 1 1 1 1 1 1 1 1 1 1 1 1 1 1 1 1 1 1 1 1 1 1 1 1 1 1 1 1 1 1 1 1 1 1 1 1 1 1 1 1 1 1 1 1 1 1 1 1 1 1 1 1 1 1 1 1 1 1 1 1 1 1 1 1 1 1 1 1 1 1 1 1 1 1 1 1 1 1 1 1 1 1 1 1 1 1 1 1 1 1 1 1 1 1 1 1 1 1 1 1 1 1 1 1 1 1 1 1 1 1 1 1 1 1 1 1 1 1 1 1 1 1 1 1 1 1 1 1 1 1 1 1 1 1 1 1 1 1 1 1 1 1 1 1 1 1 1 1 1 1 1 1 1 1 1 1 1 1 1 1 1 1 1 1 1 1 1 1 1 1 1 1 1 1 1 1 1 1 1 1 1 1 1 1 1 1 1 1 1 1 1 1 1 1 1 1 1 1 1 1 1 1 1 1 1 1 1 1 1 1 1 1 1 1 1 1 1 1 1 1 1 1 1 1 1 1 1 1 1 1 1 1 1 1 1 1 1 1 1 1 1 1 1 1 1 1 1 1 1 1 1 1 1 1 1 1 1 1 1 1 1 1 1 1 1 1 1 1 1 1 1 1 1 1 1 1 1 1 1 1 1 1 1 1 1 1 1 1 1 1 1 1 1 1 1 1 1 1 1 1 1 1 1 1 1 1 1 1 1 1 1 1 1 1 1 1 1 1 1 1 1 1 1 1 1 1 1 1 1 1 1 1 1 1 1 1 1 1 1 1 1 1 1 1 1 1 1 1 1 1 1 1 1 1 1 1 1 1 1 1 1 1 1 1 1 1 1 1 1 1 1 1 1 1 1 1 1 1 1 1 1 1 1 1 
