# This file contains a 2D laser scan observation. 
# Its format is: 
# [aperture] [max_range] [number_of_scans] 
# [vector_of_scans] 
# [vector_of_valid_scans] 
# The aperture of the sensor is in radians, the maximum range 
# and measurements are in meters. '1' means a valid scan, '0' otherwise.
4.1847
5.6
682
0.778 0.795 0.797 0.801 0.805 0.81 0.813 0.814 0.818 0.828 0.832 0.835 0.838 0.849 0.85 0.865 0.868 0.87 0.875 0.885 0.891 0.896 0.903 0.908 0.911 0.924 0.931 0.941 0.943 0.953 0.961 0.969 0.984 0.987 0.989 1.008 1.011 1.027 1.041 1.05 1.053 1.058 1.08 1.083 1.091 1.115 1.121 1.135 1.153 1.166 1.18 1.192 1.208 1.22 1.238 1.255 1.263 1.284 1.301 1.328 1.337 1.367 1.378 1.405 1.421 1.423 1.427 1.499 1.526 1.551 1.57 1.598 1.633 1.664 1.689 1.718 1.749 1.793 1.837 1.862 1.889 1.931 1.931 1.931 1.931 1.929 1.929 1.921 1.92 1.912 1.911 1.911 1.906 1.906 1.905 1.898 1.903 1.901 1.898 1.898 1.889 1.887 1.887 1.886 1.886 1.884 1.882 1.88 1.88 1.876 1.876 1.874 1.868 1.874 1.873 1.87 1.87 1.87 1.866 1.864 1.863 1.861 1.86 1.858 1.858 1.858 1.858 1.858 1.85 1.834 0.878 0.878 0.874 0.854 0.819 0.389 0.298 0.284 0.284 0.282 0.281 0.281 0.28 0.28 0.28 0.28 0.28 0.284 0.286 0.286 0.284 0.284 0.29 0.29 0.292 0.296 0.297 0.297 0.299 0.301 0.302 0.306 0.315 0.316 0.315 0.311 0.311 0.275 0.232 0.225 0.22 0.201 0.197 0.194 0.191 0.19 0.19 0.189 0.183 0.183 0.179 0.176 0.172 0.172 0.165 0.164 0.161 0.16 0.159 0.155 0.154 0.154 0.153 0.15 0.146 0.146 0.142 0.142 0.141 0.141 0.141 0.141 0.137 0.137 0.137 0.135 0.133 0.133 0.133 0.133 0.127 0.121 0.119 0.119 0.119 0.119 0.117 0.117 0.122 0.122 0.122 0.122 0.115 0.115 0.114 0.112 0.11 0.107 0.106 0.106 0.106 0.106 0.106 0.102 0.099 0.097 0.097 0.097 0.099 0.099 0.1 0.1 0.097 0.094 0.094 0.089 0.087 0.087 0.087 0.09 0.092 0.092 0.092 0.092 0.09 0.09 0.09 0.092 0.092 0.095 0.092 0.09 0.09 0.09 0.087 0.083 0.083 0.083 0.082 0.082 0.084 0.084 0.084 0.085 0.085 0.084 0.081 0.075 0.075 0.075 0.075 0.075 0.078 0.081 0.081 0.074 0.081 0.075 0.074 0.071 0.075 0.074 0.074 0.074 0.075 0.074 0.075 0.072 0.075 0.073 0.073 0.071 0.07 0.07 0.07 0.07 0.07 0.07 0.066 0.066 0.066 0.065 0.065 0.064 0.064 0.066 0.066 0.066 0.066 0.066 0.066 0.071 0.071 0.07 0.063 0.064 0.064 0.064 0.064 0.064 0.064 0.063 0.061 0.061 0.062 0.061 0.062 0.062 0.066 0.064 0.064 0.061 0.064 0.064 0.061 0.065 0.065 0.063 0.061 0.062 0.061 0.062 0.062 0.062 0.058 0.06 0.058 0.057 0.058 0.057 0.056 0.056 0.056 0.056 0.058 0.058 0.06 0.06 0.06 0.06 0.062 0.062 0.062 0.062 0.062 0.059 0.059 0.06 0.059 0.06 0.061 0.06 0.069 0.069 0.065 0.061 0.061 0.061 0.06 0.06 0.06 0.06 0.06 0.063 0.063 0.06 0.063 0.063 0.064 0.066 0.066 0.066 0.066 0.06 0.059 0.059 0.059 0.059 0.061 0.064 0.062 0.062 0.062 0.062 0.062 0.062 0.063 0.063 0.063 0.062 0.062 0.062 0.065 0.065 0.068 0.068 0.065 0.063 0.063 0.063 0.064 0.064 0.064 0.065 0.065 0.063 0.063 0.065 0.063 0.065 0.065 0.063 0.063 0.066 0.065 0.066 0.066 0.066 0.07 0.07 0.068 0.068 0.066 0.066 0.068 0.066 0.065 0.068 0.068 0.068 0.072 0.072 0.072 0.071 0.07 0.07 0.069 0.07 0.07 0.07 0.07 0.07 0.072 0.072 0.072 0.073 0.073 0.073 0.076 0.076 0.076 0.076 0.076 0.078 0.078 0.08 0.08 0.078 0.08 0.08 0.076 0.08 0.08 0.08 0.085 0.085 0.08 0.084 0.084 0.083 0.083 0.083 0.083 0.083 0.083 0.079 0.087 0.088 0.087 0.085 0.085 0.085 0.085 0.09 0.091 0.091 0.09 0.09 0.091 0.091 0.092 0.092 0.092 0.093 0.093 0.094 0.094 0.099 0.094 0.098 0.098 0.099 0.1 0.1 0.101 0.101 0.103 0.102 0.104 0.104 0.104 0.106 0.11 0.111 0.111 0.111 0.111 0.111 0.114 0.117 0.117 0.119 0.121 0.121 0.117 0.124 0.124 0.124 0.124 0.128 0.128 0.127 0.127 0.13 0.13 0.13 0.135 0.137 0.139 0.14 0.146 0.146 0.149 0.149 0.149 0.149 0.149 0.149 0.15 0.15 0.155 0.161 0.162 0.166 0.169 0.17 0.176 0.182 0.183 0.187 0.188 0.188 0.189 0.194 0.201 0.204 0.206 0.218 0.222 0.238 0.243 0.249 0.254 0.267 0.274 0.28 0.281 0.29 0.29 0.293 0.293 0.297 0.294 0.299 0.299 0.296 0.296 0.301 0.3 0.3 0.3 0.3 0.3 0.331 0.458 0.475 0.475 0.475 0.475 0.475 3.086 3.232 0.018 0.018 0.018 0.018 0.007 0.018 3.09 3.091 3.091 3.091 3.091 3.095 3.097 3.097 3.09 3.094 3.09 3.09 3.09 3.094 3.097 3.097 3.099 3.104 3.106 3.108 3.112 3.121 3.124 3.126 3.126 3.129 3.136 3.136 3.136 3.121 3.118 3.101 3.101 3.11 3.11 3.113 3.147 3.147 3.147 1.559 1.557 1.557 1.559 0 
1 1 1 1 1 1 1 1 1 1 1 1 1 1 1 1 1 1 1 1 1 1 1 1 1 1 1 1 1 1 1 1 1 1 1 1 1 1 1 1 1 1 1 1 1 1 1 1 1 1 1 1 1 1 1 1 1 1 1 1 1 1 1 1 1 1 1 1 1 1 1 1 1 1 1 1 1 1 1 1 1 1 1 1 1 1 1 1 1 1 1 1 1 1 1 1 1 1 1 1 1 1 1 1 1 1 1 1 1 1 1 1 1 1 1 1 1 1 1 1 1 1 1 1 1 1 1 1 1 1 1 1 1 1 1 1 1 1 1 1 1 1 1 1 1 1 1 1 1 1 1 1 1 1 1 1 1 1 1 1 1 1 1 1 1 1 1 1 1 1 1 1 1 1 1 1 1 1 1 1 1 1 1 1 1 1 1 1 1 1 1 1 1 1 1 1 1 1 1 1 1 1 1 1 1 1 1 1 1 1 1 1 1 1 1 1 1 1 1 1 1 1 1 1 1 1 1 1 1 1 1 1 1 1 1 1 1 1 1 1 1 1 1 1 1 1 1 1 1 1 1 1 1 1 1 1 1 1 1 1 1 1 1 1 1 1 1 1 1 1 1 1 1 1 1 1 1 1 1 1 1 1 1 1 1 1 1 1 1 1 1 1 1 1 1 1 1 1 1 1 1 1 1 1 1 1 1 1 1 1 1 1 1 1 1 1 1 1 1 1 1 1 1 1 1 1 1 1 1 1 1 1 1 1 1 1 1 1 1 1 1 1 1 1 1 1 1 1 1 1 1 1 1 1 1 1 1 1 1 1 1 1 1 1 1 1 1 1 1 1 1 1 1 1 1 1 1 1 1 1 1 1 1 1 1 1 1 1 1 1 1 1 1 1 1 1 1 1 1 1 1 1 1 1 1 1 1 1 1 1 1 1 1 1 1 1 1 1 1 1 1 1 1 1 1 1 1 1 1 1 1 1 1 1 1 1 1 1 1 1 1 1 1 1 1 1 1 1 1 1 1 1 1 1 1 1 1 1 1 1 1 1 1 1 1 1 1 1 1 1 1 1 1 1 1 1 1 1 1 1 1 1 1 1 1 1 1 1 1 1 1 1 1 1 1 1 1 1 1 1 1 1 1 1 1 1 1 1 1 1 1 1 1 1 1 1 1 1 1 1 1 1 1 1 1 1 1 1 1 1 1 1 1 1 1 1 1 1 1 1 1 1 1 1 1 1 1 1 1 1 1 1 1 1 1 1 1 1 1 1 1 1 1 1 1 1 1 1 1 1 1 1 1 1 1 1 1 1 1 1 1 1 1 1 1 1 1 1 1 1 1 1 1 1 1 1 1 1 1 1 1 1 1 1 1 1 1 1 1 1 1 1 1 1 1 1 1 1 1 1 1 1 1 1 1 1 1 1 1 1 1 1 0 0 0 0 0 0 1 1 1 1 1 1 1 1 1 1 1 1 1 1 1 1 1 1 1 1 1 1 1 1 1 1 1 1 1 1 1 1 1 1 1 1 1 1 1 1 1 1 1 0 
