# This file contains a 2D laser scan observation. 
# Its format is: 
# [aperture] [max_range] [number_of_scans] 
# [vector_of_scans] 
# [vector_of_valid_scans] 
# The aperture of the sensor is in radians, the maximum range 
# and measurements are in meters. '1' means a valid scan, '0' otherwise.
4.1847
5.6
682
0.448 0.395 0.379 0.375 0.36 0.358 0.334 0.321 0.312 0.305 0.295 0.285 0.281 0.276 0.261 0.261 0.259 0.256 0.241 0.237 0.237 0.234 0.226 0.225 0.219 0.216 0.21 0.21 0.21 0.202 0.199 0.191 0.191 0.189 0.187 0.187 0.184 0.177 0.174 0.171 0.171 0.17 0.167 0.165 0.165 0.164 0.157 0.154 0.154 0.154 0.154 0.154 0.152 0.151 0.149 0.144 0.144 0.144 0.145 0.144 0.138 0.145 0.14 0.14 0.14 0.14 0.134 0.133 0.13 0.129 0.129 0.129 0.126 0.126 0.125 0.126 0.129 0.129 0.129 0.129 0.123 0.123 0.121 0.123 0.121 0.117 0.117 0.116 0.115 0.115 0.115 0.115 0.113 0.114 0.114 0.114 0.107 0.111 0.111 0.107 0.104 0.104 0.104 0.104 0.104 0.101 0.096 0.096 0.096 0.096 0.094 0.094 0.094 0.093 0.094 0.093 0.092 0.092 0.093 0.092 0.088 0.088 0.087 0.085 0.085 0.084 0.085 0.085 0.086 0.086 0.087 0.086 0.086 0.083 0.083 0.083 0.082 0.081 0.08 0.08 0.08 0.08 0.08 0.08 0.079 0.079 0.079 0.081 0.081 0.083 0.083 0.074 0.074 0.076 0.076 0.076 0.076 0.076 0.076 0.078 0.078 0.074 0.072 0.072 0.072 0.072 0.072 0.077 0.075 0.075 0.075 0.075 0.074 0.074 0.071 0.074 0.076 0.076 0.073 0.074 0.073 0.073 0.074 0.074 0.072 0.071 0.071 0.071 0.07 0.074 0.074 0.072 0.07 0.072 0.07 0.072 0.073 0.073 0.073 0.073 0.073 0.073 0.073 0.073 0.073 0.073 0.073 0.073 0.073 0.073 0.073 0.073 0.073 0.076 0.076 0.077 0.077 0.076 0.074 0.076 0.076 0.071 0.076 0.076 0.072 0.069 0.072 0.068 0.066 0.066 0.07 0.07 0.072 0.072 0.072 0.072 0.073 0.067 0.073 0.073 0.073 0.067 0.069 0.069 0.069 0.07 0.07 0.074 0.07 0.07 0.072 0.073 0.073 0.076 0.073 0.078 0.078 0.077 0.075 0.077 0.077 0.077 0.078 0.081 0.081 0.078 0.078 0.078 0.078 0.076 0.079 0.081 0.081 0.082 0.084 0.084 0.083 0.084 0.083 0.083 0.083 0.083 0.082 0.082 0.082 0.082 0.083 0.084 0.084 0.085 0.087 0.087 0.085 0.082 0.082 0.082 0.088 0.088 0.09 0.09 0.091 0.09 0.089 0.089 0.087 0.087 0.097 0.1 0.1 0.1 0.097 0.096 0.093 0.093 0.093 0.093 0.093 0.099 0.099 0.099 0.099 0.099 0.097 0.099 0.097 0.096 0.092 0.092 0.092 0.095 0.098 0.098 0.098 0.098 0.098 0.101 0.101 0.102 0.102 0.102 0.107 0.107 0.102 0.102 0.102 0.102 0.103 0.103 0.106 0.11 0.112 0.112 0.112 0.112 0.112 0.112 0.112 0.109 0.109 0.111 0.109 0.111 0.116 0.116 0.116 0.116 0.116 0.116 0.117 0.119 0.121 0.121 0.122 0.122 0.122 0.128 0.128 0.122 0.122 0.122 0.122 0.131 0.131 0.131 0.131 0.13 0.13 0.132 0.13 0.13 0.13 0.13 0.128 0.128 0.128 0.133 0.134 0.134 0.133 0.134 0.132 0.132 0.128 0.135 0.128 0.128 0.128 0.132 0.127 0.132 0.132 0.132 0.131 0.131 0.131 0.131 0.131 0.131 0.131 0.131 0.132 0.131 0.13 0.127 0.127 0.127 0.127 0.134 0.135 0.135 0.127 0.134 0.132 0.132 0.134 0.136 0.136 0.138 0.142 0.147 0.148 0.149 0.152 0.188 0.261 0.284 0.291 0.299 0.302 0.302 0.308 0.308 0.302 0.302 0.305 0.302 0.302 0.3 0.298 0.298 0.3 0.3 0.3 0.3 0.3 0.298 0.3 0.301 2.921 2.921 2.921 2.916 2.915 2.913 2.913 2.915 2.913 2.912 2.913 2.913 2.913 2.912 2.91 2.909 2.91 2.909 2.91 2.908 2.911 2.911 2.912 2.915 2.916 2.918 2.921 2.918 2.918 2.908 2.908 2.908 2.909 2.915 2.919 2.919 2.919 2.92 2.92 2.921 2.923 2.937 2.938 2.945 2.947 2.95 2.958 2.959 3.768 3.776 3.799 3.81 3.813 3.82 3.825 3.826 3.834 3.843 3.845 3.845 3.845 3.857 3.857 1.371 1.363 1.363 1.363 1.362 1.29 1.07 1.068 1.029 0.99 0.971 0.897 0.892 0.882 0.857 0.828 0.811 0.79 0.788 0.784 0.784 0.785 0.785 0.789 1.316 1.316 1.316 1.294 1.287 1.272 1.258 1.231 1.217 1.203 1.192 1.18 1.159 1.149 1.148 1.129 1.113 1.089 1.085 1.077 1.077 1.077 1.077 1.057 1.016 1.016 1.007 0.988 0.982 0.977 0.974 0.945 0.941 0.94 0.94 0.931 0.922 0.913 0.909 0.9 0.892 0.878 0.878 0.877 0.877 0.866 0.85 0.846 0.842 0.84 0.837 0.835 0.82 0.81 0.809 0.808 0.798 0.796 0.793 0.788 0.781 0.779 0.768 0.762 0.762 0.758 0.755 0.75 0.75 0.745 0.741 0.738 0.734 0.727 0.725 0.72 0.716 0.716 0.714 0.705 0.693 0.693 0.693 0.694 0.694 0.694 0.69 0.687 0.686 0.686 0.677 0.675 0.675 0.675 0.674 0.674 0.674 0.67 0.669 0.655 0.652 0.652 0.65 0.65 0.648 0.645 0.643 0.643 0.643 0.64 0.636 0.632 0.629 0.629 0.628 0.627 0.627 0.621 0.621 0.621 0.621 0.621 0.618 0.615 0.613 0.613 0.612 
1 1 1 1 1 1 1 1 1 1 1 1 1 1 1 1 1 1 1 1 1 1 1 1 1 1 1 1 1 1 1 1 1 1 1 1 1 1 1 1 1 1 1 1 1 1 1 1 1 1 1 1 1 1 1 1 1 1 1 1 1 1 1 1 1 1 1 1 1 1 1 1 1 1 1 1 1 1 1 1 1 1 1 1 1 1 1 1 1 1 1 1 1 1 1 1 1 1 1 1 1 1 1 1 1 1 1 1 1 1 1 1 1 1 1 1 1 1 1 1 1 1 1 1 1 1 1 1 1 1 1 1 1 1 1 1 1 1 1 1 1 1 1 1 1 1 1 1 1 1 1 1 1 1 1 1 1 1 1 1 1 1 1 1 1 1 1 1 1 1 1 1 1 1 1 1 1 1 1 1 1 1 1 1 1 1 1 1 1 1 1 1 1 1 1 1 1 1 1 1 1 1 1 1 1 1 1 1 1 1 1 1 1 1 1 1 1 1 1 1 1 1 1 1 1 1 1 1 1 1 1 1 1 1 1 1 1 1 1 1 1 1 1 1 1 1 1 1 1 1 1 1 1 1 1 1 1 1 1 1 1 1 1 1 1 1 1 1 1 1 1 1 1 1 1 1 1 1 1 1 1 1 1 1 1 1 1 1 1 1 1 1 1 1 1 1 1 1 1 1 1 1 1 1 1 1 1 1 1 1 1 1 1 1 1 1 1 1 1 1 1 1 1 1 1 1 1 1 1 1 1 1 1 1 1 1 1 1 1 1 1 1 1 1 1 1 1 1 1 1 1 1 1 1 1 1 1 1 1 1 1 1 1 1 1 1 1 1 1 1 1 1 1 1 1 1 1 1 1 1 1 1 1 1 1 1 1 1 1 1 1 1 1 1 1 1 1 1 1 1 1 1 1 1 1 1 1 1 1 1 1 1 1 1 1 1 1 1 1 1 1 1 1 1 1 1 1 1 1 1 1 1 1 1 1 1 1 1 1 1 1 1 1 1 1 1 1 1 1 1 1 1 1 1 1 1 1 1 1 1 1 1 1 1 1 1 1 1 1 1 1 1 1 1 1 1 1 1 1 1 1 1 1 1 1 1 1 1 1 1 1 1 1 1 1 1 1 1 1 1 1 1 1 1 1 1 1 1 1 1 1 1 1 1 1 1 1 1 1 1 1 1 1 1 1 1 1 1 1 1 1 1 1 1 1 1 1 1 1 1 1 1 1 1 1 1 1 1 1 1 1 1 1 1 1 1 1 1 1 1 1 1 1 1 1 1 1 1 1 1 1 1 1 1 1 1 1 1 1 1 1 1 1 1 1 1 1 1 1 1 1 1 1 1 1 1 1 1 1 1 1 1 1 1 1 1 1 1 1 1 1 1 1 1 1 1 1 1 1 1 1 1 1 1 1 1 1 1 1 1 1 1 1 1 1 1 1 1 1 1 1 1 1 1 1 1 1 1 1 1 1 1 1 1 1 1 1 1 1 1 1 1 1 1 1 1 1 1 1 1 1 1 1 1 1 1 1 1 1 1 1 1 
