# This file contains a 2D laser scan observation. 
# Its format is: 
# [aperture] [max_range] [number_of_scans] 
# [vector_of_scans] 
# [vector_of_valid_scans] 
# The aperture of the sensor is in radians, the maximum range 
# and measurements are in meters. '1' means a valid scan, '0' otherwise.
4.1847
5.6
682
0.243 0.243 0.238 0.238 0.236 0.236 0.231 0.23 0.229 0.229 0.227 0.229 0.229 0.231 0.232 0.232 0.231 0.221 0.221 0.221 0.219 0.219 0.219 0.209 0.203 0.199 0.193 0.192 0.192 0.189 0.189 0.188 0.188 0.185 0.184 0.184 0.184 0.188 0.188 0.196 0.196 0.198 0.201 0.208 0.208 0.209 0.209 0.209 0.209 0.21 0.21 0.212 0.212 0.212 0.212 0.212 0.211 0.211 0.211 0.211 0.207 0.202 0.202 0.203 0.207 0.205 0.205 0.208 0.205 0.205 0.203 0.209 0.203 0.203 0.2 0.198 0.198 0.198 0.198 0.2 0.2 0.2 0.2 0.2 0.2 0.2 0.2 0.201 0.201 0.201 0.204 0.204 0.198 0.198 0.199 0.199 0.2 0.205 0.2 0.2 0.2 0.206 0.206 0.207 0.207 0.208 0.207 0.204 0.204 0.212 0.206 0.206 0.209 0.209 0.206 0.206 0.208 0.206 0.205 0.206 0.207 0.207 0.207 0.207 0.211 0.206 0.205 0.206 0.213 0.213 0.213 0.213 0.211 0.211 0.211 0.212 0.215 0.215 0.215 0.216 0.212 0.212 0.216 0.216 0.217 0.222 0.22 0.225 0.227 0.227 0.227 0.227 0.227 0.224 0.223 0.221 0.218 0.206 0.205 0.197 0.196 0.192 0.19 0.188 0.188 0.19 0.191 0.191 0.191 0.191 0.196 0.198 0.199 0.204 0.206 0.236 0.255 0.271 0.273 0.273 0.29 0.301 0.301 0.304 0.304 0.304 0.304 0.314 0.314 0.314 0.312 0.305 0.3 0.3 0.297 0.283 0.281 0.277 0.274 0.269 0.268 0.264 0.26 0.264 0.263 0.263 0.267 0.267 0.264 0.267 0.27 0.376 0.925 0.947 0.95 0.95 0.953 0.954 0.96 0.966 0.966 0.978 0.987 0.988 0.988 0.995 1.011 1.015 1.015 1.026 1.039 1.04 1.053 1.067 1.069 1.081 1.085 1.097 1.104 1.112 1.117 1.125 1.138 1.149 1.161 1.17 1.179 1.195 1.203 1.211 1.223 1.233 1.251 1.264 1.277 1.29 1.301 1.316 1.331 1.34 1.361 1.373 1.38 1.395 1.426 1.426 1.426 1.42 1.413 1.412 1.406 1.403 1.402 1.402 1.38 1.38 1.38 1.38 1.38 1.37 1.361 1.361 1.354 1.336 1.326 1.32 1.32 1.32 1.32 1.32 1.318 1.321 1.322 1.331 1.333 1.338 1.363 2.181 2.181 2.181 2.177 2.174 2.174 2.174 2.189 2.216 2.273 2.37 2.439 2.503 2.584 2.656 2.721 2.753 2.753 2.753 2.753 2.744 2.738 2.738 2.738 2.73 2.73 2.729 2.724 2.723 2.723 2.723 2.723 2.725 2.725 2.723 2.722 2.722 2.719 2.718 2.718 2.717 2.711 2.708 2.702 2.702 2.702 2.702 2.699 2.701 2.701 2.699 2.699 2.699 2.699 2.694 2.694 2.698 2.705 2.706 2.706 2.704 2.704 2.7 2.696 2.696 2.7 2.701 2.704 2.708 2.711 2.712 2.721 2.732 3.563 3.571 3.575 3.575 3.575 3.577 3.59 3.59 3.602 3.616 3.616 3.616 1.132 1.13 1.119 1.111 1.111 1.056 0.886 0.677 0.665 0.649 0.613 0.573 0.557 0.551 0.549 0.549 0.549 0.549 0.551 0.551 0.551 0.552 0.553 1.148 1.148 1.148 1.14 1.121 1.107 1.085 1.072 1.063 1.044 1.022 1.009 0.996 0.992 0.981 0.961 0.951 0.943 0.928 0.917 0.916 0.915 0.889 0.876 0.873 0.862 0.85 0.847 0.84 0.823 0.814 0.813 0.811 0.786 0.784 0.778 0.775 0.772 0.761 0.75 0.741 0.738 0.73 0.727 0.722 0.711 0.71 0.706 0.697 0.691 0.688 0.674 0.674 0.672 0.671 0.667 0.664 0.654 0.651 0.65 0.649 0.643 0.635 0.628 0.624 0.624 0.624 0.62 0.616 0.611 0.609 0.609 0.598 0.593 0.591 0.589 0.589 0.585 0.58 0.577 0.574 0.574 0.568 0.563 0.561 0.56 0.56 0.558 0.557 0.554 0.552 0.549 0.549 0.543 0.539 0.535 0.532 0.532 0.532 0.53 0.527 0.527 0.526 0.522 0.511 0.511 0.511 0.511 0.511 0.506 0.501 0.5 0.5 0.5 0.497 0.496 0.492 0.492 0.492 0.491 0.49 0.49 0.49 0.489 0.489 0.484 0.481 0.481 0.481 0.481 0.48 0.48 0.479 0.478 0.478 0.476 0.472 0.471 0.47 0.47 0.47 0.465 0.465 0.468 0.465 0.464 0.464 0.46 0.46 0.461 0.461 0.461 0.461 0.457 0.452 0.452 0.454 0.452 0.454 0.454 0.454 0.453 0.453 0.451 0.451 0.451 0.451 0.442 0.442 0.442 0.448 0.449 0.449 0.449 0.446 0.446 0.446 0.443 0.447 0.447 0.443 0.441 0.441 0.441 0.441 0.441 0.449 0.443 0.441 0.443 0.443 0.443 0.443 0.443 0.44 0.437 0.437 0.437 0.438 0.441 0.441 0.441 0.443 0.443 0.443 0.443 0.448 0.448 0.447 0.447 0.447 0.446 0.446 0.446 0.449 0.447 0.447 0.449 0.449 0.449 0.449 0.449 0.449 0.448 0.448 0.448 0.45 0.454 0.454 0.454 0.454 0.451 0.451 0.454 0.454 0.453 0.454 0.454 0.454 0.454 0.459 0.459 0.46 0.46 0.46 0.459 0.46 0.46 0.459 0.46 0.461 0.466 0.466 0.466 0.467 0.467 0.468 0.468 0.47 0.472 0.472 0.473 0.476 0.473 0.482 0.482 0.482 0.482 0.484 0.485 0.485 0.487 0.488 0.489 0.491 0.493 0.493 
1 1 1 1 1 1 1 1 1 1 1 1 1 1 1 1 1 1 1 1 1 1 1 1 1 1 1 1 1 1 1 1 1 1 1 1 1 1 1 1 1 1 1 1 1 1 1 1 1 1 1 1 1 1 1 1 1 1 1 1 1 1 1 1 1 1 1 1 1 1 1 1 1 1 1 1 1 1 1 1 1 1 1 1 1 1 1 1 1 1 1 1 1 1 1 1 1 1 1 1 1 1 1 1 1 1 1 1 1 1 1 1 1 1 1 1 1 1 1 1 1 1 1 1 1 1 1 1 1 1 1 1 1 1 1 1 1 1 1 1 1 1 1 1 1 1 1 1 1 1 1 1 1 1 1 1 1 1 1 1 1 1 1 1 1 1 1 1 1 1 1 1 1 1 1 1 1 1 1 1 1 1 1 1 1 1 1 1 1 1 1 1 1 1 1 1 1 1 1 1 1 1 1 1 1 1 1 1 1 1 1 1 1 1 1 1 1 1 1 1 1 1 1 1 1 1 1 1 1 1 1 1 1 1 1 1 1 1 1 1 1 1 1 1 1 1 1 1 1 1 1 1 1 1 1 1 1 1 1 1 1 1 1 1 1 1 1 1 1 1 1 1 1 1 1 1 1 1 1 1 1 1 1 1 1 1 1 1 1 1 1 1 1 1 1 1 1 1 1 1 1 1 1 1 1 1 1 1 1 1 1 1 1 1 1 1 1 1 1 1 1 1 1 1 1 1 1 1 1 1 1 1 1 1 1 1 1 1 1 1 1 1 1 1 1 1 1 1 1 1 1 1 1 1 1 1 1 1 1 1 1 1 1 1 1 1 1 1 1 1 1 1 1 1 1 1 1 1 1 1 1 1 1 1 1 1 1 1 1 1 1 1 1 1 1 1 1 1 1 1 1 1 1 1 1 1 1 1 1 1 1 1 1 1 1 1 1 1 1 1 1 1 1 1 1 1 1 1 1 1 1 1 1 1 1 1 1 1 1 1 1 1 1 1 1 1 1 1 1 1 1 1 1 1 1 1 1 1 1 1 1 1 1 1 1 1 1 1 1 1 1 1 1 1 1 1 1 1 1 1 1 1 1 1 1 1 1 1 1 1 1 1 1 1 1 1 1 1 1 1 1 1 1 1 1 1 1 1 1 1 1 1 1 1 1 1 1 1 1 1 1 1 1 1 1 1 1 1 1 1 1 1 1 1 1 1 1 1 1 1 1 1 1 1 1 1 1 1 1 1 1 1 1 1 1 1 1 1 1 1 1 1 1 1 1 1 1 1 1 1 1 1 1 1 1 1 1 1 1 1 1 1 1 1 1 1 1 1 1 1 1 1 1 1 1 1 1 1 1 1 1 1 1 1 1 1 1 1 1 1 1 1 1 1 1 1 1 1 1 1 1 1 1 1 1 1 1 1 1 1 1 1 1 1 1 1 1 1 1 1 1 1 1 1 1 1 1 1 1 1 1 1 1 1 1 1 1 1 1 1 1 1 1 1 1 1 1 1 1 1 1 1 1 1 1 1 1 1 1 1 1 1 
