# This file contains a 2D laser scan observation. 
# Its format is: 
# [aperture] [max_range] [number_of_scans] 
# [vector_of_scans] 
# [vector_of_valid_scans] 
# The aperture of the sensor is in radians, the maximum range 
# and measurements are in meters. '1' means a valid scan, '0' otherwise.
4.1847
5.6
682
0.227 0.227 0.227 0.227 0.227 0.227 0.227 0.223 0.225 0.22 0.22 0.221 0.221 0.221 0.226 0.221 0.224 0.224 0.223 0.219 0.211 0.211 0.211 0.211 0.211 0.203 0.201 0.198 0.196 0.191 0.191 0.19 0.19 0.189 0.178 0.178 0.178 0.184 0.186 0.186 0.186 0.186 0.186 0.184 0.181 0.18 0.181 0.181 0.182 0.186 0.2 0.213 0.215 0.216 0.218 0.221 0.221 0.222 0.225 0.221 0.224 0.225 0.227 0.227 0.229 0.229 0.229 0.229 0.23 0.229 0.237 0.239 0.239 0.239 0.239 0.239 0.245 0.246 0.246 0.246 0.246 0.239 0.219 0.206 0.192 0.189 0.187 0.187 0.184 0.18 0.18 0.184 0.184 0.186 0.187 0.187 0.187 0.188 0.188 0.188 0.194 0.198 0.206 0.245 0.269 0.275 0.284 0.284 0.286 0.288 0.292 0.298 0.298 0.298 0.3 0.3 0.306 0.306 0.306 0.306 0.306 0.305 0.306 0.306 0.305 0.304 0.304 0.302 0.298 0.302 0.302 0.3 0.302 0.303 0.305 0.303 0.303 0.298 0.297 0.297 0.298 0.302 0.303 0.309 0.313 0.315 0.316 0.316 0.321 0.33 1.484 1.493 1.493 1.484 1.484 1.468 1.443 1.342 1.327 1.314 1.303 1.298 1.298 1.278 1.254 1.238 1.221 1.206 1.189 1.166 1.142 1.126 1.109 1.104 1.07 1.07 1.059 1.04 1.026 1.015 1.003 0.989 0.976 0.966 0.961 0.943 0.932 0.919 0.908 0.907 0.89 0.878 0.876 0.87 0.861 0.856 0.837 0.835 0.829 0.817 0.814 0.814 0.814 0.819 0.823 0.83 0.829 0.831 0.838 0.85 0.85 0.851 0.856 0.86 0.866 0.867 0.868 0.876 0.878 0.879 0.884 0.884 0.893 0.909 0.909 0.911 0.911 0.92 0.931 0.938 0.939 0.948 0.955 0.956 0.965 0.972 0.983 0.988 0.991 0.995 1.009 1.009 1.01 1.019 1.033 1.039 1.047 1.058 1.063 1.075 1.084 1.092 1.106 1.112 1.121 1.141 1.142 1.156 1.17 1.175 1.175 1.191 1.192 1.215 1.233 1.233 1.24 1.24 1.233 1.222 1.219 1.217 1.212 1.21 1.204 1.202 1.195 1.192 1.181 1.179 1.172 1.171 1.17 1.165 1.153 1.151 1.136 1.136 1.133 1.13 1.127 1.12 1.12 1.118 1.116 1.118 1.122 1.122 1.141 1.149 1.16 1.176 2.005 2.005 2.005 2.001 1.999 1.989 1.987 1.984 1.982 1.982 1.982 1.998 2.039 2.131 2.195 2.256 2.314 2.378 2.439 2.511 2.555 2.558 2.558 2.555 2.555 2.552 2.548 2.542 2.541 2.541 2.541 2.538 2.538 2.538 2.532 2.532 2.535 2.532 2.531 2.531 2.531 2.528 2.527 2.527 2.527 2.517 2.517 2.514 2.514 2.512 2.511 2.506 2.504 2.503 2.503 2.503 2.504 2.507 2.509 2.509 2.509 2.504 2.504 2.504 2.508 2.508 2.509 2.515 2.515 2.515 2.51 2.508 2.508 2.51 2.518 2.52 2.52 2.521 2.521 2.525 2.53 2.532 2.553 3.366 3.385 3.393 3.402 3.405 3.409 3.409 3.41 3.41 3.42 3.432 3.438 3.439 3.442 3.442 3.442 3.442 0.978 0.94 0.938 0.935 0.935 0.916 0.902 0.856 0.797 0.77 0.744 0.735 0.701 0.686 0.658 0.645 0.635 0.612 0.593 0.581 0.557 0.51 0.493 0.482 0.478 0.461 0.46 0.45 0.434 0.422 0.419 0.418 0.405 0.385 0.383 0.378 0.374 0.366 0.366 0.366 0.366 0.373 0.373 0.373 0.369 0.369 0.369 0.374 0.374 0.375 0.376 0.377 0.38 0.49 0.773 0.773 0.773 0.765 0.756 0.753 0.74 0.738 0.737 0.733 0.728 0.716 0.706 0.706 0.697 0.697 0.692 0.69 0.684 0.68 0.676 0.665 0.66 0.656 0.654 0.65 0.65 0.647 0.642 0.639 0.631 0.631 0.631 0.619 0.619 0.619 0.616 0.613 0.613 0.601 0.6 0.595 0.591 0.591 0.585 0.585 0.583 0.582 0.578 0.577 0.572 0.571 0.571 0.571 0.563 0.557 0.556 0.554 0.551 0.547 0.547 0.547 0.546 0.54 0.538 0.538 0.537 0.537 0.534 0.531 0.529 0.528 0.525 0.522 0.521 0.518 0.518 0.517 0.517 0.512 0.511 0.509 0.507 0.507 0.505 0.504 0.505 0.505 0.505 0.499 0.499 0.496 0.495 0.494 0.494 0.494 0.495 0.494 0.492 0.492 0.489 0.486 0.484 0.484 0.484 0.485 0.485 0.485 0.48 0.48 0.479 0.478 0.478 0.478 0.477 0.476 0.475 0.475 0.475 0.475 0.475 0.475 0.475 0.469 0.469 0.469 0.469 0.469 0.469 0.466 0.465 0.464 0.464 0.462 0.462 0.467 0.47 0.467 0.467 0.467 0.463 0.463 0.463 0.463 0.463 0.462 0.465 0.464 0.462 0.462 0.464 0.46 0.457 0.457 0.46 0.46 0.46 0.461 0.46 0.462 0.462 0.46 0.46 0.458 0.458 0.46 0.46 0.457 0.46 0.46 0.457 0.46 0.462 0.46 0.46 0.462 0.462 0.46 0.465 0.465 0.461 0.461 0.465 0.465 0.465 0.465 0.465 0.464 0.464 0.464 0.464 0.464 0.465 0.474 0.469 0.474 0.469 0.474 0.472 0.474 0.472 0.477 0.474 0.479 0.479 0.479 0.479 0.48 0.48 0.486 0.489 0.489 0.489 0.486 0.488 0.488 0.489 0.489 0.49 0.491 0.493 0.495 0.497 0.497 0.498 0.499 
1 1 1 1 1 1 1 1 1 1 1 1 1 1 1 1 1 1 1 1 1 1 1 1 1 1 1 1 1 1 1 1 1 1 1 1 1 1 1 1 1 1 1 1 1 1 1 1 1 1 1 1 1 1 1 1 1 1 1 1 1 1 1 1 1 1 1 1 1 1 1 1 1 1 1 1 1 1 1 1 1 1 1 1 1 1 1 1 1 1 1 1 1 1 1 1 1 1 1 1 1 1 1 1 1 1 1 1 1 1 1 1 1 1 1 1 1 1 1 1 1 1 1 1 1 1 1 1 1 1 1 1 1 1 1 1 1 1 1 1 1 1 1 1 1 1 1 1 1 1 1 1 1 1 1 1 1 1 1 1 1 1 1 1 1 1 1 1 1 1 1 1 1 1 1 1 1 1 1 1 1 1 1 1 1 1 1 1 1 1 1 1 1 1 1 1 1 1 1 1 1 1 1 1 1 1 1 1 1 1 1 1 1 1 1 1 1 1 1 1 1 1 1 1 1 1 1 1 1 1 1 1 1 1 1 1 1 1 1 1 1 1 1 1 1 1 1 1 1 1 1 1 1 1 1 1 1 1 1 1 1 1 1 1 1 1 1 1 1 1 1 1 1 1 1 1 1 1 1 1 1 1 1 1 1 1 1 1 1 1 1 1 1 1 1 1 1 1 1 1 1 1 1 1 1 1 1 1 1 1 1 1 1 1 1 1 1 1 1 1 1 1 1 1 1 1 1 1 1 1 1 1 1 1 1 1 1 1 1 1 1 1 1 1 1 1 1 1 1 1 1 1 1 1 1 1 1 1 1 1 1 1 1 1 1 1 1 1 1 1 1 1 1 1 1 1 1 1 1 1 1 1 1 1 1 1 1 1 1 1 1 1 1 1 1 1 1 1 1 1 1 1 1 1 1 1 1 1 1 1 1 1 1 1 1 1 1 1 1 1 1 1 1 1 1 1 1 1 1 1 1 1 1 1 1 1 1 1 1 1 1 1 1 1 1 1 1 1 1 1 1 1 1 1 1 1 1 1 1 1 1 1 1 1 1 1 1 1 1 1 1 1 1 1 1 1 1 1 1 1 1 1 1 1 1 1 1 1 1 1 1 1 1 1 1 1 1 1 1 1 1 1 1 1 1 1 1 1 1 1 1 1 1 1 1 1 1 1 1 1 1 1 1 1 1 1 1 1 1 1 1 1 1 1 1 1 1 1 1 1 1 1 1 1 1 1 1 1 1 1 1 1 1 1 1 1 1 1 1 1 1 1 1 1 1 1 1 1 1 1 1 1 1 1 1 1 1 1 1 1 1 1 1 1 1 1 1 1 1 1 1 1 1 1 1 1 1 1 1 1 1 1 1 1 1 1 1 1 1 1 1 1 1 1 1 1 1 1 1 1 1 1 1 1 1 1 1 1 1 1 1 1 1 1 1 1 1 1 1 1 1 1 1 1 1 1 1 1 1 1 1 1 1 1 1 1 1 1 1 1 1 1 1 1 1 1 1 1 1 1 1 1 1 1 1 1 1 1 1 1 1 1 
