# This file contains a 2D laser scan observation. 
# Its format is: 
# [aperture] [max_range] [number_of_scans] 
# [vector_of_scans] 
# [vector_of_valid_scans] 
# The aperture of the sensor is in radians, the maximum range 
# and measurements are in meters. '1' means a valid scan, '0' otherwise.
4.1847
5.6
682
0.66 0.656 0.651 0.646 0.638 0.629 0.627 0.616 0.616 0.616 0.66 0.675 0.681 0.682 0.7 1.44 1.44 1.44 1.423 1.412 1.408 1.399 1.395 1.393 1.391 1.387 1.384 1.383 1.378 1.371 1.36 1.355 1.35 1.323 1.323 1.296 0.944 0.935 0.934 0.925 0.922 0.922 0.921 0.905 0.905 0.905 0.922 0.926 0.955 0.957 1.182 1.246 1.246 1.246 1.241 1.24 1.239 1.233 1.227 1.226 1.218 1.214 1.2 1.199 1.196 1.195 1.191 1.194 1.191 1.191 1.191 1.191 1.188 1.188 1.188 1.188 1.187 1.182 1.182 1.181 1.181 1.179 1.173 1.169 1.167 1.162 1.159 1.158 1.156 1.154 1.148 1.148 1.148 1.142 1.141 1.141 1.14 1.137 1.136 1.135 1.135 1.137 1.142 1.142 1.142 1.142 1.142 1.143 1.145 1.145 1.145 1.143 1.138 1.138 1.139 1.137 1.139 1.14 1.14 1.141 1.144 1.164 1.177 1.185 1.188 1.196 1.199 1.206 1.211 1.213 1.213 1.218 1.219 1.219 1.219 1.219 1.211 1.211 1.211 1.211 1.205 1.204 1.2 1.2 1.2 1.2 1.201 1.202 1.203 1.216 1.22 1.225 1.566 4.81 4.525 4.525 4.525 1.882 1.873 1.873 1.873 1.882 0.007 0.015 0.007 1.888 1.888 0.006 4.958 4.958 4.958 1.332 1.332 1.332 1.331 1.331 1.331 1.331 1.331 1.322 1.322 1.322 1.288 1.256 1.239 1.233 1.232 1.233 1.234 1.234 1.239 1.241 1.242 1.974 1.982 1.988 1.988 1.992 2.009 2.009 2.014 2.021 2.023 2.024 2.038 2.045 2.052 2.056 2.059 2.078 2.081 2.081 2.081 2.081 2.081 2.048 0 0.007 0 0 0 1.941 1.941 1.941 1.941 1.966 1.966 1.966 1.99 1.99 1.99 0.007 1.164 1.052 1.048 1.047 1.047 1.046 1.046 1.047 1.049 1.049 1.049 1.04 0.959 0.949 0.949 0.949 1.046 1.046 1.046 1.046 1.045 1.044 1.042 1.042 1.041 1.027 1.027 1.045 1.034 1.034 1.034 1.034 1.034 1.035 1.035 1.035 1.035 1.035 1.048 1.048 1.051 1.051 1.068 0 0.007 0 0.007 0 0 0 1.763 1.761 1.756 1.756 1.756 1.745 1.703 1.666 1.651 1.637 1.626 1.007 1.007 1.007 1.631 1.636 1.637 1.637 1.637 1.636 1.633 1.628 1.624 1.605 1.602 1.581 1.561 1.549 1.521 1.52 1.52 1.52 1.52 1.52 1.523 1.523 1.525 1.527 1.528 1.532 1.541 1.541 1.532 1.532 1.532 1.52 0.642 0.639 0.636 0.636 0.631 0.631 0.631 0.631 1.436 1.444 1.444 1.436 1.385 1.372 1.369 1.366 1.355 0.992 0.99 0.99 0.99 0.999 1.357 1.365 1.371 1.379 1.379 1.379 1.373 1.369 1.366 1.364 1.365 1.365 1.366 1.385 1.4 1.414 1.425 1.425 1.425 1.425 1.42 1.402 1.399 1.387 1.377 1.349 1.348 1.346 1.346 1.346 1.354 1.355 1.361 1.381 1.41 1.411 1.421 1.422 1.425 1.425 1.429 1.422 1.417 1.416 1.409 1.408 1.406 1.388 1.388 1.387 1.374 1.374 1.377 1.375 1.377 1.377 1.377 1.381 1.381 1.363 0.982 0.982 0.982 1.003 1.389 1.398 1.398 1.398 0.621 0.621 0.62 0.62 0.616 0.62 0.62 1.44 1.454 1.46 1.46 1.462 1.468 1.468 1.468 1.468 1.458 1.457 1.451 1.437 1.419 1.419 1.419 1.419 0 0 0 0 0 0 0 1.541 1.54 1.535 1.529 1.526 1.522 1.521 1.502 1.501 1.455 1.444 1.427 1.424 1.427 1.444 1.48 1.502 1.539 0 0 0 0 0.732 0.728 0.7 0.699 0.694 0.694 0.693 0.691 0.681 0.675 0.675 0.681 0.684 0.685 0.685 0.688 0.688 0.692 0.688 0.686 0.682 0.68 0.676 0.68 0.681 0.681 0.681 0.681 0.684 0.684 0.681 0.684 0.686 0.686 0.686 0.687 0.693 0.693 0.685 0.689 0.689 0.689 0.691 0.692 0.694 0.695 0.717 0.717 0.726 0.732 0.772 0.772 0.849 0.849 0.849 0.849 0.847 0.84 0.836 0.827 0.825 0.821 0.816 0.809 0.809 0.805 0.804 0.801 0.801 0.796 0.793 0.789 0.786 0.781 0.781 0.778 0.775 0.764 0.764 0.758 0.757 0.755 0.757 0.755 0.755 0.744 0.739 0.739 0.734 0.734 0.73 0.73 0.727 0.727 0.725 0.724 0.725 0.724 0.723 0.722 0.715 0.713 0.706 0.706 0.706 0.705 0.705 0.704 0.694 0.694 0.694 0.694 0.691 0.691 0.687 0.687 0.687 0.686 0.681 0.681 0.677 0.676 0.676 0.675 0.674 0.674 0.674 0.674 0.674 0.674 0.673 0.673 0.673 0.673 0.673 0.672 0.672 0.669 0.668 0.665 0.663 0.662 0.66 0.656 0.656 0.656 0.656 0.656 0.656 0.657 0.656 0.656 0.656 0.656 0.654 0.654 0.654 0.654 0.654 0.661 0.662 0.663 0.675 0.68 0.684 0.693 0.698 0.699 0.706 0.699 0.699 0.697 0.695 0.688 0.686 0.673 0.669 0.665 0.663 0.662 0.661 0.658 0.656 0.656 0.656 0.658 0.655 0.655 0.654 0.655 0.655 0.655 0.658 0.66 0.665 0.665 0.665 0.665 0.665 0.659 0.659 0.657 0.657 0.659 0.662 0.667 0.668 0.667 0.667 0.67 0.672 
1 1 1 1 1 1 1 1 1 1 1 1 1 1 1 1 1 1 1 1 1 1 1 1 1 1 1 1 1 1 1 1 1 1 1 1 1 1 1 1 1 1 1 1 1 1 1 1 1 1 1 1 1 1 1 1 1 1 1 1 1 1 1 1 1 1 1 1 1 1 1 1 1 1 1 1 1 1 1 1 1 1 1 1 1 1 1 1 1 1 1 1 1 1 1 1 1 1 1 1 1 1 1 1 1 1 1 1 1 1 1 1 1 1 1 1 1 1 1 1 1 1 1 1 1 1 1 1 1 1 1 1 1 1 1 1 1 1 1 1 1 1 1 1 1 1 1 1 1 1 1 1 1 1 1 1 1 1 1 1 1 1 0 0 0 1 1 0 1 1 1 1 1 1 1 1 1 1 1 1 1 1 1 1 1 1 1 1 1 1 1 1 1 1 1 1 1 1 1 1 1 1 1 1 1 1 1 1 1 1 1 1 1 1 1 1 0 0 0 0 0 1 1 1 1 1 1 1 1 1 1 0 1 1 1 1 1 1 1 1 1 1 1 1 1 1 1 1 1 1 1 1 1 1 1 1 1 1 1 1 1 1 1 1 1 1 1 1 1 1 1 1 1 1 1 0 0 0 0 0 0 0 1 1 1 1 1 1 1 1 1 1 1 1 1 1 1 1 1 1 1 1 1 1 1 1 1 1 1 1 1 1 1 1 1 1 1 1 1 1 1 1 1 1 1 1 1 1 1 1 1 1 1 1 1 1 1 1 1 1 1 1 1 1 1 1 1 1 1 1 1 1 1 1 1 1 1 1 1 1 1 1 1 1 1 1 1 1 1 1 1 1 1 1 1 1 1 1 1 1 1 1 1 1 1 1 1 1 1 1 1 1 1 1 1 1 1 1 1 1 1 1 1 1 1 1 1 1 1 1 1 1 1 1 1 1 1 1 1 1 1 1 1 1 1 1 1 1 1 1 1 1 1 1 1 1 1 1 1 1 1 1 0 0 0 0 0 0 0 1 1 1 1 1 1 1 1 1 1 1 1 1 1 1 1 1 1 0 0 0 0 1 1 1 1 1 1 1 1 1 1 1 1 1 1 1 1 1 1 1 1 1 1 1 1 1 1 1 1 1 1 1 1 1 1 1 1 1 1 1 1 1 1 1 1 1 1 1 1 1 1 1 1 1 1 1 1 1 1 1 1 1 1 1 1 1 1 1 1 1 1 1 1 1 1 1 1 1 1 1 1 1 1 1 1 1 1 1 1 1 1 1 1 1 1 1 1 1 1 1 1 1 1 1 1 1 1 1 1 1 1 1 1 1 1 1 1 1 1 1 1 1 1 1 1 1 1 1 1 1 1 1 1 1 1 1 1 1 1 1 1 1 1 1 1 1 1 1 1 1 1 1 1 1 1 1 1 1 1 1 1 1 1 1 1 1 1 1 1 1 1 1 1 1 1 1 1 1 1 1 1 1 1 1 1 1 1 1 1 1 1 1 1 1 1 1 1 1 1 1 1 1 1 1 1 1 1 1 1 1 1 1 
