# This file contains a 2D laser scan observation. 
# Its format is: 
# [aperture] [max_range] [number_of_scans] 
# [vector_of_scans] 
# [vector_of_valid_scans] 
# The aperture of the sensor is in radians, the maximum range 
# and measurements are in meters. '1' means a valid scan, '0' otherwise.
4.1847
5.6
682
0.29 0.29 0.284 0.29 0.284 0.281 0.281 0.28 0.277 0.278 0.28 0.278 0.276 0.275 0.274 0.269 0.267 0.267 0.26 0.267 0.27 0.27 0.269 0.269 0.269 0.263 0.263 0.263 0.262 0.262 0.263 0.263 0.262 0.262 0.261 0.26 0.254 0.253 0.251 0.25 0.25 0.251 0.251 0.253 0.253 0.251 0.251 0.251 0.246 0.246 0.251 0.256 0.251 0.251 0.245 0.245 0.245 0.242 0.244 0.245 0.245 0.245 0.245 0.246 0.246 0.246 0.246 0.246 0.242 0.242 0.247 0.242 0.242 0.241 0.241 0.241 0.244 0.244 0.244 0.243 0.242 0.242 0.243 0.245 0.245 0.245 0.243 0.243 0.243 0.263 0.269 0.269 0.269 0.278 0.278 0.285 0.286 0.286 0.285 0.275 0.265 0.261 0.255 0.247 0.242 0.242 0.241 0.241 0.241 0.241 0.242 0.244 0.242 0.244 0.242 0.245 0.242 0.242 0.241 0.241 0.236 0.236 0.236 0.237 0.237 0.237 0.237 0.242 0.236 0.244 0.246 0.244 0.242 0.242 0.242 0.242 0.242 0.245 0.245 0.241 0.241 0.241 0.241 0.245 0.245 0.247 0.248 0.252 0.252 0.255 0.255 0.255 0.254 0.254 0.253 0.254 0.257 0.257 0.256 0.26 0.259 0.259 0.259 0.259 0.259 0.259 0.259 0.265 0.265 0.27 0.27 0.27 0.264 0.271 0.27 0.271 0.271 0.28 0.28 0.28 0.281 0.281 0.281 0.281 0.281 0.281 0.282 0.284 0.291 0.291 0.284 0.283 0.283 0.283 0.283 0.283 0.282 0.278 0.282 0.277 0.277 0.282 0.286 0.286 0.286 0.286 0.289 0.294 0.295 0.295 0.295 0.299 0.299 0.299 0.301 0.309 0.311 0.312 0.313 0.317 0.317 0.32 0.32 0.322 0.324 0.325 0.322 0.325 0.333 0.333 0.333 0.335 0.336 0.341 0.343 0.345 0.346 0.352 0.364 0.364 0.364 0.364 0.364 0.433 0.511 0.511 0.511 0.511 0.511 0.506 0.506 0.504 0.504 0.504 0.504 0.504 0.504 0.501 0.504 0.505 0.507 0.505 0.511 0.511 0.504 0.503 0.4 0.4 0.39 0.389 0.388 0.388 0.388 0.389 0.391 0.401 0.433 0.545 0.551 0.596 0.651 0.651 0.651 0.651 0.651 0.617 0.589 0.616 0.616 0.616 0.646 0.758 1.113 1.192 1.192 1.113 0.826 0.826 0.826 1.204 1.226 1.226 1.204 0.704 0.704 0.704 0.726 0.752 1.214 1.214 1.214 1.214 1.209 1.209 1.209 1.209 1.033 0.937 0.936 0.929 0.926 0.922 0.915 0.915 0.914 0.913 0.911 0.911 0.91 0.906 0.906 0.906 0.909 0.909 0.909 0.907 0.907 0.907 0.911 0.911 0.92 0.92 0.926 0.935 0.942 0.96 1.202 1.212 1.212 1.208 1.208 1.208 1.208 1.208 1.209 1.211 1.213 1.213 1.221 1.22 1.22 1.225 1.225 1.225 1.226 1.226 1.223 1.226 1.226 1.227 1.231 1.232 1.232 1.234 1.242 1.242 1.244 1.247 1.248 1.252 1.254 1.254 1.254 1.26 1.264 1.267 1.267 1.275 1.278 1.278 1.278 1.278 1.252 1.165 1.14 1.122 1.118 1.11 1.102 1.081 1.069 1.056 1.044 1.039 1.012 1.008 1.006 0.974 0.972 0.958 0.948 0.934 0.921 0.917 0.904 0.894 0.885 0.884 0.883 0.868 0.857 0.857 0.851 0.836 0.832 0.823 0.818 0.812 0.809 0.803 0.8 0.792 0.784 0.783 0.78 0.777 0.775 0.774 0.772 0.771 0.77 0.771 0.771 0.763 0.763 0.763 0.761 0.763 0.763 0.768 0.768 0.769 0.769 0.765 0.765 0.771 0.771 0.774 0.774 0.774 0.775 0.779 0.782 0.785 0.786 0.794 0.796 0.799 0.8 0.803 0.803 0.811 0.828 0.828 0.843 0.853 0.877 0.91 1.159 1.159 1.159 1.152 1.145 1.144 1.137 1.132 1.119 1.111 1.108 1.106 1.102 1.101 1.089 1.087 1.085 1.08 1.076 1.071 1.066 1.062 1.059 1.056 1.048 1.048 1.047 1.042 1.042 1.033 1.033 1.023 1.019 1.016 1.015 1.014 1.012 1.012 1.012 1.027 1.053 1.057 1.067 1.081 1.12 1.912 1.916 1.916 1.912 1.901 1.895 1.893 1.891 1.883 1.881 1.878 1.868 1.866 1.862 1.86 1.856 1.848 1.847 1.847 1.839 1.838 1.835 1.834 1.83 1.823 1.818 1.817 1.814 1.813 1.808 1.804 1.801 1.799 1.797 1.792 1.788 1.788 1.782 1.746 1.718 1.718 1.718 1.72 1.738 1.776 1.776 1.776 1.769 1.768 1.768 1.768 1.767 1.768 1.767 1.767 1.767 1.769 1.765 1.769 1.758 1.77 1.758 1.758 1.757 1.757 1.757 1.764 1.77 1.77 1.77 1.768 1.768 1.764 1.763 1.763 1.768 1.767 1.768 1.769 1.773 1.773 1.773 1.773 1.774 1.776 1.777 1.777 1.778 1.779 1.78 1.781 1.785 1.785 1.787 1.785 1.785 1.756 1.716 1.654 1.638 1.594 1.54 1.47 1.47 1.409 1.379 1.297 1.268 1.238 1.206 1.166 1.133 1.133 1.108 1.072 1.044 1.03 1.004 0.991 0.966 0.953 0.929 0.922 0.905 0.881 0.865 0.849 0.836 0.821 0.804 0.796 0.792 0.768 0.762 0.75 0.741 0.723 0.722 0.708 0.697 0.688 0.675 0.674 0.661 0.659 0.649 0.646 0.637 0.632 0.624 0.606 0.603 0.593 0.588 0.587 0.579 0.579 0.568 0.567 
1 1 1 1 1 1 1 1 1 1 1 1 1 1 1 1 1 1 1 1 1 1 1 1 1 1 1 1 1 1 1 1 1 1 1 1 1 1 1 1 1 1 1 1 1 1 1 1 1 1 1 1 1 1 1 1 1 1 1 1 1 1 1 1 1 1 1 1 1 1 1 1 1 1 1 1 1 1 1 1 1 1 1 1 1 1 1 1 1 1 1 1 1 1 1 1 1 1 1 1 1 1 1 1 1 1 1 1 1 1 1 1 1 1 1 1 1 1 1 1 1 1 1 1 1 1 1 1 1 1 1 1 1 1 1 1 1 1 1 1 1 1 1 1 1 1 1 1 1 1 1 1 1 1 1 1 1 1 1 1 1 1 1 1 1 1 1 1 1 1 1 1 1 1 1 1 1 1 1 1 1 1 1 1 1 1 1 1 1 1 1 1 1 1 1 1 1 1 1 1 1 1 1 1 1 1 1 1 1 1 1 1 1 1 1 1 1 1 1 1 1 1 1 1 1 1 1 1 1 1 1 1 1 1 1 1 1 1 1 1 1 1 1 1 1 1 1 1 1 1 1 1 1 1 1 1 1 1 1 1 1 1 1 1 1 1 1 1 1 1 1 1 1 1 1 1 1 1 1 1 1 1 1 1 1 1 1 1 1 1 1 1 1 1 1 1 1 1 1 1 1 1 1 1 1 1 1 1 1 1 1 1 1 1 1 1 1 1 1 1 1 1 1 1 1 1 1 1 1 1 1 1 1 1 1 1 1 1 1 1 1 1 1 1 1 1 1 1 1 1 1 1 1 1 1 1 1 1 1 1 1 1 1 1 1 1 1 1 1 1 1 1 1 1 1 1 1 1 1 1 1 1 1 1 1 1 1 1 1 1 1 1 1 1 1 1 1 1 1 1 1 1 1 1 1 1 1 1 1 1 1 1 1 1 1 1 1 1 1 1 1 1 1 1 1 1 1 1 1 1 1 1 1 1 1 1 1 1 1 1 1 1 1 1 1 1 1 1 1 1 1 1 1 1 1 1 1 1 1 1 1 1 1 1 1 1 1 1 1 1 1 1 1 1 1 1 1 1 1 1 1 1 1 1 1 1 1 1 1 1 1 1 1 1 1 1 1 1 1 1 1 1 1 1 1 1 1 1 1 1 1 1 1 1 1 1 1 1 1 1 1 1 1 1 1 1 1 1 1 1 1 1 1 1 1 1 1 1 1 1 1 1 1 1 1 1 1 1 1 1 1 1 1 1 1 1 1 1 1 1 1 1 1 1 1 1 1 1 1 1 1 1 1 1 1 1 1 1 1 1 1 1 1 1 1 1 1 1 1 1 1 1 1 1 1 1 1 1 1 1 1 1 1 1 1 1 1 1 1 1 1 1 1 1 1 1 1 1 1 1 1 1 1 1 1 1 1 1 1 1 1 1 1 1 1 1 1 1 1 1 1 1 1 1 1 1 1 1 1 1 1 1 1 1 1 1 1 1 1 1 1 1 1 1 1 1 1 1 1 1 1 1 1 1 1 1 1 1 1 1 1 1 
