# This file contains a 2D laser scan observation. 
# Its format is: 
# [aperture] [max_range] [number_of_scans] 
# [vector_of_scans] 
# [vector_of_valid_scans] 
# The aperture of the sensor is in radians, the maximum range 
# and measurements are in meters. '1' means a valid scan, '0' otherwise.
4.1847
5.6
682
0.293 0.293 0.296 0.293 0.293 0.29 0.29 0.282 0.282 0.281 0.281 0.281 0.281 0.281 0.279 0.278 0.278 0.275 0.275 0.275 0.274 0.274 0.274 0.274 0.273 0.267 0.267 0.267 0.267 0.267 0.264 0.267 0.267 0.261 0.261 0.262 0.262 0.262 0.265 0.268 0.268 0.268 0.264 0.264 0.26 0.26 0.26 0.26 0.254 0.26 0.256 0.257 0.256 0.256 0.256 0.25 0.25 0.253 0.253 0.253 0.253 0.253 0.253 0.251 0.251 0.251 0.251 0.253 0.253 0.25 0.25 0.25 0.25 0.256 0.256 0.256 0.257 0.257 0.265 0.265 0.267 0.269 0.269 0.277 0.289 0.29 0.292 0.298 0.305 0.299 0.299 0.298 0.282 0.281 0.262 0.256 0.256 0.256 0.256 0.257 0.257 0.255 0.255 0.255 0.255 0.255 0.255 0.255 0.25 0.25 0.25 0.25 0.25 0.251 0.249 0.249 0.249 0.246 0.246 0.249 0.25 0.249 0.249 0.249 0.257 0.251 0.255 0.255 0.255 0.255 0.256 0.258 0.258 0.257 0.257 0.257 0.244 0.244 0.244 0.244 0.245 0.248 0.248 0.248 0.245 0.245 0.245 0.25 0.25 0.25 0.249 0.247 0.241 0.24 0.241 0.241 0.241 0.253 0.253 0.261 0.262 0.264 0.262 0.265 0.265 0.265 0.262 0.265 0.262 0.262 0.262 0.269 0.27 0.27 0.27 0.276 0.278 0.28 0.28 0.28 0.28 0.284 0.284 0.284 0.284 0.284 0.288 0.289 0.289 0.288 0.288 0.291 0.289 0.289 0.289 0.289 0.289 0.293 0.294 0.3 0.304 0.306 0.311 0.314 0.321 0.549 0.549 0.549 0.547 0.542 0.533 0.531 0.527 0.506 0.472 0.46 0.46 0.46 0.46 0.46 0.449 0.449 0.448 0.447 0.447 0.44 0.44 0.44 0.44 0.441 0.441 0.441 0.43 0.352 0.339 0.336 0.329 0.326 0.321 0.321 0.323 0.326 0.327 0.33 0.333 0.348 0.418 0.445 0.451 0.456 0.465 0.468 0.468 0.509 0.619 0.66 0.66 0.66 0.655 0.625 0.599 0.544 0.508 0.489 0.484 0.484 0.489 0.494 0.516 0.516 0.55 0.583 0.588 0.614 1.179 1.179 1.179 1.177 1.177 1.164 1.142 0.748 0.748 0.748 0.868 0.868 0.868 0.674 0.656 0.656 0.656 0.657 0.672 1.136 1.136 1.136 1.129 1.127 1.127 1.127 1.126 1.128 1.131 1.128 1.126 0.869 0.866 0.854 0.848 0.843 0.841 0.831 0.83 0.83 0.83 0.829 0.829 0.829 0.828 0.829 0.828 0.828 0.829 0.829 0.829 0.829 0.83 0.829 0.83 0.832 0.845 0.845 0.848 0.858 0.861 0.864 0.885 1.118 1.121 1.125 1.121 1.121 1.123 1.125 1.123 1.124 1.13 1.13 1.133 1.133 1.136 1.134 1.134 1.134 1.134 1.134 1.135 1.135 1.135 1.139 1.139 1.143 1.152 1.152 1.154 1.154 1.152 1.152 1.155 1.152 1.152 1.155 1.155 1.161 1.164 1.166 1.169 1.169 1.175 1.187 1.187 1.187 1.187 1.188 1.201 1.201 1.187 1.151 1.07 1.054 1.043 1.018 1.015 1.013 1.01 0.99 0.984 0.97 0.964 0.952 0.935 0.934 0.913 0.911 0.903 0.891 0.883 0.868 0.867 0.846 0.846 0.836 0.833 0.822 0.814 0.802 0.8 0.794 0.794 0.79 0.786 0.782 0.774 0.765 0.751 0.748 0.744 0.74 0.738 0.734 0.727 0.718 0.714 0.713 0.712 0.708 0.706 0.702 0.702 0.698 0.698 0.698 0.696 0.695 0.695 0.694 0.696 0.693 0.691 0.691 0.692 0.69 0.692 0.692 0.693 0.693 0.698 0.699 0.699 0.7 0.705 0.706 0.713 0.714 0.716 0.716 0.717 0.717 0.718 0.726 0.73 0.731 0.732 0.745 0.753 0.755 0.763 0.779 0.783 0.803 0.852 1.087 1.087 1.087 1.075 1.069 1.065 1.059 1.06 1.058 1.055 1.05 1.044 1.039 1.038 1.034 1.027 1.021 1.02 1.016 1.01 1.01 1.01 1.01 1.009 1.006 0.999 0.991 0.98 0.979 0.978 0.976 0.968 0.968 0.968 0.967 0.962 0.962 0.959 0.962 0.963 0.977 0.998 1.015 1.039 1.063 1.841 1.842 1.842 1.841 1.837 1.837 1.833 1.828 1.826 1.824 1.817 1.811 1.81 1.81 1.803 1.801 1.799 1.79 1.79 1.789 1.787 1.786 1.784 1.784 1.784 1.783 1.773 1.772 1.772 1.772 1.767 1.767 1.76 1.759 1.758 1.746 1.696 1.689 1.689 1.689 1.69 1.71 1.749 1.749 1.749 1.743 1.743 1.74 1.74 1.745 1.746 1.746 1.746 1.746 1.748 1.746 1.748 1.748 1.749 1.749 1.75 1.749 1.749 1.749 1.749 1.748 1.746 1.748 1.748 1.748 1.751 1.755 1.755 1.756 1.755 1.758 1.763 1.767 1.767 1.767 1.769 1.767 1.767 1.774 1.774 1.774 1.78 1.783 1.783 1.784 1.787 1.79 1.79 1.79 1.728 1.69 1.652 1.612 1.565 1.548 1.509 1.459 1.421 1.39 1.351 1.322 1.311 1.272 1.248 1.223 1.204 1.188 1.157 1.142 1.119 1.103 1.08 1.058 1.048 1.034 1.012 0.998 0.98 0.964 0.949 0.933 0.929 0.923 0.904 0.881 0.879 0.859 0.85 0.842 0.833 0.83 0.809 0.802 0.789 0.786 0.777 0.763 0.755 0.748 0.744 0.734 0.728 0.721 0.716 0.71 0.704 0.694 0.693 0.691 0.675 0.672 
1 1 1 1 1 1 1 1 1 1 1 1 1 1 1 1 1 1 1 1 1 1 1 1 1 1 1 1 1 1 1 1 1 1 1 1 1 1 1 1 1 1 1 1 1 1 1 1 1 1 1 1 1 1 1 1 1 1 1 1 1 1 1 1 1 1 1 1 1 1 1 1 1 1 1 1 1 1 1 1 1 1 1 1 1 1 1 1 1 1 1 1 1 1 1 1 1 1 1 1 1 1 1 1 1 1 1 1 1 1 1 1 1 1 1 1 1 1 1 1 1 1 1 1 1 1 1 1 1 1 1 1 1 1 1 1 1 1 1 1 1 1 1 1 1 1 1 1 1 1 1 1 1 1 1 1 1 1 1 1 1 1 1 1 1 1 1 1 1 1 1 1 1 1 1 1 1 1 1 1 1 1 1 1 1 1 1 1 1 1 1 1 1 1 1 1 1 1 1 1 1 1 1 1 1 1 1 1 1 1 1 1 1 1 1 1 1 1 1 1 1 1 1 1 1 1 1 1 1 1 1 1 1 1 1 1 1 1 1 1 1 1 1 1 1 1 1 1 1 1 1 1 1 1 1 1 1 1 1 1 1 1 1 1 1 1 1 1 1 1 1 1 1 1 1 1 1 1 1 1 1 1 1 1 1 1 1 1 1 1 1 1 1 1 1 1 1 1 1 1 1 1 1 1 1 1 1 1 1 1 1 1 1 1 1 1 1 1 1 1 1 1 1 1 1 1 1 1 1 1 1 1 1 1 1 1 1 1 1 1 1 1 1 1 1 1 1 1 1 1 1 1 1 1 1 1 1 1 1 1 1 1 1 1 1 1 1 1 1 1 1 1 1 1 1 1 1 1 1 1 1 1 1 1 1 1 1 1 1 1 1 1 1 1 1 1 1 1 1 1 1 1 1 1 1 1 1 1 1 1 1 1 1 1 1 1 1 1 1 1 1 1 1 1 1 1 1 1 1 1 1 1 1 1 1 1 1 1 1 1 1 1 1 1 1 1 1 1 1 1 1 1 1 1 1 1 1 1 1 1 1 1 1 1 1 1 1 1 1 1 1 1 1 1 1 1 1 1 1 1 1 1 1 1 1 1 1 1 1 1 1 1 1 1 1 1 1 1 1 1 1 1 1 1 1 1 1 1 1 1 1 1 1 1 1 1 1 1 1 1 1 1 1 1 1 1 1 1 1 1 1 1 1 1 1 1 1 1 1 1 1 1 1 1 1 1 1 1 1 1 1 1 1 1 1 1 1 1 1 1 1 1 1 1 1 1 1 1 1 1 1 1 1 1 1 1 1 1 1 1 1 1 1 1 1 1 1 1 1 1 1 1 1 1 1 1 1 1 1 1 1 1 1 1 1 1 1 1 1 1 1 1 1 1 1 1 1 1 1 1 1 1 1 1 1 1 1 1 1 1 1 1 1 1 1 1 1 1 1 1 1 1 1 1 1 1 1 1 1 1 1 1 1 1 1 1 1 1 1 1 1 1 1 1 1 1 1 1 1 1 1 1 1 1 1 1 1 1 1 1 1 1 
