# This file contains a 2D laser scan observation. 
# Its format is: 
# [aperture] [max_range] [number_of_scans] 
# [vector_of_scans] 
# [vector_of_valid_scans] 
# The aperture of the sensor is in radians, the maximum range 
# and measurements are in meters. '1' means a valid scan, '0' otherwise.
4.1847
5.6
682
0.911 0.911 0.911 0.911 0.911 0.91 0.911 0.913 0.913 0.917 0.918 0.92 0.927 0.927 0.929 0.945 0.961 0.962 0.969 0.98 0.999 1.062 1.062 1.062 1.06 1.06 1.06 1.09 1.115 1.115 1.115 1.113 1.112 1.112 1.107 1.106 1.107 1.107 1.106 1.097 1.094 1.092 1.09 1.09 1.088 1.083 1.079 1.079 1.073 1.073 1.074 1.074 1.07 1.07 1.066 1.062 1.062 1.05 1.05 1.051 1.049 1.049 1.044 1.041 1.041 1.044 1.047 1.047 1.047 0.502 0.46 0.45 0.45 0.449 0.445 0.439 0.439 0.435 0.435 0.435 0.428 0.428 0.426 0.426 0.426 0.426 0.421 0.419 0.417 0.416 0.416 0.417 0.418 0.418 0.418 0.417 0.412 0.407 0.407 0.409 0.407 0.409 0.409 0.406 0.403 0.402 0.402 0.402 0.406 0.406 0.406 0.406 0.406 0.407 0.406 0.405 0.403 0.402 0.402 0.402 0.399 0.399 0.408 0.407 0.408 0.408 0.407 0.407 0.408 0.408 0.408 0.414 0.413 0.413 0.413 0.413 0.413 0.414 0.414 0.414 0.414 0.414 0.421 0.421 0.428 0.429 0.43 0.433 0.436 0.441 0.445 0.446 0.448 0.451 0.461 0.463 0.49 1.005 1.005 1.005 0.981 0.963 0.95 0.942 0.914 0.899 0.891 0.872 0.866 0.846 0.84 0.826 0.81 0.802 0.789 0.785 0.766 0.764 0.761 0.741 0.738 0.734 0.725 0.715 0.706 0.699 0.685 0.684 0.683 0.67 0.669 0.662 0.651 0.648 0.636 0.633 0.63 0.618 0.617 0.615 0.614 0.608 0.596 0.59 0.586 0.579 0.576 0.571 0.566 0.562 0.556 0.549 0.547 0.545 0.543 0.541 0.541 0.527 0.517 0.517 0.516 0.516 0.506 0.502 0.501 0.496 0.495 0.495 0.493 0.487 0.487 0.484 0.484 0.482 0.477 0.474 0.474 0.468 0.468 0.466 0.466 0.455 0.455 0.454 0.455 0.456 0.457 0.456 0.456 0.454 0.454 0.454 0.454 0.455 0.456 0.461 0.467 0.468 0.474 0.478 0.478 0.485 0.493 0.495 0.504 0.505 0.512 0.516 0.517 0.519 1.281 1.309 1.318 1.318 1.328 1.328 1.328 1.33 1.328 1.325 1.322 1.319 1.308 1.303 1.299 1.299 1.296 1.295 1.293 1.293 1.288 1.28 1.275 1.273 1.273 1.27 1.265 1.263 1.262 1.257 1.256 1.25 1.247 1.246 1.244 1.239 1.239 1.234 1.233 1.233 1.229 1.229 1.229 1.217 1.216 1.216 1.214 1.214 1.214 1.214 1.214 1.214 1.214 1.212 1.21 1.206 1.206 1.191 1.191 1.191 1.192 1.193 1.193 1.192 1.191 1.191 1.19 1.18 1.179 1.151 1.124 1.121 1.121 1.121 1.114 1.114 1.114 1.178 1.178 1.179 1.179 1.179 1.179 1.179 1.179 1.179 1.178 1.178 1.178 1.178 1.178 1.182 1.182 1.182 1.182 1.182 1.182 1.182 1.186 1.186 1.188 1.186 1.188 1.186 1.188 1.188 1.189 1.19 1.192 1.192 1.193 1.193 1.194 1.194 1.194 1.193 1.194 1.194 1.203 1.203 1.206 1.206 1.206 1.21 1.21 1.21 1.218 1.219 1.22 1.221 1.221 1.221 1.223 1.233 1.234 1.236 1.235 1.236 1.24 1.244 1.246 1.246 1.252 1.255 1.258 1.258 1.259 1.269 1.27 1.27 1.27 1.264 1.249 1.226 1.203 1.185 1.173 1.158 1.135 1.115 1.113 1.09 1.071 1.064 1.047 1.03 1.024 1.007 0.994 0.979 0.976 0.961 0.949 0.94 0.935 0.923 0.915 0.892 0.892 0.887 0.885 0.872 0.864 0.85 0.846 0.834 0.828 0.821 0.815 0.812 0.801 0.795 0.788 0.778 0.778 0.769 0.763 0.763 0.762 0.751 0.746 0.736 0.736 0.727 0.723 0.72 0.716 0.705 0.702 0.699 0.698 0.694 0.692 0.684 0.679 0.678 0.675 0.672 0.667 0.663 0.655 0.651 0.651 0.646 0.635 0.635 0.633 0.63 0.63 0.622 0.62 0.616 0.61 0.608 0.608 0.608 0.6 0.597 0.597 0.595 0.593 0.591 0.591 0.581 0.581 0.582 0.581 0.573 0.569 0.569 0.567 0.567 0.567 0.559 0.559 0.559 0.553 0.553 0.553 0.551 0.551 0.551 0.551 0.548 0.541 0.539 0.538 0.536 0.536 0.536 0.532 0.532 0.529 0.529 0.528 0.528 0.528 0.528 0.522 0.521 0.521 0.52 0.519 0.513 0.513 0.511 0.508 0.508 0.508 0.508 0.511 0.511 0.511 0.511 0.505 0.503 0.501 0.5 0.5 0.499 0.497 0.494 0.494 0.494 0.496 0.498 0.498 0.498 0.49 0.49 0.49 0.49 0.488 0.492 0.489 0.489 0.492 0.492 0.491 0.491 0.488 0.488 0.488 0.488 0.49 0.49 0.49 0.479 0.49 0.494 0.494 0.492 0.493 0.493 0.493 0.493 0.495 0.503 0.51 0.513 0.515 0.515 0.513 0.508 0.507 0.507 0.505 0.505 0.506 0.506 0.506 0.506 0.498 0.496 0.49 0.494 0.49 0.491 0.49 0.49 0.49 0.49 0.488 0.488 0.486 0.486 0.488 0.49 0.49 0.49 0.49 0.49 0.492 0.492 0.492 0.491 0.492 0.491 0.491 0.496 0.498 0.497 0.497 0.496 0.497 0.494 0.494 0.497 0.499 0.499 0.5 0.5 0.5 0.508 0.51 0.51 0.512 0.512 0.51 0.509 0.509 0.505 0.501 0.501 0.501 0.502 0.503 0.505 0.506 0.514 0.52 0.524 
1 1 1 1 1 1 1 1 1 1 1 1 1 1 1 1 1 1 1 1 1 1 1 1 1 1 1 1 1 1 1 1 1 1 1 1 1 1 1 1 1 1 1 1 1 1 1 1 1 1 1 1 1 1 1 1 1 1 1 1 1 1 1 1 1 1 1 1 1 1 1 1 1 1 1 1 1 1 1 1 1 1 1 1 1 1 1 1 1 1 1 1 1 1 1 1 1 1 1 1 1 1 1 1 1 1 1 1 1 1 1 1 1 1 1 1 1 1 1 1 1 1 1 1 1 1 1 1 1 1 1 1 1 1 1 1 1 1 1 1 1 1 1 1 1 1 1 1 1 1 1 1 1 1 1 1 1 1 1 1 1 1 1 1 1 1 1 1 1 1 1 1 1 1 1 1 1 1 1 1 1 1 1 1 1 1 1 1 1 1 1 1 1 1 1 1 1 1 1 1 1 1 1 1 1 1 1 1 1 1 1 1 1 1 1 1 1 1 1 1 1 1 1 1 1 1 1 1 1 1 1 1 1 1 1 1 1 1 1 1 1 1 1 1 1 1 1 1 1 1 1 1 1 1 1 1 1 1 1 1 1 1 1 1 1 1 1 1 1 1 1 1 1 1 1 1 1 1 1 1 1 1 1 1 1 1 1 1 1 1 1 1 1 1 1 1 1 1 1 1 1 1 1 1 1 1 1 1 1 1 1 1 1 1 1 1 1 1 1 1 1 1 1 1 1 1 1 1 1 1 1 1 1 1 1 1 1 1 1 1 1 1 1 1 1 1 1 1 1 1 1 1 1 1 1 1 1 1 1 1 1 1 1 1 1 1 1 1 1 1 1 1 1 1 1 1 1 1 1 1 1 1 1 1 1 1 1 1 1 1 1 1 1 1 1 1 1 1 1 1 1 1 1 1 1 1 1 1 1 1 1 1 1 1 1 1 1 1 1 1 1 1 1 1 1 1 1 1 1 1 1 1 1 1 1 1 1 1 1 1 1 1 1 1 1 1 1 1 1 1 1 1 1 1 1 1 1 1 1 1 1 1 1 1 1 1 1 1 1 1 1 1 1 1 1 1 1 1 1 1 1 1 1 1 1 1 1 1 1 1 1 1 1 1 1 1 1 1 1 1 1 1 1 1 1 1 1 1 1 1 1 1 1 1 1 1 1 1 1 1 1 1 1 1 1 1 1 1 1 1 1 1 1 1 1 1 1 1 1 1 1 1 1 1 1 1 1 1 1 1 1 1 1 1 1 1 1 1 1 1 1 1 1 1 1 1 1 1 1 1 1 1 1 1 1 1 1 1 1 1 1 1 1 1 1 1 1 1 1 1 1 1 1 1 1 1 1 1 1 1 1 1 1 1 1 1 1 1 1 1 1 1 1 1 1 1 1 1 1 1 1 1 1 1 1 1 1 1 1 1 1 1 1 1 1 1 1 1 1 1 1 1 1 1 1 1 1 1 1 1 1 1 1 1 1 1 1 1 1 1 1 1 1 1 1 1 1 1 1 1 1 1 1 1 1 1 1 1 1 1 1 1 
