# This file contains a 2D laser scan observation. 
# Its format is: 
# [aperture] [max_range] [number_of_scans] 
# [vector_of_scans] 
# [vector_of_valid_scans] 
# The aperture of the sensor is in radians, the maximum range 
# and measurements are in meters. '1' means a valid scan, '0' otherwise.
4.1847
5.6
682
0.513 0.514 0.514 0.515 0.515 0.515 0.512 0.508 0.507 0.507 0.507 0.508 0.507 0.507 0.506 0.506 0.506 0.506 0.51 0.51 0.51 0.507 0.511 0.507 0.507 0.507 0.512 0.507 0.513 0.514 0.514 0.514 0.518 0.525 0.527 0.528 0.529 0.53 0.538 0.538 0.544 0.556 0.562 0.565 0.57 0.572 0.578 0.59 0.602 0.629 0.636 0.643 0.665 0.704 0.751 0.8 0.801 0.816 0.907 0.912 0.925 0.927 0.965 0.972 0.98 0.982 0.997 1.008 1.049 1.049 1.055 1.049 1.049 1.048 1.048 1.042 1.042 1.042 1.042 1.039 1.029 1.029 1.029 1.033 1.033 1.038 1.038 1.04 1.04 1.044 1.048 1.059 1.059 1.059 1.059 1.024 0.951 0.304 0.3 0.3 0.304 0.301 0.303 0.303 0.301 0.3 0.3 0.298 0.298 0.3 0.3 0.301 0.302 0.303 0.303 0.303 0.3 0.3 0.3 0.3 0.3 0.3 0.3 0.3 0.3 0.3 0.296 0.3 0.297 0.297 0.297 0.303 0.303 0.303 0.309 0.309 0.309 0.309 0.309 0.306 0.306 0.312 0.312 0.312 0.312 0.312 0.316 0.319 0.319 0.321 0.321 0.315 0.315 0.315 0.315 0.319 0.321 0.322 0.326 1.137 1.137 1.137 1.131 1.009 0.353 0.349 0.349 0.353 0.347 0.347 0.354 0.354 0.354 0.374 1.174 1.191 1.205 1.205 1.207 1.222 1.224 1.227 1.229 1.235 1.236 1.248 1.25 1.256 1.265 1.266 1.281 1.285 1.286 1.298 1.304 1.304 1.298 1.253 1.222 1.215 1.215 1.215 1.226 1.277 1.295 1.295 1.295 1.289 1.287 1.275 1.257 1.246 1.242 1.203 1.168 1.162 1.153 1.151 1.148 1.141 1.129 1.129 1.129 1.129 1.138 1.138 1.138 1.137 1.128 1.127 1.117 1.108 1.104 1.094 1.085 1.083 1.082 1.081 1.07 1.068 1.055 1.053 1.052 1.043 1.041 1.032 1.032 1.028 1.02 1.018 1.016 1.012 1.012 0.995 0.991 0.991 0.991 0.99 0.985 0.98 0.976 0.971 0.969 0.967 0.956 0.952 0.952 0.95 0.947 0.947 0.946 0.941 0.939 0.939 0.939 0.937 0.931 0.927 0.921 0.92 0.918 0.912 0.911 0.912 0.91 0.907 0.91 0.91 0.905 0.902 0.898 0.895 0.895 0.895 0.894 0.894 0.891 0.888 0.882 0.882 0.881 0.874 0.872 0.872 0.872 0.87 0.87 0.87 0.87 0.868 0.868 0.868 0.868 0.868 0.863 0.863 0.853 0.801 0.794 0.789 0.786 0.786 0.783 0.783 0.788 0.79 0.788 0.79 0.791 0.798 0.838 0.853 0.853 0.844 0.844 0.85 0.85 0.85 0.852 0.852 0.852 0.852 0.854 0.852 0.854 0.852 0.854 0.851 0.854 0.851 0.851 0.851 0.851 0.851 0.851 0.851 0.852 0.846 0.852 0.852 0.852 0.85 0.85 0.849 0.849 0.849 0.854 0.855 0.855 0.854 0.854 0.854 0.853 0.853 0.853 0.853 0.852 0.855 0.855 0.855 0.855 0.86 0.866 0.866 0.868 0.872 0.872 0.874 0.872 0.871 0.871 0.872 0.872 0.872 0.877 0.878 0.888 0.888 0.89 0.89 0.89 0.891 0.892 0.896 0.899 0.899 0.9 0.9 0.903 0.903 0.903 0.911 0.912 0.914 0.913 0.914 0.916 0.929 0.929 0.93 0.935 0.94 0.944 0.948 0.949 0.951 0.956 0.957 0.957 0.956 0.949 0.929 0.919 0.909 0.895 0.893 0.874 0.871 0.871 0.851 0.845 0.835 0.828 0.82 0.819 0.812 0.809 0.79 0.789 0.787 0.776 0.771 0.763 0.757 0.752 0.75 0.748 0.736 0.73 0.728 0.72 0.706 0.705 0.704 0.701 0.695 0.682 0.68 0.679 0.677 0.674 0.669 0.661 0.659 0.659 0.649 0.648 0.64 0.635 0.63 0.629 0.628 0.623 0.62 0.62 0.619 0.611 0.602 0.602 0.602 0.596 0.594 0.592 0.586 0.586 0.586 0.578 0.574 0.573 0.571 0.571 0.568 0.561 0.559 0.559 0.559 0.554 0.552 0.549 0.544 0.541 0.535 0.535 0.535 0.535 0.536 0.536 0.533 0.533 0.533 0.53 0.53 0.525 0.519 0.519 0.518 0.516 0.514 0.514 0.514 0.509 0.509 0.509 0.507 0.504 0.503 0.503 0.502 0.499 0.499 0.499 0.499 0.499 0.499 0.494 0.491 0.491 0.49 0.492 0.492 0.492 0.486 0.485 0.482 0.481 0.481 0.481 0.478 0.478 0.479 0.479 0.478 0.476 0.475 0.473 0.473 0.474 0.471 0.471 0.471 0.472 0.469 0.472 0.471 0.472 0.471 0.471 0.468 0.465 0.465 0.465 0.465 0.464 0.469 0.471 0.464 0.466 0.47 0.47 0.466 0.47 0.47 0.47 0.47 0.47 0.471 0.469 0.471 0.477 0.487 0.487 0.489 0.489 0.489 0.493 0.489 0.489 0.489 0.486 0.486 0.48 0.479 0.479 0.477 0.471 0.471 0.471 0.471 0.469 0.469 0.469 0.467 0.467 0.467 0.467 0.466 0.466 0.465 0.465 0.465 0.465 0.469 0.471 0.471 0.471 0.469 0.469 0.469 0.47 0.47 0.47 0.468 0.468 0.467 0.468 0.471 0.472 0.472 0.474 0.475 0.475 0.477 0.478 0.478 0.478 0.481 0.481 0.481 0.485 0.487 0.487 0.488 0.489 0.49 0.49 0.494 0.497 0.5 0.497 0.497 0.497 0.497 0.497 0.495 0.503 0.504 0.506 0.505 0.506 0.506 0.506 0.511 
1 1 1 1 1 1 1 1 1 1 1 1 1 1 1 1 1 1 1 1 1 1 1 1 1 1 1 1 1 1 1 1 1 1 1 1 1 1 1 1 1 1 1 1 1 1 1 1 1 1 1 1 1 1 1 1 1 1 1 1 1 1 1 1 1 1 1 1 1 1 1 1 1 1 1 1 1 1 1 1 1 1 1 1 1 1 1 1 1 1 1 1 1 1 1 1 1 1 1 1 1 1 1 1 1 1 1 1 1 1 1 1 1 1 1 1 1 1 1 1 1 1 1 1 1 1 1 1 1 1 1 1 1 1 1 1 1 1 1 1 1 1 1 1 1 1 1 1 1 1 1 1 1 1 1 1 1 1 1 1 1 1 1 1 1 1 1 1 1 1 1 1 1 1 1 1 1 1 1 1 1 1 1 1 1 1 1 1 1 1 1 1 1 1 1 1 1 1 1 1 1 1 1 1 1 1 1 1 1 1 1 1 1 1 1 1 1 1 1 1 1 1 1 1 1 1 1 1 1 1 1 1 1 1 1 1 1 1 1 1 1 1 1 1 1 1 1 1 1 1 1 1 1 1 1 1 1 1 1 1 1 1 1 1 1 1 1 1 1 1 1 1 1 1 1 1 1 1 1 1 1 1 1 1 1 1 1 1 1 1 1 1 1 1 1 1 1 1 1 1 1 1 1 1 1 1 1 1 1 1 1 1 1 1 1 1 1 1 1 1 1 1 1 1 1 1 1 1 1 1 1 1 1 1 1 1 1 1 1 1 1 1 1 1 1 1 1 1 1 1 1 1 1 1 1 1 1 1 1 1 1 1 1 1 1 1 1 1 1 1 1 1 1 1 1 1 1 1 1 1 1 1 1 1 1 1 1 1 1 1 1 1 1 1 1 1 1 1 1 1 1 1 1 1 1 1 1 1 1 1 1 1 1 1 1 1 1 1 1 1 1 1 1 1 1 1 1 1 1 1 1 1 1 1 1 1 1 1 1 1 1 1 1 1 1 1 1 1 1 1 1 1 1 1 1 1 1 1 1 1 1 1 1 1 1 1 1 1 1 1 1 1 1 1 1 1 1 1 1 1 1 1 1 1 1 1 1 1 1 1 1 1 1 1 1 1 1 1 1 1 1 1 1 1 1 1 1 1 1 1 1 1 1 1 1 1 1 1 1 1 1 1 1 1 1 1 1 1 1 1 1 1 1 1 1 1 1 1 1 1 1 1 1 1 1 1 1 1 1 1 1 1 1 1 1 1 1 1 1 1 1 1 1 1 1 1 1 1 1 1 1 1 1 1 1 1 1 1 1 1 1 1 1 1 1 1 1 1 1 1 1 1 1 1 1 1 1 1 1 1 1 1 1 1 1 1 1 1 1 1 1 1 1 1 1 1 1 1 1 1 1 1 1 1 1 1 1 1 1 1 1 1 1 1 1 1 1 1 1 1 1 1 1 1 1 1 1 1 1 1 1 1 1 1 1 1 1 1 1 1 1 1 1 1 1 1 1 1 1 1 1 1 1 1 1 1 1 1 1 1 1 1 
