# This file contains a 2D laser scan observation. 
# Its format is: 
# [aperture] [max_range] [number_of_scans] 
# [vector_of_scans] 
# [vector_of_valid_scans] 
# The aperture of the sensor is in radians, the maximum range 
# and measurements are in meters. '1' means a valid scan, '0' otherwise.
4.1847
5.6
682
0.663 0.66 0.648 0.645 0.622 0.622 0.622 0.659 0.667 0.677 0.685 0.689 0.699 0.715 1.467 1.467 1.467 1.459 1.438 1.425 1.413 1.412 1.41 1.404 1.401 1.4 1.39 1.384 1.383 1.379 1.369 1.365 1.346 1.346 1.336 1.326 0.936 0.929 0.928 0.926 0.923 0.92 0.914 0.914 0.919 0.919 0.921 0.937 0.958 1.255 1.255 1.255 1.254 1.252 1.251 1.247 1.241 1.239 1.232 1.226 1.224 1.213 1.205 1.187 1.187 1.187 1.189 1.189 1.19 1.189 1.189 1.187 1.189 1.189 1.189 1.189 1.189 1.189 1.183 1.178 1.178 1.176 1.171 1.166 1.165 1.16 1.159 1.157 1.155 1.15 1.146 1.144 1.138 1.136 1.135 1.134 1.134 1.131 1.134 1.134 1.137 1.137 1.138 1.14 1.14 1.14 1.141 1.141 1.139 1.137 1.136 1.136 1.136 1.136 1.132 1.132 1.129 1.128 1.129 1.135 1.141 1.15 1.162 1.178 1.189 1.19 1.199 1.201 1.205 1.205 1.208 1.208 1.207 1.207 1.211 1.21 1.21 1.21 1.205 1.202 1.2 1.197 1.197 1.194 1.194 1.193 1.193 1.193 1.194 1.194 1.206 0.006 0.006 0.006 0 0.007 0 0.007 1.89 1.881 1.881 1.841 1.841 1.841 1.876 1.876 1.876 1.855 1.855 1.855 1.855 1.855 4.835 1.854 1.854 1.854 1.854 1.338 1.338 1.338 1.338 1.338 1.301 1.268 1.212 1.212 1.211 1.212 1.215 1.225 1.226 1.228 1.229 1.234 1.928 1.957 1.963 1.972 1.978 1.981 1.989 1.994 1.995 2.007 2.012 2.016 2.02 2.028 2.031 2.043 2.056 2.065 2.065 2.065 2.074 2.074 0 0 0 0 0 0 1.915 1.912 1.912 1.915 1.939 1.939 4.842 1.939 1.152 1.04 1.038 1.028 1.028 1.031 1.028 1.03 1.03 1.03 1.03 1.03 1.03 1.03 1.028 1.028 0.967 0.967 1.019 1.021 1.021 1.025 1.027 1.027 1.027 1.026 1.026 1.026 1.026 1.024 1.024 1.034 1.024 1.026 1.026 1.02 1.018 1.02 1.018 1.02 1.025 1.025 1.025 1.025 1.025 1.03 1.05 0 0.007 0 0 0 0 0 0 1.334 1.334 1.334 1.699 1.699 1.699 1.671 1.636 1.614 1.603 0.931 0.931 0.931 1.606 1.612 1.613 1.612 1.606 1.608 1.608 1.606 1.606 1.595 1.592 1.57 1.558 1.529 1.51 1.497 1.495 1.495 1.489 1.489 1.495 1.499 1.5 1.509 1.514 1.518 1.52 1.52 1.52 1.514 1.511 1.493 1.444 0.622 0.616 0.609 0.608 0.608 0.603 0.603 0.603 0.606 1.425 1.425 1.425 1.378 1.352 1.349 1.349 1.349 1.349 0.96 0.958 0.958 0.96 1.07 1.352 1.36 1.361 1.361 1.361 1.361 1.347 1.345 1.345 1.342 1.342 1.348 1.352 1.362 1.379 1.392 1.411 1.411 1.411 1.407 1.403 1.396 1.376 1.367 1.353 1.343 1.325 1.325 1.325 1.329 1.332 1.336 1.348 1.37 1.381 1.392 1.399 1.401 1.405 1.41 1.41 1.41 1.409 1.407 1.391 1.387 1.387 1.381 1.375 1.367 1.365 1.364 1.363 1.362 1.362 1.362 1.358 1.362 1.368 1.368 1.349 0.956 0.953 0.953 0.956 1.259 1.373 1.388 1.388 1.388 0.631 0.594 0.593 0.591 0.59 0.59 0.59 0.593 0.664 1.407 1.442 1.449 1.449 1.449 1.449 1.445 1.445 1.425 1.412 1.403 1.397 1.397 1.397 0 0 0 0 0 0 0 1.525 1.525 1.525 1.52 1.516 1.509 1.503 1.498 1.483 1.47 1.447 1.42 1.409 1.405 1.409 1.42 1.428 1.428 1.462 1.484 0 0 0 0 0.727 0.714 0.713 0.691 0.691 0.69 0.684 0.683 0.673 0.673 0.673 0.679 0.688 0.688 0.691 0.688 0.679 0.679 0.679 0.677 0.676 0.671 0.671 0.669 0.669 0.664 0.663 0.663 0.664 0.667 0.668 0.671 0.675 0.682 0.682 0.683 0.682 0.68 0.675 0.675 0.67 0.67 0.67 0.673 0.685 0.691 0.697 0.699 0.711 0.722 0.751 0.751 0.787 0.833 0.84 0.84 0.84 0.833 0.832 0.832 0.817 0.814 0.812 0.81 0.809 0.806 0.805 0.794 0.793 0.791 0.786 0.789 0.786 0.78 0.778 0.775 0.775 0.763 0.762 0.762 0.76 0.758 0.758 0.758 0.754 0.749 0.744 0.735 0.744 0.742 0.735 0.732 0.732 0.731 0.726 0.726 0.726 0.725 0.725 0.722 0.72 0.718 0.714 0.712 0.705 0.705 0.705 0.702 0.702 0.702 0.7 0.697 0.697 0.698 0.698 0.698 0.698 0.693 0.686 0.677 0.677 0.677 0.677 0.678 0.68 0.683 0.68 0.68 0.68 0.679 0.675 0.673 0.673 0.672 0.673 0.673 0.683 0.687 0.687 0.687 0.67 0.667 0.666 0.664 0.666 0.663 0.663 0.663 0.661 0.661 0.661 0.663 0.665 0.668 0.67 0.671 0.672 0.673 0.684 0.692 0.697 0.706 0.71 0.712 0.713 0.713 0.713 0.713 0.712 0.712 0.707 0.706 0.682 0.681 0.677 0.677 0.677 0.672 0.67 0.67 0.665 0.665 0.664 0.664 0.664 0.664 0.664 0.669 0.669 0.669 0.663 0.668 0.663 0.663 0.668 0.669 0.669 0.674 0.669 0.669 0.674 0.674 0.675 0.678 
1 1 1 1 1 1 1 1 1 1 1 1 1 1 1 1 1 1 1 1 1 1 1 1 1 1 1 1 1 1 1 1 1 1 1 1 1 1 1 1 1 1 1 1 1 1 1 1 1 1 1 1 1 1 1 1 1 1 1 1 1 1 1 1 1 1 1 1 1 1 1 1 1 1 1 1 1 1 1 1 1 1 1 1 1 1 1 1 1 1 1 1 1 1 1 1 1 1 1 1 1 1 1 1 1 1 1 1 1 1 1 1 1 1 1 1 1 1 1 1 1 1 1 1 1 1 1 1 1 1 1 1 1 1 1 1 1 1 1 1 1 1 1 1 1 1 1 1 1 1 1 0 0 0 0 0 0 0 1 1 1 1 1 1 1 1 1 1 1 1 1 1 1 1 1 1 1 1 1 1 1 1 1 1 1 1 1 1 1 1 1 1 1 1 1 1 1 1 1 1 1 1 1 1 1 1 1 1 1 1 1 1 1 1 1 1 0 0 0 0 0 0 1 1 1 1 1 1 1 1 1 1 1 1 1 1 1 1 1 1 1 1 1 1 1 1 1 1 1 1 1 1 1 1 1 1 1 1 1 1 1 1 1 1 1 1 1 1 1 1 1 1 1 1 1 1 1 0 0 0 0 0 0 0 0 1 1 1 1 1 1 1 1 1 1 1 1 1 1 1 1 1 1 1 1 1 1 1 1 1 1 1 1 1 1 1 1 1 1 1 1 1 1 1 1 1 1 1 1 1 1 1 1 1 1 1 1 1 1 1 1 1 1 1 1 1 1 1 1 1 1 1 1 1 1 1 1 1 1 1 1 1 1 1 1 1 1 1 1 1 1 1 1 1 1 1 1 1 1 1 1 1 1 1 1 1 1 1 1 1 1 1 1 1 1 1 1 1 1 1 1 1 1 1 1 1 1 1 1 1 1 1 1 1 1 1 1 1 1 1 1 1 1 1 1 1 1 1 1 1 1 1 1 1 1 1 1 1 1 1 1 1 1 1 1 1 1 0 0 0 0 0 0 0 1 1 1 1 1 1 1 1 1 1 1 1 1 1 1 1 1 1 1 1 0 0 0 0 1 1 1 1 1 1 1 1 1 1 1 1 1 1 1 1 1 1 1 1 1 1 1 1 1 1 1 1 1 1 1 1 1 1 1 1 1 1 1 1 1 1 1 1 1 1 1 1 1 1 1 1 1 1 1 1 1 1 1 1 1 1 1 1 1 1 1 1 1 1 1 1 1 1 1 1 1 1 1 1 1 1 1 1 1 1 1 1 1 1 1 1 1 1 1 1 1 1 1 1 1 1 1 1 1 1 1 1 1 1 1 1 1 1 1 1 1 1 1 1 1 1 1 1 1 1 1 1 1 1 1 1 1 1 1 1 1 1 1 1 1 1 1 1 1 1 1 1 1 1 1 1 1 1 1 1 1 1 1 1 1 1 1 1 1 1 1 1 1 1 1 1 1 1 1 1 1 1 1 1 1 1 1 1 1 1 1 1 1 1 1 1 1 1 1 1 1 1 1 1 1 1 1 1 
