# This file contains a 2D laser scan observation. 
# Its format is: 
# [aperture] [max_range] [number_of_scans] 
# [vector_of_scans] 
# [vector_of_valid_scans] 
# The aperture of the sensor is in radians, the maximum range 
# and measurements are in meters. '1' means a valid scan, '0' otherwise.
4.1847
5.6
682
0.758 0.764 0.767 0.771 0.774 0.785 0.803 0.806 0.806 0.806 0.792 0.791 0.79 0.79 0.791 0.791 0.794 0.797 0.808 0.809 0.818 0.829 0.83 0.835 0.838 0.852 0.853 0.867 0.891 0.895 0.895 0.902 0.902 0.902 0.912 0.967 0.968 0.989 1.006 1.006 1.006 0.981 0.978 0.977 0.974 0.972 0.971 0.971 0.966 0.965 0.963 0.963 0.965 0.981 0.991 1.077 1.203 1.203 1.203 1.087 1.014 0.999 0.993 0.989 0.987 0.981 0.977 0.972 0.972 0.963 0.963 0.967 0.967 0.967 0.967 0.964 0.964 0.964 0.964 0.969 0.972 0.973 0.976 0.99 0.99 0.991 1 1.014 1.027 1.05 1.064 1.138 1.222 1.222 1.222 1.221 1.212 1.208 1.212 1.207 1.207 1.207 1.202 1.199 1.196 1.196 1.193 1.193 1.19 1.185 1.185 1.185 1.183 1.183 1.181 1.18 1.178 1.177 1.175 1.175 1.172 1.168 1.168 1.169 1.168 1.169 1.169 1.167 1.166 1.165 1.161 1.161 1.161 1.161 1.161 1.161 1.157 1.157 1.157 1.163 1.164 1.166 1.166 1.166 1.134 1.132 1.118 1.067 0.752 0.663 0.618 0.601 0.595 0.584 0.583 0.579 0.574 0.561 0.561 0.561 0.556 0.561 0.556 0.556 0.551 0.551 0.548 0.55 0.55 0.547 0.545 0.543 0.542 0.542 0.543 0.542 0.542 0.543 0.544 0.542 0.545 0.545 0.542 0.542 0.542 0.542 0.542 0.542 0.543 0.543 0.543 0.543 0.543 0.542 0.538 0.538 0.541 0.541 0.542 0.546 0.55 0.551 0.551 0.553 0.553 0.554 0.556 0.557 0.559 0.561 0.563 0.566 0.573 0.573 0.573 0.579 0.583 0.588 0.588 0.594 0.599 0.6 0.605 0.658 1.008 1.008 1.008 0.997 0.986 0.978 0.97 0.95 0.943 0.932 0.932 0.92 0.912 0.907 0.884 0.883 0.871 0.858 0.854 0.849 0.84 0.833 0.819 0.815 0.812 0.807 0.798 0.783 0.781 0.775 0.774 0.77 0.762 0.754 0.747 0.744 0.736 0.734 0.725 0.722 0.718 0.718 0.718 0.7 0.694 0.694 0.691 0.691 0.68 0.68 0.673 0.67 0.665 0.663 0.66 0.659 0.65 0.65 0.64 0.638 0.635 0.634 0.634 0.634 0.634 0.632 0.632 0.632 0.634 0.634 0.645 0.654 0.657 0.664 0.665 0.667 0.667 0.68 0.687 0.69 0.702 0.707 1.575 1.577 1.577 1.575 1.572 1.564 1.556 1.549 1.548 1.54 1.532 1.531 1.524 1.518 1.507 1.505 1.495 1.49 1.488 1.487 1.481 1.478 1.474 1.473 1.464 1.46 1.456 1.449 1.446 1.439 1.437 1.434 1.433 1.42 1.417 1.414 1.411 1.41 1.405 1.405 1.397 1.397 1.396 1.396 1.389 1.38 1.379 1.378 1.378 1.364 1.364 1.364 1.363 1.366 1.366 1.366 1.363 1.357 1.354 1.345 1.35 1.348 1.345 1.345 1.344 1.338 1.332 1.33 1.305 1.28 1.28 1.28 1.305 1.317 1.322 1.325 1.322 1.329 1.329 1.33 1.321 1.321 1.321 1.321 1.311 1.315 1.315 1.315 1.311 1.314 1.314 1.314 1.312 1.312 1.311 1.311 1.311 1.313 1.314 1.314 1.315 1.315 1.313 1.311 1.31 1.31 1.309 1.31 1.311 1.313 1.311 1.312 1.312 1.314 1.312 1.316 1.316 1.313 1.313 1.321 1.32 1.321 1.321 1.321 1.327 1.328 1.329 1.33 1.331 1.333 1.337 1.337 1.338 1.339 1.34 1.345 1.348 1.348 1.348 1.348 1.357 1.357 1.357 1.354 1.331 1.297 1.262 1.241 1.21 1.192 1.16 1.145 1.111 1.087 1.07 1.053 1.028 1.004 0.988 0.973 0.96 0.943 0.928 0.914 0.904 0.884 0.874 0.859 0.855 0.837 0.823 0.813 0.805 0.79 0.776 0.775 0.767 0.746 0.742 0.74 0.718 0.716 0.714 0.707 0.695 0.692 0.683 0.678 0.667 0.667 0.652 0.652 0.643 0.637 0.632 0.623 0.621 0.613 0.609 0.605 0.592 0.592 0.587 0.586 0.581 0.573 0.562 0.559 0.558 0.554 0.553 0.547 0.535 0.535 0.535 0.535 0.535 0.515 0.515 0.513 0.512 0.512 0.509 0.506 0.499 0.499 0.498 0.498 0.488 0.488 0.479 0.476 0.476 0.476 0.473 0.47 0.467 0.467 0.467 0.464 0.459 0.454 0.45 0.446 0.443 0.443 0.443 0.441 0.438 0.438 0.436 0.436 0.429 0.427 0.426 0.426 0.421 0.421 0.419 0.418 0.417 0.417 0.413 0.412 0.41 0.407 0.402 0.402 0.4 0.4 0.4 0.397 0.398 0.395 0.398 0.398 0.398 0.395 0.399 0.391 0.389 0.389 0.39 0.385 0.381 0.38 0.38 0.379 0.376 0.376 0.376 0.376 0.378 0.378 0.378 0.374 0.378 0.374 0.374 0.37 0.369 0.368 0.364 0.364 0.364 0.367 0.367 0.367 0.367 0.365 0.365 0.365 0.364 0.362 0.36 0.356 0.356 0.356 0.355 0.355 0.357 0.359 0.354 0.354 0.352 0.352 0.352 0.354 0.354 0.354 0.354 0.352 0.351 0.351 0.352 0.351 0.351 0.349 0.351 0.349 0.347 0.347 0.347 0.347 0.346 0.347 0.346 0.346 0.352 0.354 0.371 0.373 0.373 0.374 0.384 0.384 0.384 0.384 0.367 0.367 0.371 0.375 0.371 0.371 0.366 0.359 0.359 0.359 0.359 0.355 0.362 0.352 0.349 0.345 0.344 0.344 
1 1 1 1 1 1 1 1 1 1 1 1 1 1 1 1 1 1 1 1 1 1 1 1 1 1 1 1 1 1 1 1 1 1 1 1 1 1 1 1 1 1 1 1 1 1 1 1 1 1 1 1 1 1 1 1 1 1 1 1 1 1 1 1 1 1 1 1 1 1 1 1 1 1 1 1 1 1 1 1 1 1 1 1 1 1 1 1 1 1 1 1 1 1 1 1 1 1 1 1 1 1 1 1 1 1 1 1 1 1 1 1 1 1 1 1 1 1 1 1 1 1 1 1 1 1 1 1 1 1 1 1 1 1 1 1 1 1 1 1 1 1 1 1 1 1 1 1 1 1 1 1 1 1 1 1 1 1 1 1 1 1 1 1 1 1 1 1 1 1 1 1 1 1 1 1 1 1 1 1 1 1 1 1 1 1 1 1 1 1 1 1 1 1 1 1 1 1 1 1 1 1 1 1 1 1 1 1 1 1 1 1 1 1 1 1 1 1 1 1 1 1 1 1 1 1 1 1 1 1 1 1 1 1 1 1 1 1 1 1 1 1 1 1 1 1 1 1 1 1 1 1 1 1 1 1 1 1 1 1 1 1 1 1 1 1 1 1 1 1 1 1 1 1 1 1 1 1 1 1 1 1 1 1 1 1 1 1 1 1 1 1 1 1 1 1 1 1 1 1 1 1 1 1 1 1 1 1 1 1 1 1 1 1 1 1 1 1 1 1 1 1 1 1 1 1 1 1 1 1 1 1 1 1 1 1 1 1 1 1 1 1 1 1 1 1 1 1 1 1 1 1 1 1 1 1 1 1 1 1 1 1 1 1 1 1 1 1 1 1 1 1 1 1 1 1 1 1 1 1 1 1 1 1 1 1 1 1 1 1 1 1 1 1 1 1 1 1 1 1 1 1 1 1 1 1 1 1 1 1 1 1 1 1 1 1 1 1 1 1 1 1 1 1 1 1 1 1 1 1 1 1 1 1 1 1 1 1 1 1 1 1 1 1 1 1 1 1 1 1 1 1 1 1 1 1 1 1 1 1 1 1 1 1 1 1 1 1 1 1 1 1 1 1 1 1 1 1 1 1 1 1 1 1 1 1 1 1 1 1 1 1 1 1 1 1 1 1 1 1 1 1 1 1 1 1 1 1 1 1 1 1 1 1 1 1 1 1 1 1 1 1 1 1 1 1 1 1 1 1 1 1 1 1 1 1 1 1 1 1 1 1 1 1 1 1 1 1 1 1 1 1 1 1 1 1 1 1 1 1 1 1 1 1 1 1 1 1 1 1 1 1 1 1 1 1 1 1 1 1 1 1 1 1 1 1 1 1 1 1 1 1 1 1 1 1 1 1 1 1 1 1 1 1 1 1 1 1 1 1 1 1 1 1 1 1 1 1 1 1 1 1 1 1 1 1 1 1 1 1 1 1 1 1 1 1 1 1 1 1 1 1 1 1 1 1 1 1 1 1 1 1 1 1 1 1 1 1 1 1 1 1 1 1 1 1 1 1 1 1 1 1 1 1 1 1 1 1 1 1 1 1 
