# This file contains a 2D laser scan observation. 
# Its format is: 
# [aperture] [max_range] [number_of_scans] 
# [vector_of_scans] 
# [vector_of_valid_scans] 
# The aperture of the sensor is in radians, the maximum range 
# and measurements are in meters. '1' means a valid scan, '0' otherwise.
4.1847
5.6
682
0.516 0.516 0.513 0.513 0.516 0.516 0.514 0.514 0.514 0.506 0.506 0.505 0.505 0.508 0.508 0.51 0.513 0.513 0.514 0.514 0.514 0.516 0.517 0.517 0.52 0.52 0.519 0.52 0.52 0.52 0.52 0.52 0.52 0.52 0.522 0.522 0.524 0.527 0.527 0.534 0.538 0.538 0.538 0.542 0.542 0.542 0.542 0.546 0.593 0.694 0.695 0.702 0.713 0.713 0.714 0.714 0.722 0.722 0.723 0.722 0.722 0.713 0.701 0.645 0.615 0.543 0.54 0.532 0.532 0.532 0.54 0.542 0.549 0.571 0 0.638 0.638 0.639 0.638 0.638 0.639 0.646 0.646 0.647 0.647 0.648 0.648 0.648 0.648 0.648 0.64 0.64 0.64 0.65 0.651 0.657 0.66 0.66 0.657 0.661 0.661 0.667 0.668 0.68 0.696 0.718 0.731 0.732 0.739 0.745 0.748 0.753 0.766 0.771 0.939 0.94 0.94 0.939 0.933 0.933 0.933 0.938 0.938 0.938 0.898 0.861 0.822 0.822 0.822 0.834 1.381 1.387 1.405 1.387 1.381 1.037 1.028 1.019 1.019 1.019 1.021 1.057 1.268 1.283 1.283 1.283 1.273 1.268 1.268 1.268 1.259 0.974 0.959 0.95 0.95 0.94 0.939 0.94 0.934 0.933 0.927 0.927 0.927 0.927 0.927 0.927 0.931 0.929 0.931 0.931 0.931 0.932 0.936 0.937 0.939 0.94 0.945 0.958 0.965 0.976 1.03 1.05 1.105 1.195 1.195 1.197 1.197 1.196 1.201 1.201 1.196 1.196 1.196 1.196 1.196 1.194 1.194 1.194 1.19 1.19 1.19 1.19 1.19 1.192 1.193 1.194 1.194 1.194 1.194 1.193 1.193 1.191 1.191 1.191 1.191 1.191 1.19 1.193 1.194 1.196 1.194 1.196 1.196 1.196 1.2 1.2 1.201 1.201 1.201 1.204 1.204 1.193 1.193 1.193 1.113 1.057 1.034 1.034 1.034 1.076 1.076 1.076 1.07 1.042 0.934 0.906 0.872 0.825 0.798 0.786 0.752 0.732 0.724 0.72 0.696 0.691 0.681 0.67 0.668 0.657 0.656 0.656 0.649 0.638 0.636 0.636 0.634 0.634 0.632 0.628 0.627 0.625 0.625 0.625 0.621 0.621 0.621 0.621 0.617 0.619 0.615 0.615 0.617 0.619 0.62 0.621 0.622 0.622 0.622 0.621 0.617 0.617 0.617 0.625 0.627 0.627 0.627 0.63 0.63 0.63 0.634 0.636 0.636 0.637 0.64 0.645 0.645 0.646 0.656 0.656 0.657 0.656 0.656 0.672 0.674 0.674 0.676 0.691 0.692 0.707 0.719 0.893 1.015 1.015 1.015 0.999 0.995 0.989 0.986 0.984 0.981 0.964 0.963 0.959 0.953 0.944 0.935 0.92 0.919 0.916 0.914 0.9 0.898 0.894 0.893 0.892 0.885 0.885 0.877 0.872 0.868 0.86 0.859 0.856 0.848 0.845 0.837 0.834 0.831 0.828 0.826 0.817 0.813 0.813 0.81 0.804 0.797 0.796 0.794 0.792 0.792 0.792 0.792 0.792 0.793 0.804 0.805 0.82 0.823 0.843 0.843 0.857 0.861 0.888 1.71 1.71 1.71 1.7 1.7 1.695 1.683 1.678 1.678 1.67 1.663 1.659 1.657 1.655 1.643 1.642 1.638 1.636 1.628 1.621 1.619 1.618 1.614 1.614 1.608 1.602 1.601 1.599 1.598 1.588 1.581 1.577 1.573 1.572 1.572 1.57 1.565 1.564 1.561 1.555 1.554 1.551 1.551 1.55 1.55 1.548 1.54 1.54 1.539 1.539 1.533 1.53 1.529 1.528 1.525 1.524 1.523 1.523 1.52 1.515 1.515 1.515 1.514 1.514 1.516 1.516 1.513 1.513 1.511 1.51 1.51 1.508 1.508 1.508 1.502 1.502 1.503 1.503 1.505 1.505 1.506 1.505 1.506 1.508 1.509 1.508 1.509 1.508 1.508 1.507 1.508 1.508 1.51 1.513 1.513 1.511 1.513 1.514 1.515 1.515 1.517 1.517 1.516 1.517 1.517 1.516 1.516 1.517 1.517 1.528 1.531 1.533 1.533 1.532 1.534 1.534 1.538 1.538 1.538 1.524 1.488 1.445 1.421 1.373 1.33 1.315 1.275 1.256 1.216 1.176 1.158 1.127 1.1 1.078 1.065 1.043 1.023 1.006 0.985 0.965 0.951 0.934 0.915 0.897 0.874 0.858 0.853 0.829 0.819 0.804 0.797 0.781 0.77 0.762 0.756 0.747 0.737 0.727 0.716 0.702 0.698 0.69 0.678 0.668 0.661 0.656 0.651 0.63 0.629 0.628 0.618 0.618 0.608 0.603 0.597 0.596 0.58 0.572 0.57 0.57 0.568 0.568 0.547 0.541 0.538 0.535 0.534 0.532 0.53 0.527 0.52 0.517 0.515 0.504 0.504 0.5 0.497 0.489 0.489 0.482 0.481 0.476 0.473 0.472 0.469 0.463 0.461 0.458 0.458 0.454 0.452 0.45 0.448 0.448 0.445 0.438 0.435 0.435 0.428 0.428 0.426 0.426 0.425 0.421 0.418 0.417 0.415 0.415 0.41 0.409 0.408 0.408 0.403 0.398 0.397 0.391 0.39 0.39 0.389 0.389 0.389 0.388 0.387 0.387 0.384 0.387 0.384 0.38 0.377 0.377 0.377 0.374 0.374 0.37 0.368 0.364 0.358 0.358 0.357 0.357 0.356 0.356 0.356 0.357 0.359 0.359 0.357 0.351 0.342 0.336 0.331 0.331 0.331 0.331 0.331 0.331 0.333 0.333 0.335 0.335 0.338 0.338 0.338 0.337 0.331 0.33 0.329 0.329 0.327 0.325 0.325 0.325 0.325 0.325 0.323 0.322 0.322 0.322 
1 1 1 1 1 1 1 1 1 1 1 1 1 1 1 1 1 1 1 1 1 1 1 1 1 1 1 1 1 1 1 1 1 1 1 1 1 1 1 1 1 1 1 1 1 1 1 1 1 1 1 1 1 1 1 1 1 1 1 1 1 1 1 1 1 1 1 1 1 1 1 1 1 1 0 1 1 1 1 1 1 1 1 1 1 1 1 1 1 1 1 1 1 1 1 1 1 1 1 1 1 1 1 1 1 1 1 1 1 1 1 1 1 1 1 1 1 1 1 1 1 1 1 1 1 1 1 1 1 1 1 1 1 1 1 1 1 1 1 1 1 1 1 1 1 1 1 1 1 1 1 1 1 1 1 1 1 1 1 1 1 1 1 1 1 1 1 1 1 1 1 1 1 1 1 1 1 1 1 1 1 1 1 1 1 1 1 1 1 1 1 1 1 1 1 1 1 1 1 1 1 1 1 1 1 1 1 1 1 1 1 1 1 1 1 1 1 1 1 1 1 1 1 1 1 1 1 1 1 1 1 1 1 1 1 1 1 1 1 1 1 1 1 1 1 1 1 1 1 1 1 1 1 1 1 1 1 1 1 1 1 1 1 1 1 1 1 1 1 1 1 1 1 1 1 1 1 1 1 1 1 1 1 1 1 1 1 1 1 1 1 1 1 1 1 1 1 1 1 1 1 1 1 1 1 1 1 1 1 1 1 1 1 1 1 1 1 1 1 1 1 1 1 1 1 1 1 1 1 1 1 1 1 1 1 1 1 1 1 1 1 1 1 1 1 1 1 1 1 1 1 1 1 1 1 1 1 1 1 1 1 1 1 1 1 1 1 1 1 1 1 1 1 1 1 1 1 1 1 1 1 1 1 1 1 1 1 1 1 1 1 1 1 1 1 1 1 1 1 1 1 1 1 1 1 1 1 1 1 1 1 1 1 1 1 1 1 1 1 1 1 1 1 1 1 1 1 1 1 1 1 1 1 1 1 1 1 1 1 1 1 1 1 1 1 1 1 1 1 1 1 1 1 1 1 1 1 1 1 1 1 1 1 1 1 1 1 1 1 1 1 1 1 1 1 1 1 1 1 1 1 1 1 1 1 1 1 1 1 1 1 1 1 1 1 1 1 1 1 1 1 1 1 1 1 1 1 1 1 1 1 1 1 1 1 1 1 1 1 1 1 1 1 1 1 1 1 1 1 1 1 1 1 1 1 1 1 1 1 1 1 1 1 1 1 1 1 1 1 1 1 1 1 1 1 1 1 1 1 1 1 1 1 1 1 1 1 1 1 1 1 1 1 1 1 1 1 1 1 1 1 1 1 1 1 1 1 1 1 1 1 1 1 1 1 1 1 1 1 1 1 1 1 1 1 1 1 1 1 1 1 1 1 1 1 1 1 1 1 1 1 1 1 1 1 1 1 1 1 1 1 1 1 1 1 1 1 1 1 1 1 1 1 1 1 1 1 1 1 1 1 1 1 1 1 1 1 1 1 1 1 1 1 1 1 1 1 1 1 1 1 1 1 1 1 1 1 1 1 1 1 1 
