# This file contains a 2D laser scan observation. 
# Its format is: 
# [aperture] [max_range] [number_of_scans] 
# [vector_of_scans] 
# [vector_of_valid_scans] 
# The aperture of the sensor is in radians, the maximum range 
# and measurements are in meters. '1' means a valid scan, '0' otherwise.
4.1847
5.6
682
0.31 0.31 0.31 0.311 0.31 0.31 0.309 0.309 0.309 0.309 0.309 0.31 0.31 0.31 0.31 0.314 0.314 0.314 0.314 0.314 0.314 0.314 0.309 0.309 0.309 0.324 0.333 0.333 0.333 0.343 0.343 0.343 0.337 0.343 0.339 0.339 0.339 0.339 0.334 0.327 0.326 0.322 0.322 0.322 0.322 0.313 0.312 0.295 0.295 0.295 0.296 0.298 0.298 0.298 0.298 0.292 0.286 0.281 0.282 0.281 0.278 0.278 0.277 0.277 0.277 0.274 0.27 0.27 0.27 0.268 0.27 0.272 0.274 0.274 0.276 0.276 0.276 0.273 0.273 0.267 0.267 0.267 0.267 0.273 0.273 0.267 0.265 0.265 0.265 0.265 0.276 0.276 0.276 0.278 0.279 0.278 0.278 0.278 0.279 0.279 0.279 0.281 0.281 0.276 0.276 0.282 0.284 0.285 0.285 0.289 0.284 0.289 0.289 0.289 0.288 0.288 0.288 0.288 0.288 0.288 0.291 0.285 0.285 0.285 0.293 0.295 0.309 0.309 0.311 0.311 0.311 0.311 0.309 0.309 0.309 0.319 0.324 0.324 0.324 0.326 0.327 0.326 0.327 0.328 0.328 0.331 0.336 0.336 0.336 0.336 0.336 0.336 0.336 0.339 0.347 0.346 0.351 0.347 0.351 0.351 0.352 0.356 0.356 0.359 0.356 0.36 0.36 0.364 0.365 0.369 0.377 0.379 0.378 0.379 0.379 0.382 0.379 0.387 0.391 0.391 0.393 0.394 0.399 0.4 0.408 0.409 0.409 0.413 0.42 0.42 0.42 0.42 0.42 0.423 0.434 0.441 0.443 0.443 0.445 0.447 0.452 0.454 0.457 0.463 0.472 0.48 0.481 0.486 0.489 0.489 0.492 0.495 0.503 0.507 0.511 0.522 0.524 0.53 0.531 0.548 0.55 0.555 0.567 0.569 0.569 0.568 0.569 0.569 0.573 0.578 0.578 0.586 0.604 0.605 0.606 0.62 0.625 0.636 0.648 0.663 0.672 0.715 0.887 0.895 0.909 0.92 0.926 0.928 0.932 0.932 0.932 0.833 0.724 0.716 0.716 0.716 0.735 0.812 1.159 1.159 1.162 1.565 1.565 1.565 1.565 1.565 1.563 1.098 1.098 1.098 1.565 1.565 1.569 1.565 1.554 1.297 1.28 1.276 1.275 1.258 1.252 1.252 1.252 1.248 1.248 1.245 1.245 1.245 1.248 1.251 1.255 1.264 1.266 1.27 1.281 1.295 1.388 1.554 1.556 1.56 1.561 1.565 1.569 1.569 1.565 1.573 1.573 1.571 1.571 1.572 1.572 1.573 1.578 1.58 1.585 1.586 1.585 1.586 1.587 1.589 1.593 1.602 1.603 1.603 1.605 1.609 1.609 1.61 1.616 1.616 1.616 1.611 1.586 1.545 1.494 1.47 1.434 1.392 1.364 1.335 1.315 1.289 1.265 1.244 1.224 1.196 1.187 1.173 1.149 1.148 1.126 1.119 1.105 1.085 1.082 1.068 1.054 1.054 1.054 1.054 1.038 1.037 1.033 1.03 1.028 1.027 1.027 1.025 1.025 1.024 1.028 1.021 1.028 1.029 1.029 1.036 1.036 1.031 1.021 1.031 1.031 1.033 1.034 1.045 1.049 1.052 1.059 1.063 1.064 1.077 1.079 1.081 1.086 1.105 1.105 1.126 1.159 1.447 1.447 1.447 1.436 1.422 1.409 1.403 1.393 1.385 1.368 1.359 1.351 1.332 1.329 1.316 1.315 1.305 1.304 1.286 1.283 1.272 1.27 1.264 1.254 1.246 1.241 1.232 1.221 1.221 1.221 1.221 1.223 1.24 1.24 1.259 1.266 1.279 1.288 1.298 2.205 2.205 2.205 2.188 2.186 2.182 2.171 2.167 2.149 2.145 2.132 2.127 2.122 2.105 2.099 2.094 2.091 2.079 2.069 2.069 2.051 2.043 2.042 2.04 2.026 2.024 2.016 2.012 2.004 1.999 1.987 1.977 1.976 1.97 1.962 1.957 1.953 1.947 1.945 1.944 1.935 1.933 1.926 1.919 1.913 1.91 1.909 1.902 1.896 1.893 1.886 1.881 1.881 1.877 1.87 1.869 1.864 1.855 1.854 1.853 1.85 1.846 1.842 1.838 1.834 1.834 1.833 1.831 1.829 1.825 1.823 1.822 1.817 1.817 1.813 1.812 1.809 1.802 1.802 1.802 1.8 1.791 0.352 0.339 0.339 0.343 0.338 0.339 0.343 0.34 0.34 0.34 0.343 0.343 0.347 0.347 0.347 0.347 0.345 0.342 0.342 0.33 0.33 0.33 0.334 0.337 0.337 0.337 0.337 0.337 0.336 0.329 0.328 0.327 0.323 0.325 0.325 0.325 0.326 0.331 0.332 0.333 0.332 0.332 0.332 0.327 0.327 0.332 0.335 0.335 0.336 0.336 0.336 0.331 0.331 0.331 0.331 0.338 0.338 0.343 0.346 0.352 0.928 0.945 0.949 0.949 0.956 0.956 0.956 0.958 0.958 0.961 0.962 0.962 0.966 0.97 0.97 0.973 0.986 0.986 0.989 0.993 0.997 0.998 0.998 0.998 1.006 1.012 1.012 1.013 1.013 1.015 1.02 1.022 1.024 1.028 1.032 1.036 1.039 1.039 1.042 1.051 1.054 1.056 1.056 1.064 1.073 1.074 1.077 1.078 1.083 1.088 1.09 1.094 1.097 1.1 1.114 1.114 1.115 1.116 1.13 1.132 1.137 1.138 1.144 1.146 1.146 1.154 1.154 1.159 1.166 1.167 1.169 1.18 1.182 1.196 1.197 1.208 1.216 1.22 1.227 1.228 1.23 1.233 1.238 1.247 1.251 1.267 1.273 1.281 1.311 1.312 1.314 1.316 1.339 1.341 1.352 1.361 1.373 1.389 1.422 1.424 1.429 1.429 1.429 1.433 
1 1 1 1 1 1 1 1 1 1 1 1 1 1 1 1 1 1 1 1 1 1 1 1 1 1 1 1 1 1 1 1 1 1 1 1 1 1 1 1 1 1 1 1 1 1 1 1 1 1 1 1 1 1 1 1 1 1 1 1 1 1 1 1 1 1 1 1 1 1 1 1 1 1 1 1 1 1 1 1 1 1 1 1 1 1 1 1 1 1 1 1 1 1 1 1 1 1 1 1 1 1 1 1 1 1 1 1 1 1 1 1 1 1 1 1 1 1 1 1 1 1 1 1 1 1 1 1 1 1 1 1 1 1 1 1 1 1 1 1 1 1 1 1 1 1 1 1 1 1 1 1 1 1 1 1 1 1 1 1 1 1 1 1 1 1 1 1 1 1 1 1 1 1 1 1 1 1 1 1 1 1 1 1 1 1 1 1 1 1 1 1 1 1 1 1 1 1 1 1 1 1 1 1 1 1 1 1 1 1 1 1 1 1 1 1 1 1 1 1 1 1 1 1 1 1 1 1 1 1 1 1 1 1 1 1 1 1 1 1 1 1 1 1 1 1 1 1 1 1 1 1 1 1 1 1 1 1 1 1 1 1 1 1 1 1 1 1 1 1 1 1 1 1 1 1 1 1 1 1 1 1 1 1 1 1 1 1 1 1 1 1 1 1 1 1 1 1 1 1 1 1 1 1 1 1 1 1 1 1 1 1 1 1 1 1 1 1 1 1 1 1 1 1 1 1 1 1 1 1 1 1 1 1 1 1 1 1 1 1 1 1 1 1 1 1 1 1 1 1 1 1 1 1 1 1 1 1 1 1 1 1 1 1 1 1 1 1 1 1 1 1 1 1 1 1 1 1 1 1 1 1 1 1 1 1 1 1 1 1 1 1 1 1 1 1 1 1 1 1 1 1 1 1 1 1 1 1 1 1 1 1 1 1 1 1 1 1 1 1 1 1 1 1 1 1 1 1 1 1 1 1 1 1 1 1 1 1 1 1 1 1 1 1 1 1 1 1 1 1 1 1 1 1 1 1 1 1 1 1 1 1 1 1 1 1 1 1 1 1 1 1 1 1 1 1 1 1 1 1 1 1 1 1 1 1 1 1 1 1 1 1 1 1 1 1 1 1 1 1 1 1 1 1 1 1 1 1 1 1 1 1 1 1 1 1 1 1 1 1 1 1 1 1 1 1 1 1 1 1 1 1 1 1 1 1 1 1 1 1 1 1 1 1 1 1 1 1 1 1 1 1 1 1 1 1 1 1 1 1 1 1 1 1 1 1 1 1 1 1 1 1 1 1 1 1 1 1 1 1 1 1 1 1 1 1 1 1 1 1 1 1 1 1 1 1 1 1 1 1 1 1 1 1 1 1 1 1 1 1 1 1 1 1 1 1 1 1 1 1 1 1 1 1 1 1 1 1 1 1 1 1 1 1 1 1 1 1 1 1 1 1 1 1 1 1 1 1 1 1 1 1 1 1 1 1 1 1 1 1 1 1 1 1 1 1 1 1 1 1 1 1 1 1 1 1 1 1 1 1 1 1 
