# This file contains a 2D laser scan observation. 
# Its format is: 
# [aperture] [max_range] [number_of_scans] 
# [vector_of_scans] 
# [vector_of_valid_scans] 
# The aperture of the sensor is in radians, the maximum range 
# and measurements are in meters. '1' means a valid scan, '0' otherwise.
4.1847
5.6
682
0.401 0.413 0.413 0.413 0.408 0.408 0.408 0.414 0.414 0.414 0.413 0.413 0.413 0.413 0.413 0.413 0.415 0.413 0.413 0.416 0.416 0.416 0.416 0.416 0.416 0.416 0.416 0.416 0.417 0.417 0.413 0.41 0.368 0.349 0.336 0.328 0.315 0.303 0.299 0.299 0.292 0.292 0.292 0.292 0.289 0.284 0.284 0.284 0.289 0.289 0.294 0.297 0.294 0.288 0.288 0.284 0.283 0.283 0.284 0.285 0.287 0.289 0.289 0.29 0.287 0.29 0.289 0.29 0.289 0.29 0.289 0.291 0.288 0.291 0.289 0.291 0.291 0.294 0.293 0.294 0.295 0.295 0.302 0.302 0.302 0.305 0.305 0.306 0.307 0.32 0.321 0.324 0.332 0.334 0.334 0.332 0.334 0.334 0.334 0.337 0.342 0.343 0.412 0.473 0.474 0.474 0.474 0.443 0.331 0.329 0.322 0.316 0.316 0.315 0.31 0.306 0.304 0.304 0.305 0.306 0.306 0.313 0.311 0.311 0.313 0.313 0.313 0.314 0.316 0.316 0.316 0.323 0.327 0.329 0.33 0.33 0.331 0.332 0.335 0.335 0.337 0.338 0.338 0.338 0.344 0.342 0.348 0.353 0.359 0.359 0.359 0.365 0.366 0.367 0.369 0.372 0.372 0.374 0.381 0.384 0.384 0.384 0.384 0.387 0.387 0.397 0.409 0.411 0.419 0.428 0.432 0.433 0.433 0.433 0.448 0.448 0.454 0.46 0.461 0.463 0.469 0.471 0.474 0.478 0.484 0.485 0.494 0.495 0.496 0.507 0.509 0.521 0.521 0.532 0.536 0.543 0.546 0.555 0.555 0.569 0.571 0.571 0.594 0.595 0.606 0.61 0.617 0.627 0.631 0.636 0.652 0.664 0.679 0.683 0.694 0.712 0.715 0.715 0.715 0.715 0.718 0.745 0.749 0.769 0.781 0.795 0.807 1.047 1.055 1.069 1.069 1.081 1.09 1.09 1.09 0.884 0.88 0.88 0.88 0.902 1.726 1.726 1.729 1.729 1.726 4.389 0.007 1.726 1.726 1.726 1.724 1.469 1.44 1.439 1.43 1.43 1.43 1.428 1.428 1.428 1.426 1.423 1.422 1.423 1.426 1.433 1.436 1.44 1.458 1.498 1.72 1.728 1.733 1.733 1.734 1.737 1.737 1.737 1.74 1.741 1.741 1.741 1.741 1.745 1.745 1.757 1.758 1.763 1.762 1.763 1.764 1.765 1.765 1.771 1.774 1.78 1.78 1.784 1.786 1.786 1.786 1.715 1.669 1.668 1.657 1.644 1.637 1.632 1.57 1.487 1.447 1.415 1.398 1.372 1.351 1.339 1.31 1.283 1.277 1.254 1.243 1.233 1.221 1.208 1.205 1.201 1.194 1.194 1.19 1.19 1.187 1.182 1.182 1.179 1.179 1.184 1.184 1.18 1.184 1.184 1.184 1.19 1.192 1.195 1.195 1.195 1.198 1.202 1.208 1.216 1.218 1.224 1.225 1.239 1.248 1.252 1.279 1.307 1.636 1.636 1.636 1.621 1.598 1.586 1.579 1.562 1.545 1.534 1.517 1.513 1.491 1.486 1.468 1.463 1.454 1.434 1.423 1.422 1.41 1.401 1.387 1.386 1.372 1.366 1.365 1.364 1.365 1.366 1.381 1.386 1.4 1.401 1.422 1.432 2.387 2.387 2.387 2.378 2.35 2.343 2.337 2.332 2.319 2.306 2.295 2.288 2.273 2.27 2.257 2.242 2.23 2.227 2.211 2.209 2.195 2.182 2.182 2.175 2.156 2.15 2.15 2.149 2.131 2.128 2.115 2.111 2.106 2.106 2.105 2.099 0.422 0.421 0.419 0.417 0.413 0.413 0.413 0.413 0.413 0.413 0.408 0.401 0.4 0.398 0.395 0.396 0.396 0.395 0.387 0.389 0.387 0.384 0.383 0.383 0.383 0.386 0.388 0.388 0.386 0.385 0.379 0.378 0.379 0.378 0.378 0.378 0.378 0.378 0.38 0.384 0.385 0.386 0.386 0.385 0.385 0.385 0.385 0.385 0.386 0.388 0.389 0.389 0.422 0.429 0.488 0.55 0.575 0.596 0.625 0.665 0.7 0.729 0.77 0.804 0.855 0.909 0.951 0.973 0.975 0.975 0.975 0.973 0.971 0.968 0.959 0.956 0.954 0.956 0.953 0.953 0.946 0.946 0.944 0.946 0.946 0.95 0.952 0.952 0.957 0.961 0.957 0.955 0.958 0.958 0.958 0.958 0.958 0.958 0.958 0.958 0.961 0.961 0.962 0.966 0.967 0.966 0.966 0.966 0.967 0.98 0.985 0.987 0.985 0.985 0.987 0.987 0.99 0.99 0.992 0.992 0.992 0.992 0.997 1 1 1.001 1.004 1.008 1.009 1.011 1.014 1.018 1.018 1.019 1.019 1.022 1.024 1.025 1.025 1.035 1.037 1.044 1.045 1.046 1.047 1.054 1.049 1.054 1.056 1.066 1.066 1.067 1.072 1.075 1.078 1.079 1.082 1.089 1.092 1.092 1.092 1.091 1.091 1.089 1.089 1.102 1.106 1.106 1.121 1.123 1.121 1.123 1.131 1.132 1.135 1.149 1.151 1.155 1.16 1.164 1.167 1.17 1.17 1.181 1.186 1.193 1.193 1.202 1.206 1.223 1.233 1.236 1.236 1.252 1.256 1.259 1.264 1.266 1.274 1.291 2.433 2.457 2.466 2.466 2.482 2.495 2.503 2.52 2.52 2.52 1.364 1.364 1.364 1.367 1.367 1.377 1.383 1.388 1.393 1.416 2.427 2.427 2.427 2.414 2.404 2.39 2.381 2.36 2.36 2.341 2.331 2.329 2.309 2.293 2.285 2.279 2.262 2.254 2.249 2.245 2.229 2.221 2.211 2.197 2.197 2.197 2.22 2.243 2.263 2.312 2.367 2.391 
1 1 1 1 1 1 1 1 1 1 1 1 1 1 1 1 1 1 1 1 1 1 1 1 1 1 1 1 1 1 1 1 1 1 1 1 1 1 1 1 1 1 1 1 1 1 1 1 1 1 1 1 1 1 1 1 1 1 1 1 1 1 1 1 1 1 1 1 1 1 1 1 1 1 1 1 1 1 1 1 1 1 1 1 1 1 1 1 1 1 1 1 1 1 1 1 1 1 1 1 1 1 1 1 1 1 1 1 1 1 1 1 1 1 1 1 1 1 1 1 1 1 1 1 1 1 1 1 1 1 1 1 1 1 1 1 1 1 1 1 1 1 1 1 1 1 1 1 1 1 1 1 1 1 1 1 1 1 1 1 1 1 1 1 1 1 1 1 1 1 1 1 1 1 1 1 1 1 1 1 1 1 1 1 1 1 1 1 1 1 1 1 1 1 1 1 1 1 1 1 1 1 1 1 1 1 1 1 1 1 1 1 1 1 1 1 1 1 1 1 1 1 1 1 1 1 1 1 1 1 1 1 1 1 1 1 1 1 1 1 1 1 1 1 1 1 0 1 1 1 1 1 1 1 1 1 1 1 1 1 1 1 1 1 1 1 1 1 1 1 1 1 1 1 1 1 1 1 1 1 1 1 1 1 1 1 1 1 1 1 1 1 1 1 1 1 1 1 1 1 1 1 1 1 1 1 1 1 1 1 1 1 1 1 1 1 1 1 1 1 1 1 1 1 1 1 1 1 1 1 1 1 1 1 1 1 1 1 1 1 1 1 1 1 1 1 1 1 1 1 1 1 1 1 1 1 1 1 1 1 1 1 1 1 1 1 1 1 1 1 1 1 1 1 1 1 1 1 1 1 1 1 1 1 1 1 1 1 1 1 1 1 1 1 1 1 1 1 1 1 1 1 1 1 1 1 1 1 1 1 1 1 1 1 1 1 1 1 1 1 1 1 1 1 1 1 1 1 1 1 1 1 1 1 1 1 1 1 1 1 1 1 1 1 1 1 1 1 1 1 1 1 1 1 1 1 1 1 1 1 1 1 1 1 1 1 1 1 1 1 1 1 1 1 1 1 1 1 1 1 1 1 1 1 1 1 1 1 1 1 1 1 1 1 1 1 1 1 1 1 1 1 1 1 1 1 1 1 1 1 1 1 1 1 1 1 1 1 1 1 1 1 1 1 1 1 1 1 1 1 1 1 1 1 1 1 1 1 1 1 1 1 1 1 1 1 1 1 1 1 1 1 1 1 1 1 1 1 1 1 1 1 1 1 1 1 1 1 1 1 1 1 1 1 1 1 1 1 1 1 1 1 1 1 1 1 1 1 1 1 1 1 1 1 1 1 1 1 1 1 1 1 1 1 1 1 1 1 1 1 1 1 1 1 1 1 1 1 1 1 1 1 1 1 1 1 1 1 1 1 1 1 1 1 1 1 1 1 1 1 1 1 1 1 1 1 1 1 1 1 1 1 1 1 1 1 1 1 1 1 1 1 1 1 1 1 1 1 1 1 1 1 1 1 1 1 1 1 1 1 1 1 
