# This file contains a 2D laser scan observation. 
# Its format is: 
# [aperture] [max_range] [number_of_scans] 
# [vector_of_scans] 
# [vector_of_valid_scans] 
# The aperture of the sensor is in radians, the maximum range 
# and measurements are in meters. '1' means a valid scan, '0' otherwise.
4.1847
5.6
682
0.392 0.392 0.392 0.392 0.393 0.393 0.391 0.391 0.391 0.391 0.392 0.41 0.427 0.427 0.427 0.427 0.427 0.429 0.43 0.43 0.432 0.434 0.434 0.438 0.442 0.443 0.442 0.446 0.446 0.45 0.45 0.45 0.458 0.458 0.458 0.452 0.443 0.439 0.405 0.396 0.395 0.391 0.388 0.388 0.385 0.384 0.381 0.377 0.374 0.37 0.366 0.364 0.364 0.364 0.356 0.355 0.353 0.353 0.353 0.353 0.353 0.354 0.359 0.359 0.362 0.362 0.355 0.353 0.353 0.353 0.357 0.357 0.359 0.359 0.359 0.364 0.365 0.371 0.371 0.371 0.371 0.373 0.375 0.377 0.379 0.388 0.389 0.393 0.396 0.416 0.426 0.426 0.437 0.443 0.608 0.64 0.64 0.64 0.532 0.446 0.437 0.437 0.437 0.433 0.433 0.433 0.432 0.427 0.43 0.43 0.432 0.433 0.436 0.438 0.44 0.447 0.45 0.46 0.462 0.467 0.468 0.471 0.476 0.477 0.486 0.487 0.495 0.5 0.512 0.513 0.527 0.527 0.534 0.547 0.574 0.577 0.587 0.593 0.602 0.605 0.617 0.637 0.645 0.655 0.659 0.678 0.685 0.695 0.706 0.716 0.735 0.749 0.768 0.791 0.798 0.806 0.831 0.847 0.861 0.862 0.862 0.867 0.868 0.927 0.948 0.968 0.99 1.153 1.154 1.173 1.176 1.173 1.154 1.057 1.057 1.057 1.091 1.353 1.376 1.388 1.388 1.667 1.667 1.667 1.647 1.629 1.614 1.607 1.607 1.605 1.601 1.602 1.602 1.602 1.603 1.606 1.612 1.627 1.631 1.664 1.903 1.906 1.916 1.916 1.917 1.918 1.919 1.921 1.921 1.922 1.926 1.927 1.93 1.933 1.94 1.94 1.94 1.94 1.942 1.942 1.944 1.956 1.958 1.959 1.958 1.965 1.966 1.971 1.971 1.971 1.854 1.803 1.762 1.73 1.698 1.673 1.639 1.608 1.587 1.567 1.534 1.515 1.489 1.481 1.461 1.436 1.434 1.418 1.4 1.39 1.381 1.376 1.374 1.373 1.373 1.364 1.364 1.363 1.363 1.361 1.364 1.364 1.367 1.367 1.367 1.372 1.372 1.383 1.387 1.39 1.391 1.395 1.408 1.417 1.424 1.429 1.435 1.465 1.515 1.809 1.809 1.809 1.792 1.775 1.761 1.742 1.725 1.709 1.689 1.683 1.666 1.658 1.64 1.617 1.603 1.593 1.577 1.57 1.559 1.547 1.53 1.529 1.526 1.526 1.526 1.536 1.543 1.548 1.567 1.574 1.578 2.586 2.586 2.586 2.583 2.583 2.56 2.557 0.55 0.55 0.548 0.546 0.543 0.537 0.535 0.524 0.516 0.513 0.512 0.511 0.512 0.511 0.504 0.504 0.497 0.497 0.496 0.495 0.495 0.496 0.496 0.495 0.495 0.502 0.492 0.492 0.492 0.492 0.492 0.491 0.491 0.492 0.494 0.494 0.494 0.505 0.51 0.518 0.518 0.536 0.537 0.54 0.58 0.59 0.592 0.599 0.61 0.611 0.624 0.631 0.645 0.645 0.656 0.673 0.673 0.693 0.705 0.705 0.731 0.732 0.745 0.756 0.778 0.779 0.802 0.811 0.827 0.848 0.863 0.878 0.897 0.903 0.925 0.944 0.958 0.985 1.02 1.043 1.043 1.044 1.043 1.041 1.041 1.041 1.022 1.019 1.018 1.018 1.017 1.012 1.004 1.004 1.004 1.006 1.006 1.009 1.009 1.009 1.009 0.999 0.999 1.001 1.001 1.001 1.001 1.001 0.997 0.997 0.997 0.999 1.003 1.003 1 0.999 0.999 0.999 0.999 1.003 1.014 1.015 1.015 1.015 1.015 1.014 1.014 1.014 1.014 1.011 1.011 1.01 1.011 1.012 1.012 1.019 1.019 1.013 1.013 1.019 1.019 1.021 1.024 1.024 1.029 1.029 1.029 1.029 1.031 1.031 1.031 1.029 1.031 1.029 1.029 1.032 1.038 1.033 1.038 1.039 1.04 1.041 1.046 1.046 1.051 1.052 1.051 1.052 1.052 1.052 1.061 1.062 1.063 1.063 1.063 1.063 1.063 1.063 1.063 1.068 1.068 1.07 1.07 1.078 1.081 1.083 1.089 1.093 1.093 1.094 1.098 1.104 1.113 1.115 1.115 1.117 1.117 1.119 1.119 1.126 1.128 1.13 1.136 1.138 1.154 1.16 1.163 1.173 1.176 1.177 1.177 1.181 1.187 1.193 1.197 1.201 1.208 1.213 2.273 2.29 2.294 2.294 2.308 2.312 2.335 2.338 2.345 2.355 2.355 2.355 2.379 2.395 2.411 2.418 2.431 2.454 2.456 2.459 2.477 2.477 2.482 2.482 2.465 2.437 2.423 2.413 2.395 2.379 2.361 2.35 2.336 2.318 2.305 2.303 2.277 2.274 2.264 2.242 2.231 2.224 2.209 2.199 2.186 2.159 2.158 2.148 2.128 2.127 2.123 2.109 2.101 2.086 2.085 2.085 2.085 2.109 2.116 2.141 2.188 2.231 2.258 2.265 2.295 2.31 2.345 2.362 2.394 2.409 2.439 2.465 2.497 2.512 2.545 2.572 2.61 2.628 2.671 2.788 2.829 2.868 2.904 2.927 2.965 3.069 0 0.007 0 0 0 0 0 0 0 0 0 0 0 0 0 0 0 0 0 4.212 4.211 4.211 4.211 4.205 4.205 0 0 0 0 0 3.805 3.801 3.801 3.801 0 0 0 0 0 0 4.096 4.091 4.091 4.09 4.086 2.779 2.779 2.779 2.783 3.439 3.556 3.557 3.558 4.03 4.03 4.056 0.007 0 0 0 
1 1 1 1 1 1 1 1 1 1 1 1 1 1 1 1 1 1 1 1 1 1 1 1 1 1 1 1 1 1 1 1 1 1 1 1 1 1 1 1 1 1 1 1 1 1 1 1 1 1 1 1 1 1 1 1 1 1 1 1 1 1 1 1 1 1 1 1 1 1 1 1 1 1 1 1 1 1 1 1 1 1 1 1 1 1 1 1 1 1 1 1 1 1 1 1 1 1 1 1 1 1 1 1 1 1 1 1 1 1 1 1 1 1 1 1 1 1 1 1 1 1 1 1 1 1 1 1 1 1 1 1 1 1 1 1 1 1 1 1 1 1 1 1 1 1 1 1 1 1 1 1 1 1 1 1 1 1 1 1 1 1 1 1 1 1 1 1 1 1 1 1 1 1 1 1 1 1 1 1 1 1 1 1 1 1 1 1 1 1 1 1 1 1 1 1 1 1 1 1 1 1 1 1 1 1 1 1 1 1 1 1 1 1 1 1 1 1 1 1 1 1 1 1 1 1 1 1 1 1 1 1 1 1 1 1 1 1 1 1 1 1 1 1 1 1 1 1 1 1 1 1 1 1 1 1 1 1 1 1 1 1 1 1 1 1 1 1 1 1 1 1 1 1 1 1 1 1 1 1 1 1 1 1 1 1 1 1 1 1 1 1 1 1 1 1 1 1 1 1 1 1 1 1 1 1 1 1 1 1 1 1 1 1 1 1 1 1 1 1 1 1 1 1 1 1 1 1 1 1 1 1 1 1 1 1 1 1 1 1 1 1 1 1 1 1 1 1 1 1 1 1 1 1 1 1 1 1 1 1 1 1 1 1 1 1 1 1 1 1 1 1 1 1 1 1 1 1 1 1 1 1 1 1 1 1 1 1 1 1 1 1 1 1 1 1 1 1 1 1 1 1 1 1 1 1 1 1 1 1 1 1 1 1 1 1 1 1 1 1 1 1 1 1 1 1 1 1 1 1 1 1 1 1 1 1 1 1 1 1 1 1 1 1 1 1 1 1 1 1 1 1 1 1 1 1 1 1 1 1 1 1 1 1 1 1 1 1 1 1 1 1 1 1 1 1 1 1 1 1 1 1 1 1 1 1 1 1 1 1 1 1 1 1 1 1 1 1 1 1 1 1 1 1 1 1 1 1 1 1 1 1 1 1 1 1 1 1 1 1 1 1 1 1 1 1 1 1 1 1 1 1 1 1 1 1 1 1 1 1 1 1 1 1 1 1 1 1 1 1 1 1 1 1 1 1 1 1 1 1 1 1 1 1 1 1 1 1 1 1 1 1 1 1 1 1 1 1 1 1 1 1 1 1 1 1 1 1 1 1 1 1 1 1 1 1 1 1 1 1 1 1 1 1 1 1 1 1 1 1 1 1 1 1 1 1 1 1 1 1 1 1 0 0 0 0 0 0 0 0 0 0 0 0 0 0 0 0 0 0 0 1 1 1 1 1 1 0 0 0 0 0 1 1 1 1 0 0 0 0 0 0 1 1 1 1 1 1 1 1 1 1 1 1 1 1 1 1 0 0 0 0 
