# This file contains a 2D laser scan observation. 
# Its format is: 
# [aperture] [max_range] [number_of_scans] 
# [vector_of_scans] 
# [vector_of_valid_scans] 
# The aperture of the sensor is in radians, the maximum range 
# and measurements are in meters. '1' means a valid scan, '0' otherwise.
4.1847
5.6
682
0.396 0.397 0.399 0.399 0.399 0.399 0.398 0.398 0.403 0.411 0.424 0.425 0.428 0.428 0.429 0.429 0.43 0.431 0.436 0.445 0.445 0.445 0.445 0.445 0.453 0.454 0.456 0.463 0.466 0.466 0.466 0.456 0.455 0.45 0.443 0.441 0.414 0.402 0.401 0.4 0.394 0.394 0.394 0.392 0.392 0.391 0.384 0.379 0.377 0.376 0.376 0.374 0.371 0.37 0.37 0.37 0.37 0.369 0.37 0.37 0.372 0.372 0.376 0.376 0.375 0.371 0.371 0.368 0.368 0.371 0.371 0.375 0.376 0.375 0.376 0.38 0.384 0.389 0.389 0.391 0.392 0.407 0.408 0.414 0.417 0.433 0.448 0.449 0.452 0.649 0.657 0.657 0.657 0.512 0.459 0.458 0.455 0.455 0.455 0.455 0.451 0.456 0.446 0.446 0.45 0.452 0.452 0.455 0.458 0.462 0.47 0.479 0.481 0.486 0.487 0.488 0.501 0.51 0.516 0.521 0.522 0.533 0.536 0.548 0.548 0.554 0.585 0.601 0.604 0.622 0.626 0.639 0.648 0.665 0.674 0.681 0.693 0.706 0.717 0.736 0.75 0.764 0.78 0.791 0.817 0.832 0.85 0.863 0.874 0.883 0.885 0.894 0.896 0.942 0.976 0.995 1.098 1.172 1.19 1.191 1.191 1.191 1.077 1.077 1.077 1.093 0.015 0.015 0.015 1.843 1.741 1.677 1.677 1.662 1.649 1.637 1.632 1.631 1.624 1.624 1.624 1.631 1.633 1.634 1.641 1.65 1.661 1.669 1.723 1.926 1.931 1.933 1.937 1.937 1.945 1.946 1.948 1.951 1.952 1.952 1.952 1.954 1.961 1.963 1.964 1.965 1.969 1.969 1.969 1.973 1.976 1.982 1.983 1.987 1.997 2.001 2.001 2.001 1.854 1.831 1.78 1.753 1.749 1.71 1.668 1.637 1.617 1.586 1.565 1.542 1.533 1.506 1.489 1.469 1.46 1.443 1.428 1.42 1.41 1.408 1.403 1.401 1.394 1.393 1.392 1.392 1.392 1.386 1.386 1.396 1.391 1.399 1.401 1.406 1.41 1.415 1.417 1.421 1.429 1.433 1.445 1.451 1.46 1.482 1.495 1.511 1.837 1.837 1.837 1.824 1.8 1.79 1.78 1.758 1.737 1.721 1.706 1.691 1.667 1.665 1.643 1.633 1.617 1.596 1.589 1.576 1.562 1.554 1.547 1.547 1.553 1.554 1.56 1.572 1.578 1.597 1.598 1.629 2.617 2.626 2.626 2.617 0.57 0.569 0.566 0.563 0.561 0.559 0.545 0.544 0.536 0.536 0.535 0.533 0.524 0.522 0.522 0.516 0.516 0.516 0.516 0.515 0.516 0.517 0.514 0.514 0.512 0.512 0.512 0.512 0.512 0.512 0.511 0.512 0.517 0.518 0.526 0.526 0.527 0.54 0.543 0.546 0.55 0.555 0.566 0.598 0.602 0.609 0.621 0.627 0.634 0.641 0.657 0.66 0.673 0.679 0.681 0.691 0.698 0.718 0.719 0.734 0.743 0.766 0.769 0.773 0.797 0.797 0.815 0.833 0.851 0.864 0.874 0.896 0.918 0.93 0.947 0.953 0.981 1.003 1.025 1.046 1.056 1.059 1.059 1.058 1.056 1.049 1.039 1.035 1.03 1.03 1.029 1.029 1.029 1.023 1.018 1.018 1.018 1.018 1.017 1.015 1.015 1.019 1.012 1.018 1.018 1.018 1.017 1.017 1.015 1.015 1.015 1.015 1.015 1.015 1.013 1.009 1.009 1.013 1.015 1.021 1.021 1.021 1.02 1.02 1.02 1.023 1.023 1.024 1.024 1.024 1.024 1.024 1.023 1.022 1.022 1.022 1.023 1.024 1.024 1.025 1.026 1.032 1.032 1.036 1.036 1.034 1.036 1.038 1.034 1.037 1.037 1.037 1.037 1.037 1.044 1.044 1.044 1.044 1.044 1.044 1.044 1.048 1.052 1.056 1.056 1.056 1.057 1.057 1.058 1.062 1.062 1.062 1.062 1.061 1.061 1.064 1.064 1.066 1.073 1.074 1.074 1.076 1.077 1.077 1.08 1.082 1.083 1.088 1.092 1.097 1.1 1.102 1.106 1.106 1.11 1.111 1.111 1.111 1.12 1.123 1.125 1.13 1.131 1.133 1.155 1.16 1.174 1.174 1.174 1.174 1.181 1.176 1.185 1.188 1.193 1.193 1.199 1.209 2.255 2.258 2.278 2.278 2.286 2.298 2.312 2.315 2.319 2.332 2.333 2.346 2.351 2.36 2.377 2.393 2.41 2.414 2.424 2.439 2.444 2.462 2.469 2.469 2.469 2.462 2.446 2.422 2.41 2.397 2.385 2.374 2.353 2.338 2.315 2.306 2.3 2.277 2.261 2.259 2.24 2.231 2.206 2.204 2.192 2.175 2.168 2.152 2.143 2.138 2.115 2.11 2.106 2.088 2.076 2.075 2.075 2.075 2.079 2.088 2.118 2.13 2.209 2.225 2.255 2.27 2.287 2.319 2.335 2.356 2.375 2.403 2.423 2.453 2.474 2.5 2.534 2.56 2.59 2.614 2.644 2.707 2.806 2.843 2.863 2.917 2.922 2.973 3.029 3.052 3.102 0 0 0 0 0 0 0 0 0 0 0 0 0 0 0 0 4.199 4.191 4.177 4.177 4.187 4.187 4.187 0 0 0 0 3.798 3.782 3.782 3.782 0 0 0 0 0 0 0 4.084 4.084 4.076 4.072 2.762 2.751 2.751 2.751 3.503 3.533 3.533 3.533 3.536 3.536 4.018 0.007 0 0 0 0 0 0 0 0 0 3.223 3.223 0.007 0 0 0 0 3.996 
1 1 1 1 1 1 1 1 1 1 1 1 1 1 1 1 1 1 1 1 1 1 1 1 1 1 1 1 1 1 1 1 1 1 1 1 1 1 1 1 1 1 1 1 1 1 1 1 1 1 1 1 1 1 1 1 1 1 1 1 1 1 1 1 1 1 1 1 1 1 1 1 1 1 1 1 1 1 1 1 1 1 1 1 1 1 1 1 1 1 1 1 1 1 1 1 1 1 1 1 1 1 1 1 1 1 1 1 1 1 1 1 1 1 1 1 1 1 1 1 1 1 1 1 1 1 1 1 1 1 1 1 1 1 1 1 1 1 1 1 1 1 1 1 1 1 1 1 1 1 1 1 1 1 1 1 1 1 1 1 1 1 1 1 1 1 0 0 0 1 1 1 1 1 1 1 1 1 1 1 1 1 1 1 1 1 1 1 1 1 1 1 1 1 1 1 1 1 1 1 1 1 1 1 1 1 1 1 1 1 1 1 1 1 1 1 1 1 1 1 1 1 1 1 1 1 1 1 1 1 1 1 1 1 1 1 1 1 1 1 1 1 1 1 1 1 1 1 1 1 1 1 1 1 1 1 1 1 1 1 1 1 1 1 1 1 1 1 1 1 1 1 1 1 1 1 1 1 1 1 1 1 1 1 1 1 1 1 1 1 1 1 1 1 1 1 1 1 1 1 1 1 1 1 1 1 1 1 1 1 1 1 1 1 1 1 1 1 1 1 1 1 1 1 1 1 1 1 1 1 1 1 1 1 1 1 1 1 1 1 1 1 1 1 1 1 1 1 1 1 1 1 1 1 1 1 1 1 1 1 1 1 1 1 1 1 1 1 1 1 1 1 1 1 1 1 1 1 1 1 1 1 1 1 1 1 1 1 1 1 1 1 1 1 1 1 1 1 1 1 1 1 1 1 1 1 1 1 1 1 1 1 1 1 1 1 1 1 1 1 1 1 1 1 1 1 1 1 1 1 1 1 1 1 1 1 1 1 1 1 1 1 1 1 1 1 1 1 1 1 1 1 1 1 1 1 1 1 1 1 1 1 1 1 1 1 1 1 1 1 1 1 1 1 1 1 1 1 1 1 1 1 1 1 1 1 1 1 1 1 1 1 1 1 1 1 1 1 1 1 1 1 1 1 1 1 1 1 1 1 1 1 1 1 1 1 1 1 1 1 1 1 1 1 1 1 1 1 1 1 1 1 1 1 1 1 1 1 1 1 1 1 1 1 1 1 1 1 1 1 1 1 1 1 1 1 1 1 1 1 1 1 1 1 1 1 1 1 1 1 1 1 1 1 1 1 1 1 1 1 1 1 1 1 1 1 1 1 1 1 1 1 1 1 1 1 1 1 1 1 1 1 1 1 1 1 1 1 1 1 1 0 0 0 0 0 0 0 0 0 0 0 0 0 0 0 0 1 1 1 1 1 1 1 0 0 0 0 1 1 1 1 0 0 0 0 0 0 0 1 1 1 1 1 1 1 1 1 1 1 1 1 1 1 0 0 0 0 0 0 0 0 0 0 1 1 0 0 0 0 0 1 
