# This file contains a 2D laser scan observation. 
# Its format is: 
# [aperture] [max_range] [number_of_scans] 
# [vector_of_scans] 
# [vector_of_valid_scans] 
# The aperture of the sensor is in radians, the maximum range 
# and measurements are in meters. '1' means a valid scan, '0' otherwise.
4.1847
5.6
682
0.692 0.694 0.7 0.701 0.706 0.709 0.709 0.714 0.723 0.723 1.653 1.653 1.653 1.636 1.615 1.607 1.59 1.589 1.567 1.564 1.563 1.557 1.549 1.545 1.526 1.505 1.476 1.446 1.434 1.432 1.432 1.42 1.415 1.413 1.411 1.411 1.408 1.396 0.946 0.941 0.931 0.931 0.928 0.925 0.924 0.922 0.922 0.922 0.933 0.942 0.966 0.984 1.254 1.254 1.254 1.254 1.253 1.25 1.25 1.25 1.249 1.249 1.249 1.241 1.234 1.224 1.22 1.212 1.2 1.18 1.18 1.18 1.177 1.174 1.173 1.173 1.173 1.178 1.178 1.178 1.176 1.17 1.169 1.168 1.163 1.161 1.151 1.148 1.143 1.142 1.133 1.133 1.132 1.132 1.132 1.128 1.124 1.113 1.109 1.109 1.108 1.107 1.108 1.107 1.107 1.106 1.107 1.105 1.104 1.104 1.104 1.102 1.099 1.099 1.099 1.098 1.093 1.098 1.098 1.093 1.093 1.098 1.093 1.093 1.09 1.09 1.09 1.094 1.103 1.116 1.124 1.133 1.142 1.146 1.148 1.148 1.148 1.152 1.158 1.158 1.158 1.157 1.152 1.151 1.151 1.146 1.145 1.144 1.138 1.136 1.136 1.135 1.132 1.132 1.134 1.132 1.133 1.134 1.134 1.133 1.139 1.278 1.97 2.033 2.041 2.041 2.04 0 0 2.04 0.008 0.007 0.008 1.808 1.808 1.808 1.801 1.802 1.802 1.802 1.788 1.788 1.788 1.788 1.815 0.015 0.007 1.815 1.815 1.801 1.761 1.761 1.761 1.254 1.197 1.135 1.135 1.135 1.133 1.132 1.132 1.131 1.132 1.135 1.138 1.149 1.845 1.852 1.866 1.867 1.876 1.884 1.886 1.887 1.89 1.896 1.904 1.909 1.913 1.923 1.924 1.924 1.935 1.943 1.944 1.946 1.95 1.96 1.96 1.96 1.974 2 1.95 0 0.007 0 0 0 0.007 1.821 1.815 1.815 1.784 1.729 1.057 1.017 0.938 0.937 0.927 0.927 0.927 0.929 0.929 0.931 0.935 0.935 0.936 0.936 0.932 0.8 0.8 0.8 0.92 0.926 0.929 0.93 0.932 0.934 0.934 0.934 0.929 0.929 0.929 0.934 0.935 0.935 0.934 0.935 0.928 0.928 0.934 0.935 0.935 0.936 0.936 0.936 0.926 0.926 0.926 0.927 0.93 0.93 0.927 0.93 0.93 0.947 0.947 0.952 0.952 0.952 0.962 0.973 0.981 1.595 1.618 1.623 1.623 1.626 1.626 1.626 1.617 1.594 1.55 1.527 1.515 1.496 0.879 0.812 0.812 0.812 1.486 1.487 1.502 1.502 1.502 1.5 1.497 1.492 1.487 1.48 1.464 1.459 1.444 1.417 1.399 1.386 1.381 1.378 1.378 1.375 1.38 1.38 1.384 1.387 1.388 1.393 1.398 1.398 1.398 1.4 1.4 1.4 1.398 1.4 1.401 0 0 0 0 0.522 0.515 0.515 0.515 0.511 0.504 0.502 0.501 0.502 0.502 0.554 1.232 1.246 1.246 1.246 1.233 1.158 0.861 0.855 0.854 0.855 0.855 1.244 1.249 1.252 1.25 1.25 1.25 1.238 1.235 1.235 1.235 1.235 1.242 1.252 1.252 1.284 1.295 1.3 1.3 1.302 1.302 1.3 1.29 1.28 1.274 1.258 1.249 1.238 1.23 1.222 1.222 1.222 1.222 1.233 1.239 1.249 1.268 1.281 1.294 1.298 1.299 1.307 1.31 1.313 1.313 1.313 1.31 1.304 1.303 1.303 1.292 1.288 1.285 1.28 1.269 1.266 1.266 1.266 1.266 1.27 1.271 1.277 1.28 1.286 1.286 1.287 1.287 1.286 1.283 0.88 0.877 0.873 0.873 0.877 1.319 1.339 1.339 1.339 1.341 1.356 1.356 1.364 1.365 1.365 1.365 1.366 1.366 1.365 0.556 0.528 0.524 0.52 0.513 0.52 0.524 0.526 0.529 0.529 0.537 1.233 0 0 0 0 0 0 0 1.454 1.453 1.451 1.447 1.439 1.436 1.428 1.414 1.376 1.359 1.359 1.356 1.352 1.352 1.368 1.368 1.437 1.437 1.437 1.371 1.361 1.339 1.319 1.305 1.298 1.298 1.275 0.953 0.893 0.876 0.876 0.893 0.893 0.862 0.681 0.678 0.666 0.66 0.66 0.66 0.646 0.641 0.642 0.642 0.644 0.644 0.644 0.655 0.655 0.659 0.655 0.652 0.646 0.646 0.645 0.641 0.641 0.641 0.639 0.639 0.642 0.637 0.637 0.644 0.644 0.645 0.646 0.648 0.649 0.648 0.648 0.649 0.657 0.654 0.654 0.654 0.649 0.649 0.649 0.652 0.661 0.676 0.681 0.682 0.684 0.713 0.746 0.839 0.834 0.834 0.834 0.822 0.819 0.819 0.817 0.817 0.81 0.81 0.807 0.802 0.801 0.797 0.795 0.795 0.794 0.79 0.79 0.787 0.78 0.778 0.778 0.777 0.777 0.776 0.773 0.773 0.772 0.772 0.763 0.762 0.761 0.761 0.756 0.755 0.755 0.751 0.751 0.751 0.747 0.747 0.747 0.743 0.742 0.742 0.739 0.739 0.739 0.735 0.731 0.728 0.728 0.728 0.728 0.727 0.727 0.727 0.729 0.722 0.722 0.72 0.716 0.716 0.716 0.716 0.717 0.717 0.717 0.717 0.717 0.716 0.717 0.717 0.717 0.718 0.719 0.719 0.718 0.721 0.723 0.724 0.732 0.736 0.737 0.741 0.748 0.763 0.764 0.764 0.77 0.77 0.764 0.764 0.745 0.745 0.738 0.731 0.731 0.73 0.729 0.725 0.721 0.721 0.721 0.72 0.72 
1 1 1 1 1 1 1 1 1 1 1 1 1 1 1 1 1 1 1 1 1 1 1 1 1 1 1 1 1 1 1 1 1 1 1 1 1 1 1 1 1 1 1 1 1 1 1 1 1 1 1 1 1 1 1 1 1 1 1 1 1 1 1 1 1 1 1 1 1 1 1 1 1 1 1 1 1 1 1 1 1 1 1 1 1 1 1 1 1 1 1 1 1 1 1 1 1 1 1 1 1 1 1 1 1 1 1 1 1 1 1 1 1 1 1 1 1 1 1 1 1 1 1 1 1 1 1 1 1 1 1 1 1 1 1 1 1 1 1 1 1 1 1 1 1 1 1 1 1 1 1 1 1 1 1 1 1 1 1 1 1 1 1 1 1 1 1 0 0 1 0 0 0 1 1 1 1 1 1 1 1 1 1 1 1 0 0 1 1 1 1 1 1 1 1 1 1 1 1 1 1 1 1 1 1 1 1 1 1 1 1 1 1 1 1 1 1 1 1 1 1 1 1 1 1 1 1 1 1 1 1 1 1 0 0 0 0 0 0 1 1 1 1 1 1 1 1 1 1 1 1 1 1 1 1 1 1 1 1 1 1 1 1 1 1 1 1 1 1 1 1 1 1 1 1 1 1 1 1 1 1 1 1 1 1 1 1 1 1 1 1 1 1 1 1 1 1 1 1 1 1 1 1 1 1 1 1 1 1 1 1 1 1 1 1 1 1 1 1 1 1 1 1 1 1 1 1 1 1 1 1 1 1 1 1 1 1 1 1 1 1 1 1 1 1 1 1 1 1 1 1 1 1 1 1 0 0 0 0 1 1 1 1 1 1 1 1 1 1 1 1 1 1 1 1 1 1 1 1 1 1 1 1 1 1 1 1 1 1 1 1 1 1 1 1 1 1 1 1 1 1 1 1 1 1 1 1 1 1 1 1 1 1 1 1 1 1 1 1 1 1 1 1 1 1 1 1 1 1 1 1 1 1 1 1 1 1 1 1 1 1 1 1 1 1 1 1 1 1 1 1 1 1 1 1 1 1 1 1 1 1 1 1 1 1 1 1 1 1 1 1 1 1 1 1 1 1 1 1 1 0 0 0 0 0 0 0 1 1 1 1 1 1 1 1 1 1 1 1 1 1 1 1 1 1 1 1 1 1 1 1 1 1 1 1 1 1 1 1 1 1 1 1 1 1 1 1 1 1 1 1 1 1 1 1 1 1 1 1 1 1 1 1 1 1 1 1 1 1 1 1 1 1 1 1 1 1 1 1 1 1 1 1 1 1 1 1 1 1 1 1 1 1 1 1 1 1 1 1 1 1 1 1 1 1 1 1 1 1 1 1 1 1 1 1 1 1 1 1 1 1 1 1 1 1 1 1 1 1 1 1 1 1 1 1 1 1 1 1 1 1 1 1 1 1 1 1 1 1 1 1 1 1 1 1 1 1 1 1 1 1 1 1 1 1 1 1 1 1 1 1 1 1 1 1 1 1 1 1 1 1 1 1 1 1 1 1 1 1 1 1 1 1 1 1 1 1 1 1 1 1 1 
