# This file contains a 2D laser scan observation. 
# Its format is: 
# [aperture] [max_range] [number_of_scans] 
# [vector_of_scans] 
# [vector_of_valid_scans] 
# The aperture of the sensor is in radians, the maximum range 
# and measurements are in meters. '1' means a valid scan, '0' otherwise.
4.1847
5.6
682
2.351 2.351 2.352 2.361 2.366 2.366 2.366 2.367 2.368 2.368 2.368 2.355 2.256 2.135 2.025 1.885 1.885 1.87 1.842 0.774 0.757 0.731 0.728 0.728 0.728 0.728 0.728 0.723 0.723 0.721 0.719 0.719 0.722 0.722 0.726 0.728 0.728 0.732 0.732 0.738 0.738 0.739 0.739 0.748 0.752 0.755 0.755 0.755 0.756 0.765 0.766 0.767 0.766 0.77 0.771 0.772 0.775 0.781 0.785 0.785 0.79 0.79 0.797 0.798 0.798 0.798 0.8 0.806 0.809 0.811 0.819 0.822 0.823 0.823 0.827 0.829 0.836 0.839 0.84 0.843 0.845 0.848 0.855 0.862 0.862 0.865 0.869 0.87 0.873 0.883 0.883 0.892 0.892 0.897 0.897 0.902 0.909 0.913 0.921 0.927 0.93 0.931 0.937 0.94 0.944 0.948 0.966 0.968 0.969 0.978 0.985 0.988 0.998 1.004 1.005 1.017 1.024 1.025 1.032 1.045 1.045 1.045 1.044 1.039 1.029 1 0.999 0.996 0.977 0.977 0.975 0.967 0.966 0.965 0.963 0.954 0.953 0.953 0.951 0.943 0.938 0.931 0.925 0.923 0.922 0.922 0.918 0.917 0.908 0.902 0.899 0.895 0.894 0.894 0.894 0.894 0.894 0.89 0.888 0.886 0.886 0.884 0.883 0.873 0.872 0.872 0.87 0.87 0.868 0.862 0.857 0.856 0.854 0.851 0.851 0.849 0.849 0.849 0.84 0.84 0.84 0.839 0.837 0.836 0.836 0.834 0.83 0.826 0.818 0.818 0.818 0.818 0.815 0.82 0.815 0.815 0.816 0.816 0.813 0.813 0.813 0.809 0.806 0.806 0.804 0.804 0.804 0.802 0.802 0.801 0.799 0.799 0.798 0.797 0.797 0.797 0.797 0.797 0.798 0.798 0.79 0.781 0.781 0.781 0.781 0.779 0.784 0.784 0.779 0.784 0.784 0.784 0.784 0.79 0.792 0.793 0.793 0.793 0.798 0.798 0.794 0.792 0.792 0.789 0.786 0.786 0.781 0.781 0.779 0.781 0.784 0.786 0.784 0.784 0.776 0.774 0.774 0.776 0.776 0.787 0.787 0.782 0.781 0.781 0.777 0.777 0.777 0.784 0.788 0.793 0.794 0.798 0.8 0.803 0.803 0.805 0.803 0.803 0.803 0.808 0.808 0.808 0.808 0.805 0.805 0.805 0.809 0.813 0.813 0.813 0.817 0.825 1.661 1.716 1.729 1.733 1.738 1.742 1.743 1.745 1.749 1.752 1.758 1.762 1.774 1.776 1.778 1.784 1.79 1.792 1.8 1.801 1.807 1.813 1.822 1.829 1.834 1.844 1.848 1.852 1.856 1.86 1.863 1.876 1.886 1.887 1.898 1.9 1.906 1.916 1.917 1.926 1.927 1.94 1.944 1.959 1.96 1.962 1.99 1.993 1.994 2 2.004 2.005 2.015 2.02 2.02 2.02 2.009 1.997 1.987 1.969 1.956 1.949 1.927 1.909 1.903 1.885 1.867 1.853 1.842 1.831 1.817 1.809 1.801 1.788 1.777 1.757 1.754 1.743 1.725 1.715 1.714 1.697 1.683 1.682 1.666 1.662 1.652 1.642 1.626 1.621 1.61 1.606 1.602 1.592 1.592 1.592 1.593 1.602 1.61 1.629 1.637 1.652 1.713 1.734 1.749 1.76 1.78 1.798 1.812 1.838 1.86 1.876 1.88 1.914 1.923 1.953 1.976 1.998 2.018 2.037 2.063 2.079 2.104 2.124 2.151 2.173 2.22 2.271 2.328 2.358 2.367 2.429 2.455 2.5 2.528 2.558 2.574 2.63 2.677 2.724 2.759 2.793 2.829 2.92 0.007 0 0 0 0 0 0 0 0 0 0 0 0 3.739 3.739 3.739 3.741 3.739 3.73 3.723 3.723 3.721 3.699 3.699 3.639 3.495 3.437 3.409 3.396 3.391 3.384 3.374 3.374 3.374 0 0 0 3.649 3.648 3.647 3.646 3.645 3.644 3.644 3.51 3.46 2.333 2.331 2.331 2.332 2.333 3.162 3.609 3.616 3.616 3.617 3.617 3.617 3.619 3.617 3.617 0.007 3.613 3.611 3.613 3.611 3.611 3.607 3.607 3.607 3.616 3.616 3.616 3.616 3.617 3.617 3.622 3.626 3.627 3.634 3.636 3.639 3.639 3.647 3.647 3.649 0.007 3.05 2.707 3.05 3.05 3.261 3.261 3.261 3.245 3.191 2.408 2.408 2.408 2.409 2.415 3.33 3.33 3.33 3.271 3.096 3.059 3.039 3.059 3.019 2.938 2.836 2.836 2.836 2.859 2.884 2.901 2.927 2.927 2.927 2.921 2.921 2.921 2.921 2.921 2.911 2.896 2.885 2.885 2.885 2.901 2.902 2.91 2.926 2.927 2.934 2.94 2.954 2.957 2.963 2.963 2.971 2.986 3.013 3.025 3.03 3.03 3.03 2.94 2.756 2.753 2.742 2.732 2.721 2.714 2.714 2.689 2.67 0.962 0.953 0.949 0.94 0.938 0.937 0.921 0.916 0.916 0.916 0.925 0.925 0.925 0.912 0.904 0.891 0.891 0.886 0.868 0.864 0.86 0.848 0.842 0.84 0.836 0.832 0.83 0.829 0.819 0.817 0.806 0.804 0.793 0.79 0.787 0.78 0.774 0.769 0.761 0.729 0.725 0.72 0.718 0.712 0.708 0.708 0.707 0.707 0.704 0.704 0.704 0.711 0.724 0.764 0.773 0.785 0.791 0.797 0.81 0.818 0.82 0.82 0.827 0.839 0.843 0.849 0.855 0.863 0.871 0.871 0.871 0.774 0.718 0.71 0.706 0.704 0.702 0.702 0.697 0.695 0.693 0.69 0.687 0.686 0.682 0.68 0.679 0.678 
1 1 1 1 1 1 1 1 1 1 1 1 1 1 1 1 1 1 1 1 1 1 1 1 1 1 1 1 1 1 1 1 1 1 1 1 1 1 1 1 1 1 1 1 1 1 1 1 1 1 1 1 1 1 1 1 1 1 1 1 1 1 1 1 1 1 1 1 1 1 1 1 1 1 1 1 1 1 1 1 1 1 1 1 1 1 1 1 1 1 1 1 1 1 1 1 1 1 1 1 1 1 1 1 1 1 1 1 1 1 1 1 1 1 1 1 1 1 1 1 1 1 1 1 1 1 1 1 1 1 1 1 1 1 1 1 1 1 1 1 1 1 1 1 1 1 1 1 1 1 1 1 1 1 1 1 1 1 1 1 1 1 1 1 1 1 1 1 1 1 1 1 1 1 1 1 1 1 1 1 1 1 1 1 1 1 1 1 1 1 1 1 1 1 1 1 1 1 1 1 1 1 1 1 1 1 1 1 1 1 1 1 1 1 1 1 1 1 1 1 1 1 1 1 1 1 1 1 1 1 1 1 1 1 1 1 1 1 1 1 1 1 1 1 1 1 1 1 1 1 1 1 1 1 1 1 1 1 1 1 1 1 1 1 1 1 1 1 1 1 1 1 1 1 1 1 1 1 1 1 1 1 1 1 1 1 1 1 1 1 1 1 1 1 1 1 1 1 1 1 1 1 1 1 1 1 1 1 1 1 1 1 1 1 1 1 1 1 1 1 1 1 1 1 1 1 1 1 1 1 1 1 1 1 1 1 1 1 1 1 1 1 1 1 1 1 1 1 1 1 1 1 1 1 1 1 1 1 1 1 1 1 1 1 1 1 1 1 1 1 1 1 1 1 1 1 1 1 1 1 1 1 1 1 1 1 1 1 1 1 1 1 1 1 1 1 1 1 1 1 1 1 1 1 1 1 1 1 1 1 1 1 1 1 1 1 1 1 1 1 1 1 1 1 1 1 1 1 1 1 1 1 1 1 1 1 0 0 0 0 0 0 0 0 0 0 0 0 0 1 1 1 1 1 1 1 1 1 1 1 1 1 1 1 1 1 1 1 1 1 0 0 0 1 1 1 1 1 1 1 1 1 1 1 1 1 1 1 1 1 1 1 1 1 1 1 1 0 1 1 1 1 1 1 1 1 1 1 1 1 1 1 1 1 1 1 1 1 1 1 1 1 0 1 1 1 1 1 1 1 1 1 1 1 1 1 1 1 1 1 1 1 1 1 1 1 1 1 1 1 1 1 1 1 1 1 1 1 1 1 1 1 1 1 1 1 1 1 1 1 1 1 1 1 1 1 1 1 1 1 1 1 1 1 1 1 1 1 1 1 1 1 1 1 1 1 1 1 1 1 1 1 1 1 1 1 1 1 1 1 1 1 1 1 1 1 1 1 1 1 1 1 1 1 1 1 1 1 1 1 1 1 1 1 1 1 1 1 1 1 1 1 1 1 1 1 1 1 1 1 1 1 1 1 1 1 1 1 1 1 1 1 1 1 1 1 1 1 1 1 1 1 1 1 1 1 1 1 1 1 1 1 
