# This file contains a 2D laser scan observation. 
# Its format is: 
# [aperture] [max_range] [number_of_scans] 
# [vector_of_scans] 
# [vector_of_valid_scans] 
# The aperture of the sensor is in radians, the maximum range 
# and measurements are in meters. '1' means a valid scan, '0' otherwise.
4.1847
5.6
682
0.684 0.684 0.684 0.701 0.701 0.706 0.706 0.71 0.71 0.716 0.728 0.728 0.732 1.691 1.695 1.695 1.691 1.676 1.669 1.639 1.619 1.612 1.587 1.586 1.581 1.574 1.56 1.554 1.536 1.533 1.52 1.513 1.482 1.46 1.435 1.427 1.423 1.42 1.414 1.412 1.41 1.381 0.955 0.936 0.934 0.932 0.926 0.919 0.914 0.914 0.914 0.916 0.926 0.931 0.949 0.964 1.251 1.251 1.251 1.241 1.241 1.241 1.241 1.254 1.254 1.254 1.244 1.243 1.236 1.227 1.215 1.212 1.211 1.196 1.175 1.173 1.17 1.169 1.168 1.167 1.167 1.167 1.167 1.167 1.168 1.168 1.168 1.155 1.155 1.155 1.153 1.144 1.142 1.139 1.122 1.122 1.122 1.122 1.122 1.12 1.116 1.107 1.102 1.102 1.1 1.093 1.091 1.091 1.091 1.091 1.091 1.087 1.086 1.086 1.086 1.086 1.086 1.09 1.09 1.084 1.084 1.081 1.08 1.08 1.078 1.078 1.078 1.076 1.076 1.076 1.076 1.076 1.076 1.076 1.088 1.098 1.109 1.117 1.125 1.126 1.131 1.131 1.134 1.136 1.142 1.139 1.139 1.136 1.135 1.132 1.128 1.128 1.128 1.122 1.121 1.122 1.118 1.118 1.118 1.11 1.108 1.11 1.11 1.11 1.114 1.116 1.141 1.232 2 2 2 0.006 0.006 0.006 0.006 2.014 2.014 2.014 0.015 0.015 0.015 1.788 1.788 1.778 1.786 1.786 1.801 1.786 1.786 1.801 0.006 0.006 0.006 0.015 0.007 0.006 0.007 1.78 1.78 1.78 1.773 1.196 1.118 1.108 1.108 1.099 1.099 1.099 1.099 1.117 1.119 1.123 1.123 1.823 1.836 1.843 1.843 1.85 1.85 1.85 1.853 1.862 1.87 1.87 1.875 1.877 1.884 1.887 1.894 1.906 1.908 1.912 1.918 1.92 1.932 1.933 1.945 1.945 1.968 1.97 0 0 0 0 0 0 0 1.792 1.791 1.791 1.791 1.792 0.007 1.008 0.904 0.899 0.899 0.899 0.898 0.899 0.905 0.906 0.906 0.907 0.907 0.906 0.899 0.891 0.792 0.792 0.792 0.888 0.906 0.906 0.906 0.906 0.906 0.906 0.906 0.906 0.906 0.906 0.906 0.906 0.906 0.902 0.919 0.919 0.902 0.909 0.916 0.916 0.909 0.912 0.912 0.908 0.905 0.908 0.905 0.908 0.905 0.9 0.9 0.922 0 0 0 0.932 0.932 0.932 0.924 0.932 0.938 1.568 1.588 1.604 1.602 1.602 1.602 1.599 1.586 1.54 1.512 1.493 1.493 1.479 1.478 0.798 0.798 0.798 0.845 1.46 1.471 1.472 1.477 1.477 1.477 1.473 1.458 1.456 1.441 1.438 1.419 1.403 1.372 1.369 1.354 1.354 1.35 1.35 1.351 1.354 1.354 1.354 1.359 1.368 1.368 1.371 1.372 1.372 1.375 1.375 1.375 1.371 1.371 1.371 0 0 0 0 0.007 0 1.038 0.488 0.486 0.486 0.485 0.484 0.48 0.485 0.48 0.48 0.485 0.495 1.108 1.208 1.208 1.208 0.883 0.843 0.836 0.836 0.836 1.211 1.221 1.226 1.225 1.225 1.225 1.225 1.221 1.217 1.221 1.221 1.221 1.224 1.241 1.247 1.263 1.273 1.275 1.278 1.275 1.273 1.261 1.254 1.239 1.233 1.225 1.223 1.212 1.212 1.211 1.207 1.211 1.212 1.217 1.225 1.252 1.259 1.275 1.278 1.281 1.289 1.289 1.289 1.289 1.288 1.288 1.289 1.287 1.287 1.277 1.27 1.261 1.261 1.254 1.25 1.247 1.247 1.247 1.247 1.251 1.261 1.261 1.264 1.275 1.275 1.275 1.275 1.275 1.267 1.267 0.873 0.864 0.862 0.862 0.864 1.324 1.335 1.344 1.344 1.346 1.352 1.353 1.358 1.358 1.358 1.358 1.358 1.357 1.352 1.352 1.352 1.343 1.343 0.531 0.509 0.503 0.503 0.509 0.509 0.51 0.513 0.513 0.514 0.514 0.641 1.44 1.44 1.443 1.44 1.436 1.436 1.432 1.422 1.416 1.38 1.35 1.35 1.35 1.35 1.342 1.351 1.351 1.379 1.417 1.417 1.417 1.386 1.347 1.342 1.342 1.342 1.312 0.01 0.007 0 0 0 0.007 0.897 0.897 0.897 0.844 0.844 0.705 0.689 0.685 0.671 0.658 0.662 0.658 0.657 0.657 0.662 0.665 0.665 0.665 0.661 0.656 0.656 0.65 0.65 0.65 0.65 0.649 0.649 0.646 0.644 0.644 0.644 0.641 0.644 0.641 0.641 0.644 0.646 0.65 0.655 0.655 0.659 0.659 0.659 0.663 0.67 0.67 0.671 0.673 0.678 0.678 0.673 0.673 0.673 0.673 0.673 0.68 0.707 0.722 0.724 0.736 0.832 0.835 0.835 0.835 0.835 0.826 0.821 0.818 0.817 0.814 0.809 0.807 0.807 0.805 0.804 0.803 0.804 0.801 0.801 0.79 0.79 0.79 0.789 0.788 0.788 0.784 0.782 0.782 0.781 0.779 0.779 0.777 0.773 0.773 0.772 0.768 0.768 0.765 0.762 0.762 0.761 0.758 0.761 0.757 0.75 0.75 0.75 0.75 0.75 0.745 0.745 0.745 0.745 0.745 0.747 0.746 0.746 0.746 0.742 0.742 0.735 0.734 0.734 0.734 0.734 0.734 0.738 0.742 0.742 0.742 0.742 0.742 0.742 0.74 0.741 0.741 0.745 0.747 0.765 0.765 0.765 0.758 0.756 0.756 0.756 0.78 0.78 0.78 0.774 0.768 0.753 
1 1 1 1 1 1 1 1 1 1 1 1 1 1 1 1 1 1 1 1 1 1 1 1 1 1 1 1 1 1 1 1 1 1 1 1 1 1 1 1 1 1 1 1 1 1 1 1 1 1 1 1 1 1 1 1 1 1 1 1 1 1 1 1 1 1 1 1 1 1 1 1 1 1 1 1 1 1 1 1 1 1 1 1 1 1 1 1 1 1 1 1 1 1 1 1 1 1 1 1 1 1 1 1 1 1 1 1 1 1 1 1 1 1 1 1 1 1 1 1 1 1 1 1 1 1 1 1 1 1 1 1 1 1 1 1 1 1 1 1 1 1 1 1 1 1 1 1 1 1 1 1 1 1 1 1 1 1 1 1 1 1 1 1 1 1 1 1 1 1 1 0 0 0 0 1 1 1 0 0 0 1 1 1 1 1 1 1 1 1 0 0 0 0 0 0 0 1 1 1 1 1 1 1 1 1 1 1 1 1 1 1 1 1 1 1 1 1 1 1 1 1 1 1 1 1 1 1 1 1 1 1 1 1 1 1 1 1 1 1 0 0 0 0 0 0 0 1 1 1 1 1 0 1 1 1 1 1 1 1 1 1 1 1 1 1 1 1 1 1 1 1 1 1 1 1 1 1 1 1 1 1 1 1 1 1 1 1 1 1 1 1 1 1 1 1 1 1 1 1 1 1 1 1 0 0 0 1 1 1 1 1 1 1 1 1 1 1 1 1 1 1 1 1 1 1 1 1 1 1 1 1 1 1 1 1 1 1 1 1 1 1 1 1 1 1 1 1 1 1 1 1 1 1 1 1 1 1 1 1 1 1 1 1 1 1 0 0 0 0 0 0 1 1 1 1 1 1 1 1 1 1 1 1 1 1 1 1 1 1 1 1 1 1 1 1 1 1 1 1 1 1 1 1 1 1 1 1 1 1 1 1 1 1 1 1 1 1 1 1 1 1 1 1 1 1 1 1 1 1 1 1 1 1 1 1 1 1 1 1 1 1 1 1 1 1 1 1 1 1 1 1 1 1 1 1 1 1 1 1 1 1 1 1 1 1 1 1 1 1 1 1 1 1 1 1 1 1 1 1 1 1 1 1 1 1 1 1 1 1 1 1 1 1 1 1 1 1 1 1 1 1 1 1 1 1 1 1 1 1 1 1 1 1 1 1 1 1 1 1 1 1 1 1 1 0 0 0 0 0 0 1 1 1 1 1 1 1 1 1 1 1 1 1 1 1 1 1 1 1 1 1 1 1 1 1 1 1 1 1 1 1 1 1 1 1 1 1 1 1 1 1 1 1 1 1 1 1 1 1 1 1 1 1 1 1 1 1 1 1 1 1 1 1 1 1 1 1 1 1 1 1 1 1 1 1 1 1 1 1 1 1 1 1 1 1 1 1 1 1 1 1 1 1 1 1 1 1 1 1 1 1 1 1 1 1 1 1 1 1 1 1 1 1 1 1 1 1 1 1 1 1 1 1 1 1 1 1 1 1 1 1 1 1 1 1 1 1 1 1 1 1 1 1 1 1 1 1 1 1 1 1 
