# This file contains a 2D laser scan observation. 
# Its format is: 
# [aperture] [max_range] [number_of_scans] 
# [vector_of_scans] 
# [vector_of_valid_scans] 
# The aperture of the sensor is in radians, the maximum range 
# and measurements are in meters. '1' means a valid scan, '0' otherwise.
4.1847
5.6
682
0.918 0.913 0.903 0.89 0.888 0.886 0.879 0.879 0.866 0.864 0.847 0.847 0.834 0.828 0.823 0.822 0.813 0.81 0.803 0.789 0.783 0.78 0.779 0.772 0.771 0.747 0.745 0.744 0.738 0.73 0.729 0.725 0.723 0.718 0.712 0.704 0.696 0.696 0.693 0.693 0.691 0.689 0.686 0.677 0.676 0.674 0.674 0.67 0.657 0.654 0.647 0.647 0.646 0.646 0.64 0.64 0.639 0.633 0.626 0.626 0.626 0.621 0.625 0.625 0.624 0.624 0.625 0.624 0.624 0.619 0.614 0.613 0.612 0.608 0.608 0.608 0.606 0.602 0.6 0.599 0.595 0.592 0.592 0.592 0.592 0.592 0.592 0.589 0.588 0.585 0.585 0.585 0.581 0.581 0.581 0.581 0.581 0.581 0.581 0.589 0.593 0.605 0.618 0.626 0.634 0.658 0.658 0.658 0.595 0.558 0.555 0.542 0.538 0.537 0.535 0.535 0.535 0.518 0.516 0.518 0.515 0.515 0.511 0.505 0.505 0.504 0.504 0.503 0.502 0.498 0.497 0.497 0.496 0.498 0.494 0.494 0.494 0.494 0.494 0.494 0.494 0.494 0.494 0.491 0.491 0.497 0.49 0.493 0.493 0.491 0.491 0.493 0.499 0.499 0.499 0.497 0.497 0.497 0.497 0.507 0.511 0.534 0.554 0.61 1.258 1.347 1.37 1.37 1.37 1.37 1.372 1.373 1.378 1.38 1.38 1.38 1.38 1.378 1.378 1.388 1.388 1.388 1.392 1.397 1.397 1.397 1.397 1.403 1.406 1.407 1.407 1.409 1.409 1.413 1.415 1.418 1.42 1.42 1.42 1.42 1.425 1.426 1.43 1.431 1.437 1.441 1.442 1.443 1.446 1.449 1.454 1.454 1.463 1.467 1.468 1.471 1.471 1.481 1.481 1.482 1.481 1.481 1.487 1.49 1.492 1.502 1.504 1.507 1.518 1.526 1.527 1.528 1.534 1.534 1.545 1.549 1.55 1.551 1.551 1.563 1.563 1.563 1.545 1.524 1.506 1.493 1.486 1.46 1.445 1.443 1.423 1.409 1.386 1.373 1.371 1.342 1.331 1.33 1.318 1.305 1.296 1.294 1.278 1.256 1.247 1.24 1.227 1.222 1.215 1.202 1.201 1.193 1.186 1.171 1.16 1.156 1.153 1.15 1.134 1.122 1.11 1.102 1.098 1.089 1.084 1.083 1.061 1.058 1.056 1.056 1.056 1.062 1.063 1.079 1.083 1.087 1.099 1.101 1.107 1.119 1.153 1.182 1.2 1.2 1.205 1.226 1.228 1.235 1.244 1.26 1.267 1.284 1.294 1.32 1.322 1.326 1.345 1.361 1.376 1.39 1.398 1.425 1.439 1.445 1.46 1.485 1.495 1.532 1.536 1.557 1.562 1.6 1.613 1.64 1.659 1.693 1.753 1.791 1.818 1.828 1.858 1.895 1.911 1.939 1.964 1.987 2.012 2.044 2.079 2.112 2.133 2.164 2.199 2.238 2.28 2.315 2.362 2.436 2.451 2.502 2.556 2.597 2.688 2.737 2.787 2.86 2.991 3.033 3.132 3.132 3.174 3.199 3.232 3.232 3.237 3.237 3.232 3.229 3.229 3.047 2.938 2.923 2.923 2.922 2.9 2.866 2.851 2.838 2.838 2.835 2.834 2.832 2.828 2.827 2.827 2.828 2.838 2.902 3.04 3.17 3.17 3.17 3.17 3.168 3.168 3.166 3.163 3.163 3.163 3.165 3.165 3.166 3.165 3.165 0.007 2.598 1.865 1.864 1.864 1.865 1.866 1.868 1.904 3.163 3.164 3.17 3.172 3.177 3.177 3.177 3.181 3.181 3.181 0.007 0.006 2.111 0.006 3.203 3.203 3.207 3.208 3.208 3.217 3.217 3.217 3.224 3.229 3.239 3.243 3.245 3.246 3.25 3.257 3.263 3.263 3.263 3.263 2.627 2.627 2.624 2.624 2.621 2.631 0.007 5.012 2.251 2.251 2.251 2.661 2.661 2.667 2.669 2.669 2.673 2.673 2.673 2.071 2.071 2.071 2.075 2.075 2.732 2.732 2.732 2.633 2.631 2.631 2.502 2.502 2.502 2.534 2.564 2.606 2.632 2.632 2.632 2.635 2.64 2.64 2.661 2.661 2.661 2.66 2.636 2.617 2.617 2.617 2.631 2.638 2.647 2.661 2.675 2.683 2.694 2.704 2.713 2.729 2.729 2.738 2.741 2.766 2.776 2.795 2.798 2.824 2.83 2.841 2.864 2.864 2.864 2.854 2.544 2.544 2.539 2.539 2.539 2.525 2.508 2.502 2.475 2.46 2.451 2.441 2.417 2.41 2.4 2.385 2.372 2.365 2.352 2.304 2.299 2.299 2.3 2.304 2.319 2.367 2.384 2.409 2.413 2.438 2.466 2.483 2.489 2.518 2.545 2.567 2.588 2.609 2.645 2.653 2.678 2.699 2.734 2.756 2.78 2.804 2.846 2.876 2.893 2.963 2.965 2.977 2.977 0 0 0 0 0 0 0 0 0 0 0 0 0 0 0 0 0.888 0.88 0.879 0.876 0.876 0.868 0.864 0.861 0.86 0.859 0.859 0.858 0.858 0.858 0.858 0.862 0.865 0.866 0.866 0.866 0.861 0.861 0.861 0.861 0.86 0.859 0.859 0.849 0.848 0.848 0.848 0.853 0.853 0.853 0.839 0.839 0.839 0.839 0.836 0.835 0.835 0.834 0.831 0.831 0.829 0.829 0.828 0.832 0.828 0.826 0.821 0.823 0.823 0.821 0.823 0.829 0.829 0.827 0.827 0.818 0.817 0.807 0.792 0.792 0.792 0.794 0.794 0.797 0.797 0.793 0.793 0.798 0.802 1.011 1.558 1.576 1.576 1.576 1.534 1.408 1.308 1.21 
1 1 1 1 1 1 1 1 1 1 1 1 1 1 1 1 1 1 1 1 1 1 1 1 1 1 1 1 1 1 1 1 1 1 1 1 1 1 1 1 1 1 1 1 1 1 1 1 1 1 1 1 1 1 1 1 1 1 1 1 1 1 1 1 1 1 1 1 1 1 1 1 1 1 1 1 1 1 1 1 1 1 1 1 1 1 1 1 1 1 1 1 1 1 1 1 1 1 1 1 1 1 1 1 1 1 1 1 1 1 1 1 1 1 1 1 1 1 1 1 1 1 1 1 1 1 1 1 1 1 1 1 1 1 1 1 1 1 1 1 1 1 1 1 1 1 1 1 1 1 1 1 1 1 1 1 1 1 1 1 1 1 1 1 1 1 1 1 1 1 1 1 1 1 1 1 1 1 1 1 1 1 1 1 1 1 1 1 1 1 1 1 1 1 1 1 1 1 1 1 1 1 1 1 1 1 1 1 1 1 1 1 1 1 1 1 1 1 1 1 1 1 1 1 1 1 1 1 1 1 1 1 1 1 1 1 1 1 1 1 1 1 1 1 1 1 1 1 1 1 1 1 1 1 1 1 1 1 1 1 1 1 1 1 1 1 1 1 1 1 1 1 1 1 1 1 1 1 1 1 1 1 1 1 1 1 1 1 1 1 1 1 1 1 1 1 1 1 1 1 1 1 1 1 1 1 1 1 1 1 1 1 1 1 1 1 1 1 1 1 1 1 1 1 1 1 1 1 1 1 1 1 1 1 1 1 1 1 1 1 1 1 1 1 1 1 1 1 1 1 1 1 1 1 1 1 1 1 1 1 1 1 1 1 1 1 1 1 1 1 1 1 1 1 1 1 1 1 1 1 1 1 1 1 1 1 1 1 1 1 1 1 1 1 1 1 1 1 1 1 1 1 1 1 1 1 1 1 1 1 1 1 1 1 0 1 1 1 1 1 1 1 1 1 1 1 1 1 1 1 1 1 1 0 0 1 0 1 1 1 1 1 1 1 1 1 1 1 1 1 1 1 1 1 1 1 1 1 1 1 1 1 1 0 1 1 1 1 1 1 1 1 1 1 1 1 1 1 1 1 1 1 1 1 1 1 1 1 1 1 1 1 1 1 1 1 1 1 1 1 1 1 1 1 1 1 1 1 1 1 1 1 1 1 1 1 1 1 1 1 1 1 1 1 1 1 1 1 1 1 1 1 1 1 1 1 1 1 1 1 1 1 1 1 1 1 1 1 1 1 1 1 1 1 1 1 1 1 1 1 1 1 1 1 1 1 1 1 1 1 1 1 1 1 1 1 1 1 1 1 1 1 1 1 0 0 0 0 0 0 0 0 0 0 0 0 0 0 0 0 1 1 1 1 1 1 1 1 1 1 1 1 1 1 1 1 1 1 1 1 1 1 1 1 1 1 1 1 1 1 1 1 1 1 1 1 1 1 1 1 1 1 1 1 1 1 1 1 1 1 1 1 1 1 1 1 1 1 1 1 1 1 1 1 1 1 1 1 1 1 1 1 1 1 1 1 1 1 1 1 1 1 
