# This file contains a 2D laser scan observation. 
# Its format is: 
# [aperture] [max_range] [number_of_scans] 
# [vector_of_scans] 
# [vector_of_valid_scans] 
# The aperture of the sensor is in radians, the maximum range 
# and measurements are in meters. '1' means a valid scan, '0' otherwise.
4.1847
5.6
682
1.196 1.197 1.203 1.203 1.204 1.206 1.227 1.227 1.234 1.234 1.234 1.243 1.253 1.253 1.255 1.263 1.263 1.264 1.268 1.269 1.276 1.285 1.285 1.287 1.287 1.291 1.293 1.298 1.304 1.307 1.315 1.318 1.32 1.325 1.328 1.33 1.335 1.342 1.353 1.357 1.358 1.366 1.369 1.37 1.387 1.391 1.392 1.399 1.406 1.413 1.414 1.421 1.432 1.442 1.447 1.448 1.464 1.465 1.47 1.477 1.489 1.49 1.502 1.508 1.513 1.529 1.529 1.54 1.541 1.555 1.563 1.57 1.575 1.594 1.599 1.611 1.623 1.636 1.639 1.65 1.657 1.66 1.681 1.686 1.687 1.706 1.719 1.733 1.74 1.754 1.767 1.777 1.791 1.798 1.811 1.821 1.846 1.857 1.873 1.882 1.895 1.917 1.934 1.942 1.966 1.972 1.983 2.01 2.025 2.035 2.058 2.07 2.081 2.11 2.14 2.15 2.158 2.195 2.195 2.219 2.233 2.271 2.287 2.315 2.353 2.353 2.358 2.36 0 0 0 0 0 0 0 0.007 1.918 0.805 0.803 0.803 0.792 0.791 0.791 0.787 0.787 0.783 0.785 0.781 0.781 0.781 0.783 0.783 0 0 0 0 0 0 2.158 2.152 2.151 2.151 2.146 2.14 2.137 2.137 2.13 2.128 0.6 0.594 0.593 0.593 0.588 0.588 0.588 0.601 1.561 1.561 1.564 1.564 2.079 2.08 2.08 2.079 2.075 2.071 2.012 0.954 0.949 0.949 0.949 0.944 0.944 0.944 0.943 0.943 0.94 0.94 0.933 0.933 0.933 0.928 0.93 0.934 0.934 0.93 0.93 0.93 0.929 0.929 0.929 0.93 0.93 0.93 0.931 0.932 0.933 0.933 0.933 0.926 0.926 0.926 0.926 0.926 0.93 0.93 0.931 0.931 0.931 0.924 0.924 0.924 0.926 0.928 0.93 0.93 0.934 0.93 0.934 0.934 0.93 0.93 0.93 0.928 0.925 0.928 0.928 0.925 0.928 0.932 0.933 0.934 0.934 0.933 0.93 0.928 0.928 0.93 0.966 1.011 1.011 1.011 0.594 0.567 0.567 0.567 0.569 0.57 0.571 0.584 0.605 1.682 1.692 1.693 1.693 1.702 1.711 1.755 1.813 1.82 1.821 1.834 1.834 1.834 0.837 0.83 0.83 0.834 0.835 0.835 0.838 0.839 0.84 0.841 0.843 0.852 0.856 0.869 1.431 1.432 1.441 1.44 1.44 1.44 1.426 1.289 1.226 1.22 1.22 1.22 1.267 1.344 1.389 1.422 1.423 1.439 1.451 1.454 1.454 1.454 1.443 1.44 1.44 1.44 1.481 1.5 1.505 1.505 1.503 1.503 1.488 1.48 1.47 1.463 1.446 1.446 1.446 1.45 1.479 1.481 1.5 1.505 1.507 1.515 1.53 1.545 1.556 1.572 1.572 1.587 1.595 1.608 1.618 1.626 1.638 1.64 1.645 1.682 1.703 1.709 1.726 1.733 1.743 1.772 1.774 1.79 1.798 1.821 1.836 1.84 1.846 1.897 1.923 1.924 1.946 1.968 1.99 2.012 2.012 2.012 1.982 1.478 1.478 1.478 1.492 1.497 1.497 1.497 1.497 1.495 1.493 1.488 1.482 1.479 1.476 1.471 1.463 1.462 1.46 1.46 1.454 1.452 1.449 1.442 1.441 1.436 1.434 1.434 1.434 1.423 1.421 1.414 1.41 1.404 1.404 1.401 1.392 1.392 1.392 1.385 1.385 1.378 1.374 1.338 1.338 1.338 1.375 1.377 1.377 1.389 1.501 1.545 1.693 1.774 1.861 1.861 1.861 1.929 2.002 2.043 2.202 0.007 0 0 0 0 0 0 0 0 3.983 3.983 3.983 3.976 3.976 3.976 3.917 3.917 3.917 3.919 3.919 3.919 3.235 3.234 3.231 3.231 3.229 3.229 3.229 3.215 3.223 3.215 3.211 3.211 3.213 3.211 3.211 3.206 3.206 3.206 3.412 3.943 3.951 3.956 3.962 3.983 3.998 3.998 3.998 4 4.001 0 0 0 0 0 0 3.153 3.153 3.153 0 0 0 0 0 0 0 0 0 0 0 0 0 0 0 0 0 0 0 0.007 0 0 0 0 0 2.272 2.238 2.153 2.132 2.072 2.053 2.028 1.974 1.953 1.921 1.894 1.854 1.831 1.809 1.802 1.767 1.753 1.725 1.708 1.693 1.66 1.643 1.625 1.604 1.591 1.565 1.55 1.542 1.527 1.499 1.486 1.47 1.464 1.449 1.437 1.414 1.403 1.39 1.373 1.362 1.346 1.345 1.332 1.319 1.306 1.299 1.283 1.273 1.268 1.248 1.246 1.242 1.222 1.221 1.206 1.198 1.194 1.194 1.198 1.202 1.209 1.211 1.225 1.233 1.241 1.247 1.25 1.263 1.269 1.27 1.284 1.284 1.284 1.239 1.187 1.187 1.186 1.155 1.074 1.046 1.034 1.034 1.016 1.012 1.007 0.999 0.989 0.989 0.986 0.984 0.982 0.978 0.975 0.969 0.964 0.963 0.956 0.952 0.948 0.937 0.935 0.931 0.925 0.912 0.896 0.895 0.894 0.889 0.886 0.884 0.879 0.878 0.876 0.876 0.871 0.87 0.869 0.869 0.865 0.865 0.864 0.864 0.862 0.862 0.862 0.869 0.879 0.898 0.913 0.925 0.993 1.01 1.024 1.039 1.054 1.066 1.092 1.1 1.113 1.129 1.155 1.161 1.163 1.163 1.166 1.166 1.166 1.179 1.386 1.418 1.436 2.521 2.521 2.521 2.519 2.515 2.501 
1 1 1 1 1 1 1 1 1 1 1 1 1 1 1 1 1 1 1 1 1 1 1 1 1 1 1 1 1 1 1 1 1 1 1 1 1 1 1 1 1 1 1 1 1 1 1 1 1 1 1 1 1 1 1 1 1 1 1 1 1 1 1 1 1 1 1 1 1 1 1 1 1 1 1 1 1 1 1 1 1 1 1 1 1 1 1 1 1 1 1 1 1 1 1 1 1 1 1 1 1 1 1 1 1 1 1 1 1 1 1 1 1 1 1 1 1 1 1 1 1 1 1 1 1 1 1 1 0 0 0 0 0 0 0 0 1 1 1 1 1 1 1 1 1 1 1 1 1 1 1 1 0 0 0 0 0 0 1 1 1 1 1 1 1 1 1 1 1 1 1 1 1 1 1 1 1 1 1 1 1 1 1 1 1 1 1 1 1 1 1 1 1 1 1 1 1 1 1 1 1 1 1 1 1 1 1 1 1 1 1 1 1 1 1 1 1 1 1 1 1 1 1 1 1 1 1 1 1 1 1 1 1 1 1 1 1 1 1 1 1 1 1 1 1 1 1 1 1 1 1 1 1 1 1 1 1 1 1 1 1 1 1 1 1 1 1 1 1 1 1 1 1 1 1 1 1 1 1 1 1 1 1 1 1 1 1 1 1 1 1 1 1 1 1 1 1 1 1 1 1 1 1 1 1 1 1 1 1 1 1 1 1 1 1 1 1 1 1 1 1 1 1 1 1 1 1 1 1 1 1 1 1 1 1 1 1 1 1 1 1 1 1 1 1 1 1 1 1 1 1 1 1 1 1 1 1 1 1 1 1 1 1 1 1 1 1 1 1 1 1 1 1 1 1 1 1 1 1 1 1 1 1 1 1 1 1 1 1 1 1 1 1 1 1 1 1 1 1 1 1 1 1 1 1 1 1 1 1 1 1 1 1 1 1 1 1 1 1 1 1 1 1 1 1 1 1 1 1 1 1 1 1 1 1 1 1 1 1 1 1 0 0 0 0 0 0 0 0 0 1 1 1 1 1 1 1 1 1 1 1 1 1 1 1 1 1 1 1 1 1 1 1 1 1 1 1 1 1 1 1 1 1 1 1 1 1 1 1 1 1 0 0 0 0 0 0 1 1 1 0 0 0 0 0 0 0 0 0 0 0 0 0 0 0 0 0 0 0 0 0 0 0 0 0 1 1 1 1 1 1 1 1 1 1 1 1 1 1 1 1 1 1 1 1 1 1 1 1 1 1 1 1 1 1 1 1 1 1 1 1 1 1 1 1 1 1 1 1 1 1 1 1 1 1 1 1 1 1 1 1 1 1 1 1 1 1 1 1 1 1 1 1 1 1 1 1 1 1 1 1 1 1 1 1 1 1 1 1 1 1 1 1 1 1 1 1 1 1 1 1 1 1 1 1 1 1 1 1 1 1 1 1 1 1 1 1 1 1 1 1 1 1 1 1 1 1 1 1 1 1 1 1 1 1 1 1 1 1 1 1 1 1 1 1 1 1 1 1 1 1 1 1 1 1 1 1 1 1 1 1 1 
