# This file contains a 2D laser scan observation. 
# Its format is: 
# [aperture] [max_range] [number_of_scans] 
# [vector_of_scans] 
# [vector_of_valid_scans] 
# The aperture of the sensor is in radians, the maximum range 
# and measurements are in meters. '1' means a valid scan, '0' otherwise.
4.1847
5.6
682
0.419 0.419 0.422 0.422 0.425 0.425 0.43 0.433 0.433 0.441 0.442 0.449 0.455 0.456 0.456 0.464 0.471 0.475 0.5 0.505 0.96 0.96 0.962 0.962 0.963 0.968 0.968 0.968 0.968 0.97 0.97 0.971 0.981 0.981 0.99 0.99 0.99 0.988 0.988 0.986 0.986 0.994 1 1.001 1.003 1.005 1.009 1.014 1.014 1.014 1.02 1.012 1.012 1.019 1.019 1.019 1.019 1.024 1.029 1.034 1.039 1.042 1.046 1.047 1.047 1.053 1.054 1.056 1.061 1.057 1.063 1.065 1.076 1.077 1.077 1.079 1.082 1.085 1.087 1.088 1.091 1.098 1.101 1.103 1.11 1.114 1.122 1.125 1.126 1.126 1.128 1.144 1.145 1.145 1.158 1.163 1.166 1.166 1.166 1.166 1.173 1.176 1.184 1.184 1.189 1.19 1.196 1.244 1.273 1.275 1.28 1.28 1.285 1.286 2.39 2.391 2.391 2.391 2.39 2.373 2.366 2.363 2.352 2.342 2.337 2.32 2.316 2.299 2.274 2.274 2.274 2.274 0 0 0 2.276 2.253 2.253 2.253 2.261 2.29 2.293 2.346 2.368 2.368 2.368 2.353 2.353 2.337 2.327 2.316 2.303 2.3 2.292 2.285 2.274 2.27 2.268 2.261 2.242 2.241 2.233 2.229 2.221 2.215 2.212 2.208 2.203 2.2 2.196 2.177 2.175 2.169 2.166 2.161 2.157 2.151 2.15 2.143 2.141 2.135 2.131 2.124 2.124 2.114 2.107 2.089 0.915 0.914 0.905 0.894 0.894 0.891 0.888 0.406 0.393 0.39 0.389 0.385 0.385 0.385 0.38 0.38 0.377 0.377 0.375 0.37 0.37 0.367 0.367 0.366 0.368 0.361 0.361 0.353 0.353 0.353 0.353 0.354 0.355 0.354 0.353 0.353 0.353 0.35 0.349 0.348 0.348 0.348 0.348 0.348 0.343 0.343 0.35 0.35 0.35 0.351 0.35 0.35 0.344 0.343 0.343 0.343 0.343 0.343 0.344 0.344 0.343 0.343 0.343 0.341 0.341 0.341 0.34 0.344 0.344 0.344 0.343 0.345 0.345 0.349 0.345 0.345 0.343 0.339 0.338 0.339 0.343 0.343 0.345 0.346 0.345 0.346 0.351 0.351 0.354 0.354 0.351 0.351 0.354 0.354 0.357 0.358 0.359 0.359 0.362 0.362 0.362 0.362 0.362 0.362 0.362 0.369 0.371 0.373 0.377 0.379 0.381 0.382 0.389 0.39 0.391 0.393 0.396 0.397 0.399 0.403 0.418 0.955 0.975 0.978 0.978 0.982 0.982 0.982 0.971 0.96 0.946 0.93 0.927 0.919 0.902 0.897 0.892 0.872 0.865 0.864 0.854 0.845 0.842 0.827 0.815 0.809 0.806 0.8 0.787 0.784 0.782 0.76 0.76 0.76 0.76 0.76 0.747 0.731 0.729 0.722 0.719 0.717 0.713 0.705 0.701 0.694 0.693 0.69 0.681 0.679 0.674 0.669 0.667 0.666 0.664 0.647 0.647 0.644 0.643 0.643 0.635 0.628 0.625 0.622 0.619 0.616 0.612 0.612 0.609 0.598 0.597 0.598 0.596 0.593 0.59 0.586 0.583 0.582 0.58 0.569 0.569 0.569 0.568 0.566 0.559 0.559 0.554 0.554 0.554 0.553 0.547 0.547 0.542 0.542 0.54 0.537 0.539 0.537 0.531 0.528 0.524 0.524 0.522 0.52 0.519 0.519 0.518 0.519 0.518 0.512 0.507 0.507 0.505 0.505 0.505 0.499 0.499 0.499 0.497 0.495 0.494 0.494 0.494 0.494 0.494 0.494 0.492 0.487 0.487 0.486 0.482 0.487 0.481 0.481 0.478 0.48 0.48 0.482 0.48 0.48 0.482 0.478 0.478 0.476 0.476 0.475 0.474 0.472 0.472 0.473 0.472 0.472 0.472 0.471 0.471 0.471 0.471 0.464 0.462 0.462 0.462 0.462 0.462 0.462 0.462 0.462 0.463 0.463 0.463 0.463 0.463 0.46 0.457 0.454 0.454 0.454 0.454 0.455 0.456 0.456 0.456 0.456 0.456 0.455 0.455 0.455 0.456 0.458 0.462 0.462 0.462 0.462 0.457 0.457 0.456 0.451 0.451 0.453 0.452 0.453 0.453 0.456 0.453 0.453 0.453 0.453 0.453 0.453 0.453 0.453 0.458 0.458 0.463 0.463 0.462 0.46 0.462 0.461 0.462 0.461 0.462 0.464 0.464 0.464 0.467 0.467 0.467 0.467 0.468 0.468 0.468 0.468 0.471 0.472 0.471 0.471 0.471 0.47 0.47 0.471 0.471 0.471 0.473 0.473 0.477 0.478 0.478 0.479 0.478 0.479 0.48 0.481 0.484 0.485 0.486 0.487 0.49 0.49 0.49 0.491 0.495 0.497 0.497 0.497 0.498 0.498 0.498 0.5 0.502 0.507 0.507 0.512 0.512 0.512 0.512 0.512 0.512 0.52 0.524 0.524 0.528 0.528 0.532 0.532 0.533 0.533 0.534 0.535 0.538 0.54 0.54 0.546 0.548 0.548 0.548 0.55 0.554 0.56 0.562 0.562 0.562 0.567 0.573 0.574 0.575 0.575 0.585 0.586 0.589 0.599 0.599 0.601 0.602 0.606 0.608 0.618 0.618 0.618 0.618 0.618 0.618 0.633 0.633 0.637 0.647 0.648 0.655 0.656 0.663 1.245 1.247 1.247 1.245 1.24 1.23 1.226 1.215 1.211 1.21 1.2 1.198 1.184 1.183 1.181 1.177 1.171 1.17 1.154 1.152 1.151 1.149 1.139 1.136 1.134 1.127 1.117 1.115 1.114 1.114 1.103 1.099 1.098 1.098 1.094 1.09 1.082 1.077 1.075 1.075 1.073 1.066 1.065 1.064 1.058 1.055 
1 1 1 1 1 1 1 1 1 1 1 1 1 1 1 1 1 1 1 1 1 1 1 1 1 1 1 1 1 1 1 1 1 1 1 1 1 1 1 1 1 1 1 1 1 1 1 1 1 1 1 1 1 1 1 1 1 1 1 1 1 1 1 1 1 1 1 1 1 1 1 1 1 1 1 1 1 1 1 1 1 1 1 1 1 1 1 1 1 1 1 1 1 1 1 1 1 1 1 1 1 1 1 1 1 1 1 1 1 1 1 1 1 1 1 1 1 1 1 1 1 1 1 1 1 1 1 1 1 1 1 1 0 0 0 1 1 1 1 1 1 1 1 1 1 1 1 1 1 1 1 1 1 1 1 1 1 1 1 1 1 1 1 1 1 1 1 1 1 1 1 1 1 1 1 1 1 1 1 1 1 1 1 1 1 1 1 1 1 1 1 1 1 1 1 1 1 1 1 1 1 1 1 1 1 1 1 1 1 1 1 1 1 1 1 1 1 1 1 1 1 1 1 1 1 1 1 1 1 1 1 1 1 1 1 1 1 1 1 1 1 1 1 1 1 1 1 1 1 1 1 1 1 1 1 1 1 1 1 1 1 1 1 1 1 1 1 1 1 1 1 1 1 1 1 1 1 1 1 1 1 1 1 1 1 1 1 1 1 1 1 1 1 1 1 1 1 1 1 1 1 1 1 1 1 1 1 1 1 1 1 1 1 1 1 1 1 1 1 1 1 1 1 1 1 1 1 1 1 1 1 1 1 1 1 1 1 1 1 1 1 1 1 1 1 1 1 1 1 1 1 1 1 1 1 1 1 1 1 1 1 1 1 1 1 1 1 1 1 1 1 1 1 1 1 1 1 1 1 1 1 1 1 1 1 1 1 1 1 1 1 1 1 1 1 1 1 1 1 1 1 1 1 1 1 1 1 1 1 1 1 1 1 1 1 1 1 1 1 1 1 1 1 1 1 1 1 1 1 1 1 1 1 1 1 1 1 1 1 1 1 1 1 1 1 1 1 1 1 1 1 1 1 1 1 1 1 1 1 1 1 1 1 1 1 1 1 1 1 1 1 1 1 1 1 1 1 1 1 1 1 1 1 1 1 1 1 1 1 1 1 1 1 1 1 1 1 1 1 1 1 1 1 1 1 1 1 1 1 1 1 1 1 1 1 1 1 1 1 1 1 1 1 1 1 1 1 1 1 1 1 1 1 1 1 1 1 1 1 1 1 1 1 1 1 1 1 1 1 1 1 1 1 1 1 1 1 1 1 1 1 1 1 1 1 1 1 1 1 1 1 1 1 1 1 1 1 1 1 1 1 1 1 1 1 1 1 1 1 1 1 1 1 1 1 1 1 1 1 1 1 1 1 1 1 1 1 1 1 1 1 1 1 1 1 1 1 1 1 1 1 1 1 1 1 1 1 1 1 1 1 1 1 1 1 1 1 1 1 1 1 1 1 1 1 1 1 1 1 1 1 1 1 1 1 1 1 1 1 1 1 1 1 1 1 1 1 1 1 1 1 1 1 1 1 1 1 1 1 1 1 1 
