# This file contains a 2D laser scan observation. 
# Its format is: 
# [aperture] [max_range] [number_of_scans] 
# [vector_of_scans] 
# [vector_of_valid_scans] 
# The aperture of the sensor is in radians, the maximum range 
# and measurements are in meters. '1' means a valid scan, '0' otherwise.
4.1847
5.6
682
0.74 0.738 0.738 0.738 0.735 0.738 0.737 0.737 0.737 0.737 0.737 0.735 0.734 0.734 0.734 0.734 0.734 0.734 0.734 0.734 0.733 0.733 0.732 0.732 0.732 0.734 0.734 0.734 0.734 0.734 0.734 0.734 0.736 0.737 0.737 0.739 0.739 0.74 0.74 0.74 0.735 0.742 0.742 0.742 0.742 0.742 0.74 0.737 0.737 0.731 0.729 0.729 0.729 0.725 0.725 0.725 0.725 0.724 0.722 0.72 0.72 0.72 0.72 0.718 0.718 0.719 0.719 0.718 0.719 0.72 0.72 0.72 0.721 0.725 0.73 0.73 0.73 0.73 0.728 0.727 0.727 0.728 0.728 0.733 0.734 0.736 0.744 0.745 0.745 0.745 0.745 0.749 0.746 0.751 0.754 0.754 0.754 0.762 0.757 0.762 0.762 0.758 0.758 0.765 0.77 0.776 0.776 0.776 0.778 0.779 0.779 0.787 0.782 0.787 0.787 0.789 0.789 0.797 0.803 0.803 0.804 0.805 0.805 0.805 0.808 0.81 0.816 0.818 0.818 0.818 0.814 0.814 0.814 0.817 0.825 0.829 0.829 0.834 0.835 0.847 0.868 0.875 0.875 0.873 0.873 0.875 0.873 0.874 0.878 0.874 0.874 0.883 0.885 0.889 0.891 0.894 0.898 0.909 0.91 0.912 0.913 0.918 0.918 0.918 0.919 0.941 0.942 0.942 0.946 0.963 0.968 0.968 0.979 0.983 0.991 0.991 0.991 0.99 0.99 0.99 0.994 0.999 1.009 1.016 1.032 1.033 1.038 1.051 1.067 1.086 1.105 1.116 1.127 1.134 1.153 1.157 1.169 1.172 1.182 1.198 1.204 1.222 1.237 1.254 1.291 1.3 1.313 1.322 1.33 1.348 1.363 1.389 1.411 1.429 1.437 1.454 1.472 1.495 1.509 1.525 1.528 1.56 1.562 1.562 1.562 1.559 1.555 1.555 1.546 1.546 1.544 1.543 1.537 1.53 1.529 1.517 1.516 1.509 1.509 1.501 1.499 1.499 1.497 1.492 1.489 1.489 1.479 1.479 1.476 1.472 1.463 1.454 1.452 1.45 1.446 1.439 1.437 1.437 1.435 1.435 1.43 1.429 1.43 1.429 1.429 1.429 1.429 1.428 1.427 1.424 1.421 1.421 1.417 1.416 1.413 1.413 1.413 1.413 1.413 1.413 1.406 1.406 1.405 1.406 1.406 1.406 1.406 1.409 1.409 1.411 1.411 1.411 1.411 1.413 1.413 1.414 1.413 1.406 1.406 1.406 1.406 1.406 1.406 1.407 1.409 1.409 1.409 1.412 1.41 1.412 1.412 1.41 1.408 1.408 1.404 1.404 1.404 1.402 1.402 1.405 1.402 1.405 1.408 1.41 1.41 1.412 1.412 1.412 1.412 1.416 1.416 1.42 1.425 1.426 1.429 1.434 1.434 1.443 1.45 1.45 1.45 1.451 1.45 1.452 1.456 1.456 1.456 1.464 1.467 1.469 1.478 1.479 1.481 1.481 1.485 1.49 1.491 1.496 1.499 1.501 1.506 1.512 1.516 1.522 1.524 1.528 1.528 1.535 1.538 1.544 1.544 1.545 1.545 1.551 1.557 1.56 1.564 1.572 1.575 1.583 1.575 1.575 1.556 1.551 1.549 1.541 1.549 1.543 1.549 1.556 1.563 1.573 1.574 1.575 1.577 1.584 1.598 1.605 1.61 1.611 1.618 1.618 1.638 1.645 1.648 1.659 1.673 1.676 1.682 1.684 1.699 1.7 1.717 1.72 1.735 1.742 1.743 1.754 1.768 1.779 1.784 1.799 1.814 1.815 1.828 1.911 1.959 1.959 1.959 1.952 1.94 1.921 1.908 1.907 1.888 1.874 1.863 1.859 1.845 1.829 1.829 1.816 1.81 1.8 1.791 1.789 1.772 1.763 1.757 1.753 1.732 1.731 1.722 1.712 1.7 1.696 1.692 1.683 1.682 1.669 1.661 1.654 1.648 1.643 1.641 1.634 1.631 1.612 1.594 1.59 1.581 1.575 1.571 1.557 1.55 1.548 1.542 1.536 1.532 1.527 1.526 1.518 1.515 1.514 1.507 1.502 1.495 1.495 1.485 1.485 1.475 1.475 1.472 1.467 1.466 1.461 1.458 1.455 1.453 1.452 1.447 1.446 1.446 1.443 1.434 1.434 1.434 1.427 1.426 1.422 1.42 1.413 1.412 1.409 1.408 1.408 1.403 1.401 1.401 1.401 1.4 1.401 1.4 1.396 1.395 1.387 1.386 1.386 1.384 1.384 1.381 1.381 1.378 1.377 1.375 1.375 1.375 1.375 1.375 1.375 1.375 1.371 1.371 1.371 1.371 1.37 1.367 1.366 1.366 1.366 1.366 1.366 1.366 1.364 1.364 1.366 1.367 1.367 1.368 1.369 1.368 1.368 1.368 1.372 1.37 1.372 1.37 1.373 1.373 1.374 1.374 1.378 1.378 1.38 1.38 1.384 1.384 1.386 1.388 1.386 1.388 1.393 1.393 1.393 1.393 1.336 1.336 1.28 1.28 0.007 0.898 0.898 0.929 0.929 0.929 0.93 0.93 0.924 0.924 0.93 0.927 0.93 0.93 0.93 0.935 0.936 0.935 0.935 0.935 0.933 0.928 0.932 0.928 0.925 0.925 0.925 0.925 0.925 0.917 0.917 0.914 0.914 0.918 0.919 0.919 0.92 0.931 0.931 0.939 0.943 0.943 0.943 0.946 0.946 0.948 0.948 0.953 0.953 3.534 3.536 3.563 3.57 3.586 3.595 4.692 4.712 4.748 4.748 4.752 4.769 4.773 0 0 0 0 0 0 0 0 0 0 0 0 0 0 0 0 4.01 4.01 4.04 4.049 4.049 4.065 4.091 4.091 4.091 2.767 2.754 2.735 2.717 2.706 2.695 
1 1 1 1 1 1 1 1 1 1 1 1 1 1 1 1 1 1 1 1 1 1 1 1 1 1 1 1 1 1 1 1 1 1 1 1 1 1 1 1 1 1 1 1 1 1 1 1 1 1 1 1 1 1 1 1 1 1 1 1 1 1 1 1 1 1 1 1 1 1 1 1 1 1 1 1 1 1 1 1 1 1 1 1 1 1 1 1 1 1 1 1 1 1 1 1 1 1 1 1 1 1 1 1 1 1 1 1 1 1 1 1 1 1 1 1 1 1 1 1 1 1 1 1 1 1 1 1 1 1 1 1 1 1 1 1 1 1 1 1 1 1 1 1 1 1 1 1 1 1 1 1 1 1 1 1 1 1 1 1 1 1 1 1 1 1 1 1 1 1 1 1 1 1 1 1 1 1 1 1 1 1 1 1 1 1 1 1 1 1 1 1 1 1 1 1 1 1 1 1 1 1 1 1 1 1 1 1 1 1 1 1 1 1 1 1 1 1 1 1 1 1 1 1 1 1 1 1 1 1 1 1 1 1 1 1 1 1 1 1 1 1 1 1 1 1 1 1 1 1 1 1 1 1 1 1 1 1 1 1 1 1 1 1 1 1 1 1 1 1 1 1 1 1 1 1 1 1 1 1 1 1 1 1 1 1 1 1 1 1 1 1 1 1 1 1 1 1 1 1 1 1 1 1 1 1 1 1 1 1 1 1 1 1 1 1 1 1 1 1 1 1 1 1 1 1 1 1 1 1 1 1 1 1 1 1 1 1 1 1 1 1 1 1 1 1 1 1 1 1 1 1 1 1 1 1 1 1 1 1 1 1 1 1 1 1 1 1 1 1 1 1 1 1 1 1 1 1 1 1 1 1 1 1 1 1 1 1 1 1 1 1 1 1 1 1 1 1 1 1 1 1 1 1 1 1 1 1 1 1 1 1 1 1 1 1 1 1 1 1 1 1 1 1 1 1 1 1 1 1 1 1 1 1 1 1 1 1 1 1 1 1 1 1 1 1 1 1 1 1 1 1 1 1 1 1 1 1 1 1 1 1 1 1 1 1 1 1 1 1 1 1 1 1 1 1 1 1 1 1 1 1 1 1 1 1 1 1 1 1 1 1 1 1 1 1 1 1 1 1 1 1 1 1 1 1 1 1 1 1 1 1 1 1 1 1 1 1 1 1 1 1 1 1 1 1 1 1 1 1 1 1 1 1 1 1 1 1 1 1 1 1 1 1 1 1 1 1 1 1 1 1 1 1 1 1 1 1 1 1 1 1 1 1 1 1 1 1 1 1 1 1 1 1 1 1 1 1 1 1 1 1 1 1 1 1 1 1 1 0 1 1 1 1 1 1 1 1 1 1 1 1 1 1 1 1 1 1 1 1 1 1 1 1 1 1 1 1 1 1 1 1 1 1 1 1 1 1 1 1 1 1 1 1 1 1 1 1 1 1 1 1 1 1 1 1 1 1 1 1 1 0 0 0 0 0 0 0 0 0 0 0 0 0 0 0 0 1 1 1 1 1 1 1 1 1 1 1 1 1 1 1 
