# This file contains a 2D laser scan observation. 
# Its format is: 
# [aperture] [max_range] [number_of_scans] 
# [vector_of_scans] 
# [vector_of_valid_scans] 
# The aperture of the sensor is in radians, the maximum range 
# and measurements are in meters. '1' means a valid scan, '0' otherwise.
4.1847
5.6
682
0.633 0.707 0.856 0.861 0.862 0.865 0.865 0.865 0.863 0.857 0.856 0.84 0.838 0.83 0.829 0.828 0.828 0.825 0.825 0.82 0.819 0.816 0.805 0.803 0.802 0.798 0.801 0.801 0.801 0.801 0.801 0.801 0.797 0.796 0.793 0.774 0.774 0.773 0.769 0.769 0.769 0.768 0.768 0.769 0.769 0.768 0.762 0.745 0.745 0.744 0.745 0.746 0.746 0.744 0.744 0.741 0.74 0.74 0.74 0.74 0.743 0.743 0.739 0.731 0.728 0.724 0.724 0.724 0.724 0.729 0.729 0.724 0.729 0.719 0.719 0.719 0.722 0.721 0.721 0.721 0.718 0.718 0.717 0.718 0.718 0.718 0.72 0.72 0.72 0.718 0.718 0.718 0.721 0.724 0.725 0.815 0.92 0.98 0.98 0.98 0.98 0.984 0.98 0.98 0.981 0.981 0.98 0.981 0.98 0.98 0.981 0.981 0.982 0.982 0.981 0.986 0.981 0.981 0.981 0.985 0.981 0.983 0.985 0.985 0.986 0.99 0.991 0.991 0.99 0.981 0.927 0.891 0.891 0.891 0.891 0.889 0.887 0.876 0.876 0.876 0.876 0.876 0.879 0.879 0.891 0.891 0.893 0.893 0.891 0.89 0.893 0.896 0.89 0.888 0.89 0.888 0.888 0.89 0.89 0.89 0.895 0.9 0.916 0.916 0.913 0.913 0.912 0.907 0.907 0.911 0.911 0.911 0.911 0.914 0.914 0.917 0.918 0.927 0.929 0.932 0.932 0.933 0.933 0.937 0.937 0.942 0.942 0.942 0.943 0.953 0.957 0.957 0.959 0.959 0.959 0.959 0.962 0.966 0.966 0.966 0.968 0.972 0.974 0.99 0.996 0.996 0.998 1 1.007 1.006 1.009 1.015 1.018 1.028 1.028 1.029 1.034 1.035 1.035 1.042 1.043 1.044 1.048 1.049 1.05 1.055 1.056 1.063 1.065 1.067 1.109 1.137 1.139 1.14 1.152 1.153 1.161 1.163 2.253 2.266 2.266 2.26 2.26 2.246 2.236 2.229 2.218 2.208 2.197 2.187 2.186 2.176 2.169 2.149 2.145 2.126 2.126 2.126 2.126 2.143 0.007 2.143 2.135 2.135 2.126 2.126 2.153 2.16 2.16 2.207 2.229 2.229 2.229 2.224 2.22 2.216 2.197 2.197 2.186 2.178 2.172 2.163 2.159 2.147 2.146 2.136 2.126 2.124 2.113 2.108 2.103 2.092 2.087 2.087 2.085 2.074 2.066 2.062 2.059 2.058 2.053 2.041 2.038 2.037 2.027 2.024 2.021 2.015 2.012 2.008 2.003 2.001 2 1.993 1.986 1.984 1.981 1.981 1.975 1.972 1.972 1.968 1.964 0.796 0.788 0.787 0.786 0.782 0.781 0.781 0.781 0.778 0.773 0.769 0.769 0.772 0.772 0.774 0.786 0.786 0.786 0.786 0.786 0.786 0.78 0.779 0.369 0.3 0.283 0.277 0.269 0.269 0.268 0.268 0.264 0.26 0.258 0.258 0.258 0.26 0.26 0.26 0.256 0.256 0.255 0.255 0.255 0.255 0.251 0.251 0.25 0.25 0.25 0.247 0.247 0.247 0.249 0.249 0.249 0.249 0.249 0.247 0.247 0.244 0.243 0.243 0.243 0.243 0.243 0.239 0.238 0.239 0.237 0.237 0.237 0.24 0.24 0.24 0.24 0.24 0.244 0.24 0.24 0.243 0.24 0.237 0.236 0.233 0.233 0.233 0.234 0.234 0.239 0.239 0.238 0.238 0.238 0.238 0.243 0.243 0.243 0.241 0.241 0.241 0.236 0.236 0.236 0.236 0.235 0.236 0.237 0.239 0.243 0.243 0.242 0.243 0.242 0.242 0.246 0.249 0.247 0.247 0.247 0.248 0.248 0.248 0.249 0.249 0.254 0.249 0.255 0.255 0.255 0.255 0.257 0.261 0.265 0.265 0.267 0.267 0.269 0.271 0.271 0.274 0.274 0.273 0.273 0.274 0.276 0.279 0.279 0.28 0.28 0.284 0.287 0.288 0.288 0.288 0.295 0.299 0.299 0.299 0.301 0.304 0.309 0.322 0.323 0.328 0.35 0.372 0.421 0.719 0.746 0.746 0.746 0.74 0.738 0.731 0.724 0.721 0.716 0.714 0.714 0.713 0.7 0.699 0.697 0.696 0.687 0.684 0.678 0.678 0.678 0.678 0.666 0.666 0.663 0.663 0.651 0.65 0.65 0.65 0.651 0.65 0.644 0.64 0.638 0.635 0.631 0.633 0.631 0.63 0.622 0.621 0.62 0.621 0.617 0.609 0.601 0.609 0.608 0.606 0.608 0.608 0.606 0.603 0.599 0.592 0.587 0.587 0.587 0.587 0.587 0.585 0.585 0.582 0.582 0.581 0.581 0.58 0.575 0.574 0.573 0.572 0.571 0.57 0.57 0.568 0.568 0.568 0.568 0.563 0.561 0.561 0.556 0.561 0.561 0.553 0.55 0.55 0.55 0.552 0.552 0.552 0.552 0.551 0.55 0.55 0.545 0.542 0.542 0.543 0.542 0.542 0.543 0.543 0.542 0.544 0.544 0.537 0.537 0.537 0.537 0.54 0.541 0.54 0.54 0.537 0.534 0.534 0.535 0.535 0.535 0.536 0.539 0.539 0.539 0.539 0.539 0.539 0.54 0.541 0.542 0.543 0.543 0.542 0.539 0.539 0.538 0.535 0.536 0.536 0.536 0.536 0.538 0.538 0.538 0.538 0.538 0.542 0.542 0.537 0.542 0.538 0.537 0.538 0.538 0.537 0.534 0.537 0.537 0.549 0.549 0.549 0.547 0.546 0.546 0.547 0.546 0.548 0.548 0.548 0.548 0.548 0.553 0.553 0.551 0.554 0.551 0.551 0.553 0.553 0.553 0.555 0.555 0.555 0.562 0.562 0.562 0.563 0.565 0.566 
1 1 1 1 1 1 1 1 1 1 1 1 1 1 1 1 1 1 1 1 1 1 1 1 1 1 1 1 1 1 1 1 1 1 1 1 1 1 1 1 1 1 1 1 1 1 1 1 1 1 1 1 1 1 1 1 1 1 1 1 1 1 1 1 1 1 1 1 1 1 1 1 1 1 1 1 1 1 1 1 1 1 1 1 1 1 1 1 1 1 1 1 1 1 1 1 1 1 1 1 1 1 1 1 1 1 1 1 1 1 1 1 1 1 1 1 1 1 1 1 1 1 1 1 1 1 1 1 1 1 1 1 1 1 1 1 1 1 1 1 1 1 1 1 1 1 1 1 1 1 1 1 1 1 1 1 1 1 1 1 1 1 1 1 1 1 1 1 1 1 1 1 1 1 1 1 1 1 1 1 1 1 1 1 1 1 1 1 1 1 1 1 1 1 1 1 1 1 1 1 1 1 1 1 1 1 1 1 1 1 1 1 1 1 1 1 1 1 1 1 1 1 1 1 1 1 1 1 1 1 1 1 1 1 1 1 1 1 1 1 1 1 1 1 1 1 1 1 1 1 1 1 1 1 1 1 1 1 1 1 0 1 1 1 1 1 1 1 1 1 1 1 1 1 1 1 1 1 1 1 1 1 1 1 1 1 1 1 1 1 1 1 1 1 1 1 1 1 1 1 1 1 1 1 1 1 1 1 1 1 1 1 1 1 1 1 1 1 1 1 1 1 1 1 1 1 1 1 1 1 1 1 1 1 1 1 1 1 1 1 1 1 1 1 1 1 1 1 1 1 1 1 1 1 1 1 1 1 1 1 1 1 1 1 1 1 1 1 1 1 1 1 1 1 1 1 1 1 1 1 1 1 1 1 1 1 1 1 1 1 1 1 1 1 1 1 1 1 1 1 1 1 1 1 1 1 1 1 1 1 1 1 1 1 1 1 1 1 1 1 1 1 1 1 1 1 1 1 1 1 1 1 1 1 1 1 1 1 1 1 1 1 1 1 1 1 1 1 1 1 1 1 1 1 1 1 1 1 1 1 1 1 1 1 1 1 1 1 1 1 1 1 1 1 1 1 1 1 1 1 1 1 1 1 1 1 1 1 1 1 1 1 1 1 1 1 1 1 1 1 1 1 1 1 1 1 1 1 1 1 1 1 1 1 1 1 1 1 1 1 1 1 1 1 1 1 1 1 1 1 1 1 1 1 1 1 1 1 1 1 1 1 1 1 1 1 1 1 1 1 1 1 1 1 1 1 1 1 1 1 1 1 1 1 1 1 1 1 1 1 1 1 1 1 1 1 1 1 1 1 1 1 1 1 1 1 1 1 1 1 1 1 1 1 1 1 1 1 1 1 1 1 1 1 1 1 1 1 1 1 1 1 1 1 1 1 1 1 1 1 1 1 1 1 1 1 1 1 1 1 1 1 1 1 1 1 1 1 1 1 1 1 1 1 1 1 1 1 1 1 1 1 1 1 1 1 1 1 1 1 1 1 1 1 1 1 1 1 1 1 1 1 1 1 1 1 1 1 1 1 1 1 
