# This file contains a 2D laser scan observation. 
# Its format is: 
# [aperture] [max_range] [number_of_scans] 
# [vector_of_scans] 
# [vector_of_valid_scans] 
# The aperture of the sensor is in radians, the maximum range 
# and measurements are in meters. '1' means a valid scan, '0' otherwise.
4.1847
5.6
682
0.767 0.769 0.772 0.772 0.772 0.768 0.768 0.766 0.768 0.772 0.772 0.772 0.772 0.772 0.762 0.762 0.761 0.761 0.761 0.758 0.758 0.755 0.755 0.755 0.755 0.755 0.755 0.756 0.756 0.756 0.756 0.756 0.756 0.757 0.758 0.765 0.766 0.771 0.771 0.772 0.772 0.771 0.767 0.772 0.776 0.778 0.778 0.778 0.78 0.775 0.771 0.775 0.777 0.777 0.782 0.782 0.787 0.788 0.788 0.793 0.793 0.79 0.79 0.792 0.792 0.805 0.805 0.805 0.805 0.805 0.805 0.81 0.81 0.812 0.814 0.815 0.815 0.815 0.811 0.811 0.811 0.815 0.818 0.82 0.82 0.819 0.82 0.826 0.827 0.844 0.864 0.866 0.867 0.866 0.866 0.867 0.864 0.864 0.864 0.865 0.865 0.865 0.865 0.868 0.869 0.88 0.882 0.883 0.884 0.888 0.891 0.891 0.893 0.908 0.908 0.908 0.909 0.911 0.917 0.917 0.922 0.937 0.945 0.945 0.949 0.956 0.957 0.957 0.957 0.959 0.959 0.96 0.961 0.968 0.972 0.973 0.974 0.997 0.999 1.003 1.009 1.01 1.018 1.037 1.039 1.066 1.078 1.09 1.094 1.101 1.114 1.118 1.124 1.133 1.145 1.156 1.162 1.179 1.181 1.194 1.225 1.237 1.258 1.259 1.261 1.283 1.285 1.3 1.326 1.339 1.348 1.368 1.385 1.395 1.411 1.428 1.438 1.453 1.464 1.472 1.483 1.51 1.51 1.51 1.499 1.497 1.495 1.495 1.492 1.49 1.486 1.483 1.476 1.471 1.46 1.456 1.453 1.447 1.443 1.436 1.436 1.429 1.428 1.424 1.42 1.418 1.416 1.416 1.414 1.412 1.394 1.391 1.389 1.377 1.375 1.374 1.373 1.369 1.366 1.364 1.359 1.359 1.354 1.354 1.351 1.351 1.351 1.363 1.356 1.356 1.35 1.348 1.348 1.347 1.345 1.345 1.338 1.333 1.333 1.333 1.333 1.332 1.334 1.332 1.332 1.329 1.328 1.327 1.327 1.326 1.326 1.322 1.326 1.321 1.327 1.327 1.327 1.327 1.327 1.321 1.321 1.321 1.32 1.32 1.32 1.32 1.321 1.323 1.323 1.324 1.325 1.325 1.325 1.327 1.327 1.328 1.328 1.33 1.33 1.33 1.321 1.32 1.318 1.314 1.315 1.315 1.315 1.318 1.318 1.322 1.326 1.328 1.328 1.332 1.33 1.33 1.336 1.338 1.342 1.343 1.347 1.347 1.346 1.347 1.347 1.354 1.358 1.363 1.365 1.366 1.369 1.374 1.376 1.377 1.378 1.384 1.384 1.389 1.395 1.396 1.397 1.398 1.399 1.405 1.406 1.407 1.411 1.418 1.421 1.425 1.43 1.43 1.43 1.43 1.444 1.444 1.447 1.452 1.454 1.457 1.459 1.46 1.469 1.47 1.478 1.48 1.484 1.484 1.484 1.469 1.448 1.448 1.446 1.448 1.449 1.455 1.462 1.463 1.463 1.473 1.476 1.489 1.491 1.5 1.501 1.502 1.517 1.522 1.532 1.535 1.537 1.539 1.552 1.553 1.568 1.576 1.578 1.59 1.595 1.608 1.617 1.618 1.643 1.647 1.658 1.66 1.672 1.678 1.682 1.696 1.714 1.721 1.725 1.734 1.771 1.88 1.88 1.88 1.868 1.861 1.838 1.828 1.814 1.802 1.801 1.787 1.777 1.767 1.754 1.751 1.749 1.728 1.72 1.72 1.705 1.693 1.692 1.68 1.679 1.667 1.655 1.654 1.642 1.636 1.636 1.632 1.625 1.611 1.597 1.591 1.588 1.582 1.579 1.577 1.57 1.561 1.557 1.551 1.542 1.541 1.512 1.509 1.502 1.497 1.493 1.487 1.485 1.472 1.47 1.469 1.464 1.455 1.45 1.448 1.445 1.438 1.436 1.433 1.433 1.427 1.426 1.419 1.417 1.417 1.413 1.407 1.399 1.394 1.394 1.394 1.391 1.392 1.392 1.384 1.374 1.374 1.374 1.374 1.372 1.37 1.367 1.367 1.366 1.36 1.36 1.359 1.359 1.354 1.352 1.345 1.343 1.343 1.344 1.344 1.344 1.344 1.341 1.338 1.341 1.341 1.341 1.335 1.337 1.337 1.334 1.334 1.334 1.334 1.334 1.327 1.331 1.334 1.331 1.327 1.323 1.321 1.321 1.321 1.321 1.322 1.325 1.322 1.322 1.323 1.323 1.323 1.323 1.323 1.323 1.324 1.324 1.326 1.326 1.326 1.326 1.326 1.327 1.33 1.33 1.331 1.331 1.331 1.33 1.331 1.334 1.334 1.341 1.341 1.341 1.344 1.348 1.348 1.353 1.353 1.358 1.36 1.365 1.366 1.366 1.368 1.368 1.366 1.331 1.295 1.266 1.241 1.241 1.241 0 0 0 0 0 0.917 0.911 0.911 0.917 0.917 0.912 0.92 0.918 0.913 0.918 0.919 0.918 0.913 0.909 0.909 0.909 0.911 0.914 0.919 0.919 0.914 0.915 0.918 0.915 0.913 0.905 0.905 0.905 0.905 0.907 0.91 0.91 0.913 0.913 0.921 0.922 0.932 0.934 0.938 0.938 0.938 0.946 0.949 0.963 0.967 0.969 4.8 0.007 0 0 0 0 0 0 0 0 0 0 0 0 0 0 0 0 0 4.038 4.038 4.038 4.056 4.086 4.101 4.125 4.125 4.125 2.808 2.785 2.78 2.762 2.75 2.729 2.719 2.702 2.685 2.684 2.665 2.65 2.636 2.635 2.615 2.597 2.586 2.573 2.573 2.573 2.58 2.592 2.613 2.632 2.646 2.677 2.708 2.717 2.735 2.77 2.783 2.802 2.803 2.803 2.803 
1 1 1 1 1 1 1 1 1 1 1 1 1 1 1 1 1 1 1 1 1 1 1 1 1 1 1 1 1 1 1 1 1 1 1 1 1 1 1 1 1 1 1 1 1 1 1 1 1 1 1 1 1 1 1 1 1 1 1 1 1 1 1 1 1 1 1 1 1 1 1 1 1 1 1 1 1 1 1 1 1 1 1 1 1 1 1 1 1 1 1 1 1 1 1 1 1 1 1 1 1 1 1 1 1 1 1 1 1 1 1 1 1 1 1 1 1 1 1 1 1 1 1 1 1 1 1 1 1 1 1 1 1 1 1 1 1 1 1 1 1 1 1 1 1 1 1 1 1 1 1 1 1 1 1 1 1 1 1 1 1 1 1 1 1 1 1 1 1 1 1 1 1 1 1 1 1 1 1 1 1 1 1 1 1 1 1 1 1 1 1 1 1 1 1 1 1 1 1 1 1 1 1 1 1 1 1 1 1 1 1 1 1 1 1 1 1 1 1 1 1 1 1 1 1 1 1 1 1 1 1 1 1 1 1 1 1 1 1 1 1 1 1 1 1 1 1 1 1 1 1 1 1 1 1 1 1 1 1 1 1 1 1 1 1 1 1 1 1 1 1 1 1 1 1 1 1 1 1 1 1 1 1 1 1 1 1 1 1 1 1 1 1 1 1 1 1 1 1 1 1 1 1 1 1 1 1 1 1 1 1 1 1 1 1 1 1 1 1 1 1 1 1 1 1 1 1 1 1 1 1 1 1 1 1 1 1 1 1 1 1 1 1 1 1 1 1 1 1 1 1 1 1 1 1 1 1 1 1 1 1 1 1 1 1 1 1 1 1 1 1 1 1 1 1 1 1 1 1 1 1 1 1 1 1 1 1 1 1 1 1 1 1 1 1 1 1 1 1 1 1 1 1 1 1 1 1 1 1 1 1 1 1 1 1 1 1 1 1 1 1 1 1 1 1 1 1 1 1 1 1 1 1 1 1 1 1 1 1 1 1 1 1 1 1 1 1 1 1 1 1 1 1 1 1 1 1 1 1 1 1 1 1 1 1 1 1 1 1 1 1 1 1 1 1 1 1 1 1 1 1 1 1 1 1 1 1 1 1 1 1 1 1 1 1 1 1 1 1 1 1 1 1 1 1 1 1 1 1 1 1 1 1 1 1 1 1 1 1 1 1 1 1 1 1 1 1 1 1 1 1 1 1 1 1 1 1 1 1 1 1 1 1 1 1 1 1 1 1 1 1 1 1 1 1 1 1 1 1 1 1 1 1 1 1 1 1 1 0 0 0 0 0 1 1 1 1 1 1 1 1 1 1 1 1 1 1 1 1 1 1 1 1 1 1 1 1 1 1 1 1 1 1 1 1 1 1 1 1 1 1 1 1 1 1 1 1 1 1 1 0 0 0 0 0 0 0 0 0 0 0 0 0 0 0 0 0 0 1 1 1 1 1 1 1 1 1 1 1 1 1 1 1 1 1 1 1 1 1 1 1 1 1 1 1 1 1 1 1 1 1 1 1 1 1 1 1 1 1 1 1 1 
