# This file contains a 2D laser scan observation. 
# Its format is: 
# [aperture] [max_range] [number_of_scans] 
# [vector_of_scans] 
# [vector_of_valid_scans] 
# The aperture of the sensor is in radians, the maximum range 
# and measurements are in meters. '1' means a valid scan, '0' otherwise.
4.1847
5.6
682
0.651 0.642 0.635 0.629 0.62 0.602 0.594 0.582 0.578 0.573 0.56 0.559 0.558 0.558 0.558 0.556 0.556 0.55 0.549 0.533 0.528 0.527 0.521 0.516 0.511 0.507 0.499 0.498 0.493 0.493 0.49 0.493 0.491 0.491 0.491 0.491 0.469 0.459 0.447 0.441 0.44 0.439 0.436 0.431 0.429 0.429 0.429 0.426 0.429 0.43 0.431 0.43 0.43 0.427 0.425 0.42 0.42 0.413 0.411 0.409 0.408 0.407 0.401 0.392 0.392 0.392 0.392 0.392 0.391 0.387 0.379 0.379 0.379 0.379 0.379 0.375 0.368 0.375 0.376 0.369 0.369 0.376 0.376 0.378 0.378 0.378 0.375 0.365 0.357 0.35 0.348 0.34 0.34 0.338 0.34 0.338 0.337 0.336 0.335 0.335 0.329 0.326 0.326 0.335 0.326 0.324 0.324 0.324 0.324 0.324 0.323 0.32 0.32 0.32 0.315 0.311 0.311 0.309 0.311 0.311 0.31 0.309 0.308 0.308 0.308 0.315 0.319 0.323 0.33 0.355 0.477 0.477 0.477 0.429 0.374 0.37 0.368 0.368 0.367 0.367 0.367 0.365 0.365 0.361 0.361 0.365 0.361 0.362 0.367 0.362 0.361 0.356 0.352 0.35 0.35 0.35 0.352 0.352 0.352 0.352 0.352 0.351 0.347 0.347 0.347 0.348 0.354 0.357 0.359 0.359 0.357 0.359 0.35 0.35 0.35 0.35 0.347 0.347 0.347 0.347 0.348 0.351 0.367 0.416 0.714 0.718 0.718 0.718 0.717 0.717 0.717 0.723 0.723 0.733 0.733 0.733 0.733 0.738 0.738 0.742 0.742 2.28 2.297 2.299 2.299 2.341 2.345 2.347 2.352 2.352 2.365 2.366 2.376 2.376 2.377 2.378 2.379 2.397 2.402 2.404 2.431 2.431 2.431 2.428 2.424 2.424 2.428 2.435 2.435 2.466 2.435 2.408 1.643 1.621 1.608 1.608 1.594 1.593 1.591 1.561 1.546 1.538 1.525 1.515 1.51 1.509 1.496 1.452 1.441 1.441 1.441 1.441 1.428 1.428 1.418 1.411 1.408 1.408 1.393 1.393 1.384 1.376 1.364 1.364 1.336 1.328 1.315 1.315 1.328 1.328 1.305 1.305 1.3 1.289 1.278 1.277 1.275 1.265 1.25 1.25 1.25 1.25 1.235 1.235 1.233 1.22 1.21 1.206 1.203 1.203 1.2 1.19 1.188 1.182 1.182 1.182 1.215 1.215 1.215 1.198 1.19 1.178 1.174 1.173 1.173 1.173 1.176 1.176 1.184 1.199 1.204 1.215 1.255 1.259 1.286 1.286 1.286 1.286 1.284 1.279 1.276 1.27 1.264 1.254 1.251 1.246 1.243 1.242 1.232 1.227 1.226 1.221 1.218 1.215 1.209 1.2 1.199 1.197 1.194 1.194 1.185 1.184 1.184 1.182 1.182 1.179 1.174 1.174 1.166 1.164 1.164 1.162 1.16 1.153 1.151 1.146 1.141 1.139 1.139 1.139 1.136 1.137 1.136 1.136 1.129 1.127 1.121 1.121 1.114 1.118 1.114 1.117 1.114 1.116 1.114 1.116 1.114 1.111 1.103 1.101 1.098 1.098 1.098 1.098 1.098 1.099 1.099 1.1 1.1 1.1 1.1 1.092 1.091 1.088 1.088 1.091 1.091 1.09 1.09 1.09 1.09 1.09 1.09 1.097 1.097 1.09 1.089 1.089 1.088 1.089 1.089 1.093 1.093 1.093 1.091 1.088 1.088 1.088 1.088 1.088 1.089 1.089 1.091 1.097 1.097 1.097 1.095 1.097 1.097 1.097 1.095 1.094 1.094 1.093 1.093 1.1 1.105 1.105 1.105 1.111 1.111 1.113 1.113 1.113 1.113 1.117 1.117 1.121 1.122 1.122 1.124 1.124 1.127 1.304 4.566 4.58 4.616 4.646 0.007 0 4.684 4.684 4.684 4.684 4.723 4.742 4.766 4.742 4.742 4.766 0 0 0 0 0 0 0.007 0 0 0 4.158 4.09 4.09 4.09 4.091 4.112 4.115 4.123 4.145 4.192 4.328 4.362 4.363 4.399 4.404 4.408 4.409 4.439 4.452 4.475 4.488 4.526 4.528 4.557 4.563 4.584 4.601 4.62 4.643 4.652 4.691 4.692 4.707 4.726 4.743 0 0 0 0 0 0 0 0 0 0 0 0 2.002 1.983 1.977 1.958 1.935 1.934 1.92 1.91 1.891 1.886 1.867 1.846 1.824 1.824 1.822 1.804 1.789 1.78 1.773 1.761 1.754 1.738 1.722 1.721 1.708 1.705 1.705 1.705 1.715 1.734 1.736 1.759 1.763 1.79 1.806 1.822 1.838 1.853 1.872 1.895 1.903 1.932 1.945 1.96 1.973 2.001 2.025 2.038 2.04 2.04 2.047 2.04 2.04 2.009 2.002 1.986 1.985 1.983 1.983 1.983 2.037 2.037 2.037 0 0 0 0 0 0 2.262 2.262 0.007 0 0 0 0 0 0 0.007 0 0 0 0 0.007 0 0 0.007 0 0.007 0 0 0 0 0 0 0 0 0 0 0 0 0 0.302 0.297 0.292 0.292 0.292 0.289 0.284 0.284 0.282 0.284 0.283 0.284 0.284 0.288 0.288 0.288 0.288 0.288 0.284 0.284 0.285 0.283 0.285 0.287 0.285 0.291 0.291 0.287 0.287 0.29 0.287 0.29 0.29 0.287 0.285 0.283 0.283 0.285 0.297 0.302 0.303 0.303 0.302 0.302 0.303 0.3 0.3 0.295 0.295 0.295 0.298 0.3 0.3 
1 1 1 1 1 1 1 1 1 1 1 1 1 1 1 1 1 1 1 1 1 1 1 1 1 1 1 1 1 1 1 1 1 1 1 1 1 1 1 1 1 1 1 1 1 1 1 1 1 1 1 1 1 1 1 1 1 1 1 1 1 1 1 1 1 1 1 1 1 1 1 1 1 1 1 1 1 1 1 1 1 1 1 1 1 1 1 1 1 1 1 1 1 1 1 1 1 1 1 1 1 1 1 1 1 1 1 1 1 1 1 1 1 1 1 1 1 1 1 1 1 1 1 1 1 1 1 1 1 1 1 1 1 1 1 1 1 1 1 1 1 1 1 1 1 1 1 1 1 1 1 1 1 1 1 1 1 1 1 1 1 1 1 1 1 1 1 1 1 1 1 1 1 1 1 1 1 1 1 1 1 1 1 1 1 1 1 1 1 1 1 1 1 1 1 1 1 1 1 1 1 1 1 1 1 1 1 1 1 1 1 1 1 1 1 1 1 1 1 1 1 1 1 1 1 1 1 1 1 1 1 1 1 1 1 1 1 1 1 1 1 1 1 1 1 1 1 1 1 1 1 1 1 1 1 1 1 1 1 1 1 1 1 1 1 1 1 1 1 1 1 1 1 1 1 1 1 1 1 1 1 1 1 1 1 1 1 1 1 1 1 1 1 1 1 1 1 1 1 1 1 1 1 1 1 1 1 1 1 1 1 1 1 1 1 1 1 1 1 1 1 1 1 1 1 1 1 1 1 1 1 1 1 1 1 1 1 1 1 1 1 1 1 1 1 1 1 1 1 1 1 1 1 1 1 1 1 1 1 1 1 1 1 1 1 1 1 1 1 1 1 1 1 1 1 1 1 1 1 1 1 1 1 1 1 1 1 1 1 1 1 1 1 1 1 1 1 1 1 1 1 1 1 1 1 1 1 1 1 1 1 1 1 1 1 1 1 1 1 1 1 1 1 1 1 1 1 1 1 1 1 1 1 1 1 1 1 1 1 1 1 1 1 1 1 1 1 1 1 1 1 1 1 1 1 1 1 1 0 0 1 1 1 1 1 1 1 1 1 1 0 0 0 0 0 0 0 0 0 0 1 1 1 1 1 1 1 1 1 1 1 1 1 1 1 1 1 1 1 1 1 1 1 1 1 1 1 1 1 1 1 1 1 1 1 0 0 0 0 0 0 0 0 0 0 0 0 1 1 1 1 1 1 1 1 1 1 1 1 1 1 1 1 1 1 1 1 1 1 1 1 1 1 1 1 1 1 1 1 1 1 1 1 1 1 1 1 1 1 1 1 1 1 1 1 1 1 1 1 1 1 1 1 1 1 1 1 1 1 1 0 0 0 0 0 0 1 1 0 0 0 0 0 0 0 0 0 0 0 0 0 0 0 0 0 0 0 0 0 0 0 0 0 0 0 0 0 0 0 1 1 1 1 1 1 1 1 1 1 1 1 1 1 1 1 1 1 1 1 1 1 1 1 1 1 1 1 1 1 1 1 1 1 1 1 1 1 1 1 1 1 1 1 1 1 1 1 1 1 1 1 1 
