# This file contains a 2D laser scan observation. 
# Its format is: 
# [aperture] [max_range] [number_of_scans] 
# [vector_of_scans] 
# [vector_of_valid_scans] 
# The aperture of the sensor is in radians, the maximum range 
# and measurements are in meters. '1' means a valid scan, '0' otherwise.
4.1847
5.6
682
0.614 0.614 0.608 0.603 0.601 0.597 0.597 0.598 0.597 0.597 0.586 0.586 0.585 0.584 0.584 0.576 0.575 0.575 0.573 0.567 0.565 0.56 0.565 0.566 0.565 0.56 0.56 0.557 0.552 0.549 0.547 0.549 0.544 0.544 0.544 0.544 0.538 0.537 0.535 0.534 0.534 0.533 0.533 0.532 0.532 0.528 0.525 0.524 0.525 0.524 0.522 0.522 0.522 0.521 0.521 0.524 0.519 0.518 0.518 0.518 0.516 0.516 0.513 0.513 0.513 0.514 0.512 0.514 0.515 0.514 0.512 0.515 0.511 0.511 0.511 0.515 0.515 0.515 0.515 0.507 0.506 0.506 0.507 0.511 0.511 0.511 0.511 0.511 0.511 0.543 0.558 0.565 0 0 0 0 2.519 2.471 2.471 2.464 2.439 2.439 2.442 2.442 2.451 2.452 2.454 2.461 2.461 2.461 2.461 2.456 2.456 2.456 2.458 2.46 2.461 2.466 2.467 2.472 2.472 2.473 2.473 2.479 2.478 2.478 2.482 2.486 2.486 2.486 2.491 2.495 2.499 2.499 2.501 2.503 2.509 2.515 2.515 2.517 2.521 2.525 2.527 2.533 2.54 2.546 2.547 2.547 2.55 2.559 2.566 2.566 2.569 2.582 2.582 2.585 2.588 2.604 2.606 2.606 2.62 2.621 2.627 2.629 2.631 2.649 2.65 2.65 2.65 2.646 2.579 1.939 1.91 1.902 1.871 1.85 1.841 1.824 1.774 1.763 1.727 1.715 1.714 1.697 1.638 1.626 1.61 1.591 1.574 1.565 1.552 1.504 1.496 1.488 1.465 1.453 1.45 1.435 1.43 1.428 1.389 1.381 1.362 1.346 1.334 1.333 1.331 1.32 1.302 1.297 1.295 1.295 1.26 1.254 1.242 1.229 1.228 1.22 1.208 1.193 1.191 1.188 1.179 1.175 1.174 1.17 1.144 1.132 1.121 1.098 1.097 1.094 1.093 1.086 1.078 1.077 1.077 1.077 1.075 1.075 1.06 1.05 1.048 1.026 1.019 1.016 1.01 1.01 1.009 1.005 0.99 0.989 0.986 0.985 0.984 0.983 0.983 0.983 0.983 0.983 0.972 0.969 0.958 0.952 0.946 0.946 0.945 0.937 0.935 0.934 0.93 0.93 0.93 0.933 0.933 0.933 0.928 0.928 0.928 3.055 3.055 3.055 3.048 3.031 3.031 3.025 3.021 0.953 0.949 0.949 0.953 0.968 0.989 0.999 1.007 1.029 1.061 1.098 1.098 1.102 1.102 1.113 1.122 1.145 1.156 1.206 1.24 1.243 1.272 1.303 1.313 1.373 1.435 1.454 1.466 1.509 1.554 1.557 1.563 1.582 1.682 1.796 1.865 1.874 2.01 2.029 2.064 2.064 2.08 2.283 2.292 2.295 2.295 2.3 2.307 2.333 2.374 2.374 2.374 2.374 2.368 2.349 2.345 2.339 2.334 2.333 2.331 2.329 2.328 2.326 2.325 2.326 2.326 2.322 2.314 2.312 2.312 2.312 2.32 2.32 2.321 2.324 2.325 2.339 2.342 2.343 2.679 2.686 2.688 2.688 2.688 2.688 2.688 2.691 2.688 2.687 1.246 1.24 1.239 1.24 1.246 2.7 2.7 2.7 0.866 0.857 0.857 0.859 0.859 2.714 2.719 2.719 2.714 1.029 1.02 1.018 1.014 1.009 1.003 0.998 0.992 0.992 0.989 0.989 0.984 0.984 0.986 0.991 0.992 0.992 0.992 0.993 0.996 0.996 1.003 1.003 1.004 1.009 1.019 1.022 1.026 1.049 1.295 1.423 1.423 1.423 1.398 1.367 1.343 1.328 1.317 1.297 1.277 1.264 1.238 1.236 1.212 1.193 1.185 1.157 1.156 1.156 1.145 1.124 1.012 1.012 1.012 1.042 1.042 1.042 1.029 1.02 1.008 1.001 0.987 0.987 0.971 0.97 0.953 0.948 0.939 0.928 0.922 0.92 0.907 0.898 0.896 0.89 0.886 0.877 0.874 0.865 0.862 0.859 0.843 0.841 0.838 0.837 0.832 0.826 0.82 0.811 0.804 0.799 0.799 0.796 0.789 0.783 0.776 0.772 0.772 0.762 0.756 0.753 0.75 0.748 0.744 0.739 0.735 0.731 0.728 0.727 0.723 0.72 0.719 0.719 0.713 0.707 0.707 0.701 0.693 0.692 0.686 0.685 0.684 0.684 0.683 0.681 0.676 0.671 0.668 0.671 0.667 0.66 0.279 0.267 0.265 0.262 0.259 0.26 0.26 0.26 0.263 0.263 0.264 0.264 0.261 0.261 0.258 0.257 0.257 0.257 0.255 0.253 0.253 0.252 0.252 0.255 0.255 0.255 0.255 0.253 0.252 0.253 0.25 0.25 0.252 0.252 0.249 0.249 0.249 0.249 0.248 0.249 0.251 0.253 0.253 0.253 0.253 0.256 0.254 0.257 0.254 0.255 0.255 0.255 0.255 0.259 0.261 0.262 0.269 0.269 0.268 0.269 0.268 0.268 0.269 0.269 0.269 0.27 0.27 0.268 0.262 0.26 0.259 0.259 0.259 0.259 0.259 0.262 0.262 0.261 0.261 0.261 0.261 0.261 0.261 0.261 0.261 0.261 0.261 0.261 0.261 0.262 0.261 0.262 0.263 0.262 0.262 0.265 0.267 0.27 0.27 0.27 0.273 0.273 0.267 0.265 0.265 0.263 0.265 0.265 0.269 0.269 0.269 0.27 0.27 0.268 0.268 0.268 0.268 0.267 0.268 0.268 0.267 0.271 0.273 0.273 0.279 0.279 0.28 0.287 0.287 0.287 0.287 0.287 0.289 0.29 0.293 0.293 0.295 0.295 0.296 0.298 0.298 0.298 0.298 0.295 0.293 0.293 0.29 0.288 0.288 0.29 0.288 0.292 0.292 0.293 0.294 0.295 0.296 0.296 
1 1 1 1 1 1 1 1 1 1 1 1 1 1 1 1 1 1 1 1 1 1 1 1 1 1 1 1 1 1 1 1 1 1 1 1 1 1 1 1 1 1 1 1 1 1 1 1 1 1 1 1 1 1 1 1 1 1 1 1 1 1 1 1 1 1 1 1 1 1 1 1 1 1 1 1 1 1 1 1 1 1 1 1 1 1 1 1 1 1 1 1 0 0 0 0 1 1 1 1 1 1 1 1 1 1 1 1 1 1 1 1 1 1 1 1 1 1 1 1 1 1 1 1 1 1 1 1 1 1 1 1 1 1 1 1 1 1 1 1 1 1 1 1 1 1 1 1 1 1 1 1 1 1 1 1 1 1 1 1 1 1 1 1 1 1 1 1 1 1 1 1 1 1 1 1 1 1 1 1 1 1 1 1 1 1 1 1 1 1 1 1 1 1 1 1 1 1 1 1 1 1 1 1 1 1 1 1 1 1 1 1 1 1 1 1 1 1 1 1 1 1 1 1 1 1 1 1 1 1 1 1 1 1 1 1 1 1 1 1 1 1 1 1 1 1 1 1 1 1 1 1 1 1 1 1 1 1 1 1 1 1 1 1 1 1 1 1 1 1 1 1 1 1 1 1 1 1 1 1 1 1 1 1 1 1 1 1 1 1 1 1 1 1 1 1 1 1 1 1 1 1 1 1 1 1 1 1 1 1 1 1 1 1 1 1 1 1 1 1 1 1 1 1 1 1 1 1 1 1 1 1 1 1 1 1 1 1 1 1 1 1 1 1 1 1 1 1 1 1 1 1 1 1 1 1 1 1 1 1 1 1 1 1 1 1 1 1 1 1 1 1 1 1 1 1 1 1 1 1 1 1 1 1 1 1 1 1 1 1 1 1 1 1 1 1 1 1 1 1 1 1 1 1 1 1 1 1 1 1 1 1 1 1 1 1 1 1 1 1 1 1 1 1 1 1 1 1 1 1 1 1 1 1 1 1 1 1 1 1 1 1 1 1 1 1 1 1 1 1 1 1 1 1 1 1 1 1 1 1 1 1 1 1 1 1 1 1 1 1 1 1 1 1 1 1 1 1 1 1 1 1 1 1 1 1 1 1 1 1 1 1 1 1 1 1 1 1 1 1 1 1 1 1 1 1 1 1 1 1 1 1 1 1 1 1 1 1 1 1 1 1 1 1 1 1 1 1 1 1 1 1 1 1 1 1 1 1 1 1 1 1 1 1 1 1 1 1 1 1 1 1 1 1 1 1 1 1 1 1 1 1 1 1 1 1 1 1 1 1 1 1 1 1 1 1 1 1 1 1 1 1 1 1 1 1 1 1 1 1 1 1 1 1 1 1 1 1 1 1 1 1 1 1 1 1 1 1 1 1 1 1 1 1 1 1 1 1 1 1 1 1 1 1 1 1 1 1 1 1 1 1 1 1 1 1 1 1 1 1 1 1 1 1 1 1 1 1 1 1 1 1 1 1 1 1 1 1 1 1 1 1 1 1 1 1 1 1 1 1 1 1 1 1 1 1 1 1 1 1 1 1 
