# This file contains a 2D laser scan observation. 
# Its format is: 
# [aperture] [max_range] [number_of_scans] 
# [vector_of_scans] 
# [vector_of_valid_scans] 
# The aperture of the sensor is in radians, the maximum range 
# and measurements are in meters. '1' means a valid scan, '0' otherwise.
4.1847
5.6
682
0.924 0.927 0.937 0.94 0.948 0.952 0.959 0.966 0.971 0.972 0.978 0.988 0.999 1.004 1.007 1.027 1.033 1.04 1.049 1.053 1.075 1.079 1.091 1.097 1.098 1.118 1.12 1.139 1.151 1.163 1.166 1.171 1.181 1.184 1.196 1.223 1.225 1.241 1.254 1.29 1.296 1.303 1.313 1.35 1.367 1.398 1.407 1.414 1.455 1.494 1.507 1.575 1.575 1.62 1.67 1.67 0.007 0 0 0 0 0 0 0 0 0.007 0 0 0 0 0 0 0 2.458 2.44 2.44 2.436 2.432 2.429 2.429 2.425 2.425 2.42 2.419 2.418 2.417 2.417 2.407 2.404 2.403 2.404 2.399 2.399 2.398 2.394 2.388 2.388 2.388 2.387 2.385 2.385 2.383 2.383 2.383 2.383 2.383 2.383 2.388 2.389 2.389 2.389 2.386 2.384 2.384 2.384 2.384 2.381 2.381 2.381 2.381 2.384 2.384 2.385 2.385 2.386 2.386 2.386 2.386 2.386 2.39 2.385 2.385 1.709 1.702 1.692 1.692 1.667 1.654 1.599 1.569 1.461 1.357 1.32 1.273 1.234 1.195 1.155 1.136 1.096 1.074 1.047 1.025 0.995 0.99 0.953 0.925 0.898 0.878 0.861 0.845 0.837 0.832 0.815 0.808 0.771 0.763 0.752 0.741 0.73 0.719 0.704 0.704 0.704 0.704 0.675 0.667 0.648 0.641 0.638 0.637 0.631 0.608 0.604 0.589 0.587 0.586 0.58 0.576 0.576 0.571 0.569 0.568 0.556 0.548 0.542 0.534 0.532 0.525 0.52 0.516 0.508 0.507 0.501 0.491 0.489 0.486 0.486 0.485 0.484 0.484 0.471 0.471 0.469 0.469 0.469 0.469 0.468 0.466 0.462 0.456 0.454 0.454 0.454 0.531 0.558 0.558 0.558 0.558 0.558 0.556 0.555 0.551 0.543 0.48 0.475 0.475 0.475 0.476 0.48 0.48 0.479 0.479 0.48 0.48 0.484 0.49 0.49 0.491 0.494 0.498 0.505 0.505 0.505 0.506 0.506 0.514 0.515 0.518 0.518 0.522 0.532 0.536 0.539 0.542 0.561 0.563 0.574 0.566 0.574 0.586 0.586 0.586 0.586 0.587 0.587 0.59 0.591 0.597 0.61 0.617 0.619 0.629 0.633 0.634 0.638 0.645 0.65 0.662 0.665 0.676 0.683 0.707 0.72 0.722 0.729 0.735 0.739 0.757 0.76 0.763 0.782 0.784 0.793 0.818 0.844 0.855 0.856 0.875 0.894 0.909 0.911 0.92 0.932 0.936 0.97 0.985 0.991 0.993 1 1.009 1.015 1.089 1.179 1.195 1.217 1.245 1.29 1.302 1.337 1.365 1.404 1.428 1.437 1.467 1.489 1.508 1.597 1.733 1.733 1.733 1.733 1.733 1.743 1.743 1.745 1.79 1.824 1.824 1.824 1.817 1.817 1.817 1.81 1.807 1.788 1.781 1.781 1.778 1.773 1.773 1.773 1.773 1.772 1.772 1.772 1.773 1.772 1.772 1.773 1.772 1.768 1.768 1.768 1.768 1.773 1.773 1.773 1.773 1.771 1.771 1.771 1.773 1.78 1.794 1.799 1.8 1.8 1.805 2.149 2.155 2.155 2.155 2.155 2.157 2.157 2.161 2.162 2.17 2.172 2.172 2.172 2.174 2.178 2.178 2.18 2.182 2.184 2.191 2.194 2.196 2.196 2.204 2.212 2.213 2.214 2.214 2.214 0.739 0.734 0.731 0.726 0.731 0.731 1.938 1.938 1.938 1.909 1.873 1.838 1.814 1.78 1.752 1.736 1.7 1.67 1.65 1.629 1.601 1.582 1.562 1.533 1.517 1.491 1.482 1.446 1.443 1.42 1.396 1.375 1.363 1.34 1.34 1.333 1.306 0.582 0.575 0.575 0.572 0.569 0.569 0.568 0.568 0.558 0.558 0.558 0.465 0.382 0.366 0.364 0.361 0.364 0.361 0.361 0.365 0.366 0.367 0.367 0.368 0.372 0.378 0.446 0.535 0.545 0.546 0.548 0.548 0.548 0.547 0.542 0.542 0.545 0.547 0.55 0.554 0.554 0.554 0.558 0.555 0.558 0.559 0.559 0.568 0.572 0.583 0.586 0.586 0.632 0.835 0.835 0.835 0.832 0.83 0.828 0.825 0.818 0.814 0.81 0.81 0.803 0.803 0.798 0.793 0.788 0.788 0.782 0.778 0.775 0.774 0.774 0.772 0.769 0.765 0.761 0.756 0.754 0.748 0.748 0.745 0.744 0.742 0.74 0.737 0.691 0.637 0.624 0.624 0.624 0.624 0.624 0.625 0.625 0.681 0.711 0.711 0.711 0.702 0.701 0.701 0.7 0.7 0.695 0.695 0.695 0.694 0.687 0.687 0.687 0.685 0.685 0.685 0.683 0.68 0.677 0.677 0.674 0.677 0.677 0.677 0.673 0.673 0.672 0.668 0.668 0.67 0.668 0.666 0.663 0.663 0.663 0.658 0.658 0.658 0.657 0.657 0.657 0.657 0.657 0.654 0.654 0.652 0.652 0.652 0.652 0.65 0.65 0.65 0.65 0.65 0.647 0.647 0.647 0.647 0.647 0.647 0.647 0.647 0.647 0.647 0.649 0.649 0.652 0.652 0.652 0.649 0.646 0.646 0.645 0.646 0.645 0.645 0.645 0.646 0.645 0.645 0.645 0.645 0.645 0.645 0.645 0.647 0.648 0.647 0.647 0.648 0.648 0.654 0.654 0.654 0.654 0.654 0.651 0.649 0.649 0.649 0.648 0.648 0.651 0.652 0.655 0.657 0.656 0.656 0.657 0.657 0.657 0.662 0.662 0.663 0.663 0.663 0.662 0.662 0.662 0.663 0.667 0.669 0.669 0.668 0.668 0.673 0.673 0.679 
1 1 1 1 1 1 1 1 1 1 1 1 1 1 1 1 1 1 1 1 1 1 1 1 1 1 1 1 1 1 1 1 1 1 1 1 1 1 1 1 1 1 1 1 1 1 1 1 1 1 1 1 1 1 1 1 0 0 0 0 0 0 0 0 0 0 0 0 0 0 0 0 0 1 1 1 1 1 1 1 1 1 1 1 1 1 1 1 1 1 1 1 1 1 1 1 1 1 1 1 1 1 1 1 1 1 1 1 1 1 1 1 1 1 1 1 1 1 1 1 1 1 1 1 1 1 1 1 1 1 1 1 1 1 1 1 1 1 1 1 1 1 1 1 1 1 1 1 1 1 1 1 1 1 1 1 1 1 1 1 1 1 1 1 1 1 1 1 1 1 1 1 1 1 1 1 1 1 1 1 1 1 1 1 1 1 1 1 1 1 1 1 1 1 1 1 1 1 1 1 1 1 1 1 1 1 1 1 1 1 1 1 1 1 1 1 1 1 1 1 1 1 1 1 1 1 1 1 1 1 1 1 1 1 1 1 1 1 1 1 1 1 1 1 1 1 1 1 1 1 1 1 1 1 1 1 1 1 1 1 1 1 1 1 1 1 1 1 1 1 1 1 1 1 1 1 1 1 1 1 1 1 1 1 1 1 1 1 1 1 1 1 1 1 1 1 1 1 1 1 1 1 1 1 1 1 1 1 1 1 1 1 1 1 1 1 1 1 1 1 1 1 1 1 1 1 1 1 1 1 1 1 1 1 1 1 1 1 1 1 1 1 1 1 1 1 1 1 1 1 1 1 1 1 1 1 1 1 1 1 1 1 1 1 1 1 1 1 1 1 1 1 1 1 1 1 1 1 1 1 1 1 1 1 1 1 1 1 1 1 1 1 1 1 1 1 1 1 1 1 1 1 1 1 1 1 1 1 1 1 1 1 1 1 1 1 1 1 1 1 1 1 1 1 1 1 1 1 1 1 1 1 1 1 1 1 1 1 1 1 1 1 1 1 1 1 1 1 1 1 1 1 1 1 1 1 1 1 1 1 1 1 1 1 1 1 1 1 1 1 1 1 1 1 1 1 1 1 1 1 1 1 1 1 1 1 1 1 1 1 1 1 1 1 1 1 1 1 1 1 1 1 1 1 1 1 1 1 1 1 1 1 1 1 1 1 1 1 1 1 1 1 1 1 1 1 1 1 1 1 1 1 1 1 1 1 1 1 1 1 1 1 1 1 1 1 1 1 1 1 1 1 1 1 1 1 1 1 1 1 1 1 1 1 1 1 1 1 1 1 1 1 1 1 1 1 1 1 1 1 1 1 1 1 1 1 1 1 1 1 1 1 1 1 1 1 1 1 1 1 1 1 1 1 1 1 1 1 1 1 1 1 1 1 1 1 1 1 1 1 1 1 1 1 1 1 1 1 1 1 1 1 1 1 1 1 1 1 1 1 1 1 1 1 1 1 1 1 1 1 1 1 1 1 1 1 1 1 1 1 1 1 1 1 1 1 1 1 1 1 1 1 1 1 1 1 1 1 1 1 1 1 
