# This file contains a 2D laser scan observation. 
# Its format is: 
# [aperture] [max_range] [number_of_scans] 
# [vector_of_scans] 
# [vector_of_valid_scans] 
# The aperture of the sensor is in radians, the maximum range 
# and measurements are in meters. '1' means a valid scan, '0' otherwise.
4.1847
5.6
682
1.183 1.203 1.209 1.21 1.215 1.222 1.227 1.238 1.246 1.258 1.265 1.276 1.276 1.277 1.28 1.282 1.302 1.322 1.328 1.342 1.344 1.358 1.371 1.374 1.379 1.397 1.413 1.422 1.428 1.43 1.443 1.479 1.49 1.516 1.517 1.522 1.547 1.575 1.586 1.623 1.65 1.665 1.665 1.707 1.735 1.748 1.748 1.777 1.793 1.82 1.857 0 0 0 0 0.007 0 0 0 0 0 0 0 0 0 0 0 0 0 0.007 2.465 2.444 2.442 2.439 2.436 2.433 2.426 2.42 2.416 2.407 2.402 2.397 2.397 2.396 2.393 2.389 2.384 2.38 2.374 2.372 2.372 2.364 2.363 2.363 2.36 2.358 2.358 2.357 2.349 2.344 2.342 2.341 2.336 2.336 2.333 2.331 2.33 2.329 2.325 2.324 2.324 2.323 2.32 2.319 2.318 2.313 2.312 2.311 2.311 2.312 2.214 1.625 0.488 0.425 0.388 0.379 0.328 0.306 0.3 0.3 0.298 0.298 0.292 0.282 0.282 0.282 0.287 0.298 0.298 0.301 0.301 0.328 0.809 0.809 0.809 0.798 0.792 0.773 0.773 0.733 0.691 0.555 0.285 0.277 0.272 0.272 0.277 0.281 0.281 0.281 0.281 0.277 0.277 0.282 0.272 0.282 0.286 0.286 0.286 0.286 0.285 0.283 0.283 0.282 0.283 0.282 0.282 0.275 0.275 0.275 0.273 0.282 0.284 0.285 0.284 0.285 0.285 0.284 0.284 0.284 0.284 0.284 0.283 0.283 0.284 0.286 0.286 0.287 0.286 0.287 0.287 0.297 0.298 0.298 0.298 0.298 0.298 0.298 0.298 0.298 0.298 0.298 0.302 0.302 0.31 0.302 0.302 0.306 0.312 0.313 0.314 0.32 0.326 0.328 0.329 0.329 0.33 0.331 0.335 0.342 0.346 0.347 0.349 0.349 0.349 0.346 0.346 0.346 0.349 0.353 0.354 0.353 0.353 0.353 0.353 0.353 0.353 0.353 0.356 0.356 0.356 0.362 0.362 0.365 0.37 0.372 0.373 0.378 0.378 0.382 0.387 0.388 0.387 0.387 0.387 0.379 0.379 0.389 0.39 0.39 0.398 0.401 0.406 0.407 0.413 0.425 0.43 0.432 0.433 0.435 0.448 0.452 0.465 0.465 0.473 0.473 0.473 0.473 0.473 0.478 0.486 0.486 0.491 0.498 0.509 0.512 0.515 0.519 0.521 0.528 0.529 0.538 0.54 0.54 0.569 0.59 0.597 0.606 0.611 0.612 0.613 0.618 0.633 0.648 0.649 0.658 0.662 0.666 0.674 0.684 0.698 0.709 0.73 0.739 0.74 0.742 0.742 0.743 0.753 0.754 0.76 0.773 0.845 0.902 0.927 0.929 0.947 0.964 0.998 1.006 1.023 1.064 1.097 1.122 1.16 1.17 1.175 1.193 1.212 1.226 1.24 1.356 1.446 1.446 1.457 1.454 1.454 1.457 1.458 1.464 1.47 1.522 1.551 1.594 1.594 1.594 1.539 1.534 1.534 1.534 1.534 1.534 1.529 1.526 1.523 1.523 1.523 1.523 1.522 1.522 1.522 1.522 1.52 1.52 1.522 1.518 1.518 1.52 1.52 1.518 1.518 1.517 1.517 1.517 1.517 1.519 1.523 1.524 1.524 1.524 1.524 1.521 1.518 1.51 1.51 1.51 1.532 1.533 1.533 1.543 1.637 1.906 1.911 1.914 1.915 1.917 1.917 1.919 1.922 1.924 1.928 1.932 1.935 1.935 1.935 1.938 1.941 1.942 1.944 1.951 1.958 1.961 1.962 1.965 1.971 1.971 1.973 1.981 1.982 1.987 1.994 1.994 1.994 1.975 1.945 1.911 1.878 1.855 1.819 1.797 1.777 1.745 1.73 1.703 1.672 1.652 1.634 1.613 1.585 1.57 1.542 1.528 1.513 1.478 1.469 1.456 1.437 1.417 1.397 1.389 1.37 1.28 0.547 0.52 0.516 0.516 0.52 0.52 0.521 0.522 0.538 1.208 1.208 1.208 1.201 1.192 1.185 1.16 1.157 1.152 1.134 1.133 1.114 1.113 1.101 1.096 1.091 1.081 1.075 1.065 1.059 1.048 1.038 1.036 1.029 1.022 1.019 1.004 1.003 0.994 0.993 0.977 0.975 0.965 0.956 0.955 0.951 0.95 0.946 0.937 0.928 0.928 0.924 0.919 0.913 0.908 0.903 0.894 0.893 0.892 0.571 0.463 0.463 0.462 0.46 0.458 0.449 0.449 0.449 0.449 0.447 0.447 0.447 0.445 0.439 0.435 0.434 0.429 0.429 0.429 0.432 0.436 0.436 0.437 0.437 0.435 0.43 0.429 0.429 0.429 0.433 0.435 0.435 0.435 0.432 0.43 0.43 0.432 0.432 0.432 0.433 0.432 0.432 0.432 0.435 0.435 0.436 0.436 0.436 0.43 0.43 0.43 0.439 0.441 0.442 0.445 0.449 0.452 0.453 0.457 0.458 0.464 0.465 0.465 0.466 0.49 0.698 0.722 0.725 0.732 0.728 0.728 0.728 0.728 0.718 0.294 0.281 0.274 0.271 0.267 0.267 0.267 0.267 0.269 0.27 0.273 0.27 0.27 0.273 0.273 0.275 0.276 0.281 0.29 0.301 0.575 0.602 0.61 0.614 0.617 0.617 0.618 0.645 0.7 0.706 0.706 0.706 0.704 0.704 0.704 0.704 0.704 0.705 0.706 0.709 0.708 0.708 0.708 0.708 0.708 0.708 0.71 0.71 0.71 0.71 0.7 0.7 0.7 0.707 0.71 0.713 0.713 0.713 0.72 0.713 0.713 0.715 0.719 0.715 0.718 0.715 0.718 0.714 0.718 0.721 0.721 0.721 0.721 0.721 0.721 0.723 0.722 
1 1 1 1 1 1 1 1 1 1 1 1 1 1 1 1 1 1 1 1 1 1 1 1 1 1 1 1 1 1 1 1 1 1 1 1 1 1 1 1 1 1 1 1 1 1 1 1 1 1 1 0 0 0 0 0 0 0 0 0 0 0 0 0 0 0 0 0 0 0 1 1 1 1 1 1 1 1 1 1 1 1 1 1 1 1 1 1 1 1 1 1 1 1 1 1 1 1 1 1 1 1 1 1 1 1 1 1 1 1 1 1 1 1 1 1 1 1 1 1 1 1 1 1 1 1 1 1 1 1 1 1 1 1 1 1 1 1 1 1 1 1 1 1 1 1 1 1 1 1 1 1 1 1 1 1 1 1 1 1 1 1 1 1 1 1 1 1 1 1 1 1 1 1 1 1 1 1 1 1 1 1 1 1 1 1 1 1 1 1 1 1 1 1 1 1 1 1 1 1 1 1 1 1 1 1 1 1 1 1 1 1 1 1 1 1 1 1 1 1 1 1 1 1 1 1 1 1 1 1 1 1 1 1 1 1 1 1 1 1 1 1 1 1 1 1 1 1 1 1 1 1 1 1 1 1 1 1 1 1 1 1 1 1 1 1 1 1 1 1 1 1 1 1 1 1 1 1 1 1 1 1 1 1 1 1 1 1 1 1 1 1 1 1 1 1 1 1 1 1 1 1 1 1 1 1 1 1 1 1 1 1 1 1 1 1 1 1 1 1 1 1 1 1 1 1 1 1 1 1 1 1 1 1 1 1 1 1 1 1 1 1 1 1 1 1 1 1 1 1 1 1 1 1 1 1 1 1 1 1 1 1 1 1 1 1 1 1 1 1 1 1 1 1 1 1 1 1 1 1 1 1 1 1 1 1 1 1 1 1 1 1 1 1 1 1 1 1 1 1 1 1 1 1 1 1 1 1 1 1 1 1 1 1 1 1 1 1 1 1 1 1 1 1 1 1 1 1 1 1 1 1 1 1 1 1 1 1 1 1 1 1 1 1 1 1 1 1 1 1 1 1 1 1 1 1 1 1 1 1 1 1 1 1 1 1 1 1 1 1 1 1 1 1 1 1 1 1 1 1 1 1 1 1 1 1 1 1 1 1 1 1 1 1 1 1 1 1 1 1 1 1 1 1 1 1 1 1 1 1 1 1 1 1 1 1 1 1 1 1 1 1 1 1 1 1 1 1 1 1 1 1 1 1 1 1 1 1 1 1 1 1 1 1 1 1 1 1 1 1 1 1 1 1 1 1 1 1 1 1 1 1 1 1 1 1 1 1 1 1 1 1 1 1 1 1 1 1 1 1 1 1 1 1 1 1 1 1 1 1 1 1 1 1 1 1 1 1 1 1 1 1 1 1 1 1 1 1 1 1 1 1 1 1 1 1 1 1 1 1 1 1 1 1 1 1 1 1 1 1 1 1 1 1 1 1 1 1 1 1 1 1 1 1 1 1 1 1 1 1 1 1 1 1 1 1 1 1 1 1 1 1 1 1 1 1 1 1 1 1 1 1 1 1 1 1 1 1 1 1 1 1 
