# This file contains a 2D laser scan observation. 
# Its format is: 
# [aperture] [max_range] [number_of_scans] 
# [vector_of_scans] 
# [vector_of_valid_scans] 
# The aperture of the sensor is in radians, the maximum range 
# and measurements are in meters. '1' means a valid scan, '0' otherwise.
4.1847
5.6
682
1.412 1.43 1.436 1.436 1.451 1.452 1.461 1.473 1.492 1.495 1.517 1.52 1.524 1.55 1.557 1.577 1.578 1.606 1.612 1.643 1.645 1.671 1.69 1.715 1.719 1.752 1.755 1.775 1.794 1.815 1.82 1.863 1.868 1.924 0.007 0 2.022 2.052 2.052 2.052 2.07 2.17 0 0.007 0 0 0.007 0 0 0 0 0 0.284 0.282 0.282 0.284 0.286 0.286 0.287 0.287 0.288 0.291 0.3 0.3 0.3 0.279 0.261 0.261 0.259 0.261 0.262 0.264 0.264 0.269 0.272 0.272 0.268 0.268 0.265 0.264 0.263 0.264 0.263 0.259 0.259 0.259 0.257 0.259 0.255 0.253 0.253 0.251 0.248 0.248 0.248 0.248 0.248 0.248 0.247 0.242 0.242 0.247 0.247 0.247 0.247 0.246 0.246 0.246 0.246 0.246 0.243 0.241 0.239 0.235 0.235 0.235 0.235 0.231 0.233 0.233 0.231 0.233 0.237 0.241 0.239 0.239 0.239 0.238 0.237 0.237 0.238 0.238 0.236 0.24 0.24 0.241 0.244 0.244 0.246 0.246 0.246 0.246 0.246 0.248 0.248 0.248 0.248 0.248 0.248 0.248 0.249 0.255 0.26 0.26 0.26 0.26 0.26 0.26 0.26 0.261 0.26 0.26 0.261 0.263 0.263 0.263 0.262 0.256 0.256 0.256 0.262 0.263 0.265 0.265 0.265 0.258 0.254 0.254 0.258 0.258 0.258 0.26 0.264 0.267 0.26 0.261 0.267 0.267 0.267 0.267 0.267 0.267 0.261 0.261 0.258 0.258 0.259 0.259 0.259 0.259 0.258 0.258 0.258 0.27 0.27 0.271 0.272 0.275 0.277 0.277 0.277 0.276 0.273 0.273 0.276 0.276 0.276 0.277 0.277 0.279 0.283 0.283 0.283 0.287 0.289 0.287 0.289 0.3 0.3 0.301 0.303 0.303 0.303 0.306 0.312 0.317 0.326 0.326 0.326 0.33 0.333 0.333 0.33 0.33 0.333 0.335 0.338 0.34 0.347 0.355 0.369 0.372 0.372 0.369 0.369 0.369 0.369 0.374 0.374 0.368 0.371 0.371 0.371 0.373 0.384 0.39 0.391 0.392 0.395 0.397 0.399 0.405 0.409 0.413 0.415 0.417 0.42 0.423 0.423 0.426 0.431 0.442 0.461 0.475 0.479 0.486 0.493 0.498 0.501 0.498 0.502 0.502 0.51 0.529 0.532 0.534 0.535 0.543 0.547 0.547 0.548 0.554 0.577 0.582 0.583 0.586 0.604 0.619 0.619 0.622 0.631 0.628 0.628 0.633 0.635 0.639 0.641 0.65 0.654 0.693 0.764 0.769 0.809 0.813 0.822 0.833 0.846 0.883 0.893 0.906 0.924 0.956 0.979 0.989 1.037 1.037 1.041 1.061 1.085 1.097 1.102 1.133 1.224 1.329 1.329 1.329 1.327 1.327 1.327 1.328 1.332 1.336 1.35 1.388 1.417 1.512 1.512 1.512 1.414 1.411 1.411 1.407 1.407 1.407 1.405 1.405 1.404 1.404 1.398 1.398 1.396 1.396 1.392 1.391 1.39 1.383 1.383 1.383 1.381 1.381 1.383 1.384 1.384 1.384 1.384 1.383 1.383 1.379 1.383 1.379 1.376 1.375 1.376 1.375 1.376 1.378 1.381 1.381 1.381 1.384 1.384 1.408 1.411 1.42 1.42 1.42 1.468 1.792 1.798 1.806 1.808 1.808 1.808 1.812 1.812 1.814 1.815 1.819 1.823 1.824 1.826 1.828 1.831 1.835 1.838 1.842 1.846 1.851 1.851 1.855 1.863 1.865 1.865 1.865 1.866 1.879 1.884 1.888 1.888 1.888 1.859 1.835 1.804 1.781 1.764 1.736 1.71 1.691 1.669 1.642 1.622 1.597 1.581 1.563 1.546 1.512 1.503 1.487 1.469 1.451 1.425 1.421 1.408 1.387 1.376 1.357 1.353 1.326 1.319 1.307 1.287 1.283 1.267 1.264 1.246 1.229 1.224 1.218 1.215 1.195 1.187 1.179 1.176 1.161 1.146 1.142 1.126 1.113 1.111 1.099 1.086 0.542 0.443 0.442 0.441 0.438 0.438 0.436 0.436 0.438 0.441 0.46 0.479 0.942 0.989 0.989 0.989 0.979 0.978 0.973 0.97 0.957 0.955 0.949 0.947 0.937 0.937 0.936 0.925 0.922 0.916 0.913 0.913 0.909 0.9 0.893 0.891 0.889 0.882 0.879 0.876 0.873 0.871 0.87 0.863 0.859 0.856 0.854 0.848 0.846 0.846 0.84 0.84 0.838 0.836 0.83 0.83 0.827 0.827 0.825 0.81 0.805 0.762 0.72 0.719 0.712 0.711 0.706 0.544 0.458 0.443 0.439 0.436 0.431 0.428 0.421 0.423 0.421 0.421 0.421 0.419 0.407 0.407 0.407 0.414 0.414 0.414 0.42 0.412 0.41 0.41 0.41 0.41 0.41 0.41 0.406 0.4 0.406 0.406 0.411 0.412 0.412 0.416 0.416 0.416 0.413 0.41 0.406 0.406 0.406 0.406 0.403 0.403 0.4 0.4 0.4 0.408 0.413 0.413 0.413 0.413 0.414 0.413 0.415 0.415 0.42 0.42 0.42 0.42 0.425 0.425 0.431 0.434 0.436 0.438 0.45 0.46 0.589 0.715 0.722 0.722 0.722 0.722 0.722 0.722 0.721 0.722 0.722 0.725 0.727 0.727 0.728 0.73 0.728 0.722 0.644 0.638 0.638 0.631 0.636 0.636 0.636 0.636 0.679 0.726 0.727 0.727 0.727 0.727 0.726 0.716 0.305 0.297 0.294 0.294 0.294 0.296 0.296 0.296 0.297 0.296 0.297 0.297 0.298 0.298 0.3 0.3 0.306 0.329 0.756 0.756 0.756 
1 1 1 1 1 1 1 1 1 1 1 1 1 1 1 1 1 1 1 1 1 1 1 1 1 1 1 1 1 1 1 1 1 1 0 0 1 1 1 1 1 1 0 0 0 0 0 0 0 0 0 0 1 1 1 1 1 1 1 1 1 1 1 1 1 1 1 1 1 1 1 1 1 1 1 1 1 1 1 1 1 1 1 1 1 1 1 1 1 1 1 1 1 1 1 1 1 1 1 1 1 1 1 1 1 1 1 1 1 1 1 1 1 1 1 1 1 1 1 1 1 1 1 1 1 1 1 1 1 1 1 1 1 1 1 1 1 1 1 1 1 1 1 1 1 1 1 1 1 1 1 1 1 1 1 1 1 1 1 1 1 1 1 1 1 1 1 1 1 1 1 1 1 1 1 1 1 1 1 1 1 1 1 1 1 1 1 1 1 1 1 1 1 1 1 1 1 1 1 1 1 1 1 1 1 1 1 1 1 1 1 1 1 1 1 1 1 1 1 1 1 1 1 1 1 1 1 1 1 1 1 1 1 1 1 1 1 1 1 1 1 1 1 1 1 1 1 1 1 1 1 1 1 1 1 1 1 1 1 1 1 1 1 1 1 1 1 1 1 1 1 1 1 1 1 1 1 1 1 1 1 1 1 1 1 1 1 1 1 1 1 1 1 1 1 1 1 1 1 1 1 1 1 1 1 1 1 1 1 1 1 1 1 1 1 1 1 1 1 1 1 1 1 1 1 1 1 1 1 1 1 1 1 1 1 1 1 1 1 1 1 1 1 1 1 1 1 1 1 1 1 1 1 1 1 1 1 1 1 1 1 1 1 1 1 1 1 1 1 1 1 1 1 1 1 1 1 1 1 1 1 1 1 1 1 1 1 1 1 1 1 1 1 1 1 1 1 1 1 1 1 1 1 1 1 1 1 1 1 1 1 1 1 1 1 1 1 1 1 1 1 1 1 1 1 1 1 1 1 1 1 1 1 1 1 1 1 1 1 1 1 1 1 1 1 1 1 1 1 1 1 1 1 1 1 1 1 1 1 1 1 1 1 1 1 1 1 1 1 1 1 1 1 1 1 1 1 1 1 1 1 1 1 1 1 1 1 1 1 1 1 1 1 1 1 1 1 1 1 1 1 1 1 1 1 1 1 1 1 1 1 1 1 1 1 1 1 1 1 1 1 1 1 1 1 1 1 1 1 1 1 1 1 1 1 1 1 1 1 1 1 1 1 1 1 1 1 1 1 1 1 1 1 1 1 1 1 1 1 1 1 1 1 1 1 1 1 1 1 1 1 1 1 1 1 1 1 1 1 1 1 1 1 1 1 1 1 1 1 1 1 1 1 1 1 1 1 1 1 1 1 1 1 1 1 1 1 1 1 1 1 1 1 1 1 1 1 1 1 1 1 1 1 1 1 1 1 1 1 1 1 1 1 1 1 1 1 1 1 1 1 1 1 1 1 1 1 1 1 1 1 1 1 1 1 1 1 1 1 1 1 1 1 1 1 1 1 1 1 1 1 1 1 1 1 1 1 1 1 1 1 1 
