# This file contains a 2D laser scan observation. 
# Its format is: 
# [aperture] [max_range] [number_of_scans] 
# [vector_of_scans] 
# [vector_of_valid_scans] 
# The aperture of the sensor is in radians, the maximum range 
# and measurements are in meters. '1' means a valid scan, '0' otherwise.
4.1847
5.6
682
1.536 1.543 1.544 1.585 1.59 1.592 1.611 1.642 1.665 1.684 1.684 1.685 1.712 1.727 1.742 1.756 1.766 1.809 1.809 1.809 0.306 0.304 0.304 0.306 0.304 0.307 0.307 0.302 0.283 0.279 0.277 0.277 0.279 0.282 0.282 0.286 0.288 0.288 0.281 0.277 0.277 0.274 0.275 0.274 0.275 0.275 0.275 0.272 0.27 0.27 0.27 0.269 0.269 0.268 0.261 0.257 0.257 0.256 0.255 0.255 0.255 0.255 0.251 0.251 0.251 0.251 0.251 0.248 0.247 0.241 0.241 0.242 0.242 0.248 0.248 0.242 0.24 0.24 0.24 0.244 0.244 0.244 0.231 0.231 0.231 0.234 0.234 0.234 0.235 0.229 0.229 0.229 0.228 0.228 0.233 0.236 0.239 0.239 0.239 0.239 0.237 0.237 0.24 0.24 0.237 0.24 0.241 0.242 0.243 0.246 0.243 0.242 0.243 0.245 0.245 0.245 0.245 0.245 0.242 0.242 0.245 0.243 0.246 0.252 0.252 0.244 0.244 0.237 0.234 0.232 0.232 0.234 0.247 0.253 0.253 0.253 0.248 0.243 0.243 0.246 0.246 0.243 0.243 0.24 0.24 0.239 0.24 0.241 0.242 0.245 0.247 0.247 0.247 0.246 0.244 0.238 0.238 0.238 0.238 0.236 0.236 0.236 0.235 0.235 0.235 0.238 0.245 0.245 0.241 0.245 0.241 0.241 0.242 0.245 0.245 0.247 0.245 0.247 0.247 0.248 0.247 0.247 0.247 0.247 0.247 0.247 0.245 0.242 0.242 0.242 0.242 0.246 0.246 0.246 0.248 0.25 0.253 0.253 0.256 0.253 0.256 0.256 0.262 0.26 0.262 0.262 0.263 0.267 0.274 0.275 0.275 0.282 0.289 0.289 0.29 0.29 0.291 0.291 0.291 0.293 0.296 0.296 0.298 0.302 0.308 0.312 0.317 0.323 0.323 0.326 0.323 0.331 0.328 0.328 0.328 0.328 0.328 0.325 0.327 0.327 0.329 0.327 0.333 0.334 0.341 0.341 0.343 0.348 0.348 0.348 0.349 0.355 0.36 0.361 0.365 0.372 0.378 0.378 0.378 0.378 0.383 0.383 0.384 0.384 0.389 0.4 0.407 0.422 0.428 0.433 0.433 0.449 0.451 0.452 0.452 0.454 0.455 0.457 0.461 0.471 0.471 0.473 0.482 0.497 0.498 0.504 0.504 0.504 0.505 0.509 0.517 0.522 0.537 0.537 0.544 0.551 0.559 0.571 0.573 0.575 0.576 0.577 0.583 0.584 0.589 0.59 0.591 0.591 0.596 0.61 0.631 0.702 0.705 0.72 0.764 0.771 0.781 0.788 0.8 0.831 0.848 0.852 0.853 0.873 0.922 0.931 0.934 0.98 0.985 0.986 1.001 1.01 1.03 1.048 1.053 1.109 1.227 1.275 1.275 1.275 1.275 1.275 1.275 1.276 1.279 1.284 1.285 1.313 1.359 1.372 1.372 1.372 1.365 1.359 1.356 1.347 1.347 1.347 1.347 1.347 1.347 1.347 1.347 1.347 1.343 1.345 1.345 1.343 1.34 1.335 1.335 1.336 1.335 1.336 1.342 1.342 1.342 1.342 1.341 1.341 1.341 1.341 1.341 1.346 1.346 1.346 1.346 1.346 1.344 1.344 1.342 1.344 1.349 1.349 1.349 1.352 1.355 1.352 1.355 1.358 1.358 1.364 1.378 1.689 1.743 1.748 1.754 1.754 1.754 1.754 1.755 1.761 1.762 1.767 1.767 1.769 1.769 1.777 1.777 1.779 1.783 1.788 1.79 1.792 1.799 1.804 1.806 1.808 1.814 1.815 1.822 1.825 1.834 1.836 1.836 1.836 1.836 1.81 1.776 1.751 1.729 1.714 1.684 1.66 1.637 1.617 1.6 1.58 1.563 1.55 1.521 1.497 1.483 1.463 1.451 1.435 1.421 1.404 1.38 1.377 1.354 1.351 1.333 1.316 1.31 1.29 1.28 1.266 1.26 1.255 1.238 1.219 1.218 1.208 1.196 1.186 1.176 1.175 1.167 1.15 1.144 1.134 1.113 1.113 1.106 1.099 1.09 1.083 1.082 1.068 1.062 1.059 1.048 1.033 1.033 1.024 1.016 1.015 1.015 0.997 0.994 0.413 0.407 0.407 0.407 0.403 0.407 0.407 0.407 0.412 0.413 0.42 0.487 0.904 0.917 0.917 0.917 0.904 0.904 0.898 0.897 0.896 0.887 0.886 0.885 0.883 0.877 0.874 0.871 0.864 0.862 0.86 0.86 0.855 0.855 0.843 0.84 0.836 0.834 0.833 0.833 0.83 0.823 0.823 0.823 0.822 0.816 0.812 0.809 0.804 0.804 0.804 0.802 0.799 0.799 0.798 0.788 0.788 0.719 0.695 0.689 0.689 0.691 0.691 0.695 0.706 0.756 0.773 0.773 0.773 0.565 0.437 0.433 0.425 0.424 0.422 0.422 0.421 0.421 0.418 0.413 0.413 0.414 0.411 0.41 0.41 0.401 0.401 0.397 0.397 0.403 0.406 0.406 0.406 0.406 0.406 0.406 0.403 0.403 0.403 0.403 0.403 0.403 0.406 0.418 0.418 0.418 0.406 0.402 0.402 0.402 0.402 0.402 0.401 0.4 0.4 0.399 0.399 0.402 0.402 0.4 0.402 0.41 0.41 0.41 0.41 0.41 0.412 0.412 0.413 0.416 0.42 0.421 0.421 0.421 0.421 0.421 0.431 0.441 0.467 0.723 0.725 0.729 0.726 0.729 0.729 0.727 0.727 0.73 0.727 0.727 0.724 0.659 0.655 0.65 0.644 0.644 0.644 0.645 0.645 0.658 0.74 0.74 0.743 0.743 0.743 0.743 0.745 0.745 0.745 0.745 0.751 0.751 0.752 0.755 0.758 0.758 0.758 0.758 0.758 0.753 0.327 
1 1 1 1 1 1 1 1 1 1 1 1 1 1 1 1 1 1 1 1 1 1 1 1 1 1 1 1 1 1 1 1 1 1 1 1 1 1 1 1 1 1 1 1 1 1 1 1 1 1 1 1 1 1 1 1 1 1 1 1 1 1 1 1 1 1 1 1 1 1 1 1 1 1 1 1 1 1 1 1 1 1 1 1 1 1 1 1 1 1 1 1 1 1 1 1 1 1 1 1 1 1 1 1 1 1 1 1 1 1 1 1 1 1 1 1 1 1 1 1 1 1 1 1 1 1 1 1 1 1 1 1 1 1 1 1 1 1 1 1 1 1 1 1 1 1 1 1 1 1 1 1 1 1 1 1 1 1 1 1 1 1 1 1 1 1 1 1 1 1 1 1 1 1 1 1 1 1 1 1 1 1 1 1 1 1 1 1 1 1 1 1 1 1 1 1 1 1 1 1 1 1 1 1 1 1 1 1 1 1 1 1 1 1 1 1 1 1 1 1 1 1 1 1 1 1 1 1 1 1 1 1 1 1 1 1 1 1 1 1 1 1 1 1 1 1 1 1 1 1 1 1 1 1 1 1 1 1 1 1 1 1 1 1 1 1 1 1 1 1 1 1 1 1 1 1 1 1 1 1 1 1 1 1 1 1 1 1 1 1 1 1 1 1 1 1 1 1 1 1 1 1 1 1 1 1 1 1 1 1 1 1 1 1 1 1 1 1 1 1 1 1 1 1 1 1 1 1 1 1 1 1 1 1 1 1 1 1 1 1 1 1 1 1 1 1 1 1 1 1 1 1 1 1 1 1 1 1 1 1 1 1 1 1 1 1 1 1 1 1 1 1 1 1 1 1 1 1 1 1 1 1 1 1 1 1 1 1 1 1 1 1 1 1 1 1 1 1 1 1 1 1 1 1 1 1 1 1 1 1 1 1 1 1 1 1 1 1 1 1 1 1 1 1 1 1 1 1 1 1 1 1 1 1 1 1 1 1 1 1 1 1 1 1 1 1 1 1 1 1 1 1 1 1 1 1 1 1 1 1 1 1 1 1 1 1 1 1 1 1 1 1 1 1 1 1 1 1 1 1 1 1 1 1 1 1 1 1 1 1 1 1 1 1 1 1 1 1 1 1 1 1 1 1 1 1 1 1 1 1 1 1 1 1 1 1 1 1 1 1 1 1 1 1 1 1 1 1 1 1 1 1 1 1 1 1 1 1 1 1 1 1 1 1 1 1 1 1 1 1 1 1 1 1 1 1 1 1 1 1 1 1 1 1 1 1 1 1 1 1 1 1 1 1 1 1 1 1 1 1 1 1 1 1 1 1 1 1 1 1 1 1 1 1 1 1 1 1 1 1 1 1 1 1 1 1 1 1 1 1 1 1 1 1 1 1 1 1 1 1 1 1 1 1 1 1 1 1 1 1 1 1 1 1 1 1 1 1 1 1 1 1 1 1 1 1 1 1 1 1 1 1 1 1 1 1 1 1 1 1 1 1 1 1 1 1 1 1 1 1 1 1 1 1 1 1 1 1 1 1 1 1 
