# This file contains a 2D laser scan observation. 
# Its format is: 
# [aperture] [max_range] [number_of_scans] 
# [vector_of_scans] 
# [vector_of_valid_scans] 
# The aperture of the sensor is in radians, the maximum range 
# and measurements are in meters. '1' means a valid scan, '0' otherwise.
4.1847
5.6
682
0.288 0.286 0.284 0.284 0.284 0.284 0.284 0.286 0.286 0.286 0.283 0.283 0.281 0.279 0.273 0.273 0.277 0.273 0.275 0.277 0.275 0.271 0.271 0.269 0.268 0.265 0.262 0.259 0.262 0.262 0.26 0.259 0.26 0.26 0.261 0.261 0.261 0.26 0.26 0.26 0.261 0.261 0.261 0.26 0.255 0.246 0.245 0.246 0.246 0.245 0.245 0.248 0.248 0.245 0.245 0.243 0.239 0.239 0.239 0.24 0.241 0.241 0.241 0.241 0.236 0.236 0.236 0.236 0.236 0.234 0.232 0.231 0.229 0.229 0.229 0.232 0.234 0.234 0.232 0.234 0.234 0.232 0.234 0.234 0.231 0.222 0.229 0.225 0.225 0.219 0.225 0.224 0.224 0.227 0.227 0.224 0.224 0.22 0.22 0.22 0.22 0.221 0.221 0.221 0.223 0.223 0.222 0.221 0.221 0.221 0.221 0.221 0.226 0.226 0.226 0.226 0.225 0.224 0.224 0.225 0.226 0.226 0.228 0.231 0.232 0.23 0.232 0.234 0.234 0.234 0.235 0.236 0.235 0.235 0.234 0.234 0.234 0.237 0.237 0.237 0.237 0.237 0.237 0.237 0.239 0.246 0.246 0.248 0.249 0.249 0.263 0.263 0.263 0.252 0.252 0.252 0.252 0.252 0.256 0.256 0.249 0.254 0.252 0.25 0.25 0.252 0.25 0.247 0.245 0.245 0.245 0.245 0.247 0.247 0.248 0.249 0.256 0.257 0.257 0.257 0.259 0.269 0.269 0.269 0.269 0.267 0.26 0.261 0.261 0.261 0.261 0.269 0.273 0.273 0.273 0.274 0.283 0.274 0.283 0.288 0.288 0.283 0.284 0.284 0.284 0.285 0.287 0.289 0.291 0.292 0.303 0.303 0.307 0.307 0.312 0.316 0.322 0.337 0.337 0.337 0.339 0.34 0.343 0.344 0.349 0.349 0.353 0.353 0.356 0.356 0.356 0.357 0.357 0.357 0.359 0.36 0.367 0.369 0.371 0.378 0.381 0.386 0.391 0.391 0.391 0.395 0.396 0.401 0.401 0.402 0.402 0.402 0.403 0.411 0.414 0.414 0.429 0.432 0.434 0.434 0.44 0.442 0.453 0.458 0.459 0.47 0.47 0.47 0.476 0.469 0.469 0.472 0.473 0.473 0.476 0.476 0.484 0.486 0.487 0.487 0.488 0.498 0.501 0.518 0.559 0.595 0.598 0.604 0.611 0.628 0.637 0.649 0.664 0.673 0.675 0.682 0.695 0.725 0.737 0.739 0.742 0.751 0.751 0.774 0.804 0.82 0.826 0.842 0.878 0.884 0.884 0.884 0.886 0.921 0.924 0.927 0.931 0.958 1.001 1.102 1.156 1.156 1.156 1.148 1.148 1.148 1.148 1.152 1.155 1.155 1.164 1.17 1.219 1.24 1.304 1.304 1.304 1.237 1.237 1.233 1.231 1.233 1.231 1.224 1.223 1.223 1.223 1.223 1.223 1.223 1.223 1.223 1.22 1.219 1.219 1.219 1.22 1.218 1.218 1.218 1.219 1.218 1.219 1.224 1.224 1.221 1.221 1.221 1.221 1.221 1.222 1.222 1.218 1.218 1.218 1.218 1.224 1.224 1.226 1.228 1.229 1.229 1.231 1.231 1.232 1.232 1.232 1.231 1.232 1.232 1.235 1.246 1.247 1.62 1.627 1.63 1.632 1.634 1.635 1.639 1.642 1.642 1.644 1.65 1.651 1.657 1.657 1.661 1.661 1.666 1.667 1.672 1.676 1.677 1.679 1.679 1.687 1.689 1.691 1.701 1.705 1.707 1.707 1.719 1.723 1.727 1.727 1.727 1.707 1.672 1.66 1.633 1.613 1.589 1.573 1.553 1.525 1.514 1.493 1.473 1.459 1.447 1.429 1.418 1.401 1.378 1.373 1.359 1.345 1.335 1.311 1.302 1.292 1.279 1.273 1.252 1.241 1.236 1.216 1.212 1.204 1.198 1.186 1.177 1.168 1.162 1.153 1.142 1.13 1.123 1.11 1.102 1.089 1.088 1.084 1.071 1.062 1.061 1.051 1.047 1.04 1.034 1.02 1.016 1.008 1.005 1.005 0.995 0.991 0.977 0.975 0.974 0.969 0.965 0.951 0.95 0.949 0.933 0.929 0.927 0.921 0.916 0.916 0.909 0.907 0.903 0.903 0.898 0.895 0.891 0.891 0.883 0.88 0.879 0.875 0.866 0.863 0.863 0.863 0.857 0.855 0.847 0.845 0.84 0.836 0.836 0.84 0.836 0.833 0.366 0.343 0.334 0.334 0.334 0.332 0.33 0.33 0.329 0.33 0.33 0.33 0.333 0.34 0.368 0.791 0.791 0.793 0.791 0.785 0.785 0.785 0.781 0.781 0.781 0.776 0.776 0.775 0.772 0.772 0.767 0.767 0.766 0.76 0.758 0.758 0.757 0.757 0.755 0.756 0.755 0.752 0.737 0.659 0.657 0.652 0.652 0.657 0.657 0.658 0.66 0.698 0.734 0.741 0.741 0.737 0.737 0.737 0.737 0.741 0.741 0.741 0.741 0.74 0.735 0.731 0.731 0.731 0.731 0.729 0.45 0.442 0.438 0.431 0.43 0.428 0.421 0.416 0.416 0.415 0.412 0.412 0.412 0.41 0.41 0.41 0.41 0.41 0.41 0.409 0.406 0.406 0.406 0.401 0.401 0.401 0.402 0.399 0.401 0.401 0.401 0.401 0.408 0.408 0.403 0.403 0.403 0.403 0.402 0.402 0.401 0.401 0.401 0.401 0.401 0.401 0.4 0.4 0.401 0.408 0.41 0.411 0.412 0.412 0.412 0.412 0.414 0.412 0.414 0.414 0.414 0.42 0.421 0.421 0.426 0.427 0.431 0.446 0.449 0.535 0.677 0.677 0.68 0.682 0.682 0.682 0.723 0.775 0.779 0.782 0.784 0.786 0.789 
1 1 1 1 1 1 1 1 1 1 1 1 1 1 1 1 1 1 1 1 1 1 1 1 1 1 1 1 1 1 1 1 1 1 1 1 1 1 1 1 1 1 1 1 1 1 1 1 1 1 1 1 1 1 1 1 1 1 1 1 1 1 1 1 1 1 1 1 1 1 1 1 1 1 1 1 1 1 1 1 1 1 1 1 1 1 1 1 1 1 1 1 1 1 1 1 1 1 1 1 1 1 1 1 1 1 1 1 1 1 1 1 1 1 1 1 1 1 1 1 1 1 1 1 1 1 1 1 1 1 1 1 1 1 1 1 1 1 1 1 1 1 1 1 1 1 1 1 1 1 1 1 1 1 1 1 1 1 1 1 1 1 1 1 1 1 1 1 1 1 1 1 1 1 1 1 1 1 1 1 1 1 1 1 1 1 1 1 1 1 1 1 1 1 1 1 1 1 1 1 1 1 1 1 1 1 1 1 1 1 1 1 1 1 1 1 1 1 1 1 1 1 1 1 1 1 1 1 1 1 1 1 1 1 1 1 1 1 1 1 1 1 1 1 1 1 1 1 1 1 1 1 1 1 1 1 1 1 1 1 1 1 1 1 1 1 1 1 1 1 1 1 1 1 1 1 1 1 1 1 1 1 1 1 1 1 1 1 1 1 1 1 1 1 1 1 1 1 1 1 1 1 1 1 1 1 1 1 1 1 1 1 1 1 1 1 1 1 1 1 1 1 1 1 1 1 1 1 1 1 1 1 1 1 1 1 1 1 1 1 1 1 1 1 1 1 1 1 1 1 1 1 1 1 1 1 1 1 1 1 1 1 1 1 1 1 1 1 1 1 1 1 1 1 1 1 1 1 1 1 1 1 1 1 1 1 1 1 1 1 1 1 1 1 1 1 1 1 1 1 1 1 1 1 1 1 1 1 1 1 1 1 1 1 1 1 1 1 1 1 1 1 1 1 1 1 1 1 1 1 1 1 1 1 1 1 1 1 1 1 1 1 1 1 1 1 1 1 1 1 1 1 1 1 1 1 1 1 1 1 1 1 1 1 1 1 1 1 1 1 1 1 1 1 1 1 1 1 1 1 1 1 1 1 1 1 1 1 1 1 1 1 1 1 1 1 1 1 1 1 1 1 1 1 1 1 1 1 1 1 1 1 1 1 1 1 1 1 1 1 1 1 1 1 1 1 1 1 1 1 1 1 1 1 1 1 1 1 1 1 1 1 1 1 1 1 1 1 1 1 1 1 1 1 1 1 1 1 1 1 1 1 1 1 1 1 1 1 1 1 1 1 1 1 1 1 1 1 1 1 1 1 1 1 1 1 1 1 1 1 1 1 1 1 1 1 1 1 1 1 1 1 1 1 1 1 1 1 1 1 1 1 1 1 1 1 1 1 1 1 1 1 1 1 1 1 1 1 1 1 1 1 1 1 1 1 1 1 1 1 1 1 1 1 1 1 1 1 1 1 1 1 1 1 1 1 1 1 1 1 1 1 1 1 1 1 1 1 1 1 1 1 1 1 1 1 1 1 1 1 1 1 
