# This file contains a 2D laser scan observation. 
# Its format is: 
# [aperture] [max_range] [number_of_scans] 
# [vector_of_scans] 
# [vector_of_valid_scans] 
# The aperture of the sensor is in radians, the maximum range 
# and measurements are in meters. '1' means a valid scan, '0' otherwise.
4.1847
5.6
682
0.321 0.321 0.317 0.317 0.32 0.32 0.32 0.322 0.325 0.325 0.325 0.325 0.32 0.317 0.317 0.317 0.314 0.309 0.308 0.308 0.308 0.308 0.308 0.31 0.31 0.313 0.31 0.313 0.313 0.304 0.304 0.303 0.303 0.301 0.3 0.299 0.299 0.292 0.291 0.291 0.292 0.294 0.294 0.294 0.291 0.291 0.291 0.297 0.297 0.298 0.298 0.297 0.291 0.292 0.291 0.292 0.291 0.29 0.29 0.288 0.288 0.284 0.284 0.289 0.289 0.284 0.289 0.289 0.282 0.289 0.291 0.293 0.292 0.292 0.292 0.29 0.287 0.285 0.287 0.29 0.293 0.3 0.302 0.302 0.3 0.298 0.296 0.296 0.295 0.294 0.294 0.294 0.29 0.29 0.29 0.29 0.29 0.291 0.291 0.296 0.301 0.301 0.301 0.302 0.302 0.306 0.306 0.306 0.304 0.3 0.298 0.298 0.298 0.298 0.298 0.298 0.296 0.295 0.294 0.294 0.293 0.293 0.294 0.293 0.292 0.292 0.291 0.283 0.282 0.282 0.282 0.286 0.291 0.291 0.286 0.286 0.286 0.286 0.286 0.286 0.286 0.289 0.293 0.295 0.295 0.295 0.302 0.302 0.309 0.309 0.311 0.311 0.311 0.311 0.311 0.316 0.316 0.326 0.328 0.328 0.329 0.334 0.339 0.344 0.348 0.357 0.357 0.357 0.357 0.365 0.366 0.368 0.369 0.378 0.379 0.38 0.381 0.383 0.383 0.383 0.386 0.388 0.388 0.388 0.39 0.391 0.407 0.409 0.416 0.417 0.42 0.421 0.421 0.422 0.422 0.424 0.433 0.433 0.435 0.435 0.435 0.435 0.436 0.436 0.446 0.451 0.451 0.451 0.451 0.48 0.485 0.488 0.488 0.49 0.49 0.492 0.489 0.49 0.49 0.496 0.499 0.503 0.503 0.506 0.506 0.515 0.531 0.538 0.555 0.556 0.558 0.561 0.563 0.567 0.567 0.571 0.572 0.608 0.62 0.62 0.615 0.615 0.615 0.614 0.615 0.619 0.62 0.629 0.631 0.648 0.656 0.658 0.661 0.662 0.665 0.669 0.682 0.695 0.745 0.75 0.751 0.751 0.791 0.812 0.819 0.849 0.882 0.882 0.882 0.868 0.865 0.865 0.865 0.865 0.865 0.865 0.865 0.867 0.868 0.868 0.873 0.873 0.878 0.915 0.923 0.929 0.948 1.008 1.008 1.008 0.958 0.929 0.928 0.926 0.925 0.923 0.923 0.922 0.917 0.917 0.913 0.912 0.906 0.906 0.905 0.905 0.908 0.908 0.908 0.908 0.916 0.913 0.913 0.903 0.906 0.906 0.906 0.906 0.906 0.905 0.905 0.905 0.905 0.913 0.913 0.904 0.9 0.9 0.9 0.9 0.9 0.903 0.903 0.9 0.902 0.9 0.9 0.9 0.902 0.904 0.908 0.916 0.916 0.918 0.916 0.918 0.917 0.918 0.918 0.918 0.919 0.921 0.921 0.921 0.921 0.919 0.919 0.914 0.919 0.92 0.924 0.925 0.927 0.927 0.931 1.301 1.303 1.305 1.303 1.305 1.308 1.312 1.314 1.316 1.316 1.318 1.321 1.325 1.326 1.332 1.334 1.338 1.338 1.343 1.344 1.346 1.35 1.351 1.356 1.36 1.362 1.365 1.365 1.366 1.374 1.381 1.391 1.391 1.391 1.393 1.395 1.412 1.416 1.416 1.416 1.416 1.396 1.378 1.35 1.349 1.328 1.311 1.297 1.293 1.279 1.255 1.25 1.241 1.228 1.216 1.203 1.202 1.181 1.178 1.159 1.151 1.139 1.134 1.123 1.114 1.103 1.09 1.088 1.085 1.065 1.062 1.053 1.052 1.034 1.032 1.023 1.016 1.015 1.007 0.995 0.988 0.988 0.981 0.974 0.973 0.954 0.95 0.948 0.948 0.944 0.931 0.925 0.925 0.919 0.916 0.909 0.906 0.906 0.903 0.899 0.894 0.892 0.883 0.872 0.865 0.864 0.863 0.862 0.858 0.856 0.854 0.854 0.849 0.842 0.834 0.831 0.83 0.826 0.823 0.82 0.818 0.815 0.81 0.804 0.802 0.8 0.799 0.797 0.797 0.796 0.792 0.782 0.78 0.774 0.773 0.773 0.772 0.772 0.764 0.76 0.76 0.76 0.76 0.754 0.752 0.751 0.751 0.751 0.745 0.742 0.742 0.742 0.742 0.738 0.737 0.737 0.737 0.736 0.731 0.729 0.729 0.729 0.729 0.725 0.719 0.719 0.719 0.719 0.719 0.718 0.718 0.716 0.716 0.716 0.716 0.716 0.712 0.709 0.709 0.707 0.707 0.707 0.704 0.702 0.702 0.7 0.702 0.702 0.7 0.696 0.698 0.698 0.694 0.694 0.693 0.693 0.693 0.693 0.693 0.691 0.691 0.691 0.695 0.696 0.696 0.695 0.696 0.693 0.691 0.693 0.694 0.693 0.693 0.693 0.691 0.691 0.691 0.691 0.691 0.691 0.69 0.688 0.688 0.687 0.688 0.69 0.691 0.691 0.691 0.693 0.693 0.691 0.691 0.692 0.692 0.692 0.695 0.695 0.697 0.697 0.698 0.698 0.699 0.698 0.698 0.7 0.7 0.704 0.705 0.705 0.705 0.705 0.698 0.682 0.629 0.617 0.617 0.617 0.617 0.617 0.619 0.619 0.63 0.714 0.717 0.718 0.718 0.721 0.73 0.73 0.723 0.723 0.724 0.724 0.727 0.732 0.738 0.738 0.742 0.74 0.738 0.738 0.74 0.74 0.748 0.748 0.752 0.753 0.76 0.76 0.762 0.762 0.76 0.652 0.323 0.297 0.296 0.292 0.292 0.292 0.299 0.299 0.299 0.299 0.299 0.299 0.303 0.303 0.303 0.303 0.303 0.303 0.313 0.49 0.504 0.504 0.504 
1 1 1 1 1 1 1 1 1 1 1 1 1 1 1 1 1 1 1 1 1 1 1 1 1 1 1 1 1 1 1 1 1 1 1 1 1 1 1 1 1 1 1 1 1 1 1 1 1 1 1 1 1 1 1 1 1 1 1 1 1 1 1 1 1 1 1 1 1 1 1 1 1 1 1 1 1 1 1 1 1 1 1 1 1 1 1 1 1 1 1 1 1 1 1 1 1 1 1 1 1 1 1 1 1 1 1 1 1 1 1 1 1 1 1 1 1 1 1 1 1 1 1 1 1 1 1 1 1 1 1 1 1 1 1 1 1 1 1 1 1 1 1 1 1 1 1 1 1 1 1 1 1 1 1 1 1 1 1 1 1 1 1 1 1 1 1 1 1 1 1 1 1 1 1 1 1 1 1 1 1 1 1 1 1 1 1 1 1 1 1 1 1 1 1 1 1 1 1 1 1 1 1 1 1 1 1 1 1 1 1 1 1 1 1 1 1 1 1 1 1 1 1 1 1 1 1 1 1 1 1 1 1 1 1 1 1 1 1 1 1 1 1 1 1 1 1 1 1 1 1 1 1 1 1 1 1 1 1 1 1 1 1 1 1 1 1 1 1 1 1 1 1 1 1 1 1 1 1 1 1 1 1 1 1 1 1 1 1 1 1 1 1 1 1 1 1 1 1 1 1 1 1 1 1 1 1 1 1 1 1 1 1 1 1 1 1 1 1 1 1 1 1 1 1 1 1 1 1 1 1 1 1 1 1 1 1 1 1 1 1 1 1 1 1 1 1 1 1 1 1 1 1 1 1 1 1 1 1 1 1 1 1 1 1 1 1 1 1 1 1 1 1 1 1 1 1 1 1 1 1 1 1 1 1 1 1 1 1 1 1 1 1 1 1 1 1 1 1 1 1 1 1 1 1 1 1 1 1 1 1 1 1 1 1 1 1 1 1 1 1 1 1 1 1 1 1 1 1 1 1 1 1 1 1 1 1 1 1 1 1 1 1 1 1 1 1 1 1 1 1 1 1 1 1 1 1 1 1 1 1 1 1 1 1 1 1 1 1 1 1 1 1 1 1 1 1 1 1 1 1 1 1 1 1 1 1 1 1 1 1 1 1 1 1 1 1 1 1 1 1 1 1 1 1 1 1 1 1 1 1 1 1 1 1 1 1 1 1 1 1 1 1 1 1 1 1 1 1 1 1 1 1 1 1 1 1 1 1 1 1 1 1 1 1 1 1 1 1 1 1 1 1 1 1 1 1 1 1 1 1 1 1 1 1 1 1 1 1 1 1 1 1 1 1 1 1 1 1 1 1 1 1 1 1 1 1 1 1 1 1 1 1 1 1 1 1 1 1 1 1 1 1 1 1 1 1 1 1 1 1 1 1 1 1 1 1 1 1 1 1 1 1 1 1 1 1 1 1 1 1 1 1 1 1 1 1 1 1 1 1 1 1 1 1 1 1 1 1 1 1 1 1 1 1 1 1 1 1 1 1 1 1 1 1 1 1 1 1 1 1 1 1 1 1 1 1 1 1 1 1 1 
