# This file contains a 2D laser scan observation. 
# Its format is: 
# [aperture] [max_range] [number_of_scans] 
# [vector_of_scans] 
# [vector_of_valid_scans] 
# The aperture of the sensor is in radians, the maximum range 
# and measurements are in meters. '1' means a valid scan, '0' otherwise.
4.1847
5.6
682
0.336 0.337 0.337 0.328 0.328 0.327 0.325 0.324 0.323 0.324 0.324 0.326 0.326 0.326 0.324 0.324 0.322 0.32 0.32 0.32 0.317 0.317 0.317 0.309 0.308 0.308 0.303 0.303 0.3 0.3 0.299 0.299 0.299 0.302 0.303 0.303 0.303 0.301 0.299 0.299 0.299 0.299 0.299 0.301 0.299 0.298 0.299 0.299 0.297 0.299 0.299 0.296 0.296 0.292 0.292 0.292 0.295 0.292 0.295 0.295 0.295 0.294 0.294 0.294 0.292 0.292 0.294 0.294 0.294 0.295 0.294 0.297 0.302 0.305 0.301 0.305 0.305 0.301 0.298 0.294 0.294 0.292 0.294 0.297 0.298 0.297 0.298 0.302 0.302 0.305 0.305 0.302 0.305 0.305 0.302 0.301 0.301 0.301 0.301 0.301 0.301 0.301 0.301 0.301 0.299 0.295 0.295 0.297 0.295 0.295 0.29 0.29 0.288 0.29 0.291 0.291 0.29 0.29 0.286 0.286 0.286 0.287 0.287 0.287 0.287 0.284 0.284 0.286 0.288 0.286 0.287 0.287 0.288 0.292 0.297 0.297 0.305 0.305 0.305 0.305 0.307 0.307 0.31 0.311 0.311 0.312 0.311 0.312 0.316 0.331 0.333 0.333 0.333 0.334 0.34 0.351 0.355 0.358 0.358 0.358 0.365 0.365 0.365 0.365 0.37 0.37 0.377 0.38 0.377 0.381 0.384 0.384 0.383 0.384 0.383 0.383 0.383 0.385 0.4 0.4 0.406 0.408 0.409 0.41 0.412 0.414 0.414 0.418 0.418 0.418 0.425 0.425 0.425 0.428 0.431 0.435 0.437 0.438 0.441 0.445 0.451 0.454 0.473 0.474 0.475 0.478 0.478 0.478 0.482 0.482 0.482 0.484 0.486 0.486 0.486 0.487 0.493 0.497 0.504 0.507 0.51 0.531 0.537 0.541 0.544 0.548 0.548 0.551 0.551 0.556 0.571 0.572 0.597 0.604 0.604 0.604 0.604 0.602 0.602 0.602 0.602 0.608 0.612 0.619 0.623 0.639 0.648 0.648 0.651 0.654 0.656 0.659 0.66 0.695 0.723 0.727 0.727 0.727 0.771 0.801 0.808 0.839 0.859 0.869 0.869 0.869 0.865 0.861 0.856 0.846 0.846 0.846 0.846 0.854 0.855 0.855 0.855 0.857 0.857 0.877 0.902 0.91 0.919 0.931 0.997 0.997 0.997 0.927 0.915 0.908 0.908 0.914 0.908 0.909 0.909 0.907 0.903 0.907 0.9 0.9 0.897 0.895 0.895 0.895 0.895 0.895 0.895 0.895 0.895 0.895 0.895 0.895 0.895 0.895 0.894 0.894 0.892 0.892 0.89 0.89 0.888 0.885 0.884 0.884 0.884 0.883 0.889 0.889 0.889 0.885 0.889 0.89 0.89 0.893 0.893 0.893 0.893 0.893 0.894 0.894 0.894 0.894 0.894 0.894 0.894 0.894 0.895 0.898 0.895 0.895 0.896 0.896 0.896 0.897 0.897 0.899 0.902 0.904 0.904 0.909 0.909 0.91 0.925 0.943 1.284 1.29 1.29 1.29 1.29 1.295 1.296 1.296 1.297 1.297 1.307 1.307 1.31 1.313 1.313 1.313 1.314 1.323 1.323 1.323 1.328 1.33 1.34 1.342 1.35 1.352 1.352 1.352 1.352 1.352 1.36 1.36 1.363 1.373 1.375 1.385 1.391 1.397 1.391 1.391 1.389 1.374 1.361 1.341 1.333 1.309 1.305 1.289 1.271 1.263 1.248 1.238 1.22 1.215 1.201 1.187 1.176 1.176 1.165 1.152 1.137 1.134 1.115 1.11 1.1 1.095 1.074 1.073 1.068 1.06 1.055 1.047 1.044 1.025 1.02 1.009 1.005 0.996 0.993 0.992 0.992 0.977 0.972 0.966 0.961 0.954 0.946 0.944 0.932 0.928 0.926 0.92 0.909 0.909 0.907 0.904 0.894 0.893 0.89 0.889 0.885 0.885 0.881 0.866 0.857 0.855 0.852 0.85 0.848 0.848 0.839 0.827 0.826 0.826 0.823 0.82 0.819 0.819 0.813 0.813 0.812 0.807 0.798 0.797 0.797 0.796 0.795 0.792 0.789 0.787 0.782 0.781 0.778 0.773 0.769 0.768 0.768 0.767 0.764 0.764 0.752 0.748 0.747 0.747 0.747 0.747 0.747 0.747 0.744 0.74 0.734 0.734 0.734 0.733 0.729 0.729 0.729 0.724 0.724 0.722 0.722 0.722 0.722 0.722 0.718 0.717 0.717 0.717 0.716 0.716 0.716 0.716 0.714 0.707 0.707 0.708 0.707 0.708 0.708 0.708 0.706 0.706 0.7 0.7 0.7 0.702 0.702 0.702 0.696 0.695 0.695 0.695 0.694 0.694 0.694 0.694 0.692 0.694 0.692 0.691 0.69 0.691 0.689 0.69 0.69 0.69 0.689 0.689 0.687 0.687 0.687 0.687 0.689 0.692 0.689 0.691 0.691 0.691 0.691 0.691 0.691 0.69 0.69 0.69 0.69 0.69 0.689 0.689 0.686 0.689 0.686 0.694 0.687 0.693 0.691 0.691 0.691 0.693 0.693 0.698 0.7 0.7 0.7 0.7 0.7 0.695 0.695 0.699 0.695 0.695 0.699 0.699 0.7 0.702 0.702 0.702 0.702 0.67 0.635 0.619 0.619 0.619 0.619 0.619 0.626 0.626 0.635 0.722 0.722 0.722 0.722 0.722 0.725 0.725 0.726 0.726 0.725 0.724 0.725 0.725 0.731 0.739 0.743 0.743 0.743 0.743 0.745 0.751 0.753 0.754 0.754 0.754 0.755 0.76 0.765 0.767 0.775 0.775 0.776 0.776 0.77 0.662 0.348 0.303 0.301 0.301 0.301 0.3 0.3 0.3 0.3 0.305 0.305 0.305 0.305 0.303 0.301 0.303 
1 1 1 1 1 1 1 1 1 1 1 1 1 1 1 1 1 1 1 1 1 1 1 1 1 1 1 1 1 1 1 1 1 1 1 1 1 1 1 1 1 1 1 1 1 1 1 1 1 1 1 1 1 1 1 1 1 1 1 1 1 1 1 1 1 1 1 1 1 1 1 1 1 1 1 1 1 1 1 1 1 1 1 1 1 1 1 1 1 1 1 1 1 1 1 1 1 1 1 1 1 1 1 1 1 1 1 1 1 1 1 1 1 1 1 1 1 1 1 1 1 1 1 1 1 1 1 1 1 1 1 1 1 1 1 1 1 1 1 1 1 1 1 1 1 1 1 1 1 1 1 1 1 1 1 1 1 1 1 1 1 1 1 1 1 1 1 1 1 1 1 1 1 1 1 1 1 1 1 1 1 1 1 1 1 1 1 1 1 1 1 1 1 1 1 1 1 1 1 1 1 1 1 1 1 1 1 1 1 1 1 1 1 1 1 1 1 1 1 1 1 1 1 1 1 1 1 1 1 1 1 1 1 1 1 1 1 1 1 1 1 1 1 1 1 1 1 1 1 1 1 1 1 1 1 1 1 1 1 1 1 1 1 1 1 1 1 1 1 1 1 1 1 1 1 1 1 1 1 1 1 1 1 1 1 1 1 1 1 1 1 1 1 1 1 1 1 1 1 1 1 1 1 1 1 1 1 1 1 1 1 1 1 1 1 1 1 1 1 1 1 1 1 1 1 1 1 1 1 1 1 1 1 1 1 1 1 1 1 1 1 1 1 1 1 1 1 1 1 1 1 1 1 1 1 1 1 1 1 1 1 1 1 1 1 1 1 1 1 1 1 1 1 1 1 1 1 1 1 1 1 1 1 1 1 1 1 1 1 1 1 1 1 1 1 1 1 1 1 1 1 1 1 1 1 1 1 1 1 1 1 1 1 1 1 1 1 1 1 1 1 1 1 1 1 1 1 1 1 1 1 1 1 1 1 1 1 1 1 1 1 1 1 1 1 1 1 1 1 1 1 1 1 1 1 1 1 1 1 1 1 1 1 1 1 1 1 1 1 1 1 1 1 1 1 1 1 1 1 1 1 1 1 1 1 1 1 1 1 1 1 1 1 1 1 1 1 1 1 1 1 1 1 1 1 1 1 1 1 1 1 1 1 1 1 1 1 1 1 1 1 1 1 1 1 1 1 1 1 1 1 1 1 1 1 1 1 1 1 1 1 1 1 1 1 1 1 1 1 1 1 1 1 1 1 1 1 1 1 1 1 1 1 1 1 1 1 1 1 1 1 1 1 1 1 1 1 1 1 1 1 1 1 1 1 1 1 1 1 1 1 1 1 1 1 1 1 1 1 1 1 1 1 1 1 1 1 1 1 1 1 1 1 1 1 1 1 1 1 1 1 1 1 1 1 1 1 1 1 1 1 1 1 1 1 1 1 1 1 1 1 1 1 1 1 1 1 1 1 1 1 1 1 1 1 1 1 1 1 1 1 1 1 1 1 1 1 1 1 1 1 1 1 1 1 1 1 1 1 1 1 1 
