# This file contains a 2D laser scan observation. 
# Its format is: 
# [aperture] [max_range] [number_of_scans] 
# [vector_of_scans] 
# [vector_of_valid_scans] 
# The aperture of the sensor is in radians, the maximum range 
# and measurements are in meters. '1' means a valid scan, '0' otherwise.
4.1847
5.6
682
0.343 0.343 0.343 0.337 0.337 0.335 0.329 0.326 0.321 0.321 0.317 0.316 0.317 0.317 0.317 0.32 0.32 0.32 0.311 0.311 0.311 0.313 0.313 0.314 0.314 0.317 0.317 0.314 0.31 0.309 0.306 0.306 0.303 0.303 0.303 0.303 0.3 0.3 0.3 0.303 0.306 0.306 0.303 0.303 0.305 0.301 0.305 0.307 0.305 0.307 0.307 0.305 0.305 0.307 0.303 0.306 0.306 0.306 0.303 0.306 0.303 0.303 0.304 0.305 0.305 0.305 0.305 0.305 0.305 0.305 0.305 0.307 0.309 0.309 0.307 0.305 0.301 0.301 0.301 0.301 0.301 0.3 0.302 0.3 0.299 0.291 0.291 0.291 0.291 0.292 0.292 0.292 0.291 0.291 0.29 0.288 0.288 0.288 0.288 0.288 0.289 0.292 0.292 0.293 0.293 0.282 0.282 0.288 0.288 0.288 0.29 0.289 0.289 0.289 0.291 0.297 0.303 0.304 0.308 0.308 0.308 0.308 0.307 0.305 0.304 0.305 0.307 0.311 0.313 0.314 0.324 0.325 0.33 0.33 0.333 0.333 0.333 0.336 0.351 0.356 0.356 0.356 0.356 0.353 0.352 0.351 0.351 0.352 0.36 0.361 0.361 0.361 0.365 0.362 0.365 0.365 0.368 0.365 0.365 0.365 0.367 0.367 0.368 0.381 0.387 0.387 0.386 0.388 0.392 0.392 0.397 0.4 0.4 0.4 0.405 0.408 0.408 0.407 0.408 0.407 0.407 0.412 0.414 0.417 0.42 0.427 0.429 0.429 0.434 0.439 0.452 0.453 0.454 0.454 0.456 0.456 0.457 0.461 0.461 0.465 0.465 0.465 0.467 0.475 0.479 0.481 0.481 0.481 0.485 0.488 0.491 0.503 0.504 0.518 0.519 0.521 0.525 0.526 0.526 0.538 0.549 0.549 0.55 0.579 0.579 0.579 0.583 0.579 0.58 0.583 0.581 0.58 0.581 0.581 0.581 0.585 0.603 0.61 0.61 0.62 0.625 0.625 0.626 0.629 0.63 0.636 0.657 0.693 0.711 0.711 0.711 0.714 0.745 0.772 0.777 0.786 0.827 0.843 0.843 0.843 0.839 0.839 0.829 0.823 0.821 0.821 0.821 0.821 0.822 0.822 0.822 0.828 0.829 0.836 0.844 0.885 0.889 0.89 0.896 0.914 1.003 1.003 1.003 0.891 0.888 0.876 0.876 0.876 0.879 0.879 0.879 0.873 0.872 0.871 0.872 0.868 0.868 0.868 0.868 0.868 0.869 0.867 0.869 0.87 0.87 0.868 0.869 0.868 0.867 0.865 0.865 0.863 0.861 0.861 0.861 0.861 0.858 0.855 0.852 0.855 0.855 0.856 0.856 0.856 0.858 0.858 0.856 0.856 0.86 0.856 0.855 0.859 0.855 0.855 0.857 0.859 0.86 0.86 0.86 0.856 0.856 0.856 0.859 0.862 0.862 0.862 0.862 0.862 0.862 0.865 0.865 0.866 0.867 0.867 0.867 0.869 0.872 0.872 0.871 0.872 0.874 0.877 1.255 1.261 1.261 1.255 1.255 1.255 1.255 1.257 1.26 1.265 1.272 1.272 1.272 1.277 1.277 1.277 1.28 1.284 1.288 1.298 1.3 1.302 1.303 1.303 1.306 1.309 1.312 1.314 1.321 1.327 1.332 1.332 1.333 1.334 1.334 1.338 1.347 1.361 1.363 1.367 1.367 1.367 1.357 1.341 1.321 1.296 1.282 1.277 1.265 1.245 1.229 1.229 1.211 1.196 1.185 1.182 1.167 1.163 1.15 1.14 1.124 1.123 1.11 1.104 1.095 1.079 1.077 1.073 1.06 1.051 1.042 1.04 1.03 1.023 1.02 1.015 1.006 0.993 0.989 0.984 0.971 0.969 0.967 0.962 0.957 0.938 0.935 0.93 0.927 0.923 0.919 0.917 0.91 0.91 0.898 0.888 0.886 0.884 0.879 0.879 0.878 0.875 0.873 0.859 0.856 0.852 0.852 0.847 0.847 0.845 0.845 0.835 0.828 0.823 0.819 0.816 0.812 0.812 0.808 0.802 0.8 0.8 0.798 0.796 0.79 0.787 0.786 0.785 0.783 0.779 0.779 0.773 0.773 0.772 0.768 0.765 0.763 0.762 0.752 0.752 0.752 0.749 0.751 0.751 0.746 0.744 0.735 0.732 0.732 0.732 0.731 0.73 0.73 0.729 0.726 0.724 0.72 0.719 0.72 0.718 0.716 0.715 0.715 0.715 0.716 0.716 0.716 0.716 0.705 0.705 0.7 0.7 0.706 0.706 0.705 0.705 0.701 0.7 0.699 0.694 0.698 0.693 0.693 0.693 0.692 0.692 0.692 0.692 0.692 0.691 0.691 0.685 0.687 0.687 0.685 0.684 0.687 0.688 0.684 0.686 0.686 0.683 0.683 0.684 0.684 0.685 0.687 0.685 0.687 0.687 0.683 0.683 0.686 0.683 0.684 0.684 0.683 0.683 0.683 0.683 0.683 0.683 0.686 0.683 0.683 0.685 0.685 0.683 0.685 0.685 0.687 0.687 0.687 0.684 0.684 0.684 0.684 0.684 0.686 0.687 0.69 0.69 0.69 0.69 0.689 0.689 0.689 0.689 0.689 0.69 0.689 0.69 0.692 0.697 0.697 0.697 0.697 0.697 0.697 0.697 0.704 0.704 0.706 0.706 0.706 0.704 0.66 0.625 0.622 0.622 0.622 0.621 0.628 0.63 0.63 0.649 0.71 0.724 0.724 0.724 0.732 0.732 0.732 0.733 0.738 0.738 0.741 0.746 0.746 0.75 0.75 0.75 0.753 0.756 0.757 0.758 0.758 0.76 0.763 0.773 0.774 0.775 0.775 0.776 0.777 0.779 0.791 0.793 0.793 0.794 0.799 0.801 0.801 0.803 0.803 0.801 0.739 0.472 0.324 0.319 
1 1 1 1 1 1 1 1 1 1 1 1 1 1 1 1 1 1 1 1 1 1 1 1 1 1 1 1 1 1 1 1 1 1 1 1 1 1 1 1 1 1 1 1 1 1 1 1 1 1 1 1 1 1 1 1 1 1 1 1 1 1 1 1 1 1 1 1 1 1 1 1 1 1 1 1 1 1 1 1 1 1 1 1 1 1 1 1 1 1 1 1 1 1 1 1 1 1 1 1 1 1 1 1 1 1 1 1 1 1 1 1 1 1 1 1 1 1 1 1 1 1 1 1 1 1 1 1 1 1 1 1 1 1 1 1 1 1 1 1 1 1 1 1 1 1 1 1 1 1 1 1 1 1 1 1 1 1 1 1 1 1 1 1 1 1 1 1 1 1 1 1 1 1 1 1 1 1 1 1 1 1 1 1 1 1 1 1 1 1 1 1 1 1 1 1 1 1 1 1 1 1 1 1 1 1 1 1 1 1 1 1 1 1 1 1 1 1 1 1 1 1 1 1 1 1 1 1 1 1 1 1 1 1 1 1 1 1 1 1 1 1 1 1 1 1 1 1 1 1 1 1 1 1 1 1 1 1 1 1 1 1 1 1 1 1 1 1 1 1 1 1 1 1 1 1 1 1 1 1 1 1 1 1 1 1 1 1 1 1 1 1 1 1 1 1 1 1 1 1 1 1 1 1 1 1 1 1 1 1 1 1 1 1 1 1 1 1 1 1 1 1 1 1 1 1 1 1 1 1 1 1 1 1 1 1 1 1 1 1 1 1 1 1 1 1 1 1 1 1 1 1 1 1 1 1 1 1 1 1 1 1 1 1 1 1 1 1 1 1 1 1 1 1 1 1 1 1 1 1 1 1 1 1 1 1 1 1 1 1 1 1 1 1 1 1 1 1 1 1 1 1 1 1 1 1 1 1 1 1 1 1 1 1 1 1 1 1 1 1 1 1 1 1 1 1 1 1 1 1 1 1 1 1 1 1 1 1 1 1 1 1 1 1 1 1 1 1 1 1 1 1 1 1 1 1 1 1 1 1 1 1 1 1 1 1 1 1 1 1 1 1 1 1 1 1 1 1 1 1 1 1 1 1 1 1 1 1 1 1 1 1 1 1 1 1 1 1 1 1 1 1 1 1 1 1 1 1 1 1 1 1 1 1 1 1 1 1 1 1 1 1 1 1 1 1 1 1 1 1 1 1 1 1 1 1 1 1 1 1 1 1 1 1 1 1 1 1 1 1 1 1 1 1 1 1 1 1 1 1 1 1 1 1 1 1 1 1 1 1 1 1 1 1 1 1 1 1 1 1 1 1 1 1 1 1 1 1 1 1 1 1 1 1 1 1 1 1 1 1 1 1 1 1 1 1 1 1 1 1 1 1 1 1 1 1 1 1 1 1 1 1 1 1 1 1 1 1 1 1 1 1 1 1 1 1 1 1 1 1 1 1 1 1 1 1 1 1 1 1 1 1 1 1 1 1 1 1 1 1 1 1 1 1 1 1 1 1 1 1 1 1 1 1 1 1 1 1 1 1 1 1 
