# This file contains a 2D laser scan observation. 
# Its format is: 
# [aperture] [max_range] [number_of_scans] 
# [vector_of_scans] 
# [vector_of_valid_scans] 
# The aperture of the sensor is in radians, the maximum range 
# and measurements are in meters. '1' means a valid scan, '0' otherwise.
4.1847
5.6
682
0.348 0.348 0.348 0.349 0.349 0.345 0.346 0.346 0.344 0.342 0.342 0.342 0.338 0.336 0.338 0.337 0.337 0.337 0.337 0.337 0.339 0.34 0.339 0.339 0.335 0.333 0.328 0.328 0.324 0.324 0.317 0.317 0.315 0.315 0.313 0.312 0.309 0.307 0.304 0.304 0.304 0.304 0.298 0.297 0.295 0.297 0.297 0.297 0.293 0.296 0.296 0.297 0.296 0.296 0.294 0.294 0.294 0.293 0.294 0.294 0.294 0.294 0.297 0.299 0.302 0.299 0.302 0.302 0.303 0.302 0.303 0.302 0.302 0.302 0.306 0.306 0.306 0.307 0.307 0.317 0.321 0.321 0.321 0.327 0.328 0.328 0.328 0.329 0.329 0.329 0.33 0.337 0.338 0.342 0.342 0.346 0.346 0.346 0.34 0.339 0.339 0.34 0.343 0.344 0.345 0.346 0.346 0.347 0.347 0.347 0.344 0.344 0.344 0.344 0.344 0.344 0.35 0.35 0.35 0.344 0.344 0.344 0.352 0.353 0.358 0.364 0.364 0.36 0.36 0.36 0.36 0.364 0.371 0.371 0.371 0.371 0.367 0.367 0.366 0.367 0.367 0.367 0.367 0.368 0.368 0.372 0.381 0.382 0.382 0.383 0.383 0.384 0.384 0.392 0.395 0.396 0.401 0.407 0.407 0.414 0.407 0.406 0.406 0.407 0.407 0.411 0.411 0.413 0.413 0.414 0.414 0.414 0.42 0.42 0.42 0.42 0.419 0.419 0.426 0.431 0.431 0.431 0.431 0.45 0.452 0.458 0.458 0.459 0.463 0.464 0.466 0.469 0.471 0.471 0.471 0.476 0.478 0.477 0.478 0.497 0.498 0.502 0.503 0.504 0.512 0.514 0.513 0.513 0.513 0.514 0.514 0.514 0.516 0.52 0.52 0.52 0.527 0.534 0.534 0.548 0.548 0.548 0.548 0.548 0.553 0.553 0.553 0.56 0.565 0.569 0.573 0.596 0.631 0.631 0.631 0.633 0.633 0.637 0.639 0.662 0.667 0.699 0.701 0.701 0.721 0.738 0.758 0.776 0.776 0.776 0.757 0.75 0.746 0.746 0.746 0.746 0.746 0.747 0.75 0.75 0.75 0.752 0.752 0.755 0.757 0.763 0.785 0.801 0.807 0.815 0.815 0.818 0.84 0.892 0.892 0.892 0.81 0.809 0.805 0.8 0.8 0.8 0.8 0.795 0.795 0.795 0.788 0.786 0.785 0.785 0.783 0.783 0.783 0.776 0.775 0.775 0.772 0.772 0.768 0.766 0.764 0.763 0.763 0.763 0.763 0.763 0.765 0.765 0.761 0.76 0.756 0.756 0.757 0.758 0.757 0.757 0.757 0.751 0.751 0.751 0.753 0.751 0.751 0.751 0.753 0.752 0.752 0.752 0.752 0.75 0.75 0.749 0.749 0.75 0.75 0.75 0.753 0.758 0.758 0.758 0.758 0.758 0.756 0.758 0.758 0.758 0.757 0.758 0.757 0.757 0.757 0.755 0.755 0.76 0.766 0.771 0.774 0.781 0.784 0.787 0.787 0.787 0.791 0.791 1.159 1.169 1.169 1.169 1.169 1.169 1.161 1.166 1.166 1.173 1.173 1.173 1.175 1.175 1.181 1.183 1.184 1.184 1.191 1.194 1.202 1.203 1.208 1.211 1.211 1.214 1.215 1.217 1.22 1.224 1.23 1.235 1.236 1.247 1.247 1.248 1.249 1.249 1.265 1.267 1.269 1.272 1.272 1.269 1.262 1.246 1.238 1.228 1.207 1.204 1.175 1.169 1.163 1.146 1.146 1.137 1.131 1.115 1.107 1.089 1.083 1.081 1.061 1.058 1.048 1.043 1.037 1.022 1.018 1.015 1.011 0.995 0.992 0.99 0.978 0.976 0.971 0.961 0.954 0.939 0.939 0.937 0.925 0.921 0.919 0.913 0.913 0.907 0.904 0.895 0.893 0.885 0.883 0.881 0.881 0.872 0.865 0.863 0.856 0.855 0.855 0.848 0.838 0.836 0.835 0.834 0.833 0.821 0.82 0.817 0.814 0.812 0.806 0.806 0.805 0.803 0.793 0.793 0.788 0.787 0.784 0.78 0.776 0.771 0.768 0.767 0.766 0.765 0.761 0.758 0.753 0.743 0.74 0.74 0.741 0.741 0.741 0.743 0.741 0.738 0.738 0.735 0.734 0.728 0.728 0.723 0.719 0.717 0.717 0.709 0.709 0.709 0.709 0.709 0.709 0.709 0.707 0.707 0.704 0.704 0.7 0.7 0.7 0.698 0.698 0.698 0.697 0.698 0.694 0.694 0.694 0.694 0.688 0.685 0.682 0.682 0.685 0.685 0.681 0.681 0.681 0.68 0.679 0.679 0.676 0.675 0.676 0.675 0.676 0.677 0.677 0.673 0.677 0.673 0.672 0.673 0.67 0.67 0.671 0.671 0.67 0.671 0.671 0.67 0.67 0.669 0.668 0.667 0.667 0.667 0.667 0.669 0.67 0.67 0.669 0.669 0.669 0.668 0.669 0.669 0.67 0.669 0.67 0.67 0.67 0.67 0.67 0.67 0.673 0.673 0.672 0.67 0.672 0.67 0.672 0.676 0.676 0.675 0.676 0.676 0.676 0.676 0.676 0.678 0.678 0.679 0.683 0.683 0.683 0.682 0.682 0.682 0.682 0.683 0.683 0.684 0.688 0.69 0.69 0.69 0.694 0.694 0.694 0.694 0.696 0.7 0.702 0.704 0.705 0.705 0.705 0.705 0.705 0.705 0.707 0.709 0.714 0.714 0.719 0.722 0.722 0.722 0.722 0.722 0.723 0.727 0.727 0.723 0.69 0.652 0.647 0.647 0.646 0.646 0.646 0.658 0.661 0.683 0.762 0.762 0.762 0.762 0.766 0.768 0.769 0.774 0.776 0.777 0.778 0.784 0.788 0.79 0.791 0.791 0.797 0.799 0.802 0.81 
1 1 1 1 1 1 1 1 1 1 1 1 1 1 1 1 1 1 1 1 1 1 1 1 1 1 1 1 1 1 1 1 1 1 1 1 1 1 1 1 1 1 1 1 1 1 1 1 1 1 1 1 1 1 1 1 1 1 1 1 1 1 1 1 1 1 1 1 1 1 1 1 1 1 1 1 1 1 1 1 1 1 1 1 1 1 1 1 1 1 1 1 1 1 1 1 1 1 1 1 1 1 1 1 1 1 1 1 1 1 1 1 1 1 1 1 1 1 1 1 1 1 1 1 1 1 1 1 1 1 1 1 1 1 1 1 1 1 1 1 1 1 1 1 1 1 1 1 1 1 1 1 1 1 1 1 1 1 1 1 1 1 1 1 1 1 1 1 1 1 1 1 1 1 1 1 1 1 1 1 1 1 1 1 1 1 1 1 1 1 1 1 1 1 1 1 1 1 1 1 1 1 1 1 1 1 1 1 1 1 1 1 1 1 1 1 1 1 1 1 1 1 1 1 1 1 1 1 1 1 1 1 1 1 1 1 1 1 1 1 1 1 1 1 1 1 1 1 1 1 1 1 1 1 1 1 1 1 1 1 1 1 1 1 1 1 1 1 1 1 1 1 1 1 1 1 1 1 1 1 1 1 1 1 1 1 1 1 1 1 1 1 1 1 1 1 1 1 1 1 1 1 1 1 1 1 1 1 1 1 1 1 1 1 1 1 1 1 1 1 1 1 1 1 1 1 1 1 1 1 1 1 1 1 1 1 1 1 1 1 1 1 1 1 1 1 1 1 1 1 1 1 1 1 1 1 1 1 1 1 1 1 1 1 1 1 1 1 1 1 1 1 1 1 1 1 1 1 1 1 1 1 1 1 1 1 1 1 1 1 1 1 1 1 1 1 1 1 1 1 1 1 1 1 1 1 1 1 1 1 1 1 1 1 1 1 1 1 1 1 1 1 1 1 1 1 1 1 1 1 1 1 1 1 1 1 1 1 1 1 1 1 1 1 1 1 1 1 1 1 1 1 1 1 1 1 1 1 1 1 1 1 1 1 1 1 1 1 1 1 1 1 1 1 1 1 1 1 1 1 1 1 1 1 1 1 1 1 1 1 1 1 1 1 1 1 1 1 1 1 1 1 1 1 1 1 1 1 1 1 1 1 1 1 1 1 1 1 1 1 1 1 1 1 1 1 1 1 1 1 1 1 1 1 1 1 1 1 1 1 1 1 1 1 1 1 1 1 1 1 1 1 1 1 1 1 1 1 1 1 1 1 1 1 1 1 1 1 1 1 1 1 1 1 1 1 1 1 1 1 1 1 1 1 1 1 1 1 1 1 1 1 1 1 1 1 1 1 1 1 1 1 1 1 1 1 1 1 1 1 1 1 1 1 1 1 1 1 1 1 1 1 1 1 1 1 1 1 1 1 1 1 1 1 1 1 1 1 1 1 1 1 1 1 1 1 1 1 1 1 1 1 1 1 1 1 1 1 1 1 1 1 1 1 1 1 1 1 1 1 1 1 1 1 1 1 1 1 1 1 1 1 
