# This file contains a 2D laser scan observation. 
# Its format is: 
# [aperture] [max_range] [number_of_scans] 
# [vector_of_scans] 
# [vector_of_valid_scans] 
# The aperture of the sensor is in radians, the maximum range 
# and measurements are in meters. '1' means a valid scan, '0' otherwise.
4.1847
5.6
682
0.353 0.352 0.352 0.344 0.344 0.342 0.327 0.325 0.323 0.322 0.313 0.313 0.308 0.304 0.303 0.303 0.299 0.299 0.299 0.284 0.283 0.28 0.28 0.281 0.279 0.277 0.277 0.277 0.276 0.276 0.275 0.28 0.272 0.274 0.274 0.274 0.274 0.274 0.274 0.274 0.274 0.274 0.274 0.274 0.273 0.273 0.273 0.27 0.269 0.27 0.277 0.277 0.277 0.277 0.277 0.276 0.276 0.278 0.279 0.282 0.283 0.283 0.283 0.283 0.281 0.281 0.281 0.282 0.282 0.283 0.282 0.282 0.283 0.281 0.277 0.279 0.279 0.277 0.275 0.275 0.274 0.271 0.271 0.27 0.27 0.271 0.274 0.274 0.281 0.274 0.27 0.265 0.265 0.265 0.265 0.265 0.265 0.265 0.265 0.267 0.267 0.264 0.263 0.263 0.261 0.26 0.26 0.261 0.261 0.263 0.265 0.271 0.273 0.273 0.273 0.268 0.268 0.268 0.269 0.269 0.269 0.263 0.263 0.263 0.262 0.262 0.262 0.262 0.257 0.257 0.258 0.258 0.258 0.258 0.258 0.258 0.258 0.258 0.258 0.256 0.255 0.256 0.256 0.256 0.259 0.259 0.259 0.259 0.259 0.26 0.262 0.262 0.264 0.264 0.271 0.271 0.273 0.275 0.275 0.275 0.275 0.265 0.265 0.275 0.278 0.278 0.279 0.282 0.279 0.282 0.283 0.282 0.281 0.282 0.281 0.281 0.281 0.283 0.283 0.287 0.287 0.287 0.287 0.287 0.287 0.284 0.287 0.284 0.284 0.284 0.286 0.284 0.286 0.286 0.287 0.288 0.288 0.289 0.289 0.289 0.289 0.289 0.291 0.291 0.29 0.29 0.29 0.29 0.297 0.299 0.305 0.311 0.311 0.311 0.311 0.313 0.311 0.314 0.315 0.321 0.326 0.326 0.326 0.325 0.325 0.325 0.332 0.332 0.333 0.334 0.335 0.336 0.336 0.336 0.336 0.343 0.346 0.348 0.352 0.353 0.362 0.373 0.373 0.373 0.373 0.372 0.372 0.376 0.373 0.375 0.375 0.374 0.373 0.371 0.371 0.374 0.382 0.382 0.382 0.382 0.379 0.377 0.379 0.379 0.379 0.386 0.393 0.393 0.395 0.398 0.399 0.401 0.409 0.409 0.407 0.407 0.407 0.407 0.407 0.407 0.413 0.42 0.421 0.427 0.433 0.457 0.473 0.477 0.489 0.489 0.489 0.488 0.485 0.485 0.485 0.497 0.509 0.525 0.532 0.539 0.549 0.551 0.562 0.571 0.576 0.601 0.602 0.624 0.63 0.63 0.63 0.621 0.616 0.611 0.609 0.606 0.606 0.606 0.608 0.608 0.608 0.608 0.613 0.613 0.613 0.613 0.613 0.613 0.613 0.613 0.616 0.636 0.669 0.669 0.671 0.671 0.672 0.672 0.675 0.812 0.812 0.812 0.808 0.67 0.659 0.659 0.66 0.66 0.66 0.66 0.66 0.657 0.657 0.654 0.639 0.632 0.63 0.625 0.625 0.625 0.625 0.625 0.626 0.626 0.623 0.63 0.63 0.624 0.624 0.624 0.624 0.624 0.622 0.622 0.622 0.622 0.623 0.626 0.623 0.625 0.625 0.627 0.625 0.627 0.627 0.627 0.627 0.627 0.624 0.628 0.624 0.624 0.624 0.628 0.628 0.628 0.624 0.627 0.624 0.624 0.627 0.627 0.628 0.63 0.63 0.63 0.628 0.627 0.627 0.63 0.63 0.632 0.632 0.632 0.634 0.634 0.634 0.634 0.634 0.632 0.632 0.634 0.632 0.632 0.631 0.63 0.63 0.631 0.632 0.636 0.636 0.636 0.636 0.636 0.636 0.638 0.64 0.643 0.657 0.675 0.675 0.675 0.675 0.675 0.675 0.678 0.682 0.679 0.682 0.682 1.051 1.061 1.074 1.079 1.081 1.081 1.081 1.082 1.088 1.089 1.099 1.102 1.104 1.106 1.115 1.117 1.119 1.125 1.125 1.135 1.138 1.138 1.14 1.145 1.145 1.154 1.155 1.163 1.166 1.167 1.168 1.171 1.188 1.19 1.198 1.198 1.198 1.187 1.186 1.173 1.159 1.145 1.145 1.142 1.119 1.115 1.103 1.101 1.093 1.079 1.076 1.068 1.055 1.054 1.047 1.043 1.037 1.028 1.02 1.016 1.005 1.004 0.994 0.994 0.989 0.978 0.971 0.967 0.963 0.959 0.957 0.949 0.946 0.939 0.935 0.927 0.924 0.919 0.917 0.914 0.912 0.91 0.902 0.899 0.895 0.892 0.886 0.885 0.884 0.878 0.871 0.868 0.867 0.862 0.859 0.857 0.852 0.851 0.851 0.844 0.842 0.842 0.839 0.837 0.832 0.828 0.828 0.825 0.823 0.82 0.814 0.814 0.814 0.814 0.81 0.809 0.802 0.8 0.8 0.8 0.799 0.793 0.791 0.79 0.79 0.784 0.784 0.784 0.784 0.773 0.77 0.77 0.769 0.769 0.767 0.769 0.769 0.77 0.769 0.769 0.768 0.767 0.764 0.762 0.761 0.758 0.758 0.752 0.752 0.752 0.752 0.752 0.751 0.755 0.755 0.751 0.751 0.747 0.747 0.747 0.746 0.741 0.741 0.741 0.741 0.741 0.744 0.739 0.743 0.743 0.743 0.735 0.735 0.735 0.734 0.732 0.732 0.732 0.732 0.734 0.734 0.734 0.736 0.734 0.733 0.73 0.726 0.726 0.726 0.732 0.734 0.735 0.735 0.735 0.735 0.735 0.735 0.735 0.735 0.735 0.74 0.74 0.74 0.74 0.742 0.74 0.739 0.739 0.737 0.737 0.737 0.737 0.74 0.74 0.741 0.741 0.741 0.744 0.744 0.749 0.75 0.75 0.75 0.749 0.748 0.748 0.748 0.748 0.749 0.751 0.751 0.754 
1 1 1 1 1 1 1 1 1 1 1 1 1 1 1 1 1 1 1 1 1 1 1 1 1 1 1 1 1 1 1 1 1 1 1 1 1 1 1 1 1 1 1 1 1 1 1 1 1 1 1 1 1 1 1 1 1 1 1 1 1 1 1 1 1 1 1 1 1 1 1 1 1 1 1 1 1 1 1 1 1 1 1 1 1 1 1 1 1 1 1 1 1 1 1 1 1 1 1 1 1 1 1 1 1 1 1 1 1 1 1 1 1 1 1 1 1 1 1 1 1 1 1 1 1 1 1 1 1 1 1 1 1 1 1 1 1 1 1 1 1 1 1 1 1 1 1 1 1 1 1 1 1 1 1 1 1 1 1 1 1 1 1 1 1 1 1 1 1 1 1 1 1 1 1 1 1 1 1 1 1 1 1 1 1 1 1 1 1 1 1 1 1 1 1 1 1 1 1 1 1 1 1 1 1 1 1 1 1 1 1 1 1 1 1 1 1 1 1 1 1 1 1 1 1 1 1 1 1 1 1 1 1 1 1 1 1 1 1 1 1 1 1 1 1 1 1 1 1 1 1 1 1 1 1 1 1 1 1 1 1 1 1 1 1 1 1 1 1 1 1 1 1 1 1 1 1 1 1 1 1 1 1 1 1 1 1 1 1 1 1 1 1 1 1 1 1 1 1 1 1 1 1 1 1 1 1 1 1 1 1 1 1 1 1 1 1 1 1 1 1 1 1 1 1 1 1 1 1 1 1 1 1 1 1 1 1 1 1 1 1 1 1 1 1 1 1 1 1 1 1 1 1 1 1 1 1 1 1 1 1 1 1 1 1 1 1 1 1 1 1 1 1 1 1 1 1 1 1 1 1 1 1 1 1 1 1 1 1 1 1 1 1 1 1 1 1 1 1 1 1 1 1 1 1 1 1 1 1 1 1 1 1 1 1 1 1 1 1 1 1 1 1 1 1 1 1 1 1 1 1 1 1 1 1 1 1 1 1 1 1 1 1 1 1 1 1 1 1 1 1 1 1 1 1 1 1 1 1 1 1 1 1 1 1 1 1 1 1 1 1 1 1 1 1 1 1 1 1 1 1 1 1 1 1 1 1 1 1 1 1 1 1 1 1 1 1 1 1 1 1 1 1 1 1 1 1 1 1 1 1 1 1 1 1 1 1 1 1 1 1 1 1 1 1 1 1 1 1 1 1 1 1 1 1 1 1 1 1 1 1 1 1 1 1 1 1 1 1 1 1 1 1 1 1 1 1 1 1 1 1 1 1 1 1 1 1 1 1 1 1 1 1 1 1 1 1 1 1 1 1 1 1 1 1 1 1 1 1 1 1 1 1 1 1 1 1 1 1 1 1 1 1 1 1 1 1 1 1 1 1 1 1 1 1 1 1 1 1 1 1 1 1 1 1 1 1 1 1 1 1 1 1 1 1 1 1 1 1 1 1 1 1 1 1 1 1 1 1 1 1 1 1 1 1 1 1 1 1 1 1 1 1 1 1 1 1 1 1 1 1 1 1 1 1 1 1 1 1 1 1 1 
