# This file contains a 2D laser scan observation. 
# Its format is: 
# [aperture] [max_range] [number_of_scans] 
# [vector_of_scans] 
# [vector_of_valid_scans] 
# The aperture of the sensor is in radians, the maximum range 
# and measurements are in meters. '1' means a valid scan, '0' otherwise.
4.1847
5.6
682
0.346 0.344 0.343 0.343 0.34 0.338 0.325 0.323 0.316 0.312 0.31 0.304 0.304 0.3 0.299 0.294 0.294 0.291 0.287 0.285 0.281 0.281 0.279 0.279 0.277 0.277 0.276 0.277 0.277 0.276 0.274 0.278 0.274 0.272 0.271 0.272 0.272 0.272 0.272 0.272 0.26 0.26 0.26 0.264 0.267 0.267 0.269 0.264 0.263 0.263 0.269 0.269 0.269 0.272 0.272 0.272 0.271 0.271 0.271 0.274 0.275 0.275 0.274 0.272 0.272 0.272 0.273 0.274 0.278 0.282 0.282 0.282 0.274 0.27 0.27 0.269 0.272 0.269 0.269 0.264 0.263 0.261 0.263 0.261 0.261 0.263 0.263 0.271 0.271 0.271 0.271 0.263 0.262 0.261 0.261 0.257 0.257 0.256 0.257 0.257 0.257 0.255 0.255 0.249 0.247 0.247 0.246 0.246 0.248 0.253 0.257 0.259 0.261 0.261 0.261 0.26 0.258 0.255 0.252 0.252 0.252 0.251 0.253 0.253 0.253 0.249 0.249 0.249 0.249 0.254 0.254 0.256 0.254 0.252 0.248 0.248 0.248 0.248 0.247 0.248 0.249 0.247 0.247 0.247 0.242 0.242 0.242 0.248 0.251 0.251 0.251 0.257 0.257 0.257 0.26 0.262 0.262 0.262 0.262 0.26 0.259 0.258 0.258 0.258 0.258 0.258 0.265 0.267 0.27 0.272 0.275 0.272 0.272 0.27 0.265 0.265 0.267 0.267 0.267 0.267 0.275 0.275 0.265 0.265 0.264 0.264 0.264 0.267 0.269 0.269 0.269 0.269 0.273 0.273 0.273 0.273 0.273 0.27 0.264 0.264 0.271 0.271 0.271 0.271 0.269 0.267 0.267 0.269 0.274 0.274 0.274 0.277 0.277 0.29 0.291 0.292 0.293 0.296 0.306 0.306 0.306 0.306 0.306 0.309 0.312 0.313 0.313 0.313 0.312 0.31 0.308 0.308 0.308 0.317 0.32 0.321 0.321 0.322 0.324 0.325 0.335 0.331 0.331 0.337 0.337 0.339 0.351 0.351 0.352 0.359 0.359 0.359 0.359 0.36 0.365 0.36 0.359 0.359 0.355 0.355 0.358 0.358 0.36 0.362 0.362 0.362 0.362 0.362 0.364 0.364 0.365 0.374 0.374 0.38 0.384 0.39 0.39 0.39 0.393 0.394 0.394 0.399 0.4 0.403 0.406 0.406 0.407 0.409 0.409 0.411 0.414 0.414 0.416 0.455 0.471 0.473 0.473 0.475 0.475 0.475 0.475 0.478 0.481 0.49 0.507 0.507 0.516 0.521 0.542 0.551 0.559 0.56 0.571 0.591 0.602 0.614 0.614 0.614 0.609 0.597 0.597 0.596 0.594 0.596 0.594 0.594 0.594 0.595 0.595 0.595 0.595 0.595 0.595 0.596 0.596 0.597 0.598 0.6 0.6 0.63 0.657 0.659 0.659 0.659 0.659 0.67 0.677 0.796 0.802 0.802 0.802 0.667 0.655 0.65 0.65 0.649 0.649 0.646 0.649 0.646 0.649 0.646 0.646 0.628 0.619 0.617 0.615 0.615 0.615 0.615 0.612 0.615 0.618 0.618 0.615 0.619 0.616 0.615 0.616 0.618 0.618 0.619 0.619 0.62 0.62 0.619 0.618 0.618 0.618 0.619 0.619 0.619 0.619 0.619 0.621 0.621 0.622 0.622 0.62 0.615 0.615 0.615 0.615 0.617 0.617 0.62 0.62 0.618 0.618 0.618 0.618 0.62 0.62 0.619 0.62 0.62 0.623 0.624 0.624 0.624 0.624 0.624 0.619 0.626 0.623 0.626 0.626 0.626 0.623 0.62 0.62 0.62 0.624 0.625 0.625 0.625 0.625 0.627 0.626 0.627 0.627 0.628 0.631 0.634 0.634 0.634 0.639 0.64 0.66 0.67 0.67 0.67 0.671 0.671 0.678 0.679 0.679 0.684 0.69 1.036 1.066 1.078 1.08 1.082 1.089 1.09 1.09 1.092 1.096 1.096 1.104 1.113 1.114 1.114 1.121 1.121 1.123 1.125 1.129 1.132 1.133 1.142 1.143 1.149 1.153 1.161 1.166 1.17 1.173 1.182 1.182 1.193 1.196 1.196 1.193 1.188 1.171 1.17 1.161 1.146 1.146 1.126 1.126 1.113 1.108 1.095 1.083 1.083 1.068 1.066 1.053 1.052 1.049 1.047 1.038 1.029 1.023 1.018 1.011 1.007 0.997 0.993 0.991 0.99 0.986 0.964 0.962 0.962 0.957 0.956 0.956 0.945 0.942 0.941 0.929 0.929 0.927 0.923 0.914 0.911 0.905 0.905 0.902 0.899 0.888 0.881 0.88 0.879 0.879 0.879 0.878 0.872 0.867 0.865 0.861 0.861 0.858 0.851 0.846 0.844 0.843 0.839 0.839 0.838 0.832 0.827 0.825 0.825 0.825 0.821 0.82 0.812 0.811 0.809 0.807 0.806 0.805 0.803 0.803 0.798 0.793 0.791 0.789 0.789 0.789 0.789 0.789 0.79 0.785 0.783 0.777 0.777 0.777 0.776 0.773 0.773 0.77 0.769 0.769 0.77 0.769 0.769 0.769 0.769 0.764 0.764 0.764 0.763 0.763 0.763 0.762 0.76 0.758 0.753 0.753 0.753 0.753 0.751 0.753 0.754 0.754 0.754 0.754 0.754 0.752 0.752 0.75 0.748 0.746 0.746 0.743 0.743 0.743 0.743 0.741 0.743 0.741 0.741 0.739 0.744 0.739 0.738 0.738 0.742 0.742 0.742 0.743 0.743 0.743 0.743 0.743 0.746 0.746 0.747 0.747 0.745 0.742 0.742 0.742 0.742 0.745 0.746 0.747 0.748 0.748 0.748 0.748 0.75 0.75 0.75 0.753 0.753 0.754 0.754 0.754 0.754 0.754 0.755 0.755 0.751 0.755 0.757 
1 1 1 1 1 1 1 1 1 1 1 1 1 1 1 1 1 1 1 1 1 1 1 1 1 1 1 1 1 1 1 1 1 1 1 1 1 1 1 1 1 1 1 1 1 1 1 1 1 1 1 1 1 1 1 1 1 1 1 1 1 1 1 1 1 1 1 1 1 1 1 1 1 1 1 1 1 1 1 1 1 1 1 1 1 1 1 1 1 1 1 1 1 1 1 1 1 1 1 1 1 1 1 1 1 1 1 1 1 1 1 1 1 1 1 1 1 1 1 1 1 1 1 1 1 1 1 1 1 1 1 1 1 1 1 1 1 1 1 1 1 1 1 1 1 1 1 1 1 1 1 1 1 1 1 1 1 1 1 1 1 1 1 1 1 1 1 1 1 1 1 1 1 1 1 1 1 1 1 1 1 1 1 1 1 1 1 1 1 1 1 1 1 1 1 1 1 1 1 1 1 1 1 1 1 1 1 1 1 1 1 1 1 1 1 1 1 1 1 1 1 1 1 1 1 1 1 1 1 1 1 1 1 1 1 1 1 1 1 1 1 1 1 1 1 1 1 1 1 1 1 1 1 1 1 1 1 1 1 1 1 1 1 1 1 1 1 1 1 1 1 1 1 1 1 1 1 1 1 1 1 1 1 1 1 1 1 1 1 1 1 1 1 1 1 1 1 1 1 1 1 1 1 1 1 1 1 1 1 1 1 1 1 1 1 1 1 1 1 1 1 1 1 1 1 1 1 1 1 1 1 1 1 1 1 1 1 1 1 1 1 1 1 1 1 1 1 1 1 1 1 1 1 1 1 1 1 1 1 1 1 1 1 1 1 1 1 1 1 1 1 1 1 1 1 1 1 1 1 1 1 1 1 1 1 1 1 1 1 1 1 1 1 1 1 1 1 1 1 1 1 1 1 1 1 1 1 1 1 1 1 1 1 1 1 1 1 1 1 1 1 1 1 1 1 1 1 1 1 1 1 1 1 1 1 1 1 1 1 1 1 1 1 1 1 1 1 1 1 1 1 1 1 1 1 1 1 1 1 1 1 1 1 1 1 1 1 1 1 1 1 1 1 1 1 1 1 1 1 1 1 1 1 1 1 1 1 1 1 1 1 1 1 1 1 1 1 1 1 1 1 1 1 1 1 1 1 1 1 1 1 1 1 1 1 1 1 1 1 1 1 1 1 1 1 1 1 1 1 1 1 1 1 1 1 1 1 1 1 1 1 1 1 1 1 1 1 1 1 1 1 1 1 1 1 1 1 1 1 1 1 1 1 1 1 1 1 1 1 1 1 1 1 1 1 1 1 1 1 1 1 1 1 1 1 1 1 1 1 1 1 1 1 1 1 1 1 1 1 1 1 1 1 1 1 1 1 1 1 1 1 1 1 1 1 1 1 1 1 1 1 1 1 1 1 1 1 1 1 1 1 1 1 1 1 1 1 1 1 1 1 1 1 1 1 1 1 1 1 1 1 1 1 1 1 1 1 1 1 1 1 1 1 1 1 1 1 1 1 1 1 1 1 1 1 1 1 1 1 1 1 1 
