# This file contains a 2D laser scan observation. 
# Its format is: 
# [aperture] [max_range] [number_of_scans] 
# [vector_of_scans] 
# [vector_of_valid_scans] 
# The aperture of the sensor is in radians, the maximum range 
# and measurements are in meters. '1' means a valid scan, '0' otherwise.
4.1847
5.6
682
0.342 0.342 0.341 0.341 0.341 0.338 0.321 0.32 0.313 0.311 0.311 0.305 0.297 0.293 0.292 0.29 0.286 0.284 0.276 0.276 0.273 0.276 0.276 0.274 0.274 0.274 0.274 0.274 0.267 0.262 0.262 0.261 0.261 0.258 0.262 0.261 0.262 0.261 0.261 0.261 0.258 0.256 0.251 0.253 0.253 0.253 0.253 0.262 0.262 0.259 0.262 0.262 0.264 0.264 0.264 0.264 0.262 0.26 0.26 0.265 0.26 0.263 0.265 0.265 0.27 0.27 0.272 0.273 0.272 0.27 0.271 0.268 0.268 0.264 0.27 0.269 0.269 0.261 0.258 0.257 0.255 0.255 0.254 0.251 0.251 0.255 0.251 0.253 0.253 0.252 0.252 0.252 0.251 0.251 0.25 0.25 0.249 0.249 0.245 0.245 0.244 0.244 0.244 0.243 0.243 0.239 0.239 0.239 0.239 0.239 0.241 0.243 0.242 0.244 0.244 0.245 0.245 0.245 0.242 0.239 0.239 0.242 0.242 0.242 0.242 0.24 0.238 0.236 0.236 0.236 0.236 0.238 0.238 0.242 0.238 0.236 0.234 0.233 0.233 0.234 0.232 0.232 0.236 0.233 0.233 0.233 0.234 0.234 0.234 0.239 0.239 0.235 0.235 0.237 0.237 0.243 0.243 0.243 0.246 0.246 0.244 0.246 0.244 0.244 0.241 0.245 0.245 0.248 0.248 0.248 0.248 0.251 0.253 0.258 0.258 0.258 0.258 0.257 0.257 0.257 0.257 0.251 0.256 0.256 0.256 0.256 0.256 0.256 0.254 0.25 0.25 0.25 0.25 0.251 0.251 0.251 0.251 0.251 0.251 0.251 0.255 0.255 0.255 0.26 0.26 0.255 0.255 0.26 0.26 0.256 0.261 0.263 0.261 0.263 0.263 0.26 0.26 0.26 0.26 0.273 0.275 0.275 0.275 0.274 0.275 0.275 0.275 0.285 0.289 0.289 0.289 0.29 0.289 0.29 0.295 0.298 0.296 0.298 0.296 0.298 0.296 0.303 0.295 0.306 0.306 0.307 0.309 0.311 0.317 0.319 0.319 0.322 0.322 0.323 0.327 0.331 0.332 0.344 0.349 0.352 0.352 0.349 0.349 0.349 0.343 0.343 0.343 0.343 0.347 0.347 0.343 0.347 0.343 0.342 0.341 0.34 0.34 0.341 0.342 0.346 0.347 0.356 0.358 0.368 0.369 0.369 0.373 0.373 0.38 0.381 0.382 0.385 0.386 0.386 0.386 0.386 0.387 0.389 0.391 0.392 0.397 0.402 0.414 0.432 0.452 0.453 0.459 0.462 0.465 0.469 0.465 0.465 0.469 0.47 0.496 0.499 0.509 0.511 0.527 0.535 0.543 0.551 0.562 0.57 0.593 0.608 0.608 0.608 0.603 0.588 0.585 0.582 0.582 0.581 0.581 0.581 0.579 0.582 0.585 0.59 0.591 0.591 0.59 0.585 0.585 0.585 0.588 0.588 0.589 0.593 0.638 0.65 0.651 0.655 0.655 0.658 0.662 0.76 0.805 0.805 0.805 0.764 0.643 0.642 0.641 0.641 0.64 0.64 0.64 0.64 0.637 0.637 0.634 0.633 0.632 0.613 0.612 0.609 0.609 0.609 0.61 0.611 0.614 0.616 0.616 0.616 0.615 0.614 0.614 0.614 0.614 0.614 0.614 0.614 0.613 0.613 0.613 0.618 0.618 0.619 0.618 0.618 0.617 0.62 0.62 0.62 0.619 0.62 0.619 0.619 0.619 0.619 0.618 0.615 0.612 0.611 0.611 0.611 0.612 0.612 0.613 0.615 0.615 0.618 0.618 0.618 0.617 0.617 0.617 0.617 0.616 0.617 0.617 0.613 0.609 0.618 0.613 0.613 0.622 0.622 0.62 0.622 0.62 0.619 0.62 0.625 0.625 0.625 0.625 0.625 0.633 0.63 0.633 0.633 0.635 0.636 0.639 0.639 0.64 0.643 0.661 0.661 0.665 0.665 0.67 0.675 0.679 0.682 0.682 0.682 0.693 1.055 1.071 1.072 1.074 1.074 1.087 1.09 1.092 1.096 1.096 1.109 1.109 1.109 1.114 1.115 1.117 1.119 1.124 1.13 1.135 1.141 1.141 1.146 1.146 1.159 1.161 1.167 1.167 1.178 1.187 1.189 1.195 1.199 1.199 1.199 1.183 1.174 1.169 1.163 1.135 1.134 1.128 1.127 1.117 1.109 1.094 1.093 1.085 1.074 1.068 1.067 1.059 1.059 1.049 1.039 1.035 1.025 1.025 1.019 1.01 1.007 1.006 0.994 0.985 0.984 0.982 0.975 0.969 0.967 0.965 0.954 0.951 0.947 0.945 0.943 0.931 0.928 0.923 0.921 0.916 0.909 0.909 0.907 0.9 0.897 0.893 0.886 0.885 0.885 0.885 0.881 0.881 0.877 0.875 0.874 0.865 0.863 0.853 0.853 0.852 0.849 0.848 0.848 0.843 0.843 0.84 0.838 0.832 0.831 0.83 0.83 0.83 0.823 0.818 0.817 0.815 0.815 0.812 0.812 0.81 0.809 0.807 0.807 0.8 0.796 0.796 0.794 0.793 0.793 0.793 0.792 0.791 0.783 0.783 0.783 0.783 0.777 0.777 0.777 0.777 0.776 0.778 0.776 0.771 0.77 0.771 0.77 0.771 0.77 0.77 0.77 0.77 0.77 0.77 0.77 0.769 0.764 0.762 0.762 0.762 0.762 0.763 0.763 0.762 0.763 0.763 0.762 0.761 0.762 0.761 0.76 0.76 0.76 0.76 0.76 0.758 0.756 0.754 0.754 0.754 0.754 0.758 0.758 0.752 0.758 0.761 0.752 0.755 0.76 0.755 0.751 0.751 0.751 0.751 0.763 0.765 0.765 0.763 0.757 0.757 0.757 0.763 0.763 0.764 0.764 0.766 0.767 0.767 0.767 0.767 0.77 
1 1 1 1 1 1 1 1 1 1 1 1 1 1 1 1 1 1 1 1 1 1 1 1 1 1 1 1 1 1 1 1 1 1 1 1 1 1 1 1 1 1 1 1 1 1 1 1 1 1 1 1 1 1 1 1 1 1 1 1 1 1 1 1 1 1 1 1 1 1 1 1 1 1 1 1 1 1 1 1 1 1 1 1 1 1 1 1 1 1 1 1 1 1 1 1 1 1 1 1 1 1 1 1 1 1 1 1 1 1 1 1 1 1 1 1 1 1 1 1 1 1 1 1 1 1 1 1 1 1 1 1 1 1 1 1 1 1 1 1 1 1 1 1 1 1 1 1 1 1 1 1 1 1 1 1 1 1 1 1 1 1 1 1 1 1 1 1 1 1 1 1 1 1 1 1 1 1 1 1 1 1 1 1 1 1 1 1 1 1 1 1 1 1 1 1 1 1 1 1 1 1 1 1 1 1 1 1 1 1 1 1 1 1 1 1 1 1 1 1 1 1 1 1 1 1 1 1 1 1 1 1 1 1 1 1 1 1 1 1 1 1 1 1 1 1 1 1 1 1 1 1 1 1 1 1 1 1 1 1 1 1 1 1 1 1 1 1 1 1 1 1 1 1 1 1 1 1 1 1 1 1 1 1 1 1 1 1 1 1 1 1 1 1 1 1 1 1 1 1 1 1 1 1 1 1 1 1 1 1 1 1 1 1 1 1 1 1 1 1 1 1 1 1 1 1 1 1 1 1 1 1 1 1 1 1 1 1 1 1 1 1 1 1 1 1 1 1 1 1 1 1 1 1 1 1 1 1 1 1 1 1 1 1 1 1 1 1 1 1 1 1 1 1 1 1 1 1 1 1 1 1 1 1 1 1 1 1 1 1 1 1 1 1 1 1 1 1 1 1 1 1 1 1 1 1 1 1 1 1 1 1 1 1 1 1 1 1 1 1 1 1 1 1 1 1 1 1 1 1 1 1 1 1 1 1 1 1 1 1 1 1 1 1 1 1 1 1 1 1 1 1 1 1 1 1 1 1 1 1 1 1 1 1 1 1 1 1 1 1 1 1 1 1 1 1 1 1 1 1 1 1 1 1 1 1 1 1 1 1 1 1 1 1 1 1 1 1 1 1 1 1 1 1 1 1 1 1 1 1 1 1 1 1 1 1 1 1 1 1 1 1 1 1 1 1 1 1 1 1 1 1 1 1 1 1 1 1 1 1 1 1 1 1 1 1 1 1 1 1 1 1 1 1 1 1 1 1 1 1 1 1 1 1 1 1 1 1 1 1 1 1 1 1 1 1 1 1 1 1 1 1 1 1 1 1 1 1 1 1 1 1 1 1 1 1 1 1 1 1 1 1 1 1 1 1 1 1 1 1 1 1 1 1 1 1 1 1 1 1 1 1 1 1 1 1 1 1 1 1 1 1 1 1 1 1 1 1 1 1 1 1 1 1 1 1 1 1 1 1 1 1 1 1 1 1 1 1 1 1 1 1 1 1 1 1 1 1 1 1 1 1 1 1 1 1 1 1 1 1 1 1 
