# This file contains a 2D laser scan observation. 
# Its format is: 
# [aperture] [max_range] [number_of_scans] 
# [vector_of_scans] 
# [vector_of_valid_scans] 
# The aperture of the sensor is in radians, the maximum range 
# and measurements are in meters. '1' means a valid scan, '0' otherwise.
4.1847
5.6
682
0.412 0.403 0.394 0.36 0.35 0.344 0.331 0.331 0.33 0.323 0.289 0.26 0.244 0.233 0.228 0.222 0.222 0.218 0.214 0.214 0.218 0.217 0.217 0.218 0.217 0.21 0.208 0.21 0.208 0.208 0.208 0.202 0.2 0.197 0.194 0.194 0.196 0.196 0.194 0.192 0.196 0.198 0.2 0.2 0.2 0.189 0.188 0.186 0.182 0.182 0.182 0.188 0.188 0.188 0.188 0.185 0.183 0.182 0.182 0.182 0.186 0.186 0.186 0.183 0.18 0.178 0.178 0.171 0.169 0.168 0.161 0.154 0.154 0.154 0.154 0.154 0.156 0.154 0.154 0.158 0.156 0.154 0.154 0.156 0.15 0.149 0.149 0.154 0.149 0.145 0.147 0.146 0.146 0.147 0.147 0.147 0.147 0.143 0.141 0.143 0.143 0.145 0.145 0.145 0.142 0.141 0.14 0.14 0.137 0.14 0.141 0.142 0.141 0.142 0.141 0.134 0.134 0.134 0.134 0.134 0.134 0.141 0.141 0.137 0.137 0.137 0.134 0.133 0.133 0.131 0.133 0.134 0.134 0.132 0.132 0.132 0.131 0.13 0.13 0.128 0.125 0.125 0.125 0.125 0.123 0.123 0.123 0.123 0.123 0.121 0.12 0.121 0.121 0.122 0.122 0.122 0.122 0.116 0.116 0.116 0.116 0.116 0.116 0.115 0.111 0.111 0.11 0.109 0.109 0.111 0.109 0.11 0.111 0.11 0.11 0.11 0.111 0.111 0.112 0.113 0.113 0.113 0.113 0.107 0.106 0.106 0.107 0.107 0.117 0.117 0.115 0.117 0.115 0.115 0.115 0.119 0.115 0.119 0.114 0.123 0.123 0.123 0.117 0.122 0.122 0.122 0.122 0.122 0.114 0.114 0.114 0.115 0.115 0.116 0.118 0.119 0.12 0.119 0.12 0.12 0.117 0.117 0.117 0.117 0.121 0.124 0.121 0.126 0.121 0.121 0.121 0.125 0.12 0.124 0.125 0.125 0.125 0.126 0.127 0.127 0.126 0.123 0.122 0.122 0.122 0.123 0.12 0.12 0.117 0.117 0.117 0.119 0.121 0.121 0.121 0.12 0.12 0.12 0.12 0.121 0.121 0.118 0.116 0.113 0.113 0.116 0.113 0.116 0.122 0.116 0.113 0.116 0.117 0.117 0.117 0.118 0.118 0.118 0.114 0.114 0.113 0.113 0.113 0.113 0.119 0.119 0.119 0.122 0.122 0.122 0.122 0.122 0.122 0.121 0.125 0.125 0.125 0.125 0.125 0.125 0.125 0.125 0.125 0.12 0.12 0.12 0.123 0.124 0.126 0.127 0.126 0.126 0.124 0.124 0.124 0.125 0.132 0.132 0.132 0.132 0.132 0.131 0.129 0.131 0.134 0.134 0.135 0.135 0.135 0.135 0.136 0.135 0.135 0.138 0.138 0.142 0.142 0.142 0.146 0.148 0.15 0.15 0.15 0.15 0.15 0.151 0.151 0.152 0.152 0.153 0.153 0.155 0.156 0.155 0.156 0.156 0.156 0.156 0.156 0.157 0.157 0.158 0.159 0.163 0.165 0.165 0.165 0.167 0.168 0.168 0.17 0.173 0.173 0.173 0.173 0.173 0.173 0.175 0.18 0.19 0.191 0.192 0.202 0.208 0.211 0.212 0.212 0.212 0.212 0.21 0.21 0.212 0.215 0.229 0.229 0.229 0.229 0.225 0.219 0.219 0.218 0.219 0.219 0.22 0.222 0.223 0.223 0.223 0.223 0.223 0.223 0.224 0.227 0.232 0.234 0.236 0.241 0.245 0.251 0.253 0.267 0.268 0.268 0.268 0.271 0.271 0.271 0.274 0.275 0.278 0.293 0.294 0.315 0.355 0.359 0.37 0.373 0.412 0.437 0.455 0.501 0.517 0.517 0.517 0.516 0.516 0.509 0.508 0.508 0.508 0.508 0.507 0.508 0.508 0.51 0.51 0.51 0.51 0.515 0.515 0.515 0.515 0.519 0.519 0.521 0.527 0.53 0.572 0.58 0.592 0.735 0.757 0.758 0.776 0.876 0.876 0.876 0.651 0.591 0.591 0.591 0.591 0.595 0.595 0.595 0.594 0.594 0.594 0.59 0.588 0.588 0.584 0.575 0.575 0.569 0.575 0.575 0.573 0.573 0.579 0.573 0.579 0.579 0.578 0.576 0.576 0.575 0.576 0.574 0.574 0.574 0.576 0.577 0.579 0.581 0.579 0.581 0.579 0.579 0.579 0.579 0.579 0.584 0.584 0.584 0.584 0.585 0.587 0.587 0.587 0.588 0.588 0.591 0.593 0.593 0.591 0.585 0.583 0.583 0.585 0.588 0.593 0.602 0.602 0.605 0.608 0.608 0.611 0.612 0.612 0.615 0.615 0.615 0.615 0.623 0.624 0.624 0.625 0.625 0.628 0.633 0.633 0.635 0.635 0.636 0.643 0.644 0.651 0.651 0.651 0.656 0.656 0.656 0.681 0.695 0.697 0.699 0.699 0.705 0.706 0.714 0.714 1.031 1.156 1.171 1.172 1.175 1.177 1.181 1.187 1.192 1.198 1.206 1.212 1.22 1.222 1.234 1.236 1.24 1.244 1.244 1.244 1.238 1.23 1.217 1.217 1.212 1.198 1.195 1.187 1.184 1.169 1.165 1.162 1.16 1.156 1.14 1.14 1.133 1.122 1.118 1.112 1.111 1.096 1.096 1.094 1.093 1.082 1.081 1.073 1.066 1.062 1.061 1.058 1.056 1.05 1.039 1.037 1.031 1.029 1.027 1.027 1.023 1.017 1.013 1.005 0.999 0.999 0.994 0.993 0.985 0.985 0.985 0.985 0.985 0.973 0.971 0.969 0.969 0.966 0.959 0.959 0.954 0.953 0.949 0.947 0.944 0.942 0.942 0.939 0.939 0.939 0.938 0.933 0.926 0.926 0.926 0.925 0.925 0.925 0.92 0.919 
1 1 1 1 1 1 1 1 1 1 1 1 1 1 1 1 1 1 1 1 1 1 1 1 1 1 1 1 1 1 1 1 1 1 1 1 1 1 1 1 1 1 1 1 1 1 1 1 1 1 1 1 1 1 1 1 1 1 1 1 1 1 1 1 1 1 1 1 1 1 1 1 1 1 1 1 1 1 1 1 1 1 1 1 1 1 1 1 1 1 1 1 1 1 1 1 1 1 1 1 1 1 1 1 1 1 1 1 1 1 1 1 1 1 1 1 1 1 1 1 1 1 1 1 1 1 1 1 1 1 1 1 1 1 1 1 1 1 1 1 1 1 1 1 1 1 1 1 1 1 1 1 1 1 1 1 1 1 1 1 1 1 1 1 1 1 1 1 1 1 1 1 1 1 1 1 1 1 1 1 1 1 1 1 1 1 1 1 1 1 1 1 1 1 1 1 1 1 1 1 1 1 1 1 1 1 1 1 1 1 1 1 1 1 1 1 1 1 1 1 1 1 1 1 1 1 1 1 1 1 1 1 1 1 1 1 1 1 1 1 1 1 1 1 1 1 1 1 1 1 1 1 1 1 1 1 1 1 1 1 1 1 1 1 1 1 1 1 1 1 1 1 1 1 1 1 1 1 1 1 1 1 1 1 1 1 1 1 1 1 1 1 1 1 1 1 1 1 1 1 1 1 1 1 1 1 1 1 1 1 1 1 1 1 1 1 1 1 1 1 1 1 1 1 1 1 1 1 1 1 1 1 1 1 1 1 1 1 1 1 1 1 1 1 1 1 1 1 1 1 1 1 1 1 1 1 1 1 1 1 1 1 1 1 1 1 1 1 1 1 1 1 1 1 1 1 1 1 1 1 1 1 1 1 1 1 1 1 1 1 1 1 1 1 1 1 1 1 1 1 1 1 1 1 1 1 1 1 1 1 1 1 1 1 1 1 1 1 1 1 1 1 1 1 1 1 1 1 1 1 1 1 1 1 1 1 1 1 1 1 1 1 1 1 1 1 1 1 1 1 1 1 1 1 1 1 1 1 1 1 1 1 1 1 1 1 1 1 1 1 1 1 1 1 1 1 1 1 1 1 1 1 1 1 1 1 1 1 1 1 1 1 1 1 1 1 1 1 1 1 1 1 1 1 1 1 1 1 1 1 1 1 1 1 1 1 1 1 1 1 1 1 1 1 1 1 1 1 1 1 1 1 1 1 1 1 1 1 1 1 1 1 1 1 1 1 1 1 1 1 1 1 1 1 1 1 1 1 1 1 1 1 1 1 1 1 1 1 1 1 1 1 1 1 1 1 1 1 1 1 1 1 1 1 1 1 1 1 1 1 1 1 1 1 1 1 1 1 1 1 1 1 1 1 1 1 1 1 1 1 1 1 1 1 1 1 1 1 1 1 1 1 1 1 1 1 1 1 1 1 1 1 1 1 1 1 1 1 1 1 1 1 1 1 1 1 1 1 1 1 1 1 1 1 1 1 1 1 1 1 1 1 1 1 1 1 1 1 1 1 1 1 1 1 1 1 1 1 1 1 1 1 
