# This file contains a 2D laser scan observation. 
# Its format is: 
# [aperture] [max_range] [number_of_scans] 
# [vector_of_scans] 
# [vector_of_valid_scans] 
# The aperture of the sensor is in radians, the maximum range 
# and measurements are in meters. '1' means a valid scan, '0' otherwise.
4.1847
5.6
682
0.409 0.394 0.38 0.379 0.373 0.353 0.345 0.339 0.337 0.325 0.324 0.321 0.296 0.262 0.239 0.235 0.228 0.224 0.222 0.216 0.216 0.214 0.214 0.212 0.211 0.211 0.211 0.21 0.211 0.21 0.206 0.206 0.198 0.198 0.195 0.194 0.193 0.192 0.188 0.188 0.188 0.191 0.191 0.191 0.195 0.192 0.192 0.191 0.191 0.188 0.188 0.189 0.189 0.189 0.189 0.189 0.189 0.189 0.189 0.191 0.189 0.188 0.183 0.183 0.181 0.179 0.174 0.172 0.17 0.165 0.161 0.161 0.159 0.159 0.155 0.153 0.153 0.153 0.153 0.153 0.153 0.153 0.151 0.151 0.151 0.151 0.151 0.151 0.149 0.149 0.149 0.149 0.148 0.148 0.147 0.147 0.147 0.147 0.146 0.146 0.144 0.144 0.144 0.144 0.141 0.143 0.143 0.143 0.143 0.143 0.141 0.14 0.141 0.141 0.14 0.14 0.138 0.138 0.138 0.138 0.137 0.137 0.137 0.137 0.136 0.131 0.136 0.131 0.13 0.127 0.126 0.126 0.126 0.127 0.13 0.13 0.127 0.125 0.125 0.125 0.125 0.125 0.125 0.124 0.124 0.116 0.116 0.114 0.113 0.114 0.114 0.114 0.116 0.119 0.119 0.119 0.119 0.119 0.119 0.119 0.114 0.114 0.118 0.118 0.116 0.118 0.116 0.116 0.108 0.108 0.105 0.105 0.105 0.107 0.108 0.108 0.108 0.107 0.108 0.107 0.108 0.105 0.105 0.105 0.11 0.107 0.107 0.11 0.108 0.108 0.11 0.111 0.112 0.113 0.113 0.113 0.114 0.114 0.114 0.115 0.114 0.115 0.116 0.116 0.117 0.117 0.117 0.117 0.114 0.113 0.114 0.115 0.115 0.117 0.12 0.12 0.118 0.117 0.116 0.116 0.118 0.114 0.114 0.116 0.112 0.112 0.113 0.114 0.114 0.114 0.114 0.114 0.111 0.111 0.111 0.114 0.114 0.114 0.114 0.114 0.114 0.115 0.115 0.115 0.115 0.118 0.118 0.118 0.118 0.116 0.114 0.116 0.114 0.114 0.114 0.117 0.117 0.122 0.122 0.122 0.122 0.116 0.116 0.116 0.116 0.112 0.111 0.11 0.11 0.11 0.109 0.112 0.117 0.117 0.117 0.117 0.114 0.114 0.115 0.115 0.115 0.116 0.116 0.117 0.117 0.117 0.114 0.114 0.114 0.114 0.115 0.119 0.119 0.121 0.121 0.123 0.123 0.123 0.123 0.123 0.122 0.119 0.119 0.119 0.119 0.12 0.122 0.122 0.122 0.122 0.122 0.122 0.122 0.122 0.122 0.122 0.126 0.122 0.125 0.124 0.125 0.124 0.124 0.124 0.123 0.123 0.124 0.124 0.124 0.126 0.128 0.126 0.128 0.129 0.13 0.131 0.131 0.131 0.131 0.131 0.132 0.136 0.136 0.136 0.137 0.137 0.137 0.139 0.139 0.143 0.143 0.144 0.143 0.143 0.142 0.144 0.143 0.144 0.144 0.144 0.151 0.152 0.153 0.155 0.155 0.152 0.152 0.152 0.152 0.152 0.153 0.156 0.16 0.163 0.163 0.165 0.165 0.166 0.166 0.169 0.169 0.172 0.172 0.179 0.179 0.179 0.183 0.183 0.187 0.192 0.194 0.195 0.204 0.206 0.216 0.216 0.216 0.213 0.213 0.212 0.212 0.213 0.215 0.223 0.223 0.219 0.219 0.219 0.219 0.219 0.22 0.22 0.223 0.223 0.221 0.223 0.223 0.223 0.225 0.225 0.226 0.234 0.235 0.241 0.246 0.25 0.251 0.26 0.261 0.264 0.264 0.275 0.274 0.271 0.271 0.274 0.274 0.287 0.287 0.303 0.309 0.359 0.359 0.369 0.382 0.436 0.446 0.502 0.52 0.52 0.52 0.516 0.511 0.508 0.508 0.508 0.508 0.507 0.507 0.505 0.505 0.505 0.511 0.515 0.515 0.515 0.516 0.515 0.515 0.518 0.524 0.524 0.532 0.533 0.584 0.588 0.61 0.747 0.75 0.76 0.807 0.905 0.905 0.905 0.593 0.593 0.592 0.593 0.589 0.589 0.591 0.591 0.591 0.593 0.593 0.593 0.593 0.593 0.582 0.582 0.58 0.58 0.581 0.581 0.58 0.58 0.576 0.576 0.574 0.573 0.573 0.573 0.573 0.575 0.577 0.577 0.58 0.58 0.579 0.579 0.579 0.578 0.578 0.586 0.573 0.578 0.58 0.58 0.578 0.58 0.585 0.586 0.588 0.588 0.588 0.588 0.588 0.588 0.592 0.594 0.596 0.596 0.596 0.596 0.595 0.595 0.598 0.6 0.6 0.604 0.609 0.609 0.609 0.61 0.614 0.62 0.621 0.62 0.621 0.622 0.622 0.625 0.626 0.627 0.631 0.635 0.639 0.642 0.643 0.645 0.645 0.645 0.645 0.655 0.659 0.661 0.666 0.668 0.668 0.669 0.681 0.696 0.696 0.696 0.7 0.701 0.712 0.718 1.158 1.169 1.172 1.172 1.173 1.18 1.188 1.189 1.197 1.204 1.204 1.215 1.223 1.225 1.229 1.238 1.252 1.253 1.253 1.252 1.244 1.242 1.229 1.228 1.209 1.203 1.198 1.189 1.186 1.186 1.176 1.168 1.164 1.162 1.149 1.148 1.137 1.123 1.119 1.119 1.109 1.108 1.107 1.104 1.094 1.093 1.085 1.084 1.07 1.068 1.067 1.06 1.053 1.05 1.048 1.039 1.037 1.037 1.037 1.028 1.022 1.02 1.01 1.01 1.007 1.006 1.006 1.005 0.996 0.996 0.995 0.991 0.991 0.987 0.983 0.981 0.971 0.967 0.966 0.965 0.961 0.958 0.957 0.957 0.951 0.95 0.947 0.946 0.946 0.946 0.946 0.946 0.939 0.934 
1 1 1 1 1 1 1 1 1 1 1 1 1 1 1 1 1 1 1 1 1 1 1 1 1 1 1 1 1 1 1 1 1 1 1 1 1 1 1 1 1 1 1 1 1 1 1 1 1 1 1 1 1 1 1 1 1 1 1 1 1 1 1 1 1 1 1 1 1 1 1 1 1 1 1 1 1 1 1 1 1 1 1 1 1 1 1 1 1 1 1 1 1 1 1 1 1 1 1 1 1 1 1 1 1 1 1 1 1 1 1 1 1 1 1 1 1 1 1 1 1 1 1 1 1 1 1 1 1 1 1 1 1 1 1 1 1 1 1 1 1 1 1 1 1 1 1 1 1 1 1 1 1 1 1 1 1 1 1 1 1 1 1 1 1 1 1 1 1 1 1 1 1 1 1 1 1 1 1 1 1 1 1 1 1 1 1 1 1 1 1 1 1 1 1 1 1 1 1 1 1 1 1 1 1 1 1 1 1 1 1 1 1 1 1 1 1 1 1 1 1 1 1 1 1 1 1 1 1 1 1 1 1 1 1 1 1 1 1 1 1 1 1 1 1 1 1 1 1 1 1 1 1 1 1 1 1 1 1 1 1 1 1 1 1 1 1 1 1 1 1 1 1 1 1 1 1 1 1 1 1 1 1 1 1 1 1 1 1 1 1 1 1 1 1 1 1 1 1 1 1 1 1 1 1 1 1 1 1 1 1 1 1 1 1 1 1 1 1 1 1 1 1 1 1 1 1 1 1 1 1 1 1 1 1 1 1 1 1 1 1 1 1 1 1 1 1 1 1 1 1 1 1 1 1 1 1 1 1 1 1 1 1 1 1 1 1 1 1 1 1 1 1 1 1 1 1 1 1 1 1 1 1 1 1 1 1 1 1 1 1 1 1 1 1 1 1 1 1 1 1 1 1 1 1 1 1 1 1 1 1 1 1 1 1 1 1 1 1 1 1 1 1 1 1 1 1 1 1 1 1 1 1 1 1 1 1 1 1 1 1 1 1 1 1 1 1 1 1 1 1 1 1 1 1 1 1 1 1 1 1 1 1 1 1 1 1 1 1 1 1 1 1 1 1 1 1 1 1 1 1 1 1 1 1 1 1 1 1 1 1 1 1 1 1 1 1 1 1 1 1 1 1 1 1 1 1 1 1 1 1 1 1 1 1 1 1 1 1 1 1 1 1 1 1 1 1 1 1 1 1 1 1 1 1 1 1 1 1 1 1 1 1 1 1 1 1 1 1 1 1 1 1 1 1 1 1 1 1 1 1 1 1 1 1 1 1 1 1 1 1 1 1 1 1 1 1 1 1 1 1 1 1 1 1 1 1 1 1 1 1 1 1 1 1 1 1 1 1 1 1 1 1 1 1 1 1 1 1 1 1 1 1 1 1 1 1 1 1 1 1 1 1 1 1 1 1 1 1 1 1 1 1 1 1 1 1 1 1 1 1 1 1 1 1 1 1 1 1 1 1 1 1 1 1 1 1 1 1 1 1 1 1 1 1 1 1 1 1 1 1 1 1 1 1 1 1 1 1 1 1 1 
