# This file contains a 2D laser scan observation. 
# Its format is: 
# [aperture] [max_range] [number_of_scans] 
# [vector_of_scans] 
# [vector_of_valid_scans] 
# The aperture of the sensor is in radians, the maximum range 
# and measurements are in meters. '1' means a valid scan, '0' otherwise.
4.1847
5.6
682
0.474 0.47 0.467 0.457 0.442 0.427 0.418 0.411 0.4 0.395 0.382 0.362 0.36 0.34 0.335 0.309 0.308 0.302 0.3 0.295 0.295 0.292 0.241 0.229 0.226 0.223 0.222 0.211 0.209 0.206 0.206 0.208 0.206 0.201 0.199 0.199 0.199 0.198 0.2 0.203 0.2 0.198 0.19 0.19 0.186 0.186 0.187 0.186 0.187 0.187 0.19 0.18 0.179 0.179 0.185 0.185 0.185 0.185 0.184 0.184 0.18 0.18 0.187 0.191 0.191 0.191 0.183 0.182 0.181 0.182 0.182 0.179 0.182 0.182 0.177 0.175 0.174 0.174 0.174 0.173 0.173 0.166 0.162 0.161 0.159 0.151 0.151 0.151 0.151 0.153 0.153 0.152 0.15 0.15 0.148 0.146 0.146 0.143 0.142 0.142 0.146 0.142 0.142 0.143 0.143 0.141 0.143 0.143 0.141 0.139 0.139 0.139 0.139 0.137 0.137 0.137 0.136 0.135 0.135 0.134 0.134 0.133 0.133 0.128 0.132 0.132 0.132 0.132 0.134 0.134 0.131 0.129 0.129 0.123 0.123 0.124 0.124 0.129 0.13 0.132 0.13 0.13 0.13 0.126 0.124 0.124 0.124 0.123 0.122 0.122 0.122 0.122 0.124 0.124 0.124 0.124 0.122 0.118 0.116 0.116 0.116 0.114 0.114 0.114 0.114 0.114 0.114 0.114 0.112 0.107 0.107 0.107 0.107 0.108 0.112 0.114 0.114 0.112 0.112 0.112 0.11 0.11 0.109 0.109 0.106 0.105 0.105 0.106 0.107 0.107 0.107 0.107 0.107 0.105 0.107 0.11 0.109 0.109 0.109 0.107 0.107 0.103 0.102 0.107 0.102 0.102 0.109 0.109 0.107 0.107 0.107 0.107 0.107 0.107 0.108 0.114 0.119 0.119 0.119 0.119 0.119 0.118 0.116 0.113 0.113 0.112 0.112 0.112 0.119 0.114 0.114 0.115 0.114 0.114 0.115 0.117 0.117 0.117 0.117 0.119 0.119 0.115 0.115 0.119 0.114 0.11 0.114 0.114 0.114 0.109 0.116 0.109 0.116 0.116 0.116 0.113 0.113 0.111 0.11 0.11 0.109 0.109 0.11 0.11 0.11 0.11 0.118 0.118 0.12 0.12 0.121 0.121 0.12 0.116 0.116 0.116 0.116 0.115 0.114 0.114 0.114 0.114 0.114 0.114 0.116 0.119 0.119 0.119 0.115 0.115 0.115 0.117 0.117 0.117 0.115 0.115 0.112 0.112 0.113 0.118 0.118 0.118 0.118 0.121 0.121 0.116 0.121 0.121 0.122 0.122 0.124 0.124 0.122 0.118 0.119 0.118 0.118 0.116 0.119 0.116 0.126 0.122 0.126 0.124 0.127 0.127 0.128 0.127 0.127 0.127 0.122 0.122 0.122 0.123 0.123 0.123 0.122 0.122 0.122 0.122 0.118 0.122 0.122 0.122 0.122 0.122 0.123 0.128 0.128 0.128 0.126 0.126 0.126 0.126 0.129 0.131 0.131 0.134 0.136 0.137 0.139 0.14 0.14 0.139 0.144 0.14 0.14 0.143 0.146 0.144 0.146 0.148 0.149 0.149 0.155 0.161 0.161 0.161 0.161 0.161 0.16 0.16 0.162 0.162 0.162 0.166 0.169 0.169 0.169 0.169 0.169 0.168 0.169 0.169 0.167 0.175 0.178 0.179 0.18 0.181 0.181 0.181 0.182 0.183 0.183 0.185 0.188 0.203 0.208 0.219 0.219 0.221 0.22 0.22 0.221 0.223 0.227 0.227 0.227 0.227 0.227 0.226 0.225 0.224 0.224 0.224 0.229 0.23 0.23 0.229 0.23 0.232 0.234 0.234 0.236 0.237 0.248 0.254 0.257 0.259 0.265 0.268 0.277 0.279 0.279 0.281 0.281 0.28 0.282 0.283 0.285 0.291 0.305 0.344 0.369 0.37 0.376 0.434 0.468 0.529 0.539 0.539 0.539 0.528 0.524 0.518 0.518 0.518 0.518 0.517 0.515 0.515 0.515 0.515 0.517 0.519 0.52 0.53 0.53 0.531 0.531 0.533 0.533 0.533 0.533 0.551 0.586 0.589 0.678 0.76 0.763 0.768 0.878 0.878 0.878 0.65 0.606 0.604 0.603 0.604 0.602 0.604 0.604 0.604 0.604 0.604 0.604 0.601 0.6 0.587 0.579 0.578 0.578 0.578 0.579 0.582 0.583 0.591 0.591 0.591 0.587 0.584 0.581 0.579 0.579 0.579 0.579 0.582 0.588 0.588 0.587 0.587 0.587 0.587 0.589 0.589 0.589 0.589 0.59 0.59 0.591 0.591 0.601 0.601 0.599 0.599 0.596 0.596 0.599 0.602 0.602 0.604 0.604 0.604 0.608 0.609 0.609 0.609 0.612 0.613 0.617 0.618 0.618 0.621 0.623 0.623 0.625 0.626 0.63 0.631 0.631 0.634 0.634 0.636 0.639 0.641 0.641 0.641 0.651 0.659 0.66 0.66 0.661 0.661 0.669 0.669 0.672 0.674 0.678 0.683 0.704 0.706 0.716 0.716 0.717 0.718 0.72 0.724 0.813 1.162 1.162 1.173 1.179 1.179 1.19 1.197 1.204 1.21 1.211 1.215 1.223 1.224 1.234 1.248 1.251 1.263 1.263 1.263 1.253 1.252 1.24 1.238 1.23 1.221 1.214 1.209 1.196 1.192 1.182 1.178 1.166 1.166 1.164 1.16 1.155 1.14 1.134 1.133 1.121 1.112 1.11 1.107 1.103 1.1 1.089 1.087 1.083 1.083 1.076 1.071 1.069 1.063 1.056 1.049 1.048 1.041 1.04 1.037 1.036 1.027 1.026 1.02 1.019 1.019 1.012 1.003 1.001 0.998 0.993 0.991 0.989 0.988 0.987 0.98 0.979 0.974 0.973 0.969 0.967 0.967 0.965 0.96 
1 1 1 1 1 1 1 1 1 1 1 1 1 1 1 1 1 1 1 1 1 1 1 1 1 1 1 1 1 1 1 1 1 1 1 1 1 1 1 1 1 1 1 1 1 1 1 1 1 1 1 1 1 1 1 1 1 1 1 1 1 1 1 1 1 1 1 1 1 1 1 1 1 1 1 1 1 1 1 1 1 1 1 1 1 1 1 1 1 1 1 1 1 1 1 1 1 1 1 1 1 1 1 1 1 1 1 1 1 1 1 1 1 1 1 1 1 1 1 1 1 1 1 1 1 1 1 1 1 1 1 1 1 1 1 1 1 1 1 1 1 1 1 1 1 1 1 1 1 1 1 1 1 1 1 1 1 1 1 1 1 1 1 1 1 1 1 1 1 1 1 1 1 1 1 1 1 1 1 1 1 1 1 1 1 1 1 1 1 1 1 1 1 1 1 1 1 1 1 1 1 1 1 1 1 1 1 1 1 1 1 1 1 1 1 1 1 1 1 1 1 1 1 1 1 1 1 1 1 1 1 1 1 1 1 1 1 1 1 1 1 1 1 1 1 1 1 1 1 1 1 1 1 1 1 1 1 1 1 1 1 1 1 1 1 1 1 1 1 1 1 1 1 1 1 1 1 1 1 1 1 1 1 1 1 1 1 1 1 1 1 1 1 1 1 1 1 1 1 1 1 1 1 1 1 1 1 1 1 1 1 1 1 1 1 1 1 1 1 1 1 1 1 1 1 1 1 1 1 1 1 1 1 1 1 1 1 1 1 1 1 1 1 1 1 1 1 1 1 1 1 1 1 1 1 1 1 1 1 1 1 1 1 1 1 1 1 1 1 1 1 1 1 1 1 1 1 1 1 1 1 1 1 1 1 1 1 1 1 1 1 1 1 1 1 1 1 1 1 1 1 1 1 1 1 1 1 1 1 1 1 1 1 1 1 1 1 1 1 1 1 1 1 1 1 1 1 1 1 1 1 1 1 1 1 1 1 1 1 1 1 1 1 1 1 1 1 1 1 1 1 1 1 1 1 1 1 1 1 1 1 1 1 1 1 1 1 1 1 1 1 1 1 1 1 1 1 1 1 1 1 1 1 1 1 1 1 1 1 1 1 1 1 1 1 1 1 1 1 1 1 1 1 1 1 1 1 1 1 1 1 1 1 1 1 1 1 1 1 1 1 1 1 1 1 1 1 1 1 1 1 1 1 1 1 1 1 1 1 1 1 1 1 1 1 1 1 1 1 1 1 1 1 1 1 1 1 1 1 1 1 1 1 1 1 1 1 1 1 1 1 1 1 1 1 1 1 1 1 1 1 1 1 1 1 1 1 1 1 1 1 1 1 1 1 1 1 1 1 1 1 1 1 1 1 1 1 1 1 1 1 1 1 1 1 1 1 1 1 1 1 1 1 1 1 1 1 1 1 1 1 1 1 1 1 1 1 1 1 1 1 1 1 1 1 1 1 1 1 1 1 1 1 1 1 1 1 1 1 1 1 1 1 1 1 1 1 1 1 1 1 1 1 1 1 1 1 1 1 1 1 1 
