# This file contains a 2D laser scan observation. 
# Its format is: 
# [aperture] [max_range] [number_of_scans] 
# [vector_of_scans] 
# [vector_of_valid_scans] 
# The aperture of the sensor is in radians, the maximum range 
# and measurements are in meters. '1' means a valid scan, '0' otherwise.
4.1847
5.6
682
0 2.29 2.29 2.289 2.282 2.282 2.284 2.282 2.284 2.284 2.284 2.282 0.886 0.883 0.87 0.819 0.796 0.773 0.714 0.64 0.599 0.592 0.576 0.54 0.508 0.506 0.488 0.46 0.454 0.443 0.44 0.439 0.438 0.424 0.419 0.415 0.403 0.395 0.393 0.384 0.382 0.364 0.351 0.343 0.333 0.32 0.306 0.301 0.276 0.276 0.264 0.261 0.239 0.239 0.239 0.239 0.238 0.233 0.214 0.21 0.205 0.199 0.197 0.194 0.189 0.188 0.18 0.18 0.177 0.177 0.171 0.171 0.17 0.169 0.169 0.172 0.169 0.172 0.172 0.172 0.172 0.172 0.172 0.173 0.172 0.168 0.162 0.16 0.159 0.159 0.159 0.159 0.159 0.159 0.159 0.16 0.16 0.16 0.16 0.16 0.161 0.159 0.161 0.159 0.159 0.159 0.159 0.158 0.158 0.155 0.155 0.152 0.152 0.149 0.149 0.148 0.145 0.144 0.144 0.144 0.144 0.144 0.144 0.15 0.147 0.147 0.147 0.147 0.144 0.143 0.143 0.145 0.145 0.145 0.145 0.142 0.139 0.137 0.137 0.136 0.135 0.13 0.127 0.127 0.127 0.127 0.127 0.128 0.133 0.134 0.134 0.133 0.137 0.13 0.13 0.136 0.136 0.131 0.131 0.131 0.128 0.125 0.125 0.125 0.125 0.128 0.128 0.128 0.121 0.121 0.121 0.121 0.119 0.122 0.122 0.122 0.122 0.122 0.122 0.12 0.12 0.115 0.115 0.117 0.117 0.117 0.119 0.119 0.121 0.119 0.12 0.122 0.12 0.115 0.116 0.116 0.113 0.116 0.116 0.116 0.116 0.117 0.117 0.115 0.115 0.115 0.115 0.116 0.116 0.116 0.115 0.112 0.112 0.108 0.108 0.108 0.108 0.108 0.108 0.109 0.113 0.116 0.119 0.116 0.116 0.115 0.114 0.114 0.114 0.112 0.107 0.107 0.107 0.107 0.107 0.111 0.111 0.111 0.111 0.111 0.111 0.109 0.109 0.106 0.106 0.106 0.103 0.106 0.106 0.104 0.104 0.104 0.104 0.102 0.104 0.104 0.104 0.106 0.106 0.106 0.106 0.103 0.103 0.103 0.103 0.102 0.102 0.102 0.102 0.103 0.106 0.106 0.109 0.109 0.102 0.102 0.105 0.105 0.105 0.105 0.11 0.107 0.107 0.11 0.111 0.11 0.11 0.11 0.108 0.104 0.108 0.107 0.107 0.107 0.108 0.116 0.116 0.116 0.117 0.117 0.116 0.117 0.117 0.116 0.115 0.114 0.113 0.113 0.113 0.113 0.113 0.11 0.11 0.11 0.11 0.11 0.109 0.109 0.109 0.113 0.114 0.116 0.117 0.119 0.119 0.119 0.116 0.116 0.116 0.116 0.116 0.117 0.117 0.114 0.122 0.122 0.121 0.121 0.122 0.121 0.122 0.122 0.121 0.121 0.122 0.122 0.122 0.123 0.123 0.122 0.123 0.124 0.126 0.126 0.128 0.128 0.128 0.128 0.13 0.133 0.134 0.133 0.133 0.133 0.133 0.133 0.133 0.133 0.134 0.139 0.139 0.14 0.145 0.145 0.145 0.145 0.145 0.142 0.141 0.141 0.142 0.142 0.142 0.147 0.147 0.147 0.147 0.146 0.145 0.145 0.145 0.145 0.145 0.144 0.144 0.144 0.144 0.15 0.15 0.152 0.15 0.149 0.149 0.15 0.15 0.151 0.151 0.152 0.153 0.16 0.159 0.162 0.159 0.16 0.159 0.16 0.16 0.166 0.168 0.171 0.172 0.171 0.171 0.172 0.172 0.172 0.179 0.179 0.189 0.19 0.194 0.194 0.194 0.195 0.2 0.201 0.201 0.199 0.201 0.201 0.208 0.209 0.216 0.217 0.217 0.218 0.218 0.227 0.227 0.235 0.251 0.257 0.257 0.262 0.261 0.267 0.267 0.268 0.268 0.269 0.268 0.269 0.269 0.274 0.274 0.274 0.27 0.275 0.27 0.27 0.272 0.28 0.28 0.288 0.298 0.311 0.315 0.317 0.321 0.325 0.327 0.327 0.324 0.327 0.327 0.353 0.353 0.414 0.416 0.448 0.506 0.576 0.576 0.576 0.56 0.56 0.557 0.556 0.556 0.556 0.556 0.558 0.558 0.565 0.565 0.558 0.558 0.558 0.558 0.567 0.572 0.573 0.574 0.577 0.578 0.609 0.634 0.646 0.788 0.796 0.809 0.811 0.96 0.96 0.96 0.65 0.65 0.648 0.65 0.65 0.651 0.648 0.648 0.647 0.647 0.646 0.641 0.638 0.636 0.632 0.627 0.627 0.629 0.629 0.629 0.629 0.629 0.629 0.627 0.627 0.624 0.627 0.626 0.626 0.626 0.63 0.626 0.63 0.63 0.633 0.635 0.635 0.637 0.637 0.639 0.639 0.639 0.639 0.638 0.638 0.638 0.641 0.638 0.641 0.642 0.643 0.648 0.648 0.648 0.648 0.65 0.652 0.656 0.657 0.659 0.659 0.659 0.665 0.666 0.668 0.668 0.668 0.669 0.669 0.668 0.669 0.669 0.669 0.679 0.684 0.685 0.685 0.686 0.69 0.696 0.697 0.7 0.702 0.702 0.712 0.713 0.714 0.716 0.716 0.716 0.738 0.74 0.744 0.749 0.752 0.753 0.763 0.77 1.156 1.194 1.198 1.201 1.206 1.207 1.218 1.224 1.225 1.232 1.238 1.243 1.247 1.248 1.26 1.263 1.27 1.278 1.289 1.293 1.293 1.293 1.293 1.277 1.274 1.256 1.254 1.252 1.244 1.237 1.231 1.219 1.218 1.198 1.194 1.188 1.186 1.179 1.173 1.159 1.154 1.151 1.146 1.137 1.134 1.134 1.131 1.116 1.115 1.107 1.104 1.102 1.092 1.083 1.081 1.075 1.072 1.063 1.062 
0 1 1 1 1 1 1 1 1 1 1 1 1 1 1 1 1 1 1 1 1 1 1 1 1 1 1 1 1 1 1 1 1 1 1 1 1 1 1 1 1 1 1 1 1 1 1 1 1 1 1 1 1 1 1 1 1 1 1 1 1 1 1 1 1 1 1 1 1 1 1 1 1 1 1 1 1 1 1 1 1 1 1 1 1 1 1 1 1 1 1 1 1 1 1 1 1 1 1 1 1 1 1 1 1 1 1 1 1 1 1 1 1 1 1 1 1 1 1 1 1 1 1 1 1 1 1 1 1 1 1 1 1 1 1 1 1 1 1 1 1 1 1 1 1 1 1 1 1 1 1 1 1 1 1 1 1 1 1 1 1 1 1 1 1 1 1 1 1 1 1 1 1 1 1 1 1 1 1 1 1 1 1 1 1 1 1 1 1 1 1 1 1 1 1 1 1 1 1 1 1 1 1 1 1 1 1 1 1 1 1 1 1 1 1 1 1 1 1 1 1 1 1 1 1 1 1 1 1 1 1 1 1 1 1 1 1 1 1 1 1 1 1 1 1 1 1 1 1 1 1 1 1 1 1 1 1 1 1 1 1 1 1 1 1 1 1 1 1 1 1 1 1 1 1 1 1 1 1 1 1 1 1 1 1 1 1 1 1 1 1 1 1 1 1 1 1 1 1 1 1 1 1 1 1 1 1 1 1 1 1 1 1 1 1 1 1 1 1 1 1 1 1 1 1 1 1 1 1 1 1 1 1 1 1 1 1 1 1 1 1 1 1 1 1 1 1 1 1 1 1 1 1 1 1 1 1 1 1 1 1 1 1 1 1 1 1 1 1 1 1 1 1 1 1 1 1 1 1 1 1 1 1 1 1 1 1 1 1 1 1 1 1 1 1 1 1 1 1 1 1 1 1 1 1 1 1 1 1 1 1 1 1 1 1 1 1 1 1 1 1 1 1 1 1 1 1 1 1 1 1 1 1 1 1 1 1 1 1 1 1 1 1 1 1 1 1 1 1 1 1 1 1 1 1 1 1 1 1 1 1 1 1 1 1 1 1 1 1 1 1 1 1 1 1 1 1 1 1 1 1 1 1 1 1 1 1 1 1 1 1 1 1 1 1 1 1 1 1 1 1 1 1 1 1 1 1 1 1 1 1 1 1 1 1 1 1 1 1 1 1 1 1 1 1 1 1 1 1 1 1 1 1 1 1 1 1 1 1 1 1 1 1 1 1 1 1 1 1 1 1 1 1 1 1 1 1 1 1 1 1 1 1 1 1 1 1 1 1 1 1 1 1 1 1 1 1 1 1 1 1 1 1 1 1 1 1 1 1 1 1 1 1 1 1 1 1 1 1 1 1 1 1 1 1 1 1 1 1 1 1 1 1 1 1 1 1 1 1 1 1 1 1 1 1 1 1 1 1 1 1 1 1 1 1 1 1 1 1 1 1 1 1 1 1 1 1 1 1 1 1 1 1 1 1 1 1 1 1 1 1 1 1 1 1 1 1 1 1 1 1 1 1 1 1 1 1 1 1 1 1 1 
