# This file contains a 2D laser scan observation. 
# Its format is: 
# [aperture] [max_range] [number_of_scans] 
# [vector_of_scans] 
# [vector_of_valid_scans] 
# The aperture of the sensor is in radians, the maximum range 
# and measurements are in meters. '1' means a valid scan, '0' otherwise.
4.1847
5.6
682
1.447 1.453 1.478 1.482 1.501 1.513 1.521 1.543 1.551 1.551 1.551 0.77 0.769 0.766 0.762 0.762 0.762 0.78 1.756 1.777 1.803 1.803 1.826 1.84 1.869 1.889 1.912 1.928 1.965 1.99 2.017 2.032 2.06 2.101 2.125 2.165 2.192 2.213 2.243 2.243 2.243 1.522 1.522 1.522 0 0 0 0 0 0.007 0 0 0.007 3.018 3.018 3.08 3.08 3.146 3.219 4.282 4.282 4.282 4.271 4.266 4.262 4.259 4.25 4.241 4.241 4.241 4.688 4.688 4.688 4.663 4.653 4.653 4.663 0 0 0 0 0 0 0 0 0 0 0.006 0 0 0 0 0 0 0 0 0 0 0 0 0 0 0 0.007 4.592 2.168 2.144 2.141 2.141 2.141 2.139 2.139 2.143 2.147 2.147 2.147 2.146 2.091 1.946 1.806 1.69 1.646 1.645 1.645 1.645 1.645 1.642 1.626 0.715 0.652 0.646 0.621 0.615 0.605 0.563 0.542 0.537 0.531 0.499 0.475 0.47 0.466 0.462 0.459 0.446 0.443 0.438 0.432 0.415 0.399 0.384 0.384 0.384 0.383 0.377 0.369 0.359 0.354 0.34 0.338 0.326 0.322 0.316 0.316 0.314 0.307 0.307 0.311 0.311 0.315 0.315 0.316 0.317 0.316 0.313 0.31 0.308 0.303 0.292 0.283 0.283 0.274 0.274 0.274 0.27 0.27 0.262 0.251 0.25 0.247 0.244 0.244 0.24 0.239 0.236 0.235 0.234 0.232 0.232 0.225 0.224 0.22 0.22 0.22 0.22 0.22 0.22 0.216 0.205 0.201 0.199 0.199 0.201 0.201 0.199 0.199 0.193 0.191 0.191 0.19 0.19 0.189 0.189 0.191 0.191 0.191 0.191 0.191 0.19 0.187 0.185 0.185 0.184 0.184 0.184 0.186 0.186 0.186 0.173 0.168 0.167 0.167 0.167 0.171 0.171 0.171 0.169 0.168 0.168 0.168 0.168 0.168 0.168 0.162 0.162 0.162 0.162 0.162 0.163 0.162 0.162 0.164 0.162 0.153 0.153 0.155 0.149 0.151 0.155 0.151 0.149 0.151 0.148 0.146 0.145 0.145 0.145 0.145 0.147 0.147 0.147 0.146 0.146 0.146 0.146 0.146 0.146 0.146 0.144 0.144 0.144 0.144 0.142 0.144 0.142 0.142 0.141 0.14 0.139 0.138 0.136 0.138 0.138 0.14 0.14 0.14 0.131 0.129 0.129 0.129 0.13 0.133 0.135 0.133 0.135 0.133 0.126 0.124 0.126 0.125 0.126 0.125 0.127 0.126 0.126 0.124 0.122 0.122 0.122 0.122 0.122 0.122 0.12 0.117 0.122 0.117 0.117 0.117 0.123 0.123 0.123 0.128 0.128 0.128 0.127 0.127 0.127 0.127 0.127 0.126 0.126 0.126 0.126 0.127 0.127 0.129 0.129 0.129 0.132 0.132 0.132 0.132 0.132 0.13 0.129 0.129 0.128 0.128 0.128 0.128 0.128 0.128 0.128 0.129 0.13 0.132 0.132 0.132 0.132 0.132 0.132 0.13 0.13 0.135 0.132 0.135 0.135 0.135 0.135 0.135 0.133 0.133 0.133 0.134 0.141 0.141 0.141 0.145 0.145 0.145 0.145 0.145 0.146 0.146 0.146 0.141 0.141 0.141 0.149 0.149 0.149 0.149 0.152 0.15 0.153 0.153 0.154 0.15 0.15 0.15 0.156 0.15 0.154 0.154 0.154 0.154 0.164 0.164 0.164 0.156 0.156 0.156 0.157 0.157 0.157 0.156 0.154 0.153 0.15 0.153 0.153 0.155 0.159 0.161 0.161 0.166 0.166 0.171 0.169 0.169 0.171 0.169 0.169 0.166 0.166 0.166 0.168 0.166 0.166 0.166 0.166 0.166 0.166 0.166 0.168 0.169 0.168 0.172 0.173 0.173 0.175 0.175 0.176 0.179 0.182 0.182 0.182 0.186 0.182 0.186 0.186 0.186 0.189 0.189 0.191 0.193 0.194 0.194 0.194 0.194 0.195 0.199 0.205 0.205 0.212 0.212 0.212 0.212 0.213 0.213 0.214 0.222 0.222 0.226 0.224 0.224 0.223 0.223 0.219 0.219 0.219 0.226 0.227 0.23 0.231 0.231 0.231 0.231 0.231 0.232 0.233 0.235 0.238 0.238 0.238 0.248 0.254 0.256 0.261 0.263 0.263 0.265 0.265 0.267 0.268 0.274 0.274 0.276 0.281 0.282 0.282 0.283 0.289 0.291 0.3 0.307 0.308 0.309 0.325 0.328 0.333 0.336 0.341 0.349 0.35 0.356 0.364 0.373 0.375 0.383 0.385 0.393 0.403 0.414 0.417 0.424 0.437 0.44 0.442 0.442 0.445 0.447 0.447 0.452 0.455 0.461 0.473 0.476 0.477 0.478 0.479 0.496 0.525 0.565 0.6 0.631 0.668 0.709 0.711 0.711 0.711 0.711 0.708 0.705 0.706 0.706 0.706 0.707 0.709 0.709 0.712 0.712 0.719 0.72 0.724 0.725 0.784 0.795 0.841 0.936 0.945 0.951 0.989 0.989 0.989 0.791 0.786 0.781 0.781 0.781 0.781 0.786 0.786 0.775 0.771 0.764 0.764 0.764 0.764 0.766 0.768 0.768 0.766 0.765 0.765 0.765 0.766 0.769 0.773 0.773 0.773 0.772 0.772 0.768 0.768 0.768 0.77 0.769 0.769 0.765 0.765 0.765 0.765 0.768 0.768 0.768 0.768 0.769 0.771 0.771 0.773 0.777 0.774 0.777 0.777 0.777 0.782 0.785 0.785 0.784 0.787 0.787 0.787 0.788 0.792 0.792 0.793 0.799 0.801 0.802 0.802 0.805 
1 1 1 1 1 1 1 1 1 1 1 1 1 1 1 1 1 1 1 1 1 1 1 1 1 1 1 1 1 1 1 1 1 1 1 1 1 1 1 1 1 1 1 1 0 0 0 0 0 0 0 0 0 1 1 1 1 1 1 1 1 1 1 1 1 1 1 1 1 1 1 1 1 1 1 1 1 0 0 0 0 0 0 0 0 0 0 0 0 0 0 0 0 0 0 0 0 0 0 0 0 0 0 0 1 1 1 1 1 1 1 1 1 1 1 1 1 1 1 1 1 1 1 1 1 1 1 1 1 1 1 1 1 1 1 1 1 1 1 1 1 1 1 1 1 1 1 1 1 1 1 1 1 1 1 1 1 1 1 1 1 1 1 1 1 1 1 1 1 1 1 1 1 1 1 1 1 1 1 1 1 1 1 1 1 1 1 1 1 1 1 1 1 1 1 1 1 1 1 1 1 1 1 1 1 1 1 1 1 1 1 1 1 1 1 1 1 1 1 1 1 1 1 1 1 1 1 1 1 1 1 1 1 1 1 1 1 1 1 1 1 1 1 1 1 1 1 1 1 1 1 1 1 1 1 1 1 1 1 1 1 1 1 1 1 1 1 1 1 1 1 1 1 1 1 1 1 1 1 1 1 1 1 1 1 1 1 1 1 1 1 1 1 1 1 1 1 1 1 1 1 1 1 1 1 1 1 1 1 1 1 1 1 1 1 1 1 1 1 1 1 1 1 1 1 1 1 1 1 1 1 1 1 1 1 1 1 1 1 1 1 1 1 1 1 1 1 1 1 1 1 1 1 1 1 1 1 1 1 1 1 1 1 1 1 1 1 1 1 1 1 1 1 1 1 1 1 1 1 1 1 1 1 1 1 1 1 1 1 1 1 1 1 1 1 1 1 1 1 1 1 1 1 1 1 1 1 1 1 1 1 1 1 1 1 1 1 1 1 1 1 1 1 1 1 1 1 1 1 1 1 1 1 1 1 1 1 1 1 1 1 1 1 1 1 1 1 1 1 1 1 1 1 1 1 1 1 1 1 1 1 1 1 1 1 1 1 1 1 1 1 1 1 1 1 1 1 1 1 1 1 1 1 1 1 1 1 1 1 1 1 1 1 1 1 1 1 1 1 1 1 1 1 1 1 1 1 1 1 1 1 1 1 1 1 1 1 1 1 1 1 1 1 1 1 1 1 1 1 1 1 1 1 1 1 1 1 1 1 1 1 1 1 1 1 1 1 1 1 1 1 1 1 1 1 1 1 1 1 1 1 1 1 1 1 1 1 1 1 1 1 1 1 1 1 1 1 1 1 1 1 1 1 1 1 1 1 1 1 1 1 1 1 1 1 1 1 1 1 1 1 1 1 1 1 1 1 1 1 1 1 1 1 1 1 1 1 1 1 1 1 1 1 1 1 1 1 1 1 1 1 1 1 1 1 1 1 1 1 1 1 1 1 1 1 1 1 1 1 1 1 1 1 1 1 1 1 1 1 1 1 1 1 1 1 1 1 1 1 1 1 1 1 1 1 1 1 1 1 1 1 1 
