# This file contains a 2D laser scan observation. 
# Its format is: 
# [aperture] [max_range] [number_of_scans] 
# [vector_of_scans] 
# [vector_of_valid_scans] 
# The aperture of the sensor is in radians, the maximum range 
# and measurements are in meters. '1' means a valid scan, '0' otherwise.
4.1847
5.6
682
0.83 0.828 0.415 0.405 0.403 0.399 0.399 0.399 0.4 0.4 0.4 0.389 0.389 0.389 0.418 0.789 0.789 0.789 0.63 0.612 0.61 0.608 0.6 0.599 0.598 0.598 0.587 0.587 0.583 0.583 0.58 0.587 0.58 0.587 0.584 0.584 0.584 0.584 0.576 0.576 0.579 0.576 0.577 0.577 0.577 0.577 0.577 0.578 0.578 0.578 0.575 0.575 0.575 0.577 0.579 0.581 0.585 0.587 0.587 0.59 0.591 0.591 0.593 0.595 0.595 0.602 0.604 0.633 1.156 1.172 1.173 1.173 1.184 1.196 1.201 1.217 1.218 1.238 1.248 1.253 1.267 1.289 1.292 1.306 1.316 1.325 1.333 1.356 1.359 1.384 1.396 1.41 1.415 1.438 1.451 1.462 1.478 1.503 1.518 1.537 1.555 1.571 1.571 1.571 0.659 0.652 0.652 0.654 0.654 1.77 1.796 1.827 1.827 1.846 1.879 1.91 1.919 1.971 1.999 2.027 2.06 2.089 2.127 2.164 2.19 2.197 2.197 2.19 1.412 1.412 1.412 1.604 0 0.007 0 0.008 0.008 0.006 0.006 3.091 3.091 3.091 3.19 4.189 4.189 4.189 4.178 4.172 4.165 4.159 4.158 4.159 4.159 4.586 4.586 4.586 4.577 4.577 4.577 0 0 0 0 0 0 0 0 0 0.006 0.006 0.006 0.006 0.006 0.006 0.006 0.006 0.006 0.006 0.006 0 0 0 0 0 0 0 4.513 4.513 4.513 4.529 4.529 4.529 2.093 2.084 2.081 2.081 2.079 2.076 2.076 2.076 2.083 2.084 2.084 2.083 2.061 1.994 1.897 1.802 1.728 1.653 1.598 1.591 1.591 1.591 1.592 1.595 1.595 1.595 1.584 1.584 1.584 1.584 1.584 1.588 1.588 1.594 1.595 1.597 1.595 1.595 1.595 1.594 1.583 0.669 0.649 0.644 0.628 0.623 0.621 0.61 0.596 0.594 0.58 0.576 0.574 0.571 0.561 0.546 0.524 0.511 0.51 0.499 0.498 0.498 0.497 0.471 0.464 0.463 0.459 0.45 0.447 0.442 0.438 0.438 0.437 0.434 0.432 0.423 0.429 0.419 0.419 0.408 0.408 0.407 0.407 0.405 0.393 0.387 0.378 0.374 0.374 0.372 0.369 0.369 0.369 0.369 0.369 0.369 0.352 0.348 0.344 0.343 0.343 0.341 0.334 0.333 0.333 0.332 0.332 0.325 0.325 0.324 0.319 0.319 0.319 0.316 0.319 0.32 0.32 0.319 0.319 0.313 0.312 0.312 0.312 0.313 0.314 0.316 0.32 0.32 0.321 0.321 0.314 0.31 0.303 0.303 0.303 0.297 0.297 0.297 0.297 0.297 0.295 0.295 0.294 0.295 0.295 0.293 0.291 0.291 0.291 0.285 0.28 0.28 0.274 0.275 0.274 0.274 0.272 0.272 0.267 0.267 0.267 0.265 0.267 0.267 0.262 0.261 0.265 0.261 0.261 0.263 0.263 0.263 0.263 0.26 0.255 0.254 0.252 0.248 0.248 0.251 0.251 0.251 0.252 0.251 0.251 0.249 0.248 0.247 0.244 0.244 0.244 0.244 0.244 0.244 0.244 0.243 0.243 0.243 0.24 0.24 0.241 0.241 0.243 0.243 0.243 0.243 0.246 0.243 0.245 0.245 0.245 0.243 0.243 0.24 0.24 0.238 0.238 0.237 0.237 0.235 0.235 0.235 0.23 0.227 0.23 0.23 0.23 0.23 0.233 0.233 0.231 0.233 0.233 0.233 0.233 0.235 0.235 0.229 0.229 0.228 0.228 0.228 0.226 0.226 0.226 0.226 0.226 0.226 0.216 0.215 0.214 0.211 0.211 0.211 0.211 0.211 0.209 0.207 0.207 0.206 0.205 0.205 0.203 0.203 0.205 0.206 0.205 0.205 0.205 0.201 0.201 0.209 0.209 0.204 0.209 0.204 0.204 0.206 0.206 0.199 0.204 0.201 0.199 0.201 0.204 0.203 0.205 0.205 0.206 0.206 0.207 0.208 0.212 0.212 0.214 0.216 0.219 0.221 0.23 0.23 0.23 0.23 0.23 0.229 0.228 0.223 0.223 0.223 0.228 0.228 0.231 0.242 0.242 0.247 0.249 0.249 0.249 0.25 0.254 0.254 0.254 0.265 0.269 0.277 0.277 0.277 0.278 0.278 0.274 0.274 0.27 0.27 0.268 0.268 0.278 0.278 0.278 0.281 0.281 0.286 0.286 0.289 0.289 0.29 0.29 0.289 0.282 0.281 0.281 0.282 0.291 0.292 0.296 0.299 0.303 0.306 0.306 0.31 0.311 0.312 0.312 0.314 0.315 0.32 0.32 0.322 0.322 0.322 0.322 0.324 0.324 0.33 0.332 0.332 0.34 0.341 0.343 0.343 0.343 0.344 0.344 0.344 0.353 0.355 0.359 0.362 0.364 0.364 0.371 0.375 0.377 0.38 0.381 0.383 0.383 0.383 0.386 0.388 0.394 0.396 0.41 0.415 0.42 0.426 0.432 0.44 0.447 0.448 0.451 0.458 0.459 0.462 0.462 0.464 0.467 0.467 0.475 0.476 0.477 0.487 0.49 0.502 0.506 0.511 0.511 0.512 0.512 0.512 0.515 0.529 0.529 0.536 0.543 0.547 0.548 0.551 0.554 0.56 0.562 0.57 0.585 0.595 0.608 0.613 0.63 0.641 0.669 0.682 0.7 0.713 0.728 0.741 0.763 0.783 0.785 0.785 0.785 0.785 0.785 0.785 0.791 0.791 0.791 0.782 0.782 0.782 0.796 0.797 0.815 0.844 0.849 0.854 0.903 1.006 1.015 1.015 1.015 0.95 0.85 0.85 0.85 0.843 0.841 0.843 0.84 0.839 0.837 0.833 0.829 0.826 
1 1 1 1 1 1 1 1 1 1 1 1 1 1 1 1 1 1 1 1 1 1 1 1 1 1 1 1 1 1 1 1 1 1 1 1 1 1 1 1 1 1 1 1 1 1 1 1 1 1 1 1 1 1 1 1 1 1 1 1 1 1 1 1 1 1 1 1 1 1 1 1 1 1 1 1 1 1 1 1 1 1 1 1 1 1 1 1 1 1 1 1 1 1 1 1 1 1 1 1 1 1 1 1 1 1 1 1 1 1 1 1 1 1 1 1 1 1 1 1 1 1 1 1 1 1 1 1 1 1 1 1 0 0 0 0 0 0 0 1 1 1 1 1 1 1 1 1 1 1 1 1 1 1 1 1 1 1 1 0 0 0 0 0 0 0 0 0 0 0 0 0 0 0 0 0 0 0 0 0 0 0 0 0 0 0 1 1 1 1 1 1 1 1 1 1 1 1 1 1 1 1 1 1 1 1 1 1 1 1 1 1 1 1 1 1 1 1 1 1 1 1 1 1 1 1 1 1 1 1 1 1 1 1 1 1 1 1 1 1 1 1 1 1 1 1 1 1 1 1 1 1 1 1 1 1 1 1 1 1 1 1 1 1 1 1 1 1 1 1 1 1 1 1 1 1 1 1 1 1 1 1 1 1 1 1 1 1 1 1 1 1 1 1 1 1 1 1 1 1 1 1 1 1 1 1 1 1 1 1 1 1 1 1 1 1 1 1 1 1 1 1 1 1 1 1 1 1 1 1 1 1 1 1 1 1 1 1 1 1 1 1 1 1 1 1 1 1 1 1 1 1 1 1 1 1 1 1 1 1 1 1 1 1 1 1 1 1 1 1 1 1 1 1 1 1 1 1 1 1 1 1 1 1 1 1 1 1 1 1 1 1 1 1 1 1 1 1 1 1 1 1 1 1 1 1 1 1 1 1 1 1 1 1 1 1 1 1 1 1 1 1 1 1 1 1 1 1 1 1 1 1 1 1 1 1 1 1 1 1 1 1 1 1 1 1 1 1 1 1 1 1 1 1 1 1 1 1 1 1 1 1 1 1 1 1 1 1 1 1 1 1 1 1 1 1 1 1 1 1 1 1 1 1 1 1 1 1 1 1 1 1 1 1 1 1 1 1 1 1 1 1 1 1 1 1 1 1 1 1 1 1 1 1 1 1 1 1 1 1 1 1 1 1 1 1 1 1 1 1 1 1 1 1 1 1 1 1 1 1 1 1 1 1 1 1 1 1 1 1 1 1 1 1 1 1 1 1 1 1 1 1 1 1 1 1 1 1 1 1 1 1 1 1 1 1 1 1 1 1 1 1 1 1 1 1 1 1 1 1 1 1 1 1 1 1 1 1 1 1 1 1 1 1 1 1 1 1 1 1 1 1 1 1 1 1 1 1 1 1 1 1 1 1 1 1 1 1 1 1 1 1 1 1 1 1 1 1 1 1 1 1 1 1 1 1 1 1 1 1 1 1 1 1 1 1 1 1 1 1 1 1 1 1 1 1 1 1 1 1 1 1 1 1 1 1 1 1 1 1 1 1 
