# This file contains a 2D laser scan observation. 
# Its format is: 
# [aperture] [max_range] [number_of_scans] 
# [vector_of_scans] 
# [vector_of_valid_scans] 
# The aperture of the sensor is in radians, the maximum range 
# and measurements are in meters. '1' means a valid scan, '0' otherwise.
4.1847
5.6
682
0.814 0.812 0.812 0.817 0.822 0.82 0.823 0.82 0.82 0.398 0.395 0.389 0.389 0.389 0.388 0.386 0.383 0.383 0.383 0.383 0.383 0.48 0.724 0.724 0.724 0.61 0.61 0.594 0.594 0.594 0.594 0.589 0.587 0.583 0.578 0.578 0.578 0.578 0.578 0.57 0.57 0.569 0.566 0.569 0.566 0.566 0.567 0.567 0.567 0.568 0.568 0.567 0.572 0.567 0.566 0.565 0.566 0.566 0.568 0.568 0.572 0.572 0.573 0.576 0.576 0.579 0.58 0.585 0.585 0.586 0.588 0.591 0.598 0.598 0.609 0.662 1.135 1.165 1.166 1.183 1.197 1.202 1.214 1.219 1.228 1.247 1.251 1.253 1.265 1.282 1.294 1.298 1.315 1.329 1.34 1.348 1.366 1.385 1.398 1.418 1.425 1.452 1.456 1.482 1.49 1.521 1.537 1.558 1.577 1.594 1.594 1.594 0.654 0.649 0.649 0.649 0.654 1.791 1.826 1.842 1.842 1.872 1.904 1.92 1.959 1.995 2.023 2.066 2.081 2.128 2.162 2.185 2.188 2.188 2.185 1.406 1.406 1.406 1.609 0 0.007 0 0 0 0 0 3.101 3.101 3.101 4.181 4.181 4.181 4.171 4.168 4.166 4.161 4.156 4.156 4.156 4.594 4.594 4.594 4.58 4.58 4.58 0 0 0 0 0 0 0 0 0 0 0.006 0 0 0 0 0 0 0 0 0 0 0 0 0.007 0 0 0 0 4.524 4.524 4.524 4.532 4.532 4.532 2.092 2.072 2.072 2.071 2.071 2.077 2.077 2.077 2.08 2.082 2.084 2.084 2.082 2.006 1.915 1.824 1.737 1.681 1.613 1.593 1.59 1.59 1.593 1.594 1.594 1.594 1.583 1.579 1.579 1.583 1.578 1.589 1.589 1.589 1.598 1.6 1.601 1.604 1.604 1.604 1.604 1.591 0.696 0.672 0.654 0.643 0.627 0.624 0.622 0.603 0.602 0.596 0.583 0.575 0.574 0.573 0.561 0.547 0.542 0.525 0.519 0.512 0.508 0.505 0.495 0.493 0.475 0.468 0.463 0.461 0.458 0.453 0.448 0.446 0.439 0.438 0.436 0.436 0.432 0.431 0.431 0.427 0.424 0.422 0.422 0.417 0.416 0.406 0.402 0.396 0.384 0.376 0.376 0.376 0.376 0.378 0.379 0.378 0.375 0.374 0.373 0.354 0.35 0.347 0.347 0.343 0.345 0.343 0.345 0.341 0.34 0.335 0.335 0.332 0.324 0.324 0.324 0.323 0.323 0.323 0.32 0.32 0.32 0.32 0.319 0.323 0.323 0.323 0.324 0.327 0.327 0.327 0.327 0.325 0.325 0.324 0.313 0.312 0.311 0.301 0.3 0.3 0.3 0.303 0.303 0.304 0.303 0.303 0.304 0.303 0.301 0.299 0.298 0.297 0.297 0.297 0.294 0.285 0.283 0.28 0.276 0.275 0.276 0.276 0.275 0.275 0.275 0.273 0.273 0.271 0.265 0.264 0.264 0.264 0.268 0.268 0.268 0.263 0.259 0.259 0.257 0.255 0.258 0.255 0.255 0.254 0.253 0.252 0.25 0.25 0.249 0.249 0.252 0.253 0.254 0.254 0.259 0.254 0.252 0.252 0.246 0.246 0.248 0.252 0.255 0.256 0.256 0.256 0.259 0.262 0.262 0.262 0.262 0.262 0.26 0.26 0.26 0.254 0.252 0.24 0.24 0.24 0.24 0.242 0.242 0.243 0.249 0.249 0.249 0.246 0.243 0.242 0.241 0.239 0.237 0.237 0.239 0.239 0.237 0.244 0.244 0.244 0.244 0.247 0.247 0.244 0.235 0.235 0.233 0.228 0.227 0.226 0.224 0.216 0.216 0.216 0.216 0.215 0.216 0.215 0.215 0.217 0.222 0.222 0.222 0.222 0.225 0.225 0.22 0.22 0.222 0.22 0.22 0.222 0.222 0.219 0.222 0.222 0.218 0.218 0.218 0.218 0.22 0.22 0.222 0.223 0.223 0.223 0.223 0.223 0.224 0.224 0.227 0.229 0.23 0.23 0.23 0.234 0.234 0.234 0.236 0.236 0.236 0.236 0.236 0.236 0.236 0.24 0.24 0.253 0.254 0.255 0.258 0.264 0.264 0.264 0.27 0.272 0.27 0.27 0.273 0.273 0.276 0.277 0.278 0.28 0.277 0.28 0.283 0.281 0.281 0.283 0.283 0.289 0.289 0.292 0.296 0.296 0.297 0.298 0.299 0.308 0.308 0.307 0.307 0.301 0.296 0.296 0.296 0.301 0.306 0.309 0.317 0.32 0.32 0.32 0.32 0.326 0.326 0.326 0.327 0.328 0.329 0.335 0.335 0.339 0.339 0.34 0.34 0.343 0.344 0.344 0.345 0.344 0.345 0.345 0.346 0.354 0.358 0.366 0.366 0.366 0.368 0.377 0.381 0.384 0.386 0.39 0.39 0.392 0.393 0.397 0.403 0.409 0.41 0.414 0.42 0.421 0.429 0.431 0.431 0.439 0.441 0.449 0.452 0.456 0.471 0.471 0.472 0.474 0.478 0.481 0.487 0.499 0.499 0.502 0.504 0.506 0.518 0.518 0.521 0.521 0.521 0.522 0.524 0.524 0.53 0.53 0.533 0.541 0.542 0.547 0.551 0.561 0.569 0.569 0.572 0.577 0.59 0.604 0.609 0.628 0.632 0.64 0.67 0.682 0.706 0.716 0.738 0.746 0.772 0.784 0.792 0.793 0.793 0.796 0.793 0.791 0.791 0.797 0.791 0.793 0.795 0.795 0.795 0.809 0.82 0.848 0.854 0.86 0.913 1.009 1.013 1.013 1.013 0.966 0.855 0.853 0.852 0.851 0.851 0.85 0.85 
1 1 1 1 1 1 1 1 1 1 1 1 1 1 1 1 1 1 1 1 1 1 1 1 1 1 1 1 1 1 1 1 1 1 1 1 1 1 1 1 1 1 1 1 1 1 1 1 1 1 1 1 1 1 1 1 1 1 1 1 1 1 1 1 1 1 1 1 1 1 1 1 1 1 1 1 1 1 1 1 1 1 1 1 1 1 1 1 1 1 1 1 1 1 1 1 1 1 1 1 1 1 1 1 1 1 1 1 1 1 1 1 1 1 1 1 1 1 1 1 1 1 1 1 1 1 1 1 1 1 1 1 1 1 1 1 1 1 1 0 0 0 0 0 0 0 1 1 1 1 1 1 1 1 1 1 1 1 1 1 1 1 1 1 1 0 0 0 0 0 0 0 0 0 0 0 0 0 0 0 0 0 0 0 0 0 0 0 0 0 0 0 0 1 1 1 1 1 1 1 1 1 1 1 1 1 1 1 1 1 1 1 1 1 1 1 1 1 1 1 1 1 1 1 1 1 1 1 1 1 1 1 1 1 1 1 1 1 1 1 1 1 1 1 1 1 1 1 1 1 1 1 1 1 1 1 1 1 1 1 1 1 1 1 1 1 1 1 1 1 1 1 1 1 1 1 1 1 1 1 1 1 1 1 1 1 1 1 1 1 1 1 1 1 1 1 1 1 1 1 1 1 1 1 1 1 1 1 1 1 1 1 1 1 1 1 1 1 1 1 1 1 1 1 1 1 1 1 1 1 1 1 1 1 1 1 1 1 1 1 1 1 1 1 1 1 1 1 1 1 1 1 1 1 1 1 1 1 1 1 1 1 1 1 1 1 1 1 1 1 1 1 1 1 1 1 1 1 1 1 1 1 1 1 1 1 1 1 1 1 1 1 1 1 1 1 1 1 1 1 1 1 1 1 1 1 1 1 1 1 1 1 1 1 1 1 1 1 1 1 1 1 1 1 1 1 1 1 1 1 1 1 1 1 1 1 1 1 1 1 1 1 1 1 1 1 1 1 1 1 1 1 1 1 1 1 1 1 1 1 1 1 1 1 1 1 1 1 1 1 1 1 1 1 1 1 1 1 1 1 1 1 1 1 1 1 1 1 1 1 1 1 1 1 1 1 1 1 1 1 1 1 1 1 1 1 1 1 1 1 1 1 1 1 1 1 1 1 1 1 1 1 1 1 1 1 1 1 1 1 1 1 1 1 1 1 1 1 1 1 1 1 1 1 1 1 1 1 1 1 1 1 1 1 1 1 1 1 1 1 1 1 1 1 1 1 1 1 1 1 1 1 1 1 1 1 1 1 1 1 1 1 1 1 1 1 1 1 1 1 1 1 1 1 1 1 1 1 1 1 1 1 1 1 1 1 1 1 1 1 1 1 1 1 1 1 1 1 1 1 1 1 1 1 1 1 1 1 1 1 1 1 1 1 1 1 1 1 1 1 1 1 1 1 1 1 1 1 1 1 1 1 1 1 1 1 1 1 1 1 1 1 1 1 1 1 1 1 1 1 1 1 1 1 1 1 1 1 1 1 1 1 
