# This file contains a 2D laser scan observation. 
# Its format is: 
# [aperture] [max_range] [number_of_scans] 
# [vector_of_scans] 
# [vector_of_valid_scans] 
# The aperture of the sensor is in radians, the maximum range 
# and measurements are in meters. '1' means a valid scan, '0' otherwise.
4.1847
5.6
682
0.828 0.828 0.826 0.826 0.822 0.816 0.813 0.81 0.81 0.811 0.811 0.801 0.811 0.801 0.744 0.72 0.671 0.466 0.448 0.448 0.446 0.442 0.441 0.439 0.438 0.428 0.428 0.428 0.427 0.423 0.423 0.423 0.423 0.425 0.425 0.425 0.419 0.418 0.417 0.414 0.414 0.41 0.41 0.41 0.414 0.414 0.416 0.416 0.416 0.413 0.414 0.414 0.414 0.414 0.414 0.418 0.411 0.411 0.414 0.414 0.414 0.418 0.416 0.416 0.416 0.413 0.413 0.413 0.415 0.419 0.419 0.419 0.418 0.418 0.418 0.424 0.431 0.438 0.438 0.439 0.441 0.445 0.446 0.454 0.524 0.74 0.742 0.746 0.746 0.746 0.749 0.749 0.749 0.747 0.748 0.747 0.747 0.748 0.75 0.751 0.753 0.756 0.753 0.755 0.756 0.755 0.752 0.638 0.63 0.63 0.63 0.645 0.75 0.768 0.768 0.768 0.32 0.301 0.289 0.289 0.289 0.286 0.284 0.284 0.284 0.281 0.281 0.281 0.286 0.287 0.308 0.432 0.751 0.783 0.785 0.787 0.789 0.789 0.789 0.793 0.793 0.793 0.798 0.798 0.811 0.811 0.811 0.812 0.812 0.815 0.818 0.818 0.82 0.821 0.823 0.823 0.832 0.832 0.835 0.835 0.836 0.845 0.846 0.847 0.848 0.852 0.852 0.858 0.861 0.868 0.87 0.87 0.875 0.875 0.885 0.887 0.889 0.89 0.892 0.906 0.908 0.915 0.917 0.917 0.917 0.925 0.925 0.935 0.937 0.937 0.939 0.948 0.949 0.953 0.961 0.963 0.969 0.981 0.984 0.989 0.993 0.999 1.01 1.013 1.02 1.025 1.031 1.042 1.046 1.057 1.057 1.061 1.066 1.084 1.087 1.094 1.103 1.119 1.122 1.126 1.136 1.14 1.156 1.16 1.169 1.18 1.184 1.2 1.203 1.219 1.227 1.238 1.246 1.26 1.272 1.281 1.289 1.305 1.313 1.32 1.341 1.358 1.368 1.38 1.396 1.417 1.43 1.443 1.46 1.478 1.496 1.496 1.496 0.939 0.936 0.936 0.936 0.933 0.933 0.934 0.949 0.949 1.02 1.05 1.111 1.111 1.142 1.163 1.229 1.28 1.28 1.28 1.355 0.007 0 0 0 0.007 2.268 2.268 2.318 2.318 2.359 2.414 2.449 2.505 2.55 2.603 2.648 3.725 3.725 3.725 3.712 3.71 3.701 3.7 3.697 3.689 3.687 3.68 3.68 3.68 3.718 3.988 4.066 4.066 4.061 4.061 4.023 4.023 4.023 0 0 0 0 0 0 0 0 0.006 0.006 0.006 0.006 0.006 0.006 0.006 0.006 0.006 0.006 0.006 0.006 0.006 0.006 0.006 0.006 0.006 0.006 0.006 0 0 3.985 3.985 3.985 4.014 4.014 4.015 4.014 4.014 0.007 3.487 1.572 1.552 1.552 1.551 1.551 1.552 1.553 1.553 1.554 1.569 1.572 1.572 1.572 1.573 1.573 1.572 1.539 1.492 1.45 1.398 1.356 1.33 1.286 1.252 1.212 1.176 1.145 1.122 1.091 1.079 1.079 1.079 1.082 1.082 1.095 1.088 1.095 1.094 1.094 1.088 1.081 1.081 1.081 1.086 1.088 1.094 1.099 1.1 1.103 1.103 1.109 1.11 1.113 1.118 1.12 1.12 1.125 1.126 1.127 1.13 1.134 1.138 1.139 1.146 1.148 1.15 1.154 1.16 1.166 1.166 1.175 1.181 1.183 1.186 1.188 1.195 1.195 1.21 1.211 1.215 1.217 1.222 1.226 1.231 1.234 1.236 1.245 1.25 1.252 1.257 1.258 1.27 1.276 1.285 1.288 1.304 1.304 1.305 1.312 1.315 1.321 1.324 1.336 1.346 1.352 1.359 1.361 1.372 1.373 1.373 1.379 1.385 1.392 1.409 1.433 1.436 1.45 1.451 1.461 1.467 1.483 1.495 1.507 1.509 1.512 1.531 1.532 1.539 1.544 1.565 1.575 1.59 1.598 1.615 1.626 1.631 1.639 1.631 1.626 0.301 0.301 0.301 0.306 0.308 0.312 0.312 0.308 0.272 0.269 0.269 0.272 0.276 0.279 0.282 0.283 0.284 0.286 0.284 0.283 0.275 0.274 0.274 0.271 0.271 0.268 0.262 0.262 0.262 0.262 0.261 0.267 0.261 0.257 0.257 0.255 0.255 0.255 0.255 0.252 0.255 0.252 0.252 0.252 0.25 0.25 0.25 0.249 0.247 0.247 0.247 0.247 0.247 0.247 0.246 0.246 0.246 0.241 0.241 0.241 0.241 0.241 0.241 0.241 0.24 0.24 0.239 0.239 0.239 0.237 0.237 0.241 0.237 0.237 0.236 0.236 0.236 0.239 0.24 0.24 0.239 0.239 0.237 0.237 0.236 0.236 0.237 0.24 0.237 0.237 0.242 0.238 0.238 0.238 0.238 0.238 0.238 0.238 0.238 0.238 0.237 0.237 0.237 0.233 0.233 0.233 0.233 0.233 0.238 0.239 0.239 0.239 0.236 0.236 0.236 0.24 0.24 0.24 0.24 0.24 0.24 0.24 0.24 0.238 0.232 0.228 0.228 0.228 0.231 0.238 0.238 0.24 0.241 0.241 0.24 0.24 0.235 0.232 0.231 0.231 0.231 0.231 0.236 0.236 0.236 0.234 0.233 0.233 0.234 0.236 0.24 0.24 0.239 0.239 0.239 0.239 0.237 0.237 0.237 0.234 0.234 0.234 0.241 0.241 0.241 0.245 0.243 0.244 0.244 0.244 0.244 0.247 0.247 0.255 0.255 0.255 0.253 0.253 0.246 0.246 0.246 0.245 0.246 0.247 0.25 0.252 0.253 0.252 0.25 0.248 0.245 0.245 0.248 
1 1 1 1 1 1 1 1 1 1 1 1 1 1 1 1 1 1 1 1 1 1 1 1 1 1 1 1 1 1 1 1 1 1 1 1 1 1 1 1 1 1 1 1 1 1 1 1 1 1 1 1 1 1 1 1 1 1 1 1 1 1 1 1 1 1 1 1 1 1 1 1 1 1 1 1 1 1 1 1 1 1 1 1 1 1 1 1 1 1 1 1 1 1 1 1 1 1 1 1 1 1 1 1 1 1 1 1 1 1 1 1 1 1 1 1 1 1 1 1 1 1 1 1 1 1 1 1 1 1 1 1 1 1 1 1 1 1 1 1 1 1 1 1 1 1 1 1 1 1 1 1 1 1 1 1 1 1 1 1 1 1 1 1 1 1 1 1 1 1 1 1 1 1 1 1 1 1 1 1 1 1 1 1 1 1 1 1 1 1 1 1 1 1 1 1 1 1 1 1 1 1 1 1 1 1 1 1 1 1 1 1 1 1 1 1 1 1 1 1 1 1 1 1 1 1 1 1 1 1 1 1 1 1 1 1 1 1 1 1 1 1 1 1 1 1 1 1 1 1 1 1 1 1 1 1 1 1 1 1 1 1 1 1 1 1 1 1 1 1 1 1 1 0 0 0 0 0 1 1 1 1 1 1 1 1 1 1 1 1 1 1 1 1 1 1 1 1 1 1 1 1 1 1 1 1 1 1 1 1 1 0 0 0 0 0 0 0 0 0 0 0 0 0 0 0 0 0 0 0 0 0 0 0 0 0 0 0 0 0 1 1 1 1 1 1 1 1 0 1 1 1 1 1 1 1 1 1 1 1 1 1 1 1 1 1 1 1 1 1 1 1 1 1 1 1 1 1 1 1 1 1 1 1 1 1 1 1 1 1 1 1 1 1 1 1 1 1 1 1 1 1 1 1 1 1 1 1 1 1 1 1 1 1 1 1 1 1 1 1 1 1 1 1 1 1 1 1 1 1 1 1 1 1 1 1 1 1 1 1 1 1 1 1 1 1 1 1 1 1 1 1 1 1 1 1 1 1 1 1 1 1 1 1 1 1 1 1 1 1 1 1 1 1 1 1 1 1 1 1 1 1 1 1 1 1 1 1 1 1 1 1 1 1 1 1 1 1 1 1 1 1 1 1 1 1 1 1 1 1 1 1 1 1 1 1 1 1 1 1 1 1 1 1 1 1 1 1 1 1 1 1 1 1 1 1 1 1 1 1 1 1 1 1 1 1 1 1 1 1 1 1 1 1 1 1 1 1 1 1 1 1 1 1 1 1 1 1 1 1 1 1 1 1 1 1 1 1 1 1 1 1 1 1 1 1 1 1 1 1 1 1 1 1 1 1 1 1 1 1 1 1 1 1 1 1 1 1 1 1 1 1 1 1 1 1 1 1 1 1 1 1 1 1 1 1 1 1 1 1 1 1 1 1 1 1 1 1 1 1 1 1 1 1 1 1 1 1 1 1 1 1 1 1 1 1 1 1 1 1 1 1 1 1 1 1 1 1 1 1 1 1 1 1 1 1 1 1 1 1 1 1 
