# This file contains a 2D laser scan observation. 
# Its format is: 
# [aperture] [max_range] [number_of_scans] 
# [vector_of_scans] 
# [vector_of_valid_scans] 
# The aperture of the sensor is in radians, the maximum range 
# and measurements are in meters. '1' means a valid scan, '0' otherwise.
4.1847
5.6
682
0.452 0.454 0.454 0.454 0.452 0.452 0.452 0.452 0.431 0.303 0.281 0.272 0.258 0.257 0.257 0.257 0.256 0.256 0.254 0.254 0.255 0.26 0.26 0.272 0.28 0.353 0.451 0.457 0.458 0.459 0.463 0.463 0.464 0.466 0.466 0.474 0.476 0.478 0.481 0.487 0.536 0.733 0.744 0.744 0.746 0.744 0.744 0.743 0.739 0.733 0.732 0.73 0.73 0.73 0.729 0.729 0.728 0.727 0.724 0.727 0.724 0.724 0.724 0.72 0.711 0.709 0.709 0.708 0.705 0.704 0.701 0.7 0.7 0.7 0.7 0.7 0.7 0.698 0.697 0.668 0.583 0.573 0.573 0.573 0.584 0.626 0.687 0.687 0.687 0.687 0.688 0.686 0.686 0.686 0.686 0.683 0.683 0.683 0.683 0.687 0.692 0.687 0.687 0.683 0.683 0.682 0.682 0.682 0.682 0.682 0.681 0.681 0.682 0.682 0.681 0.68 0.68 0.68 0.682 0.689 0.689 0.683 0.683 0.683 0.68 0.68 0.68 0.68 0.68 0.68 0.68 0.678 0.678 0.68 0.684 0.685 0.686 0.685 0.691 0.691 0.69 0.684 0.684 0.684 0.684 0.688 0.691 0.691 0.691 0.692 0.692 0.688 0.692 0.693 0.693 0.694 0.695 0.698 0.698 0.7 0.702 0.702 0.702 0.702 0.702 0.702 0.704 0.71 0.71 0.713 0.714 0.715 0.715 0.715 0.722 0.722 0.725 0.725 0.725 0.726 0.727 0.731 0.733 0.737 0.738 0.743 0.743 0.743 0.743 0.742 0.742 0.748 0.748 0.752 0.757 0.758 0.76 0.765 0.765 0.767 0.77 0.774 0.774 0.78 0.776 0.78 0.78 0.784 0.786 0.788 0.793 0.794 0.802 0.803 0.807 0.809 0.809 0.811 0.815 0.825 0.826 0.833 0.835 0.836 0.836 0.839 0.843 0.851 0.855 0.856 0.856 0.861 0.87 0.87 0.877 0.877 0.882 0.897 0.9 0.9 0.905 0.911 0.919 0.919 0.919 0.932 0.934 0.941 0.949 0.953 0.954 0.969 0.974 0.977 0.98 0.981 0.996 1.01 1.018 1.02 1.037 1.037 1.042 1.042 1.052 1.072 1.074 1.084 1.091 1.097 1.111 1.123 1.13 1.141 1.16 1.16 1.17 1.17 1.17 0.701 0.697 0.688 0.686 0.686 0.686 0.686 0.686 0.691 0.705 0.717 0.731 0.737 0.796 0.799 0.805 0.805 0.813 0.843 0.869 0.897 0.897 0.897 0.9 0.908 0.978 1.019 0.015 0.015 0.015 0.015 0.015 1.225 1.225 1.225 1.311 0.007 0 2.03 2.07 2.07 2.07 2.107 2.155 2.189 2.236 2.277 2.326 2.369 2.425 3.465 3.465 3.465 3.464 3.46 3.456 3.452 3.439 3.437 3.437 3.432 3.421 3.421 3.421 3.509 3.624 3.74 3.823 3.823 3.823 3.802 3.802 3.802 0 0 0 0 0 0 0 0 0.006 0.006 0.006 0.006 0.006 0.006 0.006 0.006 0.006 0.006 0.006 0.006 0.006 0.006 0.006 0.006 0.006 0.006 0.006 0.006 0.006 0 0 3.761 3.761 3.761 3.786 3.792 3.792 3.786 3.599 3.386 3.22 3.068 2.916 2.803 2.803 2.803 2.697 0 0.007 1.343 1.307 1.307 1.307 1.31 1.313 1.313 1.315 1.316 1.316 1.33 1.334 1.334 1.334 1.335 1.335 1.332 1.332 1.33 1.317 1.28 1.252 1.231 1.208 1.178 1.158 1.132 1.117 1.096 1.063 1.056 1.027 1.017 0.997 0.976 0.965 0.952 0.937 0.918 0.913 0.896 0.884 0.88 0.88 0.878 0.878 0.88 0.878 0.882 0.884 0.885 0.887 0.89 0.89 0.89 0.89 0.89 0.891 0.894 0.898 0.906 0.908 0.912 0.913 0.913 0.919 0.923 0.928 0.932 0.938 0.94 0.943 0.943 0.95 0.951 0.953 0.961 0.963 0.964 0.974 0.977 0.978 0.993 0.996 0.996 1 1.005 1.013 1.015 1.019 1.029 1.029 1.036 1.039 1.047 1.052 1.053 1.064 1.065 1.072 1.082 1.092 1.093 1.094 1.105 1.105 1.115 1.121 1.134 1.139 1.142 1.158 1.171 1.175 1.182 1.188 1.197 1.197 1.199 0 0 0 0 0 0 0 0 0 2.953 2.908 2.885 2.864 2.844 2.836 2.824 2.824 2.806 2.799 2.79 2.772 2.77 2.75 2.75 2.747 2.728 1.566 1.566 1.566 1.578 1.624 2.636 2.637 2.637 2.637 2.617 2.612 2.607 2.604 2.584 2.579 2.579 2.568 2.568 2.568 2.556 5.431 0.007 0 0 0 0 0 0.007 0 2.441 2.441 2.441 2.441 2.452 2.452 2.452 2.447 2.442 2.442 2.432 2.43 2.43 2.428 2.422 2.418 2.418 2.412 2.409 2.397 2.397 2.397 2.391 2.382 2.382 2.382 2.382 2.382 2.382 2.377 2.377 2.372 2.37 2.37 2.368 2.365 2.362 2.358 2.357 2.357 2.357 2.355 2.353 2.352 2.352 2.352 2.35 2.347 2.347 2.347 2.344 2.344 2.344 2.344 2.344 2.343 2.343 2.343 2.343 2.299 1.614 1.508 1.127 1.008 0.925 0.839 0.747 0.65 0.634 0.606 0.59 0.573 0.544 0.542 0.506 0.495 0.455 0.447 0.441 0.433 0.426 0.421 0.412 0.392 0.388 0.384 0.374 0.371 0.362 0.362 0.359 0.356 0.351 0.348 0.33 0.324 0.324 0.324 0.324 0.326 0.33 0.371 0.391 0.391 0.392 0.391 0.391 
1 1 1 1 1 1 1 1 1 1 1 1 1 1 1 1 1 1 1 1 1 1 1 1 1 1 1 1 1 1 1 1 1 1 1 1 1 1 1 1 1 1 1 1 1 1 1 1 1 1 1 1 1 1 1 1 1 1 1 1 1 1 1 1 1 1 1 1 1 1 1 1 1 1 1 1 1 1 1 1 1 1 1 1 1 1 1 1 1 1 1 1 1 1 1 1 1 1 1 1 1 1 1 1 1 1 1 1 1 1 1 1 1 1 1 1 1 1 1 1 1 1 1 1 1 1 1 1 1 1 1 1 1 1 1 1 1 1 1 1 1 1 1 1 1 1 1 1 1 1 1 1 1 1 1 1 1 1 1 1 1 1 1 1 1 1 1 1 1 1 1 1 1 1 1 1 1 1 1 1 1 1 1 1 1 1 1 1 1 1 1 1 1 1 1 1 1 1 1 1 1 1 1 1 1 1 1 1 1 1 1 1 1 1 1 1 1 1 1 1 1 1 1 1 1 1 1 1 1 1 1 1 1 1 1 1 1 1 1 1 1 1 1 1 1 1 1 1 1 1 1 1 1 1 1 1 1 1 1 1 1 1 1 1 1 1 1 1 1 1 1 1 1 1 1 1 1 1 1 1 1 1 1 1 1 1 1 1 1 1 1 1 1 1 1 1 1 1 1 1 1 1 1 1 1 1 0 0 0 0 0 1 1 1 1 0 0 1 1 1 1 1 1 1 1 1 1 1 1 1 1 1 1 1 1 1 1 1 1 1 1 1 1 1 1 1 1 1 1 1 1 1 0 0 0 0 0 0 0 0 0 0 0 0 0 0 0 0 0 0 0 0 0 0 0 0 0 0 0 0 0 0 0 1 1 1 1 1 1 1 1 1 1 1 1 1 1 1 1 0 0 1 1 1 1 1 1 1 1 1 1 1 1 1 1 1 1 1 1 1 1 1 1 1 1 1 1 1 1 1 1 1 1 1 1 1 1 1 1 1 1 1 1 1 1 1 1 1 1 1 1 1 1 1 1 1 1 1 1 1 1 1 1 1 1 1 1 1 1 1 1 1 1 1 1 1 1 1 1 1 1 1 1 1 1 1 1 1 1 1 1 1 1 1 1 1 1 1 1 1 1 1 1 1 1 1 1 1 1 1 1 1 1 1 1 1 1 1 1 1 0 0 0 0 0 0 0 0 0 1 1 1 1 1 1 1 1 1 1 1 1 1 1 1 1 1 1 1 1 1 1 1 1 1 1 1 1 1 1 1 1 1 1 1 1 1 1 0 0 0 0 0 0 0 0 1 1 1 1 1 1 1 1 1 1 1 1 1 1 1 1 1 1 1 1 1 1 1 1 1 1 1 1 1 1 1 1 1 1 1 1 1 1 1 1 1 1 1 1 1 1 1 1 1 1 1 1 1 1 1 1 1 1 1 1 1 1 1 1 1 1 1 1 1 1 1 1 1 1 1 1 1 1 1 1 1 1 1 1 1 1 1 1 1 1 1 1 1 1 1 1 1 1 1 1 1 1 1 1 1 1 1 
