# This file contains a 2D laser scan observation. 
# Its format is: 
# [aperture] [max_range] [number_of_scans] 
# [vector_of_scans] 
# [vector_of_valid_scans] 
# The aperture of the sensor is in radians, the maximum range 
# and measurements are in meters. '1' means a valid scan, '0' otherwise.
4.1847
5.6
682
0.288 0.288 0.288 0.281 0.281 0.285 0.296 0.296 0.316 0.432 0.476 0.476 0.479 0.479 0.479 0.479 0.481 0.481 0.484 0.485 0.485 0.484 0.486 0.489 0.493 0.497 0.497 0.497 0.498 0.501 0.504 0.504 0.513 0.56 0.763 0.763 0.763 0.761 0.761 0.76 0.761 0.761 0.758 0.757 0.746 0.744 0.742 0.742 0.741 0.741 0.74 0.736 0.728 0.726 0.725 0.725 0.725 0.725 0.722 0.718 0.718 0.718 0.714 0.71 0.71 0.71 0.708 0.705 0.701 0.7 0.699 0.699 0.697 0.636 0.584 0.575 0.575 0.575 0.589 0.661 0.694 0.694 0.694 0.694 0.69 0.69 0.69 0.683 0.683 0.682 0.679 0.681 0.681 0.679 0.681 0.681 0.681 0.677 0.677 0.677 0.677 0.677 0.674 0.677 0.674 0.674 0.674 0.675 0.674 0.674 0.674 0.674 0.674 0.674 0.672 0.672 0.672 0.67 0.672 0.672 0.672 0.668 0.669 0.669 0.669 0.669 0.67 0.67 0.67 0.67 0.67 0.672 0.672 0.673 0.673 0.67 0.67 0.672 0.672 0.672 0.673 0.673 0.678 0.678 0.678 0.677 0.677 0.677 0.677 0.682 0.682 0.682 0.682 0.679 0.679 0.683 0.682 0.683 0.683 0.683 0.685 0.685 0.686 0.688 0.688 0.688 0.688 0.688 0.688 0.691 0.691 0.691 0.693 0.693 0.696 0.696 0.701 0.701 0.712 0.712 0.712 0.712 0.711 0.711 0.711 0.712 0.712 0.712 0.713 0.713 0.717 0.72 0.722 0.722 0.723 0.724 0.729 0.729 0.732 0.738 0.738 0.738 0.739 0.744 0.749 0.749 0.75 0.758 0.763 0.763 0.763 0.763 0.763 0.766 0.77 0.772 0.774 0.777 0.783 0.786 0.786 0.794 0.794 0.795 0.798 0.805 0.809 0.81 0.813 0.816 0.816 0.817 0.831 0.832 0.833 0.836 0.842 0.842 0.851 0.853 0.855 0.864 0.868 0.868 0.87 0.883 0.89 0.891 0.896 0.897 0.899 0.903 0.911 0.922 0.923 0.928 0.942 0.945 0.959 0.964 0.97 0.97 0.974 0.975 0.983 0.999 1.004 1.006 1.012 1.022 1.031 1.032 1.049 1.056 1.064 1.077 1.085 1.087 1.103 1.108 1.115 1.115 1.115 0.65 0.645 0.639 0.639 0.637 0.637 0.637 0.647 0.65 0.655 0.67 0.681 0.693 0.696 0.748 0.754 0.764 0.767 0.767 0.788 0.797 0.858 0.862 0.862 0.862 0.015 0.938 0.957 0.995 0.995 0.995 1.043 1.052 1.116 1.157 1.157 1.157 0.008 0.008 0.008 1.944 1.944 1.944 1.987 2.009 2.061 2.105 2.137 2.177 2.222 2.275 2.313 2.367 3.425 3.425 3.425 3.425 3.423 3.417 3.401 3.395 3.395 3.395 3.391 3.383 3.383 3.383 3.404 3.513 3.64 3.745 3.752 3.752 3.752 3.752 3.752 3.754 0 0 0 0 0 0 0 0.006 0.006 0.006 0.006 0.006 0.006 0.006 0.006 0.006 0.006 0.006 0.006 0.006 0.006 0.006 0.006 0.006 0.006 0.006 0.006 0.006 0.006 0.006 0 3.711 3.711 3.711 3.713 3.734 3.734 3.734 3.601 3.386 3.242 3.067 2.946 2.805 2.671 2.573 2.573 2.443 2.443 0.007 1.304 1.26 1.26 1.256 1.26 1.264 1.268 1.268 1.275 1.276 1.276 1.288 1.29 1.29 1.291 1.299 1.3 1.301 1.301 1.301 1.276 1.255 1.233 1.2 1.177 1.149 1.129 1.121 1.093 1.07 1.051 1.035 1.023 1.004 0.991 0.972 0.955 0.944 0.939 0.91 0.909 0.886 0.883 0.878 0.864 0.847 0.839 0.837 0.837 0.839 0.841 0.844 0.844 0.853 0.853 0.854 0.856 0.86 0.856 0.859 0.858 0.859 0.859 0.864 0.873 0.875 0.884 0.885 0.885 0.889 0.891 0.895 0.908 0.909 0.91 0.912 0.916 0.92 0.923 0.932 0.932 0.939 0.94 0.95 0.954 0.955 0.967 0.968 0.969 0.973 0.975 0.984 0.985 0.992 1.003 1.015 1.015 1.016 1.019 1.021 1.031 1.038 1.04 1.046 1.047 1.048 1.066 1.069 1.073 1.075 1.081 1.092 1.097 1.101 1.127 1.133 1.142 1.144 1.165 1.166 1.17 1.179 1.189 1.204 1.209 1.213 1.217 1.221 1.221 1.221 1.241 0 0 0 0 0 0 0 0 0 2.824 2.783 2.766 2.734 2.709 2.709 2.703 2.699 1.55 1.55 1.55 1.592 2.615 2.617 2.617 2.615 2.605 2.603 2.59 2.58 2.579 2.567 2.564 2.548 2.548 2.547 2.547 0.007 0 0 0 0 0.007 0 0 0 0 2.468 2.456 2.451 2.451 2.448 2.447 2.445 2.442 2.442 2.431 2.429 2.422 2.42 2.419 2.416 2.411 2.408 2.405 2.402 2.401 2.398 2.397 2.392 2.392 2.39 2.385 2.385 2.381 2.379 2.375 2.374 2.374 2.373 2.373 2.371 2.371 2.371 2.368 2.363 2.362 2.358 2.357 2.356 2.356 2.356 2.358 2.358 2.358 2.357 2.356 2.353 2.354 2.353 2.353 2.354 2.354 2.354 2.354 2.354 2.352 1.608 1.542 1.323 1.186 1.087 1.021 0.981 0.932 0.891 0.812 0.793 0.743 0.7 0.661 0.66 0.636 0.612 0.611 0.589 0.575 0.57 0.546 0.538 0.519 0.506 0.497 0.484 0.473 0.463 0.461 0.452 0.45 0.443 0.434 0.427 
1 1 1 1 1 1 1 1 1 1 1 1 1 1 1 1 1 1 1 1 1 1 1 1 1 1 1 1 1 1 1 1 1 1 1 1 1 1 1 1 1 1 1 1 1 1 1 1 1 1 1 1 1 1 1 1 1 1 1 1 1 1 1 1 1 1 1 1 1 1 1 1 1 1 1 1 1 1 1 1 1 1 1 1 1 1 1 1 1 1 1 1 1 1 1 1 1 1 1 1 1 1 1 1 1 1 1 1 1 1 1 1 1 1 1 1 1 1 1 1 1 1 1 1 1 1 1 1 1 1 1 1 1 1 1 1 1 1 1 1 1 1 1 1 1 1 1 1 1 1 1 1 1 1 1 1 1 1 1 1 1 1 1 1 1 1 1 1 1 1 1 1 1 1 1 1 1 1 1 1 1 1 1 1 1 1 1 1 1 1 1 1 1 1 1 1 1 1 1 1 1 1 1 1 1 1 1 1 1 1 1 1 1 1 1 1 1 1 1 1 1 1 1 1 1 1 1 1 1 1 1 1 1 1 1 1 1 1 1 1 1 1 1 1 1 1 1 1 1 1 1 1 1 1 1 1 1 1 1 1 1 1 1 1 1 1 1 1 1 1 1 1 1 1 1 1 1 1 1 1 1 1 1 1 1 1 1 1 1 1 1 1 1 1 1 1 1 1 1 1 1 1 1 1 1 1 1 1 0 1 1 1 1 1 1 1 1 1 1 1 0 0 0 1 1 1 1 1 1 1 1 1 1 1 1 1 1 1 1 1 1 1 1 1 1 1 1 1 1 1 1 1 1 1 1 1 1 1 1 1 0 0 0 0 0 0 0 0 0 0 0 0 0 0 0 0 0 0 0 0 0 0 0 0 0 0 0 0 0 0 0 1 1 1 1 1 1 1 1 1 1 1 1 1 1 1 1 1 1 0 1 1 1 1 1 1 1 1 1 1 1 1 1 1 1 1 1 1 1 1 1 1 1 1 1 1 1 1 1 1 1 1 1 1 1 1 1 1 1 1 1 1 1 1 1 1 1 1 1 1 1 1 1 1 1 1 1 1 1 1 1 1 1 1 1 1 1 1 1 1 1 1 1 1 1 1 1 1 1 1 1 1 1 1 1 1 1 1 1 1 1 1 1 1 1 1 1 1 1 1 1 1 1 1 1 1 1 1 1 1 1 1 1 1 1 1 1 1 1 1 1 1 1 1 1 1 1 1 1 1 1 0 0 0 0 0 0 0 0 0 1 1 1 1 1 1 1 1 1 1 1 1 1 1 1 1 1 1 1 1 1 1 1 1 1 1 1 0 0 0 0 0 0 0 0 0 0 1 1 1 1 1 1 1 1 1 1 1 1 1 1 1 1 1 1 1 1 1 1 1 1 1 1 1 1 1 1 1 1 1 1 1 1 1 1 1 1 1 1 1 1 1 1 1 1 1 1 1 1 1 1 1 1 1 1 1 1 1 1 1 1 1 1 1 1 1 1 1 1 1 1 1 1 1 1 1 1 1 1 1 1 1 1 1 1 1 1 1 1 1 1 1 
