# This file contains a 2D laser scan observation. 
# Its format is: 
# [aperture] [max_range] [number_of_scans] 
# [vector_of_scans] 
# [vector_of_valid_scans] 
# The aperture of the sensor is in radians, the maximum range 
# and measurements are in meters. '1' means a valid scan, '0' otherwise.
4.1847
5.6
682
0.777 0.773 0.772 0.77 0.768 0.761 0.755 0.75 0.748 0.744 0.743 0.743 0.741 0.732 0.724 0.724 0.723 0.721 0.72 0.715 0.714 0.711 0.706 0.701 0.7 0.698 0.694 0.692 0.692 0.689 0.688 0.685 0.682 0.679 0.679 0.679 0.679 0.672 0.671 0.668 0.667 0.667 0.667 0.663 0.663 0.663 0.661 0.652 0.652 0.65 0.644 0.644 0.647 0.642 0.647 0.647 0.637 0.636 0.634 0.634 0.634 0.631 0.63 0.631 0.63 0.629 0.63 0.629 0.629 0.626 0.624 0.618 0.623 0.622 0.622 0.622 0.622 0.617 0.615 0.615 0.612 0.612 0.611 0.609 0.609 0.611 0.611 0.611 0.611 0.611 0.61 0.61 0.61 0.61 0.61 0.608 0.608 0.605 0.605 0.605 0.605 0.603 0.603 0.603 0.601 0.604 0.604 0.604 0.601 0.602 0.602 0.604 0.603 0.603 0.604 0.603 0.603 0.599 0.599 0.598 0.598 0.597 0.597 0.597 0.597 0.595 0.597 0.601 0.602 0.602 0.602 0.602 0.602 0.602 0.603 0.605 0.603 0.605 0.605 0.605 0.608 0.609 0.61 0.61 0.61 0.61 0.609 0.609 0.608 0.609 0.609 0.61 0.61 0.61 0.61 0.611 0.613 0.616 0.617 0.619 0.621 0.624 0.627 0.624 0.621 0.62 0.62 0.62 0.621 0.63 0.632 0.633 0.633 0.632 0.635 0.637 0.637 0.637 0.639 0.639 0.642 0.644 0.646 0.647 0.647 0.65 0.65 0.654 0.654 0.655 0.657 0.658 0.663 0.665 0.668 0.668 0.669 0.668 0.668 0.347 0.335 0.332 0.319 0.319 0.319 0.314 0.314 0.311 0.311 0.313 0.313 0.317 0.32 0.326 0.326 0.327 0.33 0.33 0.33 0.34 0.34 0.341 0.341 0.341 0.341 0.343 0.347 0.348 0.351 0.353 0.354 0.362 0.367 0.37 0.382 0.389 0.393 0.414 0.414 0.413 0.41 0.413 0.413 0.415 0.415 0.416 0.428 0.429 0.44 0.44 0.443 0.449 0.449 0.45 0.455 0.458 0.464 0.466 0.471 0.486 0.488 0.494 0.494 0.504 0.504 0.511 0.512 0.515 0.52 0.527 0.527 0.528 0.539 0.551 0.572 0.576 0.582 0.594 0.596 0.606 0.62 0.628 0.634 0.645 0.658 0.674 0.686 0.692 0.694 0.696 0.698 0.701 0.712 0.747 0.772 0.773 0.784 0.792 0.814 0.854 0.881 0.885 0.885 0.887 0.912 1.437 1.437 1.46 1.476 1.476 1.504 1.531 1.552 1.577 1.608 1.636 1.658 1.702 1.731 1.755 1.803 1.829 1.867 1.91 1.945 1.978 2.019 3.043 3.043 3.044 3.043 3.036 3.034 3.033 3.02 3.017 3.009 3.009 3.001 2.998 2.997 2.997 2.998 3.017 3.101 3.234 3.333 3.398 3.398 3.398 3.371 3.371 3.371 3.397 3.449 0.007 0 0 0 0 0 0.006 0.006 0.006 0.006 0.006 0.006 0.006 0.006 0.006 0.006 0.006 0.006 0.006 0.006 5.344 5.337 5.281 5.274 5.274 5.274 5.283 5.283 5.312 5.312 5.34 5.355 5.355 5.34 3.357 3.357 3.357 3.374 3.379 3.379 3.374 3.33 3.173 3.033 2.938 2.833 2.729 2.633 2.555 2.471 2.381 2.3 2.241 2.173 2.095 2.095 2.028 2.004 2 2 2 2.004 2.022 2.023 2.031 2.194 2.206 2.206 2.206 2.205 0.964 0.948 0.948 0.947 0.947 0.913 0.913 0.913 0.914 0.919 0.921 0.92 0.92 0.921 0.931 0.931 0.933 0.937 0.946 0.947 0.955 0.961 0.961 0.964 0.97 0.972 0.97 0.969 0.969 0.954 0.939 0.931 0.92 0.904 0.897 0.885 0.883 0.88 0.858 0.854 0.852 0.845 0.83 0.818 0.817 0.811 0.806 0.799 0.795 0.779 0.777 0.776 0.771 0.764 0.76 0.753 0.742 0.737 0.734 0.728 0.721 0.713 0.709 0.709 0.699 0.696 0.694 0.691 0.686 0.681 0.679 0.675 0.667 0.662 0.661 0.654 0.651 0.645 0.642 0.64 0.639 0.628 0.621 0.619 0.618 0.618 0.615 0.61 0.609 0.606 0.603 0.6 0.594 0.592 0.589 0.585 0.585 0.592 0.603 0.604 0.612 0.615 0.615 0.631 0.631 0.631 0.626 0.626 0.626 0.626 0.629 0.642 0.646 0.654 0.66 0.662 0.662 0.675 0.683 0.689 0.699 0.702 0.705 0.716 0.72 0.729 0.741 0.746 0.749 0.772 0.777 0.785 0.8 0.803 0.81 0.816 0.837 0.842 0.851 0.87 0.875 0.881 0.887 0.896 0.899 0.9 0.921 0.922 0.963 0.964 0.994 1.007 1.017 2.594 2.594 2.594 2.571 2.557 2.552 2.547 2.541 2.534 2.529 2.527 2.527 2.526 2.526 2.526 0 0 0 2.487 2.486 2.481 2.477 2.475 2.475 2.475 5.249 5.249 5.249 2.442 2.436 2.436 2.442 2.446 2.446 2.446 2.439 2.439 2.439 2.439 2.436 2.436 2.435 2.435 2.433 2.43 2.43 2.427 2.426 2.426 2.426 2.424 2.424 2.425 2.425 2.425 2.426 2.431 2.431 2.431 2.433 2.431 2.432 2.433 2.433 2.433 2.436 2.438 2.438 2.436 2.436 2.438 2.441 2.442 2.444 2.445 2.451 2.452 2.452 2.454 2.46 2.464 2.464 2.477 2.477 2.477 2.477 2.481 2.484 2.486 2.491 2.495 2.496 2.499 2.502 2.505 2.507 2.507 2.505 1.756 1.733 1.732 1.678 1.66 1.601 
1 1 1 1 1 1 1 1 1 1 1 1 1 1 1 1 1 1 1 1 1 1 1 1 1 1 1 1 1 1 1 1 1 1 1 1 1 1 1 1 1 1 1 1 1 1 1 1 1 1 1 1 1 1 1 1 1 1 1 1 1 1 1 1 1 1 1 1 1 1 1 1 1 1 1 1 1 1 1 1 1 1 1 1 1 1 1 1 1 1 1 1 1 1 1 1 1 1 1 1 1 1 1 1 1 1 1 1 1 1 1 1 1 1 1 1 1 1 1 1 1 1 1 1 1 1 1 1 1 1 1 1 1 1 1 1 1 1 1 1 1 1 1 1 1 1 1 1 1 1 1 1 1 1 1 1 1 1 1 1 1 1 1 1 1 1 1 1 1 1 1 1 1 1 1 1 1 1 1 1 1 1 1 1 1 1 1 1 1 1 1 1 1 1 1 1 1 1 1 1 1 1 1 1 1 1 1 1 1 1 1 1 1 1 1 1 1 1 1 1 1 1 1 1 1 1 1 1 1 1 1 1 1 1 1 1 1 1 1 1 1 1 1 1 1 1 1 1 1 1 1 1 1 1 1 1 1 1 1 1 1 1 1 1 1 1 1 1 1 1 1 1 1 1 1 1 1 1 1 1 1 1 1 1 1 1 1 1 1 1 1 1 1 1 1 1 1 1 1 1 1 1 1 1 1 1 1 1 1 1 1 1 1 1 1 1 1 1 1 1 1 1 1 1 1 1 1 1 1 1 1 1 1 1 1 1 1 1 1 1 1 1 1 1 1 1 1 1 1 1 1 1 1 1 1 0 0 0 0 0 0 0 0 0 0 0 0 0 0 0 0 0 0 0 0 1 1 1 1 1 1 1 1 1 1 1 1 1 1 1 1 1 1 1 1 1 1 1 1 1 1 1 1 1 1 1 1 1 1 1 1 1 1 1 1 1 1 1 1 1 1 1 1 1 1 1 1 1 1 1 1 1 1 1 1 1 1 1 1 1 1 1 1 1 1 1 1 1 1 1 1 1 1 1 1 1 1 1 1 1 1 1 1 1 1 1 1 1 1 1 1 1 1 1 1 1 1 1 1 1 1 1 1 1 1 1 1 1 1 1 1 1 1 1 1 1 1 1 1 1 1 1 1 1 1 1 1 1 1 1 1 1 1 1 1 1 1 1 1 1 1 1 1 1 1 1 1 1 1 1 1 1 1 1 1 1 1 1 1 1 1 1 1 1 1 1 1 1 1 1 1 1 1 1 1 1 1 1 1 1 1 1 1 1 1 1 1 1 1 1 1 1 1 1 1 1 1 1 1 1 1 1 1 1 1 1 1 1 1 1 1 1 1 0 0 0 1 1 1 1 1 1 1 1 1 1 1 1 1 1 1 1 1 1 1 1 1 1 1 1 1 1 1 1 1 1 1 1 1 1 1 1 1 1 1 1 1 1 1 1 1 1 1 1 1 1 1 1 1 1 1 1 1 1 1 1 1 1 1 1 1 1 1 1 1 1 1 1 1 1 1 1 1 1 1 1 1 1 1 1 1 1 
