# This file contains a 2D laser scan observation. 
# Its format is: 
# [aperture] [max_range] [number_of_scans] 
# [vector_of_scans] 
# [vector_of_valid_scans] 
# The aperture of the sensor is in radians, the maximum range 
# and measurements are in meters. '1' means a valid scan, '0' otherwise.
4.1847
5.6
682
0.754 0.752 0.751 0.75 0.743 0.74 0.74 0.733 0.733 0.729 0.721 0.72 0.719 0.715 0.713 0.713 0.708 0.701 0.701 0.699 0.691 0.691 0.69 0.688 0.686 0.683 0.679 0.679 0.677 0.672 0.672 0.67 0.669 0.668 0.662 0.662 0.659 0.656 0.656 0.65 0.65 0.647 0.647 0.647 0.645 0.64 0.64 0.639 0.639 0.635 0.633 0.635 0.633 0.629 0.626 0.629 0.626 0.627 0.626 0.626 0.623 0.617 0.617 0.617 0.617 0.616 0.615 0.615 0.613 0.613 0.61 0.608 0.608 0.608 0.602 0.604 0.604 0.604 0.604 0.605 0.605 0.603 0.603 0.603 0.603 0.603 0.6 0.6 0.599 0.599 0.599 0.601 0.599 0.596 0.596 0.596 0.596 0.596 0.592 0.592 0.592 0.592 0.592 0.593 0.593 0.593 0.591 0.591 0.591 0.591 0.59 0.593 0.591 0.591 0.592 0.595 0.592 0.594 0.594 0.594 0.594 0.594 0.594 0.591 0.59 0.59 0.591 0.59 0.59 0.59 0.59 0.59 0.59 0.592 0.592 0.593 0.591 0.592 0.592 0.592 0.592 0.593 0.598 0.598 0.601 0.601 0.601 0.601 0.6 0.6 0.6 0.6 0.604 0.609 0.609 0.609 0.61 0.609 0.61 0.609 0.605 0.604 0.605 0.605 0.611 0.612 0.618 0.618 0.612 0.418 0.348 0.324 0.29 0.288 0.262 0.262 0.261 0.261 0.274 0.276 0.274 0.275 0.28 0.281 0.28 0.281 0.283 0.283 0.283 0.287 0.288 0.293 0.296 0.296 0.296 0.299 0.3 0.3 0.3 0.301 0.302 0.302 0.302 0.31 0.315 0.315 0.316 0.316 0.316 0.316 0.321 0.331 0.335 0.346 0.346 0.347 0.348 0.351 0.351 0.354 0.354 0.354 0.354 0.359 0.353 0.359 0.365 0.369 0.369 0.375 0.376 0.377 0.379 0.384 0.386 0.39 0.396 0.396 0.399 0.406 0.407 0.407 0.416 0.417 0.417 0.426 0.427 0.442 0.447 0.447 0.447 0.45 0.451 0.451 0.455 0.455 0.46 0.463 0.468 0.47 0.484 0.486 0.488 0.511 0.512 0.519 0.526 0.526 0.535 0.542 0.549 0.554 0.56 0.571 0.571 0.583 0.596 0.609 0.615 0.618 0.626 0.626 0.638 0.64 0.644 0.656 0.661 0.699 0.716 0.734 0.735 0.735 0.743 0.762 0.784 0.822 0.825 0.825 0.826 0.828 0.83 0.868 1.354 1.372 1.4 1.4 1.411 1.426 1.457 1.472 1.509 1.531 1.558 1.582 1.603 1.638 1.669 1.693 1.74 1.773 1.796 1.843 1.869 1.912 1.944 2.984 2.984 2.984 2.976 2.971 2.966 2.959 2.955 2.952 2.947 2.946 2.939 2.937 2.931 2.928 2.928 2.928 2.964 3.063 3.2 3.292 3.342 3.342 3.342 3.301 3.301 3.301 3.334 3.386 0.007 0 0 0 0 0 0.006 0.006 0.006 0.006 0.006 0.006 0.006 0.006 0.006 0.006 0.006 0.006 0.006 5.388 5.274 5.268 5.203 5.171 5.171 5.171 5.218 5.218 5.218 5.218 5.218 5.262 5.262 5.262 3.29 3.29 3.29 3.297 3.3 3.312 3.312 3.312 3.223 3.087 2.962 2.858 2.772 2.67 2.576 2.483 2.384 2.345 2.271 2.2 2.153 2.153 2.095 2.095 0.007 1.948 1.943 1.943 1.943 1.949 1.955 1.962 1.967 2.143 2.145 2.149 2.151 2.156 2.16 2.16 2.156 0.942 0.908 0.898 0.89 0.879 0.868 0.867 0.867 0.867 0.867 0.867 0.867 0.867 0.868 0.869 0.876 0.876 0.879 0.879 0.893 0.897 0.899 0.899 0.903 0.912 0.914 0.915 0.914 0.914 0.911 0.91 0.903 0.892 0.887 0.865 0.857 0.853 0.853 0.838 0.836 0.832 0.83 0.811 0.808 0.807 0.799 0.797 0.795 0.778 0.774 0.772 0.765 0.757 0.741 0.741 0.741 0.733 0.727 0.725 0.72 0.718 0.716 0.706 0.702 0.697 0.695 0.689 0.682 0.676 0.67 0.669 0.665 0.658 0.656 0.656 0.656 0.651 0.639 0.636 0.634 0.633 0.626 0.625 0.624 0.62 0.615 0.615 0.613 0.604 0.597 0.596 0.595 0.596 0.595 0.594 0.589 0.588 0.58 0.579 0.577 0.577 0.574 0.573 0.569 0.567 0.567 0.566 0.561 0.561 0.561 0.568 0.582 0.582 0.583 0.583 0.604 0.604 0.604 0.595 0.595 0.595 0.604 0.615 0.618 0.631 0.635 0.636 0.649 0.658 0.664 0.67 0.679 0.69 0.698 0.716 0.717 0.729 0.742 0.751 0.766 0.775 0.775 0.798 0.798 0.819 0.826 0.849 0.851 0.854 0.855 0.883 0.897 0.934 0.948 0.963 0.989 1.006 1.041 2.528 2.532 2.532 2.528 2.519 2.514 2.513 2.51 2.5 2.496 2.496 2.496 0 0 0 2.478 2.471 2.466 2.465 2.461 2.442 2.442 2.442 2.446 2.446 2.448 2.448 2.448 2.446 2.448 2.446 2.445 2.44 2.44 2.44 2.44 2.44 2.44 2.438 2.438 2.441 2.438 2.438 2.436 2.436 2.436 2.44 2.44 2.442 2.44 2.443 2.443 2.448 2.448 2.453 2.453 2.453 2.451 2.451 2.451 2.458 2.457 2.458 2.46 2.46 2.462 2.468 2.471 2.472 2.472 2.479 2.48 2.482 2.485 2.487 2.49 2.491 2.496 2.502 2.505 2.511 2.512 2.513 2.514 2.52 2.523 2.533 2.535 2.537 2.539 2.539 2.539 1.807 1.783 1.773 
1 1 1 1 1 1 1 1 1 1 1 1 1 1 1 1 1 1 1 1 1 1 1 1 1 1 1 1 1 1 1 1 1 1 1 1 1 1 1 1 1 1 1 1 1 1 1 1 1 1 1 1 1 1 1 1 1 1 1 1 1 1 1 1 1 1 1 1 1 1 1 1 1 1 1 1 1 1 1 1 1 1 1 1 1 1 1 1 1 1 1 1 1 1 1 1 1 1 1 1 1 1 1 1 1 1 1 1 1 1 1 1 1 1 1 1 1 1 1 1 1 1 1 1 1 1 1 1 1 1 1 1 1 1 1 1 1 1 1 1 1 1 1 1 1 1 1 1 1 1 1 1 1 1 1 1 1 1 1 1 1 1 1 1 1 1 1 1 1 1 1 1 1 1 1 1 1 1 1 1 1 1 1 1 1 1 1 1 1 1 1 1 1 1 1 1 1 1 1 1 1 1 1 1 1 1 1 1 1 1 1 1 1 1 1 1 1 1 1 1 1 1 1 1 1 1 1 1 1 1 1 1 1 1 1 1 1 1 1 1 1 1 1 1 1 1 1 1 1 1 1 1 1 1 1 1 1 1 1 1 1 1 1 1 1 1 1 1 1 1 1 1 1 1 1 1 1 1 1 1 1 1 1 1 1 1 1 1 1 1 1 1 1 1 1 1 1 1 1 1 1 1 1 1 1 1 1 1 1 1 1 1 1 1 1 1 1 1 1 1 1 1 1 1 1 1 1 1 1 1 1 1 1 1 1 1 1 1 1 1 1 1 1 1 1 1 1 1 1 1 1 1 1 1 0 0 0 0 0 0 0 0 0 0 0 0 0 0 0 0 0 0 0 1 1 1 1 1 1 1 1 1 1 1 1 1 1 1 1 1 1 1 1 1 1 1 1 1 1 1 1 1 1 1 1 1 1 1 1 1 1 1 0 1 1 1 1 1 1 1 1 1 1 1 1 1 1 1 1 1 1 1 1 1 1 1 1 1 1 1 1 1 1 1 1 1 1 1 1 1 1 1 1 1 1 1 1 1 1 1 1 1 1 1 1 1 1 1 1 1 1 1 1 1 1 1 1 1 1 1 1 1 1 1 1 1 1 1 1 1 1 1 1 1 1 1 1 1 1 1 1 1 1 1 1 1 1 1 1 1 1 1 1 1 1 1 1 1 1 1 1 1 1 1 1 1 1 1 1 1 1 1 1 1 1 1 1 1 1 1 1 1 1 1 1 1 1 1 1 1 1 1 1 1 1 1 1 1 1 1 1 1 1 1 1 1 1 1 1 1 1 1 1 1 1 1 1 1 1 1 1 1 1 1 1 1 1 1 1 1 1 1 1 1 1 1 1 1 1 0 0 0 1 1 1 1 1 1 1 1 1 1 1 1 1 1 1 1 1 1 1 1 1 1 1 1 1 1 1 1 1 1 1 1 1 1 1 1 1 1 1 1 1 1 1 1 1 1 1 1 1 1 1 1 1 1 1 1 1 1 1 1 1 1 1 1 1 1 1 1 1 1 1 1 1 1 1 1 1 1 1 1 
