# This file contains a 2D laser scan observation. 
# Its format is: 
# [aperture] [max_range] [number_of_scans] 
# [vector_of_scans] 
# [vector_of_valid_scans] 
# The aperture of the sensor is in radians, the maximum range 
# and measurements are in meters. '1' means a valid scan, '0' otherwise.
4.1847
5.6
682
0.631 0.633 0.652 0.662 0.67 0.681 0.685 0.698 0.717 0.725 0.731 0.749 0.756 0.783 0.786 0.811 0.825 0.845 0.862 0.894 0.908 0.928 0.928 0.928 0.906 0.904 0.904 0.905 0.903 0.903 0.905 0.903 0.9 0.895 0.895 0.895 0.895 0.895 0.895 0.895 0.891 0.891 0.891 0.891 0.891 0.891 0.89 0.89 0.889 0.89 0.89 0.89 0.897 0.899 0.902 0.903 0.927 0.938 0.939 0.954 0.954 0.954 0.946 0.94 0.936 0.933 0.928 0.928 0.933 1.064 0.007 0 0 0 0 0 0 0 0 0 0 0 0 0 0 0 0 0 0 0.007 0 0 0 0 0 0 0 0 0 0 1.03 1.029 1.029 1.03 1.031 1.333 0.007 1.34 1.34 1.34 1.331 1.331 1.331 1.277 1.277 0.71 0.704 0.704 0.704 0.699 0.697 0.697 0.698 0.698 0.7 0 0 0 0 0 0 0 0 0 0 0 1.237 1.235 1.23 1.235 1.235 1.236 1.236 1.236 1.237 1.237 1.222 1.17 1.161 1.161 1.161 1.164 0 0 0 0 0 0 0 0 0 0 0 0 0 0 0 0 0 0 0 0 0 0 0 0 0 0 0.885 0.871 0.871 0.867 0.867 0.867 0.872 0.88 0 0 0 0.736 0.733 0.729 0.726 0.726 0.722 0.726 0.726 0.722 0.722 0.722 0.722 0.723 0.726 0.733 0.755 0 0 0 1.033 1.028 1.026 1.026 1.028 1.038 1.049 0 0 0 0 0 3.252 3.237 3.237 3.237 3.227 3.209 3.209 3.208 3.208 1.374 1.371 1.371 1.374 3.105 3.105 3.105 3.105 3.089 3.085 3.089 3.036 3.02 3.02 3.02 3.011 3.011 3.009 3 3 2.958 2.95 2.95 2.95 2.935 2.933 2.925 2.924 2.92 2.902 2.902 2.902 2.902 0.007 1.446 0.942 0.942 0.929 0.929 0.937 0.944 1.284 1.289 1.29 1.29 2.885 2.894 2.91 2.905 2.905 2.905 2.892 2.891 2.882 2.884 2.884 2.88 2.88 2.88 2.87 2.861 2.861 2.861 2.858 2.856 2.853 2.856 2.856 2.839 2.836 2.83 2.824 2.824 2.824 2.82 2.819 2.819 2.815 2.819 2.824 2.824 2.825 2.825 2.817 2.815 2.815 2.815 2.826 2.826 2.826 2.816 2.816 2.816 2.821 2.821 2.824 2.824 2.824 2.82 2.824 2.819 2.819 2.819 2.82 2.82 2.825 2.825 2.833 2.833 2.822 2.814 2.775 2.773 2.773 2.775 2.781 0 0.007 2.781 2.755 2.755 2.755 2.755 2.755 2.178 2.178 2.178 2.815 2.821 2.824 2.824 2.826 2.831 2.847 2.85 2.85 2.85 2.851 2.834 2.788 2.628 2.628 2.628 2.628 2.628 2.627 2.572 2.539 2.461 2.293 2.293 2.293 2.293 2.293 2.282 2.243 2.209 2.209 2.209 2.215 2.216 2.229 2.232 2.233 2.246 2.248 2.248 2.264 2.268 2.271 2.281 2.286 2.41 2.458 2.459 2.478 2.484 2.493 2.498 2.511 2.514 2.526 2.537 2.54 2.544 2.547 2.563 2.563 2.585 2.589 2.593 2.627 2.638 2.639 2.66 2.672 2.685 2.695 2.701 2.724 2.728 2.735 2.739 2.752 2.793 2.804 2.813 2.813 2.815 2.823 2.841 2.853 2.865 2.883 2.892 2.908 2.912 2.926 2.926 2.965 2.975 2.996 3.017 3.062 3.089 3.114 3.129 3.152 3.2 3.212 3.216 3.246 3.294 3.307 3.339 3.364 3.399 3.405 3.407 3.407 3.405 3.397 3.362 3.352 3.34 3.314 3.313 3.292 3.276 3.257 3.242 3.238 3.203 3.203 3.201 3.195 0.933 0.931 0.93 0.919 0.913 0.908 0.905 0.902 0.897 0.893 0.892 0.892 0.89 0.89 0.881 0.874 0.873 0.874 0.879 0.874 0.877 0.877 0.877 0.875 0.875 0.875 0.875 0.875 0.875 0.875 0.875 0.878 0 0 0 0 0.924 0.924 0.981 0.998 0.998 0.998 1.017 1.017 0.967 0.915 0.905 0.891 0.89 0.89 0.889 0.885 0.885 0.885 0.885 0.89 0.893 0.893 0.893 0.893 0.883 0.882 0.883 0.882 0.883 0.885 0.885 0.885 0.885 0.88 0.88 0.886 0.88 0.88 0.886 0.88 0.88 0.88 0.881 0.881 0.881 0.88 0.882 0.88 0.88 0.879 0.879 0.879 0.878 0.877 0.877 0.876 0.877 0.877 0.876 0.876 0.877 0.876 0.876 0.873 0.834 0.654 0.654 0.654 0.664 0.665 0.866 0.882 0.882 0.882 0.883 0.883 0.883 0.887 0.887 0.887 0.887 0.887 0.891 0.888 0.891 0.896 0.898 0.896 0.896 0.898 0.898 0.899 0.905 0.905 0.905 0.905 0.904 0.892 0.795 0.75 0.745 0.745 0.745 0.75 0.751 0.751 0.75 0.744 0.728 0.712 0.711 0.692 0.69 0.675 0.664 0.65 0.644 0.633 0.626 0.615 0.61 0.604 0.596 0.579 0.578 0.572 0.56 0.555 0.548 0.54 0.54 0.537 0.535 0.532 0.535 0.537 0.537 0.539 0.541 0.541 0.544 0.547 0.551 0.552 0.553 0.555 0.557 0.56 0.56 0.563 0.563 0.565 0.567 0.57 0.575 0.575 0.578 0.58 0.584 0.587 0.591 
1 1 1 1 1 1 1 1 1 1 1 1 1 1 1 1 1 1 1 1 1 1 1 1 1 1 1 1 1 1 1 1 1 1 1 1 1 1 1 1 1 1 1 1 1 1 1 1 1 1 1 1 1 1 1 1 1 1 1 1 1 1 1 1 1 1 1 1 1 1 0 0 0 0 0 0 0 0 0 0 0 0 0 0 0 0 0 0 0 0 0 0 0 0 0 0 0 0 0 0 1 1 1 1 1 1 0 1 1 1 1 1 1 1 1 1 1 1 1 1 1 1 1 1 1 0 0 0 0 0 0 0 0 0 0 0 1 1 1 1 1 1 1 1 1 1 1 1 1 1 1 1 0 0 0 0 0 0 0 0 0 0 0 0 0 0 0 0 0 0 0 0 0 0 0 0 0 0 1 1 1 1 1 1 1 1 0 0 0 1 1 1 1 1 1 1 1 1 1 1 1 1 1 1 1 0 0 0 1 1 1 1 1 1 1 0 0 0 0 0 1 1 1 1 1 1 1 1 1 1 1 1 1 1 1 1 1 1 1 1 1 1 1 1 1 1 1 1 1 1 1 1 1 1 1 1 1 1 1 1 1 1 0 1 1 1 1 1 1 1 1 1 1 1 1 1 1 1 1 1 1 1 1 1 1 1 1 1 1 1 1 1 1 1 1 1 1 1 1 1 1 1 1 1 1 1 1 1 1 1 1 1 1 1 1 1 1 1 1 1 1 1 1 1 1 1 1 1 1 1 1 1 1 1 1 1 1 1 1 1 1 1 1 1 1 0 0 1 1 1 1 1 1 1 1 1 1 1 1 1 1 1 1 1 1 1 1 1 1 1 1 1 1 1 1 1 1 1 1 1 1 1 1 1 1 1 1 1 1 1 1 1 1 1 1 1 1 1 1 1 1 1 1 1 1 1 1 1 1 1 1 1 1 1 1 1 1 1 1 1 1 1 1 1 1 1 1 1 1 1 1 1 1 1 1 1 1 1 1 1 1 1 1 1 1 1 1 1 1 1 1 1 1 1 1 1 1 1 1 1 1 1 1 1 1 1 1 1 1 1 1 1 1 1 1 1 1 1 1 1 1 1 1 1 1 1 1 1 1 1 1 1 1 1 1 1 1 1 1 1 1 1 1 1 1 1 1 1 1 1 1 1 1 1 1 1 1 0 0 0 0 1 1 1 1 1 1 1 1 1 1 1 1 1 1 1 1 1 1 1 1 1 1 1 1 1 1 1 1 1 1 1 1 1 1 1 1 1 1 1 1 1 1 1 1 1 1 1 1 1 1 1 1 1 1 1 1 1 1 1 1 1 1 1 1 1 1 1 1 1 1 1 1 1 1 1 1 1 1 1 1 1 1 1 1 1 1 1 1 1 1 1 1 1 1 1 1 1 1 1 1 1 1 1 1 1 1 1 1 1 1 1 1 1 1 1 1 1 1 1 1 1 1 1 1 1 1 1 1 1 1 1 1 1 1 1 1 1 1 1 1 1 1 1 1 1 1 1 1 1 1 1 1 1 1 1 1 1 1 1 1 1 
