# This file contains a 2D laser scan observation. 
# Its format is: 
# [aperture] [max_range] [number_of_scans] 
# [vector_of_scans] 
# [vector_of_valid_scans] 
# The aperture of the sensor is in radians, the maximum range 
# and measurements are in meters. '1' means a valid scan, '0' otherwise.
4.1847
5.6
682
1.057 1.057 1.052 1.049 1.045 1.041 1.038 1.035 1.033 1.033 1.033 1.032 1.028 1.021 1.021 1.017 1.017 1.017 1.017 1.013 1.005 1.005 0.595 0.543 0.536 0.536 0.534 0.532 0.531 0.53 0.527 0.525 0.526 0.521 0.516 0.514 0.516 0.512 0.509 0.509 0.509 0.509 0.511 0.511 0.512 0.511 0.51 0.509 0.505 0.505 0.501 0.5 0.497 0.497 0.497 0.497 0.496 0.496 0.496 0.496 0.497 0.498 0.497 0.5 0.497 0.497 0.494 0.493 0.493 0.493 0.493 0.497 0.497 0.497 0.497 0.499 0.499 0.503 0.499 0.499 0.502 0.503 0.503 0.505 0.505 0.505 0.498 0.498 0.498 0.507 0.508 0.508 0.51 0.51 0.514 0.514 0.514 0.515 0.514 0.518 0.52 0.518 0.518 0.518 0.518 0.518 0.539 1.103 1.106 1.155 1.155 1.155 1.177 1.177 1.177 1.17 1.15 1.142 1.14 1.127 1.125 1.119 1.112 1.112 1.108 1.103 1.101 1.098 1.096 1.095 1.088 1.086 1.083 1.082 1.071 1.071 1.071 1.071 1.073 1.076 1.096 1.101 1.101 1.11 1.117 1.123 1.137 4.203 4.236 4.246 4.246 4.259 0 0 0 0 0 0 0 0 0 0 0 0 0 0 0 0 3.484 3.484 3.484 3.504 3.522 3.547 3.574 3.585 3.607 3.625 3.625 3.625 2.291 2.28 2.264 2.248 2.238 2.228 2.214 2.192 2.19 2.183 2.166 2.148 2.143 2.14 2.112 2.105 2.096 2.086 2.077 2.067 2.048 2.045 2.04 2.04 2.04 2.06 2.078 2.091 2.101 2.13 2.151 2.159 2.185 2.201 2.221 2.243 2.263 2.269 2.269 2.269 2.258 2.248 2.246 2.226 2.218 2.218 2.214 2.21 2.199 2.185 2.171 2.171 2.17 2.154 2.154 2.173 2.295 2.318 2.318 2.318 1.857 1.84 1.84 1.84 2.553 2.564 2.564 2.564 2.57 0 0 0 0 0 0 0 0 0 0 0 0 1.526 1.516 1.504 1.504 1.504 1.512 1.512 1.514 1.703 1.703 1.704 1.704 1.704 0 0 0 0 0 0 2.112 2.112 2.112 0 0 0 0 0 0 0 0 0 0 0 0 1.626 1.625 1.262 1.262 1.262 1.262 1.269 0 0 0 0 0 0 0 0 0 5.417 5.416 5.416 5.415 5.414 5.414 0 5.42 5.427 5.427 5.42 5.42 5.427 5.427 5.434 0 0 0 1.701 1.701 1.701 3.522 3.532 3.547 3.547 0 0 0 1.347 1.345 1.344 1.345 1.347 1.357 2.063 2.086 2.086 2.087 2.087 2.086 2.084 1.482 1.478 1.476 1.476 1.473 1.473 1.476 0 0 0 0 0 0 0 0 0 0 0 0 0 0 0 0 0 0 0 0 0 0 0 0 0 0 0 0 0 0 0 0 0 0 0 0 0 0 3.358 3.33 3.32 3.32 3.32 3.255 3.191 2.985 2.985 2.985 3.046 3.046 3.046 3.016 2.996 2.968 2.968 2.947 2.926 2.729 2.729 2.729 2.77 2.77 2.77 2.746 2.728 2.712 2.681 2.671 2.644 2.634 2.605 2.588 2.568 2.552 2.533 2.533 2.533 2.534 2.536 2.542 2.55 2.557 2.56 2.56 2.557 2.545 2.545 2.518 2.471 2.471 2.471 2.471 0.007 0 0.007 0 2.399 2.394 2.36 2.332 2.319 2.293 2.288 2.28 2.274 2.264 2.252 2.252 2.235 2.229 2.222 2.211 2.193 2.184 2.158 2.147 2.147 2.147 2.138 2.138 2.138 2.132 2.106 2.102 2.095 2.079 2.068 2.068 2.068 2.064 2.064 2.026 2.026 2.017 2.007 2.017 2.017 1.987 1.166 1.161 1.161 1.166 1.174 1.175 1.934 1.934 1.934 1.935 1.93 1.923 1.923 1.921 1.917 1.527 1.516 1.516 1.516 1.522 1.728 1.789 1.789 1.789 1.789 1.786 1.781 1.777 1.775 1.77 1.766 1.766 1.765 1.764 1.763 1.762 1.756 1.751 1.748 1.747 1.743 1.743 1.739 1.739 1.735 1.733 1.732 1.732 1.729 1.729 1.083 1.08 1.075 1.068 1.066 0.958 0.957 0.954 0.948 0.948 0.948 0.949 0.949 0.95 0.95 0.952 0.95 0.95 0.95 0.947 0.947 0.946 0.947 0.947 0.942 0.942 0.941 0.941 0.944 0.944 0.946 0.946 0.945 0.945 0.945 0.945 0.95 0.95 0.947 0.947 0.947 0.947 0.95 0.951 1.014 1.081 1.089 1.089 1.089 1.095 1.1 1.1 1.1 1.1 1.101 1.102 1.107 1.104 1.107 1.11 1.111 1.113 1.114 1.119 1.119 1.119 1.119 1.119 1.125 1.125 1.126 1.128 1.129 1.131 1.131 1.135 1.137 1.138 1.141 1.141 1.143 1.143 1.143 1.143 1.154 1.16 1.163 1.163 1.164 1.164 1.165 1.17 1.177 1.184 1.184 1.187 1.188 1.197 1.198 1.212 1.213 1.214 1.218 1.225 1.227 1.239 1.242 1.247 1.249 1.25 1.26 1.263 1.265 1.269 1.277 1.285 1.287 1.288 1.3 1.307 1.307 1.307 1.313 1.315 1.316 1.32 1.335 1.34 1.349 1.367 1.371 1.372 1.372 1.379 1.384 
1 1 1 1 1 1 1 1 1 1 1 1 1 1 1 1 1 1 1 1 1 1 1 1 1 1 1 1 1 1 1 1 1 1 1 1 1 1 1 1 1 1 1 1 1 1 1 1 1 1 1 1 1 1 1 1 1 1 1 1 1 1 1 1 1 1 1 1 1 1 1 1 1 1 1 1 1 1 1 1 1 1 1 1 1 1 1 1 1 1 1 1 1 1 1 1 1 1 1 1 1 1 1 1 1 1 1 1 1 1 1 1 1 1 1 1 1 1 1 1 1 1 1 1 1 1 1 1 1 1 1 1 1 1 1 1 1 1 1 1 1 1 1 1 1 1 1 1 1 1 1 1 0 0 0 0 0 0 0 0 0 0 0 0 0 0 0 0 1 1 1 1 1 1 1 1 1 1 1 1 1 1 1 1 1 1 1 1 1 1 1 1 1 1 1 1 1 1 1 1 1 1 1 1 1 1 1 1 1 1 1 1 1 1 1 1 1 1 1 1 1 1 1 1 1 1 1 1 1 1 1 1 1 1 1 1 1 1 1 1 1 1 1 1 1 1 1 1 1 0 0 0 0 0 0 0 0 0 0 0 0 1 1 1 1 1 1 1 1 1 1 1 1 1 0 0 0 0 0 0 1 1 1 0 0 0 0 0 0 0 0 0 0 0 0 1 1 1 1 1 1 1 0 0 0 0 0 0 0 0 0 1 1 1 1 1 1 0 1 1 1 1 1 1 1 1 0 0 0 1 1 1 1 1 1 1 0 0 0 1 1 1 1 1 1 1 1 1 1 1 1 1 1 1 1 1 1 1 1 0 0 0 0 0 0 0 0 0 0 0 0 0 0 0 0 0 0 0 0 0 0 0 0 0 0 0 0 0 0 0 0 0 0 0 0 0 0 1 1 1 1 1 1 1 1 1 1 1 1 1 1 1 1 1 1 1 1 1 1 1 1 1 1 1 1 1 1 1 1 1 1 1 1 1 1 1 1 1 1 1 1 1 1 1 1 1 1 1 1 1 1 0 0 0 0 1 1 1 1 1 1 1 1 1 1 1 1 1 1 1 1 1 1 1 1 1 1 1 1 1 1 1 1 1 1 1 1 1 1 1 1 1 1 1 1 1 1 1 1 1 1 1 1 1 1 1 1 1 1 1 1 1 1 1 1 1 1 1 1 1 1 1 1 1 1 1 1 1 1 1 1 1 1 1 1 1 1 1 1 1 1 1 1 1 1 1 1 1 1 1 1 1 1 1 1 1 1 1 1 1 1 1 1 1 1 1 1 1 1 1 1 1 1 1 1 1 1 1 1 1 1 1 1 1 1 1 1 1 1 1 1 1 1 1 1 1 1 1 1 1 1 1 1 1 1 1 1 1 1 1 1 1 1 1 1 1 1 1 1 1 1 1 1 1 1 1 1 1 1 1 1 1 1 1 1 1 1 1 1 1 1 1 1 1 1 1 1 1 1 1 1 1 1 1 1 1 1 1 1 1 1 1 1 1 1 1 1 1 1 1 1 1 1 1 1 1 1 1 1 1 1 1 
