# This file contains a 2D laser scan observation. 
# Its format is: 
# [aperture] [max_range] [number_of_scans] 
# [vector_of_scans] 
# [vector_of_valid_scans] 
# The aperture of the sensor is in radians, the maximum range 
# and measurements are in meters. '1' means a valid scan, '0' otherwise.
4.1847
5.6
682
0.563 0.563 0.56 0.561 0.565 0.565 0.561 0.561 0.558 0.557 0.555 0.554 0.553 0.553 0.547 0.547 0.542 0.541 0.542 0.541 0.54 0.539 0.536 0.532 0.531 0.531 0.532 0.538 0.538 0.538 0.534 0.534 0.534 0.535 0.537 0.539 0.539 0.54 0.54 0.54 0.54 0.54 0.54 0.54 0.54 0.54 0.538 0.538 0.538 0.539 0.545 0.548 0.551 0.551 0.551 0.55 0.549 0.549 0.55 0.549 0.552 0.554 0.554 0.562 1.272 1.278 1.285 1.285 1.322 1.322 1.325 1.325 1.325 1.328 1.328 1.323 1.321 1.141 1.141 1.141 1.247 1.247 1.248 1.248 1.247 1.235 1.225 1.225 1.225 1.24 1.24 1.24 1.237 1.218 1.18 1.156 1.131 1.124 1.111 1.11 1.095 1.093 1.092 1.084 1.084 1.079 1.079 1.079 1.097 1.106 1.112 1.119 1.123 1.123 1.138 1.148 3.074 3.09 3.104 4.134 4.152 4.16 4.16 4.167 4.193 4.205 4.214 4.238 4.249 0 0 0 0 0 0 0 0 0 0 0 0 0 0 0 0 3.467 3.467 3.467 3.492 3.516 3.543 3.543 3.543 3.529 2.285 2.263 2.251 2.237 2.226 2.21 2.202 2.187 2.164 2.16 2.136 2.134 2.125 2.112 2.09 2.089 2.071 2.067 2.053 2.038 2.021 2.014 2.014 2.014 2.014 2.03 2.047 2.069 2.073 2.097 2.114 2.129 2.14 2.154 2.177 2.187 2.212 2.221 2.247 2.247 2.247 2.219 2.211 2.21 2.191 2.183 2.181 2.165 2.165 2.16 2.144 2.132 2.131 2.105 2.101 2.101 2.101 2.212 2.242 2.242 2.242 1.794 1.781 1.781 1.781 2.496 2.507 2.513 2.513 2.513 2.514 0 0 0 0 0 0 0 0 0 1.475 1.473 1.472 1.469 1.469 1.465 1.465 1.465 1.468 0 0 0 1.637 1.637 1.637 0 0 0 0 0 0 2.025 2.016 2.016 2.016 2.058 0 0 0 0 0 0 0 0 0 0 4.392 1.209 1.208 1.203 1.208 1.209 0 0 0 0 0 0 0 0 0 5.382 5.377 5.366 5.366 5.359 5.352 5.349 5.349 5.348 5.341 5.341 0 0 0 0 0 0 0 0 0 0 0 1.617 1.617 1.617 0 0 0 0 3.455 3.446 1.268 1.262 1.262 1.268 1.276 1.281 2.006 2.008 2.008 2.008 2.008 2.012 2.008 2.008 1.401 1.395 1.394 1.394 1.393 1.388 1.388 1.388 0 0 0 0 0 0 0 0 0 0 0 0 0 0 0 0 0 0 0 0 0 0 0 0 0 0 0 0 0 0 0 0 0 0 0 0 0 0 0 0 3.274 3.259 3.222 3.222 3.222 3.222 3.196 3.163 3.041 3.016 2.985 2.985 2.985 2.957 2.928 2.914 2.914 2.878 2.858 2.614 2.614 2.614 2.686 2.686 2.686 2.686 2.663 2.642 2.622 2.599 2.588 2.567 2.551 2.53 2.518 2.499 2.481 2.463 2.463 2.456 2.456 2.46 2.466 2.473 2.473 2.479 2.479 2.479 2.45 2.432 2.432 2.424 2.414 2.414 2.398 2.379 2.358 2.352 2.33 2.302 2.29 2.288 2.283 2.275 2.268 2.247 2.213 2.21 2.196 2.183 2.179 2.179 2.168 2.168 2.154 2.148 2.121 2.112 2.107 2.083 2.077 2.068 2.068 2.065 2.06 2.049 2.043 2.028 2.025 2.025 2.022 2.019 2.004 2.002 1.99 1.99 1.99 1.948 1.948 1.948 1.947 1.947 1.932 1.926 1.926 1.895 1.888 1.108 1.099 1.099 1.099 1.106 1.109 1.865 1.865 1.865 1.862 1.857 1.857 1.854 1.853 1.453 1.451 1.451 1.451 1.735 1.735 1.735 1.731 1.725 1.725 1.725 1.724 1.716 1.716 1.715 1.715 1.709 1.708 1.702 1.702 1.7 1.7 1.699 1.697 1.697 1.695 1.694 1.694 1.694 1.684 1.683 1.684 1.682 1.681 1.675 1.674 1.674 1.671 1.671 1.045 1.033 1.032 1.032 1.03 1.03 1.026 0.936 0.916 0.916 0.914 0.913 0.911 0.911 0.907 0.906 0.907 0.911 0.907 0.909 0.911 0.911 0.909 0.909 0.908 0.908 0.905 0.908 0.914 0.914 0.909 0.913 0.909 0.908 0.908 0.908 0.908 0.914 0.914 0.913 0.914 0.914 0.914 0.917 0.919 0.919 0.92 0.926 1.017 1.047 1.058 1.061 1.069 1.072 1.073 1.073 1.073 1.073 1.08 1.081 1.082 1.088 1.091 1.094 1.094 1.097 1.094 1.094 1.095 1.098 1.098 1.108 1.108 1.111 1.116 1.118 1.118 1.125 1.129 1.13 1.133 1.133 1.13 1.127 1.127 1.127 1.135 1.136 1.14 1.153 1.153 1.154 1.166 1.169 1.175 1.175 1.178 1.18 1.184 1.194 1.204 1.207 1.212 1.219 1.219 1.224 1.229 1.239 1.241 1.246 1.25 1.252 1.259 1.264 1.277 1.278 1.284 1.286 1.29 1.301 1.303 1.313 1.318 1.318 1.326 1.331 1.341 1.342 1.357 1.389 1.389 1.389 1.389 1.389 1.396 1.397 1.397 1.405 1.419 1.421 1.428 1.449 1.45 1.45 
1 1 1 1 1 1 1 1 1 1 1 1 1 1 1 1 1 1 1 1 1 1 1 1 1 1 1 1 1 1 1 1 1 1 1 1 1 1 1 1 1 1 1 1 1 1 1 1 1 1 1 1 1 1 1 1 1 1 1 1 1 1 1 1 1 1 1 1 1 1 1 1 1 1 1 1 1 1 1 1 1 1 1 1 1 1 1 1 1 1 1 1 1 1 1 1 1 1 1 1 1 1 1 1 1 1 1 1 1 1 1 1 1 1 1 1 1 1 1 1 1 1 1 1 1 1 1 1 1 0 0 0 0 0 0 0 0 0 0 0 0 0 0 0 0 1 1 1 1 1 1 1 1 1 1 1 1 1 1 1 1 1 1 1 1 1 1 1 1 1 1 1 1 1 1 1 1 1 1 1 1 1 1 1 1 1 1 1 1 1 1 1 1 1 1 1 1 1 1 1 1 1 1 1 1 1 1 1 1 1 1 1 1 1 1 1 1 1 1 1 1 1 1 1 1 0 0 0 0 0 0 0 0 0 1 1 1 1 1 1 1 1 1 0 0 0 1 1 1 0 0 0 0 0 0 1 1 1 1 1 0 0 0 0 0 0 0 0 0 0 1 1 1 1 1 1 0 0 0 0 0 0 0 0 0 1 1 1 1 1 1 1 1 1 1 1 0 0 0 0 0 0 0 0 0 0 0 1 1 1 0 0 0 0 1 1 1 1 1 1 1 1 1 1 1 1 1 1 1 1 1 1 1 1 1 1 1 1 0 0 0 0 0 0 0 0 0 0 0 0 0 0 0 0 0 0 0 0 0 0 0 0 0 0 0 0 0 0 0 0 0 0 0 0 0 0 0 0 1 1 1 1 1 1 1 1 1 1 1 1 1 1 1 1 1 1 1 1 1 1 1 1 1 1 1 1 1 1 1 1 1 1 1 1 1 1 1 1 1 1 1 1 1 1 1 1 1 1 1 1 1 1 1 1 1 1 1 1 1 1 1 1 1 1 1 1 1 1 1 1 1 1 1 1 1 1 1 1 1 1 1 1 1 1 1 1 1 1 1 1 1 1 1 1 1 1 1 1 1 1 1 1 1 1 1 1 1 1 1 1 1 1 1 1 1 1 1 1 1 1 1 1 1 1 1 1 1 1 1 1 1 1 1 1 1 1 1 1 1 1 1 1 1 1 1 1 1 1 1 1 1 1 1 1 1 1 1 1 1 1 1 1 1 1 1 1 1 1 1 1 1 1 1 1 1 1 1 1 1 1 1 1 1 1 1 1 1 1 1 1 1 1 1 1 1 1 1 1 1 1 1 1 1 1 1 1 1 1 1 1 1 1 1 1 1 1 1 1 1 1 1 1 1 1 1 1 1 1 1 1 1 1 1 1 1 1 1 1 1 1 1 1 1 1 1 1 1 1 1 1 1 1 1 1 1 1 1 1 1 1 1 1 1 1 1 1 1 1 1 1 1 1 1 1 1 1 1 1 1 1 1 1 1 1 1 1 1 1 1 1 1 1 1 1 1 1 1 1 1 1 1 1 
