# This file contains a 2D laser scan observation. 
# Its format is: 
# [aperture] [max_range] [number_of_scans] 
# [vector_of_scans] 
# [vector_of_valid_scans] 
# The aperture of the sensor is in radians, the maximum range 
# and measurements are in meters. '1' means a valid scan, '0' otherwise.
4.1847
5.6
682
1.471 1.471 1.469 1.313 1.313 1.313 1.465 1.467 1.471 1.473 1.474 1.476 1.476 1.479 1.48 1.48 1.48 1.473 1.466 1.449 1.436 1.394 1.376 1.376 1.369 1.369 1.367 1.359 1.352 1.333 1.258 1.231 1.205 1.205 1.205 1.239 2.983 2.994 2.999 2.999 3 3.02 3.022 3.023 3.024 3.031 3.035 3.038 3.045 3.059 3.067 3.067 3.071 3.089 3.089 3.103 3.104 3.107 3.124 3.124 3.136 3.137 3.14 3.168 0 0 0 0 4.192 4.192 4.192 4.222 4.241 4.255 4.265 4.27 0 0 0 0 0 0 0 0 0 0 0 0 0 0 0 3.467 3.466 2.272 2.251 2.242 2.222 2.206 2.198 2.171 2.155 2.139 2.12 2.111 2.092 2.077 2.064 2.045 2.03 2.018 2.003 1.983 1.975 1.975 1.975 1.989 1.99 2.002 2.01 2.028 2.039 2.06 2.064 2.073 2.09 2.111 2.115 2.126 2.145 2.153 2.175 2.175 2.175 2.165 2.139 2.137 2.124 2.117 2.114 2.101 2.078 2.075 2.062 2.045 2.015 2.011 2.011 2.011 2.002 1.69 1.689 1.689 1.69 1.697 2.264 2.271 2.271 2.271 2.271 2.402 2.41 2.41 2.402 2.41 2.399 2.383 1.343 1.343 1.342 1.342 1.342 1.333 1.333 1.346 0 0 0 0 0 0 1.492 1.492 1.492 1.492 0 0 0 0 0 0 0 0 0 0 0 0 1.83 1.784 1.032 1.026 1.025 1.024 1.024 1.024 1.024 1.371 1.381 1.384 1.384 0 0 0 0 0 0 0 0 0 0 0 0 0 0 0 0 0 0 0 0 0 0 0 0 0.006 0.006 0.006 0.006 0 5.141 5.139 5.139 5.131 5.131 5.131 5.131 0.007 3.244 1.392 1.392 1.387 1.387 1.398 0 0 0 1.034 1.034 1.034 1.035 1.039 1.04 0 0 0 3.239 3.239 3.239 3.239 3.239 1.801 1.801 1.801 1.779 1.779 1.163 1.156 1.154 1.151 1.149 1.149 1.144 1.151 1.164 0 0 0 0 0 0 0 0 0 0 0 0 0 0 0 0 0 0 0 0 0 0 0 0 0 0 0 0 0 0 0 0 0 0 0 0 0 0 0 0 0 0 0 0 0 0 0 0 0 0 0 3.038 3.012 3.012 3.012 2.983 2.983 2.961 2.929 2.611 2.611 2.611 2.747 2.747 2.747 2.713 2.694 2.669 2.641 2.641 2.63 2.605 2.316 2.316 2.316 2.428 2.445 2.445 2.445 2.419 2.41 2.38 2.37 2.348 2.329 2.314 2.298 2.284 2.265 2.256 2.234 2.227 2.197 2.194 2.193 2.193 2.194 2.194 2.204 2.213 2.213 2.213 2.198 2.194 2.181 2.151 2.151 2.142 2.139 2.139 2.106 2.094 2.084 2.074 2.074 2.074 2.053 2.034 2.015 2.014 2.014 2.007 1.993 1.99 1.982 1.967 1.948 1.945 1.938 1.938 1.929 1.923 1.913 1.923 1.923 0 0 0 1.848 1.838 1.832 1.832 1.825 1.818 1.818 1.818 1.817 1.8 1.8 1.784 1.771 1.764 1.756 1.755 1.756 1.756 1.756 1.761 1.761 1.753 1.722 1.71 1.71 1.718 1.721 1.718 1.718 1.716 1.694 1.691 1.691 1.684 1.68 1.678 1.676 1.676 1.673 1.672 1.672 1.652 1.644 1.644 1.643 1.631 0.882 0.882 0.878 0.878 0.885 0.885 0.891 0.904 1.244 1.244 1.244 1.237 1.237 1.237 1.24 1.245 1.505 1.52 1.52 1.52 1.519 1.514 1.512 1.509 1.512 1.512 1.512 1.508 1.511 1.507 1.507 1.51 1.51 1.507 1.506 1.506 1.506 1.506 1.506 1.506 1.506 1.506 1.506 1.506 1.506 1.506 1.506 1.505 1.502 1.502 1.504 1.504 1.504 1.504 1.514 1.5 1.491 1.244 1.237 1.237 1.24 1.24 1.343 1.343 1.343 0.921 0.894 0.89 0.886 0.878 0.878 0.88 0.88 0.906 0.924 0.924 0.924 0.89 0.869 0.807 0.79 0.782 0.778 0.778 0.79 0.786 0.786 0.786 0.786 0.786 0.787 0.787 0.787 0.787 0.797 0.797 0.797 0.799 0.797 0.798 0.798 0.797 0.797 0.797 0.797 0.81 0.819 0.819 0.819 0.816 0.816 0.816 0.817 0.819 0.825 0.825 0.83 0.835 0.836 0.838 0.838 0.838 0.844 0.846 0.853 0.992 1.004 1.01 1.011 1.017 1.019 1.023 1.028 1.029 1.03 1.034 1.045 1.051 1.055 1.061 1.063 1.065 1.071 1.073 1.075 1.075 1.094 1.097 1.105 1.105 1.106 1.109 1.11 1.11 1.117 1.121 1.133 1.138 1.146 1.151 1.159 1.161 1.164 1.174 1.177 1.197 1.21 1.211 1.218 1.228 1.236 1.239 1.252 1.265 1.269 1.28 1.282 1.295 1.308 1.317 1.322 1.322 1.331 1.353 1.36 1.363 1.364 1.379 1.392 1.405 1.431 1.436 1.436 1.444 1.459 1.461 1.461 1.467 1.487 1.504 1.513 1.537 1.537 1.546 1.567 1.57 1.58 0 0 0 0 1.744 1.744 1.744 1.744 
1 1 1 1 1 1 1 1 1 1 1 1 1 1 1 1 1 1 1 1 1 1 1 1 1 1 1 1 1 1 1 1 1 1 1 1 1 1 1 1 1 1 1 1 1 1 1 1 1 1 1 1 1 1 1 1 1 1 1 1 1 1 1 1 0 0 0 0 1 1 1 1 1 1 1 1 0 0 0 0 0 0 0 0 0 0 0 0 0 0 0 1 1 1 1 1 1 1 1 1 1 1 1 1 1 1 1 1 1 1 1 1 1 1 1 1 1 1 1 1 1 1 1 1 1 1 1 1 1 1 1 1 1 1 1 1 1 1 1 1 1 1 1 1 1 1 1 1 1 1 1 1 1 1 1 1 1 1 1 1 1 1 1 1 1 1 1 1 1 1 1 1 1 1 0 0 0 0 0 0 1 1 1 1 0 0 0 0 0 0 0 0 0 0 0 0 1 1 1 1 1 1 1 1 1 1 1 1 1 0 0 0 0 0 0 0 0 0 0 0 0 0 0 0 0 0 0 0 0 0 0 0 0 0 0 0 0 0 1 1 1 1 1 1 1 0 1 1 1 1 1 1 0 0 0 1 1 1 1 1 1 0 0 0 1 1 1 1 1 1 1 1 1 1 1 1 1 1 1 1 1 1 1 0 0 0 0 0 0 0 0 0 0 0 0 0 0 0 0 0 0 0 0 0 0 0 0 0 0 0 0 0 0 0 0 0 0 0 0 0 0 0 0 0 0 0 0 0 0 0 0 0 0 0 1 1 1 1 1 1 1 1 1 1 1 1 1 1 1 1 1 1 1 1 1 1 1 1 1 1 1 1 1 1 1 1 1 1 1 1 1 1 1 1 1 1 1 1 1 1 1 1 1 1 1 1 1 1 1 1 1 1 1 1 1 1 1 1 1 1 1 1 1 1 1 1 1 1 1 1 1 1 1 1 1 1 1 1 0 0 0 1 1 1 1 1 1 1 1 1 1 1 1 1 1 1 1 1 1 1 1 1 1 1 1 1 1 1 1 1 1 1 1 1 1 1 1 1 1 1 1 1 1 1 1 1 1 1 1 1 1 1 1 1 1 1 1 1 1 1 1 1 1 1 1 1 1 1 1 1 1 1 1 1 1 1 1 1 1 1 1 1 1 1 1 1 1 1 1 1 1 1 1 1 1 1 1 1 1 1 1 1 1 1 1 1 1 1 1 1 1 1 1 1 1 1 1 1 1 1 1 1 1 1 1 1 1 1 1 1 1 1 1 1 1 1 1 1 1 1 1 1 1 1 1 1 1 1 1 1 1 1 1 1 1 1 1 1 1 1 1 1 1 1 1 1 1 1 1 1 1 1 1 1 1 1 1 1 1 1 1 1 1 1 1 1 1 1 1 1 1 1 1 1 1 1 1 1 1 1 1 1 1 1 1 1 1 1 1 1 1 1 1 1 1 1 1 1 1 1 1 1 1 1 1 1 1 1 1 1 1 1 1 1 1 1 1 1 1 1 1 1 1 1 1 1 1 1 1 1 1 1 1 1 0 0 0 0 1 1 1 1 
