# This file contains a 2D laser scan observation. 
# Its format is: 
# [aperture] [max_range] [number_of_scans] 
# [vector_of_scans] 
# [vector_of_valid_scans] 
# The aperture of the sensor is in radians, the maximum range 
# and measurements are in meters. '1' means a valid scan, '0' otherwise.
4.1847
5.6
682
3.582 3.582 3.584 3.585 3.585 0 0 0.006 0.006 0.006 0.006 0.006 0 0 0 2.582 2.513 2.474 2.416 2.361 2.322 2.285 2.232 2.23 2.229 2.229 2.229 1.045 1.01 1 0.993 0.993 0.993 0.993 1.009 2.267 0.007 0.008 2.267 1.404 1.403 1.401 1.4 1.4 1.4 1.488 1.787 2.149 2.268 0 0 0 0.007 2.277 2.277 2.277 2.076 1.449 1.441 1.441 1.441 0 0 0 0.73 0.727 0.718 0.716 0.716 0.714 0.716 0.716 0.716 0.72 0.721 0.724 2.396 2.396 2.396 2.396 2.371 2.371 2.651 2.664 2.664 2.684 2.7 2.704 2.704 2.704 1.645 1.645 1.645 1.701 1.701 1.707 1.701 1.701 1.701 1.704 1.704 1.991 1.995 1.995 1.991 0.67 0.664 0.664 0.662 0.662 0.665 0.665 0.665 0.665 0.658 0.658 0.658 0.667 0.667 0.667 0.674 0.681 0 0 0 0 0 0 0 0 0 0 0 0 0 0 0 0 0 0 0 0 0 0 0 0 0 0 0 0 0 0 0 0 0 0 0.007 0 0 0 0 0.007 4.861 4.574 4.574 4.567 4.567 4.574 4.567 4.556 1.168 1.166 1.166 1.166 1.165 1.165 1.166 1.176 1.178 1.324 4.55 4.572 4.573 4.573 4.573 2.738 2.738 2.738 5.005 5.019 5.019 5.019 5.019 0 0 0 0 0 0 0 0 0 0 0 0 0 0 2.626 2.623 2.623 2.626 4.464 4.473 4.473 4.473 4.473 0 0.007 0 0 0.007 0 0 0 0 0 1.746 1.741 1.741 1.735 1.741 1.733 1.733 1.733 1.731 1.731 1.737 1.737 1.732 1.737 1.732 1.732 1.732 1.732 1.732 1.732 1.735 1.735 1.737 1.738 1.741 1.741 1.741 1.741 1.734 1.734 1.747 1.747 1.749 1.749 1.753 1.747 1.749 1.747 1.749 1.749 1.76 1.763 1.763 1.763 1.573 1.572 1.572 1.572 1.745 1.786 1.786 1.791 1.786 1.734 1.211 1.205 1.205 1.205 1.207 1.795 1.811 1.814 1.814 0 0 0 0 0 2.399 2.36 2.321 2.298 2.256 2.229 2.192 2.192 2.162 2.162 0.007 1.688 1.688 1.831 1.831 1.907 1.907 1.907 1.879 1.857 1.85 1.816 1.79 1.774 1.774 1.745 1.735 1.351 1.351 1.351 1.353 1.354 1.457 1.563 1.563 1.563 1.545 1.519 1.502 1.5 1.486 1.464 1.463 1.45 1.434 1.414 1.404 1.402 1.38 1.375 1.355 1.353 1.337 1.325 1.318 1.314 1.296 1.285 1.28 1.271 1.267 1.249 1.248 1.247 1.248 1.248 1.248 1.248 1.248 1.251 1.251 1.255 1.255 1.259 1.263 1.263 1.263 1.248 1.238 1.231 1.229 1.227 1.222 1.215 1.213 1.205 1.205 1.202 1.201 1.194 1.189 1.189 1.189 1.185 1.17 1.165 1.151 1.139 1.135 1.133 1.13 1.13 1.124 1.124 1.121 1.12 1.117 1.11 1.108 1.104 1.082 1.081 1.073 1.072 1.07 1.068 1.068 1.067 1.067 1.059 1.058 1.052 1.049 1.047 1.043 1.043 1.043 1.043 1.034 1.032 1.029 1.025 1.02 1.013 1.013 1.011 1.011 1.01 1.008 1.008 1.008 1.007 0.997 0.996 0.989 0.985 0.984 0.98 0.979 0.977 0.976 0.976 0.969 0.967 0.964 0.963 0.958 0.957 0.955 0.953 0.953 0.948 0.948 0.948 0.952 0.952 0.953 0.955 0.955 0.955 0.955 0.955 0.954 0.952 0.948 0.944 0.941 0.941 0.942 0.942 0.942 0.943 0.942 0.939 0.937 0.934 0.934 0.934 0.937 0.939 0.946 0.947 0.949 0.95 0.952 0.952 0.952 0.937 0.927 0.927 0.926 0.926 0.93 0.93 0.932 0.934 0.934 0.94 0.94 0.951 0.951 0.94 0.937 0.937 0.935 0.936 0.936 0.938 0.942 0.943 0.943 0.945 0.942 0.943 0.943 0.946 0.946 0.95 0.952 0.959 0.961 0.969 0.969 0.969 0.961 0.961 0.956 0.954 0.953 0.956 0.956 0.956 0.957 0.96 0.96 0.966 0.966 0.969 0.97 0.972 0.972 0.983 0.983 0.983 0.983 0.982 0.98 0.98 0.978 0.971 0.966 0.953 0.952 0.949 0.903 0.903 0.903 0.908 0.908 0.916 0.928 0.93 0.935 0.945 0.945 0.935 0.869 0.869 0.869 0.856 0.858 0.908 0.908 0.933 0.958 0.978 0.985 0.988 0.991 0.995 0.996 0.998 0.998 1.008 1.018 1.024 1.024 1.024 0.825 0.75 0.726 0.725 0.722 0.722 0.722 0.726 0.726 0.728 0.73 0.734 0.827 1.104 1.113 1.115 1.124 1.124 1.126 1.128 1.146 1.148 1.161 1.165 1.165 1.165 1.171 1.173 1.155 1.151 1.164 1.164 1.144 1.138 1.138 1.104 1.104 1.104 1.12 1.135 1.135 1.135 1.132 1.123 1.113 1.113 1.101 1.003 0.99 0.989 0.983 0.983 0.983 1 1 1.021 1.051 1.051 1.051 1.047 1.046 1.042 1.03 1.023 1.023 1.02 1.02 1.016 1.012 1.007 1.006 0.974 0.623 0.509 0.509 0.501 0.501 0.503 0.503 0.505 0.505 0.505 0.505 0.505 0.502 0.505 0.509 0.514 0.946 0.946 
1 1 1 1 1 0 0 0 0 0 0 0 0 0 0 1 1 1 1 1 1 1 1 1 1 1 1 1 1 1 1 1 1 1 1 1 0 0 1 1 1 1 1 1 1 1 1 1 1 0 0 0 0 1 1 1 1 1 1 1 1 0 0 0 1 1 1 1 1 1 1 1 1 1 1 1 1 1 1 1 1 1 1 1 1 1 1 1 1 1 1 1 1 1 1 1 1 1 1 1 1 1 1 1 1 1 1 1 1 1 1 1 1 1 1 1 1 1 1 1 1 1 0 0 0 0 0 0 0 0 0 0 0 0 0 0 0 0 0 0 0 0 0 0 0 0 0 0 0 0 0 0 0 0 0 0 0 0 0 0 0 0 1 1 1 1 1 1 1 1 1 1 1 1 1 1 1 1 1 1 1 1 1 1 1 1 1 1 1 1 1 1 1 0 0 0 0 0 0 0 0 0 0 0 0 0 0 1 1 1 1 1 1 1 1 1 0 0 0 0 0 0 0 0 0 0 1 1 1 1 1 1 1 1 1 1 1 1 1 1 1 1 1 1 1 1 1 1 1 1 1 1 1 1 1 1 1 1 1 1 1 1 1 1 1 1 1 1 1 1 1 1 1 1 1 1 1 1 1 1 1 1 1 1 1 1 1 1 1 0 0 0 0 0 1 1 1 1 1 1 1 1 1 1 0 1 1 1 1 1 1 1 1 1 1 1 1 1 1 1 1 1 1 1 1 1 1 1 1 1 1 1 1 1 1 1 1 1 1 1 1 1 1 1 1 1 1 1 1 1 1 1 1 1 1 1 1 1 1 1 1 1 1 1 1 1 1 1 1 1 1 1 1 1 1 1 1 1 1 1 1 1 1 1 1 1 1 1 1 1 1 1 1 1 1 1 1 1 1 1 1 1 1 1 1 1 1 1 1 1 1 1 1 1 1 1 1 1 1 1 1 1 1 1 1 1 1 1 1 1 1 1 1 1 1 1 1 1 1 1 1 1 1 1 1 1 1 1 1 1 1 1 1 1 1 1 1 1 1 1 1 1 1 1 1 1 1 1 1 1 1 1 1 1 1 1 1 1 1 1 1 1 1 1 1 1 1 1 1 1 1 1 1 1 1 1 1 1 1 1 1 1 1 1 1 1 1 1 1 1 1 1 1 1 1 1 1 1 1 1 1 1 1 1 1 1 1 1 1 1 1 1 1 1 1 1 1 1 1 1 1 1 1 1 1 1 1 1 1 1 1 1 1 1 1 1 1 1 1 1 1 1 1 1 1 1 1 1 1 1 1 1 1 1 1 1 1 1 1 1 1 1 1 1 1 1 1 1 1 1 1 1 1 1 1 1 1 1 1 1 1 1 1 1 1 1 1 1 1 1 1 1 1 1 1 1 1 1 1 1 1 1 1 1 1 1 1 1 1 1 1 1 1 1 1 1 1 1 1 1 1 1 1 1 1 1 1 1 1 1 1 1 1 1 1 1 1 1 1 1 1 1 1 1 1 1 1 1 1 1 1 1 1 1 1 1 1 1 1 1 1 1 
