# This file contains a 2D laser scan observation. 
# Its format is: 
# [aperture] [max_range] [number_of_scans] 
# [vector_of_scans] 
# [vector_of_valid_scans] 
# The aperture of the sensor is in radians, the maximum range 
# and measurements are in meters. '1' means a valid scan, '0' otherwise.
4.1847
5.6
682
2.573 2.598 2.636 2.674 2.718 2.762 3.858 3.858 3.858 3.857 3.854 3.843 3.837 3.833 3.816 3.808 3.807 3.798 3.794 3.791 3.79 3.783 3.78 3.768 3.765 3.761 3.755 3.754 3.752 3.754 3.746 3.746 0.832 0.763 0.757 0.754 0.752 0.75 0.75 0.75 0.75 3.692 3.693 3.697 3.694 3.693 3.694 3.694 3.687 3.687 3.687 3.684 0.582 0.578 0.568 0.565 0.565 0.568 0.573 0.574 0.574 0.573 0.569 0.568 0.567 0.567 0.568 0.571 0.574 0.574 0.575 2.27 2.27 2.27 2.27 2.27 2.269 2.268 2.269 4.969 1.773 1.769 1.161 1.155 1.155 1.155 1.164 1.179 2.288 2.297 2.297 2.297 2.301 0 2.289 2.318 2.332 2.318 2.318 2.332 2.332 2.334 2.334 2.334 0.826 0.823 0.819 0.819 0.819 0.822 0.822 0.834 0 0 0 0 0 2.409 2.409 2.402 2.402 1.487 1.483 1.483 1.483 2.206 0.007 2.206 1.511 1.505 1.505 1.502 1.502 1.502 1.507 2.517 2.531 2.535 2.535 2.539 2.548 2.548 2.548 1.784 1.781 1.781 1.781 1.781 1.781 1.773 1.774 1.774 1.768 1.768 1.767 1.767 1.778 1.778 1.766 1.777 1.777 1.775 1.776 1.776 1.775 1.767 1.767 1.767 1.774 1.775 1.778 1.781 1.783 1.783 1.783 1.781 1.773 1.773 1.781 1.79 1.793 1.793 1.797 1.801 1.801 1.801 1.805 1.806 1.809 1.809 1.809 0.811 0.808 0.804 0.804 0.804 0.804 0.802 0.8 0.802 0.802 0.803 0.81 0.814 0 0 0 0 0 0 3.692 3.692 3.692 3.72 3.751 3.751 0 0.007 0 0 0 0 0 0 0 0 0 0 0 0 0 0 0 0 4.157 4.154 4.145 4.154 4.145 4.143 4.143 4.143 4.132 4.143 4.138 4.138 4.138 4.138 4.123 2.281 2.281 2.281 4.147 4.147 4.147 4.147 4.144 4.143 4.143 4.142 4.144 4.153 4.577 4.577 4.577 4.56 4.519 4.519 4.519 4.094 4.094 0 3.109 3.096 2.129 2.128 2.128 2.129 2.146 0 0 0 0 0.007 0 0.007 0 0 0 1.237 1.237 1.237 1.237 1.237 1.238 1.237 1.236 1.234 1.236 1.234 1.232 1.23 1.23 1.23 1.228 1.225 1.225 1.224 1.223 1.223 1.223 1.223 1.224 1.225 1.225 1.226 1.229 1.23 1.231 1.23 1.23 1.229 1.228 1.228 1.229 1.228 1.228 1.231 1.228 1.228 1.227 1.228 1.228 1.228 1.229 1.229 1.231 1.229 1.233 1.227 1.221 1.22 1.221 1.221 1.225 1.225 1.225 1.225 1.225 1.222 1.163 1.05 1.036 1.035 1.035 1.036 1.036 1.045 1.126 1.223 1.227 1.228 1.228 1.228 1.23 1.23 1.225 0.699 0.699 0.699 0.699 0.699 0.697 0.695 0.695 0.695 0.695 0.709 0 0 0 0 0 0 0 0 0 1.801 1.775 1.756 1.722 1.697 1.681 1.655 1.637 1.614 1.59 1.584 1.584 1.569 1.543 1.175 1.166 1.166 1.166 1.169 1.172 1.301 1.349 1.349 1.349 1.34 1.331 1.323 1.311 1.294 1.292 1.275 1.26 1.257 1.252 1.236 1.226 1.214 1.2 1.194 1.184 1.172 1.163 1.145 1.143 0.975 0.897 0.89 0.887 0.879 0.869 0.868 0.868 0.869 0.88 0.965 1.037 1.04 1.04 1.037 1.02 1.019 1.011 1.004 1.001 0.987 0.985 0.982 0.981 0.978 0.974 0.967 0.963 0.958 0.947 0.947 0.945 0.928 0.928 0.927 0.926 0.924 0.918 0.912 0.908 0.905 0.904 0.887 0.885 0.885 0.885 0.882 0.873 0.871 0.87 0.867 0.859 0.856 0.856 0.854 0.848 0.841 0.835 0.835 0.835 0.833 0.835 0.835 0.836 0.836 0.84 0.842 0.844 0.845 0.852 0.852 0.859 0.865 0.868 0.874 0.877 0.882 0.883 0.886 0.886 0.886 0.886 0.886 0.875 0.873 0.87 0.868 0.868 0.867 0.859 0.859 0.859 0.853 0.852 0.85 0.848 0.842 0.842 0.842 0.842 0.842 0.844 0.85 0.856 0.856 0.856 0.844 0.844 0.844 0.844 0.844 0.843 0.843 0.843 0.836 0.836 0.833 0.833 0.831 0.833 0.833 0.833 0.833 0.837 0.837 0.828 0.837 0.837 0.837 0.841 0.842 0.842 0.842 0.842 0.832 0.827 0.819 0.819 0.819 0.814 0.815 0.819 0.819 0.819 0.821 0.826 0.837 0.837 0.837 0.837 0.837 0.831 0.826 0.826 0.826 0.825 0.829 0.829 0.83 0.834 0.834 0.834 0.83 0.825 0.825 0.825 0.831 0.831 0.834 0.831 0.834 0.839 0.845 0.849 0.849 0.849 0.846 0.846 0.844 0.837 0.836 0.836 0.835 0.836 0.842 0.843 0.842 0.844 0.844 0.847 0.847 0.853 0.855 0.856 0.856 0.856 0.856 0.86 0.86 0.862 0.866 0.866 0.869 0.869 0.874 0.877 0.885 0.885 0.894 0.902 0.904 0.906 0.907 0.911 0.911 0.913 0.913 0.918 0.921 0.922 0.924 0.925 0.927 0.928 0.933 0.938 0.939 0.945 0.946 0.954 0.964 0.965 0.965 0.966 0.969 0.969 0.97 0.973 0.978 0.979 0.983 0.985 0.999 0.999 1.003 1.004 1.006 1.015 1.015 1.017 1.027 
1 1 1 1 1 1 1 1 1 1 1 1 1 1 1 1 1 1 1 1 1 1 1 1 1 1 1 1 1 1 1 1 1 1 1 1 1 1 1 1 1 1 1 1 1 1 1 1 1 1 1 1 1 1 1 1 1 1 1 1 1 1 1 1 1 1 1 1 1 1 1 1 1 1 1 1 1 1 1 1 1 1 1 1 1 1 1 1 1 1 1 1 1 0 1 1 1 1 1 1 1 1 1 1 1 1 1 1 1 1 1 1 0 0 0 0 0 1 1 1 1 1 1 1 1 1 0 1 1 1 1 1 1 1 1 1 1 1 1 1 1 1 1 1 1 1 1 1 1 1 1 1 1 1 1 1 1 1 1 1 1 1 1 1 1 1 1 1 1 1 1 1 1 1 1 1 1 1 1 1 1 1 1 1 1 1 1 1 1 1 1 1 1 1 1 1 1 1 1 1 1 1 1 1 0 0 0 0 0 0 1 1 1 1 1 1 0 0 0 0 0 0 0 0 0 0 0 0 0 0 0 0 0 0 1 1 1 1 1 1 1 1 1 1 1 1 1 1 1 1 1 1 1 1 1 1 1 1 1 1 1 1 1 1 1 1 1 1 1 1 1 0 1 1 1 1 1 1 1 0 0 0 0 0 0 0 0 0 0 1 1 1 1 1 1 1 1 1 1 1 1 1 1 1 1 1 1 1 1 1 1 1 1 1 1 1 1 1 1 1 1 1 1 1 1 1 1 1 1 1 1 1 1 1 1 1 1 1 1 1 1 1 1 1 1 1 1 1 1 1 1 1 1 1 1 1 1 1 1 1 1 1 1 1 1 1 1 1 1 1 1 1 1 1 1 1 1 1 0 0 0 0 0 0 0 0 0 1 1 1 1 1 1 1 1 1 1 1 1 1 1 1 1 1 1 1 1 1 1 1 1 1 1 1 1 1 1 1 1 1 1 1 1 1 1 1 1 1 1 1 1 1 1 1 1 1 1 1 1 1 1 1 1 1 1 1 1 1 1 1 1 1 1 1 1 1 1 1 1 1 1 1 1 1 1 1 1 1 1 1 1 1 1 1 1 1 1 1 1 1 1 1 1 1 1 1 1 1 1 1 1 1 1 1 1 1 1 1 1 1 1 1 1 1 1 1 1 1 1 1 1 1 1 1 1 1 1 1 1 1 1 1 1 1 1 1 1 1 1 1 1 1 1 1 1 1 1 1 1 1 1 1 1 1 1 1 1 1 1 1 1 1 1 1 1 1 1 1 1 1 1 1 1 1 1 1 1 1 1 1 1 1 1 1 1 1 1 1 1 1 1 1 1 1 1 1 1 1 1 1 1 1 1 1 1 1 1 1 1 1 1 1 1 1 1 1 1 1 1 1 1 1 1 1 1 1 1 1 1 1 1 1 1 1 1 1 1 1 1 1 1 1 1 1 1 1 1 1 1 1 1 1 1 1 1 1 1 1 1 1 1 1 1 1 1 1 1 1 1 1 1 1 1 1 1 1 1 1 1 1 1 1 1 1 1 1 1 1 1 1 1 1 
