# This file contains a 2D laser scan observation. 
# Its format is: 
# [aperture] [max_range] [number_of_scans] 
# [vector_of_scans] 
# [vector_of_valid_scans] 
# The aperture of the sensor is in radians, the maximum range 
# and measurements are in meters. '1' means a valid scan, '0' otherwise.
4.1847
5.6
682
2.554 1.474 1.463 1.463 1.472 1.472 1.463 1.395 1.34 1.334 1.334 1.34 1.347 2.819 2.837 2.851 2.851 2.868 2.884 2.893 2.902 2.925 2.942 2.951 2.965 2.996 3.001 0 0 0 0 0 0 0 0 0 0 4.469 1.598 1.49 1.069 1.058 1.054 1.054 1.058 1.067 1.073 3.911 3.911 3.911 3.903 1.026 1.013 1.009 1.007 1.007 1.003 1.001 1.003 1.013 1.013 1.017 2.016 2.016 2.016 2.016 2.012 1.994 1.376 1.363 1.356 1.356 1.356 1.362 1.555 1.682 1.694 1.715 1.724 1.751 1.788 1.81 1.84 1.84 1.84 1.875 1.875 1.826 1.662 1.674 1.674 1.674 1.707 1.724 1.74 4.303 4.303 0 0.007 1.003 0.993 0.989 0.983 0.971 0.965 0.962 0.962 0.946 0.917 0.917 0.912 0.91 0.898 0.892 0.886 0.879 0.878 0.868 0.867 0.867 0.861 0.859 0.859 0.842 0.839 0.831 0.818 0.814 0.814 0.814 0.814 0.812 0.804 0.8 0.797 0.796 0.791 0.786 0.773 0.77 0.767 0.766 0.758 0.753 0.753 0.753 0.751 0.737 0.737 0.736 0.735 0.728 0.719 0.714 0.712 0.708 0.712 0.701 0.701 0.71 0.71 0.708 0.708 0.694 0.692 0.691 0.686 0.689 0.688 0.686 0.686 0.686 0.684 0.683 0.679 0.679 0.678 0.678 0.675 0.678 0.674 0.674 0.674 0.672 0.67 0.67 0.668 0.66 0.66 0.656 0.656 0.656 0.652 0.651 0.651 0.648 0.648 0.648 0.645 0.645 0.645 0.644 0.644 0.64 0.639 0.638 0.638 0.634 0.632 0.632 0.632 0.63 0.63 0.628 0.63 0.624 0.622 0.622 0.635 0.635 0.644 0.694 0.698 0.704 0.716 0.735 0.755 0.785 0.792 0.826 0.839 0.864 0 0 0 0 0 0 0 0 2.289 2.289 2.289 2.299 2.304 2.315 2.317 2.327 0 0 0 0.007 0 0 0.007 0 2.429 2.433 2.433 2.433 2.443 2.456 2.487 2.496 2.503 2.503 2.503 2.522 2.522 2.522 2.527 2.546 0 0 0 0 2.42 2.398 2.375 2.37 2.352 2.34 2.34 2.34 2.363 2.381 2.394 0 0 0 0 0 2.514 2.498 2.473 2.441 2.422 2.422 2.422 2.594 2.627 2.632 2.651 2.671 2.689 2.718 2.725 2.734 2.734 2.734 2.729 2.729 2.729 2.748 2.748 2.748 2.893 3.033 3.033 3.054 3.094 3.094 3.094 3.094 2.837 2.826 2.822 2.82 2.811 2.715 2.715 2.715 2.797 2.805 2.805 2.801 2.801 2.801 2.801 2.801 2.801 2.801 2.801 2.791 2.775 0.905 0.896 0.885 0.883 0.882 0.878 0.878 0.874 0.873 0.873 0.865 0.865 0.865 2.785 2.793 2.793 2.789 2.793 2.793 3.228 3.228 3.228 3.219 3.215 3.215 3.213 3.197 2.785 2.781 2.775 2.775 2.775 2.774 2.774 2.746 2.746 2.746 2.74 2.737 1.748 1.745 1.742 1.745 1.745 2.701 2.711 2.711 2.706 2.706 2.711 2.711 2.711 2.711 2.698 2.698 2.698 2.698 2.699 2.699 2.701 2.701 2.704 2.699 2.703 2.703 2.703 2.692 0.796 0.795 0.792 0.792 0.792 0.792 0.792 0.792 0.793 0.794 0.796 0.796 0.797 0.808 2.697 2.697 2.697 2.695 2.695 2.695 2.703 2.706 2.708 2.744 0 0.007 0 0 0 0 0 0 0 0 0 0 0 0 0 0 0 0 0 0 0 0 0 0 0 0 0 0 0 0 0 0.007 0 0.007 0 0.007 0.915 0.915 0.889 0.889 0.007 0.856 0.856 0 0.848 0.826 0.811 0.783 0.779 0.777 0.769 0.756 0.751 0.742 0.73 0.723 0.72 0.72 0.714 0.708 0.708 0.697 0.674 0.673 0.672 0.664 0.645 0.641 0.633 0.633 0.628 0.625 0.611 0.608 0.597 0.593 0.591 0.588 0.587 0.585 0.574 0.566 0.566 0.563 0.562 0.554 0.554 0.548 0.547 0.541 0.541 0.53 0.53 0.525 0.524 0.517 0.52 0.517 0.514 0.51 0.509 0.506 0.499 0.496 0.496 0.496 0.496 0.496 0.489 0.476 0.476 0.476 0.475 0.475 0.471 0.47 0.466 0.458 0.45 0.45 0.446 0.445 0.445 0.446 0.446 0.442 0.442 0.432 0.432 0.432 0.431 0.432 0.431 0.431 0.417 0.417 0.417 0.416 0.416 0.416 0.412 0.412 0.412 0.411 0.41 0.41 0.4 0.4 0.4 0.4 0.405 0.406 0.405 0.394 0.39 0.39 0.389 0.386 0.382 0.382 0.382 0.382 0.382 0.381 0.381 0.381 0.381 0.381 0.37 0.37 0.368 0.366 0.368 0.368 0.368 0.367 0.368 0.367 0.365 0.367 0.367 0.365 0.365 0.365 0.362 0.362 0.365 0.356 0.356 0.37 0.37 0.373 0.375 0.413 0.429 0.447 0.447 0.439 0.439 0.446 0.44 0.44 0.44 0.396 0.362 0.336 0.324 0.321 0.32 0.32 0.32 0.32 0.325 0.328 0.329 0.329 0.329 0.313 0.301 0.301 0.301 0.306 0.309 0.312 0.316 0.312 0.316 0.316 0.316 0.316 0.316 0.316 0.306 0.306 0.306 0.306 0.306 0.309 0.309 0.309 0.309 0.305 0.302 0.296 0.296 0.296 
1 1 1 1 1 1 1 1 1 1 1 1 1 1 1 1 1 1 1 1 1 1 1 1 1 1 1 0 0 0 0 0 0 0 0 0 0 1 1 1 1 1 1 1 1 1 1 1 1 1 1 1 1 1 1 1 1 1 1 1 1 1 1 1 1 1 1 1 1 1 1 1 1 1 1 1 1 1 1 1 1 1 1 1 1 1 1 1 1 1 1 1 1 1 1 1 1 0 0 1 1 1 1 1 1 1 1 1 1 1 1 1 1 1 1 1 1 1 1 1 1 1 1 1 1 1 1 1 1 1 1 1 1 1 1 1 1 1 1 1 1 1 1 1 1 1 1 1 1 1 1 1 1 1 1 1 1 1 1 1 1 1 1 1 1 1 1 1 1 1 1 1 1 1 1 1 1 1 1 1 1 1 1 1 1 1 1 1 1 1 1 1 1 1 1 1 1 1 1 1 1 1 1 1 1 1 1 1 1 1 1 1 1 1 1 1 1 1 1 1 1 1 1 1 1 1 1 1 1 1 1 1 0 0 0 0 0 0 0 0 1 1 1 1 1 1 1 1 0 0 0 0 0 0 0 0 1 1 1 1 1 1 1 1 1 1 1 1 1 1 1 1 0 0 0 0 1 1 1 1 1 1 1 1 1 1 1 0 0 0 0 0 1 1 1 1 1 1 1 1 1 1 1 1 1 1 1 1 1 1 1 1 1 1 1 1 1 1 1 1 1 1 1 1 1 1 1 1 1 1 1 1 1 1 1 1 1 1 1 1 1 1 1 1 1 1 1 1 1 1 1 1 1 1 1 1 1 1 1 1 1 1 1 1 1 1 1 1 1 1 1 1 1 1 1 1 1 1 1 1 1 1 1 1 1 1 1 1 1 1 1 1 1 1 1 1 1 1 1 1 1 1 1 1 1 1 1 1 1 1 1 1 1 1 1 1 1 1 1 1 1 1 1 1 1 1 1 1 1 1 1 1 1 1 1 1 0 0 0 0 0 0 0 0 0 0 0 0 0 0 0 0 0 0 0 0 0 0 0 0 0 0 0 0 0 0 0 0 0 0 0 0 1 1 1 1 0 1 1 0 1 1 1 1 1 1 1 1 1 1 1 1 1 1 1 1 1 1 1 1 1 1 1 1 1 1 1 1 1 1 1 1 1 1 1 1 1 1 1 1 1 1 1 1 1 1 1 1 1 1 1 1 1 1 1 1 1 1 1 1 1 1 1 1 1 1 1 1 1 1 1 1 1 1 1 1 1 1 1 1 1 1 1 1 1 1 1 1 1 1 1 1 1 1 1 1 1 1 1 1 1 1 1 1 1 1 1 1 1 1 1 1 1 1 1 1 1 1 1 1 1 1 1 1 1 1 1 1 1 1 1 1 1 1 1 1 1 1 1 1 1 1 1 1 1 1 1 1 1 1 1 1 1 1 1 1 1 1 1 1 1 1 1 1 1 1 1 1 1 1 1 1 1 1 1 1 1 1 1 1 1 1 1 1 1 1 1 1 1 1 1 1 1 1 1 1 1 1 1 1 1 1 
