# This file contains a 2D laser scan observation. 
# Its format is: 
# [aperture] [max_range] [number_of_scans] 
# [vector_of_scans] 
# [vector_of_valid_scans] 
# The aperture of the sensor is in radians, the maximum range 
# and measurements are in meters. '1' means a valid scan, '0' otherwise.
4.1847
5.6
682
1.4 1.366 1.366 1.366 1.372 2.799 2.819 2.837 2.837 2.845 2.858 2.865 2.879 2.901 2.916 2.921 2.941 2.951 2.976 2.979 2.986 3.008 3.015 0.006 0.006 0.006 0 0 0 0 0 1.09 1.076 1.076 1.076 1.081 1.089 3.956 3.991 3.991 3.991 1.095 1.027 1.023 1.014 1.014 1.013 1.013 1.013 1.017 1.017 1.03 1.036 2.05 2.05 2.05 2.05 2.05 2.04 2.031 1.383 1.373 1.365 1.365 1.372 1.372 1.672 1.705 1.714 1.714 1.738 1.741 1.741 1.777 1.787 1.823 1.886 0.007 1.886 1.611 1.611 1.611 1.638 1.653 1.676 0 0 0 0 0.996 0.996 0.978 0.972 0.958 0.957 0.935 0.926 0.919 0.917 0.915 0.911 0.897 0.891 0.891 0.888 0.882 0.862 0.86 0.855 0.854 0.842 0.833 0.833 0.83 0.819 0.814 0.81 0.806 0.798 0.792 0.79 0.787 0.781 0.773 0.768 0.768 0.762 0.755 0.754 0.739 0.737 0.737 0.736 0.735 0.717 0.717 0.716 0.715 0.713 0.709 0.698 0.697 0.696 0.695 0.687 0.684 0.683 0.681 0.678 0.677 0.673 0.671 0.666 0.665 0.663 0.66 0.659 0.654 0.659 0.654 0.652 0.647 0.645 0.645 0.645 0.645 0.646 0.646 0.637 0.637 0.637 0.631 0.631 0.629 0.628 0.628 0.628 0.628 0.626 0.622 0.627 0.622 0.621 0.614 0.614 0.612 0.611 0.608 0.603 0.601 0.603 0.599 0.599 0.599 0.599 0.597 0.597 0.597 0.597 0.597 0.595 0.595 0.593 0.593 0.593 0.59 0.59 0.59 0.606 0.656 0.659 0.661 0.661 0.692 0.697 0.706 0.718 0.734 0.748 0.764 0.808 0.834 0.875 0.875 0.007 0 0 0 0 0 0 0 0 0 0 0 2.246 2.246 2.246 2.256 2.265 2.268 2.269 0 0 0 0 0.007 0 0 0.007 0 2.359 2.381 2.381 2.381 2.394 2.402 2.431 2.453 2.453 2.453 2.453 2.454 2.475 2.485 2.485 2.487 2.499 2.485 0 0.007 0 2.35 2.35 2.336 2.323 2.304 2.298 2.298 2.298 2.305 2.319 2.34 0 0 0 0 0 2.451 2.451 2.436 2.436 2.357 2.357 2.357 2.377 2.555 2.584 2.586 2.606 2.622 2.641 2.656 2.676 2.697 2.715 2.715 2.715 2.65 2.65 2.65 2.65 2.65 2.145 2.145 2.145 2.959 2.991 2.991 2.991 2.783 2.777 2.768 2.768 2.767 2.768 2.758 2.752 2.738 2.738 2.738 2.745 2.745 2.745 2.745 2.745 2.745 2.745 2.752 2.752 2.75 2.73 0.84 0.839 0.832 0.827 0.826 0.826 0.826 0.826 0.818 0.818 0.818 0.815 0.815 0.815 0.815 2.736 2.738 2.738 2.738 2.743 3.177 3.177 3.177 3.166 3.164 3.158 3.149 3.111 2.718 2.718 2.709 2.715 2.718 2.715 2.707 2.704 2.699 2.687 2.687 2.685 2.678 1.694 1.676 1.676 1.676 1.676 1.677 2.661 2.661 2.661 2.661 2.664 2.664 2.666 2.666 2.664 2.658 2.656 2.644 2.641 2.641 2.644 2.646 2.648 2.648 2.648 2.648 2.641 2.641 2.641 2.64 2.639 0.753 0.747 0.747 0.748 0.747 0.745 0.745 0.742 0.739 0.739 0.739 0.74 0.745 0.748 0.756 2.655 2.656 2.656 2.655 2.656 2.652 2.652 2.66 0 0 0 0 0 0 0 0 0 0 1.85 0 0.007 0 0 0 0 0 0 0 0 0 0 0 0 0 0 0 0 0 0 0 0 0 0 0 0 0.007 0 0 0 0 0 0 0 0 0 0 0 0 0 0.767 0.766 0.756 0.744 0.743 0.742 0.742 0.73 0.714 0.704 0.696 0.695 0.694 0.678 0.678 0.673 0.673 0.652 0.652 0.639 0.629 0.628 0.625 0.624 0.617 0.617 0.618 0.617 0.598 0.592 0.592 0.586 0.586 0.58 0.572 0.571 0.56 0.559 0.556 0.555 0.556 0.549 0.549 0.548 0.548 0.532 0.525 0.525 0.525 0.522 0.516 0.512 0.512 0.509 0.509 0.508 0.508 0.496 0.496 0.492 0.493 0.496 0.493 0.489 0.489 0.478 0.476 0.472 0.472 0.472 0.472 0.475 0.475 0.475 0.461 0.459 0.457 0.459 0.453 0.45 0.453 0.443 0.442 0.442 0.438 0.438 0.438 0.438 0.443 0.443 0.433 0.432 0.428 0.425 0.425 0.425 0.424 0.424 0.424 0.42 0.419 0.419 0.419 0.414 0.408 0.405 0.405 0.405 0.405 0.405 0.409 0.409 0.405 0.405 0.408 0.407 0.407 0.407 0.394 0.39 0.39 0.394 0.394 0.396 0.396 0.394 0.394 0.386 0.386 0.383 0.38 0.376 0.38 0.38 0.382 0.385 0.385 0.382 0.382 0.381 0.381 0.381 0.381 0.381 0.381 0.379 0.369 0.369 0.377 0.377 0.376 0.376 0.376 0.37 0.37 0.374 0.374 0.374 0.38 0.389 0.007 0 0 0 0 0.477 0.477 0.477 0.478 0.48 0.486 0.489 0.489 0.489 0.388 0.386 0.345 0.342 0.338 0.338 0.338 0.343 0.344 0.347 0.344 0.349 0.349 0.343 0.343 0.333 0.323 0.323 0.323 
1 1 1 1 1 1 1 1 1 1 1 1 1 1 1 1 1 1 1 1 1 1 1 0 0 0 0 0 0 0 0 1 1 1 1 1 1 1 1 1 1 1 1 1 1 1 1 1 1 1 1 1 1 1 1 1 1 1 1 1 1 1 1 1 1 1 1 1 1 1 1 1 1 1 1 1 1 0 1 1 1 1 1 1 1 0 0 0 0 1 1 1 1 1 1 1 1 1 1 1 1 1 1 1 1 1 1 1 1 1 1 1 1 1 1 1 1 1 1 1 1 1 1 1 1 1 1 1 1 1 1 1 1 1 1 1 1 1 1 1 1 1 1 1 1 1 1 1 1 1 1 1 1 1 1 1 1 1 1 1 1 1 1 1 1 1 1 1 1 1 1 1 1 1 1 1 1 1 1 1 1 1 1 1 1 1 1 1 1 1 1 1 1 1 1 1 1 1 1 1 1 1 1 1 1 1 1 1 1 1 1 1 1 1 1 1 1 1 1 1 1 1 1 1 0 0 0 0 0 0 0 0 0 0 0 0 1 1 1 1 1 1 1 0 0 0 0 0 0 0 0 0 1 1 1 1 1 1 1 1 1 1 1 1 1 1 1 1 1 1 0 0 0 1 1 1 1 1 1 1 1 1 1 1 0 0 0 0 0 1 1 1 1 1 1 1 1 1 1 1 1 1 1 1 1 1 1 1 1 1 1 1 1 1 1 1 1 1 1 1 1 1 1 1 1 1 1 1 1 1 1 1 1 1 1 1 1 1 1 1 1 1 1 1 1 1 1 1 1 1 1 1 1 1 1 1 1 1 1 1 1 1 1 1 1 1 1 1 1 1 1 1 1 1 1 1 1 1 1 1 1 1 1 1 1 1 1 1 1 1 1 1 1 1 1 1 1 1 1 1 1 1 1 1 1 1 1 1 1 1 1 1 1 1 1 1 1 1 1 1 1 1 1 1 1 1 1 1 1 1 1 1 1 1 1 1 1 1 0 0 0 0 0 0 0 0 0 0 1 0 0 0 0 0 0 0 0 0 0 0 0 0 0 0 0 0 0 0 0 0 0 0 0 0 0 0 0 0 0 0 0 0 0 0 0 0 0 0 0 1 1 1 1 1 1 1 1 1 1 1 1 1 1 1 1 1 1 1 1 1 1 1 1 1 1 1 1 1 1 1 1 1 1 1 1 1 1 1 1 1 1 1 1 1 1 1 1 1 1 1 1 1 1 1 1 1 1 1 1 1 1 1 1 1 1 1 1 1 1 1 1 1 1 1 1 1 1 1 1 1 1 1 1 1 1 1 1 1 1 1 1 1 1 1 1 1 1 1 1 1 1 1 1 1 1 1 1 1 1 1 1 1 1 1 1 1 1 1 1 1 1 1 1 1 1 1 1 1 1 1 1 1 1 1 1 1 1 1 1 1 1 1 1 1 1 1 1 1 1 1 1 1 1 1 1 1 1 1 1 0 0 0 0 0 1 1 1 1 1 1 1 1 1 1 1 1 1 1 1 1 1 1 1 1 1 1 1 1 1 1 1 1 
