# This file contains a 2D laser scan observation. 
# Its format is: 
# [aperture] [max_range] [number_of_scans] 
# [vector_of_scans] 
# [vector_of_valid_scans] 
# The aperture of the sensor is in radians, the maximum range 
# and measurements are in meters. '1' means a valid scan, '0' otherwise.
4.1847
5.6
682
1.309 1.308 1.309 1.303 1.303 0.658 0.655 0.651 0.651 0.548 0.547 0.54 0.54 0.54 0.54 0.539 0.539 0.538 0.534 0.533 0.533 0.532 0.532 0.529 0.527 0.527 0.527 0.527 0.527 0.527 0.527 0.527 0.526 0.526 0.526 0.527 0.526 0.526 0.526 0.526 0.525 0.522 0.52 0.52 0.525 0.526 0.526 0.529 0.526 0.518 0.518 0.516 0.516 0.522 0.522 0.522 0.525 0.525 0.525 0.525 0.525 0.525 0.525 0.522 0.521 0.518 0.521 0.521 0.518 0.518 0.522 0.525 0.525 0.525 0.525 0.525 0.525 0.525 0.525 0.529 0.529 0.582 0.656 0.663 0.665 0.665 0.665 0.666 0.667 0.667 0.679 0.679 0.684 0.68 0.68 0.682 0.685 0.687 0.687 0.688 0.688 0.688 0.69 0.69 0.697 0.7 0.701 0.701 0.701 0.705 0.705 0.706 0.706 0.711 0.711 0.711 0.711 0.713 0.717 0.717 0.717 0.72 0.722 0.722 0.726 0.722 0.726 0.731 0.731 0.731 0.732 0.735 0.735 0.741 0.742 0.742 0.744 0.748 0.751 0.748 0.751 0.751 0.751 0.754 0.76 0.763 0.765 0.769 0.774 0.775 0.776 0.778 0.778 0.796 0.796 0.799 0.796 0.796 0.801 0.805 0.811 0.823 0.827 0.828 0.834 0.839 0.84 0.855 0.858 0.858 0.858 0.865 0.871 0.877 0.877 0.883 0.887 0.895 0.902 0.902 0.904 0.915 0.923 0.925 0.93 0.937 0.945 0.947 0.957 0.96 0.96 0.962 0.965 0.98 0.982 0.984 1.006 1.03 1.037 1.048 1.049 1.05 1.051 1.051 1.056 1.061 1.065 1.079 1.083 1.092 1.103 1.11 1.116 1.134 1.14 1.153 1.165 1.183 1.194 1.206 1.218 1.235 1.256 1.26 1.274 1.275 1.297 1.313 1.328 1.348 1.368 1.383 1.407 1.428 1.444 1.467 1.498 1.542 1.558 1.576 1.589 1.633 1.673 1.705 1.732 1.77 1.777 1.789 1.833 1.833 1.833 1.833 1.828 1.824 1.823 1.823 1.823 1.821 1.82 1.817 1.807 1.806 1.803 1.797 1.793 1.79 1.788 1.785 1.782 1.778 1.778 1.776 1.775 1.762 1.755 1.752 1.75 1.749 1.747 1.744 1.74 1.737 1.737 1.739 1.739 1.744 1.744 1.744 1.737 1.737 1.736 1.736 1.737 1.735 1.733 1.733 1.732 1.731 1.731 1.732 1.738 1.738 1.739 1.74 1.739 1.737 1.737 1.735 1.734 1.734 1.734 1.735 1.735 1.735 1.735 1.734 1.732 1.732 1.732 1.732 1.733 1.734 1.736 1.736 1.741 1.741 1.741 1.741 1.734 1.734 1.734 1.734 1.737 1.738 1.742 1.742 1.748 1.75 1.751 1.752 1.755 1.757 1.766 1.766 1.774 1.774 1.774 1.774 1.779 1.78 1.787 1.793 1.794 1.794 1.8 1.801 1.808 1.814 1.815 1.819 1.832 1.833 1.837 1.847 1.847 1.848 1.849 1.853 1.857 1.86 1.867 1.873 1.875 1.875 1.877 1.878 1.887 1.892 1.905 1.905 1.905 1.892 1.891 1.856 1.856 1.856 1.857 1.864 1.873 1.875 1.881 1.886 1.891 1.898 1.901 1.909 1.925 1.927 1.932 1.942 1.949 1.953 1.963 1.966 1.98 1.989 1.994 2.008 2.011 2.022 2.037 2.039 2.052 2.055 2.071 2.075 2.085 2.103 2.104 2.124 2.15 2.24 2.24 2.24 2.229 2.215 2.199 2.178 2.169 2.15 2.142 2.142 2.12 2.112 2.082 2.067 2.062 2.044 2.04 2.026 2.006 2.005 1.996 1.996 1.982 1.978 1.956 1.946 1.928 1.921 1.911 1.909 1.895 1.883 1.873 1.858 1.826 1.824 1.813 1.805 1.798 1.796 1.771 1.762 1.761 1.758 1.744 1.739 1.728 1.722 1.718 1.71 1.703 1.698 1.694 1.686 1.686 1.678 1.672 1.66 1.653 1.653 1.648 1.638 1.629 1.626 1.626 1.615 1.613 1.606 1.605 1.601 1.596 1.59 1.585 1.583 1.577 1.576 1.57 1.561 1.56 1.558 1.552 1.552 1.548 1.538 1.536 1.531 1.529 1.525 1.519 1.514 1.513 1.51 1.51 1.51 1.505 1.503 1.492 1.492 1.491 1.49 1.49 1.49 1.485 1.482 1.482 1.481 1.478 1.477 1.47 1.47 1.466 1.466 1.464 1.461 1.461 1.46 1.46 1.46 1.455 1.455 1.454 1.447 1.447 1.447 1.446 0.937 0.935 0.932 0.923 0.923 0.923 0.934 0.934 0.934 0.942 0.942 0.942 0.942 0.942 0.948 0.949 0.949 0.948 0.94 0.939 0.937 0.939 0.938 0.938 0.938 0.94 0.94 0.942 0.946 0.947 0.947 0.947 0.946 0.944 0.942 0.942 0.942 0.942 0.94 0.934 0.934 0.927 0.927 0.927 0.935 0.964 1.063 1.741 1.749 1.75 1.754 1.754 1.75 1.664 1.664 1.664 1.765 1.768 1.777 1.779 1.78 1.783 1.789 1.793 1.794 1.795 1.796 3.316 3.324 3.329 3.329 3.329 3.333 3.351 3.351 3.361 3.369 3.38 3.387 3.387 3.399 3.401 3.423 3.428 3.438 3.446 3.463 3.464 3.466 3.468 3.472 3.509 4.554 4.569 4.58 4.58 4.58 4.6 4.621 4.627 4.634 4.665 0 0 0 0 0 0 0 0 0 0 0 0 0 0 0 3.85 3.85 0.007 3.85 0.487 0.486 0.48 0.48 0.48 0.478 0.478 0.479 0.479 0.479 0.479 0.478 0.477 0.477 
1 1 1 1 1 1 1 1 1 1 1 1 1 1 1 1 1 1 1 1 1 1 1 1 1 1 1 1 1 1 1 1 1 1 1 1 1 1 1 1 1 1 1 1 1 1 1 1 1 1 1 1 1 1 1 1 1 1 1 1 1 1 1 1 1 1 1 1 1 1 1 1 1 1 1 1 1 1 1 1 1 1 1 1 1 1 1 1 1 1 1 1 1 1 1 1 1 1 1 1 1 1 1 1 1 1 1 1 1 1 1 1 1 1 1 1 1 1 1 1 1 1 1 1 1 1 1 1 1 1 1 1 1 1 1 1 1 1 1 1 1 1 1 1 1 1 1 1 1 1 1 1 1 1 1 1 1 1 1 1 1 1 1 1 1 1 1 1 1 1 1 1 1 1 1 1 1 1 1 1 1 1 1 1 1 1 1 1 1 1 1 1 1 1 1 1 1 1 1 1 1 1 1 1 1 1 1 1 1 1 1 1 1 1 1 1 1 1 1 1 1 1 1 1 1 1 1 1 1 1 1 1 1 1 1 1 1 1 1 1 1 1 1 1 1 1 1 1 1 1 1 1 1 1 1 1 1 1 1 1 1 1 1 1 1 1 1 1 1 1 1 1 1 1 1 1 1 1 1 1 1 1 1 1 1 1 1 1 1 1 1 1 1 1 1 1 1 1 1 1 1 1 1 1 1 1 1 1 1 1 1 1 1 1 1 1 1 1 1 1 1 1 1 1 1 1 1 1 1 1 1 1 1 1 1 1 1 1 1 1 1 1 1 1 1 1 1 1 1 1 1 1 1 1 1 1 1 1 1 1 1 1 1 1 1 1 1 1 1 1 1 1 1 1 1 1 1 1 1 1 1 1 1 1 1 1 1 1 1 1 1 1 1 1 1 1 1 1 1 1 1 1 1 1 1 1 1 1 1 1 1 1 1 1 1 1 1 1 1 1 1 1 1 1 1 1 1 1 1 1 1 1 1 1 1 1 1 1 1 1 1 1 1 1 1 1 1 1 1 1 1 1 1 1 1 1 1 1 1 1 1 1 1 1 1 1 1 1 1 1 1 1 1 1 1 1 1 1 1 1 1 1 1 1 1 1 1 1 1 1 1 1 1 1 1 1 1 1 1 1 1 1 1 1 1 1 1 1 1 1 1 1 1 1 1 1 1 1 1 1 1 1 1 1 1 1 1 1 1 1 1 1 1 1 1 1 1 1 1 1 1 1 1 1 1 1 1 1 1 1 1 1 1 1 1 1 1 1 1 1 1 1 1 1 1 1 1 1 1 1 1 1 1 1 1 1 1 1 1 1 1 1 1 1 1 1 1 1 1 1 1 1 1 1 1 1 1 1 1 1 1 1 1 1 1 1 1 1 1 1 1 1 1 1 1 1 1 1 1 1 1 1 1 1 1 1 1 1 1 1 1 1 1 1 1 1 1 1 1 1 1 1 1 1 1 1 1 1 1 0 0 0 0 0 0 0 0 0 0 0 0 0 0 0 1 1 0 1 1 1 1 1 1 1 1 1 1 1 1 1 1 1 
