# This file contains a 2D laser scan observation. 
# Its format is: 
# [aperture] [max_range] [number_of_scans] 
# [vector_of_scans] 
# [vector_of_valid_scans] 
# The aperture of the sensor is in radians, the maximum range 
# and measurements are in meters. '1' means a valid scan, '0' otherwise.
4.1847
5.6
682
0 0 0 0 0 0 0 0 0 0 0 0 0 0 0 0 0 0 0 0 0 0 1.013 1.012 1.006 1.006 0.995 0.987 0.972 0.959 0.934 0.934 0.925 0.923 0.911 0.904 0.896 0.888 0.875 0.874 0.865 0.863 0.86 0.836 0.833 0.827 0.825 0.825 0.811 0.81 0.809 0.803 0.794 0.784 0.78 0.772 0.77 0.77 0.766 0.761 0.761 0.75 0.744 0.737 0.737 0.73 0.73 0.718 0.711 0.7 0.7 0.696 0.696 0.693 0.677 0.677 0.677 0.677 0.677 0.661 0.661 0.655 0.655 0.648 0.639 0.636 0.635 0.632 0.628 0.628 0.627 0.628 0.627 0.625 0.624 0.625 0.619 0.615 0.615 0.612 0.612 0.613 0.613 0.612 0.609 0.604 0.604 0.604 0.604 0.602 0.598 0.597 0.592 0.59 0.588 0.582 0.582 0.582 0.574 0.572 0.572 0.572 0.572 0.569 0.569 0.569 0.575 0.577 0.579 0.579 0.577 0.577 0.574 0.571 0.568 0.548 0.547 0.546 0.547 0.548 0.549 0.552 0.552 0.552 0.55 0.55 0.549 0.549 0.549 0.549 0.549 0.542 0.542 0.542 0.542 0.542 0.55 0.556 0.57 0.581 0.584 0.627 0.631 0.72 0.734 0.773 0.773 0 0 0 0 0 0 0 0 0 0 0 1.522 1.522 1.522 1.522 1.518 1.518 1.518 1.517 1.513 1.514 1.513 1.51 1.509 1.509 1.506 1.508 1.509 1.515 1.516 1.516 1.516 1.516 1.452 0.991 0.987 0.986 0.986 0.987 1.004 1.106 1.515 1.518 1.519 1.522 1.526 1.526 1.526 1.527 1.527 1.527 1.527 1.527 1.529 1.533 1.533 1.539 1.542 1.542 1.543 1.544 1.544 1.547 1.552 1.552 1.552 1.556 1.558 1.563 1.565 1.567 1.567 1.567 1.567 1.408 1.408 1.408 1.416 1.416 1.458 1.596 1.6 1.602 1.603 1.608 1.609 1.616 1.618 1.618 1.616 1.081 1.067 1.066 1.066 1.066 1.071 1.654 1.669 1.718 1.718 1.765 1.771 1.771 1.774 1.786 1.794 1.814 1.817 1.819 1.84 1.847 1.847 1.84 1.84 1.85 1.852 1.872 1.874 1.884 1.912 1.912 1.912 1.918 1.926 1.926 1.941 1.968 1.973 1.987 1.988 1.988 1.992 1.998 1.998 2.041 2.041 2.054 2.068 2.077 2.077 0 0 0 2.119 2.119 2.119 2.143 2.196 2.196 2.216 2.216 2.233 2.247 2.262 2.278 2.278 2.284 2.324 2.324 2.339 2.391 2.4 2.404 2.404 2.426 2.435 0.007 0 2.498 2.518 2.518 2.513 2.514 2.514 2.513 2.508 2.507 2.506 2.506 2.506 2.533 2.549 2.576 2.576 2.576 2.595 2.685 2.685 2.699 2.743 2.752 2.79 2.79 2.79 2.425 2.425 2.425 2.781 2.859 2.859 2.839 2.834 2.839 2.834 2.83 0.519 0.513 0.51 0.51 0.504 0.504 0.504 0.504 0.504 0.508 0.516 0.516 0.508 0.505 0.505 0.505 0.513 0.513 0.514 0.514 0.521 0.535 2.626 2.626 2.626 2.621 2.613 2.604 2.594 2.592 2.592 2.592 2.624 2.671 2.719 2.851 3.368 3.439 0.007 0 0.007 0 0 0 0 0 0 0 1.086 1.08 1.075 1.08 1.074 1.074 1.078 1.08 1.085 1.086 1.086 4.291 4.297 4.297 4.297 4.303 4.304 4.304 4.288 4.303 4.289 4.289 4.29 4.293 4.29 4.29 1.198 1.198 1.198 1.198 1.205 1.205 1.205 0.857 0.854 0.848 0.848 0.851 0.851 0.851 0.853 0.864 0.917 4.29 4.291 4.291 4.302 4.302 4.302 4.295 4.295 4.295 4.298 4.294 4.298 4.298 4.258 4.251 4.247 4.247 4.251 4.251 4.251 4.258 4.258 4.274 4.279 4.279 4.274 1.315 1.307 1.305 1.305 1.305 1.307 1.31 0 0 0 0 2.562 2.562 2.562 2.598 0 0 0 0 0 0 0 0 0 0 0.986 0.983 0.98 0.98 0.983 0.984 0.995 2.685 2.699 2.706 2.706 2.714 2.717 2.733 2.733 2.749 2.753 2.755 2.771 2.786 2.794 2.794 2.794 2.799 2.803 2.803 2.803 2.803 1.232 1.222 1.222 1.215 1.213 1.212 1.083 1.083 1.078 1.077 1.077 1.09 1.101 2.517 2.539 2.543 2.543 2.562 2.564 2.575 2.588 2.604 2.614 2.628 2.636 2.649 2.66 2.676 2.683 2.688 2.703 2.727 2.741 2.757 0 0 0 0 0 0.007 0 4.072 4.008 3.964 0.819 0.818 0.818 0.808 0.801 0.801 0.81 0.81 0.811 0.818 3.735 3.735 3.735 3.706 3.706 0.766 0.763 0.76 0.752 0.75 0.745 0.744 0.744 0.744 0.744 0.744 0.744 0.744 0.75 0.763 0.772 1.731 1.731 1.731 1.731 1.718 1.717 1.1 1.094 1.093 1.093 1.093 1.093 1.093 1.207 1.405 1.431 1.432 1.451 1.455 1.491 1.512 1.537 1.606 1.606 1.606 1.603 1.602 1.383 1.37 1.37 1.37 1.404 1.431 1.431 1.433 0.007 0 0.754 0.716 0.709 0.706 0.701 0.697 0.684 0.684 0.681 0.679 0.674 0.666 0.666 0.649 0.645 0.642 0.642 0.641 0.633 0.633 0.62 0.618 0.612 0.612 0.612 0.603 0.601 0.593 
0 0 0 0 0 0 0 0 0 0 0 0 0 0 0 0 0 0 0 0 0 0 1 1 1 1 1 1 1 1 1 1 1 1 1 1 1 1 1 1 1 1 1 1 1 1 1 1 1 1 1 1 1 1 1 1 1 1 1 1 1 1 1 1 1 1 1 1 1 1 1 1 1 1 1 1 1 1 1 1 1 1 1 1 1 1 1 1 1 1 1 1 1 1 1 1 1 1 1 1 1 1 1 1 1 1 1 1 1 1 1 1 1 1 1 1 1 1 1 1 1 1 1 1 1 1 1 1 1 1 1 1 1 1 1 1 1 1 1 1 1 1 1 1 1 1 1 1 1 1 1 1 1 1 1 1 1 1 1 1 1 1 1 1 1 1 1 0 0 0 0 0 0 0 0 0 0 0 1 1 1 1 1 1 1 1 1 1 1 1 1 1 1 1 1 1 1 1 1 1 1 1 1 1 1 1 1 1 1 1 1 1 1 1 1 1 1 1 1 1 1 1 1 1 1 1 1 1 1 1 1 1 1 1 1 1 1 1 1 1 1 1 1 1 1 1 1 1 1 1 1 1 1 1 1 1 1 1 1 1 1 1 1 1 1 1 1 1 1 1 1 1 1 1 1 1 1 1 1 1 1 1 1 1 1 1 1 1 1 1 1 1 1 1 1 1 1 1 1 1 1 1 1 1 1 1 1 0 0 0 1 1 1 1 1 1 1 1 1 1 1 1 1 1 1 1 1 1 1 1 1 1 1 0 0 1 1 1 1 1 1 1 1 1 1 1 1 1 1 1 1 1 1 1 1 1 1 1 1 1 1 1 1 1 1 1 1 1 1 1 1 1 1 1 1 1 1 1 1 1 1 1 1 1 1 1 1 1 1 1 1 1 1 1 1 1 1 1 1 1 1 1 1 1 1 1 1 1 1 1 0 0 0 0 0 0 0 0 0 0 1 1 1 1 1 1 1 1 1 1 1 1 1 1 1 1 1 1 1 1 1 1 1 1 1 1 1 1 1 1 1 1 1 1 1 1 1 1 1 1 1 1 1 1 1 1 1 1 1 1 1 1 1 1 1 1 1 1 1 1 1 1 1 1 1 1 1 1 1 1 1 1 1 1 1 1 0 0 0 0 1 1 1 1 0 0 0 0 0 0 0 0 0 0 1 1 1 1 1 1 1 1 1 1 1 1 1 1 1 1 1 1 1 1 1 1 1 1 1 1 1 1 1 1 1 1 1 1 1 1 1 1 1 1 1 1 1 1 1 1 1 1 1 1 1 1 1 1 1 1 1 1 1 1 1 1 0 0 0 0 0 0 0 1 1 1 1 1 1 1 1 1 1 1 1 1 1 1 1 1 1 1 1 1 1 1 1 1 1 1 1 1 1 1 1 1 1 1 1 1 1 1 1 1 1 1 1 1 1 1 1 1 1 1 1 1 1 1 1 1 1 1 1 1 1 1 1 1 1 1 1 1 0 0 1 1 1 1 1 1 1 1 1 1 1 1 1 1 1 1 1 1 1 1 1 1 1 1 1 1 1 1 
