# This file contains a 2D laser scan observation. 
# Its format is: 
# [aperture] [max_range] [number_of_scans] 
# [vector_of_scans] 
# [vector_of_valid_scans] 
# The aperture of the sensor is in radians, the maximum range 
# and measurements are in meters. '1' means a valid scan, '0' otherwise.
4.1847
5.6
682
1.957 1.957 1.958 1.959 2.926 2.926 2.928 2.928 2.928 2.929 2.938 2.938 2.938 2.938 2.934 2.934 2.94 2.979 0 0.007 0 2.979 0 0 0 0 0 0 0 0.007 0 0 0 0 0 0 0 0 0.961 0.913 0.889 0.881 0.876 0.839 0.806 0.797 0.777 0.747 0.727 0.717 0.696 0.673 0.67 0.652 0.631 0.625 0.61 0.585 0.585 0.566 0.566 0.557 0.541 0.533 0.519 0.51 0.494 0.49 0.489 0.473 0.47 0.465 0.452 0.451 0.449 0.429 0.429 0.426 0.425 0.425 0.423 0.411 0.41 0.402 0.4 0.4 0.396 0.396 0.391 0.389 0.384 0.384 0.384 0.378 0.376 0.334 0.327 0.321 0.314 0.308 0.308 0.308 0.296 0.293 0.293 0.293 0.291 0.284 0.284 0.284 0.295 0.295 0.295 0.292 0.29 0.276 0.276 0.276 0.286 0.289 0.289 0.289 0.289 0.283 0.274 0.283 0.283 0.287 0.288 0.291 0.294 0.294 0.295 0.297 0.301 0.301 0.304 0.304 0.303 0.303 0.303 0.303 0.303 0.301 0.308 0.312 0.328 0.312 0.312 0.312 0.312 0.312 0.323 0.007 0 0.325 0.334 0.334 0.334 0.335 0.337 0.343 0.337 0.337 0.337 0.337 0.337 0.337 0.351 0.355 0.356 0.356 0.356 0.355 0.356 0.377 0.377 0.377 0.377 0.377 0.377 0.376 0.391 0.395 0.395 0.395 0.395 0.395 0.41 0.399 0.41 0.416 0.42 0.44 0.446 0.45 0.45 0.453 0.455 0.472 0.473 0.479 0.499 0.504 0.514 0.514 0.518 0.524 0.526 0.547 0.557 0.566 0.596 0 0.007 0 0 0 0.007 0 0.897 0.9 0.9 0.9 1.016 0.007 1.186 1.185 1.185 1.185 1.185 1.18 1.179 1.178 1.176 1.17 1.17 1.168 1.171 1.168 1.171 1.165 1.163 1.163 1.168 1.163 1.158 1.101 0.651 0.648 0.646 0.644 0.644 0.645 0.645 0.645 0.645 0.645 0.645 0.696 1.007 1.009 1.153 1.157 1.157 1.157 1.152 1.152 1.152 1.152 1.152 1.157 1.15 1.161 1.164 1.164 1.161 1.164 1.164 1.165 1.165 1.166 1.165 1.172 1.17 1.171 1.171 1.171 1.171 1.171 1.17 1.17 1.164 1.164 1.172 1.173 1.178 1.18 1.182 1.191 1.191 1.191 1.191 1.189 1.189 1.191 1.195 1.196 1.197 1.197 1.197 1.051 1.031 1.031 1.031 1.036 1.039 1.043 1.131 1.221 1.229 1.229 1.232 1.233 1.233 1.233 1.237 1.24 1.241 1.241 1.244 1.247 1.247 1.247 0.718 0.717 0.717 0.717 0.717 0.717 0.717 0.715 0.715 0.72 1.38 1.401 1.41 1.41 1.414 1.425 1.435 1.435 1.441 1.443 1.483 1.485 1.485 1.485 1.483 1.485 1.491 1.501 1.501 1.511 1.526 1.534 1.549 1.558 1.558 1.558 1.56 1.56 1.56 1.613 1.613 1.617 1.617 1.636 1.637 1.643 1.647 1.655 1.664 1.686 1.698 1.698 1.698 1.698 1.698 1.73 1.732 1.735 1.739 1.748 1.777 1.781 1.804 1.833 1.851 1.872 1.872 1.885 1.9 1.909 1.91 1.928 1.939 1.949 1.987 2.029 0 0.007 0 0 0 0 0 0 2.198 2.196 2.198 2.222 2.214 2.222 2.225 2.229 2.229 2.229 2.226 2.23 2.23 0 0 0 2.345 2.345 2.321 2.345 2.45 2.468 2.468 2.494 2.534 2.563 2.581 2.587 2.587 2.581 2.144 2.144 2.144 2.588 2.588 2.588 2.578 2.578 2.569 2.496 2.496 2.496 2.535 2.535 2.535 2.521 2.518 2.518 2.515 2.515 2.498 2.497 2.492 2.491 2.491 2.481 2.48 2.036 2.036 2.036 2.46 0.007 2.46 2.399 2.399 2.399 2.43 2.43 2.43 2.43 2.419 2.416 2.416 2.416 2.416 2.462 2.538 3.541 0.007 4.179 4.179 4.203 4.203 4.206 4.206 4.206 4.206 4.202 4.202 4.197 4.197 4.189 4.184 4.182 4.175 4.168 4.168 4.175 4.177 4.177 4.184 4.185 4.184 4.184 4.184 4.182 4.182 4.182 4.182 4.183 4.185 4.186 4.187 4.187 4.195 4.187 4.187 4.184 4.193 4.189 4.189 4.184 4.178 1.015 0.99 0.99 0.982 0.966 0.324 0.316 0.316 0.316 0.339 0.44 0.922 0.971 4.195 4.199 4.199 4.234 0.007 4.172 0.408 0.389 0.388 0.387 0.386 0.381 0.381 0.381 0.381 0.381 0.383 0.385 0.383 0.38 0.383 0.385 0.385 0.385 0.385 0.384 0.372 0.372 0.377 0.378 0.378 0.379 0.381 0.384 0.389 0.403 0.428 0.82 0.827 0.83 0.832 0.832 0.832 0.835 0.837 0.84 1.331 1.331 1.331 1.329 1.329 1.329 1.338 1.359 2.73 2.748 2.761 2.787 2.792 2.799 2.799 2.805 2.829 2.838 2.846 2.855 2.872 2.891 2.894 2.914 2.914 2.921 2.931 2.931 2.903 2.903 2.883 2.83 2.824 2.824 2.82 2.82 1.086 1.077 1.077 1.077 1.082 1.093 2.646 2.663 2.682 2.682 2.696 2.696 2.696 1.365 1.363 1.363 1.363 1.363 1.363 1.363 1.363 1.366 2.917 0.007 2.917 1.258 1.251 1.251 1.256 1.256 3.924 3.974 4.144 0 0 0 3.989 3.966 3.955 3.955 3.931 3.93 3.905 3.896 3.878 3.877 
1 1 1 1 1 1 1 1 1 1 1 1 1 1 1 1 1 1 0 0 0 1 0 0 0 0 0 0 0 0 0 0 0 0 0 0 0 0 1 1 1 1 1 1 1 1 1 1 1 1 1 1 1 1 1 1 1 1 1 1 1 1 1 1 1 1 1 1 1 1 1 1 1 1 1 1 1 1 1 1 1 1 1 1 1 1 1 1 1 1 1 1 1 1 1 1 1 1 1 1 1 1 1 1 1 1 1 1 1 1 1 1 1 1 1 1 1 1 1 1 1 1 1 1 1 1 1 1 1 1 1 1 1 1 1 1 1 1 1 1 1 1 1 1 1 1 1 1 1 1 1 1 1 0 0 1 1 1 1 1 1 1 1 1 1 1 1 1 1 1 1 1 1 1 1 1 1 1 1 1 1 1 1 1 1 1 1 1 1 1 1 1 1 1 1 1 1 1 1 1 1 1 1 1 1 1 1 1 1 1 1 1 1 0 0 0 0 0 0 0 1 1 1 1 1 0 1 1 1 1 1 1 1 1 1 1 1 1 1 1 1 1 1 1 1 1 1 1 1 1 1 1 1 1 1 1 1 1 1 1 1 1 1 1 1 1 1 1 1 1 1 1 1 1 1 1 1 1 1 1 1 1 1 1 1 1 1 1 1 1 1 1 1 1 1 1 1 1 1 1 1 1 1 1 1 1 1 1 1 1 1 1 1 1 1 1 1 1 1 1 1 1 1 1 1 1 1 1 1 1 1 1 1 1 1 1 1 1 1 1 1 1 1 1 1 1 1 1 1 1 1 1 1 1 1 1 1 1 1 1 1 1 1 1 1 1 1 1 1 1 1 1 1 1 1 1 1 1 1 1 1 1 1 1 1 1 1 1 1 1 1 1 1 1 1 1 1 1 1 1 1 1 1 1 1 1 1 1 1 1 0 0 0 0 0 0 0 0 1 1 1 1 1 1 1 1 1 1 1 1 1 0 0 0 1 1 1 1 1 1 1 1 1 1 1 1 1 1 1 1 1 1 1 1 1 1 1 1 1 1 1 1 1 1 1 1 1 1 1 1 1 1 1 1 1 1 1 1 1 0 1 1 1 1 1 1 1 1 1 1 1 1 1 1 1 1 0 1 1 1 1 1 1 1 1 1 1 1 1 1 1 1 1 1 1 1 1 1 1 1 1 1 1 1 1 1 1 1 1 1 1 1 1 1 1 1 1 1 1 1 1 1 1 1 1 1 1 1 1 1 1 1 1 1 1 1 1 1 0 1 1 1 1 1 1 1 1 1 1 1 1 1 1 1 1 1 1 1 1 1 1 1 1 1 1 1 1 1 1 1 1 1 1 1 1 1 1 1 1 1 1 1 1 1 1 1 1 1 1 1 1 1 1 1 1 1 1 1 1 1 1 1 1 1 1 1 1 1 1 1 1 1 1 1 1 1 1 1 1 1 1 1 1 1 1 1 1 1 1 1 1 1 1 1 1 1 1 1 1 0 1 1 1 1 1 1 1 1 1 0 0 0 1 1 1 1 1 1 1 1 1 1 
