# This file contains a 2D laser scan observation. 
# Its format is: 
# [aperture] [max_range] [number_of_scans] 
# [vector_of_scans] 
# [vector_of_valid_scans] 
# The aperture of the sensor is in radians, the maximum range 
# and measurements are in meters. '1' means a valid scan, '0' otherwise.
4.1847
5.6
682
1.307 1.305 1.317 1.305 1.3 0.659 0.658 0.651 0.646 0.56 0.547 0.538 0.538 0.538 0.538 0.541 0.541 0.538 0.537 0.536 0.536 0.533 0.533 0.533 0.533 0.53 0.53 0.53 0.53 0.524 0.525 0.525 0.525 0.525 0.525 0.521 0.521 0.521 0.522 0.53 0.53 0.525 0.522 0.525 0.525 0.525 0.522 0.522 0.522 0.522 0.522 0.521 0.525 0.522 0.522 0.519 0.522 0.52 0.52 0.52 0.522 0.522 0.522 0.522 0.522 0.522 0.522 0.525 0.525 0.525 0.524 0.524 0.524 0.525 0.527 0.527 0.53 0.527 0.527 0.527 0.53 0.588 0.654 0.663 0.663 0.667 0.669 0.669 0.669 0.67 0.678 0.679 0.679 0.679 0.679 0.683 0.684 0.685 0.685 0.687 0.685 0.687 0.693 0.693 0.691 0.693 0.694 0.701 0.701 0.701 0.701 0.704 0.705 0.706 0.707 0.708 0.712 0.715 0.715 0.715 0.72 0.72 0.722 0.725 0.722 0.722 0.725 0.727 0.725 0.728 0.735 0.735 0.736 0.738 0.745 0.747 0.747 0.747 0.747 0.747 0.75 0.751 0.752 0.755 0.758 0.756 0.764 0.767 0.77 0.775 0.778 0.78 0.781 0.791 0.792 0.794 0.794 0.8 0.806 0.812 0.814 0.822 0.827 0.835 0.837 0.838 0.844 0.845 0.849 0.849 0.86 0.861 0.861 0.879 0.881 0.883 0.886 0.888 0.891 0.897 0.91 0.92 0.923 0.925 0.926 0.936 0.946 0.947 0.952 0.954 0.955 0.958 0.967 0.973 0.988 0.992 1.003 1.038 1.039 1.039 1.039 1.042 1.049 1.049 1.054 1.06 1.062 1.063 1.078 1.09 1.102 1.116 1.119 1.135 1.139 1.16 1.167 1.18 1.191 1.2 1.228 1.239 1.257 1.267 1.268 1.285 1.301 1.311 1.334 1.36 1.365 1.379 1.408 1.428 1.443 1.47 1.499 1.565 1.572 1.588 1.588 1.637 1.681 1.699 1.727 1.773 1.781 1.79 1.836 1.836 1.836 1.829 1.828 1.828 1.825 1.825 1.822 1.817 1.816 1.811 1.805 1.805 1.801 1.793 1.791 1.79 1.784 1.784 1.783 1.783 1.777 1.777 1.77 1.765 1.752 1.752 1.752 1.751 1.75 1.741 1.74 1.739 1.738 1.738 1.738 1.737 1.742 1.742 1.733 1.733 1.733 1.733 1.733 1.737 1.731 1.737 1.731 1.728 1.728 1.734 1.729 1.734 1.736 1.736 1.735 1.735 1.735 1.735 1.737 1.737 1.738 1.738 1.739 1.739 1.739 1.741 1.741 1.739 1.737 1.736 1.736 1.736 1.736 1.736 1.738 1.742 1.742 1.742 1.738 1.738 1.734 1.734 1.738 1.739 1.745 1.745 1.747 1.747 1.75 1.75 1.751 1.761 1.765 1.774 1.775 1.775 1.775 1.776 1.781 1.782 1.787 1.791 1.793 1.797 1.799 1.806 1.811 1.811 1.814 1.817 1.827 1.827 1.827 1.831 1.841 1.845 1.848 1.851 1.859 1.861 1.869 1.877 1.879 1.879 1.882 1.885 1.889 1.892 1.893 1.895 1.893 1.893 1.88 1.857 1.857 1.857 1.861 1.864 1.872 1.875 1.883 1.884 1.891 1.901 1.905 1.915 1.921 1.933 1.934 1.938 1.948 1.955 1.96 1.978 1.982 1.991 2.002 2.008 2.015 2.018 2.032 2.035 2.051 2.059 2.068 2.083 2.086 2.101 2.107 2.121 2.149 2.247 2.247 2.247 2.229 2.216 2.189 2.17 2.168 2.15 2.126 2.117 2.114 2.094 2.09 2.08 2.059 2.044 2.043 2.028 2.016 2.014 1.989 1.989 1.984 1.974 1.945 1.932 1.922 1.917 1.905 1.898 1.894 1.882 1.876 1.846 1.832 1.822 1.808 1.8 1.794 1.787 1.772 1.765 1.763 1.759 1.741 1.74 1.732 1.726 1.716 1.712 1.707 1.702 1.691 1.684 1.681 1.676 1.673 1.665 1.656 1.643 1.64 1.635 1.631 1.629 1.626 1.617 1.614 1.608 1.606 1.598 1.593 1.591 1.588 1.575 1.574 1.574 1.572 1.56 1.559 1.554 1.549 1.549 1.547 1.542 1.533 1.533 1.526 1.526 1.526 1.522 1.519 1.519 1.514 1.511 1.507 1.499 1.496 1.495 1.495 1.489 1.484 1.484 1.484 1.483 1.477 1.477 1.472 1.472 1.472 1.472 1.467 1.465 1.464 1.462 1.46 1.458 1.457 1.455 1.455 1.454 1.454 1.451 1.451 1.45 1.444 0.951 0.939 0.937 0.936 0.933 0.936 0.936 0.936 0.941 0.945 0.95 0.95 0.945 0.945 0.949 0.949 0.949 0.949 0.941 0.938 0.938 0.936 0.938 0.939 0.94 0.939 0.94 0.941 0.942 0.951 0.951 0.951 0.951 0.948 0.945 0.945 0.941 0.94 0.935 0.927 0.927 0.925 0.925 0.934 0.936 0.953 1.073 1.743 1.743 1.749 1.752 1.752 1.752 1.659 1.659 1.659 1.769 1.77 1.777 1.78 1.783 1.786 1.788 1.789 1.795 1.799 1.805 1.807 3.314 3.322 3.329 3.329 3.334 3.339 3.356 3.365 3.366 3.373 3.389 3.394 3.395 3.411 3.423 3.433 3.446 3.451 3.463 3.467 3.469 3.476 3.496 3.502 4.547 4.563 4.582 4.582 4.582 4.593 4.61 4.629 4.639 4.658 0 0 0 0 0 0 0 0 0 0 0 0 0 0 3.836 3.836 3.836 3.836 3.836 0.491 0.489 0.488 0.486 0.478 0.479 0.479 0.478 0.476 0.476 0.475 0.475 0.475 0.475 
1 1 1 1 1 1 1 1 1 1 1 1 1 1 1 1 1 1 1 1 1 1 1 1 1 1 1 1 1 1 1 1 1 1 1 1 1 1 1 1 1 1 1 1 1 1 1 1 1 1 1 1 1 1 1 1 1 1 1 1 1 1 1 1 1 1 1 1 1 1 1 1 1 1 1 1 1 1 1 1 1 1 1 1 1 1 1 1 1 1 1 1 1 1 1 1 1 1 1 1 1 1 1 1 1 1 1 1 1 1 1 1 1 1 1 1 1 1 1 1 1 1 1 1 1 1 1 1 1 1 1 1 1 1 1 1 1 1 1 1 1 1 1 1 1 1 1 1 1 1 1 1 1 1 1 1 1 1 1 1 1 1 1 1 1 1 1 1 1 1 1 1 1 1 1 1 1 1 1 1 1 1 1 1 1 1 1 1 1 1 1 1 1 1 1 1 1 1 1 1 1 1 1 1 1 1 1 1 1 1 1 1 1 1 1 1 1 1 1 1 1 1 1 1 1 1 1 1 1 1 1 1 1 1 1 1 1 1 1 1 1 1 1 1 1 1 1 1 1 1 1 1 1 1 1 1 1 1 1 1 1 1 1 1 1 1 1 1 1 1 1 1 1 1 1 1 1 1 1 1 1 1 1 1 1 1 1 1 1 1 1 1 1 1 1 1 1 1 1 1 1 1 1 1 1 1 1 1 1 1 1 1 1 1 1 1 1 1 1 1 1 1 1 1 1 1 1 1 1 1 1 1 1 1 1 1 1 1 1 1 1 1 1 1 1 1 1 1 1 1 1 1 1 1 1 1 1 1 1 1 1 1 1 1 1 1 1 1 1 1 1 1 1 1 1 1 1 1 1 1 1 1 1 1 1 1 1 1 1 1 1 1 1 1 1 1 1 1 1 1 1 1 1 1 1 1 1 1 1 1 1 1 1 1 1 1 1 1 1 1 1 1 1 1 1 1 1 1 1 1 1 1 1 1 1 1 1 1 1 1 1 1 1 1 1 1 1 1 1 1 1 1 1 1 1 1 1 1 1 1 1 1 1 1 1 1 1 1 1 1 1 1 1 1 1 1 1 1 1 1 1 1 1 1 1 1 1 1 1 1 1 1 1 1 1 1 1 1 1 1 1 1 1 1 1 1 1 1 1 1 1 1 1 1 1 1 1 1 1 1 1 1 1 1 1 1 1 1 1 1 1 1 1 1 1 1 1 1 1 1 1 1 1 1 1 1 1 1 1 1 1 1 1 1 1 1 1 1 1 1 1 1 1 1 1 1 1 1 1 1 1 1 1 1 1 1 1 1 1 1 1 1 1 1 1 1 1 1 1 1 1 1 1 1 1 1 1 1 1 1 1 1 1 1 1 1 1 1 1 1 1 1 1 1 1 1 1 1 1 1 1 1 1 1 1 1 1 1 1 1 1 1 1 1 1 1 1 1 1 1 1 1 1 1 1 1 1 1 1 0 0 0 0 0 0 0 0 0 0 0 0 0 0 1 1 1 1 1 1 1 1 1 1 1 1 1 1 1 1 1 1 1 
