# This file contains a 2D laser scan observation. 
# Its format is: 
# [aperture] [max_range] [number_of_scans] 
# [vector_of_scans] 
# [vector_of_valid_scans] 
# The aperture of the sensor is in radians, the maximum range 
# and measurements are in meters. '1' means a valid scan, '0' otherwise.
4.1847
5.6
682
0.503 0.503 0.503 0.507 0.507 0.507 0.507 0.51 0.515 0.515 0.515 0.513 0.513 0.513 0.514 0.514 0.517 0.527 0.517 0.517 0.527 0.527 0.532 0.532 0.538 0.542 0.542 0.542 0.543 0.542 0.542 0.544 0.546 0.551 0.554 0.554 0.56 0.56 0.562 0.572 0.573 0.573 0.575 0.579 0.583 0.586 0.595 0.595 0.595 0.595 0.599 0.599 0.612 0.613 0.613 0.613 0.479 0.473 0.473 0.473 0.474 0.474 0.474 0.474 0.474 0.474 0.472 0.474 0.472 0.472 0.478 0.489 0.598 0.683 0.686 0.701 0.708 0.714 0.715 0.73 0.73 0.736 0.736 0.736 0.74 0.75 0.813 0.955 1.064 1.064 1.064 1.05 1.049 1.044 1.039 1.037 1.037 1.02 1.018 1.009 1.008 1.005 1.004 0.999 0.996 0.993 0.989 0.98 0.976 0.976 0.975 0.963 0.961 0.959 0.953 0.951 0.947 0.947 0.935 0.763 0.752 0.749 0.748 0.747 0.746 0.736 0.736 0.739 0.739 0.76 0.831 0.89 0.895 0.895 0.89 0.881 0.881 0.881 0.881 0.876 0.876 0.876 0.876 0.875 0.869 0.869 0.869 0.869 0.869 0.861 0.858 0.853 0.853 0.85 0.85 0.849 0.849 0.848 0.847 0.845 0.842 0.838 0.838 0.836 0.836 0.834 0.834 0.832 0.832 0.832 0.83 0.829 0.826 0.822 0.822 0.822 0.822 0.822 0.821 0.823 0.821 0.82 0.817 0.815 0.815 0.815 0.815 0.807 0.332 0.302 0.292 0.292 0.286 0.286 0.286 0.29 0.286 0.287 0.29 0.287 0.286 0.286 0.286 0.284 0.283 0.281 0.281 0.281 0.286 0.288 0.29 0.296 0.303 0.447 0.796 0.811 0.811 0.811 0.809 0.809 0.809 0.813 0.814 0.814 0.814 0.814 0.814 0.814 0.816 0.817 0.817 0.817 0.817 0.818 0.821 0.823 0.823 0.821 0.819 0.819 0.819 0.826 0.826 0.828 0.826 0.826 0.825 0.83 0.83 0.832 0.831 0.832 0.832 0.832 0.836 0.841 0.841 0.844 0.845 0.862 0.89 0.934 0.938 0.942 0.942 0.942 0.942 0.948 0.948 0.95 0.951 0.952 0.952 0.954 0.959 0.969 0.969 0.97 0.97 0.976 0.984 0.991 0.998 1.007 1.007 1.008 1.011 1.011 1.014 1.015 1.016 1.019 1.028 1.03 1.033 1.046 1.046 1.051 1.059 1.06 1.06 1.072 1.075 1.076 1.076 1.076 1.079 1.079 1.084 1.09 1.117 1.117 1.119 1.125 1.126 1.128 1.138 1.15 1.152 1.153 1.158 1.171 1.175 1.178 1.192 1.209 1.209 1.209 1.207 1.205 1.205 1.207 1.22 1.223 1.235 1.24 1.263 1.266 1.276 1.277 1.279 1.288 1.3 1.336 1.336 1.336 1.337 1.337 1.337 1.351 1.354 1.377 1.407 1.416 1.43 1.43 1.451 1.458 1.458 1.52 0.007 1.52 1.52 1.532 1.532 1.562 1.574 1.59 1.59 1.623 1.659 1.659 1.659 1.686 1.688 1.718 1.745 1.749 1.75 1.749 1.75 1.75 1.748 1.748 1.745 1.745 1.745 1.809 1.827 1.844 1.889 1.901 1.901 1.92 0.007 2.081 2.081 2.097 2.097 2.126 2.128 2.145 2.161 2.17 2.17 2.179 2.17 2.17 1.7 1.7 1.7 2.141 2.141 2.141 2.133 2.131 2.06 2.06 2.06 2.089 2.101 2.103 2.103 2.101 2.098 2.095 2.092 2.092 2.089 2.086 2.08 2.078 2.077 2.076 2.075 2.07 2.07 2.069 2.065 2.064 2.064 2.061 2.061 1.622 1.61 1.61 1.622 1.979 2.046 2.046 2.044 2.044 2.04 2.04 2.038 2.04 2.035 2.04 2.04 2.126 3.856 3.858 3.858 3.856 3.856 3.855 3.852 3.851 3.85 3.841 3.841 3.847 3.847 3.85 3.855 3.855 3.859 3.859 3.863 3.863 3.86 3.86 3.865 3.872 3.875 3.875 3.875 3.884 3.887 3.887 3.887 3.889 3.89 3.894 3.896 3.896 3.899 3.903 3.903 3.903 3.918 3.928 3.933 3.939 3.939 3.945 3.945 3.959 3.957 3.964 3.974 3.988 3.988 3.99 3.99 3.99 3.982 3.974 3.974 3.982 3.994 3.998 4.006 4.009 4.021 4.03 4.034 4.036 4.053 4.061 4.08 4.083 4.099 4.11 4.12 4.128 4.209 4.212 4.212 4.254 4.212 4.212 0.007 4.012 3.947 3.902 3.878 3.811 3.775 3.734 3.681 3.645 3.609 3.609 3.609 0 0 0 0 0 0 0 0 0 0 0 0.816 0.809 0.801 0.798 0.798 0.795 0.793 0.793 0.793 0.794 0.806 0.811 0.821 0.829 0.998 1.014 1.017 1.017 2.741 2.756 2.762 2.762 2.789 2.81 2.824 2.834 2.852 2.866 2.888 2.904 2.922 2.922 2.922 2.883 2.859 2.809 2.859 2.859 2.809 1.304 1.304 1.3 1.3 0.007 2.742 2.731 2.731 2.722 2.705 2.705 2.705 2.722 2.74 2.762 2.783 2.803 2.826 2.856 2.869 2.9 2.922 2.948 2.948 2.948 0.826 0.825 0.819 0.819 0.817 0.817 0.83 0.832 0.84 0.921 4 4 4 4 3.995 3.995 3.989 1.445 1.169 1.168 1.168 1.169 1.171 1.174 3.871 3.871 3.871 3.864 3.854 3.844 3.834 1.384 1.38 1.375 1.38 1.384 3.769 3.769 3.769 3.766 3.765 3.765 3.756 3.751 1.747 1.747 1.747 2.248 2.248 2.248 2.245 2.244 
1 1 1 1 1 1 1 1 1 1 1 1 1 1 1 1 1 1 1 1 1 1 1 1 1 1 1 1 1 1 1 1 1 1 1 1 1 1 1 1 1 1 1 1 1 1 1 1 1 1 1 1 1 1 1 1 1 1 1 1 1 1 1 1 1 1 1 1 1 1 1 1 1 1 1 1 1 1 1 1 1 1 1 1 1 1 1 1 1 1 1 1 1 1 1 1 1 1 1 1 1 1 1 1 1 1 1 1 1 1 1 1 1 1 1 1 1 1 1 1 1 1 1 1 1 1 1 1 1 1 1 1 1 1 1 1 1 1 1 1 1 1 1 1 1 1 1 1 1 1 1 1 1 1 1 1 1 1 1 1 1 1 1 1 1 1 1 1 1 1 1 1 1 1 1 1 1 1 1 1 1 1 1 1 1 1 1 1 1 1 1 1 1 1 1 1 1 1 1 1 1 1 1 1 1 1 1 1 1 1 1 1 1 1 1 1 1 1 1 1 1 1 1 1 1 1 1 1 1 1 1 1 1 1 1 1 1 1 1 1 1 1 1 1 1 1 1 1 1 1 1 1 1 1 1 1 1 1 1 1 1 1 1 1 1 1 1 1 1 1 1 1 1 1 1 1 1 1 1 1 1 1 1 1 1 1 1 1 1 1 1 1 1 1 1 1 1 1 1 1 1 1 1 1 1 1 1 1 1 1 1 1 1 1 1 1 1 1 1 1 1 1 1 1 1 1 1 1 1 1 1 1 1 1 1 1 1 1 1 1 1 1 1 1 1 1 1 1 1 1 1 1 1 1 1 1 1 1 1 1 0 1 1 1 1 1 1 1 1 1 1 1 1 1 1 1 1 1 1 1 1 1 1 1 1 1 1 1 1 1 1 1 1 1 0 1 1 1 1 1 1 1 1 1 1 1 1 1 1 1 1 1 1 1 1 1 1 1 1 1 1 1 1 1 1 1 1 1 1 1 1 1 1 1 1 1 1 1 1 1 1 1 1 1 1 1 1 1 1 1 1 1 1 1 1 1 1 1 1 1 1 1 1 1 1 1 1 1 1 1 1 1 1 1 1 1 1 1 1 1 1 1 1 1 1 1 1 1 1 1 1 1 1 1 1 1 1 1 1 1 1 1 1 1 1 1 1 1 1 1 1 1 1 1 1 1 1 1 1 1 1 1 1 1 1 1 1 1 1 1 1 1 1 1 1 1 1 1 1 1 1 1 0 1 1 1 1 1 1 1 1 1 1 1 1 0 0 0 0 0 0 0 0 0 0 0 1 1 1 1 1 1 1 1 1 1 1 1 1 1 1 1 1 1 1 1 1 1 1 1 1 1 1 1 1 1 1 1 1 1 1 1 1 1 1 1 1 1 1 0 1 1 1 1 1 1 1 1 1 1 1 1 1 1 1 1 1 1 1 1 1 1 1 1 1 1 1 1 1 1 1 1 1 1 1 1 1 1 1 1 1 1 1 1 1 1 1 1 1 1 1 1 1 1 1 1 1 1 1 1 1 1 1 1 1 1 1 1 1 1 1 1 
