# This file contains a 2D laser scan observation. 
# Its format is: 
# [aperture] [max_range] [number_of_scans] 
# [vector_of_scans] 
# [vector_of_valid_scans] 
# The aperture of the sensor is in radians, the maximum range 
# and measurements are in meters. '1' means a valid scan, '0' otherwise.
4.1847
5.6
682
0.59 0.59 0.59 0.59 0.593 0.593 0.593 0.601 0.601 0.609 0.609 0.612 0.612 0.613 0.614 0.614 0.624 0.624 0.624 0.577 0.513 0.508 0.508 0.508 0.509 0.513 0.514 0.514 0.514 0.514 0.512 0.509 0.509 0.509 0.51 0.677 0.691 0.697 0.697 0.707 0.711 0.714 0.721 0.722 0.724 0.727 0.729 0.733 0.733 0.732 0.738 0.738 0.74 0.743 0.753 0.76 0.76 0.765 0.827 0.9 1.099 1.099 1.099 1.094 1.081 1.081 1.076 1.064 1.064 1.051 1.048 1.046 1.035 1.031 1.018 1.016 1.015 1.01 0.999 0.989 0.986 0.982 0.981 0.975 0.971 0.967 0.965 0.955 0.892 0.763 0.763 0.763 0.757 0.755 0.755 0.748 0.748 0.748 0.752 0.754 0.828 0.891 0.897 0.897 0.897 0.897 0.897 0.896 0.889 0.889 0.878 0.874 0.874 0.872 0.872 0.869 0.866 0.863 0.861 0.856 0.855 0.851 0.85 0.847 0.844 0.843 0.839 0.838 0.838 0.838 0.836 0.813 0.764 0.298 0.269 0.257 0.257 0.257 0.257 0.258 0.258 0.258 0.258 0.258 0.254 0.254 0.254 0.258 0.255 0.259 0.259 0.261 0.259 0.261 0.262 0.264 0.264 0.267 0.267 0.273 0.292 0.779 0.78 0.786 0.78 0.779 0.625 0.625 0.622 0.622 0.622 0.622 0.622 0.624 0.626 0.629 0.633 0.638 0.767 0.782 0.782 0.784 0.783 0.782 0.778 0.78 0.778 0.776 0.778 0.778 0.777 0.778 0.778 0.78 0.78 0.78 0.778 0.78 0.778 0.777 0.776 0.777 0.777 0.781 0.781 0.781 0.781 0.781 0.782 0.782 0.78 0.78 0.78 0.78 0.78 0.785 0.785 0.786 0.784 0.786 0.786 0.787 0.787 0.791 0.787 0.791 0.791 0.791 0.792 0.793 0.792 0.793 0.793 0.797 0.81 0.83 0.845 0.871 0.886 0.886 0.888 0.888 0.883 0.883 0.886 0.886 0.892 0.893 0.895 0.895 0.895 0.895 0.896 0.899 0.906 0.907 0.919 0.922 0.936 0.938 0.94 0.945 0.948 0.948 0.953 0.948 0.953 0.953 0.956 0.967 0.967 0.97 0.967 0.971 0.977 0.977 0.977 0.98 0.998 1.007 1.009 1.009 1.009 1.012 1.012 1.012 1.015 1.021 1.024 1.028 1.041 1.043 1.047 1.06 1.06 1.06 1.06 1.069 1.073 1.075 1.086 1.087 1.093 1.093 1.108 1.113 1.116 1.127 1.139 1.139 1.139 1.145 1.145 1.143 1.153 1.154 1.153 1.154 1.159 1.197 1.2 1.211 1.211 1.217 1.22 1.225 1.282 0.007 1.282 1.282 1.28 1.28 1.284 1.294 1.296 1.305 1.323 1.336 1.339 1.347 0.007 1.37 1.37 0.015 0.015 0.015 0.015 1.441 1.441 1.441 1.463 1.479 1.512 1.524 1.554 1.566 1.566 1.571 1.593 1.62 1.626 1.627 1.672 1.675 1.681 1.681 1.681 1.681 1.672 1.672 1.672 1.68 1.68 1.723 1.747 1.75 1.797 1.797 1.797 1.844 0.007 1.983 1.983 2.012 2.012 2.044 2.07 2.08 2.083 2.085 2.085 2.094 2.094 2.085 2.069 1.615 1.613 1.613 1.613 2.062 2.062 2.062 2.052 2.012 1.997 1.997 1.997 2.031 2.032 2.032 2.031 2.027 2.025 2.022 2.021 2.02 2.01 2.009 2.008 2.008 2.008 2.008 2.007 1.995 1.995 1.995 1.996 1.996 1.996 1.996 1.984 1.978 1.538 1.538 1.538 1.538 1.79 1.974 1.975 1.975 1.974 1.974 1.972 1.972 1.971 1.969 1.969 1.974 3.79 3.792 3.792 3.792 3.79 3.79 3.789 3.79 3.789 3.787 3.789 3.793 3.793 3.793 3.793 3.795 3.795 3.796 3.798 3.804 3.806 3.806 3.808 3.811 3.816 3.822 3.827 3.828 3.83 3.83 3.83 3.834 3.834 3.834 3.836 3.836 3.845 3.855 3.857 3.881 3.881 3.882 3.889 3.894 3.896 3.903 3.903 3.904 3.914 3.919 3.919 3.933 3.933 3.933 3.951 3.976 3.976 3.976 3.929 3.929 3.929 3.938 3.944 3.967 3.968 3.972 3.978 3.986 3.999 4.015 4.018 4.043 4.057 4.061 4.068 4.076 4.09 4.182 4.182 4.203 4.182 4.182 0.007 4.025 3.927 3.91 3.86 3.82 3.805 3.781 3.694 3.657 3.618 3.587 3.546 3.508 3.508 3.508 0 0 0 0 0 0 0 0 0 0 0 0 0 0 0 0 0 0 0 0.794 0.786 0.78 0.78 0.779 0.778 0.773 0.775 0.773 0.773 0.775 0.777 0.782 0.785 0.79 0.792 0.979 2.84 2.868 2.881 2.881 2.902 2.902 2.902 2.857 2.856 2.856 2.856 2.856 2.815 2.803 2.798 2.798 2.786 2.769 1.295 1.293 1.292 1.275 1.275 1.275 2.687 2.713 2.733 2.733 2.77 2.782 2.801 2.834 2.851 2.883 2.912 2.924 2.945 2.997 3.929 0 0.007 0 4.087 4.087 4.072 4.064 4.064 4.042 4.029 0.834 0.829 0.821 0.821 0.821 0.821 0.821 0.835 1.466 1.483 1.483 1.483 1.478 1.478 1.181 1.177 1.177 1.177 1.181 3.826 3.826 3.826 3.824 3.812 3.812 1.389 1.389 1.381 1.389 1.397 3.756 3.756 3.756 3.756 3.752 3.751 1.776 1.776 1.776 2.265 2.272 2.272 2.265 2.257 2.257 2.256 2.256 2.256 2.252 2.251 2.244 
1 1 1 1 1 1 1 1 1 1 1 1 1 1 1 1 1 1 1 1 1 1 1 1 1 1 1 1 1 1 1 1 1 1 1 1 1 1 1 1 1 1 1 1 1 1 1 1 1 1 1 1 1 1 1 1 1 1 1 1 1 1 1 1 1 1 1 1 1 1 1 1 1 1 1 1 1 1 1 1 1 1 1 1 1 1 1 1 1 1 1 1 1 1 1 1 1 1 1 1 1 1 1 1 1 1 1 1 1 1 1 1 1 1 1 1 1 1 1 1 1 1 1 1 1 1 1 1 1 1 1 1 1 1 1 1 1 1 1 1 1 1 1 1 1 1 1 1 1 1 1 1 1 1 1 1 1 1 1 1 1 1 1 1 1 1 1 1 1 1 1 1 1 1 1 1 1 1 1 1 1 1 1 1 1 1 1 1 1 1 1 1 1 1 1 1 1 1 1 1 1 1 1 1 1 1 1 1 1 1 1 1 1 1 1 1 1 1 1 1 1 1 1 1 1 1 1 1 1 1 1 1 1 1 1 1 1 1 1 1 1 1 1 1 1 1 1 1 1 1 1 1 1 1 1 1 1 1 1 1 1 1 1 1 1 1 1 1 1 1 1 1 1 1 1 1 1 1 1 1 1 1 1 1 1 1 1 1 1 1 1 1 1 1 1 1 1 1 1 1 1 1 1 1 1 1 1 1 1 1 1 1 1 1 1 1 1 1 1 1 1 1 1 1 1 1 1 0 1 1 1 1 1 1 1 1 1 1 1 1 0 1 1 0 0 0 0 1 1 1 1 1 1 1 1 1 1 1 1 1 1 1 1 1 1 1 1 1 1 1 1 1 1 1 1 1 1 1 1 1 0 1 1 1 1 1 1 1 1 1 1 1 1 1 1 1 1 1 1 1 1 1 1 1 1 1 1 1 1 1 1 1 1 1 1 1 1 1 1 1 1 1 1 1 1 1 1 1 1 1 1 1 1 1 1 1 1 1 1 1 1 1 1 1 1 1 1 1 1 1 1 1 1 1 1 1 1 1 1 1 1 1 1 1 1 1 1 1 1 1 1 1 1 1 1 1 1 1 1 1 1 1 1 1 1 1 1 1 1 1 1 1 1 1 1 1 1 1 1 1 1 1 1 1 1 1 1 1 1 1 1 1 1 1 1 1 1 1 1 1 1 1 1 1 1 1 1 1 1 1 0 1 1 1 1 1 1 1 1 1 1 1 1 1 1 1 0 0 0 0 0 0 0 0 0 0 0 0 0 0 0 0 0 0 0 1 1 1 1 1 1 1 1 1 1 1 1 1 1 1 1 1 1 1 1 1 1 1 1 1 1 1 1 1 1 1 1 1 1 1 1 1 1 1 1 1 1 1 1 1 1 1 1 1 1 1 1 1 1 1 1 0 0 0 1 1 1 1 1 1 1 1 1 1 1 1 1 1 1 1 1 1 1 1 1 1 1 1 1 1 1 1 1 1 1 1 1 1 1 1 1 1 1 1 1 1 1 1 1 1 1 1 1 1 1 1 1 1 1 1 1 1 
