# This file contains a 2D laser scan observation. 
# Its format is: 
# [aperture] [max_range] [number_of_scans] 
# [vector_of_scans] 
# [vector_of_valid_scans] 
# The aperture of the sensor is in radians, the maximum range 
# and measurements are in meters. '1' means a valid scan, '0' otherwise.
4.1847
5.6
682
0.822 0.827 0.831 0.835 0.839 0.86 1.235 1.235 1.235 1.229 1.222 1.212 1.198 1.189 1.184 1.16 1.153 1.151 1.151 1.126 1.088 0.303 0.293 0.293 0.293 0.291 0.294 0.294 0.294 0.301 0.302 0.302 0.302 0.302 0.301 0.301 0.3 0.297 0.297 0.297 0.29 0.29 0.291 0.294 0.294 0.325 0.937 0.937 0.937 0.936 0.934 0.929 0.921 0.914 0.909 0.9 0.899 0.894 0.894 0.892 0.888 0.887 0.886 0.876 0.876 0.869 0.862 0.861 0.858 0.854 0.854 0.854 0.844 0.843 0.838 0.837 0.835 0.832 0.832 0.832 0.828 0.823 0.819 0.814 0.812 0.81 0.81 0.805 0.804 0.803 0.801 0.799 0.799 0.792 0.786 0.785 0.618 0.609 0.604 0.604 0.603 0.604 0.603 0.602 0.602 0.595 0.595 0.603 0.609 0.628 0.743 0.76 0.762 0.762 0.76 0.756 0.754 0.752 0.747 0.747 0.744 0.743 0.743 0.743 0.743 0.743 0.744 0.744 0.744 0.74 0.739 0.739 0.737 0.733 0.731 0.731 0.731 0.731 0.731 0.728 0.727 0.727 0.726 0.727 0.732 0.733 0.732 0.732 0.729 0.726 0.726 0.726 0.726 0.729 0.729 0.725 0.729 0.727 0.725 0.724 0.723 0.723 0.718 0.723 0.725 0.725 0.725 0.725 0.719 0.719 0.719 0.719 0.722 0.722 0.722 0.725 0.728 0.733 0.744 0.752 0.779 0.786 0.787 0.798 0.798 0.799 0.798 0.796 0.796 0.803 0.803 0.803 0.804 0.806 0.806 0.809 0.809 0.809 0.809 0.809 0.808 0.808 0.812 0.814 0.82 0.82 0.823 0.836 0.839 0.842 0.843 0.843 0.845 0.845 0.843 0.843 0.85 0.85 0.85 0.851 0.851 0.857 0.861 0.862 0.861 0.861 0.861 0.865 0.865 0.871 0.878 0.881 0.882 0.887 0.892 0.892 0.892 0.894 0.896 0.897 0.899 0.904 0.899 0.906 0.906 0.915 0.922 0.931 0.932 0.932 0.932 0.932 0.932 0.933 0.933 0.939 0.944 0.947 0.95 0.953 0.958 0.972 0.974 0.979 0.982 0.983 0.99 0.997 1.001 1.006 1.006 1.013 1.013 1.018 1.018 1.02 1.026 1.026 1.038 1.039 1.039 1.057 1.058 1.063 1.075 1.075 1.077 1.083 1.085 1.128 1.131 1.131 1.131 1.137 1.142 1.142 1.144 1.148 1.16 1.161 1.184 1.193 1.206 1.229 1.231 1.231 1.235 1.235 1.235 1.235 1.296 1.296 1.296 1.277 1.277 1.277 1.289 1.316 1.318 1.353 1.359 1.369 1.391 1.407 1.407 1.407 1.433 1.454 1.461 1.478 1.512 1.52 1.52 1.519 1.519 1.519 1.519 1.513 1.511 1.511 1.51 1.51 1.51 1.549 1.567 1.58 1.615 1.64 1.645 1.645 1.645 1.628 1.628 1.628 1.805 1.841 1.859 1.881 1.9 1.906 1.928 1.928 1.928 1.934 1.934 1.934 1.934 1.93 1.436 1.436 1.436 1.902 1.902 1.902 1.901 1.892 1.84 1.84 1.84 1.881 1.881 1.881 1.871 1.871 1.87 1.868 1.864 1.863 1.863 1.862 1.857 1.852 1.851 1.845 1.844 1.845 1.844 1.838 1.838 1.837 1.835 1.834 1.832 1.832 1.831 1.83 1.828 1.485 1.383 1.383 1.383 1.387 1.515 1.815 1.821 1.821 1.819 1.819 1.82 1.819 1.819 1.819 1.819 1.819 3.652 3.652 3.652 3.651 3.649 3.648 3.644 3.638 3.638 3.638 3.648 3.649 3.662 3.662 3.662 3.664 3.66 3.659 3.659 3.666 3.666 3.671 3.673 3.675 3.681 3.686 3.69 3.69 3.698 3.699 3.7 3.7 3.701 3.711 3.716 3.717 3.717 3.729 3.738 3.75 3.75 3.752 3.756 3.756 3.756 3.765 3.779 3.776 3.783 3.791 3.808 3.821 3.833 3.833 3.837 3.843 3.843 3.831 3.823 3.823 3.823 3.832 3.842 3.851 3.853 3.871 3.881 3.89 3.896 3.902 3.919 3.933 3.936 3.957 3.965 3.971 3.982 4.08 4.08 4.105 4.105 4.03 4.03 0 3.968 3.91 3.798 3.798 3.751 3.733 3.668 3.601 3.577 3.546 3.514 3.473 3.442 3.41 3.391 3.36 3.36 3.36 0 0 0 0 0 0 0 0 0 0 0 0 0 0 0 0 0 0 0 0 0 0 2.537 2.537 2.537 2.567 2.591 2.608 2.627 2.634 2.65 2.673 2.695 2.714 2.726 2.754 2.777 2.79 2.809 2.809 2.809 0.733 0.729 0.729 0.729 0.723 0.716 0.716 0.714 0.714 0.715 0.715 0.715 0.715 0.718 0.727 0.731 0.733 2.661 2.661 2.661 2.661 2.661 2.658 2.658 1.253 1.25 1.25 1.249 1.249 0.007 2.949 2.949 0 0 0 0 4.073 4.066 4.047 4.029 4.021 4.011 3.994 3.99 3.973 3.971 3.962 3.957 3.946 3.937 3.931 3.919 3.91 3.905 3.904 3.895 3.874 3.867 3.862 3.862 3.862 3.858 1.478 1.478 1.477 1.477 0.835 0.834 0.833 0.826 0.82 0.82 0.83 0.83 0.84 1.138 3.775 3.775 1.414 1.421 1.414 1.409 1.414 1.421 1.803 1.803 1.803 1.803 1.803 2.291 2.291 2.291 2.291 2.29 2.289 2.289 2.289 2.287 2.287 2.283 2.283 2.281 2.281 2.283 2.282 2.278 2.278 2.278 2.277 2.277 2.277 2.277 2.279 2.279 2.279 
1 1 1 1 1 1 1 1 1 1 1 1 1 1 1 1 1 1 1 1 1 1 1 1 1 1 1 1 1 1 1 1 1 1 1 1 1 1 1 1 1 1 1 1 1 1 1 1 1 1 1 1 1 1 1 1 1 1 1 1 1 1 1 1 1 1 1 1 1 1 1 1 1 1 1 1 1 1 1 1 1 1 1 1 1 1 1 1 1 1 1 1 1 1 1 1 1 1 1 1 1 1 1 1 1 1 1 1 1 1 1 1 1 1 1 1 1 1 1 1 1 1 1 1 1 1 1 1 1 1 1 1 1 1 1 1 1 1 1 1 1 1 1 1 1 1 1 1 1 1 1 1 1 1 1 1 1 1 1 1 1 1 1 1 1 1 1 1 1 1 1 1 1 1 1 1 1 1 1 1 1 1 1 1 1 1 1 1 1 1 1 1 1 1 1 1 1 1 1 1 1 1 1 1 1 1 1 1 1 1 1 1 1 1 1 1 1 1 1 1 1 1 1 1 1 1 1 1 1 1 1 1 1 1 1 1 1 1 1 1 1 1 1 1 1 1 1 1 1 1 1 1 1 1 1 1 1 1 1 1 1 1 1 1 1 1 1 1 1 1 1 1 1 1 1 1 1 1 1 1 1 1 1 1 1 1 1 1 1 1 1 1 1 1 1 1 1 1 1 1 1 1 1 1 1 1 1 1 1 1 1 1 1 1 1 1 1 1 1 1 1 1 1 1 1 1 1 1 1 1 1 1 1 1 1 1 1 1 1 1 1 1 1 1 1 1 1 1 1 1 1 1 1 1 1 1 1 1 1 1 1 1 1 1 1 1 1 1 1 1 1 1 1 1 1 1 1 1 1 1 1 1 1 1 1 1 1 1 1 1 1 1 1 1 1 1 1 1 1 1 1 1 1 1 1 1 1 1 1 1 1 1 1 1 1 1 1 1 1 1 1 1 1 1 1 1 1 1 1 1 1 1 1 1 1 1 1 1 1 1 1 1 1 1 1 1 1 1 1 1 1 1 1 1 1 1 1 1 1 1 1 1 1 1 1 1 1 1 1 1 1 1 1 1 1 1 1 1 1 1 1 1 1 1 1 1 1 1 1 1 1 1 1 1 1 1 1 1 1 1 1 1 1 1 1 1 1 0 1 1 1 1 1 1 1 1 1 1 1 1 1 1 1 1 1 1 0 0 0 0 0 0 0 0 0 0 0 0 0 0 0 0 0 0 0 0 0 0 1 1 1 1 1 1 1 1 1 1 1 1 1 1 1 1 1 1 1 1 1 1 1 1 1 1 1 1 1 1 1 1 1 1 1 1 1 1 1 1 1 1 1 1 1 1 1 1 0 1 1 0 0 0 0 1 1 1 1 1 1 1 1 1 1 1 1 1 1 1 1 1 1 1 1 1 1 1 1 1 1 1 1 1 1 1 1 1 1 1 1 1 1 1 1 1 1 1 1 1 1 1 1 1 1 1 1 1 1 1 1 1 1 1 1 1 1 1 1 1 1 1 1 1 1 1 1 1 1 1 1 1 1 1 
