# This file contains a 2D laser scan observation. 
# Its format is: 
# [aperture] [max_range] [number_of_scans] 
# [vector_of_scans] 
# [vector_of_valid_scans] 
# The aperture of the sensor is in radians, the maximum range 
# and measurements are in meters. '1' means a valid scan, '0' otherwise.
4.1847
5.6
682
1.097 1.087 1.097 0.007 1.136 1.119 1.119 1.08 1.08 1.055 1.027 1.055 1.106 1.106 1.145 1.151 1.158 1.16 1.162 1.162 1.162 0.902 0.883 0.87 0.87 0.87 0.874 0.878 0.879 0.884 1.2 1.2 1.201 1.201 1.211 1.211 1.211 1.214 1.221 1.225 1.229 1.235 1.237 1.239 1.245 1.247 1.252 1.254 1.257 1.257 1.266 1.278 1.279 1.279 1.279 1.278 1.279 1.261 1.258 0.582 0.58 0.578 0.58 0.58 0.58 0.575 0.574 0.572 0.572 0.574 0.577 0.599 0.942 1.058 1.076 1.076 1.088 1.103 1.13 1.13 1.13 1.128 1.12 1.111 1.107 1.093 1.089 1.079 1.079 1.069 1.064 1.061 1.052 1.04 1.039 1.033 1.024 1.019 1.016 1.01 1.007 1.004 0.996 0.989 0.986 0.986 0.979 0.967 0.966 0.962 0.958 0.954 0.951 0.943 0.938 0.861 0.846 0.846 0.84 0.838 0.838 0.838 0.838 0.858 0.892 0.892 0.892 0.89 0.89 0.879 0.877 0.874 0.872 0.868 0.867 0.856 0.851 0.848 0.84 0.839 0.839 0.837 0.829 0.829 0.829 0.829 0.829 0.836 0.84 0.854 0.865 0.874 0.897 0.902 0.92 0.924 0.944 0.958 0.963 0.973 0.994 1.005 1.4 1.41 1.462 1.462 1.53 0.007 1.64 1.64 1.681 1.681 1.693 1.768 1.79 1.79 1.813 1.905 2.023 2.023 2.066 2.116 2.224 2.436 2.474 2.547 2.59 2.595 2.595 2.632 2.632 2.636 2.636 2.636 2.635 2.635 2.633 2.627 2.624 2.621 2.622 2.621 2.614 2.608 2.608 2.606 2.604 2.599 2.595 2.595 2.595 2.592 2.592 2.592 2.592 2.594 2.594 2.592 2.592 2.592 2.591 2.589 2.589 2.586 2.586 2.581 2.581 2.581 2.586 2.589 2.59 2.593 2.593 2.596 2.596 2.601 2.601 2.601 2.601 2.606 2.609 2.609 2.611 2.612 2.612 2.62 2.623 2.63 2.632 2.632 2.636 2.643 2.649 2.651 2.652 2.655 2.666 2.668 2.671 2.676 2.677 2.68 2.685 2.688 2.697 2.697 2.702 2.705 2.705 2.717 2.729 2.73 2.732 2.732 2.736 2.75 2.743 2.75 2.75 2.743 2.719 2.719 2.719 2.72 2.733 2.739 2.744 2.749 2.75 2.755 2.77 2.773 2.781 2.788 2.789 2.802 2.819 2.826 2.832 2.837 2.843 2.862 2.865 2.868 2.877 2.899 2.903 2.916 3.013 3.013 3.013 2.995 2.961 2.924 2.888 2.877 2.843 2.82 2.813 2.772 2.758 2.739 2.718 2.677 2.672 2.653 2.636 2.611 2.6 2.555 2.533 2.518 2.496 2.484 2.456 2.444 2.429 2.414 2.395 2.388 2.379 2.36 2.34 2.322 2.312 2.308 2.29 2.272 2.267 2.258 2.241 2.217 2.213 2.201 2.194 2.179 2.163 2.163 2.163 0 0 0 0 0 0 0 0 0 0.007 0 0.007 0 0.007 1.297 1.294 1.294 1.29 1.279 1.278 1.279 1.278 1.278 1.289 1.289 1.289 0.007 0 0 0.007 0 0 0 0 0 0 0 0 0 1.662 1.662 1.662 1.691 1.712 1.736 1.765 1.788 1.82 1.836 1.87 1.906 1.929 1.95 1.981 2.01 2.01 2.026 0.007 1.849 1.849 1.864 1.864 1.882 1.896 1.909 1.909 1.909 1.883 1.883 1.883 1.951 1.951 1.951 1.825 1.8 1.731 1.731 1.731 1.775 1.775 1.775 1.699 1.697 1.671 1.636 1.636 1.636 1.64 1.64 1.647 1.649 1.664 2.108 2.201 3.329 3.329 3.329 3.329 3.327 3.324 3.324 3.318 3.321 3.321 3.312 3.308 3.308 3.308 3.308 3.308 3.308 3.307 3.306 3.306 3.306 3.308 3.312 3.312 3.309 3.311 3.311 3.311 3.311 3.311 3.312 3.313 3.315 3.317 3.321 3.322 3.322 3.324 3.325 3.328 3.328 3.33 3.333 3.337 3.337 3.337 3.345 3.346 3.353 3.358 3.358 3.354 3.354 3.354 3.354 3.354 5.412 0.007 0.006 0.007 0 0 0 0 0 0 0 0 0 4.382 4.38 2.342 2.321 2.279 2.247 2.206 2.172 2.14 2.102 2.076 2.054 2.036 2.034 2.034 2.036 2.043 2.044 2.052 2.061 2.063 2.065 2.071 2.079 2.084 2.089 2.098 2.1 2.112 2.114 2.114 2.133 2.136 2.142 2.147 2.147 2.147 0.848 0.843 0.835 0.832 0.831 0.828 0.828 0.828 0.831 0.85 2.144 2.144 2.144 2.138 2.115 2.108 2.064 2.064 2.064 2.064 2.056 1.283 1.283 1.283 1.284 1.289 1.309 1.776 1.797 1.811 1.811 1.811 1.811 2.228 2.228 2.228 2.228 2.228 2.579 0.007 2.579 1.089 1.086 1.085 1.085 1.089 1.1 0 0 0 0 0 0 1.54 1.535 1.535 1.54 1.601 1.616 1.616 1.601 0.624 0.621 0.618 0.618 0.617 0.616 0.611 0.611 0.605 0.605 0.61 0.618 0.625 0.627 0 0 0 0 0 0 0 0 0 0 0 0 0 0 0 0 0 0.935 0.921 0.921 0.921 0.928 0.928 0.931 0.942 0 0 0 0 0 0 0.636 0.629 0.629 0.627 0.627 0.627 0.627 0.627 0.627 0.623 0.628 0.623 0.623 0.624 0.628 0.628 0.629 
1 1 1 0 1 1 1 1 1 1 1 1 1 1 1 1 1 1 1 1 1 1 1 1 1 1 1 1 1 1 1 1 1 1 1 1 1 1 1 1 1 1 1 1 1 1 1 1 1 1 1 1 1 1 1 1 1 1 1 1 1 1 1 1 1 1 1 1 1 1 1 1 1 1 1 1 1 1 1 1 1 1 1 1 1 1 1 1 1 1 1 1 1 1 1 1 1 1 1 1 1 1 1 1 1 1 1 1 1 1 1 1 1 1 1 1 1 1 1 1 1 1 1 1 1 1 1 1 1 1 1 1 1 1 1 1 1 1 1 1 1 1 1 1 1 1 1 1 1 1 1 1 1 1 1 1 1 1 1 1 1 1 1 1 1 1 1 0 1 1 1 1 1 1 1 1 1 1 1 1 1 1 1 1 1 1 1 1 1 1 1 1 1 1 1 1 1 1 1 1 1 1 1 1 1 1 1 1 1 1 1 1 1 1 1 1 1 1 1 1 1 1 1 1 1 1 1 1 1 1 1 1 1 1 1 1 1 1 1 1 1 1 1 1 1 1 1 1 1 1 1 1 1 1 1 1 1 1 1 1 1 1 1 1 1 1 1 1 1 1 1 1 1 1 1 1 1 1 1 1 1 1 1 1 1 1 1 1 1 1 1 1 1 1 1 1 1 1 1 1 1 1 1 1 1 1 1 1 1 1 1 1 1 1 1 1 1 1 1 1 1 1 1 1 1 1 1 1 1 1 1 1 1 1 1 1 1 1 1 1 1 1 1 1 1 1 1 1 1 1 1 1 1 1 1 1 1 1 1 0 0 0 0 0 0 0 0 0 0 0 0 0 0 1 1 1 1 1 1 1 1 1 1 1 1 0 0 0 0 0 0 0 0 0 0 0 0 0 1 1 1 1 1 1 1 1 1 1 1 1 1 1 1 1 1 1 0 1 1 1 1 1 1 1 1 1 1 1 1 1 1 1 1 1 1 1 1 1 1 1 1 1 1 1 1 1 1 1 1 1 1 1 1 1 1 1 1 1 1 1 1 1 1 1 1 1 1 1 1 1 1 1 1 1 1 1 1 1 1 1 1 1 1 1 1 1 1 1 1 1 1 1 1 1 1 1 1 1 1 1 1 1 1 1 1 1 1 1 1 1 0 0 0 0 0 0 0 0 0 0 0 0 1 1 1 1 1 1 1 1 1 1 1 1 1 1 1 1 1 1 1 1 1 1 1 1 1 1 1 1 1 1 1 1 1 1 1 1 1 1 1 1 1 1 1 1 1 1 1 1 1 1 1 1 1 1 1 1 1 1 1 1 1 1 1 1 1 1 1 1 1 1 1 1 1 1 1 1 0 1 1 1 1 1 1 1 0 0 0 0 0 0 1 1 1 1 1 1 1 1 1 1 1 1 1 1 1 1 1 1 1 1 1 1 0 0 0 0 0 0 0 0 0 0 0 0 0 0 0 0 0 1 1 1 1 1 1 1 1 0 0 0 0 0 0 1 1 1 1 1 1 1 1 1 1 1 1 1 1 1 1 1 
