# This file contains a 2D laser scan observation. 
# Its format is: 
# [aperture] [max_range] [number_of_scans] 
# [vector_of_scans] 
# [vector_of_valid_scans] 
# The aperture of the sensor is in radians, the maximum range 
# and measurements are in meters. '1' means a valid scan, '0' otherwise.
4.1847
5.6
682
1.317 1.312 1.317 1.312 1.298 0.66 0.658 0.655 0.647 0.549 0.547 0.539 0.538 0.538 0.537 0.537 0.537 0.537 0.533 0.533 0.531 0.529 0.527 0.527 0.527 0.527 0.527 0.527 0.526 0.527 0.526 0.526 0.528 0.528 0.528 0.528 0.528 0.526 0.525 0.526 0.53 0.525 0.525 0.525 0.525 0.525 0.525 0.518 0.518 0.518 0.518 0.518 0.521 0.52 0.52 0.52 0.522 0.52 0.525 0.525 0.521 0.521 0.524 0.522 0.522 0.524 0.524 0.524 0.525 0.525 0.524 0.519 0.519 0.519 0.519 0.525 0.527 0.527 0.527 0.53 0.53 0.582 0.655 0.663 0.663 0.663 0.664 0.665 0.665 0.666 0.683 0.683 0.683 0.683 0.683 0.683 0.689 0.688 0.688 0.688 0.688 0.688 0.688 0.689 0.697 0.698 0.698 0.699 0.698 0.697 0.697 0.704 0.701 0.705 0.708 0.708 0.708 0.708 0.71 0.714 0.714 0.715 0.718 0.724 0.727 0.727 0.728 0.728 0.728 0.728 0.729 0.732 0.734 0.741 0.749 0.749 0.75 0.75 0.75 0.751 0.751 0.752 0.752 0.755 0.756 0.763 0.765 0.767 0.779 0.779 0.777 0.781 0.781 0.791 0.793 0.797 0.798 0.804 0.807 0.809 0.814 0.827 0.83 0.836 0.84 0.84 0.845 0.846 0.858 0.858 0.864 0.866 0.869 0.875 0.878 0.881 0.885 0.892 0.899 0.905 0.905 0.919 0.929 0.929 0.933 0.939 0.946 0.946 0.954 0.955 0.956 0.961 0.963 0.974 0.975 0.988 1.004 1.037 1.039 1.04 1.042 1.043 1.044 1.052 1.052 1.056 1.068 1.071 1.085 1.089 1.095 1.111 1.123 1.139 1.142 1.162 1.169 1.182 1.193 1.204 1.219 1.231 1.257 1.269 1.269 1.282 1.287 1.314 1.332 1.358 1.366 1.388 1.405 1.43 1.446 1.471 1.494 1.536 1.561 1.572 1.603 1.636 1.675 1.695 1.736 1.764 1.783 1.796 1.836 1.836 1.836 1.834 1.827 1.824 1.824 1.824 1.821 1.82 1.815 1.813 1.81 1.803 1.801 1.801 1.795 1.793 1.791 1.785 1.783 1.78 1.776 1.771 1.766 1.765 1.752 1.752 1.752 1.752 1.751 1.74 1.74 1.74 1.741 1.742 1.745 1.745 1.745 1.741 1.74 1.738 1.738 1.737 1.735 1.735 1.735 1.733 1.732 1.731 1.732 1.733 1.731 1.73 1.733 1.734 1.73 1.731 1.731 1.731 1.731 1.731 1.74 1.74 1.739 1.739 1.739 1.739 1.739 1.739 1.738 1.742 1.737 1.737 1.74 1.74 1.74 1.74 1.742 1.734 1.735 1.732 1.735 1.735 1.736 1.741 1.742 1.742 1.748 1.749 1.749 1.755 1.755 1.759 1.766 1.766 1.777 1.78 1.78 1.781 1.783 1.784 1.792 1.794 1.797 1.803 1.803 1.805 1.808 1.811 1.814 1.815 1.816 1.83 1.837 1.839 1.84 1.84 1.844 1.849 1.855 1.857 1.874 1.875 1.875 1.877 1.881 1.887 1.887 1.891 1.895 1.901 1.901 1.895 1.87 1.87 1.865 1.865 1.868 1.868 1.868 1.877 1.877 1.881 1.893 1.894 1.898 1.915 1.917 1.932 1.935 1.935 1.938 1.955 1.965 1.966 1.98 1.994 2 2.001 2.015 2.028 2.031 2.042 2.056 2.057 2.071 2.082 2.083 2.106 2.107 2.122 2.15 2.236 2.236 2.236 2.229 2.216 2.19 2.176 2.168 2.155 2.13 2.114 2.111 2.093 2.083 2.073 2.06 2.043 2.037 2.028 2.011 2.009 1.989 1.989 1.988 1.976 1.946 1.937 1.932 1.926 1.916 1.896 1.89 1.887 1.873 1.853 1.834 1.819 1.819 1.803 1.79 1.784 1.777 1.764 1.763 1.756 1.749 1.736 1.727 1.727 1.713 1.703 1.703 1.698 1.686 1.684 1.683 1.681 1.665 1.655 1.652 1.651 1.64 1.634 1.63 1.629 1.625 1.615 1.61 1.61 1.608 1.601 1.6 1.586 1.582 1.581 1.574 1.572 1.567 1.566 1.561 1.555 1.555 1.545 1.543 1.541 1.54 1.537 1.533 1.525 1.523 1.521 1.518 1.514 1.511 1.507 1.503 1.502 1.497 1.497 1.495 1.494 1.493 1.491 1.483 1.481 1.481 1.479 1.476 1.476 1.47 1.467 1.466 1.463 1.462 1.462 1.462 1.454 1.454 1.462 1.456 1.456 1.456 1.456 1.456 1.449 1.449 0.946 0.936 0.934 0.93 0.934 0.936 0.936 0.937 0.94 0.946 0.946 0.946 0.946 0.946 0.946 0.947 0.948 0.947 0.947 0.944 0.943 0.937 0.937 0.933 0.937 0.94 0.94 0.948 0.952 0.948 0.945 0.948 0.945 0.944 0.944 0.939 0.938 0.938 0.938 0.929 0.929 0.929 0.932 0.941 0.942 0.942 1.075 1.732 1.752 1.753 1.756 1.756 1.756 1.657 1.657 1.657 1.768 1.773 1.781 1.782 1.783 1.784 1.789 1.793 1.796 1.798 1.803 1.805 3.315 3.323 3.324 3.324 3.335 3.344 3.352 3.363 3.371 3.376 3.383 3.387 3.404 3.407 3.422 3.429 3.448 3.45 3.454 3.456 3.465 3.47 3.491 3.504 4.572 4.572 4.573 4.573 4.573 4.6 4.624 4.631 4.638 4.67 0 0 0 0 0 0 0 0 0 0 0 0 0 0 3.854 3.844 3.824 3.844 3.844 2.647 0.499 0.493 0.486 0.486 0.485 0.478 0.478 0.485 0.485 0.481 0.481 0.477 0.473 
1 1 1 1 1 1 1 1 1 1 1 1 1 1 1 1 1 1 1 1 1 1 1 1 1 1 1 1 1 1 1 1 1 1 1 1 1 1 1 1 1 1 1 1 1 1 1 1 1 1 1 1 1 1 1 1 1 1 1 1 1 1 1 1 1 1 1 1 1 1 1 1 1 1 1 1 1 1 1 1 1 1 1 1 1 1 1 1 1 1 1 1 1 1 1 1 1 1 1 1 1 1 1 1 1 1 1 1 1 1 1 1 1 1 1 1 1 1 1 1 1 1 1 1 1 1 1 1 1 1 1 1 1 1 1 1 1 1 1 1 1 1 1 1 1 1 1 1 1 1 1 1 1 1 1 1 1 1 1 1 1 1 1 1 1 1 1 1 1 1 1 1 1 1 1 1 1 1 1 1 1 1 1 1 1 1 1 1 1 1 1 1 1 1 1 1 1 1 1 1 1 1 1 1 1 1 1 1 1 1 1 1 1 1 1 1 1 1 1 1 1 1 1 1 1 1 1 1 1 1 1 1 1 1 1 1 1 1 1 1 1 1 1 1 1 1 1 1 1 1 1 1 1 1 1 1 1 1 1 1 1 1 1 1 1 1 1 1 1 1 1 1 1 1 1 1 1 1 1 1 1 1 1 1 1 1 1 1 1 1 1 1 1 1 1 1 1 1 1 1 1 1 1 1 1 1 1 1 1 1 1 1 1 1 1 1 1 1 1 1 1 1 1 1 1 1 1 1 1 1 1 1 1 1 1 1 1 1 1 1 1 1 1 1 1 1 1 1 1 1 1 1 1 1 1 1 1 1 1 1 1 1 1 1 1 1 1 1 1 1 1 1 1 1 1 1 1 1 1 1 1 1 1 1 1 1 1 1 1 1 1 1 1 1 1 1 1 1 1 1 1 1 1 1 1 1 1 1 1 1 1 1 1 1 1 1 1 1 1 1 1 1 1 1 1 1 1 1 1 1 1 1 1 1 1 1 1 1 1 1 1 1 1 1 1 1 1 1 1 1 1 1 1 1 1 1 1 1 1 1 1 1 1 1 1 1 1 1 1 1 1 1 1 1 1 1 1 1 1 1 1 1 1 1 1 1 1 1 1 1 1 1 1 1 1 1 1 1 1 1 1 1 1 1 1 1 1 1 1 1 1 1 1 1 1 1 1 1 1 1 1 1 1 1 1 1 1 1 1 1 1 1 1 1 1 1 1 1 1 1 1 1 1 1 1 1 1 1 1 1 1 1 1 1 1 1 1 1 1 1 1 1 1 1 1 1 1 1 1 1 1 1 1 1 1 1 1 1 1 1 1 1 1 1 1 1 1 1 1 1 1 1 1 1 1 1 1 1 1 1 1 1 1 1 1 1 1 1 1 1 1 1 1 1 1 1 1 1 1 1 1 1 1 1 1 1 1 1 1 1 1 1 1 1 1 1 1 1 1 1 1 1 1 1 1 1 1 1 1 0 0 0 0 0 0 0 0 0 0 0 0 0 0 1 1 1 1 1 1 1 1 1 1 1 1 1 1 1 1 1 1 1 
