# This file contains a 2D laser scan observation. 
# Its format is: 
# [aperture] [max_range] [number_of_scans] 
# [vector_of_scans] 
# [vector_of_valid_scans] 
# The aperture of the sensor is in radians, the maximum range 
# and measurements are in meters. '1' means a valid scan, '0' otherwise.
4.1847
5.6
682
0.716 0.711 0.71 0.71 0.71 0.71 0.71 0.709 0.704 0.708 0.708 0.708 0.707 0.708 0.709 0.711 0.711 0.711 0.712 0.709 0.709 0.715 0.726 0.764 2.531 2.533 2.533 2.533 2.537 2.537 2.532 0.94 0.9 0.851 0.799 0.764 0.762 0.762 0.762 0.765 0.766 0.766 0.766 0.769 0.767 0.769 0.772 0.785 0.786 0.789 0.789 0.791 0.794 0.794 0.791 0.791 0.791 0.791 0.791 0.795 0.797 0.8 0.801 0.801 0.801 0.801 0.801 0.81 0.81 0.812 0.816 0.816 0.816 0.815 0.816 0.821 0.823 0.825 0.827 0.828 0.83 0.831 0.834 0.837 0.837 0.839 0.848 0.848 0.848 0.85 0.852 0.852 0.855 0.859 0.863 0.862 0.869 0.869 0.871 0.871 0.874 0.876 0.884 0.884 0.885 0.888 0.889 0.902 0.902 0.908 0.908 0.908 0.908 0.907 0.732 0.665 0.658 0.658 0.665 0.781 0.934 0.934 0.934 0.925 0.923 0.91 0.907 0.897 0.885 0.883 0.879 0.865 0.864 0.863 0.82 0.811 0.805 0.805 0.805 0.811 0.817 0.817 0.817 0.814 0.811 0.799 0.791 0.787 0.779 0.779 0.772 0.746 0.746 0.666 0.517 0.459 0.459 0.457 0.455 0.459 0.46 0.464 0.464 0.474 0.478 0.484 0.493 0.511 0.536 0.575 0.632 0.696 0.698 0.699 0.699 0.698 0.694 0.693 0.691 0.685 0.685 0.684 0.68 0.677 0.68 0.68 0.683 0.69 0.69 0.697 0.702 0.707 0.719 0.733 0.735 0.738 0.748 0.76 0.769 0.774 0.781 0.792 0.799 0.814 0.823 0.829 0.838 0.849 0.87 0.875 0.877 0.899 0.911 0.92 0.937 0.944 0.961 0.978 0.991 1.016 2.127 2.127 2.127 2.123 2.115 2.113 2.11 2.11 2.104 2.097 2.096 2.091 2.087 2.085 2.084 2.08 2.076 2.073 2.071 2.064 2.064 2.061 2.061 2.054 2.051 2.049 2.043 2.042 2.042 2.041 2.041 2.041 2.036 2.033 2.032 2.033 2.031 2.03 2.027 2.026 2.024 2.026 2.026 2.026 2.026 2.026 2.023 2.022 2.021 2.016 2.016 2.016 2.016 2.016 2.018 2.018 2.02 2.018 2.018 2.018 2.021 2.021 2.021 2.022 2.025 2.022 2.025 2.026 2.027 2.026 2.027 2.027 2.027 2.028 2.028 2.04 2.044 2.04 2.04 2.042 2.042 2.042 2.047 2.048 2.052 2.053 2.059 2.059 2.069 2.069 2.074 2.075 2.08 2.082 2.084 2.085 2.086 2.094 2.095 2.096 2.099 2.107 2.107 2.111 2.117 0.007 0.006 0.006 0.007 0 0 0.007 0 0 0 0 0 3.151 3.151 3.151 3.153 3.175 3.178 3.184 3.202 3.209 3.21 3.22 3.235 0 0 0 0 0 0 0 0 0.007 0 0 0 0 2.727 2.514 2.514 2.727 2.727 2.477 2.407 2.401 2.401 2.356 1.169 1.163 1.157 1.136 1.126 1.124 1.111 1.104 1.091 1.083 1.079 1.075 1.063 1.055 1.051 1.05 1.031 1.025 1.025 1.016 1.005 1.001 0.997 0.986 0.983 0.982 0.967 0.966 0.96 0.952 0.952 0.951 0.942 0.932 0.929 0.926 0.919 0.918 0.911 0.908 0.9 0.9 0.89 0.889 0.888 0.885 0.879 0.885 0.885 0.889 0.898 0.903 0.906 0.915 0.925 0.933 0.94 0.953 0.954 0.961 0.97 0.978 0.991 0.992 1.004 1.005 1.029 1.037 1.046 1.051 1.062 1.076 1.091 1.095 1.117 1.12 1.128 1.128 1.134 1.134 1.132 1.128 1.122 1.121 1.12 1.119 1.115 1.112 1.105 1.095 1.095 1.094 1.087 1.082 1.082 1.079 1.079 1.069 1.077 1.069 1.073 1.069 1.069 1.064 1.063 1.061 1.053 1.052 1.051 1.05 1.048 1.048 1.047 1.047 1.047 1.317 1.33 1.33 1.33 1.333 1.433 1.47 1.47 1.47 1.469 1.468 1.468 1.469 0 0 0 0 0 0 0 0 0 0 0 0 0.778 0.774 0.774 0.774 0.774 0.775 0.776 1.111 1.111 1.111 1.111 1.111 1.115 1.183 0 0 0 0 0 0 0 0 0 0 0 0 0 0 0 0 0 0 0 0 0 0 0 0 0 0 0 0 0 0 0 0 0 0 0 0 1.227 1.22 1.214 1.218 1.218 1.214 1.212 1.142 1.142 1.141 1.137 1.141 1.142 1.152 2.792 2.809 0 0 0 0 0 0.645 0.637 0.632 0.632 0.632 0.633 0.633 0.634 0.634 0.634 0.634 0.631 0.628 0.631 0.632 0.632 0.633 0.647 0.648 0 0 0 0 0 0 0 0 0 0 0 0 0 0 0 0 0 0 0 0 0 0 0 0 0 0.895 0.886 0.886 0.886 0.889 0.892 0.892 0.899 0.902 0 0 0 0 0 0 0 0 0 0 0 0 0 0 0 1.609 1.609 1.609 1.608 1.614 1.614 1.614 1.614 0 0 0 0 0 1.183 1.181 1.181 1.181 1.185 0 0 0 0 0 0 0 0 0 3.05 3.045 3.035 3.015 
1 1 1 1 1 1 1 1 1 1 1 1 1 1 1 1 1 1 1 1 1 1 1 1 1 1 1 1 1 1 1 1 1 1 1 1 1 1 1 1 1 1 1 1 1 1 1 1 1 1 1 1 1 1 1 1 1 1 1 1 1 1 1 1 1 1 1 1 1 1 1 1 1 1 1 1 1 1 1 1 1 1 1 1 1 1 1 1 1 1 1 1 1 1 1 1 1 1 1 1 1 1 1 1 1 1 1 1 1 1 1 1 1 1 1 1 1 1 1 1 1 1 1 1 1 1 1 1 1 1 1 1 1 1 1 1 1 1 1 1 1 1 1 1 1 1 1 1 1 1 1 1 1 1 1 1 1 1 1 1 1 1 1 1 1 1 1 1 1 1 1 1 1 1 1 1 1 1 1 1 1 1 1 1 1 1 1 1 1 1 1 1 1 1 1 1 1 1 1 1 1 1 1 1 1 1 1 1 1 1 1 1 1 1 1 1 1 1 1 1 1 1 1 1 1 1 1 1 1 1 1 1 1 1 1 1 1 1 1 1 1 1 1 1 1 1 1 1 1 1 1 1 1 1 1 1 1 1 1 1 1 1 1 1 1 1 1 1 1 1 1 1 1 1 1 1 1 1 1 1 1 1 1 1 1 1 1 1 1 1 1 1 1 1 1 1 1 1 1 1 1 1 1 1 1 1 1 1 1 1 1 1 1 1 1 1 1 1 1 1 1 1 1 1 1 0 0 0 0 0 0 0 0 0 0 0 0 1 1 1 1 1 1 1 1 1 1 1 1 0 0 0 0 0 0 0 0 0 0 0 0 0 1 1 1 1 1 1 1 1 1 1 1 1 1 1 1 1 1 1 1 1 1 1 1 1 1 1 1 1 1 1 1 1 1 1 1 1 1 1 1 1 1 1 1 1 1 1 1 1 1 1 1 1 1 1 1 1 1 1 1 1 1 1 1 1 1 1 1 1 1 1 1 1 1 1 1 1 1 1 1 1 1 1 1 1 1 1 1 1 1 1 1 1 1 1 1 1 1 1 1 1 1 1 1 1 1 1 1 1 1 1 1 1 1 1 1 1 1 1 1 1 1 1 1 1 1 1 1 1 1 1 1 1 1 1 1 1 1 1 0 0 0 0 0 0 0 0 0 0 0 0 1 1 1 1 1 1 1 1 1 1 1 1 1 1 0 0 0 0 0 0 0 0 0 0 0 0 0 0 0 0 0 0 0 0 0 0 0 0 0 0 0 0 0 0 0 0 0 0 0 0 1 1 1 1 1 1 1 1 1 1 1 1 1 1 1 1 0 0 0 0 0 1 1 1 1 1 1 1 1 1 1 1 1 1 1 1 1 1 1 1 0 0 0 0 0 0 0 0 0 0 0 0 0 0 0 0 0 0 0 0 0 0 0 0 0 1 1 1 1 1 1 1 1 1 0 0 0 0 0 0 0 0 0 0 0 0 0 0 0 1 1 1 1 1 1 1 1 0 0 0 0 0 1 1 1 1 1 0 0 0 0 0 0 0 0 0 1 1 1 1 
