# This file contains a 2D laser scan observation. 
# Its format is: 
# [aperture] [max_range] [number_of_scans] 
# [vector_of_scans] 
# [vector_of_valid_scans] 
# The aperture of the sensor is in radians, the maximum range 
# and measurements are in meters. '1' means a valid scan, '0' otherwise.
4.1847
5.6
682
0.977 0.942 0.908 0.848 0.78 0.737 0.691 0.67 0.646 0.63 0.613 0.597 0.597 0.595 0.593 0.588 0.582 0.582 0.582 0.582 0.572 0.572 0.572 0.588 0.589 0.59 0.594 0.594 0.6 0.608 0.628 0.668 0.683 0.763 0.834 0.918 0.922 0.927 0.929 0.929 0.939 0.939 0.939 0.93 0.93 0.93 0.93 0.93 0.928 0.925 0.924 0.921 0.921 0.898 0.755 0.528 0.528 0.528 0.528 0.529 0.529 0.522 0.522 0.526 0.526 0.526 0.526 0.522 0.522 0.522 0.522 0.522 0.525 0.518 0.526 0.529 0.529 0.529 0.529 0.529 0.526 0.526 0.522 0.522 0.522 0.524 0.526 0.526 0.526 0.527 0.529 0.529 0.53 0.529 0.529 0.53 0.532 0.532 0.532 0.532 0.532 0.534 0.534 0.534 0.534 0.533 0.533 0.533 0.533 0.533 0.536 0.538 0.54 0.54 0.54 0.539 0.539 0.539 0.54 0.541 0.541 0.542 0.542 0.544 0.545 0.545 0.545 0.548 0.548 0.548 0.548 0.55 0.551 0.551 0.551 0.559 0.559 0.559 0.56 0.56 0.56 0.563 0.563 0.563 0.565 0.568 0.569 0.569 0.57 0.577 0.579 0.579 0.579 0.58 0.581 0.582 0.586 0.586 0.586 0.59 0.593 0.595 0.595 0.6 0.602 0.603 0.604 0.604 0.604 0.604 0.608 0.608 0.611 0.624 0.625 0.626 0.627 3.335 3.335 3.335 3.327 3.3 3.271 3.256 3.229 3.229 3.197 3.166 3.144 3.128 3.096 3.072 3.051 3.045 3.013 3.002 3.002 2.982 2.963 1.998 1.979 1.947 1.941 1.94 1.931 1.912 1.896 1.887 1.881 1.87 1.864 1.852 1.847 1.819 1.701 1.68 1.666 1.659 1.649 1.63 1.571 1.568 1.536 1.536 1.536 1.536 1.536 1.543 1.556 1.556 1.566 1.614 1.632 1.651 1.651 1.651 1.649 1.645 1.636 1.63 1.618 1.617 1.606 1.604 1.595 1.595 1.589 1.575 1.573 1.566 1.565 1.563 1.562 1.555 1.546 1.545 1.538 1.536 1.532 1.529 1.518 1.516 1.502 1.5 1.499 1.493 1.489 1.487 1.486 1.478 1.478 1.472 1.47 1.463 1.461 1.461 1.456 1.45 1.447 1.443 1.435 1.433 1.433 1.433 1.433 1.434 1.434 1.431 1.431 1.421 1.419 1.418 1.412 1.412 1.411 1.411 1.411 1.403 1.402 1.402 1.4 1.4 1.398 1.396 1.396 1.396 1.392 1.396 1.392 1.388 1.387 1.387 1.385 1.385 1.381 1.383 1.385 1.383 1.381 1.383 1.381 1.378 1.378 1.378 1.378 1.373 1.375 1.375 1.374 1.374 1.374 1.374 1.372 1.376 1.376 1.376 1.376 1.376 1.377 1.377 1.378 1.378 1.378 1.379 1.379 1.379 1.384 1.384 1.385 1.385 1.387 1.387 1.387 1.39 1.39 1.39 1.39 1.39 1.39 1.394 1.401 1.404 1.404 1.406 1.407 1.407 1.407 1.411 1.41 1.411 1.411 1.415 1.418 1.426 1.427 1.43 1.435 1.436 1.436 1.436 1.435 1.435 1.435 1.439 1.441 1.444 1.447 1.449 1.455 2.824 2.824 2.824 2.785 2.731 2.711 2.708 2.703 2.703 2.685 2.651 2.529 2.529 2.529 2.532 2.544 2.549 2.553 2.554 2.569 2.58 2.586 2.594 2.595 2.6 2.615 2.615 2.615 0 0 0 0 0 0.007 0 0 0 0 0 0 0 0 0 0.007 0 0 0 2.097 1.897 1.867 1.867 1.804 1.792 1.789 1.782 1.782 1.789 1.789 1.809 1.814 1.844 1.853 1.853 1.859 1.877 1.891 1.893 1.907 1.925 1.929 1.944 1.95 1.969 1.985 1.991 2.008 2.02 2.026 2.029 2.029 2.03 2.03 2.02 1.967 1.966 1.966 1.949 1.949 1.949 1.955 1.955 2.258 2.269 2.287 2.287 2.307 2.323 2.339 2.339 2.339 0.618 0.616 0.616 0.616 0.605 0.605 0.602 0.601 0.6 0.6 0.597 0.595 0.593 0.591 0.591 0.588 0.588 0.587 0.584 0.584 0.579 0.576 0.579 0.574 0.569 0.572 0.572 0.569 0.568 0.571 0.565 0.565 0.565 0.563 0.562 0.562 0.558 0.555 0.555 0.553 0.552 0.552 0.552 0.551 0.549 0.549 0.549 0.549 0.544 0.547 0.547 0.544 0.542 0.542 0.542 0.542 0.543 0.543 0.535 0.535 0.535 0.534 0.534 0.535 0.534 0.531 0.526 0.526 0.526 0.531 0.532 0.532 0.535 0.535 0.532 0.527 0.53 0.53 0.531 0.53 0.53 0.529 0.529 0.528 0.527 0.528 0.535 0.528 0.527 0.53 0.53 0.527 0.53 0.53 0.53 0.53 0.53 0.53 0.53 0.53 0.53 0.531 0.531 0.531 0.529 0.529 0.529 0.529 0.532 0.532 0.532 0.528 0.528 0.528 0.533 0.532 0.532 0.532 0.522 0.522 0.522 0.525 0.533 0.724 0.841 0.841 0.853 0.853 0.849 0.849 0.849 0.849 0.855 0.855 0.856 0.856 0.857 0.857 0.859 0.861 0.861 0.865 0.865 0.866 0.872 0.872 0.872 0.872 0.874 0.879 0.881 0.886 0.886 0.886 0.886 0.886 0.887 0.888 0.889 0.89 0.89 0.895 0.899 0.912 1.391 1.4 1.4 1.393 1.393 1.4 1.394 1.394 1.411 1.394 1.394 1.4 1.4 1.394 1.394 1.391 1.391 1.386 1.386 1.386 1.091 1.088 1.085 1.088 1.088 1.097 0 0 0 
1 1 1 1 1 1 1 1 1 1 1 1 1 1 1 1 1 1 1 1 1 1 1 1 1 1 1 1 1 1 1 1 1 1 1 1 1 1 1 1 1 1 1 1 1 1 1 1 1 1 1 1 1 1 1 1 1 1 1 1 1 1 1 1 1 1 1 1 1 1 1 1 1 1 1 1 1 1 1 1 1 1 1 1 1 1 1 1 1 1 1 1 1 1 1 1 1 1 1 1 1 1 1 1 1 1 1 1 1 1 1 1 1 1 1 1 1 1 1 1 1 1 1 1 1 1 1 1 1 1 1 1 1 1 1 1 1 1 1 1 1 1 1 1 1 1 1 1 1 1 1 1 1 1 1 1 1 1 1 1 1 1 1 1 1 1 1 1 1 1 1 1 1 1 1 1 1 1 1 1 1 1 1 1 1 1 1 1 1 1 1 1 1 1 1 1 1 1 1 1 1 1 1 1 1 1 1 1 1 1 1 1 1 1 1 1 1 1 1 1 1 1 1 1 1 1 1 1 1 1 1 1 1 1 1 1 1 1 1 1 1 1 1 1 1 1 1 1 1 1 1 1 1 1 1 1 1 1 1 1 1 1 1 1 1 1 1 1 1 1 1 1 1 1 1 1 1 1 1 1 1 1 1 1 1 1 1 1 1 1 1 1 1 1 1 1 1 1 1 1 1 1 1 1 1 1 1 1 1 1 1 1 1 1 1 1 1 1 1 1 1 1 1 1 1 1 1 1 1 1 1 1 1 1 1 1 1 1 1 1 1 1 1 1 1 1 1 1 1 1 1 1 1 1 1 1 1 1 1 1 1 1 1 1 1 1 1 1 1 1 1 1 1 1 1 1 1 1 1 1 1 1 1 1 1 1 1 1 1 1 1 1 1 1 1 1 1 1 1 1 1 1 1 1 1 1 1 1 1 1 1 1 1 1 1 1 1 0 0 0 0 0 0 0 0 0 0 0 0 0 0 0 0 0 0 0 1 1 1 1 1 1 1 1 1 1 1 1 1 1 1 1 1 1 1 1 1 1 1 1 1 1 1 1 1 1 1 1 1 1 1 1 1 1 1 1 1 1 1 1 1 1 1 1 1 1 1 1 1 1 1 1 1 1 1 1 1 1 1 1 1 1 1 1 1 1 1 1 1 1 1 1 1 1 1 1 1 1 1 1 1 1 1 1 1 1 1 1 1 1 1 1 1 1 1 1 1 1 1 1 1 1 1 1 1 1 1 1 1 1 1 1 1 1 1 1 1 1 1 1 1 1 1 1 1 1 1 1 1 1 1 1 1 1 1 1 1 1 1 1 1 1 1 1 1 1 1 1 1 1 1 1 1 1 1 1 1 1 1 1 1 1 1 1 1 1 1 1 1 1 1 1 1 1 1 1 1 1 1 1 1 1 1 1 1 1 1 1 1 1 1 1 1 1 1 1 1 1 1 1 1 1 1 1 1 1 1 1 1 1 1 1 1 1 1 1 1 1 1 1 1 1 1 1 1 1 1 1 1 1 1 1 1 1 1 1 1 1 1 0 0 0 
