# This file contains a 2D laser scan observation. 
# Its format is: 
# [aperture] [max_range] [number_of_scans] 
# [vector_of_scans] 
# [vector_of_valid_scans] 
# The aperture of the sensor is in radians, the maximum range 
# and measurements are in meters. '1' means a valid scan, '0' otherwise.
4.1847
5.6
682
0.364 0.364 0.368 0.368 0.368 0.366 0.368 0.372 0.375 0.375 0.376 0.376 0.376 0.379 0.379 0.379 0.384 0.384 0.384 0.387 0.387 0.391 0.395 0.395 0.395 0.395 0.395 0.395 0.396 0.401 0.401 0.405 0.407 0.409 0.409 0.411 0.419 0.421 0.423 0.426 0.426 0.426 0.427 0.431 0.433 0.434 0.436 0.436 0.44 0.442 0.449 0.452 0.452 0.452 0.456 0.457 0.457 0.458 0.458 0.467 0.468 0.47 0.474 0.477 0.478 0.481 0.485 0.485 0.495 0.495 0.498 0.499 0.512 0.513 0.516 0.516 0.524 0.525 0.527 0.53 0.542 0.546 0.547 0.558 0.561 0.562 0.573 0.573 0.578 0.584 0.588 0.594 0.599 0.601 0.61 0.616 0.62 0.62 0.633 0.637 0.647 0.655 0.66 0.66 0.662 0.655 0.658 0.65 0.65 0.65 0.647 0.645 0.641 0.634 0.63 0.609 0.608 0.608 0.609 0.609 0.611 0.611 0.609 0.599 0.598 0.598 0.598 0.598 0.598 0.598 0.598 0.593 0.591 0.591 0.587 0.591 0.594 0.599 0.609 0.672 0.672 0.672 0.658 0.658 0.658 0.658 0.651 0.65 0.65 0.65 0.651 0.666 0.687 0.687 0.735 0.753 0.756 0.789 0.868 0.007 0.015 0.923 0.959 0.959 0.959 1.058 1.073 0 1.242 1.283 0 2.995 2.995 2.995 2.995 2.995 2.997 2.995 2.993 2.991 2.991 2.987 2.987 2.986 2.986 2.984 2.986 2.987 2.988 2.987 2.987 2.992 2.992 2.99 2.992 2.992 2.99 2.984 2.984 2.652 2.652 2.651 2.647 2.558 2.558 2.556 2.549 2.515 2.495 2.494 2.472 2.466 2.464 2.464 2.464 2.536 2.544 2.544 2.544 2.541 2.526 2.512 2.47 2.444 2.444 2.444 2.473 2.595 2.595 2.595 2.587 2.587 2.587 2.591 2.739 3.109 3.118 3.124 3.127 3.128 3.139 3.154 3.155 3.164 3.169 3.179 3.183 3.192 3.204 3.208 3.215 3.221 3.238 3.238 3.246 3.256 3.265 3.275 3.275 3.275 3.231 2.912 2.912 2.909 2.905 2.897 2.847 2.844 2.804 2.789 2.772 2.738 2.672 2.668 2.655 2.632 2.608 2.591 2.591 2.557 2.527 1.255 1.244 1.228 1.222 1.206 1.2 1.195 1.173 1.164 1.155 1.142 1.135 1.13 1.117 1.115 1.099 1.023 0.924 0.922 0.919 0.918 0.911 0.889 0.829 0.806 0.806 0.794 0.778 0.776 0.775 0.769 0.768 0.768 0.768 0.768 0.777 0.782 0.782 0.784 0.785 0.797 0.799 0.811 0.812 0.826 0.837 0.852 0.852 0.853 0.858 0.866 0.876 0.883 0.883 0.883 0.868 0.868 0.867 0.857 0.856 0.854 0.849 0.848 0.846 0.844 0.84 0.832 0.832 0.829 0.82 0.819 0.818 0.815 0.815 0.809 0.807 0.806 0.799 0.796 0.796 0.796 0.796 0.79 0.785 0.785 0.782 0.781 0.781 0.779 0.778 0.773 0.766 0.765 0.762 0.762 0.758 0.758 0.757 0.754 0.752 0.75 0.749 0.747 0.747 0.747 0.744 0.744 0.744 0.744 0.731 0.731 0.733 0.731 0.731 0.733 0.733 0.731 0.731 0.729 0.729 0.724 0.726 0.726 0.724 0.723 0.723 0.721 0.718 0.716 0.718 0.716 0.715 0.715 0.714 0.714 0.714 0.715 0.715 0.715 0.714 0.714 0.71 0.71 0.71 0.708 0.709 0.709 0.708 0.708 0.708 0.708 0.708 0.708 0.71 0.71 0.71 0.71 0.71 0.71 0.71 0.707 0.705 0.707 0.706 0.706 0.698 0.706 0.698 0.698 0.7 0.705 0.7 0.705 0.701 0.704 0.704 0.704 0.704 0.704 0.705 0.705 0.71 0.71 0.71 0.71 0.71 0.707 0.707 0.707 0.708 0.708 0.709 0.71 0.71 0.711 0.711 0.717 0.717 0.718 0.717 0.718 0.718 0.72 0.721 0.724 0.728 0.728 0.728 0.731 0.731 0.732 0.734 0.734 0.734 0.734 0.737 0.737 0.737 0.737 0.739 0.739 0.742 0.744 0.744 0.745 0.745 0.748 0.75 0.751 0.753 0.754 0.761 0.761 0.763 0.765 0.77 0.77 0.771 0.771 0.78 0.78 0.78 0.789 0.789 0.787 0.789 0.79 0.79 0.793 0.799 0.8 0.802 0.802 0.804 0.812 0.809 0.812 0.813 0.823 0.825 0.832 0.836 0.838 0.839 0.839 0.841 0.848 0.853 0.856 0.861 0.862 0.863 0.863 0.872 0.878 0.885 0.885 0.888 0.895 0.902 0.905 0.905 0.916 0.918 0.925 0.927 0.929 0.935 0.945 0.947 0.95 0.95 0.954 0.971 0.973 0.978 0.989 1 1.003 1.016 1.019 1.024 1.037 1.042 1.045 1.047 1.048 1.063 1.065 1.07 1.076 1.93 0.015 0.007 1.93 1.901 1.882 1.871 1.866 1.861 1.857 1.817 1.817 1.805 1.787 1.775 1.775 1.754 1.748 1.748 1.748 1.748 1.748 1.694 1.686 1.681 1.658 1.658 1.658 1.683 1.701 1.701 1.701 1.672 1.67 1.663 1.66 1.656 1.655 1.651 1.655 1.656 1.689 1.761 1.783 1.783 1.819 1.84 1.861 1.903 1.947 1.976 1.999 1.999 1.999 1.999 1.995 1.986 1.981 1.973 1.973 1.973 1.971 0 0.007 3.403 3.397 3.397 3.392 3.392 3.387 3.382 3.376 3.371 3.369 3.369 3.369 3.366 3.366 3.367 3.367 3.458 3.458 3.565 3.687 3.979 4.424 0.007 0 0.007 5.144 
1 1 1 1 1 1 1 1 1 1 1 1 1 1 1 1 1 1 1 1 1 1 1 1 1 1 1 1 1 1 1 1 1 1 1 1 1 1 1 1 1 1 1 1 1 1 1 1 1 1 1 1 1 1 1 1 1 1 1 1 1 1 1 1 1 1 1 1 1 1 1 1 1 1 1 1 1 1 1 1 1 1 1 1 1 1 1 1 1 1 1 1 1 1 1 1 1 1 1 1 1 1 1 1 1 1 1 1 1 1 1 1 1 1 1 1 1 1 1 1 1 1 1 1 1 1 1 1 1 1 1 1 1 1 1 1 1 1 1 1 1 1 1 1 1 1 1 1 1 1 1 1 1 1 1 1 1 1 1 0 0 1 1 1 1 1 1 0 1 1 0 1 1 1 1 1 1 1 1 1 1 1 1 1 1 1 1 1 1 1 1 1 1 1 1 1 1 1 1 1 1 1 1 1 1 1 1 1 1 1 1 1 1 1 1 1 1 1 1 1 1 1 1 1 1 1 1 1 1 1 1 1 1 1 1 1 1 1 1 1 1 1 1 1 1 1 1 1 1 1 1 1 1 1 1 1 1 1 1 1 1 1 1 1 1 1 1 1 1 1 1 1 1 1 1 1 1 1 1 1 1 1 1 1 1 1 1 1 1 1 1 1 1 1 1 1 1 1 1 1 1 1 1 1 1 1 1 1 1 1 1 1 1 1 1 1 1 1 1 1 1 1 1 1 1 1 1 1 1 1 1 1 1 1 1 1 1 1 1 1 1 1 1 1 1 1 1 1 1 1 1 1 1 1 1 1 1 1 1 1 1 1 1 1 1 1 1 1 1 1 1 1 1 1 1 1 1 1 1 1 1 1 1 1 1 1 1 1 1 1 1 1 1 1 1 1 1 1 1 1 1 1 1 1 1 1 1 1 1 1 1 1 1 1 1 1 1 1 1 1 1 1 1 1 1 1 1 1 1 1 1 1 1 1 1 1 1 1 1 1 1 1 1 1 1 1 1 1 1 1 1 1 1 1 1 1 1 1 1 1 1 1 1 1 1 1 1 1 1 1 1 1 1 1 1 1 1 1 1 1 1 1 1 1 1 1 1 1 1 1 1 1 1 1 1 1 1 1 1 1 1 1 1 1 1 1 1 1 1 1 1 1 1 1 1 1 1 1 1 1 1 1 1 1 1 1 1 1 1 1 1 1 1 1 1 1 1 1 1 1 1 1 1 1 1 1 1 1 1 1 1 1 1 1 1 1 1 1 1 1 1 1 1 1 1 1 1 1 1 1 1 1 1 1 1 1 1 1 1 1 1 1 1 1 1 1 1 1 1 1 1 1 1 0 0 1 1 1 1 1 1 1 1 1 1 1 1 1 1 1 1 1 1 1 1 1 1 1 1 1 1 1 1 1 1 1 1 1 1 1 1 1 1 1 1 1 1 1 1 1 1 1 1 1 1 1 1 1 1 1 1 1 1 1 0 0 1 1 1 1 1 1 1 1 1 1 1 1 1 1 1 1 1 1 1 1 1 1 0 0 0 1 
