# This file contains a 2D laser scan observation. 
# Its format is: 
# [aperture] [max_range] [number_of_scans] 
# [vector_of_scans] 
# [vector_of_valid_scans] 
# The aperture of the sensor is in radians, the maximum range 
# and measurements are in meters. '1' means a valid scan, '0' otherwise.
4.1847
5.6
682
0.543 0.543 0.538 0.538 0.544 0.538 0.538 0.541 0.538 0.537 0.536 0.536 0.536 0.531 0.529 0.529 0.529 0.526 0.525 0.525 0.53 0.525 0.528 0.528 0.528 0.528 0.529 0.529 0.529 0.529 0.526 0.524 0.521 0.521 0.521 0.521 0.521 0.521 0.521 0.52 0.52 0.52 0.52 0.521 0.522 0.525 0.525 0.525 0.525 0.521 0.521 0.521 0.521 0.521 0.521 0.524 0.521 0.519 0.519 0.519 0.519 0.519 0.521 0.521 0.517 0.502 0.438 0.429 0.394 0.381 0.376 0.374 0.373 0.372 0.372 0.372 0.372 0.368 0.368 0.368 0.369 0.373 0.373 0.373 0.373 0.373 0.373 0.374 0.378 0.38 0.386 0.388 0.392 0.392 0.388 0.386 0.383 0.383 0.385 0.386 0.386 0.391 0.397 0.442 0.442 0.442 0.442 0.373 0.357 0.357 0.353 0.341 0.341 0.341 0.339 0.339 0.339 0.339 0.339 0.349 0.349 0.349 0.349 0.349 0.349 0.349 0.351 0.351 0.351 0.351 0.351 0.353 0.354 0.357 0.359 0.361 0.362 0.368 0.372 0.372 0.377 0.377 0.386 0.393 0.397 0.398 0.397 0.4 0.402 0.402 0.403 0.405 0.405 0.406 0.406 0.406 0.409 0.41 0.411 0.412 0.412 0.412 0.412 0.412 0.415 0.417 0.421 0.426 0.426 0.43 0.431 0.431 0.432 0.434 0.435 0.438 0.439 0.443 0.445 0.45 0.45 0.463 0.471 0.472 0.473 0.476 0.477 0.477 0.477 0.477 0.476 0.475 0.475 0.476 0.482 0.493 0.495 0.496 0.501 0.502 0.514 0.525 0.531 0.533 0.534 0.537 0.537 0.541 0.542 0.55 0.553 0.554 0.57 0.571 0.573 0.575 0.586 0.596 0.596 0.609 0.61 0.622 0.626 0.627 0.63 0.634 0.634 0.634 0.634 0.637 0.641 0.656 0.673 0.697 0.697 0.699 0.719 0.719 0.731 0.735 0.747 0.763 0.771 0.785 0.802 0.807 0.817 0.817 0.817 0.816 0.816 0.816 0.83 0.879 1.324 1.343 1.357 1.358 1.374 1.414 0 0 0 0 0 0 0 0 0 0 0 0 0 0 0 0 0 0 0 2.527 2.521 2.517 2.517 2.517 2.517 2.515 2.51 2.507 2.505 2.505 2.505 2.502 2.497 2.497 2.497 2.497 2.497 2.497 2.497 2.493 2.491 2.493 2.494 2.494 2.494 2.494 2.49 2.487 2.487 2.485 2.48 2.15 2.143 2.141 2.105 2.047 2.042 2.039 2.036 2.036 1.989 1.983 1.955 1.945 1.935 1.935 1.929 1.929 1.929 1.98 2.014 2.014 2.014 2.01 2.008 1.995 1.981 1.957 1.955 1.925 1.905 1.905 1.905 1.922 2.064 2.065 2.065 2.064 2.056 2.044 2.044 2.044 2.046 2.113 2.576 2.585 2.591 2.591 2.594 2.6 2.606 2.609 2.618 2.626 2.627 2.63 2.643 2.648 2.65 2.662 2.665 2.674 2.679 2.69 2.69 2.703 2.707 2.708 2.717 2.719 2.73 2.735 2.742 2.751 2.764 2.767 2.767 2.767 2.403 2.403 2.392 2.392 2.388 2.35 2.346 2.334 2.306 2.285 2.272 2.243 2.212 2.185 2.169 2.151 2.146 2.117 2.1 2.091 2.074 2.052 2.03 2.019 2.002 1.987 1.971 1.956 1.945 1.922 1.919 1.898 1.879 1.874 1.859 1.851 1.83 1.817 1.815 1.796 1.787 1.787 1.764 1.748 0.75 0.75 0.743 0.739 0.734 0.727 0.717 0.713 0.712 0.709 0.709 0.702 0.694 0.693 0.684 0.684 0.683 0.679 0.675 0.675 0.674 0.669 0.666 0.665 0.658 0.655 0.655 0.65 0.643 0.643 0.637 0.632 0.625 0.626 0.625 0.625 0.621 0.621 0.62 0.61 0.606 0.603 0.6 0.6 0.6 0.599 0.599 0.598 0.588 0.586 0.586 0.584 0.577 0.576 0.557 0.493 0.493 0.488 0.488 0.486 0.488 0.486 0.481 0.48 0.48 0.476 0.476 0.476 0.474 0.474 0.474 0.474 0.473 0.472 0.47 0.467 0.46 0.464 0.459 0.459 0.459 0.459 0.458 0.458 0.462 0.458 0.457 0.457 0.438 0.398 0.395 0.391 0.391 0.39 0.385 0.39 0.392 0.392 0.392 0.392 0.391 0.39 0.382 0.379 0.379 0.382 0.379 0.382 0.382 0.377 0.377 0.378 0.377 0.376 0.378 0.378 0.373 0.377 0.379 0.382 0.383 0.39 0.396 0.421 0.472 0.528 0.537 0.54 0.54 0.542 0.542 0.544 0.544 0.544 0.544 0.544 0.543 0.537 0.537 0.537 0.537 0.537 0.541 0.545 0.545 0.545 0.545 0.547 0.544 0.542 0.542 0.539 0.538 0.538 0.539 0.539 0.542 0.545 0.545 0.546 0.549 0.549 0.549 0.548 0.548 0.548 0.548 0.549 0.549 0.551 0.551 0.551 0.552 0.552 0.552 0.557 0.557 0.557 0.56 0.56 0.557 0.56 0.562 0.557 0.562 0.562 0.562 0.562 0.568 0.562 0.568 0.571 0.573 0.572 0.573 0.579 0.573 0.579 0.579 0.576 0.576 0.58 0.585 0.585 0.585 0.585 0.585 0.585 0.596 0.596 0.597 0.597 0.601 0.603 0.604 0.608 0.608 0.608 0.608 0.61 0.612 0.612 0.618 0.627 0.626 0.627 0.628 0.631 0.631 0.634 0.635 0.635 0.643 0.652 0.654 0.654 0.657 0.659 0.662 0.663 0.668 0.671 0.677 0.678 0.678 0.678 0.68 0.68 0.688 0.688 
1 1 1 1 1 1 1 1 1 1 1 1 1 1 1 1 1 1 1 1 1 1 1 1 1 1 1 1 1 1 1 1 1 1 1 1 1 1 1 1 1 1 1 1 1 1 1 1 1 1 1 1 1 1 1 1 1 1 1 1 1 1 1 1 1 1 1 1 1 1 1 1 1 1 1 1 1 1 1 1 1 1 1 1 1 1 1 1 1 1 1 1 1 1 1 1 1 1 1 1 1 1 1 1 1 1 1 1 1 1 1 1 1 1 1 1 1 1 1 1 1 1 1 1 1 1 1 1 1 1 1 1 1 1 1 1 1 1 1 1 1 1 1 1 1 1 1 1 1 1 1 1 1 1 1 1 1 1 1 1 1 1 1 1 1 1 1 1 1 1 1 1 1 1 1 1 1 1 1 1 1 1 1 1 1 1 1 1 1 1 1 1 1 1 1 1 1 1 1 1 1 1 1 1 1 1 1 1 1 1 1 1 1 1 1 1 1 1 1 1 1 1 1 1 1 1 1 1 1 1 1 1 1 1 1 1 1 1 1 1 1 1 1 1 1 1 1 1 1 1 1 1 1 1 1 1 1 1 1 1 0 0 0 0 0 0 0 0 0 0 0 0 0 0 0 0 0 0 0 1 1 1 1 1 1 1 1 1 1 1 1 1 1 1 1 1 1 1 1 1 1 1 1 1 1 1 1 1 1 1 1 1 1 1 1 1 1 1 1 1 1 1 1 1 1 1 1 1 1 1 1 1 1 1 1 1 1 1 1 1 1 1 1 1 1 1 1 1 1 1 1 1 1 1 1 1 1 1 1 1 1 1 1 1 1 1 1 1 1 1 1 1 1 1 1 1 1 1 1 1 1 1 1 1 1 1 1 1 1 1 1 1 1 1 1 1 1 1 1 1 1 1 1 1 1 1 1 1 1 1 1 1 1 1 1 1 1 1 1 1 1 1 1 1 1 1 1 1 1 1 1 1 1 1 1 1 1 1 1 1 1 1 1 1 1 1 1 1 1 1 1 1 1 1 1 1 1 1 1 1 1 1 1 1 1 1 1 1 1 1 1 1 1 1 1 1 1 1 1 1 1 1 1 1 1 1 1 1 1 1 1 1 1 1 1 1 1 1 1 1 1 1 1 1 1 1 1 1 1 1 1 1 1 1 1 1 1 1 1 1 1 1 1 1 1 1 1 1 1 1 1 1 1 1 1 1 1 1 1 1 1 1 1 1 1 1 1 1 1 1 1 1 1 1 1 1 1 1 1 1 1 1 1 1 1 1 1 1 1 1 1 1 1 1 1 1 1 1 1 1 1 1 1 1 1 1 1 1 1 1 1 1 1 1 1 1 1 1 1 1 1 1 1 1 1 1 1 1 1 1 1 1 1 1 1 1 1 1 1 1 1 1 1 1 1 1 1 1 1 1 1 1 1 1 1 1 1 1 1 1 1 1 1 1 1 1 1 1 1 1 1 1 1 1 1 1 1 1 1 1 1 1 1 1 1 1 1 1 1 1 1 1 1 1 1 1 1 1 1 1 1 1 
