# This file contains a 2D laser scan observation. 
# Its format is: 
# [aperture] [max_range] [number_of_scans] 
# [vector_of_scans] 
# [vector_of_valid_scans] 
# The aperture of the sensor is in radians, the maximum range 
# and measurements are in meters. '1' means a valid scan, '0' otherwise.
4.1847
5.6
682
0.548 0.548 0.548 0.544 0.544 0.544 0.543 0.538 0.538 0.537 0.537 0.538 0.537 0.536 0.536 0.536 0.535 0.535 0.535 0.535 0.535 0.535 0.532 0.535 0.53 0.528 0.528 0.53 0.529 0.528 0.526 0.527 0.526 0.524 0.526 0.524 0.524 0.524 0.525 0.525 0.525 0.524 0.524 0.524 0.524 0.522 0.527 0.527 0.527 0.524 0.527 0.527 0.527 0.524 0.526 0.524 0.522 0.509 0.436 0.41 0.378 0.371 0.37 0.368 0.368 0.357 0.356 0.357 0.37 0.37 0.371 0.371 0.371 0.371 0.367 0.362 0.362 0.367 0.377 0.384 0.384 0.385 0.385 0.385 0.385 0.385 0.383 0.383 0.38 0.38 0.38 0.388 0.389 0.397 0.424 0.451 0.451 0.451 0.353 0.349 0.342 0.342 0.341 0.335 0.341 0.338 0.338 0.338 0.338 0.335 0.335 0.335 0.335 0.336 0.336 0.337 0.342 0.341 0.342 0.342 0.342 0.343 0.345 0.345 0.347 0.347 0.347 0.348 0.353 0.355 0.355 0.358 0.358 0.37 0.37 0.375 0.38 0.381 0.385 0.389 0.389 0.39 0.395 0.395 0.39 0.394 0.39 0.39 0.39 0.393 0.393 0.397 0.393 0.393 0.397 0.397 0.397 0.399 0.399 0.399 0.402 0.406 0.406 0.406 0.411 0.411 0.411 0.421 0.421 0.422 0.427 0.427 0.427 0.432 0.432 0.436 0.442 0.443 0.447 0.449 0.45 0.456 0.457 0.461 0.461 0.458 0.46 0.46 0.458 0.46 0.465 0.468 0.479 0.479 0.479 0.484 0.49 0.5 0.501 0.505 0.508 0.508 0.512 0.518 0.52 0.521 0.521 0.525 0.525 0.538 0.54 0.549 0.549 0.559 0.562 0.576 0.58 0.581 0.582 0.584 0.609 0.609 0.611 0.611 0.61 0.61 0.613 0.613 0.619 0.622 0.63 0.639 0.662 0.675 0.689 0.689 0.696 0.697 0.714 0.718 0.726 0.737 0.751 0.752 0.776 0.787 0.791 0.793 0.793 0.8 0.796 0.796 0.801 0.814 0.939 1.284 1.314 1.326 1.328 1.348 1.377 0.007 0 0.007 0 0 0.007 0 0 0 0 0 0 0 0 0 0 0 0 0 0 0 2.486 2.486 2.488 2.488 2.488 2.489 2.489 2.488 2.479 2.479 2.476 2.476 2.475 2.475 2.474 2.474 2.473 2.473 2.472 2.47 2.468 2.465 2.464 2.464 2.464 2.461 2.461 2.459 2.459 2.456 2.452 2.129 2.12 2.115 2.111 2.055 2.012 2.012 2.011 2.011 1.986 1.963 1.933 1.933 1.913 1.909 1.908 1.905 1.905 1.905 1.973 1.98 1.98 1.981 1.98 1.976 1.969 1.946 1.928 1.912 1.892 1.879 1.879 1.879 1.892 1.999 2.03 2.03 2.03 2.03 2.012 2.012 2.012 2.013 2.071 2.181 2.556 2.561 2.567 2.578 2.58 2.581 2.584 2.593 2.597 2.602 2.612 2.613 2.624 2.627 2.636 2.641 2.642 2.644 2.655 2.663 2.674 2.676 2.682 2.697 2.703 2.704 2.718 2.72 2.73 2.734 2.74 2.74 2.74 2.388 2.383 2.383 2.367 2.367 2.322 2.32 2.315 2.297 2.264 2.254 2.226 2.208 2.169 2.154 2.141 2.123 2.111 2.111 2.102 2.07 2.046 2.027 2.009 1.993 1.975 1.965 1.949 1.929 1.913 1.905 1.901 1.879 1.865 1.846 1.84 1.828 1.81 1.797 1.796 1.786 1.761 1.746 1.735 1.712 1.71 1.658 0.73 0.729 0.728 0.724 0.718 0.711 0.707 0.706 0.699 0.695 0.689 0.689 0.683 0.68 0.68 0.675 0.673 0.673 0.662 0.661 0.661 0.656 0.643 0.643 0.643 0.639 0.639 0.639 0.634 0.625 0.624 0.619 0.619 0.619 0.618 0.609 0.609 0.609 0.609 0.605 0.605 0.6 0.6 0.595 0.595 0.597 0.595 0.591 0.591 0.58 0.577 0.577 0.562 0.577 0.562 0.562 0.562 0.562 0.558 0.546 0.478 0.475 0.475 0.473 0.473 0.475 0.473 0.472 0.472 0.472 0.465 0.465 0.465 0.461 0.457 0.457 0.457 0.457 0.457 0.457 0.457 0.453 0.453 0.453 0.453 0.453 0.452 0.452 0.449 0.449 0.45 0.446 0.448 0.448 0.446 0.435 0.414 0.388 0.388 0.388 0.39 0.39 0.39 0.39 0.388 0.387 0.382 0.382 0.382 0.382 0.383 0.383 0.383 0.38 0.377 0.377 0.377 0.377 0.376 0.376 0.376 0.376 0.375 0.371 0.371 0.371 0.371 0.371 0.372 0.382 0.394 0.462 0.537 0.537 0.539 0.542 0.543 0.542 0.542 0.543 0.543 0.544 0.546 0.546 0.546 0.546 0.546 0.542 0.542 0.543 0.543 0.543 0.543 0.543 0.543 0.543 0.541 0.541 0.543 0.54 0.543 0.543 0.543 0.54 0.549 0.549 0.549 0.548 0.549 0.549 0.548 0.547 0.549 0.553 0.552 0.552 0.554 0.558 0.558 0.559 0.559 0.559 0.559 0.559 0.566 0.567 0.567 0.567 0.568 0.568 0.572 0.572 0.573 0.578 0.578 0.578 0.578 0.578 0.578 0.579 0.579 0.58 0.58 0.586 0.59 0.591 0.591 0.592 0.592 0.593 0.602 0.605 0.605 0.605 0.605 0.609 0.61 0.616 0.617 0.617 0.621 0.621 0.621 0.625 0.629 0.63 0.638 0.639 0.641 0.642 0.649 0.651 0.651 0.651 0.656 0.661 0.663 0.668 0.668 0.67 0.673 0.676 0.679 0.684 
1 1 1 1 1 1 1 1 1 1 1 1 1 1 1 1 1 1 1 1 1 1 1 1 1 1 1 1 1 1 1 1 1 1 1 1 1 1 1 1 1 1 1 1 1 1 1 1 1 1 1 1 1 1 1 1 1 1 1 1 1 1 1 1 1 1 1 1 1 1 1 1 1 1 1 1 1 1 1 1 1 1 1 1 1 1 1 1 1 1 1 1 1 1 1 1 1 1 1 1 1 1 1 1 1 1 1 1 1 1 1 1 1 1 1 1 1 1 1 1 1 1 1 1 1 1 1 1 1 1 1 1 1 1 1 1 1 1 1 1 1 1 1 1 1 1 1 1 1 1 1 1 1 1 1 1 1 1 1 1 1 1 1 1 1 1 1 1 1 1 1 1 1 1 1 1 1 1 1 1 1 1 1 1 1 1 1 1 1 1 1 1 1 1 1 1 1 1 1 1 1 1 1 1 1 1 1 1 1 1 1 1 1 1 1 1 1 1 1 1 1 1 1 1 1 1 1 1 1 1 1 1 1 1 1 1 1 1 1 1 1 1 1 1 1 1 1 1 1 1 1 1 1 1 1 1 1 1 1 1 1 0 0 0 0 0 0 0 0 0 0 0 0 0 0 0 0 0 0 0 0 0 1 1 1 1 1 1 1 1 1 1 1 1 1 1 1 1 1 1 1 1 1 1 1 1 1 1 1 1 1 1 1 1 1 1 1 1 1 1 1 1 1 1 1 1 1 1 1 1 1 1 1 1 1 1 1 1 1 1 1 1 1 1 1 1 1 1 1 1 1 1 1 1 1 1 1 1 1 1 1 1 1 1 1 1 1 1 1 1 1 1 1 1 1 1 1 1 1 1 1 1 1 1 1 1 1 1 1 1 1 1 1 1 1 1 1 1 1 1 1 1 1 1 1 1 1 1 1 1 1 1 1 1 1 1 1 1 1 1 1 1 1 1 1 1 1 1 1 1 1 1 1 1 1 1 1 1 1 1 1 1 1 1 1 1 1 1 1 1 1 1 1 1 1 1 1 1 1 1 1 1 1 1 1 1 1 1 1 1 1 1 1 1 1 1 1 1 1 1 1 1 1 1 1 1 1 1 1 1 1 1 1 1 1 1 1 1 1 1 1 1 1 1 1 1 1 1 1 1 1 1 1 1 1 1 1 1 1 1 1 1 1 1 1 1 1 1 1 1 1 1 1 1 1 1 1 1 1 1 1 1 1 1 1 1 1 1 1 1 1 1 1 1 1 1 1 1 1 1 1 1 1 1 1 1 1 1 1 1 1 1 1 1 1 1 1 1 1 1 1 1 1 1 1 1 1 1 1 1 1 1 1 1 1 1 1 1 1 1 1 1 1 1 1 1 1 1 1 1 1 1 1 1 1 1 1 1 1 1 1 1 1 1 1 1 1 1 1 1 1 1 1 1 1 1 1 1 1 1 1 1 1 1 1 1 1 1 1 1 1 1 1 1 1 1 1 1 1 1 1 1 1 1 1 1 1 1 1 1 1 1 1 1 1 1 1 1 1 1 1 1 
