# This file contains a 2D laser scan observation. 
# Its format is: 
# [aperture] [max_range] [number_of_scans] 
# [vector_of_scans] 
# [vector_of_valid_scans] 
# The aperture of the sensor is in radians, the maximum range 
# and measurements are in meters. '1' means a valid scan, '0' otherwise.
4.1847
5.6
682
0.682 0.682 0.682 0.682 0.682 0.682 0.682 0.682 0.681 0.679 0.681 0.681 0.68 0.68 0.68 0.679 0.679 0.679 0.677 0.677 0.677 0.677 0.681 0.681 0.68 0.68 0.68 0.678 0.676 0.676 0.678 0.678 0.679 0.68 0.68 0.679 0.679 0.679 0.677 0.679 0.679 0.679 0.68 0.683 0.684 0.684 0.684 0.684 0.684 0.684 0.684 0.682 0.677 0.673 0.673 0.677 0.677 0.673 0.677 0.678 0.678 0.683 0.683 0.683 0.681 0.673 0.671 0.658 0.658 0.658 0.658 0.658 0.665 0.665 0.664 0.667 0.667 0.667 0.667 0.667 0.671 0.672 0.675 0.676 0.676 0.677 0.678 0.68 0.685 0.69 0.69 0.691 0.692 0.695 0.695 0.695 0.697 0.698 0.697 0.701 0.701 0.702 0.707 0.714 0.715 0.721 0.722 0.723 0.723 0.734 0.734 0.738 0.74 0.744 0.745 0.748 0.749 0.754 0.754 0.755 0.755 0.761 0.764 0.77 0.772 0.781 0.783 0.785 0.795 0.797 0.798 0.8 0.808 0.813 0.822 0.827 0.83 0.837 0.838 0.844 0.845 0.85 0.854 0.861 0.861 0.868 0.869 0.869 0.888 0.892 0.893 0.9 0.904 0.916 0.916 0.925 0.926 0.936 0.945 0.946 0.951 0.958 0.968 0.97 0.973 0.979 0.986 0.987 0.991 1.007 1.02 1.024 1.028 1.037 1.038 1.043 1.065 1.067 1.073 1.074 1.083 1.108 1.108 1.108 1.119 1.12 1.144 1.166 1.171 1.183 1.198 1.203 1.217 1.238 1.244 1.249 1.277 1.285 1.285 1.311 1.317 1.336 1.357 1.378 1.391 1.441 1.441 1.441 1.439 1.436 1.433 1.429 1.425 1.424 1.418 1.41 1.407 1.406 1.401 1.4 1.398 1.393 1.391 1.384 1.38 1.374 1.373 1.366 1.364 1.362 1.362 1.362 1.358 1.349 1.347 1.347 1.346 1.345 1.344 1.339 1.339 1.337 1.332 1.325 1.325 1.324 1.322 0.95 0.95 0.945 0.945 0.944 0.862 0.856 0.854 0.851 0.847 0.847 0.85 0.85 0.847 0.846 0.811 0.807 0.795 0.773 0.769 0.763 0.757 0.757 0.746 0.738 0.738 0.737 0.736 0.736 0.731 0.735 0.734 0.735 0.734 0.734 0.734 0.735 0.76 0.771 0.791 0.795 0.799 0.801 0.804 0.804 0.803 0.803 0.798 0.796 0.795 0.786 0.778 0.775 0.765 0.76 0.751 0.75 0.744 0.742 0.74 0.73 0.717 0.71 0.709 0.705 0.704 0.704 0.704 0.705 0.704 0.7 0.699 0.699 0.699 0.708 0.791 0.815 0.848 0.848 0.848 0.848 0.843 0.84 0.84 0.837 0.834 0.834 0.834 0.833 0.833 0.835 0.833 0.832 0.827 0.827 0.827 0.833 0.916 1.406 1.407 1.407 1.407 1.408 1.412 1.424 1.424 1.431 1.433 1.437 1.443 1.445 1.449 1.455 1.462 1.468 1.476 1.478 1.483 1.491 1.493 1.493 1.495 1.51 1.513 1.515 1.525 1.531 1.537 1.544 1.547 1.557 1.557 1.561 1.578 1.578 1.583 1.602 1.602 1.615 1.621 1.623 1.634 1.641 1.647 1.649 1.668 1.668 1.678 1.679 1.7 1.703 1.712 1.718 1.718 1.718 1.429 1.296 1.295 1.288 1.268 1.268 1.268 1.272 1.276 1.297 1.297 1.297 1.285 1.246 1.246 1.246 1.246 1.246 1.236 1.235 1.225 1.219 1.209 1.202 1.197 1.197 1.192 1.188 1.177 1.176 1.167 1.167 1.152 1.146 1.142 1.139 1.127 1.126 1.119 1.117 1.114 1.114 1.102 1.1 1.1 1.091 1.089 1.089 1.088 1.086 1.077 1.076 1.066 1.065 1.063 1.063 1.061 1.054 1.051 1.046 1.044 1.044 1.041 1.037 1.037 1.034 1.03 1.029 1.029 1.022 1.019 1.019 1.019 1.012 1.009 1.007 1.007 1.008 1.005 1.003 0.992 0.992 0.992 0.992 0.992 0.988 0.984 0.979 0.984 0.985 0.984 0.984 0.984 0.98 0.978 0.973 0.972 0.968 0.965 0.964 0.964 0.965 0.963 0.963 0.963 0.955 0.955 0.954 0.955 0.954 0.961 0.954 0.948 0.948 0.955 0.948 0.948 0.952 0.952 0.952 0.955 0.956 0.956 0.955 0.944 0.944 0.939 0.941 0.941 0.941 0.941 0.942 0.943 0.947 0.947 0.947 0.947 0.946 0.946 0.946 0.946 0.948 0.948 0.948 0.948 0.947 0.947 0.946 0.95 0.949 0.95 0.951 0.951 0.952 0.953 0.954 0.954 0.954 0.954 0.955 0.959 0.959 0.96 0.96 0.96 0.96 0.965 0.965 0.966 0.967 0.971 0.972 0.972 0.977 0.977 0.977 0.977 0.977 0.977 0.978 0.978 0.99 0.99 0.992 0.994 0.995 0.998 1.007 1.007 1.01 1.007 1.007 1.009 1.01 1.011 1.015 1.017 1.021 1.028 1.029 1.034 1.034 1.034 1.034 1.028 1.028 1.028 1.028 1.044 1.056 1.066 1.066 1.067 1.067 1.066 1.064 1.059 1.047 1.043 1.043 1.045 1.045 1.05 1.051 1.057 1.06 1.062 1.062 1.118 1.135 1.144 1.157 1.16 1.162 1.165 1.165 1.165 1.168 1.171 1.18 1.18 1.182 1.21 1.211 1.218 1.218 1.218 1.105 0.993 0.989 0.988 0.971 0.968 0.967 0.96 0.954 0.943 0.94 0.939 0.927 0.926 0.924 0.914 0.912 0.909 0.894 0.887 0.887 0.884 0.878 0.872 0.871 0.859 0.858 0.855 0.853 0.849 0.845 0.833 0.83 
1 1 1 1 1 1 1 1 1 1 1 1 1 1 1 1 1 1 1 1 1 1 1 1 1 1 1 1 1 1 1 1 1 1 1 1 1 1 1 1 1 1 1 1 1 1 1 1 1 1 1 1 1 1 1 1 1 1 1 1 1 1 1 1 1 1 1 1 1 1 1 1 1 1 1 1 1 1 1 1 1 1 1 1 1 1 1 1 1 1 1 1 1 1 1 1 1 1 1 1 1 1 1 1 1 1 1 1 1 1 1 1 1 1 1 1 1 1 1 1 1 1 1 1 1 1 1 1 1 1 1 1 1 1 1 1 1 1 1 1 1 1 1 1 1 1 1 1 1 1 1 1 1 1 1 1 1 1 1 1 1 1 1 1 1 1 1 1 1 1 1 1 1 1 1 1 1 1 1 1 1 1 1 1 1 1 1 1 1 1 1 1 1 1 1 1 1 1 1 1 1 1 1 1 1 1 1 1 1 1 1 1 1 1 1 1 1 1 1 1 1 1 1 1 1 1 1 1 1 1 1 1 1 1 1 1 1 1 1 1 1 1 1 1 1 1 1 1 1 1 1 1 1 1 1 1 1 1 1 1 1 1 1 1 1 1 1 1 1 1 1 1 1 1 1 1 1 1 1 1 1 1 1 1 1 1 1 1 1 1 1 1 1 1 1 1 1 1 1 1 1 1 1 1 1 1 1 1 1 1 1 1 1 1 1 1 1 1 1 1 1 1 1 1 1 1 1 1 1 1 1 1 1 1 1 1 1 1 1 1 1 1 1 1 1 1 1 1 1 1 1 1 1 1 1 1 1 1 1 1 1 1 1 1 1 1 1 1 1 1 1 1 1 1 1 1 1 1 1 1 1 1 1 1 1 1 1 1 1 1 1 1 1 1 1 1 1 1 1 1 1 1 1 1 1 1 1 1 1 1 1 1 1 1 1 1 1 1 1 1 1 1 1 1 1 1 1 1 1 1 1 1 1 1 1 1 1 1 1 1 1 1 1 1 1 1 1 1 1 1 1 1 1 1 1 1 1 1 1 1 1 1 1 1 1 1 1 1 1 1 1 1 1 1 1 1 1 1 1 1 1 1 1 1 1 1 1 1 1 1 1 1 1 1 1 1 1 1 1 1 1 1 1 1 1 1 1 1 1 1 1 1 1 1 1 1 1 1 1 1 1 1 1 1 1 1 1 1 1 1 1 1 1 1 1 1 1 1 1 1 1 1 1 1 1 1 1 1 1 1 1 1 1 1 1 1 1 1 1 1 1 1 1 1 1 1 1 1 1 1 1 1 1 1 1 1 1 1 1 1 1 1 1 1 1 1 1 1 1 1 1 1 1 1 1 1 1 1 1 1 1 1 1 1 1 1 1 1 1 1 1 1 1 1 1 1 1 1 1 1 1 1 1 1 1 1 1 1 1 1 1 1 1 1 1 1 1 1 1 1 1 1 1 1 1 1 1 1 1 1 1 1 1 1 1 1 1 1 1 1 1 1 1 1 1 1 1 1 1 1 1 1 1 1 1 1 1 1 1 1 1 1 
