# This file contains a 2D laser scan observation. 
# Its format is: 
# [aperture] [max_range] [number_of_scans] 
# [vector_of_scans] 
# [vector_of_valid_scans] 
# The aperture of the sensor is in radians, the maximum range 
# and measurements are in meters. '1' means a valid scan, '0' otherwise.
4.1847
5.6
682
0.782 0.782 0.782 0.782 0.782 0.781 0.781 0.781 0.781 0.781 0.781 0.783 0.785 0.783 0.785 0.791 0.791 0.791 0.791 0.79 0.79 0.792 0.797 0.797 0.799 0.802 0.803 0.803 0.803 0.805 0.805 0.805 0.808 0.813 0.814 0.814 0.816 0.816 0.819 0.819 0.82 0.827 0.829 0.831 0.835 0.835 0.839 0.839 0.845 0.848 0.851 0.851 0.856 0.858 0.863 0.865 0.865 0.867 0.867 0.872 0.874 0.879 0.882 0.884 0.885 0.889 0.89 0.891 0.892 0.899 0.9 0.904 0.913 0.916 0.916 0.919 0.921 0.923 0.925 0.941 0.941 0.945 0.945 0.948 0.954 0.954 0.961 0.962 0.963 0.972 0.976 0.984 0.984 0.988 0.996 0.999 0.999 1.008 1.015 1.019 1.026 1.031 1.031 1.04 1.041 1.042 1.058 1.062 1.065 1.074 1.076 1.082 1.084 1.095 1.1 1.107 1.113 1.128 1.128 1.132 1.139 1.152 1.165 1.169 1.175 1.18 1.195 1.202 1.212 1.227 1.228 1.235 1.237 1.238 1.251 1.256 1.265 1.289 1.301 1.312 1.328 1.35 1.35 1.35 1.34 1.336 1.333 1.328 1.322 1.32 1.319 1.31 1.302 1.296 1.291 1.29 1.287 1.287 1.274 1.268 1.268 1.264 1.263 1.254 1.252 1.252 1.251 1.238 1.236 1.225 1.225 1.223 1.223 0.774 0.715 0.715 0.713 0.713 0.714 0.714 0.711 0.711 0.667 0.635 0.621 0.612 0.6 0.59 0.583 0.583 0.581 0.581 0.58 0.571 0.569 0.568 0.569 0.569 0.569 0.571 0.571 0.571 0.571 0.574 0.584 0.586 0.595 0.608 0.608 0.621 0.631 0.634 0.634 0.637 0.646 0.646 0.638 0.637 0.634 0.627 0.62 0.617 0.616 0.599 0.593 0.589 0.583 0.569 0.563 0.553 0.552 0.542 0.54 0.527 0.526 0.515 0.513 0.51 0.51 0.513 0.509 0.509 0.509 0.51 0.509 0.51 0.507 0.507 0.501 0.504 0.504 0.504 0.508 0.527 0.549 0.568 0.573 0.593 0.602 0.631 0.655 0.655 0.655 0.648 0.645 0.642 0.642 0.639 0.638 0.632 0.628 0.628 0.628 0.624 0.62 0.62 0.62 0.62 0.619 0.617 0.617 0.624 0.62 0.624 0.624 0.62 0.62 0.626 0.698 0.732 0.74 0.741 1.16 1.162 1.165 1.165 1.168 1.173 1.179 1.18 1.182 1.184 1.185 1.186 1.188 1.189 1.192 1.196 1.198 1.203 1.203 1.203 1.213 1.215 1.222 1.223 1.224 1.23 1.23 1.233 1.233 1.247 1.249 1.26 1.261 1.261 1.264 1.27 1.271 1.283 1.283 1.283 1.295 1.297 1.305 1.308 1.313 1.317 1.319 1.319 1.329 1.335 1.342 1.354 1.358 1.359 1.368 1.375 1.38 1.381 1.398 1.399 1.406 1.407 1.419 1.425 1.439 1.452 1.453 1.457 1.471 1.486 1.49 1.49 1.49 1.463 1.11 1.063 1.061 1.047 1.045 1.044 1.038 1.038 1.038 1.043 1.043 1.071 1.071 1.071 1.053 1.04 1.008 1.008 1.008 1.01 1.01 1.015 1.015 1.008 1.004 0.992 0.989 0.988 0.983 0.976 0.973 0.968 0.964 0.957 0.955 0.954 0.954 0.95 0.944 0.936 0.933 0.932 0.926 0.919 0.91 0.91 0.908 0.908 0.906 0.897 0.897 0.896 0.892 0.892 0.892 0.893 0.893 0.893 0.882 0.882 0.881 0.881 0.877 0.877 0.869 0.869 0.866 0.866 0.866 0.862 0.859 0.859 0.859 0.857 0.857 0.853 0.853 0.846 0.844 0.844 0.843 0.843 0.843 0.841 0.841 0.841 0.841 0.841 0.841 0.84 0.832 0.83 0.83 0.829 0.829 0.829 0.828 0.829 0.822 0.821 0.819 0.819 0.817 0.817 0.817 0.817 0.816 0.816 0.816 0.814 0.816 0.814 0.814 0.814 0.814 0.814 0.814 0.814 0.813 0.811 0.81 0.81 0.81 0.806 0.81 0.813 0.81 0.808 0.808 0.808 0.808 0.811 0.811 0.811 0.811 0.807 0.807 0.812 0.812 0.807 0.807 0.807 0.807 0.808 0.808 0.808 0.811 0.811 0.811 0.813 0.814 0.819 0.819 0.82 0.819 0.819 0.815 0.819 0.818 0.818 0.818 0.822 0.818 0.82 0.825 0.827 0.827 0.83 0.832 0.831 0.832 0.832 0.834 0.832 0.837 0.837 0.837 0.837 0.837 0.837 0.837 0.844 0.845 0.846 0.849 0.858 0.861 0.861 0.861 0.863 0.863 0.865 0.866 0.87 0.87 0.87 0.871 0.873 0.876 0.878 0.878 0.89 0.89 0.892 0.893 0.894 0.895 0.897 0.9 0.904 0.907 0.911 0.916 0.917 0.918 0.922 0.929 0.931 0.935 0.935 0.937 0.942 0.944 0.944 0.948 0.958 0.965 0.97 0.971 0.971 0.971 0.971 0.98 0.986 0.991 0.996 1 1 0.996 0.996 0.996 0.996 1.025 1.039 1.047 1.048 1.064 1.064 1.064 1.056 1.035 1.034 1.034 1.034 1.039 1.047 1.049 1.057 1.063 1.064 1.132 1.157 1.16 1.167 1.175 1.184 1.186 1.191 1.195 1.195 1.226 1.235 1.239 1.246 1.25 1.26 1.261 1.262 1.275 1.308 1.308 1.308 1.028 1.026 1.026 1.026 1.018 1.018 1.015 1.014 1.006 0.994 0.994 0.993 0.989 0.986 0.979 0.976 0.974 0.971 0.968 0.965 0.961 0.947 0.947 0.946 0.942 0.939 0.938 0.939 0.931 0.929 0.928 0.925 0.919 0.918 
1 1 1 1 1 1 1 1 1 1 1 1 1 1 1 1 1 1 1 1 1 1 1 1 1 1 1 1 1 1 1 1 1 1 1 1 1 1 1 1 1 1 1 1 1 1 1 1 1 1 1 1 1 1 1 1 1 1 1 1 1 1 1 1 1 1 1 1 1 1 1 1 1 1 1 1 1 1 1 1 1 1 1 1 1 1 1 1 1 1 1 1 1 1 1 1 1 1 1 1 1 1 1 1 1 1 1 1 1 1 1 1 1 1 1 1 1 1 1 1 1 1 1 1 1 1 1 1 1 1 1 1 1 1 1 1 1 1 1 1 1 1 1 1 1 1 1 1 1 1 1 1 1 1 1 1 1 1 1 1 1 1 1 1 1 1 1 1 1 1 1 1 1 1 1 1 1 1 1 1 1 1 1 1 1 1 1 1 1 1 1 1 1 1 1 1 1 1 1 1 1 1 1 1 1 1 1 1 1 1 1 1 1 1 1 1 1 1 1 1 1 1 1 1 1 1 1 1 1 1 1 1 1 1 1 1 1 1 1 1 1 1 1 1 1 1 1 1 1 1 1 1 1 1 1 1 1 1 1 1 1 1 1 1 1 1 1 1 1 1 1 1 1 1 1 1 1 1 1 1 1 1 1 1 1 1 1 1 1 1 1 1 1 1 1 1 1 1 1 1 1 1 1 1 1 1 1 1 1 1 1 1 1 1 1 1 1 1 1 1 1 1 1 1 1 1 1 1 1 1 1 1 1 1 1 1 1 1 1 1 1 1 1 1 1 1 1 1 1 1 1 1 1 1 1 1 1 1 1 1 1 1 1 1 1 1 1 1 1 1 1 1 1 1 1 1 1 1 1 1 1 1 1 1 1 1 1 1 1 1 1 1 1 1 1 1 1 1 1 1 1 1 1 1 1 1 1 1 1 1 1 1 1 1 1 1 1 1 1 1 1 1 1 1 1 1 1 1 1 1 1 1 1 1 1 1 1 1 1 1 1 1 1 1 1 1 1 1 1 1 1 1 1 1 1 1 1 1 1 1 1 1 1 1 1 1 1 1 1 1 1 1 1 1 1 1 1 1 1 1 1 1 1 1 1 1 1 1 1 1 1 1 1 1 1 1 1 1 1 1 1 1 1 1 1 1 1 1 1 1 1 1 1 1 1 1 1 1 1 1 1 1 1 1 1 1 1 1 1 1 1 1 1 1 1 1 1 1 1 1 1 1 1 1 1 1 1 1 1 1 1 1 1 1 1 1 1 1 1 1 1 1 1 1 1 1 1 1 1 1 1 1 1 1 1 1 1 1 1 1 1 1 1 1 1 1 1 1 1 1 1 1 1 1 1 1 1 1 1 1 1 1 1 1 1 1 1 1 1 1 1 1 1 1 1 1 1 1 1 1 1 1 1 1 1 1 1 1 1 1 1 1 1 1 1 1 1 1 1 1 1 1 1 1 1 1 1 1 1 1 1 1 1 1 1 1 1 1 1 1 1 1 1 1 1 1 1 1 1 1 1 1 1 1 1 1 1 1 1 1 1 1 
