# This file contains a 2D laser scan observation. 
# Its format is: 
# [aperture] [max_range] [number_of_scans] 
# [vector_of_scans] 
# [vector_of_valid_scans] 
# The aperture of the sensor is in radians, the maximum range 
# and measurements are in meters. '1' means a valid scan, '0' otherwise.
4.1847
5.6
682
0.634 0.638 0.642 0.646 0.651 0.657 0.66 0.66 0.827 0.934 1.026 1.03 1.03 1.03 1.03 1.03 1.03 1.028 1.028 1.029 1.03 1.029 1.029 1.03 1.031 1.028 1.031 1.031 1.031 1.03 1.034 1.033 1.033 1.032 1.032 1.032 1.032 1.035 1.035 1.043 1.045 1.045 1.034 1.04 1.04 1.04 1.04 1.041 1.049 1.049 1.049 1.052 1.053 1.052 1.052 1.054 1.054 1.057 1.058 1.067 1.067 1.067 1.068 1.07 1.07 1.07 1.069 1.069 1.069 1.077 1.079 1.082 1.086 1.088 1.088 1.089 1.089 1.094 1.102 1.103 1.103 1.11 1.111 1.112 1.118 1.118 1.12 1.131 1.132 1.132 1.134 1.139 1.143 1.143 1.145 1.152 1.154 1.156 1.16 1.163 1.174 1.178 1.178 1.181 1.187 1.187 1.19 1.195 1.2 1.212 1.217 1.219 1.217 1.217 0.839 0.827 0.823 0.819 0.813 0.812 0.806 0.806 0.806 0.806 0.808 0.815 0.837 0.837 0.837 0.828 0.818 0.777 0.774 0.773 0.772 0.772 0.772 0.772 0.772 0.764 0.76 0.753 0.749 0.744 0.742 0.732 0.728 0.728 0.723 0.721 0.72 0.715 0.715 0.714 0.705 0.698 0.698 0.698 0.692 0.691 0.682 0.682 0.67 0.666 0.658 0.656 0.656 0.654 0.648 0.649 0.648 0.644 0.644 0.643 0.64 0.639 0.637 0.637 0.635 0.632 0.632 0.631 0.626 0.626 0.627 0.627 0.627 0.627 0.616 0.614 0.61 0.606 0.606 0.606 0.604 0.602 0.602 0.601 0.599 0.594 0.59 0.59 0.59 0.588 0.587 0.587 0.587 0.585 0.583 0.582 0.582 0.582 0.582 0.581 0.582 0.581 0.576 0.576 0.577 0.577 0.577 0.578 0.577 0.576 0.569 0.568 0.563 0.566 0.56 0.566 0.566 0.566 0.563 0.563 0.562 0.562 0.562 0.562 0.559 0.561 0.559 0.556 0.556 0.554 0.554 0.554 0.554 0.554 0.554 0.554 0.554 0.554 0.551 0.551 0.551 0.546 0.551 0.548 0.548 0.548 0.551 0.548 0.547 0.543 0.543 0.543 0.544 0.545 0.548 0.55 0.55 0.548 0.545 0.543 0.543 0.545 0.546 0.547 0.547 0.549 0.547 0.549 0.548 0.552 0.552 0.552 0.554 0.555 0.554 0.552 0.552 0.552 0.552 0.554 0.555 0.555 0.555 0.555 0.555 0.559 0.557 0.557 0.559 0.56 0.56 0.565 0.565 0.566 0.565 0.566 0.569 0.57 0.569 0.569 0.569 0.569 0.569 0.569 0.573 0.578 0.579 0.578 0.578 0.579 0.582 0.58 0.58 0.582 0.585 0.582 0.582 0.582 0.582 0.582 0.582 0.592 0.6 0.6 0.601 0.602 0.601 0.603 0.603 0.603 0.605 0.609 0.609 0.609 0.612 0.612 0.615 0.62 0.622 0.623 0.623 0.623 0.623 0.623 0.629 0.63 0.636 0.645 0.645 0.645 0.644 0.644 0.644 0.649 0.651 0.656 0.656 0.662 0.667 0.667 0.668 0.671 0.675 0.685 0.685 0.685 0.686 0.692 0.695 0.695 0.7 0.702 0.704 0.715 0.715 0.715 0.719 0.722 0.724 0.725 0.733 0.735 0.736 0.751 0.753 0.76 0.766 0.77 0.772 0.775 0.779 0.789 0.789 0.794 0.798 0.803 0.803 0.804 0.825 0.826 0.826 0.828 0.847 0.849 0.849 0.853 0.853 0.854 0.859 0.862 0.862 0.886 0.897 0.917 0.926 0.928 0.928 0.926 0.92 0.916 0.909 0.909 0.909 0.909 0.909 0.917 0.928 0.932 0.944 1.009 1.076 1.088 1.088 1.089 1.091 1.119 1.151 1.157 1.162 1.168 1.171 1.186 1.248 1.248 1.257 1.258 1.265 1.302 1.332 1.332 1.335 1.332 1.292 0.967 0.967 0.961 0.953 0.953 0.95 0.947 0.945 0.934 0.934 0.928 0.925 0.924 0.922 0.92 0.922 0.916 0.915 0.914 0.913 0.912 0.911 0.909 0.909 0.909 0.909 0.91 0.91 0.912 0.91 0.907 0.903 0.9 0.9 0.899 0.896 0.894 0.892 0.888 0.888 0.888 0.888 0.888 0.888 0.888 0.888 0.886 0.886 0.886 0.887 0.887 0.888 0.888 0.888 0.888 0.885 0.885 0.884 0.884 0.884 0.884 0.883 0.883 0.883 0.882 0.882 0.887 0.887 0.883 0.888 0.883 0.883 0.885 0.888 0.885 0.885 0.886 0.886 0.884 0.886 0.891 0.891 0.894 0.895 0.897 0.897 0.9 0.958 1.219 1.24 1.24 1.244 1.245 1.34 1.354 1.365 0 0 0 0 0 0 0 3.946 3.946 3.946 3.952 3.952 3.952 3.894 3.821 3.759 3.699 3.616 3.567 3.488 3.43 3.389 3.316 3.246 3.218 3.149 3.112 3.061 3.061 3.061 3.069 3.081 3.087 3.094 3.109 3.11 3.126 3.141 3.15 3.161 3.168 3.177 3.195 3.207 3.22 3.22 3.22 3.233 0 0 0 0 0 0 0 0 0 2.157 2.146 2.124 2.101 2.087 2.065 2.059 2.041 2.014 2.006 2.006 1.74 1.651 1.607 1.607 1.582 1.579 1.579 1.537 1.534 1.516 1.506 1.49 1.49 1.475 1.473 1.412 1.412 1.412 1.404 1.387 1.38 1.376 1.37 1.368 1.367 1.339 1.335 1.331 1.33 1.33 1.33 1.265 1.263 1.263 1.263 1.268 1.268 1.268 1.255 1.242 1.241 1.238 1.23 1.229 1.22 1.21 1.208 1.206 1.203 1.203 1.201 
1 1 1 1 1 1 1 1 1 1 1 1 1 1 1 1 1 1 1 1 1 1 1 1 1 1 1 1 1 1 1 1 1 1 1 1 1 1 1 1 1 1 1 1 1 1 1 1 1 1 1 1 1 1 1 1 1 1 1 1 1 1 1 1 1 1 1 1 1 1 1 1 1 1 1 1 1 1 1 1 1 1 1 1 1 1 1 1 1 1 1 1 1 1 1 1 1 1 1 1 1 1 1 1 1 1 1 1 1 1 1 1 1 1 1 1 1 1 1 1 1 1 1 1 1 1 1 1 1 1 1 1 1 1 1 1 1 1 1 1 1 1 1 1 1 1 1 1 1 1 1 1 1 1 1 1 1 1 1 1 1 1 1 1 1 1 1 1 1 1 1 1 1 1 1 1 1 1 1 1 1 1 1 1 1 1 1 1 1 1 1 1 1 1 1 1 1 1 1 1 1 1 1 1 1 1 1 1 1 1 1 1 1 1 1 1 1 1 1 1 1 1 1 1 1 1 1 1 1 1 1 1 1 1 1 1 1 1 1 1 1 1 1 1 1 1 1 1 1 1 1 1 1 1 1 1 1 1 1 1 1 1 1 1 1 1 1 1 1 1 1 1 1 1 1 1 1 1 1 1 1 1 1 1 1 1 1 1 1 1 1 1 1 1 1 1 1 1 1 1 1 1 1 1 1 1 1 1 1 1 1 1 1 1 1 1 1 1 1 1 1 1 1 1 1 1 1 1 1 1 1 1 1 1 1 1 1 1 1 1 1 1 1 1 1 1 1 1 1 1 1 1 1 1 1 1 1 1 1 1 1 1 1 1 1 1 1 1 1 1 1 1 1 1 1 1 1 1 1 1 1 1 1 1 1 1 1 1 1 1 1 1 1 1 1 1 1 1 1 1 1 1 1 1 1 1 1 1 1 1 1 1 1 1 1 1 1 1 1 1 1 1 1 1 1 1 1 1 1 1 1 1 1 1 1 1 1 1 1 1 1 1 1 1 1 1 1 1 1 1 1 1 1 1 1 1 1 1 1 1 1 1 1 1 1 1 1 1 1 1 1 1 1 1 1 1 1 1 1 1 1 1 1 1 1 1 1 1 1 1 1 1 1 1 1 1 1 1 1 1 1 1 1 1 1 1 1 1 1 1 1 1 1 1 1 1 1 1 1 1 1 1 1 1 1 1 1 1 1 1 1 1 1 1 1 1 1 1 1 1 1 1 1 1 1 1 1 1 1 1 1 1 1 1 1 1 1 1 1 1 1 1 1 0 0 0 0 0 0 0 1 1 1 1 1 1 1 1 1 1 1 1 1 1 1 1 1 1 1 1 1 1 1 1 1 1 1 1 1 1 1 1 1 1 1 1 1 1 1 1 1 0 0 0 0 0 0 0 0 0 1 1 1 1 1 1 1 1 1 1 1 1 1 1 1 1 1 1 1 1 1 1 1 1 1 1 1 1 1 1 1 1 1 1 1 1 1 1 1 1 1 1 1 1 1 1 1 1 1 1 1 1 1 1 1 1 1 1 1 1 1 1 
