# This file contains a 2D laser scan observation. 
# Its format is: 
# [aperture] [max_range] [number_of_scans] 
# [vector_of_scans] 
# [vector_of_valid_scans] 
# The aperture of the sensor is in radians, the maximum range 
# and measurements are in meters. '1' means a valid scan, '0' otherwise.
4.1847
5.6
682
0.9 0.893 0.889 0.881 0.867 0.863 0.843 0.84 0.834 0.832 0.819 0.816 0.814 0.794 0.785 0.781 0.773 0.764 0.748 0.748 0.742 0.737 0.736 0.726 0.72 0.72 0.719 0.714 0.711 0.709 0.709 0.699 0.694 0.692 0.683 0.671 0.671 0.668 0.662 0.659 0.658 0.657 0.654 0.645 0.644 0.639 0.636 0.632 0.626 0.626 0.62 0.616 0.614 0.614 0.612 0.601 0.601 0.598 0.595 0.595 0.589 0.589 0.585 0.577 0.577 0.576 0.573 0.565 0.559 0.559 0.559 0.557 0.557 0.557 0.554 0.55 0.549 0.545 0.544 0.544 0.541 0.538 0.534 0.534 0.534 0.534 0.533 0.533 0.533 0.522 0.522 0.517 0.517 0.516 0.517 0.517 0.516 0.514 0.511 0.508 0.508 0.508 0.506 0.503 0.503 0.5 0.502 0.5 0.499 0.499 0.499 0.499 0.499 0.494 0.494 0.494 0.493 0.49 0.489 0.489 0.482 0.484 0.482 0.482 0.48 0.481 0.48 0.479 0.476 0.479 0.476 0.476 0.476 0.476 0.471 0.471 0.474 0.471 0.474 0.474 0.469 0.468 0.466 0.465 0.465 0.466 0.464 0.467 0.467 0.466 0.464 0.466 0.466 0.466 0.466 0.467 0.466 0.464 0.463 0.464 0.46 0.46 0.458 0.458 0.458 0.458 0.457 0.457 0.459 0.457 0.457 0.457 0.459 0.459 0.459 0.459 0.459 0.459 0.459 0.459 0.458 0.458 0.458 0.458 0.457 0.458 0.46 0.465 0.461 0.465 0.461 0.461 0.461 0.46 0.46 0.465 0.466 0.466 0.466 0.464 0.459 0.459 0.464 0.464 0.464 0.468 0.468 0.468 0.468 0.469 0.469 0.469 0.47 0.472 0.472 0.472 0.472 0.472 0.471 0.471 0.477 0.477 0.474 0.477 0.477 0.48 0.482 0.484 0.484 0.487 0.487 0.49 0.492 0.492 0.488 0.492 0.493 0.49 0.493 0.497 0.497 0.498 0.501 0.506 0.501 0.501 0.501 0.501 0.501 0.502 0.507 0.507 0.511 0.51 0.511 0.513 0.516 0.524 0.527 0.528 0.528 0.528 0.528 0.528 0.528 0.533 0.53 0.533 0.533 0.537 0.537 0.538 0.544 0.544 0.546 0.553 0.554 0.556 0.56 0.562 0.562 0.568 0.568 0.573 0.577 0.579 0.582 0.585 0.588 0.591 0.593 0.597 0.6 0.6 0.611 0.614 0.615 0.618 0.619 0.62 0.622 0.628 0.632 0.632 0.628 0.628 0.628 0.628 0.633 0.633 0.633 0.633 0.634 0.634 0.661 0.664 0.688 0.692 0.697 0.704 0.716 0.728 0.728 0.728 0.719 0.691 0.69 0.69 0.691 0.689 0.691 0.696 0.696 0.697 0.699 0.699 0.699 0.71 0.713 0.715 0.723 0.791 0.842 0.845 0.848 0.85 0.852 0.857 0.862 0.881 0.906 0.911 0.918 0.923 0.929 0.932 0.941 0.943 0.966 1.016 1.022 1.024 1.029 1.036 1.055 1.077 1.084 1.101 1.084 1.084 1.084 1.064 0.758 0.741 0.739 0.734 0.722 0.721 0.716 0.715 0.712 0.712 0.714 0.715 0.714 0.714 0.713 0.704 0.704 0.704 0.704 0.704 0.701 0.699 0.698 0.698 0.698 0.698 0.695 0.695 0.694 0.693 0.693 0.693 0.693 0.691 0.689 0.689 0.687 0.683 0.683 0.683 0.683 0.683 0.689 0.685 0.685 0.675 0.68 0.68 0.679 0.679 0.679 0.678 0.678 0.678 0.678 0.681 0.681 0.682 0.681 0.681 0.679 0.679 0.679 0.679 0.683 0.683 0.684 0.683 0.68 0.673 0.673 0.672 0.672 0.673 0.676 0.678 0.678 0.677 0.676 0.676 0.676 0.676 0.676 0.676 0.676 0.675 0.677 0.68 0.681 0.681 0.681 0.681 0.681 0.686 0.686 0.687 0.687 0.687 0.688 0.689 0.688 0.689 0.691 0.689 0.692 0.696 0.696 0.696 0.696 0.702 0.707 0.711 0.718 0.718 0.718 0.718 0.734 3.53 3.53 3.53 3.493 3.42 3.367 3.32 3.285 3.222 3.19 3.121 3.097 3.046 2.987 2.954 2.906 2.904 2.904 2.904 2.91 2.921 2.929 2.938 2.949 2.962 2.964 2.976 2.987 2.998 3.004 3.03 3.051 3.069 3.069 3.069 3.07 3.09 3.501 0 0 0 0 0 0 0 0 0 0 0 0 0 0 2.037 2.025 2.015 1.994 1.986 1.966 1.956 1.934 1.924 1.915 1.891 1.876 1.874 1.85 1.843 1.661 1.587 1.537 1.497 1.475 1.474 1.474 1.475 1.475 1.473 1.468 1.454 1.438 1.437 1.423 1.414 1.409 1.406 1.405 1.394 1.389 1.354 1.329 1.329 1.329 1.328 1.328 1.328 1.306 1.306 1.306 1.304 1.304 1.283 1.281 1.277 1.266 1.266 1.265 1.256 1.248 1.225 1.223 1.2 1.2 1.2 1.215 1.215 1.215 1.21 1.203 1.201 1.191 1.19 1.187 1.187 1.18 1.179 1.175 1.175 1.168 1.162 1.161 1.158 1.153 1.132 1.13 1.13 1.127 1.125 1.122 1.121 1.114 1.114 1.108 1.114 1.232 1.232 1.232 1.232 1.232 1.231 1.231 1.226 1.226 1.223 1.223 1.223 1.218 1.217 1.213 1.21 1.208 1.208 1.207 1.204 1.204 1.201 1.201 1.199 1.197 1.196 1.195 1.195 1.195 1.196 1.196 1.196 1.195 1.195 1.184 1.184 1.184 1.184 1.181 1.181 1.181 1.181 1.181 1.177 1.177 1.179 1.179 1.178 1.179 1.178 
1 1 1 1 1 1 1 1 1 1 1 1 1 1 1 1 1 1 1 1 1 1 1 1 1 1 1 1 1 1 1 1 1 1 1 1 1 1 1 1 1 1 1 1 1 1 1 1 1 1 1 1 1 1 1 1 1 1 1 1 1 1 1 1 1 1 1 1 1 1 1 1 1 1 1 1 1 1 1 1 1 1 1 1 1 1 1 1 1 1 1 1 1 1 1 1 1 1 1 1 1 1 1 1 1 1 1 1 1 1 1 1 1 1 1 1 1 1 1 1 1 1 1 1 1 1 1 1 1 1 1 1 1 1 1 1 1 1 1 1 1 1 1 1 1 1 1 1 1 1 1 1 1 1 1 1 1 1 1 1 1 1 1 1 1 1 1 1 1 1 1 1 1 1 1 1 1 1 1 1 1 1 1 1 1 1 1 1 1 1 1 1 1 1 1 1 1 1 1 1 1 1 1 1 1 1 1 1 1 1 1 1 1 1 1 1 1 1 1 1 1 1 1 1 1 1 1 1 1 1 1 1 1 1 1 1 1 1 1 1 1 1 1 1 1 1 1 1 1 1 1 1 1 1 1 1 1 1 1 1 1 1 1 1 1 1 1 1 1 1 1 1 1 1 1 1 1 1 1 1 1 1 1 1 1 1 1 1 1 1 1 1 1 1 1 1 1 1 1 1 1 1 1 1 1 1 1 1 1 1 1 1 1 1 1 1 1 1 1 1 1 1 1 1 1 1 1 1 1 1 1 1 1 1 1 1 1 1 1 1 1 1 1 1 1 1 1 1 1 1 1 1 1 1 1 1 1 1 1 1 1 1 1 1 1 1 1 1 1 1 1 1 1 1 1 1 1 1 1 1 1 1 1 1 1 1 1 1 1 1 1 1 1 1 1 1 1 1 1 1 1 1 1 1 1 1 1 1 1 1 1 1 1 1 1 1 1 1 1 1 1 1 1 1 1 1 1 1 1 1 1 1 1 1 1 1 1 1 1 1 1 1 1 1 1 1 1 1 1 1 1 1 1 1 1 1 1 1 1 1 1 1 1 1 1 1 1 1 1 1 1 1 1 1 1 1 1 1 1 1 1 1 1 1 1 1 1 1 1 1 1 1 1 1 1 1 1 1 1 1 1 1 1 1 1 1 1 1 1 1 1 1 1 1 1 1 1 1 1 1 1 1 1 1 1 1 1 0 0 0 0 0 0 0 0 0 0 0 0 0 0 1 1 1 1 1 1 1 1 1 1 1 1 1 1 1 1 1 1 1 1 1 1 1 1 1 1 1 1 1 1 1 1 1 1 1 1 1 1 1 1 1 1 1 1 1 1 1 1 1 1 1 1 1 1 1 1 1 1 1 1 1 1 1 1 1 1 1 1 1 1 1 1 1 1 1 1 1 1 1 1 1 1 1 1 1 1 1 1 1 1 1 1 1 1 1 1 1 1 1 1 1 1 1 1 1 1 1 1 1 1 1 1 1 1 1 1 1 1 1 1 1 1 1 1 1 1 1 1 1 1 1 1 1 1 1 1 1 1 1 1 1 
