# This file contains a 2D laser scan observation. 
# Its format is: 
# [aperture] [max_range] [number_of_scans] 
# [vector_of_scans] 
# [vector_of_valid_scans] 
# The aperture of the sensor is in radians, the maximum range 
# and measurements are in meters. '1' means a valid scan, '0' otherwise.
4.1847
5.6
682
0.585 0.585 0.585 0.581 0.58 0.58 0.576 0.576 0.571 0.569 0.565 0.567 0.565 0.561 0.561 0.561 0.559 0.559 0.556 0.552 0.55 0.545 0.549 0.545 0.545 0.543 0.541 0.537 0.537 0.535 0.532 0.53 0.53 0.531 0.53 0.529 0.529 0.527 0.526 0.526 0.522 0.52 0.52 0.517 0.517 0.517 0.517 0.517 0.512 0.514 0.51 0.513 0.51 0.511 0.51 0.51 0.509 0.507 0.506 0.506 0.503 0.5 0.5 0.501 0.5 0.5 0.501 0.5 0.5 0.498 0.498 0.498 0.499 0.499 0.499 0.499 0.499 0.499 0.499 0.499 0.499 0.497 0.496 0.496 0.495 0.494 0.494 0.494 0.494 0.491 0.498 0.498 0.498 0.498 0.498 0.499 0.499 0.499 0.5 0.5 0.5 0.499 0.5 0.499 0.503 0.498 0.499 0.499 0.499 0.498 0.499 0.5 0.5 0.5 0.5 0.5 0.499 0.499 0.505 0.505 0.497 0.501 0.499 0.497 0.499 0.501 0.501 0.501 0.504 0.504 0.504 0.504 0.506 0.506 0.508 0.508 0.508 0.508 0.508 0.516 0.511 0.515 0.511 0.511 0.511 0.512 0.512 0.513 0.516 0.518 0.52 0.52 0.521 0.522 0.522 0.522 0.522 0.529 0.529 0.53 0.53 0.532 0.536 0.538 0.538 0.538 0.538 0.538 0.538 0.541 0.543 0.544 0.552 0.556 0.557 0.557 0.556 0.556 0.551 0.551 0.551 0.551 0.55 0.55 0.549 0.548 0.548 0.548 0.552 0.556 0.558 0.561 0.565 0.579 0.58 0.585 0.603 0.603 0.603 0.611 0.614 0.615 0.616 0.621 0.623 0.623 0.623 0.589 0.58 0.58 0.58 0.58 0.58 0.583 0.583 0.583 0.585 0.585 0.588 0.59 0.595 0.595 0.598 0.595 0.598 0.598 0.606 0.606 0.661 0.707 0.708 0.711 0.715 0.724 0.727 0.735 0.735 0.736 0.741 0.741 0.739 0.741 0.741 0.746 0.772 0.779 0.785 0.796 0.797 0.797 0.801 0.801 0.804 0.807 0.807 0.809 0.82 0.86 0.866 0.875 0.876 0.881 0.885 0.885 0.881 0.597 0.592 0.592 0.584 0.582 0.578 0.573 0.568 0.565 0.56 0.56 0.557 0.559 0.56 0.559 0.557 0.557 0.554 0.549 0.543 0.542 0.541 0.541 0.541 0.54 0.54 0.541 0.538 0.536 0.535 0.535 0.534 0.529 0.526 0.526 0.525 0.526 0.525 0.525 0.525 0.52 0.519 0.519 0.52 0.519 0.515 0.512 0.512 0.512 0.512 0.514 0.514 0.512 0.512 0.512 0.512 0.512 0.512 0.51 0.51 0.509 0.51 0.51 0.513 0.514 0.514 0.51 0.506 0.506 0.505 0.506 0.506 0.51 0.51 0.51 0.513 0.513 0.513 0.513 0.516 0.516 0.516 0.52 0.52 0.529 0.534 0.536 0.542 0.547 0.552 0.555 0.561 0.561 0.561 0.539 0.536 0.534 0.528 0.519 0.517 0.516 0.514 0.509 0.509 0.509 0.509 0.509 0.508 0.504 0.504 0.504 0.503 0.503 0.508 0.508 0.507 0.507 0.506 0.505 0.503 0.503 0.503 0.505 0.506 0.506 0.506 0.507 0.505 0.505 0.506 0.514 0.506 0.508 0.51 0.51 0.51 0.515 0.515 0.515 0.511 0.51 0.51 0.51 0.515 0.526 0.528 0.533 0.537 0.551 0.551 0.538 0.551 0.554 3.021 3.021 3.021 2.984 2.95 2.91 2.879 2.841 2.805 2.805 2.776 2.746 2.733 2.733 2.733 2.748 2.757 2.772 2.782 2.797 2.808 2.817 2.83 2.842 2.844 2.857 2.87 2.88 2.883 2.895 2.895 2.907 2.928 3.356 0 0 0 0 0 0.007 0 0 0 0 0 0 0 0 0 0.007 3.276 1.878 1.866 1.847 1.834 1.828 1.812 1.797 1.789 1.773 1.766 1.755 1.742 1.728 1.728 1.708 1.702 1.691 1.684 1.67 1.529 1.529 1.437 1.429 1.344 1.337 1.32 1.31 1.31 1.32 1.324 1.324 1.324 1.32 1.304 1.294 1.293 1.291 1.281 1.278 1.276 1.264 1.261 1.261 1.252 1.225 1.211 1.202 1.201 1.201 1.201 1.202 1.202 1.202 1.19 1.18 1.179 1.179 1.178 1.174 1.164 1.164 1.162 1.162 1.145 1.145 1.145 1.14 1.134 1.118 1.113 1.106 1.103 1.103 1.106 1.106 1.105 1.105 1.105 1.104 1.104 1.094 1.089 1.083 1.083 1.081 1.079 1.074 1.071 1.067 1.062 1.06 1.055 1.054 1.055 1.054 1.053 1.053 1.041 1.041 1.041 1.041 1.041 1.035 1.033 1.031 1.026 1.026 1.031 1.079 1.157 1.157 1.156 1.156 1.152 1.148 1.146 1.142 1.139 1.139 1.139 1.142 1.141 1.142 1.142 1.143 1.144 1.144 1.14 1.14 1.14 1.14 1.14 1.14 1.137 1.137 1.137 1.134 1.134 1.14 1.14 1.133 1.139 1.14 1.139 1.136 1.136 1.136 1.135 1.135 1.135 1.136 1.139 1.139 1.14 1.14 1.141 1.142 1.144 1.148 1.15 1.15 1.152 1.152 1.152 1.152 1.152 1.152 1.154 1.161 1.157 1.167 1.16 1.164 1.16 1.16 1.16 1.158 1.155 1.155 1.158 1.158 1.162 1.162 1.159 1.159 1.159 1.159 1.159 1.162 1.162 1.17 1.176 1.178 1.18 1.18 1.183 1.183 1.187 1.192 1.193 1.198 1.199 1.201 1.201 1.209 1.211 1.216 1.219 1.221 1.222 1.227 1.233 1.235 
1 1 1 1 1 1 1 1 1 1 1 1 1 1 1 1 1 1 1 1 1 1 1 1 1 1 1 1 1 1 1 1 1 1 1 1 1 1 1 1 1 1 1 1 1 1 1 1 1 1 1 1 1 1 1 1 1 1 1 1 1 1 1 1 1 1 1 1 1 1 1 1 1 1 1 1 1 1 1 1 1 1 1 1 1 1 1 1 1 1 1 1 1 1 1 1 1 1 1 1 1 1 1 1 1 1 1 1 1 1 1 1 1 1 1 1 1 1 1 1 1 1 1 1 1 1 1 1 1 1 1 1 1 1 1 1 1 1 1 1 1 1 1 1 1 1 1 1 1 1 1 1 1 1 1 1 1 1 1 1 1 1 1 1 1 1 1 1 1 1 1 1 1 1 1 1 1 1 1 1 1 1 1 1 1 1 1 1 1 1 1 1 1 1 1 1 1 1 1 1 1 1 1 1 1 1 1 1 1 1 1 1 1 1 1 1 1 1 1 1 1 1 1 1 1 1 1 1 1 1 1 1 1 1 1 1 1 1 1 1 1 1 1 1 1 1 1 1 1 1 1 1 1 1 1 1 1 1 1 1 1 1 1 1 1 1 1 1 1 1 1 1 1 1 1 1 1 1 1 1 1 1 1 1 1 1 1 1 1 1 1 1 1 1 1 1 1 1 1 1 1 1 1 1 1 1 1 1 1 1 1 1 1 1 1 1 1 1 1 1 1 1 1 1 1 1 1 1 1 1 1 1 1 1 1 1 1 1 1 1 1 1 1 1 1 1 1 1 1 1 1 1 1 1 1 1 1 1 1 1 1 1 1 1 1 1 1 1 1 1 1 1 1 1 1 1 1 1 1 1 1 1 1 1 1 1 1 1 1 1 1 1 1 1 1 1 1 1 1 1 1 1 1 1 1 1 1 1 1 1 1 1 1 1 1 1 1 1 1 1 1 1 1 1 1 1 1 1 1 1 1 1 1 1 1 1 1 1 1 1 1 1 1 1 1 1 1 1 1 1 1 1 0 0 0 0 0 0 0 0 0 0 0 0 0 0 0 0 1 1 1 1 1 1 1 1 1 1 1 1 1 1 1 1 1 1 1 1 1 1 1 1 1 1 1 1 1 1 1 1 1 1 1 1 1 1 1 1 1 1 1 1 1 1 1 1 1 1 1 1 1 1 1 1 1 1 1 1 1 1 1 1 1 1 1 1 1 1 1 1 1 1 1 1 1 1 1 1 1 1 1 1 1 1 1 1 1 1 1 1 1 1 1 1 1 1 1 1 1 1 1 1 1 1 1 1 1 1 1 1 1 1 1 1 1 1 1 1 1 1 1 1 1 1 1 1 1 1 1 1 1 1 1 1 1 1 1 1 1 1 1 1 1 1 1 1 1 1 1 1 1 1 1 1 1 1 1 1 1 1 1 1 1 1 1 1 1 1 1 1 1 1 1 1 1 1 1 1 1 1 1 1 1 1 1 1 1 1 1 1 1 1 1 1 1 1 1 1 1 1 1 1 1 1 1 1 1 1 1 1 1 1 
