# This file contains a 2D laser scan observation. 
# Its format is: 
# [aperture] [max_range] [number_of_scans] 
# [vector_of_scans] 
# [vector_of_valid_scans] 
# The aperture of the sensor is in radians, the maximum range 
# and measurements are in meters. '1' means a valid scan, '0' otherwise.
4.1847
5.6
682
0.576 0.576 0.575 0.574 0.57 0.569 0.565 0.565 0.562 0.562 0.557 0.558 0.557 0.557 0.554 0.555 0.554 0.553 0.55 0.549 0.548 0.547 0.541 0.541 0.541 0.543 0.543 0.543 0.536 0.536 0.534 0.535 0.534 0.533 0.533 0.533 0.533 0.532 0.53 0.53 0.53 0.527 0.526 0.525 0.524 0.524 0.524 0.524 0.52 0.517 0.517 0.517 0.519 0.521 0.521 0.519 0.516 0.516 0.515 0.515 0.516 0.515 0.515 0.512 0.512 0.511 0.512 0.512 0.512 0.514 0.514 0.515 0.515 0.517 0.517 0.517 0.516 0.516 0.516 0.516 0.515 0.513 0.513 0.513 0.516 0.516 0.517 0.517 0.52 0.52 0.52 0.518 0.517 0.517 0.518 0.517 0.52 0.52 0.519 0.519 0.519 0.519 0.52 0.521 0.521 0.521 0.522 0.522 0.522 0.522 0.527 0.527 0.527 0.526 0.526 0.526 0.529 0.529 0.53 0.532 0.53 0.531 0.531 0.533 0.533 0.537 0.537 0.537 0.537 0.538 0.542 0.542 0.542 0.542 0.549 0.549 0.551 0.551 0.551 0.553 0.556 0.556 0.56 0.56 0.56 0.56 0.56 0.555 0.555 0.552 0.554 0.551 0.549 0.551 0.552 0.552 0.553 0.553 0.556 0.556 0.559 0.576 0.577 0.582 0.582 0.584 0.592 0.598 0.598 0.603 0.604 0.611 0.616 0.62 0.62 0.62 0.59 0.578 0.575 0.575 0.575 0.574 0.577 0.578 0.577 0.576 0.576 0.576 0.575 0.575 0.579 0.579 0.589 0.595 0.596 0.598 0.598 0.606 0.64 0.69 0.696 0.698 0.699 0.707 0.71 0.715 0.717 0.721 0.721 0.721 0.721 0.728 0.721 0.728 0.728 0.73 0.758 0.767 0.77 0.771 0.772 0.773 0.784 0.788 0.789 0.788 0.788 0.787 0.787 0.787 0.811 0.84 0.84 0.84 0.77 0.585 0.569 0.566 0.566 0.558 0.551 0.55 0.549 0.544 0.542 0.538 0.53 0.53 0.53 0.531 0.531 0.531 0.528 0.527 0.522 0.522 0.519 0.519 0.514 0.513 0.513 0.513 0.51 0.509 0.509 0.506 0.504 0.499 0.497 0.497 0.497 0.497 0.495 0.495 0.495 0.494 0.494 0.494 0.494 0.484 0.482 0.482 0.48 0.48 0.485 0.485 0.477 0.479 0.476 0.475 0.473 0.473 0.473 0.473 0.474 0.474 0.474 0.474 0.473 0.473 0.475 0.475 0.477 0.479 0.48 0.48 0.48 0.481 0.472 0.472 0.473 0.474 0.473 0.474 0.474 0.47 0.469 0.469 0.469 0.47 0.474 0.474 0.474 0.474 0.473 0.473 0.473 0.467 0.466 0.466 0.466 0.466 0.47 0.47 0.47 0.472 0.473 0.472 0.472 0.472 0.469 0.466 0.466 0.467 0.466 0.465 0.463 0.463 0.463 0.465 0.465 0.465 0.465 0.465 0.465 0.464 0.457 0.457 0.458 0.458 0.462 0.464 0.464 0.464 0.466 0.472 0.472 0.472 0.472 0.467 0.467 0.467 0.468 0.471 0.471 0.468 0.468 0.473 0.468 0.473 0.473 0.473 0.473 0.473 0.473 0.477 0.481 0.49 0.491 0.494 0.498 0.506 0.507 0.507 0.507 0.529 3.102 3.102 3.102 3.047 3.007 2.969 2.932 2.896 2.867 2.832 2.783 2.77 2.727 2.7 2.7 2.7 2.718 2.726 2.736 2.736 2.736 2.747 2.75 2.762 2.785 2.785 2.791 2.799 2.808 2.824 2.842 2.843 2.861 2.872 2.879 3.238 3.32 0 0 0 0 0 0.007 0 0 0 0 0 0 0 0 0 0 3.258 3.239 1.822 1.811 1.796 1.788 1.771 1.763 1.754 1.736 1.733 1.719 1.707 1.692 1.68 1.675 1.664 1.657 1.649 1.649 1.642 1.642 1.631 1.409 1.404 1.295 1.291 1.289 1.281 1.281 1.284 1.284 1.289 1.289 1.284 1.28 1.268 1.263 1.258 1.253 1.244 1.235 1.228 1.227 1.224 1.215 1.213 1.213 1.199 1.186 1.174 1.174 1.174 1.173 1.173 1.169 1.159 1.151 1.142 1.139 1.137 1.136 1.131 1.129 1.128 1.115 1.115 1.105 1.104 1.103 1.103 1.101 1.1 1.078 1.077 1.07 1.069 1.067 1.066 1.066 1.068 1.068 1.069 1.069 1.068 1.056 1.055 1.051 1.05 1.046 1.042 1.04 1.034 1.032 1.034 1.029 1.029 1.029 1.032 1.029 1.029 1.029 1.024 1.014 1.012 1.011 1.012 1.011 1.007 1.005 0.997 0.991 0.991 0.991 1.131 1.133 1.133 1.132 1.131 1.125 1.122 1.122 1.122 1.112 1.112 1.116 1.116 1.116 1.116 1.116 1.121 1.121 1.121 1.121 1.121 1.121 1.119 1.119 1.119 1.119 1.114 1.114 1.114 1.114 1.115 1.115 1.116 1.117 1.119 1.116 1.119 1.122 1.122 1.121 1.123 1.121 1.12 1.121 1.12 1.12 1.12 1.12 1.12 1.121 1.121 1.127 1.131 1.131 1.131 1.131 1.136 1.141 1.132 1.141 1.141 1.141 1.14 1.143 1.143 1.145 1.145 1.145 1.15 1.144 1.14 1.144 1.145 1.145 1.151 1.151 1.151 1.153 1.153 1.153 1.153 1.156 1.159 1.162 1.166 1.167 1.169 1.171 1.172 1.175 1.181 1.183 1.184 1.192 1.192 1.197 1.199 1.209 1.209 1.212 1.213 1.216 1.217 1.218 1.22 1.236 1.244 1.244 1.249 1.249 1.254 1.257 1.258 1.263 1.266 1.273 1.275 1.281 1.289 
1 1 1 1 1 1 1 1 1 1 1 1 1 1 1 1 1 1 1 1 1 1 1 1 1 1 1 1 1 1 1 1 1 1 1 1 1 1 1 1 1 1 1 1 1 1 1 1 1 1 1 1 1 1 1 1 1 1 1 1 1 1 1 1 1 1 1 1 1 1 1 1 1 1 1 1 1 1 1 1 1 1 1 1 1 1 1 1 1 1 1 1 1 1 1 1 1 1 1 1 1 1 1 1 1 1 1 1 1 1 1 1 1 1 1 1 1 1 1 1 1 1 1 1 1 1 1 1 1 1 1 1 1 1 1 1 1 1 1 1 1 1 1 1 1 1 1 1 1 1 1 1 1 1 1 1 1 1 1 1 1 1 1 1 1 1 1 1 1 1 1 1 1 1 1 1 1 1 1 1 1 1 1 1 1 1 1 1 1 1 1 1 1 1 1 1 1 1 1 1 1 1 1 1 1 1 1 1 1 1 1 1 1 1 1 1 1 1 1 1 1 1 1 1 1 1 1 1 1 1 1 1 1 1 1 1 1 1 1 1 1 1 1 1 1 1 1 1 1 1 1 1 1 1 1 1 1 1 1 1 1 1 1 1 1 1 1 1 1 1 1 1 1 1 1 1 1 1 1 1 1 1 1 1 1 1 1 1 1 1 1 1 1 1 1 1 1 1 1 1 1 1 1 1 1 1 1 1 1 1 1 1 1 1 1 1 1 1 1 1 1 1 1 1 1 1 1 1 1 1 1 1 1 1 1 1 1 1 1 1 1 1 1 1 1 1 1 1 1 1 1 1 1 1 1 1 1 1 1 1 1 1 1 1 1 1 1 1 1 1 1 1 1 1 1 1 1 1 1 1 1 1 1 1 1 1 1 1 1 1 1 1 1 1 1 1 1 1 1 1 1 1 1 1 1 1 1 1 1 1 1 1 1 1 1 1 1 1 1 1 1 1 1 1 1 1 1 1 1 1 1 1 1 0 0 0 0 0 0 0 0 0 0 0 0 0 0 0 0 1 1 1 1 1 1 1 1 1 1 1 1 1 1 1 1 1 1 1 1 1 1 1 1 1 1 1 1 1 1 1 1 1 1 1 1 1 1 1 1 1 1 1 1 1 1 1 1 1 1 1 1 1 1 1 1 1 1 1 1 1 1 1 1 1 1 1 1 1 1 1 1 1 1 1 1 1 1 1 1 1 1 1 1 1 1 1 1 1 1 1 1 1 1 1 1 1 1 1 1 1 1 1 1 1 1 1 1 1 1 1 1 1 1 1 1 1 1 1 1 1 1 1 1 1 1 1 1 1 1 1 1 1 1 1 1 1 1 1 1 1 1 1 1 1 1 1 1 1 1 1 1 1 1 1 1 1 1 1 1 1 1 1 1 1 1 1 1 1 1 1 1 1 1 1 1 1 1 1 1 1 1 1 1 1 1 1 1 1 1 1 1 1 1 1 1 1 1 1 1 1 1 1 1 1 1 1 1 1 1 1 1 1 1 1 1 1 1 1 1 1 1 1 1 1 1 1 1 1 1 1 1 1 
