# This file contains a 2D laser scan observation. 
# Its format is: 
# [aperture] [max_range] [number_of_scans] 
# [vector_of_scans] 
# [vector_of_valid_scans] 
# The aperture of the sensor is in radians, the maximum range 
# and measurements are in meters. '1' means a valid scan, '0' otherwise.
4.1847
5.6
682
0.575 0.574 0.574 0.574 0.571 0.569 0.568 0.569 0.568 0.568 0.554 0.554 0.554 0.554 0.552 0.555 0.555 0.555 0.555 0.555 0.555 0.555 0.552 0.552 0.552 0.551 0.549 0.546 0.546 0.543 0.543 0.543 0.543 0.547 0.547 0.547 0.545 0.545 0.544 0.544 0.54 0.539 0.539 0.539 0.539 0.539 0.538 0.535 0.538 0.535 0.535 0.535 0.537 0.537 0.537 0.533 0.533 0.531 0.531 0.532 0.533 0.532 0.534 0.538 0.538 0.535 0.535 0.535 0.535 0.534 0.529 0.529 0.538 0.539 0.539 0.54 0.54 0.54 0.54 0.54 0.54 0.539 0.535 0.539 0.539 0.539 0.54 0.54 0.54 0.541 0.542 0.543 0.543 0.543 0.547 0.547 0.547 0.547 0.547 0.549 0.552 0.552 0.552 0.552 0.556 0.552 0.555 0.556 0.555 0.555 0.56 0.561 0.561 0.567 0.567 0.568 0.568 0.569 0.569 0.569 0.569 0.568 0.559 0.557 0.556 0.556 0.555 0.556 0.553 0.558 0.56 0.563 0.565 0.572 0.574 0.578 0.582 0.588 0.59 0.592 0.596 0.601 0.61 0.61 0.614 0.614 0.625 0.625 0.625 0.619 0.578 0.578 0.577 0.576 0.576 0.578 0.578 0.578 0.578 0.583 0.583 0.583 0.583 0.584 0.586 0.584 0.586 0.589 0.591 0.593 0.595 0.598 0.62 0.684 0.686 0.692 0.693 0.699 0.704 0.705 0.707 0.716 0.716 0.716 0.716 0.713 0.713 0.713 0.713 0.715 0.716 0.721 0.753 0.753 0.764 0.764 0.764 0.771 0.772 0.774 0.774 0.774 0.777 0.777 0.782 0.783 0.787 0.787 0.782 0.569 0.565 0.561 0.552 0.552 0.55 0.54 0.529 0.529 0.524 0.521 0.517 0.517 0.517 0.517 0.516 0.515 0.509 0.508 0.504 0.498 0.498 0.501 0.496 0.496 0.492 0.491 0.491 0.491 0.491 0.49 0.489 0.481 0.48 0.48 0.477 0.476 0.477 0.477 0.476 0.472 0.469 0.469 0.469 0.466 0.463 0.463 0.463 0.463 0.464 0.464 0.463 0.461 0.461 0.457 0.457 0.457 0.449 0.449 0.449 0.449 0.449 0.449 0.449 0.449 0.449 0.449 0.449 0.449 0.448 0.44 0.448 0.447 0.447 0.447 0.447 0.44 0.44 0.44 0.442 0.442 0.443 0.442 0.442 0.441 0.442 0.442 0.442 0.442 0.442 0.445 0.445 0.439 0.44 0.44 0.44 0.44 0.447 0.448 0.449 0.449 0.45 0.45 0.45 0.453 0.452 0.453 0.454 0.465 0.466 0.469 0.477 0.477 0.477 0.471 0.466 0.459 0.455 0.452 0.45 0.449 0.441 0.439 0.439 0.439 0.437 0.433 0.429 0.429 0.428 0.428 0.428 0.429 0.429 0.433 0.436 0.436 0.433 0.435 0.434 0.434 0.435 0.437 0.437 0.437 0.435 0.435 0.435 0.447 0.447 0.447 0.446 0.445 0.441 0.441 0.445 0.446 0.447 0.453 0.456 0.456 0.456 0.456 0.468 0.468 0.465 0.468 0.492 3.175 3.175 3.175 3.128 3.083 3.032 2.995 2.958 2.914 2.888 2.851 2.811 2.785 2.745 2.718 2.684 2.652 2.652 2.652 2.665 2.683 2.685 2.688 2.703 2.719 2.72 2.729 2.738 2.75 2.762 2.766 2.78 2.799 2.804 2.825 2.831 2.843 2.858 3.254 3.27 0 0 0 0 0 0.007 0 0 0 0 0 0 0 0.007 0 0.007 0 3.205 1.786 1.778 1.768 1.752 1.74 1.733 1.715 1.71 1.69 1.686 1.683 1.663 1.649 1.642 1.637 1.627 1.617 1.609 1.609 1.591 1.575 1.367 1.362 1.351 1.267 1.266 1.265 1.249 1.244 1.244 1.244 1.259 1.259 1.259 1.243 1.239 1.23 1.228 1.22 1.211 1.209 1.206 1.194 1.19 1.19 1.19 1.182 1.18 1.152 1.152 1.148 1.141 1.132 1.132 1.126 1.126 1.124 1.123 1.119 1.11 1.104 1.102 1.101 1.098 1.098 1.095 1.094 1.076 1.072 1.072 1.072 1.069 1.069 1.06 1.05 1.04 1.04 1.04 1.039 1.038 1.04 1.04 1.036 1.045 0.007 1.031 1.031 1.027 1.022 1.02 1.016 1.012 1.009 1.005 1.005 0.999 0.998 0.996 0.996 0.996 0.996 1.001 1.001 1.001 0.988 0.985 0.981 0.98 0.977 0.976 0.975 0.974 0.975 0.973 0.966 0.966 0.975 1.085 1.102 1.102 1.098 1.098 1.098 1.093 1.093 1.09 1.09 1.091 1.092 1.091 1.091 1.09 1.09 1.087 1.09 1.091 1.094 1.094 1.096 1.096 1.099 1.099 1.099 1.095 1.091 1.091 1.091 1.091 1.091 1.091 1.091 1.091 1.091 1.091 1.091 1.101 1.101 1.101 1.097 1.097 1.097 1.097 1.108 1.108 1.108 1.109 1.109 1.109 1.109 1.11 1.111 1.112 1.113 1.114 1.116 1.121 1.123 1.123 1.124 1.132 1.134 1.134 1.135 1.134 1.135 1.137 1.135 1.13 1.137 1.137 1.137 1.137 1.137 1.137 1.144 1.144 1.144 1.144 1.144 1.149 1.15 1.15 1.152 1.152 1.159 1.159 1.165 1.168 1.169 1.174 1.179 1.181 1.185 1.19 1.199 1.201 1.206 1.211 1.218 1.222 1.218 1.222 1.225 1.233 1.236 1.242 1.248 1.256 1.257 1.257 1.261 1.262 1.272 1.278 1.283 1.286 1.29 1.291 1.302 1.302 1.304 1.309 1.325 1.328 1.342 1.351 1.357 
1 1 1 1 1 1 1 1 1 1 1 1 1 1 1 1 1 1 1 1 1 1 1 1 1 1 1 1 1 1 1 1 1 1 1 1 1 1 1 1 1 1 1 1 1 1 1 1 1 1 1 1 1 1 1 1 1 1 1 1 1 1 1 1 1 1 1 1 1 1 1 1 1 1 1 1 1 1 1 1 1 1 1 1 1 1 1 1 1 1 1 1 1 1 1 1 1 1 1 1 1 1 1 1 1 1 1 1 1 1 1 1 1 1 1 1 1 1 1 1 1 1 1 1 1 1 1 1 1 1 1 1 1 1 1 1 1 1 1 1 1 1 1 1 1 1 1 1 1 1 1 1 1 1 1 1 1 1 1 1 1 1 1 1 1 1 1 1 1 1 1 1 1 1 1 1 1 1 1 1 1 1 1 1 1 1 1 1 1 1 1 1 1 1 1 1 1 1 1 1 1 1 1 1 1 1 1 1 1 1 1 1 1 1 1 1 1 1 1 1 1 1 1 1 1 1 1 1 1 1 1 1 1 1 1 1 1 1 1 1 1 1 1 1 1 1 1 1 1 1 1 1 1 1 1 1 1 1 1 1 1 1 1 1 1 1 1 1 1 1 1 1 1 1 1 1 1 1 1 1 1 1 1 1 1 1 1 1 1 1 1 1 1 1 1 1 1 1 1 1 1 1 1 1 1 1 1 1 1 1 1 1 1 1 1 1 1 1 1 1 1 1 1 1 1 1 1 1 1 1 1 1 1 1 1 1 1 1 1 1 1 1 1 1 1 1 1 1 1 1 1 1 1 1 1 1 1 1 1 1 1 1 1 1 1 1 1 1 1 1 1 1 1 1 1 1 1 1 1 1 1 1 1 1 1 1 1 1 1 1 1 1 1 1 1 1 1 1 1 1 1 1 1 1 1 1 1 1 1 1 1 1 1 1 1 1 1 0 0 0 0 0 0 0 0 0 0 0 0 0 0 0 0 0 1 1 1 1 1 1 1 1 1 1 1 1 1 1 1 1 1 1 1 1 1 1 1 1 1 1 1 1 1 1 1 1 1 1 1 1 1 1 1 1 1 1 1 1 1 1 1 1 1 1 1 1 1 1 1 1 1 1 1 1 1 1 1 1 1 1 1 1 1 1 1 1 1 1 1 1 1 1 1 1 1 1 1 1 1 0 1 1 1 1 1 1 1 1 1 1 1 1 1 1 1 1 1 1 1 1 1 1 1 1 1 1 1 1 1 1 1 1 1 1 1 1 1 1 1 1 1 1 1 1 1 1 1 1 1 1 1 1 1 1 1 1 1 1 1 1 1 1 1 1 1 1 1 1 1 1 1 1 1 1 1 1 1 1 1 1 1 1 1 1 1 1 1 1 1 1 1 1 1 1 1 1 1 1 1 1 1 1 1 1 1 1 1 1 1 1 1 1 1 1 1 1 1 1 1 1 1 1 1 1 1 1 1 1 1 1 1 1 1 1 1 1 1 1 1 1 1 1 1 1 1 1 1 1 1 1 1 1 1 1 1 1 1 1 1 1 1 1 
