# This file contains a 2D laser scan observation. 
# Its format is: 
# [aperture] [max_range] [number_of_scans] 
# [vector_of_scans] 
# [vector_of_valid_scans] 
# The aperture of the sensor is in radians, the maximum range 
# and measurements are in meters. '1' means a valid scan, '0' otherwise.
4.1847
5.6
682
0.679 0.683 0.683 0.683 0.68 0.678 0.672 0.668 0.667 0.667 0.666 0.666 0.666 0.666 0.666 0.668 0.67 0.676 0.677 0.68 0.686 0.686 0.692 0.692 0.695 0.696 0.696 0.699 0.7 0.7 0.699 0.68 0.665 0.656 0.655 0.652 0.652 0.652 0.652 0.652 0.658 0.658 0.661 0.663 0.661 0.663 0.665 0.666 0.666 0.667 0.673 0.674 0.698 0.729 0.732 0.739 0.74 0.742 0.743 0.746 0.749 0.75 0.757 0.76 0.76 0.764 0.764 0.764 0.764 0.761 0.76 0.756 0.755 0.755 0.755 0.772 0.782 0.786 0.786 0.786 0.615 0.586 0.58 0.572 0.566 0.566 0.545 0.535 0.534 0.534 0.534 0.534 0.53 0.521 0.519 0.516 0.514 0.508 0.503 0.498 0.497 0.492 0.484 0.478 0.477 0.471 0.467 0.467 0.462 0.461 0.461 0.457 0.45 0.446 0.446 0.445 0.436 0.436 0.432 0.432 0.43 0.429 0.429 0.42 0.42 0.417 0.417 0.414 0.41 0.407 0.407 0.406 0.405 0.4 0.4 0.392 0.392 0.39 0.39 0.388 0.387 0.387 0.386 0.382 0.38 0.374 0.374 0.369 0.369 0.369 0.367 0.367 0.367 0.366 0.365 0.36 0.36 0.36 0.359 0.359 0.358 0.356 0.353 0.353 0.353 0.353 0.352 0.348 0.345 0.339 0.338 0.338 0.338 0.338 0.338 0.334 0.334 0.334 0.334 0.334 0.334 0.333 0.334 0.334 0.333 0.329 0.329 0.329 0.329 0.329 0.327 0.324 0.324 0.324 0.323 0.323 0.323 0.32 0.32 0.317 0.32 0.317 0.32 0.32 0.32 0.316 0.316 0.316 0.316 0.316 0.31 0.31 0.309 0.308 0.308 0.306 0.306 0.306 0.307 0.312 0.312 0.315 0.317 0.317 0.317 0.317 0.317 0.32 0.321 0.322 0.322 0.323 0.323 0.323 0.322 0.322 0.322 0.322 0.322 0.322 0.322 0.322 0.322 0.322 0.332 0.332 0.325 0.332 0.332 0.44 0.662 0.665 0.666 0.667 0.669 0.669 0.669 0.669 0.669 0.672 0.669 0.669 0.671 0.671 0.671 0.671 0.674 0.678 0.678 0.761 0.766 0.766 0.769 0.769 0.771 0.781 0 0 0 0 0 0 0 3.384 3.362 3.35 3.35 3.362 3.372 3.372 3.372 3.358 3.287 3.224 3.159 3.092 3.04 2.992 2.94 2.908 2.869 2.838 2.786 2.754 2.72 2.682 2.647 2.607 2.578 2.538 2.503 2.503 2.503 2.51 2.512 2.527 2.533 2.539 2.549 2.549 2.569 2.572 2.582 2.584 2.608 2.612 2.62 2.631 2.642 2.649 2.665 2.671 2.677 2.697 3.078 3.124 0 0 0 0 0 0 0 0 0 0 0 0 0 0 0 0 0 1.612 1.603 1.591 1.579 1.569 1.567 1.551 1.538 1.526 1.508 1.503 1.49 1.481 1.469 1.468 1.461 1.454 1.437 1.419 1.41 1.41 1.406 1.404 1.193 1.193 1.185 1.184 1.115 1.106 1.09 1.086 1.083 1.079 1.074 1.074 1.07 1.07 1.069 1.059 1.058 1.055 1.05 1.048 1.037 1.035 1.034 1.024 1.018 1.013 1.011 1.001 1 0.999 0.994 0.993 0.979 0.973 0.971 0.969 0.964 0.958 0.957 0.953 0.953 0.953 0.953 0.953 0.947 0.943 0.937 0.934 0.922 0.922 0.922 0.919 0.919 0.918 0.918 0.918 0.917 0.917 0.908 0.904 0.903 0.896 0.896 0.894 0.891 0.887 0.884 0.881 0.879 0.879 0.871 0.871 0.871 0.871 0.872 0.878 0.872 0.872 0.854 0.852 0.852 0.852 0.852 0.851 0.857 0.846 0.845 0.845 0.841 0.839 0.839 0.838 0.838 0.838 0.839 0.839 0.839 0.842 0.842 0.838 0.836 0.834 0.823 0.822 0.822 0.819 0.821 0.818 0.818 0.819 0.82 0.82 0.82 0.822 0.822 0.828 0.856 0.939 0.941 0.951 0.951 0.946 0.946 0.947 0.946 0.944 0.947 0.947 0.947 0.947 0.951 0.947 0.947 0.949 0.949 0.947 0.949 0.952 0.952 0.952 0.952 0.955 0.955 0.958 0.958 0.958 0.958 0.96 0.962 0.962 0.965 0.965 0.965 0.965 0.966 0.966 0.967 0.974 0.974 0.974 0.974 0.974 0.978 0.98 0.981 0.981 0.983 0.984 0.987 0.994 0.994 0.996 0.996 0.998 1.003 1.011 1.011 1.012 1.011 1.012 1.012 1.02 1.021 1.021 1.021 1.026 1.03 1.038 1.038 1.038 1.036 1.029 1.029 1.031 1.036 1.038 1.047 1.047 1.048 1.049 1.051 1.055 1.06 1.061 1.065 1.066 1.073 1.075 1.079 1.082 1.085 1.092 1.094 1.095 1.099 1.104 1.108 1.11 1.116 1.126 1.128 1.134 1.14 1.141 1.153 1.157 1.157 1.168 1.175 1.178 1.18 1.197 1.198 1.203 1.206 1.208 1.209 1.217 1.231 1.235 1.245 1.25 1.254 1.254 1.259 1.264 1.275 1.276 1.294 1.295 1.305 1.308 1.314 1.349 1.353 1.354 1.356 1.379 1.388 1.39 1.397 1.413 1.415 1.423 1.43 1.458 1.466 1.471 1.484 1.49 1.506 1.521 1.545 1.55 1.561 1.589 1.595 1.621 1.637 1.652 1.676 1.695 1.711 1.733 1.763 1.771 1.79 1.82 1.847 1.879 1.879 1.879 1.875 1.871 1.87 1.862 1.848 1.843 1.838 1.833 1.824 1.824 1.816 1.803 1.802 1.797 
1 1 1 1 1 1 1 1 1 1 1 1 1 1 1 1 1 1 1 1 1 1 1 1 1 1 1 1 1 1 1 1 1 1 1 1 1 1 1 1 1 1 1 1 1 1 1 1 1 1 1 1 1 1 1 1 1 1 1 1 1 1 1 1 1 1 1 1 1 1 1 1 1 1 1 1 1 1 1 1 1 1 1 1 1 1 1 1 1 1 1 1 1 1 1 1 1 1 1 1 1 1 1 1 1 1 1 1 1 1 1 1 1 1 1 1 1 1 1 1 1 1 1 1 1 1 1 1 1 1 1 1 1 1 1 1 1 1 1 1 1 1 1 1 1 1 1 1 1 1 1 1 1 1 1 1 1 1 1 1 1 1 1 1 1 1 1 1 1 1 1 1 1 1 1 1 1 1 1 1 1 1 1 1 1 1 1 1 1 1 1 1 1 1 1 1 1 1 1 1 1 1 1 1 1 1 1 1 1 1 1 1 1 1 1 1 1 1 1 1 1 1 1 1 1 1 1 1 1 1 1 1 1 1 1 1 1 1 1 1 1 1 1 1 1 1 1 1 1 1 1 1 1 1 1 1 1 1 1 1 1 1 1 1 1 1 1 1 1 1 1 1 1 1 1 1 0 0 0 0 0 0 0 1 1 1 1 1 1 1 1 1 1 1 1 1 1 1 1 1 1 1 1 1 1 1 1 1 1 1 1 1 1 1 1 1 1 1 1 1 1 1 1 1 1 1 1 1 1 1 1 1 1 1 1 1 0 0 0 0 0 0 0 0 0 0 0 0 0 0 0 0 0 1 1 1 1 1 1 1 1 1 1 1 1 1 1 1 1 1 1 1 1 1 1 1 1 1 1 1 1 1 1 1 1 1 1 1 1 1 1 1 1 1 1 1 1 1 1 1 1 1 1 1 1 1 1 1 1 1 1 1 1 1 1 1 1 1 1 1 1 1 1 1 1 1 1 1 1 1 1 1 1 1 1 1 1 1 1 1 1 1 1 1 1 1 1 1 1 1 1 1 1 1 1 1 1 1 1 1 1 1 1 1 1 1 1 1 1 1 1 1 1 1 1 1 1 1 1 1 1 1 1 1 1 1 1 1 1 1 1 1 1 1 1 1 1 1 1 1 1 1 1 1 1 1 1 1 1 1 1 1 1 1 1 1 1 1 1 1 1 1 1 1 1 1 1 1 1 1 1 1 1 1 1 1 1 1 1 1 1 1 1 1 1 1 1 1 1 1 1 1 1 1 1 1 1 1 1 1 1 1 1 1 1 1 1 1 1 1 1 1 1 1 1 1 1 1 1 1 1 1 1 1 1 1 1 1 1 1 1 1 1 1 1 1 1 1 1 1 1 1 1 1 1 1 1 1 1 1 1 1 1 1 1 1 1 1 1 1 1 1 1 1 1 1 1 1 1 1 1 1 1 1 1 1 1 1 1 1 1 1 1 1 1 1 1 1 1 1 1 1 1 1 1 1 1 1 1 1 1 1 1 1 1 1 1 1 1 1 1 1 1 1 1 1 1 1 1 1 1 1 
