# This file contains a 2D laser scan observation. 
# Its format is: 
# [aperture] [max_range] [number_of_scans] 
# [vector_of_scans] 
# [vector_of_valid_scans] 
# The aperture of the sensor is in radians, the maximum range 
# and measurements are in meters. '1' means a valid scan, '0' otherwise.
4.1847
5.6
682
0.853 0.853 0.842 0.841 0.754 0.681 0.663 0.651 0.636 0.624 0.615 0.613 0.612 0.608 0.608 0.599 0.592 0.588 0.583 0.576 0.563 0.559 0.55 0.542 0.539 0.538 0.524 0.51 0.51 0.503 0.493 0.485 0.478 0.478 0.475 0.467 0.464 0.459 0.458 0.452 0.452 0.448 0.443 0.44 0.436 0.435 0.427 0.423 0.422 0.419 0.417 0.412 0.412 0.411 0.409 0.407 0.399 0.398 0.391 0.389 0.387 0.387 0.383 0.381 0.38 0.374 0.369 0.369 0.369 0.361 0.361 0.361 0.358 0.358 0.358 0.357 0.353 0.351 0.346 0.345 0.341 0.341 0.335 0.334 0.334 0.334 0.332 0.332 0.331 0.326 0.324 0.324 0.32 0.32 0.321 0.32 0.32 0.319 0.319 0.316 0.314 0.313 0.307 0.307 0.303 0.303 0.301 0.304 0.304 0.306 0.311 0.314 0.311 0.311 0.308 0.308 0.303 0.301 0.301 0.301 0.301 0.305 0.305 0.306 0.306 0.299 0.299 0.302 0.302 0.314 0.314 0.316 0.32 0.339 0.344 0.345 0.355 0.361 0.368 0.384 0.387 0.396 0.397 0.411 0.428 0.429 0.443 0.45 0.474 0.487 0.488 0.506 0.515 0.542 0.543 0.554 0.565 0.58 0.585 0.592 0.594 0.621 0.623 0.624 0.624 0.623 0.623 0.623 0.623 0.62 0.623 0.623 0.623 0.623 0.623 0.621 0.621 0.621 0.62 0.62 0.618 0.62 0.62 0.62 0.621 0.621 0.621 0.621 0.655 0.709 0.711 0.711 0.711 0.711 0.719 0.71 0.719 0.719 0.726 0.727 0.745 0.77 0 0 0 0.007 0 0 0 0 0 0.006 0.006 0.006 0.006 0 0 0 0 0 0 0 0 0 0 0 0 0 0 0 0 0.007 0 0.007 3.309 3.309 3.309 3.294 3.258 3.19 3.131 3.053 2.988 2.924 2.889 2.83 2.777 2.718 2.682 2.646 2.606 2.568 2.532 2.489 2.452 2.424 2.41 2.41 2.41 2.417 2.419 2.431 2.434 2.444 2.451 2.453 2.468 2.472 2.483 2.494 2.502 2.504 2.522 2.528 2.534 2.536 2.557 2.563 2.576 2.58 2.976 2.987 3.001 3.001 0 0 0 0 0 0 0.007 0 0 0 0 0 0 0 1.482 1.467 1.453 1.451 1.437 1.428 1.413 1.402 1.39 1.377 1.37 1.364 1.355 1.35 1.339 1.325 1.323 1.313 1.299 1.29 1.284 1.273 1.061 1.057 1.047 1.046 0.99 0.984 0.983 0.98 0.963 0.96 0.951 0.948 0.943 0.943 0.943 0.94 0.94 0.937 0.925 0.918 0.908 0.908 0.903 0.899 0.895 0.89 0.887 0.882 0.879 0.877 0.875 0.875 0.875 0.863 0.859 0.839 0.838 0.838 0.836 0.832 0.832 0.832 0.832 0.832 0.83 0.829 0.821 0.816 0.813 0.807 0.805 0.801 0.799 0.798 0.795 0.782 0.782 0.782 0.782 0.781 0.775 0.775 0.773 0.77 0.77 0.771 0.77 0.77 0.765 0.765 0.764 0.754 0.746 0.745 0.743 0.74 0.74 0.738 0.737 0.737 0.738 0.737 0.737 0.739 0.737 0.733 0.731 0.731 0.727 0.727 0.725 0.724 0.718 0.717 0.718 0.717 0.717 0.718 0.718 0.716 0.716 0.716 0.716 0.716 0.717 0.717 0.714 0.713 0.713 0.713 0.713 0.717 0.717 0.704 0.701 0.701 0.701 0.706 0.706 0.706 0.699 0.699 0.699 0.706 0.706 0.709 0.711 0.711 0.714 0.715 0.717 0.717 0.717 0.712 0.712 0.712 0.821 0.822 0.825 0.825 0.825 0.826 0.826 0.826 0.828 0.828 0.828 0.834 0.831 0.832 0.832 0.832 0.832 0.832 0.834 0.834 0.835 0.835 0.835 0.839 0.839 0.839 0.839 0.839 0.839 0.839 0.838 0.838 0.84 0.851 0.851 0.852 0.851 0.849 0.849 0.852 0.852 0.859 0.86 0.863 0.863 0.863 0.866 0.87 0.87 0.87 0.87 0.869 0.869 0.873 0.883 0.883 0.884 0.885 0.887 0.887 0.894 0.897 0.897 0.902 0.904 0.906 0.906 0.907 0.907 0.911 0.913 0.916 0.918 0.922 0.928 0.929 0.936 0.936 0.936 0.934 0.931 0.931 0.93 0.931 0.937 0.941 0.945 0.949 0.956 0.958 0.962 0.962 0.962 0.967 0.968 0.984 0.986 0.991 0.993 0.995 1.001 1.011 1.011 1.015 1.025 1.025 1.033 1.036 1.046 1.049 1.054 1.061 1.061 1.075 1.076 1.08 1.081 1.094 1.099 1.101 1.106 1.123 1.125 1.131 1.135 1.142 1.145 1.159 1.163 1.167 1.184 1.187 1.203 1.203 1.218 1.223 1.236 1.238 1.24 1.254 1.257 1.266 1.285 1.288 1.289 1.308 1.32 1.343 1.35 1.352 1.352 1.355 1.391 1.397 1.402 1.426 1.456 1.472 1.479 1.482 1.521 1.53 1.558 1.579 1.594 1.615 1.641 1.647 1.668 1.697 1.723 1.742 1.84 1.856 1.861 1.861 1.857 1.857 1.857 1.853 1.843 1.836 1.835 1.835 1.825 1.824 1.82 1.812 1.809 1.806 1.797 1.793 1.785 1.782 1.778 1.776 1.771 1.767 1.765 1.757 1.753 1.752 1.752 1.752 1.745 1.363 1.342 1.338 1.335 1.303 1.243 1.241 1.241 1.239 1.239 1.205 1.18 1.177 1.165 1.161 1.151 1.148 1.134 1.114 1.107 1.106 
1 1 1 1 1 1 1 1 1 1 1 1 1 1 1 1 1 1 1 1 1 1 1 1 1 1 1 1 1 1 1 1 1 1 1 1 1 1 1 1 1 1 1 1 1 1 1 1 1 1 1 1 1 1 1 1 1 1 1 1 1 1 1 1 1 1 1 1 1 1 1 1 1 1 1 1 1 1 1 1 1 1 1 1 1 1 1 1 1 1 1 1 1 1 1 1 1 1 1 1 1 1 1 1 1 1 1 1 1 1 1 1 1 1 1 1 1 1 1 1 1 1 1 1 1 1 1 1 1 1 1 1 1 1 1 1 1 1 1 1 1 1 1 1 1 1 1 1 1 1 1 1 1 1 1 1 1 1 1 1 1 1 1 1 1 1 1 1 1 1 1 1 1 1 1 1 1 1 1 1 1 1 1 1 1 1 1 1 1 1 1 1 1 1 1 1 1 1 1 1 1 1 0 0 0 0 0 0 0 0 0 0 0 0 0 0 0 0 0 0 0 0 0 0 0 0 0 0 0 0 0 0 0 0 1 1 1 1 1 1 1 1 1 1 1 1 1 1 1 1 1 1 1 1 1 1 1 1 1 1 1 1 1 1 1 1 1 1 1 1 1 1 1 1 1 1 1 1 1 1 1 1 1 1 0 0 0 0 0 0 0 0 0 0 0 0 0 0 1 1 1 1 1 1 1 1 1 1 1 1 1 1 1 1 1 1 1 1 1 1 1 1 1 1 1 1 1 1 1 1 1 1 1 1 1 1 1 1 1 1 1 1 1 1 1 1 1 1 1 1 1 1 1 1 1 1 1 1 1 1 1 1 1 1 1 1 1 1 1 1 1 1 1 1 1 1 1 1 1 1 1 1 1 1 1 1 1 1 1 1 1 1 1 1 1 1 1 1 1 1 1 1 1 1 1 1 1 1 1 1 1 1 1 1 1 1 1 1 1 1 1 1 1 1 1 1 1 1 1 1 1 1 1 1 1 1 1 1 1 1 1 1 1 1 1 1 1 1 1 1 1 1 1 1 1 1 1 1 1 1 1 1 1 1 1 1 1 1 1 1 1 1 1 1 1 1 1 1 1 1 1 1 1 1 1 1 1 1 1 1 1 1 1 1 1 1 1 1 1 1 1 1 1 1 1 1 1 1 1 1 1 1 1 1 1 1 1 1 1 1 1 1 1 1 1 1 1 1 1 1 1 1 1 1 1 1 1 1 1 1 1 1 1 1 1 1 1 1 1 1 1 1 1 1 1 1 1 1 1 1 1 1 1 1 1 1 1 1 1 1 1 1 1 1 1 1 1 1 1 1 1 1 1 1 1 1 1 1 1 1 1 1 1 1 1 1 1 1 1 1 1 1 1 1 1 1 1 1 1 1 1 1 1 1 1 1 1 1 1 1 1 1 1 1 1 1 1 1 1 1 1 1 1 1 1 1 1 1 1 1 1 1 1 1 1 1 1 1 1 1 1 1 1 1 1 1 1 1 1 1 1 1 1 1 1 1 1 1 1 1 1 1 1 1 1 1 1 1 1 1 1 1 
