# This file contains a 2D laser scan observation. 
# Its format is: 
# [aperture] [max_range] [number_of_scans] 
# [vector_of_scans] 
# [vector_of_valid_scans] 
# The aperture of the sensor is in radians, the maximum range 
# and measurements are in meters. '1' means a valid scan, '0' otherwise.
4.1847
5.6
682
0.537 0.536 0.532 0.522 0.521 0.507 0.506 0.497 0.495 0.49 0.485 0.475 0.468 0.465 0.462 0.456 0.453 0.452 0.442 0.436 0.431 0.428 0.425 0.424 0.423 0.417 0.409 0.407 0.407 0.395 0.395 0.395 0.395 0.395 0.384 0.376 0.373 0.373 0.369 0.367 0.367 0.362 0.362 0.361 0.359 0.358 0.349 0.349 0.346 0.346 0.342 0.341 0.338 0.332 0.333 0.332 0.329 0.329 0.328 0.325 0.325 0.325 0.334 0.334 0.334 0.334 0.324 0.324 0.321 0.314 0.314 0.314 0.315 0.315 0.315 0.313 0.313 0.313 0.317 0.319 0.325 0.329 0.329 0.329 0.331 0.331 0.336 0.337 0.341 0.342 0.346 0.348 0.351 0.357 0.358 0.364 0.365 0.37 0.373 0.378 0.38 0.39 0.393 0.395 0.402 0.406 0.408 0.413 0.42 0.423 0.424 0.43 0.447 0.45 0.454 0.462 0.467 0.47 0.489 0.489 0.496 0.511 0.524 0.525 0.539 0.545 0.547 0.559 0.573 0.576 0.583 0.611 0.611 0.611 0.606 0.606 0.605 0.605 0.606 0.608 0.608 0.608 0.606 0.606 0.604 0.6 0.599 0.6 0.6 0.599 0.599 0.598 0.598 0.594 0.594 0.594 0.593 0.593 0.593 0.615 0.62 0.661 0.685 0.687 0.695 0.695 0.695 0.694 0.694 0.694 0.694 0.695 0.699 0.699 0.706 0.731 0.736 3.155 3.165 3.346 0 0.006 0.006 0.006 0.006 0.006 0 0 0 0 0 0 0.006 0.006 0 0 0 0 0.006 0.006 0.006 0.006 0.006 0 0 0 0 0 0 0 0 0 0 0 0 0 0 3.228 3.228 3.228 3.255 3.255 3.262 3.255 3.249 3.182 3.105 3.035 2.983 2.908 2.854 2.813 2.747 2.707 2.676 2.617 2.578 2.546 2.495 2.456 2.456 2.421 2.396 2.371 2.367 2.367 2.371 2.374 2.386 2.393 2.397 2.404 2.406 2.424 2.426 2.428 2.442 2.445 2.458 2.469 2.47 2.488 2.49 2.496 2.498 2.507 2.522 2.534 2.912 2.924 2.94 2.981 0 0 0 0 0 0 0.007 0 0 0 0 1.428 1.419 1.399 1.385 1.379 1.367 1.361 1.342 1.334 1.323 1.319 1.308 1.295 1.29 1.286 1.274 1.272 1.257 1.248 1.233 1.228 1.217 1.115 0.999 0.999 0.99 0.983 0.923 0.917 0.912 0.91 0.897 0.893 0.893 0.89 0.887 0.886 0.877 0.874 0.87 0.863 0.853 0.85 0.846 0.842 0.838 0.83 0.828 0.827 0.816 0.814 0.812 0.804 0.803 0.803 0.802 0.799 0.791 0.787 0.772 0.768 0.765 0.764 0.762 0.758 0.758 0.758 0.761 0.761 0.761 0.76 0.757 0.741 0.741 0.733 0.733 0.732 0.73 0.729 0.728 0.722 0.718 0.716 0.716 0.713 0.711 0.708 0.701 0.697 0.697 0.694 0.694 0.697 0.698 0.699 0.699 0.699 0.699 0.683 0.678 0.675 0.673 0.67 0.67 0.668 0.661 0.661 0.658 0.658 0.658 0.661 0.661 0.664 0.668 0.661 0.664 0.664 0.66 0.66 0.659 0.659 0.652 0.649 0.647 0.647 0.647 0.647 0.647 0.646 0.642 0.642 0.641 0.641 0.641 0.652 0.652 0.654 0.655 0.654 0.646 0.646 0.646 0.646 0.645 0.647 0.647 0.644 0.641 0.632 0.632 0.632 0.635 0.636 0.636 0.636 0.64 0.645 0.649 0.658 0.658 0.658 0.658 0.658 0.657 0.657 0.659 0.656 0.656 0.662 0.662 0.662 0.723 0.765 0.765 0.767 0.769 0.769 0.771 0.771 0.771 0.77 0.771 0.77 0.77 0.77 0.771 0.776 0.776 0.779 0.779 0.779 0.78 0.78 0.78 0.783 0.781 0.784 0.781 0.785 0.783 0.783 0.783 0.79 0.79 0.79 0.792 0.793 0.794 0.794 0.802 0.804 0.804 0.806 0.806 0.806 0.809 0.809 0.809 0.81 0.813 0.817 0.819 0.822 0.823 0.823 0.823 0.825 0.825 0.827 0.827 0.834 0.837 0.843 0.845 0.845 0.852 0.855 0.855 0.856 0.859 0.865 0.87 0.87 0.872 0.88 0.88 0.881 0.882 0.884 0.887 0.893 0.9 0.9 0.9 0.898 0.898 0.898 0.9 0.906 0.915 0.915 0.916 0.92 0.928 0.928 0.933 0.933 0.944 0.945 0.946 0.948 0.959 0.962 0.963 0.964 0.973 0.98 0.983 0.986 0.989 1.003 1.005 1.014 1.015 1.03 1.037 1.038 1.046 1.052 1.053 1.061 1.071 1.072 1.079 1.09 1.09 1.097 1.112 1.119 1.126 1.127 1.141 1.146 1.15 1.169 1.173 1.181 1.184 1.187 1.2 1.213 1.229 1.234 1.239 1.26 1.276 1.281 1.283 1.3 1.317 1.325 1.33 1.354 1.36 1.364 1.385 1.423 1.436 1.441 1.468 1.496 1.504 1.529 1.555 1.555 1.581 1.611 1.635 1.661 1.691 1.709 1.733 1.757 1.786 1.828 1.849 1.855 1.855 1.855 1.853 1.846 1.844 1.837 1.828 1.828 1.826 1.824 1.817 1.813 1.802 1.8 1.795 1.794 1.793 1.791 1.786 1.781 1.781 1.779 1.778 1.771 1.771 1.762 1.76 1.755 1.755 1.753 1.753 1.367 1.358 1.343 1.341 1.334 1.255 1.255 1.255 1.256 1.256 1.256 1.208 1.196 1.182 1.181 1.171 1.16 1.139 1.131 1.125 1.121 
1 1 1 1 1 1 1 1 1 1 1 1 1 1 1 1 1 1 1 1 1 1 1 1 1 1 1 1 1 1 1 1 1 1 1 1 1 1 1 1 1 1 1 1 1 1 1 1 1 1 1 1 1 1 1 1 1 1 1 1 1 1 1 1 1 1 1 1 1 1 1 1 1 1 1 1 1 1 1 1 1 1 1 1 1 1 1 1 1 1 1 1 1 1 1 1 1 1 1 1 1 1 1 1 1 1 1 1 1 1 1 1 1 1 1 1 1 1 1 1 1 1 1 1 1 1 1 1 1 1 1 1 1 1 1 1 1 1 1 1 1 1 1 1 1 1 1 1 1 1 1 1 1 1 1 1 1 1 1 1 1 1 1 1 1 1 1 1 1 1 1 1 1 1 1 1 1 1 1 1 0 0 0 0 0 0 0 0 0 0 0 0 0 0 0 0 0 0 0 0 0 0 0 0 0 0 0 0 0 0 0 0 0 0 0 0 0 1 1 1 1 1 1 1 1 1 1 1 1 1 1 1 1 1 1 1 1 1 1 1 1 1 1 1 1 1 1 1 1 1 1 1 1 1 1 1 1 1 1 1 1 1 1 1 1 1 1 1 1 1 1 1 0 0 0 0 0 0 0 0 0 0 0 1 1 1 1 1 1 1 1 1 1 1 1 1 1 1 1 1 1 1 1 1 1 1 1 1 1 1 1 1 1 1 1 1 1 1 1 1 1 1 1 1 1 1 1 1 1 1 1 1 1 1 1 1 1 1 1 1 1 1 1 1 1 1 1 1 1 1 1 1 1 1 1 1 1 1 1 1 1 1 1 1 1 1 1 1 1 1 1 1 1 1 1 1 1 1 1 1 1 1 1 1 1 1 1 1 1 1 1 1 1 1 1 1 1 1 1 1 1 1 1 1 1 1 1 1 1 1 1 1 1 1 1 1 1 1 1 1 1 1 1 1 1 1 1 1 1 1 1 1 1 1 1 1 1 1 1 1 1 1 1 1 1 1 1 1 1 1 1 1 1 1 1 1 1 1 1 1 1 1 1 1 1 1 1 1 1 1 1 1 1 1 1 1 1 1 1 1 1 1 1 1 1 1 1 1 1 1 1 1 1 1 1 1 1 1 1 1 1 1 1 1 1 1 1 1 1 1 1 1 1 1 1 1 1 1 1 1 1 1 1 1 1 1 1 1 1 1 1 1 1 1 1 1 1 1 1 1 1 1 1 1 1 1 1 1 1 1 1 1 1 1 1 1 1 1 1 1 1 1 1 1 1 1 1 1 1 1 1 1 1 1 1 1 1 1 1 1 1 1 1 1 1 1 1 1 1 1 1 1 1 1 1 1 1 1 1 1 1 1 1 1 1 1 1 1 1 1 1 1 1 1 1 1 1 1 1 1 1 1 1 1 1 1 1 1 1 1 1 1 1 1 1 1 1 1 1 1 1 1 1 1 1 1 1 1 1 1 1 1 1 1 1 1 1 1 1 1 1 1 1 1 1 1 1 1 1 1 1 1 1 1 1 1 1 1 1 1 1 1 
