# This file contains a 2D laser scan observation. 
# Its format is: 
# [aperture] [max_range] [number_of_scans] 
# [vector_of_scans] 
# [vector_of_valid_scans] 
# The aperture of the sensor is in radians, the maximum range 
# and measurements are in meters. '1' means a valid scan, '0' otherwise.
4.1847
5.6
682
1.307 1.307 0.689 0.667 0.66 0.655 0.594 0.547 0.543 0.543 0.544 0.544 0.544 0.544 0.544 0.544 0.538 0.537 0.534 0.537 0.531 0.537 0.539 0.54 0.54 0.54 0.535 0.535 0.535 0.531 0.535 0.535 0.532 0.53 0.53 0.53 0.528 0.528 0.529 0.529 0.529 0.529 0.527 0.527 0.529 0.522 0.529 0.529 0.525 0.522 0.522 0.522 0.522 0.52 0.522 0.527 0.522 0.526 0.526 0.526 0.526 0.526 0.526 0.526 0.526 0.522 0.522 0.522 0.522 0.522 0.522 0.528 0.528 0.528 0.528 0.528 0.528 0.528 0.626 0.661 0.663 0.664 0.664 0.667 0.667 0.668 0.675 0.677 0.679 0.681 0.684 0.693 0.693 0.693 0.691 0.691 0.688 0.687 0.688 0.696 0.696 0.698 0.698 0.701 0.702 0.702 0.702 0.702 0.706 0.708 0.708 0.708 0.708 0.716 0.713 0.718 0.719 0.719 0.723 0.723 0.723 0.723 0.721 0.721 0.723 0.724 0.734 0.738 0.738 0.738 0.738 0.738 0.739 0.745 0.745 0.747 0.743 0.747 0.754 0.756 0.756 0.757 0.76 0.763 0.765 0.772 0.775 0.781 0.781 0.781 0.791 0.795 0.795 0.798 0.799 0.801 0.804 0.814 0.815 0.821 0.828 0.836 0.837 0.843 0.843 0.852 0.854 0.854 0.856 0.87 0.871 0.872 0.878 0.882 0.885 0.892 0.898 0.904 0.908 0.913 0.915 0.925 0.925 0.934 0.942 0.942 0.95 0.951 0.959 0.961 0.968 0.97 0.972 0.989 1.024 1.04 1.04 1.04 1.04 1.04 1.052 1.052 1.053 1.059 1.059 1.07 1.079 1.092 1.094 1.107 1.12 1.131 1.14 1.153 1.162 1.177 1.183 1.21 1.222 1.222 1.231 1.231 1.231 1.244 1.259 1.289 1.319 1.344 1.362 1.371 1.399 1.418 1.438 1.464 1.477 1.521 1.556 1.561 1.587 1.614 1.658 1.681 1.721 1.745 1.778 1.782 1.814 1.827 1.828 1.828 1.827 1.822 1.821 1.821 1.819 1.819 1.818 1.809 1.799 1.798 1.798 1.797 1.793 1.79 1.785 1.778 1.778 1.774 1.774 1.769 1.768 1.766 1.751 1.75 1.743 1.743 1.742 1.734 1.734 1.732 1.73 1.729 1.73 1.732 1.727 1.735 1.735 1.728 1.728 1.728 1.728 1.727 1.725 1.727 1.725 1.727 1.726 1.726 1.726 1.726 1.725 1.725 1.725 1.725 1.727 1.727 1.727 1.728 1.728 1.727 1.729 1.728 1.728 1.728 1.729 1.728 1.73 1.728 1.728 1.728 1.727 1.727 1.727 1.729 1.729 1.729 1.729 1.729 1.725 1.725 1.725 1.729 1.732 1.737 1.738 1.74 1.741 1.744 1.747 1.75 1.756 1.758 1.763 1.77 1.772 1.775 1.775 1.784 1.785 1.786 1.787 1.787 1.79 1.796 1.799 1.8 1.804 1.812 1.812 1.815 1.82 1.823 1.833 1.837 1.84 1.843 1.848 1.848 1.852 1.864 1.864 1.866 1.871 1.871 1.872 1.888 1.89 1.891 1.891 1.891 1.874 1.862 1.85 1.85 1.85 1.852 1.86 1.861 1.864 1.88 1.883 1.886 1.892 1.897 1.905 1.906 1.922 1.928 1.935 1.937 1.949 1.955 1.962 1.97 1.983 1.985 1.994 2.008 2.018 2.023 2.037 2.045 2.05 2.063 2.072 2.081 2.095 2.098 2.112 2.188 2.229 2.229 2.229 2.225 2.204 2.182 2.171 2.143 2.141 2.131 2.111 2.101 2.089 2.082 2.064 2.056 2.044 2.029 2.016 2.007 1.988 1.985 1.985 1.98 1.966 1.949 1.927 1.921 1.916 1.913 1.894 1.889 1.87 1.865 1.848 1.831 1.813 1.803 1.8 1.778 1.778 1.775 1.762 1.754 1.746 1.744 1.738 1.723 1.722 1.709 1.707 1.703 1.691 1.684 1.68 1.67 1.669 1.665 1.655 1.653 1.648 1.64 1.633 1.626 1.624 1.62 1.613 1.604 1.601 1.6 1.59 1.589 1.584 1.581 1.579 1.565 1.564 1.564 1.563 1.555 1.547 1.546 1.545 1.542 1.541 1.536 1.526 1.525 1.522 1.509 1.509 1.509 1.509 1.505 1.505 1.499 1.494 1.493 1.493 1.488 1.488 1.485 1.485 1.481 1.481 1.474 1.471 1.471 1.462 1.462 1.462 1.462 1.459 1.458 1.458 1.455 1.455 1.455 1.454 1.451 1.451 1.446 1.446 1.446 1.448 1.446 1.446 0.938 0.937 0.935 0.933 0.929 0.929 0.929 0.932 0.932 0.946 0.946 0.951 0.951 0.951 0.949 0.949 0.943 0.941 0.939 0.936 0.933 0.932 0.932 0.932 0.932 0.942 0.942 0.942 0.944 0.944 0.944 0.944 0.944 0.944 0.943 0.943 0.943 0.941 0.937 0.93 0.927 0.917 0.917 0.917 0.934 0.934 0.989 1.748 1.751 1.755 1.751 1.751 1.751 1.739 1.739 1.739 1.762 1.773 1.781 1.787 1.787 1.787 1.792 1.793 1.798 1.799 1.802 3.308 3.323 3.331 3.331 3.34 3.348 3.36 3.363 3.37 3.37 3.38 3.403 3.406 3.408 3.42 3.429 3.439 3.45 3.466 3.466 3.472 3.48 3.481 3.486 4.559 4.571 4.599 4.592 4.592 4.599 4.623 4.63 4.644 4.667 0 0 0 0 0 0 0 0 0 0 0 0 0 0 3.841 3.841 3.829 3.829 2.644 2.623 2.601 2.588 2.576 2.554 2.53 2.517 2.505 2.486 2.472 2.452 2.441 2.424 2.408 2.394 
1 1 1 1 1 1 1 1 1 1 1 1 1 1 1 1 1 1 1 1 1 1 1 1 1 1 1 1 1 1 1 1 1 1 1 1 1 1 1 1 1 1 1 1 1 1 1 1 1 1 1 1 1 1 1 1 1 1 1 1 1 1 1 1 1 1 1 1 1 1 1 1 1 1 1 1 1 1 1 1 1 1 1 1 1 1 1 1 1 1 1 1 1 1 1 1 1 1 1 1 1 1 1 1 1 1 1 1 1 1 1 1 1 1 1 1 1 1 1 1 1 1 1 1 1 1 1 1 1 1 1 1 1 1 1 1 1 1 1 1 1 1 1 1 1 1 1 1 1 1 1 1 1 1 1 1 1 1 1 1 1 1 1 1 1 1 1 1 1 1 1 1 1 1 1 1 1 1 1 1 1 1 1 1 1 1 1 1 1 1 1 1 1 1 1 1 1 1 1 1 1 1 1 1 1 1 1 1 1 1 1 1 1 1 1 1 1 1 1 1 1 1 1 1 1 1 1 1 1 1 1 1 1 1 1 1 1 1 1 1 1 1 1 1 1 1 1 1 1 1 1 1 1 1 1 1 1 1 1 1 1 1 1 1 1 1 1 1 1 1 1 1 1 1 1 1 1 1 1 1 1 1 1 1 1 1 1 1 1 1 1 1 1 1 1 1 1 1 1 1 1 1 1 1 1 1 1 1 1 1 1 1 1 1 1 1 1 1 1 1 1 1 1 1 1 1 1 1 1 1 1 1 1 1 1 1 1 1 1 1 1 1 1 1 1 1 1 1 1 1 1 1 1 1 1 1 1 1 1 1 1 1 1 1 1 1 1 1 1 1 1 1 1 1 1 1 1 1 1 1 1 1 1 1 1 1 1 1 1 1 1 1 1 1 1 1 1 1 1 1 1 1 1 1 1 1 1 1 1 1 1 1 1 1 1 1 1 1 1 1 1 1 1 1 1 1 1 1 1 1 1 1 1 1 1 1 1 1 1 1 1 1 1 1 1 1 1 1 1 1 1 1 1 1 1 1 1 1 1 1 1 1 1 1 1 1 1 1 1 1 1 1 1 1 1 1 1 1 1 1 1 1 1 1 1 1 1 1 1 1 1 1 1 1 1 1 1 1 1 1 1 1 1 1 1 1 1 1 1 1 1 1 1 1 1 1 1 1 1 1 1 1 1 1 1 1 1 1 1 1 1 1 1 1 1 1 1 1 1 1 1 1 1 1 1 1 1 1 1 1 1 1 1 1 1 1 1 1 1 1 1 1 1 1 1 1 1 1 1 1 1 1 1 1 1 1 1 1 1 1 1 1 1 1 1 1 1 1 1 1 1 1 1 1 1 1 1 1 1 1 1 1 1 1 1 1 1 1 1 1 1 1 1 1 1 1 1 1 1 1 1 1 1 1 1 1 1 1 1 1 1 1 1 1 1 1 1 1 1 1 1 1 1 1 1 1 1 1 0 0 0 0 0 0 0 0 0 0 0 0 0 0 1 1 1 1 1 1 1 1 1 1 1 1 1 1 1 1 1 1 1 1 
