# This file contains a 2D laser scan observation. 
# Its format is: 
# [aperture] [max_range] [number_of_scans] 
# [vector_of_scans] 
# [vector_of_valid_scans] 
# The aperture of the sensor is in radians, the maximum range 
# and measurements are in meters. '1' means a valid scan, '0' otherwise.
4.1847
5.6
682
0.565 0.562 0.556 0.562 0.558 0.558 0.558 0.558 0.552 0.552 0.552 0.547 0.546 0.546 0.546 0.541 0.54 0.54 0.54 0.54 0.54 0.543 0.543 0.543 0.543 0.539 0.538 0.537 0.537 0.538 0.54 0.54 0.54 0.54 0.54 0.533 0.529 0.529 0.531 0.533 0.531 0.531 0.531 0.531 0.531 0.528 0.528 0.532 0.534 0.528 0.528 0.531 0.531 0.531 0.531 0.531 0.531 0.528 0.528 0.527 0.527 0.533 0.533 0.532 0.532 0.532 0.53 0.532 0.532 0.544 0.632 0.663 0.667 0.667 0.674 0.674 0.677 0.677 0.677 0.678 0.683 0.684 0.689 0.689 0.689 0.689 0.69 0.69 0.69 0.692 0.693 0.696 0.701 0.701 0.701 0.698 0.696 0.696 0.695 0.696 0.698 0.7 0.708 0.709 0.709 0.71 0.711 0.715 0.717 0.717 0.715 0.717 0.717 0.718 0.718 0.719 0.727 0.728 0.733 0.733 0.733 0.733 0.733 0.735 0.741 0.746 0.746 0.746 0.741 0.741 0.741 0.744 0.748 0.749 0.751 0.758 0.758 0.761 0.762 0.766 0.768 0.769 0.777 0.777 0.784 0.786 0.786 0.786 0.791 0.796 0.801 0.803 0.821 0.821 0.825 0.827 0.834 0.834 0.834 0.837 0.854 0.854 0.855 0.855 0.857 0.859 0.866 0.869 0.882 0.883 0.886 0.895 0.9 0.909 0.91 0.913 0.917 0.926 0.927 0.935 0.94 0.947 0.948 0.949 0.949 0.953 0.963 0.968 0.973 1.006 1.021 1.021 1.024 1.024 1.024 1.036 1.036 1.042 1.046 1.047 1.052 1.065 1.077 1.08 1.093 1.101 1.105 1.127 1.129 1.149 1.155 1.167 1.186 1.202 1.202 1.203 1.215 1.215 1.215 1.239 1.248 1.298 1.322 1.335 1.344 1.358 1.374 1.4 1.419 1.441 1.454 1.494 1.541 1.548 1.561 1.581 1.622 1.649 1.687 1.705 1.744 1.76 1.781 1.807 1.807 1.807 1.806 1.806 1.806 1.804 1.804 1.804 1.797 1.791 1.786 1.782 1.779 1.779 1.775 1.773 1.772 1.762 1.761 1.76 1.757 1.754 1.751 1.751 1.748 1.732 1.728 1.728 1.724 1.724 1.724 1.72 1.72 1.71 1.708 1.708 1.71 1.71 1.71 1.712 1.711 1.712 1.712 1.712 1.711 1.709 1.707 1.707 1.701 1.701 1.705 1.705 1.705 1.705 1.711 1.711 1.711 1.711 1.711 1.707 1.707 1.705 1.705 1.705 1.701 1.701 1.701 1.7 1.699 1.699 1.699 1.707 1.708 1.708 1.709 1.709 1.709 1.714 1.715 1.715 1.714 1.705 1.705 1.705 1.701 1.707 1.713 1.715 1.717 1.719 1.719 1.722 1.724 1.726 1.732 1.737 1.738 1.745 1.747 1.751 1.752 1.752 1.759 1.766 1.768 1.771 1.772 1.772 1.774 1.779 1.784 1.784 1.786 1.794 1.797 1.808 1.813 1.817 1.82 1.821 1.825 1.827 1.834 1.834 1.834 1.837 1.843 1.845 1.847 1.857 1.864 1.867 1.868 1.868 1.867 1.849 1.829 1.829 1.829 1.829 1.835 1.839 1.845 1.857 1.858 1.866 1.871 1.879 1.885 1.893 1.9 1.901 1.908 1.919 1.922 1.929 1.93 1.953 1.96 1.964 1.975 1.986 1.996 1.996 2.018 2.019 2.036 2.038 2.05 2.06 2.065 2.077 2.094 2.108 2.227 2.227 2.227 2.204 2.191 2.176 2.156 2.135 2.127 2.116 2.098 2.095 2.074 2.059 2.05 2.038 2.028 2.016 2.008 1.994 1.993 1.97 1.964 1.95 1.946 1.927 1.919 1.916 1.902 1.89 1.877 1.873 1.86 1.85 1.848 1.829 1.811 1.791 1.78 1.779 1.767 1.759 1.745 1.745 1.738 1.729 1.719 1.717 1.715 1.697 1.697 1.687 1.682 1.674 1.673 1.667 1.663 1.653 1.647 1.638 1.638 1.622 1.62 1.618 1.615 1.603 1.601 1.591 1.591 1.589 1.583 1.581 1.572 1.571 1.571 1.563 1.556 1.554 1.55 1.543 1.541 1.536 1.536 1.535 1.529 1.522 1.52 1.519 1.514 1.507 1.504 1.502 1.494 1.493 1.49 1.489 1.486 1.482 1.479 1.478 1.476 1.476 1.474 1.467 1.465 1.462 1.462 1.461 1.461 1.457 1.456 1.456 1.454 1.455 1.454 1.454 1.449 1.449 1.449 1.442 1.438 1.438 1.439 1.439 1.439 1.439 1.434 1.434 1.429 1.428 0.942 0.921 0.917 0.917 0.919 0.919 0.925 0.925 0.932 0.935 0.936 0.938 0.942 0.942 0.942 0.938 0.935 0.932 0.931 0.931 0.929 0.929 0.929 0.929 0.929 0.933 0.934 0.935 0.934 0.936 0.934 0.936 0.934 0.936 0.933 0.933 0.932 0.932 0.929 0.927 0.924 0.922 0.922 0.922 0.931 0.942 0.952 1.746 1.747 1.756 1.747 1.747 1.698 1.698 1.698 1.767 1.771 1.776 1.778 1.78 1.783 1.791 1.798 1.798 1.799 1.808 3.321 3.33 3.338 3.338 3.354 3.355 3.369 3.372 3.381 3.385 3.388 3.406 3.416 3.418 3.435 3.446 3.448 3.46 3.461 3.464 3.481 3.5 3.503 4.552 4.562 4.577 4.577 4.605 4.615 4.64 4.641 4.66 4.666 0 0 0 0 0 0 0 0 0 0 0 0 0 0 3.868 3.868 3.868 3.868 3.868 2.633 2.602 2.601 2.587 2.566 2.535 2.534 2.511 2.5 2.478 2.471 2.457 2.438 2.423 2.41 2.396 
1 1 1 1 1 1 1 1 1 1 1 1 1 1 1 1 1 1 1 1 1 1 1 1 1 1 1 1 1 1 1 1 1 1 1 1 1 1 1 1 1 1 1 1 1 1 1 1 1 1 1 1 1 1 1 1 1 1 1 1 1 1 1 1 1 1 1 1 1 1 1 1 1 1 1 1 1 1 1 1 1 1 1 1 1 1 1 1 1 1 1 1 1 1 1 1 1 1 1 1 1 1 1 1 1 1 1 1 1 1 1 1 1 1 1 1 1 1 1 1 1 1 1 1 1 1 1 1 1 1 1 1 1 1 1 1 1 1 1 1 1 1 1 1 1 1 1 1 1 1 1 1 1 1 1 1 1 1 1 1 1 1 1 1 1 1 1 1 1 1 1 1 1 1 1 1 1 1 1 1 1 1 1 1 1 1 1 1 1 1 1 1 1 1 1 1 1 1 1 1 1 1 1 1 1 1 1 1 1 1 1 1 1 1 1 1 1 1 1 1 1 1 1 1 1 1 1 1 1 1 1 1 1 1 1 1 1 1 1 1 1 1 1 1 1 1 1 1 1 1 1 1 1 1 1 1 1 1 1 1 1 1 1 1 1 1 1 1 1 1 1 1 1 1 1 1 1 1 1 1 1 1 1 1 1 1 1 1 1 1 1 1 1 1 1 1 1 1 1 1 1 1 1 1 1 1 1 1 1 1 1 1 1 1 1 1 1 1 1 1 1 1 1 1 1 1 1 1 1 1 1 1 1 1 1 1 1 1 1 1 1 1 1 1 1 1 1 1 1 1 1 1 1 1 1 1 1 1 1 1 1 1 1 1 1 1 1 1 1 1 1 1 1 1 1 1 1 1 1 1 1 1 1 1 1 1 1 1 1 1 1 1 1 1 1 1 1 1 1 1 1 1 1 1 1 1 1 1 1 1 1 1 1 1 1 1 1 1 1 1 1 1 1 1 1 1 1 1 1 1 1 1 1 1 1 1 1 1 1 1 1 1 1 1 1 1 1 1 1 1 1 1 1 1 1 1 1 1 1 1 1 1 1 1 1 1 1 1 1 1 1 1 1 1 1 1 1 1 1 1 1 1 1 1 1 1 1 1 1 1 1 1 1 1 1 1 1 1 1 1 1 1 1 1 1 1 1 1 1 1 1 1 1 1 1 1 1 1 1 1 1 1 1 1 1 1 1 1 1 1 1 1 1 1 1 1 1 1 1 1 1 1 1 1 1 1 1 1 1 1 1 1 1 1 1 1 1 1 1 1 1 1 1 1 1 1 1 1 1 1 1 1 1 1 1 1 1 1 1 1 1 1 1 1 1 1 1 1 1 1 1 1 1 1 1 1 1 1 1 1 1 1 1 1 1 1 1 1 1 1 1 1 1 1 1 1 1 1 1 1 1 1 1 1 1 1 1 1 1 1 1 1 1 1 1 1 1 1 1 1 1 1 1 1 1 1 1 0 0 0 0 0 0 0 0 0 0 0 0 0 0 1 1 1 1 1 1 1 1 1 1 1 1 1 1 1 1 1 1 1 1 1 
