# This file contains a 2D laser scan observation. 
# Its format is: 
# [aperture] [max_range] [number_of_scans] 
# [vector_of_scans] 
# [vector_of_valid_scans] 
# The aperture of the sensor is in radians, the maximum range 
# and measurements are in meters. '1' means a valid scan, '0' otherwise.
4.1847
5.6
682
0.546 0.546 0.546 0.54 0.538 0.539 0.538 0.538 0.533 0.532 0.532 0.529 0.528 0.528 0.528 0.528 0.522 0.52 0.522 0.522 0.522 0.519 0.519 0.519 0.519 0.517 0.517 0.521 0.517 0.516 0.515 0.51 0.504 0.439 0.436 0.435 0.436 0.435 0.431 0.435 0.435 0.43 0.43 0.432 0.432 0.432 0.432 0.432 0.433 0.433 0.433 0.433 0.43 0.43 0.43 0.43 0.43 0.43 0.431 0.433 0.433 0.434 0.433 0.436 0.437 0.437 0.437 0.437 0.435 0.433 0.431 0.431 0.428 0.428 0.428 0.427 0.427 0.406 0.393 0.38 0.378 0.375 0.374 0.374 0.374 0.374 0.374 0.372 0.372 0.372 0.372 0.367 0.369 0.369 0.369 0.369 0.369 0.369 0.369 0.369 0.369 0.367 0.368 0.375 0.373 0.372 0.373 0.373 0.373 0.373 0.375 0.376 0.376 0.485 0.553 0.554 0.555 0.555 0.558 0.559 0.559 0.56 0.567 0.568 0.568 0.567 0.568 0.568 0.567 0.568 0.568 0.568 0.571 0.578 0.579 0.58 0.58 0.58 0.58 0.581 0.587 0.59 0.592 0.593 0.594 0.594 0.597 0.598 0.601 0.601 0.606 0.609 0.609 0.609 0.614 0.615 0.618 0.622 0.626 0.627 0.628 0.632 0.632 0.636 0.636 0.636 0.642 0.645 0.654 0.656 0.656 0.658 0.658 0.659 0.666 0.666 0.669 0.675 0.675 0.676 0.683 0.687 0.694 0.695 0.695 0.706 0.706 0.719 0.72 0.724 0.724 0.724 0.734 0.734 0.736 0.74 0.741 0.753 0.761 0.762 0.768 0.77 0.776 0.778 0.786 0.799 0.8 0.81 0.813 0.816 0.821 0.827 0.829 0.846 0.849 0.857 0.862 0.869 0.875 0.881 0.892 0.895 0.914 0.916 0.922 0.933 0.938 0.956 0.958 0.968 0.984 0.986 0.993 1.016 1.026 1.032 1.043 1.053 1.064 1.073 1.085 1.099 1.115 1.128 1.154 1.167 1.181 1.198 1.218 1.239 1.247 1.275 1.284 1.31 1.323 1.348 1.37 1.401 1.423 1.429 1.465 1.493 1.512 1.54 1.546 1.552 1.604 2.237 2.237 2.237 2.237 2.261 0 0 0 0.007 2.271 2.254 2.242 2.242 2.242 2.283 2.385 2.412 2.491 2.548 2.572 2.574 2.578 2.574 2.572 2.568 2.568 2.564 2.568 2.569 3.925 3.935 3.939 0 0 0 0.007 0 0 0 0.007 0 0 0 0 0 0.006 0.006 0.006 0.006 0.006 0.006 0.006 0.006 0.006 0 0.006 0.007 0.006 0.006 0.006 0.006 0 0 0 0 0 0 0 0.007 0 0 0 0.007 2.636 2.629 2.554 2.554 2.554 2.567 2.57 2.581 2.581 2.578 2.57 2.57 2.549 2.467 2.399 2.316 2.269 2.22 2.159 2.112 2.063 2.026 1.981 1.933 1.898 1.87 1.825 1.779 1.756 1.724 1.686 1.646 1.644 1.632 1.632 1.644 1.645 1.652 1.655 1.658 1.662 1.67 1.671 1.671 1.685 1.688 1.688 1.691 1.693 1.702 1.702 1.708 1.714 1.723 1.724 1.732 1.738 1.748 1.758 1.761 1.761 1.772 1.782 1.793 1.794 1.799 1.802 1.819 2.205 2.205 2.214 2.214 2.228 0 0 0 0 0 0 2.511 2.511 2.511 0 0 0 0 0 0 0 0 0 0 0.007 2.719 2.199 2.199 2.199 2.66 2.661 0 0 0 0 0 0 0 0.746 0.735 0.735 0.731 0.727 0.725 0.722 0.717 0.714 0.706 0.704 0.699 0.698 0.698 0.691 0.688 0.687 0.686 0.682 0.681 0.673 0.671 0.671 0.666 0.665 0.665 0.664 0.662 0.655 0.649 0.646 0.646 0.642 0.642 0.64 0.631 0.629 0.626 0.623 0.623 0.621 0.621 0.616 0.615 0.615 0.612 0.611 0.611 0.61 0.61 0.61 0.609 0.599 0.596 0.594 0.594 0.594 0.589 0.588 0.587 0.585 0.58 0.58 0.58 0.58 0.581 0.581 0.579 0.579 0.574 0.574 0.571 0.571 0.571 0.568 0.568 0.568 0.567 0.563 0.563 0.563 0.563 0.563 0.563 0.561 0.559 0.555 0.553 0.463 0.403 0.396 0.386 0.386 0.392 0.388 0.388 0.392 0.388 0.387 0.387 0.386 0.386 0.387 0.387 0.392 0.393 0.393 0.393 0.402 0.393 0.39 0.39 0.394 0.394 0.398 0.398 0.398 0.398 0.398 0.395 0.385 0.353 0.349 0.349 0.353 0.353 0.355 0.355 0.355 0.352 0.355 0.354 0.354 0.354 0.356 0.356 0.356 0.357 0.357 0.357 0.353 0.357 0.354 0.354 0.354 0.354 0.354 0.351 0.349 0.349 0.347 0.342 0.342 0.343 0.342 0.343 0.346 0.346 0.349 0.361 0.365 0.365 0.368 0.369 0.369 0.369 0.372 0.372 0.373 0.372 0.371 0.367 0.367 0.367 0.362 0.362 0.362 0.362 0.361 0.359 0.361 0.364 0.364 0.364 0.365 0.369 0.369 0.37 0.37 0.37 0.371 0.371 0.371 0.37 0.37 0.37 0.378 0.373 0.378 0.38 0.38 0.38 0.38 0.38 0.38 0.38 0.381 0.381 0.382 0.382 0.384 0.39 0.391 0.397 0.397 0.4 0.401 0.401 0.401 0.409 0.409 0.406 0.406 0.403 0.401 0.399 0.397 0.398 0.398 0.398 0.398 0.399 0.4 0.408 0.408 0.41 
1 1 1 1 1 1 1 1 1 1 1 1 1 1 1 1 1 1 1 1 1 1 1 1 1 1 1 1 1 1 1 1 1 1 1 1 1 1 1 1 1 1 1 1 1 1 1 1 1 1 1 1 1 1 1 1 1 1 1 1 1 1 1 1 1 1 1 1 1 1 1 1 1 1 1 1 1 1 1 1 1 1 1 1 1 1 1 1 1 1 1 1 1 1 1 1 1 1 1 1 1 1 1 1 1 1 1 1 1 1 1 1 1 1 1 1 1 1 1 1 1 1 1 1 1 1 1 1 1 1 1 1 1 1 1 1 1 1 1 1 1 1 1 1 1 1 1 1 1 1 1 1 1 1 1 1 1 1 1 1 1 1 1 1 1 1 1 1 1 1 1 1 1 1 1 1 1 1 1 1 1 1 1 1 1 1 1 1 1 1 1 1 1 1 1 1 1 1 1 1 1 1 1 1 1 1 1 1 1 1 1 1 1 1 1 1 1 1 1 1 1 1 1 1 1 1 1 1 1 1 1 1 1 1 1 1 1 1 1 1 1 1 1 1 1 1 1 1 1 1 1 1 1 1 1 1 1 1 1 1 1 1 1 1 1 1 1 1 1 1 1 1 0 0 0 0 1 1 1 1 1 1 1 1 1 1 1 1 1 1 1 1 1 1 1 1 1 1 1 0 0 0 0 0 0 0 0 0 0 0 0 0 0 0 0 0 0 0 0 0 0 0 0 0 0 0 0 0 0 0 0 0 0 0 0 0 0 0 0 0 1 1 1 1 1 1 1 1 1 1 1 1 1 1 1 1 1 1 1 1 1 1 1 1 1 1 1 1 1 1 1 1 1 1 1 1 1 1 1 1 1 1 1 1 1 1 1 1 1 1 1 1 1 1 1 1 1 1 1 1 1 1 1 1 1 1 1 1 1 1 1 1 1 0 0 0 0 0 0 1 1 1 0 0 0 0 0 0 0 0 0 0 0 1 1 1 1 1 1 0 0 0 0 0 0 0 1 1 1 1 1 1 1 1 1 1 1 1 1 1 1 1 1 1 1 1 1 1 1 1 1 1 1 1 1 1 1 1 1 1 1 1 1 1 1 1 1 1 1 1 1 1 1 1 1 1 1 1 1 1 1 1 1 1 1 1 1 1 1 1 1 1 1 1 1 1 1 1 1 1 1 1 1 1 1 1 1 1 1 1 1 1 1 1 1 1 1 1 1 1 1 1 1 1 1 1 1 1 1 1 1 1 1 1 1 1 1 1 1 1 1 1 1 1 1 1 1 1 1 1 1 1 1 1 1 1 1 1 1 1 1 1 1 1 1 1 1 1 1 1 1 1 1 1 1 1 1 1 1 1 1 1 1 1 1 1 1 1 1 1 1 1 1 1 1 1 1 1 1 1 1 1 1 1 1 1 1 1 1 1 1 1 1 1 1 1 1 1 1 1 1 1 1 1 1 1 1 1 1 1 1 1 1 1 1 1 1 1 1 1 1 1 1 1 1 1 1 1 1 1 1 1 1 1 1 1 1 1 1 1 1 1 
