# This file contains a 2D laser scan observation. 
# Its format is: 
# [aperture] [max_range] [number_of_scans] 
# [vector_of_scans] 
# [vector_of_valid_scans] 
# The aperture of the sensor is in radians, the maximum range 
# and measurements are in meters. '1' means a valid scan, '0' otherwise.
4.1847
5.6
682
0.565 0.563 0.562 0.561 0.561 0.557 0.555 0.552 0.552 0.548 0.545 0.543 0.543 0.539 0.539 0.538 0.536 0.532 0.53 0.527 0.526 0.526 0.525 0.525 0.524 0.519 0.518 0.519 0.517 0.516 0.512 0.511 0.509 0.509 0.506 0.506 0.506 0.506 0.503 0.506 0.503 0.503 0.503 0.5 0.5 0.498 0.498 0.498 0.494 0.493 0.493 0.492 0.491 0.491 0.49 0.489 0.489 0.489 0.488 0.487 0.487 0.485 0.484 0.482 0.481 0.482 0.481 0.479 0.479 0.479 0.479 0.479 0.48 0.478 0.479 0.479 0.479 0.478 0.478 0.478 0.478 0.478 0.478 0.478 0.477 0.477 0.478 0.479 0.479 0.479 0.479 0.474 0.474 0.473 0.473 0.475 0.476 0.475 0.478 0.478 0.478 0.476 0.476 0.475 0.472 0.472 0.472 0.473 0.477 0.477 0.477 0.477 0.476 0.474 0.473 0.474 0.474 0.473 0.477 0.477 0.477 0.477 0.48 0.477 0.477 0.476 0.476 0.476 0.478 0.481 0.481 0.481 0.488 0.481 0.485 0.485 0.485 0.481 0.485 0.487 0.482 0.487 0.487 0.49 0.49 0.49 0.488 0.49 0.489 0.488 0.489 0.491 0.491 0.493 0.494 0.497 0.499 0.503 0.503 0.503 0.503 0.502 0.502 0.504 0.505 0.51 0.51 0.511 0.511 0.513 0.513 0.513 0.513 0.517 0.519 0.526 0.526 0.526 0.526 0.526 0.527 0.527 0.532 0.532 0.532 0.538 0.541 0.542 0.542 0.542 0.546 0.546 0.546 0.548 0.553 0.557 0.558 0.561 0.563 0.565 0.566 0.57 0.571 0.577 0.577 0.577 0.582 0.585 0.585 0.588 0.597 0.598 0.609 0.61 0.61 0.613 0.614 0.614 0.617 0.622 0.631 0.631 0.634 0.635 0.642 0.652 0.652 0.652 0.656 0.659 0.66 0.66 0.669 0.672 0.675 0.683 0.683 0.69 0.698 0.701 0.701 0.706 0.711 0.716 0.719 0.727 0.734 0.736 0.742 0.746 0.757 0.757 0.76 0.774 0.775 0.776 0.786 0.801 0.803 0.808 0.814 0.827 0.83 0.833 0.843 0.844 0.867 0.867 0.872 0.887 0.888 0.898 0.915 0.932 0.934 0.94 0.954 0.972 0.982 0.992 1.004 1.018 1.021 1.029 1.058 1.069 1.079 1.083 1.098 1.105 1.116 1.226 1.816 1.816 1.84 0.007 1.84 1.794 1.793 1.782 1.782 1.789 1.789 0 0 0 1.822 1.819 1.806 1.8 1.791 1.791 1.791 1.791 1.791 0.007 2.006 2.006 2.041 2.041 2.103 2.141 2.141 2.141 2.14 2.135 2.135 2.129 2.129 0.007 2.129 2.129 3.522 3.519 3.519 3.522 3.522 3.627 3.737 0 4.172 4.172 0.007 0 0.007 0 0 0 0 5.011 4.996 4.996 4.988 4.987 4.987 4.979 4.979 4.979 0 0 0 0.007 5.381 3.549 3.549 3.549 0 0 0 0 0 0 0.007 0 0 0 0 0 0 0 0 0 0 0 0 0 2.227 2.195 2.147 2.144 2.138 2.138 2.138 2.138 2.138 2.152 2.156 2.161 2.161 2.161 2.161 2.11 2.05 2.009 1.972 1.94 1.9 1.859 1.834 1.8 1.758 1.728 1.698 1.682 1.647 1.618 1.603 1.577 1.536 1.52 1.502 1.479 1.467 1.438 1.413 1.398 1.377 1.368 1.344 1.329 1.305 1.287 1.271 1.253 1.242 1.235 1.231 1.231 1.235 1.235 1.244 1.253 1.254 1.258 1.27 1.27 1.27 1.272 1.282 1.283 1.291 1.297 1.304 1.313 1.322 1.323 1.326 1.337 1.339 1.347 1.35 1.359 1.367 1.377 1.384 1.393 1.395 1.395 1.417 1.417 1.424 1.436 1.446 1.453 1.46 1.46 1.491 2.165 2.165 0 0 0 0 0 0 0 0 0 0 0 0 2.446 2.446 2.446 2.447 2.447 2.447 2.426 2.361 1.925 1.884 1.884 1.884 0 0 0 0 0 0 0 0 0 0 0 0 0 0 0 0 0 0 0 0 0.007 3.091 2.055 2.046 2.046 2.051 2.055 4.275 4.48 0 4.48 4.275 0 0 3.797 0 0.007 4.329 4.318 4.318 4.318 4.318 4.308 4.255 4.255 4.249 4.249 4.244 4.228 4.228 2.733 2.638 2.638 2.733 2.733 4.21 0.007 0 4.21 0 0 0 0 0 0 0 0 0 0 0 0 4.136 4.115 4.115 4.115 4.109 4.117 0.007 0 4.09 0 4.086 4.086 0.007 0 0 0.007 3.796 0.597 0.597 0.594 0.594 0.597 0.592 0.589 0.592 0.589 0.589 0.593 0.595 0.595 0.595 0.595 0.595 0.595 0.593 0.589 0.589 0.591 0.587 0.591 0.592 0.592 0.593 0.593 0.593 0.594 0.594 0.594 0.592 0.595 0.592 0.592 0.591 0.595 0.595 0.597 0.597 0.598 0.598 0.598 0.598 0.595 0.595 0.595 0.594 0.598 0.598 0.598 0.599 0.602 0.605 0.605 0.606 0.608 0.609 0.609 0.609 0.609 0.61 0.61 0.611 0.611 0.611 0.611 0.613 0.613 0.614 0.614 0.617 0.623 0.623 0.622 0.625 0.624 0.624 0.628 0.629 0.63 0.631 0.634 0.634 0.634 0.634 0.64 0.64 0.642 0.642 0.647 
1 1 1 1 1 1 1 1 1 1 1 1 1 1 1 1 1 1 1 1 1 1 1 1 1 1 1 1 1 1 1 1 1 1 1 1 1 1 1 1 1 1 1 1 1 1 1 1 1 1 1 1 1 1 1 1 1 1 1 1 1 1 1 1 1 1 1 1 1 1 1 1 1 1 1 1 1 1 1 1 1 1 1 1 1 1 1 1 1 1 1 1 1 1 1 1 1 1 1 1 1 1 1 1 1 1 1 1 1 1 1 1 1 1 1 1 1 1 1 1 1 1 1 1 1 1 1 1 1 1 1 1 1 1 1 1 1 1 1 1 1 1 1 1 1 1 1 1 1 1 1 1 1 1 1 1 1 1 1 1 1 1 1 1 1 1 1 1 1 1 1 1 1 1 1 1 1 1 1 1 1 1 1 1 1 1 1 1 1 1 1 1 1 1 1 1 1 1 1 1 1 1 1 1 1 1 1 1 1 1 1 1 1 1 1 1 1 1 1 1 1 1 1 1 1 1 1 1 1 1 1 1 1 1 1 1 1 1 1 1 1 1 1 1 1 1 1 1 1 1 1 1 1 1 1 1 1 1 1 1 1 1 1 1 1 1 1 1 1 1 1 1 1 1 1 1 1 1 1 1 1 1 1 1 1 1 1 1 1 1 1 1 1 1 1 0 1 1 1 1 1 1 1 0 0 0 1 1 1 1 1 1 1 1 1 0 1 1 1 1 1 1 1 1 1 1 1 1 1 0 1 1 1 1 1 1 1 1 1 0 1 1 0 0 0 0 0 0 0 1 1 1 1 1 1 1 1 1 0 0 0 0 1 1 1 1 0 0 0 0 0 0 0 0 0 0 0 0 0 0 0 0 0 0 0 0 1 1 1 1 1 1 1 1 1 1 1 1 1 1 1 1 1 1 1 1 1 1 1 1 1 1 1 1 1 1 1 1 1 1 1 1 1 1 1 1 1 1 1 1 1 1 1 1 1 1 1 1 1 1 1 1 1 1 1 1 1 1 1 1 1 1 1 1 1 1 1 1 1 1 1 1 1 1 1 1 1 1 1 1 1 1 1 1 1 1 1 1 1 0 0 0 0 0 0 0 0 0 0 0 0 1 1 1 1 1 1 1 1 1 1 1 1 0 0 0 0 0 0 0 0 0 0 0 0 0 0 0 0 0 0 0 0 0 1 1 1 1 1 1 1 1 0 1 1 0 0 1 0 0 1 1 1 1 1 1 1 1 1 1 1 1 1 1 1 1 1 1 1 0 0 1 0 0 0 0 0 0 0 0 0 0 0 0 1 1 1 1 1 1 0 0 1 0 1 1 0 0 0 0 1 1 1 1 1 1 1 1 1 1 1 1 1 1 1 1 1 1 1 1 1 1 1 1 1 1 1 1 1 1 1 1 1 1 1 1 1 1 1 1 1 1 1 1 1 1 1 1 1 1 1 1 1 1 1 1 1 1 1 1 1 1 1 1 1 1 1 1 1 1 1 1 1 1 1 1 1 1 1 1 1 1 1 1 1 1 1 1 1 1 1 1 
