# This file contains a 2D laser scan observation. 
# Its format is: 
# [aperture] [max_range] [number_of_scans] 
# [vector_of_scans] 
# [vector_of_valid_scans] 
# The aperture of the sensor is in radians, the maximum range 
# and measurements are in meters. '1' means a valid scan, '0' otherwise.
4.1847
5.6
682
0.572 0.572 0.57 0.569 0.568 0.568 0.566 0.566 0.561 0.556 0.557 0.556 0.554 0.551 0.551 0.551 0.555 0.555 0.555 0.558 0.552 0.552 0.553 0.553 0.552 0.551 0.548 0.542 0.548 0.543 0.542 0.543 0.543 0.543 0.543 0.543 0.543 0.546 0.548 0.548 0.547 0.547 0.542 0.542 0.542 0.542 0.542 0.546 0.541 0.541 0.541 0.541 0.541 0.541 0.542 0.544 0.546 0.664 0.672 0.678 0.678 0.678 0.678 0.678 0.677 0.677 0.677 0.678 0.682 0.682 0.686 0.688 0.688 0.685 0.688 0.695 0.695 0.695 0.698 0.697 0.697 0.698 0.702 0.698 0.704 0.704 0.704 0.705 0.705 0.706 0.706 0.706 0.706 0.707 0.71 0.715 0.716 0.716 0.719 0.719 0.719 0.715 0.719 0.719 0.715 0.721 0.721 0.723 0.726 0.727 0.726 0.727 0.729 0.73 0.733 0.736 0.737 0.737 0.737 0.738 0.738 0.738 0.742 0.742 0.742 0.745 0.748 0.753 0.753 0.754 0.761 0.761 0.763 0.765 0.771 0.771 0.771 0.771 0.777 0.781 0.783 0.788 0.791 0.796 0.804 0.805 0.809 0.815 0.816 0.818 0.822 0.828 0.836 0.84 0.84 0.84 0.844 0.851 0.856 0.863 0.869 0.874 0.878 0.878 0.878 0.878 0.884 0.892 0.895 0.896 0.906 0.907 0.915 0.916 0.92 0.921 0.924 0.924 0.934 0.938 0.938 0.946 0.954 0.991 0.992 0.996 1 1 1.005 1.015 1.015 1.018 1.018 1.018 1.022 1.034 1.046 1.051 1.059 1.065 1.07 1.081 1.089 1.098 1.103 1.126 1.129 1.145 1.162 1.162 1.167 1.173 1.173 1.173 1.193 1.206 1.223 1.24 1.277 1.29 1.304 1.327 1.337 1.351 1.375 1.396 1.405 1.431 1.468 1.506 1.511 1.529 1.539 1.59 1.619 1.648 1.677 1.693 1.718 1.731 1.755 1.771 1.771 1.771 1.771 1.767 1.767 1.767 1.763 1.762 1.758 1.752 1.746 1.746 1.744 1.741 1.737 1.735 1.733 1.725 1.724 1.72 1.719 1.716 1.713 1.71 1.707 1.701 1.694 1.687 1.683 1.683 1.68 1.679 1.671 1.671 1.671 1.671 1.671 1.673 1.673 1.673 1.673 1.674 1.674 1.674 1.674 1.674 1.668 1.665 1.661 1.66 1.66 1.664 1.664 1.664 1.664 1.663 1.662 1.662 1.662 1.661 1.661 1.661 1.661 1.661 1.667 1.662 1.662 1.663 1.664 1.663 1.664 1.664 1.665 1.662 1.665 1.666 1.672 1.672 1.672 1.672 1.666 1.664 1.662 1.664 1.664 1.664 1.666 1.666 1.666 1.666 1.671 1.676 1.678 1.678 1.678 1.68 1.696 1.698 1.698 1.701 1.701 1.701 1.705 1.705 1.707 1.719 1.719 1.72 1.725 1.729 1.734 1.739 1.739 1.74 1.747 1.747 1.749 1.753 1.763 1.765 1.769 1.773 1.777 1.778 1.785 1.787 1.791 1.798 1.798 1.802 1.805 1.807 1.815 1.815 1.822 1.819 1.819 1.812 1.81 1.788 1.788 1.788 1.793 1.794 1.799 1.805 1.809 1.814 1.821 1.827 1.827 1.837 1.841 1.841 1.858 1.87 1.876 1.876 1.884 1.891 1.901 1.911 1.914 1.931 1.939 1.942 1.949 1.963 1.977 1.98 1.99 2.001 2.006 2.018 2.027 2.039 2.051 2.066 2.18 2.18 2.18 2.163 2.15 2.133 2.126 2.105 2.091 2.076 2.076 2.068 2.056 2.026 2.017 2.01 1.99 1.988 1.978 1.962 1.948 1.945 1.929 1.924 1.919 1.906 1.88 1.878 1.864 1.858 1.848 1.836 1.835 1.828 1.806 1.8 1.781 1.765 1.755 1.747 1.743 1.732 1.726 1.715 1.711 1.701 1.693 1.687 1.684 1.673 1.668 1.661 1.655 1.65 1.648 1.638 1.632 1.629 1.624 1.615 1.612 1.607 1.597 1.59 1.59 1.589 1.58 1.575 1.572 1.572 1.566 1.562 1.559 1.55 1.544 1.536 1.533 1.533 1.533 1.528 1.525 1.52 1.513 1.511 1.51 1.505 1.501 1.496 1.491 1.488 1.486 1.482 1.48 1.478 1.474 1.47 1.469 1.466 1.462 1.461 1.459 1.459 1.459 1.456 1.45 1.446 1.445 1.441 1.439 1.439 1.439 1.436 1.436 1.435 1.434 1.433 1.431 1.429 1.429 1.427 1.427 1.427 1.427 1.423 1.423 1.422 1.421 1.416 1.416 1.416 1.416 1.416 1.416 1.416 1.411 1.012 0.916 0.916 0.916 0.917 0.925 0.925 0.919 0.926 0.926 0.927 0.93 0.932 0.931 0.931 0.931 0.926 0.926 0.92 0.92 0.916 0.92 0.92 0.922 0.922 0.923 0.924 0.928 0.929 0.929 0.929 0.929 0.929 0.923 0.932 0.934 0.934 0.934 0.934 0.934 0.918 0.918 0.914 0.918 0.919 0.919 0.924 0.932 1.658 1.658 1.658 1.658 1.658 1.766 1.777 1.777 1.781 1.783 1.784 1.797 1.8 1.8 1.803 1.808 3.343 3.354 3.364 3.364 3.368 3.38 3.392 3.394 3.394 3.406 3.41 3.43 3.437 3.457 3.467 3.471 3.475 3.489 3.49 3.497 3.526 4.561 4.576 4.585 4.586 4.636 4.638 4.652 4.66 4.679 0 0 0 0 0 0 0 0 0 0 0 0 0 0 0 3.889 3.889 3.889 3.889 3.889 2.647 2.634 2.629 2.604 2.587 2.573 2.548 2.542 2.516 2.509 2.485 2.474 2.458 
1 1 1 1 1 1 1 1 1 1 1 1 1 1 1 1 1 1 1 1 1 1 1 1 1 1 1 1 1 1 1 1 1 1 1 1 1 1 1 1 1 1 1 1 1 1 1 1 1 1 1 1 1 1 1 1 1 1 1 1 1 1 1 1 1 1 1 1 1 1 1 1 1 1 1 1 1 1 1 1 1 1 1 1 1 1 1 1 1 1 1 1 1 1 1 1 1 1 1 1 1 1 1 1 1 1 1 1 1 1 1 1 1 1 1 1 1 1 1 1 1 1 1 1 1 1 1 1 1 1 1 1 1 1 1 1 1 1 1 1 1 1 1 1 1 1 1 1 1 1 1 1 1 1 1 1 1 1 1 1 1 1 1 1 1 1 1 1 1 1 1 1 1 1 1 1 1 1 1 1 1 1 1 1 1 1 1 1 1 1 1 1 1 1 1 1 1 1 1 1 1 1 1 1 1 1 1 1 1 1 1 1 1 1 1 1 1 1 1 1 1 1 1 1 1 1 1 1 1 1 1 1 1 1 1 1 1 1 1 1 1 1 1 1 1 1 1 1 1 1 1 1 1 1 1 1 1 1 1 1 1 1 1 1 1 1 1 1 1 1 1 1 1 1 1 1 1 1 1 1 1 1 1 1 1 1 1 1 1 1 1 1 1 1 1 1 1 1 1 1 1 1 1 1 1 1 1 1 1 1 1 1 1 1 1 1 1 1 1 1 1 1 1 1 1 1 1 1 1 1 1 1 1 1 1 1 1 1 1 1 1 1 1 1 1 1 1 1 1 1 1 1 1 1 1 1 1 1 1 1 1 1 1 1 1 1 1 1 1 1 1 1 1 1 1 1 1 1 1 1 1 1 1 1 1 1 1 1 1 1 1 1 1 1 1 1 1 1 1 1 1 1 1 1 1 1 1 1 1 1 1 1 1 1 1 1 1 1 1 1 1 1 1 1 1 1 1 1 1 1 1 1 1 1 1 1 1 1 1 1 1 1 1 1 1 1 1 1 1 1 1 1 1 1 1 1 1 1 1 1 1 1 1 1 1 1 1 1 1 1 1 1 1 1 1 1 1 1 1 1 1 1 1 1 1 1 1 1 1 1 1 1 1 1 1 1 1 1 1 1 1 1 1 1 1 1 1 1 1 1 1 1 1 1 1 1 1 1 1 1 1 1 1 1 1 1 1 1 1 1 1 1 1 1 1 1 1 1 1 1 1 1 1 1 1 1 1 1 1 1 1 1 1 1 1 1 1 1 1 1 1 1 1 1 1 1 1 1 1 1 1 1 1 1 1 1 1 1 1 1 1 1 1 1 1 1 1 1 1 1 1 1 1 1 1 1 1 1 1 1 1 1 1 1 1 1 1 1 1 1 1 1 1 1 1 1 1 1 1 1 1 1 1 1 1 1 1 1 1 1 1 1 1 1 1 1 1 1 1 1 1 1 1 1 1 1 1 1 1 0 0 0 0 0 0 0 0 0 0 0 0 0 0 0 1 1 1 1 1 1 1 1 1 1 1 1 1 1 1 1 1 1 
