# This file contains a 2D laser scan observation. 
# Its format is: 
# [aperture] [max_range] [number_of_scans] 
# [vector_of_scans] 
# [vector_of_valid_scans] 
# The aperture of the sensor is in radians, the maximum range 
# and measurements are in meters. '1' means a valid scan, '0' otherwise.
4.1847
5.6
682
0.546 0.546 0.544 0.542 0.542 0.544 0.541 0.541 0.539 0.538 0.534 0.534 0.532 0.527 0.526 0.525 0.524 0.521 0.521 0.521 0.52 0.513 0.518 0.513 0.511 0.51 0.508 0.508 0.508 0.505 0.501 0.501 0.501 0.5 0.5 0.5 0.5 0.5 0.5 0.5 0.497 0.494 0.494 0.493 0.492 0.489 0.489 0.487 0.487 0.485 0.485 0.485 0.485 0.482 0.486 0.487 0.487 0.485 0.485 0.481 0.481 0.48 0.48 0.479 0.479 0.479 0.478 0.477 0.477 0.477 0.471 0.471 0.469 0.469 0.467 0.452 0.452 0.452 0.452 0.467 0.467 0.467 0.46 0.458 0.447 0.447 0.447 0.449 0.449 0.453 0.453 0.453 0.453 0.453 0.45 0.45 0.46 0.462 0.462 0.462 0.463 0.463 0.457 0.461 0.457 0.457 0.461 2.413 2.422 2.422 2.422 2.425 2.427 2.427 2.429 2.431 2.432 2.435 2.435 2.437 2.437 2.442 2.442 2.443 2.445 2.453 2.453 2.454 2.46 2.464 2.466 2.468 2.471 2.476 2.481 2.481 2.481 2.096 2.096 2.096 0.015 0.015 0.015 0.007 1.791 1.758 1.692 1.682 1.659 1.597 1.555 1.517 1.49 1.469 1.466 1.465 1.466 1.469 1.469 1.476 1.482 1.488 1.49 1.491 1.494 1.5 1.5 1.504 1.508 1.514 1.517 1.518 1.518 1.535 1.539 1.543 1.544 1.559 1.559 1.566 1.567 1.567 1.567 1.321 1.3 1.298 1.292 1.284 1.284 1.227 1.227 1.204 1.184 1.158 1.145 1.136 1.132 1.132 1.132 1.106 1.088 1.067 1.063 1.057 1.055 1.051 0.999 0.998 0.993 0.988 0.987 0.983 0.976 0.949 0.948 0.943 0.938 0.924 0.92 0.913 0.912 0.911 0.886 0.863 0.861 0.861 0.857 0.848 0.845 0.842 0.842 0.842 0.842 0.843 0.844 0.88 0.88 0.88 0.86 0.84 0.839 0.832 0.817 0.812 0.798 0.793 0.789 0.789 0.789 0.789 0.788 0.788 0.788 0.786 0.786 0.788 0.795 0.797 0.801 0.811 0.813 0.819 0.847 0.855 0.867 0.873 0.877 0.887 0.892 0.916 0.923 0.924 0.941 0.943 0.956 0.965 0.976 0.989 1.008 1.018 1.023 1.041 1.058 1.065 1.085 1.099 1.099 1.099 1.093 1.09 1.086 1.086 1.084 1.071 1.062 1.062 1.06 1.06 1.052 1.047 1.045 1.043 1.04 1.043 1.043 1.048 1.06 2.525 2.525 2.525 2.505 2.495 2.493 2.491 2.491 2.491 2.502 2.502 2.502 2.492 2.489 2.487 2.484 2.484 2.484 4.361 4.361 4.361 2.699 2.699 2.699 2.701 2.884 3.092 3.153 3.644 3.833 3.844 3.833 3.844 3.869 3.919 3.919 3.923 3.923 3.923 3.921 3.921 3.921 3.918 3.918 3.918 3.921 3.918 3.918 3.916 3.914 3.914 3.914 4.297 4.299 4.299 4.297 2.485 2.485 2.485 0 0 0 0 2.647 2.646 2.646 2.641 2.641 2.641 0 0 0 0 0 0 0 0 0.007 1.544 1.537 1.508 1.463 1.438 1.438 1.424 1.399 1.345 1.342 1.342 1.342 1.342 1.261 1.256 1.236 1.234 1.234 1.233 1.216 1.154 1.151 1.134 1.134 1.134 1.138 1.138 1.138 1.138 1.138 1.135 1.096 1.087 1.087 1.087 1.087 1.087 1.088 1.091 1.091 1.097 1.106 1.108 1.109 1.112 1.117 1.125 1.125 1.137 1.138 1.14 1.144 1.145 1.145 1.145 1.132 1.119 1.112 1.095 1.085 1.076 1.062 1.059 1.045 1.044 1.02 1.008 1.007 0.994 0.989 0.982 0.975 0.964 0.962 0.958 0.936 0.934 0.933 0.92 0.911 0.91 0.903 0.894 0.88 0.879 0.878 0.87 0.867 0.864 0.862 0.861 0.844 0.841 0.84 0.831 0.829 0.828 0.815 0.812 0.811 0.811 0.806 0.802 0.801 0.8 0.792 0.784 0.781 0.78 0.777 0.769 0.764 0.762 0.761 0.756 0.749 0.746 0.744 0.741 0.74 0.731 0.729 0.726 0.726 0.724 0.724 0.724 0.72 0.71 0.71 0.705 0.705 0.701 0.7 0.696 0.693 0.693 0.69 0.69 0.689 0.688 0.688 0.68 0.677 0.677 0.676 0.676 0.674 0.672 0.669 0.663 0.662 0.662 0.662 0.662 0.658 0.658 0.658 0.656 0.652 0.647 0.647 0.645 0.644 0.645 0.641 0.641 0.644 0.644 0.641 0.641 0.641 0.636 0.635 0.634 0.632 0.629 0.629 0.629 0.629 0.631 0.631 0.631 0.626 0.626 0.623 0.623 0.623 0.62 0.62 0.619 0.619 0.619 0.619 0.619 0.615 0.614 0.614 0.612 0.612 0.612 0.612 0.612 0.609 0.609 0.613 0.615 0.614 0.614 0.613 0.606 0.606 0.605 0.605 0.605 0.605 0.605 0.603 0.603 0.602 0.6 0.6 0.605 0.811 1.756 1.765 1.771 1.771 1.765 1.771 1.771 4.041 4.041 4.053 4.041 4.018 4.018 4.037 4.037 0.007 0 0.007 4.044 4.044 4.068 4.068 0.007 0 0 0 0.007 0 0 0.007 0 0 0.007 4.107 4.107 4.107 4.096 4.09 4.048 4.021 4.021 4.017 4.017 4.055 0 0 0 0 0 0 0 0 0 0 0 0 0.007 0 0 0 0 0 0 0 3.632 3.606 3.605 3.594 3.535 3.535 3.535 3.539 3.547 
1 1 1 1 1 1 1 1 1 1 1 1 1 1 1 1 1 1 1 1 1 1 1 1 1 1 1 1 1 1 1 1 1 1 1 1 1 1 1 1 1 1 1 1 1 1 1 1 1 1 1 1 1 1 1 1 1 1 1 1 1 1 1 1 1 1 1 1 1 1 1 1 1 1 1 1 1 1 1 1 1 1 1 1 1 1 1 1 1 1 1 1 1 1 1 1 1 1 1 1 1 1 1 1 1 1 1 1 1 1 1 1 1 1 1 1 1 1 1 1 1 1 1 1 1 1 1 1 1 1 1 1 1 1 1 1 1 1 1 1 0 0 0 0 1 1 1 1 1 1 1 1 1 1 1 1 1 1 1 1 1 1 1 1 1 1 1 1 1 1 1 1 1 1 1 1 1 1 1 1 1 1 1 1 1 1 1 1 1 1 1 1 1 1 1 1 1 1 1 1 1 1 1 1 1 1 1 1 1 1 1 1 1 1 1 1 1 1 1 1 1 1 1 1 1 1 1 1 1 1 1 1 1 1 1 1 1 1 1 1 1 1 1 1 1 1 1 1 1 1 1 1 1 1 1 1 1 1 1 1 1 1 1 1 1 1 1 1 1 1 1 1 1 1 1 1 1 1 1 1 1 1 1 1 1 1 1 1 1 1 1 1 1 1 1 1 1 1 1 1 1 1 1 1 1 1 1 1 1 1 1 1 1 1 1 1 1 1 1 1 1 1 1 1 1 1 1 1 1 1 1 1 1 1 1 1 1 1 1 1 1 1 1 1 1 1 1 1 1 1 1 1 1 1 1 1 1 1 1 1 1 1 1 1 1 1 0 0 0 0 1 1 1 1 1 1 0 0 0 0 0 0 0 0 0 1 1 1 1 1 1 1 1 1 1 1 1 1 1 1 1 1 1 1 1 1 1 1 1 1 1 1 1 1 1 1 1 1 1 1 1 1 1 1 1 1 1 1 1 1 1 1 1 1 1 1 1 1 1 1 1 1 1 1 1 1 1 1 1 1 1 1 1 1 1 1 1 1 1 1 1 1 1 1 1 1 1 1 1 1 1 1 1 1 1 1 1 1 1 1 1 1 1 1 1 1 1 1 1 1 1 1 1 1 1 1 1 1 1 1 1 1 1 1 1 1 1 1 1 1 1 1 1 1 1 1 1 1 1 1 1 1 1 1 1 1 1 1 1 1 1 1 1 1 1 1 1 1 1 1 1 1 1 1 1 1 1 1 1 1 1 1 1 1 1 1 1 1 1 1 1 1 1 1 1 1 1 1 1 1 1 1 1 1 1 1 1 1 1 1 1 1 1 1 1 1 1 1 1 1 1 1 1 1 1 1 1 1 1 1 1 1 1 1 1 1 1 1 1 1 1 1 1 1 1 1 1 1 1 1 1 1 1 1 0 0 0 1 1 1 1 0 0 0 0 0 0 0 0 0 0 0 1 1 1 1 1 1 1 1 1 1 1 0 0 0 0 0 0 0 0 0 0 0 0 0 0 0 0 0 0 0 0 1 1 1 1 1 1 1 1 1 
