# This file contains a 2D laser scan observation. 
# Its format is: 
# [aperture] [max_range] [number_of_scans] 
# [vector_of_scans] 
# [vector_of_valid_scans] 
# The aperture of the sensor is in radians, the maximum range 
# and measurements are in meters. '1' means a valid scan, '0' otherwise.
4.1847
5.6
682
0.548 0.548 0.547 0.546 0.545 0.544 0.543 0.539 0.538 0.538 0.538 0.534 0.534 0.527 0.526 0.525 0.525 0.522 0.522 0.522 0.518 0.518 0.517 0.514 0.51 0.51 0.507 0.508 0.508 0.508 0.502 0.502 0.502 0.502 0.499 0.495 0.494 0.494 0.494 0.489 0.489 0.489 0.487 0.487 0.484 0.484 0.482 0.482 0.481 0.482 0.481 0.482 0.481 0.476 0.474 0.474 0.474 0.473 0.471 0.475 0.476 0.47 0.47 0.46 0.449 0.449 0.449 0.449 0.46 0.46 0.46 0.46 0.461 0.456 0.454 0.456 0.454 0.454 0.454 0.448 0.442 0.442 0.443 0.448 0.452 0.452 0.451 0.451 0.451 0.451 0.456 0.456 0.456 0.453 0.453 0.453 2.398 2.4 2.405 2.405 2.408 2.408 2.408 2.408 2.408 2.409 2.411 2.411 2.409 2.407 2.404 2.404 2.407 2.407 2.412 2.414 2.413 2.413 2.415 2.418 2.416 2.418 2.421 2.431 2.434 2.434 2.433 2.434 2.436 2.446 2.448 2.449 2.451 2.453 2.456 2.456 2.457 0.015 0.015 0.015 0.015 0.015 0.015 0.015 0.007 0.015 0.007 0.015 1.736 1.6 1.551 1.531 1.531 1.484 1.453 1.451 1.448 1.448 1.444 1.444 1.454 1.455 1.456 1.458 1.462 1.47 1.471 1.476 1.476 1.481 1.483 1.496 1.497 1.5 1.506 1.51 1.523 1.527 1.53 1.533 1.533 1.533 1.533 1.393 1.393 1.307 1.272 1.269 1.255 1.218 1.218 1.187 1.174 1.157 1.11 1.106 1.099 1.1 1.1 1.099 1.057 1.045 1.03 1.019 1.018 1.013 0.979 0.967 0.96 0.956 0.955 0.947 0.944 0.931 0.909 0.908 0.904 0.896 0.886 0.879 0.879 0.877 0.844 0.831 0.829 0.823 0.809 0.807 0.805 0.8 0.8 0.8 0.8 0.804 0.805 0.812 0.92 0.92 0.92 0.8 0.798 0.796 0.785 0.771 0.767 0.762 0.76 0.75 0.746 0.744 0.743 0.743 0.743 0.744 0.746 0.752 0.752 0.756 0.757 0.764 0.769 0.771 0.783 0.786 0.795 0.825 0.826 0.832 0.85 0.865 0.866 0.869 0.878 0.891 0.891 0.895 0.91 0.923 0.931 0.938 0.941 0.958 0.972 0.977 0.998 1.005 1.025 1.039 1.046 1.052 1.052 1.052 1.051 1.047 1.047 1.047 1.047 1.039 1.025 1.015 1.015 1.015 1.015 1.012 1.004 1.004 0.997 1.004 1.004 1.006 1.006 1.011 1.011 2.47 2.47 2.47 2.463 2.462 2.456 2.456 2.462 2.463 2.463 2.463 2.45 2.449 2.444 2.444 2.444 2.444 2.452 4.328 4.328 4.333 0.007 2.819 2.819 3.021 2.819 3.021 3.075 3.597 3.749 3.795 3.797 3.875 3.875 3.875 3.876 3.873 3.873 3.876 3.876 3.877 3.881 3.877 3.875 3.875 3.875 3.869 3.875 3.866 3.876 3.878 4.251 4.255 4.258 4.258 4.255 0 0 0 0 0 0 0 2.611 2.603 2.596 2.594 2.593 2.591 2.591 1.75 1.691 1.681 1.679 1.62 1.602 1.602 1.567 1.551 1.49 1.473 1.463 1.434 1.401 1.401 1.39 1.366 1.366 1.347 1.312 1.289 1.281 1.265 1.221 1.203 1.201 1.201 1.201 1.184 1.171 1.125 1.108 1.107 1.105 1.098 1.098 1.098 1.099 1.109 1.116 1.109 1.109 1.057 1.054 1.054 1.049 1.044 1.044 1.052 1.049 1.052 1.053 1.055 1.059 1.07 1.074 1.078 1.089 1.09 1.099 1.1 1.108 1.11 1.111 1.117 1.117 1.117 1.093 1.087 1.065 1.06 1.054 1.036 1.035 1.026 1.008 1.007 0.992 0.977 0.975 0.971 0.967 0.963 0.946 0.942 0.937 0.934 0.92 0.915 0.914 0.91 0.9 0.895 0.889 0.886 0.878 0.871 0.871 0.86 0.854 0.854 0.854 0.849 0.844 0.832 0.825 0.821 0.816 0.816 0.812 0.808 0.805 0.799 0.795 0.787 0.787 0.784 0.779 0.774 0.77 0.768 0.768 0.766 0.76 0.753 0.749 0.748 0.745 0.745 0.738 0.736 0.727 0.727 0.727 0.727 0.723 0.718 0.717 0.713 0.715 0.713 0.713 0.708 0.705 0.705 0.701 0.698 0.695 0.695 0.693 0.692 0.687 0.684 0.683 0.679 0.675 0.675 0.675 0.675 0.675 0.676 0.675 0.662 0.662 0.662 0.662 0.662 0.662 0.662 0.662 0.656 0.651 0.651 0.65 0.65 0.65 0.647 0.646 0.645 0.643 0.643 0.639 0.639 0.639 0.638 0.638 0.638 0.636 0.635 0.635 0.635 0.632 0.629 0.63 0.632 0.63 0.63 0.63 0.629 0.629 0.629 0.623 0.623 0.629 0.627 0.623 0.623 0.62 0.619 0.618 0.618 0.618 0.615 0.615 0.617 0.617 0.617 0.617 0.617 0.618 0.618 0.618 0.618 0.613 0.613 0.613 0.616 0.616 0.616 0.616 0.615 0.615 0.614 0.617 0.614 0.617 0.617 0.622 0.622 0.622 0.622 0.622 4.024 0 0.007 4.024 4.024 0 4.065 0 0.007 0 0 0 0 4.08 4.08 0.007 0 0.007 0 0 0 0 0 0.007 0 0.007 0 4.114 4.101 4.101 4.101 4.095 0 0.007 0 0 0 0 0 0 0 0 0 0 0 0 0 0 0 0 0 0 0 0 0 3.669 3.649 
1 1 1 1 1 1 1 1 1 1 1 1 1 1 1 1 1 1 1 1 1 1 1 1 1 1 1 1 1 1 1 1 1 1 1 1 1 1 1 1 1 1 1 1 1 1 1 1 1 1 1 1 1 1 1 1 1 1 1 1 1 1 1 1 1 1 1 1 1 1 1 1 1 1 1 1 1 1 1 1 1 1 1 1 1 1 1 1 1 1 1 1 1 1 1 1 1 1 1 1 1 1 1 1 1 1 1 1 1 1 1 1 1 1 1 1 1 1 1 1 1 1 1 1 1 1 1 1 1 1 1 1 1 1 1 1 1 0 0 0 0 0 0 0 0 0 0 0 1 1 1 1 1 1 1 1 1 1 1 1 1 1 1 1 1 1 1 1 1 1 1 1 1 1 1 1 1 1 1 1 1 1 1 1 1 1 1 1 1 1 1 1 1 1 1 1 1 1 1 1 1 1 1 1 1 1 1 1 1 1 1 1 1 1 1 1 1 1 1 1 1 1 1 1 1 1 1 1 1 1 1 1 1 1 1 1 1 1 1 1 1 1 1 1 1 1 1 1 1 1 1 1 1 1 1 1 1 1 1 1 1 1 1 1 1 1 1 1 1 1 1 1 1 1 1 1 1 1 1 1 1 1 1 1 1 1 1 1 1 1 1 1 1 1 1 1 1 1 1 1 1 1 1 1 1 1 1 1 1 1 1 1 1 1 1 1 1 1 1 1 1 1 1 1 1 1 1 1 1 1 1 1 1 1 0 1 1 1 1 1 1 1 1 1 1 1 1 1 1 1 1 1 1 1 1 1 1 1 1 1 1 1 1 1 1 1 1 1 1 0 0 0 0 0 0 0 1 1 1 1 1 1 1 1 1 1 1 1 1 1 1 1 1 1 1 1 1 1 1 1 1 1 1 1 1 1 1 1 1 1 1 1 1 1 1 1 1 1 1 1 1 1 1 1 1 1 1 1 1 1 1 1 1 1 1 1 1 1 1 1 1 1 1 1 1 1 1 1 1 1 1 1 1 1 1 1 1 1 1 1 1 1 1 1 1 1 1 1 1 1 1 1 1 1 1 1 1 1 1 1 1 1 1 1 1 1 1 1 1 1 1 1 1 1 1 1 1 1 1 1 1 1 1 1 1 1 1 1 1 1 1 1 1 1 1 1 1 1 1 1 1 1 1 1 1 1 1 1 1 1 1 1 1 1 1 1 1 1 1 1 1 1 1 1 1 1 1 1 1 1 1 1 1 1 1 1 1 1 1 1 1 1 1 1 1 1 1 1 1 1 1 1 1 1 1 1 1 1 1 1 1 1 1 1 1 1 1 1 1 1 1 1 1 1 1 1 1 1 1 1 1 1 1 1 1 1 1 1 1 1 1 1 1 1 1 1 1 1 1 1 1 1 1 1 1 1 0 0 1 1 0 1 0 0 0 0 0 0 1 1 0 0 0 0 0 0 0 0 0 0 0 0 1 1 1 1 1 0 0 0 0 0 0 0 0 0 0 0 0 0 0 0 0 0 0 0 0 0 0 0 1 1 
