# This file contains a 2D laser scan observation. 
# Its format is: 
# [aperture] [max_range] [number_of_scans] 
# [vector_of_scans] 
# [vector_of_valid_scans] 
# The aperture of the sensor is in radians, the maximum range 
# and measurements are in meters. '1' means a valid scan, '0' otherwise.
4.1847
5.6
682
1.114 1.068 1.026 0.982 0.937 0.921 0.87 0.847 0.812 0.796 0.764 0.754 0.724 0.716 0.682 0.663 0.646 0.627 0.615 0.603 0.575 0.572 0.552 0.551 0.541 0.524 0.511 0.504 0.497 0.484 0.477 0.466 0.453 0.443 0.442 0.402 0.395 0.387 0.385 0.383 0.372 0.371 0.368 0.362 0.358 0.356 0.354 0.353 0.352 0.352 0.35 0.351 0.35 0.35 0.35 0.345 0.345 0.345 0.345 0.348 0.348 0.35 0.352 0.353 0.353 0.354 0.353 0.362 0.356 0.362 0.367 0.367 0.367 0.37 0.37 0.371 0.372 0.384 0.387 0.387 0.392 0.39 0.39 0.398 0.402 0.403 0.414 0.584 0.61 0.614 0.614 0.616 0.618 0.628 0.628 0.629 0.634 0.634 0.64 0.643 0.644 0.648 0.652 0.657 0.659 0.666 0.67 0.675 0.677 0.681 0.682 0.686 0.686 0.691 0.695 0.697 0.707 0.711 0.718 0.719 0.719 0.731 0.733 0.741 0.741 0.746 0.752 0.758 0.762 0.781 0.783 0.783 0.787 0.791 0.814 0.817 0.819 0.843 0.862 1.847 1.868 1.899 1.899 1.899 1.911 1.985 2.457 2.457 2.457 2.451 2.441 2.435 2.429 2.413 2.411 2.403 2.392 2.389 2.38 2.374 2.368 2.358 2.358 2.341 2.33 2.249 2.165 2.165 2.161 2.155 1.795 1.756 1.744 1.728 1.718 1.711 1.705 1.703 1.703 1.696 1.693 1.69 1.69 1.689 1.689 1.689 1.689 1.689 1.69 1.694 1.694 1.699 1.704 1.714 1.765 1.831 1.953 2.032 2.106 2.16 2.164 2.164 2.164 2.164 2.159 2.157 2.152 2.147 2.146 2.146 2.144 2.143 2.141 2.141 2.138 2.136 2.135 2.131 2.128 2.128 2.126 2.126 2.124 2.123 2.119 2.117 2.117 2.117 2.117 2.117 2.117 2.118 2.117 2.116 2.116 2.116 2.114 2.113 2.113 2.114 2.114 2.114 2.114 2.115 2.114 2.115 2.113 2.115 2.115 2.119 2.119 2.12 2.12 2.123 2.126 2.126 2.126 0 0.007 0 0 0.007 1.39 1.294 1.225 1.165 1.094 1.083 1.082 1.082 1.082 1.082 1.082 1.085 1.083 1.085 1.086 1.092 1.088 1.092 1.099 1.099 1.1 1.1 1.099 1.099 1.1 1.101 1.103 1.103 1.106 1.108 1.112 1.112 1.117 1.117 1.119 1.12 1.12 1.122 1.125 1.13 1.13 1.125 0.923 0.894 0.881 0.871 0.869 0.863 0.859 0.825 0.79 0.776 0.774 0.751 0.721 0.717 0.712 0.708 0.707 0.705 0.698 0.678 0.667 0.652 0.647 0.634 0.627 0.616 0.601 0.578 0.573 0.569 0.557 0.555 0.554 0.554 0.554 0.554 0.552 0.552 0.535 0.516 0.515 0.514 0.503 0.498 0.496 0.495 0.488 0.485 0.478 0.477 0.473 0.463 0.463 0.45 0.437 0.435 0.43 0.427 0.418 0.417 0.416 0.41 0.406 0.403 0.402 0.398 0.394 0.391 0.391 0.383 0.382 0.383 0.383 0.385 0.385 0.386 0.394 0.39 0.39 0.396 0.396 0.411 0.49 0.61 0.61 0.61 0.604 0.491 0.413 0.401 0.398 0.398 0.393 0.393 0.393 0.389 0.388 0.385 0.375 0.368 0.368 0.364 0.364 0.362 0.36 0.36 0.36 0.355 0.355 0.355 0.355 0.355 0.352 0.352 0.35 0.35 0.342 0.342 0.342 0.342 0.342 0.337 0.342 0.342 0.342 0.342 0.352 0.353 0.354 0.355 0.355 0.355 0.36 0.371 0.375 0.381 0.393 0.394 0.394 0.398 0.419 0.454 0.457 0.462 0.466 0.48 0.49 0.5 0.505 0.516 0.529 0.533 0.55 0.559 0.567 0.586 0.601 0.626 0.639 0.661 0.67 0.693 0.709 0.713 0.713 0.713 0.71 0.713 0.71 0.71 0.71 0.712 0.71 0.71 0.702 0.7 0.699 0.699 0.69 0.69 0.689 0.689 0.689 0.684 0.684 0.684 0.689 0.689 0.689 0.687 0.687 0.687 0.684 0.69 0.69 0.684 0.684 0.69 3.614 3.614 3.614 3.612 3.606 3.606 3.606 3.604 3.604 3.604 3.604 3.61 3.62 3.633 3.634 3.645 3.983 3.988 3.991 3.993 3.993 3.998 4 4.007 4.007 4.02 0.007 4.034 4.034 4.034 4.03 2.374 2.374 2.374 2.374 2.374 2.369 2.355 2.352 2.352 2.352 2.354 2.355 2.362 2.383 2.39 2.421 2.689 2.716 2.716 2.716 2.67 2.62 2.62 2.572 2.442 2.279 1.543 1.513 1.489 1.489 1.479 1.479 1.476 1.429 1.419 1.411 1.408 1.389 1.388 1.383 1.366 1.319 1.319 1.319 1.319 1.31 1.31 1.281 1.269 1.26 1.249 1.242 1.234 1.234 1.234 1.234 1.234 1.215 1.183 1.182 1.178 1.171 1.165 1.161 1.16 1.16 1.149 1.14 1.13 1.119 1.112 1.11 1.097 1.097 1.097 1.09 1.09 1.086 1.082 1.063 1.06 1.05 1.049 1.049 1.04 1.032 1.032 1.031 1.031 1.032 1.079 1.079 1.079 1.079 1.044 1.04 1.023 1.015 1 1 0.997 1 1.004 1.006 1.016 1.02 1.026 1.031 1.032 1.042 1.05 1.068 1.085 1.095 1.099 1.111 1.111 1.111 1.1 1.096 1.088 1.086 1.082 1.081 1.078 1.066 1.063 1.062 1.055 1.049 1.048 1.046 1.035 1.033 1.033 1.031 1.025 1.023 1.017 1.016 1.013 1.011 1.007 1.004 1.004 1.004 1.001 0.993 0.987 
1 1 1 1 1 1 1 1 1 1 1 1 1 1 1 1 1 1 1 1 1 1 1 1 1 1 1 1 1 1 1 1 1 1 1 1 1 1 1 1 1 1 1 1 1 1 1 1 1 1 1 1 1 1 1 1 1 1 1 1 1 1 1 1 1 1 1 1 1 1 1 1 1 1 1 1 1 1 1 1 1 1 1 1 1 1 1 1 1 1 1 1 1 1 1 1 1 1 1 1 1 1 1 1 1 1 1 1 1 1 1 1 1 1 1 1 1 1 1 1 1 1 1 1 1 1 1 1 1 1 1 1 1 1 1 1 1 1 1 1 1 1 1 1 1 1 1 1 1 1 1 1 1 1 1 1 1 1 1 1 1 1 1 1 1 1 1 1 1 1 1 1 1 1 1 1 1 1 1 1 1 1 1 1 1 1 1 1 1 1 1 1 1 1 1 1 1 1 1 1 1 1 1 1 1 1 1 1 1 1 1 1 1 1 1 1 1 1 1 1 1 1 1 1 1 1 1 1 1 1 1 1 1 1 1 1 1 1 1 1 1 1 1 1 1 1 1 1 1 1 1 1 1 1 1 1 1 0 0 0 0 0 1 1 1 1 1 1 1 1 1 1 1 1 1 1 1 1 1 1 1 1 1 1 1 1 1 1 1 1 1 1 1 1 1 1 1 1 1 1 1 1 1 1 1 1 1 1 1 1 1 1 1 1 1 1 1 1 1 1 1 1 1 1 1 1 1 1 1 1 1 1 1 1 1 1 1 1 1 1 1 1 1 1 1 1 1 1 1 1 1 1 1 1 1 1 1 1 1 1 1 1 1 1 1 1 1 1 1 1 1 1 1 1 1 1 1 1 1 1 1 1 1 1 1 1 1 1 1 1 1 1 1 1 1 1 1 1 1 1 1 1 1 1 1 1 1 1 1 1 1 1 1 1 1 1 1 1 1 1 1 1 1 1 1 1 1 1 1 1 1 1 1 1 1 1 1 1 1 1 1 1 1 1 1 1 1 1 1 1 1 1 1 1 1 1 1 1 1 1 1 1 1 1 1 1 1 1 1 1 1 1 1 1 1 1 1 1 1 1 1 1 1 1 1 1 1 1 1 1 1 1 1 1 1 1 1 1 1 1 1 1 1 1 1 1 1 1 1 1 1 1 1 1 1 1 1 1 1 1 1 1 1 1 1 1 1 1 0 1 1 1 1 1 1 1 1 1 1 1 1 1 1 1 1 1 1 1 1 1 1 1 1 1 1 1 1 1 1 1 1 1 1 1 1 1 1 1 1 1 1 1 1 1 1 1 1 1 1 1 1 1 1 1 1 1 1 1 1 1 1 1 1 1 1 1 1 1 1 1 1 1 1 1 1 1 1 1 1 1 1 1 1 1 1 1 1 1 1 1 1 1 1 1 1 1 1 1 1 1 1 1 1 1 1 1 1 1 1 1 1 1 1 1 1 1 1 1 1 1 1 1 1 1 1 1 1 1 1 1 1 1 1 1 1 1 1 1 1 1 1 1 1 1 1 1 1 1 1 1 1 1 
