# This file contains a 2D laser scan observation. 
# Its format is: 
# [aperture] [max_range] [number_of_scans] 
# [vector_of_scans] 
# [vector_of_valid_scans] 
# The aperture of the sensor is in radians, the maximum range 
# and measurements are in meters. '1' means a valid scan, '0' otherwise.
4.1847
5.6
682
0.518 0.518 0.517 0.512 0.512 0.51 0.508 0.504 0.5 0.5 0.5 0.5 0.5 0.495 0.485 0.485 0.482 0.48 0.479 0.479 0.477 0.476 0.474 0.474 0.469 0.469 0.468 0.468 0.465 0.466 0.464 0.464 0.464 0.464 0.46 0.46 0.459 0.457 0.455 0.455 0.454 0.455 0.455 0.451 0.449 0.447 0.446 0.446 0.446 0.446 0.439 0.439 0.439 0.439 0.439 0.441 0.441 0.435 0.435 0.435 0.435 0.432 0.432 0.433 0.432 0.429 0.429 0.429 0.427 0.427 0.427 0.427 0.426 0.426 0.425 0.425 0.425 0.425 0.428 0.428 0.428 0.428 0.427 0.427 0.422 0.422 0.422 0.422 0.422 0.422 0.426 0.426 0.424 0.423 0.423 0.422 0.422 0.419 0.419 0.419 0.419 0.42 0.42 0.42 0.42 0.421 0.421 0.421 0.42 0.42 0.42 0.42 0.42 0.422 0.422 0.425 0.425 0.422 0.417 0.417 0.417 0.418 0.421 0.421 0.421 0.421 0.421 0.421 0.421 0.421 0.425 0.425 0.423 0.425 0.425 0.425 0.425 0.427 0.427 0.427 0.431 0.431 0.431 0.431 0.431 0.431 0.431 0.432 0.432 0.435 0.436 0.439 0.436 0.439 0.44 0.44 0.441 0.448 0.45 0.452 0.453 0.454 0.458 0.472 0.608 0.979 1.006 1.008 1.019 1.021 1.024 1.03 1.032 1.033 1.034 1.034 1.034 1.043 1.045 1.045 1.048 1.053 1.056 1.057 1.058 1.062 1.068 1.072 1.072 1.074 1.079 1.083 1.091 1.093 1.094 1.098 1.105 1.106 1.106 1.116 1.12 1.124 1.127 1.129 1.141 1.144 1.148 1.153 1.154 1.162 1.167 1.176 1.182 1.182 1.187 1.19 1.2 1.202 1.206 1.222 1.228 1.231 1.233 1.241 1.252 1.252 1.253 1.255 1.274 1.278 1.283 1.294 1.297 1.314 1.319 1.32 1.327 1.342 1.347 1.366 1.367 1.376 1.388 1.393 2.034 2.034 2.034 2.026 2.017 2.004 2.003 1.988 1.963 1.962 1.955 1.94 1.94 1.928 1.916 1.91 1.898 1.897 1.88 1.867 1.861 1.859 1.841 1.839 1.837 1.82 1.819 1.806 1.806 1.796 1.793 1.196 1.181 1.18 1.154 1.146 1.141 1.136 1.125 1.124 1.121 1.114 1.111 1.111 1.11 1.1 1.094 1.089 1.089 1.088 1.084 1.083 1.083 1.083 1.086 1.086 1.086 1.086 1.086 1.093 1.094 1.1 1.111 1.118 1.129 1.148 1.163 1.181 1.207 1.222 1.258 1.294 1.324 1.355 1.45 1.547 1.568 1.568 1.568 1.566 1.565 1.563 1.559 1.556 1.555 1.554 1.549 1.545 1.54 1.54 1.538 1.537 1.53 1.528 1.528 1.528 1.528 1.526 1.523 1.522 1.522 1.521 1.521 1.519 1.518 1.515 1.513 1.513 1.513 1.515 1.513 1.514 1.51 1.511 1.511 1.511 1.511 1.515 1.515 1.515 1.514 1.511 1.511 1.511 1.509 1.509 1.511 1.511 1.512 1.512 1.512 1.518 1.519 1.518 1.518 1.517 1.516 1.516 1.516 1.517 1.519 1.52 1.524 1.527 1.527 1.526 1.527 1.531 1.529 1.531 1.532 1.542 1.542 1.542 1.541 1.54 1.539 1.266 1.219 1.19 1.144 1.116 1.092 1.071 1.029 1.02 0.98 0.957 0.949 0.943 0.914 0.893 0.869 0.856 0.839 0.826 0.825 0.805 0.777 0.77 0.763 0.757 0.75 0.719 0.716 0.705 0.692 0.675 0.669 0.668 0.652 0.638 0.637 0.63 0.611 0.61 0.602 0.592 0.582 0.581 0.57 0.561 0.561 0.561 0.57 0.573 0.574 0.574 0.574 0.573 0.572 0.572 0.574 0.572 0.577 0.577 0.577 0.585 0.589 0.59 0.59 0.595 0.595 0.595 0.602 0.603 0.604 0.608 0.614 0.616 0.617 0.619 0.62 0.621 0.621 0.628 0.632 0.633 0.633 0.637 0.642 0.648 0.648 0.648 0.649 0.649 0.659 0.662 0.664 0.674 0.675 0.677 0.679 0.685 0.688 0.691 0.695 0.705 0.707 0.709 0.717 0.718 0.73 0.731 0.731 0.731 0.731 0.726 0.724 0.72 0.713 0.712 0.702 0.698 0.698 0.693 0.687 0.687 0.686 0.686 0.684 0.68 0.68 0.671 0.572 0.533 0.524 0.522 0.521 0.51 0.504 0.502 0.5 0.499 0.494 0.499 0.496 0.494 0.494 0.49 0.489 0.482 0.487 0.487 0.487 0.488 0.495 0.495 0.495 0.489 0.485 0.485 0.481 0.477 0.474 0.473 0.473 0.471 0.471 0.469 0.463 0.463 0.46 0.457 0.457 0.456 0.456 0.449 0.449 0.449 0.45 0.45 0.45 0.449 0.449 0.448 0.446 0.446 0.454 0.455 0.455 0.455 0.443 0.438 0.436 0.435 0.432 0.429 0.428 0.426 0.423 0.419 0.417 0.416 0.416 0.416 0.416 0.42 0.42 0.422 0.42 0.42 0.424 0.427 0.435 0.435 0.435 0.435 0.428 0.428 0.428 0.425 0.424 0.423 0.423 0.423 0.423 0.423 0.423 0.428 0.428 0.421 0.419 0.421 0.421 0.426 0.43 0.43 0.432 0.432 0.432 0.433 0.431 0.431 0.431 0.426 0.426 0.425 0.424 0.425 0.424 0.424 0.425 0.428 0.428 0.428 0.429 0.429 0.429 0.429 0.429 0.407 0.407 0.407 0.415 0.415 0.415 0.415 0.413 0.413 0.411 0.411 0.411 0.411 0.411 0.42 0.412 0.412 0.414 0.414 0.414 0.414 0.414 0.414 0.414 0.416 0.422 0.422 
1 1 1 1 1 1 1 1 1 1 1 1 1 1 1 1 1 1 1 1 1 1 1 1 1 1 1 1 1 1 1 1 1 1 1 1 1 1 1 1 1 1 1 1 1 1 1 1 1 1 1 1 1 1 1 1 1 1 1 1 1 1 1 1 1 1 1 1 1 1 1 1 1 1 1 1 1 1 1 1 1 1 1 1 1 1 1 1 1 1 1 1 1 1 1 1 1 1 1 1 1 1 1 1 1 1 1 1 1 1 1 1 1 1 1 1 1 1 1 1 1 1 1 1 1 1 1 1 1 1 1 1 1 1 1 1 1 1 1 1 1 1 1 1 1 1 1 1 1 1 1 1 1 1 1 1 1 1 1 1 1 1 1 1 1 1 1 1 1 1 1 1 1 1 1 1 1 1 1 1 1 1 1 1 1 1 1 1 1 1 1 1 1 1 1 1 1 1 1 1 1 1 1 1 1 1 1 1 1 1 1 1 1 1 1 1 1 1 1 1 1 1 1 1 1 1 1 1 1 1 1 1 1 1 1 1 1 1 1 1 1 1 1 1 1 1 1 1 1 1 1 1 1 1 1 1 1 1 1 1 1 1 1 1 1 1 1 1 1 1 1 1 1 1 1 1 1 1 1 1 1 1 1 1 1 1 1 1 1 1 1 1 1 1 1 1 1 1 1 1 1 1 1 1 1 1 1 1 1 1 1 1 1 1 1 1 1 1 1 1 1 1 1 1 1 1 1 1 1 1 1 1 1 1 1 1 1 1 1 1 1 1 1 1 1 1 1 1 1 1 1 1 1 1 1 1 1 1 1 1 1 1 1 1 1 1 1 1 1 1 1 1 1 1 1 1 1 1 1 1 1 1 1 1 1 1 1 1 1 1 1 1 1 1 1 1 1 1 1 1 1 1 1 1 1 1 1 1 1 1 1 1 1 1 1 1 1 1 1 1 1 1 1 1 1 1 1 1 1 1 1 1 1 1 1 1 1 1 1 1 1 1 1 1 1 1 1 1 1 1 1 1 1 1 1 1 1 1 1 1 1 1 1 1 1 1 1 1 1 1 1 1 1 1 1 1 1 1 1 1 1 1 1 1 1 1 1 1 1 1 1 1 1 1 1 1 1 1 1 1 1 1 1 1 1 1 1 1 1 1 1 1 1 1 1 1 1 1 1 1 1 1 1 1 1 1 1 1 1 1 1 1 1 1 1 1 1 1 1 1 1 1 1 1 1 1 1 1 1 1 1 1 1 1 1 1 1 1 1 1 1 1 1 1 1 1 1 1 1 1 1 1 1 1 1 1 1 1 1 1 1 1 1 1 1 1 1 1 1 1 1 1 1 1 1 1 1 1 1 1 1 1 1 1 1 1 1 1 1 1 1 1 1 1 1 1 1 1 1 1 1 1 1 1 1 1 1 1 1 1 1 1 1 1 1 1 1 1 1 1 1 1 1 1 1 1 1 1 1 1 1 1 1 1 1 1 1 1 1 1 1 1 1 1 1 1 1 1 1 1 1 1 1 1 1 1 1 1 1 1 1 1 
