# This file contains a 2D laser scan observation. 
# Its format is: 
# [aperture] [max_range] [number_of_scans] 
# [vector_of_scans] 
# [vector_of_valid_scans] 
# The aperture of the sensor is in radians, the maximum range 
# and measurements are in meters. '1' means a valid scan, '0' otherwise.
4.1847
5.6
682
0.51 0.508 0.506 0.503 0.501 0.499 0.496 0.495 0.494 0.492 0.49 0.488 0.485 0.482 0.481 0.478 0.476 0.474 0.473 0.47 0.467 0.466 0.466 0.466 0.466 0.466 0.457 0.457 0.459 0.456 0.453 0.459 0.448 0.448 0.448 0.448 0.448 0.446 0.445 0.443 0.44 0.439 0.431 0.431 0.431 0.435 0.435 0.435 0.434 0.429 0.427 0.426 0.426 0.426 0.426 0.428 0.428 0.428 0.427 0.427 0.427 0.423 0.421 0.423 0.421 0.421 0.421 0.423 0.423 0.423 0.418 0.423 0.42 0.418 0.418 0.42 0.42 0.418 0.418 0.418 0.417 0.417 0.414 0.414 0.415 0.415 0.415 0.415 0.415 0.415 0.415 0.418 0.418 0.415 0.418 0.413 0.411 0.411 0.413 0.411 0.411 0.41 0.413 0.412 0.413 0.413 0.414 0.414 0.414 0.414 0.414 0.417 0.421 0.421 0.421 0.417 0.417 0.417 0.412 0.422 0.422 0.423 0.421 0.421 0.421 0.421 0.421 0.424 0.424 0.424 0.425 0.425 0.425 0.426 0.428 0.428 0.429 0.429 0.429 0.431 0.431 0.434 0.442 0.445 0.465 0.506 0.706 0.965 0.98 0.98 0.98 0.982 0.989 0.989 0.989 0.989 0.989 0.989 1 1.001 1.001 1.003 1.005 1.006 1.006 1.006 1.006 1.011 1.011 1.014 1.017 1.021 1.025 1.025 1.025 1.026 1.035 1.037 1.039 1.04 1.043 1.048 1.05 1.051 1.052 1.057 1.07 1.071 1.077 1.077 1.084 1.084 1.084 1.092 1.095 1.101 1.104 1.106 1.111 1.111 1.114 1.117 1.118 1.132 1.143 1.145 1.145 1.145 1.146 1.158 1.165 1.172 1.174 1.183 1.194 1.198 1.198 1.202 1.212 1.213 1.217 1.233 1.239 1.241 1.25 1.252 1.264 1.266 1.27 1.279 1.289 1.294 1.297 1.319 1.32 1.333 1.343 1.347 2.012 2.012 2.012 1.995 1.981 1.978 1.968 1.957 1.94 1.935 1.924 1.914 1.903 1.892 1.884 1.868 1.864 1.847 1.846 1.834 1.82 1.817 1.814 1.793 1.79 1.781 1.777 1.771 1.761 1.761 1.755 1.745 1.134 1.116 1.105 1.104 1.092 1.088 1.079 1.071 1.07 1.069 1.056 1.05 1.049 1.045 1.044 1.043 1.039 1.032 1.032 1.03 1.03 1.03 1.028 1.025 1.025 1.025 1.025 1.028 1.029 1.029 1.038 1.04 1.049 1.055 1.069 1.073 1.094 1.114 1.13 1.154 1.177 1.196 1.224 1.258 1.289 1.332 1.446 1.506 1.512 1.512 1.512 1.507 1.503 1.5 1.492 1.489 1.485 1.485 1.484 1.484 1.475 1.475 1.475 1.473 1.473 1.471 1.47 1.469 1.469 1.466 1.467 1.465 1.463 1.462 1.457 1.456 1.456 1.456 1.448 1.448 1.455 1.455 1.455 1.455 1.45 1.449 1.449 1.448 1.448 1.45 1.45 1.45 1.451 1.452 1.454 1.454 1.454 1.453 1.451 1.451 1.449 1.449 1.449 1.448 1.45 1.457 1.454 1.454 1.458 1.459 1.459 1.459 1.462 1.463 1.464 1.464 1.469 1.469 1.469 1.469 1.47 1.471 1.471 1.474 1.482 1.486 1.486 1.486 1.485 1.485 1.482 1.477 1.199 1.17 1.142 1.096 1.069 1.038 1.037 1.011 0.98 0.964 0.929 0.925 0.91 0.89 0.89 0.85 0.832 0.823 0.807 0.794 0.785 0.782 0.777 0.763 0.725 0.725 0.724 0.708 0.702 0.692 0.667 0.667 0.656 0.649 0.634 0.624 0.619 0.616 0.612 0.594 0.586 0.581 0.577 0.571 0.557 0.55 0.549 0.54 0.54 0.525 0.525 0.519 0.519 0.519 0.522 0.522 0.526 0.526 0.531 0.526 0.526 0.526 0.524 0.524 0.527 0.529 0.53 0.533 0.533 0.536 0.539 0.539 0.543 0.543 0.551 0.552 0.553 0.553 0.553 0.555 0.563 0.563 0.567 0.571 0.574 0.577 0.576 0.577 0.581 0.584 0.589 0.598 0.599 0.605 0.605 0.613 0.614 0.614 0.62 0.622 0.63 0.633 0.634 0.641 0.649 0.656 0.664 0.664 0.667 0.674 0.674 0.68 0.682 0.691 0.696 0.698 0.699 0.699 0.699 0.697 0.691 0.689 0.681 0.681 0.68 0.675 0.674 0.673 0.673 0.667 0.665 0.664 0.664 0.664 0.662 0.655 0.655 0.655 0.651 0.651 0.649 0.64 0.506 0.505 0.5 0.498 0.497 0.489 0.486 0.486 0.487 0.486 0.484 0.479 0.479 0.479 0.473 0.473 0.472 0.472 0.471 0.471 0.468 0.468 0.468 0.468 0.48 0.48 0.48 0.472 0.47 0.469 0.465 0.462 0.462 0.461 0.46 0.457 0.457 0.455 0.453 0.453 0.457 0.452 0.452 0.452 0.451 0.45 0.446 0.446 0.446 0.442 0.442 0.441 0.44 0.439 0.439 0.44 0.44 0.441 0.441 0.441 0.441 0.442 0.441 0.441 0.439 0.438 0.43 0.43 0.429 0.429 0.429 0.43 0.429 0.429 0.43 0.429 0.427 0.427 0.427 0.427 0.427 0.427 0.427 0.428 0.428 0.428 0.428 0.43 0.43 0.438 0.438 0.438 0.438 0.437 0.437 0.437 0.431 0.431 0.439 0.439 0.44 0.448 0.44 0.449 0.445 0.449 0.445 0.449 0.445 0.443 0.441 0.441 0.441 0.439 0.436 0.441 0.437 0.437 0.441 0.441 0.438 0.441 0.441 0.441 0.441 0.441 0.441 0.441 0.441 0.439 0.438 0.438 0.439 0.441 0.441 0.441 0.438 0.435 
1 1 1 1 1 1 1 1 1 1 1 1 1 1 1 1 1 1 1 1 1 1 1 1 1 1 1 1 1 1 1 1 1 1 1 1 1 1 1 1 1 1 1 1 1 1 1 1 1 1 1 1 1 1 1 1 1 1 1 1 1 1 1 1 1 1 1 1 1 1 1 1 1 1 1 1 1 1 1 1 1 1 1 1 1 1 1 1 1 1 1 1 1 1 1 1 1 1 1 1 1 1 1 1 1 1 1 1 1 1 1 1 1 1 1 1 1 1 1 1 1 1 1 1 1 1 1 1 1 1 1 1 1 1 1 1 1 1 1 1 1 1 1 1 1 1 1 1 1 1 1 1 1 1 1 1 1 1 1 1 1 1 1 1 1 1 1 1 1 1 1 1 1 1 1 1 1 1 1 1 1 1 1 1 1 1 1 1 1 1 1 1 1 1 1 1 1 1 1 1 1 1 1 1 1 1 1 1 1 1 1 1 1 1 1 1 1 1 1 1 1 1 1 1 1 1 1 1 1 1 1 1 1 1 1 1 1 1 1 1 1 1 1 1 1 1 1 1 1 1 1 1 1 1 1 1 1 1 1 1 1 1 1 1 1 1 1 1 1 1 1 1 1 1 1 1 1 1 1 1 1 1 1 1 1 1 1 1 1 1 1 1 1 1 1 1 1 1 1 1 1 1 1 1 1 1 1 1 1 1 1 1 1 1 1 1 1 1 1 1 1 1 1 1 1 1 1 1 1 1 1 1 1 1 1 1 1 1 1 1 1 1 1 1 1 1 1 1 1 1 1 1 1 1 1 1 1 1 1 1 1 1 1 1 1 1 1 1 1 1 1 1 1 1 1 1 1 1 1 1 1 1 1 1 1 1 1 1 1 1 1 1 1 1 1 1 1 1 1 1 1 1 1 1 1 1 1 1 1 1 1 1 1 1 1 1 1 1 1 1 1 1 1 1 1 1 1 1 1 1 1 1 1 1 1 1 1 1 1 1 1 1 1 1 1 1 1 1 1 1 1 1 1 1 1 1 1 1 1 1 1 1 1 1 1 1 1 1 1 1 1 1 1 1 1 1 1 1 1 1 1 1 1 1 1 1 1 1 1 1 1 1 1 1 1 1 1 1 1 1 1 1 1 1 1 1 1 1 1 1 1 1 1 1 1 1 1 1 1 1 1 1 1 1 1 1 1 1 1 1 1 1 1 1 1 1 1 1 1 1 1 1 1 1 1 1 1 1 1 1 1 1 1 1 1 1 1 1 1 1 1 1 1 1 1 1 1 1 1 1 1 1 1 1 1 1 1 1 1 1 1 1 1 1 1 1 1 1 1 1 1 1 1 1 1 1 1 1 1 1 1 1 1 1 1 1 1 1 1 1 1 1 1 1 1 1 1 1 1 1 1 1 1 1 1 1 1 1 1 1 1 1 1 1 1 1 1 1 1 1 1 1 1 1 1 1 1 1 1 1 1 1 1 1 1 1 1 1 1 1 1 1 1 1 1 1 1 1 1 1 1 1 1 1 1 1 1 1 1 1 1 1 
