# This file contains a 2D laser scan observation. 
# Its format is: 
# [aperture] [max_range] [number_of_scans] 
# [vector_of_scans] 
# [vector_of_valid_scans] 
# The aperture of the sensor is in radians, the maximum range 
# and measurements are in meters. '1' means a valid scan, '0' otherwise.
4.1847
5.6
682
0.464 0.464 0.464 0.464 0.464 0.463 0.461 0.458 0.458 0.457 0.454 0.456 0.456 0.454 0.453 0.453 0.453 0.453 0.453 0.452 0.452 0.452 0.453 0.453 0.457 0.457 0.458 0.458 0.459 0.46 0.463 0.464 0.469 0.469 0.469 0.469 0.475 0.477 0.478 0.491 0.491 0.493 0.493 0.495 0.503 0.509 0.509 0.51 0.514 0.533 0.545 0.558 0.581 0.698 0.938 0.948 0.948 0.95 0.948 0.946 0.945 0.942 0.942 0.938 0.938 0.934 0.934 0.934 0.933 0.931 0.931 0.931 0.931 0.927 0.926 0.926 0.924 0.923 0.923 0.919 0.919 0.919 0.919 0.919 0.917 0.913 0.913 0.913 0.913 0.913 0.914 0.916 0.915 0.915 0.915 0.915 0.915 0.908 0.905 0.907 0.907 0.907 0.908 0.909 0.915 0.915 0.915 0.915 0.908 0.907 0.907 0.906 0.907 0.906 0.904 0.904 0.907 0.907 0.907 0.91 0.909 0.91 0.909 0.91 0.909 0.91 0.91 0.91 0.91 0.913 0.913 0.913 0.913 0.912 0.912 0.911 0.912 0.917 0.919 0.919 0.921 0.921 0.924 0.924 0.927 0.928 0.928 0.928 0.928 0.932 0.932 0.933 0.937 0.937 0.943 0.943 0.944 0.948 0.95 0.95 0.95 0.952 0.952 0.959 0.96 0.96 0.963 0.97 0.97 0.97 0.97 0.97 0.97 0.973 0.975 0.976 0.98 0.987 0.988 0.989 0.992 0.999 1.001 1.005 1.007 1.008 1.013 1.014 1.018 1.023 1.026 1.029 1.033 1.033 1.035 1.042 1.048 1.055 1.055 1.055 1.058 1.062 1.067 1.067 1.084 1.087 1.087 1.089 1.09 1.102 0 0 0.008 0.008 0.008 0 0.007 0 1.79 1.79 1.778 1.763 1.753 1.728 1.717 1.716 1.701 1.684 1.675 1.671 1.649 1.644 1.633 1.62 1.614 1.6 1.6 1.582 1.574 0.838 0.82 0.808 0.797 0.779 0.774 0.768 0.768 0.768 0.767 0.758 0.755 0.748 0.741 0.74 0.74 0.736 0.74 0.734 0.732 0.73 0.729 0.728 0.723 0.721 0.721 0.721 0.719 0.719 0.719 0.719 0.716 0.716 0.71 0.71 0.714 0.714 0.714 0.72 0.72 0.716 0.722 0.716 0.714 0.714 0.721 0.721 0.73 0.741 0.744 0.749 0.754 0.765 0.771 0.774 0.783 0.786 0.796 0.814 0.815 0.836 0.844 0.86 0.88 0.89 0.904 0.926 0.927 0.947 0.959 0.984 0.987 1.015 1.022 1.048 1.07 1.111 1.138 1.158 1.166 1.167 1.167 1.167 1.166 1.159 1.157 1.151 1.149 1.151 1.151 1.149 1.146 1.146 1.14 1.14 1.139 1.14 1.14 1.138 1.135 1.138 1.131 1.131 1.131 1.132 1.132 1.132 1.132 1.132 1.127 1.125 1.123 1.123 1.125 1.123 1.127 1.127 1.119 1.119 1.128 1.127 1.128 1.128 1.127 1.127 1.126 1.126 1.122 1.121 1.121 1.121 1.121 1.123 1.123 1.123 1.124 1.124 1.124 1.125 1.127 1.127 1.127 1.131 1.131 1.128 1.126 1.128 1.128 1.128 1.14 1.14 1.132 1.132 1.138 1.132 1.138 1.144 1.144 1.145 1.146 1.145 1.146 1.148 1.151 1.157 1.157 1.157 1.157 1.157 1.162 1.171 1.174 1.174 1.175 1.177 1.179 1.18 1.184 1.185 1.186 1.189 1.189 1.189 1.132 0.895 0.878 0.872 0.871 0.87 0.845 0.825 0.81 0.797 0.784 0.778 0.756 0.756 0.752 0.751 0.744 0.712 0.708 0.705 0.696 0.696 0.686 0.686 0.659 0.647 0.642 0.642 0.642 0.642 0.643 0.643 0.643 0.625 0.612 0.589 0.579 0.578 0.576 0.573 0.569 0.565 0.557 0.551 0.547 0.537 0.537 0.536 0.536 0.534 0.534 0.529 0.532 0.532 0.532 0.525 0.525 0.516 0.501 0.492 0.49 0.488 0.48 0.478 0.473 0.472 0.472 0.471 0.472 0.474 0.485 0.485 0.485 0.467 0.447 0.436 0.434 0.429 0.429 0.428 0.426 0.426 0.426 0.424 0.418 0.417 0.417 0.415 0.414 0.414 0.411 0.411 0.406 0.403 0.403 0.396 0.396 0.396 0.396 0.396 0.396 0.392 0.384 0.384 0.381 0.381 0.383 0.381 0.381 0.383 0.381 0.37 0.37 0.377 0.37 0.369 0.369 0.368 0.368 0.368 0.368 0.368 0.368 0.364 0.361 0.361 0.359 0.359 0.359 0.356 0.355 0.353 0.353 0.353 0.353 0.353 0.351 0.348 0.346 0.345 0.343 0.343 0.343 0.346 0.346 0.347 0.346 0.343 0.339 0.339 0.339 0.343 0.344 0.347 0.354 0.354 0.354 0.356 0.356 0.356 0.367 0.376 0.395 0.395 0.405 0.423 0.433 0.443 0.458 0.476 0.488 0.513 0.534 0.551 0.578 0.596 0.6 0.618 0.618 0.625 0.625 0.622 0.62 0.622 0.62 0.62 0.619 0.619 0.619 0.619 0.619 0.619 0.614 0.614 0.615 0.615 0.615 0.616 0.616 0.616 0.616 0.62 0.616 0.616 0.616 0.616 0.616 0.615 0.62 0.62 0.62 0.617 0.617 0.617 0.616 0.616 0.623 0.627 0.623 0.626 0.626 0.626 0.626 0.626 0.621 0.63 0.621 0.621 0.621 0.624 0.621 0.614 0.515 0.512 0.512 0.509 0.509 0.51 0.511 0.51 0.511 0.515 0.515 0.515 0.515 0.513 0.513 0.515 0.513 0.515 0.515 0.515 0.512 0.512 0.512 0.513 0.513 0.516 0.516 0.518 
1 1 1 1 1 1 1 1 1 1 1 1 1 1 1 1 1 1 1 1 1 1 1 1 1 1 1 1 1 1 1 1 1 1 1 1 1 1 1 1 1 1 1 1 1 1 1 1 1 1 1 1 1 1 1 1 1 1 1 1 1 1 1 1 1 1 1 1 1 1 1 1 1 1 1 1 1 1 1 1 1 1 1 1 1 1 1 1 1 1 1 1 1 1 1 1 1 1 1 1 1 1 1 1 1 1 1 1 1 1 1 1 1 1 1 1 1 1 1 1 1 1 1 1 1 1 1 1 1 1 1 1 1 1 1 1 1 1 1 1 1 1 1 1 1 1 1 1 1 1 1 1 1 1 1 1 1 1 1 1 1 1 1 1 1 1 1 1 1 1 1 1 1 1 1 1 1 1 1 1 1 1 1 1 1 1 1 1 1 1 1 1 1 1 1 1 1 1 1 1 1 1 1 1 1 1 1 1 1 1 0 0 0 0 0 0 0 0 1 1 1 1 1 1 1 1 1 1 1 1 1 1 1 1 1 1 1 1 1 1 1 1 1 1 1 1 1 1 1 1 1 1 1 1 1 1 1 1 1 1 1 1 1 1 1 1 1 1 1 1 1 1 1 1 1 1 1 1 1 1 1 1 1 1 1 1 1 1 1 1 1 1 1 1 1 1 1 1 1 1 1 1 1 1 1 1 1 1 1 1 1 1 1 1 1 1 1 1 1 1 1 1 1 1 1 1 1 1 1 1 1 1 1 1 1 1 1 1 1 1 1 1 1 1 1 1 1 1 1 1 1 1 1 1 1 1 1 1 1 1 1 1 1 1 1 1 1 1 1 1 1 1 1 1 1 1 1 1 1 1 1 1 1 1 1 1 1 1 1 1 1 1 1 1 1 1 1 1 1 1 1 1 1 1 1 1 1 1 1 1 1 1 1 1 1 1 1 1 1 1 1 1 1 1 1 1 1 1 1 1 1 1 1 1 1 1 1 1 1 1 1 1 1 1 1 1 1 1 1 1 1 1 1 1 1 1 1 1 1 1 1 1 1 1 1 1 1 1 1 1 1 1 1 1 1 1 1 1 1 1 1 1 1 1 1 1 1 1 1 1 1 1 1 1 1 1 1 1 1 1 1 1 1 1 1 1 1 1 1 1 1 1 1 1 1 1 1 1 1 1 1 1 1 1 1 1 1 1 1 1 1 1 1 1 1 1 1 1 1 1 1 1 1 1 1 1 1 1 1 1 1 1 1 1 1 1 1 1 1 1 1 1 1 1 1 1 1 1 1 1 1 1 1 1 1 1 1 1 1 1 1 1 1 1 1 1 1 1 1 1 1 1 1 1 1 1 1 1 1 1 1 1 1 1 1 1 1 1 1 1 1 1 1 1 1 1 1 1 1 1 1 1 1 1 1 1 1 1 1 1 1 1 1 1 1 1 1 1 1 1 1 1 1 1 1 1 1 1 1 1 1 1 1 1 1 1 1 1 1 1 1 1 1 1 1 1 1 1 1 1 1 1 1 1 1 1 1 1 1 1 1 1 
