# This file contains a 2D laser scan observation. 
# Its format is: 
# [aperture] [max_range] [number_of_scans] 
# [vector_of_scans] 
# [vector_of_valid_scans] 
# The aperture of the sensor is in radians, the maximum range 
# and measurements are in meters. '1' means a valid scan, '0' otherwise.
4.1847
5.6
682
0.5 0.502 0.502 0.502 0.505 0.51 0.51 0.512 0.512 0.516 0.519 0.522 0.524 0.53 0.53 0.53 0.532 0.534 0.534 0.539 0.539 0.541 0.552 0.552 0.555 0.562 0.566 0.58 0.582 0.605 0.618 0.652 0.806 0.999 0.999 0.999 0.996 0.994 0.988 0.981 0.977 0.976 0.974 0.972 0.971 0.971 0.967 0.962 0.957 0.953 0.949 0.949 0.946 0.94 0.939 0.934 0.934 0.934 0.934 0.934 0.933 0.933 0.927 0.926 0.922 0.922 0.924 0.924 0.924 0.924 0.913 0.913 0.913 0.913 0.914 0.914 0.903 0.899 0.9 0.9 0.9 0.898 0.9 0.898 0.897 0.897 0.897 0.896 0.897 0.896 0.894 0.894 0.893 0.893 0.893 0.892 0.893 0.889 0.889 0.889 0.889 0.888 0.888 0.886 0.885 0.883 0.886 0.886 0.886 0.889 0.893 0.902 0.945 0.945 0.945 0.945 0.918 0.888 0.885 0.883 0.883 0.883 0.883 0.883 0.883 0.884 0.887 0.888 0.892 0.892 0.892 0.893 0.891 0.889 0.889 0.889 0.889 0.889 0.891 0.897 0.897 0.899 0.897 0.895 0.895 0.895 0.895 0.894 0.896 0.903 0.899 0.899 0.903 0.903 0.903 0.907 0.907 0.907 0.912 0.912 0.913 0.915 0.915 0.916 0.92 0.924 0.924 0.924 0.924 0.931 0.933 0.933 0.935 0.935 0.937 0.937 0.941 0.941 0.944 0.949 0.949 0.954 0.961 0.963 0.965 0.963 0.966 0.97 0.976 0.977 0.978 0.98 0.981 0.987 0.988 0.989 0.991 0.999 1.001 1.003 1.011 1.017 1.018 1.022 1.717 1.868 1.868 1.868 0 1.831 1.813 1.499 1.451 1.451 1.499 1.715 1.715 1.715 1.703 1.688 1.671 1.653 1.647 1.621 1.618 1.611 1.59 1.577 1.577 1.566 1.556 0.742 0.724 0.717 0.7 0.692 0.683 0.675 0.673 0.665 0.664 0.656 0.654 0.651 0.646 0.641 0.64 0.632 0.632 0.63 0.629 0.626 0.626 0.626 0.626 0.625 0.623 0.618 0.618 0.618 0.615 0.611 0.608 0.608 0.608 0.608 0.61 0.61 0.61 0.61 0.61 0.609 0.609 0.609 0.605 0.604 0.605 0.605 0.608 0.613 0.615 0.615 0.623 0.625 0.629 0.632 0.636 0.642 0.643 0.648 0.651 0.652 0.665 0.67 0.671 0.679 0.686 0.692 0.715 0.715 0.724 0.731 0.746 0.751 0.771 0.78 0.794 0.798 0.8 0.829 0.839 0.845 0.854 0.876 0.881 0.889 0.914 0.934 0.952 0.98 1.001 1.031 1.039 1.051 1.051 1.051 1.051 1.047 1.038 1.038 1.038 1.038 1.037 1.033 1.032 1.032 1.031 1.028 1.027 1.027 1.027 1.027 1.027 1.026 1.024 1.024 1.024 1.024 1.017 1.014 1.014 1.014 1.014 1.014 1.014 1.016 1.014 1.011 1.005 1.01 1.01 1.011 1.01 1.011 1.012 1.013 1.015 1.015 1.021 1.024 1.024 1.024 1.023 1.016 1.015 1.015 1.012 1.011 1.007 1.011 1.007 1.007 1.007 1.018 1.015 1.015 1.018 1.021 1.021 1.021 1.021 1.021 1.017 1.017 1.017 1.017 1.017 1.02 1.02 1.021 1.024 1.025 1.024 1.025 1.025 1.025 1.026 1.033 1.035 1.038 1.038 1.04 1.04 1.043 1.043 1.043 1.047 1.048 1.05 1.053 1.053 1.058 1.059 1.063 1.065 1.07 1.072 1.072 1.08 1.082 1.082 1.082 1.084 1.084 1.084 1.089 1.089 1.094 1.096 1.096 1.096 0.814 0.795 0.794 0.793 0.789 0.783 0.78 0.735 0.725 0.72 0.715 0.702 0.7 0.696 0.692 0.676 0.676 0.676 0.676 0.668 0.668 0.654 0.636 0.622 0.618 0.617 0.612 0.612 0.612 0.612 0.611 0.59 0.584 0.581 0.573 0.57 0.565 0.565 0.568 0.561 0.568 0.568 0.568 0.561 0.549 0.547 0.528 0.514 0.514 0.51 0.508 0.502 0.501 0.497 0.493 0.497 0.493 0.492 0.489 0.485 0.485 0.479 0.479 0.474 0.473 0.473 0.473 0.473 0.468 0.468 0.468 0.467 0.467 0.466 0.465 0.465 0.464 0.457 0.456 0.45 0.437 0.432 0.429 0.428 0.424 0.423 0.423 0.423 0.42 0.419 0.418 0.418 0.418 0.418 0.42 0.424 0.424 0.424 0.424 0.415 0.412 0.394 0.394 0.394 0.394 0.393 0.392 0.385 0.384 0.385 0.383 0.383 0.383 0.383 0.382 0.383 0.382 0.38 0.378 0.377 0.376 0.376 0.376 0.374 0.374 0.371 0.371 0.371 0.371 0.371 0.365 0.362 0.362 0.362 0.362 0.362 0.362 0.362 0.36 0.358 0.358 0.358 0.358 0.359 0.359 0.359 0.359 0.362 0.364 0.364 0.364 0.364 0.362 0.359 0.359 0.355 0.355 0.357 0.356 0.357 0.357 0.357 0.357 0.358 0.358 0.358 0.359 0.359 0.359 0.359 0.357 0.357 0.356 0.356 0.357 0.358 0.357 0.359 0.36 0.362 0.362 0.366 0.367 0.366 0.366 0.366 0.364 0.364 0.364 0.364 0.362 0.362 0.355 0.355 0.355 0.366 0.366 0.442 0.62 0.627 0.632 0.633 0.633 0.633 0.632 0.633 0.643 0.641 0.641 0.641 0.641 0.641 0.642 0.642 0.642 0.649 0.649 0.649 0.649 0.647 0.646 0.646 0.646 0.646 0.651 0.654 0.658 0.658 0.657 0.654 0.655 0.655 0.654 0.655 0.662 0.663 0.665 0.665 0.666 0.666 0.672 
1 1 1 1 1 1 1 1 1 1 1 1 1 1 1 1 1 1 1 1 1 1 1 1 1 1 1 1 1 1 1 1 1 1 1 1 1 1 1 1 1 1 1 1 1 1 1 1 1 1 1 1 1 1 1 1 1 1 1 1 1 1 1 1 1 1 1 1 1 1 1 1 1 1 1 1 1 1 1 1 1 1 1 1 1 1 1 1 1 1 1 1 1 1 1 1 1 1 1 1 1 1 1 1 1 1 1 1 1 1 1 1 1 1 1 1 1 1 1 1 1 1 1 1 1 1 1 1 1 1 1 1 1 1 1 1 1 1 1 1 1 1 1 1 1 1 1 1 1 1 1 1 1 1 1 1 1 1 1 1 1 1 1 1 1 1 1 1 1 1 1 1 1 1 1 1 1 1 1 1 1 1 1 1 1 1 1 1 1 1 1 1 1 1 1 1 1 1 1 1 1 1 1 1 1 1 1 1 0 1 1 1 1 1 1 1 1 1 1 1 1 1 1 1 1 1 1 1 1 1 1 1 1 1 1 1 1 1 1 1 1 1 1 1 1 1 1 1 1 1 1 1 1 1 1 1 1 1 1 1 1 1 1 1 1 1 1 1 1 1 1 1 1 1 1 1 1 1 1 1 1 1 1 1 1 1 1 1 1 1 1 1 1 1 1 1 1 1 1 1 1 1 1 1 1 1 1 1 1 1 1 1 1 1 1 1 1 1 1 1 1 1 1 1 1 1 1 1 1 1 1 1 1 1 1 1 1 1 1 1 1 1 1 1 1 1 1 1 1 1 1 1 1 1 1 1 1 1 1 1 1 1 1 1 1 1 1 1 1 1 1 1 1 1 1 1 1 1 1 1 1 1 1 1 1 1 1 1 1 1 1 1 1 1 1 1 1 1 1 1 1 1 1 1 1 1 1 1 1 1 1 1 1 1 1 1 1 1 1 1 1 1 1 1 1 1 1 1 1 1 1 1 1 1 1 1 1 1 1 1 1 1 1 1 1 1 1 1 1 1 1 1 1 1 1 1 1 1 1 1 1 1 1 1 1 1 1 1 1 1 1 1 1 1 1 1 1 1 1 1 1 1 1 1 1 1 1 1 1 1 1 1 1 1 1 1 1 1 1 1 1 1 1 1 1 1 1 1 1 1 1 1 1 1 1 1 1 1 1 1 1 1 1 1 1 1 1 1 1 1 1 1 1 1 1 1 1 1 1 1 1 1 1 1 1 1 1 1 1 1 1 1 1 1 1 1 1 1 1 1 1 1 1 1 1 1 1 1 1 1 1 1 1 1 1 1 1 1 1 1 1 1 1 1 1 1 1 1 1 1 1 1 1 1 1 1 1 1 1 1 1 1 1 1 1 1 1 1 1 1 1 1 1 1 1 1 1 1 1 1 1 1 1 1 1 1 1 1 1 1 1 1 1 1 1 1 1 1 1 1 1 1 1 1 1 1 1 1 1 1 1 1 1 1 1 1 1 1 1 1 1 1 1 1 1 1 1 1 1 1 1 1 1 1 1 1 1 1 1 1 1 1 
