# This file contains a 2D laser scan observation. 
# Its format is: 
# [aperture] [max_range] [number_of_scans] 
# [vector_of_scans] 
# [vector_of_valid_scans] 
# The aperture of the sensor is in radians, the maximum range 
# and measurements are in meters. '1' means a valid scan, '0' otherwise.
4.1847
5.6
682
0.554 0.554 0.554 0.554 0.558 0.558 0.558 0.558 0.558 0.562 0.567 0.568 0.577 0.577 0.577 0.577 0.58 0.583 0.586 0.586 0.587 0.6 0.605 0.608 0.612 0.616 0.618 0.623 0.624 0.662 0.688 0.867 1.045 1.045 1.045 1.029 1.026 1.026 1.025 1.019 1.014 1.011 1.011 1.009 0.996 0.994 0.99 0.982 0.98 0.975 0.975 0.968 0.964 0.964 0.961 0.956 0.953 0.947 0.946 0.94 0.939 0.937 0.937 0.922 0.921 0.919 0.919 0.919 0.914 0.913 0.913 0.913 0.908 0.895 0.894 0.894 0.892 0.892 0.888 0.888 0.884 0.884 0.884 0.882 0.872 0.872 0.877 0.877 0.881 0.881 0.877 0.871 0.87 0.869 0.865 0.864 0.863 0.863 0.859 0.859 0.855 0.854 0.854 0.854 0.849 0.848 0.848 0.849 0.848 0.84 0.84 0.843 0.841 0.841 0.841 0.836 0.836 0.836 0.836 0.839 0.839 0.833 0.83 0.829 0.829 0.832 0.829 0.829 0.83 0.826 0.826 0.828 0.83 0.831 0.831 0.828 0.828 0.828 0.827 0.827 0.827 0.827 0.827 0.827 0.828 0.828 0.828 0.829 0.831 0.831 0.831 0.831 0.831 0.829 0.829 0.828 0.828 0.828 0.828 0.832 0.833 0.833 0.836 0.836 0.829 0.828 0.828 0.828 0.83 0.835 0.837 0.837 0.837 0.835 0.842 0.836 0.838 0.838 0.841 0.84 0.841 0.841 0.846 0.846 0.847 0.847 0.849 0.852 0.854 0.854 0.856 0.856 0.859 0.86 0.864 0.866 0.866 0.867 0.867 0.868 0.869 0.869 0.869 0.869 0.869 0.869 0.875 0.876 0.887 0.887 0.888 0.888 0.888 0.889 0.89 0.899 0.903 0.904 0.907 0.907 0.913 0.916 1.715 1.73 1.732 1.732 1.737 1.752 1.752 1.752 1.716 1.716 1.716 1.71 1.613 1.513 1.513 1.513 1.61 1.61 1.61 1.598 1.584 1.577 1.566 1.566 1.544 1.524 0.616 0.592 0.577 0.561 0.556 0.556 0.555 0.549 0.546 0.542 0.54 0.536 0.533 0.531 0.514 0.514 0.511 0.511 0.51 0.507 0.507 0.501 0.5 0.501 0.5 0.5 0.501 0.501 0.497 0.497 0.496 0.493 0.493 0.49 0.49 0.49 0.49 0.49 0.486 0.486 0.486 0.482 0.482 0.482 0.482 0.482 0.48 0.48 0.48 0.478 0.48 0.48 0.48 0.48 0.486 0.487 0.487 0.486 0.486 0.486 0.486 0.492 0.493 0.5 0.503 0.504 0.504 0.506 0.506 0.514 0.514 0.524 0.524 0.529 0.53 0.539 0.546 0.546 0.549 0.555 0.557 0.57 0.572 0.574 0.586 0.599 0.61 0.61 0.618 0.625 0.656 0.66 0.663 0.676 0.691 0.702 0.716 0.729 0.729 0.752 0.76 0.763 0.784 0.801 0.811 0.834 0.858 0.874 0.9 0.923 0.931 0.931 0.932 0.932 0.931 0.93 0.929 0.92 0.919 0.916 0.916 0.914 0.912 0.914 0.917 0.912 0.906 0.911 0.911 0.911 0.911 0.913 0.913 0.907 0.905 0.907 0.905 0.907 0.907 0.907 0.906 0.906 0.902 0.9 0.899 0.899 0.898 0.898 0.898 0.903 0.904 0.904 0.903 0.9 0.9 0.9 0.903 0.903 0.903 0.902 0.902 0.9 0.902 0.904 0.906 0.906 0.907 0.907 0.907 0.905 0.905 0.905 0.909 0.909 0.909 0.909 0.909 0.909 0.909 0.909 0.91 0.913 0.913 0.909 0.913 0.913 0.921 0.922 0.924 0.922 0.923 0.924 0.924 0.924 0.927 0.928 0.928 0.934 0.934 0.936 0.937 0.938 0.938 0.939 0.94 0.944 0.948 0.955 0.95 0.95 0.95 0.95 0.95 0.951 0.953 0.964 0.968 0.97 0.973 0.976 0.977 0.98 0.981 0.981 0.985 0.994 0.995 0.995 1 1 1.009 1.01 1.011 1.013 1.016 1.018 1.022 1.023 1.035 1.036 1.037 1.039 1.044 1.045 1.045 1.044 0.741 0.739 0.726 0.726 0.726 0.726 0.726 0.726 0.716 0.708 0.682 0.677 0.676 0.665 0.66 0.659 0.654 0.647 0.636 0.626 0.624 0.623 0.623 0.623 0.623 0.623 0.623 0.622 0.622 0.618 0.612 0.588 0.582 0.582 0.58 0.571 0.571 0.57 0.57 0.57 0.574 0.574 0.574 0.569 0.544 0.544 0.544 0.544 0.536 0.536 0.535 0.529 0.524 0.524 0.529 0.53 0.53 0.538 0.538 0.525 0.525 0.519 0.517 0.516 0.504 0.495 0.495 0.491 0.491 0.491 0.491 0.491 0.49 0.486 0.485 0.482 0.482 0.481 0.477 0.478 0.477 0.477 0.477 0.476 0.472 0.473 0.472 0.471 0.466 0.465 0.461 0.461 0.457 0.457 0.457 0.464 0.476 0.476 0.477 0.477 0.47 0.469 0.468 0.465 0.463 0.461 0.443 0.443 0.439 0.443 0.443 0.439 0.437 0.437 0.436 0.436 0.436 0.435 0.435 0.435 0.435 0.435 0.435 0.433 0.433 0.433 0.433 0.434 0.434 0.434 0.421 0.419 0.419 0.419 0.419 0.419 0.42 0.423 0.423 0.422 0.422 0.422 0.416 0.414 0.416 0.42 0.42 0.422 0.422 0.422 0.422 0.423 0.422 0.422 0.423 0.422 0.422 0.424 0.43 0.426 0.43 0.427 0.43 0.43 0.431 0.431 0.432 0.432 0.433 0.433 0.433 0.432 0.431 0.431 0.431 0.426 0.422 0.419 0.419 0.418 0.418 0.418 0.418 0.417 0.419 0.418 0.419 0.418 
1 1 1 1 1 1 1 1 1 1 1 1 1 1 1 1 1 1 1 1 1 1 1 1 1 1 1 1 1 1 1 1 1 1 1 1 1 1 1 1 1 1 1 1 1 1 1 1 1 1 1 1 1 1 1 1 1 1 1 1 1 1 1 1 1 1 1 1 1 1 1 1 1 1 1 1 1 1 1 1 1 1 1 1 1 1 1 1 1 1 1 1 1 1 1 1 1 1 1 1 1 1 1 1 1 1 1 1 1 1 1 1 1 1 1 1 1 1 1 1 1 1 1 1 1 1 1 1 1 1 1 1 1 1 1 1 1 1 1 1 1 1 1 1 1 1 1 1 1 1 1 1 1 1 1 1 1 1 1 1 1 1 1 1 1 1 1 1 1 1 1 1 1 1 1 1 1 1 1 1 1 1 1 1 1 1 1 1 1 1 1 1 1 1 1 1 1 1 1 1 1 1 1 1 1 1 1 1 1 1 1 1 1 1 1 1 1 1 1 1 1 1 1 1 1 1 1 1 1 1 1 1 1 1 1 1 1 1 1 1 1 1 1 1 1 1 1 1 1 1 1 1 1 1 1 1 1 1 1 1 1 1 1 1 1 1 1 1 1 1 1 1 1 1 1 1 1 1 1 1 1 1 1 1 1 1 1 1 1 1 1 1 1 1 1 1 1 1 1 1 1 1 1 1 1 1 1 1 1 1 1 1 1 1 1 1 1 1 1 1 1 1 1 1 1 1 1 1 1 1 1 1 1 1 1 1 1 1 1 1 1 1 1 1 1 1 1 1 1 1 1 1 1 1 1 1 1 1 1 1 1 1 1 1 1 1 1 1 1 1 1 1 1 1 1 1 1 1 1 1 1 1 1 1 1 1 1 1 1 1 1 1 1 1 1 1 1 1 1 1 1 1 1 1 1 1 1 1 1 1 1 1 1 1 1 1 1 1 1 1 1 1 1 1 1 1 1 1 1 1 1 1 1 1 1 1 1 1 1 1 1 1 1 1 1 1 1 1 1 1 1 1 1 1 1 1 1 1 1 1 1 1 1 1 1 1 1 1 1 1 1 1 1 1 1 1 1 1 1 1 1 1 1 1 1 1 1 1 1 1 1 1 1 1 1 1 1 1 1 1 1 1 1 1 1 1 1 1 1 1 1 1 1 1 1 1 1 1 1 1 1 1 1 1 1 1 1 1 1 1 1 1 1 1 1 1 1 1 1 1 1 1 1 1 1 1 1 1 1 1 1 1 1 1 1 1 1 1 1 1 1 1 1 1 1 1 1 1 1 1 1 1 1 1 1 1 1 1 1 1 1 1 1 1 1 1 1 1 1 1 1 1 1 1 1 1 1 1 1 1 1 1 1 1 1 1 1 1 1 1 1 1 1 1 1 1 1 1 1 1 1 1 1 1 1 1 1 1 1 1 1 1 1 1 1 1 1 1 1 1 1 1 1 1 1 1 1 1 1 1 1 1 1 1 1 1 1 1 1 1 1 1 1 1 1 1 1 1 1 1 1 1 1 1 1 1 1 1 1 1 1 1 
