# This file contains a 2D laser scan observation. 
# Its format is: 
# [aperture] [max_range] [number_of_scans] 
# [vector_of_scans] 
# [vector_of_valid_scans] 
# The aperture of the sensor is in radians, the maximum range 
# and measurements are in meters. '1' means a valid scan, '0' otherwise.
4.1847
5.6
682
0.994 0.994 0.994 0.994 0.995 0.993 0.992 0.984 0.916 0.74 0.625 0.586 0.571 0.551 0.533 0.532 0.529 0.528 0.517 0.514 0.513 0.512 0.512 0.505 0.505 0.505 0.507 0.507 0.508 0.507 0.507 0.506 0.501 0.501 0.499 0.498 0.498 0.498 0.499 0.503 0.503 0.5 0.503 0.503 0.503 0.504 0.504 0.504 0.504 0.504 0.498 0.505 0.502 0.499 0.502 0.502 0.502 0.502 0.504 0.504 0.506 0.506 0.508 0.512 0.515 0.515 0.516 0.516 0.517 0.517 0.52 0.522 0.527 0.522 0.531 0.531 0.531 0.531 0.531 0.532 0.536 0.54 0.546 0.551 0.553 0.555 0.559 0.561 0.57 0.576 0.582 0.634 1.074 1.074 1.074 1.065 1.057 1.045 1.04 1.03 1.023 1.022 1.007 0.996 0.988 0.988 0.968 0.963 0.962 0.952 0.944 0.936 0.93 0.927 0.925 0.919 0.903 0.899 0.899 0.895 0.891 0.88 0.873 0.871 0.867 0.861 0.855 0.851 0.843 0.841 0.837 0.825 0.825 0.823 0.822 0.814 0.814 0.807 0.798 0.797 0.797 0.791 0.786 0.786 0.783 0.778 0.769 0.767 0.766 0.765 0.763 0.763 0.756 0.753 0.75 0.748 0.744 0.744 0.735 0.731 0.726 0.723 0.723 0.72 0.719 0.718 0.714 0.708 0.708 0.705 0.7 0.7 0.699 0.699 0.695 0.695 0.694 0.685 0.681 0.68 0.68 0.68 0.679 0.679 0.677 0.675 0.673 0.673 0.666 0.665 0.666 0.665 0.665 0.665 0.665 0.661 0.66 0.655 0.654 0.652 0.652 0.652 0.65 0.65 0.645 0.645 0.644 0.644 0.644 0.644 0.642 0.641 0.641 0.641 0.64 0.636 0.636 0.635 0.632 0.632 0.632 0.632 0.632 0.632 0.628 0.628 0.628 0.627 0.627 0.626 0.627 0.627 0.626 0.626 0.627 0.628 0.626 0.625 0.627 0.624 0.624 0.614 0.618 0.618 0.615 0.617 0.617 0.617 0.617 0.618 0.618 0.621 0.621 0.618 0.623 0.626 0.628 0.628 0.629 0.629 0.629 0.626 0.624 0.62 0.619 0.62 0.62 0.614 0.614 0.62 0.615 0.62 0.622 0.622 0.622 0.624 0.625 0.624 0.624 0.625 0.625 0.625 0.625 0.626 0.628 0.626 0.627 0.628 0.628 0.629 0.63 0.637 0.637 0.636 0.636 0.635 0.635 0.635 0.635 0.641 0.641 0.641 0.644 0.646 0.646 0.646 0.646 0.648 0.652 0.652 0.654 0.655 0.654 0.655 0.655 0.658 0.662 0.663 0.663 0.672 0.673 0.673 0.673 0.675 0.676 0.674 0.676 0.676 0.676 0.676 0.677 0.684 0.687 0.687 0.687 0.689 0.695 0.695 0.699 0.7 0.702 0.705 0.706 0.707 0.711 0.712 0.733 1.51 1.531 1.531 1.531 1.52 1.485 1.485 1.426 1.426 1.364 4.215 1.302 4.215 0.007 0 1.367 1.367 1.359 1.353 1.328 1.318 1.306 1.298 1.283 1.274 1.273 1.262 1.256 1.241 1.238 1.23 1.214 1.205 1.204 1.192 1.191 1.179 1.174 1.173 1.161 1.161 1.149 1.129 0.429 0.416 0.414 0.402 0.401 0.392 0.392 0.388 0.383 0.382 0.374 0.37 0.37 0.366 0.362 0.357 0.361 0.352 0.351 0.352 0.352 0.35 0.35 0.344 0.342 0.342 0.341 0.34 0.339 0.339 0.337 0.337 0.335 0.333 0.332 0.331 0.331 0.331 0.327 0.322 0.322 0.322 0.322 0.321 0.324 0.322 0.321 0.322 0.322 0.322 0.327 0.327 0.326 0.326 0.321 0.32 0.314 0.313 0.313 0.313 0.313 0.316 0.32 0.32 0.32 0.32 0.32 0.32 0.32 0.32 0.32 0.319 0.319 0.319 0.319 0.319 0.322 0.323 0.322 0.322 0.316 0.316 0.313 0.316 0.313 0.317 0.317 0.319 0.321 0.323 0.323 0.323 0.322 0.322 0.322 0.322 0.322 0.32 0.32 0.32 0.324 0.324 0.325 0.327 0.336 0.337 0.337 0.337 0.341 0.344 0.353 0.379 0.41 0.428 0.469 0.554 0.629 0.837 0.849 0.85 0.85 0.85 0.852 0.852 0.852 0.847 0.847 0.847 0.845 0.845 0.843 0.842 0.845 0.842 0.842 0.85 0.85 0.842 0.845 0.845 0.845 0.851 0.852 0.852 0.853 0.852 0.852 0.85 0.85 0.85 0.852 0.85 0.854 0.856 0.861 0.863 0.864 0.864 0.864 0.864 0.864 0.864 0.867 0.867 0.867 0.868 0.874 0.874 0.874 0.874 0.875 0.877 0.88 0.882 0.882 0.887 0.892 0.894 0.894 0.894 0.897 0.897 0.898 0.903 0.907 0.91 0.91 0.911 0.912 0.913 0.917 0.917 0.92 0.92 0.921 0.931 0.933 0.933 0.933 0.933 0.938 0.947 0.952 0.954 0.954 0.96 0.958 0.96 0.964 0.966 0.972 0.973 0.983 0.983 0.988 0.989 0.991 0.996 0.996 1.01 1.015 1.02 1.026 1.026 1.028 1.031 1.036 1.037 1.044 1.051 1.054 1.067 1.079 1.081 1.083 1.084 1.095 1.097 1.103 1.105 1.109 1.118 1.122 1.134 1.14 1.141 1.152 1.157 1.164 1.181 1.181 1.188 1.199 1.2 1.204 1.204 1.204 0.844 0.837 0.834 0.83 0.83 0.83 0.829 0.829 0.829 0.823 0.816 0.794 0.792 0.788 0.782 0.782 0.781 0.777 0.772 0.774 0.772 0.767 0.76 0.756 0.752 0.752 0.752 0.758 0.758 0.758 0.749 0.748 0.747 0.743 0.728 
1 1 1 1 1 1 1 1 1 1 1 1 1 1 1 1 1 1 1 1 1 1 1 1 1 1 1 1 1 1 1 1 1 1 1 1 1 1 1 1 1 1 1 1 1 1 1 1 1 1 1 1 1 1 1 1 1 1 1 1 1 1 1 1 1 1 1 1 1 1 1 1 1 1 1 1 1 1 1 1 1 1 1 1 1 1 1 1 1 1 1 1 1 1 1 1 1 1 1 1 1 1 1 1 1 1 1 1 1 1 1 1 1 1 1 1 1 1 1 1 1 1 1 1 1 1 1 1 1 1 1 1 1 1 1 1 1 1 1 1 1 1 1 1 1 1 1 1 1 1 1 1 1 1 1 1 1 1 1 1 1 1 1 1 1 1 1 1 1 1 1 1 1 1 1 1 1 1 1 1 1 1 1 1 1 1 1 1 1 1 1 1 1 1 1 1 1 1 1 1 1 1 1 1 1 1 1 1 1 1 1 1 1 1 1 1 1 1 1 1 1 1 1 1 1 1 1 1 1 1 1 1 1 1 1 1 1 1 1 1 1 1 1 1 1 1 1 1 1 1 1 1 1 1 1 1 1 1 1 1 1 1 1 1 1 1 1 1 1 1 1 1 1 1 1 1 1 1 1 1 1 1 1 1 1 1 1 1 1 1 1 1 1 1 1 1 1 1 1 1 1 1 1 1 1 1 1 1 1 1 1 1 1 1 1 1 1 1 1 1 1 1 1 1 1 1 1 1 1 1 1 1 1 1 1 1 1 1 1 1 1 1 1 1 1 1 1 1 1 1 1 1 1 1 1 1 1 1 1 1 0 0 1 1 1 1 1 1 1 1 1 1 1 1 1 1 1 1 1 1 1 1 1 1 1 1 1 1 1 1 1 1 1 1 1 1 1 1 1 1 1 1 1 1 1 1 1 1 1 1 1 1 1 1 1 1 1 1 1 1 1 1 1 1 1 1 1 1 1 1 1 1 1 1 1 1 1 1 1 1 1 1 1 1 1 1 1 1 1 1 1 1 1 1 1 1 1 1 1 1 1 1 1 1 1 1 1 1 1 1 1 1 1 1 1 1 1 1 1 1 1 1 1 1 1 1 1 1 1 1 1 1 1 1 1 1 1 1 1 1 1 1 1 1 1 1 1 1 1 1 1 1 1 1 1 1 1 1 1 1 1 1 1 1 1 1 1 1 1 1 1 1 1 1 1 1 1 1 1 1 1 1 1 1 1 1 1 1 1 1 1 1 1 1 1 1 1 1 1 1 1 1 1 1 1 1 1 1 1 1 1 1 1 1 1 1 1 1 1 1 1 1 1 1 1 1 1 1 1 1 1 1 1 1 1 1 1 1 1 1 1 1 1 1 1 1 1 1 1 1 1 1 1 1 1 1 1 1 1 1 1 1 1 1 1 1 1 1 1 1 1 1 1 1 1 1 1 1 1 1 1 1 1 1 1 1 1 1 1 1 1 1 1 1 1 1 1 1 1 1 1 1 1 1 1 1 1 1 1 1 1 1 1 1 1 1 1 1 1 1 1 1 
